0.029755,-0.012665,4.9109
0.029602,-0.012207,4.9121
0.032959,-0.010223,4.8962
0.033417,-0.007782,4.9109
0.034943,-0.005188,4.9097
0.037231,-0.0027466,4.9072
0.040894,-0.0013733,4.9133
0.041656,0.00061035,4.9097
0.042267,0.0016785,4.9084
0.041046,0.0028992,4.9133
0.038605,0.0030518,4.9109
0.035095,0.0033569,4.9133
0.031281,0.0028992,4.9182
0.028076,0.0018311,4.9194
0.023651,0.00045776,4.9158
0.019989,-0.002594,4.9231
0.015259,-0.0048828,4.9219
0.010834,-0.0082397,4.9304
0.0053406,-0.011139,4.9268
0.0019836,-0.012665,4.9304
0.00015259,-0.013123,4.9292
0.00045776,-0.01236,4.9304
0.0018311,-0.012207,4.9304
0.002594,-0.012054,4.9316
0.0048828,-0.014191,4.9402
0.0068665,-0.013123,4.9353
0.0094604,-0.013275,4.9365
0.012207,-0.01236,4.9304
0.015717,-0.010376,4.9292
0.018463,-0.0064087,4.9341
0.022125,-0.0047302,4.9329
0.02655,-0.0021362,4.9353
0.030365,0.00076294,4.9353
0.03479,0.0028992,4.9329
0.03891,0.005188,4.9304
0.041656,0.0085449,4.928
0.043945,0.010986,4.9268
0.045471,0.015411,4.9231
0.046997,0.01709,4.9243
0.046387,0.018768,4.9231
0.042572,0.020294,4.9255
0.043335,0.022583,4.9158
0.041046,0.026398,4.9243
0.039063,0.03006,4.9219
0.036926,0.032043,4.9158
0.036316,0.032196,4.9194
0.034332,0.031586,4.9158
0.031586,0.031281,4.8962
0.029144,0.029907,4.9097
0.026855,0.03006,4.917
0.024567,0.029297,4.9097
0.02243,0.024414,4.9109
0.019989,0.025787,4.906
0.018463,0.024567,4.9109
0.014343,0.026093,4.9084
0.011749,0.028992,4.9121
0.0083923,0.031738,4.9121
0.0045776,0.032196,2.6221
0.0035095,0.029755,0.041504
0.0015259,0.025787,0.046387
0.0028992,0.019989,0.059814
0.0041199,0.017548,0.048828
0.004425,0.011749,0.057373
0.0036621,0.0076294,0.054932
0.0022888,0.0036621,0.040283
0.002594,-0.00015259,0.054932
-0.00030518,-0.0016785,0.056152
0.0019836,-0.0010681,0.061035
0.0021362,0.00015259,0.065918
0.00091553,0.0021362,0.059814
0.0022888,0.002594,0.062256
0.0019836,0.0036621,0.062256
0.0056458,0.0050354,0.064697
0.011292,0.0061035,0.058594
0.01709,0.0074768,0.065918
0.024109,0.0074768,0.062256
0.028687,0.0079346,0.065918
0.030823,0.0064087,0.074463
0.031281,0.005188,0.067139
0.029449,0.0047302,0.067139
0.027313,0.0042725,0.065918
0.024872,0.0050354,0.076904
0.023346,0.005188,0.059814
0.02182,0.0039673,0.039063
0.019684,0.0041199,0.057373
0.020142,0.0032043,0.05249
0.019073,0.004425,0.05127
0.019836,0.0054932,0.05127
0.020447,0.0054932,0.047607
0.020447,0.0064087,0.050049
0.019836,0.0053406,0.045166
0.017242,0.0050354,0.048828
0.015411,0.0028992,0.043945
0.012512,0.00076294,0.043945
0.011444,-0.0010681,0.041504
0.0097656,-0.0022888,0.042725
0.014343,-0.002594,0.048828
0.013885,-0.0022888,0.040283
0.01709,-0.002594,0.047607
0.019836,-0.0032043,0.039063
0.023346,-0.0048828,0.028076
0.026093,-0.0068665,0.041504
0.027924,-0.0079346,0.039063
0.030518,-0.0093079,0.037842
0.030365,-0.0088501,0.040283
0.030823,-0.0074768,0.037842
0.029755,-0.0062561,0.042725
0.028534,-0.0033569,0.041504
0.029144,-0.0027466,0.048828
0.026398,-0.0024414,0.045166
0.024872,-0.004425,0.057373
0.023346,-0.005188,0.053711
0.024719,-0.0050354,0.057373
0.02533,-0.0035095,0.057373
0.025635,-0.0021362,0.061035
0.025787,-0.0032043,0.061035
0.025177,-0.005188,0.061035
0.025482,-0.0099182,0.070801
0.026093,-0.014191,0.064697
0.026093,-0.014954,0.050049
0.024414,-0.01358,0.057373
0.021973,-0.010834,0.059814
0.019989,-0.0071716,0.062256
0.0177,-0.0048828,0.063477
0.018311,-0.0057983,0.059814
0.018616,-0.0036621,0.067139
0.019226,-0.0057983,0.064697
0.019531,-0.004425,0.064697
0.019989,-0.0010681,0.062256
0.02121,0.0024414,0.067139
0.022888,0.0056458,0.058594
0.024719,0.0054932,0.064697
0.02655,0.0033569,0.06958
0.027466,0.00045776,0.053711
0.026398,-0.0010681,0.050049
0.024719,-0.0027466,1.4258
0.023193,-0.0038147,4.696
0.02182,-0.0039673,4.9011
0.022278,-0.0036621,4.9097
0.022583,-0.0042725,4.9158
0.02594,-0.0054932,4.9109
0.024261,-0.0080872,4.9097
0.026398,-0.010681,4.9158
0.027466,-0.01297,4.9146
0.027771,-0.011597,4.9072
0.028381,-0.011139,4.906
0.030975,-0.011444,4.9121
0.032043,-0.012207,4.9097
0.033722,-0.01358,4.9158
0.035858,-0.013123,4.9048
0.037689,-0.013733,4.906
0.040588,-0.012054,4.9146
0.041351,-0.011139,4.9109
0.040436,-0.010681,4.917
0.038605,-0.011597,4.9121
0.037994,-0.01236,4.9048
0.037689,-0.012054,4.917
0.0383,-0.010071,4.9194
0.037689,-0.0071716,4.917
0.036316,-0.0048828,4.9219
0.032959,-0.0036621,4.9231
0.03006,-0.0022888,4.928
0.028229,-0.0030518,4.9231
0.03006,-0.00091553,4.9329
0.031281,0.0019836,4.928
0.033112,0.0028992,4.9304
0.032959,0.0042725,4.9304
0.031433,0.0036621,4.9341
0.029755,0.0021362,4.9219
0.027313,-0.00061035,4.9329
0.026703,-0.00091553,4.9316
0.026855,-0.00015259,4.9329
0.027161,0.00091553,4.9377
0.025787,0.0024414,4.9365
0.024567,0.0022888,4.9316
0.022125,0.00076294,4.9341
0.020599,-0.0036621,4.9329
0.018768,-0.0067139,4.9329
0.018463,-0.0091553,4.9304
0.017548,-0.0094604,4.9243
0.014954,-0.0086975,4.9292
0.011597,-0.0076294,4.9207
0.0086975,-0.0079346,4.9219
0.007019,-0.0080872,4.9207
0.0057983,-0.0083923,4.9255
0.0067139,-0.0068665,4.9158
0.0073242,-0.0033569,4.9194
0.0090027,0,4.9329
0.010529,0.00076294,4.9182
0.011597,0.00015259,4.9219
0.012817,0.00015259,4.9121
0.013733,-0.00091553,4.9011
0.015717,-0.0012207,4.9097
0.0177,-0.0021362,4.9158
0.018921,0.0018311,4.9072
0.019073,0.0036621,4.9121
0.019226,0.0036621,4.9048
0.019379,0.0053406,4.9121
0.018616,0.0067139,4.9097
0.017853,0.0074768,4.9084
0.017242,0.0079346,4.9109
0.018158,0.010834,4.9146
0.018921,0.013275,4.9121
0.020905,0.014191,4.9158
0.021515,0.014801,4.9243
0.023193,0.013885,4.9182
0.021515,0.010986,4.917
0.024261,0.0086975,4.9109
0.027313,0.0071716,0.05249
0.028992,0.0080872,0.056152
0.029907,0.0088501,0.062256
0.029297,0.0094604,0.058594
0.027618,0.010071,0.063477
0.024719,0.0082397,0.058594
0.023041,0.005188,0.063477
0.023499,0.0019836,0.062256
0.024872,-0.0018311,0.061035
0.026398,-0.0018311,0.058594
0.02655,-0.0019836,0.064697
0.027466,-0.00091553,0.059814
0.027161,0.00015259,0.065918
0.027008,0.00015259,0.067139
0.030365,0.0016785,0.070801
0.033875,0.0035095,0.074463
0.037842,0.0041199,0.064697
0.039825,0.007782,0.06958
0.041046,0.0099182,0.058594
0.039368,0.011749,0.048828
0.037842,0.011902,0.056152
0.037231,0.009613,0.054932
0.036774,0.0088501,0.046387
0.037079,0.0071716,0.050049
0.0354,0.0064087,0.046387
0.032043,0.0059509,0.047607
0.027618,0.0064087,0.045166
0.023499,0.0080872,0.048828
0.020752,0.010223,0.042725
0.020447,0.012512,0.042725
0.020142,0.016174,0.047607
0.019989,0.016327,0.039063
0.019836,0.015717,0.03418
0.019836,0.014343,0.041504
0.020294,0.0091553,0.036621
0.020294,0.0039673,0.040283
0.019379,0.005188,0.032959
0.020447,0.0059509,0.036621
0.022736,0.0067139,0.043945
0.022583,0.0059509,0.037842
0.02182,0.0042725,0.042725
0.019379,0,0.040283
0.017853,-0.0022888,0.0354
0.017548,-0.0021362,0.041504
0.017853,-0.00091553,0.05127
0.016937,0.0032043,0.045166
0.015869,0.0068665,0.053711
0.013885,0.0091553,0.053711
0.01236,0.0099182,0.059814
0.011292,0.0090027,0.05127
0.010834,0.007019,0.063477
0.012817,0.0059509,0.070801
0.014191,0.005188,0.063477
0.014496,0.0071716,0.065918
0.014191,0.0090027,0.062256
0.015869,0.010376,0.045166
0.015869,0.014038,0.059814
0.017242,0.013123,0.061035
0.017548,0.010834,0.059814
0.016479,0.0083923,0.058594
0.0177,0.0064087,0.061035
0.0177,0.0059509,0.068359
0.01709,0.0054932,0.064697
0.015411,0.0047302,0.064697
0.012665,0.0019836,0.059814
0.010223,-0.00045776,0.062256
0.0099182,0.00076294,0.056152
0.010529,0.00091553,0.056152
0.012512,0.002594,0.062256
0.01297,0.0032043,0.05249
0.014496,0.0032043,0.054932
0.014191,0.0038147,0.05127
0.015717,0.002594,0.054932
0.014191,0.0015259,0.045166
0.015106,0.0018311,0.029297
0.014343,0.0042725,0.042725
0.014496,0.0068665,0.043945
0.013123,0.0083923,0.03418
0.013885,0.0085449,4.4141
0.012512,0.0090027,4.8767
0.011902,0.0041199,4.906
0.010986,0.0022888,4.9048
0.0099182,0.00076294,4.9109
0.010223,0.002594,4.9109
0.010681,0.0050354,4.9109
0.010529,0.0030518,4.9097
0.0086975,0.00015259,4.9097
0.0073242,-0.002594,4.917
0.0067139,-0.0033569,4.9133
0.0068665,-0.0015259,4.9182
0.0085449,0.0012207,4.9146
0.0099182,0.0036621,4.9072
0.010834,0.0039673,4.9194
0.010376,0.0033569,4.9182
0.009613,0.00045776,4.9207
0.010223,-0.0033569,4.928
0.011444,-0.0042725,4.9219
0.012665,-0.0048828,4.9243
0.014648,-0.0041199,4.9255
0.014648,-0.005188,4.9329
0.013123,-0.007782,4.9304
0.014038,-0.01236,4.9329
0.014801,-0.016327,4.9316
0.016785,-0.0177,4.9341
0.019531,-0.015259,4.9304
0.019989,-0.011902,4.9329
0.02182,-0.0076294,4.9365
0.021667,-0.0061035,4.9341
0.021515,-0.0048828,4.9414
0.022888,-0.0064087,4.9365
0.024567,-0.0079346,4.9231
0.027008,-0.0074768,4.9329
0.029907,-0.0074768,4.9329
0.031281,-0.0054932,4.9316
0.031738,-0.0033569,4.9316
0.031891,-0.0018311,4.9231
0.030975,-0.0033569,4.9255
0.030212,-0.0012207,4.9231
0.029297,-0.0013733,4.9219
0.028381,-0.0021362,4.9207
0.029449,-0.0015259,4.9194
0.028381,0.00076294,4.9194
0.030365,0.0038147,4.9158
0.031281,0.0033569,4.9231
0.032501,0.0030518,4.917
0.03479,0.0021362,4.9121
0.036469,-0.00015259,4.9133
0.037689,-0.0018311,4.8914
0.037537,-0.0018311,4.8865
0.036011,-0.0012207,4.9097
0.03479,-0.00091553,4.9121
0.033264,-0.0012207,4.9072
0.034027,-0.0021362,4.9097
0.034943,-0.0030518,4.9121
0.03891,-0.0024414,4.917
0.0383,0,4.9121
0.038147,0.0019836,4.9048
0.037079,0.0045776,4.9146
0.036163,0.0048828,4.9121
0.036163,0.0050354,4.9097
0.036316,0.002594,4.9182
0.035858,0.0027466,4.9207
0.034332,0.004425,4.9231
0.032959,0.0083923,4.9255
0.029755,0.012054,4.9329
0.028992,0.012665,4.928
0.027618,0.012512,4.917
0.027313,0.011444,4.9304
0.028839,0.011902,4.928
0.030518,0.013123,0.084229
0.030975,0.015564,0.061035
0.029144,0.016479,0.059814
0.028076,0.014801,0.062256
0.02655,0.012665,0.059814
0.026703,0.009613,0.064697
0.027008,0.0083923,0.059814
0.027313,0.0086975,0.064697
0.026245,0.0097656,0.067139
0.024414,0.010681,0.068359
0.022278,0.011292,0.074463
0.020447,0.0094604,0.065918
0.021362,0.0068665,0.062256
0.022583,0.0048828,0.061035
0.024719,0.0036621,0.056152
0.027313,0.0024414,0.057373
0.028229,0.0013733,0.053711
0.02655,0.00076294,0.050049
0.024567,-0.0010681,0.048828
0.022125,-0.0033569,0.046387
0.020142,-0.0039673,0.047607
0.019531,-0.002594,0.045166
0.019836,-0.0013733,0.050049
0.021057,0.00091553,0.040283
0.02182,0.0036621,0.043945
0.022278,0.0067139,0.046387
0.023041,0.0091553,0.042725
0.024414,0.010071,0.0354
0.026703,0.010681,0.036621
0.028687,0.010376,0.05127
0.030518,0.010681,0.040283
0.03067,0.0097656,0.047607
0.028992,0.0086975,0.042725
0.027313,0.007019,0.031738
0.025635,0.005188,0.036621
0.024414,0.0047302,0.040283
0.023956,0.0047302,0.040283
0.023193,0.0048828,0.0354
0.022583,0.0039673,0.039063
0.020447,0.0027466,0.047607
0.018311,-0.00091553,0.047607
0.016174,-0.0050354,0.05127
0.015259,-0.0080872,0.05127
0.014954,-0.0088501,0.056152
0.014954,-0.0067139,0.057373
0.014801,-0.004425,0.059814
0.014648,-0.0021362,0.073242
0.01236,-0.0016785,0.062256
0.010834,-0.0018311,0.059814
0.010376,-0.0027466,0.061035
0.01236,-0.0028992,0.059814
0.014954,-0.00091553,0.059814
0.018311,0.00045776,0.063477
0.020294,0.0015259,0.059814
0.02121,0.002594,0.063477
0.022888,0.0019836,0.062256
0.025482,0.0016785,0.065918
0.029144,0.0015259,0.061035
0.033417,0.0036621,0.067139
0.03479,0.0015259,0.062256
0.03006,0.0015259,0.061035
0.030975,0.0010681,0.057373
0.027924,0.0021362,0.059814
0.026398,0.0032043,0.056152
0.025177,0.0033569,0.054932
0.026245,0.0018311,0.065918
0.02655,-0.00030518,0.05127
0.025787,-0.0027466,0.062256
0.024872,-0.0032043,0.045166
0.021362,-0.0022888,0.039063
0.019836,0.00045776,0.042725
0.019531,0.0021362,0.042725
0.018921,0.0019836,0.040283
0.023499,-0.00030518,0.039063
0.018005,-0.0039673,0.039063
0.016937,-0.0057983,0.040283
0.01236,-0.0083923,0.037842
0.0086975,-0.0082397,0.040283
0.0082397,-0.007782,0.45166
0.010223,-0.0074768,4.6558
0.012054,-0.0039673,4.8914
0.018005,-0.0093079,4.9109
0.020447,-0.009613,4.906
0.020447,-0.01236,4.9133
0.018768,-0.012054,4.9084
0.017395,-0.010529,4.9097
0.017242,-0.0080872,4.8987
0.018463,-0.0045776,4.917
0.021057,-0.0019836,4.9133
0.021973,-0.0012207,4.917
0.021515,-0.0010681,4.917
0.021515,-0.0018311,4.9255
0.020599,-0.0027466,4.9219
0.022583,-0.0030518,4.9255
0.025482,-0.0027466,4.9304
0.028534,-0.005188,4.9304
0.028992,-0.0065613,4.9329
0.027313,-0.0065613,4.9268
0.024109,-0.007782,4.9329
0.019226,-0.0059509,4.9304
0.015869,-0.0027466,4.9316
0.015717,0.00091553,4.9438
0.0177,0.005188,4.939
0.018768,0.0033569,4.9365
0.018616,0.002594,4.9377
0.015564,0.00091553,4.9182
0.012665,0.00076294,4.9304
0.010376,0.0016785,4.9353
0.009613,0.0032043,4.9329
0.011597,0.0035095,4.9304
0.012207,0.002594,4.928
0.01297,-0.00015259,4.928
0.010681,-0.00076294,4.9231
0.0076294,-0.0010681,4.9255
0.0050354,0.0013733,4.9158
0.0056458,0.0038147,4.9219
0.0086975,0.0071716,4.9182
0.014648,0.007782,4.9194
0.018463,0.0073242,4.9048
0.019226,0.0057983,4.9194
0.02121,0.0041199,4.9194
0.019836,0.0045776,4.9146
0.0177,0.0057983,4.9133
0.016785,0.007782,4.9097
0.016785,0.009613,4.8962
0.014954,0.0094604,4.9133
0.014648,0.007782,4.9121
0.01297,0.0059509,4.9084
0.0099182,0.0042725,4.9109
0.0093079,0.0022888,4.9072
0.0099182,0.00045776,4.9084
0.012512,0.0010681,4.9072
0.014343,-0.00015259,4.9146
0.014648,-0.00091553,4.9109
0.013733,-0.0012207,4.9146
0.011902,-0.0012207,4.9158
0.0088501,-0.0013733,4.9194
0.007782,-0.00015259,4.928
0.0083923,0.0012207,4.9207
0.010376,0.0047302,4.9341
0.012665,0.0053406,4.928
0.014496,0.0071716,4.9207
0.016479,0.0082397,4.9292
0.019989,0.0091553,4.928
0.023041,0.0086975,4.9329
0.02594,0.0076294,4.9255
0.029144,0.0065613,4.9304
0.030975,0.0042725,4.9329
0.029755,0.0018311,4.9292
0.027466,-0.00030518,4.9316
0.026093,-0.0018311,0.061035
0.023804,-0.0018311,0.067139
0.023651,-0.0027466,0.06958
0.023651,-0.0022888,0.068359
0.027618,-0.0028992,0.070801
0.026855,-0.0042725,0.065918
0.027771,-0.0064087,0.065918
0.02594,-0.0061035,0.061035
0.026245,-0.0050354,0.070801
0.025177,-0.0035095,0.057373
0.024109,-0.0022888,0.05249
0.023956,-0.0024414,0.05127
0.02243,-0.002594,0.05127
0.023041,-0.0050354,0.053711
0.021973,-0.0059509,0.047607
0.023193,-0.0061035,0.046387
0.022583,-0.0042725,0.046387
0.025482,-0.0012207,0.042725
0.028229,0.00030518,0.045166
0.030212,-0.00030518,0.041504
0.031586,-0.0032043,0.045166
0.030518,-0.0062561,0.039063
0.028687,-0.0068665,0.041504
0.026093,-0.0054932,0.053711
0.025482,-0.0030518,0.040283
0.026398,-0.0015259,0.046387
0.023499,-0.00030518,0.042725
0.024719,-0.0015259,0.021973
0.023499,-0.0027466,0.036621
0.023956,-0.0012207,0.037842
0.024261,0.00015259,0.039063
0.023651,0.0035095,0.040283
0.022888,0.0054932,0.039063
0.023041,0.0061035,0.045166
0.021667,0.0067139,0.046387
0.02182,0.0041199,0.048828
0.02121,0.0033569,0.05127
0.02182,0.0041199,0.056152
0.023346,0.0062561,0.054932
0.02182,0.0080872,0.056152
0.021515,0.0090027,0.062256
0.020447,0.0090027,0.061035
0.020752,0.0065613,0.059814
0.020142,0.0036621,0.062256
0.019073,-0.00061035,0.074463
0.019073,0.0016785,0.059814
0.018921,0.0028992,0.054932
0.019073,0.004425,0.059814
0.018921,0.0048828,0.058594
0.019684,0.0050354,0.057373
0.020294,0.0053406,0.064697
0.020905,0.005188,0.062256
0.020599,0.0059509,0.06958
0.020142,0.0074768,0.067139
0.019073,0.0068665,0.065918
0.019531,0.0054932,0.061035
0.018921,0.0033569,0.062256
0.019531,0,0.056152
0.018158,-0.0019836,0.057373
0.018921,-0.0038147,0.057373
0.017853,-0.0010681,0.048828
0.016785,0.0013733,0.050049
0.01709,0.0028992,0.047607
0.016785,0.004425,0.037842
0.016632,0.004425,0.045166
0.019684,0.0045776,0.045166
0.020752,0.0050354,0.040283
0.022278,0.0056458,0.042725
0.022736,0.0076294,0.039063
0.023956,0.0091553,0.039063
0.025787,0.010529,0.031738
0.02655,0.0085449,0.040283
0.027771,0.0088501,0.039063
0.027924,0.007019,0.040283
0.027313,0.0048828,0.040283
0.027618,0.0045776,0.040283
0.026093,0.0050354,0.036621
0.02594,0.0047302,0.042725
0.026093,0.002594,3.2788
0.027313,-0.002594,4.8108
0.028534,-0.0053406,4.9084
0.029755,-0.0074768,4.9121
0.028381,-0.0065613,4.9048
0.027313,-0.0038147,4.9158
0.02594,-0.0021362,4.9158
0.024261,-0.0021362,4.9255
0.022583,-0.0041199,4.9243
0.023346,-0.0050354,4.9207
0.023193,-0.0041199,4.9329
0.024261,-0.00076294,4.9292
0.026855,0.002594,4.9353
0.027618,0.0082397,4.9316
0.029755,0.0074768,4.9365
0.030212,0.0059509,4.9304
0.031128,0.0048828,4.9329
0.032043,0.0048828,4.9414
0.033722,0.0039673,4.9341
0.029755,0.0024414,4.9341
0.027618,0.0021362,4.9377
0.025635,-0.00045776,4.939
0.024261,-0.0033569,4.9316
0.023499,-0.004425,4.9353
0.025635,-0.0038147,4.9329
0.027466,-0.0039673,4.9304
0.027771,-0.0032043,4.9268
0.028381,-0.0015259,4.9292
0.028534,0.0018311,4.9255
0.026855,0.0033569,4.9255
0.02533,0.0065613,4.9194
0.023346,0.0057983,4.9207
0.020905,0.0041199,4.917
0.019531,0.0019836,4.9207
0.014343,0.00076294,4.9194
0.013428,0.0016785,4.9121
0.014191,0.0041199,4.9219
0.015259,0.0047302,4.9146
0.016479,0.0028992,4.9243
0.016479,0.00045776,4.9097
0.016022,-0.0041199,4.9011
0.014038,-0.0059509,4.9133
0.01297,-0.0048828,4.9097
0.0088501,-0.0021362,4.9084
0.0065613,0.0016785,4.9097
0.0093079,0.0012207,4.9084
0.0091553,0.0022888,4.9072
0.0091553,0.0028992,4.9097
0.010071,0.0033569,4.9109
0.011139,0.0035095,4.9097
0.012665,0.0045776,4.9146
0.014343,0.0053406,4.9182
0.015411,0.0059509,4.9194
0.016785,0.0068665,4.9231
0.017395,0.0074768,4.9207
0.018463,0.0071716,4.9243
0.017548,0.0067139,4.9231
0.016022,0.0039673,4.928
0.015411,0.0024414,4.9292
0.012054,0.0013733,4.9329
0.010834,0.0010681,4.9268
0.0094604,0.0022888,4.9304
0.0099182,0.0047302,4.9304
0.0093079,0.0054932,4.9316
0.010529,0.0059509,4.9292
0.011597,0.0064087,4.9353
0.014496,0.0067139,4.9292
0.016174,0.0050354,4.9353
0.016785,0.0041199,4.9341
0.016937,0.002594,4.9377
0.015869,0,4.9329
0.014343,0.0038147,4.9377
0.01236,0.0062561,0.078125
0.011444,0.0038147,0.063477
0.0088501,0.0079346,0.064697
0.007782,0.0068665,0.057373
0.0065613,0.004425,0.039063
0.0065613,0.0027466,0.053711
0.0065613,0.0022888,0.047607
0.0076294,0.0028992,0.050049
0.0076294,0.0036621,0.048828
0.0071716,0.0036621,0.047607
0.0079346,0.0022888,0.05127
0.007782,0.0016785,0.042725
0.007019,0.00091553,0.045166
0.0057983,-0.00076294,0.040283
0.0054932,0.0047302,0.045166
0.0048828,0.007782,0.041504
0.0024414,0.010071,0.039063
0.0033569,0.010071,0.042725
0.0056458,0.007019,0.043945
0.009613,0.0039673,0.037842
0.012817,0.00091553,0.039063
0.015869,0,0.032959
0.01709,0.0018311,0.039063
0.021057,0.0042725,0.031738
0.017853,0.0067139,0.040283
0.018005,0.0080872,0.040283
0.016785,0.0074768,0.039063
0.016479,0.0059509,0.045166
0.015106,0.0032043,0.046387
0.014191,0.0021362,0.05127
0.014038,0.0038147,0.05127
0.013428,0.0042725,0.059814
0.014343,0.0032043,0.053711
0.014801,-0.00061035,0.056152
0.014801,-0.0038147,0.058594
0.015106,-0.0067139,0.064697
0.01358,-0.0074768,0.068359
0.015106,-0.0050354,0.057373
0.013733,-0.004425,0.070801
0.015717,-0.0032043,0.061035
0.017242,-0.0054932,0.050049
0.018921,-0.0067139,0.061035
0.020599,-0.0064087,0.059814
0.021973,-0.0061035,0.063477
0.023499,-0.0035095,0.065918
0.024414,-0.0036621,0.065918
0.024872,-0.0050354,0.063477
0.024261,-0.0057983,0.062256
0.023193,-0.005188,0.065918
0.024109,-0.002594,0.057373
0.024567,0.0013733,0.063477
0.02655,0.0038147,0.059814
0.027924,0.0047302,0.057373
0.028992,0.0038147,0.056152
0.028839,0.0016785,0.054932
0.03067,-0.00030518,0.05249
0.032959,-0.0016785,0.050049
0.035248,-0.0030518,0.05249
0.035095,-0.005188,0.047607
0.034485,-0.0074768,0.036621
0.031128,-0.0093079,0.039063
0.027618,-0.011292,0.042725
0.024109,-0.011139,0.040283
0.021515,-0.0093079,0.039063
0.020752,-0.0059509,0.036621
0.019226,-0.0057983,0.042725
0.018768,-0.0045776,0.036621
0.019531,-0.0054932,0.041504
0.019379,-0.0050354,0.041504
0.019531,-0.0030518,0.037842
0.019379,0,0.039063
0.02121,0.0024414,0.041504
0.022278,0.0035095,0.05249
0.022278,0.0033569,0.041504
0.021973,0.0024414,0.048828
0.021515,0.0016785,0.042725
0.02182,0.0010681,0.030518
0.021667,0.0013733,0.050049
0.02243,0.0024414,4.6057
0.023346,0.0021362,4.8987
0.020752,0.00076294,4.9219
0.021515,0.00030518,4.9231
0.020905,0.00045776,4.928
0.02121,0.002594,4.9304
0.023499,0.0039673,4.9316
0.024261,0.0041199,4.9292
0.025787,0.002594,4.9365
0.023651,-0.00045776,4.9292
0.021057,-0.0027466,4.9316
0.019379,-0.0054932,4.9329
0.015869,-0.004425,4.9304
0.016785,-0.0033569,4.9438
0.015106,-0.0027466,4.9341
0.014801,-0.0019836,4.9475
0.014038,-0.0019836,4.9341
0.014191,-0.0021362,4.9255
0.014801,0.00045776,4.9341
0.016174,0.0024414,4.9304
0.017395,0.0042725,4.928
0.018005,0.0048828,4.9304
0.018311,0.004425,4.9255
0.018768,0.0036621,4.9158
0.021362,0.0036621,4.9207
0.020599,0.0027466,4.9231
0.020294,0.0033569,4.917
0.021057,0.0039673,4.9158
0.020599,0.0064087,4.9194
0.021973,0.0093079,4.9182
0.024872,0.011597,4.9207
0.02655,0.01236,4.917
0.029755,0.011902,4.9121
0.030823,0.0097656,4.9133
0.032043,0.007019,4.8999
0.031891,0.0045776,4.9109
0.031738,0.0022888,4.9097
0.031433,0.0012207,4.9084
0.030975,-0.00061035,4.9097
0.028534,-0.0022888,4.9072
0.026398,-0.004425,4.9109
0.023346,-0.0067139,4.9048
0.02182,-0.0074768,4.9109
0.021057,-0.0057983,4.9097
0.020599,-0.0042725,4.9048
0.020142,-0.0053406,4.9207
0.019684,-0.0045776,4.9194
0.022125,-0.005188,4.9158
0.019531,-0.0056458,4.9231
0.020447,-0.0041199,4.9231
0.021667,-0.002594,4.9243
0.023346,0.00045776,4.9365
0.026245,0.0033569,4.928
0.027771,0.0076294,4.9146
0.029297,0.007019,4.928
0.029755,0.0071716,4.9231
0.032349,0.007019,4.9316
0.028076,0.007782,4.9304
0.033569,0.0067139,4.9255
0.035248,0.0061035,4.9329
0.036316,0.0047302,4.9268
0.036163,0.0027466,4.9353
0.035706,0.0016785,4.9316
0.03479,0.00015259,4.939
0.032654,0.0030518,4.9353
0.031128,0.0053406,4.9329
0.029449,0.0071716,4.95
0.030212,0.0099182,4.9341
0.031891,0.010071,4.9304
0.027618,0.010223,4.9316
0.02655,0.010071,4.9146
0.024719,0.0073242,-0.15625
0.02243,0.0050354,0.05249
0.022278,0.0018311,0.050049
0.019684,0.00061035,0.046387
0.018311,0.00076294,0.046387
0.016785,0.00091553,0.047607
0.016022,0.0022888,0.041504
0.013123,-0.00076294,0.043945
0.010223,-0.00045776,0.037842
0.0079346,-0.0036621,0.045166
0.007019,-0.0062561,0.039063
0.007782,-0.007782,0.047607
0.010223,-0.0082397,0.037842
0.011139,-0.0053406,0.041504
0.014496,-0.0047302,0.047607
0.015717,-0.0032043,0.043945
0.015564,-0.002594,0.047607
0.020447,-0.0028992,0.036621
0.021057,-0.0027466,0.030518
0.023041,-0.0016785,0.039063
0.024109,0.0024414,0.041504
0.02533,0.0074768,0.042725
0.029449,0.010986,0.046387
0.026855,0.011902,0.043945
0.027466,0.01236,0.048828
0.028534,0.011444,0.05127
0.028839,0.010071,0.053711
0.029602,0.0091553,0.05127
0.030212,0.0093079,0.061035
0.029755,0.0094604,0.063477
0.026703,0.0074768,0.063477
0.024872,0.0056458,0.073242
0.02121,0.0027466,0.063477
0.018311,-0.00015259,0.061035
0.014801,-0.0018311,0.062256
0.011292,-0.0018311,0.065918
0.0090027,0,0.061035
0.0054932,0.0021362,0.063477
0.0027466,0.0041199,0.064697
-0.0019836,0.0050354,0.065918
0.0013733,0.0048828,0.065918
0.0016785,0.0047302,0.067139
0.0024414,0.0035095,0.063477
0.0038147,0.0035095,0.065918
0.0038147,0.0030518,0.058594
0.0039673,0.0015259,0.061035
0.0048828,0.00061035,0.057373
0.0047302,-0.00030518,0.058594
0.0033569,-0.00076294,0.048828
0.0039673,0.00030518,0.05249
0.0050354,0.0015259,0.064697
0.0071716,0.0039673,0.050049
0.0074768,0.0056458,0.054932
0.0093079,0.0061035,0.045166
0.0097656,0.0048828,0.032959
0.011902,-0.00015259,0.041504
0.01297,0.00076294,0.042725
0.014801,0.00015259,0.041504
0.016785,0.0013733,0.041504
0.017548,0.0032043,0.036621
0.018768,0.0045776,0.040283
0.017853,0.007782,0.039063
0.017548,0.0056458,0.039063
0.015411,0.0036621,0.037842
0.016174,0.0015259,0.043945
0.016022,0.0024414,0.040283
0.016937,0.0036621,0.041504
0.0177,0.0053406,0.048828
0.018311,0.0062561,0.041504
0.018311,0.0054932,0.039063
0.017853,0.0032043,0.037842
0.016785,0.0024414,0.042725
0.015411,0,0.048828
0.014191,-0.00015259,0.05127
0.011749,-0.0010681,0.050049
0.010529,-0.0019836,0.053711
0.007019,-0.0036621,0.053711
0.0083923,-0.0068665,0.059814
0.0094604,-0.009613,1.5283
0.011902,-0.010223,4.7327
0.015259,-0.010223,4.9109
0.017242,-0.0079346,4.9268
0.018921,-0.0059509,4.9292
0.020294,-0.0047302,4.9316
0.021057,-0.004425,4.9292
0.02243,-0.0039673,4.9341
0.02243,-0.0032043,4.9426
0.025177,-0.0022888,4.939
0.026855,-0.0021362,4.939
0.028381,-0.0036621,4.9353
0.032654,-0.0045776,4.9231
0.029449,-0.0061035,4.9316
0.030518,-0.0053406,4.9304
0.031586,-0.0053406,4.9255
0.032196,-0.0054932,4.928
0.032196,-0.0065613,4.9255
0.03006,-0.0079346,4.9255
0.027618,-0.0076294,4.9207
0.024872,-0.0073242,4.9219
0.023499,-0.0062561,4.917
0.023041,-0.0054932,4.9146
0.023651,-0.0056458,4.9231
0.024414,-0.0065613,4.9121
0.024414,-0.0067139,4.9146
0.023193,-0.0059509,4.9133
0.023956,-0.0032043,4.9158
0.023499,-0.00015259,4.9133
0.022583,0.0013733,4.9146
0.022736,0.00045776,4.9109
0.022278,-0.00076294,4.9158
0.022125,-0.0016785,4.9084
0.021667,-0.0012207,4.9109
0.022278,0.0012207,4.8987
0.023804,0.0030518,4.9084
0.025177,0.0050354,4.9048
0.027008,0.0035095,4.9109
0.027924,0,4.9097
0.028076,0.00015259,4.9158
0.02655,0.002594,4.9146
0.024567,0.0054932,4.9207
0.022736,0.007782,4.917
0.020752,0.0074768,4.9207
0.018463,0.0041199,4.939
0.0177,0.0019836,4.9219
0.018463,0.00076294,4.928
0.019989,0.00091553,4.9304
0.021057,0.0016785,4.9182
0.021667,0.00061035,4.928
0.021667,-0.0021362,4.9292
0.020447,-0.0056458,4.9316
0.020447,-0.0091553,4.9304
0.019836,-0.010681,4.928
0.018921,-0.0093079,4.9329
0.017548,-0.007019,4.9304
0.014648,-0.0038147,4.9329
0.013428,-0.0033569,4.9304
0.013733,-0.002594,4.9365
0.014191,-0.0015259,4.9341
0.016327,-0.0022888,4.9402
0.019226,-0.0018311,4.939
0.023346,-0.0022888,4.9353
0.024261,-0.004425,4.9365
0.02533,-0.0064087,4.9316
0.026398,-0.007019,4.939
0.025635,-0.0068665,4.9231
0.02533,-0.0054932,4.9219
0.024414,-0.0033569,4.9207
0.023956,-0.0018311,4.9182
0.022888,0.00045776,4.9194
0.020752,0.00045776,4.9158
0.020294,-0.00045776,4.9158
0.019989,0.00076294,0.046387
0.019226,0.002594,0.040283
0.024872,0.0033569,0.042725
0.027771,0.0028992,0.039063
0.030823,0.00076294,0.043945
0.031281,-0.002594,0.037842
0.031281,-0.0071716,0.041504
0.029907,-0.010376,0.05127
0.026855,-0.013428,0.039063
0.024567,-0.016327,0.046387
0.020905,-0.0177,0.041504
0.018158,-0.019073,0.029297
0.015259,-0.018768,0.037842
0.01358,-0.016632,0.042725
0.013123,-0.014191,0.03418
0.013885,-0.01236,0.042725
0.016327,-0.009613,0.046387
0.018768,-0.0097656,0.048828
0.022583,-0.0099182,0.050049
0.026245,-0.010071,0.057373
0.028381,-0.0094604,0.05127
0.029602,-0.0094604,0.058594
0.029297,-0.0094604,0.061035
0.028229,-0.010529,0.063477
0.02655,-0.012207,0.062256
0.02533,-0.01358,0.063477
0.024719,-0.01236,0.062256
0.023346,-0.0088501,0.062256
0.02243,-0.0039673,0.072021
0.02243,-0.0013733,0.059814
0.022583,0.00015259,0.05249
0.023956,-0.0010681,0.062256
0.024567,-0.0021362,0.062256
0.02594,-0.0012207,0.065918
0.027313,-0.00045776,0.068359
0.027618,0.0016785,0.061035
0.026703,0.0032043,0.065918
0.027161,0.0041199,0.061035
0.026093,-0.00076294,0.061035
0.023041,0.0018311,0.057373
0.02121,0.0015259,0.058594
0.019226,0.0013733,0.05127
0.017853,0.0018311,0.05249
0.017395,0.0019836,0.062256
0.014496,0.00091553,0.05249
0.013275,-0.0024414,0.045166
0.012054,-0.0038147,0.043945
0.0097656,-0.0057983,0.029297
0.0099182,-0.0057983,0.043945
0.007782,-0.0041199,0.041504
0.0059509,-0.004425,0.041504
0.0038147,-0.0027466,0.041504
0.0019836,-0.0047302,0.037842
0.0012207,-0.010986,0.041504
0.0018311,-0.011139,0.039063
0.0030518,-0.011139,0.040283
0.0048828,-0.0082397,0.037842
0.0064087,-0.0045776,0.041504
0.0076294,0.00030518,0.037842
0.0083923,0.0035095,0.041504
0.0093079,0.0062561,0.041504
0.011597,0.007019,0.041504
0.014191,0.0091553,0.045166
0.016632,0.009613,0.042725
0.0177,0.011139,0.057373
0.019379,0.013733,0.042725
0.018005,0.015564,0.042725
0.018158,0.017853,0.053711
0.019989,0.016174,0.05249
0.02182,0.012054,0.054932
0.021515,0.010529,0.058594
0.020752,0.0091553,0.056152
0.017853,0.0097656,0.062256
0.015411,0.01236,0.059814
0.014648,0.014038,0.062256
0.015717,0.01358,0.058594
0.016785,0.011749,0.061035
0.019379,0.010071,1.5295
0.020905,0.0094604,4.7302
0.021057,0.011292,4.928
0.021057,0.015411,4.9353
0.018158,0.019073,4.9353
0.015717,0.018616,4.9353
0.01297,0.016479,4.939
0.011292,0.014801,4.9353
0.009613,0.012512,4.9316
0.0076294,0.012665,4.9292
0.0039673,0.01236,4.928
0.0050354,0.010529,4.9255
0.0013733,0.0083923,4.9219
0.0019836,0.0061035,4.9194
0.0048828,0.0053406,4.9243
0.0088501,0.007019,4.9146
0.011749,0.0086975,4.9194
0.012054,0.011444,4.9146
0.012512,0.011749,4.9231
0.0097656,0.010834,4.9121
0.0074768,0.0074768,4.9158
0.0094604,0.0033569,4.928
0.011597,0.0015259,4.9146
0.014038,-0.00045776,4.917
0.015411,-0.00030518,4.9097
0.016327,0.0015259,4.8987
0.016937,0.0022888,4.9109
0.018463,0.0021362,4.9109
0.020142,0.004425,4.9097
0.022278,0.0048828,4.9084
0.024261,0.0048828,4.9036
0.025024,0.004425,4.9097
0.023041,0.0050354,4.9109
0.02182,0.0056458,4.9133
0.019836,0.0032043,4.9097
0.019379,0.0021362,4.9194
0.020447,0.0013733,4.9182
0.023041,0.0015259,4.9207
0.024261,0.0022888,4.9304
0.023651,0.0048828,4.9243
0.022736,0.0041199,4.9243
0.021057,0.0035095,4.9292
0.019379,0.0012207,4.9329
0.018158,-0.00076294,4.9292
0.018311,-0.0036621,4.9353
0.018768,-0.004425,4.9304
0.017548,-0.0028992,4.9292
0.016785,0,4.9304
0.016174,0.0018311,4.9341
0.017853,0.0015259,4.9329
0.02121,-0.0018311,4.9316
0.023499,-0.0039673,4.9304
0.025787,-0.0054932,4.9377
0.027466,-0.0048828,4.9329
0.028992,-0.002594,4.9402
0.029907,-0.00061035,4.9341
0.029907,-0.0033569,4.9341
0.03067,-0.0010681,4.9402
0.031128,-0.0022888,4.9304
0.032349,-0.0035095,4.9341
0.034332,-0.0021362,4.9243
0.035248,-0.00061035,4.9121
0.034027,0.00015259,4.9194
0.033875,-0.00015259,4.917
0.032654,-0.0019836,4.9194
0.031433,-0.0050354,4.9182
0.032654,-0.0068665,4.9158
0.032806,-0.0085449,4.9133
0.034027,-0.0086975,4.9121
0.033417,-0.0082397,4.9146
0.031891,-0.0097656,4.906
0.029755,-0.010376,4.9146
0.029602,-0.011139,4.9109
0.029755,-0.010834,4.9146
0.032501,-0.0083923,0.042725
0.031128,-0.0032043,0.040283
0.028381,0.0032043,0.040283
0.024109,0.0082397,0.037842
0.021362,0.010223,0.036621
0.020905,0.0093079,0.040283
0.025177,0.0059509,0.036621
0.029602,0.005188,0.040283
0.032043,0.0048828,0.045166
0.032806,0.0071716,0.043945
0.029907,0.0097656,0.048828
0.027161,0.0083923,0.047607
0.024414,0.0056458,0.054932
0.022583,0.00061035,0.05127
0.02182,-0.0036621,0.058594
0.019531,-0.0054932,0.058594
0.017548,-0.0047302,0.065918
0.014038,-0.0022888,0.058594
0.012817,-0.0010681,0.064697
0.013123,-0.0015259,0.074463
0.014801,-0.0033569,0.061035
0.018158,-0.0048828,0.068359
0.021973,-0.0056458,0.062256
0.024719,-0.0039673,0.043945
0.02594,-0.0018311,0.062256
0.026703,0.00076294,0.067139
0.026245,0.00030518,0.067139
0.02594,-0.0015259,0.067139
0.026245,-0.0024414,0.062256
0.027771,-0.0039673,0.065918
0.028076,-0.0035095,0.062256
0.027771,-0.0030518,0.063477
0.024261,-0.0018311,0.058594
0.024719,-0.0021362,0.056152
0.022278,-0.0030518,0.053711
0.021057,-0.0022888,0.053711
0.02243,-0.0018311,0.057373
0.025482,-0.0015259,0.048828
0.027466,-0.0016785,0.045166
0.02594,-0.0027466,0.043945
0.024719,-0.0035095,0.041504
0.02121,-0.0047302,0.042725
0.019989,-0.0059509,0.042725
0.020752,-0.0071716,0.042725
0.023193,-0.011597,0.039063
0.025024,-0.0091553,0.0354
0.028229,-0.009613,0.03418
0.023651,-0.0068665,0.036621
0.023651,-0.0030518,0.040283
0.023651,-0.00091553,0.036621
0.026398,0.00061035,0.032959
0.028992,-0.00045776,0.030518
0.029907,-0.0022888,0.041504
0.03067,-0.0033569,0.040283
0.026398,-0.0030518,0.042725
0.028076,-0.0016785,0.053711
0.027924,0.00091553,0.045166
0.029144,0.00061035,0.057373
0.031891,-0.00015259,0.041504
0.033875,-0.0022888,0.039063
0.034485,-0.0059509,0.05249
0.034027,-0.0079346,0.054932
0.032654,-0.007019,0.054932
0.030365,-0.0050354,0.057373
0.029602,-0.0036621,0.056152
0.03067,-0.0022888,0.059814
0.031281,-0.0024414,0.059814
0.032349,-0.0048828,0.065918
0.031586,-0.0064087,0.059814
0.029755,-0.0057983,0.059814
0.028687,-0.0054932,0.063477
0.026703,-0.0012207,0.061035
0.02655,-0.00030518,0.067139
0.027008,-0.00030518,0.065918
0.02655,-0.0018311,0.067139
0.02533,-0.0048828,0.068359
0.020142,-0.007782,1.0559
0.015717,-0.0059509,4.7046
0.010529,-0.0035095,4.9194
0.007782,0.00030518,4.9231
0.007019,0.0033569,4.9255
0.01236,0.0050354,4.9219
0.011292,0.0053406,4.9231
0.01297,0.0022888,4.9207
0.014801,0.0048828,4.9231
0.014801,0.005188,4.9182
0.015717,0.0038147,4.9207
0.015564,0.0010681,4.9158
0.016174,-0.0022888,4.917
0.016632,-0.0048828,4.9133
0.015259,-0.0080872,4.9231
0.014343,-0.0080872,4.9219
0.011292,-0.0071716,4.9084
0.0094604,-0.007019,4.9097
0.0083923,-0.0067139,4.9133
0.0093079,-0.0073242,4.8914
0.013275,-0.0079346,4.906
0.013733,-0.0068665,4.9097
0.015106,-0.005188,4.9109
0.014801,0.00061035,4.8962
0.013733,0.005188,4.9097
0.014496,0.010071,4.9121
0.016937,0.010681,4.9084
0.020447,0.0071716,4.9146
0.023193,0.0067139,4.9121
0.023956,0.0047302,4.9182
0.023651,0.0045776,4.9182
0.021515,0.0068665,4.9231
0.019836,0.0085449,4.9231
0.019989,0.0090027,4.9243
0.019379,0.007782,4.9255
0.019989,0.0062561,4.9316
0.019226,0.0035095,4.9463
0.019989,0.0056458,4.9316
0.018616,0.0056458,4.9231
0.016632,0.0068665,4.9316
0.015869,0.0065613,4.9304
0.016632,0.0054932,4.928
0.016479,0.004425,4.9353
0.019531,0.0028992,4.9304
0.020599,0.0012207,4.9329
0.021362,0.00030518,4.9304
0.020294,0.00015259,4.9377
0.019073,0.00091553,4.9146
0.018768,0.0033569,4.939
0.018921,0.0045776,4.9341
0.018921,0.0074768,4.9353
0.018921,0.009613,4.939
0.019836,0.010834,4.9316
0.017242,0.010834,4.9414
0.016022,0.012665,4.9243
0.015869,0.014038,4.9084
0.016937,0.014038,4.9219
0.018158,0.011444,4.9158
0.018768,0.0064087,4.9182
0.02182,-0.00045776,4.9146
0.017242,-0.0035095,4.9158
0.016632,-0.0033569,4.9133
0.016785,0.00045776,4.9109
0.019379,0.0027466,4.9158
0.019989,0.0056458,4.9084
0.023041,0.005188,4.9194
0.023804,0.0036621,4.9158
0.024109,0.0010681,4.9146
0.020142,0.0030518,4.9084
0.018311,0.0057983,4.9133
0.019073,0.0080872,4.9194
0.020294,0.0050354,4.9097
0.020905,0.0033569,4.9194
0.02182,-0.0015259,4.9109
0.02121,-0.007019,0.030518
0.021973,-0.0057983,0.039063
0.02182,-0.0038147,0.043945
0.021362,-0.0019836,0.043945
0.022583,-0.00076294,0.048828
0.022736,-0.0027466,0.048828
0.023193,-0.0057983,0.053711
0.024109,-0.0076294,0.053711
0.023956,-0.0083923,0.059814
0.023041,-0.0068665,0.058594
0.023346,-0.0027466,0.064697
0.024872,0.00015259,0.063477
0.028076,0.0038147,0.068359
0.032349,0.0041199,0.075684
0.037384,0.0041199,0.061035
0.040131,0.0038147,0.061035
0.042419,0.0033569,0.062256
0.042267,0.0035095,0.058594
0.042725,0.0019836,0.062256
0.04364,0.0012207,0.062256
0.043335,-0.00061035,0.063477
0.042267,-0.0032043,0.067139
0.040131,-0.0038147,0.061035
0.036316,-0.0059509,0.063477
0.03418,-0.0053406,0.059814
0.032043,-0.0047302,0.061035
0.032654,-0.0032043,0.054932
0.033417,-0.0015259,0.057373
0.033569,-0.0018311,0.054932
0.032349,-0.0039673,0.05249
0.029755,-0.0064087,0.05127
0.027008,-0.0073242,0.05127
0.023499,-0.007019,0.057373
0.02182,-0.0067139,0.043945
0.021362,-0.0027466,0.058594
0.020599,-0.00015259,0.043945
0.020142,-0.00015259,0.032959
0.020294,-0.00061035,0.040283
0.021667,-0.0016785,0.039063
0.024109,-0.0013733,0.037842
0.02655,0.00015259,0.039063
0.028992,0.0016785,0.037842
0.03006,0.0030518,0.039063
0.03006,0.0021362,0.037842
0.030212,0.00076294,0.046387
0.03067,-0.0024414,0.036621
0.029449,-0.0036621,0.041504
0.028229,-0.002594,0.043945
0.026398,-0.0010681,0.043945
0.02533,0.0010681,0.047607
0.020905,0.0012207,0.047607
0.021057,0.00015259,0.05127
0.019989,-0.0019836,0.048828
0.019836,-0.0047302,0.047607
0.019989,-0.0065613,0.053711
0.019684,-0.0071716,0.05127
0.019226,-0.0059509,0.053711
0.018921,-0.0041199,0.059814
0.018463,-0.0039673,0.058594
0.019073,-0.0054932,0.062256
0.019073,-0.007782,0.057373
0.018616,-0.0062561,0.064697
0.018311,-0.0067139,0.059814
0.017242,-0.0048828,0.062256
0.019379,-0.0027466,0.063477
0.018463,-0.00076294,0.062256
0.018921,-0.0027466,0.063477
0.019989,-0.0045776,0.064697
0.02182,-0.0048828,0.075684
0.023041,-0.0057983,0.065918
0.024567,-0.0061035,0.073242
0.023651,-0.0068665,0.064697
0.023499,-0.0080872,0.046387
0.022278,-0.0082397,0.059814
0.020599,-0.0099182,0.061035
0.019531,-0.010223,0.058594
0.017242,-0.010529,0.047607
0.018768,-0.01236,3.9636
0.019684,-0.012817,4.8596
0.020447,-0.014648,4.9146
0.02182,-0.015564,4.9158
0.023499,-0.014038,4.9146
0.02121,-0.010376,4.9182
0.025024,-0.011902,4.9158
0.025787,-0.0057983,4.9182
0.02655,-0.0054932,4.9158
0.027008,-0.0093079,4.9133
0.026245,-0.012207,4.9097
0.028687,-0.0097656,4.9121
0.029449,-0.0076294,4.9011
0.030823,-0.0030518,4.9072
0.032043,0.0013733,4.9146
0.033417,0.0054932,4.9109
0.03418,-0.00045776,4.9084
0.03418,0.0032043,4.906
0.033569,-0.00061035,4.9097
0.031433,-0.0030518,4.9109
0.026703,-0.0041199,4.9084
0.02655,-0.0028992,4.906
0.025635,-0.0012207,4.9194
0.026093,0.00045776,4.9182
0.025482,0.00091553,4.9243
0.025024,-0.0015259,4.9194
0.025024,-0.0032043,4.9268
0.023956,-0.0047302,4.9316
0.023804,-0.0050354,4.9304
0.023499,-0.0013733,4.9353
0.022278,0.0036621,4.9304
0.02243,0.007782,4.9243
0.021515,0.010834,4.9304
0.021515,0.011597,4.9304
0.021362,0.0094604,4.928
0.023346,0.0056458,4.9304
0.021973,0.0024414,4.9353
0.019226,0.00045776,4.9365
0.016632,0.0019836,4.9329
0.013885,0.0027466,4.9365
0.011749,0.0027466,4.9329
0.0099182,0.0021362,4.9377
0.0090027,-0.004425,4.9255
0.0083923,-0.0042725,4.9341
0.0088501,-0.0045776,4.9329
0.010223,-0.0045776,4.9353
0.007782,-0.0019836,4.9316
0.0076294,-0.00076294,4.9207
0.007019,-0.00015259,4.9329
0.0080872,-0.0013733,4.9207
0.0073242,-0.0015259,4.9255
0.010529,-0.0015259,4.9158
0.011902,-0.0035095,4.9219
0.01358,0.0048828,4.9194
0.014343,0.0053406,4.917
0.016174,0.0059509,4.9121
0.017548,0.0053406,4.9133
0.018616,0.0073242,4.9109
0.019684,0.0085449,4.9146
0.019379,0.012817,4.9109
0.019989,0.016174,4.9158
0.017853,0.017548,4.9097
0.016785,0.01709,4.9121
0.016785,0.014496,4.9146
0.017242,0.012054,4.9109
0.019226,0.010834,4.917
0.020142,0.011139,4.9109
0.023193,0.010681,4.8962
0.022736,0.010071,4.9011
0.024261,0.0082397,4.9109
0.023651,0.0053406,4.9158
0.022888,0.0030518,4.9158
0.022278,0.0045776,4.9158
0.021057,0.0039673,0.054932
0.019226,0.0090027,0.054932
0.016632,0.013123,0.058594
0.014038,0.014954,0.054932
0.01358,0.015106,0.061035
0.013275,0.014496,0.063477
0.014954,0.012665,0.065918
0.017548,0.010681,0.06958
0.019989,0.010223,0.061035
0.021362,0.0085449,0.062256
0.020142,0.0083923,0.063477
0.019073,0.0083923,0.074463
0.017548,0.0079346,0.061035
0.015411,0.0074768,0.067139
0.013733,0.0065613,0.065918
0.010986,0.0047302,0.064697
0.0080872,0.0047302,0.061035
0.0059509,0.0056458,0.067139
0.007019,0.007019,0.062256
0.0085449,0.0074768,0.063477
0.010529,0.0071716,0.057373
0.013428,0.004425,0.057373
0.016022,0.00076294,0.053711
0.016479,-0.002594,0.05127
0.015259,-0.0042725,0.05249
0.016174,-0.0039673,0.05127
0.016174,-0.0021362,0.059814
0.014954,-0.00015259,0.047607
0.013733,0.0022888,0.053711
0.013885,0.0041199,0.042725
0.01297,0.0021362,0.0354
0.014343,0.0022888,0.041504
0.016632,0.0019836,0.037842
0.019989,0.0015259,0.03418
0.023956,0.00061035,0.039063
0.028229,-0.0015259,0.039063
0.031738,-0.0048828,0.0354
0.032806,-0.0061035,0.040283
0.032806,-0.0061035,0.042725
0.028687,-0.0035095,0.036621
0.027313,-0.0018311,0.041504
0.02533,-0.0024414,0.043945
0.023346,-0.0041199,0.041504
0.022583,-0.007019,0.037842
0.018463,-0.0097656,0.045166
0.024414,-0.0085449,0.045166
0.026245,-0.0048828,0.047607
0.027924,-0.0048828,0.053711
0.029907,-0.0036621,0.054932
0.031433,-0.0036621,0.046387
0.033417,-0.0033569,0.05127
0.034637,-0.0024414,0.058594
0.035706,-0.0015259,0.056152
0.0354,-0.00061035,0.058594
0.034332,-0.0012207,0.057373
0.032959,-0.0027466,0.062256
0.032806,-0.0030518,0.061035
0.033722,-0.002594,0.063477
0.036469,-0.00061035,0.057373
0.037231,0.0018311,0.062256
0.037537,0.0028992,0.061035
0.035858,0.0022888,0.064697
0.033722,0,0.076904
0.031586,-0.0022888,0.067139
0.029144,-0.0024414,0.064697
0.027008,-0.0033569,0.064697
0.028229,-0.0022888,0.050049
0.028534,-0.0016785,0.059814
0.028687,-0.002594,0.045166
0.029449,-0.005188,0.053711
0.029144,-0.0059509,0.05249
0.029449,-0.0057983,0.05127
0.030365,-0.0042725,0.05249
0.030518,-0.00045776,0.046387
0.03006,0.00076294,0.048828
0.028687,0.0035095,0.043945
0.026093,0.0035095,0.048828
0.023956,0.0019836,0.045166
0.021515,0.0024414,4.5813
0.020752,0.0047302,4.8865
0.020447,0.0065613,4.9158
0.021515,0.0082397,4.9158
0.022278,0.0099182,4.9109
0.023041,0.0086975,4.9194
0.023193,0.0073242,4.9097
0.022583,0.0064087,4.9011
0.022888,0.0048828,4.9097
0.023651,0.0039673,4.9084
0.023346,0.0022888,4.9072
0.023041,0.00045776,4.9084
0.022125,-0.0013733,4.9084
0.021515,-0.0027466,4.9146
0.020294,-0.004425,4.9084
0.019684,-0.0054932,4.9207
0.019989,-0.0057983,4.9158
0.020599,-0.0056458,4.9207
0.021362,-0.0042725,4.9268
0.022278,-0.0019836,4.9243
0.023499,0.00015259,4.9341
0.024414,0.0024414,4.9304
0.025635,0.0047302,4.9304
0.027924,0.005188,4.9329
0.030212,0.0062561,4.9341
0.033112,0.0071716,4.9329
0.036774,0.0088501,4.928
0.038452,0.010071,4.9304
0.039063,0.010834,4.9292
0.037994,0.010223,4.9316
0.036926,0.0079346,4.9243
0.03479,0.0050354,4.9341
0.032959,0.00015259,4.9353
0.029755,-0.0016785,4.9329
0.027924,-0.0038147,4.9377
0.024719,-0.0056458,4.9353
0.021362,-0.0068665,4.9353
0.018768,-0.0083923,4.9316
0.016632,-0.010223,4.9329
0.0177,-0.011597,4.9414
0.018616,-0.012817,4.9255
0.020752,-0.011139,4.9268
0.026398,-0.010529,4.9243
0.024719,-0.0088501,4.9084
0.02655,-0.0083923,4.9158
0.028992,-0.007782,4.9243
0.029449,-0.0065613,4.9158
0.030975,-0.005188,4.917
0.029602,-0.0024414,4.9133
0.030518,0.0016785,4.9146
0.03067,0.0050354,4.9109
0.032043,0.007782,4.9109
0.034027,0.0097656,4.9097
0.036163,0.0097656,4.9146
0.036774,0.0090027,4.9097
0.0383,0.010071,4.9133
0.037994,0.0061035,4.9133
0.037537,0.0038147,4.9133
0.032501,0.0012207,4.9084
0.034332,-0.00091553,4.9109
0.032043,-0.0024414,4.9011
0.029144,-0.0039673,4.9133
0.02655,-0.005188,4.9207
0.024109,-0.0059509,4.9182
0.023346,-0.0067139,4.9146
0.023193,-0.0050354,4.9158
0.024872,-0.0035095,4.9158
0.025482,-0.0012207,4.9219
0.02594,0.0013733,4.9255
0.024567,0.0047302,4.9243
0.022125,0.0057983,4.9304
0.018768,0.007782,4.9329
0.016022,0.0080872,0.068359
0.011597,0.0074768,0.062256
0.013123,0.0071716,0.063477
0.011292,0.0071716,0.068359
0.010071,0.0053406,0.061035
0.0093079,0.0047302,0.074463
0.0099182,0.0024414,0.059814
0.015106,0.00030518,0.05249
0.014038,-0.0010681,0.064697
0.0177,-0.0024414,0.065918
0.019989,-0.0024414,0.065918
0.021667,-0.0018311,0.063477
0.022125,-0.00061035,0.062256
0.024261,0.00061035,0.064697
0.021362,0.0022888,0.057373
0.018768,0.002594,0.058594
0.018768,0.004425,0.048828
0.020294,0.0036621,0.053711
0.021973,0.0016785,0.053711
0.023346,0.00015259,0.05127
0.024261,0.00030518,0.05249
0.027618,0.00061035,0.047607
0.02533,0.0065613,0.042725
0.024872,0.0097656,0.047607
0.024872,0.010681,0.040283
0.022736,0.010071,0.045166
0.020447,0.0064087,0.042725
0.017548,0.0039673,0.037842
0.016327,-0.0015259,0.041504
0.014648,0.0038147,0.039063
0.013275,0.0056458,0.039063
0.012817,0.0068665,0.037842
0.01236,0.0038147,0.039063
0.010529,0.0032043,0.0354
0.012207,0.0012207,0.041504
0.011902,-0.0024414,0.039063
0.012512,-0.0035095,0.045166
0.011139,-0.0024414,0.036621
0.010223,-0.00030518,0.042725
0.010223,0.0021362,0.058594
0.012207,0.0068665,0.045166
0.013885,0.0045776,0.058594
0.016479,0.0053406,0.048828
0.019684,0.0062561,0.040283
0.023041,0.0083923,0.050049
0.025177,0.0091553,0.058594
0.026703,0.009613,0.057373
0.027466,0.0097656,0.059814
0.027618,0.0080872,0.059814
0.028687,0.0065613,0.064697
0.026703,0.0053406,0.059814
0.024109,0.0048828,0.062256
0.020142,0.0045776,0.057373
0.016174,0.0047302,0.065918
0.01297,0.0059509,0.05249
0.010071,0.0062561,0.063477
0.0086975,0.0041199,0.072021
0.007782,0.0061035,0.068359
0.0090027,0.0047302,0.06958
0.011139,0.0028992,0.067139
0.015106,0.0015259,0.075684
0.019989,-0.00061035,0.059814
0.023193,-0.0024414,0.053711
0.024872,-0.0035095,0.054932
0.026093,-0.0039673,0.05249
0.02533,-0.0030518,0.047607
0.02533,-0.00015259,0.053711
0.024261,0.0032043,0.050049
0.024109,0.0042725,0.05127
0.023041,0.005188,0.041504
0.022583,0.0036621,0.050049
0.021515,0.0018311,0.041504
0.024414,0.00091553,0.043945
0.027466,0.0010681,0.042725
0.030975,0.00045776,0.041504
0.034637,-0.00030518,0.050049
0.035858,-0.0032043,0.039063
0.035706,-0.0059509,0.047607
0.034637,-0.0085449,4.3115
0.032501,-0.0091553,4.8608
0.030823,-0.0083923,4.9036
0.029602,-0.0057983,4.9072
0.029297,-0.0036621,4.9072
0.028839,-0.0019836,4.9084
0.028992,-0.0012207,4.906
0.029449,-0.002594,4.9158
0.031891,-0.0024414,4.9084
0.034332,-0.0030518,4.9194
0.036621,-0.0019836,4.9133
0.039063,-0.0016785,4.9194
0.03891,-0.00061035,4.9182
0.039063,-0.00091553,4.9243
0.037384,-0.0038147,4.9243
0.036469,-0.0039673,4.928
0.033264,-0.0038147,4.9268
0.031128,-0.0022888,4.9316
0.029907,0.00015259,4.9292
0.026855,0.0013733,4.9341
0.026703,0.0021362,4.9207
0.025482,-0.00045776,4.9292
0.023346,-0.002594,4.9243
0.023346,-0.0067139,4.928
0.022888,-0.007019,4.9329
0.023804,-0.0056458,4.9316
0.023193,-0.0032043,4.9353
0.02182,-0.0015259,4.9341
0.019836,0.00030518,4.9365
0.016937,0.00061035,4.9341
0.016327,-0.00076294,4.9353
0.016479,-0.00015259,4.9292
0.019531,0.0021362,4.9329
0.021973,0.005188,4.9414
0.023956,0.0056458,4.9292
0.02533,0.0085449,4.9243
0.027924,0.0073242,4.9207
0.031281,0.0064087,4.9048
0.032806,0.0042725,4.917
0.033417,0.0045776,4.9109
0.032196,0.004425,4.9158
0.030823,0.0061035,4.9194
0.026855,0.0062561,4.9133
0.023651,0.005188,4.9146
0.020599,0.0042725,4.9109
0.020294,0.0013733,4.9133
0.019531,0.0010681,4.9072
0.019379,0.00045776,4.9146
0.018158,-0.00015259,4.9109
0.018005,-0.002594,4.9133
0.018768,-0.004425,4.9084
0.018921,-0.0073242,4.9084
0.019226,-0.0099182,4.9146
0.019073,-0.009613,4.9097
0.018768,-0.0080872,4.9194
0.018005,-0.0054932,4.9109
0.017242,-0.0030518,4.9011
0.01709,-0.0015259,4.9182
0.016632,-0.00076294,4.9146
0.015869,0.00045776,4.9158
0.017242,0.0018311,4.9231
0.020294,0.0042725,4.9219
0.023041,0.0062561,4.9255
0.02533,0.0074768,4.9255
0.027771,0.0076294,4.9329
0.029144,0.0061035,4.9255
0.028229,0.002594,4.9353
0.02655,-0.00015259,4.9304
0.024719,-0.0030518,4.9329
0.023193,-0.0068665,4.9402
0.020905,-0.0099182,4.9353
0.018311,-0.012665,4.9268
0.016022,-0.016632,0.062256
0.015106,-0.017395,0.065918
0.014801,-0.018311,0.063477
0.014496,-0.019989,0.064697
0.016632,-0.020905,0.067139
0.018311,-0.019836,0.067139
0.020142,-0.018463,0.063477
0.022278,-0.016327,0.061035
0.023499,-0.014038,0.059814
0.023956,-0.014038,0.058594
0.025482,-0.0099182,0.053711
0.027618,-0.007019,0.05249
0.029755,-0.0019836,0.05249
0.032501,0.0039673,0.05249
0.034637,0.0082397,0.043945
0.036621,0.010071,0.05127
0.038757,0.0099182,0.059814
0.040741,0.0071716,0.046387
0.041962,0.0062561,0.056152
0.042267,0.0064087,0.042725
0.041351,0.0079346,0.03418
0.038605,0.0090027,0.039063
0.036163,0.0086975,0.040283
0.032654,0.0053406,0.041504
0.028076,0.0030518,0.040283
0.028992,-0.0042725,0.036621
0.028381,-0.0073242,0.041504
0.028381,-0.0061035,0.039063
0.028534,-0.0047302,0.041504
0.027161,-0.0033569,0.039063
0.02655,-0.0028992,0.042725
0.024872,-0.0053406,0.042725
0.023651,-0.0039673,0.045166
0.021667,-0.0024414,0.058594
0.018768,0.0019836,0.047607
0.016632,0.0068665,0.05249
0.013885,0.013428,0.05249
0.012665,0.011444,0.045166
0.012665,0.0090027,0.05127
0.013733,0.0085449,0.064697
0.015106,0.0054932,0.059814
0.016632,0.0042725,0.058594
0.017242,0.005188,0.057373
0.017853,0.004425,0.062256
0.018311,0.0039673,0.061035
0.0177,0.0013733,0.063477
0.014191,-0.0012207,0.056152
0.018311,-0.0010681,0.064697
0.018158,0.0018311,0.063477
0.018005,0.0048828,0.065918
0.019073,0.0068665,0.065918
0.015717,0.0085449,0.067139
0.019989,0.0079346,0.073242
0.020142,0.0068665,0.065918
0.021362,0.0056458,0.074463
0.02243,0.0047302,0.061035
0.022583,0.0033569,0.050049
0.022125,0.002594,0.056152
0.02182,0,0.056152
0.019379,-0.00030518,0.05249
0.017242,0.00091553,0.05249
0.013733,0.0033569,0.047607
0.012207,0.007019,0.048828
0.010529,0.01236,0.045166
0.0099182,0.017242,0.048828
0.010376,0.020447,0.043945
0.011597,0.021973,0.042725
0.012817,0.021057,0.046387
0.014191,0.019226,0.048828
0.015106,0.016632,0.042725
0.016174,0.014038,0.041504
0.016174,0.012512,0.040283
0.015564,0.011597,0.041504
0.015411,0.011444,0.03418
0.011139,0.011139,0.037842
0.007782,0.010071,0.032959
0.0053406,0.0074768,0.03418
0.0038147,0.0064087,0.040283
0.004425,0.0054932,4.165
0.0062561,0.0059509,4.8474
0.0091553,0.0093079,4.9036
0.011902,0.007782,4.9109
0.014496,0.0064087,4.9133
0.013885,0.0042725,4.9207
0.018768,0.0022888,4.9207
0.019836,0.0013733,4.928
0.019989,0.0013733,4.9219
0.016785,0.0024414,4.9292
0.012054,0.004425,4.9365
0.0067139,0.0065613,4.9304
0.0018311,0.011444,4.9377
0.00045776,0.0090027,4.9316
0.0018311,0.0097656,4.9146
0.0050354,0.0097656,4.9316
0.0090027,0.010529,4.9316
0.015869,0.011444,4.9304
0.016327,0.0082397,4.9316
0.019836,0.0085449,4.9304
0.022736,0.0065613,4.9365
0.024109,0.005188,4.9353
0.024414,0.0056458,4.9353
0.023956,0.0062561,4.9304
0.022583,0.0047302,4.939
0.019684,0.0067139,4.9329
0.017548,0.005188,4.9329
0.017395,0.0038147,4.9353
0.018768,0.0019836,4.9329
0.020905,0.0016785,4.9255
0.023499,0.0016785,4.9243
0.025177,0.0035095,4.928
0.026398,0.0042725,4.9182
0.026093,0.004425,4.8975
0.025635,0.0036621,4.9158
0.024719,0.0033569,4.9194
0.025024,0.0030518,4.9133
0.02182,0.0032043,4.9158
0.020294,0.0038147,4.9109
0.018463,0.0042725,4.906
0.017548,0.0041199,4.9084
0.016022,0.002594,4.9109
0.016327,0.00015259,4.9109
0.016937,-0.0021362,4.9146
0.019226,-0.0041199,4.9121
0.021515,-0.0033569,4.9036
0.023804,-0.0019836,4.9207
0.024719,-0.0013733,4.9121
0.02655,-0.0019836,4.9158
0.027771,-0.002594,4.9109
0.030975,-0.0038147,4.9097
0.033112,-0.0033569,4.9133
0.035706,-0.0027466,4.9109
0.037079,-0.0019836,4.9146
0.036926,-0.00030518,4.9207
0.035248,0,4.9231
0.033722,0.00030518,4.9231
0.032654,0.00030518,4.9243
0.032654,0.00061035,4.9304
0.036316,0.0027466,4.9268
0.032806,0.0042725,4.9365
0.032043,0.0074768,4.9329
0.030212,0.010986,4.9353
0.028381,0.012207,4.9329
0.027618,0.012054,4.9316
0.029144,0.010681,4.9341
0.031128,0.0094604,4.9341
0.031738,0.0090027,4.9414
0.029297,0.0094604,4.9353
0.02655,0.010376,4.9341
0.022125,0.010834,4.9341
0.018463,0.009613,4.9329
0.017242,0.0079346,0.063477
0.017242,0.0065613,0.063477
0.019684,0.0033569,0.057373
0.020447,-0.0021362,0.059814
0.020447,0.0021362,0.056152
0.02121,0.0027466,0.056152
0.022125,0.0059509,0.05127
0.025787,0.0091553,0.053711
0.030212,0.011444,0.046387
0.032806,0.01358,0.05249
0.034637,0.015564,0.056152
0.032043,0.015106,0.045166
0.028687,0.014191,0.048828
0.024567,0.012512,0.045166
0.02182,0.010071,0.026855
0.022125,0.0076294,0.037842
0.021515,0.0042725,0.042725
0.02182,0.0019836,0.040283
0.021667,-0.00045776,0.036621
0.019531,-0.0024414,0.039063
0.0177,-0.0039673,0.040283
0.015564,-0.0050354,0.036621
0.016327,-0.0054932,0.039063
0.018616,-0.0047302,0.040283
0.021973,-0.0022888,0.040283
0.024414,-0.00015259,0.037842
0.025635,0.0053406,0.043945
0.026855,0.005188,0.046387
0.026855,0.0064087,0.048828
0.029297,0.0059509,0.046387
0.033112,0.0059509,0.040283
0.036316,0.013123,0.063477
0.039368,0.0082397,0.05249
0.038147,0.0085449,0.05127
0.034027,0.0090027,0.059814
0.028687,0.0065613,0.057373
0.023346,0.0035095,0.057373
0.020294,0,0.063477
0.017853,-0.0030518,0.058594
0.01709,-0.0059509,0.063477
0.014801,-0.0083923,0.059814
0.01297,-0.010376,0.059814
0.01358,-0.013428,0.05249
0.014343,-0.015411,0.064697
0.016785,-0.017242,0.063477
0.019073,-0.018005,0.064697
0.023346,-0.015869,0.076904
0.025482,-0.011444,0.067139
0.026703,-0.0057983,0.065918
0.025482,0.00015259,0.063477
0.024719,0.005188,0.054932
0.026093,0.007782,0.059814
0.029144,0.0090027,0.053711
0.030823,0.010681,0.05249
0.036774,0.0099182,0.053711
0.03952,0.0094604,0.05127
0.041199,0.0088501,0.048828
0.043488,0.0073242,0.047607
0.040283,0.0047302,0.05127
0.039368,0.0056458,0.043945
0.0383,0.0041199,0.045166
0.037079,0.0021362,0.046387
0.033875,-0.00015259,0.045166
0.029297,-0.0054932,0.036621
0.025787,-0.0082397,0.040283
0.02243,-0.010681,0.05127
0.020752,-0.011902,0.041504
0.020294,-0.0094604,0.050049
0.023499,-0.0039673,0.040283
0.020905,-0.0022888,0.031738
0.019073,-0.0039673,0.039063
0.016479,0.0012207,0.039063
0.015259,0,0.039063
0.014191,0.00045776,0.039063
0.015411,0.0018311,0.0354
0.0177,0.0033569,0.046387
0.018921,0.0047302,0.042725
0.020599,0.0016785,0.047607
0.018768,-0.0021362,4.2334
0.018463,-0.0057983,4.8767
0.017853,-0.0068665,4.917
0.018921,-0.0053406,4.9255
0.020447,-0.0035095,4.9377
0.024567,-0.0018311,4.9292
0.022125,-0.00091553,4.928
0.020752,-0.0018311,4.9316
0.017853,0.0030518,4.9304
0.016327,0.0064087,4.9292
0.015717,0.0076294,4.9121
0.016937,0.0068665,4.9304
0.018311,-0.002594,4.9304
0.02121,-0.0028992,4.928
0.022125,-0.0056458,4.9329
0.02243,-0.0071716,4.9365
0.022278,-0.0057983,4.9353
0.020294,-0.007019,4.9329
0.019989,-0.0068665,4.9365
0.019836,-0.0090027,4.9329
0.019379,-0.0086975,4.9316
0.017548,-0.0061035,4.9292
0.015411,-0.00091553,4.9304
0.011597,0.0028992,4.9377
0.0099182,0.0048828,4.9268
0.0093079,0.0050354,4.9316
0.011292,0.0033569,4.9207
0.018768,0.00076294,4.9084
0.016022,0.00045776,4.9194
0.017548,0.00061035,4.917
0.016327,0.0010681,4.9121
0.013885,0.0027466,4.9146
0.012054,0.0024414,4.9109
0.01236,0.0015259,4.9146
0.01297,0.0018311,4.9097
0.014191,0.0010681,4.9109
0.014496,-0.00091553,4.9084
0.013733,-0.0039673,4.9146
0.010834,-0.0059509,4.9146
0.0085449,-0.0080872,4.9109
0.0086975,-0.0085449,4.9097
0.011292,-0.0064087,4.9109
0.01297,-0.0024414,4.9084
0.013885,-0.0013733,4.9084
0.012512,-0.00030518,4.9084
0.009613,-0.00015259,4.917
0.0068665,0.0024414,4.9146
0.007019,0.0067139,4.9146
0.011292,0.011139,4.9194
0.014191,0.01358,4.9268
0.020294,0.0091553,4.9231
0.02182,0.0013733,4.9231
0.020905,-0.0064087,4.928
0.016785,-0.013123,4.9268
0.013123,-0.015411,4.9341
0.010223,-0.014496,4.9292
0.0082397,-0.012054,4.9353
0.0045776,-0.0090027,4.928
0,-0.0076294,4.9304
-0.0039673,-0.0048828,4.9414
-0.0038147,-0.00030518,4.9353
-0.00091553,0.0054932,4.9377
0.0057983,0.01358,4.9377
0.016632,0.020752,4.9158
0.027924,0.023041,4.9353
0.035095,0.020599,4.9353
0.039215,0.013123,4.9341
0.036163,0.005188,4.9341
0.036163,-0.00091553,4.9292
0.032196,-0.0027466,4.9329
0.028687,-0.0019836,4.9243
0.026398,0.0018311,0.057373
0.023956,0.0033569,0.05127
0.020447,0.0039673,0.05249
0.015411,0.0053406,0.05127
0.011292,0.0024414,0.05249
0.0086975,0.004425,0.050049
0.0093079,0.0057983,0.047607
0.011902,0.0065613,0.045166
0.014496,0.0033569,0.046387
0.018005,-0.0015259,0.037842
0.020142,-0.0094604,0.037842
0.020294,-0.015869,0.0354
0.021362,-0.018463,0.040283
0.022583,-0.018005,0.040283
0.024414,-0.014038,0.037842
0.027771,-0.0088501,0.040283
0.029755,-0.0033569,0.037842
0.031738,0.0028992,0.040283
0.031433,0.007019,0.036621
0.030975,0.014191,0.043945
0.030975,0.019226,0.037842
0.032043,0.020294,0.043945
0.033875,0.017548,0.043945
0.035858,0.010834,0.046387
0.038147,0.0050354,0.058594
0.039215,-0.00061035,0.048828
0.038147,-0.0027466,0.063477
0.037384,-0.0027466,0.05249
0.036469,-0.0015259,0.045166
0.035553,-0.0013733,0.057373
0.033875,-0.0013733,0.062256
0.029907,-0.0018311,0.057373
0.024719,-0.0021362,0.061035
0.024109,0.00061035,0.061035
0.020599,0.0047302,0.058594
0.020447,0.0088501,0.062256
0.019989,0.012207,0.063477
0.019836,0.014496,0.061035
0.020752,0.017242,0.063477
0.019379,0.018921,0.065918
0.019684,0.021973,0.068359
0.019531,0.024567,0.06958
0.019226,0.026093,0.064697
0.022736,0.027008,0.064697
0.023956,0.026093,0.067139
0.025482,0.024261,0.072021
0.025635,0.022125,0.058594
0.026093,0.019531,0.064697
0.026855,0.016785,0.05249
0.027466,0.015717,0.053711
0.028992,0.015717,0.05249
0.031128,0.014496,0.047607
0.030975,0.011902,0.042725
0.029907,0.0079346,0.046387
0.027008,0.0028992,0.045166
0.023346,-0.0028992,0.043945
0.017548,-0.007019,0.045166
0.01297,-0.0082397,0.045166
0.011902,-0.0085449,0.040283
0.0067139,-0.0071716,0.042725
0.0054932,-0.0056458,0.05127
0.0047302,-0.0045776,0.042725
0.0071716,-0.0039673,0.046387
0.010986,-0.0039673,0.024414
0.016327,-0.0041199,0.021973
0.022736,-0.00015259,0.0354
0.027313,0.0033569,0.037842
0.029602,0.0076294,0.039063
0.030212,0.012207,0.040283
0.028381,0.01297,0.037842
0.026398,0.011292,0.042725
0.023346,0.012054,0.042725
0.020447,0.011444,0.047607
0.018768,0.012665,0.045166
0.018311,0.01358,0.05127
0.019836,0.013885,0.05249
0.023804,0.010529,0.059814
0.028534,0.005188,0.061035
0.030212,-0.0012207,2.6831
0.033264,-0.0059509,4.7888
0.032501,-0.0097656,4.9231
0.029297,-0.009613,4.939
0.023956,-0.010376,4.928
0.018768,-0.010529,4.9243
0.011902,-0.010376,4.928
0.0039673,-0.012054,4.9316
0.0027466,-0.010834,4.9292
0.00076294,-0.0073242,4.939
0,-0.0050354,4.9329
-0.00045776,-0.0045776,4.939
0.0053406,-0.0041199,4.9316
0.010986,-0.0047302,4.9365
0.015564,-0.0033569,4.9316
0.019379,-0.00015259,4.9341
0.02121,0.0041199,4.928
0.021362,0.007019,4.9304
0.023041,0.0099182,4.9353
0.024414,0.0083923,4.9268
0.028687,0.0071716,4.9219
0.033875,0.0079346,4.9194
0.037079,0.007782,4.9121
0.045776,0.0074768,4.917
0.054169,0.0068665,4.9146
0.059052,0.0038147,4.9158
0.062103,0.00061035,4.9158
0.06424,-0.0022888,4.9146
0.06424,-0.004425,4.9109
0.062256,-0.0071716,4.9097
0.057678,-0.0091553,4.9109
0.053101,-0.014496,4.9084
0.048828,-0.018158,4.9097
0.04303,-0.019989,4.9109
0.036163,-0.020599,4.9146
0.032349,-0.019379,4.906
0.028381,-0.017548,4.9109
0.026703,-0.014801,4.9133
0.023956,-0.011292,4.9097
0.020599,-0.0073242,4.9194
0.015717,-0.00076294,4.9133
0.012817,0.0022888,4.9048
0.0090027,0.0059509,4.9146
0.0061035,0.007782,4.917
0.0039673,0.0099182,4.9207
0.0035095,0.0082397,4.9231
0.0050354,0.0099182,4.9194
0.0061035,0.011444,4.9292
0.0085449,0.011902,4.9316
0.011597,0.0091553,4.9316
0.015564,0.0028992,4.928
0.019073,-0.0027466,4.9329
0.023956,-0.0073242,4.9304
0.026093,-0.0083923,4.9341
0.028992,-0.0080872,4.9426
0.03006,-0.0045776,4.9353
0.032501,-0.0022888,4.9304
0.033875,-0.0010681,4.9353
0.0354,-0.00091553,4.928
0.035248,-0.0038147,4.9329
0.03418,-0.0024414,4.9353
0.036163,-0.004425,4.9341
0.035095,-0.0045776,4.9341
0.032043,-0.0083923,4.9316
0.028229,-0.0091553,4.9329
0.023651,-0.0090027,4.928
0.019073,-0.0082397,4.928
0.015411,-0.0090027,4.9194
0.010681,-0.007019,4.9255
0.0083923,-0.0050354,4.9207
0.0067139,-0.0021362,4.9231
0.0057983,0.0016785,4.9219
0.0065613,0.0038147,0.047607
0.0076294,0.0027466,0.056152
0.0090027,0.00061035,0.046387
0.0091553,0.00061035,0.057373
0.010223,0.00030518,0.040283
0.011749,0.0027466,0.040283
0.0088501,0.0062561,0.037842
0.0080872,0.0091553,0.040283
0.0079346,0.010223,0.037842
0.0086975,0.009613,0.040283
0.009613,0.0076294,0.037842
0.0097656,0.005188,0.040283
0.01358,0.0059509,0.036621
0.01358,0.0048828,0.042725
0.015564,0.0041199,0.039063
0.017242,0.0047302,0.040283
0.018463,0.0030518,0.043945
0.01709,0.0035095,0.045166
0.014191,0.00076294,0.053711
0.010071,-0.00076294,0.048828
0.004425,-0.0035095,0.057373
-0.00045776,-0.0068665,0.05127
-0.0064087,-0.0071716,0.050049
-0.010071,-0.0064087,0.057373
-0.013733,-0.0039673,0.054932
-0.015411,-0.0013733,0.057373
-0.015717,0.00091553,0.061035
-0.016632,0.0033569,0.061035
-0.010681,0.0038147,0.061035
-0.0054932,0.005188,0.058594
0.00061035,0.0071716,0.062256
0.0067139,0.009613,0.059814
0.011597,0.010681,0.063477
0.016174,0.0093079,0.062256
0.017853,0.011444,0.065918
0.018005,0.0056458,0.063477
0.018463,0.0027466,0.068359
0.016785,-0.00091553,0.072021
0.016479,-0.0054932,0.067139
0.015106,-0.0093079,0.073242
0.015106,-0.012817,0.062256
0.015106,-0.014496,0.056152
0.015869,-0.016022,0.057373
0.016479,-0.018158,0.05249
0.017548,-0.020599,0.05249
0.019684,-0.023041,0.05249
0.02121,-0.024414,0.045166
0.021973,-0.025787,0.046387
0.020294,-0.026703,0.045166
0.020599,-0.023193,0.048828
0.019531,-0.020905,0.045166
0.019684,-0.018921,0.047607
0.019989,-0.018005,0.046387
0.019836,-0.015411,0.03418
0.019531,-0.014191,0.050049
0.02182,-0.010529,0.041504
0.02121,-0.007019,0.037842
0.02182,-0.005188,0.041504
0.022888,-0.005188,0.024414
0.024414,-0.007019,0.037842
0.02533,-0.0085449,0.037842
0.025177,-0.0093079,0.040283
0.024261,-0.0099182,0.039063
0.022278,-0.010529,0.037842
0.019989,-0.011597,0.042725
0.017242,-0.011444,0.042725
0.016174,-0.011902,0.042725
0.016022,-0.010071,0.042725
0.016174,-0.007019,0.05249
0.016632,-0.0050354,0.048828
0.016479,-0.0010681,0.053711
0.015564,0.0012207,0.057373
0.014496,0.0048828,0.064697
0.015564,0.007782,0.065918
0.014343,0.0099182,0.061035
0.013885,0.011292,0.073242
0.012665,0.010376,0.059814
0.011749,0.0090027,0.05249
0.011292,0.0050354,4.4373
0.010681,0.0039673,4.8938
0.010376,0.0028992,4.9255
0.011444,0.0036621,4.9316
0.013428,0.0042725,4.9304
0.015564,0.0065613,4.9365
0.017853,0.0082397,4.9377
0.020905,0.0091553,4.9353
0.024261,0.0097656,4.9329
0.027924,0.010681,4.9353
0.03067,0.01297,4.9316
0.033112,0.014343,4.9292
0.033569,0.014801,4.9304
0.032196,0.012665,4.928
0.031738,0.010223,4.9255
0.029144,0.0085449,4.9231
0.025787,0.010376,4.9243
0.023041,0.012665,4.9231
0.019989,0.015869,4.9109
0.018616,0.017395,4.9109
0.0177,0.016937,4.9158
0.018005,0.0177,4.9158
0.0177,0.019989,4.9048
0.0177,0.023499,4.9084
0.01709,0.024567,4.9146
0.017853,0.024261,4.9048
0.017242,0.023041,4.9097
0.017242,0.021362,4.9084
0.016785,0.021973,4.9133
0.015869,0.02533,4.9109
0.014801,0.029602,4.9146
0.011749,0.030518,4.9243
0.012512,0.028687,4.9158
0.011444,0.023193,4.9219
0.010529,0.016479,4.9097
0.0073242,0.011902,4.8962
0.0093079,0.0090027,4.9133
0.0068665,0.0090027,4.9158
0.007019,0.0086975,4.9207
0.0071716,0.0064087,4.9194
0.0088501,0.004425,4.9207
0.010223,0.0032043,4.9243
0.011749,0.00091553,4.9268
0.013275,0.0018311,4.9329
0.014648,0.0036621,4.928
0.016327,0.005188,4.9304
0.02182,0.0061035,4.9316
0.023956,0.0062561,4.9353
0.026245,0.0062561,4.9377
0.028381,0.0064087,4.9329
0.028687,0.0067139,4.9304
0.030212,0.007019,4.9329
0.028534,0.010986,4.9487
0.027618,0.011444,4.9329
0.027771,0.01236,4.9243
0.028381,0.013123,4.9377
0.028839,0.01358,4.9329
0.027161,0.012512,4.9341
0.028534,0.011139,4.9377
0.030212,0.012207,4.9268
0.030365,0.011444,4.9268
0.032196,0.010986,4.9231
0.031281,0.010529,4.9255
0.030518,0.011292,4.9231
0.029144,0.01297,4.9268
0.027771,0.014038,4.9182
0.026398,0.014191,4.9231
0.024719,0.014801,4.9255
0.024261,0.013123,4.9207
0.025024,0.010986,4.8999
0.025635,0.010529,4.9207
0.027466,0.010834,4.9011
0.02655,0.010986,0.039063
0.023193,0.012512,0.039063
0.020905,0.011444,0.03418
0.018311,0.0094604,0.040283
0.016479,0.0073242,0.037842
0.014343,0.0056458,0.029297
0.011292,0.0062561,0.039063
0.0086975,0.0048828,0.042725
0.0050354,0.0035095,0.037842
0.0015259,0.0036621,0.041504
0.0056458,-0.002594,0.047607
0.0093079,-0.0057983,0.047607
0.013733,-0.0085449,0.042725
0.017853,-0.010681,0.047607
0.021515,-0.0097656,0.047607
0.026703,-0.0088501,0.05127
0.024872,-0.0064087,0.058594
0.024719,-0.0042725,0.054932
0.025024,-0.0021362,0.045166
0.024719,0.0016785,0.057373
0.024719,0.0050354,0.061035
0.027771,0.0062561,0.061035
0.026245,0.0038147,0.061035
0.026398,0.0048828,0.059814
0.027161,0.002594,0.064697
0.027771,0.00030518,0.061035
0.027466,-0.0016785,0.063477
0.028076,-0.002594,0.062256
0.02533,-0.0039673,0.062256
0.023651,-0.0039673,0.063477
0.020905,-0.0047302,0.065918
0.020447,-0.0036621,0.081787
0.018768,-0.0030518,0.067139
0.0177,-0.0035095,0.063477
0.016327,-0.0062561,0.063477
0.016632,-0.0012207,0.040283
0.016937,-0.00061035,0.057373
0.014801,0.00076294,0.056152
0.017395,0.0016785,0.05249
0.017242,0.0013733,0.050049
0.016022,-0.0012207,0.043945
0.014496,-0.004425,0.050049
0.014038,-0.007019,0.043945
0.014496,-0.0073242,0.047607
0.016022,-0.0056458,0.041504
0.018616,-0.0038147,0.05127
0.020752,-0.00015259,0.042725
0.021515,0.00045776,0.042725
0.021362,-0.00030518,0.037842
0.019226,-0.0018311,0.041504
0.019989,-0.0047302,0.042725
0.018768,-0.004425,0.041504
0.017853,-0.0022888,0.045166
0.016174,0,0.039063
0.014954,0.0019836,0.026855
0.014038,0.0018311,0.039063
0.014648,-0.00045776,0.037842
0.016937,-0.0030518,0.037842
0.020142,-0.0050354,0.041504
0.027008,-0.004425,0.040283
0.026398,-0.0028992,0.045166
0.028839,0.00091553,0.043945
0.029449,0.0018311,0.047607
0.025177,0.0015259,0.050049
0.026398,0.00091553,0.056152
0.025482,-0.00076294,0.056152
0.022888,-0.0019836,0.057373
0.02121,-0.0019836,0.070801
0.019684,-0.0010681,0.062256
0.019226,0.00076294,0.067139
0.018921,0.0013733,0.059814
0.019989,0.0012207,0.057373
0.020752,0.00045776,0.058594
0.021057,-0.0015259,0.062256
0.022583,-0.0027466,0.058594
0.022278,-0.0032043,0.062256
0.022125,-0.0030518,0.061035
0.021362,-0.0033569,0.065918
0.020142,-0.0041199,4.6106
0.018158,-0.0065613,4.9146
0.015717,-0.007019,4.928
0.014648,-0.0079346,4.9329
0.01358,-0.0076294,4.9304
0.014191,-0.0064087,4.9268
0.015106,-0.0042725,4.9243
0.016174,-0.0018311,4.9292
0.018616,-0.00015259,4.9353
0.022736,0.00030518,4.9219
0.023804,0.00030518,4.9292
0.026093,-0.00045776,4.9182
0.029449,-0.00076294,4.9109
0.031891,0.00045776,4.9146
0.033417,0.00061035,4.9158
0.034637,0.00030518,4.9182
0.035095,-0.0016785,4.9219
0.033569,-0.0056458,4.9084
0.032196,-0.010071,4.9133
0.031128,-0.012207,4.9097
0.030518,-0.01297,4.9109
0.029907,-0.010529,4.9109
0.028687,-0.0082397,4.9158
0.028687,-0.0064087,4.9097
0.026245,-0.0059509,4.9121
0.024567,-0.0074768,4.917
0.023651,-0.0074768,4.9097
0.022888,-0.0053406,4.906
0.022888,-0.0021362,4.9109
0.023346,0.0024414,4.9011
0.023804,0.0042725,4.9146
0.023651,0.0042725,4.8962
0.021362,0.0038147,4.917
0.020905,0.0019836,4.9207
0.019531,0.0021362,4.9207
0.017242,0.0048828,4.9231
0.016479,0.007782,4.9268
0.015564,0.0073242,4.9304
0.016174,0.0068665,4.9255
0.016022,0.0027466,4.9365
0.015869,-0.0010681,4.928
0.018311,-0.0032043,4.9329
0.018921,-0.0015259,4.9304
0.019226,0.0024414,4.9316
0.020447,0.0042725,4.9353
0.018921,0.004425,4.9365
0.01709,0.0019836,4.9414
0.014496,-0.0018311,4.9353
0.013428,-0.004425,4.928
0.013885,-0.002594,4.9329
0.014954,0.00091553,4.9316
0.01709,0.0027466,4.928
0.018463,0.0030518,4.9341
0.019989,0,4.928
0.019531,-0.0039673,4.928
0.019989,-0.0056458,4.9231
0.020142,-0.0062561,4.928
0.019531,-0.0022888,4.917
0.020294,-0.00015259,4.9207
0.018005,-0.0012207,4.9231
0.01709,-0.0028992,4.9207
0.014954,-0.0073242,4.9194
0.010834,-0.012207,4.917
0.012665,-0.013885,4.9121
0.012817,-0.013123,4.9146
0.014496,-0.010986,4.9048
0.015869,-0.0083923,4.9133
0.019989,-0.0079346,4.9084
0.017853,-0.0093079,4.9097
0.017853,-0.011749,4.9109
0.019836,-0.014191,4.9109
0.02243,-0.01297,4.9084
0.025787,-0.011597,0.0354
0.029144,-0.0068665,0.042725
0.030518,-0.0035095,0.037842
0.031738,0.0032043,0.042725
0.032196,0.0062561,0.039063
0.033569,0.0068665,0.046387
0.031891,0.0056458,0.043945
0.032501,0.0038147,0.050049
0.033417,0.0036621,0.057373
0.033417,0.0035095,0.045166
0.034027,0.0022888,0.063477
0.032196,-0.0012207,0.056152
0.029602,-0.0054932,0.03418
0.028229,-0.012665,0.056152
0.025482,-0.015717,0.059814
0.023956,-0.014648,0.061035
0.020447,-0.010529,0.062256
0.017395,-0.0073242,0.058594
0.015564,-0.0064087,0.063477
0.013885,-0.0062561,0.062256
0.014343,-0.015411,0.062256
0.01358,-0.019379,0.061035
0.015564,-0.020905,0.065918
0.018463,-0.018158,0.067139
0.020599,-0.015411,0.068359
0.022888,-0.011444,0.079346
0.024414,-0.0099182,0.068359
0.024719,-0.0059509,0.062256
0.025024,-0.0057983,0.065918
0.024872,-0.0022888,0.059814
0.025635,0.00030518,0.056152
0.024109,0.002594,0.056152
0.023651,0.0013733,0.053711
0.022583,0,0.05127
0.022278,-0.0021362,0.046387
0.024872,-0.0064087,0.048828
0.024872,-0.0074768,0.046387
0.026093,-0.0068665,0.046387
0.02594,-0.0056458,0.043945
0.024719,-0.0041199,0.042725
0.022583,-0.0036621,0.040283
0.021515,-0.0035095,0.043945
0.019379,-0.0041199,0.039063
0.018005,-0.0042725,0.042725
0.017395,-0.0047302,0.05249
0.015564,-0.0041199,0.041504
0.012054,-0.0038147,0.05249
0.0074768,-0.0038147,0.039063
0.0033569,-0.0035095,0.028076
-0.00076294,-0.0073242,0.037842
-0.002594,-0.011139,0.039063
-0.0027466,-0.015717,0.029297
-0.0019836,-0.018463,0.039063
0.00015259,-0.020447,0.040283
0.0022888,-0.02182,0.041504
0.0050354,-0.022125,0.047607
0.005188,-0.020752,0.05127
0.0064087,-0.021057,0.047607
0.0068665,-0.016632,0.057373
0.0076294,-0.0094604,0.058594
0.0068665,-0.00076294,0.058594
0.0065613,0.0088501,0.059814
0.0061035,0.013275,0.061035
0.0093079,0.014343,0.061035
0.014038,0.011749,0.061035
0.022278,0.0071716,0.06958
0.029297,0.0010681,0.062256
0.0354,-0.0030518,0.063477
0.039215,-0.005188,0.058594
0.039825,-0.0061035,0.062256
0.037231,-0.0062561,0.064697
0.028992,-0.004425,0.063477
0.023346,-0.0057983,0.059814
0.014038,-0.0038147,0.065918
0.0086975,-0.0022888,0.062256
0.005188,-0.0018311,0.063477
0.0033569,-0.0013733,0.059814
0.0042725,-0.0030518,0.36499
0.0068665,-0.0054932,4.6619
0.010529,-0.0080872,4.9036
0.015259,-0.007782,4.9329
0.017548,-0.0059509,4.9219
0.018311,-0.0028992,4.9182
0.014648,0.00091553,4.9084
0.0091553,0.004425,4.9011
0.0028992,0.0035095,4.9121
-0.00030518,0.0021362,4.9146
-0.0027466,-0.0012207,4.9121
-0.0035095,-0.0056458,4.9121
-0.0016785,-0.0082397,4.9072
0.0015259,-0.0090027,4.9109
0.0050354,-0.0073242,4.9097
0.0080872,-0.0054932,4.9097
0.010986,-0.0048828,4.9036
0.013733,-0.0036621,4.9133
0.016022,-0.0018311,4.9097
0.016937,0.0019836,4.9121
0.0177,0.007782,4.906
0.017853,0.014496,4.9158
0.019073,0.019836,4.9121
0.021362,0.021057,4.9121
0.024567,0.018311,4.9194
0.028839,0.014496,4.9158
0.032043,0.010071,4.9109
0.034485,0.0080872,4.9097
0.03418,0.0086975,4.9207
0.033417,0.0080872,4.9219
0.03006,0.0082397,4.9255
0.025635,0.0045776,4.9243
0.023346,-0.00061035,4.9304
0.020294,-0.004425,4.928
0.018768,-0.0076294,4.9341
0.018463,-0.0082397,4.9292
0.018005,-0.0062561,4.9341
0.016327,-0.0030518,4.928
0.014801,0.00091553,4.9304
0.014801,0.0036621,4.9414
0.015717,0.0056458,4.9402
0.0177,0.0057983,4.9353
0.019226,0.0064087,4.9365
0.020447,0.007782,4.9353
0.020447,0.0085449,4.9377
0.02243,0.0099182,4.9329
0.023193,0.010529,4.9329
0.027313,0.0097656,4.9353
0.032349,0.007782,4.9329
0.0354,0.007782,4.9255
0.035858,0.0094604,4.9231
0.032806,0.011749,4.9231
0.029449,0.014496,4.917
0.02655,0.015869,4.9219
0.026703,0.014343,4.9207
0.028076,0.012054,4.9231
0.029297,0.0085449,4.9133
0.027008,0.0067139,4.9207
0.027924,0.0068665,4.9255
0.026703,0.0048828,4.9182
0.026703,0.0059509,4.9219
0.027008,0.005188,4.9133
0.027466,0.0039673,4.9036
0.027466,0.0041199,4.9084
0.026855,0.0050354,4.9084
0.025482,0.0071716,4.9121
0.024261,0.0091553,4.9084
0.023499,0.0094604,4.9036
0.024109,0.0073242,4.9109
0.02594,0.0057983,4.9084
0.027924,0.0054932,4.9097
0.028534,0.0073242,4.9097
0.028381,0.009613,4.9158
0.026398,0.010223,4.9146
0.023193,0.010529,0.05249
0.020905,0.0094604,0.062256
0.019989,0.0091553,0.05127
0.021362,0.0094604,0.05249
0.021973,0.011292,0.057373
0.023651,0.01358,0.047607
0.024567,0.015717,0.059814
0.025635,0.016937,0.054932
0.026245,0.018311,0.062256
0.028687,0.018768,0.061035
0.031738,0.018005,0.059814
0.032654,0.016937,0.063477
0.031586,0.014191,0.057373
0.028687,0.007782,0.062256
0.024567,0.0056458,0.058594
0.019684,0.0042725,0.065918
0.017395,0.0041199,0.065918
0.017853,0.0059509,0.06958
0.018768,0.007782,0.068359
0.020905,0.0080872,0.064697
0.02121,0.0071716,0.070801
0.021515,0.0061035,0.061035
0.020905,0.005188,0.075684
0.020142,0.0059509,0.058594
0.021973,0.0073242,0.043945
0.023499,0.0071716,0.05249
0.02594,0.0054932,0.054932
0.025024,0.0019836,0.037842
0.022888,-0.0013733,0.045166
0.020905,-0.0028992,0.047607
0.018616,-0.0030518,0.046387
0.018311,-0.002594,0.043945
0.019379,-0.00076294,0.041504
0.021515,-0.00045776,0.041504
0.023499,-0.00091553,0.043945
0.019684,-0.0010681,0.042725
0.022278,-0.0024414,0.042725
0.020294,-0.0036621,0.042725
0.018311,-0.0038147,0.039063
0.019073,-0.0042725,0.039063
0.019836,-0.0033569,0.041504
0.020905,-0.002594,0.031738
0.02121,-0.00045776,0.040283
0.02243,0.0015259,0.042725
0.020599,0.0039673,0.037842
0.019989,0.0041199,0.042725
0.021515,0.0039673,0.040283
0.023956,0.0042725,0.045166
0.028381,0.0041199,0.042725
0.028687,0.0028992,0.047607
0.029602,0.0032043,0.048828
0.026855,0.0032043,0.053711
0.024872,0.0033569,0.054932
0.023956,0.002594,0.059814
0.024261,0,0.054932
0.023956,-0.0028992,0.062256
0.02533,-0.0056458,0.067139
0.024719,-0.0064087,0.059814
0.023346,-0.010834,0.06958
0.02182,-0.011292,0.059814
0.020599,-0.010223,0.045166
0.020599,-0.0093079,0.058594
0.02121,-0.0088501,0.05249
0.02121,-0.0090027,0.061035
0.020294,-0.0082397,0.062256
0.017548,-0.0073242,0.063477
0.01709,-0.004425,0.068359
0.015717,-0.0013733,0.065918
0.016632,0.00076294,0.065918
0.019226,0.002594,0.062256
0.02182,0.0027466,0.061035
0.024261,0.002594,0.057373
0.027161,0.0039673,0.057373
0.026245,0.0033569,0.061035
0.024109,0.0064087,0.053711
0.022125,0.0082397,0.047607
0.021057,0.007782,0.047607
0.019379,0.0082397,4.4189
0.01709,0.00045776,4.8779
0.015717,-0.0045776,4.9133
0.014191,-0.0073242,4.9158
0.014038,-0.0079346,4.9097
0.013275,-0.0080872,4.9084
0.013885,-0.0065613,4.9097
0.014954,-0.0079346,4.9084
0.016022,-0.010529,4.9011
0.01709,-0.011444,4.9072
0.015259,-0.011749,4.9109
0.012665,-0.010681,4.9109
0.010529,-0.0088501,4.9121
0.0083923,-0.0065613,4.9084
0.0088501,-0.0065613,4.9109
0.011749,-0.0079346,4.9243
0.014343,-0.0080872,4.9109
0.016937,-0.0076294,4.9219
0.017242,-0.0064087,4.9109
0.016937,-0.0041199,4.9072
0.016937,-0.0018311,4.9219
0.018311,-0.00045776,4.9158
0.02121,0.00015259,4.9182
0.023804,-0.00045776,4.9219
0.024567,0,4.9255
0.028381,0.00045776,4.9133
0.021362,0.0010681,4.9304
0.02182,0.0030518,4.9353
0.023041,0.0035095,4.9292
0.025787,0.0038147,4.9316
0.029144,0.0030518,4.9109
0.03006,0.00091553,4.9341
0.029449,-0.0010681,4.9329
0.026398,-0.0030518,4.9353
0.024261,-0.0036621,4.9329
0.022278,-0.0042725,4.9377
0.02243,-0.0027466,4.9438
0.024109,-0.00091553,4.9329
0.023193,-0.0021362,4.9329
0.022583,-0.0018311,4.9329
0.018768,-0.0024414,4.9341
0.016937,-0.0033569,4.9292
0.014343,-0.0035095,4.9304
0.012817,-0.0048828,4.9255
0.012817,-0.0048828,4.9268
0.012207,-0.005188,4.9207
0.011139,-0.0061035,4.9219
0.0091553,-0.004425,4.9158
0.0085449,-0.0042725,4.9207
0.0076294,-0.0033569,4.9146
0.0080872,-0.0024414,4.917
0.010986,-0.0019836,4.9304
0.014801,-0.00076294,4.9158
0.015717,-0.00061035,4.9158
0.017395,-0.0015259,4.9121
0.01709,-0.0015259,4.8938
0.020599,-0.0015259,4.9084
0.021973,0.00015259,4.9158
0.024719,0.0022888,4.9133
0.027466,0.0056458,4.906
0.031738,0.005188,4.9072
0.031738,0.0050354,4.9109
0.032196,0.0033569,4.9023
0.031738,0.0028992,4.9109
0.030975,0.0050354,4.9072
0.030518,0.0071716,4.917
0.030975,0.011139,4.9158
0.031281,0.010834,4.9158
0.030823,0.0080872,4.9231
0.03006,0.0035095,4.9207
0.025787,-0.00076294,4.9194
0.022583,-0.002594,4.9255
0.02121,-0.0027466,4.9329
0.019531,-0.002594,0.061035
0.019989,-0.0012207,0.048828
0.020142,-0.0027466,0.058594
0.019836,-0.0057983,0.061035
0.018463,-0.0079346,0.062256
0.016785,-0.0068665,0.058594
0.015106,-0.0038147,0.056152
0.015564,-0.0010681,0.062256
0.01709,0.00045776,0.062256
0.019379,-0.00045776,0.065918
0.02182,0,0.063477
0.025635,0.0027466,0.065918
0.026245,0.0062561,0.065918
0.028229,0.011292,0.068359
0.031738,0.013885,0.074463
0.033264,0.012665,0.067139
0.035248,0.010529,0.061035
0.035248,0.0065613,0.059814
0.036621,0.0035095,0.045166
0.037079,0.0015259,0.053711
0.035858,0.0035095,0.05249
0.035553,0.0047302,0.047607
0.034027,0.0035095,0.05127
0.033722,0.0021362,0.046387
0.035248,-0.00015259,0.047607
0.035248,-0.0013733,0.041504
0.035553,-0.0021362,0.046387
0.033569,-0.0022888,0.040283
0.032196,-0.0028992,0.040283
0.03006,-0.0035095,0.045166
0.029297,-0.0045776,0.042725
0.029144,-0.0048828,0.039063
0.029602,-0.0057983,0.040283
0.028839,-0.0038147,0.042725
0.028534,-0.0021362,0.039063
0.026398,0.0016785,0.043945
0.024109,0.0071716,0.039063
0.023193,0.011749,0.031738
0.023499,0.015869,0.0354
0.024567,0.018158,0.043945
0.027466,0.016327,0.040283
0.027771,0.013885,0.042725
0.028076,0.0090027,0.042725
0.028229,0.0085449,0.047607
0.028534,0.0067139,0.048828
0.029755,0.0071716,0.05249
0.029449,0.0085449,0.053711
0.029602,0.0074768,0.057373
0.026855,0.0053406,0.054932
0.023041,0.0022888,0.061035
0.021057,0.00045776,0.074463
0.018005,-0.00061035,0.063477
0.019531,0,0.064697
0.021057,0.00061035,0.062256
0.022278,-0.0019836,0.05249
0.023499,-0.0053406,0.059814
0.025482,-0.0090027,0.062256
0.026703,-0.011139,0.063477
0.028229,-0.0097656,0.063477
0.03006,-0.0067139,0.058594
0.028381,-0.0016785,0.067139
0.027008,-0.0016785,0.063477
0.024261,-0.0030518,0.067139
0.021362,-0.0053406,0.061035
0.020294,-0.0068665,0.063477
0.020905,-0.0059509,0.057373
0.022888,-0.0018311,0.061035
0.024719,-0.0041199,0.056152
0.024414,-0.0059509,0.053711
0.027008,-0.0079346,0.057373
0.028381,-0.010681,0.047607
0.028992,-0.010986,0.062256
0.029907,-0.012817,0.046387
0.029297,-0.0085449,0.047607
0.027313,-0.0064087,0.046387
0.027008,-0.0056458,0.043945
0.022888,-0.0064087,0.040283
0.023041,-0.0094604,3.7122
0.024109,-0.013428,4.8315
0.025177,-0.014648,4.9036
0.027313,-0.012512,4.906
0.028076,-0.0091553,4.9084
0.026855,-0.007782,4.906
0.02533,-0.0068665,4.9097
0.024872,-0.0083923,4.9109
0.024872,-0.010681,4.9158
0.026245,-0.012207,4.9182
0.02594,-0.011749,4.9109
0.02594,-0.0074768,4.9158
0.026093,-0.0032043,4.9109
0.026398,-0.00076294,4.9072
0.027466,-0.00091553,4.9146
0.028534,-0.0016785,4.9268
0.029449,-0.0042725,4.9182
0.029449,-0.0059509,4.9194
0.029297,-0.0065613,4.9243
0.025024,-0.0074768,4.9255
0.024261,-0.0080872,4.9243
0.024872,-0.010223,4.9353
0.023193,-0.013733,4.9292
0.02121,-0.015259,4.9329
0.020599,-0.016937,4.9194
0.0177,-0.018463,4.9353
0.017395,-0.015106,4.9268
0.016785,-0.012665,4.9304
0.016479,-0.0068665,4.939
0.01709,-0.0027466,4.9341
0.017548,-0.00076294,4.9402
0.019073,-0.00030518,4.9365
0.019226,0,4.9182
0.019836,-0.0035095,4.9365
0.019989,-0.0050354,4.9402
0.0177,-0.0057983,4.9304
0.016327,-0.0056458,4.9329
0.014191,-0.0057983,4.9255
0.011292,-0.0065613,4.928
0.0074768,-0.0059509,4.9231
0.0064087,-0.0039673,4.9048
0.0053406,-0.00061035,4.9182
0.0083923,-0.00076294,4.9231
0.0074768,-0.00030518,4.9158
0.0097656,-0.0019836,4.9231
0.011444,-0.0030518,4.9194
0.013428,-0.0048828,4.9048
0.015869,-0.0085449,4.9097
0.016174,-0.0097656,4.9158
0.016327,-0.013123,4.8962
0.015717,-0.011444,4.9109
0.014191,-0.012512,4.9011
0.012665,-0.014343,4.9109
0.011597,-0.014954,4.9109
0.010071,-0.015717,4.906
0.010376,-0.011749,4.9097
0.0099182,-0.0071716,4.906
0.010681,-0.0024414,4.9133
0.011749,-0.0022888,4.9048
0.013275,-0.0010681,4.9158
0.016022,-0.0016785,4.9121
0.016785,0,4.9158
0.01709,0.00076294,4.9158
0.015717,0.0035095,4.9182
0.013733,0.0074768,4.9243
0.013885,0.0093079,4.9243
0.014191,0.0093079,4.9353
0.016632,0.007782,4.928
0.019226,0.0065613,4.9097
0.021362,0.0054932,4.9304
0.019684,0.0061035,4.9304
0.019073,0.0076294,4.9292
0.017242,0.005188,4.9316
0.016174,0.00076294,0.063477
0.016632,-0.0018311,0.061035
0.016785,-0.0047302,0.062256
0.016937,-0.0065613,0.064697
0.015717,-0.0027466,0.062256
0.01358,-0.00030518,0.062256
0.012054,0.0010681,0.06958
0.012207,0.0012207,0.06958
0.012665,0.00091553,0.073242
0.01297,0.00030518,0.067139
0.013733,0.0016785,0.065918
0.013428,0.0030518,0.061035
0.011749,0.0053406,0.061035
0.013733,0.0061035,0.056152
0.010681,0.0065613,0.05249
0.011292,0.0056458,0.042725
0.012512,0.0045776,0.050049
0.013733,0.0045776,0.050049
0.015259,0.0038147,0.046387
0.015106,0.0042725,0.043945
0.015564,0.0032043,0.047607
0.016327,0.0038147,0.042725
0.016327,0.0033569,0.042725
0.01709,0.0033569,0.043945
0.016785,0.0041199,0.045166
0.01709,0.0041199,0.037842
0.01709,0.0039673,0.041504
0.017395,0.0039673,0.05249
0.018921,0.0033569,0.039063
0.017853,0.0022888,0.050049
0.019379,0.00091553,0.039063
0.020752,-0.00045776,0.025635
0.022278,-0.0042725,0.039063
0.023193,-0.0067139,0.039063
0.023499,-0.0079346,0.040283
0.023651,-0.007019,0.041504
0.023041,-0.005188,0.039063
0.022583,-0.0030518,0.045166
0.023193,-0.00076294,0.047607
0.023499,-0.00015259,0.05249
0.023804,-0.0013733,0.048828
0.023956,-0.0012207,0.054932
0.024109,-0.00015259,0.054932
0.024414,0.0024414,0.061035
0.02533,0.0030518,0.073242
0.025177,0.004425,0.062256
0.026093,0.0024414,0.061035
0.027008,0.0010681,0.063477
0.028381,0.00061035,0.068359
0.029449,0.00076294,0.059814
0.03006,0.002594,0.043945
0.031128,0.0036621,0.061035
0.031433,0.0041199,0.062256
0.031738,0.0028992,0.063477
0.032806,0.0013733,0.064697
0.031586,0.00061035,0.063477
0.033112,0.0010681,0.064697
0.032806,0.0030518,0.062256
0.032501,0.0033569,0.063477
0.031586,0.004425,0.056152
0.031891,0.0047302,0.061035
0.033112,0.004425,0.056152
0.033569,0.0059509,0.056152
0.033569,0.0085449,0.062256
0.031891,0.010376,0.054932
0.029297,0.010376,0.054932
0.026093,0.0062561,0.047607
0.024414,0.0010681,0.036621
0.022888,-0.002594,0.046387
0.021973,-0.0038147,0.045166
0.023346,-0.0019836,0.040283
0.023041,0.0021362,0.042725
0.023346,0.0054932,0.0354
0.023193,0.0062561,0.039063
0.024261,0.0064087,0.036621
0.024567,0.0073242,0.041504
0.026093,0.0073242,0.037842
0.028229,0.0082397,1.9409
0.03006,0.0099182,4.7363
0.031281,0.010834,4.8938
0.032043,0.010681,4.9036
0.034485,0.010986,4.906
0.034637,0.010986,4.9097
0.034485,0.011292,4.9121
0.033417,0.011292,4.917
0.030518,0.010834,4.9194
0.028229,0.010223,4.906
0.025787,0.0094604,4.9207
0.023499,0.0097656,4.9207
0.02182,0.0097656,4.9243
0.021362,0.010529,4.9231
0.022583,0.0083923,4.9243
0.023651,0.0045776,4.9316
0.025177,0.002594,4.9316
0.02594,0.0016785,4.9304
0.028992,0.00061035,4.928
0.02594,0.0024414,4.9353
0.025024,0.0039673,4.9292
0.022888,0.004425,4.9341
0.02121,0.0033569,4.9451
0.02121,0.0027466,4.9353
0.019989,0.002594,4.9329
0.02121,0.0047302,4.9353
0.024261,0.0071716,4.9268
0.027771,0.010071,4.9341
0.031433,0.012207,4.9329
0.0354,0.014496,4.9316
0.039063,0.0093079,4.9316
0.041046,0.0076294,4.9255
0.042114,0.0057983,4.9304
0.036774,0.0048828,4.9243
0.036316,0.0032043,4.9231
0.032654,0.0012207,4.9207
0.028229,-0.0019836,4.9194
0.024414,-0.0038147,4.9182
0.020142,-0.0054932,4.9207
0.018768,-0.0068665,4.9146
0.017548,-0.0042725,4.917
0.018005,-0.0032043,4.9207
0.019073,-0.002594,4.9158
0.020294,-0.0013733,4.9207
0.025024,0.00045776,4.9097
0.023041,0.00076294,4.9048
0.024872,0.0045776,4.9133
0.025177,0.0056458,4.9097
0.027008,0.0073242,4.9072
0.029602,0.0085449,4.9084
0.032043,0.0082397,4.9072
0.033417,0.0082397,4.9109
0.033417,0.0085449,4.9072
0.034027,0.0097656,4.9146
0.034027,0.010529,4.9109
0.033875,0.0091553,4.917
0.032654,0.0071716,4.9023
0.029907,0.0033569,4.9182
0.028534,0.00076294,4.9329
0.025787,-0.0013733,4.9219
0.024261,-0.0015259,4.9268
0.02243,-0.0013733,4.928
0.022125,-0.0019836,4.9243
0.020599,-0.002594,4.9329
0.020294,-0.0030518,4.9292
0.018158,-0.0019836,4.928
0.016785,0,4.928
0.016174,0.0030518,4.9304
0.016785,0.0056458,4.9329
0.016937,0.0057983,4.9304
0.018463,0.0016785,4.9341
0.017548,0.0024414,4.9414
0.015411,-0.00076294,4.9353
0.013885,-0.0030518,0.070801
0.013428,-0.0018311,0.067139
0.014648,-0.00045776,0.068359
0.015411,0.00045776,0.067139
0.017548,0.0019836,0.074463
0.019226,0.0030518,0.059814
0.0177,0.00030518,0.068359
0.016632,-0.0015259,0.057373
0.016327,-0.0030518,0.043945
0.016174,-0.0047302,0.053711
0.015259,-0.004425,0.05127
0.016785,-0.0056458,0.046387
0.016785,-0.0071716,0.048828
0.013275,-0.0071716,0.042725
0.016327,-0.0090027,0.048828
0.016785,-0.0088501,0.041504
0.018311,-0.0076294,0.043945
0.021973,-0.0038147,0.042725
0.025635,-0.00061035,0.046387
0.028229,0.0027466,0.039063
0.029755,0.0053406,0.042725
0.030518,0.0050354,0.05127
0.027008,0.0033569,0.040283
0.02594,0.00076294,0.041504
0.023346,-0.0028992,0.040283
0.021362,-0.0039673,0.024414
0.017853,-0.0028992,0.03418
0.014191,-0.00076294,0.036621
0.011749,0.0022888,0.040283
0.0088501,0.0021362,0.041504
0.007782,0.0047302,0.037842
0.0076294,0.0028992,0.045166
0.0083923,0.0024414,0.047607
0.010223,0.0019836,0.05127
0.011139,0.0015259,0.048828
0.01297,0.0033569,0.057373
0.014343,0.0013733,0.053711
0.014343,0.00030518,0.059814
0.016174,-0.0012207,0.061035
0.016479,-0.002594,0.062256
0.016785,-0.0027466,0.063477
0.017395,-0.0019836,0.065918
0.017395,-0.00091553,0.075684
0.016785,-0.00091553,0.062256
0.015564,0.00015259,0.05127
0.015106,0.0015259,0.061035
0.015106,0.0032043,0.057373
0.01709,0.0056458,0.059814
0.018921,0.0054932,0.067139
0.020752,0.0041199,0.064697
0.023193,0.0019836,0.064697
0.023499,0.00045776,0.062256
0.023956,-0.00030518,0.064697
0.023956,0.00030518,0.058594
0.024872,0.0012207,0.061035
0.024109,0.0019836,0.058594
0.022736,0.002594,0.059814
0.02182,0.00030518,0.054932
0.020752,0.00030518,0.05127
0.017548,-0.00045776,0.05249
0.015411,-0.00091553,0.047607
0.015869,-0.00045776,0.042725
0.018463,-0.00030518,0.046387
0.022125,-0.0016785,0.043945
0.024261,-0.0028992,0.039063
0.024567,-0.0041199,0.045166
0.024261,-0.004425,0.040283
0.024109,-0.0033569,0.039063
0.025024,-0.00030518,0.041504
0.026855,0.0027466,0.041504
0.026703,0.0030518,0.037842
0.027618,0.0035095,0.041504
0.026703,0.0030518,0.040283
0.02594,0.0028992,0.041504
0.026245,0.0024414,0.036621
0.026398,0.0015259,0.042725
0.028381,0.00091553,0.047607
0.031128,-0.00076294,0.043945
0.031281,-0.0016785,4.5349
0.030365,-0.0028992,4.8901
0.028839,-0.002594,4.8962
0.027771,-0.0039673,4.9146
0.027008,-0.0035095,4.9182
0.028076,-0.0032043,4.9207
0.028534,-0.0021362,4.9243
0.029449,0.00030518,4.9231
0.029602,0.0012207,4.9304
0.029755,0.0019836,4.9329
0.03067,0.00045776,4.9316
0.030975,-0.0024414,4.9146
0.032349,-0.0065613,4.9329
0.035248,-0.0068665,4.9316
0.0354,-0.0062561,4.9316
0.03479,-0.0059509,4.9377
0.033264,-0.007019,4.9341
0.03067,-0.0057983,4.9292
0.028687,-0.0050354,4.9365
0.027313,-0.0024414,4.9426
0.027618,0.00076294,4.9365
0.027466,0.004425,4.9451
0.028229,0.0062561,4.9341
0.026855,0.0061035,4.9304
0.026245,0.0047302,4.928
0.025787,0.002594,4.9316
0.025024,0.00076294,4.9243
0.025177,0.0018311,4.9255
0.025024,0.0033569,4.9207
0.025635,0.0036621,4.9207
0.026093,0.005188,4.917
0.02533,0.0054932,4.9194
0.029297,0.0061035,4.9207
0.03006,0.0061035,4.9194
0.032196,0.0047302,4.9268
0.034027,0.0033569,4.9146
0.036621,0.0019836,4.9182
0.038452,0.0013733,4.9097
0.037994,-0.00091553,4.9011
0.036469,-0.00076294,4.9109
0.032501,-0.00076294,4.9097
0.029297,-0.0018311,4.9097
0.026093,0,4.9084
0.02533,0.00045776,4.9109
0.024261,0.0012207,4.9084
0.024109,0.0010681,4.906
0.023651,-0.00076294,4.9109
0.02182,-0.0021362,4.9121
0.018311,-0.0050354,4.9133
0.021973,-0.0059509,4.9133
0.024719,-0.0045776,4.9194
0.028992,-0.0035095,4.9158
0.030518,-0.0019836,4.9207
0.03067,-0.0012207,4.9194
0.028687,-0.0013733,4.9255
0.025482,-0.0016785,4.9316
0.024872,-0.0042725,4.9304
0.024872,-0.004425,4.9243
0.027466,-0.0039673,4.928
0.029602,-0.0024414,4.9329
0.030212,0.00015259,4.9304
0.030975,0.0018311,4.9304
0.03067,0.0019836,4.9292
0.031891,-0.00015259,4.9329
0.033112,-0.0033569,4.9316
0.034943,-0.005188,4.9341
0.0354,-0.0059509,4.9341
0.034485,-0.0061035,4.9377
0.033722,-0.0054932,4.9341
0.030975,-0.0062561,4.9353
0.027313,-0.0086975,4.95
0.023956,-0.011597,4.9316
0.021515,-0.013123,0.065918
0.019989,-0.011749,0.056152
0.020294,-0.0097656,0.037842
0.020294,-0.0073242,0.053711
0.020905,-0.0067139,0.048828
0.021057,-0.0073242,0.050049
0.02182,-0.0094604,0.050049
0.024109,-0.010529,0.042725
0.026398,-0.010376,0.047607
0.028534,-0.009613,0.046387
0.029602,-0.0083923,0.043945
0.03006,-0.0073242,0.041504
0.029755,-0.0059509,0.045166
0.03067,-0.0097656,0.041504
0.029144,-0.0048828,0.041504
0.029297,-0.0033569,0.045166
0.029602,-0.0021362,0.042725
0.031281,-0.00015259,0.037842
0.032654,0.0013733,0.041504
0.033569,0.0010681,0.032959
0.031891,-0.00030518,0.037842
0.031128,-0.0021362,0.025635
0.029907,-0.0038147,0.040283
0.029755,-0.0042725,0.037842
0.029449,-0.0024414,0.041504
0.028839,0.00045776,0.045166
0.026093,0.0038147,0.043945
0.023346,0.0062561,0.047607
0.019226,0.0015259,0.050049
0.01709,0.00076294,0.053711
0.016937,-0.0015259,0.05249
0.018005,-0.0018311,0.062256
0.017853,-0.00076294,0.057373
0.017548,0.0012207,0.062256
0.015869,0.00091553,0.070801
0.016022,0.00015259,0.046387
0.014343,-0.0010681,0.074463
0.015564,-0.0024414,0.058594
0.017548,-0.0033569,0.047607
0.018616,-0.0033569,0.061035
0.018768,-0.0022888,0.059814
0.015259,-0.0027466,0.063477
0.011749,-0.0019836,0.065918
0.009613,-0.0036621,0.064697
0.0085449,-0.0067139,0.067139
0.010681,-0.007019,0.065918
0.013275,-0.0062561,0.068359
0.014496,-0.0030518,0.057373
0.014801,-0.00045776,0.063477
0.01358,0.0013733,0.058594
0.014038,0.0027466,0.058594
0.015411,0.0048828,0.058594
0.016632,0.0061035,0.053711
0.019226,0.0086975,0.05249
0.020447,0.010529,0.05127
0.018921,0.011749,0.05249
0.015717,0.0099182,0.047607
0.01358,0.0067139,0.046387
0.012665,0.0035095,0.042725
0.013275,0.0022888,0.042725
0.014496,0.0024414,0.040283
0.014343,0.0042725,0.032959
0.010986,0.0056458,0.039063
0.011902,0.0067139,0.041504
0.0061035,0.0067139,0.037842
0.0053406,0.0068665,0.039063
0.0067139,0.0074768,0.039063
0.0076294,0.0082397,0.039063
0.0094604,0.010071,0.039063
0.0086975,0.012665,0.041504
0.0080872,0.011444,0.054932
0.0065613,0.0099182,0.042725
0.0056458,0.0073242,0.048828
0.007019,0.005188,0.043945
0.0080872,0.0071716,0.028076
0.0076294,0.0080872,0.047607
0.0056458,0.0097656,0.050049
0.004425,0.011749,0.050049
0.0019836,0.013123,4.4763
0.0019836,0.011292,4.8889
0.0033569,0.010681,4.9268
0.0062561,0.0080872,4.9292
0.0085449,0.0038147,4.9316
0.010223,0.0015259,4.9255
0.010223,-0.00015259,4.9316
0.010986,-0.00030518,4.928
0.0097656,0.0013733,4.928
0.0097656,0.002594,4.9329
0.010071,0.0032043,4.9316
0.011292,0.0042725,4.9329
0.01236,0.0045776,4.9194
0.012054,0.0059509,4.9487
0.011139,0.0061035,4.9377
0.010529,0.0068665,4.9341
0.011597,0.007019,4.9341
0.015411,0.0073242,4.9316
0.018768,0.0068665,4.9316
0.024109,0.0059509,4.9329
0.022125,0.0053406,4.9329
0.019836,0.004425,4.9255
0.017395,0.0053406,4.9207
0.016022,0.0054932,4.9219
0.015717,0.0065613,4.917
0.016327,0.0065613,4.9194
0.017395,0.0053406,4.917
0.018463,0.0056458,4.9182
0.019073,0.0057983,4.9219
0.019379,0.0065613,4.9133
0.018616,0.0045776,4.9133
0.020905,0.0059509,4.9011
0.021515,0.0021362,4.8987
0.023193,-0.0016785,4.906
0.022888,-0.0036621,4.9109
0.020142,-0.005188,4.9097
0.016937,-0.0041199,4.9072
0.014343,-0.0019836,4.9084
0.012665,0,4.9133
0.014343,-0.002594,4.9036
0.016785,-0.00061035,4.9146
0.019379,-0.0012207,4.9048
0.022583,-0.0021362,4.9146
0.022125,-0.0012207,4.9121
0.022583,0,4.9182
0.023346,0.0013733,4.9146
0.024567,0.0016785,4.9207
0.027008,0.00076294,4.9219
0.028839,-0.0016785,4.9243
0.027008,-0.0032043,4.928
0.024109,-0.0050354,4.9292
0.021667,-0.0032043,4.9109
0.019836,-0.0016785,4.9304
0.019989,0.0010681,4.9329
0.02182,0.0015259,4.9304
0.024567,0.0033569,4.9219
0.027008,0.0024414,4.9268
0.028992,0.0028992,4.9341
0.028381,0.0036621,4.9329
0.028992,0.0036621,4.9316
0.028229,0.0036621,4.9292
0.03006,0.0028992,4.9365
0.03067,0.0021362,4.9316
0.031586,0.0024414,4.9365
0.031891,0.0021362,4.9475
0.030975,0.0053406,4.9341
0.029297,0.0067139,4.9292
0.027618,0.0079346,4.9353
0.027161,0.0082397,4.917
0.026398,0.009613,4.9231
0.027313,0.011292,4.9231
0.027771,0.011902,4.9231
0.028076,0.012054,0.05127
0.029297,0.012512,0.048828
0.028534,0.0099182,0.047607
0.029602,0.010376,0.042725
0.029907,0.0074768,0.043945
0.031281,0.0086975,0.040283
0.032654,0.0088501,0.045166
0.032959,0.009613,0.0354
0.031433,0.0093079,0.043945
0.029907,0.0083923,0.040283
0.027618,0.0059509,0.041504
0.026703,0.0039673,0.050049
0.026245,0.0013733,0.041504
0.026855,0.0018311,0.05127
0.026093,0.0015259,0.036621
0.025177,0.0013733,0.028076
0.025024,0.0019836,0.041504
0.024261,0.0021362,0.040283
0.025787,0.0010681,0.036621
0.028687,0.00091553,0.042725
0.029907,0.0013733,0.046387
0.032654,0.0018311,0.048828
0.03067,0.0030518,0.043945
0.03006,0.0059509,0.053711
0.028687,0.0086975,0.050049
0.028534,0.010529,0.058594
0.030518,0.010834,0.056152
0.031433,0.0074768,0.056152
0.032196,0.0053406,0.072021
0.030365,0.0021362,0.064697
0.027161,0.00091553,0.064697
0.028839,0.0016785,0.059814
0.028534,0.0022888,0.062256
0.029602,0.0035095,0.062256
0.030212,0.0041199,0.062256
0.029297,0.002594,0.059814
0.028229,0.0018311,0.063477
0.028687,-0.00045776,0.063477
0.026245,0.0016785,0.067139
0.024414,0.0033569,0.062256
0.023193,0.0032043,0.068359
0.02243,0.00030518,0.062256
0.022736,-0.0050354,0.062256
0.022125,-0.010223,0.061035
0.019989,-0.019379,0.059814
0.017242,-0.016022,0.05249
0.013428,-0.013275,0.056152
0.012207,-0.0093079,0.067139
0.013733,-0.0047302,0.050049
0.018005,-0.00076294,0.062256
0.023041,0.0016785,0.046387
0.029449,0.004425,0.037842
0.0354,0.0059509,0.042725
0.03418,0.0074768,0.045166
0.034485,0.0073242,0.041504
0.034637,0.0061035,0.039063
0.036163,0.0041199,0.0354
0.038452,0.0016785,0.041504
0.033569,0.0021362,0.036621
0.029755,0.0032043,0.040283
0.024109,0.0041199,0.036621
0.0177,0.0057983,0.043945
0.014648,0.0068665,0.042725
0.015106,0.0065613,0.040283
0.020752,0.0059509,0.046387
0.025024,0.0059509,0.040283
0.027466,0.0054932,0.037842
0.028534,0.0053406,0.040283
0.026703,0.0050354,0.03418
0.025787,0.0032043,0.045166
0.025024,0.0019836,0.045166
0.025177,-0.0010681,0.046387
0.024261,-0.0030518,0.053711
0.021057,-0.0057983,0.05249
0.016022,-0.007782,0.053711
0.010071,-0.0074768,0.056152
0.0059509,-0.0059509,0.059814
0.0057983,-0.0062561,0.058594
0.0076294,-0.0057983,4.5374
0.010681,-0.0099182,4.9048
0.012207,-0.0033569,4.9292
0.012817,-0.0013733,4.9292
0.012054,-0.00045776,4.9304
0.013275,0.002594,4.9365
0.015717,0.0048828,4.9353
0.018158,0.0073242,4.9402
0.020599,0.007782,4.9377
0.020599,0.0057983,4.9255
0.019226,0.0022888,4.9341
0.017395,0,4.9353
0.015717,-0.00091553,4.9316
0.014343,-0.00030518,4.9304
0.015259,0.0010681,4.9292
0.01709,0.0021362,4.9292
0.021973,0.00061035,4.9231
0.021362,-0.002594,4.9243
0.022888,-0.0056458,4.9194
0.023346,-0.0073242,4.9194
0.023193,-0.0062561,4.9219
0.023346,-0.0041199,4.9207
0.022736,-0.0033569,4.9146
0.023041,-0.0050354,4.9158
0.021362,-0.0073242,4.9194
0.019531,-0.0085449,4.9121
0.020599,-0.0097656,4.9158
0.01297,-0.0068665,4.9109
0.010681,-0.0018311,4.8987
0.011292,0.0028992,4.9097
0.01358,0.007782,4.9072
0.017242,0.010986,4.9109
0.019684,0.014038,4.9133
0.024414,0.016632,4.8962
0.02243,0.018921,4.9121
0.023193,0.019989,4.906
0.024567,0.020447,4.9109
0.02655,0.018463,4.9097
0.027161,0.015717,4.9158
0.028229,0.011597,4.9133
0.02594,0.0067139,4.917
0.023193,0.0045776,4.9329
0.015106,0.0028992,4.9207
0.010071,0.00076294,4.9292
0.007782,-0.00045776,4.928
0.0079346,0.0033569,4.9109
0.0080872,-0.0019836,4.928
0.010223,-0.002594,4.9304
0.012207,-0.0027466,4.9304
0.013428,-0.0016785,4.9304
0.015411,0.00015259,4.928
0.0177,0.00091553,4.9316
0.020905,0.0010681,4.9304
0.023041,-0.00045776,4.9182
0.021057,-0.0039673,4.9292
0.017242,-0.0065613,4.9353
0.011139,-0.007019,4.9341
0.0033569,-0.0050354,4.9341
-0.0010681,-0.0019836,4.9414
-0.0015259,0.0018311,4.9353
-0.00030518,0.0050354,4.939
0.0021362,0.0059509,4.9341
0.0071716,0.0045776,4.9426
0.013885,0.0032043,4.9194
0.019226,0.00076294,4.9255
0.026855,0.0024414,4.9255
0.033722,0.002594,4.9219
0.040894,0.0022888,4.9207
0.044861,-0.0016785,4.9207
0.044708,-0.0048828,4.9194
0.039215,-0.0085449,4.9194
0.033112,-0.010223,0.041504
0.025482,-0.010986,0.046387
0.020294,-0.010376,0.041504
0.016785,-0.009613,0.045166
0.015869,-0.0080872,0.040283
0.014801,-0.0085449,0.041504
0.015717,-0.0083923,0.046387
0.018616,-0.0079346,0.043945
0.02121,-0.0065613,0.047607
0.024261,-0.0032043,0.039063
0.027008,-0.00061035,0.029297
0.027618,0.00015259,0.039063
0.027313,-0.0010681,0.037842
0.024261,-0.0041199,0.032959
0.020752,-0.0064087,0.041504
0.0177,-0.0091553,0.039063
0.014496,-0.0088501,0.043945
0.011902,-0.0073242,0.045166
0.010834,-0.0061035,0.05127
0.010529,-0.0065613,0.046387
0.012512,-0.0080872,0.05249
0.014801,-0.010071,0.059814
0.020294,-0.014801,0.059814
0.023956,-0.011444,0.059814
0.027771,-0.011749,0.059814
0.032959,-0.011902,0.065918
0.035248,-0.012512,0.062256
0.035248,-0.012054,0.073242
0.035858,-0.010834,0.059814
0.033417,-0.0082397,0.050049
0.029755,-0.0045776,0.056152
0.026093,-0.0018311,0.061035
0.023956,-0.00091553,0.063477
0.023499,-0.00030518,0.063477
0.022888,-0.0022888,0.063477
0.023499,-0.0054932,0.067139
0.023651,-0.0067139,0.067139
0.025024,-0.0067139,0.065918
0.02655,-0.0054932,0.061035
0.027618,-0.0033569,0.064697
0.027466,-0.0019836,0.058594
0.029755,0.00030518,0.056152
0.026703,0.0042725,0.062256
0.02655,0.0012207,0.05249
0.026093,0.0016785,0.05127
0.024567,0.0016785,0.047607
0.024261,0.0010681,0.024414
0.021973,-0.00061035,0.043945
0.022583,-0.0022888,0.047607
0.021667,-0.0038147,0.042725
0.021515,-0.0048828,0.041504
0.023651,-0.0054932,0.037842
0.024414,-0.0062561,0.041504
0.025177,-0.005188,0.039063
0.028229,-0.0032043,0.040283
0.029755,-0.0021362,0.046387
0.030823,-0.0013733,0.041504
0.030365,-0.0010681,0.037842
0.03067,-0.00091553,0.042725
0.026703,-0.00030518,0.039063
0.026703,0.0033569,0.041504
0.021973,0.0030518,0.041504
0.018158,0.0045776,0.041504
0.01358,0.0042725,0.05249
0.011902,0.0045776,0.041504
0.011749,0.0027466,0.040283
0.012054,0.00091553,0.047607
0.013428,-0.00030518,0.05127
0.01709,0.00045776,0.050049
0.020599,0.0024414,0.056152
0.024109,-0.0010681,0.054932
0.027618,0.0021362,0.059814
0.03006,0.0015259,0.058594
0.031128,0.0013733,0.062256
0.030518,0.0010681,0.058594
0.028839,0.0018311,0.061035
0.026703,0.0033569,0.062256
0.024567,0.0019836,0.062256
0.020599,-0.0013733,3.7439
0.020905,-0.0035095,4.8596
0.017853,-0.0067139,4.9255
0.016022,-0.0085449,4.9316
0.015411,-0.0086975,4.9329
0.016937,-0.0064087,4.9353
0.01709,-0.0012207,4.9341
0.019379,0.0024414,4.9292
0.020447,0.0050354,4.9341
0.022278,0.0068665,4.928
0.024261,0.0071716,4.928
0.028839,0.0074768,4.9207
0.03006,0.0097656,4.9268
0.031891,0.014038,4.9194
0.033112,0.016327,4.9231
0.033722,0.017853,4.9194
0.034943,0.015564,4.9243
0.033722,0.01236,4.9158
0.031891,0.0088501,4.917
0.029602,0.0076294,4.9255
0.026703,0.0080872,4.9158
0.023651,0.0088501,4.9182
0.018463,0.0082397,4.9109
0.015411,0.0059509,4.8987
0.01358,0.0036621,4.9084
0.012512,0.0016785,4.9121
0.010529,0.00076294,4.9097
0.01297,0.0027466,4.9109
0.012512,0.0042725,4.9084
0.013733,0.0085449,4.9109
0.014496,0.0091553,4.9097
0.016479,0.0082397,4.9121
0.016785,0.0065613,4.9097
0.016022,0.0042725,4.9158
0.012054,0.0021362,4.9158
0.010529,0.0012207,4.9194
0.0071716,0.00045776,4.928
0.0038147,0,4.9207
0.0015259,-0.0013733,4.9243
0.00015259,-0.0019836,4.9255
-0.00030518,-0.0038147,4.928
0.00091553,-0.0042725,4.9292
0.0039673,-0.0035095,4.9133
0.0079346,-0.0012207,4.9304
0.010071,0.00091553,4.9316
0.014343,0.0039673,4.928
0.016937,0.005188,4.9304
0.018768,0.0056458,4.9316
0.018463,0.0074768,4.9353
0.017395,0.0033569,4.9316
0.017853,0.0022888,4.9365
0.017395,0.0030518,4.9341
0.016479,0.0036621,4.9377
0.015259,0.0030518,4.9353
0.014496,0.0045776,4.9365
0.014191,0.0041199,4.9438
0.014038,0.0045776,4.9329
0.015411,0.0067139,4.9377
0.016937,0.010376,4.9304
0.016479,0.011444,4.9158
0.015869,0.010834,4.9255
0.015106,0.012665,4.9207
0.014343,0.0086975,4.9182
0.01236,0.0022888,4.9231
0.010834,0.0062561,4.9146
0.0080872,0.00091553,4.9194
0.0050354,0.0022888,4.9133
0.0028992,0.0086975,4.917
0.00076294,0.0086975,4.9097
0.00076294,0.0086975,4.9146
0.0016785,0.0073242,4.9158
0.0036621,0.0091553,4.9146
0.0059509,0.012512,0.040283
0.0059509,0.016785,0.041504
0.0091553,0.018768,0.0354
0.012512,0.015717,0.040283
0.016174,0.01236,0.039063
0.018463,0.0071716,0.039063
0.016785,0.0041199,0.029297
0.012512,0.0065613,0.036621
0.0085449,0.0097656,0.040283
0.0042725,0.0074768,0.041504
0.00076294,0.007019,0.058594
-0.0015259,0.0016785,0.045166
-0.00091553,0.00045776,0.050049
0.0038147,0.0035095,0.048828
0.007019,0.0053406,0.053711
0.010681,0.0079346,0.054932
0.012512,0.0073242,0.058594
0.016022,0.0090027,0.056152
0.019836,0.0093079,0.063477
0.02243,0.0093079,0.073242
0.023041,0.010681,0.062256
0.021057,0.007782,0.068359
0.017548,0.0085449,0.063477
0.012665,0.0057983,0.042725
0.010376,0.0018311,0.057373
0.0076294,-0.00030518,0.062256
0.0074768,-0.0036621,0.063477
0.0083923,-0.0012207,0.062256
0.011749,0.0015259,0.063477
0.015869,0.002594,0.065918
0.021515,0.0048828,0.065918
0.026703,0.0054932,0.065918
0.031433,0.0048828,0.059814
0.034332,0.0035095,0.063477
0.033417,0.0028992,0.057373
0.03067,0.0015259,0.056152
0.027313,-0.0021362,0.062256
0.024261,-0.0050354,0.054932
0.020142,-0.0093079,0.05249
0.014801,-0.0094604,0.053711
0.011902,-0.0079346,0.05127
0.011597,-0.0068665,0.045166
0.013428,-0.0050354,0.046387
0.017395,-0.0061035,0.043945
0.02121,-0.0080872,0.043945
0.024414,-0.0061035,0.046387
0.028076,-0.005188,0.042725
0.029449,-0.0033569,0.037842
0.032196,-0.004425,0.039063
0.032349,-0.0062561,0.036621
0.031433,-0.0073242,0.040283
0.03006,-0.010986,0.039063
0.027466,-0.011139,0.040283
0.024719,-0.010376,0.040283
0.02182,-0.0076294,0.042725
0.021515,-0.0050354,0.05127
0.02121,-0.0035095,0.037842
0.02243,-0.0022888,0.05249
0.024414,-0.0022888,0.041504
0.027161,-0.0013733,0.0354
0.028687,-0.0016785,0.046387
0.028534,-0.00061035,0.047607
0.028381,-0.00076294,0.05127
0.028839,0.00030518,0.05127
0.027924,0.0012207,0.057373
0.026245,0.0019836,0.058594
0.024719,0.0022888,0.056152
0.02243,0.0028992,0.065918
0.020142,0.0041199,0.058594
0.018616,0.0024414,0.062256
0.019226,-0.00061035,0.064697
0.020142,-0.0038147,0.063477
0.020447,-0.0065613,0.062256
0.021667,-0.010223,0.062256
0.022736,-0.014038,0.064697
0.023193,-0.014496,0.063477
0.024567,-0.011749,0.074463
0.023193,-0.0047302,0.065918
0.022888,0.00045776,4.6021
0.021515,0.0015259,4.9084
0.020294,0,4.9292
0.018921,-0.0027466,4.9292
0.017395,-0.0027466,4.9292
0.015717,-0.00030518,4.9255
0.016785,0.0039673,4.9292
0.018768,0.0071716,4.9219
0.023804,0.0065613,4.9219
0.027618,0.0038147,4.9182
0.027466,0.00076294,4.9219
0.030365,0.0015259,4.9133
0.029602,0.0028992,4.9207
0.028076,0.005188,4.9268
0.026398,0.0048828,4.917
0.025482,-0.00061035,4.9109
0.025177,-0.0045776,4.9121
0.023499,-0.0076294,4.8938
0.021973,-0.0080872,4.9084
0.025482,-0.0059509,4.9072
0.021362,-0.0016785,4.9097
0.022278,0.0028992,4.9084
0.02121,0.007782,4.9084
0.02182,0.011597,4.9097
0.024414,0.011597,4.9072
0.026245,0.0085449,4.9084
0.030518,0.0045776,4.9084
0.031128,0.0010681,4.9158
0.031891,-0.0015259,4.9109
0.032501,-0.0022888,4.9194
0.033112,-0.0013733,4.9158
0.033264,0.00045776,4.9255
0.033417,0.0035095,4.9231
0.031128,0.0039673,4.9255
0.030212,0.0056458,4.9316
0.027771,0.0062561,4.9292
0.031738,0.0064087,4.917
0.032043,0.0053406,4.9304
0.031738,0.0035095,4.9292
0.028839,0.0013733,4.9304
0.027466,-0.0016785,4.9304
0.026398,-0.0062561,4.9292
0.025177,-0.009613,4.9207
0.023193,-0.011902,4.9304
0.020142,-0.011749,4.9353
0.017853,-0.011444,4.928
0.016327,-0.0071716,4.9365
0.016479,-0.0010681,4.9329
0.016479,-0.00015259,4.9365
0.017395,-0.0012207,4.9451
0.016174,-0.0033569,4.9365
0.020447,-0.0045776,4.9316
0.023651,-0.00030518,4.9268
0.02594,0.007019,4.9231
0.029755,0.013275,4.9292
0.032959,0.019073,4.9194
0.037537,0.020599,4.9194
0.034027,0.018158,4.917
0.032196,0.014191,4.9231
0.032806,0.010529,4.9109
0.029602,0.007782,4.9158
0.029144,0.004425,4.9194
0.028534,0.0057983,4.9121
0.028687,0.005188,4.9133
0.025787,0.0050354,4.9146
0.024414,0.0086975,4.9146
0.023499,0.010986,4.9097
0.023346,0.013428,4.9109
0.024719,0.014038,4.9097
0.025787,0.014496,4.9146
0.027008,0.01297,4.9182
0.024414,0.014954,4.9097
0.024261,0.013275,0.026855
0.023193,0.0076294,0.036621
0.020599,0.00091553,0.041504
0.015259,-0.0064087,0.041504
0.010529,-0.010223,0.040283
0.0067139,-0.0091553,0.041504
0.0036621,-0.0056458,0.048828
0.00091553,-0.00045776,0.047607
0.00015259,0.0019836,0.053711
0.00091553,0,0.05127
0.0021362,-0.0054932,0.059814
0.0079346,-0.011139,0.057373
0.013428,-0.014343,0.064697
0.016937,-0.011749,0.075684
0.018616,-0.0086975,0.063477
0.0177,-0.0059509,0.059814
0.018158,-0.0050354,0.063477
0.016174,-0.0093079,0.059814
0.014954,-0.0045776,0.059814
0.014954,-0.00076294,0.059814
0.014038,0.0053406,0.062256
0.013428,0.010529,0.062256
0.013275,0.011902,0.058594
0.014343,0.010834,0.063477
0.016785,0.0094604,0.064697
0.019379,0.007019,0.068359
0.02121,0.0062561,0.059814
0.02243,0.0061035,0.063477
0.021667,0.0071716,0.057373
0.019226,0.007019,0.059814
0.016937,0.0054932,0.058594
0.014038,0.0047302,0.054932
0.010529,0.0024414,0.059814
0.0071716,0.0016785,0.05127
0.0022888,-0.00076294,0.062256
0.00061035,-0.0019836,0.047607
-0.0013733,-0.0027466,0.041504
-0.0019836,-0.0027466,0.047607
-0.0038147,-0.0032043,0.042725
-0.00045776,-0.0033569,0.040283
-0.00076294,-0.0033569,0.041504
-0.00045776,-0.0045776,0.037842
0.00045776,-0.0050354,0.040283
0.0012207,-0.0041199,0.039063
0.0015259,-0.002594,0.042725
0.0022888,-0.0013733,0.041504
0.0018311,-0.00091553,0.041504
0.0015259,-0.00061035,0.040283
0.0012207,-0.0016785,0.041504
0.0019836,-0.002594,0.046387
0.0036621,-0.002594,0.041504
0.0057983,-0.0013733,0.042725
0.0093079,-0.0018311,0.042725
0.01297,-0.00045776,0.039063
0.016937,0.00061035,0.046387
0.021667,-0.00076294,0.056152
0.023804,-0.0013733,0.046387
0.026398,-0.0033569,0.053711
0.027618,-0.0038147,0.057373
0.026093,-0.0035095,0.057373
0.023956,-0.0016785,0.058594
0.019684,-0.00045776,0.061035
0.015259,0.0028992,0.061035
0.011597,0.0024414,0.062256
0.009613,0.0018311,0.062256
0.010071,0.0016785,0.065918
0.011139,0.0012207,0.056152
0.01236,0.00091553,0.062256
0.018463,0.00030518,0.073242
0.022278,0.00030518,0.064697
0.026245,0.00045776,0.067139
0.029144,0.0013733,0.063477
0.030212,0.005188,0.050049
0.029602,0.0086975,0.062256
0.028992,0.0074768,0.062256
0.025024,0.0050354,0.063477
0.023346,-0.00091553,0.056152
0.02121,-0.0012207,1.4502
0.020142,-0.0027466,4.7217
0.019226,-0.0027466,4.906
0.019684,-0.00015259,4.917
0.020142,0.0016785,4.9158
0.021973,-0.00076294,4.9194
0.023346,0.0019836,4.9182
0.025787,0.0010681,4.9182
0.027161,-0.002594,4.917
0.027618,-0.0030518,4.9158
0.027313,-0.0061035,4.9023
0.025787,-0.0076294,4.9146
0.028076,-0.010986,4.9072
0.029602,-0.012207,4.9097
0.028992,-0.014954,4.9182
0.027313,-0.016022,4.9133
0.027008,-0.014648,4.9097
0.027313,-0.014801,4.906
0.028687,-0.0099182,4.906
0.029297,-0.0071716,4.9084
0.029449,-0.0073242,4.9084
0.029297,-0.0019836,4.9121
0.029144,-0.0013733,4.9158
0.027618,0.00030518,4.9097
0.026093,-0.00061035,4.9146
0.026398,-0.0016785,4.9133
0.026245,-0.0012207,4.9146
0.028229,-0.0024414,4.9316
0.026703,-0.00045776,4.9231
0.024719,-0.0022888,4.9353
0.022278,-0.0028992,4.928
0.020599,-0.0030518,4.9182
0.021667,-0.0047302,4.9304
0.02243,-0.0048828,4.9292
0.023651,-0.0056458,4.9304
0.024872,-0.0067139,4.9292
0.025482,-0.0074768,4.9304
0.024414,-0.0080872,4.9304
0.027313,-0.0080872,4.928
0.027618,-0.0062561,4.9341
0.026398,-0.0032043,4.9304
0.024567,-0.0012207,4.939
0.021973,0.0010681,4.9243
0.016479,0.0010681,4.9377
0.015106,0.00091553,4.9377
0.014648,0.00030518,4.9353
0.014343,0.0015259,4.9353
0.015717,0.0015259,4.9329
0.016785,0.0047302,4.9377
0.018463,0.0048828,4.9268
0.019836,0.0013733,4.9304
0.020447,-0.0039673,4.9207
0.02243,-0.0094604,4.9207
0.02121,-0.012054,4.9255
0.020447,-0.011902,4.9207
0.019226,-0.0080872,4.9109
0.016785,-0.0056458,4.9158
0.017853,-0.005188,4.9146
0.013733,-0.0062561,4.9121
0.012512,-0.010681,4.9121
0.011902,-0.0094604,4.9182
0.011292,-0.0061035,4.9097
0.013123,-0.0024414,4.9133
0.013885,0.0015259,4.9207
0.015869,0.002594,4.9121
0.017242,0,4.917
0.017548,-0.00030518,4.9097
0.017853,0.0024414,4.8914
0.019379,0.0059509,4.9146
0.019836,0.010223,4.9121
0.020294,0.011139,4.9109
0.020142,0.0097656,4.9109
0.019836,0.0068665,4.9097
0.019684,0.0024414,0.045166
0.019531,0.0015259,0.05127
0.023041,0.0013733,0.05249
0.026093,0,0.05127
0.029144,-0.0024414,0.057373
0.029602,-0.0056458,0.058594
0.03067,-0.010681,0.061035
0.027313,-0.012207,0.067139
0.024567,-0.011292,0.062256
0.021515,-0.010529,0.061035
0.021057,-0.0082397,0.062256
0.020905,-0.0090027,0.073242
0.019989,-0.0076294,0.062256
0.018463,-0.0068665,0.05249
0.017242,-0.007782,0.061035
0.015869,-0.005188,0.063477
0.016937,-0.005188,0.063477
0.017853,-0.0019836,0.065918
0.020599,-0.00045776,0.063477
0.023041,-0.0019836,0.065918
0.023804,-0.0033569,0.062256
0.023499,-0.0054932,0.064697
0.022888,-0.0082397,0.054932
0.018311,-0.013123,0.05127
0.018921,-0.016327,0.056152
0.016632,-0.017395,0.056152
0.016632,-0.016632,0.061035
0.016479,-0.014496,0.05249
0.020905,-0.010681,0.05249
0.020142,-0.0073242,0.047607
0.023041,-0.010376,0.0354
0.02594,-0.0062561,0.042725
0.029144,-0.0074768,0.045166
0.032959,-0.0074768,0.039063
0.034637,-0.0045776,0.039063
0.034637,0.00076294,0.039063
0.034332,0.0013733,0.037842
0.033112,0.00045776,0.037842
0.032196,-0.0035095,0.040283
0.032043,-0.0050354,0.036621
0.032654,-0.0048828,0.040283
0.032806,-0.0018311,0.041504
0.031433,0.002594,0.040283
0.030823,0.0053406,0.037842
0.027466,0.0041199,0.045166
0.025482,0.0024414,0.040283
0.023041,0.0019836,0.042725
0.018921,0.00076294,0.048828
0.016632,0.0022888,0.045166
0.01358,0.0061035,0.045166
0.011292,0.011902,0.050049
0.0067139,0.018921,0.048828
0.0079346,0.026398,0.054932
0.012665,0.033112,0.053711
0.018921,0.038757,0.058594
0.025482,0.041199,0.064697
0.028076,0.040131,0.059814
0.027924,0.031128,0.062256
0.025024,0.02655,0.063477
0.021667,0.019379,0.063477
0.022125,0.013123,0.059814
0.024109,0.0099182,0.064697
0.026245,0.0064087,0.075684
0.028229,0.0054932,0.065918
0.027161,0.0073242,0.062256
0.024261,0.011597,0.062256
0.019379,0.016632,0.053711
0.014801,0.024109,0.064697
0.007019,0.017853,0.064697
-0.0010681,0.0093079,0.059814
-0.010071,-0.0038147,0.061035
-0.017395,-0.0177,0.05249
-0.025787,-0.029449,0.056152
-0.026245,-0.039673,0.05127
-0.027313,-0.040894,0.05127
-0.026398,-0.040588,0.046387
-0.024109,-0.033875,0.048828
-0.018463,-0.024261,0.046387
-0.010834,-0.011597,4.4812
-0.0010681,0.0039673,4.8828
0.010834,0.014954,4.9109
0.022125,0.023651,4.9207
0.031433,0.027161,4.9133
0.038605,0.023346,4.9048
0.042114,0.017853,4.9084
0.042877,0.01236,4.9109
0.040588,0.011139,4.9097
0.035706,0.012512,4.906
0.026703,0.014191,4.9109
0.017548,0.014954,4.9109
0.012665,0.011749,4.9097
0.010071,0.0073242,4.906
0.010376,0.0047302,4.906
0.011749,0.0082397,4.9158
0.015259,0.015411,4.9097
0.019684,0.023346,4.9158
0.021057,0.027313,4.917
0.022278,0.025024,4.9194
0.020599,0.020599,4.928
0.016632,0.016632,4.9231
0.011749,0.014191,4.9231
0.004425,0.014496,4.9268
-0.0015259,0.012207,4.9231
-0.0065613,0.0067139,4.9329
-0.010834,-0.0013733,4.9353
-0.010986,-0.010071,4.9268
-0.0082397,-0.019379,4.9329
-0.0036621,-0.026398,4.9304
0.00015259,-0.029297,4.9292
0.0024414,-0.031738,4.9304
0.004425,-0.03006,4.9353
0.0083923,-0.028687,4.9316
0.012665,-0.026855,4.9341
0.017242,-0.023499,4.9341
0.021362,-0.019684,4.9377
0.023193,-0.015869,4.9316
0.024261,-0.013123,4.9377
0.02655,-0.011902,4.9438
0.030212,-0.013885,4.928
0.036621,-0.016174,4.9353
0.042114,-0.020142,4.928
0.043488,-0.018463,4.9084
0.041351,-0.019989,4.9182
0.036011,-0.019684,4.9146
0.028992,-0.016479,4.9207
0.024414,-0.010986,4.9194
0.022583,-0.0041199,4.9158
0.023956,-0.00076294,4.9158
0.027771,0.0021362,4.9158
0.031891,0.0027466,4.8962
0.0354,0.0015259,4.9109
0.03891,0.0030518,4.9158
0.039825,0.002594,4.9133
0.0383,0,4.9146
0.033722,-0.0028992,4.9158
0.026703,-0.0071716,4.9121
0.019531,-0.0086975,4.9072
0.012207,-0.0057983,4.9109
0.0057983,-0.00030518,4.9011
0.0019836,0.0068665,4.9084
0.0018311,0.013275,4.9121
0.0047302,0.015564,4.9121
0.0099182,0.015717,4.9109
0.016632,0.015411,4.9109
0.023193,0.013885,4.9133
0.026703,0.01297,4.9194
0.02655,0.014496,4.9231
0.023499,0.013428,4.9207
0.019379,0.013123,4.928
0.017395,0.014801,4.9268
0.019226,0.01297,4.9341
0.023499,0.015106,0.047607
0.027924,0.014191,0.065918
0.030823,0.015411,0.067139
0.029755,0.0076294,0.063477
0.027313,0.0016785,0.073242
0.025635,-0.0047302,0.059814
0.022888,-0.010376,0.05249
0.020447,-0.011139,0.062256
0.017242,-0.016327,0.063477
0.013428,-0.016937,0.063477
0.0093079,-0.013733,0.068359
0.0073242,-0.0082397,0.062256
0.0086975,-0.0035095,0.065918
0.013428,0.0019836,0.064697
0.019989,0.0056458,0.072021
0.02533,0.0086975,0.062256
0.026855,0.0094604,0.062256
0.025024,0.0080872,0.057373
0.02182,0.0062561,0.057373
0.019073,0.0061035,0.056152
0.018921,0.0074768,0.05127
0.020599,0.010071,0.05127
0.023651,0.014343,0.046387
0.02594,0.019684,0.047607
0.030518,0.023041,0.043945
0.030365,0.027924,0.043945
0.034332,0.031586,0.045166
0.0383,0.033417,0.041504
0.042267,0.032806,0.042725
0.043793,0.027161,0.039063
0.041656,0.018158,0.036621
0.036316,0.0057983,0.0354
0.028534,-0.0036621,0.037842
0.022125,-0.011444,0.039063
0.016785,-0.016937,0.041504
0.014648,-0.019226,0.042725
0.012817,-0.020752,0.037842
0.011597,-0.021515,0.039063
0.0099182,-0.022125,0.056152
0.0079346,-0.023499,0.041504
0.0083923,-0.022278,0.053711
0.007019,-0.022278,0.047607
0.0083923,-0.02243,0.029297
0.012054,-0.023346,0.046387
0.016479,-0.028381,0.050049
0.020142,-0.033264,0.05249
0.021667,-0.039825,0.054932
0.020905,-0.0383,0.058594
0.018616,-0.034332,0.062256
0.016174,-0.028076,0.058594
0.01709,-0.020752,0.063477
0.019684,-0.015717,0.058594
0.023651,-0.013885,0.061035
0.027313,-0.014038,0.061035
0.03067,-0.014496,0.062256
0.036163,-0.01358,0.070801
0.041809,-0.012512,0.063477
0.048523,-0.0099182,0.063477
0.055542,-0.0083923,0.065918
0.056,-0.0064087,0.076904
0.060425,-0.0053406,0.064697
0.05722,-0.0045776,0.045166
0.050964,0.0024414,0.064697
0.044556,0.0080872,0.056152
0.039978,0.014038,0.05249
0.038757,0.019684,0.057373
0.037994,0.023499,0.05249
0.037231,0.023651,0.053711
0.036163,0.022278,0.054932
0.033112,0.021515,0.05249
0.029755,0.020752,0.046387
0.026855,0.02121,0.050049
0.02533,0.023041,0.045166
0.024567,0.023651,0.045166
0.023499,0.022888,0.05249
0.024414,0.019684,0.043945
0.023651,0.016479,0.047607
0.023041,0.011749,4.3738
0.022583,0.0076294,4.8596
0.021667,0.0030518,4.9048
0.02243,-0.0032043,4.9084
0.020294,-0.009613,4.906
0.017853,-0.016327,4.9084
0.013275,-0.020294,4.9109
0.0079346,-0.023193,4.9097
0.0027466,-0.023499,4.9084
0.00061035,-0.019531,4.9121
0.00076294,-0.017242,4.9097
0.0030518,-0.0093079,4.9146
0.007782,-0.011902,4.9158
0.01297,-0.0091553,4.9194
0.018158,-0.007019,4.9158
0.02182,-0.0021362,4.9231
0.025482,0.0015259,4.9219
0.029144,0.0035095,4.9268
0.031433,0.0041199,4.9365
0.032806,0.0019836,4.9304
0.031433,-0.0013733,4.9207
0.028839,-0.002594,4.928
0.026093,-0.0032043,4.9255
0.023651,-0.0021362,4.9304
0.022278,-0.0019836,4.9292
0.023193,-0.0035095,4.9268
0.028229,-0.0053406,4.9353
0.025635,-0.0074768,4.9316
0.026245,-0.009613,4.9341
0.029449,-0.0099182,4.9341
0.023499,-0.0074768,4.9377
0.020905,-0.0041199,4.9341
0.019073,0.00015259,4.9353
0.019379,0.004425,4.9475
0.021515,0.0071716,4.9341
0.020447,0.0088501,4.9292
0.018921,0.010681,4.9292
0.018005,0.011444,4.9109
0.016937,0.011902,4.9207
0.01709,0.010681,4.9231
0.018158,0.0086975,4.9304
0.019684,0.0059509,4.9194
0.019836,0.0015259,4.9158
0.019836,-0.0021362,4.9158
0.017395,-0.0061035,4.9133
0.020142,-0.010071,4.9158
0.020905,-0.010681,4.9084
0.023499,-0.011292,4.9146
0.025482,-0.010071,4.9133
0.027618,-0.010681,4.9146
0.029297,-0.010071,4.9109
0.029144,-0.0093079,4.9109
0.027466,-0.0090027,4.9158
0.026093,-0.0065613,4.9109
0.02594,-0.0032043,4.9146
0.026398,0.00076294,4.9097
0.027161,0.0016785,4.8987
0.027161,0.0036621,4.9109
0.026093,0.0021362,4.9133
0.024109,-0.00030518,4.9097
0.022888,-0.0015259,4.9146
0.021667,-0.0019836,4.9146
0.021667,-0.00015259,4.9182
0.021362,0.0024414,4.9207
0.020905,0.002594,4.9268
0.021057,0.0027466,4.9268
0.019989,0.0024414,4.9304
0.019226,0.0030518,4.9292
0.017853,0.0057983,4.9341
0.018005,0.0093079,4.9402
0.020142,0.012054,4.9329
0.020599,0.014191,4.9365
0.02182,0.01297,4.9292
0.020294,0.011902,0.058594
0.018616,0.0093079,0.059814
0.015259,0.0071716,0.062256
0.011749,0.0064087,0.064697
0.0099182,0.0065613,0.065918
0.0085449,0.0057983,0.064697
0.0073242,0.0027466,0.067139
0.0082397,-0.00061035,0.063477
0.0086975,-0.0059509,0.068359
0.010376,-0.0067139,0.058594
0.013123,-0.0076294,0.058594
0.016327,-0.0074768,0.056152
0.020599,-0.0080872,0.057373
0.024872,-0.010071,0.05127
0.025635,-0.012207,0.05249
0.028229,-0.013428,0.061035
0.027008,-0.012665,0.047607
0.026703,-0.010529,0.058594
0.026093,-0.0086975,0.047607
0.027161,-0.0071716,0.0354
0.028839,-0.0083923,0.042725
0.030823,-0.010223,0.045166
0.031586,-0.010986,0.041504
0.031281,-0.01297,0.037842
0.031281,-0.010681,0.0354
0.030212,-0.0090027,0.043945
0.03067,-0.0071716,0.036621
0.031433,-0.0067139,0.037842
0.031433,-0.0082397,0.036621
0.031433,-0.009613,0.042725
0.030212,-0.0097656,0.039063
0.028229,-0.0093079,0.041504
0.026703,-0.0076294,0.053711
0.026398,-0.0045776,0.041504
0.02533,-0.0010681,0.047607
0.025024,0.0039673,0.043945
0.024872,0.0093079,0.031738
0.02594,0.015259,0.047607
0.026398,0.019684,0.05127
0.027161,0.021057,0.054932
0.027313,0.019226,0.054932
0.028992,0.016785,0.053711
0.030365,0.012207,0.059814
0.03067,0.007019,0.059814
0.029449,0.0015259,0.061035
0.027466,-0.0018311,0.058594
0.025024,-0.0076294,0.063477
0.023346,-0.0085449,0.061035
0.023346,-0.0094604,0.058594
0.020447,-0.0082397,0.063477
0.020142,-0.0059509,0.064697
0.014648,-0.0053406,0.068359
0.0094604,-0.0057983,0.067139
0.0061035,-0.0068665,0.076904
0.0056458,-0.0083923,0.064697
0.0059509,-0.0074768,0.056152
0.0085449,-0.0071716,0.065918
0.011902,-0.0050354,0.059814
0.013885,-0.0035095,0.054932
0.016174,-0.0028992,0.057373
0.013733,-0.0018311,0.047607
0.0177,-0.00045776,0.054932
0.019989,0.0056458,0.053711
0.020142,0.010223,0.05127
0.016479,0.012512,0.046387
0.01297,0.011444,0.047607
0.0079346,0.0067139,0.048828
0.0042725,0.0021362,0.048828
0.0027466,0.00015259,0.045166
0.0042725,0.00076294,0.045166
0.007782,0.0033569,0.040283
0.011902,0.0047302,0.039063
0.01709,0.0048828,0.030518
0.021973,0.0035095,0.040283
0.02594,0.0019836,0.039063
0.027771,0.0010681,0.0354
0.028839,0.002594,0.039063
0.03067,0.0047302,3.1189
0.028076,0.0053406,4.8059
0.02533,0.0047302,4.8962
0.023346,0.00045776,4.9097
0.021973,-0.0028992,4.9084
0.022278,-0.0054932,4.9121
0.023041,-0.0032043,4.9133
0.024414,-0.0022888,4.9097
0.024719,-0.00091553,4.917
0.024109,-0.00030518,4.9243
0.02533,-0.00045776,4.9292
0.027618,-0.0012207,4.928
0.030975,-0.00015259,4.939
0.035553,0.0036621,4.9304
0.038757,0.0079346,4.9146
0.040131,0.0085449,4.928
0.041199,0.014801,4.928
0.041046,0.013733,4.9304
0.041046,0.01236,4.9316
0.040588,0.0091553,4.928
0.039215,0.0094604,4.9365
0.036469,0.0016785,4.9329
0.032959,-0.00076294,4.9353
0.03006,-0.0027466,4.9292
0.025787,-0.005188,4.939
0.023346,-0.0094604,4.9194
0.02121,-0.013275,4.9365
0.020447,-0.014801,4.9402
0.020447,-0.015411,4.9353
0.016174,-0.01297,4.9329
0.013885,-0.0093079,4.9329
0.01236,-0.007019,4.9304
0.01297,-0.0056458,4.9231
0.013123,-0.0062561,4.9097
0.015106,-0.0080872,4.9219
0.017242,-0.010529,4.9182
0.018616,-0.0068665,4.9182
0.021362,-0.0053406,4.9121
0.023956,-0.0030518,4.9133
0.025482,-0.0036621,4.9182
0.027008,-0.0019836,4.906
0.027466,-0.0024414,4.9133
0.027313,-0.0041199,4.9097
0.028076,-0.0019836,4.9133
0.026398,-0.0022888,4.9133
0.024872,0.00045776,4.9146
0.024261,0.0041199,4.9194
0.023193,0.0085449,4.9121
0.023041,0.012665,4.9219
0.023346,0.014954,4.906
0.022736,0.015869,4.895
0.02121,0.019684,4.9146
0.018921,0.021667,4.9109
0.015106,0.023041,4.9097
0.014496,0.023651,4.9158
0.014343,0.021057,4.9194
0.014496,0.015717,4.9207
0.014954,0.010986,4.9207
0.010834,0.0076294,4.9255
0.014038,0.0073242,4.9219
0.011444,0.0093079,4.928
0.013123,0.0080872,4.9304
0.010376,0.0047302,4.9329
0.0071716,-0.00076294,4.9341
0.0012207,-0.0074768,4.9316
-0.0050354,-0.010376,4.928
-0.010223,-0.013428,4.9329
-0.014496,-0.012665,4.9402
-0.016479,-0.013123,4.9304
-0.016327,-0.01297,4.9292
-0.015411,-0.01358,4.9304
-0.011292,-0.014648,4.9365
-0.0048828,-0.0094604,4.9341
0.0024414,-0.0033569,4.9377
0.011139,0.0045776,0.064697
0.019226,0.012207,0.068359
0.030975,0.019226,0.058594
0.039368,0.021667,0.062256
0.045471,0.022888,0.056152
0.050201,0.021515,0.057373
0.051727,0.02182,0.053711
0.05188,0.020599,0.054932
0.05188,0.018158,0.064697
0.049744,0.014954,0.05127
0.046234,0.0097656,0.047607
0.041962,0.0038147,0.048828
0.036621,0.00076294,0.029297
0.031281,0.0010681,0.041504
0.025635,0.0036621,0.042725
0.021362,0.0085449,0.040283
0.016785,0.014801,0.042725
0.014038,0.019226,0.037842
0.011902,0.021973,0.040283
0.0097656,0.024261,0.042725
0.0065613,0.023956,0.040283
0.0042725,0.020905,0.036621
0.002594,0.015106,0.042725
0.0013733,0.0050354,0.041504
0,-0.0032043,0.040283
-0.00015259,-0.010681,0.042725
-0.00045776,-0.015564,0.042725
0.0015259,-0.016632,0.041504
0.0038147,-0.016174,0.045166
0.0071716,-0.014648,0.047607
0.0094604,-0.01358,0.045166
0.014038,-0.011597,0.046387
0.017853,-0.011292,0.05249
0.020599,-0.009613,0.056152
0.024109,-0.0090027,0.053711
0.026093,-0.0090027,0.056152
0.027618,-0.010681,0.058594
0.028229,-0.011902,0.062256
0.028076,-0.01297,0.057373
0.028992,-0.01297,0.065918
0.030518,-0.012207,0.057373
0.032196,-0.011597,0.062256
0.03418,-0.010986,0.062256
0.035553,-0.011597,0.063477
0.036163,-0.011444,0.072021
0.035858,-0.010529,0.063477
0.034637,-0.010071,0.070801
0.032501,-0.0099182,0.067139
0.030975,-0.010834,0.056152
0.030365,-0.011597,0.064697
0.029144,-0.012512,0.061035
0.028992,-0.012207,0.063477
0.028687,-0.010071,0.057373
0.028381,-0.0071716,0.054932
0.028992,-0.0064087,0.056152
0.029755,-0.0041199,0.048828
0.030365,-0.0045776,0.05249
0.031891,-0.0041199,0.046387
0.034027,-0.0016785,0.047607
0.036011,0.0027466,0.05249
0.037231,0.0083923,0.046387
0.037689,0.012665,0.045166
0.0354,0.015411,0.042725
0.034485,0.013733,0.053711
0.032501,0.010223,0.039063
0.030518,0.0053406,0.047607
0.028687,0.0027466,0.031738
0.026245,0.0010681,0.030518
0.024261,0.00061035,0.03418
0.023041,-0.00030518,0.041504
0.022278,-0.0010681,0.039063
0.023651,-0.0022888,0.039063
0.024109,-0.0032043,0.036621
0.027313,-0.0024414,0.039063
0.028534,-0.00045776,0.036621
0.029297,0.00045776,0.042725
0.028076,-0.00015259,0.039063
0.026703,-0.0019836,4.5508
0.022736,-0.0033569,4.8914
0.019226,-0.0053406,4.917
0.015869,-0.0061035,4.9316
0.01358,-0.0053406,4.9219
0.012054,-0.0050354,4.9243
0.010376,-0.0067139,4.928
0.009613,-0.0064087,4.9231
0.0090027,-0.0061035,4.9292
0.010223,-0.0045776,4.9329
0.011597,-0.0013733,4.9304
0.0177,0.00030518,4.9316
0.019684,-0.00061035,4.9268
0.022888,-0.0016785,4.9329
0.024872,-0.0038147,4.9329
0.026703,-0.0035095,4.9316
0.028687,-0.0028992,4.9329
0.029907,0.0041199,4.9329
0.032196,0.0038147,4.9353
0.034027,0.0083923,4.9365
0.035553,0.0088501,4.9341
0.034332,0.0076294,4.9207
0.034943,0.0053406,4.9414
0.033722,0.0042725,4.9329
0.034027,0.0035095,4.9353
0.033569,0.0035095,4.9255
0.033875,0.0032043,4.917
0.033264,0.0033569,4.9158
0.033569,0.00030518,4.9194
0.031891,-0.0016785,4.9146
0.029297,-0.0047302,4.9207
0.025482,-0.0090027,4.9109
0.022736,-0.014954,4.917
0.016022,-0.018921,4.9109
0.012817,-0.019379,4.9146
0.009613,-0.018005,4.9084
0.007019,-0.016022,4.9146
0.0073242,-0.014191,4.9084
0.0071716,-0.014954,4.9121
0.0085449,-0.019073,4.9121
0.011139,-0.019226,4.9097
0.014954,-0.019226,4.9084
0.017242,-0.018005,4.9084
0.020142,-0.017242,4.9011
0.021973,-0.016937,4.9109
0.023193,-0.01709,4.906
0.025177,-0.016937,4.9084
0.026398,-0.017242,4.9133
0.026398,-0.014648,4.9133
0.032806,-0.011749,4.9097
0.037079,-0.0061035,4.9207
0.041504,-0.0027466,4.9292
0.043335,0.00061035,4.9243
0.046234,0.0035095,4.9292
0.048218,0.0038147,4.928
0.050964,0.0056458,4.9329
0.048981,0.0090027,4.928
0.050659,0.009613,4.9316
0.050507,0.010529,4.9341
0.04776,0.011444,4.9219
0.04425,0.011139,4.939
0.042877,0.011749,4.9329
0.039825,0.014648,4.9133
0.03891,0.016632,4.9292
0.037384,0.017853,4.9304
0.035095,0.018616,4.9353
0.032043,0.015106,4.9353
0.028534,0.011597,4.9341
0.028534,0.0097656,4.9377
0.024261,0.007019,4.9329
0.022583,0.0080872,4.9377
0.019836,0.0074768,4.928
0.01709,0.0050354,0.054932
0.015411,0.0030518,0.053711
0.01236,0.0015259,0.056152
0.011292,0.00015259,0.059814
0.010681,-0.0018311,0.048828
0.0085449,-0.004425,0.047607
0.0065613,-0.0062561,0.047607
0.0045776,-0.0090027,0.039063
0.0030518,-0.010376,0.043945
0.0021362,-0.0090027,0.041504
0.0027466,-0.012207,0.043945
0.0045776,-0.011292,0.041504
0.0048828,-0.0088501,0.036621
0.0086975,-0.0061035,0.040283
0.011139,-0.0019836,0.037842
0.014343,0.00091553,0.041504
0.01709,0.004425,0.036621
0.021362,0.0065613,0.041504
0.024414,0.009613,0.040283
0.028381,0.01297,0.042725
0.030823,0.0097656,0.039063
0.033264,0.0091553,0.042725
0.035248,0.0083923,0.05127
0.036469,0.007019,0.046387
0.035553,0.0050354,0.057373
0.034637,0.0038147,0.041504
0.032654,0.0024414,0.043945
0.029602,0.0030518,0.053711
0.028381,0.0039673,0.054932
0.027161,0.0048828,0.05249
0.025177,0.0067139,0.050049
0.022583,0.007782,0.059814
0.019989,0.009613,0.062256
0.016632,0.010681,0.059814
0.016479,0.010681,0.063477
0.012054,0.0099182,0.058594
0.011292,0.0091553,0.063477
0.011292,0.0085449,0.062256
0.01236,0.0062561,0.063477
0.013733,0.0042725,0.06958
0.015259,0.002594,0.061035
0.017395,0.00015259,0.068359
0.019531,0.0015259,0.065918
0.020905,0.0027466,0.072021
0.022736,0.0036621,0.062256
0.024109,0.0047302,0.062256
0.023956,0.005188,0.059814
0.022583,0.0035095,0.057373
0.020447,0.0018311,0.056152
0.019531,0,0.056152
0.018768,-0.00061035,0.047607
0.020447,-0.0015259,0.050049
0.02243,0,0.047607
0.024872,0.00076294,0.05127
0.026093,0.0012207,0.050049
0.026855,0.0012207,0.043945
0.026093,0.0018311,0.045166
0.025787,0.0021362,0.045166
0.026093,0.0042725,0.058594
0.026093,0.0061035,0.040283
0.024872,0.007019,0.046387
0.019989,0.0062561,0.039063
0.016937,0.0032043,0.020752
0.012512,-0.00015259,0.036621
0.010834,-0.0015259,0.039063
0.011902,-0.0018311,0.039063
0.014954,-0.00030518,0.040283
0.017548,0.002594,0.036621
0.019379,0.0059509,0.041504
0.019226,0.0064087,0.037842
0.019379,0.0076294,0.041504
0.018921,0.0080872,0.041504
0.020294,0.007782,0.048828
0.021667,0.0099182,0.045166
0.021667,0.0094604,0.05249
0.021057,0.0093079,0.056152
0.020599,0.0082397,0.054932
0.018921,0.007019,0.040283
0.019684,0.0050354,3.6731
0.021667,0.0036621,4.8572
0.024414,0.0032043,4.9231
0.026245,0.0032043,4.9231
0.027618,0.0024414,4.9304
0.028534,0.0015259,4.9304
0.02655,0.00076294,4.9255
0.024261,-0.0015259,4.9329
0.023499,-0.0019836,4.9304
0.023651,-0.0032043,4.9329
0.024261,-0.0036621,4.9304
0.025482,-0.0042725,4.9377
0.026703,-0.0065613,4.9329
0.028381,-0.0057983,4.939
0.028381,-0.0057983,4.9316
0.029144,-0.0054932,4.9268
0.029755,-0.0061035,4.9451
0.032349,-0.0039673,4.9329
0.034027,-0.004425,4.9255
0.034637,-0.0047302,4.9231
0.035095,-0.0050354,4.9133
0.032349,-0.0048828,4.9231
0.029907,-0.0036621,4.9182
0.027618,-0.00076294,4.9158
0.026703,0.00091553,4.9207
0.027313,0.0019836,4.9158
0.028381,0.0012207,4.9097
0.028839,0.0018311,4.9133
0.028687,-0.00030518,4.9146
0.027008,0,4.9072
0.026398,0.0021362,4.9084
0.025787,0.0042725,4.9133
0.02655,0.0067139,4.9158
0.027008,0.0079346,4.9084
0.028534,0.0080872,4.9121
0.028839,0.0076294,4.9146
0.028839,0.0056458,4.9097
0.027313,0.002594,4.9146
0.026398,-0.00045776,4.9097
0.025787,-0.002594,4.8987
0.02594,-0.0045776,4.9084
0.024719,-0.0054932,4.9121
0.023193,-0.0061035,4.9146
0.018311,-0.0061035,4.9194
0.012817,-0.0082397,4.9146
0.0079346,-0.0085449,4.9231
0.0047302,-0.0083923,4.9243
0.004425,-0.0062561,4.9243
0.0059509,-0.0033569,4.9231
0.0073242,0.00091553,4.9316
0.0082397,0.0012207,4.9304
0.0083923,0.0012207,4.9341
0.010834,-0.00015259,4.9438
0.012207,-0.0012207,4.9341
0.015411,-0.0021362,4.9329
0.017242,-0.0019836,4.9353
0.018616,-0.0024414,4.9304
0.017548,-0.0024414,4.9316
0.015411,-0.0028992,4.9341
0.014496,-0.0021362,4.9365
0.014954,-0.0038147,4.9329
0.01709,-0.0027466,4.9304
0.019836,0.00045776,4.939
0.02121,0.004425,4.9316
0.023346,0.0068665,4.9329
0.020905,0.0071716,4.9268
0.022278,0.010529,4.9316
0.023804,0.0068665,4.9243
0.027313,0.0074768,4.928
0.029144,0.007782,4.9268
0.031586,0.0088501,4.9231
0.030212,0.0015259,4.9243
0.027771,0.0027466,0.054932
0.026703,-0.00091553,0.062256
0.026703,-0.00076294,0.042725
0.025482,-0.0015259,0.040283
0.024719,0.00015259,0.041504
0.024414,0.0010681,0.043945
0.023804,0.00076294,0.039063
0.022736,-0.0018311,0.037842
0.02121,-0.0061035,0.039063
0.020905,-0.0091553,0.042725
0.02182,-0.009613,0.040283
0.021515,-0.0088501,0.042725
0.023651,-0.0048828,0.029297
0.026093,-0.0010681,0.039063
0.029144,0.00045776,0.043945
0.03067,0.0022888,0.041504
0.032501,0.0033569,0.050049
0.033875,0.0035095,0.046387
0.034943,0.0028992,0.050049
0.037689,0.002594,0.046387
0.040741,0.0019836,0.043945
0.042725,0.0045776,0.053711
0.042877,0.0022888,0.053711
0.041351,-0.00045776,0.053711
0.036621,-0.00061035,0.057373
0.033569,-0.00030518,0.057373
0.03067,0.00015259,0.058594
0.028229,0.0019836,0.058594
0.026093,0.0039673,0.065918
0.023956,0.0059509,0.056152
0.020294,0.0080872,0.063477
0.018463,0.0097656,0.063477
0.018921,0.0073242,0.062256
0.020599,0.0064087,0.061035
0.021667,0.0041199,0.065918
0.023193,0.0030518,0.073242
0.020447,0.0028992,0.067139
0.022125,0.0022888,0.073242
0.020447,0.00076294,0.063477
0.020142,-0.0018311,0.047607
0.020447,-0.0038147,0.058594
0.018463,-0.0059509,0.057373
0.016632,-0.0057983,0.056152
0.013428,-0.0039673,0.054932
0.011444,-0.0021362,0.050049
0.010529,-0.0022888,0.053711
0.0080872,-0.0032043,0.047607
0.011139,-0.0047302,0.048828
0.013123,-0.0036621,0.046387
0.015106,0.00015259,0.050049
0.016632,0.0036621,0.043945
0.016785,0.0068665,0.043945
0.014801,0.0076294,0.05127
0.015717,0.0054932,0.043945
0.014496,0.0028992,0.036621
0.014954,0.0019836,0.045166
0.015106,0.0028992,0.025635
0.015869,0.0050354,0.036621
0.015411,0.0086975,0.037842
0.015717,0.0099182,0.037842
0.016022,0.010071,0.040283
0.018158,0.0086975,0.031738
0.019836,0.0074768,0.040283
0.02243,0.0079346,0.039063
0.024261,0.0088501,0.042725
0.023499,0.013123,0.040283
0.020447,0.011292,0.045166
0.016785,0.011597,0.045166
0.013275,0.011749,0.05127
0.010986,0.0099182,0.053711
0.010223,0.0074768,0.053711
0.011749,0.0054932,0.061035
0.011902,0.0041199,0.059814
0.012207,0.0053406,0.06958
0.011139,0.0068665,0.059814
0.010223,0.0091553,0.05127
0.010376,0.010376,0.061035
0.011444,0.010071,0.061035
0.013885,0.0093079,2.0044
0.016327,0.010071,4.7559
0.016632,0.0067139,4.9182
0.016022,0.0067139,4.9304
0.013428,0.0073242,4.9304
0.012512,0.0090027,4.9353
0.012665,0.0088501,4.9329
0.014954,0.0068665,4.9377
0.016632,0.0064087,4.9341
0.016022,0.005188,4.9353
0.015411,0.0061035,4.9353
0.012512,0.0076294,4.9341
0.011444,0.0093079,4.9316
0.011749,0.010986,4.9255
0.014191,0.010071,4.928
0.01709,0.0091553,4.9146
0.017853,0.0065613,4.9121
0.018768,0.002594,4.917
0.018616,0.002594,4.917
0.01709,0,4.917
0.01709,-0.0018311,4.9146
0.018158,-0.0048828,4.9121
0.018463,-0.0064087,4.9146
0.018463,-0.0059509,4.9084
0.016632,-0.0048828,4.9146
0.015411,-0.0036621,4.9121
0.014496,-0.0041199,4.9084
0.014496,-0.0045776,4.9097
0.016937,-0.0053406,4.9121
0.020752,-0.0050354,4.9207
0.024567,-0.0035095,4.9097
0.026093,-0.0013733,4.9158
0.027313,0.0019836,4.9109
0.029907,0.0027466,4.8938
0.029602,0.0028992,4.9121
0.030823,0.0019836,4.9121
0.031281,0.0012207,4.9023
0.030212,0.00091553,4.9158
0.030975,0.00061035,4.9158
0.029144,0.0010681,4.9207
0.026703,0.00045776,4.9219
0.024567,-0.00061035,4.9255
0.024567,-0.0021362,4.9243
0.026245,-0.0030518,4.9329
0.029755,-0.0045776,4.9304
0.032654,-0.0027466,4.9329
0.034332,-0.0018311,4.9353
0.034027,-0.00015259,4.9353
0.032959,-0.00015259,4.9316
0.031433,-0.00076294,4.9341
0.031433,-0.0021362,4.9426
0.031433,-0.0035095,4.9316
0.032806,-0.0048828,4.9292
0.032043,-0.0056458,4.9377
0.030975,-0.0039673,4.9341
0.029297,-0.0019836,4.9341
0.027618,-0.00030518,4.9365
0.029755,0.00076294,4.9341
0.031281,0.0022888,4.9341
0.033112,0.0027466,4.9292
0.033112,0.0030518,4.928
0.031433,0.004425,4.9231
0.028534,0.0053406,4.9268
0.024567,0.0061035,4.9243
0.021667,0.0053406,4.9255
0.02121,0.0038147,4.928
0.021362,0.0019836,4.9182
0.023499,0.00091553,4.9194
0.025482,0.0012207,4.9158
0.02655,0.0033569,4.9023
0.024719,0.0061035,4.9146
0.024414,0.0067139,4.9133
0.024872,0.0067139,0.039063
0.027008,0.0068665,0.042725
0.028229,0.0050354,0.037842
0.028381,0.0042725,0.041504
0.028229,0.0042725,0.037842
0.027008,0.0059509,0.043945
0.025024,0.007019,0.039063
0.024109,0.0071716,0.037842
0.024719,0.0073242,0.036621
0.026245,0.0061035,0.043945
0.028076,0.0062561,0.040283
0.026245,0.0050354,0.043945
0.02655,0.0045776,0.045166
0.024414,0.0039673,0.048828
0.023651,0.0028992,0.054932
0.024261,0.0010681,0.05249
0.02594,0.00076294,0.043945
0.027313,-0.0013733,0.043945
0.02655,-0.0047302,0.057373
0.024414,-0.0053406,0.061035
0.021973,-0.0067139,0.061035
0.02121,-0.007782,0.059814
0.02182,-0.0097656,0.061035
0.023346,-0.007782,0.061035
0.026703,-0.0059509,0.064697
0.025482,-0.0038147,0.058594
0.024872,-0.0012207,0.062256
0.024719,0.0018311,0.062256
0.024414,0.0041199,0.063477
0.027161,0.0062561,0.079346
0.030365,0.0083923,0.068359
0.031128,0.0053406,0.064697
0.035248,0.007782,0.067139
0.034637,0.0038147,0.05127
0.031738,0.005188,0.061035
0.028381,0.0039673,0.061035
0.025482,0.002594,0.056152
0.023041,0.0027466,0.057373
0.02121,0.0013733,0.042725
0.018463,-0.00030518,0.046387
0.016937,-0.0033569,0.047607
0.014496,-0.0059509,0.05127
0.014038,-0.0071716,0.045166
0.015106,-0.0074768,0.047607
0.0177,-0.0068665,0.046387
0.020599,-0.0054932,0.043945
0.023193,-0.0047302,0.041504
0.024414,-0.0050354,0.043945
0.022888,-0.0054932,0.048828
0.020142,-0.0016785,0.043945
0.018463,0.0024414,0.050049
0.017853,0.0048828,0.039063
0.019531,0.0062561,0.030518
0.022888,0.011444,0.039063
0.026703,0.0035095,0.039063
0.031433,0.00076294,0.032959
0.033722,0.0016785,0.040283
0.036774,0.0041199,0.037842
0.03891,0.0073242,0.042725
0.041351,0.0085449,0.041504
0.042572,0.0071716,0.043945
0.041504,0.0038147,0.045166
0.038605,0.00091553,0.050049
0.034027,-0.00061035,0.05127
0.027161,-0.00091553,0.054932
0.021057,0.0012207,0.065918
0.017548,0.0028992,0.061035
0.016022,0.0038147,0.063477
0.017242,0.0027466,0.058594
0.019226,0.00091553,0.062256
0.020599,0.00015259,0.062256
0.021057,0.00045776,0.062256
0.019684,0.0022888,0.057373
0.018616,0.0041199,0.059814
0.018311,0.0054932,0.058594
0.018158,0.0053406,0.063477
0.016785,0.0038147,0.059814
0.014801,-0.00076294,0.065918
0.010681,-0.0038147,3.2019
0.0076294,-0.0053406,4.8303
0.0059509,-0.005188,4.9268
0.0073242,-0.0048828,4.9316
0.010681,-0.005188,4.9255
0.013885,-0.0062561,4.9341
0.016479,-0.0064087,4.9377
0.0177,-0.0056458,4.9255
0.018005,-0.0033569,4.9304
0.018005,-0.00091553,4.9207
0.017395,0.00045776,4.9084
0.016937,0.00076294,4.9158
0.016327,-0.0013733,4.9194
0.015106,-0.0038147,4.9182
0.013733,-0.0056458,4.9219
0.01358,-0.0062561,4.9109
0.013733,-0.004425,4.9133
0.014954,-0.0028992,4.9097
0.016785,-0.0016785,4.9084
0.020142,-0.0015259,4.906
0.020905,-0.0016785,4.9121
0.021362,-0.00061035,4.9121
0.019379,0.00061035,4.9109
0.019531,0.0027466,4.9158
0.017853,0.0035095,4.9109
0.014343,0.0030518,4.9121
0.014191,0.0036621,4.9121
0.012512,0.002594,4.9036
0.011292,0.0027466,4.9109
0.010834,0.0050354,4.9207
0.0061035,0.0041199,4.9182
0.010834,0.005188,4.9158
0.011749,0.0048828,4.9146
0.01297,0.0041199,4.9207
0.015869,0.0032043,4.9231
0.017548,0.0021362,4.9268
0.017853,0.0035095,4.9255
0.015259,0.0030518,4.9329
0.013275,0.0042725,4.9292
0.012054,0.0068665,4.9316
0.0099182,0.0085449,4.9268
0.0090027,0.011139,4.9329
0.010529,0.010681,4.939
0.01236,0.010223,4.9329
0.013885,0.0083923,4.9402
0.013885,0.0074768,4.9329
0.01709,0.0065613,4.9231
0.0177,0.0083923,4.9329
0.018311,0.007782,4.9341
0.017853,0.007019,4.9341
0.016937,0.0047302,4.9365
0.016479,0.0030518,4.9329
0.014191,-0.0024414,4.9329
0.011749,0.00015259,4.928
0.0085449,0.00076294,4.9316
0.0059509,0.0024414,4.9219
0.0061035,0.0048828,4.9231
0.0074768,0.0047302,4.9243
0.0099182,0.0042725,4.9268
0.012665,0.0013733,4.9194
0.013275,-0.0021362,4.9158
0.015717,-0.0018311,4.9194
0.017242,0.0022888,4.9158
0.020142,0.0076294,4.9146
0.023041,0.012207,4.9133
0.026093,0.011749,4.9121
0.027466,0.0071716,4.9097
0.027618,0.0010681,4.9097
0.02655,0,4.9109
0.025635,0.0019836,4.9109
0.026398,0.0050354,4.9072
0.028076,0.0079346,4.9109
0.03006,0.0094604,0.036621
0.031281,0.0071716,0.041504
0.03067,0.004425,0.037842
0.028076,0.0018311,0.043945
0.025177,0.00091553,0.041504
0.023193,0.0010681,0.045166
0.022583,-0.00076294,0.058594
0.020599,-0.0016785,0.045166
0.021667,-0.0042725,0.057373
0.02121,-0.007019,0.05249
0.022278,-0.0082397,0.037842
0.022736,-0.0050354,0.053711
0.023499,-0.0022888,0.057373
0.025024,-0.00076294,0.057373
0.024567,0.0015259,0.059814
0.026398,0.00061035,0.057373
0.025482,-0.0010681,0.064697
0.02594,-0.0013733,0.053711
0.026398,-0.0022888,0.063477
0.026093,-0.0016785,0.058594
0.026855,-0.0022888,0.063477
0.027008,-0.0035095,0.063477
0.028076,-0.0039673,0.062256
0.028992,-0.0035095,0.078125
0.028381,-0.002594,0.067139
0.027618,-0.0018311,0.064697
0.023499,-0.00091553,0.065918
0.023499,-0.00061035,0.070801
0.022125,0,0.063477
0.023651,0.0010681,0.056152
0.024719,0.0024414,0.057373
0.02533,0.0022888,0.054932
0.025024,0.0022888,0.048828
0.023499,0.0028992,0.05127
0.022125,0.0027466,0.045166
0.020599,0.0033569,0.048828
0.020599,0.0042725,0.043945
0.021515,0.0032043,0.048828
0.022278,0.0024414,0.043945
0.023346,0.0019836,0.046387
0.022888,0.0015259,0.043945
0.020447,0.0024414,0.043945
0.020142,0.0059509,0.05127
0.018463,0.0047302,0.053711
0.017548,0.0056458,0.05127
0.018158,0.0053406,0.036621
0.019684,0.0053406,0.030518
0.021057,0.0042725,0.037842
0.021667,0.005188,0.039063
0.021667,0.0045776,0.036621
0.021362,0.0041199,0.037842
0.021515,0.0048828,0.039063
0.02121,0.0045776,0.041504
0.019531,0.0027466,0.043945
0.018616,0,0.047607
0.01709,-0.0032043,0.043945
0.01709,-0.0048828,0.050049
0.018311,-0.0059509,0.053711
0.018463,-0.0090027,0.056152
0.019226,-0.0064087,0.057373
0.019684,-0.0062561,0.058594
0.019379,-0.0056458,0.057373
0.017853,-0.0056458,0.062256
0.02243,-0.0048828,0.068359
0.02182,-0.0028992,0.062256
0.023193,-0.0012207,0.053711
0.023193,0.00091553,0.059814
0.023956,0.0021362,0.061035
0.024414,0.0038147,0.061035
0.025635,0.0053406,0.063477
0.026703,0.0054932,0.058594
0.028076,0.0059509,0.068359
0.024872,0.0065613,0.062256
0.024261,0.0054932,0.06958
0.02533,0.0041199,0.064697
0.025482,0.0010681,0.065918
0.025024,-0.0016785,0.059814
0.027466,-0.005188,0.059814
0.026093,-0.007782,4.1028
0.024719,-0.0091553,4.8743
0.024261,-0.011292,4.9158
0.023346,-0.0093079,4.9219
0.023346,-0.0080872,4.8999
0.022278,-0.0073242,4.9146
0.022278,-0.0074768,4.9158
0.022125,-0.0076294,4.9158
0.02121,-0.0086975,4.9182
0.023346,-0.0064087,4.9109
0.023193,-0.0033569,4.9146
0.024719,0.00091553,4.9109
0.026093,0.0041199,4.9133
0.028229,0.0042725,4.9084
0.028992,0.0048828,4.9133
0.032349,0.0039673,4.9109
0.034637,0.0061035,4.9109
0.036621,0.0064087,4.9084
0.037079,0.0067139,4.9109
0.036926,0.005188,4.9158
0.035553,0.0016785,4.9133
0.034027,-0.0045776,4.9158
0.03418,-0.0039673,4.9121
0.029755,-0.0047302,4.8962
0.028992,-0.0088501,4.917
0.02594,-0.0033569,4.9146
0.023651,-0.0038147,4.9146
0.02243,-0.0035095,4.9207
0.023041,-0.0022888,4.9207
0.023193,-0.0015259,4.9255
0.027313,0.0038147,4.928
0.028534,0.0076294,4.9316
0.028992,0.007019,4.9255
0.026093,0.0065613,4.9316
0.023499,0.0056458,4.9329
0.020752,0.004425,4.9316
0.019226,0.0038147,4.939
0.016479,0.0061035,4.9316
0.013275,0.0053406,4.9316
0.0071716,0.0038147,4.9304
0.0079346,0.0019836,4.9158
0.0076294,0.00045776,4.9353
0.0086975,0.0012207,4.9341
0.012054,0.0027466,4.9353
0.016785,0.0047302,4.9377
0.0177,0.0062561,4.9316
0.018921,0.0061035,4.9353
0.019684,0.0059509,4.9292
0.019379,0.0057983,4.9316
0.019989,0.0056458,4.9243
0.019531,0.0050354,4.9109
0.019531,0.0033569,4.9243
0.017548,0.0054932,4.9243
0.017242,0.0057983,4.9207
0.015106,0.0059509,4.9194
0.015717,0.0061035,4.9292
0.016022,0.0048828,4.917
0.016632,0.0056458,4.9231
0.0177,0.0057983,4.9121
0.016785,0.0064087,4.9036
0.01709,0.0073242,4.9109
0.018921,0.0083923,4.9146
0.013123,0.0090027,4.9121
0.011902,0.0088501,4.9097
0.010223,0.0079346,4.906
0.010834,0.0071716,4.9109
0.012054,0.007019,4.9084
0.01297,0.0076294,4.9011
0.013275,0.0080872,4.9084
0.013428,0.0076294,4.9158
0.013275,0.0071716,4.9121
0.01297,0.0061035,0.043945
0.01297,0.004425,0.053711
0.01236,0.0042725,0.047607
0.010681,0.0048828,0.050049
0.0086975,0.0071716,0.05127
0.007782,0.0079346,0.046387
0.0047302,0.0079346,0.057373
0.0048828,0.0074768,0.06958
0.0047302,0.0059509,0.058594
0.0064087,0.0057983,0.061035
0.0067139,0.0068665,0.058594
0.0071716,0.007782,0.064697
0.0071716,0.0094604,0.059814
0.0068665,0.0071716,0.062256
0.0056458,0.0065613,0.059814
0.0056458,0.0062561,0.064697
0.0071716,0.0054932,0.062256
0.0080872,0.0074768,0.062256
0.0074768,0.0085449,0.067139
0.0093079,0.0093079,0.06958
0.0093079,0.0093079,0.070801
0.0099182,0.007782,0.068359
0.012512,0.0079346,0.078125
0.015106,0.0094604,0.062256
0.017853,0.010834,0.053711
0.018616,0.011139,0.058594
0.019073,0.0085449,0.053711
0.01709,0.0041199,0.050049
0.015411,-0.00045776,0.05249
0.013885,-0.002594,0.047607
0.013123,-0.0028992,0.046387
0.012665,-0.0012207,0.046387
0.012665,-0.00045776,0.05249
0.013885,-0.0010681,0.043945
0.014801,-0.0016785,0.046387
0.015717,-0.0030518,0.043945
0.016327,-0.0033569,0.045166
0.016632,-0.0028992,0.043945
0.017395,-0.0035095,0.040283
0.018311,-0.0045776,0.032959
0.017853,-0.0053406,0.039063
0.0177,-0.0061035,0.03418
0.016327,-0.0061035,0.039063
0.015717,-0.0047302,0.037842
0.015717,-0.0036621,0.040283
0.017242,-0.002594,0.040283
0.019531,-0.002594,0.037842
0.021667,-0.0036621,0.040283
0.024261,-0.0038147,0.040283
0.026398,-0.0062561,0.042725
0.026855,-0.0054932,0.043945
0.028229,-0.0057983,0.048828
0.028839,-0.005188,0.050049
0.03067,-0.004425,0.053711
0.030212,-0.002594,0.048828
0.031586,-0.0018311,0.056152
0.033722,-0.0013733,0.067139
0.032196,-0.0012207,0.059814
0.030518,-0.0024414,0.070801
0.029449,-0.0053406,0.061035
0.028076,-0.0067139,0.036621
0.025177,-0.0083923,0.059814
0.024109,-0.0091553,0.062256
0.021515,-0.0099182,0.061035
0.019379,-0.009613,0.058594
0.018616,-0.0085449,0.058594
0.017395,-0.0068665,0.065918
0.017395,-0.0045776,0.062256
0.018768,-0.0033569,0.070801
0.020447,-0.0018311,0.063477
0.022278,-0.0010681,0.062256
0.023346,-0.00061035,0.061035
0.021973,0.0016785,0.062256
0.023041,0.0021362,0.070801
0.022583,0.0021362,0.058594
0.02243,0.00015259,0.056152
0.022888,-0.0019836,0.054932
0.021362,-0.0032043,0.054932
0.021362,-0.0038147,2.2717
0.02121,-0.0018311,4.7595
0.022278,0.00076294,4.9036
0.023956,0.0021362,4.9182
0.026093,0.0039673,4.9109
0.027618,0.007019,4.917
0.028381,0.0041199,4.9109
0.027618,0.0033569,4.9121
0.027161,0.0022888,4.906
0.024261,0.0015259,4.9146
0.022583,0.00061035,4.9072
0.02121,0.00045776,4.9146
0.019073,0,4.9084
0.017242,-0.00076294,4.9146
0.015717,-0.0021362,4.917
0.014648,-0.0042725,4.9133
0.014191,-0.0038147,4.9182
0.015106,-0.0038147,4.9097
0.01709,-0.0035095,4.9036
0.018005,-0.0012207,4.9133
0.021515,0.0012207,4.9133
0.019531,0.0018311,4.9133
0.020905,0.0047302,4.9194
0.021515,0.0042725,4.9194
0.023651,0.0035095,4.9219
0.02243,0.0036621,4.9219
0.021515,0.0033569,4.9316
0.020294,0.0016785,4.928
0.019531,0.0048828,4.9329
0.020752,0.0059509,4.9329
0.022888,0.0059509,4.9341
0.025482,0.0059509,4.9316
0.027161,0.0054932,4.9316
0.028992,0.0038147,4.9316
0.029602,0.0030518,4.9341
0.028381,0.0028992,4.9426
0.028534,0.0042725,4.9365
0.027924,0.0041199,4.9219
0.027008,0.0028992,4.9329
0.02655,0.00015259,4.9316
0.023346,-0.0039673,4.9353
0.02121,-0.0061035,4.9341
0.019836,-0.0094604,4.9304
0.018158,-0.0091553,4.9329
0.0177,-0.0048828,4.9255
0.017853,-0.004425,4.9255
0.017242,-0.0030518,4.9219
0.01709,-0.0033569,4.9243
0.016785,-0.0064087,4.9182
0.017395,-0.0093079,4.9207
0.019073,-0.0094604,4.9304
0.02121,-0.0099182,4.9194
0.023346,-0.007019,4.9146
0.023499,-0.0038147,4.9158
0.023499,0.00091553,4.8938
0.024719,0.0028992,4.9109
0.027008,0.0039673,4.9133
0.03006,0.007019,4.9109
0.033569,0.0045776,4.9097
0.035553,0.0064087,4.9072
0.035095,0.007019,4.9109
0.033417,0.0064087,4.906
0.029144,0.0048828,4.9109
0.032043,0.0024414,4.9097
0.03067,0.0021362,4.9146
0.03067,0.0032043,4.9097
0.028992,0.0053406,4.9158
0.027161,0.0083923,4.9146
0.027466,0.0068665,4.9158
0.022888,0.0062561,4.9158
0.02182,0.0048828,4.9231
0.02243,0.0045776,4.9292
0.023651,0.0045776,0.058594
0.022583,0.0038147,0.050049
0.021973,0.0015259,0.059814
0.019836,-0.0019836,0.065918
0.018005,-0.0054932,0.061035
0.015717,-0.0065613,0.063477
0.013123,-0.0048828,0.061035
0.010071,-0.0035095,0.063477
0.0082397,-0.0033569,0.062256
0.0061035,-0.0035095,0.064697
0.0042725,-0.0056458,0.058594
0.0032043,-0.0090027,0.063477
0.0030518,-0.010529,0.064697
0.0042725,-0.0088501,0.067139
0.0073242,-0.0076294,0.074463
0.010223,-0.0057983,0.068359
0.01358,-0.0042725,0.067139
0.015869,-0.0018311,0.063477
0.0177,0.00030518,0.05127
0.020447,0.002594,0.059814
0.021515,0.005188,0.054932
0.022736,0.0068665,0.053711
0.023193,0.009613,0.05249
0.023651,0.010376,0.050049
0.02594,0.010834,0.05249
0.028076,0.01236,0.046387
0.029755,0.01358,0.048828
0.033722,0.01236,0.042725
0.030518,0.010223,0.045166
0.027008,0.005188,0.046387
0.023346,0.007019,0.045166
0.022125,0.0071716,0.040283
0.020447,0.0086975,0.041504
0.018768,0.009613,0.043945
0.01709,0.010986,0.036621
0.015106,0.0061035,0.048828
0.011292,0.0022888,0.039063
0.011749,0.00030518,0.031738
0.012207,0.0010681,0.037842
0.013428,0.0033569,0.041504
0.01297,0.0067139,0.037842
0.012054,0.0068665,0.040283
0.010681,0.0065613,0.0354
0.0082397,0.0035095,0.045166
0.0028992,0.0024414,0.043945
0.0027466,0.0016785,0.048828
0.0016785,0.0019836,0.047607
0.002594,0.0022888,0.053711
0.0028992,0.005188,0.05249
0.004425,0.0056458,0.058594
0.0053406,0.0061035,0.070801
0.0080872,0.0061035,0.059814
0.009613,0.0064087,0.063477
0.01236,0.0076294,0.059814
0.014648,0.009613,0.046387
0.016327,0.010376,0.061035
0.017548,0.0091553,0.061035
0.018005,0.0079346,0.061035
0.019226,0.004425,0.063477
0.019379,0.0028992,0.056152
0.019379,0.0027466,0.063477
0.019989,0.0032043,0.064697
0.019226,0.0074768,0.067139
0.019073,0.0067139,0.063477
0.019684,0.0068665,0.065918
0.019531,0.0065613,0.061035
0.019073,0.0045776,0.062256
0.019531,0.0039673,0.063477
0.019684,0.004425,0.059814
0.018768,0.0054932,0.061035
0.018616,0.0062561,0.054932
0.018768,0.0059509,0.065918
0.017548,0.005188,0.050049
0.015869,0.0022888,0.039063
0.014038,-0.0010681,0.047607
0.01358,-0.0032043,0.043945
0.013123,-0.0027466,0.041504
0.013733,-0.0012207,0.047607
0.015106,-0.00076294,1.9397
0.01709,-0.00045776,4.7339
0.018005,-0.0013733,4.8914
0.018463,-0.0047302,4.906
0.019989,-0.0065613,4.9072
0.021362,-0.0064087,4.9109
0.022888,-0.0045776,4.9109
0.023804,-0.0015259,4.9109
0.023956,0.0012207,4.9146
0.025635,0.0015259,4.9121
0.025482,-0.0015259,4.9097
0.02594,-0.0047302,4.9097
0.026703,-0.0079346,4.906
0.028381,-0.0082397,4.9133
0.029602,-0.0076294,4.9097
0.029755,-0.0061035,4.9146
0.030975,-0.005188,4.9207
0.029907,-0.005188,4.9182
0.029144,-0.0059509,4.9194
0.028229,-0.007019,4.9243
0.027161,-0.007782,4.9292
0.027008,-0.0056458,4.928
0.025635,-0.0050354,4.9255
0.024109,-0.0035095,4.9292
0.022583,-0.0038147,4.9341
0.021667,-0.004425,4.9255
0.020905,-0.0047302,4.9316
0.021973,-0.004425,4.9414
0.021973,-0.0030518,4.9341
0.021667,-0.0024414,4.9377
0.017242,-0.0015259,4.9353
0.021362,-0.00076294,4.9158
0.021057,-0.0018311,4.9316
0.021057,-0.0016785,4.928
0.021515,-0.0012207,4.9329
0.023346,0.00045776,4.9341
0.024567,0.0022888,4.9194
0.023499,0.0033569,4.9341
0.024719,0.0042725,4.928
0.023193,0.0038147,4.928
0.022888,0.0030518,4.9194
0.018768,0.0038147,4.9207
0.018768,0.0053406,4.9219
0.018311,0.0083923,4.9255
0.01709,0.0099182,4.9219
0.017395,0.0097656,4.9207
0.016937,0.0065613,4.9109
0.0177,0.0012207,4.9146
0.018463,-0.002594,4.8987
0.018463,-0.0065613,4.9121
0.020142,-0.0059509,4.9097
0.019531,-0.0050354,4.9121
0.017395,-0.005188,4.9109
0.015259,-0.0054932,4.9072
0.011292,-0.0045776,4.9084
0.0099182,-0.0091553,4.9097
0.0062561,-0.0099182,4.9072
0.007019,-0.010071,4.9048
0.0090027,-0.0076294,4.9109
0.011597,-0.004425,4.9084
0.015564,-0.0032043,4.917
0.019379,-0.0036621,4.917
0.023651,-0.0030518,4.917
0.027008,-0.0030518,4.9255
0.03067,-0.0015259,4.9194
0.033875,0.0010681,4.9304
0.034332,0.0035095,4.9268
0.032654,0.0039673,4.9182
0.030823,0.0045776,4.9268
0.026398,0.0028992,4.928
0.024261,0.0010681,4.928
0.021973,-0.00030518,4.928
0.021973,0.00015259,4.928
0.023193,0.00061035,0.062256
0.023193,0.00045776,0.059814
0.024261,0,0.063477
0.025482,-0.0013733,0.059814
0.026245,-0.0057983,0.063477
0.027618,-0.0064087,0.064697
0.027618,-0.0071716,0.067139
0.02655,-0.0062561,0.072021
0.022736,-0.0062561,0.067139
0.018311,-0.007019,0.065918
0.013275,-0.010681,0.064697
0.0090027,-0.013885,0.072021
0.0061035,-0.013428,0.059814
0.0062561,-0.011292,0.057373
0.0083923,-0.0080872,0.05249
0.010986,-0.0053406,0.053711
0.014801,-0.004425,0.047607
0.018921,-0.0038147,0.05127
0.023041,-0.0038147,0.043945
0.027466,-0.0061035,0.05127
0.032501,-0.0056458,0.043945
0.0354,-0.0041199,0.048828
0.036316,-0.0022888,0.046387
0.03479,-0.0012207,0.047607
0.030518,0.00030518,0.041504
0.02594,-0.00061035,0.040283
0.023193,-0.0013733,0.054932
0.023804,-0.0018311,0.040283
0.025482,-0.0024414,0.048828
0.027466,-0.002594,0.042725
0.029297,-0.0021362,0.026855
0.029144,-0.0012207,0.037842
0.029907,-0.00076294,0.041504
0.029449,-0.00061035,0.037842
0.03067,-0.0013733,0.040283
0.031586,-0.00015259,0.037842
0.03067,0.00030518,0.042725
0.028076,0.0024414,0.040283
0.023041,0.0045776,0.046387
0.020752,0.0053406,0.045166
0.015259,0.0050354,0.05249
0.013885,0.0041199,0.057373
0.014801,0.0024414,0.056152
0.015259,0.0012207,0.064697
0.015564,0.0013733,0.061035
0.014191,0.0033569,0.057373
0.012054,0.0045776,0.062256
0.0099182,0.0041199,0.06958
0.0088501,0.0010681,0.058594
0.0088501,-0.0027466,0.057373
0.0090027,-0.0053406,0.061035
0.0088501,-0.0071716,0.057373
0.0061035,-0.0071716,0.061035
0.0054932,-0.0057983,0.064697
0.0039673,-0.005188,0.062256
0.0047302,-0.007782,0.065918
0.0067139,-0.0076294,0.058594
0.011139,-0.0073242,0.065918
0.014191,-0.0057983,0.059814
0.015259,-0.00030518,0.063477
0.015259,0.0032043,0.062256
0.01297,0.0030518,0.061035
0.011139,0.0042725,0.065918
0.011292,0.002594,0.053711
0.011597,0.0022888,0.056152
0.013275,0.0041199,0.048828
0.015869,0.0071716,0.037842
0.017242,0.0099182,0.047607
0.019073,0.014191,0.045166
0.020294,0.016174,0.042725
0.021973,0.016632,0.045166
0.023193,0.015564,0.042725
0.025482,0.011139,0.041504
0.02655,0.013733,0.037842
0.02533,0.012512,0.042725
0.021667,0.011292,0.039063
0.018463,0.0093079,0.040283
0.016785,0.0056458,0.043945
0.016785,0.00045776,4.5923
0.018768,0.00015259,4.8816
0.019226,-0.00061035,4.9072
0.019531,0.00076294,4.9097
0.018463,0.0027466,4.9072
0.016632,0.0050354,4.9158
0.01297,0.0059509,4.9158
0.011444,0.0056458,4.9023
0.0094604,0.0054932,4.9158
0.0085449,0.007019,4.917
0.0073242,0.007019,4.9182
0.0057983,0.0083923,4.9255
0.0039673,0.0071716,4.9207
0.0032043,0.0064087,4.928
0.0022888,0.0059509,4.9292
0.002594,0.0039673,4.9304
0.0047302,0.0033569,4.9292
0.0073242,0.0028992,4.9353
0.0053406,0.0027466,4.9316
0.0076294,0.0016785,4.9316
0.0068665,0.0012207,4.9426
0.0065613,-0.0012207,4.9329
0.0083923,-0.0033569,4.928
0.011292,-0.0048828,4.9341
0.016022,-0.0054932,4.9316
0.019684,-0.0067139,4.9329
0.021362,-0.0073242,4.9341
0.020142,-0.007019,4.9292
0.018921,-0.0071716,4.9353
0.018768,-0.0059509,4.9292
0.019684,-0.005188,4.9341
0.021515,-0.0059509,4.9292
0.022125,-0.0015259,4.9304
0.02243,0.00015259,4.9207
0.021515,0.0021362,4.9255
0.02121,0.0030518,4.9194
0.022125,0.0024414,4.9231
0.023346,0.00045776,4.9207
0.02533,-0.002594,4.9194
0.027313,-0.0050354,4.9255
0.026398,-0.0061035,4.9182
0.023804,-0.005188,4.9255
0.019836,-0.002594,4.9109
0.016632,-0.0012207,4.9011
0.016174,-0.00061035,4.9109
0.016937,-0.0039673,4.9133
0.019531,-0.0048828,4.906
0.021973,-0.0062561,4.9109
0.022583,-0.0071716,4.906
0.023193,-0.0080872,4.9097
0.021667,-0.0082397,4.9048
0.022888,-0.0086975,4.9109
0.025177,-0.0073242,4.9084
0.030365,-0.0068665,4.9158
0.033722,-0.0057983,4.9121
0.03479,-0.0039673,4.9158
0.035553,-0.00030518,4.9194
0.034485,0.0021362,4.917
0.035095,0.00015259,4.917
0.037689,0.0012207,4.9109
0.041046,-0.0010681,4.9207
0.043182,-0.0012207,4.9268
0.04364,-0.00076294,4.9194
0.039825,-0.0019836,4.9243
0.034332,-0.002594,4.9304
0.031433,-0.0030518,4.9292
0.029297,-0.0053406,4.9292
0.030518,-0.0079346,4.9304
0.031433,-0.0080872,4.9329
0.030975,-0.011139,4.9292
0.030365,-0.010986,4.9329
0.029907,-0.0082397,4.9353
0.028687,-0.0042725,4.9353
0.027466,-0.0028992,0.063477
0.02655,0.00015259,0.067139
0.028381,0.0016785,0.073242
0.029449,0.0032043,0.064697
0.031128,0.0041199,0.072021
0.028839,0.0042725,0.062256
0.028687,0.0056458,0.046387
0.027161,0.0085449,0.056152
0.027771,0.010071,0.057373
0.027313,0.010071,0.05127
0.025635,0.0091553,0.05127
0.028687,0.0062561,0.047607
0.028687,0.0048828,0.05127
0.023804,0.0054932,0.046387
0.019836,0.0068665,0.045166
0.017242,0.0068665,0.045166
0.017853,0.0062561,0.046387
0.019989,0.005188,0.040283
0.020142,-0.00061035,0.042725
0.021667,-0.0085449,0.05127
0.020294,-0.0053406,0.041504
0.018921,-0.004425,0.039063
0.019073,-0.0022888,0.041504
0.021057,-0.0012207,0.024414
0.023193,0.00045776,0.045166
0.025787,0.00061035,0.037842
0.026093,0.00030518,0.042725
0.027008,0,0.041504
0.024109,0.00045776,0.037842
0.023041,0.0010681,0.041504
0.022888,0.00091553,0.041504
0.024719,0.0010681,0.046387
0.029297,-0.00076294,0.042725
0.027771,-0.00030518,0.053711
0.026855,0.0010681,0.046387
0.023193,0.00061035,0.054932
0.020905,0.0019836,0.053711
0.018158,0.0032043,0.059814
0.020294,0.0035095,0.063477
0.023499,0.0027466,0.062256
0.026703,0.0010681,0.075684
0.027771,-0.0019836,0.059814
0.027618,-0.0041199,0.050049
0.025177,-0.0054932,0.062256
0.022736,-0.0041199,0.059814
0.021515,-0.0024414,0.053711
0.022583,-0.0027466,0.062256
0.023956,-0.0027466,0.062256
0.025635,-0.0057983,0.065918
0.025482,-0.0076294,0.063477
0.024567,-0.0061035,0.072021
0.024567,-0.0032043,0.062256
0.025635,0.00015259,0.067139
0.028381,0.0018311,0.063477
0.031586,-0.00091553,0.059814
0.034637,-0.0032043,0.063477
0.034943,-0.0053406,0.048828
0.033417,-0.0047302,0.05127
0.031128,-0.0013733,0.05249
0.028839,0.0021362,0.047607
0.027618,0.0035095,0.050049
0.027924,0.0028992,0.047607
0.028534,0.0010681,0.041504
0.029144,-0.0016785,0.043945
0.028992,-0.0013733,0.041504
0.027466,0.00030518,0.042725
0.027008,0.0028992,0.0354
0.027924,0.0039673,0.03418
0.028381,0.0035095,0.036621
0.03006,-0.00076294,0.039063
0.031586,-0.0050354,0.039063
0.030975,-0.0082397,0.039063
0.027771,-0.0074768,0.036621
0.024109,-0.0045776,0.040283
0.020752,-0.0019836,0.053711
0.018616,-0.00030518,0.040283
0.017242,-0.00076294,0.067139
0.016327,-0.0028992,4.6082
0.015106,-0.0038147,4.8743
0.015717,-0.0027466,4.9109
0.010529,-0.00061035,4.9133
0.010223,0.0033569,4.9194
0.011749,0.0067139,4.9158
0.015869,0.0068665,4.9207
0.018921,0.004425,4.9255
0.020905,0.0018311,4.9255
0.020447,-0.00015259,4.9341
0.015411,-0.0015259,4.928
0.010834,-0.0024414,4.9353
0.0090027,-0.00076294,4.9316
0.0082397,-0.0012207,4.9329
0.0088501,-0.0027466,4.9377
0.0093079,-0.0054932,4.9304
0.011139,-0.0062561,4.9304
0.013733,-0.0079346,4.9353
0.012665,-0.0050354,4.9463
0.01358,-0.0019836,4.9353
0.016022,-0.00015259,4.9353
0.018311,0.0022888,4.9316
0.017242,-0.00030518,4.9316
0.020294,-0.00045776,4.928
0.019073,0.00030518,4.9341
0.017548,0.0022888,4.928
0.016632,0.0041199,4.928
0.016937,0.0057983,4.9255
0.018463,0.0062561,4.9268
0.019379,0.0054932,4.9207
0.02121,0.0041199,4.9207
0.021362,0.0039673,4.9194
0.020599,0.0057983,4.9207
0.020447,0.0088501,4.928
0.020599,0.010681,4.9182
0.020294,0.012512,4.9182
0.020905,0.011749,4.9133
0.020142,0.0086975,4.8987
0.019379,0.0035095,4.9133
0.016327,-0.0015259,4.9097
0.014343,-0.0042725,4.9109
0.012817,-0.0048828,4.9109
0.013123,-0.0033569,4.9084
0.014191,-0.0019836,4.8987
0.014191,-0.0022888,4.9072
0.01709,-0.00076294,4.9109
0.018463,-0.00045776,4.9097
0.018616,0.00015259,4.9133
0.019073,0.0038147,4.9133
0.018921,0.0067139,4.9146
0.018463,0.0094604,4.9133
0.016174,0.010223,4.9194
0.017395,0.0082397,4.917
0.016937,0.0045776,4.9146
0.014801,0.00076294,4.9329
0.013885,0.00061035,4.9304
0.012207,0.00091553,4.9194
0.011749,0.002594,4.9255
0.013733,0.0038147,4.9292
0.018311,0.0027466,4.9316
0.018311,0.0021362,4.9292
0.020294,0.0012207,4.9292
0.02121,-0.00030518,4.9353
0.019989,0.0010681,4.9316
0.018616,0.0018311,4.9316
0.017853,0.0042725,4.928
0.019073,0.0053406,4.9377
0.019379,0.0042725,4.9304
0.018311,0.0015259,4.939
0.019073,-0.004425,4.9487
0.016785,-0.0027466,4.9377
0.015259,-0.0027466,4.9329
0.015106,-0.0038147,4.9353
0.015869,-0.0036621,0.041504
0.018768,-0.0056458,0.057373
0.018463,-0.0076294,0.054932
0.018158,-0.010681,0.05127
0.016479,-0.011597,0.048828
0.015869,-0.010834,0.047607
0.015869,-0.0068665,0.05249
0.016479,-0.0028992,0.043945
0.018005,-0.00015259,0.046387
0.019379,-0.00061035,0.041504
0.020447,-0.0018311,0.046387
0.022278,-0.0030518,0.043945
0.024872,-0.0027466,0.046387
0.027924,0,0.042725
0.030518,0.0028992,0.043945
0.036774,0.0050354,0.043945
0.038757,0.0068665,0.0354
0.041199,0.0018311,0.043945
0.042877,-0.0015259,0.039063
0.041504,-0.002594,0.039063
0.041046,-0.00091553,0.040283
0.040741,0.0015259,0.042725
0.038757,0.0039673,0.037842
0.036774,0.0047302,0.039063
0.034027,0.00076294,0.039063
0.03418,-0.0036621,0.046387
0.032043,-0.0082397,0.045166
0.028992,-0.010223,0.05127
0.026855,-0.0068665,0.05127
0.024414,-0.007019,0.054932
0.022125,-0.0054932,0.057373
0.020447,-0.004425,0.058594
0.021057,-0.0039673,0.070801
0.017548,-0.002594,0.059814
0.019836,0.0024414,0.068359
0.019379,0.0032043,0.061035
0.018463,0.007019,0.057373
0.018921,0.0091553,0.059814
0.020905,0.0086975,0.058594
0.021667,0.0082397,0.059814
0.022888,0.0082397,0.063477
0.022583,0.0071716,0.065918
0.021973,0.0047302,0.067139
0.02243,0.0039673,0.062256
0.023346,-0.0024414,0.063477
0.022888,-0.0019836,0.062256
0.023193,-0.0012207,0.065918
0.022278,0,0.065918
0.021362,0.00045776,0.064697
0.02121,0.0010681,0.059814
0.020599,0.0033569,0.056152
0.02121,0.0041199,0.062256
0.022278,0.004425,0.05249
0.020599,0.0042725,0.063477
0.019684,0.004425,0.048828
0.017242,0.0010681,0.041504
0.015411,-0.0018311,0.042725
0.014648,-0.0039673,0.050049
0.012817,-0.0056458,0.041504
0.016479,-0.0054932,0.043945
0.017395,-0.0048828,0.037842
0.0177,-0.0013733,0.042725
0.020142,0.002594,0.039063
0.024261,0.0038147,0.040283
0.025024,0.0065613,0.039063
0.02655,0.0068665,0.042725
0.02655,0.0041199,0.040283
0.025482,0.0028992,0.040283
0.024719,0.0010681,0.05127
0.024261,-0.0015259,0.040283
0.024719,-0.0039673,0.037842
0.025024,-0.0057983,0.042725
0.024567,-0.007019,0.028076
0.024567,-0.0071716,0.0354
0.02182,-0.0067139,0.043945
0.020752,-0.0067139,0.046387
0.022125,-0.0082397,0.046387
0.023346,-0.011292,3.219
0.023499,-0.012665,4.8181
0.024261,-0.012665,4.9146
0.023651,-0.0035095,4.9243
0.021362,-0.004425,4.9243
0.024567,-0.0019836,4.9329
0.026703,-0.0019836,4.9304
0.028992,-0.0042725,4.9329
0.029755,-0.0064087,4.9304
0.027618,-0.0059509,4.9304
0.029144,-0.0022888,4.9353
0.029755,0.0033569,4.9341
0.028687,0.0039673,4.9414
0.030365,0.0038147,4.9329
0.033264,0.00030518,4.9219
0.035553,-0.0028992,4.9329
0.037994,-0.0047302,4.9329
0.037079,-0.004425,4.9329
0.038147,-0.0015259,4.9377
0.037231,-0.0012207,4.9304
0.037384,-0.0021362,4.9316
0.036774,-0.0033569,4.9121
0.034027,-0.0056458,4.9255
0.034332,-0.0024414,4.9207
0.031281,-0.0067139,4.9207
0.03006,-0.0061035,4.9219
0.028534,-0.0053406,4.9255
0.027161,-0.0056458,4.9194
0.027313,-0.0062561,4.9207
0.027313,-0.0059509,4.9133
0.027466,-0.004425,4.9158
0.027618,-0.00045776,4.9036
0.026398,0.0022888,4.9097
0.025177,0.0018311,4.9097
0.021973,0.0071716,4.9084
0.019989,0.0065613,4.9084
0.0177,0.0062561,4.9097
0.016785,0.0054932,4.9084
0.016327,0.0019836,4.9072
0.016327,0.0019836,4.9109
0.015717,-0.00015259,4.906
0.014648,-0.0013733,4.9121
0.014496,-0.0021362,4.9097
0.013885,-0.0036621,4.9158
0.01358,-0.0047302,4.9121
0.013123,-0.0056458,4.9182
0.012054,-0.0056458,4.9268
0.011139,-0.0057983,4.9231
0.012512,-0.0056458,4.9329
0.010376,-0.005188,4.928
0.012207,-0.0057983,4.9084
0.014191,-0.0047302,4.9255
0.016785,-0.0035095,4.9292
0.019073,0.00045776,4.9182
0.019531,0.0010681,4.9304
0.021973,0.0021362,4.9268
0.021973,0.0019836,4.9341
0.022278,0.0010681,4.9304
0.022278,0.0015259,4.9329
0.022736,0.0035095,4.928
0.022888,0.007019,4.9329
0.021973,0.010071,4.9329
0.021057,0.012207,4.939
0.019379,0.01297,4.9475
0.019684,0.013123,4.9353
0.020752,0.012054,4.9377
0.02243,0.010681,4.9353
0.023346,0.0094604,4.9377
0.022888,0.0088501,4.9255
0.023499,0.0091553,4.9243
0.02243,0.0099182,4.9255
0.021515,0.0076294,4.9231
0.02121,0.005188,4.9207
0.02121,0.0022888,0.05249
0.020447,0.0013733,0.040283
0.018311,0.0015259,0.047607
0.0177,0.0056458,0.046387
0.016937,0.010071,0.046387
0.016937,0.012665,0.043945
0.016632,0.014191,0.045166
0.017395,0.01358,0.040283
0.017242,0.012817,0.042725
0.018616,0.011597,0.050049
0.019073,0.010681,0.043945
0.018463,0.011139,0.053711
0.018616,0.010681,0.037842
0.016022,0.0094604,0.030518
0.012665,0.0073242,0.039063
0.010834,0.0048828,0.039063
0.0086975,0.0036621,0.037842
0.0067139,0.0018311,0.042725
0.0057983,0.00030518,0.040283
0.004425,0.00030518,0.043945
0.0050354,0.0016785,0.042725
0.0064087,0.0028992,0.05249
0.0097656,0.0036621,0.046387
0.014496,0.0041199,0.054932
0.018616,0.0019836,0.058594
0.02121,0.002594,0.057373
0.022125,0.0019836,0.064697
0.020599,0.0018311,0.058594
0.017548,0.0010681,0.061035
0.014648,0.0016785,0.061035
0.011902,0.0024414,0.06958
0.010986,0.0024414,0.059814
0.011749,0.00091553,0.061035
0.014954,0.00045776,0.061035
0.015411,-0.00045776,0.061035
0.019989,-0.00091553,0.061035
0.02121,-0.0019836,0.064697
0.022583,-0.0018311,0.062256
0.024414,-0.0022888,0.070801
0.025177,-0.0027466,0.062256
0.027313,-0.002594,0.067139
0.02655,-0.0032043,0.064697
0.026245,-0.0018311,0.063477
0.024414,-0.0018311,0.058594
0.02243,-0.0013733,0.056152
0.022125,-0.0010681,0.067139
0.023499,-0.00091553,0.05249
0.025177,-0.00091553,0.05249
0.027771,-0.0019836,0.05249
0.029144,-0.0015259,0.030518
0.030518,-0.0010681,0.046387
0.032043,-0.0010681,0.043945
0.033569,-0.0013733,0.043945
0.03418,-0.0016785,0.043945
0.036163,-0.0022888,0.041504
0.036774,-0.0022888,0.043945
0.035706,-0.0015259,0.040283
0.034027,-0.00015259,0.040283
0.031586,0.00045776,0.037842
0.029449,0.0013733,0.042725
0.028534,-0.00015259,0.041504
0.028381,0.00015259,0.041504
0.025482,-0.0010681,0.040283
0.029297,-0.00091553,0.042725
0.028687,-0.0012207,0.037842
0.028992,-0.0019836,0.040283
0.028076,-0.0018311,0.042725
0.027924,-0.00091553,0.042725
0.027161,0.00015259,0.0354
0.027161,0.00076294,0.047607
0.027161,-0.00015259,0.048828
0.030518,-0.00076294,0.047607
0.022583,-0.0021362,0.053711
0.027161,-0.0024414,0.053711
0.027771,0.00015259,0.059814
0.027618,0.002594,0.054932
0.026703,0.0050354,0.062256
0.027618,0.0068665,0.075684
0.028229,0.0016785,4.6289
0.027161,0.0054932,4.906
0.02594,0.0030518,4.9292
0.025482,0.0013733,4.9377
0.024261,0.00076294,4.9341
0.024414,0.00076294,4.9365
0.023804,0.0045776,4.9329
0.023499,0.0053406,4.9268
0.023041,0.0053406,4.9329
0.018921,0.0038147,4.9341
0.020905,0.00015259,4.9341
0.020752,-0.0024414,4.9329
0.021057,-0.0050354,4.9255
0.02182,-0.0053406,4.9316
0.021057,-0.0035095,4.9255
0.019836,-0.0035095,4.928
0.017548,-0.0038147,4.9207
0.015717,-0.0068665,4.9231
0.015106,-0.0091553,4.9207
0.015564,-0.009613,4.9329
0.01709,-0.0076294,4.9182
0.019379,-0.0048828,4.9194
0.021973,-0.00076294,4.9231
0.024872,0.0021362,4.9158
0.026093,0.0035095,4.9231
0.030518,0.0045776,4.9158
0.033875,0.0059509,4.8987
0.036469,0.0068665,4.9072
0.038452,0.0065613,4.9097
0.039215,0.0068665,4.9133
0.038452,0.0061035,4.9097
0.037079,0.0045776,4.9023
0.033569,0.002594,4.9109
0.03006,0.0015259,4.9121
0.027466,-0.00061035,4.9097
0.025482,-0.0036621,4.9097
0.023804,-0.0080872,4.9158
0.023041,-0.013428,4.9121
0.020294,-0.019226,4.9194
0.019836,-0.018921,4.9292
0.020599,-0.018005,4.9182
0.022278,-0.016479,4.9182
0.023499,-0.013428,4.928
0.025024,-0.0099182,4.9182
0.026703,-0.0076294,4.9255
0.025177,-0.0056458,4.9292
0.024872,-0.0033569,4.9304
0.027313,-0.00061035,4.9304
0.026398,0.0018311,4.928
0.028839,0.0028992,4.9316
0.032501,0.0027466,4.9304
0.034943,0.002594,4.9341
0.038757,0.0054932,4.9292
0.041046,0.0067139,4.9353
0.043488,0.0079346,4.9304
0.043793,0.0067139,4.9365
0.040436,0.0033569,4.9402
0.03952,0.00030518,4.9414
0.036011,-0.00076294,4.9414
0.033264,-0.00076294,4.9377
0.03067,-0.00030518,4.9426
0.028534,0,4.928
0.026703,-0.0018311,4.9207
0.025177,-0.0083923,4.9243
0.023804,-0.0067139,4.9243
0.023956,-0.0062561,4.9207
0.024872,-0.0036621,4.9207
0.026703,-0.00030518,4.9158
0.027161,0.00030518,4.9194
0.025787,0.00076294,4.9158
0.023804,0.0016785,4.9194
0.020905,0.00030518,4.9121
0.018768,0.00045776,0.045166
0.0177,0.0028992,0.041504
0.014801,0.0061035,0.043945
0.013733,0.0074768,0.039063
0.011749,0.0067139,0.042725
0.010681,0.0039673,0.039063
0.010529,-0.0010681,0.040283
0.012054,-0.0039673,0.032959
0.014496,-0.0064087,0.039063
0.018158,-0.0057983,0.042725
0.020142,-0.005188,0.0354
0.020599,-0.0053406,0.036621
0.018921,-0.0056458,0.037842
0.02121,-0.0057983,0.042725
0.021973,-0.0036621,0.043945
0.023346,-0.0013733,0.047607
0.025787,0.002594,0.050049
0.026703,0.0065613,0.056152
0.026855,0.007782,0.05249
0.02594,0.0064087,0.059814
0.025177,0.0041199,0.056152
0.025482,0.0018311,0.061035
0.024567,0.00030518,0.064697
0.024567,-0.00030518,0.058594
0.024872,0.00091553,0.072021
0.023956,0.0018311,0.062256
0.022736,0.0022888,0.045166
0.020447,0.0036621,0.058594
0.017853,0.0038147,0.068359
0.015564,0.0030518,0.062256
0.014496,0.0041199,0.062256
0.014801,0.0056458,0.064697
0.015717,0.0065613,0.064697
0.015259,0.0059509,0.063477
0.015717,0.0039673,0.065918
0.014496,0.0016785,0.063477
0.014496,-0.00091553,0.062256
0.014648,-0.002594,0.059814
0.016022,-0.0024414,0.058594
0.017548,-0.00015259,0.064697
0.018311,0.0033569,0.053711
0.018463,0.0062561,0.05249
0.018768,0.0093079,0.05127
0.017395,0.007782,0.03418
0.016937,0.0090027,0.046387
0.020599,0.0076294,0.042725
0.023804,0.0059509,0.045166
0.025787,0.0064087,0.043945
0.026245,0.0074768,0.040283
0.025482,0.007782,0.042725
0.022278,0.0076294,0.039063
0.018616,0.0090027,0.040283
0.016174,0.0050354,0.036621
0.013885,0.0035095,0.042725
0.012512,0.0045776,0.036621
0.010529,0.0068665,0.040283
0.010223,0.010071,0.040283
0.0083923,0.012207,0.041504
0.0091553,0.011292,0.048828
0.011444,0.0090027,0.037842
0.014191,0.005188,0.053711
0.018768,0.002594,0.040283
0.022125,0.0038147,0.0354
0.024872,0.0042725,0.047607
0.026398,0.0045776,0.046387
0.02655,0.0041199,0.047607
0.024872,0.0030518,0.056152
0.024719,0.0012207,0.053711
0.024872,0.0015259,0.058594
0.025177,0.0036621,0.057373
0.026093,0.0054932,0.062256
0.026245,0.0050354,0.057373
0.027161,0.0032043,0.063477
0.028076,-0.00091553,0.062256
0.030212,-0.0030518,0.065918
0.032654,-0.0056458,0.064697
0.033722,-0.0042725,0.061035
0.033264,-0.0022888,0.061035
0.031433,-0.0062561,4.1614
0.028076,-0.0022888,4.8889
0.024872,-0.0028992,4.9292
0.023041,-0.0028992,4.9377
0.022888,-0.0010681,4.9329
0.024109,0.0012207,4.9341
0.026703,0.0039673,4.9329
0.029297,0.0059509,4.9292
0.032043,0.0048828,4.9304
0.033722,0.0022888,4.9292
0.032654,0.00030518,4.9231
0.035095,-0.0013733,4.9219
0.036469,-0.0016785,4.9182
0.037079,-0.0013733,4.9268
0.0354,0.00015259,4.9158
0.032501,0.0010681,4.9219
0.03006,0.0024414,4.928
0.02655,0.002594,4.917
0.025482,0.0016785,4.9194
0.02594,0.00045776,4.917
0.026855,-0.0013733,4.895
0.026703,-0.0024414,4.9072
0.02655,-0.0016785,4.9109
0.02655,-0.00030518,4.9109
0.026245,0.00030518,4.9109
0.027313,0,4.9084
0.024261,-0.00076294,4.9097
0.023193,-0.0015259,4.9084
0.02243,-0.00076294,4.9097
0.019531,0.0024414,4.9097
0.016479,0.005188,4.9158
0.013885,0.0079346,4.9146
0.013275,0.0091553,4.917
0.01358,0.0079346,4.9158
0.016937,0.0065613,4.9207
0.021362,0.0048828,4.9219
0.025787,0.0041199,4.9255
0.026855,0.005188,4.9329
0.027466,0.0047302,4.9255
0.024719,0.0059509,4.9182
0.023346,0.0059509,4.9292
0.02121,0.0059509,4.9304
0.020752,0.0059509,4.9304
0.020294,0.005188,4.9316
0.019226,0.0047302,4.9292
0.018311,0.0036621,4.9316
0.016785,0.0035095,4.9292
0.016785,0.0024414,4.9365
0.020447,0.0013733,4.9316
0.024261,0,4.9365
0.02594,-0.0012207,4.9304
0.023956,-0.0015259,4.9377
0.023193,-0.0024414,4.9463
0.019684,-0.0030518,4.9353
0.01709,-0.0032043,4.9341
0.016327,-0.0035095,4.9304
0.016785,-0.0024414,4.9194
0.016632,-0.0012207,4.928
0.016174,-0.00045776,4.9255
0.016022,-0.0010681,4.9207
0.018158,-0.0010681,4.9231
0.018616,-0.0019836,4.9194
0.020599,-0.002594,4.9219
0.022736,-0.0041199,4.9133
0.024719,-0.0036621,4.9207
0.02594,-0.00076294,4.9109
0.026398,0.0010681,4.9146
0.026093,0.0022888,4.9182
0.02594,0,4.9158
0.02243,-0.0035095,4.906
0.022888,-0.0064087,4.9121
0.02182,-0.0088501,4.9133
0.021362,-0.0094604,0.029297
0.019989,-0.010376,0.045166
0.019836,-0.012512,0.039063
0.018768,-0.014343,0.036621
0.017395,-0.019073,0.037842
0.017548,-0.016479,0.037842
0.019684,-0.015564,0.040283
0.022125,-0.016174,0.045166
0.024261,-0.016174,0.041504
0.024414,-0.013275,0.048828
0.024567,-0.01236,0.048828
0.024719,-0.0079346,0.057373
0.025177,-0.0042725,0.053711
0.029144,-0.0013733,0.058594
0.034332,-0.00015259,0.057373
0.037689,0.0015259,0.059814
0.040588,0.0022888,0.075684
0.039978,0.0032043,0.062256
0.040436,0.0056458,0.064697
0.040588,0.0068665,0.063477
0.042419,0.0088501,0.050049
0.043793,0.007019,0.059814
0.043182,0.0062561,0.058594
0.040894,0.0053406,0.062256
0.036469,0.0041199,0.063477
0.028534,0.0028992,0.058594
0.028687,0.0012207,0.067139
0.027618,-0.00076294,0.064697
0.029144,-0.002594,0.065918
0.029144,-0.0056458,0.061035
0.028381,-0.0062561,0.067139
0.02533,-0.0064087,0.062256
0.022125,-0.0085449,0.058594
0.018311,-0.0085449,0.059814
0.016327,-0.0079346,0.056152
0.015411,-0.0039673,0.058594
0.015106,-0.0013733,0.05127
0.013733,0.0035095,0.062256
0.013428,0.007019,0.046387
0.012054,0.0082397,0.05127
0.011597,0.0080872,0.045166
0.013885,0.0082397,0.047607
0.016632,0.0035095,0.040283
0.020447,0.0028992,0.042725
0.02243,0.0016785,0.039063
0.022736,0.0028992,0.039063
0.022125,0.0027466,0.037842
0.021362,0.0045776,0.042725
0.020294,0.0035095,0.039063
0.020142,0.0035095,0.039063
0.020142,0.0039673,0.041504
0.021515,0.0032043,0.041504
0.023193,0.0030518,0.047607
0.023956,0.0047302,0.036621
0.023956,0.0039673,0.045166
0.02243,0.0041199,0.042725
0.021515,0.0022888,0.032959
0.021667,-0.00030518,0.043945
0.022736,-0.002594,0.046387
0.021973,-0.0042725,0.050049
0.02121,-0.0019836,0.05249
0.018768,0.0013733,0.05127
0.015717,0.0061035,0.054932
0.012665,0.010376,0.056152
0.011597,0.012512,0.061035
0.012207,0.014801,0.057373
0.014038,0.015411,0.065918
0.014954,0.016022,0.061035
0.015717,0.01709,0.064697
0.014954,0.017853,0.058594
0.014038,0.016174,0.062256
0.013428,0.014954,0.068359
0.014801,0.01236,0.061035
0.015564,0.0093079,0.073242
0.015259,0.0082397,0.059814
0.012054,0.007019,0.05127
0.0085449,0.0065613,0.063477
0.0053406,0.0054932,0.062256
0.0032043,0.0039673,3.7671
0.0036621,0.0022888,4.8572
0.0061035,0.00061035,4.9182
0.0088501,0.00045776,4.9268
0.010376,0.0015259,4.9194
0.011292,0.0022888,4.9231
0.011292,0.0048828,4.9182
0.011444,0.0047302,4.9207
0.012817,0.0039673,4.917
0.013123,0.0039673,4.9207
0.013123,0.0047302,4.9219
0.011292,0.007019,4.9182
0.0085449,0.010223,4.9121
0.0059509,0.012665,4.9146
0.0038147,0.013123,4.9011
0.004425,0.01236,4.9084
0.0067139,0.0071716,4.9109
0.011597,0.0082397,4.9109
0.015259,0.0059509,4.9109
0.018158,0.0050354,4.9084
0.018463,0.0056458,4.9109
0.019073,0.0061035,4.9084
0.018921,0.0065613,4.9109
0.019226,0.0042725,4.906
0.019531,0.0027466,4.9146
0.020752,0.00076294,4.9097
0.02121,-0.0024414,4.9158
0.020752,0.0015259,4.9133
0.020142,0.004425,4.9207
0.020905,0.0057983,4.9231
0.023651,0.0062561,4.9231
0.027008,0.0048828,4.9365
0.03067,0.0042725,4.9268
0.032196,0.0035095,4.917
0.031433,0.0045776,4.9292
0.028534,0.0065613,4.9292
0.024414,0.0080872,4.9268
0.02121,0.0086975,4.9304
0.019836,0.0071716,4.928
0.018463,0.0047302,4.9304
0.017548,0.0032043,4.9292
0.016327,0.00030518,4.9353
0.014954,0,4.9292
0.013123,-0.00030518,4.9341
0.013885,-0.0015259,4.9353
0.016174,-0.0019836,4.9377
0.019836,-0.0036621,4.9402
0.024719,-0.002594,4.9402
0.026245,-0.002594,4.9341
0.028992,0.00076294,4.9329
0.030518,-0.00076294,4.9353
0.031891,0.00015259,4.928
0.032959,0.0015259,4.9231
0.035248,0.0024414,4.9194
0.036469,0.005188,4.9243
0.037689,0.0033569,4.9219
0.037384,0.0028992,4.917
0.036163,0.0038147,4.9146
0.034027,0.005188,4.9194
0.032806,0.0061035,4.9146
0.032501,0.0061035,4.9133
0.033875,0.004425,4.9182
0.035553,0.0032043,4.9158
0.035553,0.0018311,4.9084
0.032806,0.0021362,4.9121
0.03067,0.0038147,4.9243
0.027466,0.0059509,4.9146
0.025635,0.0080872,4.9182
0.02533,0.0090027,4.9109
0.025024,0.0091553,4.8962
0.023804,0.0093079,4.9109
0.018311,0.0067139,4.9109
0.0177,0.0094604,0.040283
0.016479,0.009613,0.041504
0.017548,0.0090027,0.040283
0.021667,0.0074768,0.042725
0.027008,0.0054932,0.047607
0.031281,0.0064087,0.05127
0.033112,0.007019,0.043945
0.032043,0.0093079,0.057373
0.030823,0.010986,0.057373
0.029144,0.01297,0.062256
0.030212,0.013275,0.072021
0.030518,0.01358,0.063477
0.031433,0.013275,0.061035
0.029144,0.011139,0.063477
0.029144,0.0090027,0.068359
0.022736,0.0064087,0.059814
0.019836,0.0035095,0.061035
0.019531,0.00045776,0.062256
0.02121,-0.0021362,0.061035
0.020599,-0.0035095,0.061035
0.023956,-0.004425,0.064697
0.024109,-0.0054932,0.064697
0.023651,-0.0019836,0.065918
0.02243,-0.0012207,0.065918
0.021515,0.00045776,0.068359
0.02243,0.0024414,0.061035
0.024872,0.0028992,0.061035
0.027618,0.0039673,0.059814
0.031738,0.004425,0.058594
0.034332,0.0050354,0.063477
0.0354,0.0056458,0.05249
0.0354,0.0068665,0.058594
0.035553,0.0079346,0.047607
0.036316,0.0068665,0.039063
0.032501,0.0061035,0.046387
0.034027,0.0042725,0.046387
0.029297,0.00045776,0.039063
0.024414,-0.00015259,0.043945
0.018158,-0.00045776,0.041504
0.01297,-0.0022888,0.041504
0.011597,-0.0045776,0.037842
0.012817,-0.0088501,0.041504
0.014343,-0.012817,0.0354
0.016479,-0.017395,0.041504
0.014954,-0.019989,0.043945
0.014191,-0.020142,0.039063
0.014801,-0.0177,0.040283
0.0177,-0.014038,0.037842
0.021515,-0.0097656,0.037842
0.024261,-0.007019,0.039063
0.024414,-0.0035095,0.041504
0.027313,0,0.045166
0.028229,0.0028992,0.03418
0.030212,0.0065613,0.045166
0.032196,0.0094604,0.050049
0.036011,0.010071,0.047607
0.038147,0.0079346,0.057373
0.042114,0.0039673,0.054932
0.040741,0.00061035,0.063477
0.0383,-0.00091553,0.057373
0.034943,-0.00076294,0.063477
0.032806,0.0013733,0.062256
0.032349,0.0024414,0.065918
0.031433,0.004425,0.058594
0.029907,-0.0033569,0.062256
0.025787,-0.007019,0.073242
0.023651,-0.0099182,0.062256
0.019989,-0.0080872,0.065918
0.019989,-0.0047302,0.062256
0.020905,-0.0018311,0.047607
0.022583,0.0010681,0.064697
0.023193,0.0010681,0.064697
0.021515,-0.0013733,0.062256
0.019226,-0.0015259,0.062256
0.015717,-0.0015259,0.053711
0.013123,-0.00030518,0.057373
0.012054,0.00091553,0.054932
0.01236,0.00045776,0.053711
0.016327,-0.0013733,4.0869
0.011749,-0.0030518,4.8669
0.012665,-0.0045776,4.9084
0.01709,-0.005188,4.9194
0.014343,-0.0032043,4.9158
0.016479,-0.002594,4.9182
0.016785,-0.0030518,4.9194
0.017548,-0.0033569,4.917
0.018311,-0.0028992,4.9158
0.017242,-0.0012207,4.9109
0.015411,0.00045776,4.9146
0.015106,0.0022888,4.9109
0.013428,0.0038147,4.9097
0.012817,0.0021362,4.9084
0.014343,0,4.9097
0.017242,-0.0018311,4.9048
0.018616,-0.0038147,4.906
0.021667,-0.0039673,4.906
0.020905,-0.0042725,4.9133
0.021515,-0.0039673,4.9109
0.019379,-0.0030518,4.9158
0.017853,-0.0033569,4.9109
0.015564,-0.0032043,4.9158
0.013275,-0.0028992,4.928
0.01297,-0.0033569,4.9207
0.011597,-0.0028992,4.9292
0.0099182,-0.0010681,4.9255
0.0090027,0.0010681,4.9219
0.0099182,0.0019836,4.9292
0.011749,0.002594,4.9255
0.013123,-0.00076294,4.9292
0.014343,-0.0013733,4.9304
0.015717,-0.0036621,4.9304
0.015411,-0.0038147,4.9255
0.015259,-0.00030518,4.9292
0.014954,0.005188,4.9329
0.014648,0.0079346,4.9304
0.014496,0.0091553,4.9329
0.013428,0.0076294,4.9426
0.014801,0.0068665,4.9341
0.017395,0.0064087,4.9353
0.018311,0.0068665,4.939
0.020752,0.0085449,4.9438
0.020447,0.0083923,4.9341
0.018463,0.0079346,4.9365
0.019684,0.0068665,4.9304
0.019379,0.0045776,4.9231
0.018158,0.0032043,4.9207
0.016785,0.0010681,4.9255
0.014343,0.0013733,4.9231
0.011749,0.0022888,4.9243
0.0093079,0.0045776,4.917
0.0080872,0.0059509,4.9182
0.0083923,0.0064087,4.9158
0.0086975,0.0048828,4.9158
0.0099182,0.0018311,4.9268
0.011444,-0.00030518,4.9194
0.012512,-0.00091553,4.9011
0.014648,-0.0010681,4.917
0.016632,-0.00030518,4.9146
0.019989,-0.00045776,4.9121
0.018158,-0.0013733,4.9072
0.0177,-0.0010681,4.9097
0.016785,0,4.8938
0.016479,0.0027466,4.9097
0.01709,0.0056458,4.9109
0.018311,0.0068665,4.9097
0.020599,0.0068665,4.9072
0.023193,0.0039673,4.9109
0.024872,0.0022888,4.9097
0.027466,0.0012207,4.9158
0.029907,-0.00030518,0.048828
0.031738,0.0015259,0.048828
0.033569,0.0016785,0.05249
0.032959,0.00076294,0.053711
0.032043,-0.0013733,0.048828
0.027313,-0.0019836,0.058594
0.023346,-0.0010681,0.062256
0.02243,0.00015259,0.065918
0.019073,0.0024414,0.063477
0.020752,0.0035095,0.074463
0.017548,0.0022888,0.05127
0.018005,-0.0010681,0.048828
0.019073,-0.0042725,0.062256
0.020752,-0.0067139,0.059814
0.021973,-0.0057983,0.061035
0.022736,-0.0010681,0.063477
0.023193,0.0038147,0.063477
0.023804,0.0047302,0.063477
0.023651,0.0030518,0.065918
0.02533,-0.00076294,0.065918
0.025635,-0.0013733,0.059814
0.024719,0.00091553,0.063477
0.025787,0.0065613,0.059814
0.026398,0.0097656,0.057373
0.028381,0.011139,0.061035
0.030365,0.0071716,0.053711
0.03067,0.0021362,0.050049
0.029449,-0.0019836,0.050049
0.027618,-0.0042725,0.031738
0.024261,-0.0032043,0.047607
0.022736,-0.00091553,0.043945
0.020294,0.0021362,0.042725
0.018311,0.0015259,0.041504
0.016785,0.0010681,0.040283
0.015411,-0.00030518,0.0354
0.016022,-0.0016785,0.037842
0.01358,-0.00061035,0.042725
0.019379,0.0016785,0.036621
0.020752,0.0057983,0.042725
0.02121,0.0082397,0.041504
0.02182,0.0090027,0.039063
0.022125,0.0082397,0.0354
0.021057,0.007019,0.041504
0.021667,0.0059509,0.05127
0.020447,0.0053406,0.039063
0.020599,0.007019,0.05249
0.020752,0.010223,0.041504
0.021973,0.011597,0.028076
0.022736,0.012665,0.045166
0.024261,0.010986,0.047607
0.025024,0.0080872,0.053711
0.023956,0.0039673,0.05127
0.02182,0.0024414,0.048828
0.024261,0.0018311,0.067139
0.023041,0.0019836,0.058594
0.022278,0.0010681,0.063477
0.019989,-0.00045776,0.058594
0.018616,-0.002594,0.064697
0.017395,-0.0041199,0.063477
0.015869,-0.007782,0.063477
0.015717,-0.0028992,0.072021
0.014954,-0.0018311,0.063477
0.015869,-0.0016785,0.061035
0.016632,-0.0027466,0.063477
0.017853,-0.0041199,0.06958
0.018768,-0.0064087,0.065918
0.018005,-0.0064087,0.047607
0.018463,-0.0047302,0.063477
0.018463,-0.0050354,0.064697
0.017548,-0.00045776,0.058594
0.017242,-0.0010681,0.061035
0.018463,-0.0021362,0.05249
0.019379,-0.0030518,0.057373
0.02182,-0.0018311,0.050049
0.022278,-0.00015259,0.05249
0.023346,0.00030518,0.047607
0.024261,-0.0013733,0.05127
0.024109,-0.0042725,0.046387
0.025787,-0.0071716,1.9653
0.027313,-0.0082397,4.7302
0.028992,-0.0085449,4.8987
0.030823,-0.0074768,4.9194
0.028229,-0.0065613,4.9097
0.026855,-0.0067139,4.9036
0.022888,-0.0048828,4.9097
0.021362,-0.0039673,4.9011
0.019073,-0.0027466,4.9072
0.022278,-0.0027466,4.9084
0.025177,-0.0035095,4.906
0.026855,-0.0053406,4.9084
0.029144,-0.0050354,4.9011
0.030212,-0.0045776,4.9133
0.030823,-0.00091553,4.9072
0.032654,0.0022888,4.9133
0.033417,0.0035095,4.9146
0.033112,0.0032043,4.9146
0.032806,0.0035095,4.917
0.029297,-0.00015259,4.9194
0.027618,0.00015259,4.9194
0.02655,0.0013733,4.9255
0.027008,0.0030518,4.9329
0.028381,0.0013733,4.9304
0.028381,-0.00076294,4.9207
0.026855,-0.0016785,4.9255
0.025482,-0.0056458,4.9304
0.025177,-0.0047302,4.9316
0.023499,-0.0016785,4.9255
0.023651,0.00015259,4.9292
0.021667,0.00076294,4.9353
0.019684,-0.00030518,4.9304
0.018311,-0.0018311,4.9316
0.017548,-0.0035095,4.9329
0.017853,-0.0019836,4.9353
0.0177,0.00076294,4.9329
0.016937,0.0012207,4.939
0.0177,0.0024414,4.95
0.016937,0.002594,4.9353
0.016327,0.0019836,4.9353
0.018158,0.0068665,4.9329
0.018768,0.002594,4.9133
0.018158,0.0013733,4.9255
0.016785,0.00030518,4.9231
0.016937,-0.0013733,4.9243
0.01709,-0.0019836,4.9219
0.019684,-0.0027466,4.9146
0.021667,-0.002594,4.9255
0.021667,-0.0024414,4.9146
0.021057,-0.0024414,4.9194
0.019379,-0.0021362,4.9182
0.018768,-0.0012207,4.9146
0.018463,0.0016785,4.9133
0.019379,0.0042725,4.9109
0.020599,0.0067139,4.9109
0.02182,0.0080872,4.9146
0.02121,0.0099182,4.9146
0.021515,0.011139,4.9097
0.022736,0.011902,4.9158
0.02182,0.011902,4.9084
0.02243,0.010681,4.9072
0.021057,0.0093079,4.9084
0.019836,0.0073242,4.9084
0.017395,0.0068665,4.9097
0.015869,0.0062561,4.9133
0.013885,0.0056458,4.9121
0.012512,0.0045776,4.917
0.011292,0.0047302,4.9146
0.010986,0.0035095,4.9243
0.010681,0.0033569,4.9231
0.010071,0.0042725,4.928
0.010834,0.0054932,4.9158
0.0091553,0.0062561,0.061035
0.010376,0.0079346,0.072021
0.0099182,0.007782,0.063477
0.010529,0.0062561,0.068359
0.0097656,0.004425,0.062256
0.009613,0.0024414,0.057373
0.0097656,0.0030518,0.059814
0.0093079,0.0045776,0.061035
0.0091553,0.0062561,0.062256
0.0086975,0.0080872,0.061035
0.0080872,0.0080872,0.063477
0.0088501,0.0073242,0.067139
0.0074768,0.007019,0.064697
0.0068665,0.0056458,0.068359
0.0053406,0.0074768,0.062256
0.005188,0.007019,0.065918
0.0065613,0.0068665,0.061035
0.0090027,0.0064087,0.061035
0.011902,0.0061035,0.054932
0.015106,0.0062561,0.059814
0.015106,0.0082397,0.058594
0.016174,0.010376,0.048828
0.015564,0.012207,0.063477
0.014801,0.013123,0.047607
0.015106,0.013275,0.05127
0.014801,0.01358,0.042725
0.014954,0.013123,0.046387
0.014343,0.013275,0.043945
0.015564,0.012665,0.040283
0.016479,0.011597,0.037842
0.018463,0.010376,0.042725
0.020294,0.007782,0.036621
0.02243,0.0056458,0.037842
0.022583,0.0045776,0.040283
0.022278,0.0036621,0.043945
0.020752,0.002594,0.040283
0.019073,0.0024414,0.041504
0.016632,0.0027466,0.053711
0.013428,0.0010681,0.040283
0.010529,-0.00030518,0.041504
0.0088501,-0.00045776,0.042725
0.007782,-0.00091553,0.030518
0.0082397,-0.0015259,0.040283
0.010834,-0.002594,0.045166
0.014343,-0.002594,0.05127
0.018158,-0.0019836,0.050049
0.02182,0.00061035,0.05249
0.024719,0.0033569,0.057373
0.02594,0.0059509,0.057373
0.026398,0.0067139,0.061035
0.025482,0.0059509,0.058594
0.024261,0.0038147,0.059814
0.023651,0.00076294,0.061035
0.022278,-0.0019836,0.062256
0.021667,-0.0022888,0.063477
0.021362,-0.0022888,0.061035
0.024109,-0.0013733,0.064697
0.02594,-0.00061035,0.061035
0.027008,0.00030518,0.076904
0.025177,0.0012207,0.064697
0.027161,-0.00091553,0.054932
0.026093,-0.00061035,0.065918
0.025024,-0.00076294,0.067139
0.024567,0.00045776,0.054932
0.020599,0.0013733,0.059814
0.023651,0.002594,0.056152
0.02121,0.0032043,0.056152
0.021667,0.0032043,0.053711
0.021973,0.0028992,0.053711
0.022736,0.0022888,0.042725
0.023651,0.0021362,0.05127
0.023193,0.0012207,0.050049
0.022736,0.0041199,0.048828
0.022736,0.0021362,0.046387
0.023193,0.0012207,0.042725
0.021515,-0.00030518,0.041504
0.021057,0.00061035,0.041504
0.019531,0.0015259,0.032959
0.018311,0.0028992,4.5593
0.017395,0.0039673,4.8853
0.01709,0.0039673,4.9048
0.0177,0.0048828,4.9072
0.018158,0.0022888,4.9109
0.018921,0.0010681,4.9097
0.019989,0.0012207,4.9036
0.020752,0.0010681,4.9109
0.022278,0.0015259,4.906
0.022888,0.0027466,4.9121
0.024261,0.002594,4.9084
0.025024,0.0030518,4.9182
0.025482,0.0018311,4.9146
0.024872,0.00076294,4.9194
0.024719,-0.0012207,4.9304
0.025177,-0.0038147,4.9194
0.025024,-0.0018311,4.9292
0.025482,-0.00015259,4.9255
0.023193,0.0033569,4.9146
0.024567,0.0030518,4.9268
0.023956,0.0018311,4.9304
0.021362,-0.00015259,4.9268
0.024109,-0.0010681,4.928
0.024719,-0.0010681,4.9292
0.024719,0.0022888,4.9353
0.025024,0.0050354,4.9304
0.025482,0.0083923,4.9353
0.025635,0.007019,4.9243
0.02594,0.0062561,4.9377
0.02594,0.0036621,4.9365
0.026703,0.0013733,4.9377
0.026855,0.0016785,4.9426
0.024414,0.0038147,4.9292
0.02655,0.0021362,4.9329
0.024261,0.0024414,4.9341
0.022278,0.0015259,4.9353
0.020294,-0.0013733,4.9255
0.018463,-0.0050354,4.9329
0.016632,-0.0068665,4.9207
0.016632,-0.0074768,4.9207
0.016785,-0.0080872,4.9182
0.015869,-0.0082397,4.9194
0.016937,-0.0088501,4.9146
0.018921,-0.010681,4.9146
0.02182,-0.011749,4.9133
0.022736,-0.011597,4.9121
0.023041,-0.0091553,4.9109
0.023804,-0.0073242,4.9146
0.022125,-0.0056458,4.9109
0.021973,-0.005188,4.9121
0.020599,-0.0048828,4.9207
0.022278,-0.0057983,4.9121
0.023041,-0.0050354,4.9194
0.023346,-0.0038147,4.9072
0.024719,-0.0016785,4.9011
0.026398,-0.00015259,4.9121
0.028229,0.0016785,4.9109
0.030365,0.0045776,4.9084
0.031891,0.0019836,4.9133
0.032959,0.0022888,4.9109
0.032349,0.0019836,4.9109
0.031586,0.0013733,4.917
0.031281,0.00045776,4.9194
0.030518,0.00030518,4.9194
0.028992,0.00091553,4.928
0.027313,0.002594,4.9255
0.024567,0.0056458,4.928
0.023804,0.0047302,4.9353
0.02121,0.0064087,4.9316
0.020905,0.0061035,4.9304
0.018921,0.0067139,4.9353
0.019073,0.0074768,4.9402
0.017853,0.0056458,0.063477
0.018158,0.0033569,0.05249
0.016785,-0.0013733,0.058594
0.014496,-0.0056458,0.062256
0.011292,-0.0083923,0.063477
0.0086975,-0.0076294,0.063477
0.0054932,-0.0054932,0.062256
0.0036621,-0.0033569,0.068359
0.0028992,-0.0033569,0.063477
0.0035095,-0.0045776,0.06958
0.0059509,-0.007782,0.062256
0.007019,-0.0083923,0.062256
0.010071,-0.0080872,0.054932
0.012512,-0.0061035,0.057373
0.016479,-0.0028992,0.067139
0.018768,-0.0036621,0.054932
0.020142,-0.002594,0.053711
0.019836,0.00015259,0.048828
0.020599,0.0030518,0.031738
0.021362,0.0053406,0.042725
0.02121,0.007782,0.047607
0.020752,0.0073242,0.045166
0.019073,0.007019,0.042725
0.018158,0.0033569,0.037842
0.017395,0.00091553,0.043945
0.017853,-0.0018311,0.039063
0.018921,-0.0018311,0.039063
0.019379,-0.00091553,0.037842
0.0177,0.00061035,0.042725
0.016479,0.0027466,0.039063
0.015411,0.0028992,0.040283
0.014038,0.004425,0.043945
0.012665,0.005188,0.040283
0.012512,0.0057983,0.040283
0.011902,0.0053406,0.042725
0.010376,0.0053406,0.045166
0.0090027,0.0036621,0.043945
0.004425,0.0032043,0.045166
0.0074768,0.0027466,0.050049
0.0062561,0.002594,0.05249
0.0054932,0.0036621,0.053711
0.0045776,0.005188,0.05249
0.0036621,0.0050354,0.054932
0.0030518,0.004425,0.062256
0.0015259,0.0039673,0.059814
0.002594,0.0015259,0.063477
0.0022888,-0.00091553,0.057373
0.0038147,-0.0019836,0.064697
0.0065613,-0.0024414,0.061035
0.011139,-0.0015259,0.064697
0.015106,0.00061035,0.072021
0.017395,0.0018311,0.063477
0.015717,0.0028992,0.06958
0.016022,0.0035095,0.065918
0.013428,0.0038147,0.057373
0.016022,0.0036621,0.067139
0.018158,0.0030518,0.064697
0.021515,0.0033569,0.062256
0.022736,0.0027466,0.063477
0.022888,0.0018311,0.056152
0.022583,0,0.059814
0.022736,-0.0030518,0.05127
0.024414,-0.00076294,0.05249
0.027008,0.0013733,0.045166
0.029144,0.0050354,0.05127
0.03006,0.0088501,0.050049
0.028076,0.0097656,0.050049
0.02533,0.0091553,0.042725
0.02243,0.0071716,0.05127
0.02121,0.0039673,0.05249
0.022125,0.0015259,0.041504
0.02243,0.0015259,0.050049
0.023499,0.002594,0.040283
0.023956,0.0045776,0.025635
0.023804,0.0050354,0.036621
0.022736,0.0045776,0.040283
0.022583,0.0024414,0.041504
0.023193,0.00030518,1.5967
0.023956,-0.0016785,4.7107
0.024109,-0.0028992,4.895
0.023346,-0.0024414,4.9048
0.021515,-0.0027466,4.9133
0.018616,-0.0042725,4.9097
0.016785,-0.0056458,4.9158
0.015411,-0.0073242,4.9048
0.015869,-0.0061035,4.9182
0.017853,-0.0035095,4.9304
0.018921,-0.00030518,4.9207
0.019836,0.0021362,4.9231
0.021973,0.0024414,4.9292
0.024109,0,4.9231
0.02594,-0.0032043,4.9304
0.027313,-0.0042725,4.9133
0.028534,-0.0050354,4.9304
0.028992,-0.0032043,4.9255
0.029449,-0.0013733,4.928
0.029755,-0.0019836,4.9304
0.029755,-0.0042725,4.9304
0.028229,-0.0071716,4.9316
0.028076,-0.010376,4.9268
0.027008,-0.0090027,4.9353
0.027008,-0.005188,4.9329
0.025635,-0.0010681,4.9365
0.025024,0.0028992,4.9365
0.024414,0.00045776,4.939
0.024719,-0.0028992,4.9426
0.02533,-0.0073242,4.9329
0.02594,-0.0079346,4.9402
0.02655,-0.0048828,4.9268
0.027008,-0.0012207,4.9133
0.02594,0.0039673,4.9268
0.025482,0.0062561,4.9207
0.023193,0.0064087,4.9207
0.020294,0.0053406,4.9207
0.021973,0.0035095,4.9182
0.022736,0.0028992,4.9097
0.022278,0.0048828,4.917
0.023346,0.0083923,4.917
0.024414,0.010376,4.9121
0.023956,0.010071,4.9133
0.024261,0.0083923,4.9133
0.023346,0.0021362,4.9133
0.023804,-0.0019836,4.9097
0.022583,-0.0036621,4.9146
0.021057,-0.0038147,4.9084
0.018921,-0.007019,4.9084
0.017242,-0.0024414,4.9036
0.0177,-0.002594,4.9109
0.018158,-0.0032043,4.9158
0.019989,-0.0054932,4.9097
0.020905,-0.0065613,4.9097
0.022278,-0.0056458,4.9146
0.02182,-0.0030518,4.9146
0.021362,-0.0021362,4.9146
0.019989,-0.0015259,4.9243
0.021667,-0.0010681,4.9243
0.019989,-0.0041199,4.9255
0.020142,-0.0074768,4.9121
0.018921,-0.010223,4.9292
0.019379,-0.011292,4.9268
0.017395,-0.011292,4.9316
0.015869,-0.010376,4.9365
0.013885,-0.009613,4.9341
0.012817,-0.012817,4.939
0.012665,-0.009613,4.9341
0.012817,-0.0094604,4.9121
0.013123,-0.010071,4.928
0.01297,-0.0082397,4.9255
0.014038,-0.0091553,4.9304
0.016327,-0.011139,4.9341
0.018768,-0.011139,0.063477
0.023956,-0.0093079,0.06958
0.027313,-0.007782,0.063477
0.029907,-0.0038147,0.064697
0.030365,0,0.056152
0.030975,0.0021362,0.063477
0.030365,0.0035095,0.058594
0.029449,0.0028992,0.057373
0.030518,0.00091553,0.065918
0.031433,-0.0024414,0.05127
0.032959,-0.0050354,0.050049
0.033264,-0.0064087,0.050049
0.029602,-0.007782,0.041504
0.029297,-0.007019,0.043945
0.026398,-0.0099182,0.043945
0.023499,-0.012054,0.041504
0.021667,-0.013275,0.043945
0.018158,-0.014343,0.040283
0.016785,-0.014496,0.037842
0.014496,-0.014038,0.037842
0.013885,-0.013733,0.041504
0.014038,-0.01358,0.036621
0.019379,-0.014343,0.041504
0.020294,-0.01297,0.042725
0.022888,-0.014343,0.041504
0.024414,-0.012512,0.037842
0.024567,-0.0088501,0.041504
0.023804,-0.0039673,0.048828
0.02121,0,0.041504
0.021973,0.00091553,0.042725
0.021667,0.00015259,0.041504
0.021667,-0.00076294,0.037842
0.020905,-0.0030518,0.046387
0.019989,-0.0028992,0.05249
0.019379,-0.0021362,0.05127
0.018768,0.0012207,0.056152
0.018463,0.0022888,0.053711
0.018921,0.0024414,0.059814
0.020142,0.0022888,0.059814
0.022125,-0.0018311,0.063477
0.023956,-0.004425,0.057373
0.025635,-0.00045776,0.062256
0.025635,-0.0018311,0.063477
0.025482,0.00061035,0.062256
0.024261,0.0039673,0.06958
0.021973,0.0039673,0.084229
0.020294,0.0036621,0.064697
0.016327,0.0041199,0.064697
0.011597,0.0053406,0.073242
0.0073242,0.007019,0.064697
0.0028992,0.0071716,0.063477
0.0028992,0.0054932,0.065918
0.00091553,-0.0022888,0.062256
0.0045776,-0.011139,0.057373
0.0093079,-0.018921,0.058594
0.011749,-0.020752,0.05127
0.011749,-0.018005,0.058594
0.011749,-0.011139,0.047607
0.010071,-0.0018311,0.05249
0.007782,0.0057983,0.050049
0.0057983,0.010681,0.05127
0.0047302,0.015106,0.036621
0.0027466,0.016785,0.045166
0.0036621,0.019379,0.057373
0.007019,0.021057,0.042725
0.011444,0.019836,0.048828
0.018311,0.015259,0.043945
0.02533,0.0093079,0.028076
0.032043,0.0054932,0.036621
0.035248,0.005188,0.039063
0.034637,0.0073242,0.037842
0.030365,0.0083923,0.039063
0.023499,0.012207,0.03418
0.015259,0.010834,0.039063
0.0079346,0.0083923,0.037842
0.0035095,0.0054932,0.042725
0.0027466,0.0028992,0.039063
0.0041199,0.00091553,0.068359
0.0057983,-0.0013733,4.6143
0.0076294,-0.0022888,4.8962
0.0085449,-0.0036621,4.9207
0.010071,-0.0015259,4.9207
0.011292,0.0036621,4.9219
0.012512,0.0090027,4.9255
0.011749,0.012207,4.9341
0.0074768,0.012817,4.928
0.00076294,0.01236,4.9219
-0.0027466,0.0094604,4.928
-0.0062561,0.0057983,4.9292
-0.0059509,0.0028992,4.9292
-0.0012207,0,4.9292
0.0054932,-0.0010681,4.9304
0.010986,-0.0010681,4.9329
0.014191,0.0010681,4.9255
0.013123,0.0027466,4.9377
0.01358,0.0071716,4.9329
0.01297,0.011902,4.939
0.013733,0.014801,4.9329
0.014954,0.018768,4.9353
0.017242,0.019836,4.9463
0.018463,0.020294,4.9365
0.019989,0.018463,4.9292
0.021667,0.015411,4.9292
0.024719,0.011139,4.9182
0.028687,0.007019,4.9292
0.032043,0.0032043,4.9194
0.03418,-0.00030518,4.9182
0.032654,-0.0019836,4.9182
0.028381,-0.0024414,4.9182
0.022125,-0.002594,4.9146
0.016632,-0.0021362,4.9133
0.013275,-0.002594,4.9158
0.012207,-0.0033569,4.9109
0.014038,-0.0032043,4.9133
0.012817,-0.0039673,4.9072
0.012207,-0.0045776,4.9146
0.010376,-0.0013733,4.9084
0.0097656,0.00045776,4.9133
0.010529,0.0021362,4.9158
0.013428,0.0024414,4.9109
0.015869,0.0022888,4.9182
0.018158,0.0012207,4.9109
0.019684,0.00015259,4.9072
0.020752,0.0019836,4.9084
0.021667,0.0042725,4.9121
0.023499,0.0050354,4.9109
0.02655,0.0059509,4.9146
0.030365,0.0062561,4.9133
0.033722,0.0056458,4.917
0.036469,0.0053406,4.917
0.036926,0.0062561,4.9219
0.0354,0.007019,4.9219
0.032654,0.0071716,4.928
0.030212,0.0068665,4.9292
0.030365,0.0039673,4.9329
0.031433,-0.0015259,4.9438
0.032806,-0.0032043,4.9304
0.030365,-0.005188,4.9329
0.029297,-0.0054932,4.9329
0.025177,-0.0048828,4.9231
0.022736,-0.0039673,4.9304
0.023956,-0.0033569,4.9304
0.026245,-0.0030518,4.9329
0.030212,-0.00030518,4.9304
0.031281,0.00030518,4.9353
0.030365,0.0028992,4.939
0.028687,0.0050354,4.9353
0.025177,0.0021362,4.939
0.027313,0.00076294,4.9304
0.028687,-0.005188,4.9329
0.030975,-0.0099182,4.9255
0.028687,-0.012665,0.057373
0.026398,-0.011749,0.054932
0.02182,-0.0097656,0.053711
0.018005,-0.007782,0.059814
0.016022,-0.0042725,0.050049
0.01709,-0.00015259,0.062256
0.019379,0.0036621,0.042725
0.022278,0.0050354,0.032959
0.023499,0.0035095,0.042725
0.025482,0.0057983,0.043945
0.026245,0.0061035,0.040283
0.028229,0.0068665,0.040283
0.030975,0.0090027,0.036621
0.034027,0.0094604,0.039063
0.036469,0.0088501,0.037842
0.037689,0.0065613,0.043945
0.034943,0.0030518,0.039063
0.032959,0,0.037842
0.027771,-0.00030518,0.043945
0.025635,0.0019836,0.041504
0.024872,0.0028992,0.047607
0.024872,0.00091553,0.042725
0.024567,-0.0036621,0.050049
0.023193,-0.0083923,0.043945
0.021515,-0.011292,0.037842
0.018005,-0.0099182,0.05127
0.016022,-0.007019,0.053711
0.014038,-0.0038147,0.048828
0.014343,0.0032043,0.047607
0.013275,-0.0056458,0.054932
0.014343,-0.0079346,0.057373
0.012817,-0.0079346,0.061035
0.011902,-0.0045776,0.063477
0.012054,0.00030518,0.059814
0.015106,0.005188,0.062256
0.019989,0.0071716,0.064697
0.024414,0.0080872,0.063477
0.026245,0.0062561,0.062256
0.026855,0.0054932,0.062256
0.024109,0.0027466,0.063477
0.021057,0.0013733,0.065918
0.019379,-0.00045776,0.074463
0.018311,-0.0022888,0.065918
0.019836,-0.0053406,0.061035
0.020752,-0.0091553,0.062256
0.021515,-0.01236,0.062256
0.021667,-0.014343,0.059814
0.021667,-0.013275,0.056152
0.022583,-0.011902,0.05249
0.023193,-0.0090027,0.05249
0.025024,-0.009613,0.048828
0.026093,-0.0071716,0.048828
0.027161,-0.0083923,0.042725
0.026855,-0.0094604,0.050049
0.026703,-0.010223,0.045166
0.026703,-0.0088501,0.047607
0.027924,-0.0065613,0.05249
0.029907,-0.0061035,0.045166
0.031586,-0.0059509,0.040283
0.030975,-0.0062561,0.040283
0.030518,-0.0054932,0.021973
0.027924,-0.0033569,0.0354
0.02594,-0.00015259,0.039063
0.024719,0.0027466,0.037842
0.024567,0.0048828,0.040283
0.02655,0.0042725,0.031738
0.028839,0.0018311,0.040283
0.030823,-0.0018311,0.036621
0.029907,-0.0054932,0.041504
0.033722,-0.0065613,0.037842
0.03479,-0.0068665,0.043945
0.035095,-0.0065613,0.040283
0.035095,-0.0065613,0.047607
0.033264,-0.0062561,0.047607
0.029907,-0.0047302,0.05249
0.024719,-0.0010681,0.063477
0.019531,0.0021362,0.17334
0.015411,0.0059509,4.6631
0.012054,0.0085449,4.9109
0.010529,0.010071,4.9158
0.012207,0.010223,4.9292
0.013733,0.0097656,4.9292
0.015717,0.0097656,4.9304
0.014496,0.0097656,4.9304
0.017242,0.0090027,4.9292
0.015411,0.0079346,4.9316
0.013733,0.0059509,4.9316
0.01236,0.0033569,4.9365
0.0094604,0.00015259,4.9329
0.010223,-0.002594,4.9353
0.009613,-0.0039673,4.9377
0.0082397,-0.0053406,4.9365
0.0073242,-0.0048828,4.928
0.0068665,-0.005188,4.9341
0.010223,-0.0048828,4.9292
0.012054,-0.005188,4.9292
0.014648,-0.0062561,4.9292
0.016022,-0.007019,4.9243
0.014801,-0.0061035,4.9194
0.015411,-0.0042725,4.917
0.014954,-0.0019836,4.9207
0.016022,0.00015259,4.9158
0.018616,0.0030518,4.9158
0.021515,0.0045776,4.9109
0.023041,0.0045776,4.9158
0.023956,0.0067139,4.9097
0.024414,0.012512,4.9121
0.024414,0.016174,4.9121
0.025177,0.018463,4.9133
0.02655,0.020752,4.9121
0.02655,0.020294,4.9146
0.027466,0.018768,4.9243
0.02655,0.015564,4.9097
0.026398,0.011597,4.9158
0.024109,0.007019,4.9121
0.021362,0.0024414,4.8926
0.018311,-0.0027466,4.9084
0.014954,-0.0071716,4.9109
0.01297,-0.011902,4.9146
0.011139,-0.014496,4.9146
0.0097656,-0.018005,4.9121
0.007782,-0.015259,4.9182
0.0067139,-0.013885,4.9194
0.0071716,-0.010529,4.9268
0.0083923,-0.007782,4.9158
0.010834,-0.0038147,4.9304
0.011902,-0.0010681,4.9268
0.012665,0.00045776,4.9329
0.01236,0.0015259,4.9353
0.011749,0.0024414,4.9329
0.012512,0.0033569,4.9316
0.013275,0.005188,4.9329
0.014343,0.0068665,4.9402
0.017548,0.0083923,4.9316
0.019073,0.0097656,4.9255
0.022736,0.010681,4.9341
0.026398,0.01236,4.9329
0.029907,0.014496,4.9304
0.034027,0.015564,4.939
0.037079,0.014954,4.9341
0.040436,0.010529,4.9341
0.042572,0.004425,4.9292
0.043182,-0.0019836,4.9316
0.043945,-0.0067139,4.9243
0.04364,-0.009613,4.9255
0.04425,-0.010376,4.9219
0.043793,-0.011749,4.9231
0.04364,-0.01358,4.928
0.043488,-0.017242,4.9194
0.041504,-0.020752,4.9231
0.03952,-0.023956,0.045166
0.035706,-0.019836,0.0354
0.036316,-0.016327,0.045166
0.03418,-0.012512,0.041504
0.033112,-0.0088501,0.040283
0.030975,-0.0074768,0.042725
0.027466,-0.0071716,0.040283
0.027313,-0.0062561,0.040283
0.025177,-0.0030518,0.036621
0.023956,-0.00045776,0.041504
0.023651,0.0032043,0.031738
0.024261,0.005188,0.041504
0.026093,0.0035095,0.040283
0.027008,0.00076294,0.042725
0.028076,-0.0027466,0.039063
0.029449,-0.005188,0.042725
0.03006,-0.0056458,0.040283
0.032959,-0.007782,0.041504
0.035706,-0.0035095,0.048828
0.039215,-0.0035095,0.050049
0.042114,-0.0056458,0.045166
0.044861,-0.0074768,0.05249
0.046387,-0.009613,0.056152
0.047455,-0.0091553,0.057373
0.04776,-0.0082397,0.05249
0.046692,-0.0073242,0.059814
0.045319,-0.0076294,0.063477
0.041962,-0.010681,0.059814
0.0383,-0.012512,0.061035
0.034332,-0.014038,0.063477
0.031586,-0.01236,0.063477
0.028839,-0.010376,0.057373
0.027924,-0.0068665,0.063477
0.026855,-0.0048828,0.074463
0.02655,-0.0048828,0.067139
0.025787,-0.0045776,0.06958
0.025482,-0.0038147,0.067139
0.024414,-0.0021362,0.046387
0.027008,0.0016785,0.064697
0.024414,0.0033569,0.062256
0.023041,0.0039673,0.057373
0.021515,0.0021362,0.058594
0.020599,-0.00061035,0.05127
0.021515,-0.0027466,0.058594
0.022888,-0.0016785,0.048828
0.024109,0.00030518,0.050049
0.024872,0.004425,0.047607
0.023041,0.0073242,0.047607
0.026245,0.009613,0.048828
0.028229,0.0094604,0.043945
0.027924,0.0073242,0.047607
0.02655,0.0032043,0.043945
0.022125,0.00091553,0.045166
0.017395,-0.00015259,0.041504
0.01358,-0.00030518,0.041504
0.011139,-0.00061035,0.039063
0.0093079,0.00061035,0.045166
0.0080872,-0.0012207,0.037842
0.0065613,-0.0048828,0.037842
0.005188,-0.0086975,0.039063
0.0048828,-0.0083923,0.039063
0.0039673,-0.0073242,0.037842
0.0039673,-0.0039673,0.042725
0.0047302,0,0.037842
0.0057983,0.0018311,0.048828
0.0064087,0.00091553,0.042725
0.0071716,-0.0024414,0.050049
0.0053406,-0.0057983,0.047607
0.0068665,-0.0086975,0.05127
0.0097656,-0.0090027,0.068359
0.010834,-0.0079346,0.05127
0.011444,-0.0062561,0.065918
0.013885,-0.0062561,0.057373
0.015411,-0.0083923,0.054932
0.015411,-0.011292,0.061035
0.015259,-0.014191,0.062256
0.013123,-0.012665,0.058594
0.011597,-0.010529,4.2859
0.0088501,-0.007782,4.8853
0.007782,-0.0079346,4.9255
0.0068665,-0.0097656,4.9316
0.0067139,-0.01236,4.9353
0.0064087,-0.015106,4.9341
0.0085449,-0.010681,4.9365
0.011749,-0.005188,4.9341
0.012207,-0.00030518,4.9377
0.014038,0.0038147,4.9316
0.016022,0.0048828,4.9353
0.015869,0.0033569,4.9365
0.016785,0.0016785,4.9329
0.017395,0.0010681,4.9341
0.019379,0.0022888,4.9243
0.021667,0.0033569,4.9109
0.021973,0.0022888,4.917
0.023499,-0.00030518,4.9207
0.024872,-0.0035095,4.9207
0.024261,-0.007019,4.9133
0.024567,-0.010071,4.9121
0.021515,-0.010071,4.917
0.019684,-0.010834,4.9097
0.014648,-0.010834,4.9133
0.011444,-0.011292,4.9072
0.0097656,-0.011749,4.9121
0.010681,-0.011749,4.9109
0.011597,-0.0088501,4.9109
0.01358,-0.0039673,4.9182
0.014496,-0.00045776,4.9097
0.014648,0.0018311,4.9109
0.014648,0.0030518,4.9121
0.015259,0.0038147,4.8962
0.015411,0.0035095,4.9109
0.014801,0.0042725,4.9048
0.01297,0.0048828,4.9133
0.011292,0.0041199,4.9158
0.011902,0.0019836,4.9133
0.0073242,0.00045776,4.9194
0.0068665,-0.00061035,4.9182
0.007782,0.0012207,4.9243
0.010681,0.0035095,4.9243
0.014496,0.0059509,4.9304
0.01709,0.0099182,4.928
0.020447,0.010986,4.9329
0.023041,0.010376,4.9316
0.025482,0.0090027,4.9341
0.026093,0.0057983,4.9329
0.026093,0.002594,4.9353
0.024872,-0.00045776,4.9438
0.022583,-0.0024414,4.9304
0.020752,-0.0041199,4.9219
0.019379,-0.0045776,4.9329
0.017395,-0.0035095,4.9316
0.016022,-0.0015259,4.9329
0.014954,0.00076294,4.9377
0.013428,0.0027466,4.9353
0.012665,0.0042725,4.9365
0.012207,0.0068665,4.9292
0.01236,0.0083923,4.9329
0.013428,0.010223,4.9268
0.014343,0.012207,4.9292
0.015411,0.013428,4.9243
0.016937,0.014343,4.9292
0.019836,0.015564,4.9292
0.020905,0.017395,4.9243
0.022888,0.020599,4.9207
0.023346,0.024261,4.9194
0.023804,0.027008,4.906
0.024261,0.028534,4.9158
0.023956,0.027924,4.9121
0.025482,0.026093,4.9133
0.027618,0.02243,4.9158
0.029755,0.019226,0.039063
0.031128,0.017242,0.040283
0.03067,0.016174,0.037842
0.030823,0.016327,0.042725
0.030823,0.015411,0.037842
0.031281,0.012207,0.041504
0.031586,0.0099182,0.037842
0.031281,0.0074768,0.041504
0.029144,0.0068665,0.028076
0.02655,0.0093079,0.043945
0.02533,0.011444,0.047607
0.024719,0.01236,0.042725
0.026245,0.012665,0.054932
0.022583,0.010681,0.050049
0.023041,0.0093079,0.0354
0.020142,0.0088501,0.05127
0.016632,0.0091553,0.056152
0.013275,0.0086975,0.057373
0.011139,0.0097656,0.058594
0.0099182,0.0088501,0.057373
0.0086975,0.0079346,0.061035
0.0086975,0.0071716,0.062256
0.0085449,0.007782,0.063477
0.0080872,0.0071716,0.058594
0.009613,0.0086975,0.064697
0.011749,0.0094604,0.059814
0.015259,0.011444,0.061035
0.018158,0.012512,0.078125
0.02121,0.012207,0.064697
0.022583,0.011749,0.063477
0.024261,0.012207,0.065918
0.024719,0.007019,0.062256
0.026093,0.0022888,0.064697
0.027313,-0.0033569,0.065918
0.027618,-0.0080872,0.061035
0.028229,-0.010681,0.058594
0.028534,-0.010529,0.05127
0.029297,-0.0091553,0.05249
0.029907,-0.0082397,0.040283
0.030518,-0.0094604,0.050049
0.030975,-0.010223,0.047607
0.031586,-0.011749,0.050049
0.03067,-0.013123,0.046387
0.029449,-0.01297,0.048828
0.027771,-0.011139,0.041504
0.026245,-0.0080872,0.046387
0.027008,-0.007019,0.05127
0.027771,-0.0054932,0.041504
0.027771,-0.005188,0.054932
0.029144,-0.0064087,0.0354
0.030975,-0.007782,0.03418
0.029297,-0.0061035,0.036621
0.032349,-0.0050354,0.039063
0.033112,-0.0027466,0.037842
0.033722,0,0.039063
0.034332,0.0010681,0.039063
0.034027,-0.00061035,0.040283
0.03418,-0.00076294,0.039063
0.034332,-0.0061035,0.043945
0.033722,-0.0083923,0.039063
0.034637,-0.010834,0.043945
0.032043,-0.013123,0.05127
0.031891,-0.013123,0.05249
0.030518,-0.012512,0.061035
0.030365,-0.014648,0.057373
0.030365,-0.016632,0.058594
0.03006,-0.017395,0.056152
0.028229,-0.020142,0.061035
0.027313,-0.019379,0.061035
0.024261,-0.019226,0.06958
0.021057,-0.018463,0.059814
0.018616,-0.018616,0.061035
0.019226,-0.018158,0.054932
0.017242,-0.0177,0.056152
0.018158,-0.015411,0.050049
0.020752,-0.012665,0.064697
0.023193,-0.010834,0.063477
0.02533,-0.0076294,3.1262
0.027771,-0.0050354,4.8267
0.029297,-0.0059509,4.9329
0.030518,-0.0032043,4.9268
0.033417,-0.0016785,4.9353
0.0354,0.00015259,4.9426
0.036163,-0.0010681,4.9292
0.036774,-0.0018311,4.928
0.036621,-0.0027466,4.9292
0.0354,-0.0045776,4.906
0.033417,-0.0048828,4.9158
0.032654,-0.0041199,4.9182
0.031891,-0.0045776,4.9182
0.031281,-0.0050354,4.9158
0.032196,-0.0062561,4.9121
0.030975,-0.0073242,4.9097
0.027924,-0.007019,4.9146
0.028076,-0.0082397,4.9121
0.028076,-0.007019,4.906
0.027771,-0.00076294,4.9133
0.027466,-0.00091553,4.9133
0.026855,0.0015259,4.9133
0.027924,0.0041199,4.9109
0.029297,0.0059509,4.9121
0.029449,0.0059509,4.9146
0.029907,0.0073242,4.9084
0.031128,0.0053406,4.906
0.032806,0.0041199,4.906
0.034943,0.0022888,4.9133
0.036621,0.0019836,4.9133
0.037994,0.0047302,4.9146
0.03952,0.009613,4.9121
0.0383,0.013275,4.917
0.037689,0.010681,4.917
0.035553,0.0076294,4.9268
0.032654,0.0024414,4.9133
0.03067,-0.0010681,4.9292
0.023956,-0.0019836,4.9231
0.024414,-0.0041199,4.9304
0.022125,-0.0038147,4.9316
0.020905,-0.0054932,4.9255
0.020294,-0.0085449,4.9402
0.018921,-0.0076294,4.9353
0.019073,-0.0045776,4.9377
0.019531,0.0013733,4.9316
0.020142,0.0074768,4.9207
0.020599,0.011597,4.9304
0.02243,0.012665,4.9329
0.020752,0.015411,4.9316
0.02243,0.018158,4.9329
0.024109,0.020447,4.9133
0.024719,0.022278,4.9353
0.025024,0.021515,4.9316
0.02533,0.0177,4.9341
0.027161,0.013275,4.9255
0.028229,0.012207,4.928
0.029602,0.010529,4.917
0.028687,0.0094604,4.928
0.027313,0.011292,4.9219
0.023193,0.0082397,4.9207
0.020905,0.0073242,4.9268
0.018921,0.0045776,4.917
0.019684,0.0024414,4.9231
0.021362,0.005188,4.9158
0.022583,0.0090027,4.8999
0.023499,0.012817,4.9109
0.023346,0.016632,4.9133
0.021973,0.018158,4.9133
0.020752,0.017548,4.9072
0.017242,0.016022,4.9072
0.016022,0.011139,4.9084
0.013275,0.0079346,4.9072
0.009613,0.0064087,4.9121
0.0068665,0.0048828,0.041504
0.0035095,0.0047302,0.042725
0.0028992,0.0048828,0.039063
0.0047302,0.0032043,0.041504
0.0062561,0.0082397,0.057373
0.0085449,0.010681,0.042725
0.0094604,0.011749,0.05249
0.010529,0.010376,0.050049
0.010071,0.0099182,0.039063
0.0097656,0.0036621,0.050049
0.010681,0.00061035,0.054932
0.011292,-0.0024414,0.057373
0.012207,-0.0047302,0.057373
0.01358,-0.0057983,0.056152
0.015411,-0.0061035,0.062256
0.016937,-0.0061035,0.057373
0.018921,-0.005188,0.062256
0.020599,-0.0022888,0.059814
0.020294,0.0010681,0.067139
0.023651,0.004425,0.061035
0.024719,0.0056458,0.065918
0.025482,0.002594,0.068359
0.025787,-0.0012207,0.065918
0.025177,-0.0047302,0.067139
0.023499,-0.0074768,0.064697
0.020752,-0.0082397,0.076904
0.018616,-0.0059509,0.056152
0.016479,-0.0053406,0.061035
0.01358,-0.0038147,0.062256
0.010681,-0.0042725,0.057373
0.0085449,-0.0054932,0.053711
0.0048828,-0.0054932,0.053711
0.0028992,-0.0059509,0.05127
0.0028992,-0.005188,0.05249
0.0050354,-0.0045776,0.046387
0.0085449,-0.004425,0.05127
0.011444,-0.0057983,0.040283
0.01297,-0.007019,0.047607
0.016327,-0.0054932,0.043945
0.016937,-0.004425,0.043945
0.019531,-0.0032043,0.05127
0.021515,-0.0022888,0.043945
0.022736,-0.0028992,0.046387
0.021973,-0.0027466,0.037842
0.020294,-0.0036621,0.031738
0.017853,-0.0036621,0.039063
0.0177,-0.0032043,0.037842
0.018463,-0.0053406,0.040283
0.019684,-0.0074768,0.037842
0.021515,-0.0074768,0.037842
0.024414,-0.0047302,0.041504
0.02533,-0.0018311,0.039063
0.02533,0.0019836,0.048828
0.024719,0.0015259,0.041504
0.023956,0.00030518,0.045166
0.023499,-0.0010681,0.047607
0.024719,-0.0022888,0.05249
0.025635,-0.0038147,0.047607
0.026245,-0.0048828,0.054932
0.027161,-0.0062561,0.054932
0.025482,-0.0083923,0.057373
0.026703,-0.010529,0.070801
0.02655,-0.010834,0.061035
0.027466,-0.0094604,0.048828
0.028381,-0.0059509,0.056152
0.029449,-0.002594,0.058594
0.029755,-0.00076294,0.061035
0.03006,0.0018311,0.059814
0.031891,0.0019836,0.057373
0.031891,0.00030518,0.057373
0.031738,-0.0013733,0.063477
0.031891,-0.0033569,0.064697
0.031891,-0.0030518,0.063477
0.032043,-0.0016785,0.06958
0.031128,-0.0015259,0.063477
0.029297,-0.0030518,0.065918
0.027924,-0.0064087,0.075684
0.026245,-0.010681,1.7773
0.026398,-0.01358,4.7388
0.026703,-0.014648,4.9097
0.027313,-0.012054,4.9084
0.027313,-0.0083923,4.9182
0.024109,-0.0050354,4.9158
0.028076,-0.0033569,4.9182
0.027924,-0.0027466,4.8962
0.028534,-0.0038147,4.9133
0.03067,-0.0036621,4.9158
0.033417,-0.00045776,4.9146
0.035553,0.00091553,4.9133
0.036469,0.00091553,4.9072
0.035248,0.00045776,4.917
0.035858,-0.0010681,4.9084
0.035706,-0.0036621,4.9133
0.033112,-0.0054932,4.9072
0.033875,-0.0061035,4.9109
0.034485,-0.0074768,4.917
0.035095,-0.009613,4.9097
0.034637,-0.010681,4.9194
0.033264,-0.009613,4.9097
0.031281,-0.007782,4.9011
0.029449,-0.004425,4.9109
0.027924,-0.0022888,4.9158
0.026855,-0.00030518,4.9109
0.02655,0.0013733,4.9133
0.023193,0.0015259,4.917
0.025482,0.0032043,4.9194
0.024414,0.0028992,4.9182
0.025482,0.0042725,4.9292
0.023804,0.0032043,4.9243
0.024872,0.0032043,4.9329
0.027008,0.0039673,4.9329
0.027008,0.005188,4.9353
0.027618,0.0054932,4.9341
0.02655,0.004425,4.9341
0.027161,0.0013733,4.9329
0.027466,0.0016785,4.9304
0.029755,0.0018311,4.9365
0.030518,0.0056458,4.9353
0.03067,0.0088501,4.9341
0.028076,0.011292,4.9329
0.02533,0.0080872,4.9353
0.022278,0.0015259,4.9353
0.022278,-0.0053406,4.9353
0.020447,-0.0091553,4.9329
0.020905,-0.0080872,4.9329
0.020752,-0.0038147,4.9292
0.019989,-0.00091553,4.9304
0.019836,-0.00030518,4.9268
0.020447,-0.0024414,4.9255
0.021057,-0.0065613,4.9207
0.021667,-0.0050354,4.9231
0.023041,-0.0013733,4.9316
0.024261,0.0032043,4.9182
0.025482,0.0030518,4.9268
0.02594,0.0091553,4.9182
0.025482,0.007782,4.9048
0.025635,0.0047302,4.9121
0.023346,0.0021362,4.9109
0.023346,0.0010681,4.9133
0.024109,0.0030518,4.9097
0.024109,0.0054932,4.9072
0.024414,0.007019,4.9121
0.023193,0.007019,4.9097
0.022736,0.0061035,4.9072
0.023193,0.0033569,4.9072
0.024261,0.0012207,4.9121
0.026093,0.00091553,4.9097
0.026703,0.0019836,4.9133
0.023956,0.0033569,4.9146
0.023346,0.0022888,4.9121
0.02121,0.0013733,0.043945
0.018463,-0.0010681,0.046387
0.018311,-0.0038147,0.047607
0.018158,-0.0068665,0.05127
0.019531,-0.007019,0.042725
0.019989,-0.0048828,0.05249
0.020752,-0.0018311,0.058594
0.020905,0.00091553,0.056152
0.020752,0.0016785,0.061035
0.020599,0.00045776,0.059814
0.022125,0.0016785,0.062256
0.024414,0.0010681,0.061035
0.027161,0.0036621,0.067139
0.029449,0.0056458,0.061035
0.029755,0.0073242,0.062256
0.029907,0.0054932,0.058594
0.030975,0.0027466,0.063477
0.032349,-0.00045776,0.072021
0.034485,-0.0010681,0.067139
0.036926,0.00030518,0.073242
0.036469,0.0036621,0.067139
0.034485,0.0059509,0.053711
0.031281,0.0067139,0.059814
0.029144,0.0061035,0.058594
0.029297,0.0035095,0.056152
0.029449,0.0024414,0.057373
0.028839,0.0019836,0.05127
0.026398,0.00061035,0.053711
0.02243,0.0057983,0.048828
0.019531,0.0064087,0.053711
0.017548,0.0039673,0.045166
0.018311,0.0021362,0.047607
0.019226,-0.0016785,0.048828
0.020447,-0.0035095,0.046387
0.021515,-0.0015259,0.043945
0.021667,0.0036621,0.042725
0.018311,0.007019,0.037842
0.015106,0.011749,0.040283
0.017548,0.010986,0.037842
0.020294,0.007782,0.042725
0.022278,0.0059509,0.037842
0.02243,-0.0010681,0.036621
0.02121,0.0042725,0.040283
0.019989,0.0047302,0.039063
0.017853,0.002594,0.040283
0.018158,-0.0015259,0.037842
0.017853,-0.0068665,0.036621
0.019684,-0.011444,0.040283
0.020447,-0.0090027,0.046387
0.019379,-0.0061035,0.045166
0.018921,-0.002594,0.05249
0.018158,0.0012207,0.050049
0.017548,0.0035095,0.056152
0.019226,0.0030518,0.068359
0.020752,0.005188,0.057373
0.020142,0.0045776,0.067139
0.019379,0.004425,0.058594
0.016785,0.0045776,0.045166
0.014801,0.0050354,0.057373
0.012512,0.0059509,0.062256
0.012054,0.007019,0.062256
0.011444,0.0079346,0.059814
0.011444,0.0076294,0.056152
0.011749,0.0064087,0.063477
0.009613,0.0061035,0.064697
0.0080872,0.0061035,0.062256
0.0071716,0.0068665,0.063477
0.0071716,0.007782,0.067139
0.0091553,0.0074768,0.06958
0.010376,0.0068665,0.065918
0.011597,0.0045776,0.072021
0.0065613,0.0013733,0.061035
0.0091553,-0.00015259,0.061035
0.0080872,-0.00015259,0.056152
0.0071716,0.00076294,0.064697
0.0071716,0.0016785,0.050049
0.007019,0.0024414,0.03418
0.0062561,0.0022888,2.29
0.0067139,0.0010681,4.7583
0.0050354,-0.00030518,4.9011
0.0050354,-0.00045776,4.9133
0.0028992,-0.00015259,4.9109
0.0016785,0.00030518,4.9133
0.0016785,0.00091553,4.9084
0.0030518,-0.0010681,4.9133
0.0054932,0.00045776,4.9109
0.0064087,0.0021362,4.9133
0.0064087,0.0050354,4.9109
0.0042725,0.0082397,4.9109
0.0036621,0.0099182,4.9255
0.0056458,0.012207,4.9097
0.0082397,0.011444,4.9158
0.012054,0.0091553,4.9097
0.014954,0.0065613,4.9011
0.014801,0.0042725,4.9146
0.015259,0.002594,4.9109
0.013885,0.0010681,4.9121
0.014648,-0.00015259,4.9146
0.016327,-0.0027466,4.9158
0.019379,-0.005188,4.9182
0.02243,-0.0053406,4.9182
0.022736,-0.0048828,4.9255
0.021057,-0.0033569,4.9255
0.018921,-0.0013733,4.9292
0.017548,0.00045776,4.9304
0.018768,0.002594,4.9341
0.020294,0.0041199,4.9268
0.020447,0.0050354,4.9329
0.019989,0.0042725,4.9365
0.018005,0.0021362,4.9329
0.015717,-0.00030518,4.9353
0.014038,-0.0021362,4.9304
0.01297,-0.002594,4.917
0.013733,-0.0028992,4.9316
0.014038,0.00015259,4.9329
0.014496,0.0013733,4.9365
0.013885,0.0038147,4.9365
0.014801,0.0045776,4.9316
0.014801,0.0036621,4.9353
0.016174,0.0030518,4.9304
0.020599,0.0016785,4.9304
0.023346,0.0015259,4.9243
0.02655,-0.00015259,4.9255
0.026703,0,4.9219
0.028381,-0.00030518,4.9231
0.028381,-0.0019836,4.9292
0.028534,-0.0033569,4.9219
0.029602,-0.0041199,4.9158
0.031586,-0.0035095,4.9182
0.032959,-0.0012207,4.9023
0.032654,0.00061035,4.9109
0.031586,0.0022888,4.9133
0.029602,0.0036621,4.9146
0.029449,0.0039673,4.9084
0.030212,0.0041199,4.9084
0.032654,0.0054932,4.9097
0.031281,0.0062561,4.9097
0.034027,0.0065613,4.9097
0.033569,0.0053406,4.9048
0.032196,0.0061035,4.9133
0.031433,0.0059509,4.9097
0.032654,0.0064087,4.9133
0.032806,0.0064087,4.9048
0.032654,0.007019,4.9109
0.031586,0.007782,4.9182
0.031128,0.007782,4.9158
0.029907,0.009613,4.9292
0.029297,0.013123,4.9207
0.030212,0.016632,4.9146
0.032806,0.019379,0.053711
0.035095,0.021057,0.061035
0.035706,0.018768,0.053711
0.036469,0.016479,0.061035
0.037994,0.01297,0.05127
0.033875,0.011292,0.064697
0.03418,0.01236,0.062256
0.033722,0.013275,0.061035
0.035248,0.013123,0.059814
0.036469,0.010986,0.063477
0.0354,0.0083923,0.063477
0.032806,0.0099182,0.065918
0.032501,0.0047302,0.074463
0.029755,0.0047302,0.068359
0.029297,0.0047302,0.067139
0.029297,0.0038147,0.063477
0.029449,0.0021362,0.061035
0.028687,0.00015259,0.064697
0.027313,-0.00076294,0.059814
0.026093,-0.0016785,0.057373
0.023346,-0.00091553,0.056152
0.02182,0.0015259,0.053711
0.022583,0.0039673,0.05249
0.025024,0.0067139,0.050049
0.027161,0.0080872,0.05249
0.032806,0.0090027,0.042725
0.03479,0.0073242,0.046387
0.034027,0.0097656,0.048828
0.032349,0.0090027,0.046387
0.032043,0.0073242,0.042725
0.032196,0.0061035,0.043945
0.035248,0.0035095,0.05249
0.036621,0.0027466,0.040283
0.036316,0.00061035,0.05249
0.033112,-0.00091553,0.041504
0.029144,-0.0010681,0.032959
0.025177,-0.00045776,0.037842
0.023956,0.0015259,0.039063
0.024109,0.0032043,0.039063
0.023193,0.0039673,0.039063
0.022125,0.00091553,0.0354
0.017242,-0.0035095,0.041504
0.012207,-0.0073242,0.040283
0.0094604,-0.010681,0.046387
0.0090027,-0.012054,0.042725
0.011902,-0.010681,0.05127
0.013428,-0.0080872,0.048828
0.016937,-0.0047302,0.047607
0.016174,-0.00091553,0.067139
0.017853,0.00076294,0.056152
0.019684,0.0027466,0.053711
0.022125,0.0042725,0.063477
0.025177,0.0050354,0.058594
0.028076,0.007019,0.059814
0.029755,0.0048828,0.041504
0.031128,0.0028992,0.059814
0.030975,0.00091553,0.061035
0.031891,-0.00030518,0.057373
0.031891,0.00061035,0.059814
0.031891,0.0013733,0.062256
0.031738,0.0022888,0.064697
0.029907,0.0013733,0.063477
0.027924,-0.00030518,0.06958
0.028687,-0.002594,0.063477
0.026093,-0.0041199,0.065918
0.024872,-0.0030518,0.063477
0.023193,-0.0018311,0.064697
0.020905,-0.0013733,0.065918
0.018921,-0.0039673,0.054932
0.016174,-0.007019,0.058594
0.014954,-0.012665,0.050049
0.017853,-0.014038,0.039063
0.015106,-0.011749,0.048828
0.015717,-0.0086975,0.045166
0.014343,-0.004425,0.046387
0.013885,-0.0024414,0.043945
0.01236,-0.0033569,0.043945
0.012665,-0.0062561,0.041504
0.012665,-0.0082397,3.1812
0.010986,-0.0090027,4.8083
0.01236,-0.0064087,4.8938
0.013275,-0.0038147,4.9109
0.014191,-0.0028992,4.9109
0.015717,-0.0032043,4.9133
0.018768,-0.0036621,4.9097
0.019073,-0.0045776,4.9109
0.02182,-0.004425,4.9084
0.022278,-0.0024414,4.9084
0.020905,-0.0015259,4.9121
0.020599,-0.0019836,4.9097
0.020752,-0.0036621,4.9048
0.02121,-0.0079346,4.9121
0.022125,-0.010529,4.9121
0.022125,-0.011597,4.9133
0.021667,-0.010681,4.9207
0.020294,-0.0068665,4.917
0.019073,-0.0038147,4.9255
0.018921,-0.00045776,4.9255
0.018616,-0.00015259,4.9304
0.017853,-0.00061035,4.928
0.016174,-0.0030518,4.9402
0.014648,-0.0045776,4.9304
0.01236,-0.005188,4.9304
0.012207,-0.0035095,4.9402
0.01297,-0.0019836,4.9341
0.014191,-0.00076294,4.9353
0.014801,-0.00091553,4.9341
0.016022,-0.0013733,4.9194
0.015106,-0.0030518,4.9304
0.014954,-0.0012207,4.9341
0.014191,0.0015259,4.9353
0.013733,0.0050354,4.9329
0.015259,0.0086975,4.9329
0.017242,0.0097656,4.9353
0.018921,0.009613,4.9329
0.019836,0.007782,4.9292
0.021667,0.0035095,4.9182
0.022736,0.0016785,4.9268
0.023346,0.0016785,4.9243
0.024567,0.0024414,4.9243
0.025024,0.0047302,4.9231
0.023193,0.004425,4.9182
0.022583,0.0032043,4.9207
0.021973,0.00030518,4.9207
0.020294,-0.00061035,4.9207
0.018005,-0.00030518,4.9121
0.016022,0.00030518,4.906
0.015106,0.0042725,4.9146
0.014191,0.0053406,4.9097
0.014496,0.0057983,4.9084
0.014038,0.0035095,4.9109
0.014496,0.0010681,4.9097
0.014648,0.00015259,4.9084
0.01297,0.00045776,4.906
0.012512,0.00091553,4.9109
0.012207,0.00045776,4.9109
0.012054,-0.0016785,4.9109
0.01236,-0.0048828,4.9133
0.012512,-0.0076294,4.9133
0.014343,-0.0074768,4.9231
0.016479,-0.0062561,4.917
0.016937,-0.0022888,4.9231
0.021057,0.0019836,4.9219
0.019989,0.0074768,4.9109
0.019989,0.0047302,4.928
0.021667,0.0035095,4.9219
0.02182,0.0028992,4.9255
0.02243,0.0018311,4.928
0.023804,0.0016785,4.9292
0.022278,0.0010681,4.9316
0.023346,0.00091553,0.059814
0.023804,-0.0016785,0.065918
0.024109,-0.0039673,0.057373
0.024261,-0.0067139,0.063477
0.021667,-0.0048828,0.064697
0.02121,-0.0010681,0.063477
0.018311,0.00061035,0.064697
0.016937,0.0021362,0.067139
0.018311,0.00030518,0.070801
0.019379,-0.0016785,0.065918
0.021362,-0.0057983,0.075684
0.021667,-0.0082397,0.063477
0.021515,-0.0074768,0.053711
0.02182,-0.0074768,0.061035
0.019684,-0.0065613,0.056152
0.022888,-0.0064087,0.053711
0.021057,-0.0053406,0.05127
0.021667,-0.0039673,0.047607
0.020905,-0.0033569,0.05127
0.019684,-0.0012207,0.043945
0.020905,0.00045776,0.050049
0.02182,-0.0013733,0.045166
0.023499,0.0015259,0.048828
0.024414,0.0010681,0.040283
0.024872,0.0015259,0.042725
0.027161,0.0019836,0.05249
0.028534,0.00061035,0.041504
0.028076,0.0016785,0.041504
0.027466,0.0016785,0.040283
0.025787,0.0015259,0.020752
0.024872,0.0016785,0.036621
0.023041,0.0018311,0.039063
0.022125,0.0018311,0.037842
0.020599,0.00045776,0.040283
0.018616,0,0.0354
0.016327,0.00015259,0.039063
0.019684,-0.0013733,0.039063
0.018768,0.00015259,0.043945
0.019836,0.0015259,0.042725
0.019989,0.0036621,0.050049
0.015106,0.0048828,0.05249
0.019531,0.0042725,0.056152
0.018616,0.0045776,0.057373
0.016327,0.0061035,0.057373
0.017853,0.0074768,0.056152
0.01709,0.010071,0.062256
0.017548,0.010834,0.073242
0.019531,0.009613,0.058594
0.020905,0.0062561,0.05249
0.023651,0.0065613,0.062256
0.02533,0.0067139,0.063477
0.025177,0.0071716,0.061035
0.024872,0.0071716,0.062256
0.023346,0.0047302,0.057373
0.022278,0.00030518,0.065918
0.019531,-0.0021362,0.063477
0.021362,-0.0042725,0.06958
0.021973,-0.0013733,0.061035
0.020142,-0.0012207,0.065918
0.023041,0.0019836,0.065918
0.023499,0.0036621,0.063477
0.023041,0.0035095,0.06958
0.023804,0.0027466,0.058594
0.021515,0,0.056152
0.024109,-0.0013733,0.053711
0.025024,0,0.046387
0.023499,-0.0012207,0.050049
0.024719,-0.0019836,0.045166
0.02533,-0.0018311,0.042725
0.02655,-0.0015259,0.047607
0.027313,-0.0013733,0.043945
0.028534,0.0038147,0.043945
0.028687,0.0065613,0.040283
0.026703,0.0061035,0.043945
0.024567,0.0056458,0.036621
0.023651,0.002594,0.040283
0.023193,-0.0024414,0.042725
0.025177,-0.0036621,0.043945
0.024872,-0.0093079,4.5496
0.023804,-0.0093079,4.8853
0.023193,-0.0080872,4.9133
0.022278,-0.0074768,4.906
0.02121,-0.005188,4.917
0.02182,-0.0033569,4.9109
0.022736,-0.0015259,4.8987
0.023041,-0.0015259,4.9109
0.023651,0.00030518,4.9133
0.025635,-0.0019836,4.9133
0.026398,0.002594,4.9158
0.029602,0.004425,4.9146
0.03067,0.0056458,4.9207
0.033264,0.0057983,4.9207
0.035248,0.0047302,4.9268
0.036011,0.0064087,4.9255
0.034943,0.0067139,4.928
0.033417,0.0079346,4.9304
0.032043,0.0068665,4.9329
0.03067,0.0071716,4.9414
0.028534,0.0053406,4.9316
0.026855,0.0022888,4.9304
0.023499,0,4.9341
0.021362,-0.0024414,4.9377
0.020752,-0.002594,4.9304
0.018005,-0.0015259,4.9231
0.015869,0,4.9182
0.013428,0.0019836,4.9353
0.012512,0.0027466,4.9329
0.011139,0.0053406,4.9353
0.011749,0.0024414,4.9292
0.011139,0.0028992,4.9304
0.012512,0.0035095,4.9084
0.013733,0.0018311,4.9292
0.016022,0.0024414,4.9243
0.017548,0.0022888,4.9255
0.019379,0.0027466,4.9243
0.019226,0.0033569,4.9243
0.018005,0.0036621,4.928
0.016327,0.0028992,4.9231
0.013428,0.0015259,4.9231
0.011139,0.0012207,4.9158
0.009613,0.0010681,4.8999
0.009613,0.0028992,4.9182
0.011139,0.0048828,4.9109
0.011749,0.0057983,4.9084
0.01297,0.0088501,4.9109
0.014191,0.0080872,4.9072
0.015106,0.0064087,4.9084
0.016174,0.0062561,4.9072
0.017548,0.0047302,4.9121
0.018616,0.0035095,4.9072
0.019226,0.0024414,4.9109
0.018158,0.0013733,4.9194
0.016632,0.0012207,4.9158
0.015717,-0.00015259,4.9109
0.014191,0,4.9158
0.014954,0.00045776,4.9158
0.014648,0.0027466,4.917
0.014801,0.0039673,4.9231
0.01358,0.0048828,4.9231
0.011597,0.004425,4.9182
0.010529,0.0045776,4.9231
0.0090027,0.0042725,4.9292
0.0083923,0.0035095,4.9268
0.0088501,0.004425,4.9255
0.0094604,0.005188,4.9304
0.010376,0.0057983,4.9341
0.010834,0.0059509,4.928
0.013123,0.007782,4.9304
0.011139,0.0091553,4.9316
0.011444,0.009613,0.065918
0.012817,0.010071,0.061035
0.012817,0.0082397,0.067139
0.015106,0.007019,0.078125
0.014801,0.0048828,0.070801
0.014038,0.0027466,0.067139
0.012207,0.0012207,0.067139
0.010223,0,0.045166
0.0097656,-0.0015259,0.058594
0.0088501,-0.0019836,0.061035
0.0090027,-0.0019836,0.054932
0.0091553,0.0012207,0.054932
0.007019,0.0035095,0.046387
0.0090027,0.0048828,0.05127
0.0085449,0.0067139,0.043945
0.0083923,0.0076294,0.05127
0.010071,0.0082397,0.043945
0.010529,0.0082397,0.050049
0.011292,0.007782,0.046387
0.011749,0.0065613,0.042725
0.011902,0.0061035,0.048828
0.012665,0.0057983,0.042725
0.011597,0.0059509,0.039063
0.011292,0.0065613,0.040283
0.011902,0.0053406,0.031738
0.012817,0.0068665,0.036621
0.014954,0.0068665,0.024414
0.016479,0.0071716,0.041504
0.018158,0.0062561,0.039063
0.019226,0.0041199,0.037842
0.02182,0.0016785,0.045166
0.023193,-0.00045776,0.039063
0.024261,-0.0013733,0.042725
0.024567,-0.0028992,0.042725
0.023346,-0.0048828,0.050049
0.02182,-0.0050354,0.043945
0.018921,-0.0067139,0.05249
0.016632,-0.0073242,0.05249
0.01358,-0.0083923,0.057373
0.015106,-0.010681,0.068359
0.009613,-0.010986,0.061035
0.011292,-0.010681,0.070801
0.011749,-0.0086975,0.059814
0.012054,-0.0041199,0.053711
0.012665,0.0018311,0.059814
0.013123,0.0064087,0.061035
0.013885,0.0048828,0.061035
0.015259,0.0062561,0.062256
0.015717,0.0012207,0.059814
0.019379,-0.0050354,0.063477
0.014343,-0.0033569,0.063477
0.019226,-0.0074768,0.06958
0.019379,-0.0099182,0.063477
0.020142,-0.0024414,0.064697
0.020294,-0.0013733,0.067139
0.019226,-0.0010681,0.064697
0.021057,-0.0073242,0.062256
0.021057,-0.0028992,0.063477
0.023346,-0.00091553,0.059814
0.023193,0.0042725,0.053711
0.023651,0.0091553,0.062256
0.025482,0.0079346,0.050049
0.027618,0.0071716,0.057373
0.029755,0.0047302,0.043945
0.028839,0.0015259,0.046387
0.025177,0.0050354,0.043945
0.024719,0.010986,0.046387
0.023651,0.007782,0.037842
0.02182,0.0073242,0.040283
0.018463,0.0013733,0.037842
0.016937,-0.0036621,0.042725
0.017853,-0.00045776,0.039063
0.019684,0.00091553,0.041504
0.020142,0.0041199,0.039063
0.020294,-0.00061035,0.041504
0.021057,-0.0030518,0.05249
0.021515,-0.00045776,0.039063
0.023193,0.0012207,0.043945
0.024109,0.0064087,3.5059
0.024872,0.0059509,4.8059
0.022583,0.004425,4.9036
0.023193,0.0035095,4.9097
0.024109,-0.0032043,4.9146
0.023499,-0.005188,4.9023
0.023499,-0.0083923,4.917
0.024872,-0.0080872,4.9194
0.025177,-0.0045776,4.9219
0.02594,-0.0032043,4.928
0.025177,-0.0019836,4.928
0.026398,-0.00015259,4.9304
0.027618,0.00061035,4.9292
0.029144,0.0033569,4.9353
0.030365,0.0035095,4.9304
0.032501,0.0047302,4.9304
0.029297,0.0027466,4.9341
0.028229,0.0021362,4.9341
0.027008,-0.00091553,4.9426
0.025787,-0.0061035,4.9341
0.023346,-0.0054932,4.9207
0.023346,-0.0080872,4.9329
0.022888,-0.0050354,4.9255
0.022583,-0.0019836,4.9329
0.023651,0.0010681,4.9353
0.029144,0.0061035,4.9316
0.03006,0.0067139,4.9304
0.034332,0.0076294,4.9243
0.036926,0.0074768,4.9316
0.03891,0.0056458,4.9219
0.040436,0.0065613,4.9243
0.040588,0.0071716,4.9219
0.040131,0.007019,4.9158
0.038757,0.0035095,4.9255
0.03891,-0.0019836,4.9207
0.035553,-0.0064087,4.9146
0.031891,-0.0085449,4.9146
0.029449,-0.0086975,4.906
0.026245,-0.0085449,4.9121
0.024109,-0.0076294,4.9097
0.023499,-0.0062561,4.9109
0.023956,-0.0091553,4.9109
0.024261,-0.0027466,4.9084
0.024872,-0.0015259,4.8926
0.021667,-0.0013733,4.9072
0.020294,-0.0032043,4.9097
0.017395,-0.0053406,4.9048
0.015717,-0.0080872,4.9133
0.016785,-0.0062561,4.9109
0.018463,-0.0018311,4.9146
0.020294,0.00030518,4.9109
0.020752,0.0024414,4.9146
0.021362,0.0030518,4.9219
0.020142,0.0013733,4.9182
0.021515,0.0010681,4.9304
0.023346,0.00045776,4.9219
0.025635,-0.00030518,4.9097
0.027924,0.0045776,4.9231
0.029297,0.007782,4.9255
0.031281,0.0093079,4.9304
0.032806,0.0086975,4.9304
0.033112,0.0045776,4.9268
0.030212,0.00045776,4.9353
0.03006,-0.00045776,4.9341
0.027313,0.0030518,4.9316
0.026093,0.005188,4.928
0.024261,0.0068665,4.9353
0.024261,0.0082397,4.9304
0.023804,0.0074768,4.9353
0.023956,0.0064087,4.9426
0.023499,0.0079346,4.9402
0.022736,0.004425,4.9353
0.018158,0.0042725,0.067139
0.014954,0.0039673,0.065918
0.012054,0,0.059814
0.0099182,-0.0032043,0.057373
0.0067139,-0.0076294,0.054932
0.0047302,-0.009613,0.056152
0.0021362,-0.007782,0.050049
0.0019836,-0.0032043,0.05249
0.0039673,-0.0022888,0.048828
0.0059509,-0.0019836,0.046387
0.0088501,0.00015259,0.043945
0.011597,0.0024414,0.047607
0.014648,0.0079346,0.046387
0.016327,0.010071,0.047607
0.015564,0.005188,0.045166
0.018158,0,0.041504
0.020599,-0.0079346,0.05249
0.022888,-0.012817,0.040283
0.024414,-0.012665,0.053711
0.023651,-0.0088501,0.039063
0.024109,-0.0038147,0.030518
0.024109,0.00030518,0.039063
0.02594,0.0039673,0.039063
0.027161,0.0073242,0.036621
0.028687,0.011139,0.039063
0.027161,0.012512,0.037842
0.025177,0.014648,0.041504
0.022125,0.018768,0.042725
0.018768,0.01236,0.047607
0.016174,0.0050354,0.047607
0.015259,-0.00076294,0.048828
0.015869,0.00030518,0.054932
0.015564,0.0059509,0.05249
0.01297,0.0085449,0.062256
0.0080872,0.0083923,0.059814
0.0039673,0.0054932,0.057373
-0.0015259,0.0053406,0.061035
-0.002594,0.0091553,0.064697
-0.0041199,0.011292,0.063477
-0.0042725,0.012512,0.073242
-0.0018311,0.0076294,0.056152
0.002594,-0.00045776,0.061035
0.007782,-0.0036621,0.059814
0.011444,-0.0042725,0.062256
0.009613,-0.0015259,0.062256
0.0094604,0.0012207,0.064697
0.0090027,-0.0012207,0.061035
0.0099182,-0.0045776,0.068359
0.0083923,-0.0054932,0.065918
0.0085449,-0.0048828,0.065918
0.005188,-0.0019836,0.061035
0.0067139,0.00030518,0.061035
0.011444,0.00076294,0.072021
0.015106,-0.00030518,0.056152
0.016327,0.0019836,0.056152
0.0177,0.0062561,0.050049
0.019379,0.0028992,0.037842
0.023804,0.0079346,0.046387
0.025635,0.0041199,0.046387
0.023499,0.0013733,0.042725
0.020142,-0.00015259,0.046387
0.018005,-0.00030518,0.040283
0.018463,0.00015259,0.042725
0.017242,-0.00045776,0.041504
0.017242,-0.00045776,0.041504
0.016632,0.00076294,0.037842
0.015717,0.00045776,0.043945
0.015717,0.0013733,0.03418
0.017395,0.0016785,0.041504
0.018005,0.0035095,0.042725
0.015411,0.0050354,0.040283
0.014191,0.0036621,0.036621
0.013428,0.0016785,0.041504
0.015106,-0.0019836,0.036621
0.018311,-0.0050354,0.037842
0.02121,-0.0061035,0.030518
0.020905,-0.0054932,0.042725
0.020294,-0.0033569,0.042725
0.020752,-0.0032043,4.0747
0.02182,-0.0039673,4.8669
0.02182,-0.0059509,4.9146
0.015411,-0.0085449,4.9231
0.015411,-0.0073242,4.9243
0.014343,-0.007019,4.9304
0.016174,-0.0039673,4.9292
0.016937,-0.0038147,4.9316
0.017548,-0.0054932,4.9304
0.017242,-0.0059509,4.9316
0.019836,-0.0088501,4.939
0.023193,-0.011139,4.9353
0.026398,-0.014954,4.9377
0.027466,-0.019226,4.9329
0.02594,-0.018616,4.9231
0.022888,-0.016327,4.9329
0.020905,-0.014648,4.9341
0.019989,-0.012665,4.9316
0.017548,-0.013123,4.9353
0.018005,-0.013123,4.9353
0.018158,-0.011902,4.9353
0.018921,-0.0062561,4.9292
0.020447,0,4.9292
0.02121,0.0032043,4.9231
0.019379,0.0041199,4.9231
0.018158,-0.0015259,4.9243
0.018158,-0.0028992,4.9243
0.018768,-0.0059509,4.9182
0.018311,-0.0059509,4.9231
0.014954,-0.0036621,4.9219
0.014191,-0.0030518,4.9194
0.012665,-0.0027466,4.9231
0.013123,-0.002594,4.9133
0.012817,-0.0039673,4.8987
0.015259,-0.0016785,4.9109
0.016632,0.00045776,4.917
0.018005,0.0033569,4.9097
0.018463,0.0048828,4.9097
0.020142,0.0064087,4.9072
0.019073,0.0059509,4.9109
0.020142,0.0042725,4.906
0.020142,0.0042725,4.9109
0.020905,0.0054932,4.9109
0.02182,0.0061035,4.9146
0.021667,0.0064087,4.9121
0.019989,0.0041199,4.9133
0.020294,0.0021362,4.9292
0.018921,0.00045776,4.9158
0.020905,-0.0013733,4.9207
0.019836,-0.0019836,4.9207
0.020752,-0.0035095,4.9097
0.020905,-0.0047302,4.9207
0.021057,-0.0064087,4.9255
0.019836,-0.007782,4.928
0.020142,-0.010986,4.9292
0.020752,-0.0082397,4.928
0.021057,-0.0061035,4.9329
0.021515,-0.0057983,4.9329
0.021057,-0.0053406,4.9329
0.020599,-0.0035095,4.9268
0.019684,-0.0047302,4.9353
0.018768,-0.0054932,4.9268
0.018311,-0.0064087,4.9353
0.019379,-0.0056458,4.9365
0.020752,-0.0036621,4.9414
0.022125,-0.00030518,4.9377
0.022278,0.0045776,4.9377
0.021515,0.0068665,4.9475
0.02121,0.0083923,4.9329
0.021057,0.0085449,4.9304
0.022125,0.0080872,4.9292
0.023346,0.0065613,4.9268
0.025787,0.0064087,4.9231
0.028076,0.0080872,0.053711
0.03067,0.0097656,0.047607
0.029755,0.0090027,0.05127
0.034943,0.0057983,0.043945
0.036316,0,0.05249
0.036926,-0.0064087,0.043945
0.035858,-0.009613,0.046387
0.034637,-0.010376,0.043945
0.030823,-0.0073242,0.045166
0.027466,-0.0050354,0.048828
0.024261,-0.005188,0.040283
0.022278,-0.0074768,0.047607
0.020599,-0.0094604,0.039063
0.020599,-0.012054,0.028076
0.021057,-0.010834,0.040283
0.022278,-0.0062561,0.041504
0.022278,-0.0022888,0.036621
0.020599,-0.0019836,0.041504
0.020905,-0.0048828,0.039063
0.021667,-0.010681,0.041504
0.022736,-0.016022,0.042725
0.022736,-0.016785,0.048828
0.021973,-0.016937,0.043945
0.019379,-0.014343,0.048828
0.016785,-0.0097656,0.053711
0.016022,-0.009613,0.056152
0.016937,-0.009613,0.054932
0.019226,-0.0099182,0.061035
0.022736,-0.0090027,0.059814
0.025482,-0.0067139,0.061035
0.028534,-0.0045776,0.070801
0.029907,-0.0028992,0.057373
0.031586,-0.0027466,0.050049
0.032806,-0.0028992,0.062256
0.033264,-0.0045776,0.059814
0.034485,-0.0019836,0.059814
0.034485,-0.0022888,0.061035
0.032349,-0.0012207,0.061035
0.029144,0.0018311,0.067139
0.026245,0.002594,0.063477
0.024414,0.002594,0.064697
0.023041,0.00061035,0.067139
0.022888,-0.00045776,0.063477
0.023346,-0.00015259,0.059814
0.020905,0.0018311,0.062256
0.018768,0.0041199,0.072021
0.013428,0.0061035,0.056152
0.0076294,0.0090027,0.05127
0.0027466,0.010681,0.053711
-0.0015259,0.013733,0.032959
-0.0019836,0.019226,0.047607
-0.0015259,0.029297,0.036621
0.00076294,0.042114,0.05127
0.0050354,0.050964,0.043945
0.0079346,0.056763,0.042725
0.013428,0.054626,0.043945
0.018616,0.044708,0.041504
0.024567,0.033112,0.039063
0.031738,0.024414,0.037842
0.038452,0.0177,0.041504
0.043335,0.014191,0.041504
0.045624,0.011902,0.042725
0.045166,0.0073242,0.039063
0.041351,0.0030518,0.041504
0.03479,0.004425,0.042725
0.024567,0.0074768,0.037842
0.012665,0.012512,0.05249
-0.0016785,0.015106,0.037842
-0.014648,0.0091553,0.032959
-0.023499,-0.0053406,0.043945
-0.027466,-0.022888,0.045166
-0.026093,-0.039673,0.045166
-0.02182,-0.045471,0.050049
-0.016785,-0.048523,0.05249
-0.014496,-0.043488,0.054932
-0.014191,-0.036163,0.05249
-0.01297,-0.024872,0.057373
-0.0083923,-0.011749,4.1577
-0.0019836,0.0027466,4.8828
0.0057983,0.0177,4.9231
0.015259,0.026245,4.9329
0.022278,0.027008,4.9402
0.027466,0.026398,4.9304
0.032349,0.017242,4.9304
0.036621,0.010529,4.9353
0.040283,0.0080872,4.9292
0.039063,0.0083923,4.9353
0.037384,0.013123,4.9341
0.033417,0.015717,4.9329
0.028229,0.014801,4.9341
0.023193,0.011749,4.9231
0.018768,0.011292,4.9316
0.016632,0.010529,4.9255
0.018158,0.010681,4.9292
0.023499,0.010986,4.9243
0.028534,0.0094604,4.9243
0.031738,0.007019,4.9255
0.031128,0.0062561,4.9243
0.027924,0.0080872,4.917
0.023346,0.010529,4.9219
0.0177,0.010681,4.928
0.011444,0.0062561,4.9194
0.0080872,0.00015259,4.9231
0.0018311,-0.0079346,4.9121
-0.0030518,-0.011749,4.9011
-0.0050354,-0.018158,4.9097
-0.0053406,-0.020752,4.9084
-0.0030518,-0.025787,4.9097
0.0038147,-0.031738,4.906
0.01236,-0.036011,4.906
0.021515,-0.035858,4.9097
0.027161,-0.031891,4.9084
0.028229,-0.025482,4.9097
0.026398,-0.018616,4.9072
0.023804,-0.015411,4.9133
0.023499,-0.014038,4.9121
0.025635,-0.014801,4.917
0.030212,-0.014801,4.9194
0.035095,-0.015411,4.9158
0.040741,-0.015259,4.9121
0.041962,-0.014038,4.9219
0.042419,-0.013428,4.9084
0.041962,-0.015564,4.9219
0.041199,-0.016785,4.9146
0.040283,-0.015869,4.928
0.041046,-0.013733,4.9255
0.036316,-0.012817,4.928
0.035553,-0.0083923,4.9304
0.032196,-0.0062561,4.9304
0.030365,-0.0067139,4.9341
0.030518,-0.0076294,4.9292
0.030975,-0.010986,4.9341
0.028534,-0.012512,4.9292
0.023346,-0.012817,4.9316
0.015106,-0.010223,4.9304
0.0054932,-0.0047302,4.9207
-0.0021362,0.0013733,4.9438
-0.0065613,0.0056458,4.9377
-0.0042725,0.0086975,4.939
-0.00015259,0.011444,4.9329
0.0073242,0.013275,4.9194
0.016022,0.016937,4.9304
0.016327,0.021515,4.9268
0.017242,0.024872,4.9219
0.016785,0.024872,4.9255
0.016479,0.022125,4.9121
0.011444,0.014496,4.9255
0.015411,0.0091553,4.9182
0.013885,0.00045776,4.9194
0.013428,0,4.9133
0.015869,-0.0010681,0.058594
0.020447,-0.0018311,0.045166
0.028076,-0.0027466,0.041504
0.035095,-0.0050354,0.039063
0.041656,-0.0093079,0.041504
0.040131,-0.013885,0.039063
0.036469,-0.016937,0.039063
0.030212,-0.018311,0.040283
0.022125,-0.017242,0.039063
0.015106,-0.015411,0.0354
0.010376,-0.013275,0.037842
0.0053406,-0.011139,0.041504
0.0088501,-0.0088501,0.040283
0.010986,-0.0071716,0.040283
0.014648,-0.0022888,0.039063
0.017548,0.0019836,0.047607
0.020752,0.0076294,0.046387
0.024414,0.011139,0.048828
0.027771,0.011139,0.046387
0.029144,0.011292,0.057373
0.028839,0.0090027,0.039063
0.024872,0.0083923,0.058594
0.022278,0.010071,0.063477
0.020142,0.014343,0.059814
0.019379,0.020752,0.067139
0.021057,0.027466,0.061035
0.023346,0.033417,0.047607
0.026093,0.035706,0.061035
0.027618,0.036163,0.063477
0.025482,0.033112,0.061035
0.02243,0.028534,0.061035
0.018616,0.02243,0.059814
0.016174,0.01297,0.065918
0.014343,0.0027466,0.057373
0.013733,-0.007782,0.065918
0.012817,-0.014038,0.063477
0.010986,-0.016174,0.067139
0.0085449,-0.014191,0.063477
0.0083923,-0.010223,0.063477
0.0093079,-0.0071716,0.067139
0.01358,-0.0041199,0.061035
0.017242,-0.010529,0.056152
0.021515,-0.016785,0.056152
0.023499,-0.020905,0.062256
0.025024,-0.023346,0.047607
0.025635,-0.02533,0.058594
0.025787,-0.02655,0.046387
0.026245,-0.028076,0.046387
0.026703,-0.028076,0.045166
0.026093,-0.026245,0.042725
0.02533,-0.023804,0.041504
0.023651,-0.019836,0.042725
0.023651,-0.013733,0.037842
0.027161,-0.0094604,0.042725
0.031738,-0.0059509,0.032959
0.041351,-0.0047302,0.040283
0.045013,-0.0033569,0.037842
0.050201,-0.0071716,0.041504
0.053711,-0.002594,0.050049
0.049744,-0.0012207,0.041504
0.046539,0.002594,0.05249
0.041962,0.0083923,0.036621
0.03952,0.015411,0.032959
0.036774,0.018616,0.043945
0.036774,0.021057,0.03418
0.036469,0.021515,0.046387
0.036163,0.020294,0.050049
0.036011,0.020447,0.047607
0.035553,0.021667,0.056152
0.035095,0.023956,0.05249
0.034332,0.02594,0.057373
0.031128,0.02533,0.056152
0.02655,0.023651,0.061035
0.02182,0.021515,0.062256
0.014648,0.020447,0.063477
0.011139,0.019836,0.057373
0.012207,0.018463,0.061035
0.015564,0.015411,3.4363
0.019531,0.0085449,4.8389
0.022736,0,4.9316
0.023651,-0.0076294,4.9316
0.023041,-0.014038,4.9194
0.019836,-0.016937,4.9316
0.017853,-0.018463,4.9353
0.014038,-0.014954,4.9353
0.012512,-0.018311,4.9353
0.011292,-0.016937,4.928
0.010681,-0.016022,4.928
0.0097656,-0.014038,4.9268
0.012054,-0.010071,4.928
0.014801,-0.0053406,4.9207
0.019989,-0.00091553,4.9231
0.024872,0.0033569,4.9207
0.028381,0.0047302,4.9207
0.029755,0.0047302,4.928
0.028076,0.0041199,4.9194
0.023804,0.0019836,4.9109
0.019989,0.00076294,4.9255
0.018005,0.00030518,4.8962
0.016022,0.00091553,4.9109
0.018616,0.0010681,4.9097
0.021057,0.00030518,4.9121
0.022736,-0.0016785,4.9097
0.023041,-0.0035095,4.9072
0.022125,-0.0048828,4.9121
0.020447,-0.0045776,4.9084
0.019531,-0.0024414,4.9072
0.018005,0.0010681,4.906
0.015259,0.0039673,4.906
0.012207,0.007019,4.9109
0.0094604,0.007782,4.9109
0.0079346,0.0086975,4.9121
0.007019,0.0097656,4.9194
0.0083923,0.010681,4.9109
0.0097656,0.011597,4.9207
0.01358,0.010071,4.9304
0.01236,0.0073242,4.9255
0.013885,0.002594,4.9146
0.014496,-0.0032043,4.9292
0.015259,-0.0076294,4.9243
0.016327,-0.0097656,4.9255
0.0177,-0.010986,4.9292
0.020294,-0.011139,4.9304
0.02182,-0.012665,4.9304
0.024567,-0.01358,4.9316
0.026093,-0.015106,4.9329
0.027618,-0.015717,4.9255
0.028839,-0.014038,4.9329
0.029755,-0.011444,4.9341
0.030518,-0.007782,4.9341
0.032501,-0.0059509,4.9414
0.032959,-0.0041199,4.939
0.031281,-0.002594,4.9329
0.033112,-0.0012207,4.9365
0.032043,0.0018311,4.9353
0.03418,0.004425,4.9329
0.033875,0.0076294,4.9268
0.035706,0.0054932,4.9231
0.036621,0.0028992,4.9243
0.036011,0.00091553,4.9194
0.033264,-0.0015259,4.9231
0.031738,-0.0010681,4.9121
0.027313,0.00045776,4.9207
0.023346,0.0039673,4.9133
0.019073,0.0079346,4.9158
0.016327,0.010376,4.9158
0.013885,0.011444,4.917
0.0090027,0.01358,4.9109
0.013885,0.015259,4.917
0.015106,0.016937,4.9243
0.017853,0.018158,3.8806
0.0177,0.017395,0.05249
0.021362,0.014496,0.041504
0.022888,0.0094604,0.028076
0.02243,0.0048828,0.036621
0.022888,0.0024414,0.037842
0.018768,0.0021362,0.040283
0.016479,0.0045776,0.040283
0.015259,0.0036621,0.037842
0.014648,0.0013733,0.046387
0.015411,-0.0035095,0.042725
0.01709,-0.0093079,0.047607
0.015717,-0.013275,0.042725
0.023651,-0.016022,0.056152
0.027466,-0.015106,0.053711
0.032196,-0.014954,0.061035
0.036011,-0.015869,0.072021
0.038452,-0.0177,0.061035
0.040131,-0.019836,0.061035
0.039063,-0.020599,0.062256
0.0383,-0.019073,0.062256
0.035095,-0.015106,0.057373
0.033875,-0.011902,0.046387
0.031586,-0.011292,0.061035
0.030975,-0.012512,0.059814
0.031128,-0.015106,0.058594
0.03067,-0.01709,0.062256
0.030365,-0.017242,0.064697
0.028076,-0.013885,0.067139
0.029297,-0.011597,0.065918
0.027161,-0.0045776,0.068359
0.024872,-0.0064087,0.063477
0.023804,-0.0039673,0.065918
0.023041,-0.0018311,0.058594
0.022583,-0.00061035,0.059814
0.023499,-0.00030518,0.064697
0.023499,0.0091553,0.054932
0.02594,0.01358,0.06958
0.028076,0.017242,0.048828
0.029602,0.0177,0.037842
0.031128,0.014954,0.05127
0.031891,0.011139,0.045166
0.030518,0.0090027,0.039063
0.029297,0.0047302,0.041504
0.026398,0.00076294,0.039063
0.026398,-0.0024414,0.042725
0.024109,-0.0064087,0.037842
0.024109,-0.010071,0.041504
0.024872,-0.012054,0.032959
0.025482,-0.012665,0.041504
0.024414,-0.011902,0.040283
0.02182,-0.010834,0.043945
0.020905,-0.0085449,0.041504
0.018311,-0.007019,0.042725
0.01709,-0.0050354,0.039063
0.014801,-0.0045776,0.039063
0.013275,-0.0047302,0.037842
0.013428,-0.0053406,0.045166
0.011292,-0.0032043,0.032959
0.011292,-0.0021362,0.043945
0.011902,0.00091553,0.050049
0.013428,0.0032043,0.048828
0.014801,0.0041199,0.05127
0.015564,0.0039673,0.054932
0.014038,0.0024414,0.059814
0.011902,0.0010681,0.054932
0.0088501,-0.0010681,0.063477
0.007019,-0.0019836,0.059814
0.0053406,-0.0024414,0.062256
0.0041199,-0.0024414,0.057373
0.0030518,-0.0018311,0.063477
0.0039673,-0.0016785,0.070801
0.005188,-0.00061035,0.063477
0.0074768,-0.00091553,0.065918
0.010223,-0.0018311,0.063477
0.012054,-0.0021362,0.042725
0.012207,-0.0033569,0.061035
0.014801,-0.0048828,2.7222
0.015869,-0.0061035,4.7998
0.017242,-0.0033569,4.9194
0.018158,-0.0042725,4.9292
0.018158,-0.0024414,4.9316
0.016632,0.00045776,4.9268
0.016022,0.0012207,4.9268
0.016022,0.00045776,4.9231
0.015259,0.00030518,4.9182
0.016479,-0.0021362,4.9231
0.016327,-0.00091553,4.9243
0.021667,0.0012207,4.9219
0.023804,0.0032043,4.9194
0.029907,0.0042725,4.9194
0.03479,0.0054932,4.9158
0.037842,0.0048828,4.9194
0.040741,0.0045776,4.9109
0.041656,0.0080872,4.8926
0.041962,0.0076294,4.9121
0.041504,0.0080872,4.906
0.040283,0.0080872,4.9097
0.038605,0.0062561,4.9084
0.036926,0.0030518,4.9084
0.035706,-0.0012207,4.9072
0.033569,-0.0033569,4.9072
0.031433,-0.0036621,4.9121
0.028687,-0.0050354,4.9121
0.023956,-0.0062561,4.9097
0.023956,-0.0079346,4.9146
0.021362,-0.0097656,4.9158
0.019531,-0.010071,4.9292
0.020142,-0.0067139,4.9182
0.019989,-0.0015259,4.9255
0.019836,0.0038147,4.9231
0.020905,0.0080872,4.917
0.021973,0.0068665,4.928
0.023804,0.005188,4.9255
0.025024,0.0015259,4.9268
0.027008,-0.0019836,4.9292
0.028381,-0.0024414,4.9292
0.028229,-0.0013733,4.928
0.027618,-0.00015259,4.928
0.025482,-0.00076294,4.9341
0.023956,-0.0030518,4.928
0.021973,-0.0045776,4.9304
0.019226,-0.0038147,4.9329
0.017395,-0.00091553,4.9353
0.015106,0.0061035,4.9353
0.014496,0.014038,4.9402
0.015106,0.018616,4.9438
0.014954,0.022888,4.9353
0.016327,0.024109,4.9426
0.016632,0.023346,4.9329
0.016022,0.023041,4.9219
0.015106,0.022736,4.9255
0.015717,0.021362,4.9268
0.015717,0.016632,4.9268
0.016327,0.015411,4.9243
0.015717,0.011139,4.9158
0.014801,0.0085449,4.9194
0.014496,0.0076294,4.917
0.013123,0.0047302,4.917
0.012665,0.00030518,4.9158
0.010681,-0.0053406,4.9182
0.0065613,-0.0097656,4.9133
0.0022888,-0.015259,4.9146
-0.00091553,-0.01709,4.9207
-0.0033569,-0.0177,4.9084
-0.0033569,-0.018616,4.9109
-0.0032043,-0.018921,4.9121
-0.0024414,-0.01709,4.8914
-0.00045776,-0.012207,4.9109
0.0022888,-0.005188,4.9072
0.0064087,0.002594,0.11597
0.011749,0.0097656,0.040283
0.018768,0.014343,0.037842
0.026093,0.016937,0.043945
0.034485,0.019379,0.041504
0.040588,0.021515,0.045166
0.045471,0.022125,0.042725
0.04776,0.022278,0.054932
0.048218,0.02121,0.05127
0.048218,0.018616,0.053711
0.046844,0.013733,0.059814
0.046539,0.010071,0.057373
0.041962,0.0065613,0.061035
0.039215,0.0041199,0.05127
0.0354,0.0038147,0.072021
0.031891,0.0038147,0.058594
0.028839,0.0065613,0.05249
0.025024,0.011292,0.061035
0.021515,0.014648,0.062256
0.017548,0.018463,0.061035
0.013123,0.02121,0.064697
0.0071716,0.019989,0.058594
0.0047302,0.016632,0.064697
0.0042725,0.011902,0.063477
0.0047302,0.0059509,0.06958
0.0047302,-0.0021362,0.063477
0.0050354,-0.0065613,0.065918
0.0047302,-0.0099182,0.061035
0.004425,-0.012665,0.063477
0.0047302,-0.013733,0.067139
0.0047302,-0.015564,0.054932
0.0048828,-0.016937,0.05249
0.0045776,-0.017853,0.048828
0.0048828,-0.018463,0.040283
0.0067139,-0.016785,0.047607
0.0056458,-0.015411,0.048828
0.01358,-0.014191,0.042725
0.018463,-0.01358,0.045166
0.023651,-0.015259,0.042725
0.027771,-0.015411,0.042725
0.032043,-0.014038,0.040283
0.035858,-0.01236,0.042725
0.038147,-0.0099182,0.036621
0.040283,-0.0071716,0.036621
0.040894,-0.0053406,0.041504
0.040283,-0.0061035,0.042725
0.039063,-0.0074768,0.037842
0.035706,-0.011444,0.040283
0.03418,-0.01358,0.045166
0.032806,-0.01709,0.036621
0.033569,-0.018005,0.05249
0.028381,-0.016479,0.041504
0.033722,-0.014038,0.031738
0.033875,-0.01236,0.040283
0.03479,-0.010681,0.047607
0.0354,-0.0097656,0.048828
0.035858,-0.0094604,0.050049
0.035858,-0.0088501,0.050049
0.034943,-0.0050354,0.057373
0.033569,0.0018311,0.057373
0.031738,0.007782,0.059814
0.031586,0.01358,0.056152
0.030212,0.016479,0.064697
0.029907,0.016785,0.063477
0.029907,0.015717,0.064697
0.027618,0.014343,0.075684
0.023193,0.01297,0.059814
0.024261,0.012665,0.059814
0.023499,0.013123,0.063477
0.024567,0.011749,0.062256
0.024719,0.011444,0.062256
0.027313,0.0085449,0.062256
0.028839,0.0061035,0.067139
0.030212,0.0030518,0.064697
0.030975,0.00045776,0.057373
0.030365,-0.0019836,0.061035
0.029755,-0.0042725,0.058594
0.028381,-0.0057983,0.056152
0.027161,-0.0073242,4.021
0.024719,-0.0085449,4.8706
0.023193,-0.0076294,4.9146
0.02121,-0.010376,4.9207
0.018616,-0.010529,4.917
0.016479,-0.0097656,4.9194
0.014191,-0.010223,4.9243
0.013428,-0.0082397,4.917
0.0094604,-0.0067139,4.9255
0.010986,-0.0059509,4.9109
0.011444,-0.005188,4.9072
0.011597,-0.0050354,4.9109
0.013733,-0.0061035,4.9109
0.015411,-0.0059509,4.9084
0.017242,-0.0036621,4.9109
0.020294,-0.0016785,4.9097
0.021973,0.00015259,4.9121
0.022736,0.0035095,4.906
0.023499,0.0028992,4.9097
0.024567,0.0036621,4.9097
0.028076,0.0035095,4.9133
0.026398,0.0062561,4.9097
0.028992,0.0076294,4.9146
0.030823,0.0093079,4.917
0.030975,0.010223,4.9194
0.031891,0.010986,4.9194
0.030975,0.009613,4.9243
0.030212,0.0076294,4.928
0.027771,0.0050354,4.9255
0.024872,0.0019836,4.9292
0.023193,-0.00030518,4.928
0.019684,-0.0027466,4.9292
0.01709,-0.0042725,4.9304
0.014954,-0.0056458,4.9292
0.014038,-0.0088501,4.928
0.014191,-0.010223,4.9341
0.015106,-0.012054,4.9316
0.014801,-0.012665,4.9316
0.016479,-0.014496,4.9304
0.017853,-0.016174,4.9377
0.019531,-0.015411,4.9341
0.021515,-0.016327,4.9353
0.021973,-0.016174,4.9451
0.023651,-0.018921,4.9365
0.023041,-0.020447,4.9365
0.023956,-0.019379,4.9353
0.024261,-0.016785,4.9133
0.026855,-0.014038,4.9268
0.030975,-0.0099182,4.9243
0.036011,-0.007782,4.917
0.039368,-0.0088501,4.9231
0.044556,-0.0076294,4.9207
0.046844,-0.0059509,4.9194
0.048981,-0.0027466,4.917
0.049744,0.0028992,4.9194
0.049896,0.009613,4.9133
0.04837,0.014648,4.9182
0.045929,0.016479,4.917
0.043182,0.016479,4.917
0.041809,0.015259,4.9146
0.043335,0.014801,4.9097
0.041809,0.01709,4.9109
0.03952,0.019073,4.9109
0.036011,0.020599,4.906
0.032806,0.020599,4.906
0.029907,0.018921,4.9084
0.028229,0.015717,4.9121
0.026855,0.013275,4.9072
0.024872,0.01358,4.9109
0.021667,0.013733,4.9109
0.016479,0.013275,4.9097
0.010834,0.0079346,4.9121
0.0061035,0.0042725,0.042725
0.0048828,0.00045776,0.05249
0.0053406,-0.0022888,0.048828
0.007019,-0.0039673,0.056152
0.0079346,-0.0050354,0.056152
0.0071716,-0.007782,0.058594
0.0071716,-0.010986,0.06958
0.0056458,-0.014496,0.062256
0.0035095,-0.014343,0.072021
0.0053406,-0.013428,0.058594
0.0061035,-0.011139,0.053711
0.0074768,-0.0079346,0.062256
0.0071716,-0.007019,0.062256
0.007782,-0.0082397,0.059814
0.0079346,-0.0079346,0.067139
0.012054,-0.0062561,0.062256
0.019073,-0.0018311,0.065918
0.027924,0.0054932,0.065918
0.0354,0.010986,0.068359
0.040588,0.014343,0.061035
0.04303,0.016937,0.064697
0.042877,0.011444,0.061035
0.039673,0.0088501,0.061035
0.037079,0.007019,0.059814
0.0354,0.0057983,0.054932
0.034485,0.0056458,0.057373
0.03418,0.005188,0.05249
0.032806,0.0042725,0.057373
0.031281,0.0032043,0.05127
0.028534,0.0041199,0.047607
0.025024,0.0045776,0.043945
0.024109,0.0061035,0.047607
0.02182,0.0079346,0.042725
0.018463,0.0083923,0.042725
0.01297,0.0093079,0.039063
0.007782,0.0099182,0.043945
0.0024414,0.0097656,0.037842
-0.00030518,0.0061035,0.040283
0.00015259,0.0071716,0.041504
0.0036621,0.0054932,0.042725
0.0094604,0.004425,0.039063
0.015411,0.0041199,0.039063
0.020294,0.0039673,0.054932
0.02533,0.0032043,0.041504
0.026855,0.0016785,0.05127
0.028839,-0.00015259,0.040283
0.028229,-0.0027466,0.026855
0.026398,-0.0036621,0.041504
0.023956,-0.0032043,0.047607
0.021362,-0.0021362,0.050049
0.019073,0,0.05127
0.018005,-0.00015259,0.050049
0.017548,-0.00091553,0.057373
0.019989,-0.0021362,0.053711
0.022888,-0.0021362,0.061035
0.026245,-0.00061035,0.057373
0.029297,0.0022888,0.063477
0.030518,0.0013733,0.063477
0.029449,0.005188,0.063477
0.02533,0.0032043,0.065918
0.021515,-0.00061035,0.062256
0.017853,-0.0033569,0.063477
0.014496,-0.0036621,0.064697
0.013275,-0.0013733,0.076904
0.011444,0.0019836,0.061035
0.010986,0.005188,0.054932
0.0099182,0.007019,0.065918
0.011749,0.0053406,0.061035
0.012512,0.0032043,0.061035
0.014343,0.0010681,0.064697
0.0177,0.00091553,0.056152
0.019531,0.0027466,0.056152
0.021973,0.0056458,0.053711
0.021362,0.0071716,0.042725
0.020599,0.0057983,0.046387
0.02121,0.0047302,0.050049
0.02182,0.0045776,0.048828
0.023651,0.0048828,0.050049
0.02655,0.0071716,3.2654
0.028076,0.0091553,4.8169
0.028381,0.011749,4.9036
0.027924,0.011292,4.9097
0.027618,0.009613,4.9011
0.028687,0.0061035,4.9109
0.029907,0.002594,4.9109
0.031281,0.00076294,4.9121
0.031891,0.00061035,4.9097
0.030823,0,4.9109
0.029144,-0.0021362,4.9084
0.028534,-0.005188,4.9072
0.029449,-0.0067139,4.9097
0.031128,-0.0079346,4.9097
0.033569,-0.0083923,4.9121
0.034943,-0.0068665,4.9109
0.034485,-0.0056458,4.9194
0.033417,-0.0047302,4.8999
0.029755,-0.0015259,4.9207
0.031128,-0.0035095,4.9207
0.031281,-0.0039673,4.9207
0.03067,-0.004425,4.9304
0.029449,-0.0048828,4.9304
0.027008,-0.0068665,4.9146
0.024567,-0.0056458,4.928
0.022888,-0.004425,4.9316
0.022125,0.00076294,4.9304
0.023193,0,4.9304
0.023041,0.0010681,4.9255
0.023804,0.0035095,4.9353
0.023651,0.0079346,4.9316
0.023499,0.0086975,4.9329
0.023499,0.01236,4.928
0.026398,0.012665,4.9377
0.024567,0.011444,4.9353
0.02594,0.0094604,4.9365
0.027161,0.0073242,4.9475
0.027313,0.0053406,4.9365
0.027466,0.0036621,4.928
0.024414,0.0015259,4.9353
0.022736,0.0012207,4.928
0.021973,-0.0038147,4.9255
0.02243,-0.0053406,4.9219
0.021515,-0.0083923,4.9255
0.019684,-0.0093079,4.9255
0.015717,-0.010681,4.9182
0.012207,-0.0062561,4.9231
0.0091553,-0.0059509,4.917
0.0082397,-0.005188,4.9194
0.0099182,-0.0048828,4.9121
0.011597,-0.0042725,4.9146
0.015106,-0.0027466,4.9121
0.017853,-0.00091553,4.9146
0.019531,0.0012207,4.9121
0.019379,0.0010681,4.8938
0.019531,-0.00045776,4.9194
0.019379,-0.0010681,4.9133
0.018921,-0.0048828,4.9231
0.018616,-0.0054932,4.9084
0.018768,-0.0038147,4.8999
0.014648,-0.0013733,4.9121
0.015411,0.00015259,4.9097
0.014343,0.0016785,4.9084
0.015717,0.002594,4.9072
0.018463,0.0053406,4.9097
0.021362,0.0073242,4.9109
0.024719,0.0090027,4.9146
0.02655,0.010986,4.9231
0.026398,0.0093079,4.9207
0.025635,0.0065613,4.9243
0.027313,0.0042725,4.9243
0.025024,0.004425,4.9304
0.027771,0.0032043,0.06958
0.030518,0.0027466,0.062256
0.032349,0.0018311,0.064697
0.031128,0.00076294,0.062256
0.027008,-0.00045776,0.063477
0.025787,-0.004425,0.062256
0.024414,-0.0030518,0.050049
0.024719,-0.004425,0.058594
0.025177,-0.0056458,0.061035
0.026245,-0.007019,0.061035
0.027313,-0.007019,0.063477
0.024109,-0.0056458,0.063477
0.023346,-0.0074768,0.067139
0.025177,-0.0068665,0.065918
0.026398,-0.0033569,0.064697
0.029449,-0.0030518,0.064697
0.031433,0.00076294,0.062256
0.032196,0.0035095,0.056152
0.032501,0.0045776,0.056152
0.031891,0.0050354,0.064697
0.032959,0.0035095,0.050049
0.034027,0.0010681,0.058594
0.036469,0.00015259,0.046387
0.036774,0.00091553,0.036621
0.037231,0.0036621,0.043945
0.033722,0.0054932,0.042725
0.030975,0.0071716,0.048828
0.029449,0.0067139,0.042725
0.023346,0.0050354,0.037842
0.021515,0.0038147,0.039063
0.019989,0.0054932,0.037842
0.019226,0.0076294,0.037842
0.017853,0.011902,0.040283
0.017853,0.013123,0.041504
0.01709,0.010834,0.041504
0.0177,0.0061035,0.042725
0.020294,0.0018311,0.046387
0.023651,-0.0028992,0.040283
0.025787,-0.0028992,0.040283
0.02594,-0.0030518,0.042725
0.024261,-0.0027466,0.0354
0.019531,-0.0024414,0.036621
0.015259,-0.0038147,0.056152
0.01297,-0.0053406,0.047607
0.01297,-0.0067139,0.05127
0.01358,-0.0082397,0.050049
0.014038,-0.0079346,0.054932
0.011902,-0.0064087,0.058594
0.010376,-0.0059509,0.059814
0.010223,-0.0027466,0.059814
0.011902,-0.00045776,0.061035
0.015259,0.0015259,0.058594
0.018768,0.0042725,0.061035
0.020599,0.0074768,0.061035
0.019226,0.0097656,0.061035
0.016327,0.010986,0.06958
0.014191,0.010071,0.063477
0.014343,0.0090027,0.072021
0.017395,0.0090027,0.064697
0.02121,0.0099182,0.053711
0.023499,0.011902,0.067139
0.023346,0.014343,0.065918
0.022125,0.014343,0.057373
0.0177,0.012207,0.063477
0.016632,0.0093079,0.057373
0.01709,0.0053406,0.057373
0.018463,0.0041199,0.053711
0.018311,0.0030518,0.058594
0.018463,0.0024414,0.047607
0.016174,0.0035095,0.05127
0.013123,0.0030518,0.05249
0.010986,0.0027466,0.048828
0.01236,0.0050354,0.045166
0.01297,0.0079346,0.046387
0.017548,0.012054,0.045166
0.018616,0.013428,0.041504
0.018005,0.013885,0.047607
0.016174,0.013428,0.040283
0.013123,0.012054,2.1936
0.012665,0.010529,4.7473
0.014191,0.0094604,4.8962
0.016174,0.0082397,4.906
0.018158,0.0076294,4.9084
0.018005,0.0061035,4.9036
0.01709,0.0057983,4.9048
0.015411,0.0064087,4.9084
0.013885,0.0059509,4.9133
0.014648,0.0047302,4.9097
0.015564,0.0033569,4.9182
0.017548,0.0019836,4.9158
0.018921,0.00076294,4.9219
0.018463,-0.0015259,4.9304
0.0177,0.002594,4.9219
0.014801,0.002594,4.9255
0.013428,0.0032043,4.9304
0.013428,0.002594,4.9036
0.014648,0.00045776,4.9268
0.016174,-0.00015259,4.9268
0.016632,-0.0016785,4.9292
0.016937,-0.0010681,4.9304
0.014954,-0.00076294,4.928
0.01358,-0.0015259,4.9329
0.013885,-0.0030518,4.9304
0.015106,-0.002594,4.9329
0.017548,-0.0062561,4.928
0.018768,-0.0086975,4.9353
0.018616,-0.0085449,4.9316
0.017548,-0.0076294,4.9353
0.017242,-0.007019,4.9377
0.016479,-0.007019,4.939
0.021362,-0.0068665,4.9377
0.024719,-0.0086975,4.9377
0.026245,-0.0086975,4.9426
0.023651,-0.0068665,4.928
0.027618,-0.0086975,4.917
0.028076,-0.0068665,4.9255
0.030518,-0.0047302,4.9219
0.030518,-0.0032043,4.9207
0.030823,-0.0027466,4.9182
0.029907,-0.0028992,4.917
0.028076,-0.0039673,4.9158
0.026245,-0.0018311,4.9121
0.025177,0.00091553,4.9158
0.02594,0.0032043,4.9109
0.028076,0.0038147,4.9158
0.030365,0.0022888,4.9133
0.033112,-0.002594,4.9182
0.034637,-0.0050354,4.9133
0.035095,-0.0080872,4.9121
0.032806,-0.0076294,4.9097
0.031738,-0.0064087,4.9084
0.031586,-0.0061035,4.8987
0.031128,-0.0048828,4.9109
0.031738,-0.0048828,4.9121
0.031433,-0.0082397,4.9084
0.030975,-0.012665,4.9109
0.029144,-0.0071716,4.9133
0.028229,-0.0030518,4.9146
0.027008,0.0010681,4.9121
0.027313,0.002594,4.9194
0.029144,0.0030518,4.917
0.029297,0.0024414,4.9255
0.029449,0.00076294,4.9268
0.028229,0.00061035,4.9316
0.027466,0.0033569,4.9255
0.025177,0.0056458,4.9329
0.027618,0.0064087,4.9329
0.029297,0.0064087,4.928
0.032043,0.0053406,4.9414
0.03006,0.0053406,4.9353
0.029755,0.0036621,0.046387
0.028687,0.0057983,0.059814
0.027771,0.0064087,0.064697
0.027161,0.0064087,0.061035
0.026855,0.0059509,0.065918
0.027466,0.0099182,0.062256
0.02533,0.005188,0.068359
0.023651,0.0045776,0.062256
0.021515,0.0041199,0.067139
0.02182,0.0053406,0.061035
0.02243,0.0064087,0.062256
0.023804,0.0076294,0.057373
0.026093,0.0071716,0.058594
0.026093,0.0057983,0.064697
0.02655,0.0024414,0.054932
0.026093,-0.00015259,0.050049
0.025482,-0.0033569,0.050049
0.024414,-0.004425,0.03418
0.023651,-0.0047302,0.043945
0.022583,-0.0045776,0.045166
0.022278,-0.0028992,0.042725
0.021057,-0.0032043,0.041504
0.021667,-0.0027466,0.041504
0.023499,-0.0013733,0.041504
0.024261,0.0021362,0.037842
0.026855,0.0065613,0.040283
0.028992,0.0093079,0.036621
0.031128,0.004425,0.041504
0.032501,0.0090027,0.040283
0.032654,0.0067139,0.039063
0.031738,0.0050354,0.0354
0.030518,0.0053406,0.042725
0.028687,0.0057983,0.046387
0.028992,0.0053406,0.043945
0.03067,0.0048828,0.05127
0.032959,0.0030518,0.043945
0.031891,0.0036621,0.036621
0.027313,0.0061035,0.050049
0.027771,0.0085449,0.05127
0.024872,0.010376,0.05127
0.022583,0.010529,0.05249
0.02182,0.0062561,0.056152
0.019531,0.00091553,0.061035
0.019989,-0.0022888,0.056152
0.018921,-0.005188,0.064697
0.016022,-0.0053406,0.059814
0.015717,-0.0022888,0.062256
0.015717,0.00015259,0.064697
0.016479,0.0022888,0.062256
0.019379,0.0030518,0.06958
0.020447,0.0036621,0.063477
0.023804,0.0042725,0.058594
0.025177,0.0056458,0.064697
0.027466,0.0071716,0.070801
0.028839,0.0082397,0.067139
0.030823,0.0083923,0.063477
0.033875,0.0068665,0.063477
0.0354,0.0062561,0.061035
0.036774,0.0067139,0.057373
0.037537,0.0073242,0.056152
0.036621,0.007782,0.05249
0.03418,0.0088501,0.054932
0.031738,0.0083923,0.0354
0.030212,0.007782,0.050049
0.03006,0.0068665,0.048828
0.028229,0.0061035,0.05127
0.027924,0.0057983,0.042725
0.027313,0.005188,0.046387
0.024109,0.0045776,0.057373
0.021057,0.0053406,0.042725
0.016327,0.0071716,0.05127
0.014038,0.0085449,0.041504
0.011749,0.0085449,0.028076
0.011292,0.0076294,0.037842
0.010986,0.0061035,0.041504
0.0097656,0.004425,0.040283
0.0088501,0.0022888,0.039063
0.0068665,0.00030518,0.036621
0.005188,-0.0024414,2.7429
0.0059509,-0.0048828,4.7766
0.0068665,-0.0071716,4.9011
0.0094604,-0.0083923,4.906
0.010376,-0.0086975,4.9158
0.0093079,-0.0073242,4.9133
0.0086975,-0.0045776,4.9182
0.0083923,-0.0012207,4.9255
0.0094604,0.0016785,4.9255
0.012207,0.0038147,4.9231
0.014343,0.004425,4.928
0.016022,0.0033569,4.9316
0.016937,0.0015259,4.9304
0.017242,-0.0012207,4.9243
0.018311,-0.0027466,4.9316
0.019684,-0.0033569,4.928
0.021057,-0.0027466,4.928
0.020905,-0.002594,4.9316
0.018768,-0.0041199,4.9304
0.015717,-0.005188,4.9341
0.011902,-0.0035095,4.9304
0.0091553,-0.0010681,4.9365
0.0085449,0.0028992,4.9353
0.009613,0.0050354,4.9365
0.012054,0.0056458,4.9304
0.014038,0.0047302,4.939
0.015259,0.0041199,4.9426
0.015717,0.0027466,4.9341
0.015106,0.0033569,4.9329
0.014648,0.0045776,4.928
0.013885,0.0050354,4.9133
0.01358,0.0035095,4.9255
0.010986,-0.0016785,4.9207
0.0083923,-0.00015259,4.9207
0.0062561,0.00045776,4.9194
0.0054932,0,4.9194
0.0053406,0.0018311,4.9158
0.0068665,0.0015259,4.9158
0.0091553,-0.0015259,4.917
0.011139,-0.0042725,4.9097
0.011749,-0.0050354,4.9146
0.011292,-0.0018311,4.9133
0.0097656,0.002594,4.9158
0.0090027,0.0085449,4.9097
0.0047302,0.010529,4.9133
0.0061035,0.0076294,4.9097
0.0047302,0.0027466,4.9109
0.0050354,-0.0010681,4.9109
0.0073242,-0.00061035,4.9133
0.013428,0.0027466,4.9097
0.020142,0.0065613,4.9097
0.028839,0.0057983,4.9084
0.032196,-0.0015259,4.9133
0.031433,-0.011444,4.9133
0.025177,-0.022125,4.9133
0.015564,-0.026398,4.9182
0.0054932,-0.022736,4.9207
-0.0032043,-0.011902,4.9207
-0.007782,-0.0019836,4.9255
-0.0097656,0.0048828,4.9292
-0.0097656,0.0057983,4.9292
-0.0056458,0.0076294,4.9304
0.0033569,0.0086975,4.9426
0.016327,0.012054,4.9304
0.029144,0.015564,4.9365
0.042572,0.016785,4.9341
0.048218,0.013733,4.9182
0.048065,0.0097656,4.928
0.040894,0.0035095,4.9329
0.030365,-0.0019836,4.9329
0.019073,-0.0045776,4.9353
0.011749,-0.004425,-0.072021
0.0039673,0.00030518,0.068359
0.0019836,0.0056458,0.058594
0.0045776,0.010376,0.065918
0.0068665,0.014038,0.058594
0.014191,0.013885,0.061035
0.020905,0.010376,0.056152
0.02594,0.0053406,0.057373
0.029602,0.00091553,0.059814
0.029144,-0.0019836,0.05249
0.028992,-0.0035095,0.05249
0.025024,-0.0053406,0.050049
0.018311,-0.0083923,0.053711
0.014496,-0.011139,0.045166
0.012054,-0.013123,0.056152
0.010223,-0.011444,0.045166
0.021973,-0.0054932,0.040283
0.024567,0.0028992,0.039063
0.033264,0.011139,0.039063
0.038147,0.015869,0.039063
0.041046,0.014496,0.041504
0.040894,0.0094604,0.0354
0.039215,0.0033569,0.043945
0.037689,0.0013733,0.039063
0.036163,-0.0053406,0.040283
0.032501,-0.0054932,0.040283
0.029907,-0.0067139,0.042725
0.028534,-0.0071716,0.05249
0.027008,-0.007782,0.042725
0.026855,-0.007019,0.05249
0.031128,-0.0032043,0.041504
0.032806,0.0010681,0.036621
0.032959,0.0074768,0.05127
0.033112,0.011902,0.05127
0.031738,0.013733,0.054932
0.029602,0.01358,0.059814
0.027924,0.012054,0.053711
0.025635,0.010681,0.057373
0.024567,0.011902,0.059814
0.022583,0.014343,0.063477
0.019836,0.018311,0.058594
0.019226,0.019531,0.062256
0.020294,0.020752,0.059814
0.021515,0.019226,0.061035
0.023651,0.016937,0.064697
0.023346,0.014954,0.061035
0.025482,0.013123,0.065918
0.024872,0.012665,0.065918
0.022888,0.011597,0.076904
0.023956,0.009613,0.058594
0.023651,0.0085449,0.062256
0.025787,0.0068665,0.062256
0.027924,0.0061035,0.058594
0.028992,0.0047302,0.057373
0.03067,0.0039673,0.056152
0.029144,0.0021362,0.050049
0.026398,-0.00045776,0.05127
0.02121,-0.0024414,0.048828
0.017395,-0.0041199,0.047607
0.013123,-0.0068665,0.047607
0.0082397,-0.010986,0.048828
0.0057983,-0.010223,0.036621
0.0022888,-0.0088501,0.046387
0.0050354,-0.004425,0.053711
0.0083923,-0.0013733,0.042725
0.014038,0.0021362,0.040283
0.021057,0.0022888,0.040283
0.027008,0.004425,0.021973
0.032654,0.0019836,0.032959
0.034637,0.0053406,0.040283
0.035095,0.011902,0.040283
0.031891,0.016174,0.037842
0.026855,0.017548,0.040283
0.022736,0.015259,0.039063
0.018921,0.011444,0.037842
0.019073,0.0065613,0.041504
0.015106,0.0059509,0.039063
0.017853,0.0039673,0.043945
0.017548,0.0061035,0.047607
0.021973,0.0038147,4.1992
0.025787,-0.0022888,4.8694
0.03006,-0.0085449,4.9146
0.029755,-0.018005,4.9231
0.025177,-0.012207,4.9243
0.018463,-0.010376,4.939
0.010071,-0.0076294,4.928
0.0033569,-0.0073242,4.9207
-0.002594,-0.007019,4.9292
-0.002594,-0.0056458,4.9292
-0.00076294,-0.0022888,4.9268
0.004425,0.0035095,4.9304
0.010834,0.007782,4.9292
0.019226,0.0091553,4.9341
0.026245,0.0093079,4.9329
0.031738,0.0085449,4.9377
0.035553,0.0076294,4.9329
0.036774,0.0086975,4.939
0.036163,0.0097656,4.9377
0.033417,0.0086975,4.9365
0.031128,0.0039673,4.9365
0.031281,-0.0030518,4.9329
0.033417,-0.0073242,4.9304
0.037994,-0.0086975,4.928
0.044098,-0.0061035,4.9255
0.050049,-0.0018311,4.9243
0.053558,-0.00015259,4.9194
0.054779,-0.00061035,4.9194
0.055084,-0.0019836,4.9194
0.050964,-0.0042725,4.8962
0.047913,-0.0067139,4.9146
0.044403,-0.0074768,4.9109
0.041046,-0.0073242,4.917
0.037384,-0.0080872,4.9109
0.034332,-0.0088501,4.9109
0.032654,-0.010071,4.9133
0.033875,-0.0093079,4.9182
0.034027,-0.0068665,4.9097
0.033722,-0.0042725,4.9109
0.033417,-0.0015259,4.9255
0.030365,0.0012207,4.9121
0.026398,0.0036621,4.9194
0.022278,0.0050354,4.906
0.018768,0.0062561,4.8987
0.015411,0.0071716,4.9109
0.01358,0.0079346,4.9109
0.014496,0.0079346,4.9146
0.017548,0.0067139,4.9133
0.02182,0.005188,4.9133
0.026398,0.0022888,4.9133
0.029755,0.0013733,4.9207
0.032501,-0.0013733,4.9243
0.031738,-0.002594,4.9207
0.029755,-0.0042725,4.9292
0.02594,-0.0050354,4.9316
0.022278,-0.004425,4.9341
0.018921,-0.0036621,4.9353
0.015411,-0.0039673,4.9316
0.013733,-0.0047302,4.9292
0.013123,-0.0050354,4.9329
0.014343,-0.005188,4.9377
0.016479,-0.004425,4.9316
0.019989,-0.0024414,4.9133
0.021515,-0.0022888,4.9353
0.021667,-0.00045776,4.9316
0.020752,0.0012207,4.9329
0.019073,0.0015259,4.9365
0.016785,0.0016785,4.9353
0.015106,0.0021362,4.9316
0.013733,0.0028992,4.9316
0.01297,0.0028992,4.9316
0.014038,0.0036621,0.05249
0.015411,0.0039673,0.056152
0.01709,0.0030518,0.056152
0.017548,0.0032043,0.054932
0.019684,0.0019836,0.058594
0.020294,0.0018311,0.05249
0.020752,0.0018311,0.054932
0.021057,0.0018311,0.043945
0.020294,0.0036621,0.036621
0.020142,0.002594,0.042725
0.019226,0.0016785,0.042725
0.018158,0.0024414,0.040283
0.016632,0.0038147,0.039063
0.014954,0.0033569,0.039063
0.012665,0.0042725,0.037842
0.009613,0.0062561,0.0354
0.007782,0.0067139,0.042725
0.0071716,0.0076294,0.039063
0.0074768,0.007782,0.040283
0.0074768,0.0071716,0.040283
0.007782,0.007782,0.043945
0.0068665,0.0064087,0.041504
0.0065613,0.0067139,0.043945
0.0059509,0.0068665,0.041504
0.0048828,0.0050354,0.045166
0.0038147,0.0048828,0.045166
0.0028992,0.0041199,0.048828
0.0015259,0.0022888,0.05127
0.0022888,0.0016785,0.05127
-0.0010681,0.00076294,0.053711
0.0018311,-0.00061035,0.058594
0.0039673,-0.0042725,0.058594
0.0059509,-0.0083923,0.058594
0.0073242,-0.01358,0.063477
0.0083923,-0.015869,0.059814
0.0086975,-0.018311,0.063477
0.0080872,-0.019379,0.061035
0.0083923,-0.018463,0.062256
0.0094604,-0.018005,0.058594
0.0088501,-0.017853,0.064697
0.0091553,-0.019379,0.076904
0.010071,-0.021362,0.065918
0.010376,-0.022583,0.067139
0.011444,-0.023499,0.065918
0.012054,-0.021667,0.042725
0.013123,-0.02121,0.062256
0.013885,-0.016632,0.059814
0.015717,-0.01709,0.058594
0.016022,-0.018158,0.057373
0.017548,-0.020447,0.054932
0.018463,-0.021362,0.050049
0.019531,-0.019836,0.050049
0.023499,-0.020599,0.047607
0.026703,-0.019836,0.046387
0.03006,-0.021057,0.048828
0.032806,-0.021973,0.047607
0.034637,-0.02243,0.047607
0.035706,-0.020447,0.046387
0.032806,-0.019989,0.042725
0.032043,-0.016937,0.045166
0.029144,-0.015717,0.040283
0.025635,-0.015564,0.040283
0.02243,-0.016479,0.0354
0.019226,-0.018768,0.043945
0.017548,-0.019684,0.037842
0.015411,-0.018005,0.039063
0.014801,-0.017853,0.026855
0.015717,-0.013733,0.041504
0.014191,-0.0088501,0.037842
0.014801,-0.005188,0.042725
0.014801,-0.0027466,0.037842
0.014191,-0.00091553,0.048828
0.01358,-0.0021362,0.039063
0.01358,-0.00015259,0.046387
0.012817,0.002594,0.050049
0.011139,-0.00030518,0.047607
0.010071,-0.00091553,0.064697
0.010071,-0.0024414,0.054932
0.0099182,-0.0036621,2.6233
0.010834,-0.0027466,4.7864
0.011444,-0.0019836,4.9109
0.012054,0.00076294,4.9316
0.013275,0.0047302,4.9268
0.014954,0.0050354,4.9255
0.017853,0.0082397,4.9304
0.019989,0.0086975,4.9304
0.023499,0.0088501,4.9329
0.024872,0.013885,4.9304
0.025787,0.01297,4.9353
0.027161,0.016022,4.9329
0.026245,0.016632,4.9402
0.024414,0.015869,4.9377
0.020752,0.014496,4.9365
0.020905,0.012817,4.9292
0.018158,0.013123,4.9365
0.017853,0.013733,4.939
0.017242,0.016022,4.928
0.016632,0.016327,4.9316
0.016022,0.014038,4.9255
0.016174,0.010834,4.9109
0.015869,0.0091553,4.9207
0.018158,0.0099182,4.9194
0.019989,0.01236,4.9194
0.018768,0.016937,4.917
0.017395,0.02121,4.9133
0.016022,0.024872,4.9182
0.015106,0.027466,4.9109
0.014801,0.028839,4.9133
0.016327,0.027771,4.9109
0.018311,0.029449,4.9133
0.019836,0.028076,4.9109
0.021057,0.028381,4.9146
0.02182,0.028076,4.9182
0.021973,0.028839,4.9121
0.022583,0.02533,4.9011
0.02182,0.022736,4.9109
0.02243,0.018768,4.8975
0.019836,0.014648,4.9097
0.01709,0.011597,4.9036
0.014038,0.0088501,4.9133
0.011139,0.0064087,4.9121
0.010071,0.0038147,4.9158
0.0099182,0.0010681,4.917
0.011139,-0.00076294,4.9158
0.011292,-0.0016785,4.9255
0.012054,-0.0013733,4.9231
0.013275,0.00061035,4.9292
0.014954,0.0035095,4.9304
0.01709,0.005188,4.9316
0.019226,0.0057983,4.9304
0.021362,0.0073242,4.9316
0.023499,0.0079346,4.9365
0.025177,0.011139,4.9341
0.027771,0.015564,4.9438
0.029602,0.018921,4.9329
0.032349,0.02121,4.9207
0.030975,0.019379,4.9377
0.032501,0.018616,4.9329
0.030365,0.016785,4.9316
0.029297,0.015869,4.9365
0.030823,0.014954,4.9329
0.032501,0.013733,4.9365
0.034027,0.014191,4.9304
0.036011,0.013275,4.9329
0.034332,0.013885,4.9255
0.032501,0.01358,4.928
0.028229,0.013885,4.9243
0.028839,0.01358,4.9194
0.027008,0.013123,4.928
0.026398,0.01358,4.9219
0.024567,0.012665,0.047607
0.023346,0.011902,0.047607
0.021515,0.010529,0.036621
0.018463,0.0080872,0.045166
0.016785,0.0073242,0.041504
0.016022,0.0064087,0.039063
0.014496,0.0059509,0.043945
0.012817,0.0065613,0.037842
0.010071,0.0035095,0.040283
0.0083923,0.00045776,0.039063
0.0048828,-0.0048828,0.041504
0.0021362,-0.0071716,0.036621
0.0027466,-0.0091553,0.041504
0.0047302,-0.0093079,0.041504
0.007019,-0.0082397,0.042725
0.010223,-0.0074768,0.039063
0.012512,-0.0076294,0.041504
0.012665,-0.0082397,0.050049
0.011292,-0.0068665,0.042725
0.013123,-0.0057983,0.056152
0.014191,-0.0022888,0.046387
0.016479,0.0021362,0.036621
0.018921,0.0048828,0.050049
0.020905,0.0067139,0.05127
0.021973,0.0071716,0.057373
0.022583,0.0079346,0.056152
0.022888,0.0097656,0.057373
0.025177,0.010986,0.059814
0.026703,0.012054,0.059814
0.027618,0.01236,0.058594
0.026093,0.010681,0.058594
0.024414,0.0065613,0.062256
0.020752,0.0036621,0.062256
0.017548,-0.0015259,0.063477
0.014343,-0.0048828,0.075684
0.011749,-0.0076294,0.064697
0.010529,-0.0079346,0.065918
0.0094604,-0.0061035,0.067139
0.0094604,-0.0056458,0.072021
0.009613,-0.0054932,0.061035
0.007782,-0.0059509,0.062256
0.010681,-0.0054932,0.062256
0.011749,-0.0050354,0.058594
0.013275,-0.0021362,0.053711
0.013275,-0.00015259,0.054932
0.013275,0.0015259,0.048828
0.012207,0.0021362,0.053711
0.0099182,0.0019836,0.045166
0.0099182,0.00015259,0.048828
0.010376,0.0015259,0.05127
0.010834,0.0010681,0.046387
0.011749,0.0021362,0.043945
0.011749,0.004425,0.042725
0.013428,0.0048828,0.05249
0.014648,0.0045776,0.043945
0.013123,0.0022888,0.057373
0.019684,-0.00045776,0.039063
0.023346,-0.0036621,0.030518
0.024567,-0.0045776,0.041504
0.024872,-0.0033569,0.039063
0.020599,-0.0015259,0.037842
0.021667,-0.00045776,0.040283
0.018768,-0.00015259,0.036621
0.01709,-0.00061035,0.040283
0.016785,-0.00015259,0.037842
0.017242,0.0041199,0.043945
0.017853,0.0088501,0.040283
0.018616,0.010681,0.047607
0.020142,0.015717,0.05127
0.020294,0.012207,0.048828
0.022888,0.0061035,0.053711
0.02243,0.0035095,0.058594
0.022583,0.0035095,0.05249
0.021515,0.0067139,0.056152
0.017242,0.010529,0.058594
0.015106,0.0099182,0.061035
0.012054,0.0068665,0.053711
0.01297,-0.00015259,0.058594
0.011292,-0.0053406,1.3159
0.014038,-0.0073242,4.7192
0.016785,-0.0064087,4.9133
0.019226,-0.0047302,4.9255
0.017395,-0.0035095,4.9329
0.022278,-0.0033569,4.9316
0.023651,-0.0086975,4.9341
0.025482,-0.007019,4.9304
0.027008,-0.0062561,4.9365
0.027313,-0.0050354,4.9146
0.027771,-0.0019836,4.9353
0.027313,0,4.9463
0.02655,-0.00030518,4.9304
0.028534,-0.0021362,4.928
0.029755,-0.0035095,4.928
0.031128,-0.0054932,4.8975
0.032654,-0.0050354,4.9194
0.034637,-0.0045776,4.9194
0.034485,-0.005188,4.9194
0.034485,-0.0042725,4.917
0.03479,-0.0038147,4.9158
0.034485,-0.0041199,4.9158
0.036469,-0.0035095,4.9146
0.035553,-0.0022888,4.9146
0.036011,-0.00091553,4.906
0.034943,0.0016785,4.9133
0.032501,0.0035095,4.9133
0.029297,0.0030518,4.9133
0.025635,0.0015259,4.9097
0.023346,-0.005188,4.9121
0.020599,-0.0062561,4.9146
0.019226,-0.0085449,4.9109
0.020752,-0.0086975,4.9146
0.019531,-0.0054932,4.9048
0.02121,-0.00091553,4.9023
0.02182,0.0015259,4.9109
0.023193,-0.00045776,4.9158
0.025482,-0.0036621,4.9121
0.026855,-0.0048828,4.9158
0.028076,-0.0038147,4.9146
0.026245,-0.00061035,4.9194
0.023193,0.0033569,4.9146
0.021057,0.007019,4.9304
0.018311,0.0091553,4.9243
0.017548,0.007019,4.9329
0.017395,0.0048828,4.9292
0.018616,0.0028992,4.9365
0.020599,0.0013733,4.9304
0.023956,0.00045776,4.9353
0.020599,-0.0038147,4.9353
0.019379,-0.0065613,4.9316
0.018921,-0.009613,4.9182
0.017548,-0.011292,4.9316
0.016174,-0.010376,4.9316
0.013733,-0.0086975,4.9329
0.010681,-0.0076294,4.9341
0.007782,-0.0059509,4.9353
0.0067139,-0.0073242,4.9316
0.0050354,-0.0088501,4.9329
0.0094604,-0.0061035,4.9341
0.013275,-0.010681,4.9255
0.016479,-0.010223,4.9304
0.019073,-0.0068665,4.928
0.019836,-0.0022888,4.928
0.02243,0.00015259,4.9255
0.023499,0.0021362,4.9231
0.023804,0.0033569,4.928
0.02533,0.0030518,4.9194
0.025024,0.0012207,4.9329
0.02594,0.0036621,4.917
0.025024,0.0038147,4.9146
0.023041,0.0085449,4.9109
0.02243,0.007782,4.9121
0.022583,0.0065613,0.039063
0.023193,0.0035095,0.040283
0.024719,-0.0024414,0.03418
0.027771,-0.0068665,0.042725
0.030365,-0.01358,0.037842
0.031281,-0.0088501,0.041504
0.030823,-0.0091553,0.037842
0.030823,-0.010376,0.043945
0.03067,-0.010376,0.040283
0.031586,-0.014496,0.043945
0.030365,-0.015564,0.056152
0.028839,-0.014954,0.041504
0.025787,-0.011444,0.047607
0.022583,-0.0086975,0.046387
0.019989,-0.0054932,0.032959
0.020447,-0.0056458,0.050049
0.02243,-0.0071716,0.05249
0.026703,-0.0094604,0.053711
0.029144,-0.013275,0.057373
0.031738,-0.012207,0.056152
0.032806,-0.011139,0.061035
0.032654,-0.011292,0.061035
0.032654,-0.0093079,0.062256
0.033264,-0.0080872,0.058594
0.033264,-0.007019,0.062256
0.032806,-0.0042725,0.062256
0.032806,-0.00061035,0.063477
0.032654,0.0010681,0.06958
0.032501,0.0010681,0.063477
0.031128,-0.00015259,0.065918
0.031586,-0.0010681,0.064697
0.032349,-0.0022888,0.085449
0.034027,-0.0027466,0.064697
0.036011,-0.0022888,0.05249
0.037231,-0.00076294,0.065918
0.038147,0.0010681,0.061035
0.037994,0.0027466,0.053711
0.037689,0.0042725,0.057373
0.035858,0.005188,0.058594
0.033417,0.0041199,0.05249
0.030823,0.0039673,0.048828
0.027924,0.0032043,0.05249
0.022583,0.0038147,0.045166
0.018616,0.0022888,0.050049
0.014954,-0.00030518,0.045166
0.01297,-0.0041199,0.042725
0.011749,-0.0080872,0.047607
0.011139,-0.012817,0.046387
0.0082397,-0.014954,0.036621
0.007782,-0.014954,0.040283
0.0047302,-0.012512,0.029297
0.0032043,-0.011597,0.039063
0.0021362,-0.010529,0.037842
0.0028992,-0.011749,0.0354
0.0042725,-0.013428,0.040283
0.0041199,-0.013275,0.039063
0.0047302,-0.01236,0.037842
0.0041199,-0.010071,0.037842
0.0047302,-0.0080872,0.043945
0.0048828,-0.0056458,0.036621
0.0071716,-0.004425,0.041504
0.010071,-0.0013733,0.046387
0.011902,-0.0016785,0.050049
0.013885,-0.00091553,0.046387
0.013885,-0.00045776,0.054932
0.012512,0.00015259,0.058594
0.01236,0.0013733,0.056152
0.01297,0.0039673,0.06958
0.015411,0.0047302,0.065918
0.018005,0.0050354,0.041504
0.019989,0.0039673,0.057373
0.020599,0.0027466,0.065918
0.019226,0.0019836,0.059814
0.016022,0.0022888,0.061035
0.014191,0.0019836,0.058594
0.015259,0.0032043,0.064697
0.014038,0.0015259,0.062256
0.019684,-0.00045776,2.1167
0.019836,-0.0019836,4.7632
0.018768,-0.00030518,4.9231
0.016785,0.0016785,4.9292
0.014801,0.0024414,4.9329
0.014648,0.004425,4.9426
0.015411,0.004425,4.9316
0.014954,0.0028992,4.9268
0.012665,0.0022888,4.9048
0.0093079,0.0012207,4.9243
0.0050354,0.0012207,4.9231
0.00061035,0.00045776,4.9194
-0.00045776,-0.0010681,4.917
0.00045776,-0.00061035,4.9158
0.0035095,-0.0032043,4.9048
0.0038147,-0.0045776,4.9133
0.0032043,-0.004425,4.9133
0.0016785,-0.004425,4.9121
0.00030518,-0.0042725,4.9072
0.00015259,-0.0045776,4.9146
0.0035095,-0.0042725,4.9109
0.0061035,-0.0036621,4.9158
0.0090027,-0.005188,4.9084
0.009613,-0.007019,4.9109
0.010223,-0.0086975,4.9207
0.011597,-0.0090027,4.9109
0.011444,-0.010223,4.9231
0.013733,-0.0082397,4.9084
0.016632,-0.0047302,4.9011
0.018311,-0.004425,4.9109
0.018463,-0.0035095,4.9097
0.016479,-0.0045776,4.9109
0.015411,-0.0054932,4.9146
0.014801,-0.0068665,4.9133
0.015869,-0.0068665,4.917
0.019379,-0.0038147,4.9194
0.020905,-0.0027466,4.9329
0.024414,-0.0024414,4.9231
0.025787,-0.0036621,4.9292
0.023956,-0.0027466,4.9304
0.022583,-0.0019836,4.9304
0.020599,-0.0019836,4.9365
0.021973,0,4.9329
0.022125,-0.0018311,4.9292
0.022278,-0.00030518,4.9316
0.021057,-0.002594,4.9402
0.019684,-0.0041199,4.9316
0.019989,-0.0050354,4.9304
0.020905,-0.0027466,4.9316
0.024109,0,4.9365
0.027161,0.0024414,4.9341
0.029144,0.0022888,4.939
0.031586,0.0015259,4.9329
0.032501,0.00045776,4.9341
0.029602,0.0013733,4.9292
0.028839,0.0024414,4.9304
0.029449,0.0038147,4.9243
0.031586,0.004425,4.9304
0.036621,0.0033569,4.9231
0.035248,0.0018311,4.9268
0.035706,0.0028992,4.9316
0.034637,0.0012207,4.9182
0.033112,0.0035095,4.9207
0.032043,0.0071716,4.9207
0.032806,0.0091553,4.8975
0.034027,0.0074768,4.9133
0.035553,0.0041199,4.9133
0.035095,0.00091553,4.9133
0.034485,0.00030518,4.9109
0.033569,0.0010681,4.906
0.032501,0.0032043,4.9109
0.032501,0.0045776,4.9084
0.033264,0.0050354,4.9084
0.034027,0.0041199,4.9048
0.034332,0.004425,0.042725
0.032806,0.0056458,0.040283
0.029907,0.010681,0.039063
0.026703,0.014038,0.045166
0.024261,0.014343,0.042725
0.023804,0.01358,0.040283
0.024719,0.012207,0.047607
0.02655,0.011902,0.047607
0.026703,0.013885,0.050049
0.02655,0.015564,0.042725
0.024109,0.017395,0.054932
0.022278,0.016785,0.056152
0.020447,0.014648,0.054932
0.019684,0.010834,0.059814
0.017853,0.0076294,0.058594
0.016479,0.005188,0.058594
0.014038,0.0042725,0.059814
0.011597,0.0039673,0.062256
0.0099182,0.0036621,0.059814
0.010376,0.0028992,0.062256
0.011902,0.0030518,0.061035
0.015411,0.0030518,0.064697
0.018311,0.0045776,0.074463
0.02121,0.0053406,0.064697
0.021973,0.0071716,0.072021
0.020905,0.0067139,0.061035
0.020142,0.0039673,0.05127
0.019684,0.0028992,0.064697
0.021515,0.002594,0.057373
0.022888,0.0030518,0.057373
0.023499,0.0042725,0.061035
0.02243,0.0048828,0.053711
0.020599,0.0053406,0.053711
0.019226,0.0047302,0.047607
0.018768,0.0032043,0.05249
0.018768,0.0030518,0.042725
0.018921,0.0018311,0.042725
0.018005,0.00091553,0.048828
0.01709,-0.00015259,0.047607
0.014496,-0.0024414,0.040283
0.013275,-0.0016785,0.043945
0.01236,-0.0012207,0.040283
0.013885,-0.00091553,0.039063
0.015564,0.00045776,0.042725
0.016174,0.00076294,0.039063
0.017395,0.00091553,0.037842
0.020294,0.00015259,0.03418
0.020142,-0.00045776,0.045166
0.020294,-0.00061035,0.039063
0.019989,-0.00061035,0.039063
0.020294,-0.00030518,0.037842
0.019379,-0.00091553,0.041504
0.020752,-0.0019836,0.040283
0.02121,-0.0027466,0.043945
0.02121,-0.0019836,0.042725
0.023041,-0.00015259,0.050049
0.023651,0.00076294,0.048828
0.025635,0.0013733,0.056152
0.028229,0.00061035,0.068359
0.027924,-0.0019836,0.056152
0.028381,-0.0028992,0.061035
0.025635,-0.002594,0.061035
0.02533,-0.00015259,0.046387
0.022583,0.0013733,0.059814
0.021667,0.002594,0.062256
0.022278,0.0013733,0.061035
0.022736,-0.00091553,0.061035
0.023346,-0.0021362,0.056152
0.023041,-0.0018311,0.063477
0.024414,0,0.058594
0.024109,0.0033569,0.065918
0.024567,0.0056458,0.062256
0.025482,0.0071716,0.064697
0.025177,0.004425,0.064697
0.023499,0.0036621,0.068359
0.019989,0.00076294,0.068359
0.014801,-0.0016785,0.061035
0.012665,-0.0019836,4.6045
0.0090027,-0.00015259,4.9036
0.0067139,0.0024414,4.9255
0.0065613,0.0042725,4.9231
0.0073242,0.0033569,4.9146
0.0086975,0.0013733,4.917
0.010376,-0.0073242,4.9182
0.011902,-0.0028992,4.9133
0.013733,-0.00076294,4.9194
0.016327,0.00061035,4.9146
0.019073,0.0027466,4.9146
0.019379,0.0039673,4.9121
0.019226,0.0022888,4.9158
0.019226,-0.00045776,4.9097
0.017242,-0.0042725,4.9121
0.018921,-0.0053406,4.9109
0.018616,-0.002594,4.9109
0.02121,0.00045776,4.9158
0.02243,0.0028992,4.9109
0.022736,0.0032043,4.9121
0.023956,0.0028992,4.9097
0.024567,0.00015259,4.9011
0.025787,0.00045776,4.9121
0.028076,0.0010681,4.9109
0.029144,0.0038147,4.9109
0.031281,0.0059509,4.9146
0.032043,0.0065613,4.9158
0.031586,0.005188,4.9194
0.030823,0.0039673,4.9182
0.030365,0.0035095,4.9255
0.029297,0.0042725,4.9255
0.028687,0.0056458,4.9304
0.028076,0.0080872,4.9304
0.027924,0.0082397,4.9292
0.026398,0.0065613,4.928
0.026703,0.0068665,4.9329
0.027008,0.0062561,4.9353
0.025177,0.0061035,4.9341
0.023499,0.0062561,4.939
0.022278,0.0068665,4.9353
0.022125,0.0071716,4.9146
0.022888,0.0059509,4.9329
0.022888,0.0042725,4.939
0.022125,0.00091553,4.9341
0.021515,0.00076294,4.9365
0.021362,0.0016785,4.9316
0.021973,0.0033569,4.9353
0.020447,0.0045776,4.9329
0.019531,0.0065613,4.9329
0.018768,0.0057983,4.9231
0.018463,0.0045776,4.928
0.0177,0.0036621,4.9243
0.016785,0.0041199,4.9243
0.017395,0.0056458,4.9304
0.0177,0.0057983,4.9194
0.016937,0.005188,4.9219
0.0177,0.0039673,4.9207
0.016785,0.0021362,4.906
0.016632,0.00076294,4.9109
0.017395,0.0016785,4.9146
0.018158,0.0033569,4.9121
0.018921,0.005188,4.9121
0.0177,0.0059509,4.9097
0.019379,0.0056458,4.9109
0.019989,0.0045776,4.9084
0.020599,0.0024414,4.9048
0.021667,0.0035095,4.9048
0.021973,0.0038147,4.9158
0.021973,0.0048828,4.9109
0.021667,0.0036621,4.9146
0.020905,0.0013733,4.9121
0.019836,-0.0010681,4.9133
0.019226,-0.005188,4.9207
0.018005,-0.0086975,0.046387
0.016632,-0.0099182,0.058594
0.019531,-0.010986,0.047607
0.020599,-0.010681,0.032959
0.021057,-0.010223,0.054932
0.022125,-0.0088501,0.053711
0.022278,-0.0094604,0.056152
0.021362,-0.0094604,0.061035
0.020447,-0.0079346,0.059814
0.019226,-0.0061035,0.062256
0.021515,-0.0019836,0.061035
0.02121,0.0010681,0.063477
0.024414,0.0018311,0.054932
0.028076,0.0012207,0.063477
0.032959,-0.0013733,0.057373
0.032806,-0.0032043,0.063477
0.041656,-0.0035095,0.070801
0.043488,-0.0032043,0.067139
0.044556,-0.00091553,0.065918
0.04303,-0.0022888,0.063477
0.040131,-0.002594,0.06958
0.037384,-0.0036621,0.062256
0.034943,-0.0050354,0.061035
0.032349,-0.0057983,0.057373
0.031586,-0.0047302,0.058594
0.030212,-0.0045776,0.053711
0.031891,-0.0048828,0.054932
0.031891,-0.0067139,0.046387
0.032501,-0.0086975,0.05249
0.032501,-0.011902,0.046387
0.029449,-0.012512,0.046387
0.030518,-0.010681,0.050049
0.027466,-0.0038147,0.048828
0.023499,-0.0027466,0.041504
0.023193,-0.00061035,0.042725
0.022583,0.00045776,0.057373
0.022125,0.0013733,0.037842
0.023346,0.007019,0.05249
0.021667,0.0027466,0.040283
0.026703,0.0039673,0.028076
0.030518,0.0059509,0.037842
0.032196,0.0042725,0.040283
0.032959,0.0021362,0.039063
0.031738,0,0.041504
0.030518,-0.0022888,0.0354
0.026398,-0.00076294,0.041504
0.025482,-0.00076294,0.039063
0.023956,0.0018311,0.041504
0.022583,0.00091553,0.042725
0.02182,0.00015259,0.050049
0.021667,-0.0012207,0.046387
0.021515,-0.0027466,0.05127
0.02243,0.00030518,0.063477
0.023193,-0.0018311,0.053711
0.02533,-0.0016785,0.057373
0.025787,-0.0024414,0.062256
0.026398,-0.0038147,0.062256
0.02533,-0.0047302,0.061035
0.023804,-0.0053406,0.068359
0.021362,-0.0035095,0.058594
0.020294,-0.0022888,0.061035
0.020447,0.00015259,0.059814
0.022125,0.0012207,0.062256
0.023651,0.0022888,0.062256
0.024261,0.00061035,0.063477
0.024261,-0.00045776,0.062256
0.024414,-0.0028992,0.06958
0.024414,-0.004425,0.065918
0.024567,-0.0032043,0.067139
0.024719,-0.0035095,0.065918
0.023346,-0.0041199,0.063477
0.021973,-0.0045776,0.06958
0.020599,-0.0057983,0.058594
0.019684,-0.0073242,0.061035
0.019836,-0.0071716,0.053711
0.020294,-0.0085449,0.040283
0.023346,-0.0091553,0.050049
0.026093,-0.009613,2.1448
0.023041,-0.011749,4.7412
0.021057,-0.013733,4.9072
0.021667,-0.014801,4.9097
0.022583,-0.015411,4.9121
0.024567,-0.012817,4.9072
0.026093,-0.013275,4.9158
0.027313,-0.010986,4.9084
0.026245,-0.0090027,4.9133
0.026398,-0.0071716,4.9121
0.027313,-0.0064087,4.9121
0.028992,-0.0057983,4.906
0.031586,-0.004425,4.9158
0.032959,-0.004425,4.9097
0.03479,-0.0032043,4.9084
0.035553,-0.0030518,4.9133
0.03479,-0.0027466,4.9097
0.033569,-0.0024414,4.9011
0.033112,-0.0047302,4.9121
0.031433,-0.0065613,4.9084
0.03006,-0.0086975,4.9146
0.027771,-0.0091553,4.9158
0.02594,-0.0082397,4.9207
0.02533,-0.0076294,4.9255
0.023804,-0.0073242,4.9231
0.024261,-0.007019,4.928
0.024567,-0.0061035,4.9255
0.025024,-0.004425,4.9329
0.024872,-0.0035095,4.9292
0.023346,-0.0024414,4.9316
0.020447,-0.0018311,4.9426
0.017853,-0.0013733,4.9329
0.015564,-0.0012207,4.9316
0.013123,-0.00076294,4.9365
0.014191,0.00091553,4.9231
0.013733,0.0021362,4.9304
0.01236,0.0028992,4.9329
0.011139,0.0013733,4.9329
0.0097656,-0.00015259,4.9365
0.0086975,-0.0019836,4.9316
0.0083923,-0.004425,4.9402
0.0083923,-0.0067139,4.9329
0.0082397,-0.0080872,4.9316
0.0082397,-0.0082397,4.928
0.007782,-0.0085449,4.9182
0.0067139,-0.0091553,4.9255
0.0059509,-0.0097656,4.9268
0.0056458,-0.010986,4.9231
0.005188,-0.010376,4.9231
0.0074768,-0.010376,4.9268
0.0086975,-0.0053406,4.9194
0.011444,-0.0024414,4.928
0.01236,-0.0010681,4.9158
0.014191,-0.0018311,4.9048
0.015869,-0.0019836,4.9084
0.017853,-0.0012207,4.9109
0.018768,0.00061035,4.9097
0.019531,0.0024414,4.9121
0.020294,0.0056458,4.9084
0.018616,0.0076294,4.9097
0.019379,0.0086975,4.906
0.018921,0.0079346,4.9133
0.019073,0.0074768,4.9097
0.020905,0.0080872,4.9133
0.023193,0.007782,4.9109
0.023804,0.007019,4.9109
0.024261,0.0045776,4.9231
0.023041,0.0054932,4.9133
0.02243,0.0042725,4.9207
0.021515,0.005188,4.9182
0.020142,0.0064087,4.9146
0.019531,0.0083923,4.9243
0.018921,0.0086975,4.9231
0.017853,0.0091553,0.05249
0.01709,0.0080872,0.058594
0.015411,0.0074768,0.057373
0.015106,0.0083923,0.061035
0.015259,0.0090027,0.061035
0.015717,0.0088501,0.070801
0.016785,0.0091553,0.059814
0.018616,0.007782,0.062256
0.020294,0.0080872,0.062256
0.02121,0.0080872,0.063477
0.021057,0.010834,0.063477
0.018921,0.01358,0.064697
0.018005,0.013733,0.068359
0.015564,0.011444,0.065918
0.010986,0.0097656,0.073242
0.011902,0.0056458,0.068359
0.010071,0.0036621,0.053711
0.0099182,0.0022888,0.063477
0.010834,0.0013733,0.058594
0.01236,0.00076294,0.058594
0.013275,-0.00015259,0.056152
0.014648,-0.00076294,0.050049
0.015869,-0.0013733,0.054932
0.017853,-0.00030518,0.047607
0.018311,0.0016785,0.05127
0.019073,0.0024414,0.043945
0.018311,0.0035095,0.050049
0.018311,0.0035095,0.045166
0.017853,0.0041199,0.046387
0.01709,0.0042725,0.05249
0.019073,0.00061035,0.042725
0.019836,0.0064087,0.042725
0.021973,0.0059509,0.042725
0.023956,0.004425,0.024414
0.024567,0.002594,0.036621
0.025787,0.0018311,0.039063
0.02594,0.002594,0.039063
0.027161,0.00030518,0.037842
0.027771,0.00030518,0.037842
0.028381,-0.00045776,0.041504
0.028839,0.00030518,0.036621
0.028687,0.00076294,0.041504
0.028687,0.0032043,0.040283
0.028839,0.0012207,0.05127
0.028534,0.0021362,0.046387
0.028839,0.0016785,0.047607
0.029602,0,0.05249
0.030365,-0.0010681,0.054932
0.031891,-0.0016785,0.056152
0.032349,-0.0028992,0.054932
0.032654,-0.0013733,0.074463
0.033417,0.0015259,0.058594
0.037537,0.0032043,0.05249
0.034485,-0.0016785,0.061035
0.0354,0.0016785,0.059814
0.036316,-0.0013733,0.059814
0.035095,-0.0035095,0.057373
0.032349,-0.0018311,0.062256
0.032806,0.00061035,0.063477
0.031433,0.0039673,0.062256
0.029907,0.005188,0.065918
0.029144,0.0042725,0.063477
0.027313,0.0021362,0.068359
0.027161,0.0012207,0.064697
0.027008,0.00076294,0.065918
0.027161,0.0010681,0.06958
0.027313,0.0022888,0.061035
0.027008,0.0030518,0.057373
0.02655,0.00030518,0.056152
0.026703,0.0035095,0.05127
0.027466,0.0027466,0.050049
0.027313,0.002594,0.048828
0.027618,0.00015259,0.045166
0.027313,0.0028992,0.048828
0.027313,0.0059509,0.045166
0.026398,0.0082397,0.043945
0.025482,0.009613,0.037842
0.026398,0.0086975,0.045166
0.023956,0.010223,4.3457
0.022125,0.0090027,4.8743
0.021667,0.0076294,4.9072
0.020752,0.0074768,4.9109
0.019989,0.0083923,4.9084
0.019379,0.0071716,4.9133
0.019073,0.010223,4.9207
0.019226,0.010071,4.9097
0.019073,0.0097656,4.9194
0.016632,0.0073242,4.9109
0.019073,0.0057983,4.8975
0.019073,0.0042725,4.9109
0.019073,0.0019836,4.9048
0.018463,0,4.9146
0.018158,-0.0018311,4.9121
0.017242,-0.0053406,4.9133
0.016785,-0.0030518,4.9219
0.016632,-0.0013733,4.9231
0.018311,0.00030518,4.9292
0.019226,0.0016785,4.9231
0.020142,0.0038147,4.928
0.021515,0.00076294,4.9304
0.022736,0.0016785,4.9329
0.023804,0.0027466,4.9414
0.026703,0.0042725,4.9316
0.029755,0.0059509,4.9292
0.032806,0.0071716,4.9341
0.034332,0.0085449,4.9377
0.035248,0.0090027,4.9304
0.034027,0.0074768,4.917
0.031891,0.0057983,4.9329
0.029602,0.0050354,4.9341
0.027466,0.0028992,4.9341
0.024872,0.0012207,4.9377
0.023651,0,4.9353
0.022278,-0.0035095,4.9329
0.023346,-0.005188,4.928
0.019379,-0.0085449,4.9316
0.017853,-0.007019,4.9255
0.018463,-0.012054,4.928
0.019379,-0.011597,4.9243
0.02121,-0.0099182,4.9255
0.023346,-0.0085449,4.9329
0.023804,-0.010071,4.9207
0.024414,-0.0076294,4.9243
0.024872,-0.0064087,4.9158
0.024414,-0.0050354,4.9036
0.024719,-0.0018311,4.9158
0.026855,0.0015259,4.9109
0.028992,0.0047302,4.9109
0.030975,0.0071716,4.9084
0.033264,0.007782,4.9072
0.034332,0.007782,4.9146
0.036011,0.0080872,4.906
0.037842,0.0074768,4.9097
0.040283,0.007019,4.906
0.040283,0.0061035,4.9133
0.03891,0.0048828,4.9109
0.036469,0.0036621,4.9048
0.033417,0.00015259,4.9133
0.028687,-0.0012207,4.9109
0.024872,-0.0030518,4.9146
0.022125,-0.0036621,4.9133
0.021515,-0.0038147,4.9182
0.02182,-0.0028992,4.9243
0.022736,-0.0012207,4.9268
0.024109,0.00061035,4.9194
0.024109,-0.00045776,4.9268
0.023956,0.0013733,4.9255
0.024261,0.0015259,4.928
0.023346,0.0024414,4.9255
0.02182,0.0016785,4.9377
0.019684,0.002594,0.05127
0.017548,0.00076294,0.062256
0.01297,-0.0010681,0.061035
0.0097656,-0.0027466,0.064697
0.0076294,-0.0035095,0.059814
0.0073242,-0.0030518,0.065918
0.0097656,-0.00091553,0.076904
0.011902,-0.00045776,0.065918
0.012054,-0.00015259,0.070801
0.014343,-0.0032043,0.068359
0.015869,-0.0059509,0.046387
0.017853,-0.0082397,0.062256
0.021057,-0.0085449,0.062256
0.023193,-0.0061035,0.056152
0.024567,-0.0022888,0.056152
0.024872,-0.00076294,0.05127
0.023804,0.0010681,0.053711
0.022125,0.00015259,0.046387
0.020905,-0.00030518,0.05127
0.021515,-0.0010681,0.042725
0.02243,0.00015259,0.05127
0.023499,0.00015259,0.045166
0.023956,0.00015259,0.046387
0.022583,-0.00076294,0.048828
0.023956,-0.0021362,0.042725
0.020447,-0.002594,0.045166
0.018921,-0.0024414,0.042725
0.018616,-0.0021362,0.0354
0.0177,-0.00030518,0.037842
0.018311,0.0016785,0.018311
0.018463,-0.0019836,0.037842
0.018158,0.0047302,0.037842
0.017395,0.0064087,0.036621
0.01709,0.0067139,0.039063
0.017242,0.0057983,0.0354
0.017548,0.0033569,0.041504
0.017548,0.0013733,0.039063
0.016937,-0.0035095,0.05249
0.016479,-0.0062561,0.041504
0.015259,-0.0067139,0.050049
0.015411,-0.0050354,0.05127
0.015106,0.0010681,0.054932
0.017548,0.0056458,0.061035
0.019989,0.0085449,0.057373
0.02182,0.009613,0.067139
0.024261,0.0076294,0.054932
0.024109,0.0062561,0.05127
0.024567,0.0045776,0.062256
0.025024,0.0039673,0.059814
0.025482,0.0038147,0.061035
0.02533,0.0047302,0.064697
0.023651,0.0041199,0.061035
0.02182,0.0088501,0.061035
0.019531,0.0047302,0.061035
0.014801,0.0047302,0.067139
0.010071,0.0048828,0.062256
0.0093079,0.0041199,0.06958
0.0088501,0.0038147,0.064697
0.010376,0.0042725,0.067139
0.013123,0.0048828,0.067139
0.017853,0.0050354,0.064697
0.021515,0.0033569,0.063477
0.024261,0.0012207,0.058594
0.02655,-0.0013733,0.064697
0.028687,-0.0032043,0.05249
0.030212,-0.0015259,0.050049
0.028992,0.0012207,0.047607
0.03067,0.0035095,0.048828
0.026855,0.0054932,0.043945
0.024872,0.0041199,0.043945
0.021667,0.0024414,0.042725
0.024567,-0.00045776,0.045166
0.026855,0.00045776,0.039063
0.031738,0.0024414,0.041504
0.036316,0.0027466,0.040283
0.042114,0.0019836,0.040283
0.039825,-0.0013733,0.029297
0.038147,-0.010529,0.037842
0.037079,-0.0090027,3.3704
0.034943,-0.0093079,4.8132
0.033417,-0.0064087,4.9023
0.030823,-0.0019836,4.9084
0.028229,0.0010681,4.8901
0.026855,0.0021362,4.9109
0.025635,0.0010681,4.9097
0.02655,-0.00091553,4.9121
0.032196,-0.0012207,4.9121
0.038147,0,4.9194
0.043488,0.0028992,4.9194
0.045319,0.0042725,4.917
0.046539,0.0054932,4.9255
0.04364,0.0045776,4.9243
0.041351,0.0019836,4.9292
0.038452,-0.0012207,4.9292
0.034637,-0.0015259,4.9329
0.030365,0,4.9329
0.028229,0.0030518,4.9329
0.024719,0.0021362,4.9316
0.024109,0.004425,4.9207
0.023346,0.0021362,4.9438
0.028534,0.00030518,4.9316
0.031586,-0.00030518,4.9182
0.032654,0.00061035,4.9341
0.033264,0.002594,4.9341
0.031891,0.0042725,4.9353
0.028839,0.0053406,4.9377
0.025177,0.0013733,4.9353
0.021973,0.0032043,4.9341
0.020599,0.0024414,4.9268
0.019531,0.0035095,4.9341
0.019531,0.0068665,4.9243
0.019684,0.010529,4.9255
0.021362,0.012512,4.9231
0.023651,0.011292,4.9207
0.02533,0.0086975,4.9268
0.028534,0.007019,4.9219
0.030823,0.005188,4.917
0.032043,0.0038147,4.9182
0.030975,0.0039673,4.9084
0.029144,0.0041199,4.9158
0.026398,0.0053406,4.9133
0.024261,0.0054932,4.9121
0.02243,0.0048828,4.9109
0.022888,0.0035095,4.9109
0.023346,0.0019836,4.9097
0.024567,0.00091553,4.906
0.025635,0.00015259,4.9097
0.027313,0,4.9109
0.023193,-0.0012207,4.9121
0.021362,-0.0035095,4.9097
0.021515,-0.005188,4.9109
0.020752,-0.0057983,4.9048
0.019989,-0.0064087,4.9121
0.019836,-0.0053406,4.9194
0.018768,-0.0047302,4.9133
0.018158,-0.0027466,4.9255
0.019073,-0.0012207,4.9219
0.019989,0.0013733,4.906
0.022888,0.0024414,4.9219
0.027161,0.0036621,4.9243
0.029449,0.0038147,4.9243
0.029449,0.0033569,4.9255
0.027771,0.0016785,4.928
0.025482,-0.00030518,4.9329
0.025635,-0.0056458,4.9304
0.025635,-0.0093079,4.9329
0.026245,-0.010986,4.928
0.026398,-0.012207,4.9341
0.024261,-0.012054,4.9316
0.019684,-0.010681,4.9329
0.015717,-0.013428,0.067139
0.014954,-0.016632,0.068359
0.015869,-0.017395,0.061035
0.017242,-0.018311,0.065918
0.018616,-0.019073,0.06958
0.017853,-0.017548,0.063477
0.018311,-0.016937,0.058594
0.017853,-0.017548,0.061035
0.018768,-0.0177,0.058594
0.02182,-0.018158,0.05249
0.024109,-0.01358,0.053711
0.026855,-0.01297,0.048828
0.028839,-0.0071716,0.05127
0.031433,-0.0024414,0.045166
0.032043,0.0018311,0.048828
0.034332,0.0035095,0.046387
0.037689,0.0033569,0.048828
0.041351,0.0021362,0.042725
0.043488,0.0015259,0.043945
0.044861,0.0013733,0.05249
0.043488,0.0010681,0.042725
0.041504,-0.00030518,0.054932
0.037384,-0.00061035,0.041504
0.034332,0.00030518,0.031738
0.030975,-0.00015259,0.041504
0.028381,-0.00015259,0.039063
0.027313,-0.00061035,0.036621
0.026398,-0.0028992,0.041504
0.025787,-0.0045776,0.036621
0.023651,-0.0061035,0.040283
0.022278,-0.0064087,0.042725
0.021057,-0.0097656,0.045166
0.020599,-0.0061035,0.042725
0.019684,-0.0050354,0.045166
0.017853,-0.0057983,0.05127
0.014954,-0.0042725,0.056152
0.011902,-0.0016785,0.058594
0.0082397,0.0010681,0.057373
0.0065613,0.0033569,0.058594
0.007782,0.0048828,0.059814
0.011139,0.0064087,0.064697
0.013275,0.0062561,0.062256
0.014801,0.0054932,0.047607
0.014954,0.0041199,0.058594
0.015106,0.0010681,0.058594
0.015717,-0.00061035,0.061035
0.017242,-0.00061035,0.061035
0.018921,0.0018311,0.061035
0.018768,0.0024414,0.067139
0.017242,0.0039673,0.064697
0.014191,0.005188,0.068359
0.011597,0.0054932,0.064697
0.010529,0.0045776,0.065918
0.011749,0.0028992,0.059814
0.01358,0.0022888,0.054932
0.016022,0.0018311,0.06958
0.017548,0.0022888,0.057373
0.0177,0.0027466,0.058594
0.016022,0.0021362,0.05249
0.015106,0.0010681,0.03418
0.014038,0.0018311,0.048828
0.013885,0.0041199,0.047607
0.013123,0.0071716,0.047607
0.011597,0.0094604,0.045166
0.0090027,0.011749,0.041504
0.0062561,0.014343,0.040283
0.0048828,0.015259,0.040283
0.0061035,0.017242,0.042725
0.0086975,0.017548,0.037842
0.01236,0.016937,0.043945
0.014343,0.015869,0.043945
0.015411,0.013275,0.042725
0.014343,0.01236,0.041504
0.0082397,0.011139,0.040283
0.007782,0.0099182,0.037842
0.0053406,0.0091553,0.041504
0.0033569,0.0073242,0.037842
0.0045776,0.0099182,0.037842
0.0018311,0.0099182,2.0435
0.0012207,0.0083923,4.7437
0.00091553,0.0056458,4.8987
0.0032043,0.0016785,4.8987
0.0068665,0.00061035,4.9182
0.010376,0.0027466,4.9194
0.01358,0.0042725,4.9243
0.015106,0.011749,4.9255
0.014496,0.013428,4.9268
0.011139,0.01297,4.9304
0.0088501,0.012054,4.9329
0.005188,0.011139,4.9304
0.0042725,0.011292,4.9304
0.0067139,0.011902,4.9377
0.0088501,0.014954,4.9316
0.010681,0.014801,4.9365
0.010986,0.011139,4.9329
0.011749,0.0076294,4.9292
0.01236,0.0045776,4.9353
0.014954,0.0042725,4.9304
0.018311,0.0053406,4.9341
0.023041,0.0067139,4.9365
0.020905,0.007782,4.9353
0.018005,0.0065613,4.9329
0.017395,0.0064087,4.9292
0.016327,0.0059509,4.9329
0.017395,0.0083923,4.9219
0.021057,0.0091553,4.9255
0.025024,0.0088501,4.9231
0.028076,0.0097656,4.9255
0.028839,0.0090027,4.9158
0.027618,0.0091553,4.917
0.026093,0.0091553,4.928
0.02533,0.0088501,4.9146
0.025482,0.007782,4.9255
0.026093,0.0054932,4.9146
0.024261,0.0032043,4.906
0.02243,0.0016785,4.9084
0.020294,0.0015259,4.9146
0.016174,0.0028992,4.9121
0.013885,0.0035095,4.9109
0.012207,0.0042725,4.9072
0.01236,0.0019836,4.9121
0.010529,0.0010681,4.9072
0.015106,-0.00076294,4.9097
0.016937,-0.0028992,4.9084
0.018921,-0.0013733,4.9133
0.019989,0.0010681,4.9109
0.021973,0.0022888,4.9133
0.025635,0.0022888,4.9255
0.029907,0,4.9146
0.032959,-0.0022888,4.9158
0.034485,-0.0041199,4.9231
0.035706,-0.0036621,4.9084
0.035248,-0.0012207,4.9255
0.034485,0.0015259,4.9292
0.034637,0.0036621,4.9182
0.036316,0.0048828,4.9304
0.034943,0.0048828,4.9255
0.036163,0.005188,4.9341
0.034485,0.0039673,4.9329
0.032654,0.0074768,4.9353
0.032501,0.010681,4.9292
0.031891,0.011292,4.9316
0.033875,0.010986,4.9304
0.034637,0.0080872,4.9353
0.033875,0.0065613,4.9341
0.033112,0.0054932,4.9377
0.031128,0.0065613,4.9414
0.028687,0.0085449,4.9353
0.02594,0.0099182,4.95
0.023956,0.010071,4.9341
0.024109,0.009613,0.036621
0.022888,0.007019,0.059814
0.024261,0.0073242,0.058594
0.025482,0.0068665,0.05127
0.025787,0.0083923,0.054932
0.02594,0.0091553,0.05127
0.027771,0.0085449,0.05127
0.029755,0.0079346,0.046387
0.033264,0.0067139,0.05127
0.032654,0.0059509,0.043945
0.032501,0.0085449,0.048828
0.030212,0.0094604,0.043945
0.026398,0.011597,0.041504
0.022736,0.012054,0.045166
0.021667,0.009613,0.042725
0.021667,0.0076294,0.042725
0.022125,0.0030518,0.039063
0.023193,0.00015259,0.029297
0.023041,-0.0013733,0.039063
0.023041,-0.0024414,0.039063
0.02182,-0.0041199,0.037842
0.022278,-0.0048828,0.037842
0.023499,-0.0045776,0.037842
0.023041,-0.004425,0.041504
0.02533,-0.0019836,0.039063
0.025177,0.00045776,0.046387
0.026093,0.0015259,0.041504
0.02594,0.0019836,0.050049
0.028076,0.002594,0.05127
0.031281,0.0022888,0.054932
0.035706,0.00045776,0.048828
0.033112,-0.0018311,0.058594
0.033722,-0.0030518,0.05127
0.030823,-0.0047302,0.057373
0.027771,-0.0010681,0.072021
0.025024,0.0030518,0.064697
0.024109,0.0065613,0.046387
0.023651,0.0061035,0.057373
0.024719,0.005188,0.056152
0.021057,-0.00015259,0.058594
0.019989,-0.0057983,0.061035
0.019684,-0.010529,0.061035
0.02121,-0.014496,0.067139
0.023041,-0.015717,0.063477
0.024872,-0.017395,0.068359
0.023804,-0.020294,0.063477
0.022278,-0.022278,0.065918
0.02182,-0.022125,0.063477
0.021515,-0.017242,0.062256
0.023956,-0.0091553,0.072021
0.026398,-0.0012207,0.054932
0.028381,0.005188,0.054932
0.032501,0.0085449,0.05249
0.037079,0.0068665,0.042725
0.040131,0.0041199,0.047607
0.042725,0.0018311,0.046387
0.04425,0.0010681,0.05127
0.043793,0.00076294,0.046387
0.041809,0.00076294,0.042725
0.038605,0.00045776,0.045166
0.034485,-0.0024414,0.039063
0.031128,-0.0048828,0.042725
0.027313,-0.0062561,0.037842
0.023041,-0.0067139,0.041504
0.021973,-0.0045776,0.041504
0.020142,-0.0013733,0.041504
0.019073,-0.00076294,0.041504
0.018311,0.00015259,0.039063
0.019531,0.00015259,0.050049
0.021057,-0.00045776,0.040283
0.02182,0.00061035,0.053711
0.019989,0.0012207,0.037842
0.0177,-0.00015259,0.030518
0.015106,-0.0013733,0.042725
0.014496,-0.0032043,0.045166
0.015106,-0.0053406,0.042725
0.016479,-0.004425,0.046387
0.016479,-0.0042725,0.05127
0.015259,-0.0042725,0.66406
0.014343,-0.0030518,4.6765
0.013885,-0.0028992,4.9121
0.015411,-0.0015259,4.9219
0.018311,0.00015259,4.9304
0.019989,0.00045776,4.9329
0.02243,-0.00015259,4.9316
0.019226,-0.00045776,4.9353
0.015869,-0.0027466,4.9353
0.014496,-0.0019836,4.9316
0.013428,-0.00015259,4.928
0.013123,0.0027466,4.939
0.014801,0.0041199,4.9329
0.011292,0.0045776,4.9219
0.0099182,0.0030518,4.9341
0.0091553,0.00076294,4.9365
0.0094604,0.00015259,4.9341
0.010681,0.0010681,4.9341
0.011749,0.0022888,4.9353
0.012512,0.0024414,4.9304
0.011902,0.00045776,4.9292
0.010376,-0.0028992,4.9268
0.0094604,-0.0045776,4.9207
0.0085449,-0.0041199,4.9255
0.0080872,-0.0010681,4.9194
0.0079346,0.0038147,4.9207
0.0094604,0.0071716,4.9292
0.010834,0.0071716,4.9182
0.01358,0.0076294,4.917
0.017242,0.0056458,4.9255
0.021057,0.0057983,4.8975
0.023651,0.0067139,4.9084
0.027466,0.0094604,4.9109
0.027771,0.013428,4.9121
0.029602,0.012207,4.9121
0.030212,0.010834,4.9084
0.029297,0.0094604,4.9109
0.026703,0.0076294,4.9097
0.024719,0.0065613,4.9097
0.019989,0.005188,4.906
0.016174,0.0054932,4.9158
0.013885,0.0062561,4.9121
0.014343,0.0068665,4.9133
0.013885,0.0065613,4.9146
0.011749,0.0059509,4.9158
0.01297,0.0038147,4.9072
0.012054,0.0079346,4.9219
0.01358,0.009613,4.9255
0.013428,0.010223,4.9194
0.013733,0.010071,4.9194
0.012512,0.010223,4.9243
0.011902,0.0088501,4.9243
0.009613,0.0082397,4.9304
0.0088501,0.0082397,4.9304
0.0088501,0.0080872,4.9304
0.0090027,0.0085449,4.928
0.0099182,0.0085449,4.9304
0.010834,0.0071716,4.9353
0.010681,0.0054932,4.9316
0.011597,0.0032043,4.9353
0.01236,0.0024414,4.9329
0.013275,0.0010681,4.9353
0.015869,0.0010681,4.9438
0.0177,0.0016785,4.939
0.019836,0.0010681,4.9353
0.021973,-0.00015259,4.9316
0.023041,-0.0021362,4.9243
0.024109,-0.0035095,4.9316
0.024261,-0.0033569,4.9255
0.024261,-0.0041199,4.9243
0.021973,-0.0038147,4.9243
0.023499,-0.0033569,4.9231
0.024719,-0.0028992,0.036621
0.024872,-0.0019836,0.048828
0.028534,0.00045776,0.048828
0.03067,0.0018311,0.041504
0.031281,0.004425,0.046387
0.031891,0.0061035,0.045166
0.031586,0.0036621,0.047607
0.03067,0.0015259,0.040283
0.028992,-0.00061035,0.041504
0.029755,-0.0024414,0.046387
0.028076,-0.0064087,0.037842
0.027008,-0.0050354,0.040283
0.023499,-0.0054932,0.039063
0.023041,-0.0074768,0.037842
0.019836,-0.0093079,0.036621
0.019989,-0.011902,0.039063
0.020752,-0.013275,0.040283
0.025482,-0.010834,0.039063
0.025787,-0.0091553,0.036621
0.027313,-0.0067139,0.045166
0.032043,-0.0013733,0.042725
0.030518,0.00061035,0.046387
0.032043,0.00076294,0.050049
0.033417,0.00045776,0.05249
0.034943,0.00061035,0.053711
0.037689,0.0024414,0.058594
0.034332,0.0038147,0.070801
0.031433,0.0047302,0.058594
0.027466,0.0047302,0.064697
0.024872,0.0021362,0.064697
0.024109,-0.00045776,0.048828
0.023956,-0.0036621,0.058594
0.024109,-0.0047302,0.061035
0.023804,-0.0054932,0.058594
0.021973,-0.0065613,0.061035
0.022278,-0.0062561,0.058594
0.022736,-0.0082397,0.064697
0.023956,-0.0085449,0.061035
0.02594,-0.0067139,0.067139
0.02594,-0.0032043,0.062256
0.026398,-0.0024414,0.067139
0.02533,-0.00015259,0.064697
0.024567,0.00045776,0.062256
0.023651,0.00076294,0.062256
0.020142,-0.00015259,0.058594
0.02182,0.00015259,0.061035
0.022888,0.00015259,0.053711
0.02243,0.0013733,0.067139
0.025635,0.0027466,0.048828
0.026093,0.0032043,0.03418
0.02655,0.0022888,0.043945
0.02655,0.0019836,0.047607
0.026398,0.00061035,0.042725
0.025177,0.00061035,0.042725
0.023193,0.00030518,0.041504
0.021515,-0.0033569,0.042725
0.020142,-0.0042725,0.036621
0.017853,-0.0056458,0.041504
0.015259,-0.0050354,0.037842
0.014038,-0.0050354,0.041504
0.013275,-0.0057983,0.040283
0.013275,-0.0048828,0.040283
0.015106,-0.0045776,0.047607
0.016327,-0.0032043,0.040283
0.016022,-0.00076294,0.042725
0.019836,0.0010681,0.039063
0.021057,0.0028992,0.031738
0.023956,0.0019836,0.039063
0.027466,0.00045776,0.041504
0.030518,0.00076294,0.042725
0.031433,-0.0027466,0.048828
0.030975,-0.0032043,0.048828
0.028534,-0.0032043,0.05249
0.025635,-0.0021362,0.053711
0.021515,-0.0022888,0.056152
0.019531,-0.0056458,0.048828
0.017548,-0.0090027,0.062256
0.018768,-0.012665,0.061035
0.020599,-0.013428,3.2886
0.021973,-0.0093079,4.8267
0.02121,-0.0050354,4.9231
0.02121,-0.0010681,4.9341
0.023651,0,4.9304
0.027313,0,4.9402
0.029602,-0.00045776,4.9341
0.029755,0.00045776,4.9158
0.028687,0.0061035,4.9304
0.026245,0.0067139,4.9353
0.024719,0.0067139,4.9353
0.023956,0.0030518,4.9341
0.024414,-0.0042725,4.9316
0.025024,-0.0091553,4.9341
0.024872,-0.0094604,4.928
0.026093,-0.0050354,4.9268
0.027924,0.0018311,4.9207
0.03067,0.0068665,4.9255
0.033722,0.0086975,4.9194
0.034637,0.007782,4.9207
0.036926,0.0071716,4.9292
0.036621,0.007019,4.9182
0.036011,0.007019,4.9158
0.03418,0.0067139,4.9182
0.032196,0.0056458,4.906
0.027924,0.0041199,4.9109
0.022736,0.0024414,4.9097
0.020447,0.0016785,4.9121
0.018158,0.0013733,4.9109
0.015564,0.0028992,4.8987
0.01297,0.0027466,4.9072
0.010681,0.002594,4.9048
0.0091553,0.0042725,4.9097
0.0088501,0.0041199,4.8962
0.0085449,0.0042725,4.9158
0.010986,0.0038147,4.9109
0.012207,0.0019836,4.9133
0.012817,-0.00091553,4.9097
0.010376,-0.002594,4.9158
0.0088501,-0.0036621,4.9158
0.005188,-0.0033569,4.9207
0.0028992,-0.00061035,4.9304
0.0010681,0.0012207,4.9255
0,0.00030518,4.917
-0.00030518,0.0021362,4.9243
0.0013733,0.0022888,4.9268
0.0035095,0.0021362,4.9292
0.0076294,0.0032043,4.9304
0.011444,0.0038147,4.9304
0.015259,0.005188,4.9353
0.017548,0.0071716,4.928
0.019226,0.0082397,4.9304
0.019226,0.0097656,4.9292
0.018005,0.011292,4.9329
0.016479,0.013275,4.9353
0.013885,0.01358,4.9353
0.01297,0.01358,4.9414
0.011597,0.011444,4.9402
0.011749,0.011902,4.9365
0.012207,0.011292,4.9353
0.013275,0.010223,4.939
0.013885,0.0085449,4.9329
0.016022,0.0080872,4.9255
0.016632,0.0082397,4.9255
0.017853,0.0086975,4.9255
0.017242,0.009613,4.9231
0.016937,0.010223,4.9207
0.013733,0.012817,4.917
0.0097656,0.0094604,4.9182
0.0057983,0.0076294,4.9158
0.0018311,0.007782,4.9146
0,0.0088501,4.9158
-0.0041199,0.010986,0.046387
-0.00045776,0.013275,0.040283
0.0012207,0.014191,0.042725
0.0027466,0.013123,0.058594
0.0042725,0.010681,0.042725
0.0062561,0.0093079,0.047607
0.0076294,0.0091553,0.041504
0.0074768,0.010986,0.025635
0.0059509,0.012665,0.037842
0.004425,0.012665,0.036621
-0.0033569,0.010529,0.032959
-0.00061035,0.0061035,0.039063
-0.0018311,0.0041199,0.037842
-0.0015259,0.0045776,0.043945
-0.00015259,0.0068665,0.047607
0.0024414,0.0093079,0.046387
0.007019,0.010834,0.046387
0.009613,0.010223,0.053711
0.01297,0.0083923,0.053711
0.016327,0.0071716,0.057373
0.019073,0.0073242,0.058594
0.021057,0.0093079,0.063477
0.023041,0.011292,0.058594
0.023346,0.015106,0.061035
0.021973,0.015717,0.068359
0.019989,0.014801,0.058594
0.013123,0.013123,0.061035
0.014648,0.011139,0.061035
0.014496,0.010223,0.061035
0.016174,0.0036621,0.058594
0.017548,0.0068665,0.064697
0.018616,0.0039673,0.062256
0.02182,0.0016785,0.067139
0.023346,-0.0012207,0.062256
0.024872,-0.0016785,0.068359
0.025177,-0.00015259,0.063477
0.024872,0.0019836,0.065918
0.022278,0.0041199,0.062256
0.019531,0.0053406,0.062256
0.017853,0.0024414,0.065918
0.016327,-0.0010681,0.054932
0.013733,-0.0048828,0.058594
0.016632,-0.0073242,0.05249
0.018616,-0.0076294,0.039063
0.021515,-0.007019,0.045166
0.024109,-0.0050354,0.046387
0.028229,-0.0022888,0.042725
0.029755,-0.0013733,0.043945
0.029755,0.00015259,0.039063
0.027924,0.0015259,0.042725
0.027008,0.0010681,0.041504
0.027161,0.0015259,0.042725
0.027466,0.0012207,0.032959
0.028839,0.00015259,0.039063
0.030212,-0.00076294,0.040283
0.03006,0.00015259,0.042725
0.028534,-0.0028992,0.037842
0.029449,-0.0041199,0.041504
0.028229,-0.0050354,0.039063
0.028534,-0.0045776,0.041504
0.029755,-0.0022888,0.041504
0.029755,0.00030518,0.041504
0.028229,0.0018311,0.040283
0.028839,0.0013733,0.042725
0.027924,-0.00061035,0.045166
0.028381,-0.0032043,0.053711
0.029297,-0.0054932,0.050049
0.029602,-0.0059509,0.050049
0.03067,-0.0053406,0.057373
0.030212,-0.0030518,0.056152
0.027924,0,0.059814
0.026703,-0.00061035,0.057373
0.024414,-0.0012207,0.064697
0.019836,-0.0028992,0.059814
0.019531,-0.0039673,0.061035
0.019073,-0.0027466,0.075684
0.019073,-0.0018311,0.061035
0.017853,-0.00030518,0.062256
0.018768,-0.00045776,4.4873
0.020752,-0.00091553,4.8938
0.022736,0.00030518,4.9292
0.023804,-0.00015259,4.9329
0.024567,0.0018311,4.9353
0.024719,0.0045776,4.9329
0.023651,0.0054932,4.9304
0.023346,0.0048828,4.9341
0.022583,0.0022888,4.928
0.022583,-0.00045776,4.9255
0.02182,-0.002594,4.9194
0.020142,-0.0028992,4.9243
0.020905,-0.0016785,4.9231
0.021667,-0.0012207,4.9231
0.02182,-0.0019836,4.9231
0.021515,-0.0039673,4.9194
0.023041,-0.0064087,4.9231
0.022736,-0.0073242,4.9133
0.022583,-0.0073242,4.9255
0.022583,-0.0062561,4.9109
0.023804,-0.0041199,4.9097
0.023956,-0.0021362,4.9109
0.023499,0.00015259,4.9133
0.023651,-0.00015259,4.9072
0.022888,0.00091553,4.9097
0.022888,0.0019836,4.9072
0.023804,0.0032043,4.9084
0.025635,0.0056458,4.906
0.027466,0.0080872,4.8999
0.028687,0.0080872,4.9097
0.031281,0.007019,4.9133
0.032501,0.0036621,4.9109
0.033264,0.0015259,4.9158
0.032806,0.00015259,4.9207
0.033722,-0.00015259,4.9182
0.033875,-0.00061035,4.9207
0.032196,-0.0018311,4.9231
0.030212,-0.0050354,4.917
0.027618,-0.0083923,4.9194
0.024872,-0.011444,4.9255
0.024414,-0.010223,4.9268
0.023041,-0.010529,4.9292
0.023346,-0.011749,4.9304
0.022888,-0.01236,4.9304
0.021973,-0.014648,4.9292
0.02182,-0.016785,4.9329
0.021515,-0.013885,4.9316
0.020905,-0.011139,4.9316
0.022278,-0.0071716,4.9316
0.023499,-0.0062561,4.9402
0.025024,-0.002594,4.9292
0.023804,-0.00076294,4.9353
0.023041,0.00076294,4.9438
0.024261,0.0038147,4.9353
0.02594,0.0041199,4.9426
0.026245,0.0036621,4.9353
0.027466,0.0019836,4.9133
0.028992,0.0024414,4.9255
0.030518,0.0050354,4.9231
0.030518,0.0083923,4.9255
0.03067,0.011139,4.9231
0.029449,0.009613,4.9158
0.029602,0.0050354,4.9194
0.029907,0.0033569,4.917
0.03067,0.0024414,4.9158
0.030975,0.0054932,4.9146
0.029297,0.0082397,4.9194
0.027924,0.0090027,4.9146
0.026855,0.0047302,4.9146
0.025635,-0.00030518,4.917
0.023804,-0.0032043,4.9109
0.023651,-0.0021362,4.9084
0.023041,0.0015259,0.042725
0.023193,0.0054932,0.028076
0.02121,0.0057983,0.036621
0.0177,0.0033569,0.036621
0.014648,0,0.040283
0.013275,-0.0022888,0.037842
0.010986,-0.0012207,0.039063
0.010071,0.002594,0.040283
0.0094604,0.0057983,0.039063
0.0090027,0.0059509,0.042725
0.0082397,0.00061035,0.046387
0.0083923,-0.0036621,0.05127
0.0080872,-0.0065613,0.050049
0.0088501,-0.0080872,0.054932
0.011139,-0.0059509,0.053711
0.012817,-0.0041199,0.057373
0.016174,-0.0021362,0.063477
0.01709,-0.00015259,0.062256
0.0177,0.00091553,0.073242
0.016785,0.0027466,0.062256
0.016327,0.0041199,0.042725
0.015564,0.0038147,0.058594
0.018311,0.0022888,0.061035
0.018921,0.0018311,0.062256
0.020599,0.00091553,0.064697
0.020447,0.0013733,0.059814
0.020294,0.0038147,0.064697
0.017242,0.0056458,0.063477
0.015411,0.0071716,0.065918
0.012665,0.0071716,0.063477
0.010986,0.0056458,0.064697
0.010223,0.004425,0.061035
0.0091553,0.0028992,0.062256
0.0085449,0.0028992,0.064697
0.0061035,0.0030518,0.058594
0.0047302,0.0035095,0.057373
0.0045776,0.0028992,0.05249
0.005188,0.002594,0.050049
0.0062561,0.002594,0.050049
0.0050354,0.0032043,0.048828
0.0041199,0.0038147,0.045166
0.0019836,0.0032043,0.045166
0.0010681,0.0021362,0.043945
-0.00030518,-0.0010681,0.042725
0.0012207,-0.0028992,0.040283
0.0030518,-0.0010681,0.042725
0.004425,-0.00076294,0.039063
0.0057983,0.00015259,0.041504
0.0062561,0.00061035,0.037842
0.0071716,-0.00030518,0.042725
0.0088501,0.00045776,0.036621
0.010681,0.0028992,0.040283
0.011749,0.0039673,0.05249
0.014343,0.0073242,0.040283
0.013733,0.0061035,0.05127
0.015106,0.0047302,0.041504
0.015411,0.00061035,0.025635
0.013275,-0.0036621,0.041504
0.018005,-0.0045776,0.046387
0.018463,-0.0038147,0.046387
0.018158,-0.00076294,0.048828
0.016785,0.0024414,0.047607
0.0177,0.0036621,0.054932
0.0177,0.0030518,0.05249
0.019531,0.0019836,0.061035
0.020599,0.0012207,0.054932
0.021667,0.0012207,0.063477
0.022583,0.0022888,0.062256
0.022278,0.005188,0.063477
0.02182,0.0074768,0.072021
0.023346,0.0073242,0.061035
0.024261,0.0080872,0.059814
0.024261,0.0056458,0.062256
0.027008,0.0036621,0.070801
0.027008,0.00091553,0.063477
0.025482,0,0.059814
0.02243,-0.0019836,0.062256
0.022125,-0.0032043,0.067139
0.02182,-0.0053406,4.5239
0.02182,-0.0045776,4.9048
0.022125,-0.0090027,4.9268
0.021057,-0.0086975,4.928
0.019989,-0.0071716,4.9231
0.0177,-0.0054932,4.9268
0.016937,-0.007019,4.9268
0.017395,-0.0045776,4.9231
0.013733,-0.0053406,4.9182
0.019073,-0.0068665,4.9182
0.019836,-0.0057983,4.9255
0.020905,-0.0024414,4.917
0.02243,-0.00061035,4.9194
0.024567,0.00061035,4.9146
0.026703,0.00061035,4.9011
0.027466,0.00015259,4.9109
0.028992,-0.0057983,4.9133
0.029755,-0.0039673,4.9036
0.028992,-0.0035095,4.9146
0.03006,-0.0018311,4.9097
0.028992,-0.0039673,4.9109
0.028076,-0.0038147,4.9072
0.027161,-0.0079346,4.9072
0.026703,-0.009613,4.9084
0.026703,-0.0093079,4.9146
0.027313,-0.0059509,4.9121
0.027771,-0.0019836,4.9133
0.027313,0.00061035,4.9182
0.027161,0.0035095,4.9146
0.028534,0.0028992,4.9146
0.027008,0.0019836,4.9194
0.026703,0.0018311,4.928
0.027466,0.0012207,4.9255
0.028229,0.0019836,4.9133
0.027466,0.005188,4.9255
0.024567,0.0090027,4.928
0.023804,0.010071,4.9316
0.02182,0.011139,4.9292
0.022125,0.011139,4.9341
0.022125,0.0094604,4.9365
0.023956,0.0097656,4.9329
0.024567,0.0094604,4.9316
0.023956,0.010834,4.928
0.024261,0.0099182,4.9353
0.022125,0.0082397,4.9304
0.02182,0.0042725,4.9365
0.019226,0.0012207,4.95
0.019531,-0.0021362,4.9365
0.019989,-0.002594,4.9341
0.019684,-0.00076294,4.9341
0.0177,0.0028992,4.9194
0.014954,0.0038147,4.9268
0.014496,0.0061035,4.9255
0.014496,-0.0022888,4.9255
0.015259,-0.0059509,4.9255
0.016632,-0.0068665,4.9207
0.017548,-0.0048828,4.9231
0.018005,-0.00076294,4.9194
0.016937,0.0019836,4.9182
0.016479,0.0018311,4.9158
0.016632,-0.0010681,4.9158
0.016937,-0.004425,4.9146
0.01709,-0.0076294,4.9182
0.016785,-0.0090027,4.9109
0.014954,-0.0093079,4.9158
0.013885,-0.0073242,4.9146
0.011902,-0.0073242,4.9158
0.010834,-0.0085449,4.9158
0.010529,-0.0097656,4.9109
0.013428,-0.011139,4.9011
0.014191,-0.011902,4.9158
0.017242,-0.010071,4.9109
0.016632,-0.0073242,0.037842
0.018463,-0.0050354,0.041504
0.019989,-0.0033569,0.036621
0.02243,-0.0028992,0.042725
0.024719,-0.0016785,0.041504
0.027466,-0.00091553,0.048828
0.030212,-0.00045776,0.046387
0.031128,0.00015259,0.053711
0.031586,0.00091553,0.05127
0.031586,0.00030518,0.056152
0.032806,-0.00076294,0.068359
0.03418,-0.0045776,0.061035
0.035095,-0.0090027,0.065918
0.034637,-0.011444,0.048828
0.031738,-0.011139,0.056152
0.02533,-0.0091553,0.062256
0.019684,-0.0065613,0.061035
0.015106,-0.0061035,0.058594
0.013275,-0.0073242,0.061035
0.013123,-0.012665,0.058594
0.014191,-0.016174,0.062256
0.015717,-0.018463,0.063477
0.016632,-0.016785,0.067139
0.0177,-0.015869,0.063477
0.019989,-0.013123,0.068359
0.022736,-0.012665,0.067139
0.025635,-0.012512,0.064697
0.028076,-0.010986,0.059814
0.029907,-0.0099182,0.059814
0.028076,-0.0068665,0.062256
0.025177,-0.0035095,0.053711
0.021667,0.00015259,0.061035
0.019379,0.00045776,0.05127
0.018768,-0.0015259,0.037842
0.019226,-0.0030518,0.047607
0.020294,-0.0050354,0.046387
0.020599,-0.0047302,0.045166
0.021057,-0.0042725,0.043945
0.019379,-0.0019836,0.039063
0.018921,-0.00091553,0.041504
0.021515,-0.0012207,0.036621
0.024414,-0.0019836,0.03418
0.028381,-0.0015259,0.040283
0.030212,-0.00091553,0.042725
0.029449,0.0013733,0.040283
0.025024,0.0021362,0.043945
0.019989,0.0033569,0.05127
0.014496,0.0042725,0.040283
0.011597,0.0036621,0.037842
0.0093079,0.0047302,0.041504
0.007019,0.0032043,0.026855
0.0045776,0.00091553,0.041504
0.0028992,-0.0035095,0.039063
0.0010681,-0.0086975,0.046387
0.0024414,-0.013123,0.047607
0.005188,-0.015411,0.048828
0.0093079,-0.015411,0.056152
0.01236,-0.013123,0.054932
0.012665,-0.0088501,0.061035
0.010223,-0.0030518,0.054932
0.0076294,0.0039673,0.062256
0.0053406,0.012054,0.059814
0.0062561,0.018005,0.063477
0.010529,0.021057,0.061035
0.019073,0.021515,0.062256
0.02243,0.018463,0.064697
0.027008,0.010681,0.063477
0.029297,0.010376,0.073242
0.029144,0.0073242,0.062256
0.028534,0.0068665,0.054932
0.027618,0.0059509,0.064697
0.024719,0.0021362,0.063477
0.020294,0.005188,0.062256
0.01297,0.0033569,0.064697
0.005188,0.0053406,0.059814
-0.0013733,0.0062561,0.059814
-0.0048828,0.0071716,0.053711
-0.002594,0.0064087,0.057373
0.0033569,0.0038147,4.3811
0.010376,0.0016785,4.8853
0.016174,-0.00091553,4.9146
0.017395,-0.0013733,4.9207
0.018616,0.0010681,4.9219
0.015106,0.0038147,4.9207
0.011749,0.0061035,4.9133
0.0083923,0.0068665,4.9146
0.0053406,0.0067139,4.9084
0.00076294,0.004425,4.9133
-0.0065613,0.0047302,4.9072
-0.0079346,0.0010681,4.9097
-0.0094604,0.00061035,4.9097
-0.0079346,0.0015259,4.9084
-0.0022888,0.0022888,4.9084
0.004425,0.0024414,4.9048
0.011444,0.0027466,4.9109
0.016479,0.007019,4.906
0.018463,0.010529,4.9109
0.019379,0.015259,4.9133
0.019531,0.019531,4.9158
0.020752,0.021667,4.9109
0.023193,0.02121,4.9182
0.024414,0.018311,4.9243
0.027313,0.014648,4.9207
0.024872,0.010529,4.9304
0.023956,0.0076294,4.9255
0.02182,0.0057983,4.9109
0.020294,0.0032043,4.9243
0.020905,0.0012207,4.9255
0.021515,0.00030518,4.9304
0.020905,-0.0038147,4.9292
0.019379,-0.0083923,4.9255
0.016327,-0.0076294,4.9353
0.013428,-0.007782,4.9316
0.011902,-0.0067139,4.9304
0.012512,-0.0030518,4.928
0.014954,-0.00030518,4.9329
0.01709,0.0021362,4.9329
0.017395,0.0030518,4.9341
0.016022,0.0019836,4.9438
0.015106,0.0016785,4.9402
0.014801,0.0019836,4.9341
0.015869,0.0024414,4.9353
0.020447,0.0032043,4.9414
0.023346,0.004425,4.9292
0.026703,0.0036621,4.9292
0.028381,0.00061035,4.9255
0.028534,-0.00015259,4.9231
0.028992,0.00061035,4.9207
0.028992,0.0039673,4.9231
0.030365,0.0071716,4.9182
0.032196,0.011139,4.917
0.033875,0.010376,4.9146
0.033722,0.0086975,4.9158
0.031586,0.0050354,4.9146
0.029907,0.0027466,4.917
0.028534,0.0024414,4.9109
0.029449,0.0027466,4.9146
0.031738,0.0028992,4.9207
0.031891,0.0016785,4.9121
0.031128,-0.00045776,4.9207
0.026398,-0.00061035,4.9109
0.026245,-0.00076294,4.8987
0.025024,0.002594,4.9109
0.025787,0.0061035,4.9097
0.027618,0.0076294,4.9133
0.031281,0.0068665,4.9097
0.030212,0.0047302,4.9072
0.029907,-0.00030518,4.9109
0.028381,-0.0028992,4.9097
0.02655,-0.0033569,4.9207
0.025635,-0.0021362,4.9133
0.02533,-0.0012207,0.050049
0.02655,-0.0056458,0.05249
0.025787,-0.0035095,0.056152
0.026398,-0.0041199,0.061035
0.024872,-0.0035095,0.061035
0.025787,-0.00030518,0.059814
0.02655,0.005188,0.056152
0.027771,0.0091553,0.068359
0.031433,0.01236,0.062256
0.033417,0.012054,0.065918
0.034485,0.0099182,0.057373
0.031891,0.007019,0.062256
0.033722,0.0056458,0.059814
0.031738,0.0071716,0.06958
0.03067,0.0073242,0.062256
0.027008,0.0061035,0.068359
0.02182,0.0035095,0.061035
0.025787,0.00015259,0.065918
0.024872,-0.0019836,0.063477
0.022125,-0.0010681,0.068359
0.023651,0.00030518,0.058594
0.021973,0.0032043,0.061035
0.023651,0.0041199,0.06958
0.02533,-0.00045776,0.05249
0.028229,0.0015259,0.057373
0.028229,-0.00076294,0.05127
0.027618,-0.0024414,0.0354
0.024719,-0.0048828,0.046387
0.022888,-0.0064087,0.045166
0.02121,-0.0083923,0.046387
0.020752,-0.010223,0.037842
0.020752,-0.0093079,0.039063
0.020752,-0.009613,0.03418
0.019989,-0.0093079,0.040283
0.02121,-0.0086975,0.040283
0.020905,-0.007782,0.036621
0.022278,-0.0059509,0.042725
0.023651,-0.0047302,0.039063
0.02533,-0.0038147,0.029297
0.028076,-0.0047302,0.041504
0.028839,-0.0061035,0.039063
0.025787,-0.0071716,0.040283
0.023804,-0.0079346,0.042725
0.021667,-0.0059509,0.039063
0.021057,-0.0038147,0.041504
0.022278,-0.0013733,0.031738
0.024261,0.0010681,0.045166
0.026855,-0.0013733,0.046387
0.029144,-0.0038147,0.046387
0.030212,-0.0033569,0.05249
0.031281,-0.0065613,0.05249
0.03067,-0.0056458,0.058594
0.030823,-0.0048828,0.056152
0.031891,-0.004425,0.062256
0.033112,-0.0062561,0.057373
0.033417,-0.0083923,0.064697
0.032959,-0.0085449,0.062256
0.031738,-0.0093079,0.061035
0.030823,-0.0080872,0.070801
0.030212,-0.0073242,0.062256
0.029449,-0.0082397,0.065918
0.028992,-0.011597,0.061035
0.027618,-0.012817,0.05249
0.024109,-0.014648,0.064697
0.02121,-0.014343,0.064697
0.018921,-0.011749,0.063477
0.018158,-0.0076294,0.067139
0.019073,-0.0039673,0.063477
0.02121,-0.0018311,0.061035
0.023651,-0.0019836,0.054932
0.026398,-0.0035095,0.058594
0.027313,-0.0050354,0.05127
0.027618,-0.0045776,0.05249
0.026703,-0.0035095,0.05127
0.025024,-0.0016785,0.047607
0.024109,-0.00015259,0.046387
0.023804,-0.00076294,0.05127
0.021362,-0.0018311,3.938
0.018311,-0.0035095,4.8523
0.015411,-0.0038147,4.9146
0.013428,-0.0021362,4.9048
0.012054,-0.0021362,4.9133
0.01358,-0.0030518,4.9097
0.015106,-0.005188,4.9121
0.015717,-0.010681,4.9097
0.0177,-0.010529,4.906
0.016479,-0.010681,4.9084
0.015869,-0.011139,4.9084
0.013123,-0.010681,4.9048
0.012207,-0.009613,4.9109
0.011444,-0.0080872,4.9084
0.011444,-0.0086975,4.8962
0.010529,-0.0099182,4.906
0.010223,-0.012054,4.9158
0.010529,-0.011292,4.928
0.011597,-0.0091553,4.9158
0.010223,-0.0053406,4.9207
0.015717,-0.0013733,4.9255
0.017395,0.0013733,4.906
0.01709,0.0015259,4.928
0.019836,-0.00015259,4.9304
0.019989,-0.002594,4.9268
0.018463,-0.0027466,4.9268
0.019531,0,4.9255
0.020142,0.004425,4.9341
0.02182,0.0088501,4.9341
0.022736,0.0056458,4.9341
0.022583,0.004425,4.928
0.022125,-0.00045776,4.9329
0.022888,-0.0022888,4.9304
0.023499,-0.00030518,4.9353
0.023804,0.0033569,4.9377
0.027924,0.0061035,4.9414
0.024261,0.0061035,4.9414
0.023651,0.0033569,4.9353
0.022583,-0.00030518,4.9438
0.02121,-0.0033569,4.9329
0.018311,-0.0032043,4.9304
0.016479,-0.0027466,4.9304
0.013428,0.00030518,4.9255
0.010681,0.0016785,4.9231
0.0082397,0.0012207,4.9243
0.0071716,-0.0015259,4.9182
0.010681,-0.0036621,4.9182
0.0082397,-0.0035095,4.9146
0.0090027,-0.0024414,4.9109
0.010223,-0.00045776,4.9133
0.01297,0.00045776,4.9158
0.014191,-0.00076294,4.9182
0.016022,-0.0012207,4.9158
0.016785,-0.0022888,4.9133
0.015717,-0.0012207,4.9109
0.014496,0.0015259,4.9109
0.014648,0.0045776,4.9109
0.015106,0.007019,4.9023
0.014496,0.0050354,4.9133
0.016174,0.0048828,4.9109
0.016937,0.002594,4.9097
0.015717,0.0021362,4.9109
0.023193,0.0041199,4.9097
0.023804,0.0059509,4.9109
0.028992,0.0045776,4.9109
0.032501,0.0094604,4.9158
0.034485,0.0088501,4.9133
0.0354,0.0062561,4.9194
0.03479,0.0035095,4.917
0.033417,0.0059509,4.9231
0.029755,0.0019836,4.9207
0.026855,0.00076294,4.9292
0.023499,-0.00045776,4.9292
0.021973,-0.0042725,4.9292
0.020142,-0.0080872,0.06958
0.020447,-0.011749,0.061035
0.021515,-0.01236,0.045166
0.022125,-0.011444,0.059814
0.023499,-0.010071,0.061035
0.024261,-0.0064087,0.058594
0.023499,-0.0064087,0.062256
0.023651,-0.0057983,0.059814
0.022888,-0.0054932,0.067139
0.02182,-0.0039673,0.062256
0.020905,-0.0010681,0.06958
0.020142,0.0030518,0.064697
0.019531,0.007019,0.067139
0.021057,0.0071716,0.063477
0.022278,0.0065613,0.062256
0.023956,0.0048828,0.072021
0.026703,0.0038147,0.05127
0.027466,0.0038147,0.05249
0.031586,0.0047302,0.056152
0.033875,0.0061035,0.041504
0.035858,0.007019,0.050049
0.036469,0.0061035,0.046387
0.036469,0.0048828,0.047607
0.035706,0.0028992,0.043945
0.034637,0.0018311,0.043945
0.031586,0.00015259,0.042725
0.030975,-0.00076294,0.039063
0.029602,-0.0022888,0.031738
0.027161,-0.0019836,0.037842
0.02594,-0.0030518,0.042725
0.027313,-0.0056458,0.039063
0.027466,-0.0064087,0.041504
0.028076,-0.0073242,0.040283
0.028839,-0.0047302,0.040283
0.028839,-0.0016785,0.047607
0.027924,0.0027466,0.042725
0.027161,0.0059509,0.053711
0.02655,0.0073242,0.03418
0.024719,0.0073242,0.032959
0.02594,0.0088501,0.043945
0.026093,0.0083923,0.043945
0.025482,0.0094604,0.047607
0.024261,0.010986,0.050049
0.024261,0.010223,0.05127
0.024567,0.010223,0.056152
0.02594,0.009613,0.05249
0.025787,0.0086975,0.059814
0.028229,0.0082397,0.054932
0.024109,0.007782,0.058594
0.021057,0.0068665,0.064697
0.019531,0.0056458,0.064697
0.018463,0.0022888,0.068359
0.017853,-0.0019836,0.061035
0.0177,-0.0039673,0.062256
0.017242,-0.009613,0.062256
0.016937,-0.0059509,0.068359
0.017395,-0.0047302,0.065918
0.018311,-0.0056458,0.070801
0.019226,-0.0067139,0.064697
0.020294,-0.0068665,0.068359
0.019684,-0.0059509,0.059814
0.019226,-0.0028992,0.062256
0.019684,0.00045776,0.056152
0.020599,0.0033569,0.063477
0.02243,0.0039673,0.056152
0.023193,0.0033569,0.056152
0.02594,0.00030518,0.053711
0.028687,-0.0024414,0.050049
0.030365,-0.0030518,0.045166
0.031128,-0.0036621,0.045166
0.030975,-0.0033569,0.058594
0.030365,-0.0019836,0.047607
0.027924,-0.0024414,0.05127
0.025177,-0.0035095,0.045166
0.022736,-0.0045776,0.028076
0.020599,-0.0068665,0.037842
0.020447,-0.0086975,0.037842
0.021515,-0.010071,4.563
0.023499,-0.0097656,4.8853
0.025787,-0.0090027,4.9036
0.028381,-0.0074768,4.9109
0.03067,-0.007782,4.906
0.031891,-0.0071716,4.9072
0.031891,-0.0057983,4.9048
0.031738,-0.0053406,4.9146
0.029297,-0.0030518,4.9072
0.027771,-0.0027466,4.9146
0.024261,0.00076294,4.9158
0.022125,0.0018311,4.9146
0.020752,0.0024414,4.9158
0.022888,0.0024414,4.917
0.026398,0.0024414,4.9231
0.03067,0.0013733,4.9243
0.034027,0.0013733,4.9146
0.033722,-0.00045776,4.9255
0.033112,-0.0010681,4.928
0.030975,-0.0018311,4.9255
0.028687,-0.0035095,4.9316
0.027313,-0.0059509,4.9304
0.02594,-0.0086975,4.9329
0.02182,-0.0099182,4.9268
0.0177,-0.0091553,4.9304
0.014496,-0.0099182,4.9292
0.014191,-0.0074768,4.9341
0.014801,-0.0064087,4.9316
0.017548,-0.0050354,4.9353
0.021515,-0.0016785,4.9438
0.024261,-0.0015259,4.9377
0.026245,0.0022888,4.939
0.025787,0.004425,4.9255
0.025177,0.0050354,4.9207
0.022888,0.0039673,4.9292
0.020294,0.0021362,4.9353
0.016479,-0.0012207,4.9219
0.011292,-0.0033569,4.9231
0.0086975,-0.004425,4.9207
0.0059509,-0.0024414,4.9219
0.0045776,0.00045776,4.9158
0.0047302,0.0035095,4.9194
0.0064087,0.0041199,4.9146
0.0080872,0.0039673,4.9146
0.010376,0.0018311,4.9182
0.012512,0.00030518,4.9194
0.014954,-0.00091553,4.9109
0.016479,-0.0041199,4.9146
0.018005,-0.0054932,4.9133
0.018463,-0.0073242,4.9084
0.018158,-0.0080872,4.9121
0.016174,-0.007782,4.9146
0.013733,-0.0068665,4.8999
0.011292,-0.0053406,4.9109
0.0083923,-0.0054932,4.9084
0.0071716,-0.0061035,4.9084
0.0068665,-0.0056458,4.9048
0.007782,-0.0041199,4.9084
0.0090027,-0.0021362,4.9133
0.011749,-0.00076294,4.9121
0.014191,0.0010681,4.9207
0.017242,0.0028992,4.9048
0.019379,0.005188,4.9231
0.020294,0.0082397,4.9255
0.02121,0.010529,4.9292
0.020447,0.013428,4.9414
0.019379,0.014496,4.928
0.017853,0.015259,4.9341
0.015717,0.014801,4.9353
0.01358,0.010681,4.9207
0.011749,0.0076294,4.9292
0.0091553,0.0050354,4.9292
0.0086975,0.0032043,4.9341
0.0099182,0.0018311,0.063477
0.0083923,0.0016785,0.061035
0.012207,-0.0012207,0.063477
0.013275,-0.0035095,0.063477
0.014191,-0.0050354,0.058594
0.013428,-0.0041199,0.062256
0.014496,0.00076294,0.06958
0.013733,0.0045776,0.064697
0.013885,0.007019,0.062256
0.01358,0.0094604,0.064697
0.013885,0.0080872,0.057373
0.010986,0.007019,0.061035
0.0093079,0.0074768,0.054932
0.0091553,0.0086975,0.064697
0.0099182,0.0094604,0.046387
0.010834,0.010071,0.047607
0.011444,0.010529,0.047607
0.01297,0.010071,0.046387
0.013885,0.0067139,0.043945
0.014496,0.0068665,0.041504
0.015106,0.0076294,0.040283
0.014801,0.0085449,0.042725
0.014191,0.0088501,0.037842
0.014496,0.009613,0.043945
0.015869,0.007019,0.039063
0.01709,0.0057983,0.042725
0.019989,0.0042725,0.039063
0.018005,0.0027466,0.041504
0.019073,0.0013733,0.05127
0.019531,0.00030518,0.041504
0.019989,-0.0033569,0.048828
0.02182,-0.0039673,0.040283
0.022888,-0.0035095,0.029297
0.023956,-0.0022888,0.043945
0.022583,0.0027466,0.043945
0.020905,-0.00061035,0.042725
0.019531,-0.0022888,0.048828
0.018158,-0.0028992,0.042725
0.018616,-0.004425,0.054932
0.020752,-0.0021362,0.05249
0.020752,0,0.062256
0.021973,0.00015259,0.058594
0.024109,0,0.062256
0.025177,-0.0012207,0.061035
0.02655,-0.0018311,0.064697
0.027313,-0.00076294,0.061035
0.029297,0.002594,0.061035
0.028992,0.0048828,0.062256
0.029602,0.0047302,0.063477
0.029755,0.0054932,0.073242
0.030975,0.0027466,0.064697
0.031891,0.00045776,0.056152
0.033569,-0.0016785,0.062256
0.035095,-0.0022888,0.065918
0.036774,0.00015259,0.064697
0.036774,0.00091553,0.064697
0.035553,0.0015259,0.056152
0.034027,0.00045776,0.061035
0.033112,-0.00091553,0.057373
0.032654,0.0021362,0.054932
0.033264,0.00061035,0.05127
0.034027,0.0022888,0.05127
0.033264,0.002594,0.048828
0.033417,0.0032043,0.05249
0.033875,0.0021362,0.056152
0.030365,0.0022888,0.048828
0.029144,0.0021362,0.040283
0.028076,0.0015259,0.045166
0.027924,0.00076294,0.023193
0.026093,-0.00076294,0.039063
0.024567,-0.0013733,0.039063
0.023346,-0.0042725,0.039063
0.023499,-0.0039673,0.037842
0.024414,-0.0030518,0.037842
0.027618,-0.0012207,0.039063
0.028534,0,0.037842
0.03067,0.0013733,0.041504
0.032349,0.0016785,3.2898
0.032959,0.0010681,4.8169
0.035706,0.00030518,4.8962
0.036011,-0.0010681,4.9109
0.0354,0.002594,4.9097
0.03418,0.004425,4.9158
0.034485,0.0048828,4.9194
0.033569,0.0062561,4.917
0.032654,0.0080872,4.9316
0.031586,0.007019,4.9231
0.029907,0.0073242,4.9182
0.028992,0.005188,4.9292
0.029449,0.0041199,4.9292
0.029602,0.0013733,4.9231
0.031281,0.00076294,4.9329
0.030212,0,4.9292
0.028687,-0.0021362,4.9316
0.026703,-0.004425,4.928
0.024872,-0.0067139,4.9341
0.02182,-0.007782,4.9292
0.023499,-0.0073242,4.9329
0.02533,-0.0053406,4.9341
0.02655,-0.0024414,4.9353
0.027313,0.00091553,4.9414
0.029144,0.0024414,4.9292
0.028839,0.0021362,4.9353
0.030365,0.00076294,4.9341
0.032806,-0.0015259,4.939
0.036926,-0.0019836,4.9304
0.040131,0.00045776,4.928
0.041809,0.0042725,4.9268
0.041656,0.0076294,4.9243
0.03952,0.0064087,4.9243
0.036316,0.0041199,4.9219
0.033875,0.00045776,4.906
0.032654,-0.0053406,4.9207
0.032349,-0.0071716,4.9133
0.029449,-0.0080872,4.917
0.026093,-0.0073242,4.9158
0.023651,-0.0067139,4.9207
0.020905,-0.0064087,4.9109
0.019836,-0.0074768,4.9158
0.020142,-0.0086975,4.9231
0.021515,-0.0085449,4.9109
0.023651,-0.007019,4.9207
0.023956,-0.0045776,4.9097
0.026703,-0.0015259,4.8938
0.02655,0.0016785,4.9084
0.028534,0.0036621,4.9084
0.031738,0.0047302,4.9097
0.034027,0.005188,4.8901
0.036469,0.0059509,4.9084
0.037689,0.0068665,4.9109
0.03891,0.0067139,4.9133
0.037384,0.0050354,4.9182
0.034332,0.0018311,4.917
0.031738,-0.00015259,4.9231
0.028076,-0.0041199,4.9207
0.026245,-0.0057983,4.9207
0.024567,-0.0061035,4.9329
0.023804,-0.005188,4.9182
0.023346,-0.0039673,4.9255
0.022736,-0.0030518,4.9341
0.022736,-0.0028992,4.9365
0.023499,-0.0016785,4.9304
0.024414,0,4.9194
0.025482,0.0016785,4.9292
0.024261,0.0021362,4.9292
0.024261,0.0018311,4.9292
0.022278,-0.00091553,4.9329
0.019531,-0.0038147,4.9329
0.018311,-0.0068665,4.939
0.016479,-0.0065613,4.9341
0.017242,-0.0061035,0.070801
0.017395,-0.004425,0.063477
0.018005,-0.0019836,0.063477
0.018311,-0.00015259,0.061035
0.0177,0.00030518,0.05249
0.0177,0.00030518,0.064697
0.018005,-0.0010681,0.057373
0.017853,-0.0036621,0.061035
0.0177,-0.004425,0.050049
0.017242,-0.0045776,0.037842
0.016174,-0.0057983,0.047607
0.015411,-0.0076294,0.050049
0.014191,-0.0099182,0.041504
0.015564,-0.010986,0.047607
0.017853,-0.010834,0.037842
0.019684,-0.0074768,0.043945
0.023193,-0.0028992,0.040283
0.025787,0.0018311,0.041504
0.027008,0.0042725,0.037842
0.028992,0.0030518,0.039063
0.029602,0.0021362,0.043945
0.030975,-0.00030518,0.039063
0.030975,-0.0021362,0.040283
0.03006,-0.0019836,0.041504
0.027161,-0.0015259,0.037842
0.023499,-0.002594,0.037842
0.018005,-0.004425,0.036621
0.0088501,-0.0059509,0.041504
0.0090027,-0.0056458,0.042725
0.0076294,-0.0016785,0.041504
0.0083923,0.004425,0.047607
0.0094604,0.010376,0.047607
0.011749,0.013275,0.05127
0.01358,0.012817,0.048828
0.015106,0.007019,0.054932
0.017853,0.004425,0.057373
0.019836,0.0015259,0.05127
0.020752,0.00030518,0.059814
0.020599,0.00076294,0.065918
0.0177,-0.00045776,0.058594
0.013733,0.0010681,0.062256
0.009613,0.00015259,0.074463
0.0086975,-0.0015259,0.061035
0.0056458,-0.0015259,0.065918
0.0062561,-0.00061035,0.064697
0.0073242,0.0016785,0.046387
0.010071,0.0042725,0.062256
0.013733,0.0056458,0.062256
0.016937,0.0059509,0.067139
0.020905,0.0048828,0.065918
0.022736,0.0032043,0.062256
0.024261,0.0024414,0.063477
0.024872,0.002594,0.058594
0.023804,0.0041199,0.057373
0.018921,0.0056458,0.050049
0.018463,0.007019,0.056152
0.014801,0.0091553,0.053711
0.013123,0.0085449,0.05127
0.012207,0.007019,0.050049
0.011444,0.0048828,0.047607
0.014801,0.0019836,0.05249
0.017548,0.00015259,0.047607
0.018616,-0.0019836,0.046387
0.023499,-0.0013733,0.040283
0.025635,-0.00076294,0.028076
0.026855,-0.00030518,0.041504
0.027618,0.0010681,0.039063
0.027771,0.0021362,0.036621
0.027466,0.0032043,0.040283
0.027313,0.0027466,0.036621
0.025177,0.0027466,0.040283
0.023346,0.0022888,0.037842
0.024414,0.0013733,0.043945
0.025024,0.0018311,0.039063
0.028229,0.0018311,0.042725
0.031128,0.0016785,0.039063
0.031586,0.0021362,0.042725
0.032806,0.0018311,0.15625
0.028992,0,4.6399
0.025482,-0.004425,4.8999
0.023499,-0.0042725,4.9158
0.023041,-0.0045776,4.9109
0.02243,-0.0032043,4.9243
0.022888,-0.0019836,4.9243
0.02243,0.0018311,4.928
0.021515,0.0015259,4.9304
0.021973,0,4.9292
0.023651,-0.0016785,4.9316
0.027618,-0.0012207,4.9304
0.032043,0.00030518,4.9341
0.034637,0.0032043,4.9292
0.03418,0.0045776,4.9316
0.031891,0.0036621,4.9316
0.027924,0.0016785,4.9329
0.027618,-0.004425,4.9329
0.027161,-0.0039673,4.9377
0.02655,-0.0033569,4.9414
0.025024,0.00061035,4.9353
0.028076,0.0039673,4.9438
0.022278,0.0048828,4.9341
0.020599,0.0041199,4.9146
0.020905,0.0024414,4.9268
0.022888,0.00076294,4.9255
0.025024,-0.00030518,4.9219
0.026245,0.00045776,4.9219
0.026093,-0.00030518,4.9182
0.024719,0.0022888,4.9207
0.022583,0.0018311,4.9182
0.021057,0.00061035,4.917
0.02243,0.0013733,4.9133
0.024109,0.0012207,4.917
0.025635,0.002594,4.9146
0.02655,0.0059509,4.9194
0.026245,0.0073242,4.9207
0.027008,0.007782,4.9133
0.024872,0.0064087,4.9109
0.024261,0.0048828,4.9158
0.025482,0.0033569,4.895
0.025177,0.0036621,4.9097
0.025177,0.0035095,4.9109
0.023651,0.0032043,4.9109
0.021057,-0.0012207,4.8999
0.019684,0.00045776,4.9084
0.021057,-0.00091553,4.9109
0.021973,-0.0015259,4.9097
0.023346,-0.0018311,4.9158
0.024567,-0.0021362,4.9121
0.023651,-0.0054932,4.9219
0.022278,-0.0028992,4.9194
0.020599,-0.0021362,4.9268
0.020294,-0.0021362,4.9219
0.019836,-0.00076294,4.9243
0.023193,-0.0010681,4.9292
0.023346,-0.0016785,4.9316
0.026245,-0.0010681,4.9426
0.024261,-0.0035095,4.9329
0.023956,-0.00030518,4.9207
0.023956,0.00015259,4.9316
0.025482,-0.00030518,4.9329
0.027466,-0.00076294,4.9292
0.029755,-0.0035095,4.9304
0.030365,-0.0035095,4.9341
0.030212,-0.0028992,4.9353
0.028839,-0.0032043,4.9341
0.027161,-0.002594,4.9475
0.025177,-0.0027466,4.9304
0.024872,-0.0033569,4.9341
0.02594,-0.0030518,4.9304
0.02594,-0.0048828,4.9353
0.025635,-0.0068665,4.9402
0.024109,-0.0067139,0.056152
0.022125,-0.0065613,0.053711
0.019684,-0.0074768,0.05249
0.019379,-0.0085449,0.042725
0.019836,-0.0091553,0.045166
0.021057,-0.0097656,0.048828
0.022125,-0.0090027,0.042725
0.021057,-0.0062561,0.046387
0.019684,-0.0056458,0.041504
0.018463,-0.0048828,0.043945
0.020142,-0.0030518,0.039063
0.024414,-0.0021362,0.041504
0.029297,-0.0013733,0.039063
0.032806,0.0016785,0.040283
0.033722,0.004425,0.042725
0.033264,0.0061035,0.042725
0.030975,0.0062561,0.037842
0.030823,0.0033569,0.039063
0.032806,0.00045776,0.047607
0.0354,-0.00030518,0.039063
0.036926,-0.0028992,0.050049
0.036011,-0.0015259,0.041504
0.033569,-0.00030518,0.030518
0.029144,0.00076294,0.042725
0.02594,0.0013733,0.042725
0.02594,0.00091553,0.047607
0.027008,0.00015259,0.05127
0.027771,-0.00061035,0.050049
0.026245,-0.0013733,0.057373
0.024414,0.00045776,0.057373
0.022736,-0.00076294,0.058594
0.021057,-0.0016785,0.057373
0.021057,-0.0021362,0.063477
0.022583,-0.0035095,0.063477
0.023193,-0.0032043,0.063477
0.023346,-0.0032043,0.078125
0.02182,-0.00045776,0.059814
0.018005,0.0024414,0.061035
0.015869,0.005188,0.064697
0.014954,0.0061035,0.062256
0.016632,0.0048828,0.063477
0.018616,0.0030518,0.065918
0.020752,0.00061035,0.065918
0.020752,-0.0024414,0.065918
0.018768,-0.0033569,0.061035
0.018921,-0.0045776,0.063477
0.019531,-0.0045776,0.054932
0.02121,-0.0039673,0.058594
0.022888,-0.0010681,0.053711
0.02182,0.00045776,0.057373
0.022125,0.0010681,0.05127
0.019836,0.0021362,0.050049
0.016479,0.0033569,0.050049
0.01358,0.0045776,0.050049
0.013123,0.0054932,0.056152
0.014343,0.0067139,0.046387
0.015717,0.0056458,0.057373
0.016937,0.0039673,0.042725
0.018158,0.0045776,0.028076
0.0177,0.004425,0.040283
0.016785,0.007019,0.037842
0.016327,0.010834,0.037842
0.016785,0.014801,0.040283
0.016327,0.015411,0.037842
0.015259,0.016174,0.042725
0.013123,0.015411,0.036621
0.010834,0.013733,0.042725
0.0088501,0.011292,0.036621
0.0079346,0.010071,0.040283
0.0090027,0.0093079,0.043945
0.010681,0.0093079,0.048828
0.012665,0.0082397,0.045166
0.013885,0.0090027,0.047607
0.013733,0.0083923,0.047607
0.012054,0.0083923,0.05249
0.0091553,0.0076294,0.056152
0.007782,0.0067139,0.057373
0.007019,0.0059509,0.059814
0.007019,0.0067139,4.2151
0.0079346,0.0065613,4.8828
0.0083923,0.0059509,4.9231
0.0071716,0.0064087,4.928
0.005188,0.0068665,4.928
0.0042725,0.0071716,4.9341
0.005188,0.0091553,4.9316
0.0076294,0.010223,4.9304
0.010529,0.010223,4.9329
0.011292,0.0094604,4.9365
0.0085449,0.0071716,4.9255
0.010986,0.0086975,4.9402
0.0094604,0.0086975,4.95
0.010223,0.010223,4.9377
0.012207,0.011902,4.9341
0.015717,0.0085449,4.9353
0.018311,0.0093079,4.9109
0.019989,0.007782,4.9268
0.019531,0.0035095,4.9268
0.017853,0.0015259,4.9231
0.016937,0.0018311,4.9219
0.017395,0.0038147,4.9194
0.018921,0.0056458,4.917
0.02121,0.0073242,4.9146
0.021667,0.0054932,4.9158
0.020294,0.0021362,4.9121
0.019073,-0.00091553,4.9133
0.018158,-0.0016785,4.9133
0.018158,-0.00030518,4.9146
0.02121,0.0041199,4.9133
0.023193,0.0082397,4.9121
0.023651,0.0080872,4.9133
0.022278,0.0085449,4.9109
0.019226,0.0030518,4.9084
0.016174,0,4.9109
0.013885,-0.0012207,4.9097
0.014801,0.00045776,4.9097
0.017395,0.0015259,4.9109
0.018921,0.002594,4.9084
0.020752,0.0012207,4.9109
0.020599,-0.00076294,4.9109
0.020142,-0.0027466,4.9133
0.021515,-0.0022888,4.9109
0.022888,-0.00076294,4.9207
0.025787,0.00045776,4.9219
0.027313,0.00015259,4.9255
0.029449,-0.0018311,4.9219
0.028229,-0.0048828,4.9304
0.027618,-0.0053406,4.9377
0.026245,-0.0057983,4.9304
0.026093,-0.005188,4.9353
0.027466,-0.0045776,4.9329
0.028076,-0.0045776,4.9255
0.028534,-0.0038147,4.9304
0.027924,0.00061035,4.9292
0.027008,0.00091553,4.928
0.025482,0.0042725,4.9316
0.024567,0.0059509,4.9316
0.025635,0.0059509,4.9365
0.027313,0.0056458,4.9341
0.027924,0.0039673,4.9377
0.029297,0.00076294,4.9304
0.029144,0.00045776,4.9402
0.026398,0,4.9353
0.021667,-0.00015259,4.9365
0.023041,0.0010681,4.9304
0.023346,0.0013733,4.9304
0.027466,0.0027466,4.9304
0.028839,0.0030518,4.9255
0.027161,0.0045776,4.9268
0.030823,0.0065613,4.9207
0.029755,0.0082397,4.9084
0.029907,0.0083923,0.045166
0.029449,0.0083923,0.046387
0.031281,0.0062561,0.036621
0.032043,0.0039673,0.041504
0.032654,0.0039673,0.039063
0.032959,0.0036621,0.042725
0.032043,0.0047302,0.039063
0.031281,0.0061035,0.041504
0.029907,0.0073242,0.040283
0.029449,0.0079346,0.041504
0.028839,0.0059509,0.041504
0.027161,0.0041199,0.041504
0.02533,0.0015259,0.053711
0.024261,-0.00076294,0.040283
0.024109,-0.0013733,0.043945
0.024567,-0.0015259,0.041504
0.025482,-0.0010681,0.025635
0.026245,-0.0015259,0.042725
0.027161,-0.0028992,0.045166
0.026398,-0.0028992,0.047607
0.028534,-0.0030518,0.05127
0.027313,-0.0019836,0.047607
0.028229,-0.00030518,0.053711
0.029602,0.0010681,0.057373
0.030823,0.002594,0.057373
0.032196,0.0039673,0.056152
0.032196,0.0045776,0.064697
0.032196,0.0050354,0.059814
0.032043,0.004425,0.064697
0.032501,0.0039673,0.067139
0.034485,0.0035095,0.062256
0.036011,0.0024414,0.061035
0.037079,0.00015259,0.059814
0.03418,-0.0030518,0.079346
0.03006,-0.004425,0.059814
0.025635,-0.005188,0.050049
0.020752,-0.0035095,0.064697
0.018768,-0.0018311,0.067139
0.017242,0.00015259,0.062256
0.0177,0.0016785,0.064697
0.016785,-0.00030518,0.059814
0.014343,-0.004425,0.058594
0.013123,-0.0073242,0.053711
0.01236,-0.0097656,0.057373
0.011749,-0.0094604,0.048828
0.013885,-0.0074768,0.05249
0.015869,-0.0035095,0.048828
0.0177,0.00030518,0.05127
0.019226,0.0013733,0.054932
0.021667,0.0010681,0.046387
0.024414,0.0028992,0.048828
0.028992,0.0048828,0.042725
0.033264,0.0082397,0.031738
0.036774,0.010376,0.040283
0.039673,0.010376,0.039063
0.039673,0.0076294,0.036621
0.037537,0.0022888,0.040283
0.036926,-0.00030518,0.039063
0.034485,0.00030518,0.039063
0.031586,0.0027466,0.036621
0.029297,0.0048828,0.039063
0.026703,0.0057983,0.037842
0.025177,0.0041199,0.041504
0.025482,-0.00076294,0.040283
0.027008,-0.0047302,0.042725
0.027618,-0.0064087,0.042725
0.024872,-0.0045776,0.043945
0.021362,-0.0018311,0.047607
0.018768,-0.00015259,0.050049
0.016937,-0.00030518,0.062256
0.015717,-0.0019836,0.053711
0.016022,-0.0038147,0.042725
0.015717,-0.0038147,0.053711
0.014038,-0.0012207,0.062256
0.012207,0.00015259,0.059814
0.011292,0.0016785,0.061035
0.012054,0.00076294,0.056152
0.014191,-0.00076294,0.063477
0.016022,-0.0012207,4.4751
0.017395,-0.0015259,4.8987
0.017395,-0.0013733,4.9207
0.016937,-0.00045776,4.9304
0.016785,-0.00015259,4.9329
0.017548,-0.00076294,4.9365
0.019836,-0.00015259,4.9463
0.020294,0.00030518,4.9414
0.02182,-0.00045776,4.9292
0.021057,-0.0010681,4.9353
0.017853,-0.0012207,4.9158
0.018158,-0.002594,4.928
0.019226,-0.0035095,4.9268
0.020294,-0.0045776,4.9255
0.021515,-0.0054932,4.9243
0.022583,-0.0057983,4.9207
0.021667,-0.0073242,4.9207
0.020905,-0.0054932,4.9207
0.019531,-0.0036621,4.917
0.020294,-0.0018311,4.9158
0.019073,-0.0016785,4.917
0.018005,0.0012207,4.9158
0.016632,0.0012207,4.9182
0.014191,0.0010681,4.9109
0.012817,0.0012207,4.9121
0.013885,0.002594,4.9194
0.015106,0.0041199,4.9109
0.016479,0.0042725,4.9219
0.016937,0.0053406,4.9109
0.018616,0.0045776,4.8999
0.019226,0.0042725,4.9109
0.019989,0.0030518,4.9121
0.019836,0.00061035,4.9097
0.019989,0.0036621,4.9072
0.019226,0.0041199,4.9121
0.016479,0.0042725,4.9133
0.017853,0.0048828,4.9121
0.017853,0.0041199,4.9207
0.018463,0.0032043,4.9182
0.019684,0.0028992,4.9231
0.020447,0.0045776,4.9255
0.02182,0.0068665,4.9304
0.02182,0.0082397,4.928
0.020447,0.0085449,4.9292
0.020142,0.007782,4.9292
0.018921,0.0059509,4.9329
0.019684,0.0041199,4.9353
0.012512,0.0039673,4.9353
0.015106,0.004425,4.9304
0.014038,0.0053406,4.928
0.015411,0.0053406,4.9316
0.015259,0.0039673,4.9304
0.016632,0.0018311,4.9268
0.016479,-0.0015259,4.9329
0.017242,-0.0027466,4.9377
0.017395,-0.0024414,4.9341
0.020294,-0.0018311,4.9365
0.016632,0,4.9365
0.018158,0.0013733,4.9353
0.017853,0.0010681,4.928
0.017548,0.00030518,4.9304
0.013733,-0.00015259,4.9377
0.018005,-0.00030518,4.928
0.018768,0,4.9255
0.019836,0.0028992,4.9231
0.021973,0.0024414,4.9048
0.023956,0.002594,4.9158
0.026245,0.0024414,4.9146
0.027618,0.0024414,4.9182
0.027466,0.0032043,4.9182
0.027161,0.0021362,4.9097
0.025635,0.0022888,0.041504
0.025024,0.0024414,0.039063
0.024567,0.0022888,0.039063
0.022888,0.00091553,0.040283
0.02182,-0.00015259,0.042725
0.018311,0,0.039063
0.017853,0,0.040283
0.0177,0.0035095,0.047607
0.015869,0.0021362,0.037842
0.019684,0.0010681,0.037842
0.020599,-0.00015259,0.041504
0.022125,-0.002594,0.036621
0.022583,-0.0048828,0.040283
0.021057,-0.0065613,0.046387
0.020752,-0.007019,0.041504
0.020599,-0.0054932,0.046387
0.019836,-0.005188,0.045166
0.021057,-0.0033569,0.05249
0.020752,-0.0012207,0.05249
0.021973,0,0.057373
0.02121,0.0039673,0.057373
0.021973,0.00061035,0.063477
0.023193,0.0013733,0.059814
0.023499,0.00030518,0.064697
0.023956,-0.00030518,0.045166
0.023804,-0.0013733,0.061035
0.023193,-0.0016785,0.06958
0.021973,-0.0015259,0.063477
0.021057,-0.00076294,0.070801
0.020142,0.00015259,0.062256
0.019226,0.0012207,0.05127
0.019684,0.00076294,0.062256
0.019684,0.00045776,0.067139
0.021057,0.00045776,0.063477
0.021973,0,0.064697
0.023651,-0.00091553,0.057373
0.023041,-0.00045776,0.057373
0.023193,0.00030518,0.058594
0.022278,-0.00015259,0.056152
0.021362,0,0.050049
0.02121,-0.0015259,0.05127
0.019379,-0.0010681,0.05249
0.01709,0.0030518,0.05127
0.016022,0.0018311,0.050049
0.014954,0.0056458,0.046387
0.014801,0.007782,0.05249
0.016785,0.0073242,0.046387
0.018768,0.0053406,0.043945
0.021515,0.0028992,0.041504
0.022736,0.0013733,0.042725
0.022125,0.0024414,0.037842
0.021973,0.0042725,0.040283
0.023804,0.0050354,0.037842
0.019989,0.0030518,0.040283
0.018768,-0.00045776,0.036621
0.018158,-0.0045776,0.041504
0.017242,-0.0057983,0.036621
0.017395,-0.0059509,0.041504
0.018921,-0.0057983,0.040283
0.020599,-0.0053406,0.043945
0.02182,-0.0036621,0.040283
0.021973,-0.002594,0.046387
0.02182,-0.00091553,0.059814
0.023041,0.00015259,0.047607
0.022125,0.00076294,0.056152
0.022888,0.00030518,0.050049
0.022125,-0.00076294,0.037842
0.021667,-0.0012207,0.053711
0.022583,-0.0021362,0.057373
0.023499,-0.0028992,0.058594
0.025177,-0.0016785,0.061035
0.027313,-0.0013733,0.059814
0.029144,-0.00045776,0.062256
0.029755,-0.00015259,0.059814
0.028839,-0.00045776,0.062256
0.026855,-0.0024414,0.057373
0.024261,-0.004425,0.065918
0.023346,-0.0074768,0.062256
0.02243,-0.0094604,3.49
0.02182,-0.011139,4.8511
0.02121,-0.011597,4.928
0.019989,-0.011444,4.9353
0.018005,-0.010223,4.9353
0.018921,-0.0093079,4.9451
0.018311,-0.0057983,4.9304
0.020599,-0.0030518,4.9146
0.021362,-0.00076294,4.9255
0.023193,0.0021362,4.9243
0.025177,0.0039673,4.9207
0.026245,0.0064087,4.9243
0.028534,0.007782,4.9207
0.030975,0.0080872,4.9182
0.033569,0.0080872,4.9146
0.035248,0.0064087,4.9158
0.0354,0.0050354,4.917
0.034027,0.0039673,4.917
0.031281,0.0039673,4.9121
0.028229,0.0039673,4.9146
0.027161,0.0036621,4.9182
0.025177,0.0021362,4.9146
0.023193,0.00015259,4.9146
0.02121,-0.0018311,4.9097
0.019989,-0.0022888,4.8987
0.018463,-0.0012207,4.9121
0.015869,0.0018311,4.9084
0.014038,0.0039673,4.906
0.012817,0.0067139,4.9109
0.012054,0.0071716,4.9109
0.013428,0.0054932,4.9109
0.015564,0.0030518,4.9109
0.018768,0.0041199,4.9194
0.019073,0.0071716,4.9194
0.019684,0.0091553,4.9194
0.019989,0.009613,4.9219
0.018158,0.0073242,4.9255
0.016479,0.0030518,4.9243
0.016479,0.00030518,4.9292
0.013885,-0.00091553,4.9292
0.012512,0,4.9316
0.010223,0.0041199,4.9402
0.010376,0.0056458,4.9341
0.010681,0.007019,4.9182
0.012207,0.0074768,4.9292
0.014191,0.0076294,4.9304
0.016632,0.0083923,4.9304
0.018616,0.0099182,4.9329
0.017395,0.009613,4.9316
0.017395,0.0083923,4.9353
0.016632,0.0071716,4.9341
0.017853,0.0061035,4.9377
0.018158,0.0062561,4.9341
0.018616,0.0053406,4.9365
0.016937,0.0054932,4.9304
0.015106,0.0056458,4.9329
0.01297,0.0041199,4.939
0.01236,0.0047302,4.928
0.012665,0.0053406,4.9219
0.012512,0.0054932,4.9231
0.011139,0.0059509,4.906
0.010681,0.0059509,4.9146
0.010986,0.0064087,4.9182
0.0094604,0.0061035,4.9158
0.0085449,0.0068665,4.9182
0.007782,0.0082397,4.9109
0.0091553,0.010529,4.9158
0.009613,0.013733,4.9109
0.010223,0.012512,4.9121
0.010834,0.010834,4.906
0.012512,0.0080872,4.9133
0.011902,0.0056458,0.042725
0.01236,0.0042725,0.041504
0.012512,0.0032043,0.040283
0.01297,0.0045776,0.041504
0.011444,0.0054932,0.041504
0.010681,0.0053406,0.043945
0.011139,0,0.047607
0.011749,0.0028992,0.041504
0.011749,0.0021362,0.037842
0.012512,0.0022888,0.045166
0.013428,0.0033569,0.046387
0.014191,0.0047302,0.046387
0.014496,0.0041199,0.053711
0.014496,0.0057983,0.050049
0.014191,0.0059509,0.058594
0.01236,0.0056458,0.056152
0.012207,0.0067139,0.062256
0.011749,0.0065613,0.059814
0.011902,0.0082397,0.064697
0.012054,0.0054932,0.064697
0.012817,0.005188,0.067139
0.012665,0.0050354,0.06958
0.013275,0.0054932,0.064697
0.01358,0.0067139,0.064697
0.017548,0.007019,0.063477
0.015411,0.0071716,0.057373
0.015717,0.0079346,0.064697
0.017242,0.0061035,0.070801
0.02121,0.0053406,0.063477
0.019836,0.00015259,0.067139
0.02121,0.0022888,0.058594
0.021973,0.00091553,0.062256
0.021667,0.0016785,0.057373
0.022278,0.0021362,0.057373
0.023651,0.0010681,0.053711
0.024567,0.00015259,0.05127
0.022125,-0.0013733,0.056152
0.020447,-0.0030518,0.053711
0.019989,-0.0061035,0.046387
0.019379,-0.0057983,0.046387
0.018005,-0.0062561,0.058594
0.020905,-0.0057983,0.046387
0.018005,-0.0068665,0.05249
0.017395,-0.0059509,0.042725
0.01709,-0.0091553,0.03418
0.017395,-0.0071716,0.036621
0.019073,-0.0088501,0.039063
0.020905,-0.009613,0.042725
0.022278,-0.010834,0.039063
0.023651,-0.0083923,0.036621
0.023499,-0.0054932,0.041504
0.022278,-0.0035095,0.037842
0.02121,-0.002594,0.037842
0.024719,-0.0033569,0.03418
0.021362,-0.0048828,0.042725
0.022736,-0.0064087,0.042725
0.023499,-0.005188,0.046387
0.024414,-0.0028992,0.057373
0.025024,0.00091553,0.046387
0.025635,0.0016785,0.043945
0.025482,0.0053406,0.05127
0.027313,0.0048828,0.047607
0.028381,0.0036621,0.053711
0.025635,0.0024414,0.061035
0.026703,0.0027466,0.059814
0.024567,0.004425,0.061035
0.023193,0.0050354,0.05249
0.021515,0.0047302,0.063477
0.021515,0.0035095,0.059814
0.023041,-0.0019836,0.058594
0.023193,0.004425,0.057373
0.023346,0.0015259,0.062256
0.024567,0.0013733,0.058594
0.024414,0.00045776,0.067139
0.024261,0.00061035,0.065918
0.024261,-0.0033569,0.065918
0.024414,-0.0048828,0.072021
0.024109,-0.005188,0.065918
0.023499,-0.0056458,0.94482
0.023499,-0.0042725,4.696
0.023651,-0.0027466,4.9011
0.023651,-0.0015259,4.9255
0.023804,-0.00091553,4.9219
0.02533,0,4.9194
0.026245,0.0019836,4.9219
0.024872,0.0021362,4.917
0.028687,0.0030518,4.9194
0.029755,0.0036621,4.917
0.03006,0.0041199,4.9182
0.028992,0.0028992,4.9133
0.029755,0.0010681,4.9207
0.026855,-0.00045776,4.9146
0.02594,-0.0019836,4.9158
0.025787,-0.0062561,4.9097
0.026245,-0.0064087,4.9109
0.02655,-0.0056458,4.9097
0.025787,-0.0041199,4.9084
0.023041,-0.0071716,4.8889
0.020752,-0.0062561,4.9097
0.018768,-0.0080872,4.9146
0.018311,-0.0082397,4.906
0.019684,-0.0064087,4.9084
0.02121,-0.0033569,4.9121
0.024261,0.00061035,4.8938
0.025635,0.00091553,4.9072
0.028687,0.00091553,4.9133
0.030365,-0.00045776,4.9121
0.030975,0.00061035,4.9207
0.032043,0.0027466,4.917
0.031891,0.0053406,4.928
0.029755,0.007019,4.9219
0.028229,0.0054932,4.9304
0.026703,0.0024414,4.939
0.02594,-0.00030518,4.9304
0.026398,-0.0022888,4.9365
0.027313,-0.00030518,4.9316
0.027924,-0.00015259,4.9182
0.029297,0.0010681,4.9304
0.028839,-0.00091553,4.9304
0.028534,-0.0036621,4.9329
0.026093,-0.0067139,4.9304
0.024414,-0.012665,4.9329
0.021057,-0.011444,4.9426
0.018616,-0.010529,4.9353
0.014954,-0.0090027,4.9353
0.012665,-0.007782,4.9329
0.011597,-0.0080872,4.9353
0.011902,-0.0068665,4.9329
0.013885,-0.0041199,4.9414
0.013733,-0.00015259,4.9353
0.016785,0.0042725,4.928
0.019836,0.0073242,4.9268
0.023804,0.0099182,4.9243
0.027161,0.011597,4.9036
0.029755,0.0083923,4.9231
0.03006,0.010834,4.9146
0.028839,0.01236,4.9194
0.027618,0.0091553,4.9146
0.025787,0.0097656,4.9133
0.023346,0.009613,4.9158
0.021057,0.0086975,4.9109
0.019989,0.010681,4.9109
0.018921,0.010834,4.9072
0.019073,0.010071,4.9109
0.018921,0.0064087,4.9109
0.021057,0.0061035,4.9121
0.023193,0.0057983,4.9133
0.02594,0.010986,4.9121
0.027313,0.015259,4.9207
0.026855,0.014496,4.9109
0.024567,0.012665,0.05249
0.02121,0.0067139,0.040283
0.017395,-0.0010681,0.031738
0.013885,-0.0076294,0.041504
0.0099182,-0.010681,0.043945
0.0057983,-0.010681,0.046387
0.0022888,-0.013428,0.05127
-0.00061035,-0.010834,0.05127
-0.00091553,-0.015259,0.056152
0.00076294,-0.015869,0.05249
0.0047302,-0.014191,0.062256
0.0099182,-0.010071,0.058594
0.014954,-0.0032043,0.062256
0.017853,0.0019836,0.062256
0.019684,0.0022888,0.062256
0.019684,0.0013733,0.065918
0.019073,-0.0032043,0.062256
0.017242,-0.0057983,0.062256
0.015106,-0.0061035,0.062256
0.014801,-0.0033569,0.073242
0.013885,-0.00030518,0.065918
0.016632,0.0030518,0.062256
0.017853,0.0035095,0.064697
0.02121,0.0048828,0.067139
0.024261,0.007782,0.063477
0.028381,0.011749,0.061035
0.032501,0.013885,0.057373
0.034332,0.014801,0.058594
0.033417,0.017395,0.057373
0.031433,0.0099182,0.056152
0.026703,0.0050354,0.057373
0.022888,0.00015259,0.05249
0.018616,-0.0012207,0.047607
0.013733,-0.0013733,0.048828
0.0090027,0.00015259,0.05127
0.0030518,-0.00030518,0.047607
0.00076294,-0.00030518,0.047607
-0.0016785,-0.00091553,0.046387
-0.002594,-0.0021362,0.023193
-0.00030518,-0.0027466,0.042725
0.00030518,-0.0030518,0.039063
0.0028992,-0.0027466,0.039063
0.0047302,-0.0018311,0.037842
0.010834,-0.00030518,0.037842
0.0090027,0.00015259,0.040283
0.0090027,-0.0010681,0.039063
0.009613,-0.0018311,0.039063
0.0073242,-0.0015259,0.037842
0.0062561,0,0.041504
0.0059509,0.0013733,0.039063
0.0059509,0.0054932,0.043945
0.0086975,0.0071716,0.045166
0.011597,0.0076294,0.045166
0.01297,0.0047302,0.048828
0.016632,-0.0024414,0.050049
0.020294,-0.0030518,0.062256
0.023651,-0.0028992,0.046387
0.02533,-0.0036621,0.046387
0.02655,0.00061035,0.057373
0.02594,0.0022888,0.058594
0.024109,0.00045776,0.057373
0.020294,-0.0032043,0.059814
0.018005,-0.0057983,0.061035
0.015259,-0.0088501,0.061035
0.013275,-0.0083923,0.058594
0.010223,-0.004425,0.063477
0.011597,-0.0013733,0.056152
0.013428,0.0013733,0.064697
0.017242,0.0042725,0.064697
0.019531,0.0039673,0.067139
0.022278,0.0054932,0.075684
0.024261,0.010681,0.065918
0.025024,0.012054,0.067139
0.024872,0.014648,0.064697
0.022125,0.014191,0.057373
0.018768,0.0083923,0.059814
0.01709,0.002594,0.057373
0.016174,-0.00091553,0.046387
0.017853,-0.0039673,2.0935
0.017853,-0.0054932,4.751
0.018311,-0.0047302,4.9023
0.019531,-0.0056458,4.9158
0.02243,-0.0082397,4.8987
0.025787,-0.0074768,4.9146
0.027618,-0.004425,4.9109
0.029144,-0.0036621,4.9158
0.029907,-0.0033569,4.9158
0.029144,-0.0064087,4.9084
0.026703,-0.009613,4.9097
0.025024,-0.014496,4.9231
0.021515,-0.016022,4.9097
0.022278,-0.016022,4.9194
0.023346,-0.014954,4.9121
0.024567,-0.014038,4.8975
0.023956,-0.0071716,4.9084
0.023499,-0.0024414,4.9109
0.023499,-0.0024414,4.9109
0.024261,-0.005188,4.9084
0.025635,-0.013123,4.9072
0.025177,-0.010986,4.917
0.023956,-0.0062561,4.9121
0.022278,-0.0016785,4.917
0.021057,-0.00015259,4.9146
0.018921,-0.0013733,4.9243
0.018768,-0.0012207,4.9231
0.018921,-0.0016785,4.9292
0.019226,-0.0032043,4.9402
0.02121,-0.0033569,4.9292
0.023956,-0.0016785,4.9316
0.024872,-0.00045776,4.9329
0.026855,-0.0012207,4.9316
0.026093,-0.0033569,4.9304
0.026398,-0.0047302,4.9304
0.027771,-0.0082397,4.9316
0.027924,-0.0045776,4.9304
0.02594,0.00045776,4.928
0.024261,0.0048828,4.9353
0.020447,0.007782,4.9353
0.019379,0.0061035,4.9377
0.017853,0.0042725,4.9329
0.018311,0.0019836,4.9451
0.018311,0.0013733,4.9316
0.016632,0.0079346,4.9304
0.015411,0.011597,4.9304
0.014038,0.013885,4.9329
0.015259,0.011749,4.9353
0.015259,0.010376,4.9268
0.015717,0.0099182,4.9304
0.016327,0.0082397,4.9109
0.0177,0.0054932,4.9097
0.021057,0.0015259,4.9158
0.023346,-0.0028992,4.9146
0.024261,-0.0059509,4.9146
0.021057,-0.011444,4.917
0.016785,-0.014648,4.9121
0.015717,-0.01709,4.8987
0.016327,-0.013275,4.9109
0.018616,-0.014191,4.9109
0.019531,-0.010071,4.9084
0.019073,-0.0048828,4.9146
0.018158,-0.0019836,4.9072
0.018768,-0.00045776,4.9048
0.019684,-0.00015259,4.9109
0.020142,-0.0012207,4.9109
0.021057,-0.0022888,4.9084
0.021057,-0.0019836,4.9097
0.020294,0.00045776,4.9084
0.018005,0.0013733,4.9158
0.013885,0.0013733,4.9109
0.011749,0.0018311,4.9133
0.012054,0.0019836,4.917
0.014038,0.0039673,0.050049
0.015564,0.0068665,0.05249
0.01709,0.0091553,0.05249
0.018158,0.010223,0.062256
0.020142,0.010223,0.058594
0.023041,0.004425,0.059814
0.026245,-0.0013733,0.061035
0.029144,-0.0068665,0.064697
0.029907,-0.0068665,0.059814
0.027924,-0.0054932,0.064697
0.026855,-0.0030518,0.072021
0.023804,-0.0036621,0.062256
0.02121,-0.0062561,0.070801
0.017242,-0.0091553,0.062256
0.013733,-0.012512,0.046387
0.012665,-0.013428,0.064697
0.010071,-0.012054,0.068359
0.0097656,-0.010834,0.064697
0.0091553,-0.0086975,0.063477
0.0085449,-0.0091553,0.059814
0.010376,-0.010071,0.062256
0.013885,-0.010986,0.057373
0.018921,-0.010834,0.057373
0.021515,-0.0097656,0.048828
0.020599,-0.0076294,0.054932
0.017853,-0.0065613,0.05249
0.013275,-0.0054932,0.050049
0.010681,-0.0047302,0.054932
0.010223,-0.005188,0.050049
0.010223,-0.0064087,0.045166
0.011749,-0.0067139,0.043945
0.013733,-0.0085449,0.037842
0.017242,-0.0024414,0.040283
0.020599,0.0018311,0.0354
0.023651,0.0045776,0.040283
0.029144,0.0064087,0.040283
0.034332,0.0076294,0.037842
0.039215,0.0080872,0.040283
0.042114,0.0094604,0.037842
0.041504,0.010681,0.040283
0.038452,0.0093079,0.0354
0.034485,0.0079346,0.042725
0.031128,0.0067139,0.039063
0.029297,0.0041199,0.040283
0.027008,0.0033569,0.039063
0.022888,0.0048828,0.046387
0.018158,0.007782,0.054932
0.0097656,0.013275,0.05127
0.0013733,0.018158,0.059814
-0.0045776,0.021515,0.05127
-0.0067139,0.02594,0.045166
-0.0042725,0.027924,0.056152
0.0013733,0.038452,0.057373
0.0076294,0.046082,0.061035
0.013123,0.053101,0.056152
0.016785,0.053406,0.061035
0.019836,0.048828,0.062256
0.023346,0.040894,0.059814
0.028076,0.031738,0.064697
0.033417,0.025787,0.056152
0.040741,0.019989,0.063477
0.04425,0.013885,0.067139
0.04364,0.0090027,0.065918
0.040283,0.0065613,0.068359
0.035095,0.007019,0.06958
0.029449,0.010529,0.065918
0.020905,0.014191,0.063477
0.011597,0.014343,0.073242
0.0022888,0.0079346,0.059814
-0.0056458,-0.0041199,0.043945
-0.013123,-0.018616,0.05249
-0.017395,-0.030365,0.054932
-0.0177,-0.037689,0.047607
-0.015564,-0.040436,0.050049
-0.007019,-0.039978,0.046387
-0.0067139,-0.036163,0.048828
-0.0042725,-0.029144,0.047607
-0.0018311,-0.016022,2.1118
0.00076294,-0.00076294,4.7461
0.0076294,0.014648,4.9023
0.016479,0.025787,4.9084
0.025635,0.028839,4.9109
0.034637,0.024109,4.9231
0.040283,0.01297,4.9121
0.042419,0.0024414,4.9109
0.041046,-0.0027466,4.9109
0.037842,-0.0027466,4.8901
0.033875,0.00061035,4.9072
0.029907,0.0019836,4.9097
0.026855,0.0028992,4.9109
0.023804,0.0021362,4.9097
0.022888,0.0053406,4.9097
0.019073,0.010376,4.9133
0.018158,0.014954,4.9109
0.021515,0.017242,4.917
0.026093,0.016785,4.9158
0.02594,0.014496,4.9243
0.032349,0.0083923,4.917
0.029907,0.0036621,4.928
0.022736,0.0038147,4.9255
0.014343,0.0041199,4.9268
0.005188,0.0039673,4.9292
-0.0016785,0.0021362,4.9316
-0.0047302,-0.0019836,4.9426
-0.0057983,-0.0082397,4.9316
-0.007782,-0.014343,4.9207
-0.0083923,-0.020447,4.9304
-0.0085449,-0.023804,4.9207
-0.0048828,-0.028839,4.9353
0.002594,-0.03006,4.9341
0.011292,-0.031128,4.9341
0.020294,-0.032806,4.9341
0.026703,-0.032959,4.9353
0.029297,-0.030975,4.9377
0.028687,-0.024567,4.9329
0.027466,-0.020599,4.9353
0.029144,-0.018616,4.9304
0.034332,-0.014648,4.9329
0.041809,-0.018158,4.9402
0.04715,-0.015259,4.9243
0.049133,-0.019226,4.9207
0.048065,-0.020142,4.917
0.044403,-0.020599,4.9109
0.040588,-0.017395,4.9219
0.040131,-0.014801,4.917
0.040588,-0.016022,4.9133
0.041199,-0.014801,4.9182
0.039368,-0.016785,4.9133
0.0383,-0.020294,4.9146
0.036163,-0.018463,4.9109
0.034332,-0.022583,4.9097
0.033417,-0.023193,4.906
0.031433,-0.02243,4.9133
0.027618,-0.023346,4.9109
0.018158,-0.020905,4.9158
0.0091553,-0.017242,4.906
0.00030518,-0.010071,4.9109
-0.0059509,-0.0012207,4.9158
-0.0079346,0.007782,4.9097
-0.0056458,0.018921,4.9097
0.0010681,0.021515,4.9207
0.0090027,0.027924,4.906
0.014801,0.02594,4.9133
0.020905,0.022125,4.917
0.023346,0.018616,4.9207
0.025635,0.014191,4.9219
0.027313,0.0093079,4.9243
0.026398,0.0057983,4.9292
0.026245,0.0022888,4.928
0.026245,-0.0048828,4.9304
0.027618,-0.0054932,4.9316
0.030212,-0.0062561,0.062256
0.031586,-0.0097656,0.063477
0.0354,-0.01297,0.063477
0.036316,-0.01709,0.075684
0.037079,-0.024261,0.062256
0.034637,-0.029755,0.062256
0.030823,-0.032501,0.062256
0.028687,-0.035858,0.063477
0.023956,-0.030518,0.063477
0.020142,-0.020905,0.064697
0.015869,-0.0086975,0.058594
0.014343,0.00076294,0.062256
0.016937,0.01358,0.061035
0.020447,0.016174,0.062256
0.023041,0.016632,0.059814
0.024414,0.015259,0.056152
0.024567,0.013733,0.053711
0.02655,0.012665,0.053711
0.029907,0.010071,0.05249
0.031891,0.0039673,0.050049
0.033722,-0.0022888,0.046387
0.036469,-0.0028992,0.043945
0.037994,0.0030518,0.054932
0.037842,0.012665,0.048828
0.035858,0.024261,0.058594
0.03479,0.031433,0.043945
0.034027,0.032654,0.036621
0.031738,0.03067,0.040283
0.028839,0.024872,0.037842
0.023041,0.018311,0.040283
0.016479,0.011597,0.041504
0.0099182,0.0035095,0.037842
0.0061035,-0.002594,0.037842
0.0042725,-0.0071716,0.036621
0.0038147,-0.014343,0.042725
0.0054932,-0.014801,0.036621
0.007019,-0.012512,0.042725
0.0074768,-0.0082397,0.042725
0.0093079,-0.0057983,0.046387
0.0093079,-0.0039673,0.05249
0.011444,-0.0073242,0.047607
0.013885,-0.011139,0.05249
0.015564,-0.015106,0.048828
0.018463,-0.020294,0.048828
0.019379,-0.024109,0.053711
0.021057,-0.027924,0.057373
0.021667,-0.031586,0.058594
0.02243,-0.030975,0.059814
0.023193,-0.028381,0.058594
0.023193,-0.02243,0.059814
0.023499,-0.016022,0.061035
0.02594,-0.011292,0.062256
0.029907,-0.011292,0.057373
0.034332,-0.011597,0.059814
0.039215,-0.011292,0.064697
0.045624,-0.0076294,0.067139
0.050201,-0.0024414,0.062256
0.055847,0.0022888,0.070801
0.056,0.0047302,0.076904
0.056152,0.0062561,0.063477
0.052338,0.0094604,0.072021
0.046387,0.014648,0.063477
0.043488,0.019989,0.045166
0.040588,0.023956,0.058594
0.037994,0.026398,0.056152
0.034943,0.026398,0.05249
0.031433,0.023956,0.05249
0.028229,0.022125,0.048828
0.023651,0.02121,0.05249
0.022278,0.024109,0.046387
0.020905,0.026703,0.046387
0.019379,0.027313,0.039063
0.017242,0.026703,0.045166
0.014954,0.021973,0.042725
0.014191,0.015869,0.042725
0.013428,0.0097656,0.045166
0.013428,0.0050354,2.677
0.015259,0.0016785,4.7729
0.014801,-0.0018311,4.8987
0.013885,-0.0056458,4.8999
0.012665,-0.0099182,4.9072
0.012054,-0.014038,4.9146
0.010223,-0.016479,4.9097
0.0074768,-0.016327,4.9097
0.007782,-0.01358,4.9072
0.0039673,-0.0094604,4.9133
0.0028992,-0.0064087,4.9097
0.0028992,-0.0050354,4.9158
0.0047302,-0.0019836,4.9133
0.0093079,0.00030518,4.9207
0.015106,0.0022888,4.9194
0.017853,0.0057983,4.9255
0.020294,0.0079346,4.9255
0.020599,0.0085449,4.9316
0.020447,0.0065613,4.9377
0.018921,0.0035095,4.9268
0.018311,0.0010681,4.939
0.0177,-0.0021362,4.9316
0.017395,-0.0016785,4.9219
0.019226,-0.00061035,4.9304
0.020142,0.0012207,4.9292
0.024567,0.0024414,4.9304
0.027008,0.0048828,4.9316
0.027771,0.0061035,4.9329
0.026703,0.0059509,4.9353
0.024567,0.0067139,4.9341
0.022278,0.0085449,4.9426
0.020142,0.0085449,4.9353
0.016327,0.012665,4.9377
0.012054,0.014801,4.9329
0.007782,0.016937,4.9341
0.005188,0.016327,4.9316
0.0028992,0.017395,4.9304
0.0032043,0.016632,4.9304
0.0030518,0.016022,4.9255
0.004425,0.014343,4.9316
0.005188,0.011749,4.9231
0.0074768,0.0079346,4.9207
0.0079346,0.004425,4.917
0.0085449,0.00045776,4.917
0.0099182,-0.002594,4.9158
0.012207,-0.0053406,4.9121
0.014496,-0.0073242,4.9084
0.01709,-0.0090027,4.9146
0.020294,-0.010376,4.9084
0.022736,-0.011749,4.9133
0.023956,-0.009613,4.9097
0.024567,-0.0064087,4.9048
0.026093,-0.002594,4.9097
0.029297,0.004425,4.9109
0.030212,0.0035095,4.9207
0.03006,0.0021362,4.9121
0.029602,0.0015259,4.9158
0.028534,0.0012207,4.9133
0.027924,0.00045776,4.895
0.028534,0.0019836,4.9109
0.029144,0.0028992,4.9158
0.028229,0.0010681,4.917
0.027924,-0.00061035,4.9231
0.026093,-0.0041199,4.9158
0.023956,-0.0065613,4.9207
0.026245,-0.0064087,4.9231
0.021973,-0.0035095,4.928
0.021667,0.0015259,4.9304
0.02182,0.0059509,4.9353
0.02182,0.0097656,4.9316
0.020599,0.013123,4.9341
0.020142,0.014343,4.9365
0.019684,0.013733,4.9304
0.023193,0.01358,4.928
0.018311,0.014038,0.063477
0.0177,0.014343,0.075684
0.015411,0.014496,0.064697
0.014343,0.013885,0.063477
0.014648,0.010223,0.064697
0.015259,0.005188,0.068359
0.018005,-0.0016785,0.061035
0.016327,-0.0036621,0.064697
0.015564,-0.0073242,0.063477
0.014801,-0.0088501,0.059814
0.013275,-0.0099182,0.054932
0.014648,-0.012054,0.047607
0.016174,-0.014954,0.050049
0.018005,-0.019073,0.05249
0.021057,-0.018311,0.05127
0.022583,-0.018616,0.05127
0.023193,-0.016937,0.057373
0.027924,-0.015259,0.047607
0.031281,-0.015259,0.050049
0.034027,-0.014648,0.042725
0.034485,-0.015564,0.03418
0.036469,-0.013885,0.040283
0.037842,-0.013123,0.041504
0.037079,-0.010529,0.037842
0.036926,-0.011597,0.039063
0.0354,-0.012054,0.0354
0.034485,-0.013428,0.041504
0.033417,-0.014496,0.037842
0.032959,-0.01297,0.041504
0.032349,-0.014038,0.036621
0.031128,-0.01358,0.037842
0.030518,-0.012054,0.042725
0.029602,-0.010834,0.042725
0.030365,-0.007019,0.042725
0.029907,-0.0016785,0.046387
0.031891,0.004425,0.046387
0.033264,0.010071,0.048828
0.030518,0.013733,0.057373
0.026855,0.015106,0.054932
0.026093,0.014496,0.045166
0.025024,0.012207,0.054932
0.023041,0.010376,0.061035
0.021515,0.0067139,0.059814
0.020599,0.0016785,0.061035
0.018921,-0.0019836,0.058594
0.018158,-0.0064087,0.064697
0.017548,-0.0085449,0.056152
0.017395,-0.0090027,0.062256
0.018311,-0.0086975,0.061035
0.018768,-0.0083923,0.063477
0.016785,-0.007782,0.061035
0.013885,-0.0079346,0.067139
0.011749,-0.0079346,0.078125
0.010223,-0.007019,0.067139
0.0090027,-0.0056458,0.064697
0.0094604,-0.0050354,0.065918
0.009613,-0.0056458,0.05127
0.009613,-0.0056458,0.056152
0.010834,-0.005188,0.057373
0.014343,-0.004425,0.054932
0.018311,-0.0018311,0.053711
0.021515,0.00091553,0.047607
0.024261,0.0027466,0.047607
0.023804,0.0022888,0.046387
0.023193,0.0033569,0.048828
0.019836,0,0.045166
0.01709,-0.0010681,0.048828
0.015106,-0.00015259,0.048828
0.014801,0.00091553,0.045166
0.016327,0.0012207,0.041504
0.018921,0.0012207,0.042725
0.022736,0.00091553,0.048828
0.02594,0.00076294,0.040283
0.029297,0.0013733,0.048828
0.032043,0.0019836,0.039063
0.030975,0.0039673,0.030518
0.029297,0.0032043,0.039063
0.02655,0.0019836,4.491
0.023193,-0.00061035,4.8792
0.020142,-0.0016785,4.9048
0.018158,-0.0022888,4.9109
0.017853,-0.0016785,4.9097
0.0177,-0.00045776,4.9097
0.017853,-0.00091553,4.9207
0.019531,-0.0019836,4.9048
0.019531,-0.0038147,4.9243
0.023346,-0.004425,4.9243
0.025482,-0.0045776,4.9255
0.029449,-0.0018311,4.9353
0.031738,0.0018311,4.9329
0.03418,0.0065613,4.9292
0.036774,0.010223,4.9329
0.038605,0.013275,4.9329
0.040283,0.014496,4.9341
0.041504,0.014648,4.9341
0.043488,0.011444,4.928
0.043182,0.0097656,4.9329
0.04364,0.005188,4.9292
0.039368,0.0015259,4.9341
0.036011,-0.0021362,4.9329
0.034027,-0.0056458,4.9377
0.031738,-0.0079346,4.9341
0.03067,-0.010986,4.9365
0.030212,-0.013733,4.9341
0.028992,-0.014191,4.9316
0.027313,-0.014801,4.9292
0.024567,-0.01297,4.9316
0.02243,-0.009613,4.9377
0.021667,-0.0053406,4.9243
0.02121,-0.004425,4.9292
0.021667,0.00030518,4.9243
0.023499,0.00015259,4.906
0.024872,-0.00061035,4.9133
0.025635,-0.0021362,4.9158
0.02655,-0.0028992,4.9182
0.027313,-0.0030518,4.9133
0.027466,-0.0024414,4.9146
0.026398,-0.0030518,4.9133
0.026398,-0.0028992,4.9084
0.025635,-0.0024414,4.9121
0.023499,-0.00030518,4.906
0.020447,0.00030518,4.917
0.018768,0.0035095,4.9121
0.016785,0.0076294,4.9133
0.015869,0.012665,4.9121
0.016022,0.017548,4.9109
0.0177,0.02182,4.9097
0.018768,0.024261,4.9121
0.017242,0.023499,4.9072
0.015259,0.02182,4.9109
0.014191,0.020142,4.9121
0.013275,0.018463,4.9146
0.013885,0.016022,4.9182
0.015411,0.014496,4.917
0.013275,0.01236,4.9207
0.015717,0.011749,4.9243
0.014496,0.0093079,4.9255
0.013428,0.005188,4.9194
0.012207,-0.00015259,4.9341
0.009613,-0.0061035,4.9268
0.007019,-0.010681,4.9329
0.00076294,-0.011749,4.928
-0.007019,-0.015717,4.928
-0.010529,-0.016785,4.9377
-0.012817,-0.018616,4.9365
-0.013123,-0.020599,4.939
-0.010834,-0.02243,4.9341
-0.0093079,-0.023193,4.9207
-0.0042725,-0.016632,4.9438
0.00030518,-0.0097656,4.9365
0.0064087,-0.00015259,0.064697
0.014496,0.0065613,0.067139
0.020905,0.012665,0.059814
0.027466,0.010986,0.064697
0.032806,0.018768,0.058594
0.037689,0.019836,0.057373
0.041504,0.021515,0.05127
0.04364,0.021667,0.056152
0.045776,0.021362,0.054932
0.047913,0.018463,0.054932
0.048065,0.01358,0.050049
0.045776,0.0090027,0.050049
0.043488,0.0053406,0.048828
0.034332,0.0036621,0.047607
0.033569,0.0047302,0.043945
0.027924,0.007019,0.041504
0.021973,0.010986,0.040283
0.016479,0.014648,0.039063
0.011292,0.018311,0.039063
0.0056458,0.020447,0.039063
0.0038147,0.021973,0.036621
0.0036621,0.020599,0.039063
0.004425,0.015869,0.040283
0.0062561,0.013428,0.037842
0.0061035,0.0056458,0.023193
0.0053406,-0.0028992,0.041504
0.004425,-0.010986,0.041504
0.0035095,-0.017395,0.041504
0.0035095,-0.020142,0.045166
0.0045776,-0.017242,0.058594
0.0062561,-0.014648,0.047607
0.0068665,-0.010223,0.056152
0.0074768,-0.007782,0.05127
0.011139,-0.0076294,0.036621
0.014801,-0.0091553,0.054932
0.020752,-0.012054,0.057373
0.02594,-0.014801,0.061035
0.031128,-0.015106,0.058594
0.034332,-0.014648,0.057373
0.035553,-0.014648,0.064697
0.036316,-0.014648,0.056152
0.037842,-0.014954,0.059814
0.039063,-0.01297,0.057373
0.0383,-0.011292,0.064697
0.036926,-0.0080872,0.064697
0.035095,-0.0071716,0.064697
0.033875,-0.007019,0.075684
0.031128,-0.0085449,0.067139
0.032501,-0.011597,0.06958
0.034027,-0.013733,0.068359
0.036163,-0.014496,0.073242
0.0383,-0.014801,0.059814
0.040588,-0.013733,0.073242
0.042419,-0.012512,0.058594
0.041656,-0.010986,0.05249
0.039978,-0.011597,0.05127
0.037994,-0.0086975,0.050049
0.036163,-0.0019836,0.047607
0.032959,0.0045776,0.05127
0.029907,0.0080872,0.042725
0.027618,0.013885,0.050049
0.026398,0.013428,0.043945
0.02533,0.012207,0.047607
0.024109,0.0097656,0.041504
0.024872,0.0094604,0.043945
0.027008,0.010376,0.050049
0.028992,0.009613,0.032959
0.029449,0.0080872,0.050049
0.029144,0.0057983,0.039063
0.027618,0.0047302,0.026855
0.026703,0.0027466,0.039063
0.027466,0.0032043,0.036621
0.029297,0.0054932,0.031738
0.029297,0.0059509,0.037842
0.029297,0.007019,0.039063
0.024719,0.0032043,0.042725
0.027161,-0.00076294,0.040283
0.026093,-0.0047302,4.0869
0.024414,-0.0091553,4.8633
0.022888,-0.010986,4.9133
0.020599,-0.01236,4.9231
0.0177,-0.011597,4.9231
0.014954,-0.011292,4.9255
0.013275,-0.010223,4.9243
0.010681,-0.010071,4.9292
0.010376,-0.0090027,4.9292
0.010986,-0.0080872,4.939
0.013123,-0.0057983,4.9341
0.014191,-0.0012207,4.9133
0.016327,0.0022888,4.9304
0.01709,0.0048828,4.9341
0.019226,0.0054932,4.9304
0.020294,0.004425,4.9316
0.021057,0.0033569,4.9316
0.023346,0.0022888,4.9377
0.025787,0.0036621,4.9353
0.028687,0.0050354,4.9365
0.030823,0.0061035,4.9329
0.031433,0.007782,4.9365
0.031433,0.0086975,4.9304
0.030975,0.0071716,4.9329
0.031281,0.0057983,4.9402
0.031128,0.0048828,4.9255
0.028992,0.0035095,4.9207
0.027161,0.0018311,4.9207
0.023804,-0.00091553,4.9084
0.019989,-0.0033569,4.9146
0.016174,-0.0068665,4.9194
0.014648,-0.010834,4.9158
0.014496,-0.012665,4.9146
0.014343,-0.011292,4.9109
0.014954,-0.009613,4.9133
0.014343,-0.0091553,4.9109
0.015411,-0.0093079,4.9109
0.014801,-0.010071,4.906
0.016327,-0.011139,4.9072
0.018616,-0.010071,4.9109
0.020294,-0.0080872,4.9121
0.021515,-0.007782,4.9084
0.020294,-0.010529,4.9109
0.019684,-0.015564,4.9182
0.0177,-0.020447,4.9097
0.017242,-0.02182,4.9182
0.018921,-0.020447,4.9109
0.021667,-0.015106,4.9036
0.026245,-0.0097656,4.9146
0.031891,-0.0057983,4.9158
0.036926,-0.0041199,4.9158
0.040741,-0.0047302,4.917
0.041504,-0.0042725,4.9219
0.045471,-0.0022888,4.9255
0.047607,0.0039673,4.928
0.048828,0.011444,4.9329
0.048218,0.017242,4.928
0.044556,0.020142,4.9341
0.042725,0.019531,4.9329
0.038452,0.015869,4.9316
0.037689,0.012817,4.9414
0.035553,0.010986,4.9341
0.035248,0.011444,4.9329
0.03479,0.013733,4.9341
0.034027,0.020294,4.9219
0.032959,0.0177,4.9353
0.031433,0.016937,4.9353
0.030212,0.01358,4.9329
0.028076,0.010834,4.9353
0.025787,0.0086975,4.9353
0.020905,0.0080872,4.9268
0.016174,0.0076294,4.9292
0.011139,0.007019,4.9316
0.0082397,0.0056458,0.053711
0.0061035,0.0024414,0.054932
0.0065613,-0.00045776,0.053711
0.0074768,-0.0028992,0.05249
0.0082397,-0.0045776,0.047607
0.0080872,-0.0062561,0.048828
0.0071716,-0.0073242,0.058594
0.0071716,-0.0093079,0.046387
0.0057983,-0.010681,0.05127
0.0053406,-0.011444,0.042725
0.007019,-0.010834,0.031738
0.0088501,-0.0093079,0.039063
0.010376,-0.0071716,0.040283
0.011292,-0.0050354,0.040283
0.014496,-0.0019836,0.037842
0.017242,0.00091553,0.036621
0.021515,0.0027466,0.039063
0.027313,0.0036621,0.039063
0.032654,0.0045776,0.03418
0.036011,0.0048828,0.037842
0.037079,0.0054932,0.043945
0.037842,0.0064087,0.041504
0.035553,0.0064087,0.046387
0.033875,0.005188,0.058594
0.032196,0.0041199,0.048828
0.031281,0.0019836,0.047607
0.030365,0.0013733,0.053711
0.028381,0.002594,0.048828
0.026093,0.0048828,0.05127
0.024109,0.0074768,0.070801
0.02182,0.0080872,0.057373
0.016327,0.0080872,0.061035
0.018005,0.0068665,0.059814
0.016174,0.0059509,0.062256
0.014191,0.0053406,0.058594
0.012054,0.0083923,0.062256
0.0090027,0.0080872,0.057373
0.0094604,0.0068665,0.063477
0.0086975,0.004425,0.062256
0.0093079,0.00045776,0.063477
0.0090027,-0.0033569,0.064697
0.010223,-0.0047302,0.067139
0.012512,-0.0027466,0.073242
0.013428,-0.0012207,0.067139
0.016327,0,0.074463
0.016937,0.0015259,0.063477
0.015717,-0.0010681,0.047607
0.018005,-0.0030518,0.059814
0.018463,-0.0038147,0.058594
0.020142,-0.0038147,0.048828
0.021057,-0.0019836,0.05127
0.020905,-0.0013733,0.047607
0.020905,-0.0019836,0.050049
0.019836,0.0016785,0.047607
0.019684,0.00045776,0.050049
0.02182,0.0010681,0.041504
0.024719,0.0038147,0.045166
0.026398,0.0047302,0.043945
0.026245,0.0045776,0.043945
0.024872,0.0021362,0.040283
0.019226,-0.00091553,0.041504
0.020905,-0.0036621,0.037842
0.018311,-0.0041199,0.041504
0.016937,-0.0028992,0.036621
0.016327,-0.0013733,0.039063
0.015717,0.00076294,0.037842
0.014954,0.0013733,0.036621
0.013885,0.0022888,0.039063
0.014648,-0.0013733,0.039063
0.017242,0.00015259,0.042725
0.019989,0.00045776,0.039063
0.021515,0.0021362,0.047607
0.021362,0.007019,0.043945
0.020599,0.0090027,0.048828
0.019989,0.0083923,0.048828
0.019684,0.0071716,0.056152
0.022278,0.0059509,0.053711
0.024567,0.005188,1.6248
0.026855,0.0054932,4.74
0.027161,0.0076294,4.9158
0.025482,0.0090027,4.9353
0.024719,0.0094604,4.9329
0.022736,0.0080872,4.9133
0.023804,0.0053406,4.9268
0.024567,0.00015259,4.928
0.025635,-0.0041199,4.9304
0.02533,-0.0050354,4.9316
0.026093,-0.0053406,4.9304
0.02594,-0.0036621,4.9377
0.027008,-0.0024414,4.9353
0.029907,-0.0022888,4.9377
0.032349,-0.002594,4.9304
0.035858,-0.004425,4.9353
0.037689,-0.0062561,4.9316
0.037842,-0.0064087,4.9292
0.037537,-0.0065613,4.9365
0.03479,-0.005188,4.928
0.035858,-0.0042725,4.928
0.032806,-0.0019836,4.9243
0.032806,-0.002594,4.9255
0.033112,-0.002594,4.9194
0.032196,-0.0019836,4.8962
0.032959,-0.00091553,4.9194
0.033722,0.00015259,4.9146
0.033417,0.0038147,4.9158
0.033722,0.00045776,4.9146
0.034332,-0.00061035,4.9109
0.034943,-0.0012207,4.9133
0.03418,-0.00015259,4.9072
0.034485,0.0024414,4.9109
0.031891,0.0041199,4.9109
0.028076,0.0054932,4.917
0.02655,0.0059509,4.9109
0.025024,0.0053406,4.9121
0.026398,0.002594,4.9231
0.027924,0.0013733,4.9109
0.027924,0.00045776,4.9194
0.02655,-0.00076294,4.9133
0.024414,0,4.9036
0.021667,-0.0027466,4.9158
0.019531,-0.0050354,4.9146
0.016937,-0.0056458,4.9158
0.014343,-0.0062561,4.9243
0.011139,-0.0048828,4.9255
0.0071716,-0.0035095,4.9243
0.005188,-0.0018311,4.9231
0.0050354,-0.0015259,4.9341
0.0080872,-0.0015259,4.928
0.011292,-0.0018311,4.9146
0.014954,-0.0016785,4.9292
0.017395,-0.0010681,4.9353
0.018311,0.00076294,4.9329
0.0177,0.00061035,4.9316
0.017242,0.00076294,4.9316
0.018158,-0.00045776,4.9341
0.018311,-0.0015259,4.9451
0.020447,0,4.9353
0.021667,0.002594,4.9255
0.022736,0.0039673,4.9329
0.023346,0.0038147,4.9329
0.021973,0.0027466,4.9329
0.021057,0.0030518,4.9365
0.022278,0.0030518,4.9109
0.024414,0.0038147,4.928
0.027618,0.0050354,4.9243
0.029449,0.0061035,4.9255
0.030212,0.0074768,4.9219
0.028992,0.0074768,4.9231
0.028534,0.0094604,4.9182
0.027618,0.010071,4.9146
0.029449,0.0094604,0.061035
0.03418,0.010071,0.047607
0.032349,0.0088501,0.046387
0.031128,0.007782,0.042725
0.027618,0.007019,0.024414
0.023346,0.005188,0.0354
0.020447,0.0018311,0.039063
0.020905,-0.0033569,0.037842
0.022583,-0.0039673,0.040283
0.024414,-0.0057983,0.0354
0.024719,-0.0047302,0.042725
0.024719,-0.0027466,0.030518
0.023956,-0.0013733,0.040283
0.025177,-0.00061035,0.036621
0.027924,0.00045776,0.045166
0.032349,0.00076294,0.039063
0.037384,0.0019836,0.046387
0.03952,0.004425,0.047607
0.037384,0.0041199,0.047607
0.037994,0.005188,0.047607
0.036469,0.005188,0.056152
0.036926,0.0053406,0.061035
0.037994,0.0042725,0.053711
0.039673,0.0041199,0.05127
0.037994,0.004425,0.059814
0.036163,0.0054932,0.059814
0.031433,0.0076294,0.061035
0.027008,0.010071,0.057373
0.023804,0.011444,0.058594
0.022278,0.011749,0.062256
0.023956,0.010986,0.061035
0.024567,0.0097656,0.064697
0.024872,0.0080872,0.061035
0.024109,0.0082397,0.065918
0.022125,0.0085449,0.064697
0.020447,0.0074768,0.065918
0.019836,0.0054932,0.078125
0.020752,0.0036621,0.067139
0.021362,-0.00076294,0.065918
0.021362,-0.0030518,0.053711
0.019531,-0.0047302,0.046387
0.016022,-0.0039673,0.058594
0.012207,-0.0018311,0.053711
0.011902,-0.00061035,0.050049
0.013885,0.0015259,0.05249
0.016022,0.0010681,0.048828
0.018158,0.0021362,0.048828
0.016785,0.0016785,0.046387
0.015259,0.0019836,0.047607
0.011902,0.0033569,0.042725
0.010834,0.0047302,0.043945
0.01236,0.0064087,0.043945
0.014801,0.007782,0.042725
0.016479,0.0062561,0.032959
0.015411,0.005188,0.043945
0.013123,0.0048828,0.050049
0.013123,0.0062561,0.040283
0.01297,0.0093079,0.05127
0.015411,0.012054,0.041504
0.018921,0.014496,0.029297
0.019073,0.014954,0.0354
0.024414,0.013733,0.03418
0.019989,0.013275,0.040283
0.02243,0.010071,0.040283
0.019379,0.0088501,0.039063
0.017395,0.0073242,0.043945
0.016479,0.0068665,0.045166
0.014801,0.0050354,0.047607
0.01236,0.0035095,0.050049
0.0097656,0.0018311,0.057373
0.0079346,0.0015259,0.054932
0.0065613,0.0053406,0.058594
0.0080872,0.0099182,0.070801
0.011444,0.015106,0.059814
0.015411,0.0177,0.062256
0.018311,0.016479,0.062256
0.018311,0.013275,0.059814
0.016785,0.0085449,0.061035
0.015106,0.0056458,4.5801
0.01297,0.0047302,4.9048
0.011444,0.005188,4.9255
0.011139,0.0067139,4.9292
0.011444,0.0068665,4.9316
0.011444,0.0030518,4.9353
0.01297,0.0015259,4.9365
0.013275,0,4.9304
0.013733,0.0019836,4.9365
0.013885,0.0053406,4.9329
0.014343,0.0074768,4.9304
0.016327,0.0080872,4.928
0.017395,0.0061035,4.9292
0.018463,0.0024414,4.9341
0.018005,0.00045776,4.9219
0.015259,0.0013733,4.928
0.01297,0.0036621,4.9182
0.011749,0.0054932,4.9097
0.012207,0.0056458,4.9146
0.016479,0.002594,4.9194
0.014496,-0.0030518,4.9133
0.014191,-0.0062561,4.9158
0.01297,-0.010529,4.9084
0.012817,-0.011444,4.9109
0.013123,-0.0093079,4.9072
0.016174,-0.0088501,4.9084
0.018768,-0.0053406,4.9048
0.019989,-0.007019,4.9133
0.019379,-0.0073242,4.9097
0.0177,-0.0059509,4.9146
0.01709,-0.0038147,4.9072
0.018311,-0.0027466,4.9109
0.02121,-0.0032043,4.9109
0.024261,-0.0056458,4.9097
0.02655,-0.0099182,4.9109
0.027618,-0.014191,4.9194
0.027161,-0.017395,4.9097
0.02655,-0.015259,4.9146
0.026245,-0.012817,4.9194
0.02655,-0.0091553,4.9207
0.027313,-0.0062561,4.9231
0.027924,-0.004425,4.9243
0.027924,-0.0035095,4.9316
0.027771,-0.0019836,4.9316
0.026703,0.00030518,4.9304
0.02594,0.0038147,4.9304
0.026245,0.0048828,4.9353
0.028229,0.0032043,4.928
0.029144,-0.0059509,4.9341
0.030365,-0.0062561,4.9402
0.030365,-0.010376,4.9329
0.030212,-0.012817,4.9377
0.028687,-0.0099182,4.9377
0.028229,-0.0064087,4.917
0.029144,-0.0035095,4.9341
0.029755,-0.0019836,4.9365
0.030212,-0.0016785,4.9304
0.030518,-0.0038147,4.9231
0.026398,-0.0048828,4.928
0.031433,-0.0022888,4.9304
0.031281,0.00030518,4.928
0.032349,0.0021362,4.9255
0.032959,0.002594,4.9182
0.028076,0.00061035,4.9194
0.031586,-0.0024414,4.9194
0.029907,-0.0019836,4.9255
0.028229,-0.0071716,4.9219
0.02655,-0.0053406,4.9182
0.025177,-0.0036621,4.9121
0.023956,-0.0012207,4.9182
0.024567,0.00015259,4.9097
0.025635,0.0016785,0.041504
0.027466,0.0013733,0.021973
0.028381,0.0012207,0.039063
0.029449,0.00061035,0.037842
0.028992,0.0019836,0.039063
0.027771,0.0039673,0.041504
0.027008,0.0056458,0.026855
0.026093,0.0068665,0.039063
0.02533,0.0059509,0.0354
0.024567,0.0036621,0.043945
0.024872,0.0012207,0.039063
0.024872,0.0015259,0.045166
0.024567,0.0032043,0.047607
0.023804,0.004425,0.047607
0.023651,0.0047302,0.058594
0.026855,0.0019836,0.048828
0.025635,-0.0012207,0.067139
0.024414,-0.0048828,0.053711
0.022888,-0.0073242,0.047607
0.021973,-0.0083923,0.056152
0.020447,-0.0082397,0.059814
0.021515,-0.0091553,0.057373
0.022125,-0.0038147,0.062256
0.023193,-0.0065613,0.058594
0.023499,-0.0059509,0.063477
0.023041,-0.004425,0.061035
0.024261,-0.0021362,0.064697
0.024414,0.00030518,0.058594
0.026093,0.0028992,0.059814
0.027924,0.0050354,0.062256
0.028381,0.0056458,0.068359
0.03006,0.0048828,0.068359
0.029907,0.0047302,0.06958
0.030975,0.0042725,0.065918
0.031586,0.0036621,0.063477
0.031281,0.004425,0.073242
0.030975,0.0041199,0.059814
0.028534,0.0028992,0.063477
0.025024,0.0012207,0.048828
0.021667,-0.00045776,0.050049
0.020447,-0.0033569,0.047607
0.019684,-0.0036621,0.050049
0.019226,-0.0042725,0.046387
0.019836,-0.0030518,0.05127
0.020905,-0.0013733,0.041504
0.02121,-0.0015259,0.047607
0.02243,-0.0022888,0.043945
0.023041,-0.0042725,0.045166
0.021362,-0.0042725,0.039063
0.018921,-0.0021362,0.042725
0.018005,0.00030518,0.054932
0.0177,0.0038147,0.037842
0.016937,0.005188,0.045166
0.019836,0.0061035,0.039063
0.022736,0.0047302,0.023193
0.026703,0.0039673,0.037842
0.031738,0.0041199,0.040283
0.036011,0.0059509,0.040283
0.039368,0.0086975,0.040283
0.041199,0.0086975,0.039063
0.040283,0.0064087,0.043945
0.038757,0.0065613,0.046387
0.0354,0.005188,0.045166
0.031433,0.0059509,0.047607
0.027466,0.007019,0.054932
0.026398,0.0076294,0.053711
0.025024,0.0068665,0.058594
0.024872,0.0057983,0.061035
0.023651,0.0039673,0.062256
0.025177,0.002594,0.061035
0.024719,0.0030518,0.063477
0.023651,0.0035095,0.061035
0.018005,0.0042725,0.058594
0.020142,0.0079346,0.053711
0.018463,0.0041199,0.058594
0.016479,0.0033569,0.062256
0.013123,0.0016785,0.062256
0.0086975,0.00030518,0.064697
0.0032043,-0.00076294,2.6062
0.0045776,-0.0010681,4.7986
0.0056458,-0.0013733,4.9231
0.0091553,-0.0010681,4.9353
0.013275,-0.0032043,4.9304
0.015411,-0.0033569,4.9341
0.016174,-0.0045776,4.928
0.015411,0.0016785,4.9304
0.016327,0.00061035,4.9304
0.016022,0.0030518,4.928
0.020752,0.0047302,4.9219
0.016174,0.0042725,4.9207
0.013733,0.0027466,4.9109
0.011902,0.00076294,4.9207
0.011139,-0.0013733,4.9146
0.012207,-0.0018311,4.9182
0.01709,-0.0027466,4.9158
0.019684,-0.00030518,4.9109
0.021057,-0.00015259,4.9084
0.021362,-0.00015259,4.9072
0.021515,-0.0019836,4.9146
0.020447,0.00091553,4.9097
0.019073,0.00061035,4.9097
0.018311,0.0038147,4.9158
0.015869,0.0061035,4.9133
0.014648,0.0076294,4.9109
0.011444,0.007782,4.9133
0.0090027,0.0057983,4.9194
0.0082397,0.0039673,4.9109
0.0090027,0.0024414,4.9194
0.010681,0.0036621,4.9158
0.013733,0.0050354,4.9048
0.014191,0.0067139,4.9146
0.013885,0.007019,4.9194
0.012817,0.0059509,4.9194
0.011597,0.005188,4.9231
0.0099182,0.0045776,4.9231
0.011444,0.0050354,4.9292
0.010834,0.0085449,4.9292
0.012512,0.0061035,4.9316
0.01297,0.012207,4.928
0.012817,0.012054,4.9353
0.01358,0.011139,4.9329
0.014496,0.010376,4.9329
0.015106,0.012817,4.9426
0.016174,0.010834,4.9341
0.017242,0.010529,4.9304
0.015564,0.0094604,4.9341
0.015106,0.0088501,4.939
0.012207,0.0073242,4.9353
0.010071,0.0057983,4.9316
0.0090027,0.0050354,4.9377
0.0073242,0.0045776,4.9133
0.0083923,0.0042725,4.9292
0.0091553,0.0039673,4.9341
0.0053406,0.002594,4.9268
0.005188,0.0013733,4.9255
0.0053406,0.0019836,4.9194
0.0062561,0.0018311,4.9255
0.0094604,0.0032043,4.9194
0.011597,0.0035095,4.9219
0.013275,0.0048828,4.917
0.014954,0.0054932,4.9182
0.016174,0.007782,4.928
0.017853,0.0097656,4.917
0.020294,0.010376,4.9255
0.020599,0.011597,4.9036
0.023499,0.0097656,4.8999
0.024567,0.0056458,4.9133
0.025787,0.004425,4.9084
0.026093,0.0030518,4.9109
0.026855,0.0032043,4.9121
0.027924,0.0028992,0.039063
0.028839,0.0016785,0.036621
0.027924,-0.00045776,0.040283
0.027313,-0.0013733,0.029297
0.025635,-0.0013733,0.037842
0.023499,-0.00091553,0.042725
0.022583,0.00015259,0.046387
0.021057,0,0.039063
0.02243,-0.0018311,0.05127
0.022583,-0.0041199,0.05127
0.021973,-0.0036621,0.05249
0.021515,-0.0036621,0.05249
0.020905,-0.00091553,0.05249
0.020599,0.00061035,0.059814
0.020905,0.00061035,0.058594
0.022736,-0.0012207,0.057373
0.023346,-0.00015259,0.062256
0.02533,-0.0036621,0.057373
0.027313,-0.0027466,0.061035
0.02594,-0.00091553,0.057373
0.027161,-0.0013733,0.063477
0.027618,-0.00045776,0.058594
0.029755,-0.0019836,0.063477
0.030365,-0.002594,0.063477
0.028992,-0.0028992,0.067139
0.031586,-0.0030518,0.065918
0.028687,-0.0027466,0.068359
0.027618,-0.0016785,0.078125
0.025177,-0.0012207,0.061035
0.024567,-0.00015259,0.067139
0.024719,0.00076294,0.059814
0.024567,0.0019836,0.041504
0.025482,0.0027466,0.05249
0.026398,0.0033569,0.053711
0.024567,0.0041199,0.05127
0.023651,0.0045776,0.05127
0.023193,0.0036621,0.046387
0.023804,0.0019836,0.047607
0.024719,0.0013733,0.046387
0.023651,0.00030518,0.043945
0.023804,0.0016785,0.043945
0.023346,0.0028992,0.045166
0.019836,0.0036621,0.043945
0.019531,0.0033569,0.043945
0.019531,0.0022888,0.042725
0.019226,0.0018311,0.041504
0.018616,0.0016785,0.039063
0.02121,0.0018311,0.040283
0.022125,0.0022888,0.032959
0.021973,0.0028992,0.03418
0.022125,0.0027466,0.020752
0.023346,0.0028992,0.037842
0.025024,0.0027466,0.039063
0.024872,0.0013733,0.039063
0.024109,0.0012207,0.042725
0.022888,-0.00076294,0.041504
0.020294,-0.0016785,0.046387
0.018768,-0.0045776,0.047607
0.017395,-0.0041199,0.05127
0.017548,-0.0041199,0.050049
0.018921,-0.0035095,0.056152
0.018616,-0.0039673,0.057373
0.018768,-0.0042725,0.058594
0.018768,-0.0050354,0.068359
0.018768,-0.0045776,0.062256
0.019836,-0.0024414,0.06958
0.021515,-0.00030518,0.062256
0.022888,0.0019836,0.05127
0.022278,0.0036621,0.062256
0.024414,0.0048828,0.061035
0.024719,0.0061035,0.061035
0.024261,0.005188,0.062256
0.025177,0.0057983,0.062256
0.026245,0.005188,0.064697
0.027008,0.0042725,0.064697
0.028076,0.0021362,0.067139
0.028381,-0.00030518,0.059814
0.027771,-0.0038147,0.064697
0.02655,-0.0067139,4.2932
0.02533,-0.011444,4.8877
0.024719,-0.013275,4.9231
0.024567,-0.013428,4.9243
0.023041,-0.01236,4.9231
0.023346,-0.010376,4.9207
0.022278,-0.0082397,4.9255
0.023041,-0.0082397,4.9219
0.022583,-0.0079346,4.9158
0.023651,-0.0067139,4.9146
0.024567,-0.0039673,4.9146
0.025635,-0.00061035,4.9158
0.025787,0.0019836,4.9097
0.02594,0.0032043,4.9109
0.025787,0.0016785,4.8999
0.024719,0.00061035,4.9097
0.027618,0.00091553,4.9097
0.029144,0.0027466,4.9084
0.029755,0.0059509,4.9133
0.029755,0.0079346,4.8938
0.03006,0.0053406,4.9121
0.03067,0.00076294,4.9182
0.030365,-0.0038147,4.9109
0.030823,-0.0067139,4.9133
0.031586,-0.0054932,4.9109
0.030975,-0.0028992,4.9023
0.029755,-0.0016785,4.9158
0.027161,-0.0021362,4.9158
0.02533,-0.0030518,4.9194
0.024414,-0.0010681,4.9207
0.024719,0.00061035,4.9231
0.024109,0.0036621,4.9255
0.024261,0.0064087,4.9268
0.023193,0.0071716,4.9304
0.022736,0.0065613,4.928
0.022125,0.0054932,4.9365
0.02182,0.0039673,4.9329
0.020599,0.0016785,4.9353
0.018005,-0.00061035,4.9304
0.014191,-0.0027466,4.9304
0.012512,-0.0042725,4.9329
0.0083923,-0.0053406,4.9377
0.007782,-0.0048828,4.9451
0.0082397,-0.0033569,4.9329
0.010223,0.00030518,4.9231
0.012207,0.0019836,4.9377
0.015717,0.0039673,4.9402
0.018921,0.0047302,4.9316
0.019836,0.0038147,4.9341
0.019836,0.0033569,4.928
0.019836,0.0041199,4.9292
0.019073,0.0056458,4.9255
0.016632,0.0067139,4.928
0.015564,0.0061035,4.9207
0.014648,0.0045776,4.9207
0.014191,0.0042725,4.9194
0.013885,0.0053406,4.9219
0.014496,0.0027466,4.9243
0.015869,0.0071716,4.9133
0.018005,0.0056458,4.9121
0.018463,0.0036621,4.9133
0.019379,0.0010681,4.9011
0.018158,0.002594,4.9097
0.015869,0.0061035,4.9097
0.012512,0.0097656,4.9109
0.011139,0.012665,4.9121
0.0099182,0.013733,4.9097
0.0094604,0.009613,4.9097
0.011444,0.0068665,4.9084
0.012665,0.0041199,4.9133
0.013428,0.004425,4.9084
0.015411,0.0053406,0.041504
0.015411,0.007019,0.042725
0.016632,0.007782,0.042725
0.017242,0.007019,0.042725
0.015411,0.0059509,0.050049
0.014954,0.0045776,0.05127
0.011444,0.0065613,0.05249
0.0080872,0.0030518,0.063477
0.0061035,0.0065613,0.053711
0.0048828,0.0094604,0.046387
0.0057983,0.010071,0.057373
0.0079346,0.010223,0.058594
0.0099182,0.0088501,0.062256
0.011444,0.0048828,0.062256
0.011902,0.0019836,0.056152
0.010681,0.002594,0.063477
0.0082397,0.0050354,0.059814
0.0090027,0.0090027,0.062256
0.0054932,0.012512,0.059814
0.0061035,0.012207,0.062256
0.0076294,0.010986,0.065918
0.0091553,0.007019,0.067139
0.011139,0.0056458,0.079346
0.013885,0.0062561,0.065918
0.0177,0.0082397,0.063477
0.019531,0.010986,0.063477
0.02182,0.013733,0.05127
0.020142,0.012665,0.054932
0.018463,0.010071,0.054932
0.016327,0.0061035,0.05127
0.015106,0.0015259,0.05249
0.01358,-0.00045776,0.046387
0.012665,-0.0015259,0.05127
0.012207,-0.0028992,0.043945
0.012665,-0.0018311,0.046387
0.01297,-0.0042725,0.040283
0.014343,-0.0067139,0.047607
0.016022,-0.0086975,0.042725
0.018311,-0.0076294,0.042725
0.019684,-0.007782,0.037842
0.018768,-0.0062561,0.039063
0.019226,-0.0048828,0.047607
0.018768,-0.0045776,0.040283
0.01709,-0.0035095,0.053711
0.016479,-0.002594,0.037842
0.016632,-0.0010681,0.032959
0.018158,-0.0013733,0.037842
0.019073,-0.0013733,0.039063
0.020294,-0.0022888,0.037842
0.022888,-0.007019,0.042725
0.025177,-0.0036621,0.037842
0.028381,-0.0027466,0.041504
0.029602,-0.0010681,0.046387
0.030975,-0.0012207,0.053711
0.030823,-0.0016785,0.046387
0.030212,-0.002594,0.056152
0.028992,-0.0039673,0.064697
0.028992,-0.0045776,0.059814
0.028687,-0.0054932,0.067139
0.028076,-0.0053406,0.063477
0.02655,-0.007019,0.058594
0.025787,-0.0073242,0.057373
0.023804,-0.0068665,0.064697
0.022736,-0.0056458,0.062256
0.02121,-0.0067139,0.056152
0.019989,-0.0057983,0.062256
0.017853,-0.0056458,0.062256
0.016632,-0.0041199,0.062256
0.018311,-0.0021362,0.065918
0.019379,-0.00076294,0.064697
0.019531,-0.00045776,0.065918
0.019226,0.00030518,0.064697
0.018311,0,0.063477
0.017548,0.00061035,0.064697
0.017242,0.00015259,0.061035
0.018921,0.0019836,0.056152
0.019836,0.0027466,0.056152
0.020905,0.0035095,0.067139
0.021667,0.002594,2.7942
0.023041,0.00076294,4.7961
0.023193,-0.00030518,4.9097
0.024567,-0.0013733,4.8987
0.024414,-0.00091553,4.9109
0.024719,0.00030518,4.9133
0.024872,0.00091553,4.9158
0.024567,0.002594,4.9109
0.024872,0.0032043,4.9097
0.024567,0.0016785,4.9133
0.022278,-0.00030518,4.906
0.02121,-0.0013733,4.9084
0.020294,-0.0018311,4.906
0.018768,-0.00045776,4.9133
0.018463,0.0010681,4.9084
0.01709,0.00091553,4.9158
0.018921,0.0024414,4.9121
0.017242,0.0013733,4.9109
0.017853,-0.00015259,4.906
0.016174,0.00015259,4.9097
0.015259,0.0016785,4.9133
0.014496,0.0045776,4.9158
0.015259,0.0071716,4.9072
0.015869,0.0093079,4.9207
0.019379,0.0086975,4.9194
0.020599,0.0056458,4.9133
0.020905,0.0012207,4.9255
0.021362,-0.00076294,4.9255
0.023651,-0.0018311,4.9292
0.024719,0.0016785,4.928
0.027161,0.0022888,4.9329
0.027924,0.0074768,4.9292
0.027771,0.007782,4.9329
0.02594,0.0074768,4.928
0.026398,0.0048828,4.9316
0.024872,0.0036621,4.9402
0.027771,0.002594,4.9255
0.026855,0.0013733,4.939
0.027771,0.00091553,4.9365
0.027008,-0.0021362,4.9268
0.024719,-0.0048828,4.9353
0.023499,-0.0059509,4.9316
0.02243,-0.0080872,4.9341
0.02182,-0.0082397,4.9329
0.021057,-0.0083923,4.9304
0.019226,-0.0079346,4.9268
0.017548,-0.0090027,4.9268
0.015869,-0.0094604,4.9194
0.016327,-0.0097656,4.9182
0.018005,-0.0082397,4.917
0.020599,-0.0048828,4.9219
0.022736,-0.0012207,4.9207
0.024719,0.0015259,4.917
0.026093,0.0036621,4.9194
0.024567,0.0041199,4.9219
0.024261,0.0036621,4.9133
0.026245,0.0036621,4.9194
0.027771,0.0054932,4.9121
0.03006,0.0079346,4.9133
0.032349,0.0094604,4.9084
0.033569,0.0091553,4.9109
0.033569,0.007019,4.9109
0.032959,0.0042725,4.8999
0.032501,0.0021362,4.906
0.032959,0.0013733,4.9109
0.032806,0.0042725,4.9084
0.031433,0.0083923,4.9121
0.029449,0.013123,4.9133
0.027924,0.013428,4.9146
0.024872,0.01297,4.9182
0.023346,0.010529,4.9207
0.023346,0.007782,4.9329
0.023804,0.0061035,0.048828
0.023804,0.0062561,0.058594
0.021973,0.0053406,0.054932
0.019073,0.0042725,0.046387
0.016327,0.0016785,0.059814
0.013275,-0.0024414,0.059814
0.012207,-0.0059509,0.058594
0.010376,-0.0065613,0.058594
0.0093079,-0.0062561,0.057373
0.0071716,-0.0047302,0.062256
0.0048828,-0.0057983,0.061035
0.0045776,-0.0076294,0.064697
0.0048828,-0.0097656,0.059814
0.0064087,-0.011597,0.067139
0.0090027,-0.010223,0.064697
0.012817,-0.0074768,0.06958
0.015869,-0.0032043,0.072021
0.016937,0.00061035,0.065918
0.0177,0.0012207,0.064697
0.018921,0.0013733,0.064697
0.016022,0.0010681,0.070801
0.020599,0.0024414,0.053711
0.022278,0.0053406,0.05249
0.024261,0.0082397,0.054932
0.02533,0.011139,0.050049
0.026703,0.010681,0.045166
0.027008,0.0099182,0.05249
0.028076,0.0082397,0.042725
0.024872,0.0073242,0.048828
0.024414,0.0064087,0.041504
0.02182,0.005188,0.045166
0.018158,0.0048828,0.041504
0.015411,0.0039673,0.041504
0.012207,0.0024414,0.040283
0.010376,0.00091553,0.042725
0.0091553,0.0016785,0.048828
0.010223,0.0019836,0.041504
0.0097656,0.0019836,0.046387
0.009613,0.0035095,0.037842
0.0086975,0.007019,0.028076
0.0054932,0.0056458,0.040283
0.005188,0.0057983,0.037842
0.0035095,0.0042725,0.039063
0.0016785,0.0030518,0.042725
0.0013733,0.00045776,0.043945
0.0019836,0.00045776,0.045166
0.002594,0.0012207,0.048828
0.004425,0.0030518,0.05249
0.0059509,0.004425,0.050049
0.0071716,0.0056458,0.05249
0.012817,0.0039673,0.057373
0.014343,0.0039673,0.062256
0.016022,0.0033569,0.057373
0.015106,0.0048828,0.063477
0.014954,0.0061035,0.064697
0.016785,0.0067139,0.062256
0.015259,0.0061035,0.070801
0.016479,0.00045776,0.063477
0.018311,0.0016785,0.047607
0.020599,0.00015259,0.057373
0.022125,0.0016785,0.056152
0.023956,0.007782,0.063477
0.024567,0.0059509,0.067139
0.024414,0.0073242,0.062256
0.023956,0.0064087,0.065918
0.023499,0.0050354,0.062256
0.022736,0.0048828,0.062256
0.021057,0.0059509,0.059814
0.018616,0.0073242,0.061035
0.01709,0.0071716,0.053711
0.015106,0.0047302,0.053711
0.014496,0.0019836,0.058594
0.015564,-0.00091553,0.050049
0.017242,-0.0050354,0.048828
0.018616,-0.0042725,0.048828
0.019226,-0.0013733,0.031738
0.020142,0.00091553,0.045166
0.016632,0.00076294,0.040283
0.015869,-0.0013733,3.2556
0.015411,-0.0054932,4.8108
0.015106,-0.0091553,4.8962
0.015869,-0.010223,4.8999
0.016632,-0.010223,4.9084
0.0177,-0.007019,4.9072
0.018616,-0.004425,4.9036
0.019379,-0.0041199,4.9109
0.022125,-0.005188,4.8938
0.024567,-0.005188,4.9109
0.027618,-0.0080872,4.906
0.029144,-0.0086975,4.9133
0.03006,-0.0071716,4.9182
0.029602,-0.0056458,4.9146
0.03006,-0.004425,4.9304
0.028076,-0.0056458,4.9158
0.027618,-0.007019,4.9084
0.028076,-0.0080872,4.9182
0.028534,-0.0097656,4.9194
0.03006,-0.0093079,4.9194
0.02533,-0.0057983,4.9292
0.026093,-0.0061035,4.9255
0.026245,-0.0012207,4.928
0.027771,-0.00061035,4.9304
0.028229,-0.002594,4.9304
0.028381,-0.0085449,4.9219
0.027924,-0.0099182,4.9316
0.02533,-0.0057983,4.9329
0.022888,-0.0033569,4.9304
0.02121,-0.00015259,4.9353
0.021362,0.0016785,4.9353
0.023193,0.0012207,4.9341
0.025482,-0.0016785,4.9341
0.027618,-0.0033569,4.9451
0.027924,-0.0016785,4.9353
0.029297,0.0010681,4.9341
0.028839,0.0030518,4.9304
0.027924,0.004425,4.9316
0.028992,0.004425,4.928
0.028076,0.0028992,4.9268
0.026855,0.0015259,4.9243
0.023499,0.0012207,4.9255
0.019531,0.004425,4.9207
0.016937,0.0057983,4.9182
0.014801,0.0057983,4.9194
0.015564,0.005188,4.9231
0.018158,0.0027466,4.9084
0.018616,0,4.9158
0.020905,-0.00091553,4.928
0.021515,-0.00045776,4.9146
0.023193,-0.00091553,4.917
0.020447,-0.0027466,4.9146
0.018158,-0.004425,4.8962
0.017853,-0.0071716,4.9097
0.016174,-0.0064087,4.906
0.015717,-0.005188,4.9133
0.014648,-0.0038147,4.9048
0.012207,-0.0021362,4.9072
0.010834,-0.0033569,4.9109
0.010834,-0.0036621,4.906
0.013428,-0.0041199,4.9121
0.016174,-0.0033569,4.9133
0.02121,-0.0035095,4.9158
0.023499,-0.0024414,4.9182
0.024719,-0.0016785,4.9194
0.024567,0.00030518,4.9231
0.022583,0.0010681,4.9219
0.02121,0.0032043,4.9194
0.020905,0.0042725,4.9292
0.021057,0.0032043,4.9329
0.021667,0.0013733,4.928
0.020447,0,4.9304
0.022125,0.00091553,4.9182
0.020294,0.0018311,0.062256
0.020752,0.005188,0.061035
0.023193,0.0068665,0.062256
0.026703,0.0062561,0.061035
0.030823,0.002594,0.063477
0.030975,-0.0024414,0.059814
0.029907,-0.0068665,0.067139
0.026703,-0.010834,0.064697
0.023499,-0.013275,0.070801
0.020752,-0.014496,0.064697
0.019226,-0.017242,0.068359
0.018311,-0.019226,0.073242
0.016022,-0.019379,0.063477
0.013733,-0.016479,0.068359
0.011444,-0.011902,0.056152
0.011444,-0.0076294,0.041504
0.013885,-0.0035095,0.054932
0.018616,-0.0027466,0.05249
0.023956,-0.0050354,0.043945
0.029144,-0.007019,0.047607
0.032349,-0.0080872,0.047607
0.031128,-0.0071716,0.047607
0.031738,-0.0050354,0.041504
0.029144,-0.0033569,0.043945
0.026703,-0.0019836,0.041504
0.025482,0.00030518,0.042725
0.024567,-0.00030518,0.041504
0.024567,-0.00030518,0.031738
0.025177,0.0015259,0.040283
0.024414,0.0018311,0.041504
0.023499,0.0010681,0.040283
0.024261,0.00030518,0.039063
0.027771,0.00061035,0.039063
0.033569,0.0032043,0.039063
0.035248,0.00076294,0.025635
0.03479,0.0038147,0.036621
0.030823,0.0047302,0.043945
0.026093,0.0065613,0.037842
0.020447,0.0061035,0.042725
0.016937,0.0042725,0.047607
0.015564,0.0016785,0.053711
0.014648,0.00015259,0.046387
0.014038,-0.00076294,0.053711
0.012665,-0.00076294,0.057373
0.010986,0.0021362,0.062256
0.0097656,0.0035095,0.056152
0.010223,0.0033569,0.058594
0.011444,0.0035095,0.072021
0.012665,0.00076294,0.062256
0.010834,-0.0015259,0.064697
0.0082397,-0.0042725,0.061035
0.0035095,-0.0022888,0.047607
-0.00091553,-0.0018311,0.061035
-0.0035095,-0.0010681,0.061035
-0.002594,-0.0030518,0.063477
0.00061035,-0.0038147,0.064697
0.0048828,-0.0065613,0.062256
0.0080872,-0.0082397,0.067139
0.009613,-0.007782,0.059814
0.010529,-0.0038147,0.064697
0.010376,-0.00030518,0.057373
0.011749,0.0038147,0.063477
0.01297,0.0073242,0.053711
0.01358,0.0090027,0.05249
0.015717,0.0093079,0.057373
0.016632,0.0086975,0.05127
0.015564,0.0094604,0.054932
0.014801,0.010986,0.050049
0.016479,0.012817,0.053711
0.019989,0.014496,0.043945
0.022888,0.012207,0.032959
0.023193,0.013733,0.042725
0.022888,0.014343,0.042725
0.019836,0.0090027,0.039063
0.016479,0.0083923,0.037842
0.014801,0.0082397,0.037842
0.016174,0.009613,0.040283
0.019531,0.010529,2.9907
0.022278,0.012207,4.7986
0.023346,0.012207,4.8987
0.023193,0.012054,4.9048
0.020447,0.012665,4.9097
0.017548,0.012665,4.9109
0.015259,0.012207,4.9219
0.014343,0.010376,4.9109
0.012207,0.0068665,4.9231
0.010529,0.0030518,4.9158
0.0076294,0.002594,4.9109
0.0047302,0.00015259,4.9219
0.0032043,0.0016785,4.9194
0.0036621,0.0035095,4.9194
0.0061035,0.0061035,4.928
0.0099182,0.0027466,4.9243
0.010834,0.0045776,4.9268
0.012207,0.0047302,4.9292
0.011139,0.0039673,4.9341
0.0086975,0.0064087,4.9329
0.0064087,0.0085449,4.9341
0.0057983,0.0091553,4.9329
0.0082397,0.0068665,4.9353
0.0093079,0.0022888,4.9292
0.01358,-0.0021362,4.939
0.014191,-0.0065613,4.9402
0.014191,-0.0064087,4.9353
0.014801,-0.0048828,4.9426
0.015564,-0.0033569,4.9377
0.018005,-0.0015259,4.9207
0.021362,-0.0028992,4.9329
0.023956,-0.0036621,4.9243
0.025635,-0.0045776,4.9207
0.023956,-0.0042725,4.928
0.021057,-0.0024414,4.9231
0.019989,0.00030518,4.9158
0.020294,0.0021362,4.9207
0.023651,0.0027466,4.9182
0.024872,0.00045776,4.9109
0.02594,-0.0024414,4.9207
0.025482,-0.0036621,4.9158
0.022736,-0.0054932,4.9194
0.020905,-0.0042725,4.9207
0.019073,-0.0030518,4.9182
0.019379,-0.0019836,4.906
0.020905,-0.002594,4.906
0.021667,-0.0053406,4.8938
0.023651,-0.0057983,4.906
0.022583,-0.0059509,4.9109
0.022583,-0.0067139,4.9109
0.02182,-0.0064087,4.9109
0.022125,-0.007019,4.9084
0.024414,-0.007782,4.9084
0.024872,-0.0076294,4.906
0.027008,-0.0086975,4.9109
0.02655,-0.0080872,4.9109
0.028992,-0.0071716,4.9194
0.029907,-0.0062561,4.9146
0.031891,-0.005188,4.9207
0.0354,-0.0015259,4.917
0.037842,-0.0038147,4.9231
0.03952,-0.0047302,4.928
0.039215,-0.0041199,4.9255
0.036926,-0.0030518,4.9414
0.034637,-0.0024414,4.9304
0.033417,-0.0019836,4.9231
0.035095,-0.0019836,4.9207
0.034332,-0.0047302,4.9353
0.035553,-0.0073242,4.9316
0.034637,-0.010223,4.9292
0.034485,-0.012665,4.9304
0.032196,-0.014191,4.9133
0.030823,-0.014038,4.9316
0.029907,-0.012665,4.9365
0.02655,-0.010376,0.062256
0.027771,-0.0091553,0.068359
0.023193,-0.0073242,0.068359
0.021515,-0.0054932,0.070801
0.020599,-0.0015259,0.072021
0.020447,0.0015259,0.065918
0.021667,0.0048828,0.059814
0.025177,0.0076294,0.056152
0.028381,0.0091553,0.05249
0.032959,0.007782,0.053711
0.034637,0.0059509,0.05127
0.034637,0.0030518,0.046387
0.032654,-0.00030518,0.047607
0.027313,-0.0038147,0.047607
0.023346,-0.007019,0.045166
0.018616,-0.011139,0.042725
0.015411,-0.013123,0.046387
0.01236,-0.016785,0.041504
0.0090027,-0.014801,0.042725
0.0080872,-0.010223,0.040283
0.0071716,-0.004425,0.043945
0.0099182,0.0019836,0.037842
0.013733,0.0064087,0.039063
0.018616,0.007782,0.05249
0.02182,0.0061035,0.040283
0.023651,0.005188,0.05249
0.023499,0.0065613,0.039063
0.023804,0.0091553,0.029297
0.025635,0.010681,0.036621
0.027924,0.0090027,0.042725
0.030518,0.007019,0.040283
0.032501,0.0019836,0.045166
0.033417,-0.0028992,0.042725
0.032654,-0.0064087,0.050049
0.029907,-0.0062561,0.048828
0.026398,-0.0047302,0.05127
0.021515,-0.0047302,0.05249
0.017548,-0.0041199,0.061035
0.013733,-0.0068665,0.059814
0.011444,-0.0099182,0.063477
0.0091553,-0.013428,0.073242
0.0071716,-0.014801,0.062256
0.0062561,-0.014954,0.061035
0.0062561,-0.015106,0.062256
0.0082397,-0.014038,0.065918
0.010986,-0.012817,0.058594
0.014343,-0.010986,0.05127
0.017395,-0.0083923,0.064697
0.020447,-0.0050354,0.063477
0.02243,-0.00015259,0.062256
0.024872,0.0057983,0.067139
0.027161,0.010529,0.064697
0.03006,0.014801,0.065918
0.032043,0.016327,0.061035
0.033875,0.015717,0.063477
0.036316,0.011139,0.054932
0.037994,0.007019,0.058594
0.038452,0.0047302,0.05249
0.037842,0.00091553,0.053711
0.038757,-0.0021362,0.059814
0.03891,-0.0056458,0.048828
0.037842,-0.0073242,0.058594
0.037994,-0.011444,0.056152
0.035553,-0.014648,0.036621
0.031433,-0.014191,0.043945
0.030365,-0.011902,0.042725
0.029907,-0.007782,0.041504
0.029297,-0.0038147,0.041504
0.029602,0.0013733,0.039063
0.029907,0.00061035,0.037842
0.028381,0.00045776,0.037842
0.02594,0.0035095,0.041504
0.023956,0.0071716,0.0354
0.021973,0.01297,0.040283
0.020447,0.018463,0.039063
0.017853,0.018463,0.040283
0.013885,0.0177,3.2056
0.0090027,0.014954,4.8083
0.0054932,0.013428,4.8999
0.0036621,0.014343,4.9097
0.0053406,0.014038,4.9158
0.007782,0.016022,4.9194
0.010223,0.014038,4.9146
0.013275,0.0093079,4.9194
0.015411,0.0038147,4.9243
0.017395,-0.0012207,4.9255
0.018768,-0.0024414,4.9255
0.018616,-0.0012207,4.9255
0.016937,-0.00030518,4.9353
0.014038,0,4.9304
0.010376,-0.0021362,4.9353
0.0082397,-0.0039673,4.9304
0.0082397,-0.0045776,4.9377
0.0093079,-0.0028992,4.9268
0.012665,0.0012207,4.9353
0.016022,0.0056458,4.9451
0.019531,0.0088501,4.9341
0.022583,0.0088501,4.9365
0.023804,0.0083923,4.9377
0.024109,0.0074768,4.9182
0.02594,0.0071716,4.9353
0.018158,0.0091553,4.9304
0.020599,0.011292,4.9329
0.018921,0.012817,4.9304
0.017853,0.011597,4.9255
0.016632,0.0083923,4.928
0.016479,0.0064087,4.9207
0.016632,0.005188,4.9219
0.016785,0.0038147,4.9182
0.016479,0.0065613,4.9194
0.016785,0.0088501,4.9207
0.018616,0.0088501,4.9194
0.020294,0.0086975,4.9194
0.021667,0.0090027,4.9182
0.024567,0.0086975,4.917
0.024567,0.009613,4.9146
0.02655,0.010529,4.9109
0.027008,0.010681,4.9109
0.025787,0.011292,4.9133
0.024719,0.0099182,4.9121
0.023804,0.0073242,4.9133
0.022278,0.0050354,4.9097
0.019989,0.0042725,4.9097
0.017395,0.0032043,4.9084
0.015106,0.0021362,4.9097
0.012054,0.0035095,4.9072
0.011292,0.0038147,4.9158
0.009613,0.0053406,4.9133
0.0091553,0.0056458,4.9182
0.0082397,0.005188,4.9182
0.0065613,0.0041199,4.9207
0.0099182,0.0036621,4.9341
0.011139,0.0071716,4.9243
0.014648,0.0062561,4.9341
0.0177,0.0080872,4.9292
0.022888,0.0085449,4.9219
0.027466,0.0076294,4.9329
0.032806,0.0065613,4.928
0.037384,0.0061035,4.9304
0.042114,0.0056458,4.9304
0.044403,0.0061035,4.9329
0.043945,0.004425,4.9329
0.041809,0.0022888,4.9292
0.038605,0.00061035,4.9341
0.035706,-0.0013733,4.9304
0.031891,-0.00015259,4.9365
0.030365,-0.004425,4.9353
0.029907,-0.0071716,4.9365
0.028534,-0.009613,4.9365
0.028076,-0.014038,4.9402
0.028076,-0.016937,0.065918
0.027771,-0.019073,0.057373
0.028534,-0.020599,0.064697
0.028381,-0.019226,0.056152
0.029144,-0.018158,0.041504
0.028229,-0.016937,0.05127
0.028992,-0.015411,0.048828
0.027618,-0.011749,0.048828
0.027924,-0.0086975,0.05127
0.028992,-0.0042725,0.043945
0.027924,-0.0015259,0.047607
0.032959,0.0010681,0.041504
0.035248,0.0032043,0.046387
0.037842,0.0038147,0.042725
0.041656,0.0015259,0.040283
0.044403,-0.0021362,0.036621
0.047607,-0.0065613,0.040283
0.050201,-0.0047302,0.056152
0.050049,-0.011597,0.040283
0.049133,-0.011749,0.045166
0.046234,-0.012054,0.041504
0.043335,-0.012207,0.01709
0.039978,-0.013428,0.0354
0.037994,-0.015106,0.041504
0.036774,-0.017242,0.039063
0.035248,-0.018158,0.042725
0.03418,-0.018158,0.041504
0.033112,-0.016479,0.040283
0.030975,-0.015411,0.048828
0.031586,-0.013123,0.05127
0.031281,-0.011749,0.050049
0.030365,-0.010376,0.061035
0.030212,-0.0080872,0.059814
0.029144,-0.0039673,0.053711
0.027924,-0.0016785,0.065918
0.027466,0.0016785,0.061035
0.026855,0.0028992,0.062256
0.026093,0.0016785,0.064697
0.026855,-0.00076294,0.074463
0.027618,-0.0019836,0.061035
0.03006,-0.0022888,0.054932
0.03067,-0.0032043,0.064697
0.030212,-0.0038147,0.061035
0.028839,-0.005188,0.063477
0.026398,-0.0059509,0.06958
0.024567,-0.0057983,0.062256
0.021515,-0.0061035,0.064697
0.019531,-0.004425,0.062256
0.016632,-0.0024414,0.064697
0.014191,0,0.057373
0.011749,0.00045776,0.063477
0.0093079,0.0019836,0.058594
0.007019,0.0024414,0.053711
0.0067139,0.0022888,0.057373
0.007782,0.0032043,0.05249
0.0085449,0.0035095,0.05127
0.0085449,0.0032043,0.043945
0.0082397,0.0030518,0.037842
0.0062561,0.0021362,0.043945
0.0059509,0.0015259,0.045166
0.0054932,0,0.039063
0.0064087,-0.0022888,0.042725
0.007782,-0.0036621,0.041504
0.0064087,-0.0039673,0.037842
0.0042725,-0.0021362,0.037842
0.0016785,-0.0030518,0.040283
0.00091553,-0.0032043,0.037842
0.0022888,-0.0050354,0.041504
0.0035095,-0.0073242,0.039063
0.0053406,-0.0086975,0.031738
0.0057983,-0.0099182,0.037842
0.0059509,-0.010223,0.041504
0.0059509,-0.010071,0.050049
0.0062561,-0.010834,0.042725
0.0073242,-0.011444,0.05249
0.0091553,-0.012512,0.046387
0.0099182,-0.013275,0.036621
0.011444,-0.01297,4.5361
0.012207,-0.011597,4.8938
0.011292,-0.010223,4.9219
0.01236,-0.0083923,4.9243
0.014343,-0.007782,4.9243
0.018311,-0.0062561,4.9329
0.019989,-0.0059509,4.9304
0.02243,-0.0071716,4.9304
0.023499,-0.0062561,4.9255
0.024261,-0.0061035,4.9304
0.024414,-0.0056458,4.9304
0.024567,-0.004425,4.9329
0.025024,-0.0042725,4.9414
0.023956,-0.0035095,4.9353
0.023804,-0.0036621,4.9353
0.022736,-0.0035095,4.9377
0.02182,-0.005188,4.9365
0.020447,-0.0048828,4.9377
0.02121,-0.0056458,4.9304
0.020447,-0.0054932,4.9304
0.020447,-0.005188,4.9268
0.020447,-0.0039673,4.9231
0.020294,-0.0041199,4.9292
0.020599,-0.0033569,4.9243
0.021057,-0.0028992,4.9207
0.021362,-0.0013733,4.917
0.021973,-0.00030518,4.9182
0.020905,0.0012207,4.9158
0.020447,0.0019836,4.9194
0.019379,0.002594,4.9158
0.018768,0.0038147,4.9158
0.018921,0.0057983,4.9243
0.018158,0.0067139,4.9133
0.017242,0.0076294,4.9207
0.016632,0.0071716,4.8975
0.014038,0.0035095,4.9023
0.010681,0.00076294,4.9109
0.012817,-0.0021362,4.906
0.011902,-0.0030518,4.9072
0.01236,-0.0021362,4.9036
0.013275,-0.00045776,4.9097
0.013733,0.00061035,4.9084
0.013275,-0.00015259,4.9084
0.012207,-0.0015259,4.9133
0.01236,-0.0067139,4.9109
0.011139,-0.0068665,4.9158
0.010223,-0.0050354,4.9182
0.0082397,-0.00091553,4.9207
0.007019,0.0022888,4.9243
0.0057983,0.0059509,4.9243
0.0067139,0.0073242,4.9268
0.0091553,0.0085449,4.928
0.012054,0.010223,4.9365
0.016479,0.014343,4.9329
0.019226,0.014648,4.9329
0.020142,0.016174,4.928
0.020905,0.018311,4.9304
0.022278,0.018921,4.9304
0.024109,0.019379,4.9316
0.024719,0.017548,4.9304
0.026245,0.018921,4.9402
0.026245,0.020142,4.9341
0.026245,0.020294,4.9377
0.026245,0.020294,4.9365
0.027924,0.019989,4.9414
0.03006,0.017395,4.9341
0.031586,0.018616,4.9353
0.033417,0.019836,4.9463
0.033569,0.020142,4.9304
0.035248,0.02121,4.9341
0.033264,0.015869,4.928
0.032806,0.021362,4.906
0.033112,0.021362,4.9207
0.030823,0.021667,0.05249
0.029297,0.023804,0.050049
0.029907,0.024567,0.048828
0.026093,0.022278,0.043945
0.02655,0.023804,0.046387
0.026245,0.022888,0.043945
0.026093,0.02243,0.043945
0.025024,0.022583,0.039063
0.023193,0.023193,0.042725
0.024109,0.023804,0.040283
0.020905,0.020752,0.041504
0.019989,0.019073,0.042725
0.016022,0.015411,0.040283
0.015869,0.012054,0.030518
0.013428,0.010071,0.042725
0.013275,0.0082397,0.036621
0.010834,0.0086975,0.039063
0.010681,0.0083923,0.05249
0.011139,0.0036621,0.042725
0.011292,0.0045776,0.046387
0.012665,0.0027466,0.042725
0.01236,0.0016785,0.047607
0.016174,-0.0021362,0.046387
0.019684,0.00030518,0.05249
0.023193,0.0036621,0.05127
0.023499,0.0054932,0.061035
0.023651,0.0065613,0.054932
0.019531,0.0057983,0.062256
0.017853,0.0053406,0.064697
0.015869,0.0039673,0.063477
0.016327,0.0027466,0.070801
0.017548,0.0030518,0.063477
0.019226,0.0032043,0.06958
0.021973,0.0021362,0.063477
0.025787,0.002594,0.048828
0.028076,-0.00091553,0.062256
0.032196,-0.0047302,0.063477
0.030823,-0.0093079,0.063477
0.03479,-0.011139,0.065918
0.03479,-0.011444,0.064697
0.033264,-0.010529,0.065918
0.031738,-0.0097656,0.063477
0.030975,-0.009613,0.062256
0.029449,-0.013428,0.056152
0.029755,-0.011597,0.057373
0.03067,-0.011902,0.058594
0.032196,-0.010376,0.053711
0.034332,-0.0061035,0.05127
0.034485,-0.00061035,0.05127
0.0354,-0.0016785,0.05249
0.036621,-0.0027466,0.047607
0.036621,-0.0064087,0.05249
0.03891,-0.0090027,0.046387
0.039215,-0.0091553,0.037842
0.039368,-0.0086975,0.040283
0.038757,-0.0068665,0.037842
0.037384,-0.0059509,0.037842
0.036621,-0.0061035,0.040283
0.034943,-0.0079346,0.0354
0.032196,-0.01236,0.041504
0.032959,-0.014343,0.0354
0.031433,-0.015259,0.040283
0.030518,-0.014648,0.037842
0.028839,-0.014496,0.042725
0.027466,-0.016327,0.039063
0.02533,-0.018616,0.042725
0.025787,-0.021362,0.053711
0.026703,-0.022888,0.041504
0.028534,-0.021973,0.050049
0.030365,-0.019226,0.047607
0.032501,-0.015869,0.031738
0.03479,-0.012512,0.048828
0.035553,-0.010834,0.05127
0.036316,-0.010529,0.054932
0.036316,-0.0091553,0.056152
0.035706,-0.0074768,0.056152
0.034027,-0.0064087,0.063477
0.032196,-0.0050354,2.5684
0.028839,-0.0054932,4.7876
0.026093,-0.0065613,4.9146
0.022278,-0.0080872,4.9316
0.021515,-0.0080872,4.9255
0.019379,-0.0079346,4.9329
0.018311,-0.0085449,4.9365
0.017548,-0.0086975,4.9341
0.017853,-0.0093079,4.9377
0.015106,-0.010681,4.939
0.018463,-0.012512,4.9475
0.018158,-0.014648,4.9353
0.019226,-0.014496,4.9243
0.02121,-0.013123,4.9329
0.022583,-0.011139,4.9268
0.023956,-0.0082397,4.9255
0.022888,-0.0039673,4.9243
0.022583,-0.0024414,4.9255
0.020447,-0.0032043,4.9231
0.020447,-0.00091553,4.9182
0.021515,-0.0010681,4.9219
0.024109,-0.00076294,4.9182
0.028839,0.0019836,4.9194
0.032196,0.0033569,4.9158
0.034027,0.0038147,4.9194
0.034943,0.0042725,4.9182
0.036163,0.0033569,4.917
0.035553,0.0022888,4.9109
0.037231,0.0027466,4.9109
0.037842,0.0036621,4.8999
0.037842,0.004425,4.9109
0.035706,0.0048828,4.906
0.032959,0.0048828,4.9084
0.03006,0.0024414,4.9097
0.027618,0,4.9097
0.02655,-0.00045776,4.9084
0.026703,-0.00091553,4.8987
0.025024,-0.0015259,4.9133
0.02243,-0.00076294,4.9109
0.020447,-0.0021362,4.9158
0.017853,-0.0027466,4.9182
0.017548,-0.0036621,4.9219
0.018768,-0.0032043,4.9158
0.020447,-0.0012207,4.9268
0.022583,0.0022888,4.9268
0.023346,0.0061035,4.928
0.024719,0.0091553,4.9365
0.023499,0.010681,4.9365
0.023499,0.010071,4.917
0.024567,0.0091553,4.9268
0.026093,0.0093079,4.9341
0.028687,0.010529,4.9329
0.029297,0.014801,4.9316
0.031281,0.017853,4.9243
0.032196,0.018158,4.9353
0.032501,0.018616,4.9329
0.033569,0.016785,4.9353
0.033264,0.015717,4.9304
0.03479,0.015717,4.9377
0.03418,0.016479,4.9353
0.032806,0.016937,4.939
0.031586,0.016174,4.9451
0.028839,0.014954,4.9341
0.025482,0.013123,4.928
0.023804,0.011597,4.917
0.02243,0.010834,4.9182
0.023193,0.010223,4.9207
0.023346,0.010529,4.9207
0.024719,0.010834,4.9207
0.022278,0.011902,4.9207
0.018005,0.01236,4.9146
0.014801,0.012512,4.9207
0.010834,0.011902,4.9133
0.0083923,0.010986,0.045166
0.0068665,0.007782,0.037842
0.0048828,0.0091553,0.040283
0.0036621,0.0091553,0.042725
0.0035095,0.010071,0.043945
0.0042725,0.010529,0.040283
0.0048828,0.0094604,0.040283
0.0085449,0.0080872,0.050049
0.013123,0.0064087,0.040283
0.016937,0.0050354,0.05249
0.019379,0.0033569,0.037842
0.020752,0.0018311,0.029297
0.01709,-0.00015259,0.040283
0.020447,-0.00076294,0.042725
0.021515,0,0.041504
0.022583,0.0018311,0.047607
0.023956,0.0050354,0.047607
0.026703,0.0067139,0.05127
0.023804,0.0064087,0.050049
0.02243,0.0033569,0.059814
0.020905,-0.00061035,0.05249
0.020142,-0.004425,0.062256
0.020294,-0.0056458,0.057373
0.020905,-0.005188,0.059814
0.021362,-0.0056458,0.072021
0.021515,-0.00076294,0.064697
0.018463,-0.00030518,0.058594
0.015717,-0.0015259,0.062256
0.014343,-0.0033569,0.062256
0.013123,-0.0036621,0.061035
0.013275,-0.0032043,0.063477
0.01236,-0.0010681,0.054932
0.011597,-0.00015259,0.067139
0.011139,-0.0012207,0.050049
0.010376,-0.0048828,0.067139
0.011292,-0.0079346,0.062256
0.014038,-0.010681,0.064697
0.015259,-0.010529,0.058594
0.015564,-0.007782,0.064697
0.018768,-0.0036621,0.056152
0.014343,0,0.057373
0.01358,0.0010681,0.05249
0.013885,0.00076294,0.05127
0.015106,0.00015259,0.062256
0.018005,-0.00091553,0.041504
0.021362,-0.0010681,0.053711
0.024261,-0.00091553,0.046387
0.024567,-0.00076294,0.03418
0.023956,-0.0032043,0.030518
0.022736,-0.0053406,0.039063
0.02533,-0.0068665,0.040283
0.024872,-0.0068665,0.039063
0.023956,-0.0056458,0.03418
0.021667,-0.0035095,0.040283
0.017548,-0.00076294,0.030518
0.013885,0.00030518,0.040283
0.011139,-0.0019836,0.036621
0.011749,-0.0047302,0.039063
0.015106,-0.0015259,0.040283
0.018616,-0.002594,0.041504
0.023193,-0.0024414,0.047607
0.027313,-0.002594,0.042725
0.028534,-0.0032043,0.042725
0.028839,-0.004425,0.043945
0.028381,-0.0047302,0.043945
0.028687,-0.0050354,0.05249
0.03006,-0.0050354,0.048828
0.029144,-0.0042725,0.054932
0.027466,0.00045776,0.057373
0.024719,-0.0019836,0.056152
0.022888,-0.0012207,0.058594
0.022736,-0.0022888,0.061035
0.024872,-0.0065613,0.062256
0.028687,-0.0074768,0.061035
0.031586,-0.010223,0.062256
0.033112,-0.011597,0.058594
0.033264,-0.011749,0.063477
0.030212,-0.010681,0.080566
0.029755,-0.0093079,4.6301
0.028687,-0.0083923,4.9207
0.028687,-0.0074768,4.9341
0.028687,-0.0059509,4.9414
0.028839,-0.005188,4.9341
0.030823,-0.0038147,4.9207
0.028992,-0.0035095,4.9316
0.030212,-0.0018311,4.928
0.031128,-0.0012207,4.9194
0.033264,-0.0039673,4.9316
0.037079,-0.0012207,4.9243
0.037994,-0.0018311,4.9207
0.0383,-0.0018311,4.9146
0.037842,-0.00091553,4.9219
0.036926,0.00015259,4.9146
0.034027,0.00015259,4.9194
0.033264,-0.002594,4.9158
0.032043,-0.0047302,4.9194
0.031433,-0.0067139,4.9097
0.032196,-0.0065613,4.9158
0.030975,-0.0054932,4.9133
0.030365,-0.0030518,4.9097
0.028687,-0.0012207,4.9133
0.028687,-0.0012207,4.9109
0.027618,-0.0019836,4.906
0.027466,-0.0022888,4.9097
0.025787,-0.00076294,4.9121
0.024414,0.0010681,4.9084
0.02182,0.005188,4.9097
0.019379,0.0079346,4.9084
0.016937,0.0067139,4.9109
0.015106,0.0039673,4.9097
0.016785,0.0013733,4.9158
0.018158,-0.00015259,4.9121
0.020599,0.0013733,4.9182
0.022736,0.0074768,4.9194
0.02182,0.012054,4.9255
0.022888,0.014954,4.939
0.024261,0.014496,4.928
0.026703,0.010681,4.9316
0.028381,0.0076294,4.939
0.028381,0.0068665,4.9231
0.026093,0.0073242,4.9316
0.022583,0.0094604,4.9304
0.018921,0.010071,4.9304
0.018311,0.0094604,4.9304
0.020599,0.007019,4.928
0.023346,0.0047302,4.9365
0.024719,0.002594,4.9292
0.024567,-0.00030518,4.9341
0.02182,0.00076294,4.9329
0.018768,0.00030518,4.939
0.017853,-0.0012207,4.9341
0.018463,-0.0015259,4.9353
0.019226,-0.0013733,4.9353
0.018768,-0.00045776,4.9341
0.019226,0.0012207,4.9341
0.016327,0.0036621,4.9304
0.01297,0.0064087,4.9377
0.012665,0.0082397,4.9231
0.014648,0.0099182,4.9182
0.017548,0.011444,4.9207
0.020905,0.012817,4.9182
0.021362,0.01236,4.9133
0.020905,0.010223,4.917
0.020142,0.0086975,4.9133
0.019226,0.0057983,4.9146
0.019684,0.0036621,4.9109
0.018768,0.0019836,4.9121
0.018768,-0.00045776,4.9084
0.017548,-0.0027466,4.9158
0.015259,-0.0059509,4.9109
0.012512,-0.0086975,0.042725
0.012054,-0.010071,0.05127
0.011749,-0.010986,0.040283
0.012817,-0.010376,0.046387
0.01358,-0.010681,0.037842
0.015106,-0.010986,0.031738
0.016937,-0.010529,0.040283
0.019073,-0.012817,0.041504
0.018311,-0.01236,0.040283
0.018158,-0.0086975,0.045166
0.018616,-0.0041199,0.047607
0.021362,-0.0030518,0.05127
0.024719,0.0032043,0.05127
0.029602,0.0050354,0.058594
0.032654,0.0068665,0.053711
0.035553,0.0085449,0.057373
0.036163,0.010223,0.067139
0.037079,0.010834,0.063477
0.039368,0.0093079,0.062256
0.040741,0.0064087,0.063477
0.042114,0.0027466,0.063477
0.040741,0.0021362,0.062256
0.036926,0.0010681,0.068359
0.030823,0.0028992,0.061035
0.026398,0.0054932,0.050049
0.025177,0.0047302,0.059814
0.027161,-0.0018311,0.064697
0.027771,-0.0016785,0.064697
0.028839,-0.0039673,0.065918
0.029297,-0.0050354,0.062256
0.027161,-0.0028992,0.065918
0.027161,-0.0015259,0.058594
0.027313,0,0.061035
0.029297,0.00045776,0.057373
0.028839,0.00015259,0.057373
0.026245,0.0039673,0.05249
0.021667,0.0053406,0.05249
0.0177,0.0076294,0.062256
0.014801,0.0085449,0.048828
0.015717,0.0068665,0.047607
0.017242,0.0053406,0.046387
0.020599,0.0024414,0.028076
0.021667,0,0.042725
0.022583,-0.0022888,0.037842
0.021057,-0.0035095,0.039063
0.021515,-0.002594,0.042725
0.02182,-0.0013733,0.036621
0.022736,0.00091553,0.040283
0.023193,0.0028992,0.041504
0.025787,0.0035095,0.040283
0.021973,0.0041199,0.037842
0.022278,0.0032043,0.041504
0.019836,0.0035095,0.037842
0.020752,0.0030518,0.042725
0.022278,0.0022888,0.036621
0.024719,0.0018311,0.042725
0.02655,0.0016785,0.048828
0.027466,-0.0010681,0.046387
0.027161,-0.002594,0.059814
0.025177,-0.0032043,0.047607
0.022736,-0.0027466,0.042725
0.020294,0.00030518,0.05249
0.018005,0.0032043,0.056152
0.016479,0.0054932,0.057373
0.015106,0.0064087,0.057373
0.014648,0.004425,0.059814
0.014954,0.0030518,0.063477
0.013885,0.0028992,0.059814
0.014038,0.0047302,0.062256
0.014648,0.0085449,0.057373
0.016785,0.011139,0.062256
0.017853,0.010834,0.062256
0.019379,0.0073242,0.064697
0.019379,0.0056458,0.072021
0.016785,-0.00061035,0.064697
0.012665,-0.0012207,0.061035
0.010681,0.0018311,0.063477
0.0085449,0.0047302,0.068359
0.0076294,0.0053406,4.1833
0.0086975,0.0035095,4.8816
0.0088501,0.00030518,4.9243
0.009613,-0.0010681,4.9255
0.0090027,-0.0012207,4.9268
0.0082397,0.0013733,4.9219
0.0080872,0.0041199,4.917
0.010223,0.004425,4.9194
0.010071,0.0035095,4.9182
0.010834,0.0019836,4.9182
0.0083923,-0.0010681,4.9158
0.0068665,0.0018311,4.9182
0.0041199,0.0050354,4.9121
0.0028992,0.0097656,4.9121
0.0042725,0.011902,4.9268
0.0073242,0.013428,4.9133
0.010223,0.010986,4.9194
0.014038,0.009613,4.9121
0.017548,0.0090027,4.8914
0.019379,0.0083923,4.9097
0.022583,0.0090027,4.9109
0.023651,0.007019,4.9097
0.024261,0.0042725,4.9097
0.023956,0.0030518,4.8926
0.022583,-0.0012207,4.9097
0.020752,-0.00076294,4.9109
0.018768,-0.00015259,4.9133
0.017242,0.00015259,4.9109
0.015717,-0.00015259,4.9219
0.016327,-0.00030518,4.9133
0.018158,0.00030518,4.9243
0.019531,0.0012207,4.9329
0.020752,0.0028992,4.9255
0.022278,0.0054932,4.9231
0.021362,0.0073242,4.9341
0.019989,0.0076294,4.9365
0.018158,0.0068665,4.9316
0.017853,0.0061035,4.9304
0.017242,0.0047302,4.9316
0.016022,0.0054932,4.9316
0.014648,0.0068665,4.9255
0.012512,0.0071716,4.9316
0.01358,0.0074768,4.9316
0.014954,0.0067139,4.9329
0.018768,0.0042725,4.9304
0.022125,0.0015259,4.9377
0.025482,-0.00015259,4.9329
0.026855,-0.00076294,4.9377
0.028076,-0.0010681,4.9304
0.028534,-0.00030518,4.9377
0.029144,0.0010681,4.9402
0.032043,0.0010681,4.9353
0.032959,0.0013733,4.9304
0.035858,0.0010681,4.9243
0.037079,0.0021362,4.9097
0.039673,0.0028992,4.9231
0.03952,0.0054932,4.9182
0.040588,0.007019,4.9194
0.041656,0.0079346,4.9158
0.042572,0.0080872,4.9133
0.043793,0.0088501,4.9158
0.041962,0.0085449,4.9109
0.040741,0.0088501,4.9146
0.039368,0.010223,4.9097
0.036926,0.012512,4.9109
0.034332,0.014496,4.9133
0.033112,0.016022,4.8999
0.031281,0.016937,4.9084
0.031738,0.017242,4.9121
0.028839,0.019226,4.9109
0.026703,0.020447,4.9097
0.026245,0.020905,4.9121
0.026703,0.018005,0.040283
0.027924,0.011902,0.030518
0.030975,0.007019,0.039063
0.033417,0.0041199,0.041504
0.033417,0.0042725,0.045166
0.033875,0.0085449,0.050049
0.034027,0.014496,0.047607
0.033722,0.018616,0.053711
0.032806,0.021515,0.056152
0.032806,0.020905,0.058594
0.033112,0.019531,0.057373
0.032043,0.018463,0.050049
0.030365,0.0177,0.061035
0.027313,0.016479,0.062256
0.027466,0.014343,0.075684
0.025787,0.010681,0.062256
0.027008,0.0059509,0.064697
0.02594,0.0012207,0.063477
0.025177,-0.0030518,0.045166
0.022888,-0.0061035,0.062256
0.020752,-0.007782,0.067139
0.018768,-0.0061035,0.065918
0.018311,-0.0033569,0.063477
0.018616,0.00076294,0.063477
0.020447,0.0042725,0.063477
0.022583,0.0071716,0.062256
0.025024,0.0065613,0.058594
0.026855,0.0054932,0.054932
0.028687,0.0053406,0.057373
0.03006,0.0062561,0.05249
0.031433,0.0090027,0.054932
0.032196,0.0099182,0.056152
0.034027,0.0086975,0.05127
0.034332,0.0057983,0.05249
0.033417,0.00091553,0.048828
0.033112,-0.0016785,0.05127
0.028992,-0.0032043,0.043945
0.024719,-0.0032043,0.045166
0.018616,-0.0033569,0.040283
0.014191,-0.0056458,0.042725
0.0094604,-0.009613,0.0354
0.0080872,-0.015106,0.039063
0.0080872,-0.019989,0.040283
0.0080872,-0.02182,0.042725
0.0079346,-0.020447,0.039063
0.0076294,-0.016937,0.042725
0.0093079,-0.014038,0.036621
0.010529,-0.011444,0.041504
0.013275,-0.0056458,0.042725
0.014496,-0.0022888,0.041504
0.01709,0.0016785,0.053711
0.018768,0.0045776,0.047607
0.022583,0.0068665,0.053711
0.026398,0.0079346,0.047607
0.03067,0.0076294,0.040283
0.035553,0.0050354,0.053711
0.039368,0.004425,0.054932
0.040436,0.00091553,0.05249
0.040131,-0.00061035,0.063477
0.038757,-0.0030518,0.058594
0.038757,-0.0050354,0.061035
0.03418,-0.0035095,0.061035
0.031281,-0.0080872,0.064697
0.027618,-0.009613,0.058594
0.023651,-0.011749,0.056152
0.018005,-0.013733,0.065918
0.015717,-0.014191,0.063477
0.017395,-0.010834,0.063477
0.0177,-0.012512,0.067139
0.019531,-0.011292,0.070801
0.019226,-0.0099182,0.067139
0.017853,-0.010681,0.076904
0.014648,-0.011902,0.063477
0.012817,-0.0099182,0.053711
0.012817,-0.009613,0.057373
0.013123,-0.0053406,0.054932
0.015259,-0.00091553,0.05249
0.011749,0.00015259,0.056152
0.0093079,-0.002594,4.3884
0.0086975,-0.007019,4.884
0.010681,-0.0099182,4.9146
0.014496,-0.010529,4.9207
0.017853,-0.0073242,4.9109
0.020294,-0.0088501,4.9231
0.019073,-0.0067139,4.9133
0.016785,-0.0064087,4.9158
0.014954,-0.0073242,4.9207
0.015106,-0.0068665,4.9121
0.015717,-0.0041199,4.9084
0.017548,-0.0032043,4.9084
0.0177,-0.0019836,4.8926
0.016327,-0.0024414,4.9097
0.016327,-0.0056458,4.9097
0.016785,-0.0080872,4.9084
0.018768,-0.010681,4.9084
0.020752,-0.011597,4.9084
0.020599,-0.010986,4.9097
0.019379,-0.010834,4.9084
0.018158,-0.0094604,4.9133
0.014038,-0.0082397,4.9109
0.011292,-0.0065613,4.9194
0.0093079,-0.0048828,4.917
0.0039673,-0.0024414,4.9231
0.0071716,-0.00061035,4.9207
0.0093079,0.0021362,4.9243
0.010529,0.0028992,4.9292
0.013123,0.005188,4.9194
0.014801,0.0039673,4.9426
0.018005,0.004425,4.9316
0.019531,0.0028992,4.9207
0.020142,0.0018311,4.9316
0.018768,-0.00015259,4.9304
0.019379,-0.00045776,4.9292
0.016632,0.0010681,4.9304
0.015869,0.0018311,4.9304
0.013123,0.0030518,4.9353
0.011902,0.0041199,4.9329
0.01297,0.0041199,4.9414
0.014191,0.0061035,4.9304
0.016785,0.0082397,4.9377
0.02243,0.010071,4.9365
0.020752,0.011444,4.9365
0.023193,0.012512,4.9377
0.023193,0.013275,4.9329
0.023346,0.012512,4.9255
0.023346,0.011597,4.9255
0.019531,0.010529,4.9219
0.016785,0.0080872,4.9231
0.011749,0.0083923,4.9158
0.0088501,0.0071716,4.9158
0.0054932,0.0062561,4.9182
0.0059509,0.0053406,4.9194
0.0073242,0.0033569,4.9146
0.0082397,0.0033569,4.9109
0.0097656,0.0028992,4.917
0.0099182,0.0027466,4.9084
0.009613,0.0035095,4.9109
0.010071,0.0036621,4.9133
0.012054,0.0041199,4.9072
0.013275,0.0035095,4.9084
0.015869,0.0047302,4.9146
0.01709,0.0062561,4.9084
0.018463,0.007782,4.9121
0.019226,0.0076294,4.9194
0.02121,0.0079346,4.9133
0.024261,0.0076294,4.8962
0.027466,0.0076294,4.9121
0.029297,0.0082397,4.9133
0.032806,0.007019,4.9158
0.034485,0.0085449,0.046387
0.034027,0.0071716,0.046387
0.032654,0.0061035,0.054932
0.03006,0.0054932,0.054932
0.028687,0.0042725,0.057373
0.027008,0.0082397,0.054932
0.026398,0.0028992,0.061035
0.024872,0.0022888,0.061035
0.023041,0.0012207,0.063477
0.023041,-0.00061035,0.072021
0.022583,-0.0018311,0.065918
0.023193,-0.0033569,0.056152
0.023041,-0.0036621,0.061035
0.025635,-0.0021362,0.067139
0.025482,-0.0013733,0.062256
0.026855,-0.00030518,0.068359
0.02655,0.0018311,0.065918
0.025635,0.0035095,0.064697
0.025787,0.0064087,0.063477
0.02594,0.010223,0.065918
0.027008,0.012665,0.062256
0.027161,0.01297,0.061035
0.027924,0.012512,0.056152
0.028534,0.010071,0.059814
0.029144,0.0076294,0.053711
0.03006,0.0065613,0.053711
0.029449,0.0056458,0.053711
0.027924,0.0053406,0.05127
0.027618,0.0042725,0.058594
0.025482,0.0035095,0.05127
0.024414,0.0036621,0.056152
0.021973,0.0028992,0.045166
0.02121,0.0022888,0.031738
0.019989,0.0021362,0.042725
0.018921,0.0027466,0.040283
0.017548,0.0035095,0.040283
0.018768,0.0047302,0.040283
0.019836,0.0057983,0.037842
0.021667,0.0054932,0.040283
0.022583,0.0050354,0.036621
0.022278,0.0042725,0.039063
0.021057,0.0038147,0.0354
0.020294,0.0041199,0.040283
0.020599,0.0076294,0.042725
0.020752,0.009613,0.041504
0.020599,0.012512,0.042725
0.020447,0.01297,0.041504
0.021515,0.011139,0.045166
0.023346,0.0079346,0.046387
0.025787,0.0057983,0.050049
0.027924,0.0045776,0.05127
0.028229,0.0047302,0.042725
0.027466,0.0059509,0.05127
0.025482,0.0028992,0.057373
0.022888,-0.00015259,0.05127
0.020142,-0.0027466,0.058594
0.017548,-0.0048828,0.058594
0.015259,-0.0067139,0.063477
0.015106,-0.004425,0.059814
0.015106,-0.0039673,0.062256
0.015869,-0.00015259,0.062256
0.018311,0.00015259,0.064697
0.019684,-0.00076294,0.059814
0.023041,-0.0018311,0.065918
0.025482,-0.0042725,0.078125
0.027161,-0.0048828,0.065918
0.027466,-0.0035095,0.064697
0.027008,-0.0024414,0.064697
0.027008,-0.0010681,0.047607
0.026245,-0.0019836,0.059814
0.024567,-0.0035095,0.058594
0.023651,-0.0057983,0.056152
0.02182,-0.0073242,0.057373
0.02121,-0.0068665,0.050049
0.022125,-0.0057983,0.048828
0.021057,-0.0039673,0.041504
0.021973,-0.0050354,0.050049
0.023499,-0.0076294,0.042725
0.026398,-0.011292,2.0911
0.028839,-0.015259,4.7473
0.028687,-0.016632,4.9048
0.029144,-0.014648,4.9109
0.030518,-0.012207,4.9133
0.028992,-0.0085449,4.9158
0.028381,-0.0062561,4.9097
0.028229,-0.0054932,4.9133
0.028839,-0.0057983,4.9084
0.028534,-0.0064087,4.9048
0.029602,-0.0073242,4.9097
0.030823,-0.0086975,4.906
0.031128,-0.0083923,4.906
0.031281,-0.0088501,4.9084
0.030823,-0.0079346,4.906
0.031281,-0.0061035,4.9072
0.030823,-0.0041199,4.9097
0.030823,-0.0035095,4.9182
0.030823,-0.0016785,4.8975
0.028992,-0.0013733,4.9219
0.027618,-0.00076294,4.9207
0.026093,0.00045776,4.9268
0.026703,0.0016785,4.9377
0.030823,0,4.9268
0.030518,-0.0015259,4.9353
0.03006,-0.0039673,4.9316
0.029602,-0.0054932,4.9268
0.028839,-0.0057983,4.9329
0.026703,-0.005188,4.9304
0.025482,-0.004425,4.9341
0.023193,-0.0057983,4.9304
0.018921,-0.0053406,4.9268
0.015106,-0.0061035,4.9329
0.013123,-0.0064087,4.9316
0.011749,-0.0064087,4.9341
0.012054,-0.0039673,4.9329
0.011139,-0.002594,4.9377
0.011292,-0.002594,4.9377
0.010223,-0.0038147,4.939
0.011139,-0.004425,4.9353
0.0083923,0.00030518,4.9341
0.011139,-0.0027466,4.939
0.011597,0.00061035,4.928
0.012512,0.0028992,4.9353
0.013275,0.0030518,4.9231
0.012054,0.0012207,4.9109
0.014648,0.0015259,4.9182
0.016022,-0.00030518,4.9219
0.015869,0.0018311,4.9194
0.017853,0.0041199,4.9182
0.018768,0.005188,4.9097
0.019379,0.005188,4.9146
0.020294,0.0039673,4.9109
0.019684,0.0038147,4.9121
0.019989,0.0035095,4.9072
0.018768,0.0039673,4.9146
0.017853,0.004425,4.9121
0.017395,0.0048828,4.9109
0.017548,0.0054932,4.9207
0.016785,0.0038147,4.9121
0.018158,0.0021362,4.9121
0.018005,0.0010681,4.9109
0.011902,-0.00030518,4.895
0.013885,-0.0012207,4.9084
0.011902,-0.00045776,4.9109
0.0097656,0.0013733,4.9133
0.0088501,0.0033569,4.9158
0.0080872,0.0050354,4.9133
0.007019,0.0057983,4.9207
0.0059509,0.0068665,4.9207
0.0041199,0.0074768,4.9255
0.0036621,0.0076294,4.9158
0.0022888,0.0094604,0.058594
0.0045776,0.0082397,0.057373
0.0050354,0.0080872,0.064697
0.0022888,0.0079346,0.063477
0.0065613,0.0086975,0.064697
0.0036621,0.0080872,0.064697
0.002594,0.010376,0.062256
0.0021362,0.0065613,0.072021
0.0022888,0.0057983,0.059814
0.002594,0.0073242,0.05127
0.0021362,0.011444,0.057373
0.0027466,0.0073242,0.064697
0.0033569,0.0064087,0.065918
0.0038147,0.0032043,0.065918
0.0050354,0,0.065918
0.0018311,0.00091553,0.063477
0.0056458,0.0042725,0.061035
0.0064087,0.0079346,0.063477
0.0073242,0.011139,0.053711
0.010529,0.014191,0.057373
0.01297,0.014496,0.053711
0.014954,0.016785,0.047607
0.016937,0.017242,0.054932
0.017548,0.019073,0.05249
0.015411,0.019989,0.046387
0.018158,0.020905,0.047607
0.016174,0.020599,0.03418
0.016479,0.019989,0.045166
0.018005,0.017853,0.041504
0.018768,0.015259,0.037842
0.019836,0.012512,0.041504
0.018005,0.011597,0.039063
0.016785,0.0053406,0.0354
0.015869,0.0068665,0.036621
0.016785,0.0067139,0.042725
0.017853,0.0064087,0.036621
0.017548,0.0035095,0.041504
0.016785,0.0056458,0.041504
0.014954,0.0035095,0.040283
0.013428,-0.00015259,0.0354
0.010986,-0.00091553,0.042725
0.011902,0.00091553,0.048828
0.01358,0.0039673,0.043945
0.016022,0.007019,0.057373
0.017395,0.0073242,0.050049
0.019379,0.0047302,0.036621
0.021973,-0.00091553,0.048828
0.025177,-0.0027466,0.053711
0.023956,-0.0024414,0.056152
0.024261,0.0015259,0.061035
0.024261,0.0062561,0.057373
0.024872,0.0083923,0.063477
0.022736,0.0091553,0.059814
0.023041,0.0057983,0.063477
0.02182,0.0016785,0.059814
0.022736,0.00030518,0.063477
0.023499,-0.00015259,0.061035
0.02533,-0.00015259,0.063477
0.027161,-0.00015259,0.076904
0.029297,-0.0010681,0.063477
0.030975,-0.0022888,0.062256
0.031738,-0.0018311,0.065918
0.032196,-0.0013733,0.065918
0.032043,0.00091553,0.063477
0.030212,0.0033569,0.061035
0.028381,0.0048828,0.062256
0.026245,0.0059509,0.059814
0.02533,0.0056458,0.05127
0.024414,0.005188,0.056152
0.024109,0.0054932,0.05127
0.023499,0.0067139,0.05249
0.023041,0.0076294,0.046387
0.021973,0.0071716,0.050049
0.02243,0.005188,0.043945
0.023041,0.0038147,0.047607
0.024261,0.0024414,0.043945
0.024261,0.0032043,0.041504
0.022736,0.0018311,0.054932
0.02182,0.0010681,4.2944
0.020752,0.0021362,4.8779
0.021667,0.0028992,4.9048
0.022583,0.0028992,4.8987
0.023804,0.0038147,4.9097
0.024719,0.0039673,4.9109
0.025635,0.0030518,4.9097
0.026245,0.0036621,4.9084
0.027313,0.0042725,4.9072
0.030365,0.0038147,4.9097
0.031891,0.0039673,4.906
0.033417,0.0032043,4.9133
0.032501,0.0021362,4.9084
0.031281,-0.00015259,4.917
0.029907,-0.0030518,4.9194
0.028076,-0.0045776,4.9231
0.027771,-0.0061035,4.9231
0.027313,-0.0062561,4.9268
0.02655,-0.0045776,4.9255
0.023804,-0.0035095,4.9329
0.021515,-0.0016785,4.9353
0.020599,-0.0013733,4.9353
0.020752,-0.00091553,4.9158
0.02243,-0.00061035,4.9329
0.023193,0.00045776,4.9304
0.024719,0.0016785,4.928
0.027161,0.0024414,4.9316
0.027161,0.0021362,4.9304
0.028381,0.0021362,4.9353
0.029602,0.0033569,4.9329
0.032196,0.0045776,4.9353
0.034027,0.0074768,4.9329
0.034637,0.0082397,4.9377
0.032501,0.0057983,4.9329
0.029755,0.0013733,4.9377
0.026245,-0.0042725,4.9451
0.023651,-0.0083923,4.9329
0.022583,-0.0094604,4.9292
0.023346,-0.007782,4.9255
0.022736,-0.0054932,4.9072
0.02182,-0.0018311,4.9182
0.020447,-0.0068665,4.9219
0.019073,-0.010834,4.9158
0.018463,-0.014648,4.9182
0.018768,-0.015717,4.9121
0.020294,-0.014038,4.9158
0.02182,-0.0093079,4.9146
0.022278,-0.0050354,4.9133
0.023041,-0.004425,4.9072
0.024261,-0.0048828,4.9158
0.024109,-0.0068665,4.9146
0.025177,-0.0071716,4.9109
0.02594,-0.0041199,4.9146
0.027924,0.0015259,4.9109
0.026703,0.0061035,4.9097
0.027771,0.0079346,4.9109
0.029449,0.0061035,4.9048
0.031738,0.0030518,4.9084
0.034485,-0.00045776,4.8938
0.037079,-0.00091553,4.9121
0.038452,-0.00015259,4.9097
0.036926,0.00061035,4.9109
0.0354,0.00091553,4.9158
0.032501,0.0016785,4.917
0.029907,0.0022888,4.9194
0.023956,0.0027466,4.9207
0.024719,0.0036621,4.9268
0.023651,0.0038147,4.9219
0.020905,0.0033569,4.9329
0.020294,0.0024414,4.9316
0.018158,0.0016785,4.9304
0.019226,0.0019836,4.939
0.020294,0.0028992,0.064697
0.02182,0.0016785,0.067139
0.02121,0.0012207,0.063477
0.018768,-0.00091553,0.05249
0.014191,-0.00045776,0.062256
0.010529,0.00045776,0.062256
0.007019,0.00076294,0.063477
0.0053406,0.00015259,0.065918
0.004425,-0.00061035,0.061035
0.0056458,-0.0033569,0.064697
0.0080872,-0.0059509,0.064697
0.010529,-0.0079346,0.064697
0.013428,-0.0076294,0.056152
0.015259,-0.0064087,0.063477
0.018005,-0.0048828,0.057373
0.019684,-0.005188,0.05127
0.020294,-0.0059509,0.05127
0.020599,-0.0062561,0.050049
0.019989,-0.0038147,0.05249
0.018158,0.0013733,0.047607
0.015717,0.0062561,0.05249
0.016022,0.0091553,0.045166
0.016022,0.0079346,0.042725
0.016327,0.0032043,0.040283
0.019684,0.00015259,0.042725
0.02182,0.00015259,0.040283
0.022125,0.0028992,0.0354
0.02121,0.0068665,0.036621
0.019379,0.0080872,0.042725
0.01709,0.0056458,0.036621
0.014648,0.0012207,0.041504
0.013428,-0.0016785,0.037842
0.012665,-0.0018311,0.040283
0.010986,0.0030518,0.039063
0.0086975,0.007019,0.041504
0.0057983,0.010834,0.056152
0.0021362,0.0076294,0.041504
-0.0013733,0.0027466,0.053711
0.0021362,0,0.047607
0.00045776,0.00091553,0.025635
0.0012207,0.0033569,0.050049
0.0028992,0.0065613,0.054932
0.0019836,0.0065613,0.056152
0.0022888,0.0027466,0.057373
0.0015259,-0.0035095,0.063477
0.0032043,-0.0056458,0.064697
0.0059509,-0.0041199,0.057373
0.0090027,-0.00076294,0.062256
0.011444,0.0036621,0.058594
0.013123,0.0068665,0.063477
0.014191,0.0068665,0.063477
0.013885,0.0067139,0.059814
0.012512,0.0035095,0.070801
0.013275,0.004425,0.063477
0.014191,0.0032043,0.067139
0.013885,0.0018311,0.068359
0.012817,0.00091553,0.080566
0.012817,0.00015259,0.063477
0.01236,-0.00045776,0.059814
0.012054,-0.0016785,0.062256
0.01297,-0.0048828,0.058594
0.014191,-0.0027466,0.054932
0.015411,-0.0032043,0.056152
0.016327,-0.0010681,0.05127
0.018616,0.0022888,0.05127
0.018311,0.0071716,0.045166
0.018463,0.010376,0.050049
0.0177,0.010071,0.043945
0.016479,0.0085449,0.05249
0.017548,0.0057983,0.045166
0.018158,0.0041199,0.045166
0.018158,0.005188,0.05127
0.018158,0.0082397,0.045166
0.016937,0.010071,0.042725
0.016022,0.0074768,0.045166
0.018921,0.0019836,0.029297
0.019531,-0.0015259,0.039063
0.020599,-0.004425,0.039063
0.021515,-0.0041199,3.7903
0.020905,-0.0018311,4.8376
0.020294,-0.00030518,4.9011
0.016785,0.00015259,4.9036
0.016022,-0.0080872,4.906
0.015411,-0.01236,4.9133
0.016479,-0.013733,4.9084
0.016632,-0.011139,4.9158
0.016327,-0.0061035,4.9158
0.015869,-0.0033569,4.9194
0.015411,0,4.917
0.016785,0,4.9255
0.018768,-0.00045776,4.928
0.027618,-0.00030518,4.9268
0.027008,0.0010681,4.9402
0.028992,0.0033569,4.9316
0.029449,0.0032043,4.9182
0.030365,0.0024414,4.9304
0.030518,-0.0010681,4.9353
0.03067,-0.0045776,4.9304
0.032349,-0.0059509,4.928
0.030975,-0.0059509,4.9255
0.029907,-0.0035095,4.9316
0.02594,-0.0010681,4.9329
0.023346,-0.0018311,4.9353
0.020905,-0.0028992,4.9304
0.019836,-0.0065613,4.9377
0.020905,-0.0085449,4.9353
0.023346,-0.0074768,4.9341
0.024872,-0.0053406,4.9438
0.026245,-0.0016785,4.9316
0.026398,0.0016785,4.9304
0.02594,0.0035095,4.9304
0.025482,0.004425,4.917
0.025635,0.0048828,4.9231
0.027008,0.0068665,4.9207
0.02655,0.0073242,4.917
0.025482,0.007782,4.9182
0.024719,0.0086975,4.895
0.022888,0.0079346,4.9133
0.023041,0.0064087,4.9158
0.024261,0.005188,4.9158
0.026703,0.0032043,4.9072
0.027924,0.002594,4.9133
0.028076,0.0024414,4.9109
0.02594,0.0033569,4.9146
0.022888,0.0028992,4.9084
0.020142,0.00015259,4.9121
0.019531,-0.002594,4.917
0.019684,-0.0067139,4.9097
0.02182,-0.0091553,4.917
0.022888,-0.0097656,4.9097
0.023804,-0.0086975,4.8987
0.022736,-0.007782,4.9121
0.022125,-0.0076294,4.9097
0.022278,-0.0061035,4.9097
0.024109,-0.0048828,4.9146
0.02655,-0.0033569,4.9097
0.027008,-0.0038147,4.9182
0.02655,-0.0039673,4.9207
0.024719,-0.0050354,4.9304
0.021515,-0.0074768,4.9231
0.018616,-0.0094604,4.9304
0.017548,-0.011139,4.9329
0.016785,-0.013885,4.9341
0.016785,-0.013885,4.939
0.015106,-0.013428,4.9316
0.012665,-0.013275,4.9329
0.010529,-0.014191,4.9329
0.0097656,-0.014648,4.9353
0.011444,-0.016632,4.9377
0.015411,-0.015411,4.9292
0.021057,-0.013733,4.9316
0.026855,-0.01236,0.068359
0.030365,-0.0080872,0.063477
0.031738,-0.0039673,0.068359
0.031891,-0.0010681,0.058594
0.031586,0.0018311,0.061035
0.034027,0.0036621,0.059814
0.036926,0.0035095,0.061035
0.039673,0.002594,0.058594
0.040436,-0.00045776,0.054932
0.03952,-0.0015259,0.05249
0.037384,-0.0048828,0.048828
0.034637,-0.007782,0.059814
0.033112,-0.010071,0.047607
0.031891,-0.012817,0.056152
0.028534,-0.013885,0.047607
0.027466,-0.015259,0.042725
0.022583,-0.014954,0.041504
0.018463,-0.011139,0.040283
0.014191,-0.0094604,0.039063
0.012817,-0.0097656,0.041504
0.014496,-0.013733,0.0354
0.016022,-0.019073,0.040283
0.018311,-0.025482,0.039063
0.019226,-0.028229,0.042725
0.0177,-0.023041,0.037842
0.016632,-0.015717,0.040283
0.015717,-0.0065613,0.041504
0.015717,0.00061035,0.041504
0.0177,0.0028992,0.050049
0.018921,0.0045776,0.043945
0.020294,0.0036621,0.041504
0.019989,0.0024414,0.047607
0.019836,0.0019836,0.043945
0.019836,0.002594,0.046387
0.02121,0.0016785,0.05127
0.023499,0.00045776,0.05249
0.020752,-0.0024414,0.054932
0.02594,-0.0057983,0.056152
0.020599,-0.0062561,0.059814
0.02182,-0.0071716,0.058594
0.018921,-0.0068665,0.063477
0.018311,-0.0024414,0.057373
0.019989,0.0012207,0.065918
0.02182,0.0080872,0.059814
0.023193,0.0041199,0.062256
0.020447,0.0038147,0.061035
0.015411,0.0053406,0.064697
0.007019,0.0068665,0.072021
0.00091553,0.0076294,0.065918
-0.0033569,0.0080872,0.074463
-0.0035095,0.0054932,0.064697
-0.002594,0.00076294,0.048828
-0.00091553,-0.007782,0.062256
0.00076294,-0.015106,0.057373
0.0028992,-0.019836,0.056152
0.0047302,-0.019531,0.059814
0.0076294,-0.014648,0.05249
0.010223,-0.0053406,0.05249
0.01236,0.0050354,0.048828
0.011749,0.012054,0.053711
0.0085449,0.017242,0.046387
0.0068665,0.022736,0.043945
0.004425,0.025482,0.047607
0.0059509,0.028534,0.050049
0.010986,0.027771,0.042725
0.018158,0.023651,0.045166
0.025482,0.016937,0.043945
0.030823,0.007782,0.040283
0.034027,0.0016785,0.037842
0.032501,-0.00015259,0.039063
0.028534,0.00061035,0.045166
0.023804,0.0038147,0.039063
0.018921,0.0061035,0.039063
0.011597,0.0068665,0.037842
0.0056458,0.0054932,0.037842
-0.0013733,0.0047302,0.036621
-0.0050354,0.0033569,0.042725
-0.0061035,0.005188,1.9189
-0.0050354,0.0068665,4.7363
-0.00076294,0.0091553,4.8975
0.0038147,0.012207,4.917
0.0068665,0.011444,4.917
0.0080872,0.010376,4.9182
0.0071716,0.0099182,4.9316
0.004425,0.010376,4.9268
0.0012207,0.011139,4.9316
-0.0016785,0.011139,4.9304
-0.0022888,0.010529,4.917
-0.0015259,0.0088501,4.9292
0,0.0080872,4.9304
0.0012207,0.0039673,4.9304
0.0045776,0.0033569,4.9292
0.0071716,0.0010681,4.928
0.0086975,0.0015259,4.9255
0.011902,0.0068665,4.9341
0.015106,0.010834,4.9329
0.018616,0.016632,4.9304
0.020294,0.019379,4.939
0.020294,0.019379,4.9402
0.02121,0.018311,4.9365
0.021667,0.016632,4.9377
0.024567,0.016022,4.9341
0.027618,0.01709,4.9341
0.029297,0.014038,4.9304
0.031586,0.011292,4.9414
0.029602,0.0064087,4.9231
0.027161,0.002594,4.9255
0.025177,0.00061035,4.9182
0.022583,-0.00030518,4.917
0.021973,-0.00076294,4.9133
0.020294,-0.0032043,4.9182
0.018616,-0.0036621,4.9146
0.015106,-0.0039673,4.9158
0.014496,-0.0016785,4.9097
0.012512,0.0010681,4.9121
0.010071,0.0012207,4.906
0.0093079,0.0018311,4.9146
0.0090027,0.00045776,4.9133
0.01236,-0.0021362,4.9121
0.015106,-0.0010681,4.917
0.017242,-0.0053406,4.9109
0.019684,-0.0016785,4.9158
0.023041,0.0028992,4.9084
0.025635,0.0062561,4.9011
0.029907,0.0071716,4.9146
0.031586,0.0057983,4.9109
0.033569,0.0038147,4.9109
0.033112,0.0048828,4.9158
0.030365,0.0061035,4.917
0.029602,0.0079346,4.917
0.027771,0.0090027,4.9182
0.03006,0.0086975,4.928
0.031281,0.0068665,4.928
0.032349,0.0012207,4.9292
0.032349,-0.0022888,4.9304
0.030823,-0.004425,4.9316
0.028076,-0.0048828,4.9329
0.026245,-0.0036621,4.9329
0.02594,-0.0038147,4.9341
0.024719,-0.0042725,4.9304
0.025482,-0.005188,4.9402
0.024261,-0.0062561,4.9341
0.023041,-0.0059509,4.9219
0.025177,-0.0059509,4.9353
0.026398,-0.0039673,4.9329
0.029449,-0.0016785,4.9353
0.030975,0.00076294,4.9316
0.031586,0.0021362,4.9329
0.032349,-0.0018311,4.9353
0.031586,-0.0041199,4.928
0.026855,-0.0061035,4.9292
0.026093,-0.0064087,0.057373
0.023346,-0.0041199,0.054932
0.02243,-0.00030518,0.05127
0.022125,0.0042725,0.054932
0.023804,0.0074768,0.062256
0.026245,0.0086975,0.046387
0.028839,0.0099182,0.041504
0.032043,0.0099182,0.047607
0.034027,0.010681,0.028076
0.036926,0.012054,0.043945
0.037994,0.010681,0.041504
0.037994,0.0067139,0.037842
0.037537,0.0013733,0.040283
0.033875,-0.0030518,0.036621
0.031128,-0.0062561,0.039063
0.02655,-0.0059509,0.037842
0.023804,-0.0039673,0.041504
0.022736,-0.0013733,0.028076
0.022583,0,0.041504
0.025177,0,0.040283
0.026703,-0.00030518,0.041504
0.028534,-0.0010681,0.041504
0.03067,-0.00030518,0.045166
0.030212,0.0018311,0.043945
0.031433,0.0030518,0.045166
0.033264,0.0022888,0.054932
0.031586,-0.00091553,0.047607
0.033112,-0.0045776,0.043945
0.030975,-0.0083923,0.05249
0.028992,-0.010834,0.056152
0.026093,-0.010681,0.054932
0.024261,-0.0090027,0.059814
0.023041,-0.007782,0.059814
0.021515,-0.0074768,0.062256
0.020752,-0.0068665,0.059814
0.020905,-0.0074768,0.063477
0.021057,-0.0041199,0.058594
0.020447,-0.0067139,0.063477
0.021515,-0.0068665,0.057373
0.021515,-0.0064087,0.063477
0.022125,-0.0074768,0.074463
0.022125,-0.0082397,0.067139
0.022736,-0.0074768,0.068359
0.023956,-0.007019,0.064697
0.02533,-0.0042725,0.057373
0.02655,-0.0019836,0.065918
0.02533,0.0013733,0.058594
0.029297,-0.00030518,0.057373
0.03067,0.0032043,0.058594
0.030212,0.0030518,0.054932
0.031128,0.00091553,0.05249
0.030823,0.00091553,0.048828
0.028534,-0.00091553,0.05127
0.031891,-0.00091553,0.045166
0.032043,-0.0035095,0.05127
0.033112,-0.0059509,0.047607
0.033569,-0.0093079,0.047607
0.033112,-0.011139,0.040283
0.032349,-0.013428,0.043945
0.030823,-0.013733,0.053711
0.029449,-0.01358,0.045166
0.027008,-0.012817,0.050049
0.023956,-0.010986,0.040283
0.023041,-0.010071,0.030518
0.021515,-0.0074768,0.036621
0.020905,-0.0054932,0.041504
0.020142,-0.0035095,0.039063
0.020294,-0.0030518,0.041504
0.022125,-0.0038147,0.0354
0.023956,0.0013733,0.040283
0.02533,0.0019836,0.031738
0.024261,0.0038147,0.046387
0.025177,0.007019,0.043945
0.024261,0.0093079,0.048828
0.021973,0.0079346,0.050049
0.021515,0.0082397,0.056152
0.020142,0.0067139,1.4087
0.018616,0.005188,4.7192
0.016937,0.0028992,4.9109
0.015106,0.00030518,4.9255
0.014343,-0.002594,4.928
0.014191,-0.0053406,4.9316
0.015411,-0.0080872,4.9451
0.016174,-0.0090027,4.9304
0.014648,-0.010529,4.928
0.016022,-0.010529,4.9268
0.014648,-0.011597,4.928
0.012817,-0.012817,4.9316
0.010529,-0.013123,4.9341
0.011597,-0.012512,4.9329
0.010376,-0.010681,4.9365
0.011292,-0.010223,4.9316
0.01236,-0.0080872,4.9341
0.013275,-0.0090027,4.9316
0.013885,-0.011292,4.9353
0.015106,-0.011597,4.9377
0.015869,-0.0080872,4.9304
0.016174,-0.002594,4.9316
0.016785,0.0032043,4.9231
0.015411,0.0062561,4.9109
0.014648,0.0048828,4.9207
0.01297,0.002594,4.9194
0.013275,0.00061035,4.8999
0.012512,0.0012207,4.917
0.016327,0.0045776,4.9158
0.018616,0.0071716,4.9146
0.0177,0.010223,4.9109
0.020905,0.0090027,4.9133
0.02121,0.0062561,4.9097
0.022736,0.0038147,4.9133
0.024567,0.0010681,4.9121
0.02655,0.0015259,4.9121
0.027313,0.0015259,4.9109
0.026093,0.0012207,4.9133
0.024414,-0.00045776,4.9072
0.021362,-0.0030518,4.9084
0.018921,-0.0048828,4.906
0.016937,-0.0050354,4.9121
0.015106,-0.0032043,4.9097
0.013885,0.00015259,4.9133
0.011597,0.0021362,4.9146
0.010223,0.0018311,4.9158
0.0083923,0,4.9207
0.0079346,-0.002594,4.9109
0.0085449,-0.0050354,4.928
0.011292,-0.005188,4.9255
0.011444,-0.0028992,4.928
0.01297,-0.00045776,4.928
0.017242,0.0021362,4.9329
0.01358,0.004425,4.928
0.013885,0.0065613,4.9316
0.014038,0.0085449,4.9414
0.014343,0.0090027,4.9341
0.019531,0.0080872,4.9377
0.019531,0.0094604,4.9304
0.022736,0.009613,4.9158
0.02533,0.0086975,4.9316
0.027466,0.0074768,4.9341
0.028992,0.0054932,4.9365
0.031586,0.0041199,4.9329
0.033875,0.004425,4.9329
0.03479,0.0053406,4.9365
0.034943,0.0068665,4.9304
0.034027,0.007782,4.9304
0.03067,0.0080872,4.9243
0.027618,0.0056458,4.928
0.025177,0.0041199,4.9231
0.023041,0.00091553,4.9219
0.019989,-0.0022888,4.9243
0.021362,-0.0033569,4.9194
0.020142,-0.0035095,0.048828
0.019226,-0.0030518,0.047607
0.019379,-0.0022888,0.047607
0.018158,-0.002594,0.042725
0.018768,-0.004425,0.043945
0.018005,-0.0061035,0.031738
0.016022,-0.0064087,0.042725
0.016479,-0.0036621,0.036621
0.015259,-0.00061035,0.040283
0.014801,0.0018311,0.039063
0.01709,0.0030518,0.040283
0.020752,0.0045776,0.039063
0.026245,0.0047302,0.039063
0.030212,0.0047302,0.039063
0.032654,0.0047302,0.039063
0.034943,0.0061035,0.041504
0.034637,0.0076294,0.041504
0.036469,0.0090027,0.05249
0.037689,0.0088501,0.047607
0.039673,0.0057983,0.059814
0.038452,0.0016785,0.046387
0.03952,-0.0013733,0.041504
0.03891,-0.0035095,0.053711
0.036926,-0.0039673,0.056152
0.035858,-0.0036621,0.054932
0.03479,-0.0028992,0.062256
0.033722,-0.0038147,0.058594
0.032349,-0.0062561,0.061035
0.03006,-0.007782,0.059814
0.027466,-0.010223,0.063477
0.024872,-0.010071,0.057373
0.022583,-0.0088501,0.064697
0.022583,-0.0067139,0.065918
0.023346,-0.0033569,0.067139
0.024261,-0.0024414,0.068359
0.024109,-0.00015259,0.067139
0.023651,0.0013733,0.068359
0.022888,0.0022888,0.058594
0.022278,0.0022888,0.075684
0.02243,0.0039673,0.064697
0.022125,0.0042725,0.05249
0.022125,0.0045776,0.059814
0.020752,0.0050354,0.057373
0.022278,0.0053406,0.053711
0.02243,0.0041199,0.05249
0.023956,0.007019,0.047607
0.025024,0.0061035,0.05249
0.02594,0.0048828,0.045166
0.02655,0.002594,0.046387
0.02533,0.00045776,0.046387
0.024567,-0.0013733,0.050049
0.023041,-0.0032043,0.043945
0.020599,-0.0054932,0.043945
0.019531,-0.0068665,0.054932
0.018768,-0.0074768,0.040283
0.018921,-0.009613,0.043945
0.018158,-0.010071,0.045166
0.019379,-0.0094604,0.023193
0.020294,-0.0082397,0.037842
0.021515,-0.0080872,0.037842
0.022125,-0.0064087,0.036621
0.021362,-0.007019,0.040283
0.02182,-0.0071716,0.036621
0.022278,-0.007019,0.042725
0.023193,-0.0057983,0.037842
0.024719,-0.0056458,0.045166
0.025787,-0.0050354,0.041504
0.023956,-0.0080872,0.05127
0.02182,-0.0099182,0.047607
0.019989,-0.010376,0.05249
0.019836,-0.010376,0.05127
0.020905,-0.0088501,0.057373
0.023193,-0.0079346,0.056152
0.02533,-0.0062561,0.059814
0.025635,-0.0059509,0.062256
0.022888,-0.0065613,0.061035
0.023041,-0.0074768,0.05249
0.023804,-0.0074768,3.9709
0.025024,-0.0074768,4.8669
0.024872,-0.0073242,4.9194
0.025482,-0.0085449,4.9329
0.024109,-0.0053406,4.9268
0.022278,-0.005188,4.9341
0.021667,-0.0067139,4.9304
0.022736,-0.0064087,4.9377
0.023041,-0.0057983,4.9292
0.025024,-0.005188,4.9377
0.025482,-0.002594,4.9341
0.025482,-0.00045776,4.9353
0.026093,0.0013733,4.9414
0.02594,0.00076294,4.9304
0.027924,-0.00030518,4.9121
0.026398,-0.0032043,4.9231
0.027313,-0.005188,4.9121
0.02533,-0.0057983,4.9207
0.024414,-0.0053406,4.9182
0.026855,-0.0047302,4.9182
0.022583,-0.0038147,4.917
0.022583,-0.007019,4.9158
0.021667,-0.0079346,4.9133
0.020599,-0.007782,4.9097
0.018768,-0.0050354,4.9121
0.016937,-0.0027466,4.9072
0.016632,0.00061035,4.9121
0.016022,0.0022888,4.9109
0.017242,0.0027466,4.9121
0.018158,0.0039673,4.9072
0.018005,0.0042725,4.9146
0.019073,0.0062561,4.9158
0.020447,0.0019836,4.9109
0.02182,0.0065613,4.9182
0.022125,0.0059509,4.9109
0.022125,0.0059509,4.9011
0.020294,0.0027466,4.9109
0.018463,0.00061035,4.9146
0.014648,-0.00076294,4.9146
0.011902,0.00076294,4.9182
0.010986,0.0032043,4.9182
0.010376,0.007019,4.9292
0.010986,0.0080872,4.9255
0.012512,0.0080872,4.9292
0.013428,0.007782,4.9231
0.014496,0.0071716,4.9316
0.015411,0.0074768,4.9316
0.015259,0.0061035,4.9316
0.015717,0.0053406,4.9451
0.016327,0.0030518,4.9316
0.016022,-0.0013733,4.9292
0.016632,-0.0054932,4.9329
0.015411,-0.0042725,4.928
0.013885,-0.0085449,4.9304
0.013733,-0.0074768,4.9329
0.01297,-0.0048828,4.9353
0.01236,-0.0021362,4.9341
0.012207,0.00076294,4.9304
0.011139,0.0041199,4.9365
0.011139,0.0048828,4.9329
0.013123,0.0047302,4.9316
0.014954,0.0059509,4.9268
0.018158,0.0073242,4.928
0.020599,0.0097656,4.9231
0.022125,0.013123,4.9243
0.023041,0.015869,4.9182
0.023499,0.016327,4.9219
0.022888,0.014038,4.928
0.021515,0.010986,4.9194
0.021515,0.0073242,4.9304
0.019989,0.0059509,4.9146
0.018616,0.0054932,4.9133
0.018158,0.0057983,4.9158
0.016785,0.0065613,0.043945
0.016785,0.0042725,0.039063
0.016937,0.00061035,0.039063
0.0177,-0.0022888,0.036621
0.017395,-0.0045776,0.040283
0.016632,-0.0033569,0.028076
0.016174,0.00045776,0.041504
0.015717,0.0032043,0.037842
0.014801,0.0045776,0.040283
0.014801,0.0045776,0.041504
0.011749,0.0030518,0.043945
0.012054,0.0035095,0.048828
0.01236,0.0041199,0.046387
0.012512,0.007019,0.05127
0.013733,0.0091553,0.047607
0.014343,0.011139,0.048828
0.014954,0.013123,0.056152
0.015411,0.012665,0.05127
0.016785,0.01236,0.053711
0.018463,0.011292,0.059814
0.019073,0.009613,0.058594
0.018616,0.0061035,0.062256
0.017395,0.0047302,0.061035
0.016937,0.0036621,0.064697
0.017242,0.0028992,0.061035
0.017548,0.0012207,0.061035
0.018616,-0.00091553,0.063477
0.020447,-0.0015259,0.063477
0.020447,-0.002594,0.063477
0.020447,-0.0030518,0.068359
0.018768,-0.0019836,0.073242
0.017548,-0.0038147,0.065918
0.017242,-0.0016785,0.073242
0.017853,-0.0024414,0.065918
0.019989,-0.0024414,0.05127
0.021973,-0.0021362,0.058594
0.023956,-0.00061035,0.057373
0.025635,-0.002594,0.05249
0.025787,-0.0018311,0.037842
0.025787,-0.0030518,0.047607
0.027008,-0.0027466,0.05249
0.027466,-0.0024414,0.048828
0.027466,-0.0024414,0.047607
0.02655,-0.0030518,0.047607
0.024872,-0.004425,0.047607
0.023804,-0.0054932,0.043945
0.022736,-0.0068665,0.045166
0.025024,-0.007019,0.048828
0.027008,-0.005188,0.042725
0.029907,-0.0028992,0.039063
0.031433,-0.0016785,0.041504
0.031738,-0.00091553,0.026855
0.032654,-0.0013733,0.032959
0.031891,-0.0015259,0.039063
0.032959,-0.0018311,0.037842
0.033112,-0.0024414,0.040283
0.033722,-0.0015259,0.0354
0.033417,-0.00045776,0.041504
0.032959,0,0.039063
0.031891,0.0012207,0.042725
0.029907,0.0024414,0.042725
0.029449,0.0033569,0.050049
0.029144,0.0036621,0.046387
0.031128,0.0030518,0.053711
0.031433,0.0042725,0.05249
0.032501,0.002594,0.056152
0.032349,0.0013733,0.063477
0.030975,-0.00061035,0.057373
0.028992,-0.0030518,0.073242
0.027466,-0.0053406,0.054932
0.025635,-0.0067139,0.050049
0.025024,-0.0067139,0.061035
0.024109,-0.0057983,0.059814
0.022888,-0.0041199,0.059814
0.02121,-0.0039673,0.062256
0.022278,-0.0033569,0.061035
0.023651,-0.0036621,0.063477
0.027771,-0.0027466,0.064697
0.031586,-0.00030518,4.4421
0.035858,0.0035095,4.8962
0.037384,0.0071716,4.9255
0.037994,0.0093079,4.9316
0.037384,0.010529,4.9329
0.035858,0.0093079,4.9316
0.034637,0.0057983,4.9329
0.033112,0.0042725,4.9292
0.031891,0.0036621,4.9231
0.029907,0.0054932,4.9304
0.027313,0.0065613,4.9255
0.02533,0.0064087,4.9231
0.024109,0.0030518,4.9182
0.024567,0.0021362,4.9158
0.024261,-0.00061035,4.9158
0.02594,-0.0012207,4.9158
0.027008,-0.0010681,4.9084
0.026398,0,4.9133
0.026093,0.00030518,4.9084
0.024719,0.00030518,4.9109
0.023346,-0.00076294,4.9109
0.024261,-0.0012207,4.9146
0.024872,-0.0013733,4.9097
0.02594,-0.0019836,4.9158
0.027924,-0.00061035,4.9219
0.028229,0.00076294,4.9121
0.03006,0.0018311,4.9133
0.031433,0.0048828,4.9097
0.033264,0.0080872,4.895
0.035706,0.010071,4.9133
0.037537,0.010529,4.9133
0.038452,0.0086975,4.9146
0.036469,0.0059509,4.9146
0.034637,0.0027466,4.9146
0.032043,-0.00045776,4.9207
0.029144,-0.002594,4.9219
0.027924,-0.0056458,4.9268
0.026398,-0.0083923,4.9243
0.024872,-0.0099182,4.9316
0.023041,-0.010986,4.928
0.020447,-0.0093079,4.9329
0.019226,-0.0076294,4.9353
0.016937,-0.0054932,4.9329
0.018463,-0.0038147,4.9304
0.019836,-0.0028992,4.9292
0.023804,-0.00061035,4.9438
0.027618,0.002594,4.9316
0.031128,0.0057983,4.9194
0.033875,0.0079346,4.9329
0.0354,0.0094604,4.9304
0.037231,0.0091553,4.9341
0.038147,0.0073242,4.9377
0.039215,0.0065613,4.9329
0.039368,0.0054932,4.9341
0.037994,0.0061035,4.9304
0.035095,0.0050354,4.9304
0.031586,0.0030518,4.9231
0.028076,-0.00015259,4.9255
0.024567,-0.0018311,4.9207
0.023193,-0.0022888,4.9243
0.022278,0.0010681,4.9304
0.022278,0.0032043,4.9182
0.021667,0.0048828,4.9231
0.021515,0.0038147,4.9158
0.019989,0.0010681,4.9048
0.017242,-0.00045776,4.9158
0.019836,0,4.9121
0.021057,-0.00015259,4.9097
0.022888,0.0021362,4.9097
0.02182,0.0027466,4.9084
0.020752,0.00076294,4.9084
0.017242,-0.0024414,4.9084
0.016174,-0.0035095,0.037842
0.014191,-0.0041199,0.036621
0.014801,-0.0021362,0.042725
0.016632,0.0013733,0.042725
0.018158,0.0035095,0.045166
0.017242,0.005188,0.0354
0.017853,0.0047302,0.045166
0.016632,0.0024414,0.043945
0.017853,0.002594,0.046387
0.018768,0.00076294,0.054932
0.019836,-0.00091553,0.05127
0.020447,-0.0018311,0.046387
0.019684,-0.0024414,0.056152
0.016479,-0.0048828,0.054932
0.017395,-0.0047302,0.059814
0.017548,-0.0039673,0.057373
0.018158,-0.0022888,0.057373
0.020599,-0.0015259,0.064697
0.023651,0.00030518,0.059814
0.02594,0.002594,0.063477
0.027161,0.0041199,0.062256
0.028687,0.0042725,0.064697
0.027618,0.0036621,0.059814
0.027771,0.00091553,0.063477
0.025024,-0.0015259,0.078125
0.023193,-0.0032043,0.064697
0.020599,-0.0024414,0.06958
0.015259,-0.00091553,0.067139
0.01297,0.0018311,0.050049
0.0082397,0.0035095,0.061035
0.0050354,-0.00015259,0.061035
0.0030518,0.0028992,0.058594
0.0027466,0.0021362,0.056152
0.0032043,0.0042725,0.05249
0.0048828,0.0062561,0.053711
0.0068665,0.0062561,0.05127
0.0080872,0.0079346,0.046387
0.010223,0.0056458,0.046387
0.012817,0.0036621,0.048828
0.016022,0.0010681,0.043945
0.019379,0.0013733,0.048828
0.020294,0.0033569,0.046387
0.020599,0.0059509,0.045166
0.019531,0.0071716,0.048828
0.016632,0.0059509,0.040283
0.015717,0.0033569,0.046387
0.015259,-0.0012207,0.037842
0.016022,-0.0027466,0.036621
0.016479,0,0.039063
0.015869,0.0035095,0.037842
0.017395,0.0076294,0.039063
0.017242,0.0080872,0.040283
0.018311,0.0054932,0.037842
0.019073,0.0015259,0.043945
0.020142,-0.0010681,0.037842
0.020447,-0.0012207,0.047607
0.019226,0.0013733,0.043945
0.0177,0.0045776,0.047607
0.017548,0.0057983,0.05249
0.014954,0.0041199,0.054932
0.016937,0.002594,0.065918
0.018158,-0.0019836,0.058594
0.019684,-0.0030518,0.064697
0.020752,-0.0016785,0.059814
0.019684,0.00061035,0.058594
0.018921,0.0024414,0.061035
0.018921,0.0015259,0.062256
0.019989,0.004425,0.061035
0.023193,0.0036621,0.058594
0.026855,0.0027466,0.061035
0.029755,0.0021362,0.062256
0.028534,0.0035095,0.061035
0.03067,-0.00076294,0.063477
0.030212,0.0038147,0.061035
0.03067,0,0.065918
0.031281,-0.0028992,0.067139
0.032043,-0.0083923,0.06958
0.033417,-0.011902,0.061035
0.030975,-0.012665,3.6816
0.024719,-0.01236,4.8572
0.020142,-0.012512,4.9194
0.018616,-0.007782,4.9304
0.020142,-0.0065613,4.9194
0.023499,-0.0048828,4.906
0.027161,-0.0041199,4.9182
0.029144,-0.0022888,4.9158
0.029449,-0.0019836,4.9194
0.027618,0.00061035,4.9158
0.025635,0.0016785,4.9097
0.028534,0.00030518,4.9146
0.032349,-0.0022888,4.9121
0.035706,-0.0059509,4.9133
0.036011,-0.009613,4.9084
0.03418,-0.010681,4.9121
0.029755,-0.0088501,4.9109
0.026093,-0.0068665,4.9109
0.02533,-0.005188,4.9158
0.027466,-0.0038147,4.9097
0.031433,-0.0053406,4.9072
0.032806,-0.0071716,4.9109
0.031891,-0.0074768,4.895
0.028839,-0.0068665,4.9109
0.024567,-0.0041199,4.9255
0.022125,0.00015259,4.9109
0.022125,0.0028992,4.9133
0.023956,0.0036621,4.9109
0.02533,0.0035095,4.9207
0.02594,0.0010681,4.9207
0.025635,0.00030518,4.9243
0.025787,0.00045776,4.9231
0.02533,-0.00045776,4.9304
0.026703,-0.00030518,4.9304
0.028839,0.0010681,4.9329
0.031891,0.0013733,4.9268
0.034943,0.0021362,4.9316
0.034332,0.0042725,4.9365
0.031281,0.005188,4.9341
0.028229,0.0047302,4.9438
0.02594,0.0048828,4.9316
0.02533,0.0028992,4.9207
0.025177,0.00015259,4.9329
0.024567,-0.0027466,4.9341
0.022125,-0.0062561,4.9304
0.021515,-0.0074768,4.9353
0.020599,-0.0085449,4.9329
0.021057,-0.0082397,4.9353
0.021973,-0.0062561,4.9268
0.024261,-0.0047302,4.9329
0.024567,-0.0030518,4.9243
0.025482,-0.0022888,4.928
0.025482,-0.0016785,4.9255
0.025024,0.00061035,4.9268
0.025787,0.0019836,4.9231
0.027161,0.00076294,4.9207
0.028687,-0.0030518,4.9194
0.029755,-0.0038147,4.917
0.030212,-0.0039673,4.9146
0.029144,-0.0022888,4.917
0.027313,0.0018311,4.9133
0.024567,0.0038147,4.9109
0.022278,0.004425,4.9133
0.022125,0.0022888,4.9109
0.023804,-0.0030518,4.9097
0.026245,-0.0074768,4.9084
0.028534,-0.0088501,4.9097
0.029144,-0.007019,4.906
0.030212,-0.002594,4.9109
0.031128,0.00030518,4.9109
0.031891,0.00030518,4.9146
0.032959,0.00030518,4.9097
0.034027,-0.0057983,0.045166
0.029907,-0.0086975,0.056152
0.024719,-0.0091553,0.046387
0.020294,-0.011292,0.053711
0.016174,-0.010376,0.047607
0.015106,-0.0083923,0.0354
0.018005,-0.0064087,0.050049
0.023041,-0.0038147,0.056152
0.024872,-0.0050354,0.056152
0.026093,-0.0036621,0.058594
0.025635,-0.0016785,0.058594
0.024109,0.0018311,0.062256
0.024719,0.0041199,0.061035
0.027466,0.0050354,0.063477
0.03067,0.0027466,0.058594
0.032196,-0.0019836,0.063477
0.030975,-0.0054932,0.063477
0.030365,-0.007019,0.065918
0.028381,-0.0047302,0.075684
0.029297,-0.0016785,0.065918
0.030518,0.0018311,0.065918
0.031433,0.0053406,0.067139
0.031891,0.0050354,0.06958
0.029907,0.0054932,0.065918
0.029602,0.0015259,0.061035
0.025635,0.0042725,0.05249
0.023804,0.0035095,0.057373
0.023041,0.0030518,0.05249
0.023956,0.0027466,0.053711
0.024872,0.0016785,0.048828
0.024567,-0.0010681,0.05127
0.022888,-0.0028992,0.047607
0.019226,-0.0028992,0.050049
0.015869,0.00076294,0.046387
0.013123,0.0047302,0.046387
0.011749,0.0086975,0.043945
0.011749,0.0097656,0.048828
0.010681,0.0099182,0.053711
0.012817,0.0079346,0.040283
0.011749,0.0057983,0.05249
0.014038,0.0059509,0.037842
0.014648,0.0059509,0.030518
0.014954,0.005188,0.039063
0.014343,0.0035095,0.039063
0.014343,-0.00076294,0.036621
0.014801,-0.0027466,0.041504
0.014191,-0.0045776,0.037842
0.01358,-0.0045776,0.037842
0.011292,-0.0013733,0.040283
0.010376,0.0010681,0.046387
0.0094604,0.0032043,0.040283
0.011292,0.0048828,0.047607
0.014801,0.0064087,0.050049
0.017548,0.0079346,0.053711
0.019379,0.0094604,0.054932
0.018921,0.010681,0.053711
0.018311,0.010986,0.057373
0.0177,0.009613,0.057373
0.017242,0.0082397,0.067139
0.013733,0.0065613,0.062256
0.015869,0.0047302,0.048828
0.014191,0.0071716,0.059814
0.011597,0.0062561,0.059814
0.0088501,0.0086975,0.061035
0.0073242,0.010681,0.063477
0.0071716,0.01236,0.059814
0.0090027,0.010681,0.063477
0.010529,0.013428,0.063477
0.01297,0.013275,0.064697
0.01297,0.013428,0.067139
0.011597,0.013275,0.067139
0.010834,0.013275,0.062256
0.010681,0.012512,0.062256
0.012054,0.011139,0.073242
0.01236,0.0093079,0.056152
0.01297,0.0080872,0.057373
0.012512,0.007782,0.054932
0.0094604,0.0067139,0.032959
0.0074768,0.0074768,2.2974
0.0071716,0.0073242,4.7644
0.0071716,0.0065613,4.9036
0.010529,0.0056458,4.9158
0.0090027,0.0041199,4.9133
0.0093079,0.0048828,4.9158
0.0079346,0.0057983,4.9133
0.0068665,0.0079346,4.9109
0.0073242,0.0091553,4.9084
0.0090027,0.0085449,4.9146
0.012512,0.011139,4.9121
0.014343,0.0041199,4.9109
0.015869,0.0027466,4.9109
0.015259,0.0030518,4.9121
0.016327,0.0032043,4.9109
0.016632,0.0054932,4.9097
0.018158,0.0067139,4.9121
0.018921,0.0062561,4.9097
0.020294,0.0050354,4.9121
0.020447,0.0016785,4.9121
0.020447,0,4.9146
0.020142,-0.00076294,4.9109
0.020142,0.0021362,4.9158
0.020447,0.0035095,4.9158
0.022583,0.0039673,4.9231
0.024261,0.0039673,4.9243
0.024414,0.0019836,4.9304
0.023804,0,4.9255
0.023193,-0.0010681,4.9341
0.02121,0,4.9304
0.019531,0.002594,4.9341
0.019684,0.0045776,4.9402
0.019531,0.0022888,4.9316
0.019073,0.0010681,4.9329
0.016937,-0.0036621,4.9353
0.016785,-0.0067139,4.9255
0.014954,-0.0080872,4.9353
0.015106,-0.005188,4.9329
0.016632,-0.0015259,4.9304
0.0177,0.0021362,4.9377
0.019379,0.0027466,4.9353
0.019989,0.0013733,4.9243
0.019684,-0.00030518,4.9304
0.020599,-0.0028992,4.9341
0.021057,-0.0028992,4.9231
0.022278,-0.0024414,4.928
0.024261,-0.0032043,4.9292
0.023651,-0.0038147,4.9231
0.028534,-0.0061035,4.9182
0.030365,-0.0073242,4.9255
0.03067,-0.0059509,4.9255
0.031586,-0.0036621,4.9207
0.030975,0.0012207,4.9255
0.031433,0.0047302,4.9158
0.031281,0.0074768,4.9109
0.031281,0.0068665,4.9097
0.031281,0.0059509,4.917
0.031891,0.0048828,4.9109
0.031128,0.0042725,4.9121
0.030975,0.0038147,4.906
0.030518,0.0019836,4.9072
0.030975,-0.00015259,4.9109
0.03067,-0.0016785,4.9109
0.030365,-0.0027466,4.9084
0.029755,-0.0054932,4.9158
0.028076,-0.0028992,4.9097
0.025177,0.00030518,4.9133
0.023956,0.0022888,4.9219
0.023651,0.0038147,4.9133
0.024872,0.0053406,4.9146
0.02533,0.0056458,4.917
0.026093,0.0067139,4.9048
0.027008,0.0073242,0.054932
0.029602,0.010223,0.046387
0.029907,0.01236,0.056152
0.030518,0.012207,0.057373
0.030975,0.0094604,0.059814
0.031738,0.010986,0.062256
0.03067,0.009613,0.061035
0.029907,0.0062561,0.061035
0.029297,0.0079346,0.058594
0.028534,0.0065613,0.062256
0.028839,0.0045776,0.059814
0.027924,0.002594,0.058594
0.027161,0.0019836,0.067139
0.027008,0.0010681,0.064697
0.028534,0.00030518,0.070801
0.028076,-0.00061035,0.068359
0.030212,-0.0021362,0.081787
0.027771,-0.0035095,0.064697
0.028076,-0.004425,0.054932
0.027313,-0.0047302,0.061035
0.02655,-0.0030518,0.059814
0.02533,0,0.053711
0.024719,0.0033569,0.062256
0.025635,0.0054932,0.05127
0.026855,0.0050354,0.048828
0.028229,0.005188,0.047607
0.03067,0.0056458,0.05127
0.030365,0.0080872,0.043945
0.032654,0.010529,0.046387
0.033112,0.01236,0.046387
0.033417,0.011139,0.042725
0.03479,0.011902,0.047607
0.035248,0.010223,0.043945
0.034943,0.0073242,0.039063
0.032806,0.0045776,0.041504
0.029449,0.0047302,0.029297
0.027008,0.0062561,0.037842
0.02533,0.0053406,0.041504
0.024414,0.0041199,0.036621
0.025177,0.0021362,0.040283
0.022125,-0.00076294,0.039063
0.019684,-0.0042725,0.040283
0.015259,-0.0057983,0.037842
0.014496,-0.0067139,0.043945
0.014496,-0.0079346,0.040283
0.015411,-0.0079346,0.043945
0.017242,-0.0024414,0.046387
0.018768,0.002594,0.05249
0.020447,0.0071716,0.047607
0.019684,0.011139,0.058594
0.024109,0.011902,0.062256
0.026398,0.011749,0.057373
0.029755,0.011292,0.072021
0.033112,0.010834,0.062256
0.033264,0.011444,0.045166
0.034637,0.0091553,0.056152
0.033417,0.0088501,0.061035
0.031891,0.0053406,0.061035
0.032349,0.0030518,0.061035
0.031891,0.0016785,0.058594
0.031738,0.0024414,0.063477
0.029297,0.004425,0.062256
0.027313,0.0047302,0.067139
0.025024,0.0036621,0.063477
0.025024,0.00045776,0.06958
0.025177,-0.0032043,0.062256
0.024719,-0.0038147,0.064697
0.023499,-0.0030518,0.074463
0.020142,-0.00045776,0.057373
0.016937,0.0015259,0.056152
0.016327,0.0016785,0.057373
0.016327,0.00030518,0.05127
0.016327,0.00030518,0.050049
0.016022,0.0012207,0.047607
0.015411,0.0010681,0.046387
0.014191,0.00076294,0.046387
0.013275,0.0015259,0.045166
0.014496,0.0015259,0.042725
0.016022,0,3.175
0.016479,-0.0013733,4.8071
0.015564,-0.0018311,4.895
0.013733,-0.0021362,4.9072
0.012817,-0.0033569,4.8999
0.012054,-0.0073242,4.9133
0.014343,-0.0036621,4.9097
0.018005,-0.0027466,4.9133
0.022278,-0.0028992,4.9194
0.023804,-0.0027466,4.9109
0.023651,-0.0045776,4.9268
0.023651,-0.0054932,4.906
0.023193,-0.0059509,4.9011
0.023041,-0.0054932,4.9133
0.023499,-0.0042725,4.9097
0.022736,-0.0032043,4.9133
0.02121,-0.005188,4.917
0.019531,-0.0074768,4.917
0.0177,-0.0093079,4.9182
0.017548,-0.0097656,4.9207
0.016632,-0.0076294,4.9255
0.016327,-0.0042725,4.9243
0.014038,-0.0018311,4.9268
0.012054,-0.00061035,4.9292
0.010834,-0.0019836,4.9341
0.0088501,-0.0024414,4.9304
0.0086975,-0.0041199,4.9255
0.0048828,-0.0033569,4.9304
0.010071,-0.0019836,4.9316
0.010223,0.0028992,4.9402
0.011292,0.0022888,4.9329
0.012665,0.0035095,4.9255
0.014648,0.0036621,4.9316
0.016785,0.0041199,4.9353
0.019531,0.0030518,4.9377
0.021057,0.0021362,4.9353
0.021362,-0.00061035,4.9292
0.020447,-0.0035095,4.9353
0.019684,-0.0094604,4.9292
0.018768,-0.013885,4.9292
0.017395,-0.016632,4.9255
0.015411,-0.014954,4.9255
0.015411,-0.011902,4.9219
0.014038,-0.0050354,4.9219
0.013275,-0.00061035,4.9304
0.012665,0.0028992,4.9219
0.013733,0.0024414,4.917
0.014038,0.0013733,4.9109
0.016479,0.00030518,4.8975
0.019073,-0.0056458,4.9084
0.02243,0.0010681,4.9121
0.024719,0.0024414,4.9121
0.023804,0.0019836,4.9097
0.02243,-0.00030518,4.9036
0.018616,-0.0047302,4.9109
0.012054,-0.010071,4.9072
0.0061035,-0.01358,4.9097
0.0027466,-0.013428,4.9072
0.00015259,-0.0097656,4.9146
0.0035095,-0.0018311,4.9109
0.010223,0.0035095,4.9133
0.018311,0.0062561,4.9109
0.026703,0.0050354,4.9158
0.029907,0.00091553,4.9121
0.032806,-0.00091553,4.9158
0.032959,-0.0090027,4.9255
0.031281,-0.011292,4.9194
0.026703,-0.010986,4.9207
0.019684,-0.0099182,4.9268
0.011444,-0.0085449,4.9255
0.002594,-0.0076294,4.9255
-0.0038147,-0.0061035,4.9304
-0.0057983,-0.0038147,0.059814
-0.0035095,0.0016785,0.063477
0.0057983,0.0083923,0.061035
0.010529,0.014496,0.064697
0.018005,0.018158,0.057373
0.024719,0.017853,0.064697
0.028687,0.01297,0.062256
0.029602,0.0074768,0.065918
0.029297,-0.00015259,0.074463
0.02594,-0.005188,0.068359
0.021973,-0.0091553,0.06958
0.018768,-0.012207,0.068359
0.016785,-0.011902,0.054932
0.0177,-0.011444,0.061035
0.019226,-0.0088501,0.054932
0.02243,-0.0068665,0.054932
0.026703,-0.0036621,0.05127
0.031281,0.00045776,0.05249
0.036774,0.0036621,0.050049
0.040283,0.0056458,0.047607
0.042725,0.0057983,0.050049
0.043488,0.0032043,0.045166
0.04303,-0.0013733,0.046387
0.040131,-0.0062561,0.039063
0.035553,-0.0085449,0.043945
0.030518,-0.0097656,0.039063
0.024719,-0.0061035,0.042725
0.020905,-0.00015259,0.045166
0.018158,0.0071716,0.043945
0.0177,0.013275,0.046387
0.0177,0.016022,0.039063
0.017853,0.016632,0.037842
0.016785,0.015106,0.036621
0.017242,0.013123,0.041504
0.017242,0.012512,0.041504
0.018768,0.01297,0.037842
0.020905,0.014343,0.037842
0.022888,0.016174,0.043945
0.024719,0.018311,0.041504
0.024109,0.018616,0.047607
0.023499,0.018463,0.047607
0.024567,0.017242,0.05249
0.025024,0.016327,0.05249
0.026703,0.015869,0.057373
0.027618,0.015411,0.070801
0.028534,0.014496,0.061035
0.026855,0.012054,0.061035
0.026093,0.010376,0.062256
0.024872,0.0090027,0.05127
0.024261,0.0099182,0.061035
0.024109,0.012512,0.059814
0.026703,0.013275,0.059814
0.029602,0.012512,0.058594
0.03006,0.0093079,0.057373
0.028839,0.0038147,0.065918
0.025787,-0.0032043,0.062256
0.020905,-0.0080872,0.064697
0.015717,-0.0068665,0.063477
0.011902,-0.0048828,0.06958
0.007782,-0.00076294,0.064697
0.0056458,0.0030518,0.079346
0.0032043,0.0045776,0.065918
0.0061035,0.0039673,0.059814
0.0067139,0.0039673,0.064697
0.01297,0.002594,0.054932
0.02121,0.0022888,0.06958
0.027466,0.0012207,0.048828
0.033417,0.0015259,0.046387
0.036774,-0.00030518,0.047607
0.037689,0.0038147,0.042725
0.036774,0.0056458,0.043945
0.032654,0.0079346,0.046387
0.027924,0.0086975,0.041504
0.022736,0.0073242,0.041504
0.017853,0.0057983,0.039063
0.016632,0.0042725,0.042725
0.016022,0.0065613,0.037842
0.019989,0.0085449,0.040283
0.023804,0.010376,4.3713
0.029297,0.011749,4.8755
0.033875,0.010986,4.9072
0.03418,0.0085449,4.9109
0.032196,0.0053406,4.9109
0.026093,0.004425,4.9109
0.016937,0.0019836,4.9048
0.007782,-0.00015259,4.9109
-0.00030518,-0.002594,4.917
-0.0059509,-0.0042725,4.9097
-0.0074768,-0.0045776,4.917
-0.011597,-0.0012207,4.917
-0.0024414,0.0053406,4.9194
0.0045776,0.012817,4.9194
0.013275,0.018768,4.9292
0.020599,0.020294,4.9243
0.027313,0.019226,4.9316
0.031891,0.016632,4.9292
0.033112,0.013885,4.9353
0.033722,0.010376,4.9255
0.033569,0.0057983,4.9304
0.032043,0.0010681,4.939
0.030518,-0.0047302,4.9316
0.030518,-0.0071716,4.9353
0.031891,-0.0071716,4.9341
0.03418,-0.0047302,4.9158
0.037231,-0.0012207,4.9341
0.039978,0.0035095,4.9365
0.043182,0.0022888,4.9353
0.045776,0.0013733,4.9341
0.049744,-0.0013733,4.9329
0.053864,-0.0036621,4.9341
0.05722,-0.0064087,4.9292
0.057068,-0.010986,4.928
0.055237,-0.012665,4.9207
0.051727,-0.015717,4.9231
0.046844,-0.017853,4.9243
0.03952,-0.017242,4.9243
0.032806,-0.014191,4.9243
0.024719,-0.0099182,4.9231
0.016632,-0.005188,4.9158
0.0091553,-0.0013733,4.9182
0.0036621,0.0013733,4.9011
0.0018311,0.0028992,4.9121
0.0010681,0.00076294,4.9072
0.0030518,0.007782,4.9133
0.0053406,0.0094604,4.9097
0.0074768,0.0090027,4.9097
0.0094604,0.0088501,4.9194
0.01358,0.0062561,4.9109
0.015106,-0.0012207,4.9109
0.016632,0.0016785,4.906
0.016632,-0.00061035,4.9121
0.015411,-0.0036621,4.9097
0.013123,-0.0039673,4.9133
0.012054,-0.0047302,4.9097
0.011444,-0.0035095,4.9133
0.014038,-0.0033569,4.9243
0.017395,-0.0019836,4.9158
0.020905,-0.0028992,4.9316
0.024109,-0.0036621,4.9194
0.026398,-0.0062561,4.9133
0.029144,-0.0082397,4.9243
0.029144,-0.0088501,4.9268
0.028992,-0.0080872,4.9255
0.028992,-0.0083923,4.928
0.029144,-0.0033569,4.9292
0.027161,-0.00045776,4.9304
0.025177,0.00076294,4.928
0.019684,0.00030518,4.9353
0.016174,0.0013733,4.928
0.013733,0.0016785,0.065918
0.012665,0.0036621,0.065918
0.013733,0.002594,0.065918
0.013275,-0.00015259,0.072021
0.016479,-0.0053406,0.067139
0.016327,-0.010834,0.065918
0.014954,-0.013885,0.067139
0.014191,-0.013123,0.073242
0.01297,-0.0099182,0.061035
0.011139,-0.0071716,0.057373
0.0093079,0.00091553,0.056152
0.007019,0.00091553,0.057373
0.0065613,0.0028992,0.05127
0.0041199,0.0041199,0.05127
0.0048828,0.0064087,0.045166
0.0059509,0.0091553,0.05249
0.0079346,0.010986,0.043945
0.010529,0.012054,0.048828
0.01236,0.010376,0.05127
0.014648,0.0047302,0.048828
0.014038,0.0038147,0.040283
0.011902,0.00030518,0.043945
0.010376,0.00030518,0.053711
0.0079346,-0.00030518,0.039063
0.0059509,-0.0010681,0.046387
0.0041199,-0.0032043,0.040283
0.002594,-0.0074768,0.028076
0.00045776,-0.010834,0.036621
0.00091553,-0.011597,0.041504
0.0022888,-0.012054,0.037842
0.0039673,-0.011292,0.040283
0.0059509,-0.011444,0.0354
0.0068665,-0.013123,0.043945
0.007782,-0.012512,0.041504
0.0080872,-0.013123,0.041504
0.0065613,-0.015106,0.042725
0.0062561,-0.016022,0.048828
0.0057983,-0.018005,0.050049
0.0067139,-0.020752,0.05249
0.007782,-0.021515,0.065918
0.0097656,-0.020142,0.057373
0.012207,-0.016327,0.057373
0.015564,-0.012054,0.058594
0.0177,-0.0076294,0.065918
0.020294,-0.0061035,0.058594
0.023651,-0.0074768,0.059814
0.026245,-0.010071,0.05249
0.027313,-0.014343,0.059814
0.028381,-0.019226,0.061035
0.02655,-0.023499,0.062256
0.02655,-0.027313,0.062256
0.026855,-0.029144,0.065918
0.028076,-0.031586,0.062256
0.029144,-0.032959,0.068359
0.029449,-0.033417,0.061035
0.028839,-0.031281,0.067139
0.026245,-0.027924,0.062256
0.023041,-0.022888,0.062256
0.020142,-0.017395,0.067139
0.017548,-0.01236,0.057373
0.016937,-0.0088501,0.058594
0.016022,-0.0064087,0.050049
0.010681,-0.0067139,0.040283
0.014954,-0.0065613,0.048828
0.01358,-0.0067139,0.045166
0.011597,-0.0042725,0.046387
0.009613,-0.00091553,0.041504
0.0086975,0.0027466,0.041504
0.0099182,0.0059509,0.041504
0.010223,0.0080872,0.041504
0.010376,0.007019,0.042725
0.0093079,0.0035095,0.037842
0.0082397,-0.00030518,0.041504
0.0085449,-0.0035095,0.045166
0.011139,-0.002594,0.041504
0.013123,-0.0013733,0.037842
0.012817,-0.00076294,0.041504
0.014801,-0.002594,0.041504
0.014343,-0.005188,1.626
0.015869,-0.0083923,4.7192
0.015564,-0.009613,4.8987
0.016937,-0.0067139,4.9048
0.017853,-0.0022888,4.9121
0.018005,0.0030518,4.9109
0.0177,0.0050354,4.9182
0.017548,0.0065613,4.9182
0.018463,0.0057983,4.917
0.020752,0.0057983,4.9255
0.024109,0.010071,4.9268
0.026093,0.014038,4.9268
0.028076,0.0177,4.928
0.027924,0.019531,4.9329
0.028229,0.019073,4.9304
0.028229,0.016632,4.9329
0.029144,0.013885,4.9426
0.028381,0.012665,4.9329
0.027771,0.01297,4.9316
0.026093,0.014343,4.9316
0.023651,0.015717,4.9219
0.022888,0.016479,4.9329
0.020752,0.016785,4.9353
0.019531,0.016937,4.9341
0.017548,0.016785,4.9329
0.015259,0.018616,4.9316
0.015717,0.020599,4.9353
0.015869,0.023041,4.9304
0.017242,0.024872,4.9292
0.019073,0.025787,4.9219
0.020599,0.026093,4.9268
0.021667,0.025635,4.9292
0.02121,0.024261,4.9231
0.020905,0.023804,4.9194
0.018921,0.023804,4.9243
0.019684,0.025024,4.9243
0.019684,0.026245,4.9194
0.017853,0.025482,4.928
0.014801,0.02121,4.9133
0.011902,0.017242,4.9036
0.010529,0.011902,4.9146
0.010834,0.009613,4.9121
0.011292,0.0093079,4.9048
0.014038,0.010223,4.9109
0.014038,0.0099182,4.9097
0.014191,0.0061035,4.9084
0.015259,0.0038147,4.9048
0.017548,0.00045776,4.9133
0.021667,0.00045776,4.9084
0.025482,0.0036621,4.9121
0.029297,0.0073242,4.9158
0.031281,0.013123,4.9158
0.032043,0.015564,4.9255
0.032501,0.015717,4.9207
0.032043,0.016327,4.9231
0.034332,0.018463,4.9219
0.037384,0.021667,4.9194
0.038147,0.024414,4.9243
0.039215,0.025482,4.9353
0.037842,0.024261,4.9255
0.036011,0.021667,4.9304
0.037079,0.019684,4.928
0.036926,0.018768,4.9292
0.035553,0.020752,4.9268
0.032349,0.023499,4.9341
0.026703,0.024414,4.9292
0.022736,0.023346,4.9329
0.019073,0.02121,4.9329
0.020142,0.018921,4.9158
0.015869,0.018768,4.9329
0.016632,0.019531,4.939
0.018311,0.020294,4.9426
0.019989,0.017395,0.065918
0.024261,0.015717,0.072021
0.022736,0.0099182,0.05249
0.023956,0.0039673,0.05127
0.024567,-0.00076294,0.057373
0.023804,-0.0027466,0.054932
0.021667,-0.0024414,0.05249
0.016937,-0.0015259,0.042725
0.012665,0.00045776,0.047607
0.0093079,0.00015259,0.05127
0.010071,-0.0010681,0.043945
0.0079346,-0.0021362,0.05127
0.013275,-0.0027466,0.042725
0.016632,-0.002594,0.043945
0.019226,-0.0030518,0.042725
0.022888,-0.0038147,0.043945
0.021362,-0.0053406,0.048828
0.02182,-0.007019,0.037842
0.023651,-0.0093079,0.039063
0.021667,-0.010834,0.040283
0.020905,-0.010071,0.024414
0.0177,-0.0071716,0.037842
0.014343,-0.007019,0.039063
0.011597,-0.00015259,0.040283
0.0097656,-0.00030518,0.036621
0.011139,0.00061035,0.037842
0.016022,0.0021362,0.042725
0.019379,0.0024414,0.041504
0.022125,0.0030518,0.043945
0.021667,0.0021362,0.040283
0.019989,0.0012207,0.047607
0.017395,-0.0013733,0.048828
0.013885,-0.0056458,0.054932
0.011444,-0.0067139,0.054932
0.0097656,-0.0032043,0.057373
0.0080872,-0.0016785,0.058594
0.0045776,0.0012207,0.061035
0.0028992,0.0015259,0.074463
0.0022888,-0.00045776,0.057373
0.0032043,0.0016785,0.05127
0.0057983,-0.00061035,0.062256
0.010071,-0.0021362,0.059814
0.013275,-0.0028992,0.059814
0.016327,-0.005188,0.062256
0.016022,-0.0039673,0.057373
0.014343,-0.0041199,0.064697
0.012817,-0.0032043,0.063477
0.0080872,-0.0030518,0.068359
0.013275,-0.0048828,0.063477
0.016022,-0.0041199,0.068359
0.019684,-0.0033569,0.063477
0.019226,0,0.065918
0.02121,0.00030518,0.06958
0.018921,0.00030518,0.058594
0.02243,-0.0019836,0.053711
0.023346,-0.0062561,0.058594
0.024872,-0.0085449,0.047607
0.02655,-0.0097656,0.050049
0.026703,-0.0099182,0.047607
0.026703,-0.0076294,0.042725
0.020752,-0.0042725,0.043945
0.016937,-0.00091553,0.043945
0.014191,0.0015259,0.045166
0.014954,0.002594,0.041504
0.016785,0.0042725,0.045166
0.018616,0.0039673,0.037842
0.019836,0.004425,0.039063
0.020294,0.0047302,0.039063
0.019073,0.0045776,0.040283
0.017242,0.0042725,0.037842
0.017853,0.00015259,0.042725
0.019989,-0.002594,0.05127
0.021667,-0.0054932,0.039063
0.021057,-0.007019,0.05249
0.018005,-0.0067139,0.041504
0.016022,-0.0057983,0.026855
0.014954,-0.0059509,0.041504
0.015259,-0.0074768,0.047607
0.0177,-0.010529,3.158
0.019684,-0.012512,4.8083
0.022125,-0.015106,4.906
0.021667,-0.011597,4.9194
0.019531,-0.0094604,4.9255
0.017548,-0.0079346,4.928
0.016174,-0.0080872,4.928
0.015564,-0.0094604,4.9304
0.017548,-0.009613,4.9304
0.019531,-0.011749,4.9329
0.020905,-0.012207,4.9353
0.022888,-0.011749,4.9329
0.023346,-0.010986,4.928
0.026093,-0.010529,4.9353
0.029907,-0.011444,4.9426
0.033417,-0.012512,4.9329
0.036621,-0.013885,4.9231
0.035248,-0.013733,4.9353
0.032349,-0.011292,4.9316
0.028687,-0.0090027,4.9304
0.025482,-0.0080872,4.9329
0.024109,-0.0068665,4.9292
0.022888,-0.0079346,4.9304
0.024261,-0.0082397,4.9243
0.024719,-0.0083923,4.9292
0.02594,-0.0088501,4.9219
0.02533,-0.0074768,4.9231
0.024414,-0.0076294,4.9207
0.02243,-0.0057983,4.9231
0.022583,-0.005188,4.928
0.021973,-0.0035095,4.9231
0.02121,-0.00076294,4.9231
0.018158,0.00091553,4.9146
0.015411,0.0028992,4.8999
0.01236,0.0050354,4.9133
0.011292,0.0057983,4.9133
0.011444,0.0054932,4.9084
0.012207,0.0032043,4.9097
0.014191,0.00045776,4.9097
0.015106,-0.0013733,4.9097
0.015411,-0.0027466,4.906
0.013123,0.0036621,4.9146
0.011444,0.0080872,4.906
0.010376,0.011902,4.9109
0.010529,0.014191,4.9109
0.01236,0.0086975,4.9146
0.014038,0.0021362,4.9121
0.016174,0.0015259,4.9158
0.014801,0.0030518,4.9146
0.013885,-0.00076294,4.9182
0.014801,-0.00076294,4.9255
0.017548,-0.004425,4.9231
0.02121,-0.0097656,4.9036
0.023499,-0.011902,4.9231
0.024109,-0.010986,4.9292
0.022888,-0.013885,4.9292
0.018158,-0.010834,4.9292
0.015259,-0.0093079,4.9292
0.016174,-0.0090027,4.9329
0.021057,-0.012817,4.9304
0.025024,-0.010376,4.928
0.025177,-0.010834,4.9292
0.021362,-0.0082397,4.9329
0.016022,-0.0032043,4.9292
0.014496,-0.0030518,4.9353
0.016785,-0.00091553,4.95
0.019684,0.0021362,4.9365
0.021667,0.0030518,4.9341
0.023956,0.0080872,4.9329
0.027008,0.01236,4.917
0.030365,0.015869,4.9268
0.030212,0.015564,4.9268
0.030823,0.016327,4.9255
0.034637,0.020294,0.057373
0.041962,0.017548,0.05249
0.046234,0.019684,0.05249
0.047302,0.011292,0.048828
0.044098,0.00030518,0.047607
0.037842,-0.0085449,0.046387
0.03418,-0.015869,0.047607
0.032349,-0.018158,0.043945
0.031891,-0.019226,0.046387
0.030975,-0.021973,0.043945
0.026245,-0.024719,0.043945
0.026703,-0.024567,0.045166
0.024414,-0.020142,0.039063
0.02243,-0.013275,0.042725
0.02182,-0.0033569,0.037842
0.020294,0.0064087,0.024414
0.020294,0.0082397,0.039063
0.018158,0.0091553,0.036621
0.017395,0.0086975,0.037842
0.016174,0.0019836,0.041504
0.016327,-0.0027466,0.0354
0.016174,-0.0074768,0.039063
0.018768,-0.010376,0.031738
0.021973,-0.0076294,0.046387
0.024261,-0.0065613,0.045166
0.027161,-0.0090027,0.054932
0.029755,-0.012207,0.054932
0.030212,-0.010986,0.057373
0.030975,-0.0090027,0.067139
0.034485,-0.0068665,0.059814
0.037994,-0.0056458,0.068359
0.044556,-0.0083923,0.061035
0.050201,-0.015869,0.05249
0.051575,-0.018921,0.062256
0.049591,-0.017395,0.061035
0.044556,-0.011597,0.059814
0.038452,-0.0042725,0.061035
0.035553,-0.0019836,0.059814
0.032501,-0.0012207,0.064697
0.031433,-0.00091553,0.065918
0.026855,-0.0013733,0.068359
0.024567,0.0013733,0.062256
0.02121,0.0053406,0.06958
0.021057,0.0085449,0.062256
0.019989,0.010376,0.063477
0.020294,0.0091553,0.062256
0.019836,0.0073242,0.061035
0.014801,0.0062561,0.063477
0.0094604,0.013885,0.054932
0.0030518,0.018616,0.063477
-0.0033569,0.030975,0.05127
-0.0065613,0.042572,0.048828
-0.004425,0.046387,0.043945
0.0013733,0.04425,0.046387
0.0080872,0.030823,0.046387
0.01297,0.018616,0.043945
0.016327,0.009613,0.040283
0.020752,0.0038147,0.042725
0.026245,0.00045776,0.039063
0.033264,-0.0033569,0.040283
0.039215,-0.0053406,0.039063
0.041046,-0.0068665,0.042725
0.036621,-0.0064087,0.040283
0.028687,-0.0038147,0.041504
0.018005,0.0016785,0.047607
0.0036621,0.0047302,0.039063
-0.005188,0.0027466,0.041504
-0.01297,-0.0064087,0.037842
-0.011139,-0.019836,0.024414
-0.014801,-0.032349,0.037842
-0.015411,-0.044403,0.040283
-0.016937,-0.045929,0.045166
-0.022736,-0.045166,0.047607
-0.025635,-0.039825,0.048828
-0.026703,-0.029755,0.05127
-0.020447,-0.016937,0.05249
-0.013428,-0.004425,0.056152
-0.0062561,0.005188,3.1311
0.00045776,0.012207,4.823
0.0059509,0.01358,4.9194
0.012512,0.010681,4.9329
0.020447,0.0048828,4.9304
0.027161,-0.0016785,4.9341
0.036011,-0.0062561,4.9329
0.03891,-0.0053406,4.9353
0.038605,-0.0036621,4.9451
0.036469,-0.0013733,4.9255
0.031738,0.0018311,4.9231
0.027466,0.0050354,4.9365
0.02533,0.0088501,4.9353
0.024261,0.015717,4.9316
0.023041,0.020905,4.9377
0.021362,0.024567,4.9329
0.019531,0.025787,4.9341
0.016022,0.026093,4.9268
0.012665,0.024872,4.9292
0.0091553,0.023041,4.9219
0.0064087,0.020905,4.9219
0.0027466,0.015717,4.9207
-0.0018311,0.0097656,4.9255
-0.0053406,0.0027466,4.917
-0.0065613,-0.0035095,4.9121
-0.0065613,-0.0085449,4.9146
-0.0064087,-0.014191,4.9146
-0.0062561,-0.019684,4.9084
-0.0059509,-0.027924,4.9146
-0.0032043,-0.038757,4.9109
0.002594,-0.047302,4.9084
0.010986,-0.048523,4.9109
0.01358,-0.04425,4.9084
0.016479,-0.03418,4.906
0.019073,-0.022583,4.906
0.022125,-0.012512,4.9109
0.024261,-0.0085449,4.906
0.028839,-0.0076294,4.9133
0.033417,-0.0065613,4.9084
0.03891,-0.0038147,4.9146
0.045624,-0.00061035,4.9109
0.050812,0.00061035,4.917
0.052643,-0.0016785,4.9255
0.051117,-0.0062561,4.9182
0.048218,-0.012512,4.928
0.04425,-0.016327,4.9219
0.039978,-0.017853,4.9072
0.036163,-0.016022,4.9255
0.032196,-0.01236,4.928
0.030518,-0.007782,4.9304
0.028534,-0.0028992,4.9292
0.029144,-0.0015259,4.9304
0.028076,0.00015259,4.9316
0.026093,0.0012207,4.9329
0.02533,0.0032043,4.9341
0.024261,0.0079346,4.9255
0.023041,0.014191,4.9341
0.02121,0.021515,4.9329
0.018158,0.028534,4.9365
0.016327,0.03067,4.9451
0.015411,0.031433,4.9402
0.014191,0.030823,4.9353
0.012512,0.030518,4.9414
0.014801,0.029602,4.9377
0.015717,0.02594,4.9304
0.015259,0.02182,4.9268
0.014801,0.015106,4.9255
0.015106,0.0073242,4.9255
0.014038,0.0027466,4.9231
0.014496,0.00030518,4.9231
0.016174,-0.00076294,4.9182
0.019531,-0.00030518,4.9207
0.024109,0.0021362,4.9133
0.028229,0.0021362,4.9207
0.031433,0.00076294,0.043945
0.03418,-0.00045776,0.046387
0.034332,-0.0035095,0.042725
0.032196,-0.0048828,0.042725
0.028381,-0.0076294,0.05249
0.023193,-0.0093079,0.041504
0.01709,-0.0094604,0.053711
0.011139,-0.0086975,0.039063
0.0056458,-0.0068665,0.029297
0.0033569,-0.0048828,0.039063
0.0024414,-0.00091553,0.036621
0.0054932,0.0030518,0.040283
0.010834,0.0083923,0.037842
0.018616,0.012054,0.039063
0.024872,0.011139,0.041504
0.028839,0.0091553,0.043945
0.029297,0.0067139,0.05127
0.028381,0.0036621,0.043945
0.02594,0.0021362,0.05249
0.024109,0.0041199,0.056152
0.020905,0.007019,0.05249
0.019989,0.013428,0.059814
0.017548,0.018921,0.061035
0.016479,0.026093,0.061035
0.015869,0.030975,0.061035
0.017395,0.033875,0.065918
0.020599,0.034943,0.062256
0.024567,0.03418,0.065918
0.025024,0.032654,0.061035
0.027008,0.024872,0.058594
0.025177,0.018616,0.056152
0.021362,0.0090027,0.062256
0.017853,0.00061035,0.062256
0.013123,-0.0050354,0.068359
0.0079346,-0.007019,0.063477
0.007019,-0.0059509,0.065918
0.0038147,-0.0056458,0.064697
0.0010681,-0.007782,0.063477
-0.00061035,-0.013428,0.05127
-0.0010681,-0.019379,0.059814
0.00030518,-0.024872,0.06958
0.0042725,-0.027771,0.054932
0.0074768,-0.032196,0.05249
0.011444,-0.034027,0.05249
0.014801,-0.036469,0.03418
0.016327,-0.036621,0.045166
0.016479,-0.0354,0.047607
0.017548,-0.029297,0.047607
0.017395,-0.024109,0.042725
0.017395,-0.015869,0.040283
0.019226,-0.0088501,0.043945
0.021515,-0.0047302,0.037842
0.026245,-0.0027466,0.042725
0.032959,-0.0033569,0.036621
0.03891,-0.0032043,0.045166
0.046387,-0.0033569,0.041504
0.050354,-0.0018311,0.041504
0.053711,0.00045776,0.043945
0.055847,0.0056458,0.037842
0.056915,0.0083923,0.039063
0.056,0.010376,0.042725
0.055084,0.010681,0.037842
0.050812,0.012054,0.039063
0.046387,0.012512,0.041504
0.041504,0.012817,0.047607
0.036774,0.01236,0.045166
0.032196,0.011749,0.050049
0.027618,0.010834,0.054932
0.02243,0.011902,0.05127
0.019379,0.015564,0.057373
0.017548,0.02182,0.057373
0.019379,0.025482,0.061035
0.020142,0.027466,0.059814
0.02121,0.024567,0.062256
0.023651,0.019073,0.062256
0.025635,0.013123,0.063477
0.027008,0.009613,1.1572
0.027008,0.0056458,4.7095
0.026398,0.0012207,4.9231
0.024109,-0.0027466,4.9304
0.020142,-0.011139,4.928
0.015411,-0.01709,4.9329
0.011292,-0.020905,4.9353
0.0074768,-0.023499,4.9341
0.0064087,-0.022736,4.9316
0.0054932,-0.020752,4.9316
0.007782,-0.018005,4.9316
0.011292,-0.015411,4.9243
0.016022,-0.01297,4.9304
0.022278,-0.01236,4.9109
0.02655,-0.011292,4.9207
0.033264,-0.010071,4.9231
0.031891,-0.0094604,4.9219
0.031738,-0.0090027,4.9194
0.031586,-0.0065613,4.9133
0.028839,-0.0038147,4.9243
0.027466,-0.00045776,4.9158
0.028076,0.0033569,4.9219
0.028687,0.004425,4.9133
0.033417,0.0041199,4.9011
0.032959,0.0030518,4.9097
0.03418,0.00015259,4.9109
0.033722,0.00015259,4.9133
0.032806,-0.00061035,4.9084
0.030365,-0.0016785,4.906
0.028839,-0.0028992,4.9109
0.028229,-0.0067139,4.9048
0.023041,-0.0033569,4.9109
0.019073,-0.0035095,4.9072
0.014648,0.0038147,4.9158
0.010376,0.0085449,4.9146
0.0086975,0.013123,4.917
0.0085449,0.015106,4.928
0.010376,0.014648,4.9182
0.013733,0.012054,4.9207
0.016479,0.0088501,4.9243
0.019379,0.0048828,4.9048
0.022278,0.00091553,4.9255
0.025177,-0.0018311,4.9255
0.028381,-0.0056458,4.928
0.031433,-0.0082397,4.9292
0.032959,-0.0083923,4.9255
0.034332,-0.0082397,4.9329
0.033264,-0.0057983,4.9304
0.031128,-0.004425,4.9329
0.028534,-0.0053406,4.9292
0.026398,-0.0065613,4.9341
0.024261,-0.0062561,4.9304
0.023956,-0.0038147,4.9353
0.023499,-0.0012207,4.9365
0.022125,0.0013733,4.9402
0.02533,0.0024414,4.9426
0.02655,0.0013733,4.9377
0.027618,0.00091553,4.9463
0.028534,-0.00030518,4.9304
0.03006,-0.00015259,4.9255
0.030212,0.00076294,4.928
0.028687,0.0016785,4.9219
0.024261,0.00091553,4.9182
0.019684,-0.00091553,4.9219
0.015411,-0.0019836,4.9158
0.013123,-0.0021362,4.9207
0.012817,0.00061035,4.9109
0.013123,0.0057983,4.9194
0.013428,0.012207,4.9109
0.013733,0.016632,4.9146
0.013428,0.017853,4.9146
0.013275,0.018158,4.9146
0.014648,0.018005,4.9243
0.016327,0.016632,4.9133
0.017242,0.015717,0.041504
0.018463,0.014954,0.040283
0.018616,0.012207,0.031738
0.018463,0.0086975,0.040283
0.015869,0.0036621,0.039063
0.014038,-0.0010681,0.037842
0.011902,-0.0054932,0.039063
0.011139,-0.0083923,0.037842
0.010834,-0.0093079,0.039063
0.010681,-0.0094604,0.040283
0.014191,-0.0099182,0.045166
0.018311,-0.010071,0.045166
0.024719,-0.010986,0.047607
0.031433,-0.011444,0.05249
0.037689,-0.0099182,0.056152
0.040588,-0.0079346,0.053711
0.039673,-0.0045776,0.061035
0.039673,-0.0013733,0.063477
0.037689,0.00030518,0.061035
0.035706,0.00015259,0.059814
0.034637,-0.00030518,0.062256
0.034485,0.00030518,0.046387
0.034332,0.00076294,0.059814
0.032196,0.0027466,0.064697
0.034332,0.0035095,0.057373
0.032501,0.004425,0.062256
0.031128,0.0019836,0.061035
0.028839,-0.0013733,0.067139
0.026703,-0.0042725,0.064697
0.025024,-0.0064087,0.065918
0.023499,-0.0056458,0.063477
0.022888,-0.0021362,0.063477
0.021973,0.0027466,0.059814
0.02182,0.0079346,0.058594
0.023499,0.011292,0.068359
0.025024,0.014038,0.056152
0.027466,0.015717,0.05127
0.028839,0.016479,0.05249
0.030823,0.018158,0.036621
0.030212,0.019531,0.048828
0.029602,0.019836,0.046387
0.027771,0.017242,0.045166
0.026245,0.012054,0.046387
0.02533,0.0041199,0.040283
0.024872,-0.0038147,0.042725
0.023956,-0.0068665,0.040283
0.023193,-0.0079346,0.041504
0.020752,-0.0039673,0.036621
0.018463,-0.0012207,0.043945
0.016479,-0.00045776,0.037842
0.015411,-0.0019836,0.041504
0.014343,-0.0042725,0.039063
0.012665,-0.0059509,0.039063
0.012054,-0.0068665,0.047607
0.010986,-0.0074768,0.041504
0.010376,-0.0067139,0.05127
0.010071,-0.0054932,0.039063
0.012054,-0.004425,0.0354
0.014801,-0.0028992,0.045166
0.0177,-0.0032043,0.048828
0.02121,-0.00045776,0.045166
0.02243,0.0035095,0.05127
0.022125,0.0057983,0.05249
0.020294,0.0053406,0.054932
0.016632,0.004425,0.056152
0.013733,0.0016785,0.062256
0.011139,0,0.059814
0.010986,-0.0013733,0.062256
0.01236,-0.0032043,0.064697
0.014038,-0.0033569,0.064697
0.016327,-0.002594,0.070801
0.0177,-0.0039673,0.062256
0.019989,-0.0028992,0.059814
0.023041,-0.0013733,0.064697
0.029144,-0.0010681,0.067139
0.027466,0,0.065918
0.029602,-0.00091553,0.063477
0.029297,-0.0027466,3.6841
0.027924,-0.0047302,4.8572
0.026093,-0.0065613,4.9219
0.024872,-0.0074768,4.9292
0.024109,-0.0082397,4.928
0.023651,-0.0074768,4.9268
0.022888,-0.0059509,4.9207
0.020752,-0.0068665,4.9255
0.020447,-0.0082397,4.9219
0.020142,-0.010986,4.9243
0.020142,-0.011597,4.917
0.020447,-0.009613,4.9219
0.023193,-0.0071716,4.9304
0.02533,-0.0033569,4.9182
0.027466,-0.0042725,4.9207
0.028839,-0.00015259,4.9133
0.029602,0,4.9011
0.030212,0.00076294,4.9097
0.03067,0.0015259,4.9109
0.028534,0.0016785,4.9121
0.029907,0.0022888,4.9084
0.028534,-0.004425,4.9072
0.026093,-0.0097656,4.9097
0.024414,-0.014191,4.9084
0.022125,-0.018616,4.9097
0.018921,-0.021057,4.9084
0.016174,-0.022125,4.9133
0.013885,-0.023804,4.9146
0.012665,-0.023651,4.917
0.010834,-0.022583,4.9207
0.007782,-0.019226,4.9182
0.010986,-0.015717,4.9146
0.012054,-0.011444,4.9231
0.014191,-0.0086975,4.9207
0.018463,-0.007019,4.9219
0.022736,-0.0068665,4.9316
0.022278,-0.0067139,4.9292
0.027313,-0.0062561,4.9292
0.028076,-0.0093079,4.928
0.027161,-0.011597,4.9292
0.025024,-0.014496,4.9304
0.022278,-0.014343,4.9292
0.020142,-0.014801,4.928
0.019073,-0.01236,4.9341
0.017242,-0.0093079,4.9292
0.015564,-0.0054932,4.9341
0.016327,-0.00030518,4.9329
0.017548,0.0039673,4.9329
0.019073,0.0088501,4.9451
0.017548,0.013275,4.939
0.020599,0.01709,4.9402
0.021667,0.018311,4.939
0.021973,0.02121,4.9182
0.021667,0.017853,4.9304
0.021362,0.013885,4.9268
0.021362,0.010223,4.917
0.02243,0.0090027,4.9243
0.023193,0.004425,4.9207
0.024414,0.0038147,4.9133
0.022583,0.0038147,4.9133
0.021515,0.0012207,4.9194
0.021515,-0.0028992,4.9133
0.015564,-0.0085449,4.9133
0.011444,-0.01297,4.9182
0.0080872,-0.014954,4.9133
0.0064087,-0.016174,4.9084
0.005188,-0.016174,4.9121
0.002594,-0.014496,4.9084
0.00030518,-0.016327,4.9109
-0.00076294,-0.015411,4.9097
-0.0012207,-0.013428,4.9072
0.0018311,-0.0088501,4.9182
0.0053406,-0.0038147,4.9084
0.0093079,0.0013733,0.037842
0.014496,0.0062561,0.041504
0.019989,0.010986,0.042725
0.028229,0.015564,0.041504
0.034943,0.020752,0.048828
0.040588,0.019073,0.045166
0.045013,0.02243,0.05249
0.048981,0.022125,0.05127
0.050201,0.020142,0.056152
0.050049,0.015259,0.053711
0.047607,0.012054,0.063477
0.044861,0.0086975,0.073242
0.040283,0.0053406,0.061035
0.033569,0.0028992,0.067139
0.028381,0.0028992,0.063477
0.023651,0.0038147,0.045166
0.018921,0.0068665,0.058594
0.014191,0.010529,0.059814
0.011139,0.01358,0.061035
0.007782,0.013428,0.059814
0.0076294,0.013733,0.062256
0.0039673,0.01236,0.065918
0.0045776,0.0099182,0.067139
0.005188,0.007019,0.068359
0.0053406,0.0028992,0.061035
0.0057983,-0.002594,0.067139
0.0036621,-0.0079346,0.057373
0.0030518,-0.014648,0.054932
0.0030518,-0.016022,0.065918
0.005188,-0.015106,0.056152
0.0080872,-0.011444,0.053711
0.010529,-0.0073242,0.05127
0.012207,-0.0056458,0.057373
0.015259,-0.0038147,0.041504
0.017242,-0.0059509,0.047607
0.022583,-0.0080872,0.047607
0.027924,-0.0094604,0.043945
0.032959,-0.0093079,0.041504
0.037537,-0.0067139,0.040283
0.039215,-0.004425,0.037842
0.041656,-0.0033569,0.042725
0.041504,-0.0042725,0.037842
0.041962,-0.0073242,0.040283
0.041809,-0.0083923,0.039063
0.041962,-0.0093079,0.039063
0.039673,-0.0083923,0.040283
0.036926,-0.0074768,0.039063
0.034027,-0.0085449,0.05127
0.031281,-0.011444,0.042725
0.027618,-0.01297,0.05249
0.028229,-0.015259,0.041504
0.029144,-0.013428,0.03418
0.031891,-0.010986,0.042725
0.033417,-0.0068665,0.048828
0.034485,-0.0036621,0.045166
0.033722,-0.0022888,0.05127
0.031281,-0.0019836,0.05249
0.028381,0.00076294,0.057373
0.027161,0.0038147,0.053711
0.026703,0.0074768,0.062256
0.02594,0.011292,0.058594
0.025635,0.014038,0.062256
0.025024,0.016632,0.062256
0.024719,0.017242,0.067139
0.022736,0.017853,0.065918
0.02243,0.017853,0.062256
0.022888,0.017548,0.063477
0.024261,0.016937,0.063477
0.024261,0.015106,0.073242
0.023956,0.011749,0.065918
0.024109,0.0091553,0.053711
0.023041,0.0067139,0.064697
0.023499,0.0056458,0.065918
0.02533,0.0057983,0.061035
0.027313,0.0057983,0.059814
0.027313,0.0039673,0.057373
0.026703,0.0028992,0.056152
0.025177,0.00076294,0.08667
0.022125,-0.0018311,4.6301
0.018616,-0.0038147,4.8962
0.015717,-0.0036621,4.9182
0.013428,-0.002594,4.9109
0.01236,-0.0018311,4.9219
0.011444,-0.0018311,4.9158
0.010681,-0.002594,4.917
0.0091553,-0.0030518,4.9109
0.0074768,-0.0022888,4.9146
0.0073242,-0.0027466,4.8926
0.0088501,-0.0010681,4.9084
0.011444,0.00045776,4.9121
0.014496,0.0019836,4.9097
0.016937,0.0048828,4.9109
0.018616,0.0042725,4.9036
0.020599,0.0057983,4.9023
0.022736,0.007019,4.9109
0.026855,0.0091553,4.9084
0.031281,0.011597,4.9072
0.036011,0.014648,4.9121
0.039825,0.016174,4.9121
0.042419,0.018158,4.9158
0.042572,0.017242,4.9109
0.041656,0.014801,4.9194
0.041809,0.012054,4.9207
0.040131,0.010223,4.9219
0.0383,0.009613,4.9353
0.034637,0.0094604,4.9219
0.031891,0.0091553,4.9207
0.026093,0.0057983,4.9292
0.022888,0.0010681,4.9304
0.020142,-0.0061035,4.9304
0.018311,-0.0090027,4.9292
0.016632,-0.009613,4.9292
0.015259,-0.0080872,4.9341
0.01358,-0.010834,4.928
0.011902,-0.0057983,4.9304
0.0099182,-0.0080872,4.9243
0.0059509,-0.011139,4.9353
0.010834,-0.013733,4.9353
0.012665,-0.015106,4.9365
0.015106,-0.014038,4.9414
0.015717,-0.012665,4.9377
0.016327,-0.012207,4.9329
0.015717,-0.014191,4.9341
0.013885,-0.016022,4.9304
0.019684,-0.016327,4.9268
0.023346,-0.015106,4.9329
0.028992,-0.012512,4.9231
0.030823,-0.0094604,4.9231
0.033112,-0.0048828,4.9207
0.034485,-0.0015259,4.9194
0.0354,0.0035095,4.917
0.037231,0.0076294,4.9182
0.041504,0.0091553,4.9146
0.043793,0.010834,4.9158
0.04425,0.011902,4.9146
0.042419,0.014191,4.917
0.039673,0.011902,4.9133
0.039215,0.014191,4.9121
0.03952,0.013123,4.9194
0.03952,0.012512,4.9121
0.037994,0.011444,4.917
0.036621,0.010376,4.9121
0.032806,0.010681,4.9011
0.027771,0.010986,4.9097
0.023804,0.012207,4.9109
0.020752,0.011292,4.9109
0.018005,0.0090027,4.9109
0.019684,0.0064087,4.9109
0.018463,0.0027466,4.917
0.017242,0.00015259,4.917
0.014496,-0.0027466,0.05127
0.015106,-0.0042725,0.050049
0.01236,-0.0048828,0.058594
0.01236,-0.0062561,0.057373
0.010529,-0.0074768,0.062256
0.0090027,-0.009613,0.073242
0.0065613,-0.010529,0.062256
0.0048828,-0.0099182,0.058594
0.0038147,-0.0062561,0.065918
0.0032043,-0.0068665,0.062256
0.0022888,-0.0065613,0.059814
0.0067139,-0.0068665,0.062256
0.0085449,-0.0076294,0.063477
0.011902,-0.0080872,0.061035
0.014496,-0.0061035,0.065918
0.018921,-0.0038147,0.06958
0.022125,-0.00091553,0.063477
0.025024,-0.00045776,0.065918
0.027618,0.0019836,0.057373
0.030212,0.002594,0.064697
0.032196,0.0028992,0.062256
0.033417,0.0030518,0.061035
0.034027,0.0030518,0.059814
0.033722,0.0018311,0.053711
0.032043,0.0013733,0.053711
0.030212,-0.00091553,0.050049
0.028381,-0.0027466,0.063477
0.028229,-0.0050354,0.048828
0.027466,-0.0047302,0.036621
0.025482,-0.0050354,0.039063
0.023193,0.0022888,0.043945
0.019684,0.0062561,0.039063
0.016479,0.010681,0.042725
0.014496,0.010223,0.037842
0.014191,0.011597,0.039063
0.014191,0.011139,0.037842
0.014038,0.0088501,0.041504
0.014038,0.007782,0.036621
0.013885,0.0067139,0.039063
0.013428,0.0059509,0.041504
0.014954,0.0045776,0.041504
0.017548,0.00091553,0.042725
0.021057,-0.0016785,0.040283
0.024261,-0.0039673,0.041504
0.027161,-0.0039673,0.037842
0.025787,-0.00045776,0.040283
0.024109,0.0022888,0.045166
0.02243,0.0024414,0.036621
0.023041,0.0027466,0.047607
0.024261,0.00030518,0.053711
0.02533,-0.0019836,0.048828
0.026093,-0.00076294,0.054932
0.026245,0.0018311,0.057373
0.02594,0.0054932,0.063477
0.023804,0.010834,0.057373
0.023193,0.010681,0.062256
0.023346,0.010986,0.061035
0.024414,0.0090027,0.061035
0.021667,0.0062561,0.058594
0.022583,0.0033569,0.062256
0.020599,0.00015259,0.073242
0.019073,-0.002594,0.064697
0.017548,-0.0030518,0.067139
0.019836,-0.002594,0.065918
0.025024,-0.00091553,0.047607
0.025635,0.00045776,0.064697
0.02594,0.0024414,0.061035
0.024567,0.0036621,0.064697
0.021362,0.0056458,0.062256
0.019379,0.0047302,0.053711
0.019073,0.0057983,0.057373
0.021362,0.0048828,0.048828
0.023651,0.007019,0.05249
0.023804,0.0090027,0.048828
0.023346,0.010834,0.050049
0.022125,0.011902,0.048828
0.02243,0.011292,0.048828
0.023193,0.0091553,0.048828
0.024414,0.0068665,4.2712
0.026855,0.0048828,4.8743
0.027008,0.0035095,4.9084
0.02655,0.0032043,4.906
0.023956,0.0022888,4.906
0.022736,-0.00061035,4.9036
0.022125,-0.0047302,4.9097
0.023193,-0.0082397,4.9097
0.025482,-0.010529,4.9121
0.027161,-0.009613,4.9036
0.027618,-0.0093079,4.9084
0.027161,-0.007019,4.9072
0.027008,-0.0053406,4.906
0.027313,-0.0047302,4.9146
0.029602,-0.0054932,4.9133
0.032501,-0.0053406,4.9158
0.034332,-0.0054932,4.9158
0.033875,-0.0056458,4.9182
0.033569,-0.0057983,4.9268
0.031433,-0.0050354,4.9219
0.03067,-0.0039673,4.9292
0.030823,-0.0033569,4.9292
0.030823,-0.0021362,4.9194
0.031128,-0.0016785,4.9329
0.030975,-0.0012207,4.928
0.029602,-0.00061035,4.9304
0.026398,0.00091553,4.9304
0.02533,0.0021362,4.9329
0.024719,0.0021362,4.9329
0.02533,0.0030518,4.9316
0.027771,0.0036621,4.9365
0.029144,0.0067139,4.9316
0.031281,0.0074768,4.9341
0.030212,0.0086975,4.9353
0.029449,0.007782,4.9353
0.029449,0.0047302,4.9353
0.029602,0.0018311,4.9268
0.029297,-0.0018311,4.939
0.029449,-0.0039673,4.9304
0.028687,-0.0059509,4.939
0.025482,-0.0064087,4.9292
0.021362,-0.0076294,4.906
0.017853,-0.0080872,4.9207
0.015717,-0.0093079,4.9207
0.015869,-0.010071,4.9219
0.016937,-0.009613,4.9182
0.017548,-0.0086975,4.9146
0.017395,-0.0059509,4.9207
0.015106,-0.0024414,4.9146
0.013275,0.00091553,4.9158
0.01297,0.0010681,4.9109
0.015411,0,4.9182
0.018005,-0.0028992,4.9121
0.021515,-0.005188,4.9133
0.022736,-0.0064087,4.9194
0.02243,-0.0062561,4.9097
0.020752,-0.004425,4.9121
0.018921,-0.0018311,4.9084
0.018616,-0.0013733,4.8914
0.021057,0.0013733,4.906
0.021973,-0.0024414,4.9084
0.024261,-0.0032043,4.9121
0.024261,-0.0036621,4.9097
0.022888,-0.00061035,4.9084
0.022583,0.00030518,4.9146
0.022888,0.00091553,4.9182
0.026093,0.0015259,4.9207
0.029907,0.0035095,4.9207
0.032501,0.00061035,4.917
0.032806,-0.0013733,4.9231
0.03067,-0.00061035,4.9292
0.028381,-0.00030518,4.9316
0.027618,-0.00045776,0.062256
0.026855,-0.00015259,0.062256
0.027924,-0.0021362,0.062256
0.028381,-0.00045776,0.076904
0.026855,-0.0024414,0.061035
0.023041,-0.0039673,0.05127
0.02182,-0.0053406,0.05127
0.019989,-0.0073242,0.061035
0.02243,-0.0082397,0.062256
0.024567,-0.007782,0.061035
0.021667,-0.0085449,0.064697
0.026093,-0.0090027,0.067139
0.026093,-0.0074768,0.063477
0.025177,-0.0038147,0.065918
0.02594,-0.00076294,0.058594
0.027618,0.0015259,0.059814
0.029755,0.0022888,0.058594
0.033112,0.0036621,0.059814
0.036621,-0.00030518,0.061035
0.03891,-0.00091553,0.05127
0.039825,0.00076294,0.050049
0.03891,0.0039673,0.048828
0.03891,0.0059509,0.036621
0.037384,0.0076294,0.048828
0.036774,0.007019,0.043945
0.034485,0.0045776,0.041504
0.030212,0.0028992,0.043945
0.026703,0.002594,0.041504
0.018768,0.0038147,0.041504
0.014496,0.0068665,0.03418
0.012054,0.0091553,0.042725
0.01358,0.010071,0.036621
0.017242,0.0082397,0.041504
0.021057,0.0061035,0.040283
0.023193,0,0.042725
0.022125,0.0028992,0.037842
0.020752,0.0038147,0.041504
0.018921,0.0030518,0.042725
0.019073,0.0019836,0.039063
0.019989,-0.00076294,0.047607
0.018311,-0.004425,0.043945
0.015259,-0.0071716,0.036621
0.0099182,-0.0073242,0.046387
0.0065613,-0.0048828,0.053711
0.005188,-0.00015259,0.05127
0.0065613,0.0027466,0.057373
0.0091553,0.0041199,0.053711
0.011749,0.0033569,0.061035
0.012512,0.002594,0.059814
0.013733,0.00030518,0.062256
0.012817,0.0028992,0.057373
0.011597,0.0056458,0.065918
0.010376,0.0071716,0.061035
0.010376,0.0074768,0.061035
0.011139,0.0074768,0.075684
0.011139,0.0056458,0.063477
0.011444,0.0065613,0.063477
0.013123,0.0099182,0.065918
0.013275,0.013885,0.059814
0.015106,0.01709,0.062256
0.017242,0.017853,0.063477
0.020599,0.014801,0.063477
0.020905,0.010834,0.064697
0.020447,0.0074768,0.056152
0.018311,0.0054932,0.059814
0.014648,0.005188,0.053711
0.010834,0.0073242,0.054932
0.0083923,0.0076294,0.05127
0.0074768,0.0082397,0.050049
0.0065613,0.0082397,0.048828
0.009613,0.0093079,0.042725
0.011292,0.011292,0.043945
0.01297,0.014648,0.048828
0.013428,0.017395,0.053711
0.014038,0.018921,0.045166
0.014801,0.018616,0.059814
0.015717,0.018158,0.039063
0.015869,0.015411,0.0354
0.016479,0.01236,3.9954
0.016785,0.010071,4.8511
0.016174,0.0085449,4.9011
0.015717,0.0099182,4.906
0.016022,0.010986,4.906
0.016022,0.011292,4.9097
0.016632,0.010986,4.906
0.0177,0.0080872,4.9146
0.01709,0.0059509,4.9011
0.018616,0.0041199,4.9146
0.016937,0.005188,4.9158
0.014801,0.0062561,4.9194
0.013885,0.0076294,4.9219
0.01236,0.0079346,4.9194
0.014038,0.0067139,4.9109
0.014496,0.0054932,4.9243
0.016022,0.0021362,4.9316
0.015717,0.0035095,4.9292
0.015259,0.004425,4.9243
0.015411,0.0053406,4.9292
0.015411,0.0061035,4.9329
0.015869,0.0041199,4.9304
0.015259,0.0027466,4.9304
0.015106,0.00061035,4.9304
0.015106,-0.0021362,4.928
0.016022,-0.0013733,4.9268
0.0177,0.00015259,4.9329
0.020142,0.0016785,4.9341
0.022125,0.002594,4.9377
0.023956,0.0030518,4.9316
0.026093,0.0019836,4.9365
0.028687,-0.00015259,4.9487
0.027924,-0.0018311,4.9341
0.028229,-0.0038147,4.9329
0.027924,-0.0048828,4.9304
0.027924,-0.0053406,4.8962
0.027924,-0.0073242,4.9243
0.027618,-0.0065613,4.9207
0.027313,-0.0073242,4.9207
0.027313,-0.0062561,4.9207
0.027466,-0.0041199,4.9158
0.027618,-0.00091553,4.9194
0.026855,0.0016785,4.917
0.027313,0.0036621,4.9158
0.026093,0.0013733,4.9109
0.026398,0.00076294,4.9182
0.02533,-0.0010681,4.9158
0.027313,-0.00030518,4.9146
0.028076,-0.00076294,4.9109
0.027008,-0.0016785,4.9133
0.029144,-0.0024414,4.9084
0.029907,-0.0053406,4.9121
0.029755,-0.0074768,4.9072
0.030823,-0.0082397,4.9109
0.030365,-0.0074768,4.906
0.030212,-0.0053406,4.9084
0.031128,-0.0035095,4.9097
0.032654,-0.0022888,4.9109
0.032806,-0.0036621,4.9158
0.032501,-0.0039673,4.9133
0.031891,-0.0050354,4.9158
0.031586,-0.0059509,4.9158
0.03067,-0.0042725,4.9255
0.030212,-0.0021362,4.9255
0.029297,0.00030518,4.928
0.028687,0.0022888,4.9255
0.028076,0.0016785,4.9304
0.029144,0.0018311,4.9402
0.029297,0.0018311,4.9316
0.029907,0.0027466,4.9414
0.030518,0.0038147,4.9304
0.030975,0.005188,4.9219
0.030823,0.005188,0.058594
0.030365,0.0038147,0.063477
0.031433,0.0021362,0.062256
0.031128,0,0.065918
0.029755,-0.00091553,0.062256
0.028687,-0.0012207,0.067139
0.027008,0.00045776,0.061035
0.02594,0.0022888,0.068359
0.025787,0.0032043,0.061035
0.026093,0.002594,0.063477
0.026245,0.0015259,0.058594
0.026093,-0.00076294,0.058594
0.025482,-0.0024414,0.054932
0.02594,-0.0039673,0.054932
0.027161,-0.004425,0.056152
0.029144,-0.0042725,0.05127
0.026245,-0.0036621,0.053711
0.02533,-0.0036621,0.041504
0.022888,-0.0045776,0.043945
0.020447,-0.005188,0.041504
0.018005,-0.0079346,0.043945
0.015717,-0.0088501,0.041504
0.018921,-0.010834,0.042725
0.020599,-0.007782,0.037842
0.02121,-0.0048828,0.041504
0.022888,-0.0018311,0.039063
0.024109,0.00015259,0.040283
0.02594,0.0012207,0.041504
0.027161,0.002594,0.039063
0.027924,0.002594,0.039063
0.027466,0.0030518,0.042725
0.027771,0.0028992,0.054932
0.027161,0.0021362,0.045166
0.026398,0.00076294,0.050049
0.026855,-0.0015259,0.041504
0.026398,0.0016785,0.029297
0.025787,0.0024414,0.046387
0.024567,0.0030518,0.048828
0.022583,0.0018311,0.05249
0.022125,0.0016785,0.054932
0.02182,-0.00076294,0.053711
0.022888,-0.0039673,0.056152
0.02243,-0.0056458,0.059814
0.023804,-0.0086975,0.062256
0.024261,-0.0056458,0.058594
0.022888,-0.007019,0.064697
0.02182,-0.0067139,0.062256
0.020599,-0.0079346,0.063477
0.020142,-0.0091553,0.068359
0.018311,-0.0085449,0.065918
0.018616,-0.0071716,0.063477
0.018768,-0.0038147,0.062256
0.020599,-0.00030518,0.078125
0.023651,0.0022888,0.06958
0.02655,0.0036621,0.065918
0.03006,0.0039673,0.065918
0.032196,0.0028992,0.062256
0.034332,0.0027466,0.057373
0.036469,0.0039673,0.059814
0.035553,0.0038147,0.05249
0.036316,0.0039673,0.056152
0.034637,0.0071716,0.05127
0.031891,0.0076294,0.05127
0.03006,0.0073242,0.046387
0.028687,0.0082397,0.048828
0.025482,0.0080872,0.045166
0.021973,0.0065613,0.048828
0.018311,0.0083923,0.05249
0.015259,0.0079346,0.043945
0.014038,0.0079346,0.046387
0.014343,0.0086975,0.037842
0.016022,0.0088501,0.026855
0.0177,0.0085449,0.037842
0.019836,0.0080872,0.040283
0.018616,0.0038147,0.036621
0.015717,-0.00015259,0.037842
0.011902,-0.0030518,0.036621
0.007782,-0.0074768,0.040283
0.0032043,-0.0076294,3.8025
0.0018311,-0.0086975,4.8425
0.00030518,-0.0086975,4.9048
-0.0015259,-0.005188,4.9109
-0.00015259,-0.0059509,4.9133
0.0010681,-0.004425,4.9158
0.0036621,-0.0024414,4.9133
0.0068665,0.00076294,4.9219
0.0086975,0.0045776,4.9231
0.016022,0.0076294,4.9231
0.016174,0.0099182,4.9353
0.015717,0.0083923,4.9304
0.013275,0.0062561,4.9146
0.010376,0.0027466,4.9255
0.010223,0.0010681,4.9329
0.0086975,0.0016785,4.9304
0.013275,0.0033569,4.9304
0.013885,0.0045776,4.9255
0.013123,0.005188,4.9329
0.01236,0.0047302,4.9341
0.012054,0.0045776,4.9341
0.013885,0.004425,4.9292
0.016632,0.0050354,4.9353
0.018005,0.0059509,4.9353
0.018921,0.0068665,4.9341
0.02121,0.0061035,4.9463
0.015106,0.0045776,4.9341
0.013275,0.0038147,4.9304
0.012817,0.0035095,4.9292
0.014038,0.004425,4.9243
0.016022,0.0065613,4.9231
0.016937,0.0080872,4.9207
0.017853,0.009613,4.9207
0.017548,0.010529,4.9207
0.017853,0.010986,4.9182
0.018005,0.011902,4.9146
0.020294,0.013275,4.9146
0.020752,0.016327,4.9133
0.021057,0.016632,4.9097
0.021057,0.017242,4.9146
0.019226,0.016479,4.9121
0.017548,0.013885,4.9133
0.016479,0.01358,4.9097
0.016785,0.013428,4.9133
0.018158,0.012512,4.9194
0.017395,0.011749,4.9036
0.017242,0.0099182,4.9231
0.015106,0.0086975,4.9097
0.014954,0.0074768,4.8987
0.013123,0.0059509,4.9109
0.010986,0.0047302,4.9109
0.010681,0.0016785,4.9109
0.007782,0.0013733,4.9121
0.0062561,-0.0010681,4.9146
0.0033569,-0.00091553,4.9158
0.00061035,0.0015259,4.9158
-0.00030518,0.0038147,4.9231
0,0.0057983,4.9207
0.0022888,0.0054932,4.9292
0.0057983,0.004425,4.928
0.0085449,0.0028992,4.9329
0.011139,0.0022888,4.939
0.014038,0.0032043,4.9329
0.014038,0.0036621,4.9316
0.016327,0.0047302,4.9316
0.019379,0.0038147,4.9353
0.02182,0.0019836,4.9255
0.023804,-0.00015259,4.9158
0.024261,-0.0021362,4.928
0.024261,-0.0024414,4.9341
0.024567,-0.00091553,4.9341
0.024719,0.00091553,0.065918
0.026703,0.0018311,0.062256
0.028381,0.0010681,0.067139
0.029907,0.00030518,0.062256
0.030212,-0.0010681,0.063477
0.030518,-0.0022888,0.067139
0.030212,-0.0035095,0.058594
0.028381,-0.0056458,0.05127
0.027008,-0.0073242,0.056152
0.027466,-0.0090027,0.067139
0.026398,-0.0085449,0.05249
0.02655,-0.0080872,0.059814
0.023651,-0.007019,0.047607
0.02243,-0.0045776,0.03418
0.02243,-0.0036621,0.043945
0.023651,-0.0024414,0.045166
0.026245,-0.0015259,0.039063
0.028229,-0.0022888,0.03418
0.028839,-0.0033569,0.0354
0.033875,-0.0032043,0.042725
0.032806,-0.0042725,0.039063
0.032959,-0.005188,0.041504
0.030823,-0.007019,0.037842
0.030518,-0.0088501,0.043945
0.029449,-0.010529,0.039063
0.028534,-0.011597,0.041504
0.029449,-0.010986,0.05127
0.028229,-0.0091553,0.040283
0.028839,-0.0085449,0.040283
0.029907,-0.0071716,0.043945
0.030823,-0.0053406,0.037842
0.033417,-0.0042725,0.043945
0.034332,-0.0022888,0.030518
0.034943,-0.0010681,0.05127
0.034332,0.00030518,0.053711
0.031586,0.00045776,0.05249
0.029297,-0.00030518,0.059814
0.025024,-0.00076294,0.058594
0.023041,-0.00030518,0.048828
0.020905,-0.0027466,0.058594
0.020905,-0.0028992,0.063477
0.022736,-0.0021362,0.061035
0.024414,-0.0012207,0.062256
0.024872,-0.0019836,0.063477
0.025482,-0.0010681,0.063477
0.024872,-0.00091553,0.068359
0.024261,-0.0012207,0.065918
0.024109,-0.00076294,0.076904
0.023499,-0.0035095,0.064697
0.02243,-0.0024414,0.053711
0.023346,-0.0022888,0.061035
0.022278,-0.0015259,0.061035
0.022888,-0.00061035,0.058594
0.023499,0.00045776,0.059814
0.023193,0.00045776,0.05249
0.023804,-0.00091553,0.050049
0.025177,-0.0015259,0.05127
0.025024,-0.00045776,0.054932
0.025635,-0.00030518,0.046387
0.02533,-0.0021362,0.05249
0.024109,-0.0024414,0.05249
0.022888,-0.0053406,0.047607
0.021362,-0.0071716,0.043945
0.022125,-0.0073242,0.045166
0.021515,-0.0061035,0.045166
0.021515,-0.0028992,0.041504
0.021515,0.0010681,0.040283
0.021057,0.0036621,0.037842
0.02243,0.0054932,0.029297
0.023499,0.0093079,0.037842
0.026398,0.0068665,0.040283
0.029449,0.0074768,0.036621
0.03418,0.0073242,0.040283
0.030823,0.0091553,0.037842
0.03067,0.0065613,0.040283
0.029755,0.0048828,0.0354
0.028534,0.0024414,0.042725
0.027771,0.0012207,0.041504
0.024414,0.00045776,1.6187
0.025177,-0.00015259,4.7229
0.023804,-0.0010681,4.9084
0.023804,-0.0022888,4.9304
0.023346,-0.0028992,4.9231
0.023499,-0.0018311,4.9304
0.022278,-0.0015259,4.9304
0.021973,0.00091553,4.9146
0.022125,-0.0015259,4.9292
0.019073,-0.0030518,4.9304
0.020447,-0.0027466,4.9341
0.020447,-0.0030518,4.9292
0.022278,-0.00061035,4.928
0.023499,0.004425,4.9316
0.027313,0.0085449,4.939
0.030975,0.012512,4.9316
0.032349,0.013885,4.9316
0.033417,0.013733,4.9353
0.034637,0.013123,4.9353
0.033417,0.01297,4.9377
0.029602,0.010834,4.9377
0.024567,0.011139,4.9377
0.024109,0.0036621,4.9341
0.023193,0.0015259,4.9304
0.021362,0.00045776,4.9426
0.021362,0.0024414,4.9194
0.023346,0.0030518,4.9146
0.022125,0.0053406,4.9219
0.02182,0.0030518,4.9182
0.02243,0.004425,4.9194
0.022125,0.0059509,4.9207
0.022125,0.0064087,4.9121
0.021057,0.0064087,4.9158
0.0177,0.0047302,4.9121
0.01297,0.0047302,4.9121
0.0086975,0.0039673,4.8987
0.0053406,0.0033569,4.9146
0.0038147,0.0057983,4.9109
0.0035095,0.0064087,4.9146
0.002594,0.0048828,4.917
0.002594,0.002594,4.8914
0.0032043,-0.00045776,4.9146
0.004425,-0.0035095,4.9097
0.0067139,-0.0053406,4.9036
0.009613,-0.0048828,4.9084
0.01297,-0.0036621,4.9048
0.012207,-0.0024414,4.9133
0.015106,0.00030518,4.9146
0.014191,0.0019836,4.9158
0.014496,0.0016785,4.9158
0.014343,0.0013733,4.9182
0.013885,0.00015259,4.9268
0.014496,0.00015259,4.9243
0.014648,0.0012207,4.9268
0.014648,0.0035095,4.928
0.014801,0.0062561,4.9316
0.015564,0.0074768,4.9231
0.014801,0.0086975,4.9329
0.015259,0.0065613,4.9353
0.014801,0.0062561,4.9329
0.016022,0.0059509,4.939
0.015717,0.0056458,4.9329
0.015564,0.0062561,4.9182
0.012817,0.0064087,4.9304
0.011444,0.0064087,4.9304
0.0090027,0.0057983,4.9329
0.0073242,0.0047302,4.939
0.0080872,0.0054932,4.9316
0.0080872,0.007019,4.939
0.0091553,0.013733,4.9329
0.010223,0.011139,4.9329
0.010223,0.013123,4.9243
0.01236,0.011444,0.058594
0.011597,0.0093079,0.053711
0.011749,0.0068665,0.053711
0.012207,0.0059509,0.058594
0.010986,0.0061035,0.050049
0.0094604,0.0054932,0.045166
0.0067139,0.0053406,0.048828
0.0048828,0.0039673,0.029297
0.0012207,0.0057983,0.041504
0.0028992,0.0068665,0.045166
0.0036621,0.0088501,0.043945
0.0041199,0.010986,0.041504
0.0054932,0.011597,0.037842
0.0094604,0.010529,0.042725
0.0071716,0.0090027,0.037842
0.0076294,0.0061035,0.041504
0.0083923,0.0059509,0.037842
0.010834,0.0056458,0.041504
0.011444,0.0067139,0.039063
0.01236,0.0071716,0.045166
0.012817,0.0062561,0.040283
0.011597,0.0039673,0.042725
0.012512,0.0028992,0.048828
0.012207,0.0030518,0.046387
0.01358,0.0042725,0.057373
0.015106,0.0065613,0.048828
0.017395,0.0079346,0.041504
0.018616,0.0057983,0.050049
0.019684,0.0019836,0.05249
0.019989,-0.002594,0.056152
0.019531,-0.004425,0.059814
0.019379,-0.0039673,0.057373
0.020599,-0.002594,0.062256
0.02182,-0.00030518,0.058594
0.02121,0.00045776,0.064697
0.020447,-0.0013733,0.056152
0.019226,-0.0021362,0.064697
0.017242,-0.0035095,0.057373
0.016479,-0.005188,0.062256
0.018311,-0.0061035,0.072021
0.020294,-0.0083923,0.067139
0.022888,-0.0090027,0.064697
0.025635,-0.010071,0.065918
0.027008,-0.010223,0.064697
0.027618,-0.009613,0.065918
0.028534,-0.0093079,0.063477
0.030365,-0.009613,0.059814
0.031281,-0.0093079,0.058594
0.031891,-0.010681,0.05249
0.030518,-0.010986,0.053711
0.029602,-0.0083923,0.047607
0.029755,-0.0056458,0.05249
0.028534,-0.0035095,0.043945
0.028839,-0.002594,0.047607
0.029755,-0.0022888,0.05127
0.030518,-0.002594,0.050049
0.032349,-0.0027466,0.041504
0.033722,-0.0035095,0.045166
0.034027,-0.0022888,0.056152
0.031738,-0.0042725,0.037842
0.028534,-0.0068665,0.05127
0.026245,-0.0099182,0.041504
0.024109,-0.012512,0.026855
0.02243,-0.011902,0.0354
0.020447,-0.0085449,0.03418
0.019379,-0.0039673,0.037842
0.018463,-0.00030518,0.040283
0.018463,0.00076294,0.037842
0.019226,0.00076294,0.040283
0.021057,-0.0016785,0.039063
0.023499,-0.0021362,0.043945
0.024872,-0.0030518,0.041504
0.025787,-0.0036621,0.048828
0.024567,-0.0041199,0.05127
0.024261,-0.0039673,0.05249
0.024109,-0.0041199,0.063477
0.026398,-0.0028992,0.053711
0.027618,-0.00045776,0.056152
0.027161,0.0024414,3.8794
0.02594,0.0035095,4.8645
0.024261,0.0030518,4.9207
0.022125,0.0024414,4.9329
0.021667,0.0016785,4.9316
0.022278,0.00091553,4.9292
0.024719,0.00061035,4.928
0.02533,0.00091553,4.9341
0.02655,-0.00061035,4.9304
0.026093,-0.00091553,4.9341
0.024414,-0.0019836,4.9329
0.023193,-0.0016785,4.9365
0.021973,-0.00076294,4.9353
0.021362,0.0016785,4.9353
0.020447,0.0039673,4.9329
0.018768,0.0036621,4.9353
0.017395,0.0032043,4.939
0.016632,0.0012207,4.9292
0.016479,-0.00076294,4.9316
0.017395,-0.0010681,4.9231
0.019073,0,4.9121
0.019989,0.0016785,4.9194
0.020599,0.0036621,4.9194
0.020294,0.0047302,4.9146
0.021362,0.0048828,4.9158
0.021362,0.0038147,4.9146
0.021057,0.0035095,4.9133
0.020447,0.0035095,4.9109
0.019684,0.0042725,4.9182
0.019379,0.0053406,4.9084
0.020142,0.0073242,4.9109
0.022583,0.0080872,4.9133
0.026245,0.0068665,4.9146
0.027771,0.0048828,4.906
0.028076,0.0035095,4.9146
0.029449,0.0021362,4.9072
0.030212,0.0016785,4.9048
0.03006,0.0028992,4.9109
0.029755,0.0024414,4.9109
0.027313,-0.0016785,4.9036
0.023651,-0.0065613,4.9121
0.017242,-0.011139,4.9121
0.018005,-0.013275,4.9194
0.016022,-0.013733,4.917
0.014343,-0.010223,4.917
0.014191,-0.0073242,4.9341
0.014343,-0.0041199,4.9255
0.013428,-0.0035095,4.9304
0.016174,-0.0054932,4.9255
0.018005,-0.0061035,4.9329
0.021057,-0.0054932,4.928
0.023499,-0.0033569,4.9341
0.025635,0.0012207,4.9426
0.027008,0.0059509,4.9341
0.027313,0.0080872,4.9329
0.027008,0.0082397,4.9329
0.026398,0.0090027,4.9194
0.028839,0.009613,4.9316
0.03067,0.011597,4.9341
0.031891,0.014496,4.9329
0.032806,0.016327,4.9341
0.031738,0.016785,4.9329
0.032349,0.014038,4.9365
0.034332,0.010529,4.9316
0.036011,0.0091553,4.9316
0.037689,0.007019,4.9255
0.037537,0.0080872,4.9365
0.035706,0.010834,4.9255
0.031738,0.012512,4.9255
0.027924,0.013733,4.9255
0.024261,0.012207,4.9207
0.023956,0.010376,4.9231
0.022125,0.007782,0.050049
0.02243,0.0057983,0.054932
0.020905,0.0042725,0.043945
0.0177,0.0047302,0.030518
0.016327,0.0050354,0.042725
0.013275,0.0079346,0.039063
0.011749,0.0027466,0.037842
0.010071,0.0022888,0.040283
0.0091553,0.00061035,0.036621
0.0071716,-0.00015259,0.040283
0.0048828,-0.0018311,0.036621
0.0018311,-0.0035095,0.041504
0.0015259,-0.0036621,0.040283
0.0022888,-0.0048828,0.041504
0.0054932,-0.0056458,0.041504
0.010223,-0.0048828,0.037842
0.014191,-0.0048828,0.05249
0.016937,-0.0018311,0.045166
0.017242,0.00091553,0.057373
0.01709,0.0030518,0.047607
0.016785,0.0045776,0.043945
0.0177,0.007019,0.05127
0.020294,0.0090027,0.054932
0.023346,0.010223,0.054932
0.025787,0.011902,0.061035
0.025482,0.012512,0.061035
0.026245,0.012207,0.062256
0.02655,0.011597,0.061035
0.026855,0.0079346,0.063477
0.025177,0.0067139,0.059814
0.023346,0.0048828,0.062256
0.019531,0.0038147,0.063477
0.01297,0.0039673,0.065918
0.0074768,0.0050354,0.065918
0.0024414,0.0041199,0.065918
0.0013733,0.0016785,0.065918
0.00076294,-0.00076294,0.065918
0.0030518,-0.0019836,0.076904
0.0062561,-0.0019836,0.065918
0.007782,0,0.065918
0.0082397,0.0038147,0.058594
0.0068665,0.0064087,0.058594
0.0080872,0.0062561,0.054932
0.0074768,0.0038147,0.053711
0.0062561,0.00061035,0.047607
0.0042725,-0.0018311,0.053711
0.0015259,-0.0030518,0.047607
-0.0035095,-0.0018311,0.047607
-0.0032043,-0.0018311,0.050049
-0.0013733,-0.00091553,0.046387
0.00091553,0.0010681,0.043945
0.0059509,0.0015259,0.042725
0.0064087,0.0028992,0.053711
0.015106,0.004425,0.040283
0.018311,0.0056458,0.040283
0.018616,0.0061035,0.041504
0.018616,0.0059509,0.023193
0.018158,0.002594,0.036621
0.019073,0.00015259,0.037842
0.018463,-0.0013733,0.036621
0.017395,-0.0018311,0.039063
0.015717,-0.0015259,0.0354
0.012512,-0.00076294,0.042725
0.0083923,-0.00091553,0.036621
0.0065613,-0.0010681,0.043945
0.0071716,-0.00076294,0.040283
0.010376,-0.00076294,0.048828
0.014648,0.0016785,0.047607
0.018005,0.0030518,0.053711
0.019531,0.0035095,0.053711
0.017853,0.0022888,0.054932
0.019379,0.00045776,0.058594
0.019073,-0.00045776,0.059814
0.016937,-0.00030518,0.070801
0.018158,-0.00030518,0.058594
0.018158,-0.0024414,0.046387
0.016174,-0.0041199,0.059814
0.014496,-0.0073242,0.058594
0.012054,-0.0097656,3.8098
0.012207,-0.010986,4.8608
0.014496,-0.009613,4.9207
0.018311,-0.0090027,4.9341
0.02182,-0.0082397,4.9304
0.023804,-0.0082397,4.9353
0.025787,-0.007782,4.9341
0.024719,-0.007782,4.9365
0.025024,-0.0061035,4.9353
0.026093,-0.005188,4.9353
0.028992,-0.0053406,4.939
0.028839,-0.0064087,4.9292
0.033417,-0.0085449,4.9243
0.033417,-0.010529,4.9255
0.031738,-0.010834,4.9182
0.028381,-0.010223,4.9231
0.027924,-0.0093079,4.9182
0.029297,-0.0094604,4.9146
0.029755,-0.0097656,4.9207
0.030365,-0.011597,4.9146
0.027924,-0.0099182,4.9182
0.027466,-0.007782,4.9097
0.026245,-0.0042725,4.9146
0.025787,-0.0038147,4.9084
0.027008,-0.0050354,4.9097
0.028839,-0.0054932,4.9109
0.029755,-0.0056458,4.9158
0.030823,-0.0032043,4.906
0.028381,0.00030518,4.9133
0.02655,0.0045776,4.9207
0.025024,0.0056458,4.9097
0.02533,0.0048828,4.9194
0.028076,0.0027466,4.9121
0.029755,0.0015259,4.8987
0.031281,0.00045776,4.9109
0.032654,0.002594,4.9133
0.032349,0.0041199,4.9146
0.032043,0.0053406,4.9158
0.031586,0.0054932,4.9146
0.030823,0.0047302,4.9194
0.029755,0.0041199,4.9207
0.026093,0.0054932,4.9268
0.023346,0.0073242,4.9255
0.018158,0.0079346,4.9316
0.017548,0.0086975,4.9316
0.017242,0.0068665,4.9329
0.0177,0.005188,4.9438
0.019379,0.0021362,4.9329
0.022125,0.00015259,4.9304
0.020294,-0.0021362,4.9353
0.018768,-0.00076294,4.9316
0.016785,-0.002594,4.9304
0.012054,-0.0028992,4.9292
0.0090027,-0.0047302,4.9353
0.0076294,-0.0048828,4.9341
0.0090027,-0.0059509,4.9365
0.0099182,-0.002594,4.9365
0.010834,-0.00030518,4.9341
0.011444,-0.00030518,4.9329
0.012512,0.0028992,4.9255
0.014496,0.0038147,4.9304
0.018768,0.0036621,4.9243
0.023193,0.0035095,4.9207
0.026703,-0.0027466,4.9207
0.027618,-0.004425,4.9219
0.028229,-0.0054932,4.9255
0.024872,-0.0050354,4.9207
0.02121,-0.00091553,4.9268
0.020599,0.0027466,4.9084
0.021362,0.0039673,4.9097
0.022888,0.004425,4.9158
0.02243,0.0048828,4.9146
0.021362,0.0024414,-0.44922
0.020294,0.0062561,0.039063
0.019531,0.007019,0.029297
0.021667,0.0036621,0.040283
0.025635,0.0012207,0.037842
0.028992,-0.0056458,0.042725
0.031281,-0.0097656,0.0354
0.031433,-0.013275,0.042725
0.029297,-0.014191,0.040283
0.023804,-0.013885,0.040283
0.018158,-0.013123,0.045166
0.015106,-0.012054,0.043945
0.014038,-0.011902,0.047607
0.01358,-0.012665,0.045166
0.014648,-0.013275,0.041504
0.012512,-0.012665,0.048828
0.015411,-0.009613,0.039063
0.017548,-0.0071716,0.05249
0.02182,-0.0056458,0.056152
0.02655,-0.0059509,0.061035
0.031128,-0.0076294,0.058594
0.034637,-0.0094604,0.062256
0.0354,-0.0079346,0.064697
0.035248,-0.007782,0.061035
0.032349,-0.005188,0.063477
0.03006,-0.0033569,0.061035
0.029144,-0.0035095,0.058594
0.028076,-0.0061035,0.058594
0.029297,-0.0056458,0.064697
0.027618,-0.0062561,0.073242
0.025787,-0.0050354,0.065918
0.025787,-0.0016785,0.070801
0.027161,0.00045776,0.067139
0.028534,0.0018311,0.045166
0.032349,0.0030518,0.058594
0.033569,0.0018311,0.062256
0.034943,-0.00045776,0.057373
0.033264,0.0012207,0.056152
0.030212,-0.0013733,0.048828
0.02594,0.00030518,0.054932
0.022583,0.0022888,0.047607
0.019989,0.0035095,0.05127
0.0177,0.0012207,0.045166
0.015717,0.0015259,0.05127
0.01236,-0.00045776,0.036621
0.0083923,-0.0024414,0.047607
0.0061035,-0.0038147,0.050049
0.0048828,-0.0041199,0.042725
0.0062561,-0.0039673,0.041504
0.0090027,-0.0039673,0.041504
0.0099182,-0.0053406,0.028076
0.010986,-0.0062561,0.037842
0.011749,-0.0076294,0.030518
0.0074768,-0.0093079,0.036621
0.0057983,-0.0091553,0.040283
0.0035095,-0.0050354,0.0354
0.0041199,0.00030518,0.042725
0.0068665,0.00045776,0.037842
0.0056458,-0.0021362,0.039063
0.0064087,0.00061035,0.040283
0.007019,0.00061035,0.047607
0.0076294,0.002594,0.042725
0.010223,0.0057983,0.05127
0.013123,0.0086975,0.05127
0.017548,0.007019,0.05249
0.020599,0.0067139,0.067139
0.02243,0.0059509,0.058594
0.023041,0.0088501,0.06958
0.021667,0.012054,0.058594
0.019836,0.014954,0.048828
0.019073,0.014801,0.059814
0.018158,0.011749,0.064697
0.016937,0.0086975,0.059814
0.017395,0.0080872,0.059814
0.0177,0.010071,0.056152
0.018768,0.01297,0.062256
0.019531,0.016022,0.062256
0.020294,0.016479,0.064697
0.023193,0.01358,4.1101
0.026398,0.010376,4.884
0.025787,0.0068665,4.9292
0.024567,0.0016785,4.9341
0.021515,0.0042725,4.9316
0.01709,0.0053406,4.9341
0.01236,0.0080872,4.9316
0.009613,0.0099182,4.928
0.0083923,0.0097656,4.9341
0.0082397,0.010376,4.9255
0.0071716,0.007782,4.9072
0.0065613,0.0062561,4.9182
0.0042725,0.004425,4.9194
0.0028992,0.004425,4.9207
0.0038147,0.0061035,4.9146
0.0065613,0.0064087,4.9133
0.0071716,0.0054932,4.9182
0.0082397,0.0036621,4.9133
0.0071716,0.0018311,4.9109
0.0050354,0.00076294,4.9097
0.0050354,0.0027466,4.9146
0.0042725,0.0057983,4.9011
0.0071716,0.007019,4.9109
0.0093079,0.0068665,4.9194
0.013428,0.0033569,4.9133
0.016174,-0.00061035,4.9109
0.016785,-0.0038147,4.9097
0.01709,-0.0039673,4.895
0.015106,-0.0012207,4.9084
0.014496,0.0021362,4.9133
0.014954,0.0035095,4.9133
0.015411,0.0015259,4.9146
0.018158,-0.0016785,4.9182
0.0177,-0.0038147,4.9182
0.018158,-0.0042725,4.9194
0.018158,-0.0041199,4.9231
0.019531,-0.0018311,4.9231
0.02243,0,4.928
0.024872,0.0015259,4.928
0.026245,-0.00030518,4.939
0.027466,-0.0028992,4.9304
0.027313,-0.0047302,4.9316
0.024109,-0.005188,4.9304
0.021667,-0.0042725,4.9329
0.020752,-0.0021362,4.9438
0.020599,-0.0010681,4.9292
0.02121,-0.00061035,4.9097
0.023346,-0.00045776,4.9219
0.024719,-0.0022888,4.9316
0.027924,-0.0042725,4.9316
0.026398,-0.0047302,4.9353
0.026245,-0.0039673,4.9341
0.028381,-0.0038147,4.9365
0.029297,-0.0012207,4.9292
0.03067,-0.0028992,4.9329
0.029907,-0.0057983,4.9243
0.029449,-0.0062561,4.9268
0.029602,-0.0038147,4.928
0.03006,0.00030518,4.9255
0.031281,0.0035095,4.9255
0.032349,0.0045776,4.9182
0.033722,0.0041199,4.9182
0.0354,0.0012207,4.9158
0.03479,-0.0019836,4.9048
0.037079,-0.0022888,4.9146
0.032501,-0.00045776,4.9109
0.032196,0.00091553,4.9109
0.031281,0.0016785,4.9133
0.030365,0.00061035,4.9109
0.029755,-0.002594,4.9097
0.028381,-0.005188,4.9097
0.030975,-0.007019,4.9097
0.03006,-0.0053406,4.9084
0.028534,-0.0022888,0.036621
0.026398,0.00061035,0.041504
0.025787,0.0035095,0.039063
0.02594,0.0039673,0.037842
0.027771,0.0027466,0.042725
0.028229,-0.0010681,0.047607
0.028534,0.00045776,0.045166
0.028687,0.0030518,0.054932
0.026398,0.0057983,0.046387
0.029144,0.0028992,0.037842
0.029297,0.0071716,0.048828
0.029907,0.007019,0.053711
0.028687,0.0056458,0.054932
0.02655,0.004425,0.053711
0.025482,0.0039673,0.058594
0.02182,0.0032043,0.063477
0.019836,0.002594,0.059814
0.018616,-0.00015259,0.061035
0.0177,-0.0030518,0.058594
0.017853,-0.0039673,0.064697
0.018921,-0.0061035,0.062256
0.019379,-0.0024414,0.063477
0.022583,-0.0013733,0.078125
0.024261,-0.0018311,0.064697
0.021667,-0.0015259,0.065918
0.027771,-0.002594,0.064697
0.027313,-0.0021362,0.059814
0.027161,-0.0028992,0.064697
0.026855,-0.0041199,0.062256
0.025787,-0.0038147,0.059814
0.027161,-0.005188,0.058594
0.026703,0.00045776,0.05249
0.025177,-0.0012207,0.056152
0.022888,-0.0010681,0.050049
0.022583,-0.0015259,0.048828
0.021515,-0.0024414,0.042725
0.021973,-0.0024414,0.05249
0.022125,-0.0024414,0.045166
0.022736,-0.0018311,0.057373
0.024261,-0.0024414,0.042725
0.025024,-0.0022888,0.042725
0.027161,-0.0041199,0.05249
0.028381,-0.0061035,0.042725
0.027313,-0.0082397,0.05127
0.025635,-0.0080872,0.037842
0.023956,-0.0068665,0.028076
0.019379,-0.0059509,0.039063
0.021667,-0.0061035,0.039063
0.022736,-0.0065613,0.036621
0.024719,-0.0073242,0.041504
0.025482,-0.0097656,0.0354
0.024872,-0.0094604,0.040283
0.02655,-0.0074768,0.037842
0.028229,-0.0035095,0.042725
0.028076,-0.0024414,0.039063
0.029755,-0.0028992,0.047607
0.030212,-0.0050354,0.050049
0.031738,-0.0047302,0.05127
0.032196,-0.0088501,0.059814
0.031586,-0.005188,0.053711
0.028381,-0.0036621,0.056152
0.03006,-0.0030518,0.057373
0.028229,-0.0015259,0.058594
0.027008,-0.0013733,0.061035
0.026093,-0.00091553,0.048828
0.025024,0.00091553,0.064697
0.024414,0.0016785,0.062256
0.025024,0.0033569,0.063477
0.025787,0.0039673,0.062256
0.026093,0.0024414,0.059814
0.026703,-0.0016785,0.063477
0.026855,-0.004425,0.063477
0.025787,-0.0067139,0.065918
0.024261,-0.0057983,0.065918
0.021667,-0.005188,0.068359
0.016327,0.00061035,0.062256
0.013123,-0.0027466,0.064697
0.0088501,-0.0033569,2.3853
0.0054932,-0.0056458,4.7766
0.0036621,-0.0054932,4.9182
0.0013733,-0.005188,4.9243
0.0047302,-0.0036621,4.9072
0.0061035,0.00045776,4.9182
0.0088501,0.00061035,4.9194
0.010986,0.0012207,4.9182
0.013428,0.00015259,4.9194
0.015717,-0.0027466,4.9121
0.016479,-0.0033569,4.9158
0.01709,-0.004425,4.9182
0.014038,-0.004425,4.9146
0.011597,-0.0027466,4.906
0.0086975,-0.0028992,4.9158
0.0080872,-0.0038147,4.9109
0.0091553,-0.0045776,4.9158
0.011749,-0.0054932,4.9097
0.016937,-0.0042725,4.9121
0.018463,-0.0038147,4.906
0.021362,-0.0036621,4.9097
0.022125,-0.0024414,4.9048
0.023041,-0.0013733,4.906
0.023499,-0.00015259,4.9194
0.023499,0.0013733,4.9121
0.023651,-0.0030518,4.9097
0.023346,0.0012207,4.9133
0.022583,0.0012207,4.9158
0.021667,0.0018311,4.917
0.020905,0.0038147,4.9219
0.020752,0.0053406,4.9231
0.021057,0.0056458,4.9268
0.022125,0.0059509,4.9243
0.025024,0.0068665,4.9329
0.023651,0.0073242,4.928
0.023041,0.010223,4.9316
0.022125,0.011749,4.9353
0.021667,0.012054,4.9329
0.021515,0.0097656,4.9402
0.020905,0.0047302,4.9329
0.019684,0.0018311,4.9231
0.017242,-0.004425,4.9329
0.014343,-0.0028992,4.9341
0.012817,0.00045776,4.9268
0.01236,0.004425,4.9365
0.01358,0.0048828,4.9353
0.014801,0.0042725,4.9353
0.015564,0.0035095,4.9341
0.01709,0.004425,4.939
0.017242,0.0068665,4.9292
0.018921,0.010223,4.9292
0.017395,0.011749,4.9255
0.0177,0.0097656,4.928
0.017242,0.0061035,4.9243
0.017548,0.0016785,4.9207
0.016022,-0.00091553,4.9243
0.014648,0.00045776,4.9158
0.013123,0.0032043,4.9231
0.010681,0.0045776,4.917
0.0091553,0.005188,4.9243
0.0079346,0.0036621,4.9109
0.0088501,0.0018311,4.9109
0.011292,0.0013733,4.9109
0.014191,0.0022888,4.9109
0.016785,0.0038147,4.9097
0.020142,0.0047302,4.9133
0.02121,0.0061035,4.9072
0.023956,0.0065613,4.9121
0.026703,0.0059509,4.9109
0.028229,0.0057983,4.9109
0.027618,0.0059509,4.9109
0.02533,0.0039673,4.9109
0.019836,0.00091553,4.9292
0.019073,-0.004425,4.9133
0.016937,-0.0088501,0.05249
0.01709,-0.010986,0.050049
0.017395,-0.011139,0.032959
0.017548,-0.010681,0.05249
0.019379,-0.011292,0.054932
0.019836,-0.011902,0.057373
0.020447,-0.012207,0.058594
0.021667,-0.010529,0.057373
0.021973,-0.0073242,0.061035
0.023041,-0.0036621,0.062256
0.024109,0.00045776,0.062256
0.024414,0.0027466,0.058594
0.026398,0.0033569,0.06958
0.026398,0.0028992,0.063477
0.029144,0.0028992,0.063477
0.032806,0.0035095,0.06958
0.036621,0.0048828,0.065918
0.040894,0.005188,0.065918
0.041504,0.0048828,0.06958
0.041962,0.0030518,0.079346
0.040436,0.0022888,0.063477
0.038452,0.00091553,0.059814
0.036163,-0.00030518,0.058594
0.033722,0.00015259,0.056152
0.032654,0,0.053711
0.031433,-0.0018311,0.054932
0.031433,-0.0039673,0.05127
0.03067,-0.0068665,0.048828
0.029755,-0.0059509,0.047607
0.027771,-0.0067139,0.05127
0.026398,-0.0067139,0.043945
0.024414,-0.0064087,0.047607
0.023499,-0.0059509,0.043945
0.02243,-0.0041199,0.045166
0.022278,-0.0012207,0.048828
0.021667,0.0030518,0.042725
0.02182,0.0065613,0.048828
0.022888,0.0082397,0.041504
0.023651,0.0094604,0.031738
0.02533,0.0088501,0.039063
0.027313,0.0082397,0.040283
0.028839,0.0074768,0.0354
0.029907,0.0085449,0.039063
0.029755,0.0048828,0.0354
0.028076,0.0024414,0.036621
0.02594,0.00045776,0.040283
0.022888,-0.0016785,0.043945
0.020752,-0.0018311,0.041504
0.019684,-0.00061035,0.047607
0.018311,0.00045776,0.047607
0.018311,0.0012207,0.047607
0.018005,0.0010681,0.05249
0.019226,0.00015259,0.058594
0.019836,-0.0016785,0.057373
0.021057,-0.0016785,0.058594
0.023346,-0.00076294,0.067139
0.024414,0.00045776,0.061035
0.024567,0.0010681,0.050049
0.023193,0.0030518,0.058594
0.021057,0.00015259,0.063477
0.019836,-0.0012207,0.062256
0.019379,-0.0015259,0.062256
0.021057,0,0.062256
0.020294,0.0036621,0.065918
0.023041,0.0062561,0.061035
0.023346,0.0079346,0.064697
0.023499,0.0056458,0.063477
0.024261,0.00076294,0.06958
0.026093,-0.0032043,0.059814
0.028229,-0.0050354,0.065918
0.029297,-0.0041199,0.073242
0.028839,-0.0032043,0.058594
0.026398,-0.0021362,0.05127
0.026398,-0.00091553,0.053711
0.026398,-0.0041199,0.036621
0.027618,-0.0061035,0.047607
0.029449,-0.0085449,0.045166
0.030518,-0.011444,4.3481
0.031128,-0.011749,4.8767
0.030518,-0.0091553,4.9072
0.030365,-0.0094604,4.9133
0.031128,-0.0088501,4.9121
0.032654,-0.0071716,4.9121
0.032959,-0.0091553,4.906
0.032959,-0.0099182,4.9133
0.030365,-0.010681,4.9109
0.030212,-0.0086975,4.9121
0.029297,-0.007019,4.9097
0.03067,-0.0048828,4.9109
0.034027,-0.0039673,4.9146
0.036469,-0.002594,4.9097
0.03952,-0.00076294,4.9146
0.041351,-0.00061035,4.9109
0.04303,-0.0015259,4.9011
0.042877,-0.0021362,4.9146
0.042419,-0.0033569,4.9133
0.0383,-0.007782,4.9146
0.033722,-0.004425,4.9158
0.028839,-0.0036621,4.9207
0.024872,-0.0048828,4.9219
0.023499,-0.002594,4.9243
0.025024,-0.0021362,4.9316
0.028381,-0.002594,4.928
0.033264,-0.002594,4.9292
0.036774,-0.0032043,4.9329
0.037842,-0.0047302,4.9329
0.037079,-0.0039673,4.9402
0.034943,-0.0036621,4.9329
0.032501,-0.0036621,4.9243
0.027313,-0.0033569,4.9329
0.023193,-0.0036621,4.9353
0.016327,-0.004425,4.9353
0.011139,-0.0030518,4.9377
0.0073242,-0.0038147,4.9341
0.0048828,-0.0032043,4.9353
0.0053406,-0.002594,4.9377
0.0068665,-0.0010681,4.9329
0.0091553,0.00015259,4.9329
0.012054,0.00091553,4.9402
0.01358,0.00015259,4.9255
0.016632,-0.0024414,4.9255
0.013123,-0.0042725,4.9231
0.01236,-0.0062561,4.9219
0.010529,-0.0062561,4.917
0.0065613,-0.0065613,4.9255
0.0042725,-0.0059509,4.9268
-0.00076294,-0.0062561,4.917
0.00076294,-0.0071716,4.9207
0.002594,-0.007782,4.917
0.0039673,-0.0062561,4.895
0.0083923,-0.0042725,4.9097
0.011749,-0.0016785,4.9109
0.015259,0.0028992,4.9121
0.01709,0.0056458,4.9109
0.020294,0.0038147,4.9109
0.023346,0.0045776,4.9133
0.024261,0.0057983,4.9097
0.024719,0.0071716,4.9084
0.023346,0.0080872,4.9072
0.021057,0.0082397,4.9146
0.0177,0.0067139,4.9109
0.016174,0.0062561,4.9146
0.014801,0.0036621,4.9194
0.014191,0.005188,4.9158
0.013885,0.0074768,4.9146
0.013885,0.0091553,4.9207
0.014343,0.0085449,4.9194
0.014648,0.0062561,4.9219
0.015259,0.0079346,4.9243
0.016632,0.0082397,4.9292
0.016632,0.007782,0.061035
0.016785,0.0083923,0.058594
0.014954,0.0083923,0.062256
0.013275,0.0079346,0.061035
0.011597,0.0061035,0.063477
0.0099182,0.0062561,0.058594
0.0076294,0.0065613,0.064697
0.0071716,0.0064087,0.061035
0.0079346,0.0074768,0.063477
0.0094604,0.0094604,0.063477
0.010681,0.010376,0.065918
0.01297,0.010529,0.072021
0.014343,0.013275,0.067139
0.013733,0.013275,0.076904
0.013428,0.01358,0.064697
0.01297,0.013275,0.05127
0.01236,0.011597,0.061035
0.011444,0.0090027,0.058594
0.011597,0.0071716,0.05249
0.010681,0.0061035,0.057373
0.011139,0.0054932,0.05127
0.010529,0.0065613,0.05127
0.011139,0.0067139,0.046387
0.012207,0.0053406,0.05127
0.014038,0.0027466,0.043945
0.015564,0.0016785,0.047607
0.016327,0.0022888,0.048828
0.016785,0.0028992,0.047607
0.017853,0.0035095,0.042725
0.017395,0.0036621,0.042725
0.018616,0.0022888,0.040283
0.019073,0.00076294,0.039063
0.020447,-0.00091553,0.030518
0.02121,-0.00076294,0.037842
0.02121,-0.00061035,0.043945
0.021057,-0.00076294,0.039063
0.021362,-0.0021362,0.039063
0.021362,-0.0021362,0.039063
0.021973,-0.0022888,0.039063
0.024109,-0.00045776,0.037842
0.026855,0.0036621,0.045166
0.028534,0.0053406,0.042725
0.029449,0.0042725,0.047607
0.029297,0.005188,0.046387
0.028839,0.0028992,0.05249
0.028534,0.0016785,0.048828
0.028076,0.0016785,0.058594
0.03006,0.0018311,0.072021
0.030518,0.0028992,0.058594
0.031128,0.0018311,0.065918
0.031433,0.00045776,0.062256
0.031128,-0.0021362,0.042725
0.033417,-0.0042725,0.061035
0.033417,-0.0061035,0.062256
0.035706,-0.005188,0.059814
0.036774,-0.0035095,0.061035
0.036774,-0.0010681,0.058594
0.037079,0,0.065918
0.035858,0.00045776,0.065918
0.034485,0,0.065918
0.034332,0.00045776,0.061035
0.032806,0.0018311,0.06958
0.031738,0.0042725,0.064697
0.030975,0.0059509,0.062256
0.029449,0.0064087,0.072021
0.028839,0.0048828,0.061035
0.028381,0.0036621,0.057373
0.027618,0.0027466,0.056152
0.028381,0.0021362,0.062256
0.029449,0.0027466,0.05127
0.031433,0.0039673,0.041504
0.031738,0.004425,0.048828
0.032501,0.0056458,0.046387
0.031891,0.0068665,0.042725
0.031433,0.0073242,0.045166
0.030823,0.005188,0.040283
0.03067,0.0039673,0.041504
0.029449,0.0041199,2.5037
0.028229,0.0042725,4.7668
0.026703,0.0059509,4.8975
0.025177,0.0065613,4.9109
0.02243,0.0067139,4.9084
0.020905,0.0057983,4.9109
0.020905,0.0041199,4.9182
0.02182,0.0027466,4.9109
0.023346,0.0028992,4.9182
0.024261,0.0035095,4.9097
0.023346,0.0054932,4.9023
0.021362,0.0045776,4.9121
0.019226,0.0027466,4.9121
0.019379,0.0010681,4.9121
0.019531,-0.0012207,4.9146
0.020142,-0.0033569,4.9194
0.019073,-0.0041199,4.9207
0.018921,-0.0032043,4.9207
0.018311,-0.0032043,4.928
0.017242,-0.0038147,4.9243
0.017853,-0.0032043,4.9304
0.018921,-0.0032043,4.9304
0.02121,-0.0030518,4.9329
0.022888,-0.0028992,4.9304
0.023346,-0.0015259,4.9316
0.026093,-0.0016785,4.9341
0.027313,-0.0027466,4.9353
0.029907,-0.004425,4.9402
0.032196,-0.004425,4.9341
0.034943,-0.0042725,4.9207
0.035706,-0.0018311,4.9255
0.035706,0.00061035,4.9341
0.034332,0.0022888,4.9353
0.032043,0.0019836,4.9353
0.027466,-0.00091553,4.9304
0.027924,-0.0038147,4.9353
0.027161,-0.0054932,4.928
0.026855,-0.0065613,4.928
0.026245,-0.007019,4.9243
0.022888,-0.0082397,4.9255
0.023041,-0.010223,4.9182
0.022583,-0.010223,4.9219
0.02655,-0.014038,4.928
0.024567,-0.014496,4.9231
0.02594,-0.012665,4.9121
0.028076,-0.010986,4.9194
0.028534,-0.0086975,4.895
0.032349,-0.0067139,4.9084
0.030823,-0.0050354,4.9133
0.033722,-0.004425,4.9133
0.0354,-0.0027466,4.9109
0.037994,-0.00061035,4.8926
0.039978,0.00091553,4.9109
0.041962,0.0041199,4.9084
0.043488,0.0050354,4.9097
0.044098,0.0047302,4.906
0.045776,0.0030518,4.8914
0.042572,0.0012207,4.9097
0.043945,0.00030518,4.9146
0.041962,0.00030518,4.9097
0.037537,0.0022888,4.9146
0.033264,0.0033569,4.9182
0.029144,0.0039673,4.917
0.02594,0.0022888,4.928
0.024719,-0.0016785,4.9182
0.024261,-0.00015259,4.9109
0.025024,-0.00030518,4.9231
0.026703,0.00030518,4.9255
0.027771,0.0013733,4.9255
0.027161,0.0016785,4.9292
0.025024,-0.0018311,4.9292
0.02182,-0.005188,4.9329
0.021057,-0.0061035,4.9255
0.017853,-0.0083923,0.059814
0.015717,-0.0086975,0.058594
0.012817,-0.0059509,0.061035
0.010834,-0.0022888,0.063477
0.0099182,0.0022888,0.06958
0.009613,0.0038147,0.074463
0.011292,0.0021362,0.067139
0.01358,0.00061035,0.067139
0.016479,-0.0030518,0.067139
0.019379,-0.0042725,0.064697
0.022583,-0.0047302,0.065918
0.022583,-0.0030518,0.057373
0.022736,-0.0028992,0.056152
0.022278,-0.0027466,0.057373
0.022736,-0.0028992,0.05127
0.021515,-0.0028992,0.048828
0.021515,0.00030518,0.048828
0.021515,0.00015259,0.048828
0.02121,0.005188,0.046387
0.019989,0.0061035,0.047607
0.016632,0.004425,0.047607
0.020752,0.00030518,0.043945
0.023499,-0.002594,0.040283
0.025635,-0.0047302,0.043945
0.026398,-0.0042725,0.05249
0.02533,-0.0027466,0.042725
0.022583,-0.00030518,0.048828
0.018768,0.0018311,0.040283
0.016785,0.002594,0.036621
0.016022,0.0032043,0.037842
0.016937,0.0036621,0.041504
0.018158,0.0048828,0.037842
0.019073,0.0079346,0.036621
0.016937,0.010834,0.037842
0.016022,0.0097656,0.042725
0.015106,0.0090027,0.042725
0.016632,0.0041199,0.046387
0.018463,0.0027466,0.041504
0.0177,0.00091553,0.050049
0.015106,0.0010681,0.05249
0.011902,0.0035095,0.05249
0.010071,0.0067139,0.064697
0.010223,0.0074768,0.058594
0.011749,0.0080872,0.058594
0.014496,0.0071716,0.061035
0.018005,0.0059509,0.058594
0.019684,0.005188,0.061035
0.020294,0.0050354,0.05127
0.019989,0.007782,0.058594
0.019531,0.0076294,0.061035
0.018463,0.0079346,0.059814
0.018005,0.0064087,0.063477
0.015869,0.0047302,0.062256
0.015411,0.0027466,0.063477
0.011139,0.005188,0.065918
0.0076294,0.0074768,0.068359
0.005188,0.0099182,0.062256
0.0053406,0.010376,0.065918
0.0079346,0.0083923,0.064697
0.011292,0.0082397,0.062256
0.015259,0.004425,0.067139
0.017853,0.0024414,0.056152
0.0177,0.0032043,0.064697
0.018158,0.0030518,0.045166
0.017548,0.0019836,0.040283
0.018768,0.00045776,0.048828
0.019989,-0.0018311,0.045166
0.02121,-0.0022888,0.047607
0.020905,-0.0010681,0.047607
0.019836,0.0016785,0.041504
0.019989,0.0047302,0.045166
0.020142,0.0061035,0.040283
0.024109,0.0042725,0.041504
0.028687,0.00015259,0.0354
0.033722,-0.0038147,0.043945
0.036621,-0.0056458,0.037842
0.036316,-0.0061035,0.042725
0.035095,-0.0035095,0.040283
0.031738,-0.00076294,4.5117
0.029602,0.0032043,4.8779
0.028839,0.0015259,4.9036
0.027924,0.00091553,4.9048
0.026855,-0.00015259,4.9109
0.027771,-0.0024414,4.9109
0.024567,-0.0027466,4.9109
0.025482,-0.002594,4.9158
0.027466,0.00061035,4.917
0.031128,0.0024414,4.9182
0.034637,0.002594,4.917
0.037384,0.0013733,4.9243
0.039063,-0.0010681,4.9268
0.037842,-0.0033569,4.9292
0.0354,-0.00076294,4.9292
0.030975,0.0019836,4.9329
0.028076,0.0038147,4.9292
0.026398,0.004425,4.9304
0.026245,0.0045776,4.9438
0.028229,0.0045776,4.9341
0.029297,0.0035095,4.9329
0.028839,0.0032043,4.9341
0.028381,0.0035095,4.9158
0.027924,0.0022888,4.9329
0.028687,0.0010681,4.9341
0.03006,-0.00091553,4.9353
0.029144,-0.0010681,4.9365
0.027924,0.0024414,4.9329
0.027466,0.00061035,4.9353
0.019989,0.0036621,4.9341
0.015106,0.0036621,4.9304
0.013123,0.0056458,4.9231
0.014038,0.0033569,4.9255
0.015717,0.0059509,4.9207
0.020599,0.0057983,4.9255
0.02182,0.005188,4.9243
0.02533,0.0067139,4.9231
0.023346,0.0061035,4.9207
0.023956,0.0048828,4.9207
0.02533,0.0030518,4.9243
0.026398,0.0039673,4.9133
0.025635,0.005188,4.9097
0.022736,0.0073242,4.9109
0.018768,0.0073242,4.9133
0.016327,0.0083923,4.9097
0.016022,0.0091553,4.9097
0.019226,0.0074768,4.9097
0.022278,0.0030518,4.9097
0.024719,0.0028992,4.906
0.02594,-0.00015259,4.9158
0.02243,-0.0024414,4.9023
0.021667,-0.0039673,4.9097
0.018158,-0.0059509,4.9121
0.016022,-0.007782,4.9133
0.016327,-0.0093079,4.9219
0.017853,-0.0094604,4.917
0.019226,-0.0076294,4.9243
0.019379,-0.0062561,4.9194
0.018616,-0.0042725,4.9109
0.018158,-0.0019836,4.9255
0.019379,-0.00061035,4.9133
0.02182,0,4.9243
0.028076,0.0021362,4.9292
0.031128,0.0018311,4.9292
0.032043,0.00091553,4.9316
0.031128,0.0010681,4.9304
0.029297,0.00030518,4.9329
0.02655,-0.00061035,4.9292
0.026245,-0.0024414,4.9341
0.026245,-0.0057983,4.9341
0.025177,-0.010223,4.9329
0.022888,-0.014038,4.9316
0.016785,-0.015259,0.067139
0.015411,-0.015106,0.068359
0.013275,-0.014191,0.067139
0.01358,-0.014801,0.076904
0.016174,-0.017395,0.065918
0.019226,-0.017395,0.05127
0.023193,-0.022736,0.061035
0.02594,-0.024109,0.059814
0.026703,-0.020905,0.053711
0.026703,-0.014343,0.047607
0.027008,-0.0085449,0.047607
0.029144,-0.0030518,0.05127
0.032196,0.0010681,0.046387
0.035095,0.0013733,0.047607
0.037079,0.0013733,0.05127
0.037842,0.0019836,0.046387
0.038147,0.0027466,0.042725
0.038452,0.0039673,0.046387
0.039978,0.0053406,0.054932
0.042114,0.005188,0.041504
0.048065,0.0032043,0.043945
0.04425,0.00076294,0.039063
0.041656,-0.0015259,0.024414
0.037689,-0.00091553,0.03418
0.032806,0.00076294,0.040283
0.028534,0.0016785,0.039063
0.026245,0.0021362,0.039063
0.026093,0.0038147,0.036621
0.027008,-0.0057983,0.041504
0.026245,-0.011444,0.039063
0.025635,-0.016022,0.042725
0.021362,-0.017548,0.040283
0.019073,-0.014801,0.047607
0.018005,-0.010529,0.048828
0.018005,-0.0057983,0.053711
0.018311,-0.0012207,0.057373
0.017853,0.0012207,0.057373
0.016022,0.0061035,0.058594
0.014648,0.0061035,0.061035
0.014801,0.007019,0.070801
0.016174,0.0064087,0.059814
0.02182,0.0047302,0.048828
0.024109,0.0027466,0.062256
0.027924,0.0016785,0.059814
0.027161,0.00030518,0.062256
0.023956,-0.00015259,0.062256
0.02121,0.00091553,0.062256
0.017395,0.0019836,0.063477
0.016479,0.0028992,0.061035
0.016327,0.0035095,0.068359
0.016174,0.0028992,0.064697
0.017548,0.0018311,0.06958
0.01709,0.0012207,0.064697
0.018768,0.00015259,0.063477
0.019379,0.0013733,0.068359
0.020905,0.0022888,0.061035
0.02243,0.0028992,0.057373
0.023193,0.0030518,0.056152
0.02243,0.0028992,0.043945
0.020599,0.0028992,0.048828
0.017853,0.0047302,0.05127
0.015106,0.0082397,0.045166
0.012207,0.011292,0.047607
0.010681,0.01358,0.045166
0.010529,0.015717,0.043945
0.011902,0.015411,0.043945
0.013733,0.016327,0.045166
0.016022,0.01709,0.036621
0.017242,0.017395,0.042725
0.017242,0.018616,0.043945
0.016479,0.019226,0.041504
0.015411,0.019073,0.037842
0.014038,0.016327,0.041504
0.010986,0.01297,0.05249
0.007019,0.010071,0.039063
0.0036621,0.0071716,0.050049
-0.00061035,0.0054932,0.039063
-0.0032043,0.0050354,0.026855
-0.0030518,0.0045776,4.1736
-0.00091553,0.0041199,4.8633
0.0039673,0.0038147,4.9097
0.0082397,0.0047302,4.9146
0.011292,0.0056458,4.9121
0.012665,0.0085449,4.9207
0.012512,0.01236,4.9207
0.012054,0.013733,4.928
0.010681,0.015717,4.9243
0.007782,0.015411,4.9292
0.0068665,0.014038,4.9292
0.0042725,0.013428,4.9329
0.0033569,0.012817,4.9414
0.0039673,0.013885,4.9329
0.0059509,0.014496,4.9292
0.010376,0.015717,4.9353
0.014648,0.015869,4.9365
0.018311,0.014038,4.9353
0.02121,0.012512,4.9182
0.021973,0.009613,4.9341
0.02121,0.0086975,4.9341
0.021057,0.0082397,4.9316
0.019836,0.0082397,4.9365
0.018768,0.0076294,4.9329
0.018921,0.0056458,4.9329
0.018768,0.00045776,4.9255
0.019379,0.0022888,4.9316
0.020447,0.002594,4.9207
0.021973,0.0035095,4.9243
0.024719,0.007019,4.9231
0.027161,0.0086975,4.9231
0.029297,0.010681,4.928
0.03067,0.0083923,4.9194
0.03067,0.0068665,4.9243
0.030365,0.0065613,4.9182
0.027771,0.0076294,4.9011
0.024414,0.0090027,4.9158
0.021057,0.010071,4.9121
0.018311,0.010529,4.9072
0.016479,0.007782,4.9109
0.016327,0.0053406,4.9097
0.016022,0.0030518,4.9097
0.015106,0.0015259,4.9072
0.015259,0.00076294,4.9109
0.015717,0.00076294,4.9109
0.017548,0.00030518,4.9109
0.019684,-0.00076294,4.9109
0.022278,-0.0028992,4.9133
0.024872,-0.0047302,4.9109
0.027466,-0.0061035,4.9084
0.028229,-0.0045776,4.9121
0.030365,-0.0024414,4.9158
0.032501,0.00045776,4.9194
0.035095,0.0032043,4.9243
0.036774,0.0050354,4.9207
0.037537,0.005188,4.9243
0.037079,0.0048828,4.928
0.036163,0.0054932,4.928
0.035248,0.0064087,4.9292
0.034027,0.007782,4.9255
0.032654,0.0074768,4.9341
0.032043,0.007782,4.9329
0.031433,0.0071716,4.9341
0.030365,0.0039673,4.9304
0.029144,0.005188,4.9365
0.028076,0.0050354,4.928
0.027008,0.0054932,4.9353
0.026703,0.0057983,4.9463
0.025635,0.0065613,4.939
0.027618,0.0054932,4.9377
0.025482,0.0061035,4.9377
0.024567,0.0053406,4.9146
0.023651,0.0059509,0.061035
0.023041,0.0068665,0.059814
0.024414,0.0064087,0.057373
0.02533,0.0061035,0.056152
0.02594,0.0030518,0.050049
0.027618,0.0033569,0.05249
0.028839,0.0018311,0.050049
0.029449,0.0061035,0.050049
0.03067,0.0085449,0.043945
0.029449,0.010376,0.050049
0.030823,0.010529,0.039063
0.029602,0.010529,0.047607
0.027771,0.0090027,0.047607
0.023499,0.0082397,0.047607
0.022888,0.007782,0.042725
0.022125,0.0061035,0.041504
0.022888,0.0071716,0.036621
0.023193,0.00045776,0.036621
0.024261,-0.0036621,0.026855
0.023346,-0.007019,0.039063
0.021515,-0.0099182,0.040283
0.019379,-0.011597,0.036621
0.016785,-0.0094604,0.041504
0.015411,-0.0099182,0.039063
0.015106,-0.0071716,0.041504
0.015259,-0.0064087,0.037842
0.018158,-0.0048828,0.046387
0.021667,-0.0027466,0.043945
0.025635,-0.00076294,0.05249
0.031128,0.0012207,0.050049
0.036316,0.0039673,0.057373
0.041656,0.0068665,0.062256
0.044556,0.007019,0.058594
0.044556,0.0079346,0.06958
0.041809,0.0067139,0.058594
0.036621,0.0041199,0.05127
0.028992,0.00045776,0.063477
0.019226,-0.0033569,0.062256
0.016327,-0.007019,0.061035
0.011749,-0.0091553,0.061035
0.0090027,-0.01236,0.057373
0.0076294,-0.015106,0.062256
0.0093079,-0.0177,0.059814
0.010681,-0.020752,0.065918
0.012817,-0.02243,0.061035
0.015411,-0.024109,0.065918
0.021667,-0.021973,0.068359
0.023041,-0.0177,0.065918
0.024567,-0.011444,0.065918
0.02533,-0.004425,0.063477
0.02533,0.0012207,0.063477
0.026093,0.0056458,0.057373
0.028381,0.0062561,0.062256
0.029602,0.0076294,0.053711
0.032349,0.0085449,0.053711
0.035553,0.0086975,0.046387
0.039215,0.0080872,0.048828
0.041046,0.0056458,0.043945
0.041351,0.0021362,0.045166
0.039978,-0.0019836,0.039063
0.038757,-0.0022888,0.045166
0.036926,-0.0019836,0.042725
0.035858,-0.0013733,0.041504
0.034027,-0.0012207,0.041504
0.032043,-0.0035095,0.043945
0.027618,-0.0073242,0.037842
0.024261,-0.010834,0.045166
0.022278,-0.011902,0.05249
0.021515,-0.0080872,0.039063
0.021362,-0.0064087,0.046387
0.019836,-0.0032043,0.041504
0.018311,-0.0039673,0.021973
0.016632,-0.0076294,0.041504
0.015717,-0.010071,0.040283
0.018158,-0.010376,0.040283
0.019684,-0.0047302,0.046387
0.021515,0.00091553,0.042725
0.021362,0.007782,0.050049
0.020294,0.0093079,4.1199
0.018921,0.0062561,4.8767
0.018158,0.0012207,4.9182
0.016632,-0.00091553,4.9255
0.021057,-0.0039673,4.9304
0.02182,-0.0042725,4.9304
0.020752,-0.00091553,4.9353
0.018921,0.00030518,4.9329
0.017395,-0.00030518,4.9316
0.018005,-0.0019836,4.9329
0.019379,-0.0035095,4.9438
0.020142,-0.0032043,4.9304
0.020447,-0.0022888,4.9255
0.019226,-0.0021362,4.9353
0.017242,-0.0027466,4.9329
0.017395,-0.0041199,4.9341
0.018768,-0.0048828,4.9377
0.021362,-0.0047302,4.9353
0.023956,-0.0045776,4.9341
0.021362,-0.0033569,4.9292
0.020294,-0.0027466,4.9341
0.018158,-0.002594,4.9243
0.016632,-0.0024414,4.9255
0.014496,-0.00061035,4.9243
0.01358,0.0024414,4.9255
0.013885,0.0088501,4.928
0.014191,0.0067139,4.9207
0.014343,0.0059509,4.9158
0.015411,0.004425,4.9194
0.015717,0.0035095,4.9036
0.016174,0.0042725,4.9146
0.017242,0.0053406,4.9121
0.018158,0.0067139,4.9097
0.0177,0.0071716,4.9133
0.015106,0.0061035,4.9084
0.014343,0.0045776,4.9097
0.01297,0.0036621,4.9084
0.012512,0.0041199,4.9121
0.013733,0.0057983,4.9084
0.016174,0.0073242,4.9097
0.018768,0.0085449,4.9121
0.020752,0.0090027,4.9133
0.021515,0.0090027,4.9084
0.020599,0.0088501,4.9146
0.020599,0.0086975,4.9146
0.019531,0.0088501,4.9146
0.018921,0.0091553,4.9243
0.016937,0.0094604,4.9207
0.014801,0.0090027,4.9109
0.012054,0.0082397,4.9207
0.0079346,0.0074768,4.9255
0.0059509,0.0065613,4.9268
0.0045776,0.0064087,4.9268
0.0064087,0.005188,4.9255
0.0090027,0.0035095,4.9341
0.011292,0.002594,4.9316
0.012054,0.0015259,4.9316
0.012054,0.0010681,4.928
0.011444,0.0021362,4.9341
0.011139,0.0038147,4.928
0.011749,0.005188,4.9341
0.01297,0.0071716,4.9463
0.015259,0.0067139,4.9353
0.01709,0.0059509,4.9353
0.018616,0.0054932,4.939
0.021057,0.004425,4.9243
0.023193,0.0038147,4.9329
0.024719,0.004425,4.9304
0.026245,0.004425,4.9304
0.028381,0.0041199,4.9304
0.027924,0.0042725,4.9243
0.03006,0.0024414,0.053711
0.03006,0.0059509,0.047607
0.027618,0.0074768,0.05127
0.025635,0.0047302,0.045166
0.023499,0.0032043,0.05127
0.02182,0.0024414,0.048828
0.02182,0.0016785,0.045166
0.021057,0.0018311,0.046387
0.021057,0.0024414,0.046387
0.020294,0.0018311,0.05127
0.019836,0.0010681,0.041504
0.02121,-0.00045776,0.050049
0.021362,-0.0032043,0.036621
0.021057,-0.0030518,0.039063
0.02243,-0.0038147,0.037842
0.021973,-0.0021362,0.039063
0.023346,0,0.037842
0.022888,0.0012207,0.042725
0.024567,0.0024414,0.036621
0.026093,0.0039673,0.041504
0.028076,0.0056458,0.040283
0.029449,0.0056458,0.041504
0.03067,0.0050354,0.043945
0.031891,0.0047302,0.047607
0.030975,0.0041199,0.050049
0.029907,0.0048828,0.054932
0.029144,0.0035095,0.061035
0.027008,0.0018311,0.057373
0.025024,0.0012207,0.065918
0.022888,0.00015259,0.058594
0.020752,0,0.059814
0.020294,0.0012207,0.062256
0.019684,0.0018311,0.057373
0.019226,0.0028992,0.059814
0.019073,0.0028992,0.062256
0.019531,0.0018311,0.058594
0.019836,0.0015259,0.062256
0.019989,0.0032043,0.043945
0.020294,0.0048828,0.064697
0.02182,0.0054932,0.063477
0.022278,0.0062561,0.067139
0.021667,0.0067139,0.068359
0.020447,0.0068665,0.06958
0.019836,0.0071716,0.061035
0.019379,0.0093079,0.06958
0.022583,0.011444,0.072021
0.024414,0.011597,0.059814
0.024872,0.0099182,0.062256
0.024109,0.0076294,0.056152
0.023651,0.0065613,0.047607
0.022125,0.0012207,0.047607
0.024414,0.00091553,0.043945
0.022736,0.0012207,0.050049
0.022736,0.0022888,0.047607
0.02121,0.0016785,0.042725
0.019684,0.00045776,0.047607
0.017853,0.00030518,0.043945
0.016479,0.00091553,0.042725
0.016937,-0.00091553,0.037842
0.018463,-0.00061035,0.041504
0.019531,-0.0012207,0.0354
0.021057,-0.0018311,0.039063
0.021515,-0.0028992,0.043945
0.021667,-0.0041199,0.041504
0.02182,-0.0059509,0.036621
0.02182,-0.0074768,0.041504
0.021973,-0.007019,0.026855
0.021515,-0.010834,0.0354
0.02182,-0.0050354,0.030518
0.020294,-0.0047302,0.041504
0.019836,-0.0050354,0.043945
0.019684,-0.0042725,0.041504
0.020447,-0.0045776,0.043945
0.021667,-0.0015259,0.046387
0.024109,-0.0056458,0.05127
0.023956,-0.0035095,0.048828
0.024872,-0.0061035,0.057373
0.024567,-0.0090027,0.054932
0.026245,-0.011597,0.32349
0.02655,-0.012054,4.6631
0.027924,-0.010986,4.9072
0.027313,-0.0074768,4.9353
0.026855,-0.0059509,4.9329
0.024872,-0.005188,4.939
0.024414,-0.0065613,4.928
0.023956,-0.0083923,4.9182
0.022888,-0.0088501,4.9316
0.022736,-0.0045776,4.9341
0.023804,-0.0039673,4.9304
0.022125,-0.0021362,4.9353
0.026245,-0.005188,4.9341
0.027313,-0.0042725,4.9353
0.030212,-0.0059509,4.9304
0.030975,-0.0050354,4.9292
0.032043,-0.0038147,4.9268
0.032349,-0.00030518,4.9268
0.032349,0.0032043,4.9231
0.030365,0.0047302,4.928
0.028076,0.0053406,4.9207
0.027924,0.005188,4.9207
0.028534,0.00091553,4.9207
0.028992,-0.0019836,4.9146
0.027313,-0.0039673,4.9207
0.02655,-0.005188,4.9097
0.024872,-0.0061035,4.906
0.023651,-0.0028992,4.906
0.023499,-0.0039673,4.9133
0.023041,-0.0019836,4.9097
0.02121,0.0010681,4.9084
0.019073,-0.00076294,4.9072
0.015564,-0.0013733,4.9146
0.013733,-0.0028992,4.9084
0.012054,-0.005188,4.9109
0.010986,-0.0062561,4.9097
0.014801,-0.0064087,4.9109
0.012054,-0.0062561,4.9097
0.011292,-0.0045776,4.9182
0.011597,-0.0035095,4.9182
0.013428,-0.0019836,4.9158
0.015106,-0.0012207,4.9182
0.015869,0.00076294,4.9231
0.015564,0.0019836,4.906
0.015106,0.002594,4.9219
0.013428,0.0033569,4.9231
0.014801,0.0035095,4.9255
0.016785,0.0050354,4.928
0.019073,0.0053406,4.9243
0.019989,0.0045776,4.9329
0.020905,0.0042725,4.9316
0.019989,0.0036621,4.9341
0.020905,0.0032043,4.928
0.019531,0.0061035,4.9316
0.018921,0.0074768,4.9304
0.018311,0.0088501,4.9316
0.018158,0.0086975,4.939
0.01709,0.0056458,4.9377
0.016327,0.0054932,4.9353
0.016785,0.0057983,4.939
0.016785,0.0071716,4.9524
0.016327,0.0088501,4.9329
0.016785,0.0099182,4.9219
0.016937,0.010529,4.9316
0.017242,0.0099182,4.928
0.016937,0.0097656,4.9255
0.015717,0.0097656,4.928
0.014648,0.0093079,4.917
0.010681,0.0071716,4.928
0.010071,0.0080872,4.9207
0.0079346,0.0074768,4.9219
0.0067139,0.0080872,4.9182
0.0064087,0.0088501,0.048828
0.007782,0.0090027,0.043945
0.0065613,0.0086975,0.046387
0.0080872,0.0065613,0.05249
0.0079346,0.0059509,0.043945
0.0094604,0.0064087,0.047607
0.0094604,0.0080872,0.040283
0.0091553,0.0097656,0.029297
0.0074768,0.0090027,0.040283
0.0073242,0.0099182,0.040283
0.0053406,0.0080872,0.036621
0.0032043,0.005188,0.041504
0.0021362,0.004425,0.037842
0.0028992,0.0047302,0.043945
0.0035095,0.007019,0.03418
0.0057983,0.0093079,0.042725
0.007782,0.011444,0.042725
0.010529,0.011902,0.046387
0.01358,0.011444,0.05127
0.015259,0.010529,0.048828
0.018616,0.011139,0.048828
0.021973,0.013275,0.05127
0.02243,0.016785,0.059814
0.022278,0.018768,0.056152
0.020752,0.020294,0.06958
0.017853,0.021057,0.062256
0.017548,0.016479,0.048828
0.016785,0.013123,0.05249
0.0177,0.010681,0.061035
0.018463,0.0090027,0.061035
0.019684,0.0082397,0.062256
0.020142,0.0071716,0.058594
0.02121,0.0054932,0.062256
0.02121,0.0033569,0.063477
0.021057,0.0022888,0.062256
0.019836,0.0024414,0.064697
0.019073,0.005188,0.06958
0.016937,0.0076294,0.063477
0.014954,0.0088501,0.065918
0.014343,0.0068665,0.074463
0.01297,0.0018311,0.061035
0.012054,-0.0018311,0.056152
0.012207,-0.0028992,0.054932
0.014801,-0.00061035,0.037842
0.016937,0.0016785,0.050049
0.020905,0.0013733,0.048828
0.023041,0.0018311,0.047607
0.023041,-0.0013733,0.047607
0.022278,-0.00061035,0.046387
0.02243,0.00076294,0.043945
0.021667,0.0036621,0.042725
0.02182,0.0050354,0.043945
0.021057,0.004425,0.0354
0.021362,0.0015259,0.043945
0.021515,-0.002594,0.037842
0.022736,-0.0048828,0.040283
0.025482,-0.0042725,0.040283
0.028687,-0.0022888,0.041504
0.031586,0.00091553,0.047607
0.032349,0.0024414,0.042725
0.033569,0.0022888,0.05127
0.031433,0.00091553,0.036621
0.029144,0,0.03418
0.027466,-0.0015259,0.041504
0.025635,-0.0010681,0.042725
0.025024,-0.00061035,0.042725
0.024109,0.00015259,0.046387
0.023041,0.0038147,0.047607
0.024261,0,0.05249
0.023956,-0.00045776,0.05249
0.024414,0.00015259,0.056152
0.024414,0.0021362,0.054932
0.023956,0.0021362,0.067139
0.023804,0.0022888,0.064697
0.023346,0.00076294,0.065918
0.022736,0.00061035,0.073242
0.021362,0.0010681,0.062256
0.019684,0.00076294,0.061035
0.018768,0.002594,3.3167
0.018311,0.0036621,4.8328
0.018768,0.004425,4.9231
0.019989,0.0045776,4.928
0.019989,0.0039673,4.9304
0.02182,0.0036621,4.9292
0.021515,0.0016785,4.9353
0.022125,0.0016785,4.9353
0.024109,0.0012207,4.9316
0.026093,-0.00045776,4.9353
0.027924,-0.0012207,4.9304
0.029297,-0.0032043,4.9304
0.029755,0.00091553,4.9255
0.029907,0.0022888,4.9255
0.027771,0.00015259,4.9194
0.026245,-0.00061035,4.9231
0.025635,-0.0030518,4.9341
0.025635,-0.0047302,4.9207
0.024261,-0.0054932,4.9219
0.021973,-0.0054932,4.9182
0.019379,-0.0057983,4.8999
0.01709,-0.0065613,4.9146
0.017853,-0.0061035,4.9109
0.019989,-0.004425,4.9109
0.023346,-0.00061035,4.9109
0.02533,0.0036621,4.9072
0.026703,0.0067139,4.9097
0.026855,0.0068665,4.9036
0.027771,0.0080872,4.9097
0.027924,0.0024414,4.9072
0.028839,0.0018311,4.9146
0.029449,0.0018311,4.9084
0.028839,0.002594,4.9146
0.026703,0.0067139,4.9146
0.023956,0.0012207,4.9146
0.021515,-0.00091553,4.9109
0.021362,-0.0041199,4.9146
0.020752,-0.0062561,4.917
0.021515,-0.0064087,4.9194
0.021057,-0.0056458,4.9255
0.020294,-0.005188,4.9231
0.019989,-0.0067139,4.9255
0.018311,-0.0099182,4.9255
0.018616,-0.014038,4.9292
0.015717,-0.016022,4.9304
0.019073,-0.016174,4.9353
0.018311,-0.011597,4.9304
0.016785,-0.007019,4.9353
0.012054,-0.0039673,4.9146
0.016022,-0.0042725,4.9316
0.019073,-0.0059509,4.9304
0.02182,-0.0079346,4.9341
0.025635,-0.0073242,4.9414
0.028229,-0.0041199,4.939
0.029144,-0.00030518,4.9414
0.030212,0.0024414,4.9353
0.031281,0.0059509,4.9255
0.032349,0.0032043,4.9329
0.032959,0.0024414,4.928
0.037079,0.0027466,4.9255
0.037079,0.0048828,4.9304
0.035706,0.0056458,4.9231
0.032654,0.0057983,4.9255
0.029449,0.0038147,4.9207
0.027771,0.00091553,4.9243
0.025177,0.00015259,4.9146
0.024719,-0.0039673,4.9158
0.02533,0,4.9207
0.025482,0,4.9207
0.02533,0,4.9036
0.023651,-0.00076294,4.9158
0.021515,0.00045776,4.9133
0.020447,0.0012207,0.041504
0.019379,0.0013733,0.040283
0.018768,-0.00030518,0.037842
0.016022,-0.0024414,0.041504
0.013733,-0.0036621,0.039063
0.010071,-0.007019,0.037842
0.007019,-0.0019836,0.040283
0.0041199,0.00030518,0.040283
0.0039673,0.00015259,0.031738
0.0045776,-0.0048828,0.041504
0.0057983,-0.0042725,0.039063
0.0085449,-0.0073242,0.045166
0.011597,-0.0076294,0.042725
0.012207,-0.0054932,0.050049
0.013275,-0.0033569,0.046387
0.015717,-0.0028992,0.05249
0.018158,-0.0039673,0.065918
0.021362,-0.0073242,0.056152
0.022583,-0.007782,0.061035
0.024261,-0.0048828,0.053711
0.019989,0.00045776,0.047607
0.020447,0.0061035,0.058594
0.016785,0.0082397,0.062256
0.014954,0.0056458,0.062256
0.016174,-0.0021362,0.061035
0.018311,-0.0035095,0.057373
0.020142,-0.0048828,0.062256
0.019836,-0.00061035,0.063477
0.018311,0.004425,0.064697
0.015717,0.0082397,0.063477
0.014496,0.0083923,0.067139
0.014496,0.0062561,0.067139
0.014954,0.0039673,0.06958
0.016174,0.0035095,0.072021
0.014343,0.0053406,0.064697
0.011139,0.0073242,0.062256
0.0064087,0.0074768,0.061035
0.0035095,0.005188,0.065918
0.0028992,0.0035095,0.05127
0.0048828,0.0024414,0.053711
0.0053406,0.0019836,0.048828
0.0080872,0.0035095,0.046387
0.007019,0.005188,0.046387
0.0039673,0.0050354,0.047607
0.002594,0.0032043,0.043945
0.0027466,0.0028992,0.043945
0.0048828,0.0030518,0.041504
0.0083923,0.0053406,0.043945
0.010834,0.0035095,0.037842
0.013275,0.0035095,0.042725
0.01236,0.0028992,0.041504
0.013885,0.0019836,0.040283
0.014038,0.0024414,0.05127
0.015564,0.0042725,0.042725
0.017548,0.0056458,0.050049
0.019073,0.0056458,0.037842
0.019379,0.0047302,0.029297
0.019226,0.0030518,0.037842
0.016632,0.0013733,0.041504
0.015106,-0.00015259,0.039063
0.015259,-0.00045776,0.045166
0.017395,-0.0013733,0.046387
0.020447,-0.0010681,0.045166
0.022125,-0.00015259,0.057373
0.022888,0.0018311,0.057373
0.022736,0.005188,0.054932
0.021057,0.007019,0.059814
0.019684,0.0091553,0.059814
0.020142,0.0093079,0.062256
0.021057,0.0086975,0.058594
0.023193,0.007019,0.062256
0.024567,0.0061035,0.065918
0.025177,0.0057983,0.058594
0.024872,0.0053406,0.068359
0.024261,0.0038147,0.062256
0.023651,0.0019836,0.05127
0.024567,0.00015259,0.062256
0.023499,-0.0010681,0.063477
0.023804,-0.0018311,3.7939
0.023346,-0.0018311,4.8645
0.020142,-0.0033569,4.9243
0.016785,-0.0062561,4.9316
0.015106,-0.0076294,4.9292
0.015717,-0.0094604,4.9207
0.017242,-0.015869,4.9243
0.019684,-0.0085449,4.9231
0.020905,-0.0064087,4.9231
0.020599,-0.0036621,4.9231
0.019531,-0.0027466,4.9304
0.019531,-0.0030518,4.9194
0.021667,-0.0038147,4.917
0.024261,-0.0033569,4.917
0.028534,-0.0032043,4.9011
0.031433,-0.004425,4.9048
0.032043,-0.0016785,4.9146
0.030518,-0.0019836,4.9158
0.029449,-0.0018311,4.9109
0.029907,-0.0018311,4.906
0.031738,-0.0022888,4.9109
0.033112,-0.0027466,4.9072
0.033112,-0.0019836,4.9121
0.031281,-0.0050354,4.9048
0.029297,-0.0048828,4.9133
0.026398,-0.0050354,4.9109
0.025482,-0.0047302,4.9109
0.025787,-0.004425,4.906
0.026245,-0.0041199,4.9109
0.028381,-0.0048828,4.9182
0.028687,-0.0028992,4.9158
0.027161,-0.0024414,4.9268
0.024261,-0.00015259,4.9182
0.02243,0.0028992,4.9133
0.021973,0.0064087,4.9207
0.023346,0.0048828,4.9231
0.023499,0.0076294,4.9194
0.023804,0.0061035,4.9304
0.02243,0.0042725,4.9292
0.020294,0.0047302,4.9329
0.019226,0.0065613,4.9304
0.018921,0.0082397,4.9365
0.02121,0.0094604,4.9292
0.024719,0.0085449,4.9329
0.024872,0.004425,4.9329
0.023651,0.00045776,4.9353
0.020752,0.00030518,4.9377
0.016174,0.00030518,4.9353
0.013885,-0.00045776,4.9353
0.014648,-0.0010681,4.9377
0.015717,-0.0050354,4.9402
0.017853,-0.0050354,4.9304
0.0177,-0.0065613,4.9292
0.017242,-0.0065613,4.928
0.015411,-0.0050354,4.9304
0.014343,-0.0038147,4.9255
0.015564,-0.0038147,4.9255
0.017853,-0.0041199,4.9194
0.020599,-0.0039673,4.9207
0.020142,-0.0054932,4.917
0.021667,-0.0061035,4.9194
0.014038,-0.0071716,4.9158
0.010529,-0.0079346,4.9207
0.0094604,-0.009613,4.9146
0.010834,-0.010529,4.9158
0.013275,-0.011597,4.928
0.015259,-0.009613,4.9109
0.017548,-0.0090027,4.9194
0.018616,-0.0085449,4.9084
0.019684,-0.0074768,4.8962
0.021515,-0.0064087,4.9097
0.024414,-0.005188,4.9084
0.027771,-0.0048828,4.9084
0.030365,-0.0045776,0.037842
0.031281,-0.0050354,0.03418
0.032196,-0.0056458,0.041504
0.027924,-0.0056458,0.040283
0.024567,-0.0059509,0.042725
0.023193,-0.0057983,0.042725
0.023804,-0.0054932,0.046387
0.02594,-0.0064087,0.046387
0.027771,-0.0067139,0.05127
0.028687,-0.0094604,0.063477
0.029449,-0.0086975,0.054932
0.028229,-0.0067139,0.057373
0.027466,-0.005188,0.062256
0.026093,-0.0041199,0.058594
0.024719,-0.005188,0.062256
0.021362,-0.0054932,0.065918
0.01709,-0.007019,0.062256
0.011597,-0.0086975,0.059814
0.0054932,-0.0086975,0.057373
0.0047302,-0.0082397,0.065918
0.0056458,-0.0071716,0.061035
0.009613,-0.0083923,0.063477
0.016937,-0.0079346,0.063477
0.02121,-0.0093079,0.06958
0.025177,-0.012817,0.064697
0.027161,-0.010223,0.068359
0.028687,-0.0088501,0.065918
0.028534,-0.0061035,0.057373
0.028992,-0.0042725,0.06958
0.028381,-0.0032043,0.057373
0.025635,-0.0050354,0.067139
0.021515,-0.0073242,0.05249
0.018463,-0.0093079,0.040283
0.014648,-0.010529,0.05249
0.013123,-0.0091553,0.047607
0.013733,-0.0053406,0.042725
0.016174,-0.0015259,0.050049
0.018921,-0.00045776,0.042725
0.02182,-0.00061035,0.040283
0.023041,-0.00076294,0.041504
0.025177,0.00061035,0.045166
0.025635,0.0041199,0.039063
0.025635,0.0085449,0.039063
0.025177,0.013123,0.042725
0.024261,0.016022,0.040283
0.022278,0.015411,0.040283
0.018463,0.01358,0.039063
0.01297,0.011597,0.036621
0.0061035,0.0097656,0.037842
0.0015259,0.0076294,0.0354
-0.00061035,0.0038147,0.037842
0.00030518,-0.0013733,0.043945
0.0019836,-0.011292,0.039063
0.0048828,-0.018158,0.041504
0.0071716,-0.020905,0.043945
0.0088501,-0.019531,0.047607
0.010986,-0.016022,0.050049
0.012207,-0.0099182,0.054932
0.01358,-0.0012207,0.054932
0.013428,0.004425,0.059814
0.012817,0.011749,0.058594
0.012207,0.0177,0.059814
0.012817,0.022125,0.057373
0.015411,0.026093,0.063477
0.020599,0.027161,0.072021
0.02594,0.02533,0.062256
0.031586,0.022278,0.064697
0.035553,0.017395,0.061035
0.037384,0.012207,0.045166
0.035553,0.0090027,0.063477
0.030823,0.0068665,0.062256
0.024414,0.0076294,0.064697
0.016937,0.0079346,0.065918
0.0088501,0.0094604,0.063477
0.0022888,0.0085449,0.065918
-0.0015259,0.0042725,0.058594
-0.0024414,0.00045776,0.057373
-0.00076294,-0.002594,2.0154
0.0030518,-0.0041199,4.751
0.0073242,-0.0032043,4.9097
0.010986,-0.0012207,4.9219
0.013885,0.00030518,4.9207
0.015717,0,4.9207
0.013733,0,4.9243
0.0099182,0.0022888,4.917
0.0047302,0.0059509,4.9231
-0.00091553,0.011139,4.9121
-0.0050354,0.014191,4.8914
-0.0076294,0.014648,4.9133
-0.0071716,0.011902,4.9121
-0.0065613,0.0080872,4.906
-0.0028992,0.0057983,4.9084
0.00091553,0.0059509,4.9011
0.0033569,0.0068665,4.9121
0.0085449,0.0076294,4.9048
0.014801,0.0080872,4.9109
0.018463,0.012817,4.9097
0.02121,0.012207,4.9133
0.020752,0.01358,4.9109
0.019684,0.013275,4.9158
0.020142,0.012054,4.9231
0.020294,0.012665,4.9182
0.022278,0.009613,4.9146
0.023193,0.0057983,4.9207
0.025024,0.0019836,4.9121
0.025787,-0.0019836,4.9194
0.026703,-0.0048828,4.9243
0.026703,-0.0065613,4.9255
0.025482,-0.0048828,4.9304
0.025787,-0.0016785,4.928
0.02533,0.00061035,4.9304
0.024719,0.0021362,4.9316
0.022888,0.0016785,4.9341
0.018768,0.00076294,4.9365
0.016174,0.00030518,4.9341
0.011292,0.0012207,4.9316
0.0094604,0.0024414,4.9341
0.009613,0.0042725,4.9329
0.010376,0.0038147,4.9377
0.012207,0.0013733,4.9438
0.016327,-0.00061035,4.9365
0.017395,-0.0028992,4.9438
0.019379,-0.0041199,4.9353
0.020599,-0.0032043,4.9207
0.023804,-0.0018311,4.9292
0.027008,-0.00030518,4.9268
0.029602,0.00030518,4.9255
0.031586,-0.00045776,4.9231
0.030975,0.00015259,4.9182
0.032043,0.0010681,4.9231
0.030975,0.002594,4.9182
0.032349,0.0062561,4.9182
0.03479,0.0071716,4.9158
0.035858,0.0065613,4.9207
0.036163,0.0050354,4.9121
0.036621,0,4.917
0.036774,-0.0036621,4.9219
0.035553,-0.0054932,4.9121
0.033722,-0.0067139,4.9097
0.033417,-0.0050354,4.9133
0.029144,-0.0035095,4.8914
0.027924,-0.0041199,4.8999
0.024872,-0.0024414,4.9109
0.023346,-0.0018311,4.9121
0.022736,-0.0013733,4.9097
0.023041,-0.0019836,4.906
0.027008,-0.0036621,4.9109
0.024719,-0.0056458,4.9084
0.026093,-0.0076294,4.9109
0.02533,-0.0091553,4.9133
0.025635,-0.010376,4.9194
0.025177,-0.0090027,0.048828
0.02594,-0.0065613,0.05249
0.026093,-0.0018311,0.053711
0.027313,0.0012207,0.057373
0.028229,0.002594,0.054932
0.027618,0.0045776,0.062256
0.029907,0.0068665,0.074463
0.032196,0.0099182,0.059814
0.033722,0.010681,0.05249
0.035858,0.015564,0.061035
0.035858,0.017548,0.061035
0.033722,0.014801,0.059814
0.031281,0.0085449,0.062256
0.027924,0.0015259,0.059814
0.02655,-0.0035095,0.05127
0.025024,-0.004425,0.06958
0.024719,-0.0021362,0.068359
0.024414,-0.00030518,0.063477
0.024414,0.0038147,0.067139
0.023804,0.0041199,0.065918
0.025635,0.0033569,0.065918
0.027618,0.0028992,0.06958
0.029297,0.002594,0.058594
0.029144,0.0024414,0.057373
0.028687,0.0024414,0.05249
0.027771,0.0016785,0.046387
0.027008,-0.00091553,0.048828
0.027618,-0.0047302,0.050049
0.027161,-0.0073242,0.043945
0.027161,-0.0088501,0.048828
0.025482,-0.0064087,0.056152
0.025177,-0.0038147,0.043945
0.025482,-0.0016785,0.041504
0.024414,-0.00015259,0.041504
0.026703,0.0013733,0.037842
0.027161,0.0024414,0.042725
0.02655,0.0022888,0.040283
0.023651,0.00015259,0.041504
0.021667,-0.0015259,0.037842
0.018921,-0.0053406,0.041504
0.019226,-0.0073242,0.048828
0.019073,-0.0090027,0.042725
0.019226,-0.0074768,0.048828
0.021362,-0.004425,0.037842
0.022736,-0.0016785,0.031738
0.024414,0.0027466,0.041504
0.026398,0.0013733,0.042725
0.030823,0.0022888,0.042725
0.032501,0.0027466,0.047607
0.032806,0.0030518,0.046387
0.033875,0.0028992,0.056152
0.034332,0.00076294,0.053711
0.034485,-0.0032043,0.054932
0.034485,-0.0053406,0.054932
0.033417,-0.0074768,0.061035
0.032349,-0.0085449,0.063477
0.03067,-0.0080872,0.063477
0.029297,-0.007782,0.074463
0.029297,-0.0090027,0.057373
0.028076,-0.010681,0.058594
0.023804,-0.011902,0.062256
0.024567,-0.0094604,0.064697
0.02243,-0.0048828,0.059814
0.020142,-0.0054932,0.063477
0.018616,-0.004425,0.063477
0.017853,-0.0041199,0.064697
0.018158,-0.0061035,0.063477
0.018616,-0.0056458,0.065918
0.019073,-0.0045776,0.058594
0.021515,-0.0012207,0.062256
0.022583,-0.00091553,0.056152
0.024109,0.00030518,0.059814
0.02655,0.00015259,0.05249
0.027466,-0.0015259,0.050049
0.026855,-0.0016785,0.05127
0.025024,-0.0010681,0.050049
0.023041,0.00045776,0.70557
0.020294,0.0024414,4.6729
0.016327,0.0024414,4.9084
0.014648,0.0015259,4.9097
0.014801,0.00091553,4.9048
0.015717,-0.0012207,4.9109
0.017548,-0.00076294,4.9097
0.016479,-0.002594,4.9084
0.016022,-0.0016785,4.8962
0.015259,-0.0053406,4.9084
0.014343,-0.0083923,4.9109
0.012665,-0.010681,4.9072
0.010223,-0.012665,4.9097
0.0093079,-0.01297,4.9097
0.0088501,-0.010834,4.9146
0.007782,-0.0085449,4.9109
0.0083923,-0.007019,4.9133
0.0086975,-0.0076294,4.9097
0.010223,-0.007782,4.9146
0.01236,-0.0086975,4.9146
0.014038,-0.0079346,4.917
0.014801,-0.004425,4.9231
0.015106,-0.0015259,4.9231
0.014801,0.0012207,4.9133
0.014038,0.00045776,4.9243
0.013885,0,4.9268
0.01358,-0.00061035,4.9292
0.013885,-0.00030518,4.9255
0.015106,0.0015259,4.928
0.016174,0.0032043,4.9353
0.019836,0.0056458,4.9329
0.018921,0.007019,4.9316
0.019531,0.0062561,4.9304
0.020294,0.0038147,4.9365
0.021057,0.0010681,4.9304
0.021362,-0.00076294,4.9268
0.022736,-0.0016785,4.9451
0.022583,-0.0012207,4.9377
0.022278,-0.0015259,4.9365
0.018158,-0.0028992,4.9353
0.016022,-0.0038147,4.9158
0.013123,-0.0045776,4.9304
0.012054,-0.0045776,4.9341
0.011444,-0.0028992,4.9268
0.010986,-0.0016785,4.9255
0.0093079,-0.0015259,4.9231
0.0076294,-0.0015259,4.9207
0.0071716,-0.0030518,4.9194
0.0083923,-0.0042725,4.9194
0.010223,-0.0041199,4.9158
0.013123,-0.0042725,4.9158
0.014954,-0.0038147,4.9182
0.016022,-0.0022888,4.9182
0.015717,-0.0015259,4.917
0.01297,0,4.9158
0.015259,0.0012207,4.9158
0.015106,0.0016785,4.9109
0.01709,0.0016785,4.9072
0.016937,0.0022888,4.9084
0.020294,0.0024414,4.9036
0.021667,0.0036621,4.9121
0.023346,0.0039673,4.9109
0.025024,0.0050354,4.9084
0.027466,0.005188,4.9109
0.029602,0.0027466,4.9097
0.032043,-0.00045776,4.9097
0.034485,-0.00091553,4.9109
0.034943,-0.00061035,4.9207
0.034027,0.0027466,4.9158
0.032349,0.0061035,4.9207
0.029755,0.0074768,4.9194
0.027618,0.0047302,4.9243
0.026398,0.00045776,4.9341
0.027008,-0.0045776,4.9268
0.024414,-0.0088501,0.075684
0.022583,-0.0094604,0.061035
0.020294,-0.0091553,0.05249
0.018311,-0.0068665,0.061035
0.017395,-0.0064087,0.063477
0.016785,-0.007782,0.062256
0.016632,-0.005188,0.061035
0.017395,-0.0064087,0.059814
0.016632,-0.0027466,0.064697
0.0177,0.0024414,0.062256
0.018005,0.0061035,0.065918
0.018005,0.0080872,0.061035
0.018768,0.0064087,0.06958
0.020599,0.0036621,0.065918
0.023499,0.0019836,0.058594
0.02533,0.00091553,0.063477
0.028839,0.0022888,0.061035
0.031891,0.0036621,0.062256
0.034485,0.004425,0.057373
0.037079,0.0053406,0.065918
0.039673,0.0038147,0.053711
0.041351,0.0056458,0.041504
0.040588,0.0083923,0.042725
0.040131,0.0071716,0.047607
0.037537,0.0042725,0.046387
0.036011,0.00076294,0.047607
0.033569,-0.0019836,0.040283
0.030975,-0.0048828,0.042725
0.028687,-0.0064087,0.041504
0.026398,-0.0073242,0.041504
0.024719,-0.0074768,0.040283
0.024109,-0.0083923,0.042725
0.024261,-0.010071,0.040283
0.023804,-0.0082397,0.042725
0.024567,-0.005188,0.056152
0.023041,-0.0010681,0.039063
0.02243,0.0027466,0.050049
0.02243,0.005188,0.039063
0.021515,0.0071716,0.024414
0.021057,0.0083923,0.036621
0.022736,0.010529,0.042725
0.024109,0.011139,0.046387
0.024109,0.014648,0.046387
0.025787,0.011444,0.042725
0.025177,0.0094604,0.05249
0.027924,0.0074768,0.05127
0.026093,0.0057983,0.057373
0.026398,0.005188,0.05249
0.02594,0.0048828,0.063477
0.025635,0.0054932,0.061035
0.024109,0.0050354,0.063477
0.020447,0.0032043,0.06958
0.021362,0.00045776,0.062256
0.020599,-0.002594,0.062256
0.020142,-0.004425,0.061035
0.019989,-0.0054932,0.073242
0.019836,-0.0067139,0.063477
0.021973,-0.007019,0.047607
0.019073,-0.0071716,0.064697
0.019379,-0.0076294,0.064697
0.019684,-0.0088501,0.063477
0.021515,-0.0086975,0.067139
0.022125,-0.0076294,0.064697
0.02243,-0.004425,0.062256
0.022736,-0.0042725,0.058594
0.023804,-0.00015259,0.058594
0.025177,0.00091553,0.053711
0.027008,-0.00045776,0.053711
0.025177,-0.0028992,0.045166
0.029449,-0.0053406,0.05127
0.031433,-0.0057983,0.056152
0.031128,-0.0056458,0.050049
0.031281,-0.0054932,0.047607
0.031281,-0.0038147,0.047607
0.032654,-0.0042725,0.03418
0.027924,-0.0059509,0.043945
0.02594,-0.0076294,0.041504
0.023651,-0.010223,3.9136
0.020599,-0.0091553,4.8438
0.018921,-0.01236,4.906
0.020447,-0.011292,4.9084
0.021362,-0.0083923,4.9048
0.023193,-0.0062561,4.9072
0.023804,-0.0042725,4.9072
0.025787,-0.0032043,4.9109
0.026245,-0.0039673,4.9109
0.028076,-0.0033569,4.9133
0.032043,-0.00045776,4.906
0.028839,0.0059509,4.9146
0.028839,0.010529,4.9146
0.027618,0.013428,4.917
0.027313,0.011292,4.9255
0.027924,0.0068665,4.9231
0.029449,0.00076294,4.9036
0.030823,-0.0036621,4.9243
0.031586,-0.0047302,4.928
0.030823,-0.0041199,4.928
0.029755,-0.0039673,4.928
0.026398,-0.0048828,4.928
0.026398,-0.0090027,4.9329
0.023956,-0.010834,4.9365
0.022125,-0.01297,4.9316
0.017548,-0.013885,4.9255
0.01709,-0.012054,4.9316
0.016174,-0.0076294,4.9304
0.017548,0.00045776,4.9329
0.020294,0.00015259,4.9451
0.022888,0.0022888,4.9377
0.02594,0.0039673,4.9353
0.026245,0.0048828,4.939
0.025635,0.0048828,4.9377
0.024719,0.004425,4.9255
0.021515,0.0041199,4.9304
0.018921,0.0036621,4.9316
0.016174,0.0033569,4.9268
0.014496,0.004425,4.9231
0.013275,0.007782,4.9268
0.012207,0.0050354,4.9219
0.013123,0.0045776,4.9207
0.014343,0.0038147,4.9158
0.015717,0.0013733,4.917
0.016327,0.0027466,4.9158
0.015411,0.0022888,4.9194
0.015411,0.00015259,4.9146
0.013733,-0.0032043,4.9146
0.013275,-0.0073242,4.9207
0.013885,-0.010986,4.9109
0.014648,-0.012665,4.9243
0.014801,-0.011444,4.9084
0.013885,-0.010223,4.8999
0.011444,-0.0065613,4.9109
0.0061035,-0.0036621,4.9121
0.0091553,-0.0035095,4.9109
0.0097656,-0.0010681,4.9097
0.011444,-0.0015259,4.906
0.01297,0.0010681,4.9109
0.016937,0.0033569,4.9084
0.014801,0.0053406,4.917
0.015259,0.0059509,4.9121
0.017548,0.0068665,4.9182
0.020142,0.0082397,4.9207
0.021973,0.010834,4.9231
0.023193,0.01297,4.928
0.02182,0.012054,4.9255
0.020142,0.013428,4.9268
0.017853,0.011139,4.9304
0.016479,0.007782,4.9329
0.01709,0.0048828,4.9414
0.017242,0.0033569,4.9414
0.017853,0.002594,4.9304
0.01709,0.0019836,4.9316
0.016785,0.00015259,0.058594
0.016327,-0.0024414,0.062256
0.015717,-0.0062561,0.062256
0.016174,-0.0074768,0.065918
0.016174,-0.004425,0.064697
0.015717,0.00045776,0.068359
0.015259,0.005188,0.068359
0.01358,0.0086975,0.06958
0.012207,0.011139,0.062256
0.010376,0.011139,0.064697
0.010681,0.010529,0.070801
0.011139,0.011292,0.057373
0.010834,0.011139,0.062256
0.010986,0.010529,0.053711
0.010071,0.0080872,0.041504
0.0093079,0.0056458,0.048828
0.007782,0.0041199,0.053711
0.007782,0.0032043,0.043945
0.0085449,0.0047302,0.048828
0.010223,0.0056458,0.039063
0.012817,0.0054932,0.047607
0.014648,0.0048828,0.041504
0.015869,0.0047302,0.043945
0.016937,0.0038147,0.037842
0.018158,0.004425,0.045166
0.019226,0.0047302,0.039063
0.020294,0.0039673,0.041504
0.020752,0.0030518,0.046387
0.020447,0.0012207,0.041504
0.020142,-0.0015259,0.036621
0.019379,-0.0018311,0.040283
0.019684,-0.0018311,0.028076
0.020905,-0.0013733,0.037842
0.021973,-0.00015259,0.025635
0.023651,0.00045776,0.041504
0.024567,0.00091553,0.043945
0.023193,0.0010681,0.042725
0.021973,0.00030518,0.048828
0.020447,0.00030518,0.047607
0.019379,-0.0013733,0.056152
0.020294,-0.002594,0.053711
0.021973,-0.0045776,0.062256
0.024261,-0.0042725,0.057373
0.025482,-0.004425,0.062256
0.023651,-0.0018311,0.058594
0.025024,0.00061035,0.062256
0.025024,0.0015259,0.068359
0.02594,0.00015259,0.062256
0.027008,-0.0010681,0.072021
0.029144,-0.0016785,0.061035
0.03067,-0.00015259,0.05127
0.032349,0.0016785,0.061035
0.033112,0.0042725,0.063477
0.033112,0.0054932,0.064697
0.033264,0.0038147,0.065918
0.032806,0.0021362,0.064697
0.032501,0.0016785,0.064697
0.032196,0.0021362,0.058594
0.031128,0.0041199,0.061035
0.029602,0.0048828,0.054932
0.029144,0.0032043,0.057373
0.028381,0,0.056152
0.028229,-0.00030518,0.053711
0.029297,-0.00045776,0.05127
0.03006,0.00045776,0.05127
0.029602,0.0015259,0.047607
0.024567,0.0010681,0.047607
0.025787,-0.0013733,0.043945
0.022736,-0.0024414,0.046387
0.021057,-0.0065613,0.042725
0.019226,-0.0059509,0.039063
0.020142,-0.0039673,0.039063
0.021362,-0.0013733,0.037842
0.022736,-0.00045776,0.039063
0.025177,-0.0015259,0.0354
0.028229,-0.0038147,0.040283
0.030823,-0.0019836,0.037842
0.033569,0.00015259,4.4226
0.035248,0.0039673,4.8767
0.038605,0.0068665,4.9084
0.0383,0.0091553,4.9097
0.037842,0.0088501,4.9121
0.035095,0.0062561,4.9231
0.033112,0.0033569,4.9133
0.031586,0.0018311,4.9243
0.030212,0.002594,4.9194
0.029755,0.0038147,4.9048
0.028229,0.0054932,4.9219
0.026398,0.0056458,4.9268
0.025787,0.0027466,4.9255
0.02533,-0.00091553,4.9304
0.021667,-0.0038147,4.9304
0.025024,-0.0054932,4.9292
0.023499,-0.0042725,4.9304
0.022278,-0.0032043,4.9292
0.02121,-0.0022888,4.9255
0.021057,-0.0015259,4.9377
0.020599,-0.0015259,4.9304
0.020752,-0.0028992,4.928
0.022583,-0.0016785,4.9414
0.024872,-0.00030518,4.9365
0.027924,0.0018311,4.9353
0.028687,0.0065613,4.9377
0.030365,0.009613,4.9438
0.030365,0.011139,4.9341
0.032196,0.009613,4.9377
0.032349,0.0085449,4.9304
0.036011,0.004425,4.9268
0.037384,0.002594,4.9219
0.037537,0.0019836,4.9231
0.034332,0.0022888,4.9182
0.034485,0.00091553,4.9231
0.028534,-0.00091553,4.9158
0.026398,-0.005188,4.9207
0.024414,-0.0091553,4.9146
0.022888,-0.012512,4.9207
0.021973,-0.013733,4.9158
0.020294,-0.01236,4.9133
0.018768,-0.011444,4.9207
0.0177,-0.0090027,4.9133
0.018921,-0.007782,4.9146
0.021515,-0.0065613,4.9011
0.023346,-0.0038147,4.8975
0.027161,-0.00045776,4.9097
0.028839,0.004425,4.9109
0.03067,0.0094604,4.906
0.031891,0.012054,4.9084
0.031586,0.015259,4.9133
0.032349,0.012054,4.9023
0.033417,0.0083923,4.9097
0.036316,0.007782,4.9133
0.036926,0.0064087,4.9121
0.03479,0.0039673,4.9182
0.032196,0.0016785,4.9207
0.028229,0.00091553,4.9133
0.025482,-0.0033569,4.9231
0.023041,-0.004425,4.9292
0.024414,-0.0045776,4.9243
0.025024,-0.0038147,4.928
0.024567,-0.00061035,4.9377
0.023193,0.00091553,4.9292
0.021667,0.0024414,4.9158
0.019684,0.0016785,4.9329
0.020294,0.0012207,4.9316
0.021973,-0.00045776,4.9304
0.024261,-0.00030518,4.928
0.024414,0.00061035,4.9292
0.022583,0.0015259,4.9365
0.020752,0.0013733,4.9341
0.016937,0.00091553,4.9365
0.015564,-0.0010681,0.065918
0.014648,-0.0021362,0.070801
0.016022,-0.0015259,0.062256
0.017395,0.0012207,0.064697
0.017395,0.004425,0.078125
0.01709,0.004425,0.058594
0.015717,0.0024414,0.057373
0.017548,-0.00015259,0.054932
0.018311,-0.00045776,0.03418
0.02121,-0.0057983,0.048828
0.023041,-0.0073242,0.050049
0.023193,-0.007019,0.047607
0.020447,-0.007019,0.046387
0.017548,-0.0065613,0.042725
0.017395,-0.0062561,0.040283
0.018463,-0.0053406,0.042725
0.022888,-0.0024414,0.042725
0.026703,-0.0038147,0.037842
0.029449,-0.00045776,0.042725
0.028229,0.0016785,0.039063
0.026245,0.0024414,0.041504
0.025482,0.0012207,0.036621
0.024567,0.0018311,0.042725
0.02594,0,0.042725
0.022736,-0.0033569,0.041504
0.024567,-0.0047302,0.045166
0.02121,-0.0041199,0.036621
0.015717,-0.00061035,0.045166
0.010223,0.0041199,0.040283
0.0068665,0.0071716,0.045166
0.0057983,0.007782,0.043945
0.0067139,0.0068665,0.048828
0.0080872,0.0042725,0.047607
0.0099182,0.0018311,0.054932
0.012817,-0.00015259,0.053711
0.01358,-0.00045776,0.057373
0.016937,-0.00076294,0.053711
0.019836,-0.0012207,0.063477
0.022736,-0.0015259,0.063477
0.02533,-0.0028992,0.059814
0.024261,-0.0022888,0.06958
0.02182,0.00030518,0.063477
0.017395,0.0022888,0.064697
0.01358,0.0039673,0.058594
0.01236,0.004425,0.059814
0.013428,0.0041199,0.064697
0.016174,0.0042725,0.059814
0.018921,0.0010681,0.064697
0.020294,0,0.064697
0.019989,-0.00015259,0.064697
0.018311,-0.00030518,0.067139
0.017853,0.0010681,0.059814
0.017548,0.0028992,0.064697
0.018768,0.0045776,0.057373
0.019989,0.0059509,0.059814
0.020447,0.0065613,0.054932
0.019531,0.0059509,0.054932
0.016479,0.0064087,0.046387
0.015411,0.0050354,0.050049
0.016327,0.0035095,0.061035
0.019073,0.0032043,0.046387
0.018616,0.00091553,0.058594
0.02533,-0.0028992,0.043945
0.024872,-0.0041199,0.039063
0.023499,-0.0038147,0.040283
0.021515,-0.0032043,0.036621
0.022583,-0.0016785,0.040283
0.02594,0.00015259,0.040283
0.027924,-0.00061035,0.036621
0.029755,-0.00076294,0.040283
0.029297,0,0.037842
0.029449,0.0021362,0.040283
0.026855,0.0048828,0.037842
0.025482,0.0039673,0.042725
0.02533,0.0013733,0.040283
0.027313,-0.0030518,0.040283
0.028534,-0.0073242,0.050049
0.028381,-0.010071,3.4314
0.02533,-0.010071,4.8218
0.020599,-0.0082397,4.9072
0.017395,-0.0059509,4.9084
0.017242,-0.0041199,4.917
0.019531,-0.0035095,4.917
0.023651,-0.002594,4.9243
0.02655,-0.0018311,4.9292
0.028992,0.00015259,4.9255
0.028229,0.0028992,4.9292
0.027924,0.0050354,4.9329
0.028687,0.0050354,4.9304
0.031738,0.0039673,4.9316
0.036469,0.00076294,4.9316
0.037842,-0.0038147,4.928
0.035706,-0.011139,4.9158
0.033112,-0.010223,4.9341
0.027161,-0.0093079,4.9341
0.026093,-0.0079346,4.9414
0.027313,-0.0053406,4.939
0.028992,-0.0021362,4.9475
0.031281,-0.00030518,4.9353
0.031128,-0.00061035,4.9207
0.029144,0.00061035,4.9329
0.02533,0.002594,4.9292
0.02243,0.0056458,4.9243
0.022888,0.0073242,4.9304
0.02533,0.0067139,4.9243
0.027924,-0.0019836,4.9219
0.027771,-0.0027466,4.917
0.026703,-0.0050354,4.9219
0.024414,-0.0054932,4.9133
0.023346,-0.0027466,4.917
0.023651,0.0019836,4.9158
0.026398,0.0061035,4.9194
0.029907,0.0091553,4.9133
0.030518,0.0079346,4.9097
0.031891,0.0035095,4.9109
0.029907,0.0022888,4.9109
0.027924,0.0035095,4.9084
0.025787,0.004425,4.9097
0.025177,0.0056458,4.9207
0.026703,0.0048828,4.9084
0.028687,0.00061035,4.9109
0.028687,-0.0041199,4.9084
0.026703,-0.0073242,4.9084
0.023956,-0.0080872,4.906
0.020142,-0.0083923,4.9158
0.018158,-0.005188,4.9109
0.018616,-0.0041199,4.917
0.02121,-0.0061035,4.9158
0.023804,-0.0057983,4.9219
0.024872,-0.0061035,4.9219
0.023804,-0.0048828,4.9194
0.022888,-0.0030518,4.9365
0.02243,-0.0012207,4.9268
0.022888,-0.00030518,4.9341
0.026093,-0.00030518,4.9329
0.027313,-0.0012207,4.9158
0.029144,-0.0022888,4.9292
0.027161,-0.0012207,4.9316
0.024872,-0.00015259,4.9316
0.024261,0.0019836,4.928
0.02533,0.0027466,4.9329
0.027771,0.0019836,4.9377
0.03067,-0.00045776,4.928
0.032806,-0.0041199,4.9377
0.032959,-0.0062561,4.9304
0.031281,-0.0059509,4.9377
0.029144,-0.0050354,4.9353
0.02655,-0.004425,4.9377
0.024719,-0.0036621,4.9402
0.023499,-0.004425,0.15015
0.021973,-0.0064087,0.057373
0.019531,-0.0086975,0.056152
0.017853,-0.0080872,0.061035
0.016022,-0.0071716,0.05249
0.016937,-0.0056458,0.047607
0.018768,-0.0076294,0.047607
0.022125,-0.0079346,0.050049
0.024414,-0.0083923,0.042725
0.027466,-0.010376,0.046387
0.027771,-0.0041199,0.042725
0.027466,-0.0038147,0.042725
0.027008,0.0010681,0.0354
0.028992,0.0068665,0.041504
0.031586,0.0088501,0.040283
0.033569,0.0059509,0.043945
0.034485,0.0016785,0.041504
0.034027,-0.0032043,0.039063
0.033417,-0.0062561,0.05249
0.033569,-0.0030518,0.041504
0.034485,-0.00045776,0.05249
0.03479,0.00045776,0.037842
0.035553,0.0010681,0.030518
0.034027,-0.00030518,0.039063
0.031891,-0.0015259,0.042725
0.028076,-0.00030518,0.043945
0.027313,0.0027466,0.047607
0.024872,0.0035095,0.047607
0.022583,0.0041199,0.048828
0.020905,0.0028992,0.053711
0.022278,-0.00045776,0.057373
0.019226,-0.0021362,0.057373
0.017242,-0.0042725,0.061035
0.014801,-0.0036621,0.061035
0.014191,-0.00015259,0.059814
0.012207,0.0039673,0.065918
0.015106,0.0073242,0.062256
0.016937,0.0073242,0.061035
0.018005,0.0071716,0.063477
0.018921,0.0045776,0.068359
0.019836,0.0033569,0.062256
0.019989,0.0036621,0.056152
0.018158,0.0041199,0.063477
0.016937,0.0032043,0.064697
0.016327,0.0010681,0.063477
0.015717,-0.0036621,0.063477
0.015106,-0.0071716,0.062256
0.016022,-0.0074768,0.065918
0.015717,-0.0038147,0.057373
0.016022,0.0012207,0.058594
0.015564,0.0038147,0.056152
0.015869,0.0048828,0.056152
0.016174,0.0056458,0.050049
0.016937,0.0054932,0.048828
0.017853,0.0056458,0.061035
0.018158,0.0073242,0.043945
0.0177,0.0074768,0.048828
0.016632,0.0090027,0.045166
0.014954,0.0093079,0.028076
0.014954,0.007782,0.040283
0.014343,0.010986,0.042725
0.015259,0.010986,0.036621
0.015106,0.01236,0.042725
0.013885,0.012817,0.0354
0.01236,0.013428,0.041504
0.010834,0.01358,0.03418
0.010834,0.01358,0.042725
0.010986,0.01297,0.037842
0.011139,0.011444,0.042725
0.010986,0.010071,0.039063
0.009613,0.0086975,0.042725
0.0083923,0.0090027,0.042725
0.0054932,0.010376,0.045166
0.0086975,0.010834,0.043945
0.010529,0.010681,0.046387
0.010681,0.009613,0.056152
0.010071,0.0071716,0.039063
0.0079346,0.0067139,0.041504
0.0067139,0.0083923,1.4624
0.0050354,0.010834,4.7217
0.005188,0.012665,4.9072
0.0059509,0.01297,4.9255
0.0065613,0.011902,4.9304
0.0062561,0.0094604,4.9341
0.0057983,0.0088501,4.9292
0.0057983,0.0086975,4.9353
0.0068665,0.0091553,4.928
0.0091553,0.0097656,4.9353
0.011139,0.0094604,4.9292
0.011597,0.0079346,4.9341
0.012512,0.0059509,4.9438
0.011902,0.0042725,4.9402
0.01236,0.0033569,4.9414
0.012054,0.0032043,4.9377
0.012665,0.0039673,4.9316
0.012665,0.004425,4.9329
0.01358,0.0047302,4.9292
0.014496,0.0035095,4.9255
0.015869,0.0024414,4.9329
0.018158,0.0016785,4.9255
0.019684,0.0016785,4.9207
0.019379,0.0022888,4.9194
0.019989,0.0047302,4.9158
0.020447,0.0015259,4.9182
0.020447,0.0045776,4.9158
0.02121,0.005188,4.9207
0.02182,0.0061035,4.9207
0.022125,0.0074768,4.9121
0.020905,0.0093079,4.9182
0.020142,0.010223,4.9207
0.018158,0.0076294,4.9146
0.016479,0.0036621,4.9207
0.016022,-0.0019836,4.9097
0.015869,-0.0064087,4.8999
0.015259,-0.0083923,4.9109
0.015259,-0.0088501,4.906
0.014191,-0.0061035,4.9121
0.014496,-0.0027466,4.9072
0.013885,-0.00076294,4.906
0.018005,0.0012207,4.9133
0.019379,0.0059509,4.9072
0.020447,0.002594,4.9133
0.022583,0.0018311,4.9121
0.022278,0.0018311,4.9194
0.023804,0.00015259,4.9207
0.024719,-0.0019836,4.9268
0.022736,-0.0024414,4.9353
0.024567,-0.0050354,4.928
0.024261,-0.0059509,4.9255
0.024109,-0.005188,4.9304
0.025482,-0.0030518,4.9255
0.027924,0.00015259,4.9292
0.027924,0.0035095,4.9451
0.030212,0.0076294,4.9316
0.029755,0.0038147,4.9268
0.029449,0.0027466,4.9304
0.03067,0.0016785,4.9341
0.031891,0,4.9304
0.029755,-0.00015259,4.9353
0.029755,-0.00045776,4.9316
0.028381,-0.0013733,4.9365
0.027618,-0.0021362,4.928
0.02655,-0.0039673,4.9353
0.02594,-0.0039673,4.9316
0.024872,-0.0028992,4.9341
0.026093,-0.00091553,4.9365
0.026093,0.0038147,4.9304
0.025482,0.0067139,4.9365
0.025177,0.0094604,4.9243
0.025787,0.0091553,4.917
0.025787,0.0082397,4.917
0.026703,0.0068665,0.043945
0.027466,0.007019,0.042725
0.029144,0.0093079,0.047607
0.032349,0.010376,0.045166
0.033264,0.010681,0.042725
0.033264,0.01236,0.041504
0.031738,0.010376,0.045166
0.030518,0.007782,0.037842
0.028687,0.0064087,0.043945
0.026703,0.0038147,0.042725
0.02655,0.00091553,0.031738
0.024719,-0.0013733,0.045166
0.023804,-0.002594,0.040283
0.022888,-0.0045776,0.042725
0.023651,-0.0053406,0.039063
0.025177,-0.005188,0.026855
0.02594,-0.0053406,0.040283
0.028076,-0.005188,0.03418
0.029755,-0.0054932,0.040283
0.029755,-0.0064087,0.046387
0.029907,-0.0059509,0.046387
0.03006,-0.0042725,0.047607
0.031128,-0.0015259,0.046387
0.032349,0.00030518,0.057373
0.032806,0.0059509,0.053711
0.033264,0.0093079,0.059814
0.032043,0.014648,0.061035
0.030823,0.011139,0.062256
0.03006,0.0090027,0.059814
0.029449,0.0074768,0.064697
0.032043,0.0059509,0.067139
0.032654,0.007019,0.059814
0.032806,0.0028992,0.06958
0.029907,0.0015259,0.062256
0.031281,-0.00030518,0.041504
0.030365,-0.0019836,0.061035
0.029297,-0.002594,0.070801
0.028534,-0.00091553,0.064697
0.027008,0.00061035,0.06958
0.024261,0.0022888,0.063477
0.021362,0.0012207,0.065918
0.018311,-0.0016785,0.061035
0.016785,-0.0054932,0.058594
0.017395,-0.0099182,0.054932
0.018616,-0.01236,0.054932
0.019531,-0.010681,0.050049
0.022736,-0.0073242,0.05127
0.021515,-0.002594,0.057373
0.020905,0.0019836,0.050049
0.025024,0.005188,0.045166
0.027924,0.0071716,0.047607
0.032196,0.009613,0.036621
0.035248,0.011749,0.043945
0.033875,0.012512,0.041504
0.040131,0.011292,0.036621
0.039825,0.0083923,0.039063
0.03952,0.0036621,0.037842
0.037384,0.00061035,0.041504
0.0354,0.00030518,0.037842
0.034637,-0.00061035,0.041504
0.033569,0.00091553,0.037842
0.031891,0.00045776,0.040283
0.030212,0.00091553,0.039063
0.028076,0.00045776,0.041504
0.027924,0.0018311,0.036621
0.026398,0.0036621,0.042725
0.026703,0.0056458,0.056152
0.025787,0.0061035,0.048828
0.026703,0.0048828,0.059814
0.024261,-0.00030518,0.045166
0.02243,-0.0033569,0.041504
0.020752,-0.0041199,0.05127
0.019989,-0.0041199,0.057373
0.017853,-0.0021362,0.053711
0.016327,-0.00091553,0.057373
0.015411,-0.00015259,0.059814
0.013885,-0.00045776,0.059814
0.013428,0.00015259,0.15259
0.013885,-0.00061035,4.6558
0.014038,0.00045776,4.906
0.015717,0.00076294,4.9304
0.016479,-0.00045776,4.9316
0.016174,-0.00045776,4.9316
0.019073,-0.0022888,4.9365
0.018616,-0.0030518,4.9377
0.020142,-0.0022888,4.9329
0.020599,-0.002594,4.9329
0.021362,-0.0021362,4.9438
0.020294,-0.0033569,4.9341
0.020142,-0.0053406,4.9207
0.020599,-0.0061035,4.928
0.021515,-0.0065613,4.9292
0.022583,-0.0041199,4.9255
0.022278,-0.0021362,4.9255
0.021667,-0.0019836,4.9182
0.021362,-0.0045776,4.9219
0.019989,-0.0073242,4.9133
0.019989,-0.0062561,4.9182
0.018768,-0.0036621,4.9158
0.018463,0.0015259,4.9194
0.017242,0.004425,4.9146
0.012665,0.0028992,4.9158
0.010986,-0.00076294,4.9207
0.010223,-0.0042725,4.9109
0.010834,-0.0056458,4.9133
0.011444,-0.0039673,4.9097
0.011902,-0.00015259,4.8901
0.013428,0.002594,4.8938
0.013428,0.0022888,4.8962
0.014038,-0.00061035,4.9109
0.014496,-0.00091553,4.9084
0.016022,-0.00061035,4.9072
0.016327,0.0024414,4.9121
0.016785,0.0039673,4.9109
0.016937,0.0059509,4.9146
0.015106,0.0057983,4.9121
0.014191,0.0035095,4.9207
0.01358,0.0016785,4.9182
0.015259,0.00091553,4.9207
0.017242,0.0024414,4.928
0.016174,0.0041199,4.9243
0.018005,0.0059509,4.9255
0.016479,0.0061035,4.9304
0.015106,0.0048828,4.9414
0.01297,0.0024414,4.9316
0.011292,0.0012207,4.9207
0.011292,0,4.9353
0.011139,0.00015259,4.9329
0.011292,0.00045776,4.9329
0.011139,-0.0039673,4.9329
0.011139,0.00030518,4.9316
0.011444,-0.00076294,4.9316
0.011597,-0.0016785,4.9316
0.01297,-0.0033569,4.9414
0.01236,-0.0065613,4.9341
0.015106,-0.0068665,4.9377
0.013733,-0.0071716,4.9341
0.01358,-0.0080872,4.9341
0.014954,-0.005188,4.9377
0.015411,-0.0045776,4.9243
0.016937,-0.0030518,4.9255
0.018158,-0.0021362,4.9231
0.019531,-0.0018311,4.9121
0.021057,-0.0024414,4.9194
0.022278,-0.0013733,4.9158
0.025024,-0.0015259,4.9158
0.025177,-0.0013733,4.9182
0.025177,-0.00030518,4.9146
0.023956,0,4.917
0.02182,-0.00030518,0.031738
0.019379,-0.0028992,0.043945
0.019684,-0.0035095,0.037842
0.018768,-0.0057983,0.041504
0.018616,-0.004425,0.042725
0.018158,-0.0027466,0.042725
0.018311,-0.0015259,0.036621
0.017242,-0.00076294,0.042725
0.017395,-0.00045776,0.047607
0.018005,-0.0032043,0.041504
0.019379,-0.0038147,0.046387
0.021667,-0.0035095,0.039063
0.021667,-0.0027466,0.031738
0.021667,-0.0028992,0.041504
0.020294,-0.0047302,0.048828
0.018921,-0.0067139,0.046387
0.020142,-0.0093079,0.050049
0.020447,-0.0090027,0.048828
0.022583,-0.0057983,0.056152
0.022736,-0.0050354,0.054932
0.02243,-0.0012207,0.056152
0.021515,0.00045776,0.061035
0.020142,0.00030518,0.062256
0.022278,0.0012207,0.059814
0.023651,0.00045776,0.062256
0.026245,0.0015259,0.080566
0.027313,0.0033569,0.063477
0.025635,0.0039673,0.059814
0.02594,0.0030518,0.063477
0.024261,-0.0012207,0.054932
0.023956,-0.00061035,0.059814
0.023193,-0.0010681,0.065918
0.020752,-0.00030518,0.064697
0.023499,0.0035095,0.068359
0.023651,0.0028992,0.062256
0.024872,0.0021362,0.063477
0.026093,0.0013733,0.059814
0.026703,0.0015259,0.059814
0.024567,-0.0010681,0.054932
0.025482,0.00030518,0.058594
0.024414,0.0021362,0.054932
0.022278,0.0039673,0.05249
0.020294,0.0048828,0.05127
0.019531,0.0062561,0.048828
0.019531,0.0057983,0.056152
0.018616,0.0061035,0.048828
0.019836,0.0056458,0.057373
0.018768,0.0064087,0.043945
0.020599,0.0083923,0.032959
0.022125,0.007782,0.039063
0.023956,0.0088501,0.040283
0.024109,0.0086975,0.037842
0.02243,0.0061035,0.041504
0.020294,0.0033569,0.037842
0.018311,0.0010681,0.039063
0.0177,-0.0024414,0.036621
0.017548,-0.002594,0.042725
0.018158,-0.0015259,0.0354
0.020905,0.0010681,0.041504
0.020294,0.0035095,0.041504
0.020905,0.0039673,0.042725
0.02121,0.0027466,0.05127
0.020599,0.0021362,0.047607
0.020905,-0.00030518,0.048828
0.021667,-0.002594,0.040283
0.022736,-0.0021362,0.043945
0.023956,-0.0036621,0.057373
0.023651,-0.0033569,0.056152
0.023499,-0.0027466,0.056152
0.023499,-0.00091553,0.056152
0.024109,0.00076294,0.058594
0.023193,-0.0010681,0.061035
0.023041,0.0035095,0.059814
0.02243,0.0032043,0.061035
0.02182,0.0022888,0.059814
0.021973,0.0013733,0.057373
0.021362,-0.0021362,0.063477
0.021362,-0.0047302,0.065918
0.02121,-0.0080872,3.1018
0.019379,-0.010376,4.823
0.019989,-0.011292,4.9353
0.018768,-0.0079346,4.9365
0.018005,-0.005188,4.939
0.018616,-0.0010681,4.9353
0.017242,0.0019836,4.9158
0.018311,0.0035095,4.928
0.018463,0.0033569,4.9255
0.02121,0.0036621,4.928
0.023804,0.0028992,4.9268
0.026703,0.0033569,4.9194
0.031281,0.0045776,4.9207
0.033112,0.0057983,4.9158
0.03418,0.0068665,4.9219
0.034027,0.0079346,4.9121
0.032806,0.0082397,4.9158
0.034027,0.0082397,4.9158
0.027771,0.0097656,4.9133
0.026703,0.0097656,4.9146
0.024567,0.0091553,4.9158
0.024261,0.0062561,4.9084
0.024261,0.0021362,4.9109
0.020905,-0.0012207,4.9011
0.02243,-0.0036621,4.9097
0.02182,-0.0033569,4.895
0.020294,-0.00091553,4.9109
0.019836,0.002594,4.9084
0.017242,0.0059509,4.9072
0.015106,0.010681,4.9121
0.013275,0.010529,4.9048
0.012054,0.0064087,4.9133
0.01236,0.0061035,4.9109
0.013428,0.0064087,4.9207
0.014343,0.0076294,4.9182
0.018463,0.009613,4.9231
0.019989,0.0083923,4.9207
0.020599,0.0068665,4.9304
0.020142,0.0057983,4.9365
0.018311,0.007019,4.9304
0.016632,0.005188,4.9402
0.014648,0.0053406,4.9292
0.014038,0.0061035,4.9231
0.01297,0.0053406,4.9304
0.012512,0.0018311,4.9353
0.013885,0.0036621,4.9304
0.015259,0.0047302,4.9304
0.016937,0.0067139,4.9316
0.019073,0.0074768,4.9341
0.021362,0.0079346,4.9341
0.023346,0.0067139,4.9292
0.023499,0.0041199,4.9329
0.023651,0.0042725,4.9402
0.022278,0.005188,4.9329
0.019684,0.0065613,4.9365
0.0177,0.007019,4.9365
0.017548,0.0059509,4.9341
0.017853,0.0039673,4.928
0.018158,0.0016785,4.9243
0.01709,0.0018311,4.9304
0.015564,0.002594,4.9231
0.013733,0.0042725,4.9072
0.013123,0.0050354,4.9146
0.012054,0.0048828,4.9207
0.012665,0.0057983,4.9158
0.013733,0.0071716,4.9146
0.013885,0.0083923,4.9109
0.014343,0.0080872,4.9158
0.013733,0.0090027,4.9097
0.011902,0.0086975,4.9133
0.011444,0.0080872,4.9121
0.01236,0.0083923,4.9158
0.014496,0.009613,0.037842
0.015564,0.011139,0.042725
0.017242,0.011139,0.056152
0.01709,0.010223,0.040283
0.015869,0.0086975,0.046387
0.015411,0.0050354,0.042725
0.014343,0.0038147,0.025635
0.015411,0.0028992,0.040283
0.016327,0.0024414,0.045166
0.016785,0.0010681,0.046387
0.016785,0.00061035,0.037842
0.014801,-0.0013733,0.043945
0.012817,0.00015259,0.057373
0.01236,0.0018311,0.056152
0.010834,0.0050354,0.059814
0.010223,0.0064087,0.054932
0.010529,0.0054932,0.062256
0.010529,0.0035095,0.063477
0.010834,0.0016785,0.064697
0.011444,-0.00091553,0.068359
0.012207,0,0.062256
0.01358,0.0012207,0.056152
0.014038,0.002594,0.062256
0.015564,0.0048828,0.072021
0.015564,0.007019,0.063477
0.0177,0.0085449,0.068359
0.0177,0.0085449,0.065918
0.018921,0.0073242,0.065918
0.019531,0.0059509,0.063477
0.019989,0.0045776,0.065918
0.021515,0.0030518,0.063477
0.022888,0.00091553,0.062256
0.02182,-0.00091553,0.056152
0.024109,-0.0045776,0.056152
0.022736,-0.0074768,0.054932
0.021362,-0.010529,0.053711
0.019073,-0.010986,0.050049
0.0177,-0.009613,0.05249
0.01709,-0.0074768,0.058594
0.015564,-0.0062561,0.048828
0.014496,-0.0062561,0.05127
0.01236,-0.0076294,0.046387
0.010681,-0.0097656,0.024414
0.010376,-0.011444,0.040283
0.010376,-0.0091553,0.040283
0.010681,-0.0062561,0.036621
0.010834,-0.0035095,0.040283
0.011444,-0.002594,0.039063
0.01236,-0.0041199,0.039063
0.014496,-0.0056458,0.037842
0.016479,-0.0090027,0.041504
0.018463,-0.0085449,0.036621
0.019684,-0.007019,0.041504
0.020294,-0.0056458,0.039063
0.021057,-0.0041199,0.041504
0.021362,-0.0048828,0.039063
0.019684,-0.0067139,0.043945
0.021515,-0.0074768,0.042725
0.022736,-0.0062561,0.048828
0.024109,-0.0033569,0.056152
0.025024,-0.0013733,0.054932
0.025482,0.00030518,0.042725
0.025635,-0.00015259,0.054932
0.025024,-0.0016785,0.057373
0.024261,-0.0033569,0.059814
0.023193,-0.0030518,0.059814
0.02243,-0.0015259,0.059814
0.02182,0.00061035,0.064697
0.02121,0.0032043,0.061035
0.020905,0.0036621,0.063477
0.020447,0.0019836,0.059814
0.019379,0.00030518,0.063477
0.019379,-0.0021362,0.061035
0.019379,-0.0032043,0.065918
0.021057,-0.0028992,0.073242
0.020599,-0.0032043,0.062256
0.020905,-0.0015259,0.062256
0.018311,-0.0035095,0.067139
0.018005,-0.0039673,4.1907
0.019989,-0.0042725,4.8804
0.02121,-0.0032043,4.9207
0.023041,-0.00091553,4.9231
0.02243,0.0015259,4.9255
0.020905,0.0024414,4.9219
0.020599,0.0018311,4.9231
0.022125,0.00061035,4.9194
0.024261,0.00045776,4.917
0.026398,-0.0021362,4.9121
0.026855,-0.0012207,4.9158
0.028381,-0.00030518,4.917
0.027618,0.002594,4.9194
0.027161,0.0024414,4.9133
0.027466,0.00061035,4.9146
0.028687,-0.0010681,4.9182
0.030823,-0.0047302,4.9109
0.027924,-0.0056458,4.9207
0.026245,-0.0047302,4.9146
0.024414,-0.0033569,4.9023
0.02121,-0.0016785,4.9097
0.022583,-0.0015259,4.9109
0.019226,-0.00061035,4.906
0.019379,0.0012207,4.9084
0.019989,0.004425,4.9097
0.020905,0.0062561,4.9121
0.023346,0.0076294,4.9109
0.024719,0.0082397,4.9182
0.027313,0.007019,4.9158
0.028839,0.0080872,4.9194
0.031738,0.0083923,4.9207
0.028076,0.0073242,4.9243
0.028839,0.0048828,4.9329
0.028076,0.0018311,4.9329
0.027618,0.00091553,4.9316
0.024719,0.0036621,4.9316
0.025635,0.0065613,4.9329
0.026093,0.0074768,4.9304
0.027008,0.0074768,4.9365
0.027618,0.002594,4.928
0.028229,-0.0045776,4.9292
0.029907,-0.0074768,4.9268
0.028687,-0.0071716,4.9316
0.027313,-0.0038147,4.9292
0.023041,-0.0030518,4.9207
0.018768,-0.0045776,4.9353
0.01709,-0.0053406,4.9377
0.014191,-0.0074768,4.9353
0.014343,-0.0076294,4.9353
0.015259,-0.004425,4.9268
0.015564,-0.0010681,4.939
0.016632,0.00030518,4.9402
0.016479,0.0018311,4.9268
0.019226,0.00091553,4.9316
0.023346,0.0013733,4.9231
0.027771,0.0035095,4.9011
0.030518,0.0071716,4.917
0.030975,0.010834,4.9158
0.029297,0.013123,4.917
0.027313,0.013428,4.9146
0.027008,0.011444,4.9084
0.028229,0.010681,4.9109
0.027924,0.009613,4.9133
0.027771,0.0094604,4.9072
0.027161,0.0076294,4.9084
0.025635,0.0090027,4.9072
0.023956,0.0073242,4.9121
0.023499,0.0061035,4.9146
0.024109,0.0059509,4.917
0.025482,0.0071716,4.9109
0.025024,0.0080872,4.9097
0.023041,0.0094604,4.9158
0.019836,0.0082397,0.03418
0.017395,0.0056458,0.040283
0.013428,0.0018311,0.053711
0.011749,-0.0030518,0.045166
0.011597,-0.0068665,0.046387
0.0091553,-0.009613,0.046387
0.007019,-0.010986,0.05127
0.0036621,-0.0097656,0.05127
0.0024414,-0.0036621,0.058594
0.002594,-0.0074768,0.054932
0.0056458,-0.0071716,0.064697
0.0097656,-0.0068665,0.058594
0.01358,-0.0073242,0.063477
0.015564,-0.0068665,0.061035
0.016174,-0.004425,0.063477
0.016632,-0.002594,0.065918
0.016632,0.00045776,0.064697
0.018768,-0.0015259,0.070801
0.019989,-0.0027466,0.062256
0.022583,-0.0038147,0.05249
0.023956,-0.004425,0.062256
0.024414,-0.0019836,0.062256
0.024109,0.0024414,0.063477
0.023956,0.007019,0.067139
0.023499,0.0093079,0.062256
0.023956,0.009613,0.061035
0.023804,0.0091553,0.057373
0.024872,0.0079346,0.061035
0.024719,0.0076294,0.050049
0.023956,0.007019,0.054932
0.02121,0.0062561,0.05249
0.017853,0.0038147,0.05127
0.014496,0.0010681,0.05249
0.010986,-0.0015259,0.047607
0.0086975,-0.00061035,0.047607
0.0062561,0.00076294,0.045166
0.0033569,0.0039673,0.039063
-0.00091553,0.0064087,0.042725
-0.0028992,0.0064087,0.041504
-0.005188,0.0047302,0.039063
-0.0035095,0.0024414,0.040283
-0.00015259,-0.0012207,0.037842
0.004425,-0.0028992,0.03418
0.0071716,-0.0016785,0.03418
0.0088501,0.0015259,0.042725
0.0088501,0.002594,0.037842
0.0074768,0.002594,0.040283
0.0079346,0.0018311,0.042725
0.0083923,0.0012207,0.041504
0.012512,0.00045776,0.039063
0.014191,0.00076294,0.043945
0.016174,0.0016785,0.054932
0.01709,0.0045776,0.046387
0.018158,0.0057983,0.059814
0.020599,0.005188,0.05127
0.024109,0.0018311,0.036621
0.026855,-0.0021362,0.053711
0.028687,-0.004425,0.057373
0.030975,-0.0042725,0.058594
0.028229,0.00045776,0.061035
0.02533,0.0048828,0.057373
0.022125,0.0068665,0.064697
0.020447,0.0076294,0.061035
0.020142,0.0053406,0.058594
0.020599,0.0018311,0.057373
0.02121,-0.00045776,0.062256
0.020447,-0.00076294,0.061035
0.019379,0.0016785,0.063477
0.016937,0.0033569,0.074463
0.016632,0.0045776,0.067139
0.017853,0.0041199,0.065918
0.019684,0.0045776,0.064697
0.020599,0.0035095,0.073242
0.019531,0.0041199,0.059814
0.017242,0.0036621,0.067139
0.015259,0.0027466,0.058594
0.015259,0.0013733,0.053711
0.017548,-0.00045776,0.05127
0.022278,-0.0028992,4.0808
0.022583,-0.0050354,4.8462
0.023041,-0.004425,4.9109
0.023041,-0.0074768,4.9158
0.018005,-0.0076294,4.9158
0.016022,-0.0076294,4.9133
0.017242,-0.0074768,4.9084
0.018921,-0.0085449,4.9146
0.018616,-0.0074768,4.9146
0.023804,-0.0090027,4.9182
0.023804,-0.01297,4.9097
0.023041,-0.013275,4.9207
0.022583,-0.015411,4.9097
0.023651,-0.01709,4.8987
0.025024,-0.0177,4.9109
0.026855,-0.015259,4.9097
0.026398,-0.019073,4.906
0.025482,-0.017242,4.9109
0.022278,-0.016479,4.9084
0.019073,-0.015106,4.9097
0.017242,-0.011902,4.906
0.017853,-0.0090027,4.9182
0.019379,-0.004425,4.9048
0.020599,-0.0028992,4.9219
0.021973,-0.0038147,4.9268
0.018768,-0.0068665,4.9231
0.018768,-0.005188,4.9255
0.015411,-0.0053406,4.928
0.01709,-0.0048828,4.9158
0.016632,-0.00015259,4.9329
0.020294,-0.0045776,4.9402
0.020752,-0.0067139,4.9341
0.020905,-0.0059509,4.9158
0.019379,-0.0056458,4.9304
0.017395,-0.0028992,4.9304
0.018616,0.00015259,4.9304
0.020294,0.0033569,4.9329
0.022278,-0.00045776,4.9304
0.023804,0.0039673,4.9329
0.023041,0.0022888,4.9316
0.022125,-0.00061035,4.9353
0.020294,0.0019836,4.9329
0.018768,0.0048828,4.9353
0.018311,0.0048828,4.9255
0.018158,0.0093079,4.9304
0.020294,0.0097656,4.9402
0.02121,0.0032043,4.9255
0.018921,0.0021362,4.9243
0.015564,-0.0018311,4.9231
0.013275,-0.0015259,4.9036
0.015106,0.0024414,4.917
0.018768,0.0015259,4.9146
0.021973,-0.00091553,4.9194
0.023193,-0.007782,4.9146
0.023499,-0.0090027,4.9121
0.020905,-0.010681,4.9158
0.018158,-0.0059509,4.9109
0.015411,0,4.9133
0.015259,0,4.906
0.016327,0.0015259,4.9146
0.017548,-0.0041199,4.9097
0.0177,-0.0091553,4.9121
0.016327,-0.012665,4.9072
0.015259,-0.013885,4.9109
0.015259,-0.0080872,4.9121
0.01709,-0.0047302,4.9097
0.019379,-0.00030518,4.917
0.02121,-0.0022888,4.9109
0.021515,-0.0032043,4.9084
0.021667,-0.007019,4.9146
0.020599,-0.0027466,4.9109
0.019379,0.0018311,4.9158
0.019379,0.0064087,4.9231
0.020599,0.0088501,0.05127
0.023346,0.012665,0.054932
0.026093,0.0083923,0.057373
0.026093,0.0057983,0.064697
0.027161,0.0024414,0.056152
0.025482,0.00015259,0.062256
0.024109,-0.0028992,0.062256
0.02243,-0.0048828,0.064697
0.02182,-0.0074768,0.070801
0.021057,-0.0079346,0.062256
0.021362,-0.0093079,0.065918
0.02121,-0.0050354,0.062256
0.020447,-0.009613,0.059814
0.019684,-0.0080872,0.067139
0.018921,-0.0039673,0.063477
0.020447,-0.00015259,0.063477
0.019836,0.0035095,0.068359
0.022278,0.0021362,0.059814
0.02121,-0.0067139,0.064697
0.019073,-0.011292,0.059814
0.015869,-0.018005,0.059814
0.013123,-0.019531,0.05249
0.012665,-0.020447,0.054932
0.01358,-0.017242,0.053711
0.014648,-0.016174,0.05249
0.016174,-0.014648,0.050049
0.017395,-0.011597,0.048828
0.020599,-0.010681,0.056152
0.023956,-0.0067139,0.046387
0.027466,-0.0012207,0.054932
0.032806,0.0033569,0.036621
0.036163,0.0021362,0.040283
0.0383,0.0032043,0.037842
0.03891,0.0019836,0.0354
0.035553,0.0016785,0.039063
0.034027,0.0032043,0.040283
0.032501,0.0032043,0.037842
0.032959,0.0022888,0.041504
0.030365,0.0013733,0.03418
0.034943,-0.0038147,0.042725
0.033875,-0.0065613,0.037842
0.032959,-0.0093079,0.043945
0.029755,-0.0099182,0.039063
0.027771,-0.0028992,0.045166
0.02533,0.0042725,0.057373
0.022888,0.011902,0.047607
0.018463,0.011749,0.05127
0.01297,0.0083923,0.048828
0.0054932,0.0073242,0.040283
-0.00015259,0.012207,0.05127
-0.0047302,0.023346,0.056152
-0.004425,0.036011,0.058594
0.0013733,0.04776,0.059814
0.009613,0.055084,0.058594
0.018311,0.052032,0.062256
0.024414,0.04776,0.061035
0.027161,0.039368,0.061035
0.028534,0.032196,0.056152
0.030365,0.031586,0.063477
0.034943,0.027618,0.061035
0.041656,0.019684,0.064697
0.043182,0.011444,0.068359
0.04425,0.00030518,0.064697
0.041199,-0.0045776,0.072021
0.033112,-0.00076294,0.067139
0.02243,0.007019,0.076904
0.0082397,0.013885,0.064697
-0.0033569,0.01709,0.047607
-0.0093079,0.013733,0.061035
-0.012207,0.00030518,0.054932
-0.011597,-0.012665,0.05127
-0.011902,-0.025635,0.05249
-0.013275,-0.037842,0.046387
-0.014954,-0.043488,0.047607
-0.014191,-0.04303,0.046387
-0.011292,-0.035095,0.046387
-0.005188,-0.017853,0.041504
0.0010681,-0.0021362,3.9868
0.0074768,0.016937,4.8584
0.011902,0.03006,4.9072
0.016327,0.034332,4.9133
0.020447,0.03067,4.9109
0.027771,0.023651,4.9109
0.036163,0.013733,4.9097
0.04364,0.0059509,4.9011
0.046234,0.0015259,4.9109
0.045013,0.0018311,4.9097
0.040283,0.0027466,4.9072
0.034943,0.005188,4.9084
0.032043,0.0065613,4.9097
0.029297,0.0088501,4.9109
0.02594,0.013428,4.9084
0.022583,0.017548,4.9146
0.020447,0.020447,4.9146
0.020294,0.019836,4.9194
0.022278,0.018921,4.9207
0.023956,0.0177,4.9255
0.025024,0.01709,4.9231
0.023041,0.015717,4.928
0.020905,0.011444,4.9316
0.016327,0.0071716,4.9292
0.011597,0.0028992,4.9377
0.0038147,0.00061035,4.9329
-0.0024414,0.00076294,4.9121
-0.0061035,0.0010681,4.928
-0.011444,-0.0030518,4.9292
-0.011139,-0.014343,4.9304
-0.007782,-0.023956,4.9304
-0.0012207,-0.033875,4.9353
0.007782,-0.03891,4.9365
0.015106,-0.034027,4.9353
0.021515,-0.027618,4.9353
0.026093,-0.016937,4.9304
0.025177,-0.0073242,4.9365
0.025024,-0.0053406,4.9353
0.025787,-0.0041199,4.9329
0.028534,0.0010681,4.9414
0.034485,-0.0018311,4.9268
0.039368,-0.005188,4.9255
0.043182,-0.0082397,4.9109
0.044403,-0.016785,4.9219
0.046692,-0.026245,4.9158
0.046844,-0.031738,4.9072
0.047455,-0.038605,4.9146
0.045929,-0.03891,4.9182
0.03952,-0.029297,4.9133
0.032959,-0.02243,4.9182
0.027618,-0.014648,4.9011
0.024109,-0.0099182,4.9133
0.02243,-0.011292,4.906
0.018463,-0.013733,4.9133
0.015106,-0.0091553,4.9121
0.01297,-0.0054932,4.9146
0.012054,0.00061035,4.9072
0.010986,0.007782,4.9121
0.007782,0.012817,4.917
0.0048828,0.015869,4.9109
0.0045776,0.021362,4.9207
0.0067139,0.023651,4.9133
0.0076294,0.023651,4.8999
0.0074768,0.024872,4.917
0.0090027,0.016174,4.9146
0.0093079,0.013733,4.9146
0.010834,0.0082397,4.9219
0.010071,0.0012207,4.9231
0.0094604,-0.0064087,4.9084
0.007782,-0.0086975,4.9255
0.0083923,-0.011902,4.9292
0.013275,-0.011749,4.9255
0.019684,-0.0091553,4.9304
0.027466,-0.0062561,0.053711
0.031891,-0.004425,0.065918
0.034027,-0.0016785,0.068359
0.032959,-0.002594,0.063477
0.027466,-0.0064087,0.062256
0.020905,-0.010223,0.061035
0.016022,-0.016022,0.072021
0.0038147,-0.018311,0.063477
-0.0027466,-0.018005,0.065918
-0.0059509,-0.014801,0.062256
-0.0050354,-0.0090027,0.067139
-0.0041199,-0.0057983,0.062256
0.0064087,-0.0015259,0.067139
0.015106,0.0028992,0.062256
0.023956,0.0067139,0.062256
0.031891,0.010376,0.056152
0.037384,0.0097656,0.054932
0.041199,0.004425,0.053711
0.041656,-0.0039673,0.05127
0.03891,-0.012207,0.047607
0.033264,-0.016479,0.054932
0.026855,-0.016632,0.062256
0.020142,-0.012054,0.046387
0.016022,-0.0042725,0.05127
0.015564,0.0050354,0.047607
0.018921,0.013733,0.032959
0.022888,0.019989,0.037842
0.02594,0.024719,0.039063
0.024872,0.027008,0.041504
0.023956,0.026245,0.039063
0.020752,0.024719,0.0354
0.018005,0.020447,0.028076
0.014496,0.014648,0.036621
0.011292,0.010376,0.042725
0.0080872,0.0071716,0.037842
0.0032043,0.0036621,0.042725
0.0015259,0.0015259,0.042725
0.0015259,0.00091553,0.041504
0.0036621,0.0013733,0.046387
0.0079346,0.00061035,0.045166
0.011902,-0.0024414,0.043945
0.016174,-0.010223,0.05249
0.019226,-0.014038,0.05127
0.020447,-0.024719,0.053711
0.02182,-0.032806,0.05249
0.021057,-0.038757,0.056152
0.019836,-0.040894,0.059814
0.019531,-0.041351,0.058594
0.018616,-0.03891,0.061035
0.018158,-0.03418,0.058594
0.019226,-0.028992,0.063477
0.019073,-0.025787,0.05249
0.020599,-0.022125,0.065918
0.022583,-0.019073,0.058594
0.027771,-0.014496,0.063477
0.030212,-0.0094604,0.063477
0.040436,-0.0059509,0.067139
0.045013,-0.0018311,0.075684
0.046234,0.0064087,0.06958
0.046844,0.01297,0.070801
0.046997,0.019836,0.062256
0.046692,0.027161,0.050049
0.049591,0.031281,0.061035
0.052338,0.032654,0.05249
0.055237,0.031738,0.05127
0.058441,0.030975,0.053711
0.06012,0.029144,0.047607
0.060883,0.026398,0.05249
0.059967,0.023346,0.045166
0.056915,0.019531,0.043945
0.05249,0.014496,0.042725
0.043793,0.010223,0.046387
0.035858,0.0071716,0.047607
0.028839,0.0064087,0.045166
0.024261,0.0062561,0.041504
0.019379,0.0059509,0.041504
0.020142,0.0035095,0.041504
0.019684,0.0015259,3.2532
0.019379,-0.0012207,4.8083
0.01709,-0.0024414,4.9011
0.013123,-0.0021362,4.9048
0.0085449,-0.00061035,4.9036
0.0028992,-0.00015259,4.9084
-0.00045776,-0.00045776,4.9109
-0.0045776,0.00030518,4.9023
-0.0074768,0,4.906
-0.0088501,0.00015259,4.9109
-0.0074768,0.0019836,4.9133
-0.004425,0.0030518,4.9194
0.0024414,0.0033569,4.9158
0.010681,0.0018311,4.9231
0.018463,0.00091553,4.9231
0.024261,-0.0012207,4.9255
0.027313,-0.0010681,4.9377
0.028076,-0.00061035,4.9304
0.026703,0.00091553,4.9329
0.024872,0.00015259,4.9329
0.023804,-0.0022888,4.9207
0.023956,-0.005188,4.9316
0.027008,-0.005188,4.9292
0.030212,-0.004425,4.9292
0.033417,-0.0036621,4.928
0.035858,-0.0038147,4.9304
0.037079,-0.0036621,4.9377
0.0383,-0.0053406,4.939
0.0383,-0.0036621,4.9341
0.035858,-0.0024414,4.9304
0.032043,0.00076294,4.9402
0.025635,0.0054932,4.9341
0.019379,0.0094604,4.9341
0.010529,0.01297,4.9329
0.004425,0.017242,4.9304
0.0024414,0.020294,4.9316
0.00076294,0.021667,4.9255
0.00045776,0.022125,4.917
0.00091553,0.019684,4.9219
0.0015259,0.016022,4.9072
0.0027466,0.0099182,4.9158
0.0048828,0.0035095,4.9194
0.0076294,-0.0010681,4.9048
0.012512,-0.0065613,4.9158
0.016479,-0.011139,4.9133
0.019989,-0.014496,4.9109
0.024872,-0.014191,4.9109
0.026093,-0.012665,4.9109
0.027313,-0.010834,4.9084
0.025787,-0.0085449,4.9121
0.024719,-0.0071716,4.9109
0.023193,-0.0065613,4.9121
0.022278,-0.0054932,4.9146
0.022888,-0.0027466,4.9146
0.023651,0.0027466,4.9133
0.024567,0.0054932,4.9097
0.025482,0.0062561,4.9048
0.025024,0.0047302,4.9146
0.025177,0.0015259,4.9097
0.02655,-0.0010681,4.9194
0.028992,-0.0036621,4.9158
0.029755,-0.0050354,4.9207
0.029755,-0.0039673,4.9182
0.029602,-0.0062561,4.9146
0.028229,-0.007019,4.9304
0.028839,-0.0065613,4.9268
0.030212,0.00091553,4.9329
0.033722,0.0041199,4.9304
0.037994,0.0056458,4.9341
0.040131,0.011749,4.9329
0.041962,0.0071716,4.928
0.042114,0.011749,4.9365
0.042725,0.01236,4.9353
0.045013,0.0080872,4.9426
0.045166,0.0079346,0.063477
0.046234,0.004425,0.050049
0.045319,-0.0038147,0.063477
0.043182,-0.0088501,0.062256
0.039825,-0.0047302,0.065918
0.036774,-0.0086975,0.062256
0.034332,-0.010681,0.053711
0.032196,-0.011444,0.061035
0.031891,-0.016022,0.054932
0.029297,-0.016174,0.058594
0.026093,-0.014191,0.05127
0.024261,-0.016937,0.05249
0.022736,-0.015564,0.050049
0.022888,-0.015717,0.047607
0.024109,-0.022278,0.059814
0.02533,-0.024109,0.048828
0.027161,-0.027771,0.042725
0.029602,-0.026093,0.041504
0.030365,-0.025177,0.025635
0.032959,-0.01709,0.041504
0.035858,-0.0094604,0.041504
0.037842,-0.0082397,0.039063
0.039215,-0.0057983,0.040283
0.046539,-0.0085449,0.037842
0.045166,-0.011139,0.041504
0.045624,-0.0079346,0.031738
0.045166,-0.01358,0.041504
0.043182,-0.014038,0.039063
0.042572,-0.018311,0.041504
0.039215,-0.020294,0.040283
0.039215,-0.021057,0.041504
0.037231,-0.019379,0.041504
0.034943,-0.01358,0.046387
0.034027,-0.010376,0.050049
0.032806,-0.0021362,0.05249
0.034332,0.0027466,0.063477
0.034637,0.004425,0.05127
0.034943,0.0079346,0.043945
0.036926,0.0079346,0.059814
0.0354,0.0048828,0.057373
0.034637,0.0057983,0.058594
0.030518,0.00045776,0.061035
0.026703,-0.0032043,0.059814
0.023804,-0.0076294,0.063477
0.020447,-0.010071,0.061035
0.018921,-0.0068665,0.065918
0.016327,-0.0085449,0.059814
0.013885,-0.0085449,0.063477
0.011139,-0.0091553,0.063477
0.007782,-0.0085449,0.056152
0.009613,-0.0065613,0.073242
0.009613,-0.0065613,0.068359
0.010223,-0.0018311,0.065918
0.009613,0.00091553,0.063477
0.0097656,0.00015259,0.062256
0.0082397,0.0016785,0.061035
0.010986,0.0010681,0.056152
0.010529,0.0015259,0.05249
0.0097656,0.0022888,0.054932
0.0080872,0.0048828,0.056152
0.0061035,0.0035095,0.047607
0.0047302,0.00091553,0.046387
0.0018311,0.00030518,0.048828
0.00076294,-0.0012207,0.041504
-0.002594,-0.0010681,0.045166
-0.0050354,0.00076294,0.047607
-0.0073242,-0.00091553,0.045166
-0.0086975,-0.00061035,0.037842
-0.0083923,-0.0016785,0.042725
-0.0083923,-0.0012207,0.05127
-0.0085449,-0.00076294,0.037842
-0.0050354,0.0027466,0.050049
-0.0033569,0.0024414,0.037842
-0.0024414,0.0022888,0.028076
0,0.00045776,0.037842
0.0018311,-0.0021362,0.0354
0.0035095,-0.0038147,0.037842
0.0042725,-0.005188,4.4019
0.0028992,-0.0057983,4.8755
0.0016785,-0.0057983,4.9072
0.00015259,-0.0054932,4.9011
-0.00061035,-0.0080872,4.9194
0.0024414,-0.0071716,4.9158
0.0042725,-0.0076294,4.9207
0.0079346,-0.0088501,4.9207
0.0068665,-0.0088501,4.9268
0.012207,-0.007782,4.9329
0.010834,-0.0053406,4.9268
0.013123,-0.0022888,4.9255
0.01709,0.0012207,4.9353
0.02121,0.0053406,4.9377
0.025177,0.007019,4.9255
0.027466,0.0090027,4.9219
0.028687,0.0097656,4.9304
0.028381,0.010681,4.9292
0.027008,0.010834,4.9268
0.027771,0.0097656,4.9329
0.029297,0.007782,4.9353
0.028534,0.0048828,4.9377
0.026245,0.0035095,4.9353
0.024109,0.00045776,4.9377
0.020294,-0.00091553,4.9353
0.019531,-0.0012207,4.9329
0.016785,-0.0012207,4.9304
0.015869,-0.0012207,4.9329
0.015717,0.00015259,4.9377
0.014648,0.0030518,4.9292
0.016022,0.0041199,4.928
0.01709,0.0045776,4.9207
0.018921,0.0033569,4.9084
0.019989,0.0012207,4.9182
0.02243,0.00015259,4.9194
0.023499,-0.00091553,4.9109
0.025177,-0.0010681,4.9182
0.025482,-0.0022888,4.9121
0.026245,-0.0033569,4.9121
0.02533,-0.0039673,4.9084
0.024261,-0.0047302,4.9097
0.024567,-0.0041199,4.9097
0.025024,-0.0028992,4.9121
0.025177,-0.00045776,4.9146
0.023956,0.0028992,4.9109
0.020752,0.0074768,4.9109
0.019073,0.011292,4.8999
0.012207,0.016022,4.9133
0.011292,0.020294,4.9109
0.010376,0.02182,4.9146
0.0083923,0.024109,4.9121
0.0083923,0.027313,4.895
0.0085449,0.030212,4.9158
0.010376,0.033112,4.9219
0.01297,0.03418,4.9207
0.015869,0.032043,4.9207
0.020142,0.028076,4.9194
0.022888,0.022583,4.9255
0.025024,0.017548,4.9292
0.023193,0.013733,4.9304
0.020447,0.0079346,4.9292
0.015717,0.0028992,4.9341
0.0093079,-0.0019836,4.9255
0.0059509,-0.0079346,4.9329
0.0038147,-0.011139,4.9426
0.0024414,-0.011902,4.9329
0.0010681,-0.010986,4.9341
-0.0012207,-0.0093079,4.9304
-0.0015259,-0.0061035,4.9158
-0.0047302,-0.0027466,4.9353
-0.0053406,0.0035095,4.9329
-0.0016785,0.0082397,4.9341
0.0027466,0.016937,4.9341
0.0085449,0.024567,0.061035
0.015259,0.031433,0.064697
0.022278,0.039215,0.058594
0.029755,0.040436,0.059814
0.034943,0.042267,0.050049
0.040436,0.040436,0.05127
0.044861,0.038147,0.050049
0.049438,0.035095,0.05249
0.051727,0.031281,0.05127
0.052032,0.027313,0.048828
0.054169,0.023499,0.048828
0.052032,0.019531,0.046387
0.048828,0.016632,0.050049
0.044708,0.014191,0.041504
0.040894,0.014038,0.0354
0.036926,0.014648,0.037842
0.033264,0.016632,0.040283
0.029602,0.018158,0.039063
0.023346,0.019379,0.040283
0.0177,0.018768,0.036621
0.013428,0.015106,0.040283
0.010681,0.010834,0.03418
0.0094604,0.0064087,0.042725
0.0088501,0.0022888,0.039063
0.0082397,-0.0012207,0.040283
0.0064087,-0.0022888,0.042725
0.0028992,-0.0050354,0.047607
0.00015259,-0.0067139,0.056152
-0.0021362,-0.0076294,0.048828
-0.0015259,-0.0057983,0.058594
0,-0.0032043,0.050049
0.0032043,0.0016785,0.041504
0.0080872,0.0045776,0.058594
0.013275,0.0045776,0.05249
0.018616,0.0022888,0.059814
0.024719,-0.0056458,0.059814
0.030518,-0.012817,0.062256
0.036774,-0.017853,0.063477
0.040436,-0.021362,0.057373
0.041962,-0.020447,0.064697
0.042114,-0.022888,0.058594
0.03952,-0.022583,0.065918
0.037842,-0.021667,0.064697
0.036774,-0.019989,0.064697
0.037689,-0.018463,0.06958
0.038605,-0.017242,0.067139
0.039215,-0.016937,0.072021
0.039063,-0.018158,0.064697
0.0383,-0.020752,0.074463
0.037384,-0.025482,0.061035
0.035706,-0.028229,0.062256
0.034943,-0.028687,0.057373
0.033722,-0.026398,0.054932
0.031891,-0.023193,0.05249
0.030975,-0.019531,0.048828
0.031586,-0.014954,0.047607
0.033264,-0.010376,0.050049
0.035858,-0.0065613,0.045166
0.040436,-0.0024414,0.036621
0.045319,0.0015259,0.045166
0.05127,0.0056458,0.048828
0.054016,0.0080872,0.042725
0.054932,0.0038147,0.041504
0.052795,-0.00076294,0.054932
0.050354,-0.0079346,0.039063
0.048218,-0.014496,0.041504
0.046387,-0.019836,0.041504
0.044403,-0.022125,0.021973
0.041656,-0.022888,0.03418
0.0383,-0.020905,0.037842
0.035248,-0.019073,0.037842
0.030975,-0.017548,0.039063
0.031891,-0.018311,0.03418
0.031433,-0.018616,0.041504
0.032349,-0.018005,0.041504
0.031738,-0.015259,0.042725
0.029449,-0.013275,0.041504
0.027466,-0.012512,2.76
0.024261,-0.012512,4.79
0.018921,-0.01709,4.9109
0.018005,-0.019836,4.9158
0.013885,-0.020294,4.9255
0.01358,-0.018616,4.928
0.011597,-0.013275,4.9292
0.010529,-0.014648,4.9402
0.011139,-0.014191,4.9304
0.01236,-0.015106,4.9182
0.016632,-0.015259,4.9304
0.021515,-0.014496,4.9292
0.02655,-0.013275,4.9292
0.030518,-0.011139,4.9304
0.033417,-0.010681,4.9365
0.033722,-0.011902,4.9341
0.033417,-0.012817,4.9329
0.031891,-0.013123,4.9353
0.03479,-0.011902,4.9316
0.036469,-0.0080872,4.9353
0.037689,-0.0041199,4.9353
0.034637,-0.00061035,4.9341
0.039215,0.0016785,4.9377
0.039063,0.0036621,4.9292
0.038757,0.0038147,4.9097
0.03891,0.0053406,4.9255
0.037994,0.0083923,4.9182
0.035858,0.0094604,4.9219
0.031281,0.010376,4.9158
0.025482,0.011597,4.9084
0.019531,0.004425,4.917
0.012512,-0.00030518,4.9158
0.0083923,-0.0050354,4.9146
0.0068665,-0.0086975,4.9097
0.005188,-0.011749,4.9133
0.0056458,-0.010986,4.8926
0.004425,-0.01297,4.9109
0.0062561,-0.014648,4.9121
0.0059509,-0.016022,4.9133
0.0059509,-0.023193,4.9072
0.0067139,-0.021515,4.9109
0.0080872,-0.021057,4.9194
0.010376,-0.019226,4.9097
0.010071,-0.015106,4.9182
0.013275,-0.011749,4.9146
0.015564,-0.0094604,4.8962
0.02121,-0.0082397,4.9121
0.027466,-0.0056458,4.9133
0.03418,-0.002594,4.9182
0.041046,0.0027466,4.917
0.045319,0.0050354,4.917
0.046234,0.013275,4.9243
0.045776,0.018616,4.9243
0.043945,0.02243,4.9304
0.042877,0.020142,4.9255
0.042877,0.024261,4.9353
0.042267,0.02594,4.9329
0.040436,0.029144,4.9341
0.0383,0.032806,4.9426
0.037994,0.033417,4.9304
0.031128,0.033264,4.9329
0.029144,0.028229,4.9353
0.027313,0.022125,4.9365
0.026855,0.016632,4.9329
0.02533,0.013733,4.9341
0.018768,0.014496,4.9353
0.017548,0.017242,4.9353
0.013733,0.020905,4.928
0.011902,0.022583,4.9377
0.010376,0.02121,4.9329
0.0088501,0.02182,4.9292
0.0080872,0.022278,4.9231
0.0056458,0.024567,4.9292
0.0019836,0.02594,0.053711
0.002594,0.027924,0.053711
0.002594,0.027466,0.050049
0.0035095,0.023346,0.05127
0.0045776,0.016174,0.058594
0.0056458,0.0093079,0.05127
0.0036621,0.0027466,0.059814
0.00091553,0.0010681,0.045166
-0.002594,-0.00045776,0.031738
-0.0059509,0.00015259,0.040283
-0.0054932,0.00091553,0.040283
-0.0038147,0.00091553,0.037842
-0.00061035,0.00061035,0.039063
0.0053406,0.00076294,0.040283
0.010223,0.0028992,0.037842
0.014343,0.0065613,0.041504
0.018463,0.010376,0.040283
0.02243,0.013428,0.037842
0.02655,0.014648,0.042725
0.031281,0.01297,0.042725
0.033569,0.011292,0.043945
0.034943,0.0088501,0.047607
0.030975,0.0064087,0.046387
0.028992,0.005188,0.050049
0.026093,0.0041199,0.048828
0.024261,0.0045776,0.047607
0.024261,0.0050354,0.053711
0.024872,0.0053406,0.057373
0.024719,0.0071716,0.054932
0.023499,0.0074768,0.058594
0.020752,0.0090027,0.059814
0.018005,0.0074768,0.062256
0.016937,0.0065613,0.056152
0.015564,0.005188,0.064697
0.016022,0.0024414,0.058594
0.014648,0,0.062256
0.01297,-0.0022888,0.059814
0.011597,-0.0038147,0.058594
0.010681,-0.0041199,0.059814
0.010986,-0.0033569,0.067139
0.015411,-0.0013733,0.078125
0.02182,0.00091553,0.070801
0.026398,0.0016785,0.072021
0.030518,0.0013733,0.064697
0.031433,-0.00030518,0.045166
0.031281,-0.0019836,0.059814
0.030212,-0.0036621,0.056152
0.03067,-0.0042725,0.056152
0.031738,-0.0048828,0.05127
0.031586,-0.0056458,0.047607
0.031128,-0.0057983,0.054932
0.027618,-0.0033569,0.047607
0.024567,-0.00015259,0.047607
0.022125,0.0030518,0.045166
0.02121,0.0047302,0.046387
0.022278,0.0039673,0.046387
0.024261,0.00030518,0.043945
0.025177,-0.005188,0.045166
0.024414,-0.0094604,0.040283
0.024567,-0.011444,0.039063
0.023956,-0.012665,0.040283
0.02243,-0.011902,0.03418
0.022583,-0.011749,0.036621
0.02182,-0.012207,0.028076
0.021057,-0.012665,0.041504
0.019531,-0.012665,0.039063
0.017242,-0.0091553,0.0354
0.015869,-0.0056458,0.040283
0.015564,-0.0027466,0.036621
0.015259,0.00030518,0.041504
0.01709,0.00091553,0.040283
0.019531,0.00061035,0.047607
0.02121,0.00091553,0.048828
0.023041,-0.00091553,0.053711
0.022736,0.002594,0.053711
0.021057,0.0038147,0.056152
0.020905,0.004425,0.068359
0.020294,0.0039673,0.058594
0.021057,0.0024414,4.5251
0.023041,0.00045776,4.9023
0.024414,-0.0015259,4.9194
0.024261,-0.0053406,4.9292
0.024567,-0.0068665,4.9268
0.023651,-0.0079346,4.9292
0.023956,-0.0080872,4.9097
0.026703,-0.011139,4.9292
0.030212,-0.011139,4.9329
0.031738,-0.012665,4.9243
0.032349,-0.01358,4.9353
0.030365,-0.012207,4.9329
0.03006,-0.010071,4.9365
0.030975,-0.0094604,4.9353
0.035095,-0.0080872,4.9329
0.040741,-0.0076294,4.9304
0.04364,-0.009613,4.9304
0.044708,-0.010986,4.9329
0.043488,-0.009613,4.928
0.041199,-0.0086975,4.9341
0.038452,-0.0079346,4.9219
0.036011,-0.0076294,4.9097
0.034332,-0.0097656,4.9146
0.032806,-0.0079346,4.9097
0.031281,-0.0071716,4.9182
0.029449,-0.0056458,4.9133
0.027466,-0.0016785,4.9109
0.027924,0.0015259,4.9158
0.028229,0.0041199,4.9109
0.03006,0.0059509,4.9133
0.033875,0.0036621,4.9097
0.032501,0.0012207,4.9158
0.035248,0.00091553,4.9109
0.027924,0.0018311,4.9121
0.024567,0.0038147,4.9194
0.02182,0.0053406,4.9109
0.020447,0.005188,4.9109
0.02121,0.00076294,4.9109
0.02121,-0.0013733,4.884
0.020905,-0.0024414,4.9109
0.019226,-0.0048828,4.9146
0.016174,-0.0045776,4.9146
0.015259,-0.005188,4.9158
0.014496,-0.0065613,4.9158
0.015564,-0.0097656,4.9231
0.015717,-0.011902,4.9219
0.013275,-0.014801,4.928
0.011902,-0.014648,4.9231
0.0073242,-0.011139,4.9341
0.0056458,-0.0053406,4.9292
0.0056458,-0.00091553,4.9329
0.0073242,0.00076294,4.9329
0.0083923,-0.00045776,4.9316
0.011902,-0.002594,4.9329
0.013733,-0.0048828,4.9316
0.016022,-0.0047302,4.9426
0.016937,-0.0015259,4.9341
0.018616,0.0024414,4.9243
0.020294,0.0050354,4.9353
0.02243,0.0036621,4.9329
0.023193,0.0054932,4.9329
0.023041,0.0041199,4.9377
0.020905,0.0047302,4.9341
0.018768,0.0079346,4.9329
0.018921,0.010834,4.928
0.018768,0.012817,4.9292
0.020294,0.014954,4.9207
0.022736,0.014038,4.9255
0.022736,0.010834,4.9231
0.020905,0.0093079,4.9255
0.023346,0.0065613,4.9182
0.023651,0.0068665,4.9182
0.022888,0.0079346,0.046387
0.024261,0.0097656,0.046387
0.02594,0.0090027,0.032959
0.027313,0.0061035,0.042725
0.027313,0.0045776,0.031738
0.026093,-0.00061035,0.037842
0.023804,-0.0012207,0.041504
0.022888,-0.0015259,0.036621
0.021973,-0.0013733,0.040283
0.024109,-0.0018311,0.036621
0.025177,-0.0022888,0.041504
0.027618,-0.0035095,0.0354
0.028839,0,0.041504
0.03006,-0.00061035,0.041504
0.030823,0.002594,0.041504
0.031738,0.0059509,0.036621
0.033569,0.0073242,0.045166
0.036774,0.0074768,0.047607
0.038605,0.0067139,0.047607
0.039215,0.0059509,0.058594
0.037689,0.0061035,0.053711
0.035248,0.0074768,0.040283
0.033722,0.0085449,0.05249
0.031586,0.0094604,0.056152
0.029755,0.011749,0.059814
0.026703,0.011902,0.053711
0.024261,0.010223,0.059814
0.020447,0.010376,0.062256
0.016937,0.0094604,0.061035
0.015411,0.0091553,0.062256
0.014343,0.0093079,0.058594
0.016327,0.012207,0.062256
0.016785,0.013428,0.063477
0.018768,0.016022,0.067139
0.019226,0.015106,0.081787
0.019379,0.011749,0.06958
0.019073,0.0082397,0.061035
0.018616,0.0053406,0.067139
0.019684,0.0038147,0.057373
0.019989,0.0032043,0.057373
0.019226,0.0019836,0.059814
0.017548,-0.00091553,0.057373
0.016479,-0.0041199,0.05249
0.016022,-0.0057983,0.048828
0.016632,-0.0061035,0.05127
0.017242,-0.0050354,0.048828
0.017242,-0.00045776,0.047607
0.016785,0.00030518,0.046387
0.015411,0.0013733,0.048828
0.015259,0.0028992,0.046387
0.016327,0.0041199,0.046387
0.016632,0.0068665,0.043945
0.016937,0.0091553,0.040283
0.018311,0.010223,0.050049
0.018005,0.010529,0.042725
0.018311,0.0079346,0.05249
0.018005,0.0076294,0.039063
0.018005,0.007782,0.032959
0.018616,0.0099182,0.037842
0.019836,0.012817,0.039063
0.021515,0.014191,0.036621
0.023193,0.013275,0.037842
0.024261,0.0088501,0.039063
0.022583,0.0036621,0.041504
0.020599,0.00030518,0.043945
0.019226,-0.002594,0.047607
0.016937,-0.0013733,0.045166
0.015869,-0.00030518,0.05249
0.014496,0.0010681,0.054932
0.01358,0.0013733,0.057373
0.01236,-0.00076294,0.063477
0.011902,-0.0010681,0.058594
0.01358,-0.00030518,0.061035
0.014954,0.0027466,0.059814
0.016632,0.0064087,0.064697
0.018158,0.0093079,0.061035
0.019073,0.0099182,0.058594
0.018616,0.0071716,0.058594
0.0177,0.004425,4.2712
0.01709,0.0018311,4.8865
0.016327,0.0016785,4.9268
0.014343,0.0038147,4.9316
0.012817,0.0056458,4.9377
0.011902,0.0082397,4.9353
0.011292,0.0082397,4.9365
0.010986,0.0048828,4.9329
0.012207,0.00045776,4.9329
0.012817,-0.0042725,4.9304
0.012207,-0.0071716,4.9304
0.012665,-0.0091553,4.9377
0.011444,-0.0083923,4.9243
0.011292,-0.0061035,4.9243
0.010223,-0.0048828,4.9207
0.011444,-0.0041199,4.9011
0.010529,-0.0028992,4.9109
0.010376,-0.0018311,4.9194
0.010529,-0.00015259,4.9158
0.011597,0.00015259,4.9182
0.01297,0.00030518,4.9121
0.013275,-0.0018311,4.9109
0.015717,-0.0056458,4.906
0.017853,-0.0064087,4.9109
0.018921,-0.010529,4.906
0.020294,-0.011749,4.9133
0.020752,-0.010071,4.9109
0.021057,-0.0086975,4.9109
0.02243,-0.0068665,4.9121
0.020752,-0.0045776,4.9097
0.024414,-0.0050354,4.9072
0.025787,-0.0057983,4.9109
0.02594,-0.0050354,4.9036
0.026398,-0.0067139,4.9146
0.03006,-0.0074768,4.9036
0.029449,-0.0076294,4.9146
0.032196,-0.0097656,4.9146
0.032501,-0.0088501,4.9158
0.032043,-0.0056458,4.9243
0.030823,-0.0064087,4.9207
0.029297,-0.0041199,4.928
0.03006,-0.002594,4.9268
0.02533,0.00015259,4.9353
0.024414,-0.00045776,4.9231
0.024414,0.0010681,4.9353
0.026398,0.00045776,4.9304
0.028229,0.00045776,4.9316
0.030212,-0.00015259,4.9365
0.032806,-0.0030518,4.9353
0.035248,-0.002594,4.9402
0.036011,-0.0032043,4.9329
0.036011,-0.0032043,4.9231
0.036011,-0.0028992,4.9377
0.035553,-0.0038147,4.9341
0.03479,-0.0045776,4.9365
0.033875,-0.0027466,4.9341
0.032196,-0.002594,4.9304
0.034027,-0.002594,4.9316
0.03418,-0.0015259,4.9255
0.036163,-0.00015259,4.9084
0.037994,0.0012207,4.9219
0.038605,0.002594,4.9255
0.039063,0.0042725,4.9231
0.0383,0.0041199,4.9243
0.036774,0.0073242,4.9158
0.036774,0.0097656,4.9219
0.032959,0.010986,4.9194
0.031281,0.011292,4.917
0.030518,0.010681,4.9194
0.032349,0.012207,4.917
0.03067,0.013733,4.8987
0.030365,0.013885,4.9109
0.030365,0.013275,0.036621
0.031586,0.01236,0.039063
0.031433,0.010681,0.037842
0.031128,0.0090027,0.0354
0.028229,0.0091553,0.041504
0.027008,0.010376,0.039063
0.02533,0.011139,0.039063
0.022583,0.011597,0.040283
0.023804,0.010223,0.042725
0.023193,0.0093079,0.043945
0.023956,0.0065613,0.046387
0.023804,0.0047302,0.057373
0.024567,0.0059509,0.050049
0.025482,0.0068665,0.056152
0.027161,0.0065613,0.053711
0.027161,0.0048828,0.037842
0.027313,0.0019836,0.056152
0.026245,-0.0010681,0.057373
0.02533,-0.0027466,0.058594
0.022888,-0.0016785,0.061035
0.020294,-0.00091553,0.057373
0.020447,0.0016785,0.064697
0.019379,0.0032043,0.059814
0.021057,0.0038147,0.061035
0.02243,0.0050354,0.057373
0.023193,0.0065613,0.063477
0.023956,0.0080872,0.063477
0.023804,0.011749,0.067139
0.024109,0.014801,0.072021
0.024872,0.016327,0.068359
0.024872,0.017548,0.067139
0.026703,0.015717,0.062256
0.027618,0.012817,0.076904
0.026855,0.0093079,0.061035
0.023804,0.0057983,0.061035
0.023956,0.0042725,0.054932
0.021362,0.0057983,0.054932
0.02121,0.0039673,0.047607
0.020294,0.0053406,0.05249
0.019379,0.0053406,0.046387
0.018616,0.0030518,0.046387
0.018005,-0.0028992,0.045166
0.014496,-0.0021362,0.046387
0.014648,-0.0013733,0.042725
0.015106,-0.004425,0.043945
0.015564,-0.0035095,0.042725
0.015869,-0.002594,0.041504
0.015717,-0.0016785,0.045166
0.014801,-0.00091553,0.040283
0.013885,-0.00045776,0.047607
0.013733,0.00091553,0.041504
0.014496,0.0022888,0.026855
0.016022,0.0035095,0.040283
0.018005,0.005188,0.037842
0.02182,0.0059509,0.0354
0.025482,0.0059509,0.040283
0.025177,0.0061035,0.037842
0.031891,0.0045776,0.037842
0.033875,0.0042725,0.043945
0.03479,0.0021362,0.048828
0.033264,0.0015259,0.046387
0.030823,0.0018311,0.054932
0.029297,0.0021362,0.053711
0.028229,-0.0036621,0.054932
0.027008,0.0016785,0.057373
0.026398,0.00091553,0.059814
0.023193,0.00030518,0.061035
0.019989,0.00015259,0.058594
0.019073,0.00015259,0.072021
0.019226,-0.00015259,0.059814
0.020294,-0.00091553,0.046387
0.020294,-0.0019836,0.057373
0.019073,-0.0038147,0.061035
0.016022,-0.005188,0.059814
0.013428,-0.0065613,0.062256
0.011139,-0.0073242,0.059814
0.0099182,-0.0074768,0.067139
0.0094604,-0.0079346,0.067139
0.0083923,-0.0082397,4.3433
0.0083923,-0.0082397,4.8901
0.009613,-0.0086975,4.9316
0.011597,-0.0093079,4.9243
0.013428,-0.010376,4.9304
0.015259,-0.011444,4.939
0.017395,-0.011139,4.9243
0.019226,-0.0093079,4.9207
0.019836,-0.007782,4.9207
0.021362,-0.0054932,4.9109
0.023041,-0.0039673,4.9146
0.019836,-0.0022888,4.9146
0.019073,-0.0028992,4.9158
0.017395,-0.0032043,4.9146
0.018311,-0.0039673,4.9097
0.019379,-0.004425,4.9146
0.022583,-0.0053406,4.9109
0.024261,-0.0042725,4.9109
0.024109,-0.0064087,4.9048
0.022736,-0.0061035,4.9133
0.021362,-0.0045776,4.9109
0.018768,-0.0010681,4.9121
0.016785,0.0019836,4.9072
0.014954,0.0039673,4.9121
0.015259,0.0053406,4.917
0.015564,0.0053406,4.9109
0.013428,0.0042725,4.9219
0.011749,0.0030518,4.9133
0.010223,0.0013733,4.9036
0.010529,0.0010681,4.9158
0.011749,0.00061035,4.9182
0.014496,0.00061035,4.917
0.014954,0.0013733,4.9194
0.013275,-0.00076294,4.9219
0.011139,-0.0010681,4.9268
0.0090027,-0.00076294,4.9255
0.0082397,-0.00015259,4.9304
0.0080872,0.0019836,4.9097
0.010223,0.0054932,4.9341
0.012207,0.009613,4.9341
0.012665,0.011597,4.9329
0.014038,0.011444,4.9365
0.014343,0.0088501,4.9304
0.015106,0.0054932,4.9329
0.016632,0.005188,4.9365
0.018463,0.0062561,4.9402
0.018311,0.0074768,4.9353
0.016022,0.0085449,4.9426
0.013275,0.0083923,4.9353
0.010681,0.0059509,4.9353
0.010071,0.0030518,4.9329
0.010376,0.00061035,4.9316
0.011292,-0.00061035,4.9243
0.01236,-0.00076294,4.9304
0.01236,-0.00030518,4.9207
0.010681,0,4.9255
0.010681,0.00045776,4.9207
0.011139,0.00030518,4.9219
0.012207,0.00091553,4.9182
0.014038,-0.00061035,4.9158
0.01236,-0.00091553,4.9304
0.011902,0.00061035,4.917
0.011749,0.0012207,4.9219
0.013428,0.0061035,4.9146
0.016632,0.0097656,4.9011
0.019989,0.011597,4.9097
0.02243,0.01297,4.9121
0.024567,0.010071,4.9097
0.026245,0.0085449,4.9133
0.028076,0.0059509,4.9084
0.029297,0.0042725,4.9109
0.030823,0.0030518,0.036621
0.030212,0.0028992,0.040283
0.029449,0.0018311,0.037842
0.028687,-0.0013733,0.039063
0.028687,-0.0048828,0.043945
0.028229,-0.005188,0.045166
0.028229,-0.0054932,0.053711
0.027313,-0.0053406,0.05127
0.025482,-0.0030518,0.048828
0.024567,-0.00091553,0.05127
0.023956,0.00061035,0.054932
0.023651,0.00045776,0.05249
0.023041,0.00015259,0.043945
0.023804,0.00045776,0.059814
0.023499,-0.00061035,0.059814
0.024719,-0.00030518,0.059814
0.02594,0.00045776,0.063477
0.025482,0.002594,0.058594
0.026703,0,0.063477
0.027771,0.0018311,0.058594
0.030823,0.0012207,0.062256
0.027618,0.0022888,0.062256
0.027771,0.00061035,0.065918
0.027924,-0.00015259,0.063477
0.027161,-0.0015259,0.068359
0.027924,-0.0027466,0.075684
0.028229,-0.0047302,0.064697
0.026093,-0.005188,0.074463
0.02533,-0.0036621,0.061035
0.024261,-0.0033569,0.047607
0.023651,-0.00091553,0.056152
0.024872,0.0019836,0.05249
0.026245,0.0019836,0.048828
0.023041,0.0016785,0.05249
0.02121,0.00091553,0.048828
0.019989,0.00045776,0.045166
0.020599,0.0027466,0.047607
0.021515,0.0027466,0.042725
0.023346,0.0036621,0.041504
0.022278,0.0038147,0.045166
0.023193,0.0027466,0.045166
0.019684,0.0056458,0.042725
0.019684,0.0035095,0.041504
0.016327,0.0061035,0.041504
0.019684,0.0073242,0.041504
0.019684,0.0088501,0.040283
0.020294,0.0091553,0.0354
0.020142,0.0067139,0.039063
0.020599,0.0062561,0.045166
0.024567,0.005188,0.037842
0.022278,0.0047302,0.040283
0.023956,0.0048828,0.039063
0.026245,0.004425,0.041504
0.025787,0.0042725,0.041504
0.023193,-0.00045776,0.047607
0.020142,-0.00061035,0.045166
0.019073,-0.0016785,0.05249
0.018005,-0.0018311,0.05249
0.019989,-0.0016785,0.058594
0.017548,-0.002594,0.054932
0.017242,-0.005188,0.062256
0.018158,-0.0068665,0.06958
0.020447,-0.0076294,0.061035
0.018463,-0.0061035,0.068359
0.019379,-0.0022888,0.062256
0.020905,0.0024414,0.042725
0.023041,0.0048828,0.063477
0.02533,0.0082397,0.059814
0.025787,0.010071,0.063477
0.026093,0.0088501,0.061035
0.02594,0.011139,0.059814
0.028229,0.011597,0.065918
0.029144,0.014038,0.065918
0.030212,0.015106,0.065918
0.030365,0.014343,0.062256
0.029755,0.011749,0.063477
0.028076,0.0083923,0.057373
0.025787,0.004425,0.061035
0.02594,0.0016785,2.4951
0.027313,-0.0015259,4.7778
0.027924,0.00061035,4.9121
0.028839,-0.0045776,4.9158
0.029755,-0.0056458,4.9255
0.027008,-0.0057983,4.9158
0.02594,-0.0057983,4.9194
0.024109,-0.0067139,4.9146
0.023956,-0.007019,4.9158
0.023804,-0.0073242,4.9109
0.022888,-0.0039673,4.9133
0.023651,0,4.9084
0.02655,0.004425,4.9133
0.026245,0.010681,4.906
0.028687,0.0090027,4.9133
0.031281,0.0076294,4.9084
0.032806,0.0057983,4.9121
0.032654,0.0047302,4.9084
0.032196,0.004425,4.9109
0.030975,0.0041199,4.9194
0.029297,0.0036621,4.9121
0.028229,0.00030518,4.9207
0.027924,-0.0018311,4.9109
0.029297,-0.0036621,4.906
0.031128,-0.0038147,4.9158
0.032349,-0.0018311,4.917
0.032654,-0.00061035,4.917
0.031433,0.00061035,4.9219
0.027161,0.0027466,4.9255
0.028229,0.0028992,4.9268
0.02655,0.005188,4.9268
0.025787,0.0064087,4.9329
0.022736,0.0074768,4.928
0.024109,0.0059509,4.9329
0.01709,0.0035095,4.9316
0.014801,0.0015259,4.9329
0.012665,0.0012207,4.9316
0.014038,0.0022888,4.9329
0.015106,0.0041199,4.9316
0.013885,0.0035095,4.9329
0.011902,0.00045776,4.9451
0.0091553,-0.0027466,4.9365
0.0059509,-0.0045776,4.9316
0.0047302,-0.0050354,4.9353
0.0047302,-0.0032043,4.9329
0.0054932,-0.00030518,4.9316
0.0056458,0.0021362,4.9329
0.0065613,0.0028992,4.9158
0.0065613,0.0027466,4.928
0.0094604,0.0030518,4.9231
0.012817,0.0042725,4.9243
0.014496,0.0047302,4.9207
0.017395,0.0065613,4.9194
0.018463,0.0071716,4.9219
0.018921,0.0045776,4.9207
0.019226,0.0045776,4.9268
0.017853,0.0019836,4.9182
0.016785,-0.00030518,4.9109
0.015411,-0.00030518,4.9146
0.014038,0.00061035,4.895
0.013733,0.00076294,4.9084
0.012207,0.0024414,4.9097
0.011749,0.0038147,4.9109
0.0099182,0.0050354,4.9109
0.0093079,0.0064087,4.906
0.0088501,0.0061035,4.9097
0.0093079,0.0071716,4.9146
0.011139,0.0067139,4.9133
0.011444,0.0073242,4.9072
0.012054,0.0083923,4.9146
0.012512,0.0083923,4.9121
0.011597,0.0071716,4.9133
0.011292,0.0061035,0.045166
0.010986,0.0032043,0.046387
0.010834,0.0024414,0.05127
0.009613,0.0022888,0.053711
0.0088501,0.0033569,0.064697
0.0073242,0.0059509,0.059814
0.0076294,0.0057983,0.05127
0.0074768,0.0047302,0.058594
0.0083923,0.0021362,0.062256
0.0086975,-0.00045776,0.061035
0.0099182,-0.00061035,0.062256
0.010223,-0.00061035,0.061035
0.0097656,0.00061035,0.058594
0.0091553,0.0028992,0.063477
0.0076294,0.0047302,0.064697
0.0085449,0.0047302,0.059814
0.0082397,0.0048828,0.065918
0.010376,0.0054932,0.065918
0.012054,0.0059509,0.067139
0.013428,0.0054932,0.075684
0.015259,0.0056458,0.065918
0.015106,0.0047302,0.064697
0.015717,0.0030518,0.062256
0.016937,0.0035095,0.05127
0.018005,0.005188,0.061035
0.020752,0.007782,0.054932
0.019989,0.0082397,0.048828
0.018005,0.0086975,0.05249
0.017242,0.0073242,0.048828
0.014801,0.0045776,0.043945
0.015259,0.0013733,0.045166
0.016327,-0.0022888,0.048828
0.01709,-0.004425,0.039063
0.018005,-0.0047302,0.043945
0.016479,-0.0053406,0.05127
0.015411,-0.0048828,0.043945
0.013428,-0.0050354,0.039063
0.014648,-0.005188,0.040283
0.014648,-0.0054932,0.047607
0.015411,-0.0059509,0.040283
0.016479,-0.0054932,0.048828
0.016937,-0.0065613,0.041504
0.014496,-0.0076294,0.029297
0.019226,-0.0056458,0.0354
0.020294,-0.0080872,0.039063
0.02121,-0.0065613,0.039063
0.022278,-0.005188,0.040283
0.02243,-0.0048828,0.041504
0.021973,-0.002594,0.048828
0.021973,-0.0018311,0.045166
0.02243,-0.0018311,0.053711
0.023804,-0.0012207,0.047607
0.02655,-0.0027466,0.057373
0.029144,-0.0012207,0.054932
0.032349,-0.00076294,0.062256
0.034332,0.00015259,0.072021
0.035706,0,0.067139
0.036316,-0.0012207,0.059814
0.035706,-0.0059509,0.064697
0.036469,-0.009613,0.056152
0.031586,-0.011139,0.057373
0.027313,-0.010681,0.057373
0.024872,-0.0085449,0.058594
0.021362,-0.0071716,0.059814
0.019531,-0.0061035,0.062256
0.018768,-0.0057983,0.063477
0.018463,-0.010529,0.062256
0.019531,-0.005188,0.067139
0.020752,-0.0042725,0.062256
0.02182,-0.0012207,0.064697
0.022888,0.0016785,0.061035
0.022736,0.0012207,0.061035
0.023041,0.0027466,0.057373
0.021362,0.00076294,0.056152
0.021362,-0.0021362,0.062256
0.020905,-0.0038147,0.05249
0.021667,-0.0039673,0.059814
0.02243,-0.0021362,0.88989
0.022278,0.00030518,4.668
0.023041,0.0024414,4.8962
0.024261,0.0027466,4.9097
0.024261,0.0021362,4.9133
0.027466,0.00076294,4.9121
0.025635,0.00061035,4.9084
0.024872,0.0010681,4.9133
0.024414,0.0032043,4.9048
0.023193,0.0022888,4.9133
0.02594,0.0018311,4.9084
0.023193,-0.0018311,4.9133
0.022125,-0.0053406,4.9109
0.020752,-0.0064087,4.9158
0.018463,-0.0065613,4.9109
0.0177,-0.0042725,4.917
0.015717,-0.0010681,4.9072
0.015717,-0.0028992,4.9097
0.014954,-0.00076294,4.9109
0.014038,-0.0010681,4.9158
0.011292,-0.00076294,4.9182
0.014954,-0.0013733,4.917
0.016937,-0.00015259,4.9207
0.018005,0.00091553,4.9207
0.019379,0.0016785,4.9243
0.019989,0.0018311,4.9255
0.019379,0.0045776,4.9341
0.020447,0.0021362,4.9304
0.021667,0.0030518,4.9329
0.023499,0.0035095,4.9292
0.025787,0.0059509,4.9353
0.027313,0.0086975,4.9304
0.028381,0.0086975,4.9255
0.029907,0.0090027,4.9365
0.03067,0.0045776,4.9329
0.029449,0.00061035,4.9341
0.032806,-0.00061035,4.9365
0.033569,0.00091553,4.9207
0.032959,0.0035095,4.9329
0.030823,0.0057983,4.9353
0.026093,0.0036621,4.9353
0.022125,-0.0015259,4.9329
0.020447,-0.0042725,4.9292
0.019989,-0.010223,4.9365
0.020142,-0.010071,4.9255
0.020142,-0.0079346,4.9219
0.018616,-0.0039673,4.917
0.018158,-0.0021362,4.9207
0.01709,-0.0015259,4.9207
0.018158,-0.0038147,4.9011
0.018616,-0.0057983,4.906
0.021667,-0.0067139,4.917
0.024872,-0.0032043,4.917
0.024719,0.0045776,4.9158
0.024109,0.011444,4.9109
0.023804,0.014648,4.9109
0.026093,0.013275,4.9158
0.027466,0.0097656,4.9121
0.031433,0.0038147,4.9072
0.03418,0.0030518,4.9097
0.0354,0.0065613,4.9109
0.034637,0.011292,4.9084
0.032959,0.014648,4.9084
0.033417,0.014648,4.9121
0.033875,0.01236,4.9146
0.034943,0.0071716,4.9109
0.034637,0.0041199,4.9158
0.036316,0.0041199,4.9158
0.029602,0.0062561,4.9207
0.027618,0.010223,4.9304
0.025177,0.012054,4.9194
0.023651,0.010834,4.928
0.023346,0.0091553,4.9231
0.018616,0.0061035,0.047607
0.021057,0.0019836,0.058594
0.0177,0.00061035,0.054932
0.013275,0.00061035,0.058594
0.010223,0.0015259,0.062256
0.0086975,0.0019836,0.062256
0.0082397,0.0012207,0.062256
0.0079346,-0.00091553,0.058594
0.0073242,-0.0041199,0.064697
0.0061035,-0.0053406,0.058594
0.0050354,-0.0067139,0.065918
0.0047302,-0.0067139,0.065918
0.0057983,-0.0032043,0.068359
0.0093079,-0.00091553,0.06958
0.013885,-0.00076294,0.06958
0.019226,-0.00030518,0.064697
0.022278,-0.0048828,0.065918
0.023193,-0.0038147,0.072021
0.023499,-0.0021362,0.059814
0.023804,-0.00091553,0.05127
0.024872,0.0028992,0.05127
0.025635,0.005188,0.05249
0.02655,0.0048828,0.050049
0.026855,0.0068665,0.040283
0.027008,0.007782,0.043945
0.026093,0.009613,0.048828
0.024719,0.011902,0.040283
0.023956,0.012054,0.046387
0.024414,0.0099182,0.043945
0.02594,0.0062561,0.045166
0.025482,0.0032043,0.040283
0.024109,-0.00030518,0.039063
0.019531,-0.0013733,0.05249
0.014801,-0.00015259,0.040283
0.0086975,0.00030518,0.040283
0.0050354,0.0015259,0.039063
0.0028992,0.0039673,0.023193
0.0016785,0.0045776,0.036621
0.0018311,0.0050354,0.039063
0.00045776,0.0061035,0.040283
-0.00015259,0.0045776,0.039063
0,0.0039673,0.039063
0.0013733,0.0024414,0.043945
0.0048828,0.0010681,0.045166
0.0057983,0,0.050049
0.007782,-0.0015259,0.047607
0.0090027,-0.0016785,0.056152
0.0093079,-0.00061035,0.056152
0.0091553,0.00030518,0.059814
0.0094604,0.00076294,0.062256
0.011444,0.0018311,0.059814
0.011444,0.0039673,0.062256
0.013885,0.0067139,0.063477
0.015259,0.0080872,0.074463
0.016327,0.0080872,0.058594
0.015259,0.007019,0.050049
0.014801,0.0047302,0.062256
0.014648,0.0028992,0.062256
0.015869,0.0012207,0.058594
0.0177,0.0022888,0.065918
0.018158,0.0039673,0.064697
0.017395,0.0053406,0.064697
0.016632,0.0054932,0.064697
0.01358,0.0038147,0.068359
0.013428,0.00061035,0.058594
0.014801,0.00030518,0.063477
0.016632,0.00076294,0.059814
0.020447,0.002594,0.057373
0.021515,0.002594,0.062256
0.020905,0.005188,0.054932
0.018463,0.0048828,0.048828
0.016327,0.0032043,0.05127
0.015564,0.0016785,0.040283
0.015411,0.0013733,0.045166
0.014496,-0.00091553,0.045166
0.013733,-0.0024414,0.031738
0.01236,-0.0030518,0.041504
0.012665,-0.0033569,0.037842
0.01358,-0.0039673,4.585
0.016022,-0.0042725,4.884
0.020294,-0.0056458,4.9072
0.02182,-0.0086975,4.906
0.023956,-0.0079346,4.9036
0.023346,-0.0073242,4.9109
0.023499,-0.0062561,4.9109
0.021515,-0.0032043,4.9072
0.022583,-0.00076294,4.9109
0.025787,0.00030518,4.917
0.028534,0.00030518,4.9109
0.030975,-0.002594,4.9194
0.031891,-0.0050354,4.9121
0.032196,-0.0054932,4.8987
0.032806,-0.004425,4.9158
0.031586,-0.0022888,4.917
0.030975,-0.0013733,4.9231
0.031433,-0.0013733,4.9255
0.028687,-0.0041199,4.9207
0.03067,-0.0076294,4.9316
0.028687,-0.0062561,4.939
0.026703,-0.0030518,4.9329
0.024567,0.00045776,4.928
0.024567,0.0019836,4.9341
0.026703,0.0013733,4.9304
0.028839,-0.00061035,4.9316
0.028992,-0.00015259,4.9426
0.027771,-0.00091553,4.9341
0.026093,0.00076294,4.9316
0.023346,0.0048828,4.9365
0.021667,0.0056458,4.9402
0.021667,0.0059509,4.9438
0.023499,0.0039673,4.9438
0.024872,0.004425,4.9329
0.026703,0.0071716,4.9316
0.025482,0.0082397,4.9292
0.027924,0.0082397,4.9329
0.027466,0.0064087,4.928
0.028839,0.0053406,4.9268
0.028992,0.0064087,4.9207
0.028076,0.0057983,4.9219
0.02655,0.0050354,4.917
0.024261,0.0048828,4.917
0.02243,0.0059509,4.9207
0.020294,0.007019,4.9207
0.018921,0.0057983,4.9268
0.018768,0.0064087,4.9146
0.019989,0.0038147,4.9255
0.021515,-0.00015259,4.9097
0.02243,-0.0024414,4.8999
0.023041,-0.0057983,4.9121
0.020599,-0.0061035,4.9097
0.018463,-0.0036621,4.9084
0.016785,-0.0016785,4.9084
0.016022,-0.0024414,4.9072
0.014496,-0.004425,4.9084
0.016327,-0.0059509,4.9048
0.016937,-0.004425,4.8962
0.017242,-0.0065613,4.9084
0.016937,-0.0038147,4.9146
0.015564,-0.0024414,4.9133
0.016479,-0.0012207,4.9207
0.019531,-0.0032043,4.9194
0.021667,-0.0036621,4.9158
0.024567,-0.007019,4.9207
0.022888,-0.0073242,4.9243
0.021667,-0.0030518,4.928
0.020142,0.0012207,4.9304
0.018768,0.0065613,4.9231
0.020294,0.0067139,4.9292
0.020447,0.0036621,4.9341
0.019836,0.00091553,4.9304
0.018921,0.00061035,0.11841
0.016174,0.00061035,0.057373
0.015869,0.0032043,0.063477
0.016937,0.0048828,0.061035
0.021667,0.0036621,0.063477
0.024719,0.00045776,0.064697
0.027924,-0.0061035,0.065918
0.027771,-0.013123,0.063477
0.024872,-0.016022,0.067139
0.02243,-0.015106,0.078125
0.019379,-0.014496,0.067139
0.0177,-0.014801,0.065918
0.016174,-0.0177,0.061035
0.015564,-0.018463,0.040283
0.013275,-0.018463,0.056152
0.01297,-0.017242,0.048828
0.013428,-0.014801,0.05127
0.015259,-0.010376,0.048828
0.018311,-0.0079346,0.046387
0.022583,-0.007782,0.047607
0.026703,-0.0090027,0.042725
0.03006,-0.011749,0.047607
0.031281,-0.012665,0.031738
0.031128,-0.012054,0.042725
0.027771,-0.011749,0.041504
0.024719,-0.010071,0.041504
0.022278,-0.0076294,0.042725
0.023346,-0.0050354,0.036621
0.021057,-0.0028992,0.037842
0.023041,-0.0015259,0.042725
0.023346,-0.0021362,0.032959
0.023041,-0.0033569,0.039063
0.022583,-0.0019836,0.031738
0.022888,-0.0010681,0.039063
0.025482,0.00015259,0.040283
0.027161,0,0.040283
0.029602,-0.0013733,0.036621
0.029297,-0.0013733,0.040283
0.027008,-0.00015259,0.047607
0.024261,-0.00045776,0.046387
0.019989,0.0032043,0.054932
0.018158,0.0045776,0.048828
0.016174,0.0059509,0.057373
0.015869,0.0019836,0.056152
0.015717,-0.0032043,0.059814
0.015717,-0.0057983,0.06958
0.012817,-0.0074768,0.062256
0.010071,-0.0061035,0.070801
0.0085449,-0.0048828,0.059814
0.007782,-0.0038147,0.05249
0.0064087,-0.0067139,0.059814
0.0062561,-0.0099182,0.061035
0.0041199,-0.013275,0.058594
0.0016785,-0.014496,0.064697
-0.00076294,-0.012665,0.062256
-0.0018311,-0.0088501,0.061035
-0.0015259,-0.0047302,0.062256
0.0027466,-0.0024414,0.067139
0.005188,-0.0022888,0.059814
0.0076294,-0.002594,0.062256
0.0085449,-0.00091553,0.062256
0.011444,0.0013733,0.059814
0.014191,0.0047302,0.054932
0.016479,0.0076294,0.054932
0.019379,0.0094604,0.058594
0.020294,0.0099182,0.053711
0.020142,0.010986,0.058594
0.019836,0.010986,0.047607
0.018311,0.012665,0.03418
0.017242,0.014496,0.042725
0.016937,0.015564,0.042725
0.01709,0.015717,0.042725
0.016479,0.01358,0.041504
0.014648,0.009613,0.042725
0.013733,0.0079346,0.042725
0.013275,0.0074768,0.037842
0.013428,0.0082397,0.040283
0.014954,0.010376,0.036621
0.017548,0.011902,3.9978
0.018311,0.01358,4.8486
0.018463,0.012054,4.9036
0.01709,0.0099182,4.9194
0.014191,0.0088501,4.9097
0.010529,0.0094604,4.9158
0.0071716,0.010681,4.9146
0.0048828,0.011597,4.8975
0.0039673,0.010986,4.9158
0.0053406,0.0079346,4.9133
0.0032043,0.0042725,4.9194
0.0042725,0.002594,4.9219
0.0065613,0.0028992,4.9219
0.0056458,0.0059509,4.9268
0.0073242,0.010681,4.9292
0.0082397,0.012665,4.9329
0.009613,0.014191,4.9268
0.0090027,0.014343,4.9329
0.011139,0.0080872,4.9316
0.01236,0.0047302,4.928
0.010071,0.0019836,4.9353
0.0090027,0.0013733,4.9341
0.012665,0.0019836,4.9353
0.011597,0.0028992,4.9365
0.017395,0.002594,4.9451
0.020447,0.0022888,4.9341
0.02121,0.0016785,4.928
0.021667,0.002594,4.9341
0.020905,0.0035095,4.9341
0.022583,0.0035095,4.9304
0.022583,0.0042725,4.9329
0.022278,0.0022888,4.9255
0.023041,0.00061035,4.9268
0.02243,0,4.9219
0.024261,-0.00045776,4.9231
0.023346,0.00030518,4.9194
0.025024,0.002594,4.9207
0.025177,0.0042725,4.9207
0.023804,0.005188,4.9207
0.023193,0.0042725,4.9194
0.02182,0.00061035,4.9194
0.02121,-0.0038147,4.9109
0.019531,-0.0068665,4.9109
0.017853,-0.0054932,4.9023
0.017548,-0.004425,4.9097
0.018158,-0.0030518,4.9084
0.019226,-0.0032043,4.9097
0.020294,-0.0036621,4.9109
0.023041,-0.0053406,4.9084
0.026703,-0.0054932,4.9084
0.027924,-0.0053406,4.906
0.03006,-0.0064087,4.9121
0.03067,-0.004425,4.9072
0.031128,-0.0028992,4.9133
0.032043,-0.0032043,4.9109
0.033264,-0.0045776,4.9158
0.03418,-0.0033569,4.9121
0.03479,-0.0013733,4.9194
0.036621,0.00061035,4.9231
0.037079,0.0033569,4.9231
0.036469,0.0041199,4.9304
0.036621,0.0032043,4.928
0.036316,0.0022888,4.917
0.037384,-0.00030518,4.9243
0.0354,-0.0028992,4.9292
0.033417,-0.0059509,4.9329
0.032501,-0.0065613,4.9292
0.03006,-0.0085449,4.928
0.030212,-0.0086975,4.9365
0.030823,-0.0073242,4.9304
0.031433,-0.0059509,4.9341
0.031433,-0.0039673,4.9292
0.029449,-0.0021362,4.939
0.029297,-0.00076294,0.063477
0.028229,0.0013733,0.065918
0.026398,0.0012207,0.079346
0.025787,0.0027466,0.068359
0.025024,0.0041199,0.063477
0.025787,0.0056458,0.058594
0.026398,0.0099182,0.054932
0.028076,0.009613,0.057373
0.027466,0.011292,0.053711
0.028534,0.010986,0.05249
0.027771,0.0093079,0.048828
0.026245,0.0079346,0.045166
0.025635,0.0047302,0.05127
0.023346,0.0021362,0.045166
0.022125,-0.00076294,0.047607
0.020294,-0.0018311,0.042725
0.019379,-0.0022888,0.046387
0.016937,-0.0016785,0.043945
0.016937,-0.0013733,0.045166
0.018005,-0.0015259,0.040283
0.019989,-0.0015259,0.040283
0.023651,-0.0022888,0.048828
0.022736,-0.0016785,0.039063
0.023651,-0.00045776,0.05127
0.025635,-0.00045776,0.037842
0.026703,-0.00045776,0.03418
0.028076,-0.0013733,0.041504
0.029144,-0.0018311,0.039063
0.026093,-0.0022888,0.041504
0.029449,-0.0027466,0.042725
0.028534,0.00015259,0.040283
0.027466,-0.0016785,0.043945
0.024872,-0.0016785,0.045166
0.026398,-0.00045776,0.047607
0.027008,-0.00076294,0.047607
0.027924,-0.0010681,0.056152
0.026855,-0.0010681,0.056152
0.024872,-0.0010681,0.061035
0.021362,-0.00076294,0.068359
0.022888,-0.0022888,0.062256
0.024109,-0.0033569,0.063477
0.024872,-0.0039673,0.061035
0.026093,-0.0047302,0.062256
0.026245,-0.0048828,0.058594
0.024414,-0.0059509,0.057373
0.023193,-0.0074768,0.059814
0.022125,-0.0079346,0.062256
0.022125,-0.007782,0.062256
0.022583,-0.0067139,0.064697
0.024567,-0.0062561,0.063477
0.02655,-0.005188,0.070801
0.027924,-0.0053406,0.063477
0.028687,-0.0059509,0.067139
0.029297,-0.0050354,0.061035
0.029449,-0.0047302,0.061035
0.030212,-0.0030518,0.056152
0.030365,-0.0021362,0.058594
0.031128,-0.00061035,0.065918
0.033569,-0.0013733,0.05249
0.031281,-0.0038147,0.057373
0.031738,-0.005188,0.050049
0.031891,-0.0080872,0.032959
0.030975,-0.0083923,0.043945
0.030212,-0.0071716,0.041504
0.029297,-0.0057983,0.039063
0.027771,-0.0024414,0.042725
0.028992,-0.0019836,0.039063
0.028992,-0.0022888,0.042725
0.027466,-0.0022888,0.037842
0.026855,-0.0035095,0.041504
0.02594,-0.0027466,0.037842
0.026093,-0.0028992,0.043945
0.025787,-0.0016785,0.0354
0.024872,-0.0019836,0.041504
0.023804,-0.0019836,0.045166
0.022125,-0.0030518,0.045166
0.018311,-0.005188,0.037842
0.014801,-0.0053406,4.5764
0.011597,-0.0050354,4.884
0.0094604,-0.0039673,4.8889
0.0083923,-0.0018311,4.9158
0.0076294,0.00061035,4.9194
0.0083923,0.0027466,4.9207
0.0097656,0.0047302,4.9194
0.013123,0.0062561,4.9255
0.015259,0.005188,4.9207
0.017395,0.0022888,4.9292
0.018463,0.00030518,4.9292
0.018158,-0.0013733,4.9329
0.017242,-0.0032043,4.928
0.016479,-0.0048828,4.9353
0.014343,-0.0054932,4.928
0.014343,-0.0065613,4.9304
0.014801,-0.0076294,4.9402
0.014801,-0.0083923,4.9341
0.014343,-0.0076294,4.939
0.01358,-0.0062561,4.9365
0.01358,-0.0038147,4.9243
0.015106,-0.0015259,4.9353
0.016785,-0.00015259,4.9329
0.018158,0.0018311,4.9304
0.019836,0.0033569,4.9353
0.022278,0.0042725,4.9316
0.021973,0.0045776,4.9292
0.023193,0.0065613,4.9243
0.022125,0.007782,4.9255
0.023651,0.0082397,4.9158
0.023804,0.0073242,4.9231
0.022736,0.0073242,4.9207
0.020752,0.002594,4.9219
0.020294,0.0039673,4.917
0.01709,0.0045776,4.9182
0.016174,0.0016785,4.9194
0.016479,0.0041199,4.9158
0.016632,0.0039673,4.917
0.016632,0.0027466,4.9109
0.01709,0.0024414,4.9011
0.016632,0.00091553,4.9109
0.016632,0.0024414,4.9036
0.017853,0.0028992,4.9097
0.017242,0.0042725,4.9097
0.017853,0.0035095,4.906
0.017853,0.0018311,4.9097
0.016632,0.0019836,4.9072
0.017548,0.0013733,4.9133
0.016022,0.0022888,4.9097
0.01709,0.0045776,4.9158
0.017548,0.0056458,4.9146
0.017395,0.0093079,4.9194
0.018616,0.010223,4.9316
0.018158,0.010071,4.9182
0.017548,0.0091553,4.9255
0.016632,0.0083923,4.9268
0.016174,0.0073242,4.9133
0.016479,0.007782,4.928
0.016022,0.0076294,4.928
0.016327,0.0064087,4.9304
0.016785,0.0050354,4.9292
0.0177,0.0030518,4.9231
0.019379,0.0012207,4.9329
0.019684,0.00076294,4.9329
0.020905,0.0010681,4.9329
0.020752,0.0032043,4.9292
0.020599,0.0022888,4.9353
0.02121,0.0028992,4.9353
0.021057,0.0042725,4.9365
0.020447,0.0054932,4.939
0.019226,0.0068665,4.9377
0.018768,0.0067139,4.9377
0.018616,0.0056458,4.9426
0.019226,0.0022888,0.076904
0.020752,-0.0012207,0.056152
0.021362,-0.0035095,0.059814
0.02182,-0.0088501,0.054932
0.02182,-0.0059509,0.05127
0.022125,-0.0048828,0.046387
0.023041,-0.0048828,0.05127
0.021057,-0.0038147,0.048828
0.020447,-0.0057983,0.046387
0.020142,-0.0061035,0.045166
0.020142,-0.0050354,0.046387
0.021667,-0.0032043,0.041504
0.022583,-0.00015259,0.043945
0.027466,0.0016785,0.040283
0.031738,0.0027466,0.042725
0.036774,0.0032043,0.050049
0.041199,0.0024414,0.040283
0.043945,0.0016785,0.048828
0.043793,-0.00045776,0.037842
0.04303,-0.0021362,0.030518
0.040894,-0.0032043,0.036621
0.037994,-0.0030518,0.0354
0.036163,-0.0019836,0.037842
0.034332,-0.0022888,0.041504
0.033264,-0.002594,0.039063
0.032806,-0.004425,0.042725
0.032349,-0.0062561,0.043945
0.032349,-0.0068665,0.05249
0.032806,-0.007019,0.047607
0.033112,-0.0048828,0.05249
0.029449,-0.0042725,0.056152
0.027466,-0.0045776,0.058594
0.025635,-0.0038147,0.056152
0.02121,-0.0039673,0.061035
0.018768,-0.0036621,0.061035
0.018463,-0.002594,0.062256
0.016479,0,0.072021
0.0177,0.0019836,0.062256
0.019226,0.0016785,0.053711
0.02121,0.00045776,0.058594
0.024261,-0.0019836,0.062256
0.026703,-0.0030518,0.059814
0.029755,0.00030518,0.067139
0.03067,0.0010681,0.062256
0.034485,0.0038147,0.068359
0.030212,0.0022888,0.063477
0.028229,0.0039673,0.068359
0.02655,0.0013733,0.062256
0.024872,-0.0019836,0.061035
0.025177,-0.0022888,0.059814
0.024261,-0.0016785,0.058594
0.022125,-0.00045776,0.067139
0.020599,-0.0018311,0.047607
0.020447,-0.0036621,0.037842
0.019379,-0.007782,0.05127
0.018921,-0.0091553,0.031738
0.018768,-0.0083923,0.043945
0.0177,-0.0053406,0.046387
0.017242,-0.0030518,0.043945
0.018311,-0.00045776,0.042725
0.016174,-0.0022888,0.039063
0.01709,-0.004425,0.043945
0.018616,-0.0053406,0.037842
0.020447,-0.0057983,0.037842
0.02243,-0.0045776,0.0354
0.024109,-0.0024414,0.041504
0.023804,-0.0018311,0.040283
0.023651,-0.0015259,0.040283
0.022888,-0.0021362,0.037842
0.023193,-0.0015259,0.040283
0.020447,-0.0013733,0.043945
0.019684,-0.002594,0.042725
0.019531,-0.0047302,0.05127
0.018616,-0.0065613,0.040283
0.015869,-0.0074768,0.028076
0.016479,-0.0080872,0.046387
0.018768,-0.0090027,0.050049
0.019836,-0.013275,3.551
0.02182,-0.01358,4.834
0.024261,-0.015259,4.9182
0.026398,-0.015411,4.9255
0.027161,-0.0090027,4.928
0.027618,-0.0079346,4.9316
0.027466,-0.0086975,4.9304
0.026703,-0.007782,4.9292
0.025177,-0.0073242,4.9304
0.024567,-0.0073242,4.9329
0.026245,-0.0068665,4.9377
0.028534,-0.005188,4.9329
0.032196,-0.0021362,4.9316
0.033417,-0.00091553,4.9377
0.035706,0.0027466,4.9377
0.037994,0.00061035,4.9365
0.03891,-0.00015259,4.9341
0.039825,-0.00061035,4.9316
0.037842,0.00030518,4.9414
0.036163,-0.0013733,4.9329
0.031281,-0.00091553,4.9304
0.027313,-0.0021362,4.9255
0.024567,-0.0035095,4.9268
0.023499,-0.0036621,4.9231
0.024109,-0.002594,4.9255
0.024719,-0.00015259,4.9194
0.025787,0.0016785,4.9219
0.02594,0.0027466,4.917
0.024872,0.0027466,4.9158
0.024719,0.00091553,4.9255
0.024567,0.00091553,4.9158
0.024261,0.0016785,4.9219
0.023346,0.0039673,4.9133
0.021515,0.0071716,4.8999
0.020752,0.010223,4.9072
0.019379,0.010986,4.9133
0.017853,0.0097656,4.9109
0.016479,0.0064087,4.9097
0.015411,0.0012207,4.9097
0.013885,-0.0022888,4.9133
0.01297,-0.0021362,4.9084
0.011749,-0.0015259,4.9109
0.011444,0.0028992,4.9097
0.010834,0.0032043,4.9146
0.0090027,0.0022888,4.9146
0.007782,0.00015259,4.9194
0.0064087,-0.0019836,4.9231
0.0054932,-0.0030518,4.9207
0.0054932,-0.0018311,4.9207
0.0059509,0.00076294,4.9268
0.0076294,0.0013733,4.9268
0.0091553,0.0035095,4.9231
0.010986,0.002594,4.917
0.013428,0.0016785,4.9316
0.016022,0.00076294,4.9292
0.018768,0.0013733,4.9255
0.020447,0.0042725,4.928
0.021973,0.0086975,4.9304
0.021515,0.01236,4.9329
0.020447,0.014343,4.9292
0.019836,0.01709,4.9353
0.018005,0.015564,4.9353
0.018311,0.015259,4.9353
0.018311,0.014343,4.9353
0.019226,0.014343,4.939
0.020905,0.01236,4.9451
0.021515,0.0082397,4.9353
0.02243,0.010681,4.9402
0.023346,0.010986,4.9304
0.024261,0.010681,4.9182
0.023956,0.010681,4.9268
0.022583,0.0097656,4.9194
0.020905,0.0074768,4.9207
0.018005,0.0065613,-0.42114
0.015869,0.0064087,0.047607
0.013428,0.0080872,0.050049
0.01358,0.010986,0.042725
0.014801,0.013885,0.047607
0.016327,0.016174,0.042725
0.015564,0.016632,0.045166
0.018158,0.015717,0.045166
0.017242,0.014648,0.041504
0.016785,0.013275,0.041504
0.015869,0.012054,0.041504
0.016479,0.01236,0.040283
0.016632,0.011749,0.039063
0.015564,0.011139,0.036621
0.014496,0.0094604,0.043945
0.012207,0.0067139,0.036621
0.010376,0.0045776,0.040283
0.009613,0.0039673,0.040283
0.0099182,0.0036621,0.040283
0.010986,0.0050354,0.045166
0.011749,0.0050354,0.039063
0.011902,0.0048828,0.050049
0.01236,0.0033569,0.048828
0.012512,0.0018311,0.05249
0.013885,-0.0012207,0.05249
0.015564,-0.00076294,0.058594
0.016937,0.00091553,0.053711
0.017395,0.0039673,0.062256
0.019684,0.0059509,0.06958
0.017242,0.0067139,0.062256
0.015564,0.0045776,0.073242
0.014954,0.00015259,0.059814
0.01709,-0.0024414,0.042725
0.020599,-0.0022888,0.059814
0.024109,0.00015259,0.062256
0.027008,0.0024414,0.059814
0.028992,0.002594,0.064697
0.028534,-0.0013733,0.061035
0.027618,-0.0067139,0.06958
0.027466,-0.009613,0.065918
0.027008,-0.010681,0.067139
0.027008,-0.007782,0.057373
0.02594,-0.0054932,0.062256
0.025635,-0.0035095,0.061035
0.023956,-0.004425,0.061035
0.022583,-0.0067139,0.063477
0.02243,-0.0093079,0.054932
0.023651,-0.009613,0.05127
0.025635,-0.007019,0.05249
0.027618,-0.0027466,0.05249
0.03067,0.0012207,0.047607
0.033112,0.0012207,0.045166
0.034485,0.00015259,0.041504
0.037384,-0.0027466,0.041504
0.035858,-0.0042725,0.039063
0.037384,-0.0047302,0.041504
0.037689,-0.0039673,0.039063
0.037231,-0.0028992,0.037842
0.036163,-0.0018311,0.0354
0.034485,-0.00061035,0.042725
0.032959,-0.0013733,0.036621
0.033875,-0.0032043,0.041504
0.033264,-0.0053406,0.037842
0.032959,-0.0068665,0.039063
0.031738,-0.0065613,0.050049
0.030212,-0.0064087,0.042725
0.029907,-0.005188,0.05249
0.028687,-0.0019836,0.040283
0.032043,-0.002594,0.030518
0.03006,-0.0019836,0.046387
0.031586,-0.0015259,0.050049
0.031891,-0.0010681,0.047607
0.031586,0.00015259,0.053711
0.028381,0.0015259,0.056152
0.028839,0.0016785,0.057373
0.027466,0.0013733,0.057373
0.026703,0.0013733,0.062256
0.025482,0.00076294,0.059814
0.024261,0.00015259,4.4897
0.023804,0.0010681,4.9036
0.022125,0.0035095,4.928
0.020142,0.0057983,4.9304
0.020142,0.0068665,4.9341
0.018921,0.007019,4.9329
0.023041,0.0048828,4.9268
0.024109,0.004425,4.9426
0.024414,0.0045776,4.9353
0.024261,0.0045776,4.9304
0.02243,0.0038147,4.9329
0.021667,-0.00045776,4.9304
0.022888,-0.0033569,4.9316
0.024109,-0.0064087,4.9316
0.02533,-0.0082397,4.9255
0.025177,-0.0071716,4.9304
0.022583,-0.0027466,4.9194
0.019531,0.0015259,4.9243
0.0177,-0.00030518,4.9207
0.017548,-0.002594,4.9207
0.019531,-0.0048828,4.9158
0.02243,-0.0073242,4.9207
0.02594,-0.0061035,4.9255
0.028229,-0.002594,4.9158
0.029907,0.0015259,4.9097
0.031281,0.0062561,4.917
0.032654,0.0097656,4.895
0.035553,0.0094604,4.9084
0.037231,0.0082397,4.9109
0.038757,0.0079346,4.9121
0.037994,0.0065613,4.9097
0.036316,0.0048828,4.906
0.032196,0.0033569,4.9084
0.028076,-0.00091553,4.9109
0.025635,-0.0033569,4.9084
0.025024,-0.0056458,4.9072
0.024414,-0.0071716,4.9121
0.023193,-0.009613,4.9109
0.021515,-0.011749,4.9194
0.019684,-0.013428,4.9146
0.016327,-0.013733,4.9207
0.015717,-0.013123,4.9194
0.018158,-0.011597,4.9231
0.022736,-0.010529,4.9341
0.027924,-0.010223,4.928
0.03067,-0.010376,4.9194
0.031738,-0.0090027,4.9292
0.032196,-0.0062561,4.928
0.03067,-0.0021362,4.9292
0.032349,0.0018311,4.9243
0.034485,0.0042725,4.9304
0.036926,0.005188,4.9329
0.038605,0.0076294,4.9292
0.040131,0.0086975,4.9341
0.041351,0.0099182,4.9304
0.041504,0.009613,4.9353
0.041351,0.0091553,4.9365
0.040436,0.0062561,4.9365
0.041351,0.0030518,4.9451
0.040131,-0.00030518,4.928
0.037231,-0.0013733,4.9304
0.034027,-0.0016785,4.9316
0.028534,-0.00061035,4.9243
0.025635,-0.0019836,4.928
0.024261,-0.0028992,4.9231
0.025177,-0.0041199,4.9207
0.026398,-0.0045776,4.9219
0.027618,-0.0032043,4.9194
0.028534,-0.00045776,4.9207
0.027313,0.0027466,4.9133
0.024567,0.0062561,4.9207
0.02182,0.0067139,4.9146
0.018616,0.007782,0.046387
0.017395,0.0088501,0.045166
0.014648,0.0094604,0.045166
0.012054,0.011749,0.037842
0.0086975,0.012054,0.042725
0.0065613,0.010223,0.048828
0.007782,0.0062561,0.037842
0.011444,0.0012207,0.05249
0.015564,-0.0035095,0.041504
0.020294,-0.0053406,0.032959
0.023651,-0.0062561,0.039063
0.023956,-0.0054932,0.040283
0.022888,-0.0045776,0.037842
0.021362,-0.0041199,0.043945
0.020752,-0.0033569,0.039063
0.022125,-0.0028992,0.048828
0.023956,-0.0021362,0.046387
0.024872,-0.00015259,0.053711
0.024719,0.0016785,0.05127
0.023041,0.0047302,0.054932
0.02182,0.0054932,0.057373
0.021362,0.0045776,0.059814
0.023804,0.0027466,0.075684
0.02533,0.0022888,0.058594
0.02655,0.0021362,0.061035
0.024719,0.0041199,0.062256
0.02121,0.0057983,0.057373
0.017853,0.0064087,0.058594
0.014801,0.0061035,0.062256
0.014954,0.0048828,0.062256
0.015411,0.0042725,0.063477
0.015869,0.0045776,0.062256
0.016022,0.0048828,0.065918
0.013428,0.0061035,0.064697
0.010681,0.0042725,0.064697
0.0091553,0.0039673,0.062256
0.0094604,0.00061035,0.067139
0.01297,-0.0013733,0.057373
0.014191,-0.0024414,0.061035
0.014648,-0.0012207,0.059814
0.014801,0.0019836,0.056152
0.011749,0.0057983,0.059814
0.011597,0.0086975,0.05127
0.012665,0.010681,0.064697
0.015717,0.012054,0.045166
0.022125,0.011292,0.037842
0.02594,0.010223,0.045166
0.028839,0.0099182,0.046387
0.029907,0.010071,0.040283
0.027313,0.010834,0.042725
0.02533,0.010681,0.037842
0.023193,0.0099182,0.041504
0.023041,0.0082397,0.036621
0.018768,0.0073242,0.042725
0.014954,0.0076294,0.037842
0.011597,0.0054932,0.042725
0.007019,0.0057983,0.040283
0.0053406,0.0056458,0.041504
0.0065613,0.005188,0.045166
0.0099182,0.0041199,0.040283
0.012512,0.0021362,0.042725
0.018921,0,0.041504
0.021515,-0.002594,0.036621
0.02243,-0.00015259,0.046387
0.02243,0.0019836,0.053711
0.022888,0.0042725,0.047607
0.021973,0.0048828,0.05249
0.023041,0.0057983,0.054932
0.023041,0.0047302,0.056152
0.02243,0.004425,0.053711
0.021973,0.0022888,0.062256
0.021515,0.0047302,0.061035
0.022888,0.0050354,0.062256
0.027008,0.0032043,0.062256
0.031738,0.0021362,0.054932
0.0354,-0.00076294,0.058594
0.036774,-0.0039673,0.063477
0.033417,-0.0048828,0.070801
0.032654,-0.0039673,4.2517
0.028534,-0.0033569,4.8926
0.026093,-0.004425,4.9329
0.025787,-0.0057983,4.9133
0.026703,-0.0080872,4.9316
0.027161,-0.0090027,4.9329
0.028687,-0.010071,4.9316
0.029907,-0.0061035,4.9292
0.031738,-0.0035095,4.9109
0.033722,-0.0012207,4.9268
0.036926,0.00091553,4.9207
0.039368,-0.0012207,4.9207
0.041351,-0.0015259,4.917
0.040283,-0.0027466,4.9207
0.038147,-0.0021362,4.917
0.032654,-0.0016785,4.9207
0.030212,-0.00091553,4.9194
0.029907,-0.0010681,4.9194
0.03006,-0.0015259,4.9072
0.032654,-0.0038147,4.9158
0.032501,-0.0054932,4.9072
0.027161,-0.0047302,4.906
0.028687,-0.0041199,4.8999
0.02594,-0.0019836,4.9109
0.023804,-0.00045776,4.9097
0.024109,-0.0013733,4.9072
0.023956,-0.0024414,4.9084
0.024261,-0.0054932,4.9084
0.02182,-0.0056458,4.906
0.017548,-0.0030518,4.906
0.014801,0.0010681,4.9158
0.01358,0.0059509,4.9097
0.015717,0.0076294,4.9109
0.019684,0.0074768,4.9146
0.024414,0.0050354,4.9182
0.028687,0.0021362,4.9268
0.032959,0.0021362,4.9207
0.030975,0.004425,4.9304
0.030975,0.0065613,4.9292
0.03006,0.0088501,4.9133
0.030518,0.0088501,4.9316
0.029297,0.0082397,4.928
0.027771,0.0061035,4.9292
0.024109,0.0030518,4.9304
0.020294,0.0039673,4.9414
0.016937,0.0045776,4.9304
0.016632,0.0042725,4.9353
0.017395,0.0028992,4.9353
0.020905,0.0021362,4.928
0.021973,-0.0045776,4.9341
0.022583,-0.0094604,4.9353
0.020752,-0.011292,4.9341
0.020142,-0.010529,4.9451
0.018311,-0.009613,4.9377
0.016785,-0.0074768,4.9377
0.01709,-0.0057983,4.9329
0.017548,-0.0056458,4.9402
0.017242,-0.004425,4.928
0.016937,0.0013733,4.9329
0.016327,0.0028992,4.9231
0.016479,0.0061035,4.9243
0.016937,0.0083923,4.9231
0.019989,0.0082397,4.9194
0.021667,0.0057983,4.9158
0.027313,0.0012207,4.9182
0.027618,-0.0021362,4.9158
0.027466,-0.00076294,4.9146
0.026398,0.00030518,4.9109
0.025482,-0.00030518,4.917
0.023956,-0.002594,4.906
0.021515,-0.0064087,4.9121
0.019379,-0.012207,4.9243
0.016785,-0.015717,0.041504
0.014191,-0.014496,0.045166
0.014343,-0.014801,0.040283
0.013428,-0.012817,0.020752
0.015106,-0.014648,0.041504
0.016785,-0.018463,0.039063
0.019226,-0.02121,0.039063
0.02182,-0.022125,0.040283
0.021515,-0.020447,0.039063
0.024872,-0.015411,0.042725
0.024872,-0.0099182,0.046387
0.025635,-0.0024414,0.050049
0.027466,0.0022888,0.048828
0.02655,0.0061035,0.059814
0.033417,0.0062561,0.056152
0.036316,0.0073242,0.058594
0.03891,0.0061035,0.063477
0.041046,0.0061035,0.062256
0.041046,0.0076294,0.061035
0.041199,0.0091553,0.063477
0.041656,0.0099182,0.074463
0.040894,0.0067139,0.059814
0.03891,0.0039673,0.054932
0.034027,0.0010681,0.046387
0.028992,0,0.063477
0.023804,0.00015259,0.059814
0.022278,-0.00030518,0.064697
0.021973,-0.00091553,0.064697
0.024109,-0.0039673,0.068359
0.024109,-0.0067139,0.065918
0.023956,-0.010681,0.065918
0.021515,-0.010986,0.058594
0.019836,-0.0083923,0.059814
0.017853,-0.0036621,0.061035
0.015564,0.00091553,0.056152
0.015259,0.0059509,0.062256
0.010529,0.0090027,0.05249
0.011597,0.0094604,0.05249
0.010376,0.0085449,0.048828
0.010071,0.0083923,0.039063
0.010681,0.007782,0.047607
0.01236,0.0073242,0.040283
0.013885,0.0053406,0.041504
0.015411,0.0045776,0.041504
0.016785,0.0016785,0.040283
0.01709,-0.0013733,0.039063
0.016479,-0.0030518,0.036621
0.014954,-0.0024414,0.042725
0.014191,0.0013733,0.0354
0.014496,0.0048828,0.039063
0.014648,0.0080872,0.046387
0.017242,0.0083923,0.043945
0.019531,0.0056458,0.0354
0.02182,0.0021362,0.040283
0.024261,0.00045776,0.042725
0.023651,0.0018311,0.039063
0.022736,0.0045776,0.048828
0.02121,0.0064087,0.046387
0.020142,0.0059509,0.039063
0.018921,0.0045776,0.046387
0.016937,0.0024414,0.054932
0.014801,0.0018311,0.05249
0.010376,0.0050354,0.053711
0.0074768,0.010071,0.054932
0.0057983,0.016937,0.062256
0.0064087,0.019379,0.059814
0.0088501,0.020599,0.062256
0.012207,0.019836,0.058594
0.014496,0.017548,0.064697
0.016479,0.016327,0.058594
0.016022,0.016479,0.063477
0.016327,0.016022,0.074463
0.015717,0.015259,0.065918
0.014648,0.012207,0.062256
0.01297,0.0097656,0.068359
0.010071,0.0071716,0.063477
0.0091553,0.005188,0.062256
0.0053406,0.0050354,0.064697
0.0042725,0.0042725,3.4692
0.0054932,0.0045776,4.8425
0.0067139,0.0041199,4.9182
0.010223,0.0036621,4.9268
0.013275,0.0042725,4.9231
0.016785,0.0041199,4.9243
0.017395,0.0073242,4.9194
0.017548,0.0088501,4.9231
0.016479,0.007782,4.9182
0.014954,0.0068665,4.9097
0.0099182,0.0057983,4.9194
0.0067139,0.0057983,4.9182
0.0042725,0.0032043,4.9231
0.0028992,0.0073242,4.9146
0.0032043,0.0091553,4.928
0.0045776,0.0097656,4.9048
0.007782,0.0094604,4.9011
0.011597,0.010071,4.9133
0.015106,0.010071,4.9084
0.017853,0.010681,4.9084
0.021057,0.011139,4.9109
0.019989,0.011749,4.9097
0.022736,0.0097656,4.9084
0.02243,0.0083923,4.9072
0.021973,0.0056458,4.9133
0.020447,0.0016785,4.9084
0.019989,0.00015259,4.9072
0.019379,-0.0030518,4.9158
0.02121,0,4.917
0.021973,0.0024414,4.9194
0.021515,0.0056458,4.9207
0.023346,0.0071716,4.9207
0.023193,0.0067139,4.9243
0.023193,0.0053406,4.928
0.023499,0.0035095,4.928
0.024109,0.0021362,4.9243
0.021973,0.0028992,4.9243
0.02121,0.007019,4.9365
0.02182,0.0042725,4.9329
0.020905,0.0056458,4.9304
0.020599,0.004425,4.9292
0.019989,0.0021362,4.9341
0.020447,0.00061035,4.9304
0.019989,0.0016785,4.9353
0.021667,0.00076294,4.9329
0.02243,0.0010681,4.9377
0.024414,0,4.9329
0.025635,-0.00091553,4.9377
0.027161,-0.0024414,4.9438
0.029449,-0.0041199,4.9353
0.031281,-0.0035095,4.9329
0.03418,-0.0018311,4.9304
0.037079,-0.00030518,4.9121
0.042572,0.0021362,4.9243
0.03891,0.0018311,4.9268
0.038605,0.00091553,4.9194
0.037231,-0.00015259,4.9182
0.037231,-0.00061035,4.9182
0.033569,-0.00045776,4.9146
0.035706,0.00076294,4.9158
0.035248,0.0033569,4.9158
0.033875,0.0054932,4.9109
0.033417,0.007019,4.9158
0.033417,0.0080872,4.9158
0.034027,0.0090027,4.917
0.034637,0.0073242,4.9121
0.035095,0.012054,4.9109
0.033112,0.014343,4.9109
0.031433,0.014343,4.9146
0.030212,0.01358,4.9036
0.028076,0.009613,4.9084
0.025787,0.0057983,4.8901
0.023346,0.0041199,0.037842
0.022736,0.0015259,0.037842
0.021362,0.0010681,0.039063
0.02121,0.0018311,0.041504
0.022278,0.0028992,0.043945
0.024261,0.0041199,0.050049
0.026703,0.0030518,0.050049
0.027618,0.005188,0.05127
0.03006,0.0079346,0.05249
0.031586,0.011444,0.059814
0.033264,0.014496,0.058594
0.032043,0.015564,0.059814
0.031281,0.014038,0.06958
0.029907,0.011139,0.062256
0.027924,0.0082397,0.074463
0.027924,0.0068665,0.061035
0.023804,0.0053406,0.050049
0.022278,0.0054932,0.061035
0.020142,0.00076294,0.061035
0.019226,-0.0036621,0.058594
0.018616,-0.007019,0.065918
0.019226,-0.0091553,0.063477
0.019531,-0.0086975,0.065918
0.021057,-0.0059509,0.063477
0.020905,-0.002594,0.067139
0.022736,0.00076294,0.062256
0.024261,0.0010681,0.063477
0.026855,0.0016785,0.059814
0.029449,0.0024414,0.059814
0.032501,0.0036621,0.053711
0.032043,0.0062561,0.054932
0.037384,0.0065613,0.053711
0.038147,0.0057983,0.050049
0.037537,0.0067139,0.05249
0.035095,0.0054932,0.047607
0.032654,0.004425,0.043945
0.027924,0.0028992,0.041504
0.02533,0.0015259,0.042725
0.02121,-0.00030518,0.040283
0.017853,-0.0022888,0.036621
0.014801,-0.0057983,0.036621
0.01297,-0.010071,0.042725
0.014343,-0.013428,0.036621
0.016327,-0.016327,0.041504
0.018311,-0.018311,0.041504
0.020752,-0.019379,0.043945
0.021057,-0.0177,0.039063
0.022888,-0.014801,0.040283
0.024109,-0.0082397,0.054932
0.024567,-0.002594,0.041504
0.025787,0.0036621,0.050049
0.027313,0.0059509,0.045166
0.031128,0.0053406,0.025635
0.0354,0.0090027,0.048828
0.039673,0.011444,0.050049
0.042877,0.012054,0.050049
0.042877,0.011597,0.054932
0.042572,0.0094604,0.053711
0.041504,0.0050354,0.058594
0.040894,0.00061035,0.056152
0.041046,-0.0018311,0.058594
0.039673,-0.0022888,0.058594
0.036774,-0.00030518,0.061035
0.034027,0,0.061035
0.029755,-0.0010681,0.059814
0.025787,-0.0048828,0.067139
0.024109,-0.010529,0.063477
0.022278,-0.013275,0.063477
0.023193,-0.01297,0.067139
0.022278,-0.0085449,0.079346
0.020142,-0.0035095,0.064697
0.016785,0,0.059814
0.014038,0.0013733,0.063477
0.01358,0,0.061035
0.014648,-0.00045776,0.057373
0.017395,0.0015259,0.062256
0.018768,0.0033569,0.05249
0.019379,0.0048828,0.054932
0.016937,0.0032043,3.999
0.016022,-0.00091553,4.8633
0.016022,-0.005188,4.9097
0.0177,-0.0068665,4.9194
0.019531,-0.0074768,4.9158
0.019531,-0.0057983,4.9182
0.015717,-0.0050354,4.9194
0.016327,-0.0042725,4.9158
0.014801,-0.0038147,4.9109
0.015564,-0.0022888,4.9121
0.017242,0.00045776,4.9011
0.019379,0.0018311,4.9109
0.020294,0.0022888,4.9109
0.019073,0.00076294,4.9072
0.018768,-0.0033569,4.9084
0.018158,-0.0076294,4.9097
0.019684,-0.010223,4.9097
0.020905,-0.011292,4.9048
0.019684,-0.009613,4.9097
0.019226,-0.010986,4.9097
0.016022,-0.0091553,4.9146
0.014343,-0.0076294,4.9146
0.012665,-0.0042725,4.917
0.010986,-0.00030518,4.9158
0.010986,0.0039673,4.9207
0.010681,0.0059509,4.9292
0.012512,0.0062561,4.928
0.01358,0.0036621,4.9353
0.014801,0.0030518,4.9292
0.014954,0.0030518,4.9133
0.016022,0.0027466,4.9292
0.016022,0.0032043,4.9304
0.016785,0.0032043,4.9329
0.015717,0.0028992,4.9268
0.015564,0.0027466,4.9268
0.015411,0.0027466,4.9341
0.014343,0.0045776,4.9292
0.013123,0.00045776,4.9341
0.010986,-0.0033569,4.9304
0.010376,-0.0073242,4.9365
0.010071,-0.0094604,4.9329
0.010376,-0.0093079,4.9377
0.011902,-0.0061035,4.9475
0.011292,-0.0019836,4.9353
0.010376,0.00076294,4.9304
0.0074768,0.0028992,4.9316
0.0053406,0.005188,4.9231
0.0050354,0.0099182,4.9243
0.0068665,0.012054,4.9231
0.011902,0.013733,4.9207
0.018311,0.012665,4.917
0.022583,0.0076294,4.9158
0.024261,0.0050354,4.9194
0.022583,-0.0030518,4.9146
0.019073,-0.010986,4.9158
0.013885,-0.017395,4.9097
0.0088501,-0.019836,4.9133
0.0042725,-0.018616,4.9011
-0.00061035,-0.014648,4.9146
-0.0047302,-0.0099182,4.9097
-0.0064087,-0.0054932,4.9097
-0.0038147,0.00030518,4.9194
0.00091553,0.0086975,4.9097
0.0074768,0.018158,4.9231
0.016327,0.026245,4.9097
0.025787,0.029144,4.9011
0.033264,0.021973,4.9121
0.038147,0.014648,4.9109
0.03891,0.0059509,4.917
0.036621,0.00091553,4.9146
0.031281,0.00030518,4.9133
0.031433,0.0018311,0.050049
0.023956,0.0036621,0.05249
0.019379,0.0038147,0.058594
0.015564,0.0042725,0.05249
0.012054,0.005188,0.059814
0.0093079,0.0064087,0.059814
0.0076294,0.0083923,0.063477
0.0080872,0.0082397,0.068359
0.010986,0.0061035,0.058594
0.014343,0.0021362,0.062256
0.018921,-0.0056458,0.061035
0.022125,-0.0094604,0.064697
0.023041,-0.014191,0.062256
0.023041,-0.016937,0.063477
0.02182,-0.018768,0.062256
0.02121,-0.015869,0.065918
0.020599,-0.01297,0.064697
0.022125,-0.0016785,0.063477
0.026093,0.0071716,0.047607
0.029297,0.014343,0.067139
0.032349,0.020447,0.061035
0.032501,0.021057,0.063477
0.034485,0.019226,0.059814
0.036316,0.016327,0.059814
0.037384,0.013123,0.050049
0.038147,0.0099182,0.053711
0.038605,0.0073242,0.062256
0.037537,0.0045776,0.048828
0.035553,0.0019836,0.057373
0.032501,-0.0012207,0.045166
0.029297,-0.00076294,0.037842
0.027008,-0.00015259,0.042725
0.022888,0.0027466,0.040283
0.023651,0.0086975,0.041504
0.023041,0.0045776,0.040283
0.02182,0.0039673,0.037842
0.019989,0.0041199,0.043945
0.018768,0.0062561,0.037842
0.0177,0.009613,0.041504
0.016937,0.016937,0.037842
0.01709,0.023651,0.037842
0.018158,0.027924,0.040283
0.019531,0.03067,0.042725
0.019989,0.028381,0.047607
0.02121,0.025177,0.040283
0.022583,0.023346,0.037842
0.023651,0.022583,0.045166
0.024261,0.02243,0.039063
0.025787,0.023956,0.045166
0.02594,0.021973,0.057373
0.025482,0.019531,0.05249
0.026398,0.016327,0.053711
0.028229,0.013123,0.053711
0.029602,0.0097656,0.059814
0.028687,0.0064087,0.058594
0.026703,0.0021362,0.061035
0.024414,-0.002594,0.058594
0.019836,-0.0074768,0.063477
0.016937,-0.01236,0.059814
0.01358,-0.012817,0.062256
0.009613,-0.011749,0.061035
0.0067139,-0.0090027,0.059814
0.0027466,-0.0061035,0.070801
0.0094604,-0.0032043,0.065918
0.011902,-0.0024414,0.072021
0.018005,-0.0032043,0.065918
0.024109,-0.0030518,0.05249
0.028839,-0.00045776,0.065918
0.031433,0.0032043,0.064697
0.032043,0.0079346,0.058594
0.03006,0.010071,0.063477
0.028381,0.011902,0.05249
0.023804,0.010529,0.05249
0.021362,0.011292,0.05127
0.020142,0.01236,0.05249
0.018158,0.013885,0.046387
0.019836,0.014191,0.050049
0.021667,0.010223,0.047607
0.025635,0.0041199,0.048828
0.029602,-0.0024414,4.4568
0.030975,-0.0076294,4.8877
0.033264,-0.0097656,4.9109
0.032043,-0.0099182,4.9146
0.029449,-0.0088501,4.9121
0.025024,-0.0091553,4.9084
0.018768,-0.009613,4.906
0.01236,-0.010529,4.906
0.0076294,-0.0093079,4.9084
0.0057983,-0.0076294,4.906
0.0059509,-0.0061035,4.9097
0.007019,-0.0054932,4.9036
0.010223,-0.0047302,4.906
0.014496,-0.0033569,4.9109
0.018616,0.00015259,4.9133
0.020599,0.0035095,4.9109
0.021515,0.0061035,4.917
0.023499,0.0080872,4.917
0.024872,0.0080872,4.9207
0.027313,0.0073242,4.9353
0.030975,0.0073242,4.9231
0.035553,0.0068665,4.9268
0.041809,0.007019,4.9268
0.047913,0.0054932,4.9182
0.054016,0.0039673,4.9219
0.058746,0.00045776,4.9329
0.062256,0,4.9316
0.064392,0.00015259,4.928
0.064087,-0.0010681,4.9255
0.061035,-0.0018311,4.9438
0.055084,-0.0054932,4.9329
0.048065,-0.0093079,4.9329
0.042725,-0.014343,4.9304
0.038452,-0.016937,4.939
0.035858,-0.016937,4.9365
0.033722,-0.016785,4.9329
0.030823,-0.015564,4.9377
0.026703,-0.01358,4.9353
0.02182,-0.011902,4.9365
0.018158,-0.0082397,4.9316
0.015717,-0.0039673,4.9414
0.013123,0.0016785,4.928
0.009613,0.0056458,4.9231
0.0094604,0.0090027,4.9219
0.0028992,0.010529,4.9207
0.00045776,0.010529,4.9182
0.0039673,0.010681,4.9194
0.0068665,0.0083923,4.9146
0.010834,0.0054932,4.917
0.014496,0.0030518,4.9109
0.016785,0.0027466,4.9146
0.018616,-0.0018311,4.9084
0.019531,-0.004425,4.9158
0.021515,-0.0062561,4.9121
0.024414,-0.0073242,4.9146
0.027466,-0.0062561,4.9158
0.029449,-0.0047302,4.9097
0.032043,-0.0035095,4.9133
0.032806,-0.0021362,4.9109
0.034332,-0.0027466,4.8999
0.03479,-0.004425,4.9084
0.034943,-0.0062561,4.906
0.035095,-0.0080872,4.9084
0.034027,-0.007782,4.9121
0.030365,-0.0076294,4.9121
0.02533,-0.0057983,4.9158
0.018921,-0.005188,4.9158
0.011292,-0.0042725,4.9243
0.0056458,-0.0045776,4.9194
0.00091553,-0.0048828,4.9255
0.00030518,-0.0033569,4.9268
0.0012207,-0.00030518,0.062256
0.002594,0.002594,0.061035
0.0062561,0.0050354,0.064697
0.0064087,0.0053406,0.065918
0.0073242,0.0048828,0.063477
0.0093079,0.0041199,0.072021
0.010223,0.0053406,0.062256
0.011139,0.0065613,0.046387
0.0099182,0.0086975,0.059814
0.0090027,0.010223,0.063477
0.007019,0.010071,0.064697
0.0064087,0.0097656,0.067139
0.0067139,0.0065613,0.062256
0.0086975,0.0041199,0.067139
0.012054,0.0042725,0.063477
0.014191,0.0062561,0.064697
0.015259,0.0099182,0.057373
0.01709,0.0088501,0.062256
0.015106,0.0082397,0.056152
0.013733,0.0024414,0.054932
0.011139,-0.0022888,0.063477
0.0079346,-0.0053406,0.05127
0.0038147,-0.0061035,0.046387
-0.002594,-0.0033569,0.046387
-0.0080872,-0.0013733,0.026855
-0.012817,-0.0012207,0.043945
-0.015259,-0.0027466,0.043945
-0.014801,-0.0027466,0.039063
-0.011139,-0.0018311,0.037842
-0.0059509,0.0041199,0.036621
-0.0016785,0.0093079,0.042725
0.0010681,0.013275,0.040283
0.0067139,0.011139,0.041504
0.010223,0.0065613,0.036621
0.013885,0.00091553,0.043945
0.015869,-0.002594,0.039063
0.0177,-0.0036621,0.041504
0.016174,-0.0028992,0.040283
0.014038,-0.0021362,0.041504
0.013428,-0.0064087,0.043945
0.012054,-0.010834,0.041504
0.011444,-0.015564,0.056152
0.012054,-0.018463,0.046387
0.013733,-0.018768,0.040283
0.015717,-0.018311,0.050049
0.017853,-0.018768,0.054932
0.019836,-0.019989,0.054932
0.020447,-0.019989,0.057373
0.021362,-0.021667,0.056152
0.021362,-0.021515,0.054932
0.020905,-0.021667,0.059814
0.021667,-0.020752,0.063477
0.020294,-0.019531,0.058594
0.021515,-0.018616,0.064697
0.020294,-0.016327,0.059814
0.020447,-0.014191,0.063477
0.026703,-0.014648,0.073242
0.024872,-0.014496,0.064697
0.026855,-0.014191,0.064697
0.027313,-0.012054,0.067139
0.027924,-0.009613,0.064697
0.026855,-0.0073242,0.063477
0.025635,-0.0064087,0.061035
0.023041,-0.0090027,0.058594
0.020752,-0.01236,0.059814
0.019684,-0.016327,0.053711
0.018005,-0.015259,0.056152
0.016479,-0.011139,0.048828
0.015869,-0.0057983,0.05127
0.014954,-0.0012207,0.046387
0.013885,0.0021362,0.050049
0.011444,0.0027466,0.050049
0.016479,0.0048828,0.047607
0.016632,0.0065613,0.043945
0.016632,0.0094604,0.043945
0.013885,0.011749,0.058594
0.014954,0.01236,0.041504
0.012817,0.011902,0.05127
0.012054,0.0091553,3.5876
0.012207,0.0067139,4.8157
0.012207,0.0042725,4.8999
0.013275,0.0035095,4.906
0.014496,0.002594,4.9109
0.016174,0.0065613,4.9072
0.018768,0.0045776,4.9036
0.020599,0.0047302,4.9097
0.025635,0.0057983,4.906
0.029144,0.0080872,4.9158
0.031891,0.010376,4.9109
0.03418,0.013123,4.9158
0.034332,0.014191,4.9158
0.034027,0.012665,4.9207
0.031738,0.011902,4.9292
0.029449,0.0083923,4.9243
0.027161,0.0068665,4.9219
0.025635,0.0083923,4.9304
0.024872,0.010681,4.9341
0.020905,0.014496,4.9316
0.019836,0.016327,4.9341
0.018005,0.015717,4.9341
0.016785,0.015411,4.9304
0.019226,0.014801,4.9255
0.020599,0.016174,4.9341
0.021973,0.019226,4.9268
0.02121,0.023651,4.9329
0.019379,0.02533,4.9329
0.016785,0.025177,4.9365
0.011292,0.023346,4.9512
0.015717,0.019836,4.9365
0.017242,0.018463,4.9341
0.016785,0.017548,4.9377
0.016327,0.018616,4.9426
0.012054,0.020142,4.9316
0.012665,0.018463,4.9365
0.0093079,0.015106,4.9255
0.010071,0.010529,4.9133
0.012665,0.0062561,4.9231
0.013275,0.0045776,4.9219
0.013123,0.0041199,4.9146
0.0083923,0.0041199,4.9207
0.0097656,0.0030518,4.917
0.010071,0.0016785,4.9182
0.012512,0,4.9097
0.016479,-0.0016785,4.9158
0.020905,-0.0027466,4.9097
0.023804,-0.00015259,4.9146
0.024872,0.0016785,4.9133
0.023651,0.0047302,4.9109
0.027313,0.0073242,4.9023
0.027466,0.0093079,4.9109
0.03067,0.010681,4.9109
0.031738,0.012054,4.9109
0.030975,0.012512,4.9097
0.031128,0.01236,4.9121
0.030518,0.012817,4.9011
0.029755,0.010071,4.906
0.028839,0.010376,4.9121
0.029449,0.010986,4.9133
0.030365,0.011444,4.9146
0.030365,0.010681,4.9158
0.030365,0.0094604,4.9207
0.029602,0.0094604,4.9231
0.027161,0.0097656,4.9292
0.025635,0.01297,4.9268
0.024414,0.015869,4.9304
0.024872,0.016937,4.9316
0.02594,0.013733,4.9353
0.027466,0.01236,4.9426
0.02655,0.012054,4.9329
0.025635,0.013428,4.9316
0.025635,0.016022,0.061035
0.024719,0.0177,0.045166
0.023651,0.014648,0.064697
0.02243,0.0090027,0.062256
0.020294,0.0035095,0.065918
0.016632,0.0024414,0.064697
0.01297,0.0035095,0.064697
0.0080872,0.007019,0.065918
0.0048828,0.007019,0.063477
0.0033569,0.0028992,0.062256
0.0038147,-0.0035095,0.056152
0.0071716,-0.0093079,0.058594
0.011444,-0.010986,0.048828
0.015106,-0.0099182,0.057373
0.018463,-0.007019,0.056152
0.020905,-0.0039673,0.050049
0.023346,-0.0047302,0.05249
0.026398,-0.0065613,0.050049
0.026855,-0.007782,0.05127
0.028229,-0.0076294,0.043945
0.028076,-0.0038147,0.047607
0.026855,0.0019836,0.041504
0.023804,0.0054932,0.041504
0.021667,0.0065613,0.039063
0.021362,0.005188,0.039063
0.023804,0.0018311,0.037842
0.025482,-0.0015259,0.040283
0.026245,-0.0015259,0.0354
0.026245,0.00030518,0.042725
0.023956,-0.0019836,0.039063
0.021515,-0.002594,0.040283
0.020447,-0.0039673,0.039063
0.019989,-0.0054932,0.042725
0.020447,-0.0064087,0.053711
0.019989,-0.005188,0.043945
0.018921,-0.0033569,0.054932
0.016327,-0.0012207,0.047607
0.014038,0.0015259,0.041504
0.011597,0.0028992,0.05249
0.010986,0.0061035,0.050049
0.010834,0.0065613,0.056152
0.011902,0.0061035,0.058594
0.012665,0.0038147,0.056152
0.011902,-0.0013733,0.062256
0.012207,-0.0028992,0.058594
0.01236,-0.0036621,0.063477
0.012665,-0.0018311,0.056152
0.013885,0.00015259,0.063477
0.014954,0.0010681,0.062256
0.018005,-0.00015259,0.062256
0.019073,-0.00076294,0.062256
0.016937,-0.0015259,0.064697
0.015106,-0.00076294,0.068359
0.013275,0.00091553,0.065918
0.012665,0.0022888,0.074463
0.014343,0.00076294,0.067139
0.014954,-0.0015259,0.057373
0.016022,-0.0035095,0.061035
0.017548,-0.0057983,0.059814
0.018158,-0.005188,0.053711
0.019379,-0.0032043,0.05127
0.020599,-0.0016785,0.047607
0.022583,-0.00076294,0.054932
0.024109,0.00015259,0.048828
0.02594,0.00015259,0.040283
0.028076,0.0016785,0.05127
0.024261,0.0042725,0.048828
0.02182,0.0068665,0.043945
0.019379,0.0090027,0.047607
0.019226,0.0083923,0.053711
0.021057,0.0073242,0.037842
0.02243,0.004425,0.039063
0.022278,0.00091553,0.041504
0.02182,0.00030518,0.021973
0.019379,0.0010681,0.036621
0.018921,0.0016785,0.039063
0.018616,0.0016785,0.039063
0.019379,0.00076294,0.040283
0.020905,-0.0019836,3.6707
0.020905,-0.0057983,4.8328
0.019379,-0.0093079,4.8999
0.016174,-0.010681,4.9084
0.014648,-0.010376,4.9072
0.014648,-0.0082397,4.9146
0.016785,-0.0062561,4.9146
0.020294,-0.004425,4.9182
0.021362,-0.0042725,4.9207
0.025482,-0.0039673,4.9255
0.021515,-0.0042725,4.9255
0.021973,-0.0028992,4.928
0.023956,-0.00076294,4.9414
0.027924,0.00030518,4.928
0.032501,0.00091553,4.9255
0.034485,-0.0016785,4.9316
0.035706,-0.005188,4.9304
0.035553,-0.0085449,4.9292
0.033722,-0.010834,4.9304
0.032654,-0.011749,4.9329
0.032043,-0.010529,4.9329
0.032806,-0.0094604,4.9329
0.031281,-0.0076294,4.9353
0.03006,-0.0074768,4.9329
0.028687,-0.0079346,4.9316
0.024567,-0.007782,4.9353
0.022583,-0.0064087,4.9365
0.023346,-0.0054932,4.9377
0.023804,-0.0038147,4.9341
0.027618,-0.0024414,4.9255
0.026245,-0.002594,4.9255
0.024872,-0.00091553,4.9255
0.023651,0.0012207,4.9231
0.02121,0.0038147,4.9182
0.020294,0.0073242,4.917
0.019989,0.0090027,4.9194
0.018921,0.0057983,4.9194
0.018311,0.007782,4.917
0.017853,0.0053406,4.9109
0.017242,0.0019836,4.9158
0.017242,0.0013733,4.9097
0.017395,0.0015259,4.9146
0.019379,0.0035095,4.9133
0.020905,0.004425,4.9133
0.02182,0.0024414,4.9097
0.022278,-0.0010681,4.9121
0.019379,0,4.917
0.019989,-0.0032043,4.9121
0.016174,-0.0013733,4.9158
0.015106,0.00045776,4.9109
0.015869,0.0013733,4.8975
0.018921,0.0015259,4.9121
0.021515,-0.0021362,4.9084
0.023499,-0.0021362,4.9133
0.024261,-0.0074768,4.9146
0.024109,-0.0064087,4.9146
0.023041,-0.0050354,4.9158
0.023346,-0.0015259,4.9207
0.022736,0.0028992,4.928
0.02182,0.0016785,4.9231
0.02243,0.00076294,4.9292
0.019836,0.0016785,4.9316
0.016785,-0.0048828,4.9341
0.012512,-0.0085449,4.9414
0.010071,-0.010529,4.9329
0.010986,-0.0099182,4.9292
0.014343,-0.007019,4.9329
0.017242,-0.0062561,4.9414
0.018463,-0.0061035,4.9304
0.018158,-0.0076294,4.9109
0.017242,-0.010223,4.9329
0.018158,-0.011139,4.9353
0.020447,-0.010834,4.9341
0.027008,-0.0079346,0.068359
0.029602,-0.0053406,0.062256
0.032501,-0.0012207,0.064697
0.033112,0.00076294,0.061035
0.032806,0.0027466,0.05249
0.030212,0.0024414,0.057373
0.031586,0.0030518,0.057373
0.033264,0.0024414,0.054932
0.03418,-0.0012207,0.05127
0.034637,-0.0041199,0.061035
0.03418,-0.0076294,0.050049
0.033112,-0.010986,0.063477
0.03067,-0.011139,0.043945
0.027008,-0.010834,0.037842
0.023956,-0.010376,0.041504
0.021057,-0.0091553,0.040283
0.018616,-0.009613,0.037842
0.016479,-0.0086975,0.040283
0.015411,-0.009613,0.036621
0.014648,-0.010376,0.042725
0.014191,-0.010223,0.037842
0.014801,-0.01297,0.042725
0.017548,-0.015564,0.037842
0.019989,-0.018311,0.041504
0.022125,-0.019836,0.042725
0.022888,-0.01709,0.039063
0.024109,-0.011749,0.041504
0.023651,-0.0045776,0.042725
0.023041,0.00091553,0.043945
0.021973,0.0024414,0.046387
0.020752,0.004425,0.046387
0.019989,0.0010681,0.048828
0.020599,-0.0016785,0.05249
0.02243,-0.0035095,0.050049
0.023651,-0.0035095,0.057373
0.024872,-0.0024414,0.057373
0.025482,-0.0041199,0.056152
0.026245,-0.0056458,0.056152
0.026093,-0.0082397,0.062256
0.026245,-0.0086975,0.062256
0.024261,-0.0056458,0.063477
0.022125,-0.0013733,0.059814
0.0177,0.0012207,0.063477
0.014343,0.0022888,0.059814
0.012054,0.00045776,0.062256
0.0099182,-0.0030518,0.076904
0.007782,-0.0038147,0.065918
0.0042725,-0.004425,0.067139
0.0015259,-0.0056458,0.064697
-0.0015259,-0.0045776,0.046387
-0.0035095,-0.0062561,0.061035
-0.0030518,-0.0099182,0.061035
-0.0016785,-0.013275,0.057373
0.0012207,-0.0177,0.057373
0.0033569,-0.02121,0.048828
0.0059509,-0.022736,0.05249
0.007782,-0.020905,0.050049
0.0080872,-0.015411,0.05127
0.0085449,-0.0090027,0.045166
0.0080872,-0.0010681,0.048828
0.0073242,0.0061035,0.046387
0.0068665,0.0090027,0.047607
0.0082397,0.010986,0.048828
0.01236,0.010986,0.041504
0.016479,0.011902,0.043945
0.022583,0.011749,0.039063
0.028839,0.0090027,0.036621
0.033417,0.0042725,0.039063
0.036163,-0.0028992,0.019531
0.035095,-0.0080872,0.0354
0.031128,-0.010376,0.040283
0.024414,-0.010071,0.037842
0.015717,-0.0056458,0.03418
0.007019,-0.00091553,0.037842
0.0010681,0.0032043,0.037842
-0.0022888,0.0030518,0.040283
-0.0016785,0.0013733,0.046387
0.0016785,0.00015259,3.2385
0.0059509,-0.0030518,4.8157
0.010529,-0.0032043,4.9133
0.01297,-0.0010681,4.9182
0.013428,0.00015259,4.9292
0.01297,0.0010681,4.9255
0.0074768,0.0012207,4.9341
0.0054932,-0.0018311,4.9292
0.0013733,-0.0039673,4.9231
-0.002594,-0.0035095,4.9304
-0.0039673,-0.0030518,4.9292
-0.004425,-0.002594,4.9292
-0.0018311,-0.0033569,4.9304
0.0018311,-0.0071716,4.9292
0.0050354,-0.0099182,4.9329
0.0094604,-0.0082397,4.9292
0.01236,-0.0079346,4.9353
0.014343,-0.0028992,4.9329
0.01709,0.0036621,4.9377
0.015106,0.009613,4.9365
0.016022,0.012665,4.9377
0.017395,0.014191,4.9316
0.019989,0.015717,4.9316
0.024567,0.016327,4.9353
0.027466,0.018005,4.9304
0.03067,0.018311,4.9377
0.031128,0.015411,4.9243
0.032806,0.010529,4.9194
0.031281,0.0041199,4.9146
0.029602,-0.00091553,4.9182
0.028229,-0.0041199,4.9207
0.026093,-0.0053406,4.9182
0.023499,-0.0045776,4.9133
0.021515,-0.0053406,4.9158
0.020599,-0.0068665,4.9048
0.018005,-0.0082397,4.9133
0.018311,-0.0083923,4.9084
0.019684,-0.0062561,4.917
0.019531,-0.002594,4.9109
0.018921,0.0022888,4.9109
0.018616,0.0061035,4.9231
0.017853,0.0088501,4.9109
0.018768,0.010071,4.9133
0.020752,0.0094604,4.9084
0.023041,0.0082397,4.8938
0.025635,0.0068665,4.9084
0.029602,0.0061035,4.9084
0.029449,0.0067139,4.9109
0.03067,0.0082397,4.9121
0.032043,0.0093079,4.9109
0.031891,0.010834,4.9207
0.031128,0.012207,4.9194
0.03067,0.011902,4.9231
0.028992,0.011292,4.9207
0.028076,0.0094604,4.9292
0.027771,0.007782,4.9255
0.027313,0.0067139,4.9329
0.027008,0.0053406,4.9329
0.028076,0.0041199,4.9329
0.02655,0.002594,4.9329
0.027771,0,4.9329
0.027924,0.00045776,4.9438
0.027008,0.0028992,4.9304
0.02594,0.007019,4.9182
0.024567,0.0080872,4.9341
0.023804,0.0079346,4.9329
0.024567,0.0061035,4.9329
0.026703,0.0039673,4.939
0.028229,0.0047302,4.9353
0.028534,0.0056458,4.9365
0.03067,0.0090027,4.9292
0.028076,0.0090027,4.9316
0.026703,0.0080872,4.928
0.025482,0.0059509,4.9268
0.02533,0.004425,0.054932
0.024109,0.0039673,0.05127
0.023193,0.0065613,0.057373
0.022888,0.0099182,0.05127
0.022278,0.012665,0.048828
0.021973,0.015106,0.046387
0.023346,0.017395,0.03418
0.02655,0.018158,0.046387
0.029144,0.020447,0.042725
0.032043,0.020599,0.036621
0.032806,0.019989,0.042725
0.032043,0.016937,0.037842
0.031281,0.01236,0.041504
0.029449,0.0086975,0.037842
0.027466,0.0064087,0.041504
0.02594,0.0036621,0.037842
0.023804,0.0010681,0.040283
0.02182,0,0.040283
0.019379,0.0019836,0.043945
0.017548,0.0035095,0.037842
0.016632,0.0071716,0.043945
0.018921,0.0099182,0.045166
0.021667,0.0099182,0.045166
0.023041,0.0099182,0.047607
0.024109,0.0067139,0.048828
0.024414,0.0041199,0.042725
0.023346,0.00030518,0.050049
0.024261,-0.0028992,0.050049
0.024261,-0.0038147,0.056152
0.024719,-0.0036621,0.057373
0.025177,-0.0039673,0.057373
0.023651,-0.0024414,0.063477
0.023804,-0.0015259,0.061035
0.021667,-0.0012207,0.063477
0.019836,-0.0013733,0.061035
0.020142,-0.0022888,0.063477
0.021667,-0.0033569,0.059814
0.022278,-0.0036621,0.063477
0.023193,-0.0085449,0.078125
0.021973,-0.0028992,0.063477
0.020599,-0.0019836,0.065918
0.019073,-0.00076294,0.064697
0.019684,0.0013733,0.053711
0.02121,0.0032043,0.062256
0.023346,0.0042725,0.063477
0.023956,0.005188,0.061035
0.025024,0.0056458,0.058594
0.025635,0.0064087,0.05127
0.027008,0.0061035,0.056152
0.027008,0.0042725,0.050049
0.028839,0.0016785,0.050049
0.029144,0.0015259,0.046387
0.03006,0.0012207,0.050049
0.029907,0,0.043945
0.029144,-0.0021362,0.048828
0.028687,-0.0038147,0.046387
0.026245,-0.0059509,0.045166
0.025787,-0.0079346,0.05249
0.025177,-0.0088501,0.041504
0.024414,-0.010223,0.048828
0.025177,-0.011444,0.037842
0.024414,-0.012512,0.039063
0.024261,-0.01236,0.039063
0.024261,-0.011292,0.036621
0.021362,-0.0090027,0.037842
0.019531,-0.0059509,0.040283
0.019379,-0.0047302,0.036621
0.020142,-0.0039673,0.040283
0.02182,-0.0022888,0.037842
0.024567,-0.00015259,0.042725
0.02655,0.0038147,0.041504
0.027161,0.0068665,0.047607
0.027161,0.0086975,0.048828
0.027466,0.0086975,0.05127
0.027924,0.007019,0.064697
0.027466,0.005188,0.056152
0.02533,0.0033569,1.1206
0.023193,0.0016785,4.707
0.019836,0.0015259,4.9097
0.016632,0.0010681,4.9292
0.015411,-0.00076294,4.9231
0.015411,-0.0033569,4.928
0.016479,-0.0065613,4.9292
0.015259,-0.010223,4.928
0.016937,-0.011749,4.9329
0.015411,-0.012207,4.9292
0.014343,-0.01297,4.9341
0.012817,-0.012054,4.9316
0.011749,-0.011292,4.9365
0.0097656,-0.010376,4.9353
0.0093079,-0.0088501,4.9365
0.0088501,-0.0074768,4.9353
0.0086975,-0.0059509,4.9365
0.0082397,-0.0047302,4.9426
0.010376,-0.004425,4.9304
0.011444,-0.0039673,4.9316
0.013733,-0.0038147,4.9268
0.015411,-0.0027466,4.9146
0.016785,-0.0019836,4.9194
0.017853,-0.0015259,4.9243
0.018616,-0.00015259,4.9194
0.019073,0.0012207,4.917
0.020905,0.0021362,4.9084
0.02182,0.0035095,4.9158
0.022583,0.0024414,4.9146
0.023041,0.0013733,4.9133
0.024872,0.00091553,4.9097
0.026398,0.00061035,4.9158
0.028076,0.00015259,4.9133
0.026855,-0.00061035,4.9158
0.026398,-0.0022888,4.9133
0.025024,-0.0042725,4.9109
0.025177,-0.0050354,4.9109
0.021515,-0.0048828,4.9084
0.020905,0.00045776,4.8962
0.020142,-0.002594,4.9084
0.018921,0.00015259,4.8914
0.016937,0.0010681,4.9133
0.014343,0.00061035,4.9072
0.013275,0.00076294,4.9121
0.012512,-0.00045776,4.9121
0.012207,-0.0012207,4.9133
0.012054,0,4.9207
0.010834,-0.002594,4.9194
0.010223,-0.0036621,4.9255
0.009613,-0.0057983,4.9268
0.0088501,-0.0068665,4.9329
0.0079346,-0.0065613,4.9304
0.0091553,-0.0035095,4.9304
0.010529,-0.00015259,4.9365
0.012512,-0.00091553,4.9353
0.014954,0.0039673,4.9426
0.016785,0.0030518,4.9304
0.018921,0.00045776,4.9219
0.023041,-0.00030518,4.9304
0.024872,0.0016785,4.9329
0.028229,0.0028992,4.9304
0.030823,0.0042725,4.9353
0.032043,0.0050354,4.9316
0.034332,0.0041199,4.9316
0.03479,0.0035095,4.9292
0.03479,0.0015259,4.9353
0.033417,0.0038147,4.928
0.032806,0.0050354,4.9304
0.028839,0.0067139,4.9304
0.029144,0.0038147,4.9316
0.028076,0.0054932,4.928
0.026093,0.0022888,4.9231
0.023651,-0.0012207,4.9207
0.022583,-0.004425,4.917
0.022278,-0.0057983,0.047607
0.021667,-0.0038147,0.046387
0.020905,-0.0056458,0.043945
0.019531,-0.0054932,0.039063
0.018158,-0.0056458,0.042725
0.016174,-0.0047302,0.040283
0.015411,-0.0045776,0.039063
0.014038,-0.0015259,0.037842
0.014801,0.0010681,0.041504
0.016327,0.0022888,0.036621
0.018616,0.0045776,0.042725
0.02533,0.0065613,0.037842
0.025635,0.0086975,0.043945
0.027771,0.009613,0.032959
0.030823,0.0083923,0.037842
0.032806,0.0099182,0.056152
0.033875,0.0062561,0.046387
0.032349,0.0047302,0.053711
0.036163,0.0036621,0.046387
0.036926,0.0038147,0.032959
0.036011,0.0042725,0.048828
0.035858,0.00076294,0.053711
0.035553,0.0022888,0.048828
0.034637,0.0010681,0.059814
0.03418,-0.0013733,0.054932
0.033417,-0.0022888,0.062256
0.033264,-0.0039673,0.062256
0.032501,-0.0033569,0.064697
0.031586,-0.0030518,0.059814
0.031433,-0.0033569,0.064697
0.030518,-0.0032043,0.061035
0.027924,-0.0035095,0.065918
0.024719,-0.0038147,0.068359
0.024719,-0.0035095,0.063477
0.025482,-0.00030518,0.06958
0.025024,0.0027466,0.065918
0.025635,0.0062561,0.078125
0.025787,0.0090027,0.063477
0.027618,0.010529,0.080566
0.025635,0.011597,0.061035
0.026093,0.011749,0.062256
0.027008,0.011749,0.053711
0.027466,0.010834,0.057373
0.027924,0.0082397,0.050049
0.027771,0.0076294,0.05249
0.028076,0.0076294,0.043945
0.026855,0.0085449,0.05249
0.025482,0.009613,0.047607
0.023956,0.0085449,0.050049
0.024261,0.0054932,0.045166
0.021667,0.0019836,0.047607
0.019379,-0.00091553,0.050049
0.018921,-0.0012207,0.041504
0.019379,-0.0016785,0.048828
0.020905,-0.0024414,0.040283
0.02243,-0.0032043,0.031738
0.024414,-0.0064087,0.039063
0.02594,-0.0091553,0.039063
0.027313,-0.010834,0.032959
0.026855,-0.0094604,0.041504
0.027466,-0.0056458,0.037842
0.026398,-0.0039673,0.039063
0.024414,-0.0021362,0.037842
0.022736,-0.0047302,0.041504
0.021057,-0.007019,0.037842
0.020294,-0.010071,0.043945
0.020294,-0.010223,0.046387
0.021973,-0.0083923,0.050049
0.023041,-0.0054932,0.047607
0.024872,-0.0047302,0.05249
0.02594,-0.0064087,0.053711
0.026093,-0.0093079,0.057373
0.02533,-0.012512,0.064697
0.025177,-0.014191,0.061035
0.024109,-0.012512,0.05127
0.023499,-0.010376,0.057373
0.023041,-0.0097656,0.063477
0.023193,-0.010223,4.2456
0.023499,-0.011597,4.884
0.024109,-0.01358,4.8987
0.022888,-0.012054,4.9219
0.024109,-0.010376,4.9329
0.025482,-0.0076294,4.9341
0.026703,-0.0064087,4.9304
0.027618,-0.007019,4.9377
0.028076,-0.0076294,4.9329
0.026245,-0.0071716,4.9377
0.024872,-0.0074768,4.9475
0.023804,-0.0041199,4.9316
0.023651,-0.0028992,4.9255
0.023804,-0.0019836,4.9292
0.025635,-0.0021362,4.9097
0.028229,-0.0021362,4.9231
0.029907,-0.0021362,4.9231
0.030518,-0.0022888,4.9194
0.030365,-0.0032043,4.917
0.028992,-0.0053406,4.9146
0.027161,-0.0088501,4.9146
0.024872,-0.011444,4.917
0.02182,-0.014648,4.9207
0.019531,-0.016022,4.9097
0.015106,-0.015411,4.9109
0.014038,-0.016174,4.9121
0.012817,-0.015259,4.9109
0.013885,-0.013428,4.9109
0.016479,-0.010223,4.9133
0.018921,-0.0062561,4.9158
0.020599,-0.0028992,4.9133
0.020294,-0.00030518,4.9158
0.017548,-0.0015259,4.906
0.018158,-0.0013733,4.9036
0.018616,-0.0032043,4.9097
0.020142,-0.0036621,4.9121
0.019073,-0.0038147,4.9109
0.016785,-0.0038147,4.917
0.012817,-0.0033569,4.9158
0.0093079,-0.0042725,4.9194
0.0073242,-0.0036621,4.917
0.0082397,-0.0033569,4.9268
0.010071,-0.0016785,4.9146
0.011902,-0.0010681,4.9316
0.014343,0.00091553,4.9316
0.014954,0.00076294,4.9316
0.015106,-0.0028992,4.939
0.016174,-0.007019,4.9304
0.017548,-0.010223,4.9341
0.018463,-0.011444,4.9316
0.018616,-0.011292,4.9329
0.017242,-0.0091553,4.9329
0.013885,-0.0091553,4.9304
0.011292,-0.0099182,4.9341
0.0079346,-0.011139,4.9353
0.0083923,-0.011292,4.9341
0.0094604,-0.010071,4.9365
0.012054,-0.0082397,4.9341
0.013123,-0.0036621,4.9353
0.014496,-0.00061035,4.9316
0.015411,0.0012207,4.9316
0.016785,0.0018311,4.928
0.018463,0.0016785,4.928
0.019226,0.0021362,4.9231
0.019073,0.0038147,4.9133
0.019226,0.0068665,4.9292
0.018463,0.010681,4.9207
0.017395,0.011597,4.9268
0.018158,0.011902,4.9207
0.01709,0.010529,4.9121
0.017395,0.007782,4.9121
0.017853,0.0057983,4.917
0.019073,0.0047302,4.9109
0.019684,0.0030518,0.041504
0.021057,-0.00061035,0.03418
0.021515,-0.00045776,0.037842
0.019836,-0.0027466,0.040283
0.018005,-0.0038147,0.039063
0.015564,-0.004425,0.039063
0.014801,-0.0047302,0.041504
0.014496,-0.0019836,0.037842
0.01297,0.0012207,0.041504
0.011902,0.0047302,0.05127
0.010223,0.0053406,0.041504
0.0093079,0.0045776,0.042725
0.010071,0.004425,0.036621
0.0093079,0.0035095,0.037842
0.013275,0.004425,0.048828
0.014343,0.0064087,0.036621
0.016327,0.0067139,0.054932
0.015411,0.0065613,0.056152
0.015717,0.007782,0.053711
0.016479,0.0039673,0.061035
0.017395,0.0036621,0.059814
0.017853,0.0053406,0.062256
0.018005,0.0064087,0.061035
0.017395,0.0050354,0.061035
0.017395,0.0062561,0.059814
0.016479,0.0045776,0.064697
0.01709,0.0010681,0.064697
0.018158,0.00030518,0.063477
0.019073,-0.00030518,0.067139
0.02121,-0.00045776,0.064697
0.022736,0.00015259,0.083008
0.023499,-0.00015259,0.065918
0.024414,-0.0030518,0.057373
0.027008,-0.005188,0.061035
0.024261,-0.0067139,0.057373
0.024414,-0.0061035,0.057373
0.024872,-0.0041199,0.058594
0.023804,-0.0015259,0.05249
0.024414,0.00015259,0.05249
0.022888,0.0013733,0.048828
0.022888,-0.0019836,0.05127
0.023346,-0.00045776,0.043945
0.024719,-0.00076294,0.050049
0.02594,-0.00030518,0.050049
0.026398,0.00061035,0.039063
0.026855,-0.0032043,0.046387
0.027008,0.0022888,0.042725
0.027008,0.00076294,0.037842
0.026855,0,0.040283
0.027313,-0.00015259,0.03418
0.029755,0.00091553,0.039063
0.032196,0.0027466,0.040283
0.033417,0.0050354,0.037842
0.033569,0.0042725,0.040283
0.032349,0.0036621,0.039063
0.031281,0.0019836,0.041504
0.031586,-0.0010681,0.036621
0.032349,-0.0018311,0.042725
0.03418,0.00061035,0.039063
0.0354,0.0042725,0.047607
0.034943,0.0068665,0.045166
0.03479,0.0067139,0.050049
0.031433,0.0047302,0.050049
0.031281,0.0022888,0.053711
0.030975,0.0021362,0.063477
0.031586,0.0036621,0.057373
0.029449,0.0065613,0.064697
0.02655,0.0093079,0.059814
0.023499,0.0083923,0.043945
0.021057,0.005188,0.057373
0.019379,0.0019836,0.063477
0.01709,-0.0016785,0.059814
0.021362,-0.0028992,0.061035
0.023804,-0.0016785,0.057373
0.025177,0.0027466,0.064697
0.02594,0.0062561,0.061035
0.027618,0.0082397,0.061035
0.028381,0.010376,1.2781
0.030365,0.0065613,4.7253
0.032349,0.0062561,4.9158
0.034637,0.0082397,4.9341
0.03479,0.011444,4.939
0.0354,0.015564,4.9341
0.032654,0.016632,4.9304
0.030823,0.016632,4.9329
0.03067,0.013275,4.9341
0.028534,0.0097656,4.9207
0.028381,0.0056458,4.9255
0.027924,0.0032043,4.9219
0.025482,0.0032043,4.9207
0.024261,0.0057983,4.9133
0.023041,0.0083923,4.9182
0.023041,0.0090027,4.9121
0.024872,0.0048828,4.9182
0.027313,0.0053406,4.9109
0.028839,0.0022888,4.9133
0.028534,0.00045776,4.9109
0.027618,0.0022888,4.9158
0.024719,0.0056458,4.9109
0.022583,0.0074768,4.9109
0.021667,0.0074768,4.9194
0.02121,0.0057983,4.9121
0.023956,0.0038147,4.9146
0.02594,0.0036621,4.9109
0.029144,0.0064087,4.9011
0.029297,0.0091553,4.9109
0.030365,0.010986,4.9121
0.033264,0.010681,4.9109
0.035095,0.0073242,4.9146
0.037384,0.0045776,4.9158
0.038147,0.0032043,4.9182
0.035095,0.0036621,4.917
0.032654,0.0048828,4.9268
0.027008,0.0048828,4.9255
0.024261,0.0024414,4.9304
0.021973,-0.0010681,4.9304
0.021057,-0.0041199,4.9329
0.020599,-0.0048828,4.9304
0.020142,-0.0036621,4.9329
0.018768,-0.0015259,4.9304
0.017548,-0.00045776,4.9329
0.017548,-0.0010681,4.939
0.018616,-0.002594,4.9329
0.021362,-0.0027466,4.9194
0.023346,-0.00091553,4.9316
0.028534,0.004425,4.9353
0.031128,0.010529,4.9329
0.031891,0.014496,4.9341
0.031586,0.015717,4.9329
0.031738,0.01358,4.9353
0.032959,0.010529,4.9316
0.033417,0.0073242,4.9304
0.034485,0.0054932,4.9243
0.033569,0.0041199,4.9268
0.031891,0.0030518,4.9219
0.028687,0.0013733,4.9255
0.025787,0.00061035,4.9329
0.024567,0.00061035,4.9207
0.024261,0.00030518,4.9158
0.023956,0.00015259,4.9194
0.023651,-0.00061035,4.8926
0.02182,-0.0024414,4.9109
0.018768,0.0010681,4.9121
0.015869,0.0028992,4.9133
0.015564,0.0035095,4.9109
0.016327,0.0032043,4.9084
0.018311,0.00076294,4.9133
0.018463,-0.0018311,4.8987
0.018463,-0.0041199,4.9109
0.016632,-0.0032043,4.906
0.013275,-0.0010681,0.040283
0.010223,0.00076294,0.041504
0.011444,0.0024414,0.042725
0.01297,0.00091553,0.041504
0.015717,-0.00045776,0.043945
0.016022,-0.0021362,0.045166
0.017548,-0.0030518,0.047607
0.013733,-0.0012207,0.056152
0.012512,-0.00030518,0.048828
0.01297,-0.00076294,0.045166
0.014801,-0.0038147,0.053711
0.016327,-0.0080872,0.05249
0.0177,-0.011444,0.056152
0.017242,-0.012207,0.061035
0.015411,-0.0097656,0.058594
0.013885,-0.0067139,0.063477
0.014954,-0.0041199,0.061035
0.018005,-0.002594,0.064697
0.022583,-0.00030518,0.057373
0.026245,-0.0039673,0.063477
0.026855,-0.0035095,0.061035
0.026245,-0.0018311,0.065918
0.024109,0.00076294,0.070801
0.022278,0.0024414,0.065918
0.021973,0.0039673,0.070801
0.020294,0.0028992,0.067139
0.021057,0.0018311,0.057373
0.018311,0.00091553,0.065918
0.014343,0.00091553,0.062256
0.0088501,0.0030518,0.059814
0.0048828,0.0038147,0.059814
0.0038147,0.0038147,0.05249
0.0054932,0.0047302,0.053711
0.0083923,0.0047302,0.040283
0.011444,0.0021362,0.05127
0.012512,0.0028992,0.046387
0.012054,0.00061035,0.047607
0.010986,0.00045776,0.05127
0.011139,-0.00015259,0.043945
0.013275,0.00045776,0.041504
0.016785,-0.0010681,0.041504
0.018311,-0.0022888,0.05249
0.018158,-0.0054932,0.039063
0.017242,-0.0028992,0.045166
0.01358,-0.0018311,0.037842
0.012512,0,0.032959
0.01297,0.0021362,0.039063
0.015717,0.0065613,0.03418
0.018311,0.0047302,0.041504
0.022736,0.0041199,0.037842
0.024261,0.0041199,0.0354
0.023041,0.0036621,0.040283
0.02243,0.0024414,0.040283
0.02243,0.0012207,0.042725
0.022888,0.0021362,0.042725
0.024414,0.00091553,0.047607
0.024719,0.0027466,0.050049
0.022888,0.0039673,0.054932
0.019531,0.0024414,0.067139
0.016632,0,0.056152
0.016937,-0.00015259,0.059814
0.018311,-0.0010681,0.061035
0.021515,-0.00015259,0.058594
0.023804,-0.0022888,0.057373
0.024109,-0.0028992,0.057373
0.023193,-0.0035095,0.05127
0.020447,-0.0024414,0.058594
0.020294,-0.0016785,0.058594
0.021362,0.00045776,0.062256
0.023041,0.0028992,0.061035
0.024719,0.0033569,0.063477
0.027466,0.0047302,0.062256
0.029144,0.0039673,0.068359
0.029449,0.0033569,0.064697
0.028229,0.0032043,0.068359
0.028534,0.0030518,0.063477
0.029144,0.0019836,0.061035
0.031433,0.0042725,0.070801
0.031891,-0.0047302,4.3372
0.030365,-0.009613,4.895
0.027313,-0.012207,4.9158
0.02533,-0.011902,4.9146
0.022888,-0.0093079,4.9182
0.023651,-0.0047302,4.917
0.026398,-0.0016785,4.9182
0.028992,-0.00045776,4.9158
0.032043,-0.00076294,4.9182
0.034332,-0.0021362,4.9097
0.032196,-0.0015259,4.9133
0.032043,-0.00030518,4.9109
0.032806,-0.00091553,4.9084
0.033264,-0.0013733,4.9109
0.036011,-0.0030518,4.9133
0.034637,-0.0059509,4.9109
0.031738,-0.0071716,4.9121
0.027924,-0.007019,4.9109
0.025177,-0.0053406,4.9084
0.024261,-0.002594,4.9072
0.025635,0.00015259,4.906
0.027924,0.00061035,4.9121
0.029449,0.00061035,4.9011
0.030975,0.0016785,4.9084
0.029602,0.002594,4.9109
0.028687,0.0033569,4.9158
0.027008,0.0028992,4.917
0.027008,0.0010681,4.9158
0.028229,-0.00091553,4.9268
0.030212,-0.00045776,4.9243
0.03006,-0.00045776,4.9255
0.029297,0.0012207,4.9268
0.028381,0.0018311,4.9329
0.027618,0.0027466,4.9292
0.028534,0.0035095,4.9353
0.032806,0.0030518,4.9426
0.036163,0.0033569,4.9341
0.038605,0.0035095,4.9377
0.03952,0.0028992,4.9329
0.037994,0.0019836,4.9133
0.035553,0.00015259,4.9304
0.032501,-0.0013733,4.9329
0.031433,-0.0012207,4.9341
0.030212,-0.0024414,4.9365
0.027924,-0.0045776,4.9341
0.025482,-0.0065613,4.9353
0.02182,-0.0068665,4.9329
0.018921,-0.0042725,4.9304
0.018005,-0.0019836,4.9255
0.019836,-0.0010681,4.928
0.023956,-0.0010681,4.9231
0.027618,-0.0018311,4.9121
0.029755,-0.0050354,4.9255
0.032196,-0.0053406,4.9207
0.030518,-0.004425,4.9207
0.028687,-0.0027466,4.917
0.026703,-0.00061035,4.9158
0.025787,-0.0012207,4.9158
0.026398,-0.00076294,4.906
0.027771,-0.0042725,4.9133
0.029602,-0.0057983,4.9133
0.029602,-0.0054932,4.9097
0.03067,-0.00045776,4.9011
0.031433,0.0012207,4.9109
0.032654,0.0010681,4.9109
0.035248,0.00045776,4.9048
0.036163,-0.0024414,4.9133
0.035858,-0.0045776,4.9097
0.033875,-0.0073242,4.9109
0.03067,-0.009613,4.9109
0.026703,-0.0090027,4.9133
0.024567,-0.0093079,4.9243
0.02243,-0.0082397,0.039063
0.019989,-0.0085449,0.057373
0.02182,-0.0086975,0.047607
0.02121,-0.010376,0.039063
0.02243,-0.010681,0.05249
0.022583,-0.0094604,0.05249
0.023499,-0.0062561,0.053711
0.025177,-0.004425,0.058594
0.027466,-0.0035095,0.058594
0.028992,-0.0057983,0.063477
0.029297,-0.007019,0.061035
0.029297,-0.0065613,0.064697
0.029144,-0.0041199,0.057373
0.028534,0.00061035,0.062256
0.029602,0.0021362,0.063477
0.03006,0.0022888,0.065918
0.030212,0.00045776,0.06958
0.03067,-0.0022888,0.064697
0.031891,-0.0038147,0.067139
0.033875,-0.0024414,0.067139
0.034332,-0.00076294,0.075684
0.032959,0.00015259,0.063477
0.032196,0.00045776,0.056152
0.030365,0.00030518,0.059814
0.028992,-0.0010681,0.057373
0.029602,0.00091553,0.056152
0.028534,0.0042725,0.053711
0.026093,0.0062561,0.05127
0.022736,0.0074768,0.05127
0.019073,0.0053406,0.047607
0.016479,0.0016785,0.050049
0.015259,-0.0027466,0.048828
0.015106,-0.0039673,0.050049
0.015564,-0.0035095,0.041504
0.015411,-0.0019836,0.045166
0.015259,-0.00045776,0.057373
0.014801,0.0016785,0.041504
0.014191,0.0032043,0.048828
0.014191,0.0032043,0.041504
0.014648,0.0016785,0.023193
0.016632,0.00045776,0.036621
0.016785,-0.00076294,0.039063
0.016479,-0.0015259,0.040283
0.014496,-0.0012207,0.032959
0.012665,-0.0027466,0.03418
0.012207,-0.0045776,0.041504
0.012512,-0.0071716,0.039063
0.01358,-0.0088501,0.046387
0.014496,-0.0082397,0.041504
0.015564,-0.0059509,0.047607
0.015411,-0.0010681,0.050049
0.015411,0.0041199,0.053711
0.015564,0.007782,0.057373
0.017548,0.0086975,0.05249
0.018616,0.0073242,0.053711
0.019989,0.0057983,0.059814
0.020447,0.0032043,0.067139
0.019379,0.0035095,0.058594
0.0177,0.0038147,0.047607
0.016632,0.005188,0.061035
0.014648,0.0076294,0.062256
0.015259,0.0085449,0.057373
0.011597,0.007782,0.064697
0.0099182,0.0074768,0.057373
0.0080872,0.0064087,0.065918
0.0071716,0.0067139,0.061035
0.0068665,0.0076294,0.068359
0.0073242,0.0091553,0.063477
0.0093079,0.0099182,0.067139
0.0093079,0.012817,0.063477
0.010223,0.0091553,0.063477
0.010986,0.0088501,0.070801
0.0097656,0.0094604,0.058594
0.0086975,0.011749,0.057373
0.0083923,0.013733,0.054932
0.0068665,0.015106,0.037842
0.0065613,0.012665,0.050049
0.0062561,0.0082397,0.05127
0.0053406,0.010223,3.2605
0.005188,0.0047302,4.8181
0.0041199,0.0047302,4.895
0.0061035,0.0062561,4.9146
0.0056458,0.0076294,4.9097
0.007019,0.0061035,4.9158
0.0080872,0.005188,4.9072
0.0083923,0.0033569,4.9109
0.010376,0.0019836,4.9097
0.0076294,0.0038147,4.9158
0.010986,0.0038147,4.9072
0.010223,0.0059509,4.9121
0.010223,0.0074768,4.9158
0.010376,0.0050354,4.9109
0.010529,0.0033569,4.917
0.011902,0.0041199,4.9109
0.014343,0.0062561,4.9036
0.016022,0.0048828,4.9109
0.018158,0.0064087,4.9121
0.018311,0.0064087,4.9158
0.019073,0.0053406,4.9146
0.019226,0.0039673,4.9133
0.019531,0.0018311,4.9207
0.019226,0.0022888,4.9219
0.019684,0.0036621,4.9255
0.019073,0.0032043,4.9255
0.018463,0.0038147,4.9304
0.018616,0.0065613,4.9304
0.018158,0.0064087,4.9341
0.018768,0.0050354,4.9451
0.019836,0.0039673,4.9316
0.021362,0.0047302,4.9304
0.021057,0.0022888,4.9219
0.020447,0.00061035,4.9316
0.018768,-0.0030518,4.9292
0.017242,-0.0050354,4.9292
0.016174,-0.0064087,4.9353
0.015564,-0.0068665,4.9341
0.015259,-0.0050354,4.9329
0.015411,-0.0021362,4.9341
0.015717,0.00091553,4.9304
0.018768,0.0028992,4.9316
0.018616,0.0041199,4.9255
0.021515,0.0038147,4.9329
0.024109,0.0022888,4.9231
0.026093,-0.00045776,4.9231
0.028381,-0.0021362,4.9243
0.028381,-0.0041199,4.9255
0.026855,-0.0048828,4.9268
0.026855,-0.0073242,4.9207
0.025635,-0.0079346,4.928
0.025177,-0.0071716,4.9133
0.023499,-0.0056458,4.906
0.023346,-0.0018311,4.9109
0.024109,0.0016785,4.9158
0.024261,0.0050354,4.9072
0.027466,0.0061035,4.9133
0.029449,0.0053406,4.9072
0.03067,0.0036621,4.9109
0.032196,0.0019836,4.906
0.032349,0.0010681,4.9109
0.033722,0.0015259,4.9084
0.033417,0.0024414,4.9109
0.034027,0.0039673,4.9121
0.031433,0.0042725,4.9121
0.028839,0.0053406,4.9158
0.027618,0.0047302,4.9158
0.027008,0.0045776,4.9158
0.031586,0.005188,4.9182
0.028229,0.0085449,4.917
0.027924,0.010376,4.9194
0.028076,0.013275,4.9084
0.028839,0.014191,0.046387
0.029755,0.01297,0.056152
0.03006,0.011139,0.057373
0.031128,0.014954,0.062256
0.031128,0.0097656,0.061035
0.03067,0.014038,0.064697
0.028534,0.012054,0.058594
0.027008,0.010986,0.063477
0.025635,0.010071,0.062256
0.025177,0.0079346,0.064697
0.024414,0.0045776,0.061035
0.025482,0.0024414,0.065918
0.026398,0.0012207,0.072021
0.024109,0.00061035,0.067139
0.02533,-0.00045776,0.072021
0.02594,-0.0024414,0.065918
0.025635,-0.002594,0.048828
0.025635,-0.0019836,0.063477
0.021515,0.00030518,0.062256
0.026398,0.0028992,0.056152
0.025177,0.0067139,0.056152
0.024109,0.0076294,0.05127
0.024261,0.0074768,0.053711
0.02594,0.0080872,0.048828
0.027313,0.0059509,0.05249
0.029449,0.0065613,0.046387
0.030975,0.007782,0.050049
0.031281,0.0083923,0.042725
0.030518,0.010223,0.047607
0.031128,0.010223,0.047607
0.031586,0.0073242,0.045166
0.031586,0.0054932,0.036621
0.030975,0.00061035,0.042725
0.029449,-0.0021362,0.026855
0.029297,-0.0016785,0.036621
0.026855,0.00030518,0.039063
0.024261,0.0021362,0.039063
0.023499,0.0045776,0.039063
0.023499,0.0054932,0.036621
0.024414,0.0064087,0.041504
0.024872,0.0062561,0.037842
0.024567,0.0027466,0.040283
0.023041,0.00076294,0.036621
0.021667,-0.004425,0.046387
0.020142,-0.010376,0.043945
0.019989,-0.015106,0.05127
0.018463,-0.015869,0.05127
0.017242,-0.012665,0.056152
0.018158,-0.0094604,0.062256
0.017853,-0.0036621,0.058594
0.019836,0.00076294,0.072021
0.02182,0.0053406,0.059814
0.025787,0.0090027,0.05249
0.029602,0.0099182,0.061035
0.033417,0.011292,0.057373
0.036469,0.0097656,0.057373
0.038147,0.007019,0.062256
0.037842,0.0035095,0.063477
0.036316,0.00091553,0.061035
0.031738,0.00045776,0.061035
0.026855,0.00015259,0.067139
0.020905,0.00076294,0.063477
0.016174,0.0030518,0.06958
0.014954,0.0050354,0.065918
0.016174,0.0067139,0.061035
0.020599,0.0086975,0.067139
0.022125,0.010071,0.062256
0.023651,0.01236,0.062256
0.023804,0.01297,0.053711
0.024261,0.011597,0.061035
0.025482,0.0080872,0.053711
0.026703,0.0030518,0.045166
0.026703,-0.00076294,0.047607
0.025024,-0.0036621,0.047607
0.020752,-0.0048828,0.043945
0.016022,-0.0045776,0.042725
0.011139,-0.0061035,0.042725
0.0091553,-0.0068665,0.045166
0.0093079,-0.0065613,3.5645
0.010529,-0.0045776,4.8279
0.010834,-0.00076294,4.9036
0.011139,0.0010681,4.9109
0.012054,0.0015259,4.9097
0.01297,-0.0010681,4.9109
0.016479,-0.0024414,4.9219
0.020142,-0.0019836,4.9158
0.024414,0.0012207,4.917
0.025482,0.0050354,4.9109
0.023346,0.0076294,4.895
0.020905,0.0073242,4.906
0.018921,0.0035095,4.9146
0.017548,-0.0016785,4.9133
0.018005,-0.004425,4.9158
0.018311,-0.0048828,4.9158
0.020752,-0.0019836,4.9194
0.016327,0.00045776,4.9194
0.01709,0.0013733,4.9268
0.017242,0.00045776,4.9255
0.018921,-0.0024414,4.9268
0.017548,-0.0045776,4.928
0.020599,-0.005188,4.9292
0.019226,-0.0053406,4.9353
0.017242,-0.0065613,4.9316
0.017395,-0.0048828,4.9329
0.016632,-0.0036621,4.9316
0.015564,-0.0016785,4.9463
0.014496,-0.00030518,4.9316
0.013123,0.0016785,4.9194
0.014191,0.0024414,4.9341
0.015106,0.0053406,4.9353
0.016327,0.0083923,4.9341
0.018463,0.012207,4.9377
0.021057,0.015411,4.9353
0.023041,0.017853,4.9353
0.025787,0.019226,4.9329
0.027924,0.018158,4.9316
0.029297,0.016327,4.9219
0.028534,0.013733,4.9146
0.025024,0.0073242,4.9243
0.021515,0.0056458,4.9268
0.018158,0.0041199,4.9255
0.014191,0.0015259,4.917
0.0097656,0.0016785,4.9207
0.0079346,0.00015259,4.9158
0.0064087,-0.00015259,4.9048
0.0054932,-0.00015259,4.9146
0.0065613,0.00076294,4.9121
0.0076294,0.0019836,4.906
0.0097656,-0.0016785,4.9084
0.01297,0.0016785,4.9109
0.015564,0.0010681,4.9109
0.019684,0.00030518,4.9072
0.01709,0.00091553,4.9097
0.015259,-0.0027466,4.906
0.012512,-0.0030518,4.9121
0.0091553,-0.004425,4.9133
0.0050354,-0.0038147,4.9109
0.0027466,-0.0019836,4.9097
0.00061035,0,4.9146
0.0016785,0.0016785,4.9158
0.004425,0.0028992,4.917
0.010529,0.0033569,4.9255
0.017548,0.0032043,4.9219
0.020599,0.0015259,4.9072
0.030823,-0.0030518,4.9219
0.036621,-0.00030518,4.9268
0.040741,-0.0024414,4.9292
0.042114,-0.0030518,4.9304
0.040283,-0.0059509,4.9268
0.036011,-0.0080872,4.9365
0.03006,-0.0079346,0.058594
0.022736,-0.010681,0.063477
0.019531,-0.012054,0.057373
0.016632,-0.012054,0.065918
0.016479,-0.010834,0.061035
0.014191,-0.009613,0.065918
0.014648,-0.0083923,0.079346
0.016632,-0.007019,0.067139
0.019684,-0.0062561,0.064697
0.024109,-0.0076294,0.068359
0.028839,-0.0080872,0.057373
0.029755,-0.0067139,0.061035
0.030365,-0.0042725,0.059814
0.027771,-0.002594,0.057373
0.024872,-0.0018311,0.057373
0.020447,-0.002594,0.050049
0.016327,-0.0067139,0.053711
0.014648,-0.010071,0.046387
0.012665,-0.012512,0.05249
0.016174,-0.01236,0.046387
0.014191,-0.01358,0.05127
0.017395,-0.0068665,0.043945
0.02243,-0.0045776,0.047607
0.022583,-0.0071716,0.046387
0.031738,-0.011749,0.046387
0.035858,-0.016022,0.048828
0.037079,-0.016632,0.042725
0.037079,-0.01358,0.043945
0.036011,-0.0083923,0.037842
0.033875,-0.0027466,0.031738
0.031738,-0.00045776,0.036621
0.028229,-0.0035095,0.036621
0.027161,-0.0038147,0.0354
0.025635,-0.0036621,0.039063
0.027008,-0.0019836,0.037842
0.025024,0.00015259,0.041504
0.025177,0.00045776,0.037842
0.025635,-0.00045776,0.045166
0.02594,-0.0030518,0.040283
0.026855,-0.0047302,0.047607
0.027313,-0.0056458,0.05127
0.027466,-0.007019,0.053711
0.026245,-0.0022888,0.061035
0.025482,0.00061035,0.058594
0.025482,0.0028992,0.061035
0.023956,0.0027466,0.056152
0.02243,0.0018311,0.057373
0.023804,-0.00015259,0.062256
0.025177,-0.002594,0.061035
0.024414,-0.0042725,0.058594
0.02594,-0.0045776,0.061035
0.025635,-0.0053406,0.059814
0.024872,-0.0094604,0.061035
0.023956,-0.0045776,0.057373
0.026245,-0.0021362,0.065918
0.027161,-0.00030518,0.062256
0.027771,0.0035095,0.065918
0.027466,0.0024414,0.068359
0.027924,-0.0013733,0.067139
0.025787,-0.0028992,0.064697
0.02533,-0.0018311,0.067139
0.024414,0.00076294,0.073242
0.021667,0.0030518,0.057373
0.016174,0.0024414,0.064697
0.015411,0.0028992,0.050049
0.011139,-0.00030518,0.036621
0.0099182,-0.0047302,0.047607
0.012054,-0.0059509,0.05127
0.013885,-0.0071716,0.047607
0.018463,-0.0045776,0.045166
0.021515,-0.0013733,0.040283
0.02533,0.00061035,0.045166
0.025177,0.0016785,0.042725
0.027313,0.0019836,0.0354
0.026855,-0.0024414,0.037842
0.027466,0,0.043945
0.026703,-0.00091553,0.041504
0.024719,-0.0019836,0.041504
0.022888,-0.0028992,4.3811
0.019531,-0.0048828,4.873
0.01709,-0.0064087,4.9036
0.013885,-0.0065613,4.9097
0.014496,-0.0067139,4.9011
0.016479,-0.0032043,4.9084
0.019531,0.00030518,4.906
0.022888,0.0035095,4.9109
0.024414,0.0061035,4.9146
0.027466,0.0061035,4.9133
0.03006,0.005188,4.9182
0.032349,0.0028992,4.9146
0.034637,0.0015259,4.9207
0.035095,0.0062561,4.9243
0.033722,0.010376,4.9304
0.032043,0.013275,4.9268
0.03067,0.014191,4.9329
0.028076,0.01236,4.9304
0.02594,0.011139,4.9316
0.024872,0.0099182,4.9377
0.023956,0.0097656,4.9353
0.021515,0.0093079,4.9377
0.018768,0.0071716,4.9329
0.016327,0.0050354,4.9219
0.015106,0.0028992,4.9341
0.012207,0.0013733,4.9341
0.0099182,0.0024414,4.9329
0.0091553,0.0048828,4.9329
0.0099182,0.0082397,4.9341
0.0099182,0.010223,4.9341
0.011902,0.010071,4.9304
0.013733,0.0082397,4.9341
0.01358,0.0071716,4.9255
0.012512,0.0042725,4.928
0.010834,0.0036621,4.9255
0.009613,0.0022888,4.9268
0.0091553,0.0015259,4.9231
0.0064087,0.00030518,4.9207
0.0059509,0.00061035,4.9146
0.0033569,-0.0024414,4.917
0.00091553,-0.0022888,4.9207
0.00015259,-0.0016785,4.9133
0.0016785,-0.00030518,4.9207
0.0050354,0.0027466,4.9097
0.0094604,0.0045776,4.9121
0.014038,0.0065613,4.9109
0.018158,0.0086975,4.9109
0.019989,0.007782,4.9097
0.019073,0.0056458,4.9133
0.018005,0.0033569,4.9036
0.018311,0.0022888,4.9109
0.018005,0.0027466,4.906
0.017548,0.0045776,4.9133
0.016022,0.007019,4.9084
0.013733,0.0086975,4.9121
0.011139,0.0057983,4.928
0.010376,0.0065613,4.9146
0.012665,0.005188,4.9207
0.016174,0.0067139,4.9194
0.019531,0.0079346,4.9084
0.020447,0.011749,4.9219
0.020447,0.0082397,4.9231
0.018768,0.0068665,4.928
0.015411,0.004425,4.9268
0.014191,0.0033569,4.9243
0.011902,0.0033569,4.9329
0.010223,0.0047302,4.9316
0.0073242,0.0056458,4.9329
0.0045776,0.0073242,4.9292
0.0022888,0.0079346,4.9341
0.0016785,0.0091553,4.9316
0.0033569,0.0090027,0.062256
0.0074768,0.010376,0.070801
0.011444,0.012512,0.062256
0.015717,0.015106,0.068359
0.01709,0.017242,0.068359
0.019073,0.015564,0.079346
0.018768,0.012207,0.065918
0.017395,0.0086975,0.063477
0.014954,0.0053406,0.061035
0.011292,0.0039673,0.058594
0.0076294,0.002594,0.05249
0.0032043,0.0012207,0.057373
0.00091553,-0.00045776,0.05127
-0.00061035,-0.0024414,0.05249
0.00015259,-0.0012207,0.045166
0.0033569,-0.00076294,0.05127
0.0073242,0.0021362,0.047607
0.011292,0.0054932,0.048828
0.015106,0.0083923,0.045166
0.0177,0.0088501,0.045166
0.018768,0.0091553,0.053711
0.018616,0.0076294,0.045166
0.019073,0.0057983,0.048828
0.018005,0.0048828,0.041504
0.016327,0.0050354,0.030518
0.01358,0.0067139,0.039063
0.010223,0.0082397,0.039063
0.007782,0.0090027,0.039063
0.007019,0.0086975,0.037842
0.010071,0.0061035,0.040283
0.014038,0.0033569,0.040283
0.019073,0.0021362,0.039063
0.023041,0.00045776,0.041504
0.026398,0.00091553,0.040283
0.028229,-0.00061035,0.043945
0.029144,-0.00030518,0.050049
0.028534,-0.0028992,0.053711
0.027924,-0.0050354,0.05127
0.024414,-0.0071716,0.056152
0.020447,-0.0080872,0.056152
0.015411,-0.0061035,0.057373
0.012817,-0.0047302,0.06958
0.010376,-0.0038147,0.061035
0.011139,-0.0054932,0.048828
0.013275,-0.0065613,0.061035
0.017242,-0.007019,0.061035
0.020752,-0.0062561,0.059814
0.023956,-0.005188,0.061035
0.025177,-0.0028992,0.058594
0.022583,-0.0047302,0.062256
0.025177,-0.0059509,0.064697
0.024109,-0.0080872,0.067139
0.023956,-0.0093079,0.067139
0.023499,-0.0076294,0.067139
0.02182,-0.004425,0.063477
0.020142,-0.00091553,0.065918
0.020447,0.00045776,0.074463
0.020752,0.00045776,0.058594
0.024414,-0.0019836,0.054932
0.023499,-0.0050354,0.054932
0.027008,-0.0062561,0.031738
0.029602,-0.0057983,0.050049
0.029602,-0.0032043,0.047607
0.029144,-0.00061035,0.046387
0.028229,0.0022888,0.047607
0.024719,0.00030518,0.042725
0.023193,0.0016785,0.046387
0.02121,0.0015259,0.040283
0.021057,0.0010681,0.039063
0.020447,0.00076294,0.037842
0.020142,0.0015259,0.042725
0.019836,0.005188,0.039063
0.021362,0.0032043,0.040283
0.021973,0.0012207,0.040283
0.020294,-0.00091553,0.042725
0.025024,-0.0028992,0.045166
0.025482,-0.0035095,0.040283
0.024872,-0.0016785,0.043945
0.021362,0.0012207,0.41382
0.019379,0.0028992,4.6448
0.017395,0.0032043,4.895
0.017242,-0.0012207,4.9097
0.018921,-0.0041199,4.9121
0.022278,-0.0050354,4.9158
0.024109,-0.0041199,4.9194
0.023804,0.00091553,4.9219
0.024567,0.0057983,4.9207
0.024109,0.0065613,4.9304
0.023804,0.005188,4.9268
0.024872,0.0013733,4.9304
0.028534,-0.0022888,4.9316
0.031128,-0.0033569,4.9316
0.031128,-0.0010681,4.9402
0.029144,-0.00015259,4.9341
0.026703,0.0012207,4.9341
0.02655,0.00030518,4.9329
0.028534,-0.0015259,4.9316
0.029907,-0.0038147,4.9304
0.03067,-0.0041199,4.9341
0.028992,-0.0032043,4.9329
0.026703,-0.00030518,4.9353
0.025482,0.0028992,4.9365
0.023193,0.0057983,4.9353
0.024109,0.0067139,4.9292
0.02594,0.0039673,4.9365
0.028076,0.0024414,4.9243
0.028839,0,4.9304
0.028992,0.0015259,4.928
0.029602,0.0035095,4.9268
0.029602,0.0057983,4.9207
0.032959,0.0094604,4.9231
0.035095,0.0099182,4.9292
0.038757,0.0088501,4.9194
0.036011,0.007019,4.9243
0.032806,0.0056458,4.9146
0.032043,0.0059509,4.9146
0.028687,0.0045776,4.9109
0.028076,0.0019836,4.9133
0.026855,-0.0015259,4.9109
0.026703,-0.0057983,4.9084
0.026245,-0.0093079,4.9097
0.022736,-0.010071,4.9109
0.02243,-0.0086975,4.906
0.0177,-0.0071716,4.906
0.015106,-0.0080872,4.9084
0.013885,-0.0088501,4.9133
0.015106,-0.010529,4.8889
0.016937,-0.0094604,4.9121
0.020599,-0.0079346,4.9207
0.021973,-0.0033569,4.9121
0.023499,0.0022888,4.9133
0.024567,0.0061035,4.9182
0.026245,0.0080872,4.9121
0.028687,0.010071,4.9231
0.031738,0.01358,4.9353
0.032654,0.014648,4.928
0.031586,0.016327,4.928
0.03067,0.015411,4.9255
0.028839,0.01358,4.9316
0.027313,0.010529,4.9341
0.027313,0.010834,4.9194
0.027618,0.0080872,4.9304
0.028992,0.0080872,4.9341
0.028534,0.009613,4.9304
0.028229,0.011749,4.9341
0.02533,0.013885,4.9329
0.022888,0.014343,4.9182
0.022888,0.014954,4.9426
0.025024,0.013123,4.939
0.025635,0.011139,4.9463
0.025482,0.0085449,-0.057373
0.022278,0.0059509,0.05127
0.017395,0.0039673,0.062256
0.013123,0.0022888,0.057373
0.0090027,-0.0012207,0.053711
0.0067139,-0.0036621,0.054932
0.0045776,-0.0068665,0.05127
0.0024414,-0.0080872,0.05127
0.0012207,-0.007019,0.048828
0.0016785,-0.0067139,0.048828
0.0016785,-0.0056458,0.042725
0.0028992,-0.0062561,0.047607
0.0059509,-0.0064087,0.047607
0.011749,-0.0064087,0.048828
0.016937,-0.0062561,0.045166
0.020905,-0.0059509,0.041504
0.021362,-0.0056458,0.039063
0.021057,-0.005188,0.041504
0.019684,-0.0041199,0.031738
0.018616,-0.0036621,0.037842
0.018158,-0.0028992,0.041504
0.017395,-0.0021362,0.037842
0.01709,-0.00061035,0.040283
0.015259,0.0027466,0.040283
0.015106,0.0068665,0.040283
0.015411,0.0091553,0.037842
0.016479,0.010834,0.042725
0.019531,0.010986,0.041504
0.026398,0.0068665,0.045166
0.024719,0.0036621,0.050049
0.023956,0.002594,0.053711
0.021667,-0.00030518,0.047607
0.015869,0.00061035,0.058594
0.011749,0.0010681,0.063477
0.0059509,0.00091553,0.058594
0.0013733,0.00091553,0.067139
-0.0047302,0.0015259,0.061035
-0.0048828,0.0022888,0.042725
-0.0059509,0.0013733,0.053711
-0.0056458,0.0036621,0.057373
-0.0045776,0.0035095,0.059814
-0.002594,0.0016785,0.059814
0.0012207,-0.00015259,0.058594
0.0061035,-0.0059509,0.065918
0.0088501,-0.0068665,0.063477
0.010834,-0.0071716,0.065918
0.010986,-0.0085449,0.062256
0.007782,-0.0059509,0.067139
0.0054932,-0.0041199,0.063477
0.0035095,-0.0015259,0.065918
0.004425,0.0033569,0.06958
0.007019,-0.00030518,0.057373
0.011139,-0.0022888,0.056152
0.012665,-0.0048828,0.054932
0.015869,-0.0062561,0.054932
0.016174,-0.0054932,0.050049
0.019684,-0.0047302,0.046387
0.022736,-0.0045776,0.047607
0.031433,-0.0047302,0.043945
0.027771,-0.0041199,0.043945
0.024567,-0.0036621,0.046387
0.019379,-0.00091553,0.041504
0.014191,0.0022888,0.032959
0.011597,0.0039673,0.036621
0.010986,0.0065613,0.041504
0.011902,0.0035095,0.039063
0.013275,0.002594,0.040283
0.014496,-0.0010681,0.036621
0.014954,-0.002594,0.039063
0.016785,-0.0022888,0.048828
0.019989,-0.00015259,0.037842
0.023499,0.0019836,0.05127
0.027771,0.0027466,0.036621
0.030518,0.0016785,0.026855
0.030365,0.00061035,0.041504
0.022736,-0.0015259,0.039063
0.022888,-0.0032043,0.041504
0.020294,-0.0036621,0.045166
0.019379,-0.0053406,0.050049
0.019531,-0.0076294,4.5288
0.019836,-0.0097656,4.873
0.019989,-0.010986,4.9255
0.018921,-0.010834,4.9207
0.018005,-0.0093079,4.9304
0.017548,-0.0064087,4.9292
0.020142,-0.0059509,4.9329
0.022125,-0.005188,4.9329
0.02533,-0.0059509,4.9329
0.027008,-0.011597,4.9329
0.027466,-0.014191,4.9304
0.026703,-0.016937,4.9402
0.024261,-0.016174,4.9304
0.024261,-0.010681,4.928
0.025177,-0.010681,4.9316
0.026398,-0.0086975,4.9329
0.028229,-0.0099182,4.9329
0.02594,-0.010834,4.9341
0.024414,-0.011292,4.9329
0.022125,-0.012817,4.9329
0.020905,-0.010529,4.9255
0.022278,-0.0048828,4.9292
0.024872,-0.002594,4.9255
0.027924,-0.0012207,4.9255
0.03006,-0.00076294,4.9194
0.030365,-0.0068665,4.9231
0.028687,-0.0038147,4.928
0.027924,-0.0033569,4.9207
0.025787,-0.0019836,4.9133
0.024719,0.0030518,4.9158
0.023346,0.0047302,4.8962
0.023041,0.0065613,4.9133
0.02121,0.0045776,4.9109
0.019531,0.0016785,4.9133
0.021362,0.00045776,4.9084
0.021973,-0.0013733,4.906
0.02594,0.00061035,4.9084
0.028839,0.0045776,4.9072
0.031281,0.0042725,4.9133
0.031433,0.0068665,4.906
0.029297,0.0045776,4.9121
0.026093,0.0035095,4.9109
0.022278,0.005188,4.9109
0.0177,0.0024414,4.9109
0.015411,0.0036621,4.9182
0.015411,0.0067139,4.9158
0.016479,0.0032043,4.9182
0.019073,0.0022888,4.9292
0.020905,-0.0028992,4.9219
0.022736,-0.0022888,4.9146
0.02243,-0.0068665,4.9268
0.024261,-0.007019,4.9255
0.024567,-0.0062561,4.9243
0.023804,-0.0074768,4.928
0.023499,-0.0032043,4.9304
0.019226,-0.0048828,4.9329
0.017395,-0.0033569,4.9292
0.012817,-0.0042725,4.9268
0.0097656,-0.0041199,4.9255
0.0090027,-0.002594,4.9341
0.0099182,-0.0041199,4.9316
0.012512,-0.002594,4.9329
0.016479,-0.005188,4.9463
0.016937,-0.002594,4.9353
0.016937,0.00015259,4.9353
0.016937,0.0015259,4.9377
0.016327,0.0059509,4.9292
0.019989,0.0061035,4.9316
0.019989,0.004425,4.9353
0.021515,0.0028992,4.9268
0.022736,0.00045776,4.9316
0.02121,0.00030518,4.9243
0.023041,0.0018311,0.05249
0.023651,0.004425,0.048828
0.026093,0.0067139,0.05249
0.028839,0.0042725,0.043945
0.029144,0.00045776,0.047607
0.031738,-0.0047302,0.048828
0.03067,-0.009613,0.047607
0.029144,-0.011902,0.040283
0.027618,-0.011444,0.037842
0.025635,-0.010986,0.053711
0.026093,-0.0093079,0.041504
0.022125,-0.0091553,0.050049
0.023499,-0.010223,0.041504
0.020752,-0.011749,0.029297
0.017548,-0.011139,0.036621
0.015106,-0.0085449,0.037842
0.01358,-0.0050354,0.040283
0.013885,-0.0013733,0.040283
0.015717,-0.002594,0.03418
0.0177,-0.0056458,0.042725
0.019226,-0.011292,0.041504
0.020752,-0.016174,0.043945
0.020294,-0.018768,0.045166
0.019379,-0.018768,0.050049
0.018616,-0.015411,0.05249
0.0177,-0.014343,0.056152
0.016632,-0.0085449,0.072021
0.017242,-0.010071,0.058594
0.01709,-0.0094604,0.059814
0.019684,-0.0032043,0.057373
0.021515,-0.0016785,0.054932
0.024719,-0.00015259,0.061035
0.028076,-0.00076294,0.061035
0.03006,-0.0032043,0.058594
0.033264,-0.0059509,0.062256
0.034943,-0.005188,0.057373
0.037079,-0.0024414,0.063477
0.036469,0.00030518,0.064697
0.035706,0.0015259,0.064697
0.034485,0.0030518,0.061035
0.031738,-0.00030518,0.064697
0.029449,-0.0018311,0.063477
0.027161,0.0012207,0.064697
0.024414,0.00091553,0.064697
0.02243,0.0042725,0.059814
0.017395,0.0061035,0.063477
0.014343,0.0039673,0.054932
0.012512,0.0059509,0.065918
0.0097656,0.0059509,0.048828
0.0076294,0.010223,0.039063
0.0047302,0.017548,0.046387
0.0088501,0.027618,0.047607
0.007019,0.042267,0.043945
0.0093079,0.050049,0.045166
0.012665,0.056305,0.041504
0.015106,0.052338,0.040283
0.018616,0.043793,0.039063
0.017853,0.036926,0.041504
0.019531,0.025787,0.041504
0.022278,0.019684,0.039063
0.024872,0.013275,0.041504
0.028534,0.0088501,0.040283
0.034485,0.0054932,0.039063
0.030365,0.0015259,0.042725
0.027313,0.0013733,0.040283
0.022736,0.0016785,0.036621
0.016174,0.009613,0.0354
0.0065613,0.01297,0.042725
-0.0028992,0.010529,0.041504
-0.012665,0.0036621,0.042725
-0.019989,-0.0091553,0.047607
-0.024109,-0.021515,0.045166
-0.024872,-0.030975,0.046387
-0.024719,-0.037689,0.050049
-0.02533,-0.0354,0.059814
-0.02655,-0.03067,0.056152
-0.024567,-0.020447,0.061035
-0.017395,-0.0067139,0.061035
-0.0068665,0.0062561,4.2822
0.0054932,0.019073,4.8865
0.018005,0.024567,4.928
0.029449,0.028076,4.9365
0.038452,0.023346,4.9329
0.04425,0.01297,4.9329
0.046692,0.0048828,4.9353
0.050201,-0.002594,4.9158
0.048676,-0.007019,4.9304
0.04425,-0.0074768,4.9365
0.037537,-0.0057983,4.9353
0.029449,-0.00076294,4.9353
0.02121,0.0030518,4.9316
0.016022,0.011749,4.9353
0.014496,0.013885,4.9292
0.016022,0.016785,4.9268
0.019073,0.019684,4.9231
0.022125,0.018311,4.9243
0.023804,0.016937,4.9194
0.023193,0.016022,4.9219
0.020447,0.014343,4.9146
0.017548,0.01358,4.9194
0.010986,0.010376,4.9219
0.0061035,0.0053406,4.917
0.0019836,-0.0013733,4.9158
-0.0024414,-0.0057983,4.9109
-0.0056458,-0.0086975,4.8999
-0.0086975,-0.0094604,4.9109
-0.0097656,-0.017242,4.9084
-0.01236,-0.023346,4.9048
-0.0093079,-0.024872,4.8901
-0.0035095,-0.035858,4.9072
0.0041199,-0.036774,4.9084
0.011749,-0.033722,4.906
0.013275,-0.026703,4.9121
0.015869,-0.01358,4.9084
0.018158,-0.0045776,4.9146
0.021667,-0.007019,4.9097
0.02655,-0.0033569,4.9146
0.033875,0,4.9219
0.040588,-0.002594,4.917
0.046997,0.0053406,4.9292
0.046539,0.0041199,4.9231
0.050659,-0.0079346,4.9158
0.049286,-0.016632,4.928
0.046082,-0.022888,4.9255
0.042877,-0.028839,4.9292
0.0383,-0.023346,4.9341
0.033264,-0.015564,4.9292
0.027466,-0.013123,4.9304
0.025177,-0.011292,4.9304
0.02243,-0.011139,4.9341
0.023956,-0.013275,4.928
0.026855,-0.010986,4.9341
0.032196,-0.0071716,4.9329
0.033875,-0.0064087,4.9353
0.03067,-0.0057983,4.9353
0.023346,-0.0028992,4.9377
0.017548,0.0036621,4.9329
0.012054,0.0076294,4.9377
0.0099182,0.013275,4.9438
0.0093079,0.015411,4.9329
0.010529,0.018768,4.9304
0.0093079,0.020142,4.928
0.010223,0.019073,4.928
0.01236,0.019073,4.9243
0.014954,0.019073,4.9255
0.0177,0.016479,4.9207
0.020752,0.010376,4.9133
0.021057,0.0021362,4.9194
0.023041,-0.0050354,4.9158
0.024719,-0.0068665,4.9158
0.028839,-0.0028992,4.9158
0.032806,0.00045776,0.039063
0.034027,0.0048828,0.046387
0.033875,0.0045776,0.054932
0.031433,-0.0012207,0.041504
0.024567,-0.0079346,0.042725
0.021667,-0.013123,0.041504
0.014648,-0.014954,0.020752
0.0090027,-0.017242,0.036621
0.005188,-0.015564,0.039063
0.0039673,-0.012054,0.039063
0.0067139,-0.0083923,0.040283
0.010834,-0.0039673,0.036621
0.017548,0.0028992,0.042725
0.025024,0.012054,0.037842
0.032959,0.018768,0.045166
0.038605,0.020447,0.045166
0.041504,0.0177,0.046387
0.041046,0.011902,0.053711
0.037994,0.0042725,0.057373
0.031586,-0.00061035,0.061035
0.029144,-0.005188,0.057373
0.024109,-0.0022888,0.057373
0.020447,0.0038147,0.061035
0.020752,0.0076294,0.073242
0.023499,0.014801,0.061035
0.028839,0.021667,0.054932
0.033875,0.026855,0.062256
0.038147,0.033569,0.056152
0.040283,0.037994,0.059814
0.040436,0.03479,0.063477
0.038605,0.024872,0.062256
0.035706,0.013428,0.064697
0.029755,0.0010681,0.064697
0.023346,-0.007019,0.070801
0.016327,-0.0093079,0.063477
0.0093079,-0.012207,0.068359
0.002594,-0.012512,0.064697
-0.004425,-0.012665,0.064697
-0.0076294,-0.015411,0.063477
-0.0053406,-0.016937,0.053711
-0.00030518,-0.019836,0.054932
0.0074768,-0.023956,0.05249
0.013428,-0.027618,0.039063
0.015259,-0.029449,0.047607
0.015259,-0.031128,0.047607
0.016174,-0.032501,0.041504
0.017853,-0.03067,0.047607
0.019989,-0.031128,0.042725
0.019379,-0.029602,0.045166
0.018311,-0.024872,0.030518
0.01709,-0.021057,0.042725
0.018158,-0.016479,0.036621
0.020752,-0.01358,0.041504
0.026398,-0.012817,0.042725
0.033417,-0.012817,0.041504
0.041351,-0.012054,0.036621
0.049438,-0.011292,0.041504
0.053406,-0.0088501,0.043945
0.055847,-0.0056458,0.040283
0.054932,0.00015259,0.046387
0.053101,0.0068665,0.041504
0.050507,0.014496,0.032959
0.048676,0.019836,0.041504
0.046234,0.023346,0.045166
0.044708,0.024872,0.050049
0.04303,0.025635,0.05127
0.039215,0.025635,0.047607
0.038147,0.024261,0.058594
0.034485,0.023651,0.053711
0.031128,0.02121,0.059814
0.027313,0.019226,0.059814
0.021515,0.016632,0.062256
0.018768,0.014801,0.062256
0.015564,0.015411,0.063477
0.015106,0.016785,0.072021
0.015717,0.016632,0.062256
0.018158,0.015259,0.061035
0.020447,0.010681,3.5339
0.02243,0.0048828,4.8438
0.023346,-0.0021362,4.9231
0.022278,-0.0073242,4.9304
0.019226,-0.011292,4.9341
0.013733,-0.011902,4.9329
0.0068665,-0.0086975,4.9304
0.0016785,-0.011902,4.9341
-0.0019836,-0.015717,4.9292
-0.0045776,-0.016174,4.928
-0.0027466,-0.016022,4.9219
-0.00045776,-0.012665,4.9268
0.005188,-0.0073242,4.9207
0.011902,-0.0033569,4.9243
0.018005,-0.0015259,4.9036
0.021973,-0.00091553,4.9207
0.025482,-0.0016785,4.9292
0.026093,-0.0041199,4.9158
0.023499,-0.004425,4.9268
0.02243,-0.0032043,4.9133
0.019989,-0.0041199,4.9048
0.020752,-0.0042725,4.9109
0.023041,-0.007019,4.9121
0.025024,-0.010834,4.9084
0.02594,-0.0094604,4.9109
0.027618,-0.0088501,4.9121
0.029297,-0.0035095,4.9109
0.03006,0.0059509,4.9072
0.029602,0.010986,4.9097
0.027008,0.012665,4.9072
0.023346,0.011749,4.9146
0.019989,0.011292,4.9146
0.016632,0.010376,4.9133
0.014343,0.010834,4.9146
0.012817,0.01297,4.9194
0.01297,0.01358,4.9194
0.015564,0.015564,4.9207
0.0177,0.014191,4.9231
0.018616,0.011292,4.9255
0.019073,0.0076294,4.9231
0.018921,0.0033569,4.9243
0.019836,-0.002594,4.928
0.020599,-0.0065613,4.9268
0.022125,-0.009613,4.9304
0.022278,-0.011444,4.9292
0.02243,-0.011444,4.9341
0.023499,-0.010223,4.9292
0.02121,-0.009613,4.9377
0.020447,-0.0079346,4.9304
0.020752,-0.0064087,4.9353
0.020752,-0.004425,4.9304
0.020752,-0.0019836,4.939
0.021667,-0.00061035,4.9487
0.022278,0.0016785,4.9377
0.024414,0.004425,4.9414
0.025787,0.0073242,4.9329
0.029144,0.0080872,4.9158
0.030823,0.0091553,4.928
0.031891,0.0076294,4.9207
0.031738,0.0054932,4.9255
0.031281,0.0022888,4.9255
0.03067,-0.00045776,4.9158
0.028381,-0.0021362,4.9231
0.024109,-0.0027466,4.9158
0.02182,-0.0038147,4.9207
0.018921,-0.0048828,4.9146
0.0177,-0.0057983,4.917
0.016022,-0.0062561,4.9121
0.016479,-0.0041199,4.9121
0.018768,0.00015259,4.9146
0.019531,0.0045776,4.9133
0.022125,0.0076294,4.9084
0.025024,0.0085449,4.9097
0.024872,0.0076294,4.9072
0.023499,0.0074768,0.040283
0.021973,0.0068665,0.020752
0.018311,0.0050354,0.041504
0.014191,0.0064087,0.039063
0.010376,0.0039673,0.040283
0.0068665,0.0022888,0.042725
0.0036621,-0.0054932,0.039063
0.0015259,-0.0083923,0.042725
0.0013733,-0.013275,0.045166
0.0036621,-0.013733,0.048828
0.0090027,-0.014801,0.046387
0.015259,-0.015411,0.05249
0.022278,-0.016174,0.056152
0.027313,-0.015564,0.057373
0.031586,-0.014191,0.065918
0.035095,-0.014954,0.062256
0.038147,-0.013733,0.068359
0.039063,-0.013123,0.061035
0.038757,-0.013428,0.05249
0.037842,-0.012054,0.061035
0.036163,-0.012817,0.061035
0.03479,-0.010834,0.061035
0.03418,-0.010223,0.064697
0.033112,-0.010071,0.059814
0.034637,-0.0097656,0.062256
0.034943,-0.010223,0.063477
0.035248,-0.010529,0.058594
0.034485,-0.010376,0.061035
0.03418,-0.010834,0.067139
0.031738,-0.0097656,0.065918
0.030975,-0.0090027,0.062256
0.029907,-0.004425,0.065918
0.027924,0.00061035,0.059814
0.026245,0.004425,0.058594
0.027008,0.0086975,0.05249
0.023956,0.013733,0.061035
0.022736,0.015564,0.050049
0.022583,0.015869,0.050049
0.022888,0.015259,0.047607
0.024414,0.01236,0.048828
0.02594,0.0082397,0.043945
0.026703,0.0036621,0.047607
0.02655,-0.0045776,0.041504
0.026703,-0.0053406,0.045166
0.025024,-0.007019,0.037842
0.025635,-0.0086975,0.041504
0.024719,-0.0088501,0.040283
0.023651,-0.0093079,0.032959
0.021667,-0.010376,0.039063
0.016785,-0.0083923,0.043945
0.015564,-0.0083923,0.056152
0.013123,-0.0061035,0.039063
0.010223,-0.005188,0.046387
0.0099182,-0.0053406,0.040283
0.0093079,-0.0067139,0.024414
0.0099182,-0.0073242,0.040283
0.010223,-0.0064087,0.042725
0.010986,-0.0073242,0.043945
0.01236,-0.0068665,0.042725
0.012817,-0.0064087,0.046387
0.015106,-0.0057983,0.05249
0.016632,-0.0015259,0.053711
0.019531,0.0016785,0.057373
0.021057,0.0036621,0.053711
0.02121,0.002594,0.063477
0.019226,0.0013733,0.062256
0.015564,-0.0015259,0.062256
0.012054,-0.0015259,0.067139
0.012054,-0.00030518,0.058594
0.015259,0.00091553,0.061035
0.017853,0.0033569,0.062256
0.020599,0.0039673,0.074463
0.022888,0.002594,0.058594
0.026703,0.0018311,0.057373
0.029907,-0.00045776,0.063477
0.032654,-0.0013733,0.064697
0.034332,-0.00091553,0.062256
0.035553,0.0024414,4.4031
0.0354,0.0050354,4.8962
0.034332,0.005188,4.9243
0.029907,0.0048828,4.9268
0.027924,-0.00030518,4.9268
0.025635,-0.0038147,4.9207
0.025482,-0.0050354,4.9219
0.027618,-0.0050354,4.9243
0.027618,-0.004425,4.9231
0.028687,-0.0048828,4.9243
0.027771,-0.0074768,4.9207
0.027924,-0.0080872,4.9109
0.031128,-0.0074768,4.9109
0.035553,-0.0038147,4.9011
0.041046,0.0033569,4.9121
0.044403,0.011292,4.9109
0.045929,0.015869,4.9109
0.045624,0.017395,4.9109
0.04303,0.014801,4.9084
0.040436,0.0097656,4.9109
0.037689,0.0047302,4.9084
0.035095,0.00045776,4.9097
0.030518,-0.0015259,4.906
0.024872,-0.002594,4.9097
0.020599,-0.0042725,4.9109
0.016937,-0.0088501,4.9146
0.014343,-0.01358,4.9072
0.012512,-0.014343,4.9146
0.011902,-0.014038,4.9194
0.011139,-0.010834,4.9158
0.011444,-0.0076294,4.9292
0.011444,-0.0057983,4.9207
0.012512,-0.005188,4.9121
0.014038,-0.0041199,4.9231
0.014648,-0.0045776,4.9304
0.01709,-0.0028992,4.9292
0.018158,-0.0027466,4.928
0.019684,-0.0035095,4.9255
0.020599,-0.0054932,4.9341
0.02182,-0.005188,4.9329
0.022736,-0.0047302,4.9316
0.023193,-0.0050354,4.9292
0.022125,-0.0028992,4.9341
0.022125,-0.0015259,4.9329
0.021667,0.0012207,4.9377
0.022888,0.0064087,4.9463
0.02243,0.010529,4.939
0.023041,0.016632,4.9341
0.022583,0.020905,4.9377
0.02182,0.02243,4.9304
0.020599,0.02182,4.9329
0.020142,0.02121,4.9304
0.019531,0.020599,4.928
0.017853,0.021057,4.9255
0.016937,0.019836,4.9219
0.015106,0.017853,4.9292
0.012054,0.014954,4.9194
0.0099182,0.0085449,4.9182
0.0086975,0.0071716,4.9146
0.0094604,0.0057983,4.9182
0.010376,0.005188,4.9182
0.0093079,0.004425,4.917
0.007019,0.00045776,4.9146
0.0027466,-0.0036621,4.9146
-0.0012207,-0.0090027,4.9207
-0.0048828,-0.011292,4.9121
-0.0064087,-0.011444,4.9194
-0.0067139,-0.010071,4.9097
-0.0079346,-0.0083923,4.8999
-0.0079346,-0.007782,4.9109
-0.0082397,-0.007019,4.9109
-0.0057983,-0.0059509,4.9084
0.00030518,-0.00061035,4.9097
0.009613,0.0059509,0.039063
0.021515,0.014496,0.041504
0.032654,0.020905,0.039063
0.041656,0.025177,0.046387
0.046997,0.024414,0.0354
0.049133,0.022125,0.048828
0.051117,0.018005,0.05249
0.051727,0.016022,0.053711
0.051727,0.015411,0.061035
0.048828,0.015411,0.057373
0.042877,0.014954,0.057373
0.035248,0.01297,0.058594
0.027771,0.0080872,0.057373
0.020599,0.0047302,0.062256
0.016632,0.0042725,0.059814
0.013733,0.0088501,0.057373
0.011597,0.017548,0.064697
0.0085449,0.02594,0.059814
0.0057983,0.031586,0.062256
0.0028992,0.033264,0.061035
0.0021362,0.03006,0.06958
0,0.02243,0.062256
-0.00030518,0.013275,0.068359
-0.0012207,0.0047302,0.067139
-0.002594,-0.0047302,0.068359
-0.0028992,-0.010986,0.058594
-0.0038147,-0.016022,0.061035
-0.0028992,-0.018005,0.06958
0.0013733,-0.020447,0.057373
0.0038147,-0.019989,0.063477
0.0076294,-0.019379,0.05249
0.011597,-0.015411,0.040283
0.016327,-0.010376,0.046387
0.020752,-0.0068665,0.047607
0.024567,-0.0036621,0.042725
0.027771,-0.0030518,0.046387
0.030518,-0.002594,0.040283
0.032959,-0.0047302,0.047607
0.034485,-0.0050354,0.039063
0.036011,-0.0054932,0.041504
0.037994,-0.0064087,0.041504
0.0383,-0.0065613,0.039063
0.036469,-0.0059509,0.040283
0.036316,-0.0056458,0.042725
0.037994,-0.0062561,0.045166
0.036316,-0.0064087,0.040283
0.034943,-0.0071716,0.042725
0.033417,-0.0088501,0.041504
0.032349,-0.011749,0.026855
0.028839,-0.013885,0.039063
0.026093,-0.014496,0.028076
0.025482,-0.013428,0.041504
0.027008,-0.012054,0.046387
0.029144,-0.0080872,0.043945
0.032654,-0.0057983,0.05127
0.034943,-0.0019836,0.048828
0.035706,0.0018311,0.056152
0.033875,-0.00030518,0.05249
0.035858,0.00091553,0.061035
0.036621,0.0028992,0.058594
0.037537,0.0059509,0.063477
0.037994,0.010376,0.061035
0.037231,0.013275,0.063477
0.035706,0.013123,0.065918
0.032806,0.012054,0.063477
0.03006,0.007019,0.06958
0.029449,0.0035095,0.061035
0.028534,0.0018311,0.039063
0.026703,0.00030518,0.062256
0.023346,0.0019836,0.063477
0.022125,0.0028992,0.063477
0.020447,0.0016785,0.067139
0.02182,0.00045776,0.064697
0.025177,-0.0013733,0.062256
0.026093,-0.0012207,0.059814
0.027313,-0.0018311,0.062256
0.026398,-0.00045776,0.05249
0.024567,-0.0019836,1.9629
0.019684,-0.005188,4.7522
0.010681,-0.0071716,4.9084
0.011444,-0.010681,4.9207
0.0082397,-0.012207,4.9182
0.007019,-0.011902,4.9158
0.0062561,-0.010071,4.9194
0.0056458,-0.0073242,4.9146
0.0073242,-0.0057983,4.917
0.0064087,-0.0053406,4.9146
0.0093079,-0.0057983,4.9097
0.013885,-0.0054932,4.8914
0.018921,-0.0018311,4.8962
0.022583,-0.0028992,4.9121
0.026855,-0.0012207,4.9048
0.027924,0.0016785,4.9109
0.029602,0.0021362,4.9072
0.028839,0.0047302,4.9023
0.031433,0.0053406,4.9109
0.035553,0.0053406,4.9133
0.038452,0.0076294,4.9109
0.03952,0.0085449,4.9146
0.039063,0.010071,4.9231
0.03891,0.0093079,4.917
0.039063,0.0085449,4.9255
0.03952,0.0054932,4.9207
0.03952,0.0021362,4.9072
0.038605,-0.0018311,4.9194
0.035706,-0.0053406,4.9255
0.032043,-0.0064087,4.9255
0.027466,-0.0079346,4.9292
0.023956,-0.0091553,4.9243
0.02182,-0.011292,4.9316
0.020599,-0.014038,4.9292
0.018463,-0.016785,4.9329
0.017395,-0.018311,4.9268
0.014954,-0.015259,4.9329
0.011444,-0.010986,4.9304
0.0082397,-0.0068665,4.9377
0.0086975,-0.0059509,4.939
0.011749,-0.0088501,4.9365
0.01709,-0.014648,4.9377
0.02182,-0.018921,4.939
0.024261,-0.02243,4.9463
0.027008,-0.022278,4.9329
0.026093,-0.02121,4.9304
0.027008,-0.018921,4.9304
0.029144,-0.017395,4.9304
0.031586,-0.015869,4.9243
0.035706,-0.013733,4.9109
0.037689,-0.010986,4.9231
0.039063,-0.0062561,4.9207
0.03952,-0.00076294,4.9146
0.040741,0.0033569,4.9243
0.04425,0.0057983,4.9133
0.048065,0.0065613,4.9268
0.052643,0.0076294,4.9146
0.054016,0.0094604,4.9182
0.053711,0.011292,4.9219
0.050812,0.014038,4.9194
0.04837,0.014801,4.917
0.045166,0.014648,4.9109
0.042572,0.015717,4.9023
0.039215,0.015869,4.9121
0.036316,0.017853,4.9109
0.032654,0.019379,4.9097
0.028992,0.018005,4.9097
0.023804,0.014496,4.9097
0.019989,0.0082397,4.9097
0.018768,0.0028992,4.9084
0.018921,-0.0015259,4.9121
0.019379,-0.0024414,4.9121
0.020294,-0.002594,4.9194
0.019073,-0.0022888,0.047607
0.018158,-0.0021362,0.053711
0.015717,-0.0028992,0.05249
0.012665,-0.0041199,0.05249
0.012054,-0.0050354,0.057373
0.011444,-0.0065613,0.057373
0.009613,-0.0062561,0.065918
0.007782,-0.0071716,0.061035
0.005188,-0.0074768,0.05249
0.0042725,-0.0065613,0.059814
0.0064087,-0.0054932,0.062256
0.0086975,-0.0036621,0.061035
0.012512,-0.0027466,0.064697
0.016327,-0.0030518,0.058594
0.019073,-0.0028992,0.065918
0.020294,-0.002594,0.062256
0.020752,0.00061035,0.067139
0.021973,0.0042725,0.065918
0.023804,0.007782,0.06958
0.026703,0.0090027,0.062256
0.032196,0.007782,0.068359
0.032043,0.0047302,0.075684
0.033875,0.0010681,0.061035
0.034637,0.0018311,0.057373
0.034332,0.0027466,0.056152
0.032501,0.0042725,0.032959
0.031128,0.0047302,0.05127
0.028534,0.0033569,0.048828
0.027313,0.0010681,0.047607
0.024109,-0.00061035,0.046387
0.020294,0.0018311,0.045166
0.015259,0.0061035,0.045166
0.011597,0.010834,0.041504
0.0094604,0.013885,0.043945
0.0083923,0.013428,0.039063
0.0091553,0.011139,0.043945
0.010071,0.007019,0.039063
0.012207,0.005188,0.041504
0.010071,0.0048828,0.039063
0.009613,0.0048828,0.037842
0.011139,0.0053406,0.042725
0.013123,0.0038147,0.040283
0.016327,0.0018311,0.046387
0.018005,-0.0010681,0.037842
0.019836,-0.0022888,0.030518
0.019379,-0.0041199,0.037842
0.016937,-0.0032043,0.041504
0.013733,-0.0016785,0.041504
0.012665,0,0.047607
0.013885,0.0042725,0.048828
0.015869,0.00091553,0.056152
0.017242,0.0019836,0.05127
0.016785,0.0030518,0.057373
0.015564,0.0041199,0.057373
0.015259,0.0054932,0.062256
0.016937,0.007019,0.063477
0.021057,0.0079346,0.063477
0.024872,0.0080872,0.06958
0.026093,0.0071716,0.063477
0.023804,0.0053406,0.063477
0.02121,0.0018311,0.058594
0.017548,0.00091553,0.059814
0.015717,0.00015259,0.062256
0.015411,0.0019836,0.063477
0.016174,0.0015259,0.062256
0.017548,0.0018311,0.065918
0.016327,0.0013733,0.062256
0.016022,0.0016785,0.058594
0.015717,0.0032043,0.061035
0.016785,0.005188,0.064697
0.019684,0.0088501,0.054932
0.022583,0.010529,0.058594
0.023651,0.010834,0.054932
0.022888,0.0091553,0.054932
0.025177,0.007019,0.05127
0.019989,0.0057983,0.05127
0.019226,0.005188,0.063477
0.021057,0.0047302,0.043945
0.02243,0.0048828,4.3579
0.024719,0.0033569,4.8804
0.024567,0.0021362,4.9023
0.025482,-0.0015259,4.906
0.024872,-0.0015259,4.9133
0.024567,-0.0016785,4.9121
0.024719,-0.0010681,4.9097
0.025482,-0.0013733,4.9084
0.026398,-0.0068665,4.9109
0.027161,-0.0039673,4.9097
0.027466,-0.0061035,4.8999
0.023956,-0.007782,4.9072
0.026703,-0.0065613,4.9133
0.02594,-0.0053406,4.9097
0.026703,-0.0038147,4.9146
0.028839,-0.0022888,4.9194
0.031281,-0.0027466,4.9146
0.034637,-0.0039673,4.9109
0.033112,-0.00076294,4.917
0.03418,-0.0039673,4.9158
0.032196,-0.0013733,4.9219
0.028534,0.00061035,4.9341
0.030212,0.0032043,4.9255
0.033264,0.0032043,4.9268
0.030975,0,4.9268
0.03067,-0.0047302,4.9292
0.027924,-0.0038147,4.9316
0.027161,-0.0015259,4.9329
0.025177,-0.00015259,4.9292
0.025482,0.0022888,4.9353
0.026855,0.00076294,4.9292
0.027313,0.0021362,4.928
0.027924,0.0010681,4.9316
0.026245,0.0028992,4.9353
0.024261,0.0033569,4.9426
0.023041,0.0056458,4.9365
0.023499,0.0059509,4.9414
0.025482,0.0050354,4.9365
0.027008,0.0041199,4.9243
0.027313,-0.0018311,4.9329
0.024567,-0.0061035,4.9268
0.024872,-0.0094604,4.9255
0.021667,-0.010071,4.9207
0.018158,-0.011139,4.9231
0.015564,-0.0088501,4.9207
0.018158,-0.0064087,4.917
0.011749,-0.0038147,4.9219
0.010223,-0.0019836,4.9146
0.0091553,0.00061035,4.9182
0.0079346,-0.00015259,4.9158
0.0093079,0.00030518,4.9182
0.012665,-0.0010681,4.9133
0.018463,-0.0024414,4.9146
0.02121,-0.0033569,4.9121
0.023651,-0.0056458,4.9109
0.023499,-0.0076294,4.9072
0.022736,-0.007782,4.9109
0.021057,-0.0064087,4.8975
0.018158,-0.0041199,4.9084
0.01709,-0.0015259,4.9109
0.015717,0.0013733,4.9097
0.016022,0.0021362,4.9084
0.018463,0.0024414,4.9109
0.019531,0.002594,4.9146
0.021515,0.0054932,4.9121
0.023041,0.0056458,4.9182
0.02533,0.0068665,4.9146
0.027618,0.0057983,4.9207
0.028839,0.004425,4.9194
0.029602,0.002594,4.9255
0.029144,0.0021362,4.9231
0.027618,0.002594,4.928
0.025177,0.0039673,0.067139
0.024567,0.0036621,0.062256
0.025482,0.0030518,0.047607
0.025482,0.0015259,0.059814
0.025482,-0.0015259,0.061035
0.024567,-0.0038147,0.059814
0.023499,-0.004425,0.062256
0.022736,-0.004425,0.057373
0.02121,-0.0042725,0.064697
0.021515,-0.005188,0.063477
0.021973,-0.0074768,0.065918
0.022736,-0.0091553,0.062256
0.025177,-0.010986,0.072021
0.027313,-0.0076294,0.064697
0.030823,-0.002594,0.065918
0.032501,0.0015259,0.072021
0.03418,0.005188,0.059814
0.035095,0.0076294,0.057373
0.037384,0.0088501,0.054932
0.039978,0.0062561,0.05249
0.041046,0.0045776,0.05127
0.041809,0.002594,0.046387
0.041656,0.0022888,0.050049
0.03952,0.0021362,0.048828
0.0383,0.0028992,0.041504
0.036011,0.0047302,0.047607
0.034485,0.0050354,0.041504
0.032196,0.0038147,0.043945
0.029297,0.0045776,0.036621
0.024567,0.0045776,0.045166
0.021057,0.0061035,0.040283
0.019684,0.0076294,0.040283
0.018921,0.0088501,0.040283
0.018768,0.0079346,0.041504
0.019226,0.0061035,0.05249
0.019684,0.0036621,0.040283
0.019836,0.0027466,0.053711
0.021362,0.0022888,0.037842
0.02243,0.0013733,0.030518
0.022736,0.00045776,0.041504
0.022125,-0.0021362,0.040283
0.019836,-0.0035095,0.043945
0.017395,-0.0038147,0.047607
0.015106,-0.0021362,0.047607
0.014343,0,0.054932
0.01358,0.0032043,0.048828
0.01236,0.004425,0.061035
0.0094604,0.0047302,0.053711
0.011749,0.0039673,0.058594
0.013428,0.0048828,0.064697
0.016327,0.0080872,0.063477
0.019836,0.0079346,0.067139
0.021362,0.0091553,0.063477
0.020752,0.0083923,0.061035
0.018463,0.0045776,0.058594
0.015869,0.0019836,0.074463
0.015106,0.00015259,0.063477
0.014496,0.0010681,0.054932
0.013885,0.0033569,0.062256
0.016479,0.007019,0.065918
0.015869,0.010376,0.064697
0.014496,0.013123,0.063477
0.013885,0.01358,0.046387
0.012817,0.012054,0.064697
0.014648,0.01297,0.057373
0.016022,0.013885,0.057373
0.016937,0.011444,0.053711
0.016022,0.011749,0.054932
0.016174,0.01236,0.046387
0.010681,0.010834,0.05249
0.010834,0.009613,0.062256
0.010986,0.007782,0.047607
0.011902,0.0056458,0.048828
0.012054,0.0053406,0.045166
0.012054,0.0064087,0.024414
0.012817,0.010986,0.041504
0.013123,0.011292,0.040283
0.01358,0.010071,0.040283
0.014191,0.0074768,2.4036
0.015564,0.0042725,4.7571
0.016479,-0.00015259,4.8962
0.016479,0.0018311,4.906
0.015717,0.004425,4.9084
0.015259,0.0071716,4.9048
0.01297,0.0099182,4.9133
0.01236,0.0091553,4.906
0.012054,0.0076294,4.9109
0.013275,0.0050354,4.9133
0.015259,0.0036621,4.9146
0.013123,0.0039673,4.9146
0.012817,0.0047302,4.917
0.012054,0.0071716,4.9255
0.012512,0.0064087,4.9194
0.014191,0.005188,4.9084
0.015564,0.0041199,4.9231
0.016937,0.0019836,4.9231
0.018158,0.002594,4.9268
0.016785,0.0021362,4.9292
0.016327,0.00076294,4.9304
0.015106,-0.0028992,4.9316
0.014038,-0.005188,4.9268
0.014038,-0.0082397,4.9353
0.014038,-0.010529,4.928
0.015259,-0.0079346,4.9329
0.016174,-0.0091553,4.9304
0.018158,-0.0074768,4.9329
0.019684,-0.0047302,4.9414
0.02121,-0.0033569,4.9377
0.024109,-0.0022888,4.9365
0.02655,-0.0024414,4.9341
0.029755,-0.0027466,4.9341
0.032806,-0.0015259,4.9316
0.032349,-0.00091553,4.928
0.032501,0.0016785,4.9255
0.031281,0.0013733,4.9255
0.030823,0.0012207,4.9268
0.030212,-0.00015259,4.9219
0.029144,-0.0015259,4.9158
0.028381,-0.0030518,4.9255
0.026245,-0.0021362,4.9146
0.027008,-0.00091553,4.9182
0.024719,-0.00015259,4.9158
0.025635,0.0010681,4.9158
0.02655,0.00076294,4.9158
0.029449,-0.00030518,4.9158
0.030518,-0.0024414,4.9207
0.031586,-0.0047302,4.9097
0.032043,-0.0090027,4.9194
0.032501,-0.0076294,4.9121
0.032043,-0.0079346,4.8962
0.031128,-0.0067139,4.9097
0.030823,-0.0057983,4.9121
0.030212,-0.0062561,4.9084
0.028381,-0.005188,4.9072
0.029602,-0.0033569,4.9084
0.030365,-0.0028992,4.9133
0.031281,0.00015259,4.9109
0.032043,0.0016785,4.9158
0.030518,0.0032043,4.9121
0.028839,0.0028992,4.9194
0.029297,0.0021362,4.9146
0.026245,0.002594,4.928
0.027008,0.0047302,4.9377
0.025024,0.0041199,4.9231
0.023804,0.0047302,4.9304
0.024261,0.0059509,4.9316
0.025482,0.0057983,4.928
0.026855,0.0053406,4.9316
0.027618,0.004425,4.9268
0.028687,0.004425,4.9304
0.027618,0.0042725,0.062256
0.027618,0.0038147,0.058594
0.02655,0.0033569,0.063477
0.026703,0.0028992,0.062256
0.027466,0.0022888,0.054932
0.027618,0.0022888,0.065918
0.026093,0.0038147,0.065918
0.024261,0.0064087,0.065918
0.024719,0.007019,0.067139
0.024261,0.0067139,0.063477
0.024261,0.0047302,0.063477
0.024414,0.0028992,0.067139
0.024414,-0.0016785,0.057373
0.024719,-0.00030518,0.067139
0.024872,0.00015259,0.05249
0.025482,0.00030518,0.045166
0.02594,-0.00045776,0.048828
0.025635,-0.0018311,0.041504
0.025482,-0.0045776,0.045166
0.024261,-0.0057983,0.046387
0.02243,-0.007019,0.043945
0.02121,-0.0076294,0.042725
0.020294,-0.0062561,0.040283
0.020142,-0.0059509,0.041504
0.020294,-0.0039673,0.036621
0.021515,-0.0016785,0.040283
0.024567,0.00045776,0.041504
0.024872,0.0038147,0.041504
0.027466,0.0054932,0.045166
0.028534,0.0068665,0.041504
0.028992,0.0073242,0.040283
0.030975,0.007019,0.040283
0.031586,0.0054932,0.03418
0.033417,0.0036621,0.037842
0.03418,0.0022888,0.042725
0.032043,0.0018311,0.041504
0.029144,0.0013733,0.045166
0.025787,0.0018311,0.046387
0.020447,0.0013733,0.05127
0.017853,0.00076294,0.05249
0.016632,-0.0024414,0.057373
0.016174,-0.0039673,0.056152
0.015411,-0.0057983,0.061035
0.015411,-0.0068665,0.062256
0.018463,-0.0061035,0.064697
0.017548,-0.0054932,0.057373
0.018311,-0.0048828,0.064697
0.021362,-0.0038147,0.070801
0.02182,-0.0024414,0.061035
0.021515,-0.0024414,0.067139
0.021515,0.00030518,0.061035
0.022125,0.0022888,0.045166
0.023193,0.0050354,0.062256
0.024261,0.007782,0.06958
0.026093,0.010376,0.063477
0.028839,0.011749,0.070801
0.032349,0.0099182,0.061035
0.035706,0.0082397,0.064697
0.03891,0.0068665,0.058594
0.040588,0.0057983,0.059814
0.040436,0.005188,0.05249
0.039368,0.0053406,0.054932
0.035706,0.0054932,0.05127
0.031891,0.0050354,0.05249
0.027771,0.0039673,0.056152
0.024109,0.0048828,0.047607
0.022278,0.0059509,0.043945
0.019531,0.0057983,0.045166
0.019379,0.0065613,0.040283
0.019226,0.0059509,0.043945
0.020447,0.0056458,0.040283
0.020599,0.0045776,0.042725
0.021515,0.0033569,0.039063
0.022125,0.0032043,0.037842
0.02121,0.0032043,0.037842
0.018158,0.0027466,0.036621
0.014343,0.002594,0.040283
0.010376,0.0010681,0.0354
0.0065613,-0.0021362,1.0437
0.005188,-0.0088501,4.6814
0.0064087,-0.0048828,4.895
0.009613,-0.0039673,4.9084
0.011749,-0.0039673,4.9121
0.013428,-0.0038147,4.9231
0.015869,-0.005188,4.9146
0.017242,-0.0050354,4.9268
0.019226,-0.0036621,4.917
0.020294,-0.00045776,4.9011
0.020294,0.0061035,4.9243
0.020447,0.0032043,4.9243
0.018311,0.0048828,4.9231
0.015411,0.0019836,4.928
0.014038,-0.00091553,4.9304
0.014191,-0.0015259,4.9316
0.015869,0,4.9304
0.018005,0.00045776,4.9353
0.018921,0.00091553,4.9268
0.019226,0,4.9243
0.018768,-0.0018311,4.9353
0.020599,0.00076294,4.9365
0.019836,0.0042725,4.9353
0.019379,0.0082397,4.9353
0.018158,0.011292,4.9377
0.016632,0.011749,4.9377
0.013885,0.0059509,4.9463
0.011597,0.0053406,4.9353
0.009613,0.0010681,4.9329
0.0085449,-0.00045776,4.928
0.010071,-0.0010681,4.9207
0.011139,0,4.9268
0.014191,0.0032043,4.9255
0.016327,0.0053406,4.9194
0.016937,0.0073242,4.9219
0.017395,0.0097656,4.9182
0.016022,0.011292,4.9182
0.015259,0.010071,4.9158
0.014191,0.0093079,4.9182
0.013885,0.0080872,4.9146
0.010223,0.0071716,4.9158
0.011597,0.0053406,4.928
0.011444,0.0074768,4.9133
0.010681,0.0085449,4.9109
0.010986,0.0088501,4.9121
0.01297,0.0086975,4.8914
0.016937,0.0083923,4.9109
0.016174,0.010071,4.9109
0.016174,0.0080872,4.9072
0.013885,0.0082397,4.9097
0.011597,0.0094604,4.906
0.007782,0.0068665,4.9121
0.0094604,0.0038147,4.906
0.0094604,0.0012207,4.9146
0.0090027,-0.0018311,4.9109
0.0074768,-0.0022888,4.9182
0.0062561,-0.00030518,4.9182
0.0086975,0.0013733,4.9219
0.0064087,0.0038147,4.928
0.0080872,0.0039673,4.9255
0.011444,0.0021362,4.9268
0.013885,0.004425,4.9304
0.015259,0.0024414,4.9426
0.016327,0.0028992,4.9329
0.020447,0.002594,4.9207
0.023041,0.0032043,4.9316
0.026093,0.0021362,4.9292
0.027924,0.0012207,4.9292
0.028992,0.0022888,4.9329
0.028687,0.0033569,4.9304
0.026855,0.0047302,4.9341
0.02655,0.0067139,4.9341
0.027008,0.0057983,0.068359
0.025177,0.0041199,0.064697
0.025024,-0.00030518,0.068359
0.023193,-0.0018311,0.064697
0.022583,-0.0024414,0.064697
0.02243,-0.0013733,0.06958
0.022888,-0.00030518,0.058594
0.024261,-0.002594,0.053711
0.025787,-0.0028992,0.050049
0.026398,-0.004425,0.043945
0.025482,-0.0047302,0.050049
0.025635,-0.0035095,0.046387
0.023956,-0.0018311,0.047607
0.025635,-0.00030518,0.047607
0.025177,0.00030518,0.042725
0.027008,-0.0013733,0.043945
0.027924,-0.0027466,0.041504
0.028381,-0.0048828,0.045166
0.027618,-0.0054932,0.036621
0.026703,-0.0057983,0.042725
0.026855,-0.005188,0.042725
0.026703,-0.0048828,0.040283
0.024719,-0.0036621,0.036621
0.029755,-0.0033569,0.043945
0.030823,-0.0030518,0.043945
0.030365,-0.0028992,0.041504
0.029297,-0.0027466,0.046387
0.028534,-0.0028992,0.040283
0.028534,-0.002594,0.031738
0.028229,-0.00030518,0.039063
0.029297,0.00045776,0.043945
0.027466,0.00091553,0.046387
0.028534,0.0012207,0.050049
0.027466,-0.00030518,0.048828
0.025787,-0.0013733,0.053711
0.02533,-0.0010681,0.05249
0.023346,0.00015259,0.059814
0.024109,0.0016785,0.057373
0.024872,0.0021362,0.062256
0.024414,0.0041199,0.062256
0.023346,0.0030518,0.062256
0.022736,0.0019836,0.076904
0.020752,0.0022888,0.062256
0.020599,0.0019836,0.057373
0.020905,0.0010681,0.058594
0.020905,0.0028992,0.057373
0.021515,0.0035095,0.061035
0.02243,0.0045776,0.063477
0.022888,0.0027466,0.064697
0.023804,0.00045776,0.067139
0.024261,-0.00015259,0.061035
0.024567,0.00045776,0.067139
0.023651,0.0018311,0.062256
0.021515,0.002594,0.059814
0.018616,0.00030518,0.05249
0.017853,-0.0024414,0.056152
0.017242,-0.0033569,0.053711
0.018311,-0.0038147,0.05249
0.019989,-0.005188,0.05127
0.021057,-0.0032043,0.047607
0.019836,-0.0042725,0.053711
0.017853,-0.0068665,0.048828
0.018463,-0.0088501,0.057373
0.019531,-0.009613,0.045166
0.019531,-0.0071716,0.03418
0.020447,-0.0036621,0.040283
0.02121,0.0030518,0.039063
0.02121,0.0033569,0.037842
0.020447,0.0038147,0.040283
0.021667,0.0024414,0.037842
0.023193,0.0012207,0.041504
0.024109,0.002594,0.036621
0.025635,0.0038147,0.040283
0.026245,0.0041199,0.037842
0.026093,0.0024414,0.041504
0.025177,-0.00076294,0.037842
0.023499,-0.005188,0.039063
0.023651,-0.0071716,0.046387
0.023193,-0.0076294,3.7671
0.023346,-0.0056458,4.845
0.023041,-0.0036621,4.9023
0.02182,-0.0041199,4.917
0.020905,-0.0056458,4.9231
0.018616,-0.0088501,4.9097
0.021362,-0.0097656,4.9243
0.023346,-0.0090027,4.9268
0.024719,-0.0083923,4.9231
0.026245,-0.0048828,4.928
0.026245,-0.00091553,4.9268
0.025787,0.00015259,4.9341
0.025482,0.0019836,4.9292
0.025635,0.0015259,4.9329
0.027771,0.00015259,4.9316
0.030823,0.00061035,4.9353
0.033569,0.0035095,4.9292
0.034485,0.0068665,4.9341
0.036469,0.0091553,4.9463
0.03418,0.0088501,4.9365
0.032959,0.005188,4.9402
0.03067,0.00015259,4.9353
0.028839,-0.0038147,4.9133
0.028992,-0.0042725,4.9255
0.028534,-0.0018311,4.9255
0.026855,-0.00030518,4.9255
0.024719,0.00061035,4.9255
0.022888,-0.00030518,4.9207
0.023041,-0.00091553,4.9207
0.023346,0.00030518,4.9084
0.024719,0.0028992,4.9231
0.027466,0.0073242,4.9133
0.027008,0.0093079,4.917
0.02594,0.0076294,4.9158
0.022583,0.0045776,4.917
0.020447,0.0016785,4.9158
0.018768,-0.00045776,4.9109
0.015106,0.00015259,4.9133
0.01297,0.0022888,4.9109
0.010223,0.0027466,4.9084
0.0076294,0.0015259,4.9109
0.0057983,-0.00030518,4.9158
0.0059509,0.00061035,4.9109
0.0080872,0.0012207,4.9121
0.010834,0.0048828,4.9084
0.014648,0.0091553,4.9084
0.018005,0.010681,4.9097
0.019226,0.0094604,4.9109
0.019989,0.0093079,4.9121
0.019379,0.0079346,4.9194
0.019226,0.007782,4.9194
0.019226,0.0091553,4.9219
0.018463,0.0093079,4.9207
0.018768,0.0099182,4.928
0.017853,0.010529,4.9353
0.016937,0.0093079,4.928
0.015411,0.0085449,4.9377
0.015106,0.0065613,4.9329
0.015411,0.0067139,4.9243
0.016022,0.0061035,4.9329
0.017242,0.0065613,4.9304
0.017242,0.007019,4.9304
0.017395,0.0082397,4.9304
0.013275,0.0085449,4.9329
0.011139,0.0094604,4.9304
0.011444,0.0086975,4.9341
0.01236,0.0083923,4.9402
0.013275,0.0094604,4.9316
0.013733,0.011292,4.9365
0.013275,0.011597,4.9341
0.013733,0.01358,4.9353
0.012817,0.01297,0.068359
0.011749,0.0090027,0.061035
0.012054,0.0079346,0.058594
0.01236,0.0064087,0.053711
0.01236,0.0073242,0.061035
0.010834,0.0091553,0.048828
0.0094604,0.011139,0.053711
0.0074768,0.010223,0.047607
0.0079346,0.0091553,0.045166
0.0067139,0.0073242,0.043945
0.007782,0.0062561,0.042725
0.0088501,0.0071716,0.040283
0.0085449,0.0088501,0.041504
0.0071716,0.0097656,0.03418
0.0062561,0.0091553,0.042725
0.0056458,0.0061035,0.041504
0.007019,0.0065613,0.041504
0.0064087,0.0085449,0.040283
0.0071716,0.010376,0.041504
0.007019,0.01297,0.056152
0.0062561,0.011139,0.039063
0.0080872,0.014191,0.046387
0.009613,0.011597,0.039063
0.012207,0.0079346,0.020752
0.015869,0.0067139,0.042725
0.018463,0.0061035,0.043945
0.019531,0.0067139,0.047607
0.017853,0.007782,0.05249
0.016174,0.0065613,0.048828
0.013733,0.0041199,0.054932
0.010529,0.0019836,0.056152
0.0091553,-0.00076294,0.059814
0.010529,-0.0013733,0.056152
0.011444,-0.0016785,0.062256
0.011902,-0.0016785,0.061035
0.012665,-0.0022888,0.064697
0.012054,-0.0033569,0.067139
0.011444,-0.005188,0.063477
0.013885,-0.0071716,0.064697
0.016174,-0.0083923,0.063477
0.016632,-0.0085449,0.074463
0.016174,-0.0071716,0.065918
0.013428,-0.0030518,0.053711
0.011292,-0.0027466,0.064697
0.010376,-0.0013733,0.061035
0.0088501,-0.0016785,0.059814
0.01358,-0.0042725,0.065918
0.019684,-0.0057983,0.061035
0.023651,-0.0073242,0.057373
0.026093,-0.0059509,0.059814
0.027008,-0.0039673,0.058594
0.027466,-0.0021362,0.05127
0.028381,-0.00091553,0.05249
0.029907,-0.0019836,0.05127
0.031128,-0.0039673,0.047607
0.032196,-0.0059509,0.05249
0.032196,-0.0062561,0.048828
0.030975,-0.0041199,0.047607
0.028839,-0.0042725,0.046387
0.027466,-0.0024414,0.030518
0.028076,-0.0050354,0.041504
0.029144,-0.0083923,0.040283
0.027618,-0.012207,0.037842
0.02655,-0.01358,0.039063
0.024261,-0.012054,0.037842
0.021973,-0.0076294,0.037842
0.019836,-0.0036621,0.037842
0.018768,-0.0012207,0.042725
0.020447,-0.0033569,0.0354
0.021362,-0.0047302,0.040283
0.023346,-0.005188,0.041504
0.023804,-0.0024414,0.043945
0.024414,0.0012207,0.039063
0.023041,0.0038147,0.045166
0.024719,0.0035095,0.048828
0.02594,0.00076294,0.046387
0.02594,-0.0016785,0.059814
0.027466,-0.0030518,0.05127
0.025177,-0.0010681,0.062256
0.027466,0.0021362,4.6216
0.022125,0.0045776,4.9036
0.022125,0.00076294,4.928
0.023346,0.0019836,4.9292
0.024872,-0.0010681,4.9268
0.027618,-0.0030518,4.9329
0.029297,-0.0028992,4.9329
0.030518,-0.00091553,4.9292
0.030365,0.0012207,4.9304
0.028839,0.0022888,4.9341
0.027008,0.0022888,4.9304
0.025482,0.00030518,4.9353
0.023804,-0.0028992,4.9487
0.020294,-0.0048828,4.939
0.017242,-0.007019,4.9341
0.015717,-0.0056458,4.9353
0.014343,-0.0032043,4.928
0.01358,-0.00091553,4.9304
0.013123,0.0022888,4.9207
0.015259,0.0024414,4.9292
0.015259,0.0012207,4.9268
0.019073,0.0018311,4.9207
0.019531,0.0030518,4.9207
0.020599,0.0050354,4.917
0.020142,0.0053406,4.9207
0.020752,0.0053406,4.9121
0.022125,0.0024414,4.917
0.024261,-0.004425,4.9146
0.025177,-0.0032043,4.9194
0.024719,-0.0022888,4.9109
0.024872,0.0021362,4.9146
0.023651,0.0056458,4.9207
0.023956,0.0068665,4.9109
0.02594,0.0067139,4.9207
0.028687,0.002594,4.9097
0.032043,-0.00091553,4.9036
0.031891,-0.0018311,4.9097
0.030365,0,4.9109
0.027008,0.0028992,4.9072
0.023041,0.0032043,4.9084
0.02121,0.00076294,4.9158
0.019989,-0.0045776,4.9133
0.020294,-0.0085449,4.9084
0.019531,-0.0097656,4.9182
0.017395,-0.0094604,4.917
0.014801,-0.0067139,4.9219
0.01297,-0.0041199,4.9243
0.01297,-0.0041199,4.9292
0.014954,-0.0041199,4.9316
0.019379,-0.0048828,4.9329
0.023041,-0.0053406,4.9329
0.02594,-0.0057983,4.9329
0.027008,-0.0045776,4.9341
0.024261,-0.002594,4.9316
0.025024,-0.00061035,4.9268
0.027618,0.0024414,4.9304
0.030518,0.0057983,4.9304
0.034637,0.0080872,4.928
0.035248,0.009613,4.9329
0.034027,0.0088501,4.9316
0.030975,0.0074768,4.9402
0.027924,0.0064087,4.9292
0.026855,0.004425,4.9353
0.027618,0.0041199,4.9365
0.029602,0.0042725,4.9353
0.030518,0.0061035,4.9304
0.03006,0.0065613,4.9329
0.028381,0.0061035,4.9426
0.023804,0.0054932,4.928
0.022278,0.0045776,4.9292
0.022278,0.0047302,4.9219
0.023041,0.0038147,0.039063
0.024414,0.0028992,0.047607
0.022736,-0.0013733,0.05127
0.018616,-0.0032043,0.046387
0.014038,-0.0050354,0.045166
0.010986,-0.0067139,0.042725
0.0090027,-0.0074768,0.043945
0.0076294,-0.0067139,0.039063
0.0071716,-0.0064087,0.041504
0.0050354,-0.007782,0.040283
0.0024414,-0.007019,0.042725
0.0010681,-0.011139,0.036621
0.00030518,-0.010529,0.041504
0.0019836,-0.0083923,0.046387
0.0057983,-0.0067139,0.041504
0.010376,-0.0050354,0.037842
0.015106,-0.005188,0.039063
0.017242,-0.0076294,0.031738
0.019073,-0.0048828,0.041504
0.019379,-0.0024414,0.056152
0.020752,0.0010681,0.043945
0.023041,0.0048828,0.046387
0.026245,0.0059509,0.043945
0.028381,0.0053406,0.05249
0.030365,0.0042725,0.053711
0.031281,0.0061035,0.058594
0.030518,0.0065613,0.054932
0.028992,0.010071,0.063477
0.028992,0.012817,0.057373
0.028381,0.013885,0.064697
0.027313,0.010376,0.059814
0.026245,0.0085449,0.064697
0.024261,0.0061035,0.067139
0.020905,0.0021362,0.061035
0.016327,0.0022888,0.06958
0.01297,0.0015259,0.059814
0.011749,0.0022888,0.05249
0.011597,0.0032043,0.062256
0.012817,0.0047302,0.064697
0.01236,0.0054932,0.065918
0.011292,0.0062561,0.068359
0.0097656,0.0080872,0.059814
0.0082397,0.0074768,0.062256
0.0065613,0.0073242,0.058594
0.0067139,0.0068665,0.058594
0.004425,0.0042725,0.05127
0.005188,0.0010681,0.056152
0.0038147,-0.0018311,0.053711
0.0035095,-0.0024414,0.054932
0.0036621,-0.00030518,0.05127
0.0061035,0.0038147,0.048828
0.0093079,0.0074768,0.050049
0.01358,0.0090027,0.042725
0.016327,0.0094604,0.043945
0.017548,0.0082397,0.043945
0.018005,0.0074768,0.037842
0.016937,0.0076294,0.039063
0.017548,0.0071716,0.041504
0.018158,0.0056458,0.040283
0.019989,0.0035095,0.039063
0.02121,0.0027466,0.0354
0.021057,0.0038147,0.039063
0.019531,0.0042725,0.037842
0.016174,0.0065613,0.041504
0.014801,0.010223,0.036621
0.015106,0.010376,0.042725
0.01709,0.010223,0.040283
0.015564,0.0088501,0.045166
0.019226,0.0065613,0.061035
0.018768,0.0038147,0.050049
0.017548,0.002594,0.054932
0.016022,0.0021362,0.053711
0.014343,0.0015259,0.037842
0.014954,0.0013733,0.05249
0.015869,0.0039673,0.054932
0.015411,0.0010681,0.056152
0.014648,-0.0012207,0.061035
0.012512,-0.0038147,0.058594
0.011749,-0.0057983,0.39673
0.011444,-0.007019,4.6692
0.014038,-0.007019,4.9109
0.017395,-0.0076294,4.9231
0.020142,-0.0082397,4.9329
0.022583,-0.0091553,4.9292
0.025787,-0.011597,4.9341
0.022888,-0.0068665,4.9365
0.022125,-0.0028992,4.939
0.024261,0.00045776,4.939
0.026855,0.0015259,4.9365
0.029755,-0.00030518,4.9438
0.031433,-0.0045776,4.9304
0.030823,-0.0086975,4.9194
0.029144,-0.011139,4.928
0.029602,-0.010529,4.9268
0.029602,-0.0062561,4.9207
0.030365,-0.0033569,4.9243
0.032043,-0.0033569,4.9207
0.033875,-0.0039673,4.9194
0.031433,-0.0065613,4.9194
0.028381,-0.0091553,4.9158
0.026398,-0.0073242,4.9146
0.025177,-0.0041199,4.9158
0.024872,-0.0019836,4.9158
0.026245,-0.0019836,4.9146
0.026703,-0.0035095,4.9158
0.026703,-0.0064087,4.9121
0.025177,-0.0074768,4.9133
0.023804,-0.0068665,4.9023
0.022278,-0.0041199,4.9011
0.021667,-0.00030518,4.9109
0.022583,0.0016785,4.9072
0.024261,0.0032043,4.9072
0.026398,0.0019836,4.9109
0.027008,0.00030518,4.9109
0.027008,-0.0024414,4.9097
0.026245,-0.00061035,4.9109
0.023956,0.0016785,4.917
0.02243,0.0035095,4.9158
0.021973,0.0053406,4.9207
0.02121,0.0048828,4.9207
0.020752,0.0045776,4.9255
0.018921,0.0033569,4.9207
0.016785,0.002594,4.928
0.016022,0.0038147,4.9304
0.016174,0.0050354,4.9304
0.018768,0.0061035,4.9402
0.021973,0.0057983,4.9316
0.023346,0.0028992,4.9158
0.022736,-0.0018311,4.9255
0.021515,-0.0067139,4.9341
0.018311,-0.009613,4.9292
0.015411,-0.0097656,4.9292
0.011444,-0.0090027,4.9292
0.010223,-0.0071716,4.939
0.0094604,-0.0057983,4.9377
0.0094604,-0.0057983,4.9365
0.0086975,-0.0067139,4.9341
0.0093079,-0.007019,4.9353
0.011292,-0.0061035,4.9304
0.015411,-0.0050354,4.9402
0.021667,-0.00045776,4.9377
0.026855,0.0010681,4.9268
0.031128,0.0012207,4.9219
0.030823,0,4.9243
0.033417,-0.0018311,4.9109
0.032349,-0.0013733,4.917
0.029907,0.00091553,4.9194
0.028381,0.0045776,4.9182
0.026245,0.0073242,4.917
0.023956,0.0074768,4.9133
0.023651,0.0065613,4.9133
0.023193,0.0038147,0.041504
0.024109,0.0028992,0.042725
0.024872,0.0019836,0.037842
0.02655,0.00091553,0.042725
0.028076,-0.00076294,0.040283
0.029297,-0.0030518,0.042725
0.030975,-0.0073242,0.039063
0.029144,-0.0097656,0.041504
0.027008,-0.0099182,0.047607
0.023346,-0.0083923,0.046387
0.018463,-0.0064087,0.053711
0.013123,-0.0045776,0.039063
0.0083923,-0.0062561,0.032959
0.0059509,-0.0076294,0.043945
0.0057983,-0.0082397,0.046387
0.0065613,-0.0080872,0.043945
0.010681,-0.0053406,0.05127
0.014496,-0.0021362,0.05127
0.019684,-0.00030518,0.056152
0.024719,0.0018311,0.056152
0.029755,0.00045776,0.063477
0.033875,0.00015259,0.059814
0.036163,-0.00030518,0.061035
0.0354,0.00045776,0.063477
0.032959,0.0012207,0.062256
0.028992,0.0030518,0.075684
0.02594,0.0035095,0.062256
0.023193,0.0024414,0.063477
0.02243,-0.00076294,0.062256
0.021057,-0.0016785,0.063477
0.023804,-0.0027466,0.063477
0.025024,-0.0013733,0.061035
0.024872,0.0018311,0.064697
0.028381,0.005188,0.067139
0.029755,0.007019,0.062256
0.030975,0.0053406,0.061035
0.030212,0.0041199,0.057373
0.027313,0.0022888,0.059814
0.023651,0.0024414,0.062256
0.019531,0.0022888,0.05249
0.016174,0.005188,0.05249
0.014038,0.0062561,0.050049
0.013275,0.0071716,0.042725
0.011597,0.007782,0.05127
0.01297,0.0050354,0.058594
0.01297,0.0045776,0.048828
0.010986,0.0030518,0.053711
0.0090027,0.0030518,0.047607
0.0074768,0.0016785,0.032959
0.0080872,-0.00030518,0.036621
0.0064087,-0.0018311,0.037842
0.0053406,-0.0036621,0.041504
0.0050354,-0.0012207,0.037842
0.0041199,-0.0050354,0.03418
0.0045776,-0.0042725,0.040283
0.0085449,-0.0042725,0.037842
0.0085449,-0.0019836,0.041504
0.010986,-0.0027466,0.036621
0.012054,-0.002594,0.041504
0.01297,-0.0028992,0.041504
0.013733,-0.002594,0.046387
0.010986,-0.00015259,0.05249
0.012817,0.0022888,0.050049
0.013428,0.0045776,0.043945
0.01236,0.0068665,0.050049
0.012817,0.0067139,0.050049
0.013123,0.0082397,0.05127
0.015259,0.013428,0.045166
0.017548,0.016174,0.056152
0.019684,0.016327,0.058594
0.023499,0.016327,0.059814
0.024261,0.015106,0.063477
0.024261,0.013733,0.058594
0.023193,0.011139,0.058594
0.02182,0.010529,0.05127
0.019989,0.010681,0.067139
0.018005,0.0097656,0.059814
0.016174,0.007019,0.078125
0.014801,0.0061035,4.6228
0.013885,0.0027466,4.9146
0.013885,0.0010681,4.939
0.013733,0.00091553,4.9365
0.014343,-0.00045776,4.9341
0.014191,0.0027466,4.9329
0.01358,0.0030518,4.9158
0.013428,0.0028992,4.9255
0.012207,0.0027466,4.9255
0.0099182,0.0041199,4.9219
0.0079346,0.0061035,4.9243
0.0067139,0.0082397,4.8987
0.0061035,0.009613,4.9207
0.0054932,0.0090027,4.917
0.0053406,0.0076294,4.9207
0.0054932,0.0065613,4.9109
0.0059509,0.005188,4.9158
0.0064087,0.004425,4.906
0.0064087,0.0019836,4.9158
0.0073242,0.00061035,4.9097
0.0076294,-0.00061035,4.9109
0.007782,-0.0018311,4.9133
0.0093079,-0.0010681,4.9097
0.010834,-0.0021362,4.9109
0.013885,-0.0018311,4.9109
0.016022,-0.0028992,4.9011
0.018616,-0.0047302,4.9084
0.020599,-0.0061035,4.9109
0.021515,-0.0073242,4.9109
0.023193,-0.0067139,4.9109
0.023041,-0.0048828,4.9072
0.023041,-0.0039673,4.9121
0.023346,-0.0027466,4.9133
0.022583,-0.0041199,4.9182
0.022736,-0.0024414,4.9194
0.02243,-0.00091553,4.9268
0.022583,0.0018311,4.9243
0.024872,0.0028992,4.928
0.025177,0.00061035,4.9438
0.027161,0.00061035,4.9268
0.02655,-0.0032043,4.9365
0.026398,-0.0061035,4.9316
0.028687,-0.0082397,4.9207
0.023804,-0.0085449,4.928
0.02243,-0.0064087,4.9304
0.020142,-0.0057983,4.9329
0.018768,-0.0050354,4.9304
0.019073,-0.0062561,4.9304
0.019226,-0.007782,4.9377
0.021362,-0.0053406,4.9207
0.020752,-0.011292,4.9377
0.023651,-0.0057983,4.9292
0.024719,-0.0080872,4.9353
0.026703,-0.0082397,4.9341
0.029449,-0.0076294,4.9329
0.032654,-0.0067139,4.9329
0.034637,-0.0048828,4.9292
0.039063,-0.002594,4.9316
0.039978,0.0012207,4.9243
0.03891,0.0027466,4.9292
0.038147,0.00076294,4.9207
0.037994,-0.0015259,4.9243
0.037537,-0.0036621,4.9182
0.038452,-0.005188,4.9158
0.033264,-0.0047302,4.9133
0.034485,-0.0050354,4.9146
0.032806,-0.0048828,4.9109
0.03067,-0.0083923,4.9121
0.031128,-0.010529,4.9048
0.030975,-0.011597,4.9133
0.032349,-0.013123,4.9109
0.032959,-0.0097656,4.9097
0.031738,-0.0068665,4.9109
0.029907,-0.0039673,0.041504
0.028076,-0.0018311,0.047607
0.027313,0.00045776,0.039063
0.028229,-0.0010681,0.047607
0.027771,0.0010681,0.041504
0.028534,0.0030518,0.031738
0.029602,0.0050354,0.042725
0.029755,0.0073242,0.043945
0.029297,0.007782,0.041504
0.028534,0.0062561,0.048828
0.028076,0.0042725,0.050049
0.027161,0.0024414,0.05249
0.02655,0.0030518,0.057373
0.025024,0.0036621,0.061035
0.02243,0.0045776,0.057373
0.019684,0.0047302,0.062256
0.017548,0.0036621,0.064697
0.017548,0.0016785,0.063477
0.017853,-0.00091553,0.059814
0.018158,-0.0016785,0.061035
0.018158,-0.0022888,0.064697
0.018158,-0.0027466,0.061035
0.019226,-0.0027466,0.073242
0.02121,-0.0024414,0.064697
0.022125,-0.0016785,0.059814
0.023499,-0.00076294,0.064697
0.024261,0,0.065918
0.025787,0.0010681,0.064697
0.026703,0.0013733,0.064697
0.027466,0.00015259,0.057373
0.027008,-0.0010681,0.062256
0.027161,-0.0010681,0.057373
0.026245,-0.0016785,0.056152
0.024719,-0.0015259,0.054932
0.023956,-0.00030518,0.05249
0.022278,0.00091553,0.048828
0.02182,0.0028992,0.05127
0.022278,0.0045776,0.056152
0.02243,0.0054932,0.050049
0.023651,0.004425,0.045166
0.024414,0.0010681,0.043945
0.026398,-0.002594,0.023193
0.027771,-0.0048828,0.039063
0.028992,-0.0056458,0.039063
0.028229,-0.0047302,0.039063
0.027008,-0.002594,0.040283
0.024261,-0.0015259,0.0354
0.023346,-0.002594,0.040283
0.023651,-0.0042725,0.037842
0.024719,-0.0047302,0.040283
0.027008,-0.0050354,0.036621
0.028229,-0.0038147,0.043945
0.028687,-0.002594,0.040283
0.028534,-0.0013733,0.042725
0.029449,0.00030518,0.042725
0.031281,0.00030518,0.043945
0.032959,0,0.050049
0.034027,-0.00030518,0.05127
0.033264,-0.00045776,0.062256
0.032196,-0.00076294,0.056152
0.030975,0.00015259,0.045166
0.029907,0.00091553,0.058594
0.028839,0.0032043,0.054932
0.028076,0.0038147,0.061035
0.026703,0.004425,0.062256
0.026855,0.0033569,0.059814
0.02594,0.00091553,0.062256
0.027466,0.00045776,0.061035
0.026703,0.00015259,0.062256
0.027008,0.0010681,0.058594
0.028534,0.0024414,0.065918
0.028229,0.0022888,0.063477
0.026093,0.0012207,0.067139
0.027161,-0.0016785,0.070801
0.024872,-0.0048828,0.065918
0.022125,-0.0071716,0.065918
0.018311,-0.007019,0.063477
0.014954,-0.0048828,4.5776
0.011749,-0.0024414,4.9048
0.010223,0,4.9207
0.009613,0.0035095,4.9219
0.010529,0.0032043,4.9231
0.011444,0.0042725,4.9207
0.012054,0.0059509,4.9207
0.014496,0.0067139,4.9194
0.01709,0.0057983,4.9207
0.018311,0.005188,4.9121
0.017548,0.0027466,4.9133
0.015717,0.0016785,4.917
0.01358,0.00015259,4.917
0.011292,0.00076294,4.9109
0.0090027,-0.0015259,4.9158
0.0090027,-0.0021362,4.9243
0.010376,-0.0032043,4.906
0.011902,-0.004425,4.917
0.013885,-0.0016785,4.9109
0.015564,-0.0012207,4.8962
0.016785,-0.00045776,4.9097
0.017242,0.00076294,4.9109
0.018311,0.00015259,4.9133
0.018463,0.00015259,4.9084
0.018158,-0.0024414,4.9072
0.018005,0.0010681,4.9121
0.017395,0.0024414,4.9097
0.016022,0.0032043,4.9048
0.015869,0.0041199,4.9146
0.017853,0.0059509,4.9219
0.018768,0.0074768,4.9231
0.019379,0.0076294,4.9255
0.020294,0.0074768,4.9329
0.020294,0.0067139,4.9304
0.020905,0.0067139,4.9304
0.020599,0.0057983,4.9341
0.020905,0.0057983,4.9377
0.020294,0.0050354,4.928
0.018921,0.0033569,4.9255
0.013275,0.00091553,4.9329
0.014191,-0.0059509,4.9292
0.013123,-0.004425,4.9292
0.011139,-0.0035095,4.9341
0.011292,-0.0030518,4.9329
0.012207,-0.0019836,4.9377
0.014496,0.00015259,4.9341
0.016174,0.0010681,4.9402
0.016327,0.0012207,4.9316
0.019836,-0.00030518,4.9341
0.019836,0.0032043,4.9304
0.019379,0.0041199,4.9329
0.018463,0.0047302,4.9365
0.017548,0.0059509,4.928
0.016327,0.0062561,4.928
0.012817,0.0048828,4.9219
0.010986,0.0038147,4.9084
0.0094604,0.0032043,4.9194
0.0099182,0.0022888,4.917
0.011597,0.0013733,4.9158
0.015106,0.00061035,4.9158
0.017395,-0.0015259,4.9133
0.019836,0.00030518,4.9133
0.021973,0.00091553,4.9097
0.023346,0.0021362,4.9109
0.023346,0.0038147,4.9084
0.026398,0.0042725,4.9109
0.022583,0.0015259,4.9109
0.02121,0.0030518,4.9133
0.019684,0.0013733,4.9084
0.013123,-0.0012207,4.9109
0.015564,-0.0032043,4.9097
0.014801,-0.005188,4.9072
0.015259,-0.007019,4.9109
0.01709,-0.0082397,0.054932
0.018158,-0.010071,0.036621
0.019379,-0.0091553,0.042725
0.019989,-0.009613,0.047607
0.019836,-0.011139,0.048828
0.019989,-0.010071,0.053711
0.019226,-0.0088501,0.05249
0.019684,-0.0067139,0.059814
0.018463,-0.0036621,0.057373
0.018311,-0.0016785,0.061035
0.018158,-0.0019836,0.059814
0.018768,-0.0019836,0.064697
0.020905,-0.0012207,0.062256
0.023193,-0.00030518,0.064697
0.028076,0.0022888,0.072021
0.033569,0.0028992,0.063477
0.0383,0.0024414,0.065918
0.043945,0.00091553,0.064697
0.043488,-0.0015259,0.046387
0.042419,-0.0019836,0.065918
0.042267,-0.0016785,0.06958
0.041351,-0.00061035,0.064697
0.037384,0.00030518,0.065918
0.036774,-0.00076294,0.056152
0.034027,-0.0035095,0.062256
0.032043,-0.011597,0.057373
0.029297,-0.0083923,0.056152
0.028687,-0.0080872,0.050049
0.027313,-0.0057983,0.054932
0.026398,-0.0050354,0.050049
0.024261,-0.0061035,0.05127
0.022736,-0.0068665,0.05249
0.019989,-0.0079346,0.048828
0.019684,-0.0064087,0.045166
0.019379,-0.0010681,0.045166
0.020752,0.0038147,0.037842
0.02243,0.0083923,0.040283
0.025024,0.011292,0.0354
0.024719,0.010529,0.040283
0.024414,0.0083923,0.036621
0.027313,0.0056458,0.036621
0.024414,0.0039673,0.040283
0.023956,0.0036621,0.037842
0.025177,0.0013733,0.040283
0.024567,0.0016785,0.037842
0.025635,-0.00030518,0.041504
0.022888,-0.0030518,0.039063
0.02121,-0.0062561,0.042725
0.020294,-0.0045776,0.042725
0.020599,-0.0035095,0.046387
0.02182,0.00045776,0.057373
0.023193,0.0027466,0.048828
0.023346,0.0036621,0.063477
0.022736,0.0024414,0.05127
0.021515,-0.00015259,0.042725
0.019989,-0.0015259,0.056152
0.019226,-0.0015259,0.061035
0.019226,-0.00030518,0.058594
0.018616,0.00030518,0.059814
0.016937,0.00045776,0.061035
0.015869,0.00045776,0.059814
0.015411,0.00076294,0.059814
0.016479,0.00045776,0.062256
0.020752,0.0010681,0.057373
0.023041,0.0019836,0.064697
0.026093,0.0032043,0.063477
0.027161,0.0032043,0.065918
0.027924,0.0021362,0.068359
0.027618,0.00045776,0.065918
0.022888,-0.0015259,0.06958
0.024872,-0.0027466,0.064697
0.024414,-0.0045776,0.075684
0.023651,-0.0056458,0.059814
0.02243,-0.0062561,0.058594
0.021515,-0.0080872,0.05249
0.021515,-0.0091553,0.05249
0.021973,-0.010223,0.053711
0.022125,-0.010681,1.6724
0.023041,-0.010834,4.7131
0.023346,-0.010681,4.9036
0.024261,-0.0086975,4.9121
0.024261,-0.0071716,4.9133
0.02533,-0.0053406,4.9133
0.026398,-0.0048828,4.9158
0.027161,-0.0054932,4.906
0.026703,-0.0059509,4.917
0.028687,-0.0047302,4.9231
0.029755,-0.0018311,4.9097
0.030212,-0.00045776,4.9133
0.031586,0.0010681,4.9133
0.032501,0.00076294,4.8926
0.033569,-0.00030518,4.9182
0.03418,-0.0021362,4.9084
0.034027,-0.0024414,4.9097
0.035095,-0.0021362,4.9084
0.036316,-0.00076294,4.906
0.037231,0.00061035,4.9158
0.036621,-0.0012207,4.9158
0.036011,-0.0016785,4.9146
0.033875,-0.0042725,4.9158
0.031738,-0.0064087,4.9194
0.030823,-0.0057983,4.9194
0.030975,-0.004425,4.9292
0.029907,-0.0033569,4.928
0.032043,-0.0021362,4.928
0.027924,-0.002594,4.9292
0.02533,-0.0056458,4.9341
0.023956,-0.0042725,4.9402
0.023499,-0.0018311,4.9329
0.024719,0.0038147,4.9268
0.025177,0.0079346,4.928
0.024719,0.013123,4.9329
0.022583,0.0080872,4.9268
0.019226,0.0045776,4.9341
0.016632,0.00015259,4.9329
0.016174,-0.0021362,4.939
0.017242,0.00030518,4.9341
0.016479,0.0028992,4.939
0.014038,0.0036621,4.9304
0.012665,0.0010681,4.9353
0.010529,-0.0032043,4.928
0.0085449,-0.0079346,4.9341
0.011139,-0.009613,4.9316
0.012207,-0.0082397,4.9243
0.012512,-0.0053406,4.9207
0.011749,-0.0033569,4.9207
0.011597,-0.0015259,4.9121
0.011139,-0.0027466,4.9207
0.011749,-0.00091553,4.9182
0.01358,-0.0019836,4.9121
0.014954,0.00015259,4.917
0.017242,0.0039673,4.9133
0.019073,0.0054932,4.9133
0.019379,0.007782,4.9084
0.019836,0.004425,4.9121
0.020599,0.0036621,4.9048
0.02121,0.0041199,4.9109
0.022583,0.0048828,4.9121
0.023346,0.007019,4.9121
0.022583,0.0094604,4.9084
0.02243,0.011139,4.9133
0.022736,0.011444,4.9158
0.022278,0.01236,4.9097
0.022278,0.012207,4.9207
0.023193,0.012207,4.9146
0.023956,0.011139,4.9072
0.023499,0.0090027,4.9158
0.021515,0.0090027,4.9194
0.015869,0.0083923,4.9219
0.017853,0.007782,4.9207
0.017395,0.0064087,0.056152
0.017548,0.0032043,0.057373
0.017853,0.0022888,0.057373
0.018311,0.0027466,0.062256
0.018616,0.0056458,0.059814
0.018158,0.010071,0.063477
0.017548,0.014343,0.053711
0.016327,0.016632,0.059814
0.015717,0.016174,0.076904
0.016022,0.014648,0.063477
0.016937,0.011597,0.058594
0.017853,0.010681,0.065918
0.017395,0.011597,0.062256
0.017242,0.011749,0.059814
0.014954,0.011292,0.063477
0.01297,0.0086975,0.065918
0.010681,0.0059509,0.064697
0.0090027,0.0024414,0.058594
0.0083923,0.00076294,0.062256
0.0079346,0.00030518,0.054932
0.007019,0.0013733,0.054932
0.004425,0.0019836,0.05127
0.0080872,0.0022888,0.053711
0.01236,0.0022888,0.048828
0.01709,0.0035095,0.050049
0.021667,0.0041199,0.05249
0.023956,0.0054932,0.045166
0.023193,0.0088501,0.058594
0.02182,0.0083923,0.045166
0.017395,0.0074768,0.059814
0.014648,0.0041199,0.041504
0.01297,0.00061035,0.0354
0.01297,-0.0022888,0.039063
0.016174,-0.0032043,0.041504
0.017853,-0.0021362,0.036621
0.019379,-0.00045776,0.040283
0.020752,-0.0010681,0.039063
0.020599,-0.007019,0.040283
0.022736,-0.0050354,0.028076
0.024109,-0.0073242,0.040283
0.026245,-0.007019,0.037842
0.02655,-0.0039673,0.041504
0.027313,-0.0013733,0.042725
0.023651,0.0015259,0.047607
0.022125,0.00091553,0.050049
0.02243,-0.0010681,0.043945
0.023651,-0.0024414,0.053711
0.028076,-0.0018311,0.050049
0.031891,-0.0016785,0.05249
0.033417,-0.00045776,0.056152
0.034027,0.0010681,0.041504
0.03418,0.0016785,0.056152
0.033875,0.0016785,0.062256
0.035248,-0.00091553,0.058594
0.035553,-0.0041199,0.062256
0.036011,-0.0057983,0.058594
0.035248,-0.0062561,0.063477
0.032959,-0.002594,0.059814
0.032043,0.0012207,0.062256
0.030823,0.0050354,0.063477
0.031128,0.0062561,0.065918
0.032349,0.0045776,0.061035
0.031433,0.0015259,0.061035
0.031128,-0.0022888,0.076904
0.030365,-0.0036621,0.065918
0.028381,-0.0045776,0.067139
0.026245,-0.0021362,0.062256
0.02594,0,0.040283
0.025024,0.0028992,0.05249
0.024261,0,0.050049
0.026245,-0.0022888,0.050049
0.025482,-0.002594,0.05127
0.025177,-0.0021362,0.046387
0.024414,-0.00061035,0.048828
0.023499,0.0012207,0.041504
0.024719,0.0028992,0.046387
0.027924,0.0038147,0.042725
0.03006,0.0027466,0.043945
0.03067,0.0021362,4.2529
0.03006,0.0032043,4.873
0.027924,0.0038147,4.9097
0.026245,0.0038147,4.9182
0.023499,0.004425,4.9084
0.022888,0.0028992,4.9109
0.025787,0.0030518,4.9023
0.022278,0.0032043,4.9084
0.021362,0.004425,4.9023
0.020752,0.0056458,4.9109
0.020294,0.0045776,4.9109
0.02121,0.0027466,4.9097
0.023499,-0.00030518,4.9121
0.024872,-0.0038147,4.9109
0.024567,-0.005188,4.9146
0.022125,-0.0061035,4.9121
0.018158,-0.0048828,4.9231
0.014343,-0.005188,4.9194
0.012512,-0.0048828,4.9219
0.013123,-0.0053406,4.9219
0.014648,-0.0048828,4.9292
0.018311,-0.0036621,4.939
0.022583,-0.0038147,4.9329
0.025024,0.00076294,4.9377
0.025787,0.0022888,4.9316
0.02655,0.0035095,4.9255
0.028381,0.0038147,4.9329
0.031586,0.0041199,4.9292
0.034943,0.0047302,4.928
0.037231,0.0053406,4.9084
0.036469,0.0056458,4.9329
0.033875,0.0054932,4.9377
0.029755,0.0048828,4.9353
0.027618,0.0015259,4.939
0.026398,-0.0013733,4.9329
0.027008,-0.0054932,4.9341
0.027161,-0.0076294,4.9292
0.024872,-0.010681,4.9304
0.022736,-0.01236,4.928
0.018768,-0.012817,4.9255
0.018921,-0.01358,4.928
0.019379,-0.013275,4.9207
0.02182,-0.013275,4.9292
0.026093,-0.012817,4.9182
0.026398,-0.012207,4.9121
0.027924,-0.0091553,4.9133
0.02655,-0.0064087,4.9194
0.026703,-0.002594,4.9133
0.027161,0.00030518,4.9121
0.028687,0.002594,4.906
0.031281,0.0035095,4.9121
0.033264,0.0047302,4.9072
0.031738,0.0065613,4.9121
0.035858,0.0082397,4.9084
0.037384,0.0082397,4.9133
0.0383,0.0080872,4.9084
0.03952,0.0067139,4.9097
0.040894,0.0027466,4.9219
0.041504,-0.00076294,4.9109
0.040588,-0.0038147,4.9146
0.037079,-0.0039673,4.9121
0.032196,-0.0024414,4.8987
0.027466,-0.00015259,4.9146
0.024261,0.0015259,4.9158
0.023499,0.0015259,4.9219
0.024261,0.00045776,4.9219
0.026245,-0.0019836,4.9207
0.026093,-0.0022888,4.9353
0.029297,-0.00091553,4.928
0.027771,0.0015259,4.9316
0.02594,0.0039673,4.9268
0.024719,0.004425,4.9316
0.026703,0.0032043,0.063477
0.02182,0.0022888,0.064697
0.018158,0.0015259,0.065918
0.014648,0.0033569,0.062256
0.0097656,0.0057983,0.063477
0.0079346,0.0056458,0.062256
0.0079346,0.004425,0.075684
0.0091553,0.00076294,0.061035
0.011597,-0.0039673,0.065918
0.015564,-0.007019,0.065918
0.018463,-0.0080872,0.063477
0.019379,-0.007782,0.056152
0.019684,-0.0067139,0.062256
0.020294,-0.0057983,0.056152
0.021973,-0.0032043,0.057373
0.024719,-0.0012207,0.053711
0.023804,0.0018311,0.056152
0.023804,0.0050354,0.050049
0.022888,0.0057983,0.05249
0.021515,0.005188,0.048828
0.020752,0.0024414,0.050049
0.022583,-0.00061035,0.054932
0.025482,-0.0021362,0.048828
0.027924,-0.0028992,0.047607
0.029449,-0.0013733,0.043945
0.026703,0.0010681,0.031738
0.022888,0.0038147,0.037842
0.018463,0.004425,0.036621
0.015259,0.0036621,0.037842
0.015106,0.0038147,0.042725
0.019379,0.0036621,0.039063
0.016937,0.0038147,0.037842
0.016174,0.0035095,0.040283
0.014496,0.004425,0.039063
0.011902,0.004425,0.037842
0.011749,0.0041199,0.041504
0.01358,0.0027466,0.045166
0.017242,0.0018311,0.048828
0.019379,0.00015259,0.043945
0.019684,-0.00076294,0.047607
0.016785,-0.00091553,0.05127
0.013885,0.0012207,0.05249
0.013275,0.0048828,0.063477
0.013733,0.0079346,0.058594
0.016785,0.010071,0.048828
0.020142,0.010071,0.054932
0.022888,0.0076294,0.064697
0.020447,0.0057983,0.061035
0.022736,0.0059509,0.059814
0.021057,0.0064087,0.057373
0.020447,0.0068665,0.064697
0.021057,0.007782,0.059814
0.02121,0.0050354,0.061035
0.019379,0.0035095,0.063477
0.015717,0.00091553,0.068359
0.011902,0.0013733,0.064697
0.0074768,0.0039673,0.067139
0.0053406,0.007782,0.079346
0.0053406,0.010223,0.064697
0.0083923,0.010986,0.062256
0.012512,0.0085449,0.059814
0.016937,0.0050354,0.046387
0.021362,0.0028992,0.054932
0.022583,0.0035095,0.05249
0.023651,0.0039673,0.048828
0.024414,0.0045776,0.050049
0.025482,0.0028992,0.047607
0.027924,0.00045776,0.047607
0.02655,-0.0019836,0.043945
0.025787,-0.0022888,0.046387
0.023499,-0.0010681,0.037842
0.021973,0.0016785,0.043945
0.022888,0.0042725,0.041504
0.024872,0.005188,0.043945
0.028687,0.0038147,0.040283
0.031891,-0.00030518,0.037842
0.032654,-0.004425,0.050049
0.030365,-0.0067139,0.040283
0.028992,-0.0067139,3.3411
0.026703,-0.0064087,4.8132
0.025635,-0.0050354,4.8938
0.026398,-0.0036621,4.9146
0.028534,-0.0042725,4.9072
0.027466,-0.0028992,4.9072
0.027618,-0.0057983,4.9097
0.026245,-0.00076294,4.9109
0.027008,0.0013733,4.9133
0.029755,0.0035095,4.9158
0.034027,0.0045776,4.9207
0.038452,0.0035095,4.9194
0.040131,0.00015259,4.9255
0.040588,-0.0027466,4.9329
0.038452,-0.004425,4.9316
0.035706,-0.0030518,4.9353
0.032501,-0.0024414,4.9329
0.03067,-0.00061035,4.9304
0.029449,0.002594,4.9292
0.027924,0.0013733,4.939
0.027618,0.00091553,4.9329
0.027466,0.0013733,4.9146
0.02655,0.00076294,4.9292
0.027161,0.0010681,4.9304
0.027161,0.0019836,4.9365
0.028381,0.0030518,4.9353
0.028687,0.0021362,4.9341
0.027618,0.0016785,4.9377
0.024567,0.0013733,4.9329
0.023041,0.0010681,4.9377
0.019684,0.002594,4.9304
0.017242,0.0045776,4.9304
0.016022,0.0065613,4.9255
0.017242,0.007019,4.9292
0.017548,0.0068665,4.9353
0.018921,0.0035095,4.9231
0.020142,0.0024414,4.9243
0.021057,0.0042725,4.9182
0.022125,0.0056458,4.9036
0.023193,0.0071716,4.9133
0.025177,0.0080872,4.9194
0.025787,0.007782,4.9158
0.026398,0.0064087,4.9146
0.025482,0.0045776,4.906
0.022736,0.0035095,4.9109
0.019836,0.0050354,4.9097
0.018311,0.0053406,4.9072
0.0177,0.0056458,4.9072
0.018005,0.0036621,4.9133
0.018311,-0.00061035,4.9084
0.018921,-0.0039673,4.9146
0.019531,-0.0059509,4.9133
0.019226,-0.005188,4.9084
0.019379,-0.0019836,4.9109
0.020447,-0.00015259,4.9146
0.020447,0,4.9158
0.018463,-0.0028992,4.9146
0.020294,-0.0054932,4.9146
0.020294,-0.0068665,4.9207
0.019379,-0.005188,4.9194
0.018158,-0.0012207,4.9243
0.018311,0.0027466,4.9048
0.019836,0.0038147,4.928
0.020905,0.0015259,4.9304
0.02121,-0.00076294,4.9292
0.022278,-0.002594,4.9341
0.025024,-0.0036621,4.9255
0.027161,-0.0013733,4.9316
0.028381,0.00015259,4.9292
0.028229,0.00076294,4.9292
0.027618,-0.0012207,4.939
0.025482,-0.0039673,4.9353
0.023193,-0.0080872,0.08667
0.020294,-0.010223,0.065918
0.019531,-0.011902,0.056152
0.017395,-0.012665,0.065918
0.017853,-0.014343,0.064697
0.018463,-0.017853,0.061035
0.020142,-0.017395,0.057373
0.02182,-0.019073,0.054932
0.024414,-0.019531,0.057373
0.026245,-0.017853,0.05249
0.027466,-0.014954,0.054932
0.028076,-0.010071,0.045166
0.028992,-0.005188,0.048828
0.030212,0,0.05249
0.032043,0.0033569,0.048828
0.03418,0.0057983,0.048828
0.036621,0.0057983,0.043945
0.040131,0.0050354,0.046387
0.043335,0.0045776,0.041504
0.045166,0.0048828,0.041504
0.046234,0.0050354,0.037842
0.045013,0.0061035,0.03418
0.04303,0.0065613,0.039063
0.041046,0.0067139,0.039063
0.037537,0.0067139,0.039063
0.034332,0.0059509,0.040283
0.032349,0.0041199,0.032959
0.030518,0.0013733,0.042725
0.03006,-0.0010681,0.039063
0.030518,-0.0053406,0.041504
0.028076,-0.004425,0.043945
0.028076,-0.0061035,0.047607
0.024872,-0.0061035,0.043945
0.021667,-0.0042725,0.050049
0.018921,-0.0048828,0.063477
0.017853,-0.0039673,0.054932
0.012817,-0.0035095,0.062256
0.010834,-0.00091553,0.058594
0.009613,0.0028992,0.042725
0.010223,0.0062561,0.059814
0.011292,0.0086975,0.061035
0.012512,0.0086975,0.061035
0.016022,0.0059509,0.057373
0.018158,0.0050354,0.059814
0.020142,0.0028992,0.062256
0.022125,0.0013733,0.061035
0.023499,0.0012207,0.064697
0.023651,0.0010681,0.061035
0.02243,0.0021362,0.065918
0.021667,0.0038147,0.06958
0.019684,0.0050354,0.067139
0.018768,0.0050354,0.072021
0.018463,0.0039673,0.065918
0.018616,0.0054932,0.062256
0.019531,0.00091553,0.062256
0.020447,0.0022888,0.06958
0.019836,0.0018311,0.056152
0.019226,0.0021362,0.050049
0.019989,0.0012207,0.050049
0.020752,0.0013733,0.048828
0.020447,0.0032043,0.046387
0.021057,0.0050354,0.048828
0.019989,0.007019,0.043945
0.017395,0.0071716,0.047607
0.014496,0.011292,0.039063
0.011749,0.011444,0.047607
0.011444,0.013885,0.040283
0.011902,0.018311,0.043945
0.01236,0.019684,0.040283
0.013275,0.023499,0.041504
0.014191,0.022125,0.046387
0.01358,0.019379,0.041504
0.013885,0.01709,0.046387
0.013885,0.013733,0.039063
0.01358,0.011902,0.030518
0.01297,0.010986,0.039063
0.010986,0.0086975,0.037842
0.0093079,0.0065613,0.037842
0.007019,0.0050354,0.66772
0.0067139,0.0022888,4.6655
0.0050354,0.00030518,4.8901
0.0054932,-0.00030518,4.9109
0.0073242,-0.00030518,4.9207
0.0085449,0.002594,4.9158
0.0094604,0.0019836,4.9243
0.0091553,0.0045776,4.9255
0.0099182,0.0050354,4.9292
0.010223,0.007782,4.928
0.011139,0.0076294,4.9329
0.010834,0.0083923,4.9329
0.010376,0.0097656,4.9329
0.0090027,0.007782,4.9438
0.0088501,0.013123,4.9341
0.0071716,0.014038,4.9146
0.010071,0.013733,4.9304
0.01236,0.011292,4.9292
0.014038,0.0086975,4.9304
0.015869,0.0064087,4.9365
0.016937,0.0054932,4.9329
0.018311,0.0036621,4.9377
0.018921,0.0035095,4.9353
0.019226,0.002594,4.9341
0.018158,0.0016785,4.928
0.018005,-0.00015259,4.9292
0.018311,-0.00091553,4.9231
0.020142,-0.0012207,4.928
0.021362,0.00015259,4.9316
0.023041,0.002594,4.9255
0.022278,0.0032043,4.9194
0.023041,0.0073242,4.9194
0.023804,0.0080872,4.906
0.026093,0.0065613,4.9146
0.027161,0.0053406,4.9194
0.028687,0.0027466,4.9158
0.027313,0.0021362,4.9146
0.025024,0.00091553,4.9109
0.02121,0.0027466,4.9133
0.018463,0.0032043,4.9097
0.016479,0.0047302,4.9097
0.015411,0.0015259,4.9048
0.013885,-0.00030518,4.9121
0.014343,-0.0019836,4.9109
0.013428,-0.0027466,4.9121
0.014496,-0.0030518,4.8999
0.015717,-0.0028992,4.9109
0.019379,-0.0024414,4.917
0.022888,-0.0033569,4.9121
0.026703,-0.0036621,4.9194
0.032043,-0.0021362,4.917
0.032501,-0.00091553,4.9072
0.034332,0.0035095,4.9207
0.036011,0.0019836,4.9207
0.036926,0.0024414,4.9207
0.0383,0.0019836,4.9255
0.038605,0.0016785,4.9255
0.0383,0.0018311,4.9316
0.036316,0.0030518,4.9304
0.036316,0.0038147,4.9365
0.034637,0.004425,4.9341
0.034485,0.0042725,4.9353
0.034332,0.0033569,4.9316
0.033722,0.0022888,4.9329
0.03479,0.0018311,4.9365
0.032196,0.0022888,4.9353
0.032043,0.002594,4.9292
0.028992,0.0041199,4.9353
0.027161,0.0054932,4.9402
0.025024,0.0064087,4.9353
0.023041,0.0076294,4.9329
0.021667,0.0088501,4.9316
0.021515,0.0076294,0.058594
0.021667,0.0082397,0.058594
0.02243,0.0076294,0.056152
0.023651,0.0057983,0.05249
0.024567,0.0047302,0.050049
0.026398,0.0062561,0.040283
0.026703,0.0067139,0.05127
0.030365,0.0091553,0.05127
0.031738,0.010681,0.050049
0.031281,0.011444,0.041504
0.029144,0.01236,0.047607
0.027924,0.012207,0.059814
0.025787,0.012054,0.043945
0.025024,0.0099182,0.05127
0.025177,0.0064087,0.042725
0.025024,0.002594,0.030518
0.024719,0.00045776,0.03418
0.024261,-0.00091553,0.040283
0.023193,-0.0012207,0.041504
0.023041,-0.0012207,0.039063
0.02243,-0.0016785,0.036621
0.022278,-0.0050354,0.040283
0.020905,-0.0068665,0.039063
0.020905,-0.0085449,0.042725
0.019684,-0.0073242,0.039063
0.019226,-0.0036621,0.045166
0.02121,0.00045776,0.047607
0.022736,0.0042725,0.048828
0.02533,0.0067139,0.058594
0.028839,0.0080872,0.053711
0.032806,0.0080872,0.05249
0.036316,0.0083923,0.056152
0.037384,0.007782,0.054932
0.038757,0.0061035,0.058594
0.037537,0.0048828,0.057373
0.035858,0.0032043,0.058594
0.032043,0.0010681,0.059814
0.027771,-0.00091553,0.048828
0.023499,-0.0015259,0.061035
0.018005,-0.002594,0.059814
0.013123,-0.004425,0.062256
0.011444,-0.0067139,0.058594
0.011139,-0.010834,0.064697
0.012512,-0.014038,0.063477
0.014954,-0.016022,0.068359
0.014648,-0.017853,0.065918
0.017395,-0.016327,0.064697
0.019379,-0.013885,0.067139
0.019379,-0.010986,0.062256
0.020905,-0.0050354,0.067139
0.022278,0.00030518,0.056152
0.023804,0.0042725,0.042725
0.026703,0.0074768,0.05127
0.03006,0.0091553,0.048828
0.032959,0.0094604,0.046387
0.036163,0.0090027,0.048828
0.037842,0.0064087,0.043945
0.03952,0.0047302,0.047607
0.0383,0.0032043,0.043945
0.040283,0.0010681,0.043945
0.038147,-0.00015259,0.039063
0.037231,-0.00045776,0.041504
0.035858,0.0015259,0.036621
0.033112,-0.00045776,0.040283
0.031586,-0.00091553,0.039063
0.029144,-0.0027466,0.042725
0.025787,-0.0065613,0.040283
0.023956,-0.010376,0.037842
0.023499,-0.0071716,0.037842
0.02243,-0.0059509,0.036621
0.024414,-0.0035095,0.029297
0.024261,-0.0015259,0.037842
0.021362,-0.00030518,0.037842
0.018921,-0.00045776,0.043945
0.01709,-0.00076294,0.043945
0.016327,0.0013733,0.043945
0.017395,0.0019836,0.05249
0.017242,0.0028992,0.047607
0.015106,0.0048828,2.3193
0.012054,0.0018311,4.7693
0.009613,-0.0022888,4.9146
0.0083923,-0.0056458,4.9231
0.012817,-0.0073242,4.928
0.016937,-0.0048828,4.939
0.019684,-0.0036621,4.9329
0.020599,-0.002594,4.9341
0.018768,-0.0024414,4.9329
0.016937,-0.0018311,4.9207
0.015717,0.0012207,4.9304
0.016327,0.0027466,4.9329
0.017242,0.0053406,4.9377
0.015869,0.0061035,4.9353
0.014801,0.0027466,4.9353
0.014191,0.00015259,4.939
0.014801,-0.0028992,4.9329
0.0177,-0.0068665,4.9341
0.020599,-0.0048828,4.9292
0.019379,-0.004425,4.9316
0.022888,-0.004425,4.9255
0.020752,-0.0045776,4.9255
0.018463,-0.0057983,4.9231
0.016632,-0.0062561,4.9207
0.012665,-0.0047302,4.9268
0.013123,-0.0033569,4.9158
0.0091553,-0.00061035,4.928
0.0083923,0.00091553,4.9158
0.0064087,0.0010681,4.9109
0.0082397,-0.00076294,4.9146
0.009613,-0.00015259,4.9121
0.010529,-0.00015259,4.9109
0.012817,0.0010681,4.9097
0.013885,0.0027466,4.9036
0.015717,0.0041199,4.906
0.016022,0.0079346,4.9084
0.014343,0.0099182,4.9109
0.014343,0.010376,4.9109
0.013733,0.011139,4.917
0.015106,0.011139,4.9109
0.015411,0.011292,4.9146
0.016785,0.011902,4.9194
0.018921,0.011597,4.9133
0.019531,0.010986,4.917
0.019684,0.0082397,4.9146
0.020752,0.0062561,4.9084
0.017395,0.0027466,4.9182
0.016327,0.0024414,4.9194
0.013275,0.0022888,4.9219
0.011292,0.0038147,4.9268
0.0093079,0.0047302,4.9268
0.0045776,0.0059509,4.928
0.0057983,0.0082397,4.9292
0.0047302,0.002594,4.9353
0.0047302,0.00076294,4.9292
0.0064087,0,4.9341
0.0086975,0.0010681,4.9341
0.011749,0.0028992,4.9329
0.01297,0.0042725,4.9292
0.014954,0.0042725,4.9353
0.014801,0.0022888,4.9414
0.015717,-0.0013733,4.9341
0.015411,-0.0035095,4.9438
0.015717,-0.0019836,4.939
0.016785,0.0010681,4.9243
0.016632,0.0045776,4.9316
0.016327,0.007019,4.9292
0.017853,0.0064087,4.9304
0.020142,0.0059509,4.928
0.022278,0.0041199,4.9231
0.024567,0.0027466,4.9292
0.028229,0.0027466,4.9243
0.03006,0.0022888,0.05127
0.031738,0.0022888,0.045166
0.031433,0.002594,0.05249
0.030212,0.0015259,0.045166
0.028687,0.00015259,0.046387
0.022278,-0.0024414,0.053711
0.023346,-0.002594,0.043945
0.02121,-0.0019836,0.040283
0.018616,-0.00091553,0.041504
0.019989,0.00030518,0.023193
0.0177,0.00061035,0.036621
0.019379,-0.00061035,0.039063
0.020294,-0.0035095,0.039063
0.020599,-0.0047302,0.041504
0.021667,-0.0048828,0.032959
0.021362,-0.004425,0.042725
0.023346,-0.0054932,0.039063
0.023651,-0.0059509,0.041504
0.024719,-0.0016785,0.039063
0.026703,-0.00076294,0.048828
0.026398,0.0013733,0.043945
0.027466,0.0036621,0.048828
0.027771,0.0050354,0.050049
0.028381,0.0050354,0.05249
0.027313,0.0048828,0.054932
0.029602,0.002594,0.054932
0.03006,0,0.070801
0.028839,-0.0010681,0.056152
0.028534,-0.0013733,0.05127
0.026855,-0.0018311,0.062256
0.025787,-0.00061035,0.063477
0.023651,0.0013733,0.059814
0.022583,0.00076294,0.059814
0.02182,0.0012207,0.059814
0.019836,-0.0016785,0.062256
0.019836,-0.00030518,0.062256
0.019836,0.00076294,0.057373
0.020142,0.0024414,0.063477
0.021667,0.0047302,0.068359
0.022125,0.0056458,0.063477
0.023804,0.005188,0.068359
0.024719,0.0048828,0.072021
0.024109,0.0048828,0.065918
0.024719,0.0056458,0.061035
0.023804,0.0079346,0.059814
0.022583,0.010071,0.053711
0.021973,0.011902,0.05127
0.023041,0.011139,0.048828
0.022736,0.0099182,0.05127
0.023041,0.0074768,0.047607
0.025177,0.0059509,0.047607
0.026703,0.0057983,0.048828
0.027466,0.0054932,0.042725
0.027008,0.0047302,0.047607
0.024719,0.0022888,0.0354
0.02243,-0.0019836,0.041504
0.018921,-0.0059509,0.043945
0.016937,-0.0080872,0.036621
0.018005,-0.0088501,0.037842
0.017548,-0.0048828,0.041504
0.018921,-0.0021362,0.054932
0.017242,0,0.042725
0.016174,-0.00076294,0.05127
0.015869,-0.0033569,0.040283
0.016937,-0.0045776,0.028076
0.019073,-0.0061035,0.037842
0.020142,-0.0057983,0.040283
0.019684,-0.0027466,0.041504
0.019531,-0.00061035,0.039063
0.018616,0.00030518,0.041504
0.016937,0,0.047607
0.01709,-0.0024414,0.048828
0.018463,-0.0050354,0.054932
0.019684,-0.0061035,0.048828
0.019836,-0.004425,0.058594
0.020599,-0.0032043,0.057373
0.022125,-0.00076294,0.064697
0.025024,-0.0039673,0.072021
0.028992,-0.0079346,4.0198
0.031586,-0.010986,4.8706
0.033417,-0.010223,4.9255
0.032501,-0.0074768,4.9329
0.030365,-0.0041199,4.928
0.028381,-0.0019836,4.939
0.023956,-0.0016785,4.9341
0.022125,-0.0033569,4.9341
0.020142,-0.005188,4.9304
0.021515,-0.0061035,4.939
0.023956,-0.0048828,4.9341
0.026703,-0.0041199,4.9451
0.03067,-0.0033569,4.9304
0.03067,-0.002594,4.9329
0.032959,-0.0021362,4.9255
0.033112,-0.00015259,4.9255
0.034027,0.0013733,4.9146
0.032959,0.0032043,4.9255
0.032349,0.0042725,4.9292
0.030518,0.0035095,4.9231
0.029144,0.00061035,4.9207
0.027771,0.0018311,4.9182
0.02655,0.0012207,4.9023
0.026245,0,4.9158
0.027466,-0.0010681,4.9133
0.027313,-0.0010681,4.9084
0.027161,-0.00076294,4.9109
0.026855,-0.00030518,4.9146
0.026855,-0.00061035,4.9109
0.024414,-0.0018311,4.9072
0.02182,-0.0048828,4.9109
0.019836,-0.0048828,4.9109
0.018311,-0.0030518,4.9084
0.017395,-0.00045776,4.9084
0.016937,0.0018311,4.9146
0.016479,0.0035095,4.9097
0.015869,0.0015259,4.9133
0.014954,-0.00076294,4.9036
0.015259,-0.0028992,4.9158
0.015411,-0.0030518,4.9207
0.015717,-0.00076294,4.9219
0.016022,0.002594,4.9182
0.016479,0.0041199,4.9207
0.015564,0.0039673,4.9304
0.014343,0.0018311,4.9268
0.013733,-0.00045776,4.928
0.015411,-0.0019836,4.9255
0.017395,-0.0013733,4.9353
0.018463,0,4.9304
0.019226,0.00045776,4.9231
0.019684,0,4.9304
0.018158,-0.00015259,4.9329
0.017548,0.00045776,4.9304
0.016937,0.00091553,4.9353
0.018311,0.0027466,4.9463
0.018158,0.0048828,4.9377
0.018921,0.0071716,4.9353
0.019073,0.009613,4.9365
0.019073,0.010681,4.9194
0.017548,0.010529,4.9316
0.017853,0.0083923,4.9329
0.017548,0.0082397,4.9329
0.018768,0.0086975,4.9292
0.018311,0.0094604,4.9255
0.018005,0.0093079,4.9292
0.016632,0.0091553,4.9207
0.014496,0.0074768,4.9219
0.012207,0.0056458,4.9158
0.0099182,0.0054932,4.9182
0.010071,0.0056458,4.9182
0.010529,0.0057983,4.9219
0.010834,0.0074768,0.059814
0.012207,0.0076294,0.043945
0.010529,0.0083923,0.046387
0.009613,0.0062561,0.042725
0.009613,0.0059509,0.036621
0.010376,0.005188,0.037842
0.010223,0.0065613,0.047607
0.0093079,0.007782,0.039063
0.007019,0.010834,0.039063
0.004425,0.011292,0.036621
0.0018311,0.011139,0.040283
0.0018311,0.0091553,0.036621
0.0030518,0.0067139,0.041504
0.0054932,0.0061035,0.037842
0.0071716,0.0059509,0.045166
0.0079346,0.0073242,0.042725
0.010834,0.0091553,0.047607
0.012207,0.010376,0.050049
0.012665,0.010834,0.05127
0.015564,0.010834,0.064697
0.017242,0.010834,0.053711
0.016327,0.010986,0.063477
0.014801,0.012512,0.057373
0.013275,0.013428,0.048828
0.013275,0.014801,0.064697
0.012665,0.013885,0.061035
0.014191,0.012207,0.059814
0.016479,0.011444,0.061035
0.019989,0.0097656,0.059814
0.02182,0.010986,0.062256
0.024261,0.011597,0.061035
0.024567,0.011597,0.065918
0.023346,0.011139,0.063477
0.022888,0.0074768,0.064697
0.023193,0.0036621,0.068359
0.020752,0.0022888,0.065918
0.019073,0.0016785,0.065918
0.016174,0.0039673,0.062256
0.014343,0.0035095,0.067139
0.010986,0.0016785,0.058594
0.0091553,-0.00091553,0.063477
0.0093079,-0.0045776,0.053711
0.011749,-0.007019,0.053711
0.015106,-0.0056458,0.048828
0.017548,-0.0024414,0.050049
0.018311,0.0016785,0.045166
0.019379,0.0027466,0.045166
0.018921,0.0018311,0.041504
0.019684,0,0.046387
0.024567,-0.00091553,0.041504
0.023651,0.00015259,0.042725
0.024872,0.0021362,0.040283
0.024719,0.0053406,0.043945
0.023346,0.0048828,0.039063
0.02182,0.0024414,0.041504
0.018768,-0.00076294,0.05249
0.025635,-0.004425,0.040283
0.028839,-0.0059509,0.039063
0.031891,-0.0059509,0.03418
0.031128,-0.0041199,0.021973
0.030518,-0.0018311,0.037842
0.027313,-0.0012207,0.040283
0.025177,-0.0010681,0.040283
0.022888,-0.0033569,0.041504
0.024414,-0.00061035,0.046387
0.026245,0.00015259,0.050049
0.02533,0.0024414,0.048828
0.024414,0.0030518,0.05127
0.022736,0.0030518,0.047607
0.024872,0.0010681,0.061035
0.022736,0.00045776,0.057373
0.023499,-0.0010681,0.061035
0.024872,-0.0018311,0.062256
0.023346,-0.0013733,0.061035
0.023499,0.0022888,0.063477
0.021973,0.0041199,0.062256
0.020752,0.0045776,0.075684
0.020599,0.005188,0.059814
0.019989,0.002594,2.207
0.019989,0.0016785,4.7717
0.020142,0.0012207,4.9207
0.020447,0.0018311,4.9292
0.020142,0.0028992,4.9353
0.020142,0.0047302,4.9341
0.020142,0.0038147,4.9353
0.021057,0.0027466,4.9316
0.022125,0.0015259,4.9304
0.023956,0.00076294,4.9255
0.025177,0.00045776,4.928
0.026093,0.0032043,4.9219
0.02533,0.0028992,4.928
0.024109,0.0032043,4.9268
0.022888,0.0021362,4.9219
0.022888,-0.0018311,4.9158
0.026093,-0.0024414,4.9158
0.028229,-0.0038147,4.9146
0.028839,-0.0022888,4.9158
0.026245,-0.0012207,4.9158
0.022125,0,4.9109
0.019989,0,4.9121
0.019226,0.00076294,4.9109
0.021667,0.0016785,4.9048
0.024109,0.0027466,4.9048
0.025024,0.0050354,4.9109
0.025482,0.0057983,4.9097
0.023041,0.0045776,4.9121
0.022125,0.0022888,4.9097
0.022125,0.00015259,4.9121
0.025024,-0.0013733,4.9084
0.029144,-0.0012207,4.9109
0.03067,-0.00091553,4.9243
0.029297,0.0012207,4.8999
0.023499,0.0024414,4.9219
0.019989,0.002594,4.9207
0.018005,0.0012207,4.9023
0.018463,-0.0028992,4.9207
0.020142,-0.0056458,4.9231
0.020905,-0.007782,4.9268
0.017853,-0.0082397,4.928
0.018005,-0.0061035,4.9243
0.015259,-0.0061035,4.9329
0.016174,-0.007019,4.9316
0.019073,-0.0083923,4.9329
0.02243,-0.011139,4.9292
0.024719,-0.011444,4.9316
0.023956,-0.0091553,4.9304
0.022278,-0.0045776,4.9329
0.019836,-0.0015259,4.9402
0.019073,-0.0015259,4.9377
0.020294,-0.0027466,4.9329
0.022278,-0.0062561,4.9377
0.025635,-0.0065613,4.9426
0.027161,-0.0041199,4.9353
0.028229,-0.00091553,4.9426
0.029297,0.002594,4.9329
0.028687,0.0047302,4.9292
0.029602,0.0041199,4.9255
0.031586,0.0045776,4.928
0.033875,0.0033569,4.9231
0.035095,0.0038147,4.9231
0.033875,0.0061035,4.917
0.031433,0.0045776,4.9207
0.028534,0.0050354,4.9194
0.02594,0.0042725,4.9194
0.025024,0.0041199,4.917
0.024414,0.0041199,4.9158
0.028534,0.0054932,4.9243
0.025482,0.0042725,4.9133
0.024261,0.0027466,4.9255
0.02121,0.0045776,4.9109
0.018921,0.0056458,0.03418
0.018005,0.0065613,0.039063
0.0177,0.0062561,0.040283
0.020599,0.0067139,0.036621
0.015564,-0.0024414,0.041504
0.012054,-0.0093079,0.036621
0.0083923,-0.010529,0.040283
0.0039673,-0.0093079,0.040283
0.0015259,-0.0071716,0.043945
0.0018311,-0.0039673,0.040283
0.0030518,-0.002594,0.047607
0.0057983,-0.0028992,0.048828
0.0085449,-0.0056458,0.05249
0.011444,-0.0071716,0.056152
0.011597,-0.0057983,0.056152
0.012817,-0.0035095,0.058594
0.015106,-0.00061035,0.057373
0.018463,0.00045776,0.065918
0.019073,0.00030518,0.059814
0.022125,-0.00015259,0.050049
0.02121,0.0018311,0.057373
0.018311,0.0018311,0.061035
0.014496,0.0041199,0.059814
0.012817,0.004425,0.061035
0.012207,0.0027466,0.058594
0.014343,0.0022888,0.064697
0.016327,-0.0010681,0.061035
0.017548,-0.0010681,0.067139
0.017548,-0.00015259,0.067139
0.016632,0.0016785,0.068359
0.015564,0.0035095,0.062256
0.015106,0.0047302,0.064697
0.015259,0.0045776,0.075684
0.014038,0.0057983,0.059814
0.013885,0.0064087,0.061035
0.011597,0.0062561,0.05127
0.0076294,0.0056458,0.039063
0.0050354,0.0047302,0.048828
0.0038147,0.0033569,0.046387
0.0041199,0.0033569,0.048828
0.0050354,0.0032043,0.046387
0.0056458,0.0041199,0.040283
0.0059509,0.0038147,0.047607
0.0050354,0.0030518,0.042725
0.0045776,0.0019836,0.043945
0.0042725,0.0012207,0.036621
0.0059509,0.0010681,0.045166
0.0073242,0.002594,0.040283
0.0091553,0.0018311,0.041504
0.0097656,0,0.043945
0.012512,-0.0012207,0.039063
0.010986,0.00015259,0.036621
0.011597,0.0032043,0.041504
0.013275,0.007782,0.0354
0.015869,0.009613,0.036621
0.018311,0.0090027,0.05249
0.020142,0.0065613,0.041504
0.02121,0.0019836,0.045166
0.02243,0.00015259,0.041504
0.02182,-0.00061035,0.047607
0.022278,0,0.047607
0.023193,0.0013733,0.053711
0.02533,0.0024414,0.05127
0.026093,0.00061035,0.057373
0.027313,0.0013733,0.053711
0.026398,0.0022888,0.062256
0.025177,0.0050354,0.061035
0.023804,0.007782,0.063477
0.023651,0.010223,0.06958
0.025024,0.0093079,0.061035
0.025024,0.0054932,0.067139
0.025635,0.0015259,0.062256
0.02182,0.0021362,0.05249
0.02182,-0.0012207,0.062256
0.020447,0.0015259,0.063477
0.020142,0.004425,0.063477
0.02182,0.005188,0.064697
0.025635,0.0028992,0.064697
0.024109,-0.00076294,1.9604
0.023956,-0.0062561,4.7534
0.021057,-0.0059509,4.9158
0.019684,-0.0061035,4.9231
0.018616,-0.0056458,4.9268
0.018311,-0.007019,4.9243
0.018768,-0.0091553,4.9268
0.018158,-0.0085449,4.9207
0.018005,-0.0085449,4.9207
0.018005,-0.0033569,4.9231
0.017395,-0.0016785,4.9194
0.017853,0.0021362,4.9243
0.019226,0.0045776,4.9158
0.022736,0.002594,4.9182
0.027313,-0.0022888,4.9084
0.031433,-0.0042725,4.9084
0.032806,-0.0057983,4.9084
0.033569,-0.0068665,4.8914
0.031586,-0.0061035,4.906
0.030365,-0.0064087,4.9121
0.029907,-0.0050354,4.9072
0.034485,-0.0047302,4.9084
0.031281,-0.0065613,4.9109
0.03067,-0.0068665,4.9109
0.027771,-0.0071716,4.9146
0.025635,-0.0080872,4.9133
0.025177,-0.0082397,4.9255
0.024567,-0.0067139,4.9146
0.026398,-0.0065613,4.9158
0.028687,-0.004425,4.9207
0.030518,-0.005188,4.9109
0.029602,-0.0047302,4.9219
0.027466,-0.002594,4.9207
0.025482,0.0024414,4.9304
0.023804,0.0074768,4.928
0.023956,0.011139,4.928
0.023499,0.01236,4.9304
0.023956,0.0099182,4.9341
0.023499,0.0054932,4.9341
0.023346,0.0012207,4.9292
0.023499,0.0012207,4.9329
0.024567,0.002594,4.9304
0.027008,0.0042725,4.9329
0.027924,0.007019,4.9329
0.02594,0.0056458,4.9365
0.024414,0.0033569,4.9377
0.021057,0.00015259,4.9353
0.019073,-0.0038147,4.9487
0.016937,-0.0057983,4.9377
0.015564,-0.0073242,4.928
0.015564,-0.0071716,4.9304
0.016327,-0.0054932,4.9268
0.019379,-0.0057983,4.9255
0.02182,-0.0059509,4.9255
0.022736,-0.007019,4.9194
0.021973,-0.0068665,4.9219
0.021667,-0.0047302,4.9158
0.020142,-0.0027466,4.9207
0.020142,-0.0010681,4.9158
0.020447,-0.0015259,4.9207
0.018921,-0.0041199,4.9146
0.019226,-0.007019,4.9182
0.018158,-0.010834,4.9158
0.016327,-0.012512,4.9133
0.015869,-0.013123,4.9109
0.014801,-0.012512,4.9097
0.014648,-0.010681,4.8975
0.015869,-0.01358,4.9084
0.016022,-0.014801,4.9084
0.016937,-0.014954,4.9097
0.016937,-0.01297,4.9097
0.018158,-0.010376,4.9097
0.018311,-0.0080872,4.9097
0.019684,-0.0082397,0.039063
0.022583,-0.0093079,0.045166
0.026093,-0.0099182,0.043945
0.028229,-0.0082397,0.046387
0.029449,-0.0050354,0.047607
0.029907,0.00015259,0.048828
0.030365,0.0041199,0.047607
0.03006,0.0065613,0.056152
0.030975,0.0053406,0.057373
0.030975,0.00030518,0.058594
0.032501,-0.0054932,0.068359
0.029449,-0.0099182,0.061035
0.030518,-0.012054,0.036621
0.028381,-0.012054,0.058594
0.026855,-0.010681,0.057373
0.024414,-0.010223,0.063477
0.020752,-0.010681,0.061035
0.017853,-0.01358,0.057373
0.014954,-0.015564,0.065918
0.012512,-0.016327,0.064697
0.011749,-0.014801,0.065918
0.012665,-0.012665,0.064697
0.013275,-0.012054,0.068359
0.017548,-0.013123,0.065918
0.019989,-0.014038,0.065918
0.021973,-0.011444,0.075684
0.022736,-0.012054,0.059814
0.023651,-0.0079346,0.053711
0.022736,-0.002594,0.054932
0.022125,0.002594,0.037842
0.020752,0.0033569,0.048828
0.018616,0.0036621,0.047607
0.0177,0.002594,0.048828
0.017548,0.002594,0.048828
0.019684,0.002594,0.041504
0.019989,0.0022888,0.047607
0.02121,0.0015259,0.026855
0.021667,-0.0019836,0.042725
0.021515,-0.0030518,0.039063
0.021362,-0.0038147,0.041504
0.021362,-0.0018311,0.040283
0.022125,-0.002594,0.041504
0.022583,0.00091553,0.039063
0.021362,0.0035095,0.042725
0.023956,0.0074768,0.047607
0.019226,0.0076294,0.042725
0.015259,0.0062561,0.048828
0.010529,0.0061035,0.037842
0.004425,0.0057983,0.032959
0.0012207,0.0057983,0.042725
-0.0013733,0.010529,0.041504
-0.0022888,0.0053406,0.041504
-0.0022888,-0.0018311,0.047607
0.00045776,-0.0091553,0.047607
0.0041199,-0.015564,0.053711
0.0082397,-0.017548,0.056152
0.011139,-0.013733,0.056152
0.01358,-0.0097656,0.054932
0.013123,-0.0013733,0.061035
0.011902,0.0067139,0.062256
0.0093079,0.012665,0.064697
0.0076294,0.016937,0.064697
0.0068665,0.019073,0.062256
0.0079346,0.020905,0.061035
0.010223,0.021057,0.061035
0.014191,0.019531,0.064697
0.015717,0.017853,0.061035
0.024872,0.014038,0.063477
0.029755,0.0094604,0.062256
0.032806,0.0057983,0.068359
0.032196,0.0027466,0.064697
0.028687,0.0050354,0.064697
0.022736,0.005188,0.057373
0.012207,0.0073242,0.064697
0.0065613,0.010223,0.056152
0.0010681,0.010834,0.059814
-0.00076294,0.0091553,0.05249
-0.00015259,0.0067139,0.66528
0.0016785,0.0068665,4.6741
0.0059509,0.002594,4.9011
0.0080872,0.0015259,4.9316
0.0086975,0.0039673,4.9158
0.0088501,0.0064087,4.9207
0.0071716,0.0082397,4.9182
0.004425,0.0088501,4.9023
0.0016785,0.0090027,4.9194
-0.00091553,0.0094604,4.9146
-0.0039673,0.0094604,4.9121
-0.0082397,0.0090027,4.9072
-0.0039673,0.0079346,4.9036
-0.00045776,0.0059509,4.906
0.0042725,0.0033569,4.9109
0.010681,0.00030518,4.9084
0.013428,-0.00091553,4.906
0.016327,0.0015259,4.9121
0.019226,0.0059509,4.9084
0.016937,0.010986,4.9133
0.0177,0.016327,4.9133
0.016937,0.019379,4.9133
0.018768,0.019836,4.9121
0.02121,0.018616,4.9182
0.023346,0.016479,4.9207
0.026093,0.014038,4.9121
0.027313,0.010529,4.9158
0.029449,0.0082397,4.9231
0.030365,0.0056458,4.9255
0.029755,0.002594,4.9255
0.029755,0.00015259,4.9292
0.02655,-0.0013733,4.9316
0.024872,-0.0027466,4.9414
0.022278,-0.0022888,4.9304
0.018463,-0.0024414,4.9329
0.016327,-0.0019836,4.9304
0.012512,-0.00061035,4.9316
0.01297,-0.00091553,4.9365
0.015869,0,4.939
0.013123,-0.00045776,4.9365
0.013733,-0.0030518,4.9365
0.01236,0.0015259,4.939
0.013123,0.0032043,4.9353
0.014801,0.0027466,4.9243
0.017242,0.0018311,4.9329
0.021057,0.00030518,4.9255
0.023193,0.00076294,4.9243
0.026245,0.002594,4.9255
0.027771,0.005188,4.9231
0.030518,0.0073242,4.9207
0.033264,0.0082397,4.9207
0.033875,0.0062561,4.9194
0.03479,0.0039673,4.9182
0.035706,0.002594,4.906
0.033112,0.0024414,4.9194
0.032806,0.004425,4.9182
0.031433,0.0054932,4.9109
0.029602,0.004425,4.9146
0.029297,0.00076294,4.9158
0.028534,-0.0033569,4.9109
0.028229,-0.0076294,4.9133
0.027924,-0.0067139,4.9109
0.028381,-0.0056458,4.9072
0.027771,-0.0038147,4.8987
0.027924,-0.0036621,4.9158
0.027618,-0.0021362,4.9084
0.027161,-0.0018311,4.9084
0.028534,-0.0027466,4.9036
0.029602,-0.0032043,4.9133
0.031586,-0.0016785,4.9109
0.030212,0,4.9182
0.029144,0.00061035,4.917
0.028076,-0.0015259,4.9219
0.027008,-0.0042725,4.9207
0.026093,-0.0074768,0.063477
0.024567,-0.0088501,0.070801
0.023956,-0.009613,0.058594
0.022278,-0.0082397,0.064697
0.018768,-0.0061035,0.061035
0.018158,-0.0032043,0.05127
0.018463,0,0.059814
0.021362,0.0038147,0.061035
0.024109,0.007782,0.062256
0.028076,0.0097656,0.061035
0.029907,0.010071,0.059814
0.030212,0.0080872,0.058594
0.030212,0.004425,0.061035
0.031281,0.002594,0.068359
0.032501,0.0022888,0.062256
0.033722,0.0036621,0.068359
0.034485,0.0045776,0.062256
0.033875,0.0033569,0.065918
0.030823,0.0015259,0.067139
0.028229,-0.0012207,0.059814
0.025177,-0.0018311,0.061035
0.025482,-0.0022888,0.056152
0.026245,-0.0027466,0.062256
0.026093,-0.0045776,0.050049
0.025635,-0.0083923,0.062256
0.023041,-0.012817,0.048828
0.018311,-0.014954,0.047607
0.018463,-0.014496,0.042725
0.016174,-0.012054,0.047607
0.014343,-0.0082397,0.040283
0.013275,-0.0067139,0.042725
0.013123,-0.0064087,0.040283
0.013123,-0.007019,0.041504
0.013428,-0.0059509,0.036621
0.014801,-0.0035095,0.041504
0.016937,0.00061035,0.043945
0.019531,0.004425,0.039063
0.021515,0.0076294,0.047607
0.023651,0.0085449,0.039063
0.025482,0.0068665,0.046387
0.026398,0.0033569,0.037842
0.025787,0.00061035,0.031738
0.023956,-0.00061035,0.043945
0.022736,-0.0028992,0.042725
0.02182,-0.004425,0.041504
0.02182,-0.0071716,0.045166
0.023346,-0.011139,0.047607
0.025787,-0.014038,0.053711
0.027161,-0.014191,0.053711
0.025482,-0.014496,0.059814
0.024261,-0.012207,0.054932
0.023651,-0.010529,0.062256
0.023956,-0.0097656,0.064697
0.02594,-0.01358,0.063477
0.026703,-0.009613,0.061035
0.026245,-0.0090027,0.058594
0.026703,-0.0093079,0.062256
0.027466,-0.0097656,0.061035
0.028534,-0.010529,0.072021
0.028229,-0.0093079,0.062256
0.028992,-0.0068665,0.050049
0.027771,-0.0013733,0.063477
0.027771,0.0045776,0.067139
0.02594,0.0032043,0.067139
0.025482,0.0056458,0.063477
0.024872,0.0038147,0.061035
0.025787,0.0015259,0.063477
0.027466,0.00045776,0.058594
0.030212,0.00030518,0.056152
0.033417,-0.00015259,0.054932
0.036316,-0.0022888,0.056152
0.037384,-0.005188,0.050049
0.037537,-0.0080872,0.05249
0.036163,-0.0086975,0.057373
0.033417,-0.0074768,0.048828
0.028992,-0.0030518,0.042725
0.025024,0.0024414,0.57495
0.020294,0.0061035,4.646
0.016632,0.0059509,4.8901
0.014343,0.010376,4.9097
0.01358,0.010071,4.9109
0.013885,0.0094604,4.9133
0.015411,0.0086975,4.9084
0.015869,0.0090027,4.9097
0.018158,0.0079346,4.9084
0.018158,0.0071716,4.9097
0.016327,0.0065613,4.9011
0.014038,0.0057983,4.9146
0.010529,0.0042725,4.9097
0.0074768,0.00030518,4.9133
0.0054932,-0.0033569,4.9084
0.004425,-0.0062561,4.9158
0.0036621,-0.0068665,4.9194
0.0059509,-0.0080872,4.9194
0.007782,-0.0039673,4.9292
0.009613,-0.0030518,4.9219
0.011902,-0.0036621,4.9109
0.013123,-0.0047302,4.9243
0.015869,-0.0061035,4.9255
0.016022,-0.0064087,4.928
0.015717,-0.0036621,4.9268
0.016632,-0.0019836,4.9316
0.016785,0.0021362,4.9353
0.014038,0.0068665,4.9316
0.019073,0.009613,4.9341
0.020905,0.012665,4.928
0.025177,0.015564,4.9329
0.027313,0.018005,4.9316
0.028381,0.018921,4.9353
0.032196,0.019989,4.9414
0.029755,0.020447,4.939
0.030365,0.018921,4.9353
0.030518,0.016174,4.9365
0.029144,0.014343,4.9402
0.026703,0.0086975,4.9329
0.023499,0.0039673,4.928
0.019684,-0.0016785,4.9255
0.015259,-0.0064087,4.9219
0.010834,-0.011749,4.9255
0.0080872,-0.013733,4.9243
0.0045776,-0.012665,4.9158
0.0033569,-0.011902,4.9194
0.0021362,-0.010529,4.9146
0.0027466,-0.0091553,4.9194
0.005188,-0.0085449,4.9158
0.0067139,-0.0068665,4.9207
0.010223,-0.0057983,4.9133
0.011902,-0.0030518,4.9146
0.013885,0.0012207,4.9329
0.014343,0.0045776,4.9121
0.01297,0.0079346,4.9194
0.013275,0.0085449,4.9109
0.013428,0.0080872,4.8999
0.015259,0.0082397,4.9097
0.015411,0.0085449,4.9121
0.018921,0.010834,4.9109
0.021667,0.012817,4.9097
0.025482,0.014038,4.9072
0.03006,0.013428,4.9109
0.034485,0.010223,4.9133
0.039215,0.0073242,4.9158
0.042114,0.0010681,4.9146
0.043793,-0.0018311,4.9207
0.044556,-0.0042725,4.9207
0.044556,-0.0065613,4.9255
0.044708,-0.009613,4.9353
0.039215,-0.01297,4.928
0.040436,-0.017242,4.928
0.03891,-0.019531,4.9292
0.037384,-0.021057,4.9316
0.036163,-0.019684,0.061035
0.036011,-0.0177,0.056152
0.035553,-0.015106,0.062256
0.033417,-0.011139,0.058594
0.032501,-0.0097656,0.058594
0.029297,-0.0074768,0.062256
0.028076,-0.0065613,0.061035
0.025177,-0.0039673,0.067139
0.025177,-0.0016785,0.063477
0.024567,0.00030518,0.070801
0.022125,0.0018311,0.062256
0.022583,0.0033569,0.067139
0.022888,0.0027466,0.065918
0.022125,0.0041199,0.062256
0.024109,0.0019836,0.068359
0.027161,0,0.058594
0.030365,-0.0022888,0.065918
0.034637,-0.0028992,0.05249
0.038757,-0.0065613,0.040283
0.04303,-0.0067139,0.05127
0.045929,-0.007782,0.045166
0.048676,-0.0091553,0.046387
0.050812,-0.009613,0.045166
0.051117,-0.011139,0.041504
0.051117,-0.011292,0.043945
0.050812,-0.011292,0.040283
0.046387,-0.011902,0.040283
0.042267,-0.011749,0.036621
0.03891,-0.01358,0.042725
0.036469,-0.013885,0.040283
0.03479,-0.013275,0.041504
0.033875,-0.011292,0.036621
0.031738,-0.0090027,0.039063
0.030975,-0.005188,0.039063
0.027313,-0.0028992,0.037842
0.024872,-0.0038147,0.037842
0.022583,-0.0019836,0.037842
0.021515,0.00015259,0.031738
0.02121,0.0027466,0.042725
0.020599,0.0061035,0.047607
0.021362,0.0065613,0.046387
0.021667,0.0050354,0.05249
0.020447,0.0022888,0.056152
0.020294,-0.00061035,0.056152
0.020905,-0.0019836,0.056152
0.023193,0.00030518,0.059814
0.025177,0.0035095,0.059814
0.026245,0.0053406,0.063477
0.026703,0.0065613,0.058594
0.025024,0.0056458,0.059814
0.022278,0.0038147,0.073242
0.021057,0.0032043,0.061035
0.019836,0.0047302,0.063477
0.018921,0.0057983,0.059814
0.017548,0.0054932,0.043945
0.016479,0.0028992,0.063477
0.013275,-0.0024414,0.067139
0.0090027,-0.0068665,0.064697
0.0079346,-0.0083923,0.063477
0.0062561,-0.0079346,0.059814
0.0057983,-0.0056458,0.064697
0.0042725,-0.002594,0.058594
0.0035095,-0.0015259,0.061035
0.0030518,-0.0018311,0.047607
0.0027466,-0.0036621,0.056152
0.0047302,-0.0050354,0.050049
0.0059509,-0.0045776,0.05127
0.0090027,-0.0039673,0.05249
0.012207,-0.0038147,0.048828
0.01297,-0.0041199,0.042725
0.014496,-0.0062561,0.046387
0.014038,-0.0085449,0.046387
0.014191,-0.010834,0.043945
0.012054,-0.011292,0.046387
0.011444,-0.010681,0.036621
0.010834,-0.010529,0.040283
0.011292,-0.010071,0.037842
0.011597,-0.0099182,4.4128
0.011444,-0.010681,4.8718
0.011292,-0.011292,4.8999
0.010223,-0.010376,4.9048
0.0088501,-0.0086975,4.9109
0.0097656,-0.0073242,4.9084
0.010223,-0.0050354,4.9133
0.010986,-0.0030518,4.9084
0.011139,-0.00076294,4.9036
0.010529,-0.00030518,4.9207
0.011597,0.00030518,4.9158
0.013275,-0.00030518,4.9243
0.015564,-0.00045776,4.9194
0.018616,-0.00030518,4.9146
0.02182,0.00061035,4.9231
0.024567,0.0013733,4.9219
0.025177,0.0021362,4.928
0.025024,0.0010681,4.9292
0.023041,-0.0024414,4.9268
0.022278,-0.0068665,4.928
0.021515,-0.0097656,4.9304
0.021362,-0.012054,4.9316
0.020599,-0.012512,4.9292
0.018158,-0.011444,4.9304
0.015259,-0.0091553,4.9329
0.012207,-0.0074768,4.9329
0.011902,-0.0062561,4.9329
0.013275,-0.005188,4.9377
0.014954,-0.0033569,4.9414
0.016327,-0.0010681,4.9207
0.015869,-0.00030518,4.9438
0.015564,0.0035095,4.9341
0.013275,0.0050354,4.9292
0.014038,0.0042725,4.9268
0.013733,0.0039673,4.928
0.014801,0.0027466,4.9292
0.014496,0.0018311,4.9243
0.01297,0.00015259,4.917
0.010223,-0.0032043,4.9194
0.0080872,-0.0036621,4.9146
0.0088501,-0.0018311,4.9231
0.011139,0.0015259,4.9182
0.013428,0.0059509,4.9158
0.015106,0.010681,4.9146
0.016174,0.010681,4.9146
0.016785,0.011292,4.9243
0.016785,0.0090027,4.9133
0.018921,0.0059509,4.9109
0.020752,0.0042725,4.9121
0.023499,0.0036621,4.8938
0.024109,0.0035095,4.906
0.023956,0.0028992,4.9097
0.022583,0.0015259,4.9109
0.019684,-0.0013733,4.9084
0.018463,-0.0036621,4.9023
0.015259,-0.0039673,4.9133
0.01358,-0.00015259,4.9109
0.01297,0.0028992,4.9133
0.012207,0.007019,4.9133
0.011444,0.0076294,4.9207
0.010834,0.0071716,4.9194
0.011597,0.0039673,4.9292
0.013123,0.0074768,4.9243
0.016327,0.012512,4.928
0.019073,0.018158,4.928
0.02121,0.023041,4.9292
0.022125,0.024109,4.9402
0.02243,0.023193,4.9341
0.022278,0.022278,4.9194
0.023041,0.021057,4.9316
0.023346,0.02243,4.9316
0.024261,0.024872,4.9304
0.025482,0.024872,4.9329
0.025177,0.022736,0.063477
0.025787,0.020752,0.063477
0.026245,0.017853,0.064697
0.026398,0.015869,0.068359
0.028992,0.014343,0.062256
0.028534,0.01358,0.068359
0.029755,0.012512,0.062256
0.029297,0.012817,0.063477
0.027008,0.01236,0.06958
0.027313,0.012512,0.057373
0.025787,0.01297,0.05127
0.024719,0.011902,0.054932
0.024261,0.010529,0.042725
0.022888,0.0080872,0.05127
0.022125,0.007019,0.048828
0.020294,0.0097656,0.046387
0.018768,0.010223,0.046387
0.016327,0.014191,0.043945
0.013275,0.015717,0.043945
0.0091553,0.013733,0.039063
0.0099182,0.010376,0.043945
0.009613,0.0085449,0.036621
0.010223,0.0080872,0.039063
0.009613,0.0091553,0.042725
0.011292,0.010834,0.042725
0.012054,0.010834,0.037842
0.015869,0.0099182,0.042725
0.020142,0.0065613,0.043945
0.023956,0.0036621,0.041504
0.025635,0.0041199,0.048828
0.02655,0.0041199,0.039063
0.023041,0.0035095,0.03418
0.021973,0.0036621,0.041504
0.022736,-0.00030518,0.043945
0.023193,-0.0045776,0.047607
0.026398,-0.0088501,0.047607
0.028381,-0.011597,0.048828
0.028534,-0.010986,0.056152
0.028687,-0.010529,0.05249
0.027924,-0.010071,0.059814
0.028992,-0.010986,0.057373
0.031128,-0.013275,0.061035
0.032349,-0.014343,0.053711
0.032654,-0.015106,0.063477
0.031891,-0.014191,0.075684
0.03006,-0.01236,0.062256
0.024261,-0.009613,0.059814
0.02655,-0.0073242,0.062256
0.027924,-0.0045776,0.061035
0.028992,-0.0032043,0.061035
0.033569,-0.0028992,0.065918
0.034943,-0.00045776,0.065918
0.034943,-0.00045776,0.067139
0.034027,-0.0019836,0.062256
0.035706,-0.0059509,0.067139
0.036011,-0.0062561,0.061035
0.037231,-0.0082397,0.059814
0.0383,-0.010376,0.045166
0.037537,-0.011749,0.058594
0.035553,-0.01236,0.05249
0.034027,-0.013733,0.05249
0.031891,-0.015259,0.05127
0.031586,-0.01709,0.048828
0.032654,-0.017395,0.056152
0.033722,-0.018005,0.045166
0.033722,-0.017395,0.059814
0.031586,-0.01709,0.043945
0.031586,-0.015411,0.0354
0.029755,-0.015411,0.042725
0.027924,-0.015106,0.039063
0.026703,-0.014648,0.040283
0.024567,-0.014801,0.042725
0.021667,-0.015106,0.03418
0.022736,-0.014954,0.040283
0.022736,-0.012512,0.039063
0.02121,-0.010529,0.040283
0.021973,-0.0090027,0.036621
0.023804,-0.0083923,2.4133
0.027161,-0.0079346,4.7607
0.031433,-0.010681,4.9011
0.034943,-0.0062561,4.9146
0.037079,-0.0045776,4.9133
0.03891,-0.0027466,4.9158
0.037994,-0.00015259,4.917
0.038147,0.00015259,4.9146
0.036926,-0.0018311,4.9243
0.038147,-0.0032043,4.9097
0.037079,-0.0068665,4.9231
0.035095,-0.0094604,4.928
0.031738,-0.0074768,4.928
0.03006,-0.0050354,4.928
0.029144,-0.0028992,4.9304
0.029602,-0.0010681,4.9353
0.03006,-0.0024414,4.9304
0.030975,-0.004425,4.9341
0.03067,-0.0062561,4.9365
0.03006,-0.0067139,4.9365
0.027008,-0.0039673,4.9292
0.024567,-0.0010681,4.9353
0.024414,0.0027466,4.9463
0.02594,0.0056458,4.9377
0.028381,0.007019,4.9377
0.030823,0.0065613,4.9353
0.033264,0.0065613,4.9146
0.032959,0.0074768,4.9316
0.031891,0.0083923,4.928
0.031586,0.0099182,4.9255
0.032806,0.011444,4.9243
0.036774,0.011444,4.9207
0.039978,0.0094604,4.9219
0.03952,0.0064087,4.9231
0.037384,0.0032043,4.9194
0.032959,0.0016785,4.9133
0.028992,0,4.9182
0.02594,-0.0015259,4.917
0.023956,-0.002594,4.9158
0.023041,-0.0053406,4.9182
0.018768,-0.0073242,4.9097
0.019226,-0.0076294,4.9109
0.01709,-0.0062561,4.9109
0.014343,-0.002594,4.906
0.014038,0.0016785,4.8914
0.014496,0.0059509,4.9207
0.015106,0.0099182,4.9158
0.019379,0.014191,4.9097
0.021667,0.016937,4.9072
0.024109,0.020447,4.9109
0.023041,0.022278,4.9109
0.022736,0.02182,4.9109
0.023651,0.021057,4.9133
0.026093,0.019684,4.9182
0.024414,0.017395,4.917
0.028534,0.01297,4.9182
0.027618,0.011292,4.9231
0.024872,0.0079346,4.9255
0.021973,0.0054932,4.9353
0.019836,0.0047302,4.9304
0.019379,0.0048828,4.9426
0.020752,0.0061035,4.9353
0.020599,0.0068665,4.9255
0.020599,0.0062561,4.9316
0.019836,0.010986,4.9292
0.019073,0.013733,4.928
0.018005,0.016174,4.9329
0.0177,0.017395,4.9304
0.018158,0.016174,4.9353
0.017242,0.014954,4.9341
0.016937,0.01297,4.9377
0.014343,0.011292,4.9231
0.0090027,0.0093079,4.9377
0.0053406,0.0082397,0.065918
0.0030518,0.0076294,0.065918
0.0030518,0.0074768,0.062256
0.0036621,0.0074768,0.061035
0.007019,0.007782,0.061035
0.0082397,0.0061035,0.054932
0.0076294,0.0071716,0.063477
0.0074768,0.0062561,0.050049
0.0079346,0.0041199,0.046387
0.0080872,0.0015259,0.047607
0.010223,-0.0035095,0.046387
0.012207,-0.0062561,0.048828
0.012512,-0.0082397,0.046387
0.011139,-0.009613,0.039063
0.010223,-0.0080872,0.042725
0.010223,-0.004425,0.040283
0.012665,-0.0024414,0.041504
0.018158,-0.0013733,0.042725
0.024872,-0.00061035,0.042725
0.026703,-0.00091553,0.0354
0.028687,-0.0015259,0.039063
0.027313,-0.00015259,0.054932
0.025177,-0.00030518,0.040283
0.022888,-0.00091553,0.047607
0.02182,-0.0016785,0.040283
0.021515,-0.007782,0.021973
0.020447,-0.0057983,0.039063
0.017853,-0.0074768,0.045166
0.013885,-0.0071716,0.045166
0.0093079,-0.0054932,0.048828
0.0064087,-0.0036621,0.048828
0.0047302,-0.0030518,0.054932
0.0059509,-0.0032043,0.059814
0.0076294,-0.0047302,0.057373
0.010223,-0.0065613,0.053711
0.009613,-0.0074768,0.063477
0.012512,-0.0071716,0.062256
0.013275,-0.0064087,0.064697
0.014496,-0.0041199,0.068359
0.01709,-0.00091553,0.061035
0.020599,0.00091553,0.063477
0.021362,0.0019836,0.061035
0.02121,0.0022888,0.073242
0.019989,0.0013733,0.063477
0.016632,-0.0013733,0.056152
0.016785,-0.0035095,0.064697
0.017548,-0.0048828,0.065918
0.020905,0.00015259,0.062256
0.023193,-0.0032043,0.065918
0.025787,-0.0036621,0.062256
0.028229,-0.004425,0.062256
0.024719,-0.0036621,0.05249
0.023651,-0.0045776,0.057373
0.023651,-0.0036621,0.05249
0.024261,-0.0024414,0.05249
0.025787,-0.0016785,0.05127
0.026398,-0.0018311,0.05127
0.024261,-0.0018311,0.05249
0.025635,-0.0022888,0.050049
0.023651,-0.0033569,0.048828
0.023499,-0.0038147,0.045166
0.023956,-0.0045776,0.031738
0.026703,-0.0061035,0.042725
0.028687,-0.0083923,0.039063
0.029755,-0.0083923,0.037842
0.030365,-0.0093079,0.041504
0.025482,-0.0062561,0.036621
0.024109,-0.0021362,0.039063
0.024414,0.0012207,0.037842
0.026855,0.0056458,0.042725
0.03067,0.0039673,0.036621
0.031433,0.0036621,0.040283
0.03067,0.0028992,0.039063
0.028839,0.0016785,0.040283
0.026398,0.0010681,0.039063
0.025787,-0.0013733,0.045166
0.028992,-0.0047302,0.046387
0.032196,-0.0079346,0.05127
0.031128,-0.014343,4.4751
0.028839,-0.017242,4.8962
0.023956,-0.016785,4.906
0.020905,-0.014648,4.9243
0.020447,-0.010681,4.9231
0.023346,-0.007019,4.9219
0.024261,-0.0041199,4.9304
0.03067,-0.0021362,4.928
0.032349,-0.0010681,4.9329
0.033722,0.00076294,4.9304
0.034332,0.0024414,4.9329
0.035858,0.0030518,4.9304
0.0383,0.0016785,4.9341
0.039215,-0.00076294,4.9316
0.039673,-0.0061035,4.9365
0.037231,-0.0088501,4.9451
0.033722,-0.011597,4.9292
0.031433,-0.011139,4.9341
0.028687,-0.0082397,4.9377
0.028534,-0.0047302,4.9255
0.029602,-0.0016785,4.9292
0.030365,-0.00015259,4.9097
0.03067,-0.0016785,4.9255
0.03067,-0.0021362,4.9243
0.029755,-0.0018311,4.9231
0.028229,-0.00045776,4.9231
0.026703,0.0015259,4.9207
0.025787,0.0016785,4.906
0.023804,0.0010681,4.9146
0.024414,-0.00045776,4.9158
0.023804,-0.0016785,4.9133
0.023651,-0.0013733,4.917
0.023804,0.0015259,4.9121
0.024109,0.0056458,4.9146
0.025024,0.0083923,4.9194
0.027466,0.007782,4.9121
0.028229,0.0054932,4.9207
0.029297,0.0018311,4.9121
0.028992,0.00030518,4.9036
0.027161,0.00015259,4.9121
0.024414,0.0018311,4.9097
0.021515,0.0041199,4.9084
0.020142,0.0056458,4.9011
0.019531,0.0038147,4.9097
0.019379,0,4.9109
0.019379,-0.0041199,4.9084
0.019379,-0.0082397,4.9133
0.019989,-0.0090027,4.9158
0.02121,-0.0068665,4.917
0.02243,-0.005188,4.9243
0.023346,-0.0018311,4.9255
0.023804,0.0018311,4.9329
0.023193,-0.00045776,4.9255
0.023499,-0.0013733,4.9329
0.023346,-0.00045776,4.9329
0.023346,0.0015259,4.9329
0.023346,0.0048828,4.9341
0.023651,0.0076294,4.9231
0.024414,0.0085449,4.928
0.026398,0.0064087,4.9353
0.027618,0.0030518,4.9304
0.027618,-0.00015259,4.9329
0.028076,-0.00045776,4.9304
0.028381,0.0012207,4.9377
0.027466,0.004425,4.9341
0.026855,0.0057983,4.9377
0.02655,0.0057983,4.9365
0.02533,0.002594,4.9353
0.024109,-0.00045776,4.9304
0.02243,-0.0016785,4.9329
0.020905,-0.0010681,4.9353
0.018921,0.00015259,4.928
0.017395,0.00091553,0.059814
0.018158,-0.00061035,0.050049
0.019073,-0.0033569,0.040283
0.019684,-0.0057983,0.043945
0.018768,-0.0068665,0.050049
0.019531,-0.0035095,0.046387
0.019531,-0.0019836,0.046387
0.019989,0.00061035,0.039063
0.020294,0.002594,0.046387
0.021057,0.0024414,0.037842
0.021973,0.002594,0.042725
0.022888,0.0086975,0.039063
0.026398,0.0059509,0.046387
0.029144,0.0067139,0.040283
0.032043,0.0073242,0.040283
0.033264,0.0054932,0.048828
0.033722,0.0041199,0.039063
0.03479,0.0022888,0.040283
0.0354,-0.00045776,0.039063
0.036469,-0.0022888,0.028076
0.036926,-0.0032043,0.036621
0.034943,-0.0018311,0.048828
0.031891,0.00061035,0.046387
0.028839,0.0042725,0.047607
0.026398,0.0061035,0.047607
0.026093,0.0068665,0.054932
0.02594,0.0093079,0.054932
0.026703,0.0047302,0.056152
0.025787,0.0022888,0.054932
0.024872,0.0016785,0.056152
0.022888,0.0016785,0.061035
0.02243,0.0021362,0.063477
0.021667,0.00030518,0.064697
0.019531,-0.0019836,0.063477
0.018158,-0.0024414,0.068359
0.017242,0.00015259,0.062256
0.014801,0.0033569,0.073242
0.014191,0.0073242,0.059814
0.012817,0.0099182,0.05249
0.014038,0.010529,0.064697
0.015717,0.0099182,0.067139
0.018463,0.0082397,0.064697
0.020142,0.0073242,0.067139
0.020752,0.0024414,0.063477
0.021057,0.00076294,0.064697
0.019836,-0.00015259,0.058594
0.020752,-0.0019836,0.058594
0.020294,-0.0028992,0.05127
0.020905,-0.004425,0.057373
0.020905,-0.0039673,0.05127
0.019226,-0.0039673,0.05249
0.018768,-0.0021362,0.050049
0.0177,-0.0018311,0.050049
0.017853,0.00061035,0.048828
0.018005,0.0028992,0.043945
0.018158,0.0038147,0.041504
0.018463,0.0028992,0.042725
0.018616,0.0041199,0.039063
0.017548,0.005188,0.039063
0.016479,0.0053406,0.037842
0.015411,0.0050354,0.039063
0.013733,0.0061035,0.041504
0.012665,0.0062561,0.036621
0.011749,0.0047302,0.042725
0.010376,0.007019,0.036621
0.009613,0.0067139,0.042725
0.0090027,0.0067139,0.037842
0.0093079,0.0076294,0.042725
0.0093079,0.007782,0.041504
0.010223,0.0067139,0.045166
0.010529,0.004425,0.056152
0.010986,0.0015259,0.048828
0.011292,0.0012207,0.053711
0.010529,0.00091553,0.053711
0.011444,0.0024414,0.036621
0.011902,0.0032043,0.053711
0.011139,0.0032043,0.057373
0.0091553,0.0012207,0.058594
0.007782,-0.00045776,4.2126
0.0056458,-0.0010681,4.8792
0.0053406,0,4.9292
0.0041199,0.00091553,4.9304
0.0033569,0.002594,4.9329
0.0016785,0.0027466,4.9231
0.00091553,0.0050354,4.9329
0.00045776,0.0041199,4.9316
0.0022888,0.0028992,4.9353
0.0035095,0.0019836,4.939
0.005188,0.0024414,4.9402
0.0076294,0.005188,4.939
0.0071716,0.0099182,4.9377
0.0079346,0.014038,4.9451
0.0086975,0.015259,4.9329
0.011444,0.013123,4.9353
0.014954,0.0099182,4.9292
0.016327,0.0045776,4.9268
0.018158,0.0013733,4.9207
0.017548,-0.00045776,4.9243
0.0177,0,4.9182
0.017395,0.00015259,4.9194
0.018463,-0.0015259,4.9133
0.020599,-0.0010681,4.9182
0.021057,-0.005188,4.9146
0.021515,-0.0030518,4.917
0.021515,-0.0036621,4.9158
0.020447,0.00061035,4.9121
0.020447,0.0030518,4.9194
0.020447,0.0045776,4.9133
0.020905,0.0045776,4.9146
0.020752,0.0038147,4.9084
0.020599,0.0028992,4.8999
0.01709,0.0022888,4.9121
0.016174,0,4.9072
0.013428,-0.0016785,4.9084
0.012512,-0.0032043,4.9109
0.012665,-0.0021362,4.9097
0.010681,-0.00076294,4.9109
0.014191,0.0021362,4.9121
0.015869,0.0047302,4.9182
0.016632,0.0035095,4.9158
0.018921,0.0013733,4.9207
0.02182,0.0013733,4.9243
0.026093,0.0019836,4.928
0.028687,-0.00061035,4.9207
0.029449,0.0027466,4.9316
0.030975,0.0015259,4.9231
0.031891,-0.00061035,4.9292
0.032043,-0.0027466,4.9402
0.031281,-0.002594,4.9329
0.032349,-0.00045776,4.9146
0.03418,0.0033569,4.9292
0.034637,0.0059509,4.9316
0.034943,0.0054932,4.9316
0.034637,0.0065613,4.9316
0.034943,0.0047302,4.9304
0.035553,0.0015259,4.9377
0.035248,0.0018311,4.9365
0.035858,0.0013733,4.9365
0.03479,0.002594,4.9329
0.034485,0.0067139,4.9329
0.033264,0.007782,4.9304
0.031433,0.0079346,4.9329
0.030823,0.0093079,4.9402
0.029297,0.007019,4.9255
0.028381,0.007782,4.9231
0.027313,0.010071,4.9231
0.028076,0.010681,4.9011
0.029297,0.011902,4.917
0.032501,0.013885,4.9194
0.031433,0.013275,4.9146
0.032349,0.014496,0.046387
0.033722,0.016022,0.041504
0.034637,0.015564,0.042725
0.035248,0.016174,0.041504
0.036774,0.015411,0.041504
0.036774,0.014038,0.037842
0.035248,0.014038,0.043945
0.033264,0.013275,0.040283
0.031738,0.011444,0.041504
0.031586,0.010223,0.037842
0.031433,0.010071,0.042725
0.031738,0.0090027,0.039063
0.03067,0.0073242,0.042725
0.029602,0.0054932,0.045166
0.027161,0.0018311,0.040283
0.027161,-0.0013733,0.042725
0.027313,-0.002594,0.045166
0.028229,-0.0038147,0.047607
0.027313,-0.0033569,0.050049
0.026855,-0.0032043,0.053711
0.025787,-0.0035095,0.053711
0.024414,-0.0016785,0.054932
0.024719,0.00091553,0.056152
0.027008,0.0054932,0.063477
0.030212,0.009613,0.058594
0.034027,0.012817,0.064697
0.036621,0.013275,0.059814
0.035858,0.011749,0.059814
0.03479,0.0094604,0.073242
0.033722,0.0071716,0.063477
0.033417,0.0047302,0.064697
0.03418,0.0019836,0.063477
0.034485,-0.0021362,0.054932
0.033875,-0.0047302,0.064697
0.032806,-0.0047302,0.065918
0.029907,-0.0035095,0.064697
0.027618,-0.00091553,0.065918
0.02594,0.0027466,0.061035
0.02533,0.0036621,0.061035
0.023499,0.0028992,0.054932
0.021667,0.0015259,0.062256
0.018768,-0.0012207,0.05127
0.017242,-0.0038147,0.053711
0.011749,-0.0065613,0.058594
0.010834,-0.0099182,0.05127
0.011292,-0.011444,0.042725
0.010681,-0.010834,0.047607
0.013885,-0.0080872,0.054932
0.016327,-0.0021362,0.046387
0.018921,0.0010681,0.056152
0.021667,0.0042725,0.048828
0.025482,0.0057983,0.032959
0.027771,0.0057983,0.036621
0.030212,0.0059509,0.042725
0.031128,0.0041199,0.039063
0.032349,0.0056458,0.037842
0.033722,0.0013733,0.039063
0.036011,0.00015259,0.041504
0.03479,-0.0010681,0.03418
0.033569,-0.0013733,0.041504
0.031281,0.00045776,0.039063
0.028687,0,0.040283
0.025482,0.0012207,0.043945
0.023651,-0.00061035,0.042725
0.024261,-0.0042725,0.057373
0.024261,-0.0076294,0.047607
0.023804,-0.0064087,0.05127
0.022125,-0.0074768,0.050049
0.018768,-0.007019,0.042725
0.014648,-0.0073242,0.043945
0.014801,-0.0064087,0.05127
0.016174,-0.0047302,0.058594
0.016937,-0.0035095,0.059814
0.016327,-0.0022888,0.059814
0.015869,-0.002594,0.061035
0.013275,-0.0024414,0.054932
0.010986,-0.002594,0.061035
0.010071,-0.004425,0.058594
0.010223,-0.0041199,4.3457
0.012207,-0.0036621,4.8901
0.012817,-0.0048828,4.9304
0.013275,-0.0041199,4.9353
0.01297,-0.004425,4.9365
0.013275,-0.004425,4.939
0.014038,-0.0036621,4.9377
0.017242,-0.0032043,4.9451
0.019989,0.00015259,4.9341
0.021667,0,4.9207
0.021667,-0.0012207,4.9316
0.022125,-0.0047302,4.9243
0.021515,-0.0059509,4.9194
0.020905,-0.0090027,4.9231
0.020905,-0.009613,4.917
0.022125,-0.011139,4.9207
0.019684,-0.0083923,4.917
0.019073,-0.0062561,4.9194
0.015106,-0.0073242,4.9121
0.016479,-0.0064087,4.9146
0.014496,-0.0054932,4.9158
0.010529,-0.0038147,4.9146
0.011597,-0.0019836,4.9133
0.011902,0.0018311,4.9109
0.011597,0.0028992,4.9109
0.011292,0.0021362,4.9097
0.010986,0.00061035,4.9036
0.012817,-0.00061035,4.9133
0.01236,-0.00061035,4.9097
0.012512,-0.00015259,4.906
0.013275,0.0015259,4.9109
0.012054,0.0036621,4.9097
0.012207,0.0047302,4.906
0.012054,0.0042725,4.9048
0.012054,0.0010681,4.917
0.016632,0.004425,4.9146
0.017853,0.0041199,4.9194
0.019836,0.004425,4.9219
0.021973,0.0050354,4.9231
0.025482,0.0053406,4.9219
0.026093,0.0018311,4.9292
0.027161,0.0036621,4.9353
0.027008,0.0035095,4.9292
0.02594,0.0021362,4.939
0.023651,0.0019836,4.9329
0.020905,0.0016785,4.9133
0.018463,0.0024414,4.9353
0.015717,0.0019836,4.9329
0.014648,0.0016785,4.9316
0.013428,0.0016785,4.928
0.013275,0.0027466,4.9304
0.014191,0.0010681,4.9365
0.014496,0.0019836,4.9414
0.015717,0.0024414,4.9353
0.015717,0.0021362,4.9316
0.014648,0.00076294,4.9341
0.013428,-0.0012207,4.928
0.012817,-0.002594,4.9304
0.01297,-0.0024414,4.9426
0.014038,-0.0027466,4.9316
0.014191,-0.002594,4.9243
0.013885,-0.0010681,4.9231
0.014496,-0.00030518,4.9255
0.014801,0.0013733,4.9133
0.019379,0.0021362,4.9109
0.018921,0.0022888,4.9194
0.021362,0.0021362,4.917
0.023651,0.0010681,4.9146
0.023499,0.0019836,4.9146
0.023193,0.0016785,4.9133
0.024109,0.0018311,4.9146
0.025024,0.00076294,0.046387
0.025177,0.0010681,0.043945
0.025177,-0.0010681,0.036621
0.024567,-0.0019836,0.041504
0.023041,-0.002594,0.042725
0.020752,-0.0022888,0.042725
0.020294,-0.0035095,0.053711
0.019073,-0.0042725,0.041504
0.016479,-0.0045776,0.050049
0.016174,-0.0048828,0.037842
0.018311,-0.0033569,0.032959
0.020752,-0.0021362,0.043945
0.02182,-0.0015259,0.045166
0.023651,-0.0022888,0.046387
0.023193,-0.0059509,0.050049
0.021515,-0.007782,0.050049
0.021362,-0.0097656,0.056152
0.019684,-0.0086975,0.053711
0.02121,-0.0061035,0.061035
0.02243,-0.0032043,0.053711
0.021515,-0.0024414,0.062256
0.023193,-0.0013733,0.067139
0.021057,-0.00076294,0.056152
0.02243,-0.00030518,0.065918
0.023651,0.0012207,0.064697
0.024719,0.0021362,0.062256
0.026703,0.0035095,0.062256
0.027924,0.0042725,0.073242
0.027161,0.0053406,0.065918
0.026245,0.0048828,0.056152
0.025024,0.0021362,0.067139
0.024567,0.00015259,0.067139
0.025024,-0.00076294,0.063477
0.02533,-0.00030518,0.061035
0.024872,0.0022888,0.057373
0.024414,0.0030518,0.063477
0.023041,0.0041199,0.053711
0.021362,0.0028992,0.053711
0.019989,0.0021362,0.054932
0.021515,0.00091553,0.05127
0.021362,0.0012207,0.036621
0.020905,0.0019836,0.05127
0.019989,0.0042725,0.062256
0.018921,0.0054932,0.046387
0.018311,0.0056458,0.048828
0.018158,0.0050354,0.042725
0.021515,0.0054932,0.026855
0.02243,0.0054932,0.039063
0.024414,0.0061035,0.039063
0.024567,0.0071716,0.037842
0.024719,0.0090027,0.0354
0.023041,0.0094604,0.032959
0.023346,0.009613,0.041504
0.023651,0.0073242,0.039063
0.022736,0.0053406,0.040283
0.023346,0.0039673,0.036621
0.023499,0.0033569,0.042725
0.024109,0.0028992,0.041504
0.025482,0.0022888,0.043945
0.027466,0.00045776,0.046387
0.02594,-0.00045776,0.045166
0.02594,-0.0015259,0.047607
0.024261,-0.0022888,0.048828
0.023346,-0.0021362,0.061035
0.02243,-0.0019836,0.05127
0.02243,-0.0027466,0.048828
0.023499,-0.0045776,0.059814
0.024567,-0.0057983,0.062256
0.025787,-0.0047302,0.058594
0.027008,-0.0035095,0.063477
0.028229,0,0.058594
0.029297,0.0036621,0.063477
0.029144,0.0064087,0.05249
0.026703,0.007782,0.061035
0.02655,0.0057983,0.059814
0.024261,0.0030518,0.063477
0.023956,-0.00015259,0.063477
0.022278,-0.0039673,0.065918
0.023193,-0.0064087,2.5769
0.023346,-0.0094604,4.7937
0.023193,-0.011597,4.9231
0.024109,-0.011444,4.9304
0.023804,-0.012817,4.9207
0.024414,-0.0083923,4.9292
0.024109,-0.0045776,4.9231
0.024872,0.0016785,4.9219
0.024872,0.007019,4.9231
0.025635,0.012054,4.9207
0.027466,0.011292,4.9182
0.028839,0.0088501,4.9146
0.030518,0.0048828,4.9207
0.032043,0.0022888,4.9097
0.034485,0.00030518,4.9146
0.036163,0.0041199,4.9097
0.036469,0.0086975,4.9182
0.034485,0.011902,4.9084
0.032043,0.011902,4.9109
0.028992,0.0071716,4.9194
0.026855,0,4.9121
0.024872,-0.0030518,4.9182
0.023804,-0.0021362,4.9097
0.022278,0.0013733,4.9036
0.016937,0.0053406,4.9097
0.018463,0.0062561,4.9084
0.016937,0.004425,4.9109
0.015259,0.0021362,4.9109
0.014954,0.0010681,4.9097
0.014191,0.0039673,4.9146
0.013275,0.0074768,4.9133
0.011902,0.011902,4.9231
0.010223,0.0071716,4.9207
0.009613,0.0039673,4.9255
0.0091553,0.0021362,4.9268
0.010986,0.00030518,4.9292
0.013275,0.0015259,4.939
0.015869,0.0032043,4.928
0.015411,0.0038147,4.9353
0.014496,0.0032043,4.9341
0.011444,0.002594,4.9292
0.0065613,0.00030518,4.9341
0.0080872,-0.00015259,4.9292
0.0079346,0.00076294,4.9316
0.0093079,0.00076294,4.9304
0.0094604,0.002594,4.9304
0.010986,0.0030518,4.9353
0.0088501,0.0030518,4.9353
0.0079346,0.0057983,4.939
0.0085449,0.0047302,4.9316
0.010071,0.005188,4.9353
0.012207,0.0056458,4.9304
0.014343,0.0033569,4.9304
0.014343,0.0035095,4.9292
0.014954,0.00091553,4.9304
0.013123,0.00030518,4.9353
0.012207,0.00015259,4.9255
0.012512,0.0013733,4.9329
0.013123,0.0012207,4.9182
0.013123,0.0018311,4.9084
0.01297,0.0021362,4.9207
0.011444,0.0015259,4.9158
0.010834,0.00091553,4.9133
0.0094604,-0.00015259,4.9158
0.010834,-0.00015259,4.9109
0.0091553,0.00030518,4.9133
0.0085449,0.0016785,4.9084
0.0088501,0.0035095,4.9109
0.0091553,0.0053406,4.9109
0.0064087,0.0073242,4.9121
0.0079346,0.007782,4.9121
0.0090027,0.0076294,4.9146
0.011749,0.0071716,0.045166
0.013275,0.0065613,0.041504
0.014496,0.0064087,0.039063
0.014496,0.0028992,0.041504
0.013275,0.0062561,0.03418
0.011902,0.0056458,0.042725
0.010986,0.0032043,0.047607
0.0068665,0.00061035,0.047607
0.010223,-0.00091553,0.050049
0.0085449,-0.0016785,0.05127
0.007019,-0.0019836,0.056152
0.0048828,-0.00061035,0.056152
0.005188,-0.00091553,0.064697
0.005188,0.0010681,0.059814
0.0065613,0.0039673,0.061035
0.010071,0.0059509,0.062256
0.012207,0.0067139,0.065918
0.013275,0.0071716,0.059814
0.0093079,0.0067139,0.058594
0.013428,0.0068665,0.067139
0.01236,0.0053406,0.067139
0.012665,0.0045776,0.06958
0.011444,0.005188,0.065918
0.014496,0.0050354,0.050049
0.015259,0.0045776,0.063477
0.015106,0.0057983,0.063477
0.014648,0.0068665,0.062256
0.014343,0.0082397,0.063477
0.015564,0.0074768,0.047607
0.018768,0.0053406,0.057373
0.022736,0.0039673,0.056152
0.025635,0.002594,0.054932
0.027466,0.0012207,0.05127
0.026855,0,0.05127
0.023956,-0.0021362,0.048828
0.019684,-0.0042725,0.047607
0.017395,-0.0083923,0.056152
0.014343,-0.010834,0.046387
0.015106,-0.012817,0.041504
0.015106,-0.013885,0.042725
0.013428,-0.010834,0.028076
0.012054,-0.0082397,0.037842
0.010986,-0.0045776,0.039063
0.011292,-0.0041199,0.037842
0.013885,-0.0019836,0.040283
0.016174,-0.00030518,0.036621
0.018158,0.00061035,0.040283
0.019073,0.00091553,0.039063
0.016937,-0.0028992,0.039063
0.018158,-0.0030518,0.037842
0.018768,-0.0053406,0.040283
0.019684,-0.0064087,0.037842
0.022583,-0.0068665,0.043945
0.024719,-0.0067139,0.041504
0.023041,-0.0054932,0.046387
0.025482,-0.0041199,0.058594
0.024414,-0.0032043,0.05127
0.024261,-0.002594,0.067139
0.024872,-0.0013733,0.053711
0.02533,0.00045776,0.046387
0.023346,0.0016785,0.053711
0.025787,0.0028992,0.056152
0.025787,0.0041199,0.057373
0.025482,0.0068665,0.062256
0.024872,0.0071716,0.058594
0.02533,0.0056458,0.062256
0.025787,0.0038147,0.058594
0.02594,0.0012207,0.064697
0.02655,0,0.058594
0.025177,-0.00091553,0.063477
0.023804,-0.00091553,0.067139
0.021057,-0.0021362,0.067139
0.019989,-0.0035095,0.072021
0.018005,-0.0039673,0.065918
0.018005,-0.0042725,0.065918
0.018005,-0.0041199,0.064697
0.018616,-0.0012207,0.070801
0.018463,0.0050354,0.057373
0.018616,0.007782,4.4897
0.018616,0.0086975,4.8914
0.020447,0.0056458,4.9182
0.023651,0.0027466,4.9207
0.027008,-0.00045776,4.9182
0.028839,-0.0027466,4.9133
0.028076,-0.0021362,4.9158
0.026093,-0.0012207,4.9158
0.023346,-0.00045776,4.9133
0.02182,0.00061035,4.8962
0.02243,-0.00045776,4.9158
0.023346,0,4.9109
0.024719,0.00045776,4.9146
0.024872,0.0019836,4.9231
0.023193,0.0024414,4.9097
0.023956,0.0013733,4.9121
0.023956,-0.00076294,4.9109
0.026703,-0.0024414,4.8914
0.029907,-0.0035095,4.9048
0.032349,-0.0036621,4.9121
0.030975,-0.0036621,4.9109
0.027313,-0.0024414,4.9109
0.021973,-0.0010681,4.906
0.019989,-0.00076294,4.9146
0.019684,-0.00015259,4.9146
0.022583,0.00091553,4.9084
0.024261,-0.0013733,4.9194
0.027313,0.0021362,4.9219
0.027924,0.0028992,4.9207
0.03067,0.0047302,4.9255
0.032043,0.0076294,4.9268
0.03479,0.0097656,4.9304
0.034485,0.011139,4.9292
0.036316,0.010834,4.9353
0.036163,0.0083923,4.9438
0.034027,0.0059509,4.9304
0.031586,0.0033569,4.917
0.027466,0.0028992,4.9304
0.025024,0.00076294,4.9292
0.023499,-0.00091553,4.9292
0.023804,-0.0022888,4.9329
0.026703,-0.0033569,4.9329
0.027466,-0.0050354,4.9353
0.025635,-0.005188,4.9341
0.024261,-0.0053406,4.939
0.019836,-0.0047302,4.9304
0.018158,-0.0041199,4.9231
0.016479,-0.0030518,4.9341
0.021973,-0.0016785,4.9341
0.022125,0,4.9329
0.023193,-0.00015259,4.9243
0.022125,-0.00076294,4.9231
0.020752,-0.00015259,4.9207
0.019684,0.0012207,4.9109
0.021057,0.0035095,4.9182
0.025177,0.0073242,4.9158
0.029449,0.010223,4.9121
0.033112,0.012054,4.9146
0.034485,0.012054,4.9146
0.033112,0.011444,4.9109
0.032349,0.0097656,4.9084
0.032349,0.0083923,4.9097
0.032806,0.0076294,4.9072
0.034027,0.0082397,4.9133
0.033417,0.0082397,4.9109
0.031586,0.009613,4.9146
0.028687,0.010681,4.906
0.025177,0.012817,4.9121
0.022888,0.013123,4.9097
0.023651,0.013123,4.9121
0.024414,0.012512,4.9182
0.025787,0.011139,4.9146
0.025024,0.0086975,0.0354
0.021973,0.0057983,0.043945
0.019226,0.0016785,0.05249
0.015259,-0.0042725,0.05127
0.012512,-0.0080872,0.053711
0.010223,-0.011292,0.053711
0.011444,-0.011902,0.063477
0.0062561,-0.0091553,0.058594
0.0039673,-0.007019,0.064697
0.0030518,-0.004425,0.061035
0.0042725,-0.004425,0.063477
0.0065613,-0.0047302,0.058594
0.010376,-0.0050354,0.063477
0.014343,-0.010986,0.075684
0.018158,-0.0036621,0.063477
0.019531,-0.0016785,0.059814
0.02121,-0.00015259,0.063477
0.021973,-0.00045776,0.062256
0.023956,-0.0012207,0.064697
0.024872,-0.00076294,0.065918
0.027008,-0.0010681,0.062256
0.027618,-0.0010681,0.064697
0.027771,-0.0016785,0.059814
0.023651,0,0.059814
0.023193,0.004425,0.057373
0.021667,0.010681,0.057373
0.02121,0.012207,0.050049
0.021362,0.012512,0.05249
0.026703,0.0085449,0.046387
0.020599,0.0042725,0.050049
0.019073,-0.00061035,0.048828
0.0177,-0.0042725,0.047607
0.01358,-0.0030518,0.05249
0.010986,-0.00061035,0.046387
0.007782,0.0036621,0.053711
0.0056458,0.0054932,0.042725
0.0021362,0.0045776,0.031738
-0.0021362,0.0010681,0.039063
-0.0053406,-0.00061035,0.03418
-0.009613,-0.0012207,0.036621
-0.010223,0.0015259,0.037842
-0.007782,0.0033569,0.036621
-0.0027466,0.0042725,0.039063
0.0038147,0.0030518,0.036621
0.0085449,-0.00061035,0.041504
0.010681,-0.0048828,0.039063
0.011292,-0.0054932,0.042725
0.010529,-0.0036621,0.042725
0.009613,-0.00061035,0.046387
0.010223,0.0027466,0.05127
0.0097656,0.0042725,0.05127
0.013123,0.0027466,0.057373
0.01358,0.0013733,0.053711
0.014648,-0.00030518,0.05127
0.016174,-0.0016785,0.057373
0.01709,-0.0018311,0.063477
0.018616,-0.0022888,0.058594
0.021515,-0.0016785,0.061035
0.024261,-0.0012207,0.062256
0.024261,-0.0010681,0.059814
0.022278,-0.0050354,0.062256
0.019836,0.00091553,0.064697
0.016022,0.0024414,0.058594
0.012512,0.0032043,0.063477
0.012512,0.0022888,0.064697
0.013123,0.0024414,0.067139
0.013428,-0.00015259,0.065918
0.014496,-0.0012207,0.067139
0.012817,-0.0010681,0.078125
0.012665,-0.00076294,0.064697
0.01297,-0.00061035,0.06958
0.014191,0.00061035,0.062256
0.016174,0.0016785,0.045166
0.017548,0.0015259,0.056152
0.017395,0.0015259,0.056152
0.016327,0.0028992,0.05249
0.015869,0.0015259,0.048828
0.016022,-0.00015259,0.046387
0.018463,-0.0028992,4.3518
0.022278,-0.0059509,4.8816
0.025177,-0.009613,4.9133
0.026093,-0.013123,4.9048
0.025482,-0.014954,4.9097
0.02533,-0.015259,4.9121
0.024261,-0.013733,4.9109
0.023041,-0.010834,4.9133
0.02182,-0.0088501,4.9146
0.023346,-0.007019,4.9084
0.024109,-0.0097656,4.9097
0.024719,-0.011444,4.9011
0.025787,-0.014343,4.9072
0.027313,-0.016174,4.9146
0.028076,-0.015106,4.8987
0.027313,-0.014343,4.9084
0.028534,-0.013123,4.9072
0.028229,-0.012665,4.9109
0.026093,-0.01236,4.9121
0.024109,-0.012817,4.9146
0.021667,-0.0090027,4.9158
0.019226,-0.0062561,4.9243
0.018158,-0.0033569,4.9207
0.018768,-0.0012207,4.9268
0.019531,0.00015259,4.9219
0.020752,-0.0012207,4.9304
0.02182,-0.0024414,4.9377
0.023346,-0.0032043,4.9341
0.023193,-0.0038147,4.939
0.023346,-0.0027466,4.9329
0.024261,-0.0012207,4.9207
0.023804,0.00091553,4.9316
0.021515,0.0015259,4.9304
0.022278,0.0015259,4.9268
0.022888,0.0010681,4.9316
0.023956,0.00045776,4.9243
0.023804,0.0010681,4.9365
0.024261,0.0010681,4.9329
0.025482,0.0021362,4.9377
0.02594,0.0032043,4.9292
0.02655,0.0019836,4.9329
0.02594,0.0016785,4.9292
0.025177,0.00045776,4.9292
0.023193,0.00076294,4.9292
0.02121,0.0021362,4.9255
0.020599,0.0036621,4.9292
0.020294,0.0041199,4.917
0.020599,0.0036621,4.928
0.020142,0.00045776,4.9182
0.021057,-0.0033569,4.9097
0.020905,-0.0065613,4.9109
0.022125,-0.0074768,4.9158
0.021973,-0.0079346,4.9133
0.023346,-0.0080872,4.9121
0.022583,-0.0076294,4.9097
0.022736,-0.0086975,4.9121
0.02121,-0.0082397,4.906
0.019684,-0.007019,4.9097
0.019379,-0.0054932,4.9109
0.019379,-0.0042725,4.9133
0.019073,-0.0045776,4.906
0.018921,-0.0045776,4.9109
0.017853,-0.0065613,4.9243
0.017395,-0.007019,4.9121
0.018005,-0.0065613,4.9194
0.0177,-0.0022888,4.9146
0.019531,0.0024414,4.9011
0.017548,0.0047302,4.9097
0.019073,0.0071716,4.9194
0.019989,0.0080872,4.9194
0.020905,0.0064087,4.9231
0.022125,0.0061035,4.9207
0.023804,0.0065613,4.9292
0.023956,0.007782,0.058594
0.028229,0.0090027,0.061035
0.031433,0.0080872,0.058594
0.033264,0.0057983,0.064697
0.037384,-0.0021362,0.062256
0.031586,-0.0024414,0.061035
0.030212,-0.0061035,0.06958
0.027771,-0.0082397,0.062256
0.025787,-0.0082397,0.059814
0.023041,-0.0085449,0.068359
0.022278,-0.0074768,0.076904
0.019379,-0.0068665,0.064697
0.017395,-0.0064087,0.068359
0.015869,-0.0080872,0.067139
0.015106,-0.0045776,0.063477
0.015259,-0.00091553,0.057373
0.012207,0.0016785,0.058594
0.016632,0.0013733,0.056152
0.016785,0.00030518,0.056152
0.016937,-0.0036621,0.053711
0.01709,-0.0076294,0.053711
0.0177,-0.0093079,0.05127
0.018921,-0.0074768,0.047607
0.017548,-0.0047302,0.050049
0.017548,-0.0028992,0.047607
0.0177,-0.0024414,0.056152
0.018311,-0.0033569,0.042725
0.019073,-0.005188,0.050049
0.023499,-0.0015259,0.042725
0.026398,-0.0038147,0.029297
0.028992,0.00045776,0.037842
0.031128,0.0018311,0.040283
0.031281,0.00061035,0.037842
0.033417,-0.0024414,0.037842
0.033264,-0.0064087,0.039063
0.033569,-0.0080872,0.039063
0.032806,-0.0067139,0.041504
0.030823,-0.0028992,0.037842
0.026245,0.0030518,0.036621
0.024261,0.0016785,0.042725
0.022125,0.0021362,0.043945
0.02121,0.0010681,0.045166
0.019836,0.0010681,0.045166
0.018921,0.0010681,0.050049
0.019226,0.0074768,0.050049
0.018158,0.010834,0.05249
0.016022,0.013123,0.065918
0.01236,0.013733,0.054932
0.0083923,0.014954,0.043945
0.0042725,0.018921,0.056152
0.0024414,0.02533,0.050049
0.0012207,0.035248,0.061035
0.0030518,0.045166,0.061035
0.0054932,0.050812,0.057373
0.010223,0.051727,0.064697
0.014343,0.047607,0.061035
0.018616,0.040283,0.063477
0.025635,0.032349,0.059814
0.031891,0.026855,0.065918
0.037689,0.020599,0.062256
0.042725,0.015259,0.067139
0.04303,0.0064087,0.081787
0.039673,0.0019836,0.064697
0.032806,-0.00076294,0.059814
0.024261,0.00015259,0.062256
0.01358,0.0036621,0.045166
0.0016785,0.0042725,0.053711
-0.0090027,0.005188,0.05249
-0.016022,-0.0022888,0.050049
-0.021057,-0.012817,0.048828
-0.022278,-0.023804,0.041504
-0.022125,-0.031433,0.050049
-0.021057,-0.0354,0.043945
-0.018921,-0.034485,0.042725
-0.016479,-0.032196,0.040283
-0.012054,-0.023193,0.042725
-0.0074768,-0.010681,0.043945
-0.00030518,0.0047302,3.5999
0.0056458,0.0177,4.8279
0.011139,0.024719,4.9011
0.016022,0.025482,4.9097
0.019989,0.019379,4.9121
0.027618,0.0097656,4.9158
0.03479,0.0019836,4.9097
0.036774,-0.0074768,4.9023
0.037689,-0.010071,4.9097
0.036621,-0.007019,4.9084
0.034332,-0.002594,4.9084
0.03067,0.00061035,4.9133
0.027161,0.0099182,4.9133
0.024261,0.014343,4.9097
0.021667,0.023193,4.9158
0.019073,0.027771,4.9243
0.0177,0.028839,4.9182
0.017853,0.028076,4.9268
0.018463,0.02655,4.9316
0.017853,0.022583,4.9329
0.016327,0.019836,4.9353
0.011749,0.014343,4.9329
0.0076294,0.007782,4.9316
0.0028992,0.0041199,4.9341
-0.00030518,0.00061035,4.9304
-0.0021362,-0.0024414,4.9304
-0.00076294,-0.004425,4.9365
-0.0016785,-0.0091553,4.9268
-0.0024414,-0.013733,4.9304
-0.0030518,-0.022736,4.9329
-0.0024414,-0.03067,4.9341
0.00076294,-0.034943,4.9329
0.0067139,-0.034332,4.9377
0.014343,-0.031891,4.9304
0.020142,-0.028687,4.9353
0.024261,-0.025482,4.9231
0.025024,-0.02182,4.928
0.026093,-0.0177,4.9243
0.029449,-0.010834,4.9255
0.03418,-0.0038147,4.9353
0.038757,0.0021362,4.9231
0.039978,0.0036621,4.9243
0.041656,0.0012207,4.9207
0.040741,-0.0030518,4.9036
0.03952,-0.0091553,4.9133
0.038452,-0.013733,4.8999
0.036316,-0.017853,4.9146
0.037231,-0.018921,4.9121
0.036926,-0.020447,4.9072
0.036621,-0.020142,4.9109
0.035553,-0.019226,4.9048
0.033264,-0.015717,4.9109
0.03067,-0.013123,4.906
0.02655,-0.010986,4.9158
0.023346,-0.010529,4.9109
0.019073,-0.011292,4.9109
0.014038,-0.011902,4.9133
0.007782,-0.0086975,4.9109
0.00091553,-0.0024414,4.9084
-0.0032043,0.0057983,4.9097
-0.0038147,0.01358,4.9072
0.00076294,0.0177,4.917
0.0082397,0.020447,4.9182
0.017242,0.020752,4.9194
0.024261,0.02121,4.9231
0.027161,0.02121,4.9207
0.025482,0.019379,4.9255
0.02121,0.013123,4.9353
0.015411,0.0042725,4.9329
0.011597,-0.002594,4.9268
0.010986,-0.0073242,4.9316
0.013428,-0.0083923,4.9304
0.019379,-0.0064087,4.9353
0.025635,-0.0039673,4.9292
0.031281,-0.0018311,0.063477
0.038605,-0.002594,0.070801
0.043488,-0.0065613,0.065918
0.044556,-0.010223,0.062256
0.040436,-0.014191,0.065918
0.036011,-0.014343,0.05249
0.027313,-0.014648,0.067139
0.018463,-0.015717,0.063477
0.010223,-0.014801,0.059814
0.0088501,-0.013428,0.062256
0.010681,-0.010376,0.057373
0.015411,-0.004425,0.057373
0.022583,0.0015259,0.05249
0.028076,0.0057983,0.054932
0.033264,0.0085449,0.048828
0.037079,0.0068665,0.047607
0.036774,0.0039673,0.05249
0.035553,-0.00061035,0.046387
0.032043,-0.0016785,0.047607
0.025635,0.0015259,0.046387
0.021515,0.005188,0.042725
0.017242,0.010071,0.043945
0.013428,0.014343,0.03418
0.012054,0.020294,0.041504
0.01297,0.026245,0.031738
0.014648,0.031891,0.036621
0.018616,0.032349,0.039063
0.021515,0.027466,0.036621
0.022888,0.022583,0.040283
0.023041,0.015411,0.037842
0.021057,0.0076294,0.039063
0.018616,-0.00030518,0.037842
0.016174,-0.0062561,0.041504
0.016174,-0.010529,0.042725
0.011749,-0.010834,0.046387
0.0099182,-0.010223,0.0354
0.0091553,-0.010376,0.047607
0.0090027,-0.007782,0.058594
0.010529,-0.0085449,0.05249
0.011597,-0.012665,0.063477
0.01236,-0.014648,0.056152
0.01297,-0.023041,0.042725
0.014496,-0.024719,0.059814
0.015564,-0.027161,0.058594
0.020599,-0.030365,0.058594
0.021515,-0.035248,0.064697
0.023499,-0.0383,0.057373
0.025177,-0.037231,0.062256
0.028992,-0.032043,0.061035
0.030975,-0.022736,0.062256
0.034332,-0.01236,0.061035
0.03479,-0.0076294,0.065918
0.034637,-0.0038147,0.065918
0.035553,0.00015259,0.068359
0.03891,-0.0010681,0.074463
0.046387,-0.0019836,0.065918
0.049438,-0.0033569,0.063477
0.052948,-0.0059509,0.061035
0.053864,-0.0065613,0.067139
0.052948,-0.0033569,0.053711
0.050507,0.0019836,0.050049
0.048828,0.010529,0.05249
0.04715,0.0177,0.05127
0.045319,0.020905,0.045166
0.045013,0.019836,0.048828
0.046082,0.019531,0.042725
0.039368,0.018463,0.048828
0.035248,0.019684,0.040283
0.029755,0.022278,0.046387
0.024719,0.022888,0.043945
0.018768,0.020599,0.042725
0.012054,0.01709,0.039063
0.010834,0.013733,0.042725
0.010986,0.011444,0.048828
0.013885,0.0099182,0.040283
0.016479,0.0083923,0.05127
0.019684,0.0050354,1.5454
0.025024,0.0022888,4.7009
0.022125,-0.0022888,4.8926
0.022125,-0.007019,4.9048
0.021362,-0.011597,4.906
0.020752,-0.014801,4.9121
0.019226,-0.016479,4.9109
0.016479,-0.015411,4.9146
0.01236,-0.015869,4.9133
0.013275,-0.012054,4.9231
0.0099182,-0.0085449,4.9207
0.010834,-0.010834,4.9268
0.012207,-0.0082397,4.9231
0.01358,-0.0090027,4.9329
0.018005,-0.007782,4.9304
0.020447,-0.0088501,4.9304
0.024261,-0.012054,4.9255
0.025787,-0.010071,4.9329
0.026093,-0.0059509,4.9402
0.024872,-0.0013733,4.9316
0.024109,0.00045776,4.9194
0.022278,0,4.9316
0.022278,0.00061035,4.9304
0.021667,0.0024414,4.9341
0.021057,0.0068665,4.9341
0.022888,0.010529,4.9353
0.024719,0.009613,4.9377
0.029144,0.007782,4.9353
0.027771,0.0059509,4.9353
0.026855,-0.00091553,4.9304
0.023804,0.00030518,4.9316
0.018463,0.00076294,4.9243
0.012817,0.0091553,4.9304
0.007782,0.01709,4.9353
0.0050354,0.020905,4.9133
0.0041199,0.024261,4.9182
0.007019,0.019684,4.9194
0.011139,0.010834,4.8999
0.015411,-0.0030518,4.9109
0.016632,-0.0056458,4.9023
0.016479,-0.0086975,4.9158
0.015411,-0.0094604,4.9121
0.016785,-0.0050354,4.9109
0.017853,-0.0079346,4.9133
0.019379,-0.011139,4.9097
0.021667,-0.013885,4.9182
0.02121,-0.017853,4.9072
0.02182,-0.016632,4.9133
0.023956,-0.016479,4.9109
0.025787,-0.014648,4.906
0.029449,-0.011139,4.9084
0.030365,-0.0064087,4.9084
0.027618,-0.0022888,4.9133
0.025635,-0.00015259,4.9109
0.02533,0.0048828,4.9182
0.026703,0.0085449,4.8975
0.028992,0.012817,4.9097
0.032959,0.014954,4.9207
0.032501,0.013428,4.9219
0.032654,0.0099182,4.9219
0.031586,0.005188,4.9231
0.03067,-0.0010681,4.9255
0.030518,-0.0053406,4.9304
0.029449,-0.0076294,4.9292
0.027618,-0.0082397,4.9341
0.024719,-0.0045776,4.9304
0.020599,-0.0016785,4.9329
0.0177,0.0027466,4.9304
0.01236,0.0062561,4.9329
0.010834,0.010376,4.9414
0.011139,0.013428,4.9341
0.012665,0.014191,4.9365
0.014648,0.015717,4.9341
0.015411,0.015106,4.928
0.015411,0.015564,0.068359
0.016632,0.013275,0.063477
0.017242,0.010071,0.05249
0.018158,0.0074768,0.062256
0.018005,0.007019,0.058594
0.015564,0.0076294,0.057373
0.012665,0.0050354,0.053711
0.011292,0.0035095,0.054932
0.010681,-0.0027466,0.046387
0.010834,-0.0068665,0.05127
0.01358,-0.010529,0.05249
0.016327,-0.010376,0.046387
0.020752,-0.009613,0.046387
0.023956,-0.010529,0.048828
0.028229,-0.01297,0.05127
0.03067,-0.015411,0.042725
0.032501,-0.018311,0.05127
0.034027,-0.018463,0.039063
0.036163,-0.016937,0.029297
0.036163,-0.014954,0.036621
0.036926,-0.015717,0.0354
0.036316,-0.014191,0.040283
0.0354,-0.014496,0.039063
0.034485,-0.013885,0.036621
0.034485,-0.011749,0.043945
0.034027,-0.0085449,0.037842
0.031433,-0.0042725,0.042725
0.029907,-0.0016785,0.039063
0.027924,-0.0018311,0.041504
0.025024,-0.0028992,0.043945
0.021362,-0.004425,0.050049
0.018463,-0.0048828,0.065918
0.017395,-0.0030518,0.05249
0.0177,0.0028992,0.058594
0.018463,0.0083923,0.053711
0.020294,0.01236,0.039063
0.02121,0.013885,0.057373
0.023193,0.013885,0.057373
0.025787,0.013885,0.061035
0.028839,0.01358,0.058594
0.031586,0.01297,0.061035
0.032959,0.011139,0.062256
0.032501,0.0080872,0.057373
0.030975,0.0032043,0.062256
0.030212,-0.00076294,0.058594
0.027924,-0.0057983,0.063477
0.025787,-0.0080872,0.062256
0.023041,-0.0097656,0.067139
0.022278,-0.009613,0.070801
0.021057,-0.0079346,0.065918
0.020294,-0.0065613,0.073242
0.018311,-0.0057983,0.062256
0.016174,-0.005188,0.075684
0.013733,-0.005188,0.057373
0.01297,-0.0045776,0.043945
0.01297,-0.0032043,0.054932
0.013275,-0.0016785,0.047607
0.014343,0,0.046387
0.015411,0.00061035,0.050049
0.016174,-0.00045776,0.046387
0.015869,0.00015259,0.047607
0.016785,0.0010681,0.043945
0.017548,0.0032043,0.046387
0.017548,0.0047302,0.042725
0.016785,0.0041199,0.041504
0.014954,0.0013733,0.042725
0.012207,-0.0033569,0.041504
0.011749,-0.0091553,0.039063
0.011902,-0.010071,0.041504
0.014191,-0.010529,0.041504
0.016022,-0.0073242,0.039063
0.018158,-0.0045776,0.029297
0.018768,-0.0053406,0.037842
0.019379,-0.0015259,0.037842
0.019226,-0.0028992,0.037842
0.018921,-0.0028992,0.039063
0.020447,-0.0027466,0.040283
0.020905,-0.0016785,3.6438
0.020599,-0.00045776,4.8328
0.019531,-0.00045776,4.9133
0.017853,-0.0018311,4.9146
0.015564,-0.0033569,4.9255
0.01358,-0.004425,4.906
0.01358,-0.0045776,4.9255
0.014343,-0.0028992,4.9243
0.015717,-0.00030518,4.9341
0.017242,0.0024414,4.9365
0.019073,0.0042725,4.9304
0.02243,0.0033569,4.9268
0.024872,0.0022888,4.9365
0.030975,0.0032043,4.9133
0.036163,0.0045776,4.9255
0.040588,0.0073242,4.9316
0.043793,0.0088501,4.9329
0.043945,0.010529,4.9377
0.042572,0.010529,4.9329
0.040894,0.0085449,4.9402
0.039215,0.0061035,4.9365
0.035706,0.0028992,4.9329
0.033722,-0.00091553,4.9255
0.032349,-0.0027466,4.9316
0.030365,-0.0042725,4.9231
0.029144,-0.0059509,4.9316
0.025787,-0.0056458,4.9304
0.022736,-0.0059509,4.9231
0.020294,-0.0062561,4.9207
0.018005,-0.0073242,4.9231
0.016022,-0.0041199,4.917
0.014801,-0.00015259,4.917
0.01297,0.004425,4.9133
0.01236,0.007782,4.917
0.013123,0.0064087,4.9158
0.015869,0.0028992,4.9109
0.020905,-0.0016785,4.9109
0.02594,-0.0045776,4.9109
0.030518,-0.0045776,4.9121
0.032959,-0.0016785,4.906
0.033417,-0.00045776,4.9146
0.032654,-0.00030518,4.9084
0.030823,-0.0019836,4.9121
0.027466,-0.0048828,4.9084
0.023956,-0.0053406,4.9109
0.020294,-0.0019836,4.9194
0.01709,0.004425,4.9133
0.015106,0.012665,4.9255
0.014801,0.019531,4.9146
0.015411,0.023193,4.9048
0.016632,0.022888,4.9194
0.017395,0.021973,4.9219
0.016174,0.020294,4.9182
0.015259,0.020599,4.9219
0.014648,0.021057,4.9255
0.016785,0.019836,4.9292
0.018311,0.016632,4.928
0.019989,0.012665,4.9329
0.020905,0.0091553,4.9292
0.019531,0.0065613,4.9329
0.018768,0.0059509,4.9329
0.016937,0.004425,4.9316
0.014038,0.0015259,4.9353
0.010681,-0.0032043,4.9353
0.0041199,-0.0073242,4.9304
0.0039673,-0.010834,4.9353
0.0038147,-0.014343,4.9426
0.0038147,-0.016785,4.9377
0.0039673,-0.019531,4.9365
0.002594,-0.019226,4.9329
0.0050354,-0.018158,4.9341
0.0057983,-0.014191,4.9316
0.0090027,-0.0085449,4.9304
0.014191,-0.0016785,0.054932
0.020447,0.004425,0.057373
0.027008,0.010834,0.050049
0.031891,0.016022,0.050049
0.036163,0.020599,0.05127
0.03952,0.019836,0.05249
0.043488,0.020447,0.043945
0.046082,0.020294,0.047607
0.046997,0.018463,0.061035
0.045929,0.01358,0.046387
0.04303,0.009613,0.05249
0.039368,0.0059509,0.042725
0.034943,0.0053406,0.031738
0.030823,0.007019,0.0354
0.025482,0.0097656,0.041504
0.022278,0.012817,0.037842
0.018921,0.015564,0.040283
0.014954,0.018005,0.036621
0.012512,0.019379,0.039063
0.0086975,0.020752,0.037842
0.0059509,0.02121,0.040283
0.0048828,0.018158,0.037842
0.0064087,0.012665,0.043945
0.0038147,0.0045776,0.039063
0.0022888,-0.0054932,0.047607
0.00076294,-0.01236,0.057373
-0.0010681,-0.017395,0.050049
-0.0022888,-0.020294,0.05127
-0.0057983,-0.02121,0.053711
-0.0010681,-0.021667,0.053711
0.0013733,-0.021667,0.056152
0.0057983,-0.020599,0.058594
0.0065613,-0.018463,0.058594
0.0093079,-0.014648,0.059814
0.010834,-0.010376,0.061035
0.014496,-0.0079346,0.063477
0.017853,-0.010223,0.059814
0.022583,-0.0093079,0.061035
0.027618,-0.012054,0.057373
0.031738,-0.010376,0.064697
0.036163,-0.0076294,0.062256
0.039215,-0.0028992,0.067139
0.041962,-0.00091553,0.065918
0.041962,0,0.063477
0.041351,-0.0042725,0.073242
0.040436,-0.0097656,0.065918
0.037842,-0.014801,0.070801
0.034943,-0.018311,0.059814
0.032349,-0.020447,0.045166
0.029449,-0.021973,0.057373
0.028839,-0.023346,0.050049
0.028229,-0.023956,0.047607
0.03006,-0.02243,0.050049
0.031738,-0.019684,0.050049
0.033112,-0.014496,0.050049
0.032959,-0.0094604,0.043945
0.032043,-0.0054932,0.047607
0.029144,-0.0015259,0.041504
0.027466,0.0016785,0.043945
0.027313,0.0047302,0.041504
0.026093,0.0086975,0.040283
0.025635,0.012817,0.040283
0.024261,0.016479,0.041504
0.02182,0.019226,0.040283
0.019379,0.018005,0.039063
0.019684,0.016174,0.037842
0.02121,0.013885,0.040283
0.023346,0.012054,0.028076
0.024261,0.0093079,0.037842
0.024872,0.007782,0.041504
0.025787,0.0071716,0.039063
0.025635,0.0064087,0.042725
0.026093,0.0059509,0.039063
0.027924,0.0056458,0.045166
0.029602,0.0056458,0.046387
0.029907,0.0035095,0.05127
0.029602,0.0015259,0.056152
0.028687,-0.0028992,0.057373
0.02533,-0.0080872,4.5691
0.022125,-0.011444,4.9036
0.019989,-0.01358,4.9329
0.019226,-0.012512,4.9292
0.019684,-0.011292,4.9341
0.016327,-0.0086975,4.9304
0.014038,-0.0071716,4.9146
0.01236,-0.0057983,4.9341
0.010834,-0.0053406,4.9292
0.0088501,-0.004425,4.9316
0.010071,-0.0024414,4.9304
0.012054,-0.00061035,4.9316
0.014038,0.00045776,4.9377
0.015564,0.0012207,4.9365
0.016785,0.0035095,4.9341
0.017548,0.0028992,4.9304
0.018005,0.0038147,4.9329
0.020752,0.0033569,4.9292
0.024261,0.0039673,4.9304
0.027008,0.004425,4.9243
0.029449,0.0065613,4.9255
0.030518,0.010681,4.928
0.030518,0.014038,4.9219
0.030212,0.014801,4.9316
0.031738,0.013885,4.9158
0.034027,0.013428,4.9023
0.036774,0.012207,4.9182
0.037689,0.011444,4.9158
0.034332,0.010681,4.9133
0.031586,0.0083923,4.9133
0.025635,0.0048828,4.9097
0.021515,0.00091553,4.9109
0.018463,-0.0039673,4.9072
0.016022,-0.0093079,4.9097
0.017395,-0.013428,4.9084
0.0177,-0.011749,4.9133
0.016022,-0.013885,4.9084
0.015564,-0.011749,4.9121
0.014801,-0.011139,4.9182
0.016327,-0.01236,4.9121
0.019836,-0.015259,4.917
0.027161,-0.019989,4.9121
0.025177,-0.023499,4.9072
0.025787,-0.024414,4.9194
0.02243,-0.023346,4.9133
0.021973,-0.020752,4.9146
0.024109,-0.01709,4.9243
0.029144,-0.013123,4.9268
0.03952,-0.0076294,4.9243
0.043793,-0.0083923,4.9255
0.049133,-0.0039673,4.9341
0.050812,-0.0018311,4.928
0.051117,0.0024414,4.9341
0.051575,0.0061035,4.9329
0.052185,0.010681,4.9365
0.053101,0.011902,4.9255
0.052948,0.016785,4.9329
0.05249,0.017548,4.9341
0.049286,0.018158,4.9353
0.046082,0.018158,4.9475
0.042267,0.017853,4.9255
0.038605,0.016479,4.928
0.036774,0.017242,4.9353
0.030975,0.014191,4.9316
0.032501,0.013123,4.9329
0.029144,0.012817,4.9316
0.026093,0.0094604,4.9255
0.02243,0.0085449,4.9329
0.019531,0.0086975,4.9219
0.017242,0.0090027,4.9231
0.015106,0.0093079,4.917
0.01297,0.0057983,4.9182
0.0099182,0.0024414,0.046387
0.0082397,0.00015259,0.053711
0.007019,-0.0019836,0.057373
0.0065613,-0.0032043,0.045166
0.0083923,-0.0038147,0.042725
0.010834,-0.0059509,0.042725
0.011292,-0.0086975,0.023193
0.011749,-0.012665,0.03418
0.0067139,-0.015106,0.037842
0.0088501,-0.014954,0.039063
0.0074768,-0.013123,0.039063
0.0064087,-0.0094604,0.037842
0.0080872,-0.0062561,0.037842
0.0097656,-0.0039673,0.040283
0.01236,-0.0033569,0.039063
0.016327,-0.0010681,0.037842
0.021362,0.0018311,0.046387
0.027008,0.0073242,0.042725
0.033569,0.010223,0.046387
0.039825,0.012512,0.045166
0.044098,0.011902,0.05127
0.045319,0.0097656,0.053711
0.045319,0.0067139,0.053711
0.045319,0.0053406,0.067139
0.041656,0.0045776,0.057373
0.038757,0.0047302,0.045166
0.036163,0.0047302,0.058594
0.033875,0.0039673,0.058594
0.031128,0.0027466,0.059814
0.028839,0.0024414,0.059814
0.026398,0.0032043,0.061035
0.022736,0.0050354,0.057373
0.018463,0.0074768,0.061035
0.01358,0.0088501,0.064697
0.010223,0.0083923,0.061035
0.0076294,0.0083923,0.067139
0.0065613,0.007019,0.065918
0.0064087,0.0080872,0.068359
0.0073242,0.0091553,0.072021
0.010223,0.0099182,0.068359
0.014191,0.009613,0.063477
0.018768,0.0068665,0.062256
0.02533,0.0038147,0.054932
0.031586,0.00030518,0.056152
0.035095,-0.0024414,0.05249
0.035858,-0.0028992,0.046387
0.032349,-0.0022888,0.05127
0.027008,-0.0016785,0.048828
0.022583,-0.00091553,0.048828
0.019836,-0.00061035,0.043945
0.020294,-0.0013733,0.047607
0.019073,0.00045776,0.042725
0.019379,0.00015259,0.041504
0.018463,0.0016785,0.045166
0.019684,0.0021362,0.042725
0.021515,0.0028992,0.043945
0.024414,0.0024414,0.041504
0.028381,-0.0013733,0.053711
0.029144,-0.00061035,0.039063
0.028839,-0.0030518,0.047607
0.026093,-0.00045776,0.036621
0.019989,-0.0065613,0.026855
0.014496,-0.0050354,0.036621
0.011292,-0.0021362,0.039063
0.010834,0.0021362,0.041504
0.012054,0.0012207,0.039063
0.01297,0.0028992,0.040283
0.014801,0.00015259,0.047607
0.015869,-0.002594,0.045166
0.016785,-0.0030518,0.05127
0.019684,-0.00091553,0.048828
0.023193,0.0041199,0.057373
0.029602,0.0082397,0.05249
0.028839,0.010071,0.061035
0.027771,0.0090027,0.06958
0.026093,0.0065613,0.062256
0.022278,0.0041199,0.056152
0.02182,0.004425,0.061035
0.022583,0.0056458,3.9014
0.025635,0.0074768,4.8633
0.028229,0.0059509,4.9219
0.03006,0.0039673,4.928
0.030365,0.0015259,4.928
0.030365,-0.0010681,4.9292
0.029907,-0.0016785,4.939
0.029755,-0.0018311,4.9353
0.030823,-0.0024414,4.9316
0.030823,-0.0050354,4.9341
0.030518,-0.0074768,4.9341
0.029297,-0.0093079,4.928
0.029449,-0.010681,4.9292
0.03006,-0.0093079,4.928
0.031433,-0.0068665,4.9304
0.034637,-0.0045776,4.9329
0.036469,-0.0041199,4.9255
0.036621,-0.0045776,4.9255
0.035248,-0.0056458,4.9194
0.033112,-0.0062561,4.9048
0.030823,-0.0065613,4.9133
0.028381,-0.0057983,4.9146
0.026855,-0.0062561,4.9133
0.024719,-0.0074768,4.9133
0.02243,-0.0083923,4.9097
0.020142,-0.0085449,4.9109
0.018311,-0.0076294,4.9097
0.018158,-0.004425,4.9109
0.019379,0,4.906
0.019531,0.0041199,4.9133
0.020294,0.0073242,4.9158
0.020447,0.0082397,4.9146
0.019836,0.0082397,4.9072
0.021362,0.0061035,4.9109
0.021515,0.0057983,4.9097
0.022888,0.0057983,4.9146
0.023193,0.0057983,4.9158
0.023041,0.0047302,4.9158
0.02182,0.0033569,4.9133
0.022125,0.0021362,4.9158
0.022278,-0.0022888,4.917
0.020752,-0.0050354,4.9182
0.019073,-0.0056458,4.9231
0.016174,-0.0056458,4.9243
0.014038,-0.0053406,4.9316
0.011749,-0.0068665,4.9316
0.010071,-0.0073242,4.9341
0.009613,-0.0085449,4.9304
0.011444,-0.0079346,4.9353
0.01297,-0.0064087,4.928
0.015106,-0.0042725,4.9329
0.018005,-0.0016785,4.9414
0.018616,-0.0015259,4.9329
0.020294,-0.00015259,4.9329
0.019836,-0.0012207,4.9353
0.018768,-0.0021362,4.9158
0.0177,-0.0028992,4.9353
0.016479,-0.0022888,4.9341
0.015717,-0.0012207,4.9329
0.016174,-0.00076294,4.9329
0.016327,0.0015259,4.928
0.016937,0.002594,4.9292
0.018768,0.0032043,4.9243
0.018616,0.0027466,4.9231
0.017853,0.0030518,4.917
0.019073,0.0064087,4.9219
0.019836,0.0083923,4.917
0.021057,0.010223,4.9084
0.016479,0.010834,4.9194
0.020905,0.0082397,4.917
0.023193,0.0061035,4.917
0.024719,0.0042725,4.9158
0.026093,0.0035095,0.046387
0.028229,0.0047302,0.037842
0.03006,0.0056458,0.021973
0.03006,0.0090027,0.037842
0.028534,0.0054932,0.039063
0.02594,0.0036621,0.039063
0.023804,-0.00030518,0.040283
0.020599,-0.0032043,0.036621
0.023193,-0.004425,0.042725
0.021667,-0.0047302,0.037842
0.022888,-0.0045776,0.042725
0.023956,-0.0030518,0.039063
0.024567,-0.002594,0.043945
0.02594,-0.0012207,0.046387
0.028687,-0.00076294,0.05127
0.030365,0.0013733,0.061035
0.032654,0.0045776,0.05249
0.03479,0.007019,0.063477
0.035553,0.0080872,0.054932
0.033417,0.0094604,0.048828
0.032959,0.0094604,0.058594
0.033112,0.0080872,0.058594
0.032501,0.0061035,0.056152
0.032654,0.0054932,0.061035
0.032501,0.0065613,0.061035
0.031433,0.0022888,0.063477
0.029907,0.0061035,0.059814
0.027466,0.0067139,0.064697
0.02533,0.0082397,0.061035
0.023193,0.01358,0.065918
0.020905,0.0083923,0.067139
0.019379,0.010376,0.06958
0.017548,0.011597,0.065918
0.017548,0.011292,0.064697
0.019226,0.010223,0.065918
0.019836,0.0085449,0.061035
0.021973,0.0056458,0.072021
0.023041,0.002594,0.057373
0.02182,0.00030518,0.050049
0.021667,-0.0028992,0.047607
0.018005,-0.005188,0.053711
0.016479,-0.0061035,0.048828
0.01358,-0.0068665,0.050049
0.010681,-0.0062561,0.037842
0.0093079,-0.0062561,0.047607
0.0086975,-0.0047302,0.043945
0.0082397,-0.0041199,0.046387
0.007782,-0.00061035,0.046387
0.0074768,-0.002594,0.045166
0.0083923,0.00030518,0.039063
0.009613,0.0028992,0.042725
0.013123,0.004425,0.054932
0.014191,0.010223,0.041504
0.015106,0.0067139,0.041504
0.014496,0.0062561,0.037842
0.012817,0.0073242,0.021973
0.011444,0.0093079,0.039063
0.012207,0.011597,0.037842
0.013733,0.012817,0.040283
0.016632,0.01236,0.036621
0.018921,0.013885,0.040283
0.019379,0.01297,0.043945
0.019531,0.011902,0.045166
0.017242,0.0099182,0.046387
0.01709,0.0079346,0.047607
0.017853,0.0053406,0.05127
0.019379,0.0032043,0.054932
0.020905,0.0016785,0.058594
0.019684,0.0022888,0.063477
0.020142,0.0028992,0.061035
0.014496,0.0032043,0.062256
0.012207,0.0048828,0.061035
0.010834,0.0065613,0.074463
0.01236,0.0083923,0.059814
0.014496,0.011749,0.050049
0.016479,0.013123,0.057373
0.017395,0.013428,0.057373
0.017242,0.013733,0.061035
0.017242,0.014038,2.5891
0.017853,0.01297,4.7937
0.017853,0.012054,4.9255
0.018921,0.012054,4.9329
0.017853,0.010071,4.9329
0.017853,0.0083923,4.928
0.016937,0.0061035,4.9304
0.016632,0.0035095,4.9255
0.016327,0.0022888,4.9207
0.016022,0.0010681,4.9304
0.016937,0.0018311,4.9255
0.016632,0.00076294,4.9194
0.016785,0.002594,4.9158
0.016174,0.0010681,4.9133
0.014801,0.0035095,4.9158
0.013885,0.0027466,4.917
0.013733,0.0016785,4.9109
0.013885,-0.00091553,4.9133
0.014343,-0.0024414,4.9036
0.014343,-0.004425,4.9109
0.016174,-0.0036621,4.9097
0.016174,-0.0028992,4.9109
0.015717,-0.0028992,4.906
0.015717,-0.0024414,4.917
0.015411,-0.0032043,4.9109
0.016327,-0.0042725,4.9121
0.016632,-0.0057983,4.9072
0.019073,-0.0067139,4.9084
0.020294,-0.0057983,4.9231
0.02243,-0.0033569,4.9109
0.023041,-0.0015259,4.9207
0.024109,-0.0021362,4.9158
0.02533,-0.0056458,4.8999
0.025787,-0.010529,4.9158
0.026703,-0.012512,4.9194
0.027618,-0.011749,4.9243
0.027161,-0.0085449,4.9243
0.027008,-0.0032043,4.9231
0.026855,0.0013733,4.9304
0.02594,0.0018311,4.9304
0.027466,0.00091553,4.9341
0.026245,-0.0030518,4.9268
0.02594,-0.0042725,4.9316
0.027008,-0.0019836,4.9304
0.02594,0.0016785,4.9329
0.026855,0.0048828,4.9451
0.028687,0.0056458,4.9353
0.029144,0.0041199,4.9329
0.029602,0.0015259,4.9353
0.029449,-0.0019836,4.9402
0.029755,-0.0045776,4.9304
0.028687,-0.0068665,4.9451
0.029449,-0.0061035,4.9353
0.029755,-0.0061035,4.9304
0.029144,-0.0062561,4.9255
0.029449,-0.0059509,4.9292
0.028687,-0.0050354,4.9243
0.027618,-0.0036621,4.9243
0.027618,-0.0028992,4.9207
0.027618,-0.002594,4.9231
0.028992,-0.0013733,4.9207
0.028381,-0.00015259,4.9268
0.029297,0.0016785,4.9231
0.028076,0.0024414,4.9194
0.028687,0.0015259,4.9268
0.027618,0.0010681,4.9146
0.028381,-0.00015259,4.9243
0.028534,0.00076294,4.9109
0.029144,0.0024414,4.9011
0.029297,0.0039673,4.9121
0.028381,0.0061035,4.9084
0.027008,0.0073242,4.9084
0.027313,0.0054932,0.041504
0.024109,0.0050354,0.037842
0.025024,0.0028992,0.041504
0.025482,0.0027466,0.037842
0.025024,0.0024414,0.042725
0.025482,0.0016785,0.039063
0.025024,0.0027466,0.045166
0.023956,0.0038147,0.046387
0.023193,0.0048828,0.048828
0.021362,0.004425,0.053711
0.020447,0.0032043,0.05249
0.020599,0.00061035,0.048828
0.021057,-0.0022888,0.058594
0.02243,-0.0045776,0.061035
0.023499,-0.0057983,0.059814
0.024261,-0.0061035,0.067139
0.024261,-0.0061035,0.058594
0.023041,-0.0050354,0.063477
0.021973,-0.0045776,0.061035
0.020752,-0.0053406,0.062256
0.019989,-0.0064087,0.058594
0.02121,-0.0057983,0.063477
0.022583,-0.0047302,0.058594
0.02533,0.00030518,0.067139
0.027771,-0.0019836,0.067139
0.030212,0.00030518,0.06958
0.032043,0.0028992,0.063477
0.031433,0.0091553,0.06958
0.032196,0.0080872,0.076904
0.032959,0.0062561,0.061035
0.03067,0.0057983,0.064697
0.030823,0.004425,0.061035
0.030365,0.0028992,0.036621
0.03067,0.0016785,0.05127
0.032196,0.0016785,0.05249
0.033569,0.0022888,0.047607
0.033722,0.0038147,0.050049
0.032959,0.0071716,0.045166
0.032349,0.0016785,0.045166
0.030975,0.005188,0.045166
0.03006,0.0050354,0.043945
0.029297,0.0032043,0.041504
0.027466,-0.00015259,0.032959
0.023804,-0.0035095,0.039063
0.023193,-0.005188,0.039063
0.02182,-0.0053406,0.042725
0.022888,-0.0054932,0.039063
0.021667,-0.0048828,0.041504
0.021667,-0.0036621,0.040283
0.02182,-0.0018311,0.03418
0.022736,-0.00015259,0.0354
0.024567,0.0024414,0.050049
0.027313,0.0050354,0.040283
0.028992,0.0050354,0.042725
0.030212,0.0079346,0.040283
0.031281,0.0076294,0.046387
0.032349,0.0064087,0.046387
0.033417,0.0038147,0.05127
0.038452,0.004425,0.05127
0.037231,0.0062561,0.056152
0.037079,0.0080872,0.05249
0.036011,0.0091553,0.059814
0.034027,0.0091553,0.059814
0.03067,0.0080872,0.062256
0.029755,0.0059509,0.067139
0.029144,0.0056458,0.062256
0.028534,0.0064087,0.068359
0.026398,0.0083923,0.058594
0.026093,0.007019,0.05249
0.025787,0.0061035,0.059814
0.023499,0.0030518,0.059814
0.019836,0.00015259,0.061035
0.0177,-0.0018311,0.064697
0.015411,-0.00030518,0.064697
0.013885,0.0013733,0.065918
0.011444,0.0033569,0.064697
0.0091553,0.0030518,0.068359
0.0068665,0.0013733,0.059814
0.0027466,-0.0018311,2.3877
0.005188,-0.0047302,4.7766
0.0068665,-0.0054932,4.9182
0.011292,-0.0071716,4.9219
0.016174,-0.007782,4.9255
0.015717,-0.0090027,4.9243
0.016937,-0.011597,4.9182
0.01358,-0.011749,4.9268
0.011292,-0.0091553,4.9158
0.011902,-0.0042725,4.9158
0.013885,0.00045776,4.9133
0.015564,0.0030518,4.9158
0.01709,0.0033569,4.9182
0.017853,-0.0010681,4.9109
0.020142,-0.00061035,4.906
0.022888,-0.0021362,4.9097
0.025024,-0.00061035,4.906
0.02594,0.0018311,4.9121
0.024567,0.0024414,4.8999
0.020142,0.0024414,4.9146
0.017853,0.0016785,4.9109
0.014496,0.00091553,4.9121
0.011444,0.0015259,4.9207
0.010986,0.0036621,4.906
0.012207,0.004425,4.9158
0.013885,0.0065613,4.9158
0.014801,0.0064087,4.9023
0.014191,0.0050354,4.9182
0.015106,0.0024414,4.9109
0.015869,-0.00030518,4.9255
0.015717,-0.0024414,4.9219
0.014648,-0.0027466,4.9207
0.01297,-0.0021362,4.9292
0.0090027,-0.00076294,4.9133
0.0061035,0.0012207,4.9304
0.0030518,0.0021362,4.9304
0.0022888,0.0024414,4.9341
0.0041199,0.0028992,4.9304
0.0088501,0.0013733,4.9316
0.009613,0,4.9133
0.0097656,-0.0021362,4.9353
0.012054,-0.00015259,4.9377
0.014038,0.0030518,4.9377
0.009613,0.0076294,4.9463
0.011597,0.009613,4.9353
0.010071,0.010376,4.9255
0.0085449,0.0080872,4.9353
0.0059509,0.0065613,4.9329
0.0061035,0.0076294,4.928
0.0093079,0.010376,4.928
0.014801,0.013428,4.9146
0.02243,0.011292,4.9243
0.029449,0.0036621,4.9219
0.029907,-0.0073242,4.9219
0.026093,-0.019226,4.9146
0.018158,-0.026398,4.9207
0.0082397,-0.025024,4.9158
-0.0033569,-0.017242,4.917
-0.0085449,-0.0080872,4.917
-0.01297,-0.0047302,4.917
-0.01358,0.0032043,4.9084
-0.010376,0.0045776,4.9146
-0.0038147,0.0073242,4.9023
0.0064087,0.011444,4.9121
0.019073,0.021973,4.9097
0.031738,0.021667,4.9109
0.042267,0.022125,4.9109
0.048523,0.017548,4.9109
0.046844,0.0090027,4.9072
0.039673,0.00076294,4.9072
0.028687,-0.0047302,4.9109
0.017395,-0.0054932,4.906
0.007782,-0.0027466,0.040283
0.0036621,0.0022888,0.045166
0.0030518,0.0064087,0.045166
0.0054932,0.0097656,0.043945
0.0099182,0.011902,0.053711
0.016022,0.012054,0.057373
0.02182,0.010986,0.056152
0.026093,0.0094604,0.063477
0.029907,0.0073242,0.059814
0.031433,0.0050354,0.047607
0.029144,0.0016785,0.061035
0.025635,-0.0019836,0.061035
0.018921,-0.005188,0.062256
0.015259,-0.007019,0.061035
0.012512,-0.0071716,0.057373
0.013885,-0.0062561,0.063477
0.017242,-0.00061035,0.061035
0.022736,0.0045776,0.064697
0.028229,0.010223,0.062256
0.033112,0.012207,0.065918
0.037537,0.012207,0.056152
0.038147,0.010223,0.067139
0.038452,0.007782,0.075684
0.036011,0.0057983,0.065918
0.032959,0.0032043,0.061035
0.029602,0.0019836,0.059814
0.026093,0.0016785,0.050049
0.02533,0.0012207,0.05249
0.026398,0.00061035,0.05127
0.027008,0.00030518,0.050049
0.027924,0.0012207,0.050049
0.031281,0.0033569,0.041504
0.032501,0.005188,0.045166
0.035553,0.0086975,0.042725
0.035553,0.010223,0.046387
0.036469,0.013275,0.041504
0.034637,0.014496,0.045166
0.031281,0.013428,0.042725
0.027771,0.013885,0.041504
0.024719,0.01297,0.039063
0.022888,0.014038,0.042725
0.02243,0.015717,0.05127
0.02182,0.0177,0.032959
0.024109,0.019379,0.05127
0.02243,0.019836,0.036621
0.020905,0.018616,0.029297
0.018921,0.015564,0.041504
0.018005,0.013123,0.039063
0.018921,0.010986,0.037842
0.019226,0.012207,0.045166
0.022125,0.013123,0.042725
0.023956,0.015106,0.048828
0.027161,0.014648,0.048828
0.028534,0.010223,0.053711
0.028992,0.0048828,0.05249
0.028839,0,0.058594
0.02655,-0.0028992,0.061035
0.023651,-0.0036621,0.062256
0.019836,-0.0027466,0.067139
0.014648,-0.0045776,0.062256
0.009613,-0.0073242,0.062256
0.0041199,-0.011749,0.059814
-0.00045776,-0.015259,0.065918
0,-0.015411,0.062256
0.0036621,-0.011902,0.062256
0.010223,-0.0062561,0.061035
0.018463,-0.00091553,0.061035
0.025482,0.0036621,0.065918
0.033112,0.0050354,0.065918
0.036163,0.004425,0.063477
0.034027,0.011139,0.065918
0.032349,0.014801,0.059814
0.027618,0.018616,0.062256
0.02182,0.018921,0.058594
0.013428,0.015106,0.059814
0.010071,0.011902,0.048828
0.0059509,0.0073242,0.054932
0.0082397,0.0041199,0.065918
0.012817,0.0033569,3.7207
0.019531,0.0019836,4.8352
0.026245,-0.00030518,4.9097
0.029144,-0.0027466,4.895
0.03067,-0.0061035,4.9097
0.027924,-0.0091553,4.9158
0.020599,-0.011749,4.9084
0.013733,-0.010986,4.9133
0.0080872,-0.0099182,4.906
0.0038147,-0.0064087,4.9097
0.00045776,-0.0018311,4.906
0.0015259,0.0042725,4.9109
0.0041199,0.0068665,4.9072
0.0093079,0.0088501,4.9158
0.015564,0.009613,4.9109
0.023346,0.010071,4.9109
0.030518,0.010376,4.9109
0.034637,0.011444,4.9097
0.036163,0.011292,4.9133
0.035553,0.010986,4.9133
0.032806,0.0048828,4.9194
0.029907,-0.0030518,4.917
0.028992,-0.007782,4.9158
0.031738,-0.010223,4.9219
0.036926,-0.0065613,4.9255
0.041962,-0.0015259,4.9243
0.04715,0.0016785,4.9268
0.051727,0.0018311,4.9255
0.056,-0.0018311,4.9365
0.05722,-0.0041199,4.9304
0.05661,-0.0047302,4.9329
0.056305,-0.0045776,4.9268
0.053253,-0.0036621,4.9316
0.046387,-0.0038147,4.9292
0.041656,-0.0053406,4.9329
0.037689,-0.0073242,4.9426
0.036163,-0.012207,4.9365
0.037231,-0.014801,4.939
0.037994,-0.01297,4.9414
0.039368,-0.0079346,4.9304
0.035248,-0.0030518,4.9341
0.031433,0.0035095,4.9316
0.025482,0.0045776,4.9304
0.021057,0.0028992,4.9316
0.017395,0.00030518,4.928
0.015411,-0.0012207,4.9243
0.014191,0.00015259,4.9182
0.013885,0.0035095,4.9243
0.013885,0.0073242,4.9158
0.016327,0.007019,4.917
0.018921,0.0041199,4.9182
0.024872,-0.00091553,4.9194
0.027924,-0.0036621,4.9109
0.029297,-0.0045776,4.9146
0.027008,-0.0036621,4.9231
0.02243,-0.0024414,4.9109
0.017548,-0.0030518,4.9219
0.013885,-0.0048828,4.9121
0.01297,-0.007782,4.9109
0.014038,-0.0086975,4.9097
0.016632,-0.0090027,4.9182
0.020599,-0.0086975,4.9121
0.021973,-0.0036621,4.9084
0.022888,-0.0067139,4.9072
0.023346,-0.0032043,4.9084
0.024719,-0.0021362,4.9097
0.023804,-0.0022888,4.9158
0.024109,-0.0019836,4.9133
0.02243,-0.0013733,4.9146
0.019684,0,4.9182
0.015564,0.0022888,4.9207
0.01236,0.0035095,0.075684
0.010834,0.0038147,0.056152
0.011444,0.0047302,0.062256
0.013885,0.0050354,0.058594
0.015564,0.0050354,0.05127
0.015869,0.0045776,0.057373
0.017395,0.0038147,0.061035
0.014191,0.0019836,0.062256
0.014801,0.0022888,0.061035
0.014954,0.0019836,0.057373
0.01709,0.0030518,0.062256
0.017853,0.0047302,0.058594
0.016479,0.0067139,0.064697
0.014343,0.0050354,0.062256
0.011292,0.0059509,0.065918
0.0079346,0.0057983,0.070801
0.0083923,0.0061035,0.068359
0.0059509,0.0056458,0.073242
0.0090027,0.0076294,0.064697
0.009613,0.0085449,0.067139
0.0088501,0.009613,0.064697
0.0085449,0.0090027,0.068359
0.0036621,0.0079346,0.05249
0.0086975,0.005188,0.042725
0.009613,0.002594,0.05127
0.010834,0.00076294,0.050049
0.010529,-0.00030518,0.043945
0.0080872,0.0012207,0.048828
0.0042725,-0.00091553,0.042725
-0.00015259,-0.0030518,0.045166
-0.0018311,-0.0068665,0.040283
-0.0024414,-0.0076294,0.041504
-0.00045776,-0.010223,0.028076
0.0038147,-0.012665,0.042725
0.0068665,-0.016174,0.041504
0.0082397,-0.018311,0.041504
0.0088501,-0.017395,0.046387
0.0083923,-0.021362,0.041504
0.0074768,-0.023346,0.042725
0.0073242,-0.019073,0.040283
0.007782,-0.017395,0.029297
0.0083923,-0.024414,0.040283
0.0085449,-0.023041,0.037842
0.0076294,-0.022888,0.037842
0.0065613,-0.02243,0.045166
0.0064087,-0.018311,0.043945
0.0094604,-0.017853,0.045166
0.014801,-0.022736,0.054932
0.019531,-0.024719,0.054932
0.022736,-0.02243,0.053711
0.024719,-0.029602,0.061035
0.024567,-0.027618,0.058594
0.024719,-0.020447,0.063477
0.025635,-0.024261,0.053711
0.02655,-0.027313,0.063477
0.029755,-0.024567,0.067139
0.031281,-0.026245,0.062256
0.029907,-0.019989,0.067139
0.031128,-0.009613,0.062256
0.030212,-0.012207,0.043945
0.030212,-0.015259,0.061035
0.028839,-0.01358,0.061035
0.026703,-0.023193,0.064697
0.028076,-0.021973,0.065918
0.027313,-0.015411,0.064697
0.02121,-0.015717,0.067139
0.01358,-0.013733,0.061035
0.0082397,-0.010376,0.061035
0.010529,-0.011749,0.054932
0.013885,-0.0082397,0.058594
0.014801,-0.0074768,0.05127
0.015869,-0.0050354,0.056152
0.01358,-0.0018311,0.057373
0.01358,-0.00091553,0.05127
0.013885,0.00061035,0.042725
0.01358,-0.0027466,0.048828
0.016174,-0.00061035,0.03418
0.01709,-0.0032043,0.042725
0.017395,-0.004425,0.043945
0.015869,0.00045776,4.5764
0.011749,-0.0033569,4.8865
0.011597,0.00045776,4.9048
0.011444,0.0042725,4.9084
0.013885,0.005188,4.9072
0.017548,0.011749,4.906
0.02121,0.012207,4.9109
0.026245,0.015717,4.9121
0.027313,0.015259,4.9084
0.027924,0.017395,4.9109
0.024872,0.016785,4.9109
0.023193,0.015411,4.9109
0.024109,0.019379,4.9207
0.024567,0.015564,4.9146
0.023193,0.013123,4.9268
0.020905,0.010529,4.9182
0.017242,0.0067139,4.9133
0.013885,0.0094604,4.9243
0.014038,0.0088501,4.9219
0.015106,0.010223,4.9255
0.018158,0.01236,4.928
0.018158,0.014038,4.9255
0.01709,0.016785,4.9304
0.018616,0.017548,4.9304
0.014954,0.020599,4.9353
0.014954,0.024109,4.9304
0.013123,0.025177,4.9341
0.013275,0.025024,4.9255
0.010681,0.024109,4.9353
0.015259,0.025177,4.9353
0.017853,0.027771,4.9353
0.019989,0.029907,4.9365
0.019379,0.031586,4.9377
0.021057,0.029755,4.9438
0.021362,0.026703,4.9365
0.021362,0.016327,4.9377
0.023041,0.018768,4.9304
0.020599,0.016022,4.9316
0.018463,0.013733,4.9243
0.012512,0.011139,4.9268
0.0091553,0.0079346,4.9207
0.0065613,0.0035095,4.9243
0.007019,0.00045776,4.9194
0.0099182,-0.0024414,4.9207
0.013428,-0.0027466,4.906
0.01358,-0.0024414,4.9182
0.012207,-0.0016785,4.9158
0.0099182,0.00076294,4.9158
0.010834,0.0018311,4.9268
0.014496,0.0048828,4.9133
0.020752,0.0057983,4.9194
0.023041,0.007782,4.9121
0.024872,0.0088501,4.8926
0.024872,0.014343,4.9109
0.024414,0.018158,4.9121
0.02533,0.021057,4.9133
0.028839,0.023651,4.9109
0.032349,0.027924,4.9084
0.036011,0.028076,4.9121
0.037689,0.027161,4.9072
0.035553,0.023346,4.9109
0.032501,0.020447,4.9109
0.030975,0.016632,4.9182
0.031891,0.014648,4.9158
0.03479,0.015564,4.9255
0.037842,0.016327,4.9255
0.035553,0.015717,4.9255
0.032806,0.015717,4.9231
0.026703,0.015717,4.9304
0.022736,0.016632,4.9402
0.018616,0.0177,4.9268
0.017395,0.018005,0.048828
0.018463,0.015717,0.062256
0.018005,0.01358,0.059814
0.016479,0.0088501,0.061035
0.014038,0.0064087,0.062256
0.011444,0.0065613,0.058594
0.011444,0.0080872,0.063477
0.011444,0.0093079,0.061035
0.012817,0.0091553,0.068359
0.011902,0.0067139,0.062256
0.0097656,0.0019836,0.058594
0.0021362,0.00076294,0.064697
0.0027466,-0.00030518,0.065918
0.0027466,0.00091553,0.072021
0.0054932,0.00076294,0.061035
0.009613,-0.0015259,0.062256
0.014801,-0.0059509,0.05127
0.017242,-0.009613,0.041504
0.019226,-0.011292,0.05249
0.019684,-0.0099182,0.048828
0.019073,-0.0056458,0.042725
0.017242,-0.0022888,0.047607
0.018921,0.0018311,0.046387
0.019836,0.0024414,0.046387
0.020294,0.0057983,0.042725
0.020294,0.007782,0.045166
0.022125,0.009613,0.039063
0.020142,0.010376,0.040283
0.020447,0.0091553,0.042725
0.021057,0.0068665,0.042725
0.02243,0.0042725,0.0354
0.022736,0.0015259,0.042725
0.022278,0.00061035,0.040283
0.023346,-0.0027466,0.039063
0.019073,-0.00030518,0.040283
0.015106,0.00076294,0.039063
0.013123,-0.00015259,0.031738
0.011139,0.00045776,0.039063
0.0085449,0.0021362,0.042725
0.011139,0.0022888,0.041504
0.011444,0.0027466,0.047607
0.012512,-0.0010681,0.048828
0.010834,-0.0038147,0.05249
0.010529,-0.0059509,0.05249
0.011139,-0.0083923,0.061035
0.01236,-0.0057983,0.058594
0.015259,-0.0086975,0.062256
0.014954,-0.0080872,0.058594
0.014648,-0.0083923,0.065918
0.015259,-0.0050354,0.075684
0.015411,-0.00061035,0.062256
0.01709,0.0032043,0.062256
0.019073,0.0067139,0.054932
0.019073,0.0079346,0.05249
0.021667,0.0083923,0.062256
0.023193,0.0071716,0.063477
0.022888,0.0054932,0.065918
0.024109,0.0057983,0.064697
0.026855,0.0057983,0.062256
0.026855,0.0067139,0.065918
0.023193,0.0067139,0.062256
0.025482,0.0056458,0.062256
0.023346,0.0021362,0.054932
0.021362,0.00076294,0.057373
0.020294,-0.00045776,0.05249
0.018463,0.00091553,0.053711
0.018616,0.0038147,0.053711
0.019226,0.0050354,0.05127
0.021362,0.007019,0.053711
0.02243,0.0039673,0.047607
0.022583,0.00091553,0.059814
0.022736,-0.0013733,0.042725
0.021362,-0.00076294,0.0354
0.019836,0.0015259,0.0354
0.0177,0.0033569,0.039063
0.016937,0.0041199,0.036621
0.014038,0.0010681,0.040283
0.012665,-0.0038147,0.036621
0.01236,-0.0076294,0.032959
0.013123,-0.0083923,4.574
0.014496,-0.0064087,4.8901
0.016632,-0.0028992,4.9048
0.020294,-0.00061035,4.9109
0.023956,-0.00061035,4.9109
0.025787,-0.0028992,4.9097
0.028534,-0.0053406,4.9158
0.029755,-0.0065613,4.917
0.031891,-0.0059509,4.9158
0.032959,-0.0042725,4.9158
0.035248,-0.0033569,4.917
0.036011,-0.0054932,4.9219
0.036011,-0.0091553,4.9304
0.035706,-0.012665,4.9231
0.035706,-0.015106,4.928
0.035248,-0.015259,4.9292
0.032959,-0.014801,4.9329
0.035553,-0.011749,4.9268
0.035553,-0.0099182,4.9365
0.035553,-0.010834,4.9292
0.03418,-0.010376,4.9353
0.032654,-0.0094604,4.9304
0.030823,-0.0074768,4.9329
0.029755,-0.0047302,4.9304
0.027771,-0.002594,4.9377
0.029755,-0.00091553,4.9438
0.028229,-0.00030518,4.9402
0.024872,-0.004425,4.9402
0.023041,-0.0065613,4.9341
0.020905,-0.0071716,4.9158
0.018311,-0.0057983,4.9292
0.018311,-0.0035095,4.9231
0.020599,-0.0016785,4.9268
0.022125,0.0012207,4.9255
0.023804,-0.00045776,4.9182
0.024567,-0.00061035,4.9231
0.02533,-0.0019836,4.917
0.026245,-0.0036621,4.9207
0.026093,-0.0036621,4.9146
0.025787,-0.0036621,4.9231
0.025024,-0.0024414,4.9146
0.022888,-0.0022888,4.9194
0.020294,-0.0019836,4.917
0.018768,-0.0012207,4.9133
0.018005,-0.00091553,4.9097
0.016327,0.00030518,4.9121
0.016327,-0.00015259,4.8938
0.016632,-0.00045776,4.9097
0.017395,-0.00015259,4.9084
0.017242,-0.00030518,4.9097
0.01709,-0.0019836,4.9109
0.015106,-0.0050354,4.906
0.012054,-0.0083923,4.9109
0.007782,-0.010834,4.9109
0.0059509,-0.012817,4.9146
0.0045776,-0.0099182,4.9109
0.0039673,-0.007782,4.9194
0.0042725,-0.0033569,4.9158
0.0054932,0.0021362,4.9255
0.0074768,-0.0012207,4.9219
0.010223,-0.0027466,4.9268
0.014191,-0.0056458,4.9304
0.016937,-0.0036621,4.9341
0.020905,-0.0053406,4.9414
0.024414,-0.0045776,4.9341
0.026855,-0.0030518,4.9194
0.028992,-0.0012207,4.9353
0.027313,0.0013733,4.9304
0.027313,0.0042725,4.9304
0.025787,0.0064087,4.9316
0.026093,0.007782,4.9316
0.025787,0.007782,4.9329
0.024414,0.007019,0.062256
0.025482,0.007019,0.068359
0.026093,0.0013733,0.062256
0.027008,-0.00045776,0.067139
0.030975,-0.0022888,0.065918
0.027771,-0.0038147,0.064697
0.03006,-0.0059509,0.065918
0.029144,-0.0085449,0.059814
0.028076,-0.0099182,0.056152
0.024872,-0.010529,0.05249
0.023956,-0.010071,0.047607
0.02243,-0.010071,0.05127
0.019684,-0.011292,0.047607
0.017853,-0.013885,0.046387
0.017242,-0.015564,0.047607
0.017548,-0.015717,0.043945
0.020294,-0.01236,0.043945
0.022736,-0.009613,0.041504
0.02594,-0.0099182,0.045166
0.027313,-0.007019,0.0354
0.029907,-0.0065613,0.042725
0.031433,-0.0064087,0.041504
0.032806,-0.0057983,0.042725
0.033417,-0.0053406,0.039063
0.033569,-0.0038147,0.039063
0.032349,-0.0018311,0.050049
0.032196,-0.00076294,0.039063
0.03006,0.00061035,0.048828
0.03006,0.0016785,0.039063
0.03006,0.0024414,0.029297
0.030975,0.0033569,0.039063
0.030975,0.0027466,0.043945
0.031433,0.004425,0.045166
0.032043,0.004425,0.041504
0.031738,0.0073242,0.047607
0.031281,0.0030518,0.058594
0.031128,0.0041199,0.05249
0.031128,0.0050354,0.062256
0.030518,0.0056458,0.056152
0.028076,0.0053406,0.062256
0.025482,0.0045776,0.062256
0.023041,0.0033569,0.064697
0.020752,0.0024414,0.075684
0.018311,0.00045776,0.062256
0.01709,-0.0015259,0.057373
0.014343,-0.0021362,0.062256
0.011902,-0.0027466,0.065918
0.0093079,-0.0038147,0.062256
0.0068665,-0.0045776,0.064697
0.0065613,-0.0067139,0.067139
0.0050354,-0.0085449,0.065918
0.0054932,-0.010223,0.063477
0.0059509,-0.010834,0.061035
0.0053406,-0.010223,0.048828
0.0038147,-0.010376,0.058594
0.0027466,-0.007019,0.054932
0.0021362,-0.0059509,0.057373
0.0022888,-0.0067139,0.053711
0.0038147,-0.0074768,0.05127
0.0059509,-0.0090027,0.047607
0.0074768,-0.0082397,0.05127
0.0094604,-0.0047302,0.057373
0.011597,-0.0022888,0.047607
0.012665,0.00076294,0.059814
0.013275,0.002594,0.043945
0.014191,0.0028992,0.0354
0.015259,0.0032043,0.039063
0.016327,0.0032043,0.039063
0.016937,0.0042725,0.037842
0.018311,0.0056458,0.040283
0.018005,0.0057983,0.037842
0.018005,0.0056458,0.030518
0.015564,0.0018311,0.039063
0.016174,0.002594,0.042725
0.016937,0.00091553,0.036621
0.017548,0.00015259,0.041504
0.020599,0.00091553,0.041504
0.018463,-0.0013733,0.042725
0.019684,-0.00091553,4.5728
0.018768,0.0016785,4.8914
0.018311,0.0033569,4.9109
0.017242,0.0045776,4.9158
0.016785,0.0045776,4.9207
0.015564,0.0039673,4.9219
0.013428,0.0024414,4.917
0.010834,0.00030518,4.9243
0.0068665,-0.00061035,4.928
0.0039673,-0.00091553,4.928
0.0018311,-0.0016785,4.928
0.0015259,-0.0030518,4.9292
0.0033569,-0.0048828,4.9341
0.0010681,-0.0076294,4.9304
0.0061035,-0.007019,4.9316
0.0067139,-0.0057983,4.928
0.0061035,-0.0042725,4.9329
0.0056458,-0.0024414,4.9329
0.005188,-0.0028992,4.939
0.0065613,-0.002594,4.9451
0.0062561,-0.0080872,4.9353
0.0064087,-0.004425,4.9377
0.0088501,-0.0035095,4.9341
0.0099182,-0.0024414,4.9121
0.012512,-0.0024414,4.9255
0.014191,-0.0039673,4.9207
0.016479,-0.0065613,4.9255
0.018463,-0.0074768,4.9243
0.018463,-0.0076294,4.9182
0.019073,-0.0056458,4.9219
0.019226,-0.0033569,4.9158
0.0177,-0.0038147,4.9194
0.018311,-0.0035095,4.9121
0.017395,-0.0039673,4.917
0.018463,-0.004425,4.9121
0.019684,-0.0038147,4.9158
0.02121,-0.0027466,4.9158
0.023499,0,4.9133
0.025177,0.00045776,4.9121
0.025787,-0.00030518,4.9109
0.02533,-0.00091553,4.9097
0.024719,-0.0028992,4.9048
0.024719,-0.0030518,4.9084
0.023651,-0.0022888,4.9084
0.023346,-0.00015259,4.9036
0.021057,0.0015259,4.906
0.019989,0.0027466,4.9109
0.019684,0.002594,4.9109
0.020294,0.0021362,4.9133
0.024261,0.0027466,4.9097
0.025787,0.002594,4.9207
0.028381,0.002594,4.9182
0.029755,0.0016785,4.9219
0.030823,-0.00045776,4.9207
0.032501,-0.0033569,4.928
0.033264,-0.0039673,4.9353
0.03418,-0.0024414,4.9292
0.035095,0,4.9402
0.035248,0.0024414,4.9329
0.035706,0.004425,4.928
0.035095,0.0032043,4.9329
0.035553,0.0038147,4.9292
0.035095,0.0032043,4.9304
0.033722,0.0032043,4.9304
0.033722,0.0032043,4.9292
0.033417,0.0032043,4.917
0.035248,0.0039673,4.9316
0.036011,0.0045776,4.9426
0.037231,0.0050354,4.9353
0.037079,0.005188,4.9377
0.036163,0.0047302,4.9353
0.035095,0.0042725,4.9365
0.03418,0.0038147,4.9329
0.032654,0.0042725,0.057373
0.031891,0.0064087,0.063477
0.031891,0.0082397,0.054932
0.028534,0.0097656,0.063477
0.026245,0.011444,0.054932
0.025787,0.011749,0.054932
0.02533,0.011139,0.037842
0.02533,0.011292,0.045166
0.026855,0.012054,0.045166
0.026093,0.013275,0.045166
0.025635,0.013733,0.039063
0.023804,0.013275,0.046387
0.022888,0.011749,0.040283
0.018921,0.0065613,0.045166
0.017242,0.0036621,0.042725
0.016937,0.0012207,0.042725
0.015411,0.0016785,0.041504
0.011444,0.0033569,0.040283
0.01297,0.0050354,0.053711
0.012207,0.0048828,0.040283
0.01358,0.0035095,0.045166
0.015259,0.0032043,0.043945
0.01709,0.004425,0.025635
0.018616,0.0090027,0.042725
0.018921,0.011597,0.043945
0.020142,0.0099182,0.043945
0.020294,0.0067139,0.05127
0.020905,0.0035095,0.048828
0.022125,-0.0021362,0.054932
0.02243,-0.00045776,0.054932
0.02243,0.00076294,0.061035
0.022888,0.0041199,0.054932
0.021057,0.0068665,0.063477
0.019531,0.0064087,0.058594
0.019836,0.0045776,0.063477
0.018005,0.0030518,0.064697
0.0177,0.0016785,0.058594
0.016937,0.0022888,0.059814
0.016022,0.0024414,0.062256
0.017242,-0.0019836,0.079346
0.016937,-0.0015259,0.061035
0.017395,-0.0035095,0.057373
0.018005,-0.0050354,0.062256
0.015717,-0.0041199,0.063477
0.017395,-0.0013733,0.062256
0.017242,0.00045776,0.065918
0.017853,0.0021362,0.058594
0.0177,0.00045776,0.059814
0.019531,-0.00076294,0.056152
0.02121,-0.0027466,0.058594
0.021973,-0.0021362,0.050049
0.023041,-0.0028992,0.05127
0.024414,-0.0035095,0.05127
0.024109,-0.0038147,0.047607
0.02594,-0.0054932,0.053711
0.026245,-0.0028992,0.047607
0.027161,-0.00015259,0.047607
0.027618,0.0019836,0.043945
0.028076,0.0032043,0.032959
0.029144,0.0018311,0.040283
0.029755,0.00045776,0.040283
0.028381,-0.0016785,0.036621
0.027008,-0.0024414,0.041504
0.025787,-0.00076294,0.040283
0.024567,0.0024414,0.040283
0.024109,0.0028992,0.036621
0.024261,0.0036621,0.036621
0.024872,0.0012207,0.036621
0.025024,0.0013733,0.041504
0.025024,0.00045776,0.042725
0.02243,0.00091553,0.041504
0.026093,0.0016785,0.037842
0.025024,0.0016785,0.046387
0.02121,0.00091553,0.05127
0.021515,-0.0019836,0.047607
0.018616,-0.0021362,0.057373
0.015106,-0.0022888,0.053711
0.012054,-0.0028992,4.5239
0.0085449,0,4.895
0.0082397,0.00030518,4.9219
0.0059509,0.00091553,4.9268
0.0065613,0.00061035,4.9292
0.0085449,-0.00030518,4.9268
0.011139,-0.00030518,4.9414
0.01358,0.00076294,4.9316
0.016632,0.0018311,4.9292
0.018616,0.00076294,4.928
0.020447,0.002594,4.9341
0.020447,0.0027466,4.9292
0.020447,0.0022888,4.9353
0.020142,0.0022888,4.9438
0.018921,0.0028992,4.9365
0.018463,0.0041199,4.9341
0.018005,0.0021362,4.9341
0.019073,0.00045776,4.9377
0.019836,-0.00030518,4.928
0.022583,-0.0013733,4.9243
0.024872,-0.0010681,4.9316
0.027161,-0.00076294,4.9255
0.027771,0.00061035,4.9194
0.028076,0.0021362,4.9207
0.028687,0.0035095,4.9194
0.028229,0.0059509,4.9158
0.028229,0.0059509,4.9243
0.029297,0.0053406,4.9194
0.028687,0.0064087,4.9133
0.029144,0.0053406,4.9146
0.026703,0.0054932,4.9121
0.026398,0.0054932,4.9048
0.026245,0.0073242,4.9219
0.025482,0.0094604,4.9146
0.026855,0.011444,4.9219
0.027008,0.010681,4.9097
0.027008,0.0088501,4.9036
0.02655,0.0061035,4.9133
0.025635,0.0053406,4.9097
0.027466,0.0057983,4.9072
0.023956,0.0061035,4.9109
0.024109,0.0067139,4.9109
0.023956,0.0056458,4.9133
0.023193,0.004425,4.9121
0.02533,0.0030518,4.9194
0.02243,0.0010681,4.917
0.02121,0.0019836,4.9231
0.020752,0.0041199,4.9158
0.019226,0.0073242,4.928
0.019226,0.010071,4.9268
0.018158,0.012207,4.928
0.017853,0.010834,4.9268
0.017853,0.0074768,4.9329
0.017242,0.0053406,4.9414
0.016632,0.0032043,4.9341
0.018005,0.0032043,4.9158
0.018616,0.0039673,4.9292
0.018921,0.005188,4.9231
0.018005,0.005188,4.9304
0.016174,0.0064087,4.9353
0.015411,0.005188,4.9316
0.014954,0.0021362,4.939
0.014648,0.0015259,4.9377
0.015411,0.0013733,4.939
0.016937,0.0019836,4.9353
0.018005,0.0048828,4.9353
0.019226,0.0048828,4.9304
0.019836,0.0059509,4.9353
0.022278,0.005188,4.9377
0.02121,0.0016785,4.928
0.02182,-0.00061035,4.9231
0.02121,-0.0027466,4.9207
0.020447,-0.0042725,4.9011
0.019989,-0.0053406,0.15869
0.018463,-0.0076294,0.046387
0.0177,-0.0074768,0.043945
0.016937,-0.010223,0.046387
0.017242,-0.012054,0.039063
0.018921,-0.013885,0.041504
0.019989,-0.012665,0.037842
0.021667,-0.0099182,0.041504
0.022278,-0.0073242,0.037842
0.022278,-0.0042725,0.042725
0.02182,-0.0024414,0.041504
0.02182,-0.0024414,0.040283
0.024261,-0.0016785,0.042725
0.026398,-0.00061035,0.042725
0.030975,0.0010681,0.037842
0.03418,0.0021362,0.042725
0.033569,0.0021362,0.039063
0.03952,0.00061035,0.036621
0.040436,-0.0010681,0.037842
0.040131,-0.0039673,0.046387
0.039215,-0.0062561,0.046387
0.037231,-0.0076294,0.047607
0.035706,-0.0054932,0.053711
0.034485,-0.0042725,0.053711
0.034027,-0.0027466,0.058594
0.032959,-0.0035095,0.057373
0.032349,-0.0059509,0.063477
0.031433,-0.0086975,0.056152
0.031128,-0.009613,0.062256
0.030212,-0.0090027,0.061035
0.028839,-0.007782,0.063477
0.027313,-0.0061035,0.06958
0.024567,-0.0050354,0.063477
0.022583,-0.0047302,0.06958
0.021057,-0.0045776,0.062256
0.020294,-0.0028992,0.05249
0.020752,-0.00030518,0.062256
0.02182,0.0032043,0.064697
0.024261,0.0047302,0.067139
0.024872,0.0042725,0.068359
0.02655,0.0035095,0.061035
0.028839,0.0021362,0.062256
0.029907,0.0022888,0.059814
0.031128,0.0027466,0.059814
0.031891,0.0033569,0.050049
0.031128,0.0027466,0.053711
0.029602,0.0013733,0.050049
0.026398,-0.00015259,0.05249
0.023804,-0.0010681,0.047607
0.02182,-0.00091553,0.047607
0.022736,-0.00091553,0.05127
0.023651,-0.0010681,0.043945
0.024261,-0.0019836,0.05127
0.023956,-0.0030518,0.042725
0.024109,-0.0038147,0.030518
0.022888,-0.0057983,0.036621
0.023651,-0.0035095,0.037842
0.024261,-0.0033569,0.042725
0.024719,-0.0019836,0.037842
0.025177,0,0.028076
0.024719,0.00091553,0.040283
0.024109,0.0018311,0.037842
0.023041,0.0016785,0.041504
0.023804,0.00091553,0.039063
0.023651,0.0012207,0.041504
0.024261,0.00045776,0.041504
0.024567,0.00045776,0.045166
0.024414,-0.00076294,0.058594
0.025177,-0.0024414,0.047607
0.023956,-0.0033569,0.05127
0.024872,-0.0053406,0.050049
0.024261,-0.0061035,0.039063
0.025024,-0.0086975,0.057373
0.024567,-0.0083923,0.057373
0.024414,-0.0074768,0.057373
0.024414,-0.007782,0.056152
0.024109,-0.0082397,0.062256
0.024414,-0.010529,2.5171
0.023956,-0.014343,4.7839
0.024261,-0.01709,4.9207
0.024261,-0.016937,4.9255
0.023956,-0.014648,4.9292
0.02533,-0.0094604,4.9304
0.025482,-0.0099182,4.9353
0.025635,-0.010834,4.9341
0.02655,-0.011902,4.9377
0.025482,-0.012817,4.9426
0.026855,-0.012054,4.9353
0.027313,-0.007019,4.9475
0.028076,-0.0027466,4.9329
0.028381,-0.00076294,4.9158
0.030212,-0.00030518,4.928
0.03006,-0.0016785,4.9268
0.033112,-0.0032043,4.9219
0.032196,-0.004425,4.9243
0.032806,-0.0059509,4.9219
0.031433,-0.0071716,4.9194
0.032196,-0.007782,4.9158
0.028381,-0.0086975,4.9207
0.02655,-0.0068665,4.9121
0.024414,-0.010071,4.9158
0.02243,-0.0073242,4.9072
0.019226,-0.0057983,4.9207
0.020294,-0.0036621,4.917
0.019379,-0.0019836,4.9097
0.019379,-0.0041199,4.9084
0.019531,-0.0062561,4.906
0.019531,-0.0059509,4.9036
0.020905,-0.0042725,4.9109
0.021667,-0.0012207,4.9072
0.022125,0.00045776,4.9109
0.02121,0.0016785,4.9133
0.018921,0.00045776,4.9023
0.015411,-0.0022888,4.9109
0.010986,-0.0039673,4.9109
0.011749,-0.0061035,4.9158
0.0076294,-0.0059509,4.9158
0.0065613,-0.0054932,4.9231
0.0071716,-0.0056458,4.9231
0.0074768,-0.0068665,4.928
0.0041199,-0.0097656,4.9207
0.0038147,-0.012207,4.9304
0.0042725,-0.013123,4.9316
0.0056458,-0.01297,4.9304
0.0067139,-0.012817,4.9414
0.0080872,-0.0099182,4.9329
0.0079346,-0.010986,4.9121
0.0067139,-0.0054932,4.9292
0.0062561,-0.0041199,4.9341
0.0068665,-0.0032043,4.9304
0.007782,-0.0035095,4.9304
0.013275,-0.0032043,4.9292
0.016327,-0.0018311,4.939
0.017548,0.0013733,4.9353
0.018005,0.0047302,4.9353
0.016632,0.0056458,4.9341
0.015869,0.0068665,4.9365
0.0177,0.005188,4.9316
0.019073,0.0041199,4.9304
0.02182,0.004425,4.9414
0.021973,0.0057983,4.9268
0.018311,0.0073242,4.9219
0.021362,0.0094604,4.9255
0.019989,0.0082397,4.9011
0.021515,0.0059509,4.9207
0.020447,0.0042725,4.9146
0.023651,0.0021362,4.9158
0.023956,0.0021362,4.9158
0.022583,0.0062561,4.9109
0.020905,0.007782,4.9158
0.018463,0.0094604,4.9121
0.017548,0.0086975,0.041504
0.017395,0.0065613,0.037842
0.017548,0.0039673,0.041504
0.018616,0.0024414,0.040283
0.018311,0.0039673,0.042725
0.018463,0.0073242,0.037842
0.017548,0.010223,0.043945
0.0177,0.012665,0.046387
0.019073,0.012207,0.042725
0.020599,0.0099182,0.05127
0.021973,0.0074768,0.041504
0.020905,0.0076294,0.031738
0.019226,0.0090027,0.045166
0.016479,0.010529,0.045166
0.01236,0.012207,0.047607
0.01297,0.0090027,0.047607
0.012054,0.0056458,0.053711
0.012207,0.00061035,0.056152
0.011902,-0.0021362,0.056152
0.011902,-0.0033569,0.062256
0.0097656,-0.0022888,0.057373
0.013275,-0.00045776,0.064697
0.014954,0.0012207,0.064697
0.017853,0.0018311,0.064697
0.021515,0.0013733,0.072021
0.023499,-0.00030518,0.062256
0.022736,-0.00045776,0.061035
0.02121,0.0012207,0.062256
0.018616,0.0027466,0.067139
0.01709,0.0050354,0.065918
0.017242,0.007019,0.065918
0.019379,0.007782,0.065918
0.023193,0.0054932,0.064697
0.026093,0.0018311,0.062256
0.02655,-0.0010681,0.061035
0.027313,-0.0013733,0.054932
0.027161,-0.00030518,0.059814
0.028381,0.0013733,0.050049
0.028992,0.0032043,0.053711
0.030365,0.004425,0.053711
0.030365,0.0027466,0.050049
0.028687,0.00076294,0.045166
0.026855,-0.00091553,0.050049
0.024261,-0.0018311,0.061035
0.024872,-0.0016785,0.045166
0.027008,-0.00076294,0.061035
0.03006,-0.00045776,0.036621
0.033112,-0.0019836,0.03418
0.034027,-0.0028992,0.037842
0.034637,-0.0018311,0.037842
0.034485,-0.0013733,0.039063
0.033417,0.00076294,0.036621
0.033875,0.002594,0.036621
0.034332,0.002594,0.040283
0.03479,0.0038147,0.039063
0.033722,0.0032043,0.039063
0.031586,0.0024414,0.039063
0.030365,0.0027466,0.040283
0.028992,0.0035095,0.039063
0.029144,0.0033569,0.045166
0.030823,0.0015259,0.053711
0.032043,-0.0016785,0.047607
0.031433,-0.0024414,0.050049
0.029602,-0.0022888,0.05127
0.026093,0.0013733,0.05249
0.026093,0.004425,0.056152
0.023651,0.007019,0.061035
0.023499,0.0062561,0.058594
0.024567,0.0027466,0.057373
0.025482,0.0013733,0.058594
0.027161,0.00061035,0.061035
0.027924,0.0022888,0.059814
0.028381,0.0047302,0.062256
0.027466,0.0071716,0.058594
0.027618,0.0071716,0.065918
0.027466,0.0064087,0.059814
0.027618,0.0056458,0.063477
0.026093,0.0062561,4.4519
0.020294,0.0083923,4.9011
0.020905,0.011444,4.9377
0.016937,0.013123,4.9377
0.014801,0.01297,4.9365
0.015259,0.012054,4.9304
0.020142,0.0085449,4.9158
0.020905,0.0065613,4.9292
0.021973,0.0053406,4.9243
0.02243,0.0054932,4.9207
0.019073,0.0062561,4.9243
0.016174,0.0061035,4.9207
0.015411,0.0050354,4.9194
0.016632,0.0032043,4.917
0.017853,0.0012207,4.9182
0.0177,-0.0010681,4.9097
0.015259,-0.00030518,4.9146
0.014191,0.0016785,4.9158
0.013428,0.0035095,4.9182
0.014496,0.0065613,4.9072
0.017548,0.0083923,4.9121
0.025787,0.007019,4.9121
0.027008,0.0053406,4.9084
0.028534,0.0085449,4.9158
0.028839,0.0047302,4.9109
0.028534,0.0062561,4.8987
0.028992,0.0080872,4.906
0.031128,0.010223,4.9072
0.032654,0.010071,4.9084
0.032501,0.0091553,4.9133
0.032959,0.0061035,4.9084
0.032349,0.0059509,4.9158
0.029602,0.0042725,4.9158
0.026398,0.0041199,4.9182
0.024109,0.0042725,4.9194
0.023193,0.002594,4.9268
0.024719,0.0013733,4.9231
0.023346,-0.0048828,4.9292
0.022278,-0.0091553,4.9402
0.021515,-0.0097656,4.9316
0.019226,-0.0097656,4.9329
0.020599,-0.0091553,4.9329
0.023346,-0.0082397,4.9194
0.02655,-0.0079346,4.9304
0.029144,-0.0085449,4.9316
0.031128,-0.0076294,4.9304
0.030518,-0.0039673,4.9292
0.028992,0.00030518,4.9292
0.027771,0.0033569,4.9353
0.028839,0.0065613,4.9353
0.032349,0.009613,4.939
0.037079,0.0076294,4.9329
0.037994,0.009613,4.9341
0.040741,0.011292,4.9329
0.042114,0.012817,4.9316
0.042877,0.013275,4.9304
0.040283,0.010834,4.9255
0.040436,0.0064087,4.9304
0.039215,-0.002594,4.9243
0.037231,-0.0030518,4.9304
0.033875,-0.0039673,4.9219
0.029755,-0.00061035,4.9121
0.02533,0.0024414,4.9182
0.022736,0.0042725,4.9146
0.02243,0.0047302,4.9146
0.023499,0.0035095,4.9036
0.025635,0.00015259,4.9097
0.027008,-0.0027466,4.9133
0.028992,-0.0032043,4.9084
0.028534,-0.0016785,4.9084
0.027313,0.0019836,4.9084
0.025787,0.004425,4.9121
0.023193,0.0056458,0.041504
0.024719,0.0041199,0.042725
0.018005,0.0013733,0.050049
0.014038,-0.00076294,0.041504
0.010834,-0.0015259,0.046387
0.0071716,0.00015259,0.039063
0.0074768,0.0024414,0.03418
0.0085449,0.0030518,0.045166
0.012665,0.0016785,0.045166
0.016327,-0.0028992,0.048828
0.019379,-0.0064087,0.05127
0.019989,-0.0082397,0.054932
0.020294,-0.0085449,0.058594
0.019531,-0.0062561,0.056152
0.018616,-0.0041199,0.059814
0.019531,-0.0018311,0.063477
0.018005,-0.0012207,0.061035
0.019531,-0.00061035,0.065918
0.02121,-0.00045776,0.064697
0.018616,0,0.063477
0.0177,0.00076294,0.062256
0.016937,0.00091553,0.065918
0.018616,0.0012207,0.063477
0.020752,0.0010681,0.074463
0.022278,-0.0013733,0.067139
0.02182,-0.0039673,0.058594
0.020447,-0.0028992,0.064697
0.016937,-0.0027466,0.065918
0.014343,-0.00076294,0.062256
0.014038,0.00091553,0.064697
0.014954,0.0039673,0.057373
0.018005,0.0045776,0.058594
0.01709,0.0036621,0.05127
0.016937,-0.0015259,0.054932
0.015564,0.0021362,0.05127
0.014648,0.0022888,0.050049
0.013885,0.0018311,0.043945
0.014343,0.0018311,0.048828
0.018005,0.0012207,0.057373
0.017853,-0.00091553,0.046387
0.016937,-0.0015259,0.042725
0.013428,-0.0012207,0.041504
0.012817,0.00076294,0.024414
0.012512,0.0035095,0.0354
0.014191,0.0067139,0.041504
0.0177,0.0091553,0.037842
0.022125,0.0082397,0.037842
0.024109,0.0062561,0.0354
0.024414,0.004425,0.041504
0.023041,0.0030518,0.037842
0.02121,0.0036621,0.040283
0.019531,0.004425,0.036621
0.017853,0.0062561,0.045166
0.015869,0.007019,0.040283
0.01358,0.0048828,0.043945
0.011749,0.002594,0.046387
0.010223,0.00076294,0.048828
0.0076294,0.00030518,0.050049
0.0086975,0.00091553,0.057373
0.011597,0.0024414,0.064697
0.016174,0.0035095,0.054932
0.020142,0.0028992,0.046387
0.022736,0.0013733,0.057373
0.025024,-0.00030518,0.059814
0.025177,-0.0012207,0.061035
0.02533,-0.0010681,0.063477
0.023804,-0.0015259,0.059814
0.023193,-0.0019836,0.061035
0.02243,-0.0016785,0.059814
0.022583,-0.0036621,0.063477
0.022888,-0.0030518,0.059814
0.023651,-0.0024414,0.064697
0.024567,-0.0010681,0.063477
0.026245,0.0012207,0.067139
0.029297,0.00045776,0.075684
0.033112,-0.0010681,0.067139
0.034637,-0.0038147,0.064697
0.035553,-0.0061035,0.061035
0.034637,-0.0073242,2.9016
0.031128,-0.0064087,4.8047
0.028687,-0.0041199,4.9109
0.027161,-0.002594,4.9158
0.028381,-0.0019836,4.9207
0.027924,-0.0022888,4.917
0.030212,-0.0033569,4.9084
0.031128,-0.0035095,4.9158
0.033417,-0.0024414,4.9158
0.0354,0.00076294,4.9146
0.038452,0.0033569,4.9133
0.041962,0.0042725,4.9109
0.043793,0.002594,4.9158
0.043182,-0.00045776,4.9109
0.040283,-0.0041199,4.9121
0.0383,-0.0064087,4.9207
0.034637,-0.0061035,4.9109
0.033112,-0.0035095,4.9194
0.031738,0.00030518,4.9097
0.031891,0.0036621,4.8962
0.031738,0.0048828,4.9084
0.031128,0.0042725,4.9109
0.03067,0.0024414,4.9048
0.031281,0.0018311,4.9109
0.030823,0.0010681,4.9084
0.030975,0.002594,4.9121
0.03006,0.0041199,4.9146
0.028687,0.0038147,4.9219
0.02655,0.0038147,4.9182
0.024567,0.0032043,4.9243
0.023651,0.0036621,4.9255
0.022583,0.0048828,4.9292
0.02243,0.0065613,4.9377
0.023499,0.0080872,4.9292
0.024261,0.0082397,4.9268
0.026093,0.0065613,4.9341
0.027771,0.0048828,4.9377
0.031586,0.0041199,4.9329
0.030823,0.0013733,4.9207
0.031586,0.0061035,4.9304
0.030365,0.0074768,4.9304
0.029602,0.0071716,4.9304
0.029144,0.0071716,4.9365
0.029907,0.0065613,4.9316
0.027618,0.0048828,4.9365
0.024261,0.0056458,4.9329
0.021973,0.0059509,4.9353
0.021362,0.0059509,4.9292
0.022278,0.0033569,4.9329
0.02243,0,4.928
0.026245,-0.0035095,4.9292
0.023041,-0.0062561,4.9341
0.023956,-0.0076294,4.9255
0.02121,-0.0057983,4.9255
0.02121,-0.0068665,4.9182
0.022125,-0.0047302,4.9048
0.02182,-0.0038147,4.9158
0.021362,-0.0022888,4.9146
0.020752,-0.0012207,4.9109
0.020599,-0.0039673,4.9158
0.020447,0.00030518,4.9133
0.021515,0.00061035,4.9109
0.020447,0.0010681,4.9097
0.026398,0,4.9121
0.027924,0.0010681,4.9084
0.030212,0.00030518,4.9146
0.031281,-0.0010681,4.9133
0.030823,-0.0012207,4.9121
0.032043,-0.0022888,4.906
0.030212,-0.0035095,4.9109
0.026245,-0.005188,4.9084
0.022583,-0.007782,4.9109
0.019379,-0.010529,0.042725
0.016937,-0.012054,0.043945
0.016479,-0.010223,0.042725
0.01709,-0.0177,0.047607
0.018768,-0.016479,0.05127
0.019379,-0.018311,0.05249
0.020599,-0.019226,0.056152
0.022125,-0.019073,0.056152
0.023193,-0.019684,0.061035
0.024567,-0.017395,0.059814
0.024261,-0.015259,0.067139
0.025177,-0.010223,0.061035
0.02594,-0.0032043,0.064697
0.028534,-0.0027466,0.058594
0.03067,-0.00015259,0.059814
0.03479,0.002594,0.070801
0.037384,0.0035095,0.064697
0.040741,0.0024414,0.065918
0.042725,0.0053406,0.065918
0.043945,0.0048828,0.048828
0.04425,0.0036621,0.064697
0.043182,0.0012207,0.067139
0.041046,-0.00045776,0.062256
0.036926,-0.0018311,0.063477
0.032501,-0.0013733,0.054932
0.028687,-0.0016785,0.059814
0.027008,-0.0016785,0.053711
0.026398,-0.0019836,0.053711
0.026093,-0.0039673,0.047607
0.025482,-0.0061035,0.057373
0.024109,-0.0068665,0.05127
0.022888,-0.0079346,0.048828
0.02243,-0.0065613,0.05127
0.018005,-0.0062561,0.047607
0.019226,-0.0036621,0.047607
0.015717,-0.0024414,0.036621
0.013275,0.00015259,0.039063
0.010834,0.0018311,0.039063
0.0093079,0.002594,0.054932
0.010681,0.0022888,0.037842
0.011444,0.0018311,0.045166
0.014191,0.0045776,0.037842
0.014648,0.0047302,0.039063
0.014648,0.0036621,0.036621
0.015411,0.0015259,0.040283
0.015411,-0.00061035,0.036621
0.015717,-0.0021362,0.041504
0.016174,-0.0022888,0.036621
0.015259,-0.0018311,0.043945
0.015106,-0.0010681,0.047607
0.011444,-0.00030518,0.047607
0.01236,-0.00045776,0.057373
0.013123,-0.00061035,0.05127
0.014954,-0.00045776,0.064697
0.0177,0,0.054932
0.020599,0.0012207,0.048828
0.018463,0.0012207,0.058594
0.019531,0.0012207,0.059814
0.017242,0.00091553,0.058594
0.017853,0.00045776,0.059814
0.017548,0.00091553,0.059814
0.016785,0.0018311,0.061035
0.014496,0.00030518,0.057373
0.012054,0.010223,0.064697
0.0091553,0.012054,0.059814
0.0073242,0.01709,0.064697
0.007019,0.0177,0.06958
0.0083923,0.017395,0.067139
0.010986,0.016785,0.065918
0.012207,0.016785,0.063477
0.014038,0.016022,0.06958
0.015564,0.015717,0.063477
0.015869,0.014343,0.070801
0.014038,0.011444,0.058594
0.011444,0.0086975,0.048828
0.0090027,0.0057983,0.050049
0.0048828,0.0035095,0.05249
0.0016785,0.0032043,0.047607
0.0013733,0.0038147,1.4001
0.0019836,0.0065613,4.7083
0.0027466,0.0061035,4.9023
0.0047302,0.0068665,4.9097
0.0085449,0.0074768,4.9121
0.011749,0.0057983,4.9109
0.013733,0.0062561,4.917
0.013885,0.007782,4.9146
0.013733,0.009613,4.9133
0.01297,0.011749,4.9194
0.011139,0.013123,4.9109
0.010071,0.014191,4.9182
0.010681,0.012665,4.9109
0.0097656,0.010681,4.895
0.0099182,0.010376,4.9072
0.0097656,0.010071,4.9084
0.011139,0.0099182,4.9109
0.011444,0.0093079,4.9109
0.01297,0.0090027,4.9084
0.015411,0.0073242,4.9158
0.017242,0.0059509,4.9158
0.019073,0.0064087,4.917
0.019226,0.0062561,4.917
0.019379,0.0083923,4.9243
0.018616,0.010223,4.9219
0.018616,0.010529,4.9255
0.019836,0.0094604,4.9304
0.02243,0.0073242,4.9329
0.023346,0.0048828,4.9329
0.024109,0.0042725,4.9341
0.025024,0.0054932,4.9451
0.025482,0.0068665,4.9316
0.026245,0.0086975,4.9109
0.026855,0.0094604,4.9329
0.027313,0.0088501,4.9341
0.026855,0.0079346,4.9304
0.025024,0.007019,4.9341
0.02243,0.0056458,4.9329
0.019684,0.0054932,4.9353
0.016632,0.0057983,4.9341
0.014801,0.0047302,4.9377
0.013733,0.0035095,4.9304
0.014343,0.00030518,4.9329
0.014648,-0.0015259,4.9341
0.015869,-0.0021362,4.9304
0.01709,-0.0010681,4.9292
0.019379,0,4.9255
0.022583,0.00030518,4.9207
0.02594,-0.00015259,4.9182
0.029907,-0.00045776,4.9158
0.032043,-0.0015259,4.9194
0.034027,-0.00045776,4.9146
0.036163,0.0027466,4.9146
0.036469,0.0062561,4.9109
0.036163,0.0079346,4.9097
0.036316,0.0082397,4.9121
0.03479,0.0067139,4.9084
0.034485,0.0057983,4.9121
0.033569,0.0028992,4.906
0.03418,0.0036621,4.9146
0.034637,0.0047302,4.9109
0.032654,0.0074768,4.9121
0.033417,0.0093079,4.9048
0.032349,0.010376,4.9109
0.033112,0.010529,4.9194
0.031586,0.0080872,4.9097
0.033569,0.007782,4.9194
0.032196,0.0086975,4.9146
0.032043,0.010986,4.9011
0.030518,0.012054,4.9146
0.028839,0.012817,4.9194
0.027466,0.011749,4.9219
0.025024,0.0093079,0.057373
0.023956,0.0073242,0.056152
0.023499,0.0059509,0.058594
0.021515,0.0064087,0.058594
0.023499,0.0065613,0.061035
0.024261,0.0074768,0.059814
0.02533,0.0086975,0.064697
0.027008,0.010529,0.062256
0.027771,0.012054,0.061035
0.029297,0.013733,0.073242
0.03006,0.014648,0.063477
0.03067,0.014038,0.061035
0.028992,0.012054,0.068359
0.025787,0.010834,0.064697
0.022125,0.0082397,0.065918
0.019379,0.0071716,0.065918
0.0177,-0.00076294,0.065918
0.017242,-0.0015259,0.062256
0.016022,-0.004425,0.057373
0.017548,-0.0057983,0.061035
0.018311,-0.0064087,0.054932
0.019226,-0.0041199,0.053711
0.020447,-0.0036621,0.05127
0.021667,-0.0018311,0.053711
0.022888,-0.00030518,0.048828
0.024719,0.0035095,0.048828
0.027313,0.0030518,0.048828
0.028992,0.0041199,0.047607
0.030823,0.0048828,0.056152
0.031128,0.0039673,0.046387
0.031738,0.0010681,0.054932
0.028229,-0.00030518,0.041504
0.027161,-0.00061035,0.031738
0.027008,-0.0012207,0.041504
0.026398,-0.0016785,0.040283
0.024261,-0.0016785,0.03418
0.021515,-0.0016785,0.037842
0.019379,-0.0035095,0.037842
0.018311,-0.0030518,0.039063
0.0177,-0.0027466,0.036621
0.018463,-0.0028992,0.040283
0.016632,-0.0035095,0.040283
0.016937,-0.0088501,0.041504
0.0177,-0.014038,0.045166
0.018616,-0.018768,0.050049
0.018768,-0.021667,0.047607
0.018311,-0.022888,0.048828
0.021667,-0.020142,0.05127
0.024567,-0.014954,0.057373
0.025177,-0.0086975,0.057373
0.025482,-0.0021362,0.058594
0.025482,0.0022888,0.050049
0.027924,0.0045776,0.061035
0.031891,0.0061035,0.059814
0.035095,0.0091553,0.061035
0.041351,0.0073242,0.061035
0.044556,0.005188,0.058594
0.045319,0.00045776,0.062256
0.042877,-0.0022888,0.061035
0.038605,-0.0056458,0.063477
0.036469,-0.0082397,0.064697
0.031586,-0.0076294,0.064697
0.027924,-0.004425,0.063477
0.026703,-0.0030518,0.067139
0.02182,-0.0019836,0.081787
0.018616,-0.0022888,0.062256
0.013885,-0.0039673,0.062256
0.013733,-0.007019,0.058594
0.015869,-0.002594,0.039063
0.018463,-0.00030518,0.053711
0.021362,0.0024414,0.050049
0.022583,0.0028992,0.047607
0.021362,-0.00015259,0.048828
0.019684,-0.0050354,0.045166
0.017853,-0.0086975,0.05127
0.016174,-0.0088501,0.042725
0.015869,-0.0059509,0.045166
0.014954,-0.0016785,0.039063
0.013885,0.00076294,3.175
0.01236,0.0032043,4.8059
0.012665,-0.0016785,4.9023
0.014496,-0.0033569,4.9072
0.017395,-0.0030518,4.9097
0.022278,-0.00091553,4.9109
0.026398,0.00045776,4.9121
0.028076,0.0015259,4.906
0.027313,0.00091553,4.9109
0.02533,-0.0015259,4.895
0.023041,-0.0015259,4.9109
0.019073,-0.0035095,4.9084
0.016479,0.002594,4.9109
0.013733,0.0047302,4.9133
0.011139,0.0048828,4.9146
0.010529,0.0028992,4.917
0.011444,-0.0015259,4.9133
0.011749,-0.0047302,4.9255
0.01236,-0.007019,4.9194
0.013275,-0.0079346,4.9255
0.014801,-0.007019,4.9255
0.014343,-0.0059509,4.9292
0.013885,-0.0041199,4.9414
0.010529,-0.00091553,4.9329
0.0091553,0.0019836,4.9377
0.0064087,0.0048828,4.9341
0.0080872,0.0074768,4.9268
0.011749,0.0093079,4.9316
0.015259,0.010986,4.928
0.018768,0.012207,4.9304
0.023956,0.012512,4.9329
0.024261,0.01236,4.9353
0.027618,0.012054,4.9353
0.029297,0.011292,4.9341
0.030365,0.0085449,4.9365
0.029449,0.0091553,4.9304
0.027313,0.0061035,4.9365
0.023651,0.004425,4.9304
0.019073,0.0036621,4.9316
0.015106,0.0027466,4.9255
0.011597,0.0036621,4.928
0.009613,0.0050354,4.9292
0.010986,0.0064087,4.9207
0.012054,0.0074768,4.9292
0.012817,0.0076294,4.9194
0.013275,0.0086975,4.9182
0.01358,0.0086975,4.9121
0.01297,0.0094604,4.917
0.01358,0.011597,4.9146
0.012512,0.012207,4.9121
0.011597,0.012817,4.906
0.0097656,0.011444,4.9121
0.007019,0.010986,4.9072
0.0050354,0.0094604,4.9109
0.0042725,0.0076294,4.9121
0.0039673,0.0065613,4.9146
0.0047302,0.0039673,4.9109
0.0061035,0.0028992,4.9109
0.007782,0.0015259,4.9243
0.010071,0.0010681,4.9109
0.011749,0.00061035,4.9146
0.01358,-0.00076294,4.9158
0.014496,-0.0022888,4.8975
0.015869,-0.0028992,4.917
0.017853,-0.0028992,4.9207
0.019684,-0.0015259,4.9207
0.021362,-0.00061035,4.9231
0.022888,-0.0042725,4.9207
0.024261,-0.0013733,4.9304
0.024872,-0.0019836,4.9292
0.026245,-0.0019836,4.9304
0.02594,-0.00045776,4.9292
0.026703,0.002594,0.064697
0.028687,0.005188,0.058594
0.028992,0.0065613,0.064697
0.029602,0.0050354,0.067139
0.028687,0.0039673,0.063477
0.027924,0.0030518,0.062256
0.027618,0.0032043,0.064697
0.027924,0.0032043,0.076904
0.028381,0.002594,0.065918
0.029144,0.00091553,0.059814
0.029144,-0.0018311,0.064697
0.028992,-0.0050354,0.065918
0.027466,-0.0071716,0.061035
0.026093,-0.010071,0.061035
0.023499,-0.012054,0.058594
0.022278,-0.012665,0.056152
0.021057,-0.012054,0.05127
0.02243,-0.0093079,0.056152
0.023041,-0.0061035,0.050049
0.024414,-0.0018311,0.050049
0.026245,0,0.05249
0.028839,0.00076294,0.050049
0.032654,0.0015259,0.054932
0.036316,0.0018311,0.046387
0.038757,0.002594,0.050049
0.03952,0.0038147,0.041504
0.0383,0.0038147,0.028076
0.035706,0.0039673,0.030518
0.033112,0.002594,0.039063
0.030518,0.0016785,0.039063
0.028229,0.00030518,0.036621
0.02533,-0.00045776,0.037842
0.023193,-0.00076294,0.039063
0.022888,-0.00015259,0.039063
0.02243,-0.0016785,0.039063
0.022888,-0.0032043,0.039063
0.02533,-0.0045776,0.042725
0.028229,-0.0042725,0.043945
0.031281,-0.0033569,0.05127
0.031433,-0.00091553,0.045166
0.032349,0.0013733,0.047607
0.029602,0.0021362,0.05127
0.026703,-0.00061035,0.048828
0.025482,0.00015259,0.063477
0.023346,-0.00030518,0.061035
0.022583,0.0012207,0.046387
0.022583,0.0036621,0.054932
0.022583,0.0016785,0.064697
0.024567,0.0056458,0.059814
0.026398,0.0045776,0.061035
0.029602,0.002594,0.061035
0.029602,0.0015259,0.05127
0.029602,0.00091553,0.058594
0.028534,0.0018311,0.063477
0.024872,0.0012207,0.062256
0.02121,-0.0012207,0.064697
0.016022,-0.0047302,0.063477
0.010223,-0.0088501,0.065918
0.012665,-0.009613,0.078125
0.012665,-0.0093079,0.064697
0.013275,-0.0065613,0.062256
0.01358,-0.0041199,0.061035
0.014954,-0.0030518,0.047607
0.017548,-0.0038147,0.05249
0.020294,-0.0013733,0.053711
0.025177,-0.0045776,0.048828
0.027924,-0.002594,0.050049
0.030365,-0.00061035,0.046387
0.030823,0.0015259,0.046387
0.028992,0.0015259,0.041504
0.026703,-0.00045776,0.048828
0.026093,-0.0012207,0.040283
0.026093,-0.0032043,0.047607
0.025024,-0.0033569,0.041504
0.022278,-0.0039673,0.041504
0.019989,-0.0050354,0.042725
0.016174,-0.0082397,0.037842
0.014954,-0.014496,0.05127
0.015259,-0.016479,4.3921
0.017395,-0.018311,4.8828
0.018311,-0.016174,4.9023
0.019379,-0.010986,4.9011
0.020142,-0.0047302,4.9097
0.021667,0.00030518,4.9097
0.024261,0.0028992,4.9097
0.025177,0.0045776,4.9133
0.028076,0.0039673,4.9182
0.03006,0.0021362,4.9146
0.031128,0.00091553,4.9146
0.029907,-0.0028992,4.9243
0.029755,-0.0048828,4.9158
0.029449,-0.0068665,4.9268
0.028687,-0.0067139,4.9377
0.028534,-0.0038147,4.9304
0.028839,-0.0012207,4.9451
0.029449,0,4.9329
0.030823,0.0010681,4.9329
0.032196,0.0024414,4.9316
0.033569,0.004425,4.9341
0.03479,0.0053406,4.9316
0.034943,0.0062561,4.9231
0.03418,0.0042725,4.9292
0.033875,0.0013733,4.9316
0.030823,-0.00030518,4.9316
0.026703,-0.0010681,4.9353
0.023499,0.00076294,4.9353
0.017853,0.00076294,4.9377
0.013428,0.0016785,4.9329
0.0074768,-0.00015259,4.9341
0.0047302,-0.0030518,4.9292
0.0048828,-0.0036621,4.9292
0.0064087,-0.0035095,4.9268
0.0085449,-0.0028992,4.9304
0.011902,-0.0021362,4.9329
0.010529,-0.0022888,4.9207
0.010376,-0.002594,4.9231
0.0068665,-0.0035095,4.9194
0.010071,-0.0039673,4.8987
0.0071716,-0.004425,4.917
0.0054932,-0.0024414,4.9109
0.0036621,-0.0013733,4.9158
0.00076294,-0.0012207,4.9109
0.00076294,-0.0015259,4.9097
0.0013733,0.0013733,4.9158
0.0059509,-0.002594,4.9158
0.011292,-0.00076294,4.9109
0.015564,-0.00030518,4.9084
0.019226,0.0021362,4.9133
0.021057,0.0035095,4.9109
0.020294,0.0073242,4.9121
0.018768,0.007782,4.9158
0.017853,0.0093079,4.9109
0.01709,0.0093079,4.9109
0.017242,0.0086975,4.9158
0.016174,0.0080872,4.9133
0.015259,0.0085449,4.9182
0.014191,0.0099182,4.9268
0.013275,0.011292,4.9243
0.013733,0.010376,4.9207
0.015869,0.0071716,4.9219
0.018158,0.0056458,4.9268
0.019531,0.0050354,4.9341
0.019073,0.0082397,4.9304
0.016327,0.010986,4.9304
0.01236,0.010834,4.9316
0.007782,0.009613,4.928
0.0042725,0.0054932,4.9329
0.0035095,0.0036621,4.9316
0.00030518,0.0057983,4.9329
-0.00045776,0.010529,0.067139
-0.0016785,0.015564,0.063477
-0.0032043,0.019989,0.06958
-0.0028992,0.018921,0.059814
-0.0019836,0.015259,0.053711
0.00091553,0.011597,0.068359
0.0039673,0.0079346,0.063477
0.0071716,0.009613,0.053711
0.0079346,0.01236,0.059814
0.0057983,0.01297,0.057373
0.0024414,0.011749,0.054932
0,0.0093079,0.05127
-0.0022888,0.0048828,0.05249
-0.0030518,0.004425,0.045166
-0.0019836,0.0041199,0.050049
-0.0018311,0.0068665,0.048828
-0.0015259,0.010376,0.048828
-0.0021362,0.012512,0.046387
-0.00015259,0.01236,0.043945
0.0047302,0.010223,0.046387
0.011597,0.0085449,0.041504
0.02121,0.0073242,0.040283
0.023651,0.0068665,0.040283
0.025024,0.010223,0.037842
0.023651,0.014648,0.036621
0.020752,0.01709,0.039063
0.018311,0.019531,0.036621
0.016785,0.018005,0.041504
0.016327,0.014343,0.037842
0.016327,0.010223,0.041504
0.015411,0.0094604,0.037842
0.015259,0.0086975,0.043945
0.014648,0.0080872,0.041504
0.016937,0.0083923,0.046387
0.020142,0.0065613,0.042725
0.022736,0.0035095,0.05127
0.02533,0.002594,0.064697
0.025787,-0.00076294,0.053711
0.023651,0.0045776,0.063477
0.021057,0.007019,0.072021
0.017548,0.0059509,0.043945
0.016327,0.0021362,0.058594
0.014496,-0.0022888,0.057373
0.014496,-0.0054932,0.061035
0.016174,-0.0054932,0.061035
0.019379,-0.0036621,0.057373
0.022125,-0.0013733,0.062256
0.02243,0,0.059814
0.023041,-0.00061035,0.062256
0.025482,-0.0010681,0.059814
0.028229,0,0.072021
0.03067,0.0010681,0.065918
0.031586,0.0016785,0.065918
0.03006,0.0021362,0.074463
0.028534,0.00015259,0.067139
0.026398,-0.0019836,0.064697
0.027466,-0.0033569,0.061035
0.027771,-0.0045776,0.067139
0.03006,-0.0033569,0.05249
0.030975,-0.0012207,0.050049
0.030212,-0.00015259,0.05127
0.027618,0.00030518,0.05127
0.02533,0.00076294,0.047607
0.025177,0.00076294,0.046387
0.027924,0.00030518,0.042725
0.030365,0.00030518,0.046387
0.032196,0.00015259,0.0354
0.031128,-0.00030518,0.042725
0.029602,0.0018311,0.042725
0.027313,0.0030518,0.042725
0.025635,0.0036621,0.041504
0.02533,0.0038147,0.039063
0.026703,0.0032043,0.047607
0.027313,0.0022888,0.040283
0.025177,0.0018311,0.048828
0.022278,0.0013733,0.037842
0.019379,0.0015259,0.026855
0.017548,0.0021362,0.03418
0.0177,0.00091553,1.6638
0.020447,0.00045776,4.718
0.022888,0.00015259,4.895
0.024567,0.0016785,4.9097
0.023499,0.0041199,4.8914
0.023804,0.0062561,4.9146
0.022125,0.0062561,4.9231
0.023346,0.0050354,4.9207
0.024567,0.0035095,4.9255
0.028534,0.0015259,4.928
0.029602,0.00076294,4.9292
0.028687,0.0054932,4.9255
0.027008,0.0033569,4.9329
0.023804,0.0050354,4.9329
0.022278,0.0050354,4.9329
0.022125,0.0018311,4.9414
0.024261,-0.0022888,4.9316
0.027313,-0.0057983,4.9133
0.028534,-0.0094604,4.9304
0.027466,-0.0088501,4.928
0.023193,-0.0076294,4.9329
0.02182,-0.0027466,4.9341
0.022583,0.00091553,4.9341
0.02533,0.0032043,4.9365
0.029907,0.0048828,4.9353
0.027924,0.0016785,4.9353
0.02594,-0.00015259,4.9304
0.023499,0.0016785,4.9304
0.02182,0.0041199,4.928
0.022736,0.0062561,4.928
0.02594,0.0076294,4.9341
0.030212,0.0057983,4.9255
0.034027,0.0032043,4.9182
0.035248,-0.0012207,4.9243
0.032654,-0.0027466,4.9048
0.030365,-0.0032043,4.9146
0.028076,-0.0024414,4.9194
0.026093,-0.0016785,4.9146
0.026245,-0.0032043,4.9121
0.02182,-0.0068665,4.9109
0.026093,-0.0090027,4.9109
0.025635,-0.011292,4.9084
0.023346,-0.014191,4.9097
0.021362,-0.018158,4.9048
0.021057,-0.0177,4.9133
0.021973,-0.015869,4.9084
0.024109,-0.0093079,4.9109
0.02533,-0.007782,4.9109
0.024719,-0.0035095,4.9109
0.023651,-0.00076294,4.9194
0.02182,-0.00045776,4.9133
0.020142,-0.0015259,4.9231
0.02121,-0.0018311,4.9133
0.023804,-0.0024414,4.9048
0.02533,-0.00015259,4.9194
0.029602,0.0030518,4.9194
0.028381,0.0056458,4.9243
0.031281,0.007019,4.9231
0.030975,0.0093079,4.9243
0.030975,0.011902,4.9243
0.032654,0.013885,4.9316
0.033417,0.012817,4.9341
0.033264,0.010834,4.9292
0.032654,0.0065613,4.928
0.03067,0.0035095,4.9304
0.028839,0.0021362,4.9316
0.027618,0.0027466,4.9377
0.027924,0.0045776,4.9341
0.030212,0.0057983,4.9365
0.030975,0.0053406,4.939
0.030975,0.0033569,4.9353
0.030212,0.0015259,4.9365
0.025024,0.0018311,0.065918
0.022125,0.002594,0.063477
0.020599,0.0045776,0.061035
0.018768,0.0048828,0.057373
0.018616,0.0019836,0.058594
0.01709,-0.0019836,0.05127
0.015106,-0.0050354,0.054932
0.011444,-0.0035095,0.046387
0.0090027,0.00076294,0.05249
0.0071716,0.0047302,0.048828
0.007782,0.0071716,0.05249
0.0088501,0.0057983,0.042725
0.010223,-0.00045776,0.043945
0.011139,-0.005188,0.057373
0.010681,-0.007019,0.045166
0.01236,-0.0057983,0.05127
0.012207,-0.0027466,0.041504
0.013123,-0.0024414,0.0354
0.014496,-0.0018311,0.037842
0.016632,-0.0033569,0.040283
0.017548,-0.0036621,0.040283
0.016632,-0.0012207,0.039063
0.015106,0.0019836,0.037842
0.015106,0.0050354,0.039063
0.015106,0.0045776,0.036621
0.01709,0.0012207,0.043945
0.020142,-0.0018311,0.037842
0.020447,-0.0047302,0.045166
0.019379,-0.0048828,0.047607
0.014343,-0.0013733,0.048828
0.012665,0.0015259,0.061035
0.0099182,0.0036621,0.050049
0.0090027,0.0038147,0.05249
0.0093079,0.0048828,0.056152
0.010986,0.004425,0.05249
0.011139,0.0045776,0.057373
0.010223,0.0082397,0.073242
0.0080872,0.0021362,0.061035
0.0057983,0.0010681,0.059814
0.0039673,-0.00030518,0.058594
0.0045776,0.00091553,0.063477
0.0054932,-0.00091553,0.056152
0.0068665,0.0013733,0.063477
0.0073242,-0.00076294,0.057373
0.0038147,-0.0032043,0.065918
0.0016785,-0.0042725,0.062256
0.0012207,-0.0027466,0.065918
0.0027466,0.00045776,0.067139
0.0054932,0.0032043,0.067139
0.0093079,0.0035095,0.073242
0.012207,0.0021362,0.062256
0.013733,0.00091553,0.068359
0.014496,0,0.056152
0.014801,0.00076294,0.045166
0.014801,0.004425,0.053711
0.015259,0.005188,0.05127
0.015259,0.0059509,0.043945
0.014496,0.0028992,0.047607
0.01358,-0.0015259,0.037842
0.012207,-0.004425,0.046387
0.012207,-0.0036621,0.043945
0.012512,-0.0015259,0.042725
0.014954,0.0018311,0.039063
0.016785,0.0036621,0.042725
0.018463,0.002594,0.041504
0.019379,0.0012207,0.042725
0.020294,-0.0015259,0.0354
0.021515,-0.00061035,0.039063
0.02121,0.0028992,0.041504
0.02182,0.0057983,0.039063
0.02182,0.0065613,0.039063
0.02182,0.0065613,0.039063
0.021973,0.0038147,0.029297
0.021362,0.0012207,0.039063
0.020752,0,0.042725
0.019836,-0.00045776,0.039063
0.019531,-0.0010681,0.045166
0.020447,-0.0030518,0.041504
0.022125,-0.0062561,3.1128
0.022888,-0.010529,4.8071
0.022736,-0.01297,4.9133
0.020752,-0.012817,4.9182
0.018921,-0.010834,4.9255
0.017242,-0.0074768,4.9268
0.015106,-0.0042725,4.9304
0.014496,-0.0030518,4.9426
0.014648,-0.0038147,4.9304
0.014801,-0.0054932,4.9292
0.016327,-0.0067139,4.9329
0.017853,-0.0061035,4.9182
0.020599,-0.0038147,4.9268
0.024109,-0.00076294,4.9304
0.027466,0.0010681,4.9316
0.029755,-0.00015259,4.9316
0.031281,-0.0018311,4.9316
0.030518,-0.0036621,4.939
0.028687,-0.0067139,4.9353
0.028076,-0.0059509,4.9365
0.02655,-0.0047302,4.9255
0.027313,-0.0036621,4.9341
0.027924,-0.0033569,4.9255
0.028839,-0.0045776,4.928
0.030212,-0.0071716,4.9292
0.031281,-0.0090027,4.9255
0.029144,-0.0085449,4.9292
0.025482,-0.0053406,4.9231
0.027008,-0.00091553,4.9304
0.027313,0.0024414,4.917
0.027924,0.0045776,4.9158
0.027008,0.0033569,4.917
0.027466,0.0013733,4.9146
0.026398,0.00076294,4.9121
0.025482,0.0015259,4.9121
0.025482,0.0042725,4.9072
0.025177,0.0085449,4.9097
0.025787,0.010529,4.9084
0.025787,0.010529,4.9109
0.025177,0.0086975,4.9084
0.024719,0.0061035,4.9121
0.024567,0.0053406,4.9121
0.023804,0.0057983,4.9097
0.023499,0.0062561,4.9158
0.022583,0.007019,4.9133
0.02243,0.0061035,4.9158
0.02121,0.0038147,4.9133
0.019226,0.0018311,4.9097
0.018463,-0.00061035,4.917
0.017853,-0.0010681,4.9194
0.017548,-0.00076294,4.9194
0.017548,0.0021362,4.9243
0.018616,-0.00076294,4.9121
0.019531,-0.0033569,4.9268
0.019989,-0.0041199,4.9255
0.019379,-0.0042725,4.9341
0.019989,-0.0024414,4.928
0.019073,-0.0012207,4.9329
0.018768,0.00030518,4.9316
0.019226,0,4.9329
0.020905,-0.0028992,4.9304
0.020142,-0.0042725,4.9329
0.02182,-0.0074768,4.928
0.020447,-0.0086975,4.9402
0.019836,-0.0085449,4.9451
0.019073,-0.0088501,4.9353
0.017853,-0.009613,4.9219
0.016632,-0.009613,4.9377
0.016327,-0.0090027,4.9329
0.015259,-0.0076294,4.9329
0.014191,-0.0074768,4.9304
0.014496,-0.0080872,4.9268
0.01709,-0.011597,4.9255
0.019531,-0.0065613,0.054932
0.023651,-0.0048828,0.05127
0.02655,-0.0013733,0.05127
0.028839,0.00015259,0.048828
0.03006,0.0038147,0.047607
0.030975,-0.00091553,0.046387
0.031738,-0.0013733,0.053711
0.031586,-0.00061035,0.042725
0.033417,0.0022888,0.045166
0.034332,0.0038147,0.041504
0.034943,0.0030518,0.021973
0.03479,-0.00076294,0.037842
0.031891,-0.0061035,0.037842
0.028687,-0.010529,0.039063
0.026703,-0.011139,0.037842
0.023193,-0.010376,0.037842
0.020447,-0.0090027,0.040283
0.017395,-0.0094604,0.039063
0.014801,-0.010529,0.040283
0.013275,-0.014801,0.037842
0.012817,-0.013733,0.043945
0.01297,-0.013123,0.040283
0.014496,-0.010834,0.036621
0.016632,-0.01358,0.047607
0.021057,-0.015106,0.05127
0.021667,-0.017853,0.05127
0.023804,-0.016174,0.065918
0.024567,-0.0082397,0.065918
0.025787,-0.007019,0.056152
0.02594,-0.002594,0.05249
0.023804,0.00015259,0.059814
0.021515,0,0.061035
0.018768,-0.0018311,0.053711
0.016479,-0.0021362,0.063477
0.017548,-0.0024414,0.054932
0.0177,0.00061035,0.062256
0.017395,0.00030518,0.061035
0.017242,-0.0027466,0.064697
0.017395,-0.0057983,0.061035
0.018311,-0.007782,0.065918
0.020599,-0.0088501,0.065918
0.023499,-0.0056458,0.06958
0.025482,-0.0012207,0.074463
0.028076,0.0032043,0.065918
0.027618,0.0048828,0.063477
0.027466,0.0068665,0.061035
0.022583,0.0068665,0.053711
0.014801,0.0053406,0.054932
0.007782,0.0033569,0.05249
0.0035095,0.0021362,0.048828
0.0013733,0,0.047607
-0.00045776,-0.0022888,0.047607
-0.0022888,-0.0062561,0.047607
-0.0030518,-0.010834,0.036621
-0.0013733,-0.017548,0.050049
0.0024414,-0.019379,0.041504
0.0033569,-0.019073,0.045166
0.004425,-0.016174,0.043945
0.0028992,-0.0094604,0.042725
0.0019836,-0.00076294,0.036621
0.00015259,0.0080872,0.042725
0,0.015564,0.047607
0.0016785,0.019836,0.041504
0.0059509,0.02182,0.05127
0.012512,0.019073,0.039063
0.020905,0.016479,0.029297
0.029907,0.010986,0.036621
0.0383,0.0097656,0.040283
0.04303,0.0086975,0.040283
0.043182,0.0076294,0.043945
0.038147,0.0071716,0.040283
0.03006,0.007019,0.046387
0.020294,0.0067139,0.045166
0.011597,0.0059509,0.054932
0.0033569,0.0048828,0.048828
-0.0016785,0.0048828,0.058594
-0.0047302,0.0056458,0.053711
-0.0033569,0.0059509,2.3962
0.0015259,0.0061035,4.7876
0.0085449,0.005188,4.9146
0.014191,0.0013733,4.928
0.017395,-0.0013733,4.9329
0.018616,-0.0027466,4.9329
0.016479,-0.0015259,4.9268
0.012054,0.0010681,4.917
0.0062561,0.0030518,4.9219
-0.00076294,0.0050354,4.9353
-0.0067139,0.0056458,4.9304
-0.012054,0.0054932,4.9353
-0.014954,0.0064087,4.9341
-0.013428,0.0065613,4.917
-0.0082397,0.007019,4.9268
0,0.0064087,4.9353
0.007782,0.0071716,4.9292
0.014801,0.0083923,4.9292
0.020905,0.010223,4.9243
0.023651,0.012512,4.9268
0.025635,0.014343,4.9316
0.027161,0.016022,4.9231
0.028992,0.016022,4.9268
0.031586,0.014954,4.917
0.032196,0.013428,4.906
0.032501,0.011597,4.9158
0.03067,0.010223,4.9072
0.027771,0.0085449,4.9109
0.025482,0.0068665,4.9146
0.023804,0.004425,4.9121
0.023956,0.00045776,4.9084
0.022583,-0.0022888,4.906
0.020599,-0.0048828,4.9109
0.017853,-0.005188,4.9084
0.014496,-0.0048828,4.9109
0.012817,-0.0041199,4.9133
0.013123,-0.0027466,4.9109
0.014343,-0.00091553,4.9097
0.015259,-0.00030518,4.9146
0.016479,0.0024414,4.9097
0.016479,0.0032043,4.9146
0.014343,0.0045776,4.9158
0.012207,0.0042725,4.9182
0.012207,0.0038147,4.9182
0.014191,0.0032043,4.9182
0.017548,0.0035095,4.9207
0.020752,0.0036621,4.9255
0.024261,0.0047302,4.9255
0.026093,0.0054932,4.9243
0.026398,0.0047302,4.9304
0.029449,0.0056458,4.9292
0.030518,0.0059509,4.9329
0.031891,0.0074768,4.9316
0.031738,0.0094604,4.9341
0.031891,0.011139,4.928
0.032654,0.011749,4.9255
0.033569,0.0099182,4.9377
0.03418,0.0079346,4.9353
0.032501,0.0053406,4.9377
0.031891,0.0035095,4.9365
0.030975,0.0018311,4.917
0.029449,0.00091553,4.9341
0.027313,0.00091553,4.9304
0.025787,-0.00030518,4.9329
0.024261,-0.00076294,4.9304
0.023651,-0.0018311,4.928
0.023651,-0.0019836,4.928
0.024261,-0.0024414,4.9243
0.025177,-0.0013733,4.9243
0.026703,0,4.9182
0.028229,0.0016785,4.9219
0.027924,0.0024414,4.917
0.02655,0.0033569,4.9231
0.025024,0.0030518,4.9109
0.022888,0.0010681,0.047607
0.02243,0.0019836,0.045166
0.022125,0.00030518,0.043945
0.022736,-0.0019836,0.043945
0.022583,-0.00015259,0.040283
0.024414,0.0028992,0.021973
0.026855,0.0061035,0.036621
0.030365,0.0088501,0.037842
0.033569,0.011139,0.037842
0.037231,0.013123,0.040283
0.038605,0.013275,0.036621
0.037842,0.014038,0.039063
0.036469,0.010223,0.037842
0.032959,0.005188,0.042725
0.031128,-0.00076294,0.039063
0.028534,-0.0057983,0.042725
0.026855,-0.0082397,0.047607
0.024261,-0.0065613,0.048828
0.023041,-0.0039673,0.058594
0.021973,0.00045776,0.054932
0.023041,0.0032043,0.065918
0.023041,0.002594,0.057373
0.023193,0.0012207,0.050049
0.024567,-0.00061035,0.057373
0.025024,-0.0019836,0.058594
0.026398,-0.0032043,0.058594
0.026398,-0.0033569,0.062256
0.025024,-0.0050354,0.062256
0.025482,-0.007782,0.062256
0.024567,-0.0094604,0.059814
0.023651,-0.011444,0.067139
0.021973,-0.010986,0.059814
0.02533,-0.010223,0.067139
0.021667,-0.0074768,0.068359
0.02243,-0.0048828,0.067139
0.025482,-0.004425,0.06958
0.025482,-0.0047302,0.067139
0.026093,-0.0064087,0.065918
0.026093,-0.0090027,0.061035
0.026245,-0.010529,0.070801
0.026398,-0.0064087,0.056152
0.026245,-0.0085449,0.036621
0.02533,-0.0059509,0.047607
0.024567,-0.005188,0.050049
0.023346,-0.0035095,0.047607
0.022888,-0.0022888,0.047607
0.022736,-0.0018311,0.041504
0.024567,0.00061035,0.048828
0.026703,0.0021362,0.042725
0.028076,0.0012207,0.042725
0.029449,-0.0022888,0.043945
0.03006,-0.0061035,0.045166
0.027771,-0.0090027,0.032959
0.030823,-0.010529,0.041504
0.030823,-0.0079346,0.05249
0.031433,-0.0062561,0.041504
0.030365,-0.005188,0.042725
0.029602,-0.0057983,0.040283
0.030823,-0.0076294,0.021973
0.028534,-0.0085449,0.0354
0.027771,-0.0091553,0.0354
0.02655,-0.0088501,0.037842
0.026093,-0.0082397,0.040283
0.024261,-0.0090027,0.037842
0.023346,-0.0093079,0.047607
0.023041,-0.010223,0.047607
0.024261,-0.0082397,0.05127
0.026703,-0.0068665,0.048828
0.027313,-0.004425,0.057373
0.028687,-0.0021362,0.054932
0.029602,0,0.061035
0.028839,0.00061035,0.061035
0.029907,0.0013733,0.061035
0.027924,0.0016785,0.063477
0.02655,0.0019836,0.061035
0.023651,0.00015259,0.074463
0.020599,-0.0021362,1.8445
0.019379,-0.0035095,4.7363
0.0177,-0.0036621,4.9194
0.01297,-0.0027466,4.928
0.016937,-0.00091553,4.9292
0.016785,-0.0012207,4.9365
0.016479,-0.0035095,4.9329
0.015869,-0.007782,4.9377
0.016022,-0.011292,4.9231
0.01358,-0.01358,4.9341
0.01358,-0.01297,4.928
0.012512,-0.011597,4.9304
0.010376,-0.010376,4.9268
0.0088501,-0.010681,4.9304
0.011749,-0.013275,4.9304
0.0074768,-0.014038,4.9219
0.0090027,-0.013733,4.9182
0.010986,-0.010986,4.9182
0.014801,-0.0088501,4.906
0.011749,-0.0064087,4.9109
0.014954,-0.005188,4.9109
0.015106,-0.0067139,4.9109
0.016022,-0.0068665,4.9121
0.018158,-0.0064087,4.9133
0.019073,-0.0035095,4.9109
0.019531,0.00076294,4.9097
0.019836,0.0030518,4.9109
0.019379,0.0071716,4.9072
0.019684,0.0059509,4.9146
0.019379,0.0045776,4.9109
0.020599,0.0035095,4.9133
0.022125,0.0021362,4.906
0.02243,0.0027466,4.9133
0.02182,0.0036621,4.9146
0.023041,0.0028992,4.9158
0.023346,-0.0012207,4.9207
0.02243,0.0021362,4.9182
0.022888,0.0015259,4.9036
0.023804,0.0010681,4.917
0.022125,0.00061035,4.9207
0.019531,-0.00015259,4.9231
0.016327,0.00045776,4.9219
0.012817,-0.0018311,4.9255
0.010376,-0.0027466,4.9304
0.0088501,-0.0010681,4.9255
0.0085449,-0.00091553,4.9341
0.0093079,0.00030518,4.928
0.010223,0.0021362,4.9365
0.0099182,0.0024414,4.9316
0.010681,0.0018311,4.9329
0.011292,0.0013733,4.9402
0.01297,-0.0012207,4.9365
0.015411,-0.00061035,4.9341
0.016327,0.00076294,4.9377
0.016479,0.00091553,4.9377
0.015259,0.00091553,4.9304
0.014343,0.0013733,4.9353
0.013428,0.0024414,4.9365
0.013123,0.004425,4.9304
0.014343,0.0061035,4.9268
0.01709,0.0080872,4.9292
0.019989,0.0085449,4.9255
0.02243,0.0097656,4.9194
0.025024,0.0085449,4.9194
0.026855,0.0088501,4.9219
0.028381,0.007782,4.917
0.030365,0.0053406,4.9207
0.031281,0.0035095,4.9158
0.031586,0.0035095,4.9194
0.030365,0.0053406,4.9243
0.028534,0.0050354,4.9158
0.026245,0.0047302,4.9255
0.023651,0.0013733,4.9072
0.021057,-0.0028992,4.9036
0.019836,-0.0056458,0.040283
0.019989,-0.0057983,0.037842
0.021362,-0.0053406,0.037842
0.021973,-0.0059509,0.041504
0.021973,-0.0080872,0.040283
0.022125,-0.011292,0.041504
0.020447,-0.013123,0.037842
0.018768,-0.011902,0.042725
0.0177,-0.0083923,0.0354
0.017548,-0.0030518,0.037842
0.016937,0.0022888,0.048828
0.017242,0.0050354,0.048828
0.018005,0.0042725,0.058594
0.0177,0.0033569,0.054932
0.020447,0.0024414,0.057373
0.022888,0.0016785,0.059814
0.026703,0.0036621,0.057373
0.030518,0.0050354,0.061035
0.032501,0.0061035,0.064697
0.034027,0.0065613,0.057373
0.034332,0.005188,0.062256
0.034485,0.0042725,0.062256
0.03479,0.0028992,0.061035
0.0354,0.0019836,0.057373
0.035706,0.0024414,0.064697
0.034485,0.0015259,0.062256
0.031738,-0.00015259,0.063477
0.030212,-0.0030518,0.068359
0.027618,-0.0068665,0.068359
0.026398,-0.0097656,0.062256
0.025787,-0.011444,0.057373
0.026093,-0.010223,0.074463
0.027161,-0.0071716,0.061035
0.028534,-0.0032043,0.062256
0.029602,0,0.057373
0.028076,0.0024414,0.041504
0.027008,0.0021362,0.05127
0.026855,0.002594,0.05127
0.027161,0.0041199,0.047607
0.027771,0.0061035,0.046387
0.028229,0.0079346,0.050049
0.029449,0.010223,0.041504
0.027924,0.010529,0.045166
0.027924,0.0061035,0.045166
0.026703,0.0080872,0.042725
0.027313,0.0067139,0.041504
0.028229,0.0079346,0.042725
0.028229,0.0093079,0.040283
0.028534,0.0091553,0.045166
0.028381,0.007019,0.041504
0.024872,0.0028992,0.037842
0.020599,-0.0018311,0.037842
0.018005,-0.0050354,0.032959
0.01709,-0.0061035,0.037842
0.016937,-0.0048828,0.046387
0.017548,-0.0042725,0.041504
0.018005,-0.0038147,0.041504
0.018768,-0.0053406,0.039063
0.019226,-0.0093079,0.045166
0.019379,-0.0082397,0.047607
0.020599,-0.0064087,0.05127
0.02243,-0.005188,0.050049
0.024567,-0.002594,0.056152
0.025177,0.0016785,0.054932
0.025482,0.00015259,0.058594
0.024872,-0.00015259,0.057373
0.02533,-0.00045776,0.064697
0.027161,-0.00061035,0.068359
0.029602,-0.0010681,0.061035
0.030823,-0.00061035,0.06958
0.031586,-0.00045776,0.061035
0.031128,-0.00061035,0.053711
0.03006,-0.0021362,0.059814
0.029755,-0.0053406,0.059814
0.028534,-0.0073242,0.062256
0.028229,-0.010834,0.064697
0.02655,-0.011292,0.063477
0.024719,-0.010529,4.0247
0.024261,-0.010376,4.8755
0.023956,-0.010071,4.9292
0.026093,-0.010681,4.9255
0.027618,-0.011749,4.9329
0.029449,-0.011444,4.9255
0.029907,-0.0088501,4.9268
0.030365,-0.0059509,4.9255
0.029907,-0.0018311,4.9255
0.030365,0.0010681,4.9243
0.028839,0.0030518,4.9182
0.028839,0.00061035,4.928
0.027313,-0.00045776,4.917
0.026855,0.00015259,4.9023
0.027618,0.0022888,4.9133
0.028534,0.0030518,4.9109
0.03067,0.0033569,4.9133
0.029144,0.002594,4.9133
0.032043,0,4.9084
0.032043,-0.0021362,4.9109
0.030823,-0.0028992,4.906
0.029144,-0.0036621,4.9084
0.026855,-0.0021362,4.9097
0.024261,-0.0030518,4.9133
0.020752,-0.005188,4.9097
0.01709,-0.007782,4.9097
0.015106,-0.009613,4.9243
0.014801,-0.0088501,4.9121
0.01709,-0.0064087,4.9182
0.018768,-0.0036621,4.9158
0.020142,-0.00045776,4.9048
0.022125,0.00076294,4.917
0.023193,0.0019836,4.9207
0.024109,0.00091553,4.9231
0.025482,0.0015259,4.9219
0.024414,0.0018311,4.9231
0.022125,0.0024414,4.928
0.016937,0.0027466,4.9304
0.010529,-0.00091553,4.9329
0.0050354,0.0013733,4.9268
0.0016785,0.00030518,4.9329
0.0012207,0.00030518,4.928
0.0030518,0.00076294,4.9316
0.0065613,0.0022888,4.9304
0.0097656,0.0035095,4.9365
0.010071,0.0038147,4.9365
0.011444,0.0024414,4.9353
0.013275,-0.00076294,4.9463
0.015564,-0.0022888,4.9341
0.017853,-0.005188,4.9146
0.017242,-0.0076294,4.9341
0.015717,-0.0093079,4.9329
0.011139,-0.0090027,4.9268
0.0057983,-0.007782,4.9316
0.0019836,-0.0057983,4.9243
0.0016785,-0.0042725,4.9255
0.0022888,-0.0021362,4.917
0.0053406,-0.0015259,4.9207
0.007782,-0.00015259,4.9182
0.0094604,0.0013733,4.9194
0.011444,0.0048828,4.9292
0.012207,0.0080872,4.9207
0.018616,0.010223,4.9231
0.018158,0.012207,4.9146
0.020599,0.012817,4.9121
0.02533,0.011444,4.9109
0.021667,0.011292,4.9011
0.018768,0.012512,4.9109
0.015411,0.01297,4.9109
0.011749,0.012512,4.9097
0.010376,0.012817,4.9133
0.010681,0.0085449,4.9133
0.011597,0.0035095,4.9097
0.01236,0.00061035,0.039063
0.012817,-0.0012207,0.041504
0.012054,-0.0022888,0.039063
0.0099182,-0.0012207,0.045166
0.012207,-0.0012207,0.037842
0.013275,-0.00061035,0.047607
0.014648,0.0010681,0.046387
0.015869,0.0030518,0.05127
0.012817,0.0064087,0.053711
0.011749,0.0099182,0.05249
0.0088501,0.01236,0.065918
0.0082397,0.013428,0.059814
0.010071,0.013428,0.047607
0.01236,0.013123,0.059814
0.014191,0.01236,0.065918
0.015106,0.012054,0.061035
0.014954,0.013428,0.062256
0.013733,0.01236,0.057373
0.013123,0.011597,0.062256
0.013885,0.0082397,0.061035
0.014801,0.0061035,0.067139
0.015717,0.0048828,0.062256
0.015869,0.0045776,0.06958
0.015106,0.0065613,0.063477
0.013885,0.0068665,0.067139
0.013275,0.0050354,0.080566
0.013123,0.0027466,0.064697
0.015869,-0.00030518,0.059814
0.018005,-0.00091553,0.059814
0.020447,-0.0027466,0.037842
0.021057,-0.0015259,0.054932
0.021515,0.0013733,0.05249
0.021973,0.0016785,0.047607
0.022278,0.0010681,0.05127
0.023956,-0.00076294,0.042725
0.02594,-0.0032043,0.053711
0.026398,-0.0045776,0.042725
0.024872,-0.0053406,0.046387
0.023041,-0.004425,0.040283
0.02121,-0.0033569,0.045166
0.019836,-0.0022888,0.040283
0.021362,-0.00061035,0.040283
0.023804,0.00030518,0.040283
0.026855,0.00045776,0.040283
0.028076,-0.00015259,0.046387
0.028076,0,0.041504
0.027466,0.0015259,0.05127
0.027466,0.0032043,0.039063
0.028839,0.0042725,0.031738
0.031891,0.0035095,0.037842
0.034332,0.0012207,0.040283
0.035706,-0.0018311,0.037842
0.035248,-0.0035095,0.045166
0.034637,-0.0036621,0.043945
0.032959,-0.0013733,0.047607
0.031281,0.002594,0.048828
0.031128,0.0047302,0.054932
0.031586,0.0039673,0.05249
0.033722,0.00091553,0.058594
0.034637,-0.0019836,0.061035
0.0354,-0.0022888,0.063477
0.036163,-0.00076294,0.063477
0.034943,0.0019836,0.064697
0.035858,0.0050354,0.063477
0.036926,0.005188,0.059814
0.036469,0.0032043,0.063477
0.034332,-0.0013733,0.062256
0.031586,-0.0038147,0.059814
0.02533,-0.0042725,0.061035
0.021057,-0.0028992,0.063477
0.018768,-0.0015259,0.062256
0.018768,-0.00091553,0.063477
0.020294,-0.0021362,0.054932
0.02243,-0.0039673,0.065918
0.024261,-0.0041199,0.059814
0.027313,-0.0033569,0.062256
0.028229,-0.00061035,0.058594
0.030518,0.0010681,1.5564
0.033264,0.0024414,4.7266
0.035248,0.0033569,4.9097
0.032654,0.0032043,4.928
0.035858,0.0021362,4.9182
0.032043,0.0010681,4.928
0.030212,0.002594,4.9072
0.026703,0.0024414,4.9048
0.025787,0.0016785,4.9109
0.026398,0.0015259,4.9158
0.024567,-0.004425,4.9109
0.029449,0.0019836,4.9133
0.028687,0.0022888,4.906
0.027771,0.0032043,4.9097
0.025635,0.0030518,4.9084
0.024719,0.00091553,4.9109
0.024261,-0.0027466,4.9072
0.025635,-0.0064087,4.9121
0.024719,-0.0094604,4.9109
0.025177,-0.011139,4.9133
0.026245,-0.0099182,4.9121
0.024414,-0.0079346,4.9121
0.024719,-0.0059509,4.9097
0.026703,-0.0033569,4.9158
0.029755,-0.0021362,4.9146
0.034027,-0.0015259,4.917
0.03418,-0.00045776,4.9182
0.035095,-0.002594,4.9207
0.035858,0.0010681,4.9243
0.036469,0.002594,4.9255
0.037537,0.0039673,4.928
0.03891,0.004425,4.928
0.040436,0.0036621,4.9292
0.040894,0.00076294,4.9304
0.03891,-0.0027466,4.9329
0.036316,-0.0057983,4.9255
0.032959,-0.0074768,4.9353
0.028992,-0.0071716,4.9292
0.026245,-0.0071716,4.9329
0.024872,-0.0076294,4.9402
0.024872,-0.0091553,4.9341
0.024567,-0.011597,4.9414
0.023956,-0.012817,4.9341
0.021362,-0.010529,4.9243
0.020294,-0.007019,4.9353
0.021057,-0.0036621,4.9329
0.024261,-0.00076294,4.9329
0.028839,-0.00091553,4.9304
0.033112,0.00045776,4.9292
0.035858,0.00091553,4.9255
0.036316,0.0018311,4.9207
0.036774,0.0038147,4.9243
0.037384,0.0068665,4.917
0.036774,0.009613,4.9182
0.037384,0.0094604,4.9231
0.037689,0.0068665,4.9194
0.037231,0.0021362,4.9158
0.03067,-0.0015259,4.9146
0.031433,-0.0033569,4.9109
0.028381,-0.0030518,4.9146
0.026245,-0.0015259,4.906
0.024414,0.00030518,4.9109
0.026245,0.00061035,4.906
0.024567,0.00061035,4.9097
0.024872,0.00030518,4.9109
0.023651,0.0015259,4.9097
0.02243,0.0030518,4.9097
0.02182,0.0033569,4.906
0.021515,0.0024414,4.9109
0.02243,0.0015259,4.9097
0.023041,-0.00076294,4.9133
0.02182,-0.0036621,4.9133
0.02121,-0.0050354,4.9194
0.016632,-0.0057983,0.046387
0.015259,-0.004425,0.05127
0.015869,-0.0021362,0.063477
0.018768,0.0013733,0.05249
0.021057,0.0038147,0.063477
0.022278,0.0057983,0.059814
0.02243,0.0053406,0.043945
0.019989,0.0028992,0.056152
0.017395,0,0.063477
0.015564,-0.0041199,0.058594
0.015717,-0.0067139,0.061035
0.015259,-0.0085449,0.057373
0.017548,-0.010071,0.063477
0.016785,-0.0082397,0.062256
0.018311,-0.0088501,0.065918
0.016785,-0.0057983,0.059814
0.018921,-0.0028992,0.068359
0.020905,-0.00015259,0.065918
0.024414,0.0045776,0.068359
0.027466,0.00076294,0.075684
0.027161,-0.0012207,0.065918
0.027008,-0.0028992,0.063477
0.02594,-0.0024414,0.061035
0.023804,-0.00091553,0.059814
0.02182,0.00015259,0.053711
0.019989,0.0013733,0.048828
0.018768,0.00015259,0.05127
0.014191,-0.0018311,0.048828
0.01236,-0.0027466,0.047607
0.0061035,-0.00091553,0.047607
0.0041199,0.002594,0.047607
0.0033569,0.005188,0.046387
0.0059509,0.0080872,0.040283
0.0071716,0.0085449,0.046387
0.011902,0.0065613,0.040283
0.015717,0.0032043,0.041504
0.015869,0.0028992,0.041504
0.015717,-0.00015259,0.042725
0.013733,-0.00061035,0.053711
0.011749,-0.00015259,0.040283
0.011139,-0.00076294,0.053711
0.0099182,-0.0010681,0.039063
0.0083923,-0.0033569,0.028076
0.0062561,-0.0053406,0.036621
0.004425,-0.0048828,0.040283
0.0033569,-0.0022888,0.037842
0.0042725,0.0012207,0.043945
0.0073242,0.004425,0.043945
0.011902,0.0061035,0.043945
0.016632,0.0054932,0.050049
0.019684,0.0045776,0.054932
0.02182,0.0050354,0.048828
0.022125,0.0054932,0.057373
0.02121,0.0067139,0.059814
0.020294,0.0076294,0.062256
0.019684,0.0065613,0.063477
0.018005,0.0033569,0.062256
0.016022,0.00015259,0.062256
0.01297,-0.0024414,0.058594
0.011444,-0.0022888,0.068359
0.011292,-0.00030518,0.061035
0.01297,0.0010681,0.05249
0.015411,0.0028992,0.058594
0.020294,0.0019836,0.063477
0.02243,0.0016785,0.064697
0.024567,0,0.064697
0.024872,0.00030518,0.063477
0.025482,0.00030518,0.067139
0.025177,-0.00030518,0.062256
0.027313,0.0027466,0.063477
0.028229,0.0039673,0.059814
0.029907,0.0033569,0.058594
0.029602,0.00076294,0.054932
0.029297,0.0019836,0.050049
0.028381,0.002594,0.062256
0.027924,0.0032043,0.05249
0.027161,0.0035095,0.047607
0.028381,0.0030518,0.047607
0.028381,0.002594,4.3835
0.027924,-0.0021362,4.8779
0.026245,-0.0056458,4.9084
0.024261,-0.0090027,4.9109
0.023041,-0.0076294,4.9097
0.023804,-0.0062561,4.9048
0.026245,-0.002594,4.9097
0.029449,0.00030518,4.9109
0.031281,0.0010681,4.9133
0.032196,0.0016785,4.9048
0.032349,0.00015259,4.9097
0.032349,-0.00076294,4.9084
0.034027,-0.0021362,4.9097
0.035553,-0.0028992,4.8828
0.035706,-0.0030518,4.9097
0.036011,-0.0042725,4.9084
0.033417,-0.0036621,4.9158
0.03067,-0.0038147,4.9219
0.028687,-0.0019836,4.9158
0.028687,0.00030518,4.9133
0.029602,0.0053406,4.9194
0.030975,0.0056458,4.9243
0.031433,0.0061035,4.9231
0.029907,0.0045776,4.9268
0.028076,0.00030518,4.928
0.026398,-0.0019836,4.9304
0.026398,-0.0024414,4.9268
0.028229,-0.0018311,4.9304
0.029144,0.00045776,4.928
0.029755,0.00061035,4.9304
0.029602,0.00030518,4.9304
0.029907,-0.00030518,4.9304
0.031891,-0.00015259,4.9451
0.032349,0.0028992,4.9353
0.032654,0.0065613,4.9353
0.032501,0.0083923,4.9377
0.031738,0.011292,4.9329
0.030518,0.007019,4.9329
0.029449,0.0018311,4.9365
0.029297,-0.0028992,4.928
0.028992,-0.0042725,4.9329
0.027924,-0.0012207,4.9255
0.028076,0.0027466,4.9255
0.026093,0.0062561,4.9158
0.025787,0.0071716,4.9255
0.023346,0.0036621,4.9182
0.020905,0.0027466,4.9194
0.020294,-0.0027466,4.9194
0.019684,-0.0041199,4.9182
0.019073,-0.0041199,4.9158
0.019989,-0.005188,4.9207
0.016632,-0.0047302,4.9207
0.019226,-0.0071716,4.9146
0.019531,-0.005188,4.9182
0.021515,-0.0032043,4.9084
0.021057,-0.0028992,4.8962
0.024109,-0.00015259,4.9146
0.024261,0.0027466,4.9072
0.023651,0.0016785,4.9109
0.022736,0.0021362,4.9097
0.02243,0.0059509,4.9048
0.022278,0.0059509,4.9109
0.023193,0.007019,4.9097
0.024261,0.0097656,4.9023
0.025177,0.0090027,4.9133
0.025635,0.0083923,4.9194
0.027771,0.0045776,4.917
0.026703,0.0030518,4.9207
0.02655,0.0016785,4.9341
0.02594,-0.0022888,4.9207
0.024261,-0.0057983,4.9255
0.021057,-0.007782,4.9304
0.018921,-0.0068665,0.056152
0.01709,-0.0065613,0.059814
0.016327,-0.0035095,0.061035
0.015411,-0.0015259,0.063477
0.015869,-0.0021362,0.067139
0.016327,-0.0056458,0.059814
0.021515,-0.0015259,0.063477
0.020905,-0.0010681,0.064697
0.022278,-0.00030518,0.065918
0.024414,-0.0041199,0.062256
0.025024,-0.0068665,0.073242
0.024719,-0.0074768,0.064697
0.025024,-0.0085449,0.067139
0.026093,-0.0076294,0.06958
0.027618,-0.0056458,0.065918
0.027618,-0.0032043,0.070801
0.026703,0.0019836,0.061035
0.028381,0.0035095,0.06958
0.031891,0.0033569,0.05249
0.036011,0.0028992,0.046387
0.038147,-0.0027466,0.048828
0.038757,-0.00061035,0.048828
0.036469,-0.00045776,0.046387
0.035706,-0.00030518,0.046387
0.030365,0.00015259,0.043945
0.028687,0.00045776,0.045166
0.026855,0.00015259,0.039063
0.02533,-0.0013733,0.045166
0.022736,-0.0041199,0.036621
0.02121,-0.0048828,0.045166
0.017548,-0.0032043,0.041504
0.017395,-0.0030518,0.040283
0.019226,-0.0035095,0.042725
0.02182,-0.0035095,0.03418
0.024261,-0.0036621,0.041504
0.024872,-0.0035095,0.039063
0.024567,-0.0010681,0.031738
0.023041,0.00061035,0.040283
0.020599,0.00091553,0.036621
0.019226,0.002594,0.039063
0.019531,0.0038147,0.042725
0.019379,0.0047302,0.045166
0.018921,0.0035095,0.047607
0.017548,0.00076294,0.047607
0.014496,-0.0032043,0.056152
0.01358,-0.0041199,0.05249
0.012512,-0.0045776,0.058594
0.014038,-0.0033569,0.058594
0.016632,-0.00061035,0.061035
0.018616,0.0015259,0.056152
0.018158,0.0036621,0.061035
0.018463,0.0074768,0.070801
0.017853,0.010223,0.059814
0.018463,0.010834,0.067139
0.019836,0.009613,0.063477
0.020752,0.0083923,0.043945
0.02121,0.0061035,0.059814
0.020905,0.0057983,0.064697
0.018158,0.0076294,0.064697
0.01709,0.009613,0.065918
0.014496,0.012512,0.061035
0.014191,0.01297,0.064697
0.01297,0.012817,0.064697
0.011139,0.013275,0.063477
0.0097656,0.014343,0.056152
0.004425,0.016327,0.059814
0.0071716,0.017548,0.053711
0.0068665,0.019379,0.054932
0.0073242,0.01709,0.058594
0.007782,0.013733,0.05127
0.0083923,0.010223,0.0354
0.0088501,0.0071716,0.048828
0.0086975,0.0030518,0.042725
0.007782,0.0082397,0.045166
0.0071716,0.010681,0.041504
0.0061035,0.012512,0.040283
0.0041199,0.013123,0.040283
0.0033569,0.013275,0.039063
0.002594,0.011597,4.0271
0.0038147,0.009613,4.8523
0.0039673,0.0082397,4.9048
0.0042725,0.0088501,4.9036
0.005188,0.0091553,4.9084
0.0048828,0.0076294,4.9109
0.0053406,0.0065613,4.9133
0.0057983,0.0047302,4.9097
0.0067139,0.0032043,4.9133
0.0085449,0.0032043,4.9219
0.0091553,0.0048828,4.9146
0.010071,0.0064087,4.9243
0.010681,0.0080872,4.917
0.011902,0.0088501,4.9084
0.014191,0.0086975,4.9194
0.016479,0.0080872,4.9207
0.018921,0.0071716,4.9219
0.019684,0.0071716,4.9255
0.019684,0.0061035,4.9194
0.018616,0.0039673,4.9304
0.017548,0.0022888,4.9304
0.016632,-0.00030518,4.9353
0.016479,-0.002594,4.9292
0.016937,-0.0047302,4.9353
0.017853,-0.0038147,4.9268
0.018768,-0.0033569,4.9329
0.019989,-0.0019836,4.9329
0.019989,-0.0010681,4.9353
0.019836,-0.0012207,4.9377
0.018921,-0.0013733,4.9377
0.018921,-0.0010681,4.9451
0.018158,-0.0010681,4.9377
0.019073,0.00091553,4.9304
0.019531,0.0018311,4.9292
0.018768,0.00045776,4.9304
0.018768,-0.002594,4.917
0.017853,-0.0054932,4.9268
0.020294,-0.0071716,4.9207
0.021973,-0.0067139,4.9219
0.022125,-0.0041199,4.9194
0.022736,-0.00076294,4.9182
0.020447,0.0018311,4.9158
0.018921,0.0022888,4.9207
0.019226,0.0010681,4.9146
0.020752,-0.0016785,4.9182
0.024109,-0.0042725,4.9268
0.026398,-0.0065613,4.9109
0.028839,-0.0064087,4.9133
0.030518,-0.0047302,4.9109
0.031128,-0.0036621,4.8914
0.030823,-0.0038147,4.9084
0.029907,-0.005188,4.9146
0.030212,-0.0079346,4.9109
0.029449,-0.0091553,4.9084
0.027771,-0.0073242,4.906
0.026703,-0.0042725,4.9109
0.024261,-0.00045776,4.9084
0.024261,0.0015259,4.9158
0.024109,0.0016785,4.9109
0.026093,0.0019836,4.9158
0.028229,0.0019836,4.9146
0.029907,0.00091553,4.9207
0.031433,0.00091553,4.9219
0.034027,0.0013733,4.9268
0.029602,-0.00015259,4.9243
0.031281,-0.00030518,4.928
0.029907,0.0012207,4.9402
0.029144,0.0016785,4.9231
0.029449,0.0030518,4.9231
0.029755,0.0050354,4.9316
0.030365,0.007019,4.9316
0.031281,0.010071,4.9292
0.033417,0.0064087,0.062256
0.033417,0.0062561,0.058594
0.033875,0.004425,0.065918
0.034332,0.0053406,0.063477
0.035095,0.0090027,0.065918
0.036469,0.0090027,0.063477
0.035706,0.010681,0.06958
0.032349,0.0085449,0.064697
0.030975,0.0047302,0.067139
0.029449,0.0019836,0.075684
0.028839,-0.0010681,0.061035
0.027618,-0.00091553,0.062256
0.028381,0.0018311,0.057373
0.028534,0.004425,0.045166
0.028381,0.0032043,0.053711
0.027313,0.0027466,0.05127
0.025635,-0.0022888,0.037842
0.024719,-0.0073242,0.048828
0.024719,-0.0071716,0.047607
0.026703,-0.0062561,0.047607
0.027313,-0.0012207,0.042725
0.028229,0.0018311,0.046387
0.027313,0.0024414,0.039063
0.030518,0.0024414,0.043945
0.032043,0.00091553,0.043945
0.033264,0.0018311,0.042725
0.034637,0.002594,0.037842
0.035248,0.005188,0.041504
0.0354,0.0057983,0.043945
0.034485,0.0039673,0.040283
0.034637,0.0016785,0.045166
0.035706,0.00061035,0.040283
0.033875,0.00061035,0.032959
0.032043,-0.00030518,0.036621
0.031128,-0.00015259,0.039063
0.028839,-0.00030518,0.043945
0.02533,0.0013733,0.046387
0.022736,0.00061035,0.040283
0.020294,0.00091553,0.042725
0.018921,0.0021362,0.048828
0.016632,-0.00045776,0.056152
0.015106,-0.0021362,0.054932
0.015106,-0.0045776,0.058594
0.013428,-0.0032043,0.058594
0.014191,-0.0032043,0.062256
0.010986,-0.0024414,0.075684
0.015411,-0.0012207,0.064697
0.014801,-0.00061035,0.061035
0.015411,0.00045776,0.061035
0.018311,0.0016785,0.05127
0.021973,0.0042725,0.059814
0.025787,0.0082397,0.057373
0.029755,0.0094604,0.063477
0.032349,0.011292,0.064697
0.035095,0.010376,0.063477
0.035095,0.0085449,0.067139
0.035858,0.0068665,0.064697
0.035553,0.0047302,0.065918
0.034943,0.0056458,0.058594
0.033417,0.0064087,0.061035
0.031433,0.0056458,0.056152
0.028534,0.0062561,0.057373
0.025787,0.0028992,0.053711
0.024567,0.00076294,0.050049
0.024414,0.00030518,0.059814
0.023651,0.0015259,0.050049
0.021515,0.0028992,0.059814
0.019073,0.0048828,0.046387
0.015259,0.0035095,0.043945
0.013733,0.0019836,0.042725
0.013885,-0.0015259,0.039063
0.016022,-0.0010681,0.03418
0.017242,-0.00091553,0.041504
0.016785,0.00061035,0.037842
0.016174,0.0019836,0.039063
0.015564,0.0021362,0.039063
0.014496,0.0018311,0.041504
0.015564,-0.0012207,0.036621
0.017853,-0.0019836,4.0393
0.019073,-0.0015259,4.8547
0.019684,-0.0010681,4.9048
0.018158,-0.00061035,4.9182
0.017548,0,4.9109
0.016479,-0.0015259,4.9146
0.016937,-0.0013733,4.9146
0.018921,-0.00076294,4.8987
0.021057,-0.00030518,4.9194
0.023041,-0.00030518,4.9207
0.021973,-0.0013733,4.917
0.020905,-0.0035095,4.9255
0.020142,-0.0062561,4.9292
0.017242,-0.0080872,4.9207
0.020752,-0.0074768,4.9292
0.021667,-0.007782,4.9329
0.022736,-0.0054932,4.9292
0.023193,-0.0053406,4.9316
0.024872,-0.0056458,4.9329
0.020752,-0.0061035,4.9329
0.020905,-0.0053406,4.9304
0.019836,-0.0030518,4.9341
0.019531,0.0010681,4.9438
0.019073,0.0033569,4.9353
0.018768,0.0047302,4.9292
0.016785,0.004425,4.9377
0.018463,0.0028992,4.917
0.019073,0.0010681,4.9304
0.020447,0.00076294,4.9341
0.022125,-0.00030518,4.9304
0.023193,0.0013733,4.928
0.024872,0.0015259,4.9231
0.024872,0.00076294,4.9255
0.023651,0.00061035,4.9207
0.022888,0.00030518,4.917
0.021973,0.0013733,4.9109
0.020294,0.0038147,4.9219
0.018921,0.0054932,4.9158
0.019989,0.005188,4.9194
0.021667,0.0047302,4.9158
0.025482,0.0015259,4.9182
0.02594,0.0021362,4.9084
0.026855,0.0022888,4.9121
0.026245,0.0028992,4.9036
0.023651,0.0028992,4.9084
0.021362,0.0033569,4.8962
0.019226,0.0048828,4.9072
0.017242,0.0050354,4.9109
0.014954,0.0054932,4.9072
0.013428,0.0073242,4.9109
0.011292,0.007019,4.9097
0.013275,0.0061035,4.9109
0.014191,0.005188,4.9084
0.016937,0.0038147,4.917
0.018768,0.0033569,4.9146
0.018768,0.002594,4.9207
0.017853,0.0010681,4.9158
0.016479,-0.00061035,4.9243
0.015869,-0.0027466,4.9304
0.014954,-0.0045776,4.9268
0.014648,-0.0042725,4.9377
0.016632,-0.0032043,4.9316
0.016785,0,4.9207
0.012817,0.0024414,4.9329
0.016632,0.0047302,4.9316
0.017548,0.0047302,4.9292
0.017548,0.0032043,4.9207
0.018768,0.0024414,4.928
0.021667,0.0033569,4.9329
0.023041,0.004425,4.9329
0.022583,0.0036621,4.9365
0.022278,0.0012207,0.067139
0.021362,-0.0010681,0.065918
0.020905,-0.0028992,0.06958
0.020142,-0.0042725,0.068359
0.019684,-0.0032043,0.067139
0.018311,-0.0018311,0.064697
0.017242,0.00091553,0.061035
0.015411,0.0019836,0.056152
0.014801,0.0010681,0.067139
0.014343,0.00015259,0.05249
0.015869,-0.0013733,0.047607
0.016937,-0.0038147,0.046387
0.018768,-0.0041199,0.047607
0.020447,-0.0039673,0.050049
0.02121,-0.0057983,0.046387
0.020447,-0.0068665,0.042725
0.019073,-0.0080872,0.046387
0.017395,-0.0094604,0.040283
0.018921,-0.0082397,0.042725
0.019989,-0.0067139,0.042725
0.020294,-0.0050354,0.041504
0.019379,-0.0024414,0.037842
0.019379,-0.0039673,0.041504
0.020142,-0.0033569,0.056152
0.020599,-0.0028992,0.041504
0.02243,-0.0018311,0.048828
0.023956,-0.00030518,0.037842
0.023193,0.0013733,0.023193
0.02243,0.0012207,0.041504
0.021667,0.00015259,0.042725
0.019226,-0.0032043,0.042725
0.017242,-0.002594,0.046387
0.016785,-0.005188,0.043945
0.0177,-0.0061035,0.05249
0.018768,-0.0050354,0.05127
0.019836,-0.0047302,0.058594
0.020905,-0.0030518,0.054932
0.021973,-0.0015259,0.061035
0.023346,-0.0013733,0.059814
0.024567,-0.00091553,0.061035
0.025024,-0.00091553,0.070801
0.024567,0,0.063477
0.023804,0.0024414,0.059814
0.022125,0.0048828,0.064697
0.020752,0.0057983,0.074463
0.020294,0.0047302,0.061035
0.019989,0.0022888,0.053711
0.019836,-0.0010681,0.062256
0.019989,-0.0039673,0.064697
0.019989,-0.0039673,0.062256
0.021057,0.00030518,0.067139
0.02121,0.0036621,0.061035
0.019684,0.0062561,0.062256
0.019073,0.0068665,0.059814
0.019531,0.002594,0.059814
0.022736,0.00015259,0.053711
0.024719,-0.002594,0.056152
0.025482,-0.0015259,0.05249
0.025024,0.002594,0.054932
0.024567,0.002594,0.058594
0.024261,0.0015259,0.040283
0.024261,0.00030518,0.048828
0.024872,-0.002594,0.045166
0.025635,-0.0028992,0.03418
0.02594,-0.0010681,0.043945
0.024109,0.002594,0.042725
0.021515,0.0035095,0.037842
0.020142,0.0028992,0.037842
0.019073,-0.0021362,0.037842
0.023651,-0.0048828,0.040283
0.027618,-0.0048828,0.0354
0.031128,-0.0024414,0.040283
0.031433,0.0024414,0.037842
0.032043,0.0048828,0.043945
0.028839,0.0045776,0.040283
0.027924,-0.00061035,0.042725
0.028381,-0.0039673,0.039063
0.027771,-0.0061035,0.042725
0.027924,-0.0090027,1.6248
0.025177,-0.009613,4.7205
0.020294,-0.0086975,4.9109
0.017548,-0.0094604,4.9182
0.015564,-0.0093079,4.906
0.014648,-0.007019,4.9194
0.015869,-0.0041199,4.9243
0.017548,-0.00015259,4.9268
0.019073,0.0015259,4.9292
0.020294,0.0027466,4.9268
0.023499,0.0036621,4.9341
0.027161,0.0045776,4.9316
0.031281,0.0062561,4.9304
0.035095,0.0094604,4.9304
0.038452,0.010071,4.9292
0.039215,0.011139,4.9316
0.037384,0.010376,4.9316
0.033264,0.010223,4.9451
0.029449,0.0099182,4.9353
0.02594,0.0099182,4.9377
0.023499,0.010223,4.9402
0.022125,0.0085449,4.9304
0.02121,0.0050354,4.9329
0.019989,0.0028992,4.9304
0.017548,-0.0027466,4.9219
0.016174,0.00076294,4.9255
0.014343,0.0019836,4.9255
0.0099182,0.0030518,4.9255
0.0086975,0.0062561,4.9194
0.0086975,0.0067139,4.9207
0.010223,0.0086975,4.9133
0.012054,0.010986,4.9194
0.013123,0.012665,4.9158
0.014496,0.013428,4.9194
0.014191,0.012817,4.9133
0.014801,0.0091553,4.9194
0.017853,0.007019,4.9219
0.018463,0.0041199,4.9109
0.016632,0.0032043,4.9219
0.0099182,0.0032043,4.9109
0.0093079,0.004425,4.8999
0.0054932,0.0022888,4.9109
0.0035095,0.0019836,4.906
0.004425,0.0027466,4.9109
0.0067139,0.004425,4.9097
0.0093079,0.0067139,4.906
0.011444,0.011444,4.9084
0.012512,0.01297,4.9121
0.013123,0.013275,4.917
0.014191,0.012512,4.9158
0.016327,0.011597,4.9182
0.019531,0.0083923,4.9207
0.021057,0.0064087,4.9268
0.019989,0.0054932,4.9304
0.016785,0.0057983,4.928
0.012207,0.0064087,4.928
0.0090027,0.0083923,4.9292
0.0091553,0.0094604,4.9353
0.010834,0.0061035,4.9341
0.012207,0.0053406,4.9182
0.01236,0.0053406,4.928
0.010681,0.0045776,4.9304
0.0083923,0.0064087,4.9316
0.0059509,0.0064087,4.9329
0.0083923,0.0091553,4.9329
0.0094604,0.011139,4.939
0.012207,0.012512,4.9329
0.01358,0.01297,4.9426
0.014191,0.013123,4.9365
0.0099182,0.013275,4.9353
0.011292,0.011749,4.9316
0.0097656,0.0091553,4.9353
0.011597,0.0065613,0.074463
0.012817,0.0028992,0.058594
0.015411,0.00061035,0.058594
0.015411,0.00030518,0.056152
0.014954,0.00015259,0.039063
0.012665,0.0041199,0.045166
0.012054,0.0071716,0.046387
0.013428,0.0074768,0.047607
0.016632,0.0059509,0.046387
0.018768,0.002594,0.042725
0.018311,0.00091553,0.041504
0.017395,0.0021362,0.042725
0.017548,0.0045776,0.042725
0.015106,0.0065613,0.039063
0.013275,0.0061035,0.041504
0.01236,0.0061035,0.041504
0.012665,0.0073242,0.042725
0.015106,0.0074768,0.045166
0.013885,0.0073242,0.040283
0.011139,0.0054932,0.037842
0.0083923,0.0042725,0.041504
0.0083923,0.0036621,0.029297
0.011597,0.0054932,0.03418
0.015717,0.0083923,0.053711
0.019226,0.010834,0.042725
0.020905,0.011902,0.042725
0.020599,0.013885,0.042725
0.018768,0.01236,0.050049
0.018921,0.0086975,0.048828
0.019836,0.0028992,0.054932
0.022278,0.0028992,0.05249
0.024872,-0.0012207,0.057373
0.025482,-0.0028992,0.057373
0.024109,-0.004425,0.062256
0.021057,-0.0053406,0.061035
0.018005,-0.0053406,0.062256
0.018311,-0.0056458,0.06958
0.018616,-0.0050354,0.063477
0.019684,-0.0057983,0.068359
0.019836,-0.0047302,0.061035
0.018768,-0.0048828,0.05127
0.01297,-0.0054932,0.062256
0.012665,-0.0061035,0.064697
0.010986,-0.0068665,0.062256
0.012207,-0.0064087,0.068359
0.016479,-0.007019,0.063477
0.021362,-0.0093079,0.063477
0.023041,-0.010986,0.061035
0.023041,-0.010681,0.054932
0.019379,-0.0094604,0.05249
0.018921,-0.005188,0.054932
0.019531,-0.0022888,0.054932
0.021973,-0.0013733,0.053711
0.026093,-0.0032043,0.050049
0.027924,-0.0068665,0.050049
0.024567,-0.010681,0.05127
0.025482,-0.011597,0.047607
0.023346,-0.0090027,0.046387
0.023193,-0.0038147,0.043945
0.023651,0.0010681,0.040283
0.027618,0.0036621,0.041504
0.029297,0.0036621,0.040283
0.028992,0.0012207,0.040283
0.027618,-0.00061035,0.039063
0.02243,-0.00076294,0.036621
0.018005,0.00076294,0.040283
0.016327,0.0024414,0.0354
0.016632,0.0030518,0.042725
0.019379,0.0030518,0.040283
0.021515,0.00030518,0.041504
0.021515,-0.0022888,0.036621
0.021057,-0.0019836,0.041504
0.020599,-0.0018311,0.056152
0.019226,-0.0016785,0.046387
0.021515,-0.00076294,0.05127
0.023804,-0.0012207,0.05249
0.026703,-0.0024414,0.0354
0.026398,-0.00061035,0.050049
0.025024,-0.0064087,4.0063
0.022736,-0.0071716,4.8669
0.020142,-0.0073242,4.9036
0.020599,-0.007019,4.9231
0.022278,-0.0054932,4.9304
0.023956,-0.0053406,4.9316
0.025177,-0.005188,4.9316
0.025024,-0.0048828,4.9243
0.023804,-0.0028992,4.9329
0.023651,-0.00061035,4.9341
0.024109,0.00061035,4.9341
0.026703,0.00045776,4.9377
0.030212,-0.002594,4.9353
0.030975,-0.0048828,4.9365
0.029755,-0.0086975,4.9353
0.027466,-0.0079346,4.9463
0.024719,-0.0067139,4.9316
0.023041,-0.005188,4.917
0.023041,-0.0035095,4.9316
0.023499,-0.0033569,4.928
0.024414,-0.0056458,4.9255
0.023956,-0.0062561,4.9243
0.02243,-0.007019,4.9207
0.021973,-0.0064087,4.9158
0.019989,-0.005188,4.9219
0.022583,-0.0021362,4.9207
0.025635,-0.00045776,4.9146
0.027924,-0.00030518,4.9158
0.03479,0.00061035,4.917
0.034943,0.0018311,4.9158
0.03418,0.0038147,4.9207
0.029602,0.0059509,4.9146
0.026093,0.0061035,4.9109
0.026245,0.0050354,4.9097
0.028381,-0.0015259,4.8999
0.029602,-0.00030518,4.9109
0.031738,-0.0010681,4.9072
0.03067,-0.0019836,4.906
0.029144,-0.00091553,4.9072
0.027161,-0.0013733,4.9097
0.02655,-0.0033569,4.9109
0.028229,-0.0059509,4.9109
0.027313,-0.0091553,4.9121
0.025177,-0.010223,4.9133
0.019531,-0.010529,4.9182
0.013428,-0.010071,4.9207
0.012512,-0.0083923,4.9219
0.011749,-0.0067139,4.9194
0.015259,-0.0062561,4.9268
0.022736,-0.0057983,4.9255
0.021057,-0.004425,4.9304
0.021515,-0.0036621,4.9414
0.02121,-0.0013733,4.9316
0.02182,0.0015259,4.9158
0.024109,0.0053406,4.928
0.029449,0.0083923,4.9219
0.03418,0.012817,4.9316
0.035706,0.010986,4.9316
0.034485,0.010223,4.928
0.030518,0.0080872,4.9341
0.028534,0.0079346,4.9377
0.026398,0.0091553,4.9365
0.024719,0.010223,4.9329
0.02533,0.010986,4.9316
0.02533,0.009613,4.9341
0.023956,0.0064087,4.9365
0.022583,0.004425,4.9426
0.021057,0.0041199,4.9329
0.020599,0.0059509,4.9268
0.020447,0.0079346,4.928
0.021362,0.0099182,4.9109
0.023499,0.0097656,4.906
0.021973,0.007019,0.050049
0.021057,0.00076294,0.046387
0.01709,-0.00061035,0.046387
0.013275,-0.0030518,0.045166
0.0083923,-0.0039673,0.043945
0.0047302,-0.0050354,0.036621
0.0027466,-0.0056458,0.042725
0.0024414,-0.0068665,0.037842
0.0028992,-0.0086975,0.042725
0.0038147,-0.01297,0.041504
0.0059509,-0.0080872,0.042725
0.0073242,-0.0045776,0.039063
0.010986,-0.0021362,0.041504
0.014496,-0.00045776,0.047607
0.018768,-0.00045776,0.042725
0.021515,-0.002594,0.047607
0.022583,-0.005188,0.0354
0.021667,-0.0059509,0.03418
0.02121,-0.0047302,0.040283
0.020294,-0.0021362,0.041504
0.019073,0.00091553,0.041504
0.019684,0.0041199,0.048828
0.021667,0.0041199,0.045166
0.022125,0.0033569,0.05127
0.023499,0.0054932,0.053711
0.024109,0.0057983,0.061035
0.024414,0.0097656,0.039063
0.024261,0.012207,0.062256
0.024719,0.018921,0.064697
0.024261,0.0093079,0.063477
0.023346,0.0059509,0.072021
0.019531,0.0016785,0.062256
0.015106,-0.00076294,0.063477
0.0097656,0.00061035,0.059814
0.0045776,0.0045776,0.063477
0.0012207,0.007019,0.059814
-0.00045776,0.0076294,0.061035
-0.0012207,0.0048828,0.059814
0.00030518,0.0039673,0.067139
0.0012207,0.0022888,0.064697
0.0033569,0.0027466,0.065918
0.0045776,0.0033569,0.062256
0.0065613,0.0036621,0.064697
0.0082397,0.0030518,0.059814
0.0085449,-0.00015259,0.058594
0.0093079,-0.0035095,0.054932
0.0085449,-0.0041199,0.056152
0.0079346,-0.0038147,0.047607
0.0065613,-0.0013733,0.048828
0.0064087,0.0015259,0.063477
0.0073242,0.0033569,0.048828
0.010376,0.002594,0.057373
0.013123,0.00076294,0.048828
0.017395,-0.00045776,0.0354
0.020905,-0.0018311,0.041504
0.023499,-0.0019836,0.039063
0.024872,-0.0012207,0.040283
0.02533,-0.00015259,0.040283
0.024567,0.0024414,0.037842
0.022736,0.0033569,0.037842
0.021515,0.0038147,0.040283
0.019836,0.0041199,0.041504
0.018311,0.0022888,0.037842
0.016937,0.0027466,0.041504
0.015106,0.0042725,0.037842
0.015411,0.0057983,0.042725
0.017395,0.0062561,0.048828
0.019684,0.0057983,0.042725
0.021362,0.0035095,0.041504
0.020752,-0.00091553,0.045166
0.020752,-0.0012207,0.042725
0.019379,0.00030518,0.048828
0.019836,-0.00045776,0.039063
0.019684,0.0073242,0.05249
0.018768,0.0065613,0.058594
0.018616,0.0032043,0.054932
0.01709,-0.0024414,0.054932
0.016785,-0.007019,0.061035
0.017242,-0.0091553,4.2554
0.017853,-0.0076294,4.8828
0.019226,-0.0050354,4.9316
0.018463,-0.0071716,4.9255
0.017853,-0.0086975,4.9304
0.017395,-0.010376,4.928
0.017395,-0.010986,4.9329
0.018768,-0.0088501,4.9438
0.020294,-0.0039673,4.9377
0.022736,-0.0027466,4.9414
0.024109,-0.0030518,4.9341
0.024872,-0.0079346,4.9231
0.02533,-0.013733,4.928
0.028381,-0.018005,4.9268
0.026245,-0.019989,4.9243
0.02655,-0.017395,4.9255
0.025787,-0.015717,4.9231
0.02533,-0.012207,4.9255
0.023804,-0.0097656,4.9207
0.024109,-0.007782,4.9219
0.023651,-0.0088501,4.9121
0.023804,-0.0042725,4.9182
0.023651,-0.0021362,4.9182
0.024719,-0.0028992,4.9207
0.025787,-0.0056458,4.9133
0.027313,-0.0041199,4.9158
0.025482,-0.0056458,4.9109
0.024414,-0.0056458,4.9133
0.023651,-0.0035095,4.9121
0.019226,-0.0012207,4.9109
0.017853,0.0012207,4.8987
0.016632,0.0019836,4.9097
0.016937,0.0015259,4.9121
0.017242,-0.00015259,4.9084
0.018005,-0.00091553,4.9084
0.019989,-0.0036621,4.906
0.021057,-0.0018311,4.9109
0.021973,-0.0010681,4.9109
0.022736,-0.0015259,4.9158
0.022125,-0.00015259,4.9158
0.020905,-0.00061035,4.9207
0.018158,-0.00030518,4.9207
0.016479,0.00015259,4.9243
0.014038,0.0016785,4.9365
0.014191,0.0028992,4.9304
0.01358,0.0035095,4.9329
0.014038,0.0035095,4.9329
0.015717,0.0036621,4.9194
0.017548,0.0024414,4.9304
0.019684,0.00030518,4.9329
0.021515,0.0018311,4.9329
0.021973,-0.0054932,4.9292
0.02182,-0.0012207,4.928
0.019989,-0.00030518,4.9341
0.020294,-0.00015259,4.9316
0.018768,-0.00091553,4.9304
0.016632,-0.0030518,4.9316
0.014954,-0.0057983,4.9365
0.014038,-0.007782,4.9353
0.014954,-0.0064087,4.9377
0.015259,-0.0039673,4.9402
0.016937,-0.0036621,4.9341
0.017395,-0.0024414,4.9353
0.018311,-0.0021362,4.928
0.018463,-0.0021362,4.9341
0.019226,-0.0042725,4.9219
0.019379,-0.00030518,4.9353
0.018158,0.0033569,4.9207
0.017853,0.0064087,4.9158
0.016937,0.0082397,4.9158
0.017242,0.009613,4.9146
0.017242,0.0088501,4.9146
0.018463,0.007782,0.047607
0.020294,0.0094604,0.039063
0.022583,0.011139,0.042725
0.025482,0.010986,0.040283
0.027466,0.010376,0.042725
0.029144,0.0067139,0.040283
0.029297,0.0015259,0.039063
0.030365,-0.0013733,0.05127
0.030975,-0.0021362,0.041504
0.027771,-0.0027466,0.05127
0.027313,-0.0021362,0.039063
0.025024,-0.0028992,0.030518
0.023346,-0.0047302,0.042725
0.020905,-0.0068665,0.043945
0.018616,-0.0082397,0.040283
0.015869,-0.0079346,0.042725
0.01358,-0.0057983,0.047607
0.012512,-0.0050354,0.05249
0.009613,-0.0036621,0.05249
0.011749,-0.0045776,0.059814
0.012817,-0.0056458,0.054932
0.014038,-0.0067139,0.061035
0.015869,-0.0088501,0.063477
0.018311,-0.0083923,0.063477
0.017853,-0.0061035,0.062256
0.017853,-0.0013733,0.063477
0.017853,0.0042725,0.056152
0.016327,0.007782,0.062256
0.016632,0.0074768,0.070801
0.0177,0.0038147,0.062256
0.019684,-0.0012207,0.053711
0.022583,-0.0050354,0.062256
0.023346,-0.0028992,0.065918
0.026093,0.00030518,0.065918
0.027008,0.0038147,0.064697
0.029449,0.0061035,0.062256
0.032654,0.0039673,0.062256
0.035553,0.0021362,0.058594
0.036621,-0.0041199,0.061035
0.037079,0.00015259,0.056152
0.035553,0.0018311,0.057373
0.032959,0.0035095,0.05127
0.031281,0.0042725,0.05249
0.029297,0.0041199,0.063477
0.028534,0.0036621,0.046387
0.025787,0.004425,0.043945
0.022125,0.0064087,0.045166
0.016785,0.0094604,0.028076
0.0097656,0.0099182,0.041504
0.0032043,0.012054,0.040283
-0.0012207,0.016937,0.040283
-0.0016785,0.024719,0.041504
0.0010681,0.03479,0.036621
0.0036621,0.045624,0.041504
0.010529,0.051575,0.037842
0.016327,0.056,0.040283
0.020599,0.048523,0.037842
0.024414,0.041046,0.039063
0.027161,0.033417,0.040283
0.032196,0.028229,0.040283
0.036163,0.022278,0.040283
0.040894,0.014954,0.041504
0.042267,0.0071716,0.045166
0.039825,-0.00030518,0.043945
0.034943,-0.0019836,0.056152
0.027924,0.0010681,0.050049
0.019379,0.007782,0.043945
0.009613,0.013885,0.05249
-0.00015259,0.013275,0.056152
-0.0068665,0.0053406,0.054932
-0.011292,-0.0080872,0.061035
-0.013733,-0.023651,0.058594
-0.014801,-0.034485,0.061035
-0.015717,-0.040283,0.062256
-0.016174,-0.042877,0.062256
-0.015259,-0.040741,0.057373
-0.011749,-0.035553,0.062256
-0.0073242,-0.023499,0.062256
-0.0027466,-0.007782,3.5632
0.0038147,0.0093079,4.8572
0.011597,0.021973,4.9304
0.019226,0.027466,4.9341
0.02655,0.024261,4.9353
0.033264,0.013275,4.9329
0.037537,0.0015259,4.9329
0.040588,-0.0047302,4.9304
0.041046,-0.0064087,4.928
0.03952,-0.0033569,4.9292
0.036469,0.00061035,4.9255
0.032196,0.0030518,4.9255
0.028381,0.004425,4.9194
0.025787,0.0042725,4.9207
0.024261,0.0097656,4.9133
0.022583,0.016632,4.9182
0.02182,0.023804,4.9182
0.02243,0.026855,4.9182
0.023956,0.023956,4.9146
0.024261,0.018768,4.9158
0.024109,0.010986,4.9243
0.02121,0.0056458,4.9146
0.016479,0.0039673,4.9219
0.011292,0.002594,4.9109
0.0067139,0.0012207,4.9023
0.0018311,-0.0018311,4.9084
-0.0019836,-0.0065613,4.9084
-0.0050354,-0.013275,4.9097
-0.0093079,-0.018921,4.906
-0.011444,-0.026093,4.906
-0.010223,-0.032806,4.9084
-0.0062561,-0.035095,4.9109
0.0028992,-0.03479,4.9146
0.011749,-0.032501,4.9121
0.021057,-0.028687,4.9158
0.027161,-0.025635,4.9194
0.030365,-0.022888,4.9219
0.033569,-0.020294,4.9316
0.036163,-0.017548,4.9255
0.041046,-0.014343,4.9268
0.046539,-0.012207,4.9292
0.050964,-0.012817,4.9304
0.054779,-0.015717,4.9292
0.050507,-0.019989,4.9426
0.04715,-0.023956,4.9329
0.04364,-0.02594,4.928
0.041504,-0.025177,4.9268
0.041504,-0.024109,4.9329
0.039368,-0.021667,4.9316
0.038147,-0.019531,4.9353
0.0354,-0.016327,4.9316
0.032654,-0.014191,4.9353
0.035095,-0.013733,4.9353
0.033417,-0.012665,4.9353
0.032806,-0.01236,4.9341
0.027924,-0.011444,4.9353
0.023041,-0.010986,4.9402
0.014496,-0.0067139,4.9292
0.0074768,-0.0019836,4.9365
0.0019836,0.0032043,4.9255
-0.0013733,0.0083923,4.9133
-0.0010681,0.011444,4.9207
0.0012207,0.013885,4.917
0.0050354,0.01709,4.917
0.011597,0.013733,4.9194
0.016327,0.01709,4.9146
0.020294,0.015717,4.9158
0.020294,0.013123,4.9121
0.022888,0.009613,4.9109
0.023804,0.004425,4.9097
0.025024,-0.0010681,4.9121
0.027771,-0.0053406,4.9146
0.031281,-0.007019,4.9121
0.035858,-0.0068665,0.042725
0.03891,-0.0068665,0.042725
0.040436,-0.010529,0.040283
0.039825,-0.01297,0.039063
0.036621,-0.015106,0.032959
0.033112,-0.017853,0.039063
0.026398,-0.019531,0.045166
0.019531,-0.018005,0.041504
0.014343,-0.015869,0.043945
0.0093079,-0.010834,0.045166
0.011292,-0.0062561,0.05127
0.014343,0.00030518,0.048828
0.019379,0.0035095,0.056152
0.025177,0.010223,0.053711
0.03006,0.011444,0.061035
0.036316,0.011749,0.061035
0.036469,0.015259,0.063477
0.036011,0.0041199,0.058594
0.035248,0.00045776,0.063477
0.030823,-0.00015259,0.064697
0.026398,-0.0050354,0.059814
0.022736,-0.0039673,0.06958
0.020294,0.0018311,0.063477
0.018616,0.0082397,0.045166
0.020142,0.018921,0.061035
0.022583,0.030365,0.064697
0.026245,0.03479,0.065918
0.030212,0.0354,0.065918
0.029907,0.034485,0.063477
0.026703,0.030518,0.063477
0.024414,0.023956,0.061035
0.019989,0.020905,0.062256
0.016327,0.013123,0.056152
0.01358,0.0041199,0.056152
0.009613,-0.0016785,0.05249
0.007019,-0.010681,0.05249
0.0053406,-0.011749,0.057373
0.0073242,-0.009613,0.05127
0.0085449,-0.010071,0.045166
0.010223,-0.0094604,0.050049
0.012054,-0.011139,0.031738
0.014954,-0.013885,0.041504
0.018311,-0.018311,0.042725
0.020142,-0.021362,0.039063
0.020142,-0.025177,0.040283
0.019684,-0.031433,0.039063
0.018616,-0.034027,0.041504
0.019073,-0.036163,0.037842
0.018768,-0.036163,0.040283
0.0177,-0.031281,0.037842
0.017853,-0.025787,0.042725
0.019989,-0.016937,0.037842
0.023041,-0.0091553,0.042725
0.028229,-0.0041199,0.041504
0.032501,-0.0033569,0.042725
0.041046,0.0028992,0.050049
0.048218,0.0057983,0.047607
0.051727,0.0082397,0.059814
0.056763,0.011902,0.047607
0.055847,0.014954,0.041504
0.053101,0.016937,0.054932
0.051727,0.018616,0.054932
0.049286,0.017853,0.05249
0.048065,0.018768,0.061035
0.045319,0.019226,0.057373
0.042419,0.020905,0.062256
0.03952,0.021667,0.059814
0.034943,0.02182,0.062256
0.029449,0.020752,0.057373
0.024109,0.019684,0.064697
0.019684,0.018158,0.062256
0.014801,0.016479,0.063477
0.012207,0.015411,0.068359
0.011749,0.015869,0.067139
0.01236,0.016479,0.065918
0.01358,0.013885,0.065918
0.014496,0.0093079,0.073242
0.016327,0.0035095,2.4109
0.016022,-0.00076294,4.7852
0.0177,-0.0024414,4.9133
0.013885,-0.0030518,4.928
0.011292,-0.0033569,4.9231
0.0091553,-0.0056458,4.9231
0.0067139,-0.007782,4.9182
0.0050354,-0.012054,4.9231
0.0021362,-0.013428,4.9084
-0.00030518,-0.01297,4.9182
0.0022888,-0.012817,4.9158
0.0062561,-0.010071,4.9182
0.011444,-0.0071716,4.9121
0.017242,-0.0062561,4.9182
0.022125,-0.0057983,4.9231
0.023956,-0.0059509,4.9109
0.023804,-0.0056458,4.9158
0.021667,-0.0059509,4.9072
0.018768,-0.0047302,4.8926
0.016479,-0.002594,4.9097
0.014648,-0.00045776,4.9048
0.014191,0.0015259,4.9072
0.016785,0.0021362,4.9097
0.019684,0,4.9072
0.025177,-0.0012207,4.9109
0.028839,-0.0015259,4.9109
0.033569,0.0018311,4.9133
0.034943,0.007019,4.9182
0.032806,0.010681,4.9207
0.026093,0.013123,4.9194
0.021667,0.013733,4.9231
0.013885,0.012054,4.9268
0.0064087,0.0062561,4.9231
0.0012207,0.0054932,4.928
0.00076294,0.0074768,4.9316
0.0018311,0.010834,4.9426
0.0033569,0.012054,4.9304
0.0074768,0.013275,4.9243
0.010681,0.0094604,4.9292
0.01358,0.0048828,4.9292
0.016632,-0.00030518,4.9292
0.018005,-0.0036621,4.9329
0.018463,-0.004425,4.9329
0.017242,-0.0067139,4.9377
0.016937,-0.0059509,4.928
0.014648,-0.0085449,4.9377
0.014191,-0.011902,4.9316
0.013733,-0.014343,4.9353
0.015106,-0.014801,4.9341
0.018005,-0.010681,4.9377
0.022583,-0.0054932,4.9341
0.025177,-0.002594,4.9304
0.028076,-0.00091553,4.9268
0.029144,-0.00030518,4.9255
0.030823,-0.0010681,4.9109
0.032196,-0.00091553,4.9243
0.032501,0.00076294,4.917
0.032349,0.0028992,4.9158
0.031128,0.0019836,4.9194
0.029602,-0.00015259,4.9109
0.027924,-0.0041199,4.9146
0.025482,-0.0082397,4.9121
0.024414,-0.0099182,4.9158
0.023346,-0.012207,4.906
0.022125,-0.010376,4.9158
0.020905,-0.00015259,4.9121
0.019989,-0.0038147,4.9121
0.019836,0.00045776,4.9109
0.018005,0.0062561,4.9158
0.018768,0.0042725,4.9097
0.018768,0.012817,4.9109
0.018768,0.017395,4.9158
0.019684,0.013733,4.9121
0.020599,0.016174,4.9084
0.020142,0.016479,0.037842
0.018311,0.007782,0.042725
0.016785,0.0067139,0.047607
0.014343,0.0088501,0.048828
0.014496,0.00045776,0.047607
0.013428,-0.0010681,0.05249
0.010834,-0.00091553,0.050049
0.0088501,-0.0079346,0.057373
0.0079346,-0.007782,0.057373
0.0054932,-0.0083923,0.062256
0.0076294,-0.011902,0.058594
0.011292,-0.014648,0.062256
0.016785,-0.022278,0.076904
0.02121,-0.017242,0.065918
0.028534,-0.024109,0.059814
0.033569,-0.02243,0.062256
0.036926,-0.01297,0.05127
0.037384,-0.014038,0.061035
0.036774,-0.010681,0.063477
0.037231,-0.0054932,0.061035
0.036316,-0.012665,0.064697
0.036621,-0.012512,0.062256
0.036469,-0.0068665,0.065918
0.034027,-0.0028992,0.062256
0.036926,-0.007019,0.063477
0.036316,-0.0080872,0.057373
0.039215,-0.012054,0.057373
0.038452,-0.020599,0.054932
0.035248,-0.0088501,0.057373
0.030365,-0.0053406,0.053711
0.025635,-0.0041199,0.053711
0.023193,0.0028992,0.054932
0.022583,-0.0068665,0.046387
0.021973,-0.0050354,0.061035
0.023041,-0.0028992,0.043945
0.02533,0.0054932,0.0354
0.027924,0.016174,0.031738
0.027161,0.018616,0.040283
0.025482,0.023651,0.041504
0.023346,0.016479,0.040283
0.02182,0.014191,0.036621
0.024414,0.0079346,0.041504
0.024261,0.00076294,0.039063
0.019989,-0.0033569,0.041504
0.015106,-0.0085449,0.036621
0.0094604,-0.0097656,0.045166
0.009613,-0.0076294,0.041504
0.010071,-0.0091553,0.046387
0.014496,-0.0027466,0.043945
0.015106,0.0012207,0.045166
0.014801,0.0030518,0.053711
0.014496,0.0039673,0.047607
0.013428,0.0024414,0.042725
0.017242,-0.002594,0.05249
0.016327,-0.0071716,0.053711
0.014648,-0.0053406,0.054932
0.010681,-0.0053406,0.057373
0.0082397,-0.0054932,0.058594
0.0074768,-0.0032043,0.059814
0.0091553,-0.0056458,0.058594
0.012207,-0.0048828,0.061035
0.0177,-0.0016785,0.062256
0.020905,-0.0022888,0.059814
0.023041,0.0038147,0.063477
0.024261,0.0035095,0.062256
0.021667,0.0033569,0.061035
0.018921,0.0030518,0.065918
0.014343,-0.0013733,0.065918
0.011597,-0.0013733,0.063477
0.015106,-0.0041199,0.074463
0.0177,-0.00061035,0.064697
0.020905,0.0010681,0.05127
0.021057,0.0030518,0.057373
0.02243,0.0059509,0.058594
0.026398,0.0039673,0.056152
0.026245,0.0045776,0.056152
0.03006,0.0013733,0.05249
0.03067,0.0013733,4.5471
0.030365,0.002594,4.8914
0.029297,0.0018311,4.9158
0.022583,0.0022888,4.9072
0.023804,-0.0013733,4.9194
0.016937,-0.0018311,4.9182
0.014038,-0.00061035,4.917
0.014801,-0.00015259,4.9182
0.016327,0.00045776,4.9158
0.019379,-0.00076294,4.8999
0.019073,0.00076294,4.9146
0.023651,0.00045776,4.8999
0.027313,0.0042725,4.9084
0.030212,0.0097656,4.9133
0.038757,0.013275,4.9084
0.039673,0.014954,4.9109
0.041046,0.015259,4.9084
0.038757,0.014954,4.9109
0.037384,0.016785,4.9084
0.036163,0.019531,4.9097
0.034027,0.018768,4.9121
0.03479,0.012207,4.9158
0.034332,0.0041199,4.9158
0.034027,-0.002594,4.9194
0.032806,-0.0085449,4.9182
0.031891,-0.009613,4.9255
0.026398,-0.0073242,4.9316
0.021057,-0.0091553,4.9268
0.018616,-0.0091553,4.939
0.014801,-0.010376,4.928
0.014801,-0.010376,4.9158
0.015411,-0.0071716,4.9304
0.016479,-0.0015259,4.9292
0.018463,0.0018311,4.928
0.019836,0.005188,4.9292
0.022278,0.0067139,4.9316
0.02655,0.0019836,4.9341
0.028992,-0.0022888,4.9304
0.032043,-0.004425,4.9365
0.031586,-0.0050354,4.9353
0.030975,-0.002594,4.939
0.028229,-0.00045776,4.9353
0.02533,-0.00030518,4.9353
0.023956,-0.00091553,4.9353
0.024261,-0.00045776,4.9341
0.022888,0.0036621,4.9329
0.022888,0.010681,4.9292
0.021515,0.018311,4.9353
0.02121,0.022583,4.9243
0.019684,0.022736,4.917
0.019531,0.019989,4.9182
0.019684,0.016479,4.9207
0.020142,0.013733,4.9194
0.019379,0.014801,4.917
0.018921,0.014191,4.9109
0.018768,0.013885,4.9158
0.0177,0.011749,4.9097
0.018463,0.0082397,4.9121
0.017853,0.004425,4.9109
0.019531,0.0042725,4.917
0.020294,0.0012207,4.9084
0.018768,-0.0019836,4.9146
0.015259,-0.007019,4.9219
0.0093079,-0.009613,4.9084
0.0032043,-0.011902,4.9182
-0.0018311,-0.013733,4.9097
-0.0039673,-0.016479,4.8926
-0.00061035,-0.019684,4.9097
-0.0038147,-0.020905,4.9084
-0.0028992,-0.021057,4.9146
-0.0021362,-0.018616,4.9146
0.0010681,-0.013123,4.9146
0.0073242,-0.0056458,4.9207
0.014038,0.0019836,0.053711
0.023804,0.0076294,0.057373
0.031128,0.0099182,0.05127
0.037537,0.010223,0.062256
0.040741,0.012665,0.061035
0.042725,0.013885,0.067139
0.04364,0.016022,0.06958
0.044556,0.016785,0.063477
0.045319,0.015717,0.059814
0.046692,0.011902,0.062256
0.045013,0.007782,0.070801
0.041504,0.0053406,0.061035
0.037537,0.0056458,0.047607
0.031738,0.0085449,0.065918
0.027618,0.012207,0.064697
0.024261,0.015411,0.062256
0.020142,0.018768,0.067139
0.015564,0.019531,0.064697
0.010834,0.020447,0.065918
0.005188,0.023041,0.058594
0.00045776,0.022888,0.063477
-0.002594,0.019684,0.054932
-0.0021362,0.01358,0.05127
0,0.0056458,0.05249
0.0018311,-0.0039673,0.050049
0.0036621,-0.010681,0.062256
0.0033569,-0.014954,0.047607
0.002594,-0.016479,0.057373
0.0018311,-0.017853,0.045166
0.0021362,-0.017242,0.0354
0.0042725,-0.0177,0.042725
0.0028992,-0.016022,0.042725
0.0074768,-0.014191,0.036621
0.010071,-0.012054,0.040283
0.013733,-0.012207,0.037842
0.019226,-0.011139,0.039063
0.024414,-0.01236,0.036621
0.031738,-0.011749,0.040283
0.037384,-0.012207,0.036621
0.041962,-0.011292,0.041504
0.041809,-0.010376,0.040283
0.045776,-0.0080872,0.041504
0.044098,-0.0079346,0.037842
0.039825,-0.0076294,0.037842
0.037079,-0.0074768,0.041504
0.035706,-0.0090027,0.045166
0.035248,-0.012512,0.05127
0.03479,-0.015564,0.05249
0.032196,-0.018005,0.041504
0.032196,-0.019073,0.05249
0.031738,-0.019073,0.056152
0.031738,-0.018768,0.056152
0.036011,-0.019684,0.058594
0.039215,-0.019989,0.054932
0.041962,-0.020447,0.062256
0.040588,-0.016632,0.061035
0.042114,-0.0097656,0.063477
0.03891,-0.0012207,0.058594
0.035248,0.0059509,0.063477
0.033112,0.011139,0.059814
0.033722,0.014038,0.067139
0.033264,0.014496,0.075684
0.032654,0.014191,0.065918
0.031433,0.013428,0.065918
0.028687,0.013123,0.064697
0.027161,0.011597,0.05249
0.026855,0.0076294,0.062256
0.027466,0.0042725,0.063477
0.031128,0.0010681,0.058594
0.028381,-0.00061035,0.057373
0.028839,0.00015259,0.053711
0.026245,0.0035095,0.054932
0.02533,0.0050354,0.048828
0.026855,0.0057983,0.05249
0.028534,0.0062561,0.046387
0.031738,0.00061035,0.046387
0.030518,-0.0016785,0.046387
0.027924,-0.007782,3.0347
0.023346,-0.0097656,4.7986
0.018005,-0.010529,4.9036
0.015106,-0.010834,4.9146
0.01236,-0.011139,4.9121
0.011597,-0.011749,4.9182
0.011444,-0.013123,4.9084
0.011902,-0.014496,4.9109
0.011444,-0.01297,4.9109
0.011139,-0.010071,4.9097
0.011139,-0.0062561,4.906
0.012054,-0.0019836,4.906
0.014954,0.00015259,4.906
0.014648,-0.00091553,4.9097
0.021515,-0.0024414,4.9072
0.02243,-0.0038147,4.917
0.022125,-0.0038147,4.9109
0.02182,0,4.9207
0.021362,0.0041199,4.9194
0.023804,0.0068665,4.9194
0.027161,0.016937,4.9316
0.029449,0.0094604,4.9231
0.030212,0.0083923,4.9292
0.029755,0.0090027,4.928
0.029297,0.011292,4.9316
0.028381,0.014648,4.9329
0.028229,0.015106,4.9353
0.028381,0.013123,4.9304
0.027924,0.0073242,4.9329
0.026703,0.00015259,4.9292
0.022888,-0.0064087,4.9353
0.018463,-0.012665,4.9292
0.013428,-0.015411,4.9353
0.011444,-0.015564,4.9304
0.011749,-0.015411,4.9365
0.013275,-0.012817,4.9353
0.014801,-0.011597,4.9377
0.015717,-0.010529,4.9341
0.014496,-0.010071,4.9353
0.01236,-0.0099182,4.939
0.011902,-0.010834,4.9292
0.012054,-0.012054,4.9292
0.015259,-0.01358,4.9255
0.015869,-0.016327,4.9121
0.017242,-0.021057,4.9158
0.013275,-0.024567,4.9231
0.016327,-0.02533,4.9194
0.018463,-0.022125,4.9182
0.022736,-0.016174,4.9109
0.029907,-0.0094604,4.9146
0.036469,-0.0039673,4.9133
0.040894,-0.0013733,4.9158
0.04425,0.0024414,4.906
0.045776,0.0053406,4.917
0.046844,0.0086975,4.9109
0.047455,0.012817,4.9133
0.047913,0.016785,4.9182
0.048218,0.018311,4.9109
0.046844,0.018768,4.9109
0.042877,0.016632,4.9109
0.039215,0.014343,4.8962
0.033722,0.013123,4.906
0.029755,0.013275,4.906
0.026398,0.015564,4.9133
0.025482,0.016327,4.9121
0.022583,0.016632,4.9109
0.022736,0.015106,4.9182
0.020599,0.011902,4.9133
0.018921,0.011444,4.9243
0.016479,0.014496,4.9255
0.014343,0.01358,4.928
0.012817,0.012665,4.928
0.011292,0.0079346,4.9268
0.010681,0.0027466,0.061035
0.010986,-0.0012207,0.063477
0.007019,-0.0033569,0.067139
0.0076294,-0.0033569,0.062256
0.0074768,-0.0027466,0.075684
0.0071716,-0.0018311,0.059814
0.0085449,-0.0033569,0.05127
0.0086975,-0.0039673,0.062256
0.010529,-0.007019,0.064697
0.010986,-0.0064087,0.065918
0.012054,-0.0082397,0.067139
0.01297,-0.0071716,0.061035
0.013275,-0.0056458,0.067139
0.015259,-0.0033569,0.061035
0.017853,-0.0041199,0.063477
0.02121,-0.0016785,0.053711
0.024109,-0.00030518,0.058594
0.027161,0.0016785,0.056152
0.028687,0.004425,0.05249
0.030212,0.0071716,0.054932
0.031433,0.0094604,0.050049
0.033417,0.011292,0.050049
0.033569,0.010681,0.047607
0.034943,0.0085449,0.041504
0.035706,0.0073242,0.045166
0.0354,0.005188,0.042725
0.03479,0.0056458,0.041504
0.032196,0.007019,0.040283
0.032043,0.0088501,0.040283
0.029449,0.011597,0.040283
0.027924,0.010834,0.037842
0.024872,0.010071,0.029297
0.021362,0.0065613,0.036621
0.0177,0.0053406,0.042725
0.013733,0.0038147,0.040283
0.01297,0.0028992,0.042725
0.012512,0.0038147,0.037842
0.014343,0.0041199,0.046387
0.016937,0.0035095,0.05127
0.018005,0.0010681,0.045166
0.017853,0.00015259,0.054932
0.016937,-0.0019836,0.047607
0.016937,-0.0035095,0.03418
0.017548,-0.0027466,0.047607
0.019379,-0.0016785,0.05249
0.020752,-0.0015259,0.053711
0.020447,-0.00061035,0.057373
0.020294,0.00015259,0.059814
0.018005,0.00091553,0.062256
0.017395,0.0028992,0.062256
0.019531,0.0038147,0.062256
0.021667,0.0041199,0.059814
0.023651,0.0030518,0.062256
0.024109,0.0024414,0.057373
0.022583,0.0019836,0.063477
0.02243,0.0041199,0.074463
0.022888,0.0059509,0.063477
0.024109,0.0071716,0.064697
0.024261,0.0074768,0.065918
0.022888,0.0039673,0.072021
0.02182,-0.00045776,0.063477
0.019684,-0.0035095,0.056152
0.017548,-0.0056458,0.062256
0.016022,-0.0045776,0.057373
0.016479,-0.0019836,0.05127
0.0177,0,0.05249
0.018616,-0.00076294,0.05127
0.019379,-0.00091553,0.046387
0.019379,-0.0019836,0.047607
0.018311,-0.0021362,0.05127
0.017395,0.00061035,0.046387
0.016632,0.0053406,0.046387
0.018005,0.0094604,0.042725
0.018311,0.011444,0.047607
0.019989,0.010834,0.050049
0.021362,0.0079346,0.041504
0.020447,0.0056458,0.05249
0.022583,0.0064087,0.040283
0.024414,0.0061035,4.3298
0.025482,0.0074768,4.8755
0.026703,0.0079346,4.906
0.026398,0.005188,4.9084
0.023499,0.0013733,4.9097
0.021515,-0.002594,4.9072
0.017853,-0.0054932,4.9072
0.016479,-0.0053406,4.895
0.017395,-0.0059509,4.9121
0.019989,-0.0045776,4.9121
0.02243,-0.0062561,4.9158
0.022736,-0.0082397,4.917
0.027313,-0.012054,4.9121
0.031433,-0.010681,4.9182
0.034332,-0.0073242,4.9255
0.037231,-0.0041199,4.9243
0.038605,0.00030518,4.9304
0.03952,0.0016785,4.9402
0.036926,-0.00045776,4.9219
0.03418,-0.002594,4.9182
0.032196,-0.0045776,4.928
0.031128,-0.0053406,4.9292
0.03067,-0.0039673,4.9304
0.03067,-0.0021362,4.9304
0.030975,-0.0013733,4.9304
0.031433,-0.0019836,4.9341
0.030975,-0.0033569,4.9353
0.031281,-0.0047302,4.9353
0.034332,-0.0045776,4.9341
0.029602,-0.0019836,4.939
0.030975,0.0024414,4.9316
0.029297,0.0048828,4.9316
0.026703,0.0057983,4.9438
0.025024,0.0047302,4.9194
0.024567,0.0030518,4.9255
0.025482,0.0013733,4.9292
0.026093,0.00076294,4.9072
0.027161,0.00045776,4.9207
0.027313,-0.00030518,4.9207
0.024261,-0.0013733,4.917
0.024261,-0.0010681,4.9194
0.022278,-0.0019836,4.9146
0.019684,-0.002594,4.9146
0.015259,-0.0030518,4.9109
0.013733,-0.0028992,4.9158
0.011292,-0.0054932,4.9072
0.0088501,-0.0048828,4.9133
0.0082397,-0.0048828,4.9133
0.0091553,-0.0048828,4.9133
0.010529,-0.0050354,4.8987
0.010376,-0.0030518,4.9158
0.014648,-0.0021362,4.9133
0.016327,-0.0016785,4.9109
0.017548,-0.0032043,4.9158
0.019379,-0.0042725,4.9084
0.021515,-0.004425,4.8999
0.023499,-0.0032043,4.9109
0.024109,-0.0012207,4.8987
0.025787,0.0021362,4.9133
0.025024,0.0041199,4.9158
0.024567,0.0038147,4.9158
0.024872,0.0022888,4.9219
0.023804,0.0015259,4.9243
0.023804,0.00030518,4.9268
0.023956,0.00061035,4.9255
0.023346,0.0021362,4.9316
0.025024,0.0057983,4.9329
0.024567,0.0097656,4.9329
0.02655,0.014038,4.9402
0.028687,0.011597,4.9329
0.03006,0.0088501,4.9377
0.03067,0.005188,4.9255
0.030975,0.0030518,0.057373
0.032349,0.0030518,0.062256
0.031433,0.0041199,0.062256
0.030365,0.0045776,0.062256
0.027008,0.0065613,0.064697
0.024261,0.0042725,0.067139
0.021667,0.0012207,0.067139
0.020294,-0.0032043,0.063477
0.020294,-0.0053406,0.063477
0.02121,-0.0073242,0.054932
0.021973,-0.0061035,0.053711
0.024872,-0.0039673,0.057373
0.023193,-0.0022888,0.056152
0.025482,-0.0013733,0.050049
0.028534,-0.00076294,0.043945
0.03006,0.00030518,0.056152
0.029449,0.0016785,0.050049
0.03418,0.0042725,0.056152
0.033722,0.0068665,0.047607
0.036469,0.0073242,0.048828
0.036774,0.0074768,0.036621
0.037689,0.0068665,0.043945
0.037994,0.0059509,0.037842
0.038147,0.005188,0.041504
0.037537,0.0047302,0.037842
0.034637,0.005188,0.040283
0.031586,0.0057983,0.037842
0.026398,0.0071716,0.042725
0.023041,0.0083923,0.040283
0.020905,0.0080872,0.039063
0.020447,0.0080872,0.041504
0.020142,0.0086975,0.041504
0.019379,0.009613,0.054932
0.018158,0.010376,0.043945
0.016022,0.0086975,0.046387
0.015411,0.0056458,0.047607
0.015717,0.0018311,0.03418
0.0177,-0.0032043,0.048828
0.020752,-0.0065613,0.05249
0.019531,-0.0065613,0.056152
0.017853,-0.0067139,0.057373
0.015869,-0.0024414,0.054932
0.013733,-0.0013733,0.061035
0.012512,-0.00045776,0.058594
0.013123,-0.00015259,0.062256
0.013733,-0.00061035,0.059814
0.013733,0.00030518,0.064697
0.01236,0.0021362,0.062256
0.010376,0.0033569,0.061035
0.010681,0.0039673,0.065918
0.0093079,0.0039673,0.064697
0.012512,0.0030518,0.067139
0.014038,0.0030518,0.068359
0.014343,0.002594,0.079346
0.014801,0.0053406,0.065918
0.014191,0.0080872,0.053711
0.014648,0.0099182,0.062256
0.016937,0.0097656,0.062256
0.018768,0.0088501,0.05249
0.020905,0.0086975,0.058594
0.023193,0.0080872,0.05127
0.023651,0.0086975,0.053711
0.022888,0.010529,0.041504
0.02121,0.009613,0.05249
0.019073,0.0083923,0.042725
0.017242,0.0073242,0.048828
0.015259,0.0050354,0.047607
0.014038,0.004425,0.046387
0.013275,0.0039673,0.046387
0.012207,0.0048828,0.042725
0.010986,0.0064087,0.041504
0.010376,0.0082397,0.039063
0.011444,0.0099182,0.029297
0.013428,0.012054,0.039063
0.016174,0.01358,0.0354
0.018158,0.014496,0.039063
0.019836,0.014801,0.039063
0.019836,0.014648,0.039063
0.018311,0.012817,3.4912
0.016632,0.010681,4.8206
0.014496,0.007019,4.9036
0.013733,0.0053406,4.9084
0.012207,0.0036621,4.9146
0.011749,0.0041199,4.9133
0.011902,0.0048828,4.9146
0.010529,0.0048828,4.917
0.013733,0.0041199,4.9219
0.016327,0.0045776,4.9304
0.018768,0.0050354,4.9243
0.020447,0.0057983,4.9377
0.02121,0.0073242,4.9341
0.021057,0.0094604,4.9146
0.020142,0.010071,4.9292
0.018158,0.0088501,4.9304
0.016327,0.0065613,4.9292
0.013885,0.0035095,4.917
0.01297,-0.00045776,4.9268
0.013428,-0.0024414,4.9316
0.014801,-0.0036621,4.9329
0.016479,-0.0041199,4.9329
0.015411,-0.0032043,4.9329
0.016937,-0.0033569,4.9377
0.018005,-0.0048828,4.9377
0.019989,-0.0053406,4.9353
0.022888,-0.0074768,4.9438
0.024719,-0.0067139,4.9304
0.026093,-0.0057983,4.928
0.025482,-0.0035095,4.9316
0.023499,-0.0019836,4.9304
0.02182,-0.0019836,4.9207
0.02121,-0.0030518,4.9304
0.02243,-0.0053406,4.9207
0.024567,-0.0073242,4.9182
0.028381,-0.0088501,4.9146
0.031433,-0.0080872,4.9182
0.032349,-0.0059509,4.9109
0.034637,-0.0048828,4.9158
0.033722,-0.0027466,4.9109
0.033569,-0.0024414,4.9109
0.033722,-0.0033569,4.9133
0.028534,-0.0032043,4.9133
0.028381,-0.002594,4.9133
0.026703,-0.0016785,4.9109
0.025787,-0.00061035,4.9207
0.02533,-0.00045776,4.9109
0.024567,-0.0012207,4.9194
0.025787,-0.0039673,4.9084
0.027618,-0.007019,4.8889
0.028534,-0.0097656,4.9109
0.030975,-0.010986,4.9109
0.030823,-0.011139,4.9109
0.030975,-0.010223,4.9109
0.029449,-0.0093079,4.9158
0.028839,-0.0074768,4.9158
0.027161,-0.0038147,4.9182
0.027924,-0.0010681,4.9243
0.029602,0.0033569,4.9243
0.031738,0.0042725,4.9268
0.033569,0.0032043,4.9207
0.034485,0.0030518,4.9341
0.034637,0.0013733,4.9329
0.031738,-0.00015259,4.9304
0.033264,-0.00045776,4.9329
0.031738,-0.0018311,4.9353
0.030212,-0.0024414,4.9402
0.029907,-0.0033569,4.9316
0.029297,-0.0042725,4.9194
0.028076,-0.004425,4.9329
0.026855,-0.002594,4.9292
0.024719,-0.00076294,4.9341
0.025177,0.0027466,0.067139
0.024261,0.0042725,0.061035
0.02594,0.0028992,0.06958
0.026093,0.0016785,0.059814
0.026093,-0.00045776,0.059814
0.025482,-0.0019836,0.058594
0.024414,-0.0018311,0.061035
0.026855,0.00015259,0.05249
0.022583,0.0021362,0.05249
0.022125,0.0038147,0.065918
0.023346,0.0038147,0.050049
0.021973,0.0065613,0.048828
0.022278,0.0024414,0.048828
0.021973,0.00091553,0.029297
0.022125,0,0.041504
0.022125,0.0021362,0.043945
0.023041,-0.0012207,0.037842
0.022125,-0.0039673,0.041504
0.020905,-0.0076294,0.036621
0.019836,-0.0097656,0.037842
0.018921,-0.011292,0.039063
0.015869,-0.010681,0.039063
0.019989,-0.0088501,0.0354
0.02182,-0.0083923,0.041504
0.022125,-0.007019,0.039063
0.023041,-0.0036621,0.040283
0.024872,-0.0010681,0.043945
0.023956,0.0024414,0.041504
0.027313,0.004425,0.040283
0.029297,0.0086975,0.046387
0.030823,0.010223,0.046387
0.031433,0.0090027,0.043945
0.032501,0.0054932,0.043945
0.0354,0.002594,0.05127
0.034027,0.0019836,0.054932
0.032806,0.0021362,0.050049
0.031281,0.0048828,0.059814
0.029297,0.0073242,0.059814
0.02594,0.0088501,0.062256
0.02121,0.0071716,0.058594
0.020447,0.0022888,0.063477
0.019989,-0.00076294,0.059814
0.019531,-0.0035095,0.062256
0.019531,-0.004425,0.063477
0.022888,-0.0047302,0.063477
0.025482,-0.004425,0.072021
0.026093,-0.0036621,0.068359
0.024414,-0.0038147,0.068359
0.021973,-0.0033569,0.065918
0.019684,-0.0024414,0.056152
0.019226,0.002594,0.063477
0.019684,0.00061035,0.057373
0.021515,0.002594,0.057373
0.022888,0.0059509,0.059814
0.022888,0.007782,0.05249
0.027008,0.0082397,0.054932
0.029297,0.0080872,0.047607
0.032806,0.0071716,0.056152
0.035553,0.0074768,0.043945
0.037689,0.007782,0.050049
0.036621,0.0091553,0.048828
0.03418,0.009613,0.047607
0.030212,0.010529,0.043945
0.027161,0.010071,0.043945
0.024261,0.0076294,0.048828
0.025024,0.0050354,0.042725
0.021515,0.0047302,0.048828
0.02121,0.0050354,0.037842
0.019836,0.0056458,0.031738
0.020142,0.0067139,0.037842
0.017242,0.0056458,0.042725
0.016479,0.0045776,0.037842
0.014954,0.0041199,0.037842
0.013733,0.00045776,0.036621
0.013275,0.00015259,0.041504
0.011902,0.0022888,0.040283
0.010376,0.0032043,0.042725
0.007782,0.00076294,0.043945
0.005188,-0.0015259,3.8452
0.0038147,-0.0042725,4.8523
0.0024414,-0.0059509,4.9133
0.0039673,-0.0057983,4.9329
0.007019,-0.0054932,4.9231
0.010223,-0.0041199,4.9231
0.010529,-0.002594,4.928
0.013123,-0.0019836,4.9207
0.013123,0.0013733,4.928
0.01297,0.0018311,4.9255
0.012817,0.004425,4.9316
0.012817,0.0059509,4.9304
0.013275,0.0059509,4.9268
0.013275,0.0038147,4.9316
0.01358,0.00061035,4.9329
0.015106,-0.00076294,4.9316
0.016632,-0.0033569,4.9304
0.018921,-0.0016785,4.9329
0.020294,-0.00015259,4.9341
0.022278,0.0013733,4.9365
0.023041,0.0038147,4.9353
0.022583,0.0047302,4.9341
0.02182,0.0057983,4.9402
0.020142,0.004425,4.9316
0.017395,0.0027466,4.9365
0.016022,0.0021362,4.9255
0.013428,0.0021362,4.9133
0.012207,0.0022888,4.9194
0.010529,0.0030518,4.9158
0.011292,0.0035095,4.9121
0.011139,0.0035095,4.9194
0.011902,0.0035095,4.9133
0.012817,0.002594,4.917
0.01297,0.0024414,4.9109
0.014496,0.0033569,4.9121
0.014038,0.0045776,4.9097
0.01297,0.005188,4.9146
0.011749,0.0053406,4.9072
0.009613,0.0054932,4.9133
0.010681,0.0074768,4.9109
0.0099182,0.0090027,4.9133
0.010071,0.010376,4.9084
0.011139,0.0099182,4.9072
0.012665,0.009613,4.9036
0.013275,0.0091553,4.9146
0.014343,0.0082397,4.9048
0.015411,0.007019,4.9097
0.014496,0.0068665,4.9133
0.013885,0.0080872,4.9146
0.013123,0.0076294,4.917
0.012054,0.0076294,4.9146
0.012054,0.0067139,4.9231
0.010529,0.0038147,4.9231
0.0093079,0.0013733,4.9268
0.0071716,-0.00045776,4.9292
0.0059509,-0.00091553,4.9316
0.0057983,-0.00045776,4.9268
0.0065613,0.0010681,4.9353
0.0071716,0.00076294,4.9353
0.0076294,0.0016785,4.9365
0.0082397,0.00030518,4.9402
0.0091553,-0.00045776,4.9341
0.010071,0.0015259,4.9133
0.01297,0.0038147,4.9304
0.01709,0.0062561,4.9316
0.020599,0.0076294,4.9365
0.023041,0.0074768,4.9353
0.024567,0.0054932,4.9304
0.024109,0.0030518,4.939
0.02533,0.0016785,4.9304
0.026703,0.0024414,4.9341
0.029144,0.0054932,4.9268
0.030518,0.007019,0.059814
0.028839,0.0064087,0.053711
0.028534,0.005188,0.053711
0.027313,0.0030518,0.061035
0.026855,-0.00030518,0.05249
0.027771,-0.0015259,0.05127
0.028076,-0.00045776,0.046387
0.027161,0.00076294,0.040283
0.026093,0.0013733,0.041504
0.02533,0.00045776,0.043945
0.024719,-0.0010681,0.042725
0.025482,-0.0039673,0.042725
0.023956,-0.004425,0.037842
0.02533,-0.0041199,0.042725
0.024261,-0.0013733,0.037842
0.023499,0.00076294,0.042725
0.023499,0.0033569,0.037842
0.023499,0.0024414,0.042725
0.024567,-0.00091553,0.039063
0.025177,-0.0018311,0.040283
0.027008,-0.0032043,0.039063
0.027618,-0.0022888,0.041504
0.029144,-0.00076294,0.05127
0.029907,0.0012207,0.045166
0.029755,0.0010681,0.057373
0.029602,-0.0024414,0.045166
0.028992,-0.0030518,0.041504
0.027924,-0.0039673,0.05127
0.027161,-0.0027466,0.053711
0.026703,0.00015259,0.05249
0.02594,0.0030518,0.056152
0.024872,0.0047302,0.059814
0.02533,0.0036621,0.061035
0.025787,0.0030518,0.062256
0.024872,0.00076294,0.063477
0.025482,0.00045776,0.057373
0.025024,0.0018311,0.064697
0.025635,0.0036621,0.062256
0.024719,0.0057983,0.063477
0.025177,0.0045776,0.06958
0.024719,0.0019836,0.064697
0.024414,0.00061035,0.062256
0.02243,-0.00030518,0.067139
0.023346,-0.00061035,0.073242
0.023193,0.0015259,0.065918
0.023193,0.0038147,0.062256
0.023346,0.0057983,0.062256
0.023651,0.0053406,0.059814
0.02533,0.0041199,0.056152
0.02655,0.0013733,0.054932
0.027008,0.00030518,0.05249
0.027008,0.00061035,0.05249
0.025024,0.0028992,0.047607
0.023499,0.0054932,0.05127
0.021057,0.0036621,0.05127
0.020142,-0.00015259,0.046387
0.018158,-0.0041199,0.042725
0.018768,-0.0064087,0.046387
0.019684,-0.0067139,0.058594
0.019531,-0.0056458,0.043945
0.018616,-0.0038147,0.047607
0.016632,-0.0030518,0.041504
0.017548,-0.0038147,0.025635
0.018768,-0.007019,0.037842
0.02121,-0.0053406,0.040283
0.022888,-0.0016785,0.039063
0.023041,0.0035095,0.037842
0.022583,0.0079346,0.0354
0.02243,0.009613,0.040283
0.023193,0.0091553,0.0354
0.024567,0.0064087,0.040283
0.025787,0.0042725,0.040283
0.026245,0.0022888,0.037842
0.026245,0.0032043,0.046387
0.024261,0.0047302,0.05127
0.023804,0.005188,0.054932
0.022888,0.0041199,0.054932
0.022125,0.0015259,0.054932
0.025024,-0.0027466,4.3152
0.025177,-0.0068665,4.8914
0.024872,-0.0085449,4.9243
0.024109,-0.0082397,4.9207
0.023956,-0.0067139,4.9292
0.021362,-0.0036621,4.9304
0.020599,-0.0032043,4.928
0.02121,-0.005188,4.9304
0.021362,-0.007019,4.9304
0.023193,-0.0079346,4.9329
0.024261,-0.005188,4.9304
0.024261,-0.00076294,4.9353
0.02533,0,4.9341
0.025482,0.0065613,4.9402
0.02655,0.004425,4.9329
0.028839,0.0016785,4.9377
0.028839,0.00076294,4.9426
0.029755,0.0033569,4.9329
0.030518,0.007782,4.9304
0.029144,0.011139,4.928
0.028534,0.011597,4.9158
0.027771,0.0088501,4.9207
0.027466,0.0018311,4.9194
0.029602,-0.0032043,4.9158
0.031281,-0.005188,4.9207
0.031891,-0.004425,4.9158
0.028992,-0.0035095,4.9158
0.027771,-0.0027466,4.9133
0.025635,-0.0019836,4.9158
0.024261,0.00045776,4.9084
0.028687,0.0016785,4.9133
0.025787,0.0039673,4.9133
0.02655,0.0054932,4.9146
0.025177,0.0045776,4.9084
0.023346,0.0053406,4.9146
0.020752,0.004425,4.9133
0.019531,0.0042725,4.9097
0.019073,0.0041199,4.9158
0.019531,0.0056458,4.9133
0.019073,-0.00015259,4.9023
0.015564,-0.0045776,4.9109
0.010834,-0.0062561,4.9109
0.007019,-0.0050354,4.9133
0.0061035,-0.0035095,4.9182
0.0076294,-0.0012207,4.9133
0.010529,0.0010681,4.9182
0.014648,0.0033569,4.9219
0.0177,0.0061035,4.9255
0.019531,0.0045776,4.9243
0.019989,0.0033569,4.9304
0.019836,0.0016785,4.9292
0.018158,0.0013733,4.9329
0.017395,0.0021362,4.9426
0.018616,0.0030518,4.9329
0.018768,0.0047302,4.9341
0.016022,0.0047302,4.9341
0.013733,0.004425,4.9207
0.013123,0.0032043,4.9304
0.014648,0.0021362,4.9316
0.016327,0.0019836,4.9304
0.018158,0.0028992,4.9377
0.019836,0.0032043,4.9341
0.020142,0.005188,4.9402
0.017548,0.0073242,4.9341
0.013733,0.0099182,4.9353
0.010376,0.0088501,4.9292
0.009613,0.0094604,4.9304
0.010223,0.0091553,4.928
0.0097656,0.0083923,4.928
0.010681,0.0064087,4.9255
0.012054,0.0062561,4.9243
0.012054,0.0059509,0.065918
0.012665,0.0053406,0.05249
0.014038,0.0045776,0.058594
0.015717,0.0035095,0.042725
0.015869,0.0013733,0.048828
0.016937,0.0038147,0.043945
0.014648,0.0038147,0.040283
0.010529,0.0057983,0.039063
0.0065613,0.0071716,0.041504
0.0048828,0.007782,0.0354
0.0056458,0.0062561,0.040283
0.0083923,0.0053406,0.032959
0.010986,0.0030518,0.043945
0.011597,0.0028992,0.039063
0.010986,0.0045776,0.041504
0.0086975,0.007019,0.040283
0.0059509,0.0074768,0.041504
0.0057983,0.0071716,0.048828
0.0061035,0.0057983,0.046387
0.0074768,0.0053406,0.05249
0.0097656,0.0038147,0.046387
0.010376,0.0048828,0.039063
0.011292,0.0071716,0.054932
0.012665,0.0085449,0.05127
0.014191,0.0088501,0.056152
0.016937,0.0082397,0.058594
0.020142,0.0064087,0.056152
0.020599,0.0035095,0.059814
0.019226,0.0010681,0.056152
0.016327,-0.0010681,0.063477
0.013428,-0.00091553,0.059814
0.010986,-0.00045776,0.063477
0.011444,-0.0019836,0.064697
0.012665,-0.0053406,0.063477
0.013733,-0.0094604,0.062256
0.015106,-0.010376,0.064697
0.014191,-0.0080872,0.070801
0.014496,-0.0053406,0.064697
0.014801,-0.0035095,0.076904
0.015869,-0.0033569,0.067139
0.018005,-0.0050354,0.054932
0.019226,-0.0071716,0.061035
0.019226,-0.0086975,0.063477
0.020905,-0.0079346,0.058594
0.016327,-0.0067139,0.057373
0.014954,-0.0067139,0.05249
0.014496,-0.0079346,0.05127
0.016327,-0.007019,0.046387
0.018005,-0.0061035,0.047607
0.02243,-0.0035095,0.047607
0.025177,-0.0028992,0.048828
0.027771,0.0030518,0.047607
0.027771,0.0036621,0.047607
0.029297,0.0016785,0.05127
0.030518,-0.0016785,0.041504
0.033417,-0.0053406,0.037842
0.033875,-0.0064087,0.042725
0.036926,-0.0065613,0.024414
0.035553,-0.0054932,0.036621
0.033417,-0.0045776,0.037842
0.029449,-0.005188,0.041504
0.026398,-0.0065613,0.041504
0.023346,-0.007782,0.036621
0.022125,-0.010376,0.039063
0.023346,-0.0080872,0.037842
0.02243,-0.0088501,0.041504
0.019989,-0.0050354,0.037842
0.017853,-0.0036621,0.045166
0.019226,-0.0027466,0.046387
0.021515,-0.0015259,0.047607
0.024261,-0.0019836,0.045166
0.025787,-0.0013733,0.05249
0.024567,-0.00091553,0.059814
0.021515,0.00091553,0.056152
0.018311,0.0033569,0.070801
0.015869,0.0053406,0.059814
0.016632,0.0067139,0.050049
0.021057,0.0065613,0.054932
0.024567,0.0035095,2.3096
0.026398,0.0019836,4.7717
0.027008,-0.0021362,4.9158
0.027618,0.00015259,4.9255
0.027161,0.0019836,4.9329
0.027161,0.0053406,4.9316
0.028839,0.0061035,4.9316
0.029449,0.0047302,4.9304
0.028687,0.0016785,4.9353
0.026855,-0.0021362,4.9365
0.021973,-0.0027466,4.9231
0.018616,-0.0035095,4.9402
0.015106,-0.0021362,4.9353
0.014343,0,4.9316
0.015869,-0.00015259,4.9292
0.0177,-0.0015259,4.9329
0.018768,-0.0033569,4.9255
0.018921,-0.0045776,4.9207
0.017853,-0.00091553,4.9158
0.015259,0.0024414,4.9207
0.014496,0.0057983,4.9194
0.014648,0.0074768,4.917
0.015106,0.0056458,4.9146
0.016022,0.0045776,4.9158
0.016937,0.0032043,4.917
0.016327,0.0036621,4.9133
0.016327,0.0057983,4.9133
0.0177,0.0073242,4.9158
0.020752,0.0083923,4.9097
0.025024,0.007782,4.9097
0.029907,0.0067139,4.9231
0.031281,0.0041199,4.9121
0.029602,0.0032043,4.9158
0.02594,0.0038147,4.9121
0.023651,0.0042725,4.895
0.023956,0.0053406,4.9097
0.025787,0.0054932,4.9109
0.027313,0.0038147,4.9146
0.027008,0.00015259,4.9109
0.024719,-0.0041199,4.9133
0.021057,-0.0054932,4.9158
0.0177,-0.005188,4.9194
0.016479,-0.0028992,4.9243
0.017242,-0.0016785,4.9207
0.019379,0.00015259,4.9292
0.020447,-0.0019836,4.9304
0.020752,-0.0038147,4.9316
0.020447,-0.0056458,4.9353
0.016785,-0.0057983,4.9243
0.016479,-0.0059509,4.9316
0.017853,-0.0033569,4.9329
0.021667,-0.00030518,4.9414
0.025024,0.0015259,4.9304
0.027618,0.0030518,4.9268
0.028076,0.0027466,4.9329
0.027618,0.0022888,4.9316
0.026703,0.0039673,4.9304
0.028229,0.0056458,4.9377
0.03067,0.009613,4.9353
0.034637,0.011139,4.9426
0.036621,0.011597,4.928
0.035553,0.0099182,4.9365
0.034332,0.0062561,4.928
0.032196,0.005188,4.9292
0.03006,0.0056458,4.9255
0.028992,0.0065613,4.9268
0.030212,0.0090027,4.9316
0.029755,0.0091553,4.9231
0.030365,0.0097656,4.9207
0.028992,0.0074768,4.9158
0.026703,0.011749,4.906
0.024109,0.013123,4.9146
0.022888,0.013885,0.047607
0.023041,0.01236,0.039063
0.021362,0.010071,0.041504
0.019836,0.0041199,0.039063
0.015717,-0.00076294,0.036621
0.012054,-0.0033569,0.039063
0.0074768,-0.0036621,0.041504
0.0039673,-0.0032043,0.039063
0.002594,-0.0035095,0.037842
0.0027466,-0.0056458,0.042725
0.0033569,-0.0097656,0.040283
0.0048828,-0.010529,0.039063
0.0047302,-0.014343,0.043945
0.0062561,-0.010986,0.042725
0.0071716,-0.0071716,0.043945
0.0088501,-0.0035095,0.05127
0.011292,-0.0015259,0.048828
0.013428,-0.0018311,0.045166
0.016327,-0.0030518,0.05127
0.018616,-0.0027466,0.047607
0.020142,-0.00045776,0.057373
0.021057,0.0045776,0.058594
0.021362,0.0094604,0.056152
0.023041,0.011749,0.062256
0.024719,0.012817,0.061035
0.026093,0.01236,0.063477
0.02655,0.011597,0.061035
0.02594,0.0097656,0.063477
0.023956,0.0097656,0.059814
0.021057,0.0099182,0.056152
0.018768,0.0079346,0.078125
0.0177,0.007782,0.064697
0.016785,0.0050354,0.067139
0.015717,0.0028992,0.06958
0.013733,0.0022888,0.058594
0.010986,0.0018311,0.062256
0.0082397,0.0036621,0.062256
0.0059509,0.0054932,0.062256
0.0054932,0.0065613,0.059814
0.005188,0.0065613,0.053711
0.0045776,0.0050354,0.05249
0.0035095,0.0038147,0.048828
0.0033569,0.0027466,0.05127
0.0024414,0.0024414,0.047607
0.0027466,0.0033569,0.05127
0.0036621,0.0045776,0.048828
0.005188,0.0048828,0.047607
0.0057983,0.0032043,0.047607
0.007019,-0.00061035,0.046387
0.0097656,0.0012207,0.045166
0.011444,0.0024414,0.039063
0.01236,0.0050354,0.040283
0.01358,0.0071716,0.040283
0.014801,0.0076294,0.039063
0.014191,0.0042725,0.042725
0.01358,0.0036621,0.039063
0.013123,0.0024414,0.037842
0.01358,0.0027466,0.040283
0.014496,0.0032043,0.036621
0.015717,0.0045776,0.040283
0.018158,0.0047302,0.037842
0.020599,0.0053406,0.041504
0.021057,0.0045776,0.041504
0.022125,0.0054932,0.046387
0.021515,0.0059509,0.048828
0.021057,0.0062561,0.048828
0.019989,0.0065613,0.061035
0.018921,0.0065613,0.056152
0.017395,0.0068665,0.062256
0.016327,0.0054932,0.053711
0.016632,0.0035095,0.053711
0.014648,0.002594,0.059814
0.014954,-0.00045776,0.058594
0.016785,-0.0024414,0.058594
0.016327,-0.0038147,0.059814
0.014954,-0.004425,0.061035
0.014191,-0.0057983,0.061035
0.01236,-0.0057983,0.057373
0.012665,-0.0085449,0.17456
0.013733,-0.0086975,4.6582
0.014954,-0.011292,4.9133
0.017242,-0.0099182,4.9231
0.019073,-0.0074768,4.9316
0.021057,-0.005188,4.9268
0.020142,-0.0039673,4.9353
0.021973,-0.0045776,4.9402
0.023804,-0.0068665,4.9292
0.026093,-0.0082397,4.9353
0.026093,-0.007019,4.9268
0.027924,-0.0048828,4.9109
0.029144,-0.0041199,4.9194
0.030365,-0.0019836,4.9194
0.032501,-0.0045776,4.9194
0.033417,-0.0076294,4.9158
0.033722,-0.0093079,4.9133
0.032196,-0.0088501,4.9146
0.032196,-0.0065613,4.9146
0.031281,-0.0048828,4.9121
0.029755,-0.0033569,4.9084
0.028687,-0.004425,4.9146
0.027313,-0.007782,4.9097
0.026398,-0.0090027,4.9133
0.02533,-0.0083923,4.9133
0.023956,-0.0073242,4.9121
0.025787,-0.0067139,4.9097
0.021515,-0.0028992,4.9097
0.024414,-0.0033569,4.9011
0.024261,-0.0033569,4.906
0.024109,-0.0035095,4.895
0.023193,-0.0030518,4.9097
0.024567,-0.0010681,4.9146
0.025177,0.0012207,4.9121
0.025787,0.0021362,4.9158
0.026855,0.0028992,4.9158
0.028076,0.0024414,4.9207
0.028534,0.00045776,4.9231
0.029602,-0.0030518,4.9292
0.028839,0.0016785,4.9255
0.027618,0.0013733,4.928
0.024872,0.0032043,4.9292
0.021667,0.0047302,4.9329
0.019989,0.0050354,4.9377
0.018768,0.0047302,4.9353
0.018921,0.0032043,4.9402
0.019379,0.0010681,4.9329
0.019379,-0.0010681,4.9219
0.022125,-0.0036621,4.9341
0.022888,-0.004425,4.9329
0.023041,-0.0050354,4.9304
0.023499,-0.005188,4.9341
0.023346,-0.0064087,4.9353
0.021515,-0.0091553,4.9377
0.019684,-0.0057983,4.9329
0.015259,-0.005188,4.9353
0.013275,-0.0028992,4.9255
0.012207,-0.005188,4.9292
0.01236,-0.0053406,4.9146
0.012054,-0.0067139,4.9268
0.015717,-0.0073242,4.9243
0.0177,-0.0079346,4.9231
0.020905,-0.0061035,4.9207
0.023041,-0.0053406,4.9158
0.02594,-0.004425,4.9207
0.028534,-0.0042725,4.9146
0.028992,-0.0032043,4.9146
0.028992,-0.002594,4.9109
0.026245,-0.0032043,4.9072
0.022278,-0.00030518,4.9109
0.021667,0.00045776,4.9109
0.02182,0.00015259,4.9084
0.020447,-0.00076294,4.9097
0.02121,0.0013733,0.05249
0.023193,0.0021362,0.041504
0.025177,0.0030518,0.040283
0.027618,0.0047302,0.043945
0.029144,0.0053406,0.039063
0.027618,0.0071716,0.041504
0.031738,0.0010681,0.05127
0.030975,-0.0038147,0.042725
0.028992,-0.0090027,0.056152
0.026093,-0.013885,0.047607
0.022583,-0.0177,0.032959
0.018005,-0.018158,0.05127
0.014648,-0.018768,0.054932
0.011902,-0.017395,0.056152
0.010834,-0.014954,0.058594
0.010834,-0.011902,0.056152
0.013123,-0.0090027,0.064697
0.016479,-0.0076294,0.059814
0.02121,-0.0057983,0.062256
0.023346,-0.0064087,0.058594
0.026093,-0.0076294,0.063477
0.029602,-0.007019,0.062256
0.030975,-0.0062561,0.064697
0.031586,-0.005188,0.073242
0.030975,-0.005188,0.067139
0.027771,-0.0024414,0.064697
0.025024,-0.0018311,0.067139
0.02243,-0.0038147,0.072021
0.02121,0.0012207,0.063477
0.02182,0.0028992,0.064697
0.022888,0.002594,0.059814
0.024872,0.0028992,0.058594
0.027161,0.0038147,0.048828
0.029755,0.0048828,0.054932
0.031281,0.0041199,0.048828
0.031281,0.0035095,0.05127
0.030823,0.0033569,0.046387
0.029449,0.0035095,0.050049
0.026245,0.0033569,0.046387
0.022888,0.0033569,0.047607
0.016632,0.0035095,0.043945
0.014496,0.0021362,0.043945
0.01236,0.00015259,0.05127
0.0094604,0.00061035,0.042725
0.0088501,0.00015259,0.053711
0.0090027,-0.00030518,0.037842
0.010071,-0.0016785,0.030518
0.010376,-0.0012207,0.040283
0.010681,-0.00061035,0.036621
0.0097656,0.0016785,0.037842
0.0073242,0.0032043,0.039063
0.005188,0.0038147,0.036621
0.0042725,0.0016785,0.039063
0.002594,-0.0030518,0.039063
0.0024414,-0.0080872,0.042725
0.0035095,-0.009613,0.041504
0.004425,-0.0074768,0.047607
0.0057983,-0.0041199,0.050049
0.007782,-0.0012207,0.05249
0.010071,0.00061035,0.053711
0.012817,0.00091553,0.058594
0.016174,0.00045776,0.056152
0.018463,0.0016785,0.059814
0.018463,0.0032043,0.065918
0.016937,0.0047302,0.058594
0.015869,0.0062561,0.056152
0.016479,0.0065613,0.059814
0.017853,0.0082397,0.063477
0.018616,0.0091553,0.059814
0.018768,0.011444,0.062256
0.018768,0.013733,0.056152
0.017853,0.014496,0.058594
0.016022,0.013885,0.064697
0.015717,0.012054,0.065918
0.016022,0.011444,0.064697
0.017853,0.010529,0.072021
0.018616,0.011139,0.062256
0.019684,0.011444,0.065918
0.021515,0.011749,4.5471
0.020142,0.011597,4.9011
0.019531,0.011292,4.9219
0.018158,0.010681,4.9158
0.016785,0.010986,4.9011
0.015106,0.010529,4.9207
0.012512,0.0094604,4.917
0.010834,0.0064087,4.9207
0.0082397,0.0047302,4.9182
0.0047302,-0.00030518,4.9121
0.0064087,-0.00091553,4.9158
0.007019,0.00091553,4.9146
0.0080872,0.0027466,4.9146
0.0080872,0.0041199,4.9023
0.0071716,0.0041199,4.9182
0.0091553,0.005188,4.9146
0.0083923,0.0061035,4.9133
0.0082397,0.007019,4.9097
0.007019,0.0088501,4.9133
0.0076294,0.0094604,4.9146
0.0079346,0.0088501,4.9158
0.0090027,0.0053406,4.9158
0.010071,0.0019836,4.9097
0.010834,-0.00091553,4.906
0.012665,-0.0028992,4.9133
0.014954,-0.0033569,4.9011
0.016937,-0.0053406,4.9146
0.020142,-0.0039673,4.9158
0.020447,-0.005188,4.9133
0.021057,-0.0048828,4.9194
0.020599,-0.0042725,4.9084
0.020447,-0.0024414,4.928
0.022125,-0.00045776,4.9268
0.02121,0.00091553,4.9304
0.022125,0.0015259,4.9329
0.02182,-0.00091553,4.9316
0.022278,-0.0028992,4.939
0.024719,-0.0038147,4.9329
0.026093,-0.0028992,4.9329
0.025635,-0.0012207,4.9316
0.024567,-0.00030518,4.9133
0.023193,-0.00061035,4.9329
0.021362,-0.0010681,4.9329
0.018768,-0.0038147,4.9365
0.019836,-0.0036621,4.9353
0.019989,-0.002594,4.9353
0.02121,-0.002594,4.9316
0.022278,-0.0012207,4.9292
0.023041,-0.0012207,4.9341
0.024109,-0.0016785,4.9255
0.024414,-0.0039673,4.9292
0.025024,-0.0057983,4.9292
0.026245,-0.0086975,4.9231
0.026398,-0.010223,4.9194
0.028381,-0.010834,4.9231
0.028381,-0.0097656,4.9329
0.029755,-0.0094604,4.9207
0.032043,-0.0062561,4.9255
0.033417,-0.005188,4.9182
0.035858,-0.0039673,4.9023
0.036774,-0.0028992,4.9097
0.037994,-0.0032043,4.917
0.038757,-0.0033569,4.9097
0.039063,-0.0032043,4.9109
0.038757,-0.0035095,4.906
0.037384,-0.004425,4.9109
0.037079,-0.0047302,4.9084
0.035553,-0.0050354,4.9133
0.035248,-0.0042725,4.9097
0.036011,-0.0057983,4.9121
0.034943,-0.007019,4.9084
0.034027,-0.0083923,4.9109
0.031586,-0.010223,4.9231
0.028381,-0.010986,0.042725
0.02594,-0.014954,0.047607
0.024261,-0.0064087,0.048828
0.023651,-0.0041199,0.039063
0.023651,-0.0022888,0.046387
0.023804,-0.0013733,0.048828
0.02243,0.00015259,0.056152
0.023956,0.0027466,0.056152
0.02533,0.0061035,0.058594
0.028534,0.010071,0.063477
0.031738,0.011749,0.061035
0.033569,0.007782,0.062256
0.034027,0.0035095,0.058594
0.031738,-0.0030518,0.061035
0.027924,-0.0080872,0.062256
0.023956,-0.010529,0.063477
0.020599,-0.010834,0.065918
0.015259,-0.0099182,0.065918
0.01236,-0.0093079,0.06958
0.0079346,-0.0094604,0.067139
0.0097656,-0.0082397,0.080566
0.0097656,-0.0062561,0.063477
0.011902,-0.0032043,0.05249
0.015411,0.00061035,0.062256
0.018158,0.0032043,0.057373
0.019684,0.0053406,0.053711
0.021515,0.0053406,0.05249
0.021973,0.0056458,0.05127
0.024261,0.0067139,0.05127
0.025787,0.0090027,0.048828
0.028839,0.0088501,0.048828
0.032654,0.0090027,0.043945
0.034637,0.007782,0.047607
0.034485,0.0064087,0.047607
0.033112,0.0035095,0.045166
0.030975,0.0032043,0.045166
0.026855,-0.0012207,0.045166
0.022125,-0.0036621,0.037842
0.018311,-0.0054932,0.040283
0.014801,-0.0074768,0.031738
0.011902,-0.0086975,0.037842
0.010071,-0.0097656,0.041504
0.007782,-0.013275,0.03418
0.0061035,-0.014496,0.040283
0.0065613,-0.015564,0.041504
0.0073242,-0.014496,0.039063
0.0094604,-0.011749,0.036621
0.012054,-0.0090027,0.039063
0.013123,-0.0054932,0.041504
0.016937,-0.00091553,0.046387
0.018921,0.0022888,0.048828
0.021667,0.0036621,0.05127
0.023041,0.007019,0.050049
0.026245,0.010071,0.057373
0.029297,0.012817,0.065918
0.030212,0.013885,0.057373
0.039063,0.014496,0.06958
0.037689,0.013275,0.063477
0.03891,0.010681,0.041504
0.039825,0.0079346,0.059814
0.040283,0.0039673,0.062256
0.039215,-0.00076294,0.059814
0.037537,-0.0057983,0.059814
0.035095,-0.0062561,0.057373
0.031738,-0.012665,0.064697
0.030212,-0.014038,0.063477
0.028381,-0.011597,0.067139
0.027618,-0.0085449,0.064697
0.028229,-0.0053406,0.067139
0.028381,-0.00091553,0.064697
0.029449,0.0022888,0.064697
0.027924,0.0036621,0.06958
0.027008,0.0059509,0.058594
0.025787,0.0076294,0.05249
0.022278,0.010223,0.05249
0.020447,0.013275,0.05249
0.01709,0.016632,0.048828
0.01358,0.018158,4.0149
0.010376,0.020599,4.8608
0.0073242,0.020142,4.9084
0.005188,0.018768,4.9109
0.0041199,0.016479,4.9133
0.0050354,0.014038,4.9109
0.0085449,0.012054,4.9133
0.012665,0.010376,4.9048
0.016327,0.0079346,4.9133
0.020294,0.0030518,4.9109
0.020905,-0.00091553,4.9146
0.020294,-0.0047302,4.9084
0.017242,-0.0064087,4.9133
0.014496,-0.0054932,4.9207
0.011139,-0.0032043,4.9109
0.0091553,-0.00076294,4.9194
0.010071,0.00091553,4.9109
0.010376,0.0012207,4.9023
0.012817,0.0022888,4.9048
0.016022,0.0042725,4.9109
0.018768,0.0064087,4.9133
0.02182,0.0086975,4.9219
0.023804,0.009613,4.9207
0.024567,0.0080872,4.9207
0.023956,0.0045776,4.9207
0.02182,0.0032043,4.9304
0.019379,0.0053406,4.928
0.017548,0.0082397,4.9304
0.016937,0.011749,4.9231
0.016785,0.014343,4.9353
0.016785,0.01297,4.9353
0.016479,0.010071,4.9329
0.015411,0.0062561,4.9329
0.015259,0.0036621,4.9329
0.014496,0.0039673,4.9377
0.016937,0.0057983,4.9353
0.019531,0.0079346,4.928
0.021362,0.009613,4.9329
0.023651,0.0090027,4.9329
0.024872,0.0067139,4.9377
0.023956,0.0064087,4.9365
0.024719,0.0059509,4.9304
0.023651,0.0065613,4.9329
0.023804,0.0079346,4.9243
0.022583,0.0085449,4.9304
0.021057,0.0042725,4.9231
0.018463,0.0053406,4.9243
0.015564,0.0019836,4.9194
0.014191,-0.00015259,4.9194
0.013428,-0.00061035,4.928
0.013428,-0.0010681,4.9219
0.012207,0.0032043,4.917
0.010986,0.0064087,4.9182
0.0091553,0.0082397,4.8962
0.0090027,0.0091553,4.9097
0.0086975,0.007019,4.9084
0.010071,0.0028992,4.9133
0.013275,0.0016785,4.9121
0.01709,0.0019836,4.9048
0.021515,0.005188,4.9109
0.027771,0.0085449,4.9097
0.031738,0.009613,4.9084
0.035553,0.0083923,4.906
0.040131,0.005188,4.9146
0.043488,0.0018311,4.9121
0.045013,0.00015259,4.9146
0.044403,0.00045776,4.9097
0.041962,-0.0010681,4.9158
0.037231,-0.0021362,4.9146
0.031433,-0.0057983,4.9182
0.028687,-0.011902,4.9231
0.026703,-0.015564,4.9207
0.027313,-0.018921,4.9084
0.028839,-0.018311,4.9292
0.028381,-0.01709,0.058594
0.030212,-0.015411,0.056152
0.03006,-0.016327,0.061035
0.027466,-0.017853,0.058594
0.028687,-0.019379,0.061035
0.028534,-0.017548,0.062256
0.028381,-0.014343,0.063477
0.027924,-0.010071,0.059814
0.027313,-0.0050354,0.062256
0.027466,-0.0036621,0.063477
0.027466,-0.0030518,0.065918
0.03067,-0.0021362,0.074463
0.034332,-0.0012207,0.06958
0.037994,-0.00061035,0.068359
0.043488,-0.00030518,0.065918
0.046234,-0.0013733,0.053711
0.050354,-0.0033569,0.057373
0.050659,-0.0080872,0.061035
0.050201,-0.014191,0.05249
0.050507,-0.016479,0.056152
0.04776,-0.018463,0.050049
0.045624,-0.0177,0.05127
0.041809,-0.015717,0.047607
0.03891,-0.014648,0.05127
0.0354,-0.014191,0.031738
0.032349,-0.016479,0.039063
0.032959,-0.018768,0.047607
0.032959,-0.019836,0.046387
0.034027,-0.017548,0.040283
0.032043,-0.014191,0.040283
0.032196,-0.010376,0.042725
0.03067,-0.0057983,0.041504
0.028229,-0.0041199,0.042725
0.028534,-0.0032043,0.040283
0.028534,-0.0030518,0.042725
0.028076,-0.0022888,0.03418
0.029449,0.00076294,0.037842
0.028839,0.0035095,0.037842
0.028534,0.0030518,0.040283
0.028381,0.0027466,0.037842
0.028687,-0.0021362,0.041504
0.030365,-0.0062561,0.041504
0.03006,-0.010071,0.048828
0.029297,-0.011902,0.045166
0.027313,-0.010529,0.05127
0.025024,-0.0076294,0.05127
0.020447,-0.0038147,0.053711
0.017548,-0.0036621,0.070801
0.016632,-0.00076294,0.059814
0.014954,0.0012207,0.064697
0.014496,0.00076294,0.063477
0.013428,0.00045776,0.050049
0.01236,0.002594,0.059814
0.011292,0.0047302,0.061035
0.010834,0.0054932,0.065918
0.009613,0.0062561,0.062256
0.0097656,0.0045776,0.057373
0.0074768,0.0027466,0.061035
0.0057983,0.0016785,0.064697
0.0036621,0.0032043,0.064697
0.0030518,0.00076294,0.063477
0.0015259,0.0010681,0.067139
0.0030518,0.00061035,0.063477
0.004425,-0.00015259,0.064697
0.0057983,-0.0022888,0.065918
0.0067139,-0.0045776,0.061035
0.0080872,-0.0056458,0.061035
0.0074768,-0.0064087,0.05249
0.007782,-0.0062561,0.070801
0.007782,-0.007782,0.047607
0.0068665,-0.0097656,0.047607
0.0061035,-0.01236,0.046387
0.0059509,-0.013428,0.046387
0.0067139,-0.010986,0.042725
0.0080872,-0.0076294,0.045166
0.0093079,-0.0064087,0.040283
0.011444,-0.0068665,0.35034
0.01236,-0.0094604,4.6423
0.015106,-0.012207,4.8901
0.016479,-0.013123,4.906
0.019073,-0.010834,4.9121
0.019073,-0.0067139,4.9097
0.019836,-0.0033569,4.9109
0.019989,-0.0027466,4.9182
0.020599,-0.0027466,4.9109
0.021057,-0.0054932,4.9109
0.023193,-0.0064087,4.9109
0.023651,-0.0050354,4.9036
0.024261,-0.0024414,4.9011
0.023346,0,4.9084
0.023804,-0.00045776,4.9158
0.023346,-0.0015259,4.917
0.023346,-0.0056458,4.9207
0.023346,-0.0083923,4.9084
0.023956,-0.0094604,4.9207
0.023651,-0.0082397,4.9304
0.022125,-0.0036621,4.9268
0.019684,-0.0016785,4.9329
0.016937,-0.0012207,4.9292
0.016937,-0.0022888,4.9353
0.01709,-0.002594,4.9292
0.019531,-0.0018311,4.9304
0.018463,-0.00061035,4.939
0.021973,0.0022888,4.9316
0.021362,0.0042725,4.9377
0.020905,0.0035095,4.9365
0.018921,0.0036621,4.9158
0.018158,0.0036621,4.9329
0.018463,0.0039673,4.9353
0.01709,0.005188,4.9329
0.015869,0.007019,4.9316
0.013885,0.0076294,4.9304
0.012054,0.0068665,4.9329
0.010376,0.0030518,4.928
0.011444,0.0012207,4.9133
0.012207,-0.0024414,4.9207
0.014343,-0.0039673,4.9268
0.016174,-0.0027466,4.9219
0.017395,-0.0013733,4.9255
0.01709,0.00045776,4.9231
0.015717,0.00076294,4.9194
0.014191,-0.0016785,4.9146
0.012512,-0.0042725,4.9158
0.010681,-0.0067139,4.9023
0.0086975,-0.0064087,4.9109
0.0053406,-0.0030518,4.9109
0.0054932,0.0018311,4.9146
0.0054932,0.0086975,4.9109
0.007782,0.012665,4.906
0.011139,0.01358,4.906
0.015564,0.013733,4.9084
0.021362,0.013885,4.9097
0.023041,0.014038,4.906
0.024719,0.017395,4.9158
0.024872,0.020599,4.9109
0.023651,0.022888,4.9121
0.02243,0.022888,4.9109
0.022888,0.020752,4.917
0.023956,0.015106,4.9231
0.02533,0.015564,4.9158
0.027771,0.015106,4.9316
0.029297,0.0177,4.9231
0.029602,0.019379,4.917
0.031128,0.020599,4.9268
0.032501,0.020599,4.9231
0.034332,0.019684,4.9255
0.035858,0.018921,4.9304
0.036621,0.018768,4.9316
0.034637,0.020599,4.9329
0.032043,0.022278,4.9304
0.028534,0.022736,0.064697
0.026855,0.02243,0.058594
0.026398,0.022278,0.061035
0.027924,0.021973,0.065918
0.028534,0.024567,0.057373
0.027771,0.025482,0.06958
0.024719,0.025635,0.068359
0.02243,0.024414,0.068359
0.020599,0.020599,0.067139
0.020447,0.018311,0.06958
0.020599,0.016785,0.062256
0.020905,0.016479,0.058594
0.019989,0.015564,0.05249
0.016937,0.014038,0.05249
0.012207,0.011292,0.05249
0.0079346,0.0086975,0.05127
0.0065613,0.0064087,0.045166
0.0074768,0.0039673,0.05127
0.009613,0.0032043,0.043945
0.010223,0.0033569,0.050049
0.010071,0.0019836,0.045166
0.010071,0.0030518,0.046387
0.011139,0.0033569,0.042725
0.015106,0.0047302,0.041504
0.020142,0.0064087,0.05249
0.023499,0.011292,0.040283
0.024261,0.0071716,0.047607
0.023041,0.0059509,0.041504
0.017853,0.0065613,0.026855
0.015411,0.0073242,0.037842
0.01358,0.0082397,0.040283
0.015717,0.0083923,0.0354
0.019836,0.0057983,0.043945
0.02533,0.0019836,0.037842
0.028229,-0.0030518,0.041504
0.029602,-0.007019,0.042725
0.032501,-0.0088501,0.047607
0.033875,-0.009613,0.045166
0.035095,-0.010376,0.05249
0.034637,-0.010223,0.057373
0.034485,-0.011902,0.057373
0.032806,-0.014496,0.065918
0.027618,-0.01358,0.059814
0.026398,-0.014343,0.056152
0.024414,-0.010529,0.062256
0.025024,-0.0056458,0.063477
0.02655,-0.0024414,0.058594
0.031586,-0.0012207,0.047607
0.0354,-0.0033569,0.062256
0.036163,-0.0057983,0.061035
0.037231,-0.0056458,0.059814
0.036316,-0.0042725,0.061035
0.036163,-0.0028992,0.061035
0.036469,-0.0038147,0.064697
0.036926,-0.0050354,0.065918
0.0383,-0.0090027,0.068359
0.037994,-0.011749,0.05127
0.036469,-0.013428,0.064697
0.035553,-0.013123,0.062256
0.033112,-0.012665,0.061035
0.032043,-0.01236,0.068359
0.031433,-0.01297,0.053711
0.030518,-0.014648,0.058594
0.030212,-0.01709,0.050049
0.029144,-0.021057,0.039063
0.027466,-0.019836,0.05127
0.026245,-0.019989,0.045166
0.026093,-0.019989,0.043945
0.027771,-0.018463,0.047607
0.031738,-0.018158,0.039063
0.034485,-0.018768,0.041504
0.036316,-0.01709,0.028076
0.036163,-0.014801,0.041504
0.035095,-0.010986,0.037842
0.034637,-0.0082397,0.040283
0.033112,-0.0067139,0.042725
0.033569,-0.0067139,0.041504
0.03067,-0.0073242,2.7576
0.030823,-0.0083923,4.7791
0.028687,-0.0080872,4.8962
0.024872,-0.0074768,4.906
0.02182,-0.0079346,4.9109
0.019836,-0.0094604,4.9146
0.018921,-0.011749,4.9011
0.018768,-0.01358,4.9133
0.019379,-0.013123,4.9146
0.018616,-0.012817,4.9207
0.018768,-0.01236,4.9219
0.018005,-0.011597,4.9109
0.019379,-0.012817,4.9304
0.020905,-0.013123,4.9268
0.023193,-0.01236,4.9304
0.024109,-0.011749,4.9292
0.024261,-0.010681,4.9353
0.017548,-0.0074768,4.9341
0.020599,-0.004425,4.9316
0.020447,-0.0015259,4.9426
0.02243,0.00091553,4.9316
0.025635,0.0027466,4.9329
0.028229,0.0032043,4.9329
0.031586,0.0021362,4.9255
0.032501,0.0018311,4.9329
0.032349,0.0030518,4.9353
0.031738,0.0048828,4.9329
0.032959,0.0065613,4.9341
0.035248,0.0068665,4.9329
0.036774,0.0083923,4.9329
0.037689,0.0039673,4.9304
0.036011,0.0030518,4.9292
0.035248,0.00045776,4.9231
0.03006,0.00061035,4.9268
0.02655,0.0010681,4.9207
0.025024,0.0016785,4.9207
0.024261,0.0012207,4.9194
0.021667,-0.0016785,4.9194
0.021667,-0.0064087,4.9255
0.020447,-0.010071,4.917
0.017548,-0.010071,4.9268
0.016022,-0.0064087,4.9121
0.016479,-0.0021362,4.9194
0.017853,0.0028992,4.9109
0.023346,0.0047302,4.9109
0.02182,0.0045776,4.9084
0.022125,0.0013733,4.9097
0.022736,0.0053406,4.9072
0.02121,0.007782,4.9109
0.021973,0.012512,4.906
0.023651,0.016327,4.9133
0.02655,0.016327,4.9084
0.029449,0.0177,4.9109
0.030975,0.015259,4.9011
0.031281,0.011749,4.9158
0.033264,0.011597,4.9231
0.033417,0.011902,4.9194
0.033264,0.013428,4.9194
0.034027,0.015411,4.9255
0.034027,0.017242,4.9231
0.033264,0.018158,4.9304
0.030518,0.018311,4.9341
0.026855,0.017242,4.9292
0.023804,0.016174,4.9316
0.021973,0.014648,4.9353
0.021362,0.013428,4.9329
0.022278,0.013428,4.9292
0.023804,0.013275,4.9329
0.024719,0.013123,4.928
0.023651,0.013428,4.9329
0.019836,0.010986,4.9341
0.015411,0.010834,4.9353
0.011139,0.011749,4.9329
0.0093079,0.016785,0.06958
0.0061035,0.013275,0.073242
0.0038147,0.013275,0.061035
0.0015259,0.012512,0.072021
0.0015259,0.010986,0.062256
0.0027466,0.010071,0.047607
0.0050354,0.0080872,0.057373
0.010376,0.0059509,0.053711
0.014038,0.0047302,0.050049
0.018616,0.0027466,0.05127
0.021362,0.00091553,0.043945
0.021973,0,0.05249
0.022125,0.00091553,0.043945
0.02182,0.0028992,0.045166
0.02121,0.0054932,0.042725
0.02243,0.0061035,0.045166
0.02182,0.0057983,0.042725
0.021362,0.0042725,0.043945
0.02121,0.0024414,0.046387
0.021362,0.0024414,0.040283
0.02121,0.0028992,0.039063
0.022125,0.0028992,0.041504
0.022125,0.0021362,0.023193
0.022583,-0.00015259,0.032959
0.021973,-0.0032043,0.039063
0.018005,-0.005188,0.037842
0.017853,-0.005188,0.037842
0.015411,-0.0042725,0.040283
0.014648,-0.0015259,0.042725
0.013733,0.00091553,0.042725
0.013733,0.0016785,0.045166
0.012665,0.0013733,0.042725
0.014954,0.00091553,0.05127
0.015106,-0.00076294,0.05127
0.015869,-0.0022888,0.053711
0.015717,-0.0042725,0.05249
0.013123,-0.0061035,0.058594
0.014496,-0.0064087,0.063477
0.014343,-0.0071716,0.061035
0.015411,-0.0053406,0.074463
0.016327,-0.0033569,0.062256
0.017242,-0.0021362,0.050049
0.0177,0,0.061035
0.018311,0.0018311,0.061035
0.020142,0.00091553,0.061035
0.022736,0.0059509,0.061035
0.024261,0.005188,0.062256
0.026093,0.0036621,0.064697
0.026855,0.00015259,0.065918
0.026703,-0.0033569,0.067139
0.025635,-0.004425,0.063477
0.023956,-0.004425,0.064697
0.02121,-0.0012207,0.063477
0.018158,0.00015259,0.063477
0.015411,0.00091553,0.063477
0.013733,-0.00015259,0.053711
0.011749,-0.0013733,0.05127
0.011292,-0.0018311,0.050049
0.012054,0.00015259,0.048828
0.014648,-0.00045776,0.048828
0.019073,0.00076294,0.047607
0.023651,0.00030518,0.040283
0.026855,-0.00030518,0.045166
0.030365,-0.0018311,0.041504
0.029297,-0.0056458,0.041504
0.028381,-0.0047302,0.03418
0.026093,-0.0053406,0.040283
0.024872,-0.0041199,0.036621
0.022888,-0.0028992,0.041504
0.022125,-0.0030518,0.042725
0.022125,-0.002594,0.039063
0.022736,-0.0030518,0.040283
0.024719,-0.0033569,0.043945
0.026398,-0.0041199,0.05127
0.027618,-0.0088501,0.040283
0.028687,-0.0068665,0.048828
0.028229,-0.0093079,0.041504
0.028992,-0.011292,1.3293
0.031281,-0.012665,4.7058
0.028839,-0.011444,4.9011
0.027924,-0.0086975,4.9158
0.027008,-0.0056458,4.917
0.02594,-0.0042725,4.917
0.027618,-0.0041199,4.928
0.028992,-0.005188,4.9268
0.030518,-0.0065613,4.9304
0.032043,-0.0065613,4.9304
0.032806,-0.0033569,4.9304
0.032959,-0.00061035,4.9329
0.035858,0.0021362,4.9329
0.037689,0.00076294,4.9402
0.037842,-0.0024414,4.9304
0.036621,-0.0062561,4.9316
0.033112,-0.0083923,4.9353
0.032806,-0.0079346,4.9451
0.029755,-0.0061035,4.9329
0.029449,-0.004425,4.9158
0.029755,-0.0036621,4.9377
0.031433,-0.0032043,4.9329
0.031128,-0.0039673,4.9304
0.030975,-0.0045776,4.9341
0.029602,-0.0045776,4.928
0.029144,-0.0036621,4.9268
0.027771,-0.002594,4.9182
0.027313,-0.0024414,4.9231
0.02594,-0.0018311,4.9207
0.023193,-0.0012207,4.9194
0.019684,-0.00015259,4.9194
0.017242,0.0013733,4.9231
0.016174,0.0041199,4.928
0.016632,0.0083923,4.9182
0.018005,0.0083923,4.9231
0.019226,0.0083923,4.9121
0.020447,0.0068665,4.9011
0.021667,0.0053406,4.9121
0.024109,0.007782,4.9109
0.022278,0.007019,4.9084
0.028229,0.0094604,4.9109
0.029449,0.0097656,4.9097
0.028534,0.0083923,4.9121
0.026398,0.0062561,4.9048
0.022583,0.0042725,4.9109
0.020905,0.0038147,4.9097
0.020294,0.0042725,4.9146
0.020905,0.0056458,4.9146
0.020752,0.005188,4.9146
0.020905,0.0035095,4.9158
0.020142,-0.00076294,4.9182
0.02121,-0.0042725,4.917
0.022888,-0.0082397,4.9255
0.024109,-0.0086975,4.9304
0.022888,-0.0065613,4.928
0.020905,-0.0027466,4.9194
0.018158,0.0019836,4.928
0.015717,0.0050354,4.9329
0.014496,0.0057983,4.9292
0.014191,0.0059509,4.9304
0.014343,0.0056458,4.928
0.015717,0.0061035,4.9341
0.016937,0.0067139,4.9329
0.016327,0.0074768,4.9329
0.022125,0.0080872,4.9304
0.025177,0.007019,4.9377
0.02594,0.0068665,4.9329
0.026093,0.0067139,4.9377
0.02533,0.0035095,4.95
0.023041,0.0041199,4.9365
0.021515,0.0012207,4.9341
0.017548,-0.0018311,4.9329
0.014496,-0.005188,4.9109
0.012054,-0.0090027,0.056152
0.011749,-0.010834,0.05127
0.013885,-0.012512,0.05127
0.014801,-0.013885,0.050049
0.017548,-0.014038,0.047607
0.020599,-0.014496,0.048828
0.021973,-0.014038,0.046387
0.023499,-0.012054,0.046387
0.024567,-0.010986,0.043945
0.026093,-0.0085449,0.046387
0.026855,-0.0013733,0.041504
0.028534,-0.00061035,0.043945
0.030518,0.0035095,0.045166
0.034027,0.0071716,0.040283
0.036011,0.0094604,0.040283
0.038757,0.0099182,0.041504
0.042114,0.010071,0.0354
0.044861,0.0086975,0.0354
0.045471,0.0085449,0.05127
0.046082,0.0093079,0.039063
0.043488,0.0088501,0.036621
0.041046,0.0080872,0.039063
0.037537,0.0050354,0.041504
0.033417,0.0016785,0.045166
0.030365,-0.0013733,0.043945
0.027924,-0.0042725,0.047607
0.026703,-0.0033569,0.05249
0.027313,0.00076294,0.048828
0.027466,0,0.058594
0.027466,0.0012207,0.061035
0.026703,0.00076294,0.050049
0.026703,-0.00045776,0.068359
0.026703,0.00076294,0.063477
0.026703,0.0019836,0.06958
0.025177,0.0039673,0.062256
0.02243,0.0059509,0.05249
0.020142,0.007019,0.059814
0.015869,0.0071716,0.062256
0.016785,0.0082397,0.059814
0.01709,0.007019,0.061035
0.018768,0.0056458,0.062256
0.021057,0.0035095,0.064697
0.021362,0.0027466,0.063477
0.020905,0.0012207,0.062256
0.020294,0.00015259,0.059814
0.019836,-0.00030518,0.065918
0.021667,-0.0010681,0.063477
0.02121,-0.0022888,0.062256
0.022583,-0.0021362,0.058594
0.021973,-0.00091553,0.054932
0.020599,0.0013733,0.056152
0.019226,0.0027466,0.05127
0.018005,0.0033569,0.057373
0.019531,0.0015259,0.050049
0.019989,0.00061035,0.03418
0.022278,0.00030518,0.045166
0.022888,0.00045776,0.041504
0.022125,0.0010681,0.042725
0.021515,0.00076294,0.042725
0.021667,-0.0010681,0.0354
0.019989,-0.0032043,0.043945
0.018616,-0.0038147,0.032959
0.015411,-0.0030518,0.039063
0.01297,0.00015259,0.040283
0.010834,0.0048828,0.040283
0.009613,0.0086975,0.040283
0.010223,0.010223,0.037842
0.011444,0.011597,0.053711
0.014038,0.010681,0.040283
0.016327,0.0094604,0.046387
0.018158,0.0086975,0.041504
0.019684,0.0090027,0.026855
0.019379,0.0079346,0.043945
0.018616,0.0074768,0.045166
0.016937,0.0071716,0.05249
0.014648,0.0047302,0.050049
0.011597,0.0027466,0.05127
0.009613,0.0016785,0.057373
0.0079346,0.0022888,4.2615
0.0071716,0.0036621,4.884
0.0073242,0.004425,4.9182
0.007782,0.0035095,4.9316
0.007782,0.0030518,4.928
0.0074768,0.0013733,4.9329
0.0079346,0.00076294,4.9268
0.0080872,0.00045776,4.9304
0.0090027,0.00076294,4.9353
0.0083923,0.0016785,4.9353
0.007019,0.0035095,4.9451
0.0050354,0.0061035,4.9341
0.0041199,0.0082397,4.9243
0.0053406,0.0091553,4.939
0.0090027,0.010223,4.9353
0.0083923,0.010834,4.9304
0.011444,0.011139,4.9329
0.014191,0.010529,4.9304
0.017242,0.0097656,4.9243
0.019836,0.0093079,4.9231
0.021515,0.0073242,4.9243
0.022583,0.0050354,4.9207
0.023804,0.0022888,4.9194
0.021973,0.0010681,4.9219
0.02121,0.00015259,4.9207
0.019684,-0.0012207,4.9182
0.017548,0,4.9194
0.015869,0.0010681,4.9121
0.016022,0.0013733,4.9146
0.014801,0.0035095,4.9036
0.016479,0.0035095,4.9121
0.018616,0.0045776,4.9097
0.019836,0.0047302,4.9084
0.021667,0.0053406,4.9072
0.02182,0.007019,4.9084
0.020905,0.007782,4.9084
0.020294,0.0065613,4.906
0.019226,0.0099182,4.9109
0.016479,0.011292,4.9109
0.013123,0.010376,4.9133
0.014191,0.007782,4.9109
0.014191,0.0045776,4.9158
0.014496,0.0022888,4.9023
0.016327,0.0019836,4.9207
0.019379,0.0022888,4.9268
0.022125,0.0033569,4.9207
0.024261,0.0054932,4.9304
0.026093,0.0024414,4.928
0.026855,0.0013733,4.9072
0.027618,0.00015259,4.9316
0.026855,-0.00045776,4.9243
0.028534,0.00091553,4.9316
0.030975,0.0022888,4.928
0.03418,0.0032043,4.9268
0.036163,0.0039673,4.9353
0.039673,0.0057983,4.9365
0.041504,0.0071716,4.928
0.041656,0.0090027,4.9255
0.041504,0.0099182,4.9353
0.041962,0.011292,4.9353
0.042572,0.012665,4.9365
0.039978,0.016632,4.9451
0.038147,0.015564,4.9377
0.035858,0.01709,4.9365
0.034943,0.016174,4.9377
0.033569,0.013428,4.9329
0.032501,0.01358,4.928
0.03006,0.012817,4.9219
0.028076,0.01236,4.9231
0.025177,0.015106,4.9231
0.023651,0.015259,4.9194
0.021973,0.015259,4.9207
0.022278,0.013885,0.047607
0.022888,0.010834,0.05127
0.023041,0.011902,0.040283
0.025635,0.010071,0.048828
0.027618,0.011444,0.042725
0.030975,0.01297,0.043945
0.033417,0.014648,0.039063
0.033875,0.015411,0.036621
0.034027,0.015564,0.05249
0.034027,0.0177,0.041504
0.032959,0.019073,0.056152
0.031586,0.019226,0.039063
0.030518,0.018921,0.030518
0.029144,0.016327,0.039063
0.024872,0.011139,0.041504
0.023956,0.0062561,0.037842
0.022736,0.0050354,0.041504
0.022278,0.0028992,0.040283
0.022125,0.00015259,0.045166
0.022278,-0.0032043,0.042725
0.022278,-0.0057983,0.05249
0.020599,-0.0097656,0.053711
0.019073,-0.0080872,0.057373
0.019684,-0.0054932,0.061035
0.019989,-0.00045776,0.058594
0.022125,0.0027466,0.065918
0.023499,0.004425,0.062256
0.025177,0.004425,0.061035
0.027618,0.0053406,0.062256
0.029907,0.0045776,0.067139
0.032196,0.0041199,0.062256
0.035553,0.0050354,0.067139
0.037537,0.0056458,0.057373
0.037231,0.0071716,0.059814
0.035553,0.0068665,0.059814
0.032349,0.0057983,0.064697
0.028229,0.0015259,0.062256
0.024261,-0.0022888,0.068359
0.019379,-0.0033569,0.062256
0.015106,-0.0057983,0.064697
0.010376,-0.0082397,0.062256
0.0083923,-0.012512,0.063477
0.0045776,-0.016937,0.053711
0.0064087,-0.020752,0.057373
0.0068665,-0.023651,0.06958
0.0068665,-0.024414,0.053711
0.0085449,-0.02182,0.054932
0.010529,-0.018005,0.047607
0.01358,-0.011749,0.030518
0.015259,-0.0057983,0.043945
0.016785,0.00076294,0.048828
0.015564,0.0068665,0.042725
0.021515,0.011292,0.043945
0.026093,0.01297,0.0354
0.031738,0.011444,0.043945
0.036316,0.0076294,0.039063
0.040131,0.0035095,0.041504
0.039978,0.00015259,0.039063
0.03952,-0.0016785,0.043945
0.037842,-0.0013733,0.041504
0.035706,-0.0027466,0.042725
0.034332,-0.0033569,0.041504
0.034027,-0.0050354,0.041504
0.029449,-0.007782,0.039063
0.026093,-0.011444,0.041504
0.023499,-0.014343,0.042725
0.020142,-0.017242,0.042725
0.019379,-0.017853,0.039063
0.020447,-0.015564,0.047607
0.022278,-0.013428,0.054932
0.023041,-0.010834,0.05127
0.021667,-0.0097656,0.05249
0.018463,-0.010223,0.056152
0.014648,-0.010834,0.058594
0.010834,-0.0097656,0.056152
0.010529,-0.007019,0.059814
0.010986,-0.0022888,0.057373
0.011902,0.0013733,0.065918
0.012817,0.0010681,4.4409
0.012054,-0.0010681,4.8962
0.015106,-0.0024414,4.9207
0.016479,-0.0068665,4.9329
0.018921,-0.0091553,4.9377
0.020447,-0.0091553,4.9353
0.019531,-0.0086975,4.928
0.018005,-0.0073242,4.9316
0.015717,-0.0068665,4.9329
0.015106,-0.0057983,4.9316
0.014191,-0.0053406,4.9341
0.015411,-0.0057983,4.9316
0.015717,-0.0048828,4.9292
0.016479,-0.0047302,4.9255
0.016174,-0.0024414,4.9255
0.0177,-0.0057983,4.9194
0.019531,-0.0079346,4.9219
0.020447,-0.009613,4.9182
0.020142,-0.013733,4.9255
0.019073,-0.01297,4.9146
0.01709,-0.011902,4.9194
0.014801,-0.0090027,4.9243
0.013275,-0.005188,4.9133
0.012665,-0.0028992,4.9243
0.01236,0,4.9121
0.011444,0.0016785,4.9048
0.011444,0.00076294,4.9109
0.012512,0.0013733,4.9109
0.014496,0.002594,4.9109
0.01709,0.0039673,4.9146
0.020142,0.004425,4.906
0.021515,0.0030518,4.9121
0.019531,0.0024414,4.9097
0.016937,0.0016785,4.9133
0.015869,0.0013733,4.9109
0.016022,0.0028992,4.9133
0.016479,0.0045776,4.9158
0.016785,0.0062561,4.9158
0.017242,0.0061035,4.9304
0.01709,0.0056458,4.9146
0.016327,0.0050354,4.9207
0.018616,0.0048828,4.928
0.02121,0.0064087,4.9194
0.024109,0.0090027,4.928
0.024414,0.012817,4.928
0.023804,0.014038,4.9329
0.022888,0.013733,4.9316
0.020294,0.010986,4.928
0.018616,0.0073242,4.9341
0.016327,0.0056458,4.9329
0.014343,0.0047302,4.9304
0.012207,0.0045776,4.9292
0.0093079,0.0071716,4.9341
0.0085449,0.0076294,4.9341
0.0067139,0.0065613,4.9365
0.0068665,0.0050354,4.9341
0.007782,0.0035095,4.9402
0.0080872,0.0028992,4.9426
0.0088501,0.0035095,4.9353
0.010071,0.0047302,4.9438
0.0097656,0.005188,4.9292
0.010529,0.0048828,4.9194
0.010223,0.0042725,4.9243
0.011292,0.0036621,4.9231
0.013733,0.0042725,4.9207
0.018005,0.0048828,4.9219
0.020905,0.0050354,4.9194
0.023193,0.0057983,4.9158
0.025024,0.0050354,4.9158
0.025177,0.0042725,4.9146
0.02594,0.0035095,4.9109
0.027466,0.0033569,0.074463
0.029602,0.0042725,0.045166
0.028687,0.0062561,0.041504
0.027618,0.0073242,0.046387
0.026093,0.0073242,0.042725
0.024567,0.005188,0.042725
0.024567,0.0041199,0.039063
0.024719,0.0010681,0.032959
0.024261,0.00015259,0.041504
0.02533,-0.00030518,0.036621
0.023041,-0.00030518,0.036621
0.022888,-0.00061035,0.039063
0.021515,-0.0032043,0.040283
0.02121,-0.004425,0.045166
0.021973,-0.007019,0.045166
0.022888,-0.0073242,0.05249
0.024567,-0.0042725,0.048828
0.024719,-0.00076294,0.056152
0.025482,-0.00045776,0.053711
0.026855,0.0062561,0.061035
0.027924,0.0080872,0.054932
0.03006,0.010223,0.062256
0.030365,0.0086975,0.062256
0.031738,0.0080872,0.062256
0.030823,0.0074768,0.070801
0.029449,0.0073242,0.059814
0.028229,0.0067139,0.050049
0.026703,0.0071716,0.057373
0.026093,0.0061035,0.064697
0.02533,0.0048828,0.064697
0.024567,0.0028992,0.064697
0.023651,0.0016785,0.059814
0.02243,0.0019836,0.073242
0.017395,0.0047302,0.062256
0.020447,0.0050354,0.065918
0.019531,0.0019836,0.062256
0.021515,0.0018311,0.063477
0.022125,0.00091553,0.057373
0.023956,0.0012207,0.058594
0.025635,0.0024414,0.063477
0.025177,0.0042725,0.053711
0.024109,0.0099182,0.05127
0.023041,0.010071,0.046387
0.022278,0.009613,0.036621
0.022583,0.0082397,0.043945
0.023956,0.0074768,0.046387
0.026093,0.0080872,0.042725
0.027924,0.0085449,0.045166
0.028687,0.0085449,0.042725
0.028687,0.007782,0.041504
0.028381,0.005188,0.039063
0.029144,0.0028992,0.040283
0.028839,0.0024414,0.03418
0.028381,0.0021362,0.043945
0.025482,0.0016785,0.036621
0.020447,0.0010681,0.040283
0.021515,-0.0010681,0.039063
0.015411,-0.0033569,0.042725
0.014954,-0.0053406,0.046387
0.017242,-0.0054932,0.042725
0.019531,-0.005188,0.056152
0.022888,-0.0022888,0.041504
0.022736,0.0033569,0.0354
0.023346,-0.00015259,0.047607
0.022888,0,0.046387
0.023193,-0.0021362,0.048828
0.025482,-0.0015259,0.05249
0.026093,-0.0032043,0.053711
0.027008,-0.0032043,0.057373
0.02655,-0.0021362,0.061035
0.025787,-0.0012207,0.059814
0.02533,-0.0012207,0.059814
0.024109,0.00015259,0.061035
0.023346,-0.0036621,0.062256
0.023804,-0.0056458,0.064697
0.023193,-0.0062561,0.067139
0.023956,-0.0074768,0.061035
0.026855,-0.0097656,0.063477
0.024719,-0.010681,2.4634
0.026398,-0.012817,4.7937
0.027161,-0.013123,4.9207
0.029755,-0.011292,4.9329
0.031281,-0.010986,4.9304
0.032196,-0.0099182,4.9329
0.030975,-0.0090027,4.9304
0.029144,-0.0048828,4.9255
0.028381,-0.0033569,4.9255
0.027161,-0.0028992,4.9219
0.027771,-0.0032043,4.9207
0.028992,-0.007019,4.9231
0.029449,-0.0086975,4.917
0.03006,-0.009613,4.9268
0.029449,-0.007782,4.917
0.028687,-0.0050354,4.9207
0.031281,-0.0018311,4.9255
0.030365,-0.00091553,4.917
0.031738,-0.0024414,4.9133
0.031891,-0.0036621,4.9158
0.031433,-0.0027466,4.895
0.029907,0,4.9084
0.029297,0.0039673,4.906
0.028534,0.005188,4.9097
0.028229,0.0039673,4.9072
0.028839,-0.00015259,4.9048
0.028381,-0.0048828,4.9097
0.027924,-0.0054932,4.9072
0.027313,-0.0048828,4.906
0.026245,-0.0024414,4.9146
0.022888,-0.00045776,4.9158
0.018463,-0.0021362,4.9133
0.015411,-0.0074768,4.9146
0.013428,-0.0076294,4.9207
0.012054,-0.0085449,4.9194
0.011139,-0.0073242,4.9207
0.010376,-0.004425,4.9255
0.0090027,-0.0019836,4.9353
0.007019,-0.0016785,4.9268
0.0059509,-0.0027466,4.9243
0.0065613,-0.0036621,4.928
0.011292,-0.0039673,4.9329
0.011139,-0.0015259,4.9304
0.011444,0.0019836,4.9304
0.011902,0.0050354,4.9292
0.010529,0.0067139,4.9316
0.011292,0.0067139,4.9292
0.013123,0.0054932,4.9353
0.015411,0.0038147,4.9316
0.01709,0.00091553,4.9353
0.017395,-0.00061035,4.9292
0.016479,-0.00061035,4.9341
0.016327,0.0016785,4.9451
0.015106,0.0032043,4.9377
0.015564,0.0059509,4.9304
0.016022,0.0067139,4.9304
0.016937,0.0061035,4.9207
0.016785,0.0016785,4.9268
0.015717,0.0033569,4.9231
0.014801,0.0047302,4.9194
0.013885,0.0045776,4.9207
0.012512,0.0054932,4.9219
0.012817,0.0042725,4.9182
0.01297,0.0024414,4.9146
0.011444,0.0010681,4.9182
0.0083923,0,4.9109
0.0056458,0.0027466,4.9158
0.0022888,0.0059509,4.9133
-0.00045776,0.0086975,4.9158
-0.0013733,0.010986,4.906
-0.0010681,0.011292,4.9121
0.00076294,0.010223,4.9133
0.0010681,0.0088501,0.036621
0.0024414,0.0090027,0.045166
0.0027466,0.010223,0.040283
0.0036621,0.010681,0.029297
0.0045776,0.011902,0.036621
0.0064087,0.012054,0.040283
0.0062561,0.0099182,0.039063
0.0074768,0.0086975,0.043945
0.0062561,0.0079346,0.042725
0.0035095,0.0065613,0.050049
0.00045776,0.0071716,0.05127
-0.00045776,0.0080872,0.05127
0.00045776,0.0068665,0.05249
0.0035095,0.0054932,0.056152
0.0056458,0.0038147,0.057373
0.0041199,0.0035095,0.064697
0.007019,0.0050354,0.074463
0.0065613,0.0076294,0.062256
0.0080872,0.011597,0.065918
0.010834,0.014648,0.062256
0.015106,0.016327,0.047607
0.018768,0.016174,0.061035
0.020142,0.016632,0.056152
0.016327,0.016937,0.062256
0.016479,0.018616,0.063477
0.013733,0.021362,0.063477
0.014343,0.023956,0.067139
0.015411,0.025024,0.067139
0.019073,0.023956,0.067139
0.020905,0.018158,0.059814
0.020142,0.01358,0.064697
0.02121,0.010529,0.058594
0.019531,0.010223,0.059814
0.019989,0.009613,0.056152
0.02243,0.0082397,0.054932
0.021057,0.0057983,0.058594
0.020905,0.0021362,0.048828
0.017242,0.0010681,0.061035
0.013885,0.00030518,0.045166
0.0097656,0.0013733,0.05127
0.0074768,0.0022888,0.046387
0.0088501,0.0024414,0.045166
0.011749,0.0022888,0.039063
0.017395,0.0030518,0.042725
0.020599,0.0019836,0.037842
0.023346,0.00061035,0.042725
0.024719,0.00015259,0.037842
0.025177,-0.002594,0.041504
0.024109,-0.0028992,0.036621
0.024719,-0.0021362,0.042725
0.019379,0.00030518,0.042725
0.023346,0.0035095,0.041504
0.022736,0.0042725,0.047607
0.021973,0.0035095,0.037842
0.02182,0.0018311,0.046387
0.021362,-0.0013733,0.042725
0.022583,-0.0028992,0.037842
0.026245,-0.0039673,0.042725
0.029755,-0.0036621,0.046387
0.033417,-0.0028992,0.047607
0.033112,-0.0016785,0.053711
0.032196,-0.0012207,0.05249
0.028992,-0.0019836,0.058594
0.026703,-0.00030518,0.056152
0.027161,0.00091553,0.063477
0.024109,0.0032043,0.058594
0.026093,0.0056458,0.061035
0.024567,0.0067139,0.063477
0.023651,0.0061035,0.064697
0.021973,0.004425,0.057373
0.021362,0.0033569,0.063477
0.02121,0.0033569,0.067139
0.022125,0.0082397,0.062256
0.02182,0.0041199,0.070801
0.02243,0.0047302,0.063477
0.02182,0.0050354,0.05127
0.02182,0.005188,0.064697
0.02182,0.0042725,0.067139
0.021515,0.0027466,4.0759
0.022278,0.0016785,4.8755
0.022125,0,4.9194
0.021973,-0.00061035,4.9255
0.021667,0.00076294,4.9219
0.02182,0.0016785,4.9231
0.022583,0.0041199,4.917
0.023956,0.0056458,4.9207
0.026093,0.0047302,4.9194
0.024414,0.002594,4.9207
0.028992,-0.00030518,4.9207
0.028839,-0.00015259,4.9146
0.028229,-0.0022888,4.9121
0.027924,-0.0012207,4.9158
0.027771,-0.00076294,4.9023
0.028534,-0.0028992,4.9072
0.029602,-0.0080872,4.9097
0.029449,-0.0088501,4.9109
0.027618,-0.0097656,4.9109
0.019226,-0.0093079,4.9048
0.020142,-0.0053406,4.9072
0.018921,-0.00076294,4.9072
0.018463,0.0033569,4.9121
0.019989,0.0021362,4.8999
0.021667,0.00045776,4.9158
0.022736,-0.0021362,4.9097
0.022583,-0.0022888,4.9158
0.02243,-0.0015259,4.9158
0.023499,0.0015259,4.9158
0.025482,0.0041199,4.9255
0.029449,0.0054932,4.9231
0.029755,0.0036621,4.9377
0.033417,0.00091553,4.9243
0.033569,-0.0047302,4.9194
0.029602,-0.0035095,4.9292
0.028534,-0.0039673,4.9292
0.025635,-0.0041199,4.9292
0.022736,-0.0048828,4.9304
0.021362,-0.007782,4.9304
0.018616,-0.010834,4.9255
0.020447,-0.012817,4.928
0.020447,-0.015106,4.9353
0.019989,-0.01236,4.9268
0.019073,-0.011444,4.9329
0.019226,-0.010223,4.9341
0.021057,-0.0094604,4.9365
0.024567,-0.0093079,4.939
0.026093,-0.0086975,4.9377
0.027618,-0.0071716,4.9329
0.025787,-0.0079346,4.9329
0.025482,-0.0071716,4.9451
0.025482,-0.0057983,4.9292
0.024567,-0.0028992,4.9207
0.027313,0.00015259,4.9182
0.029755,0.002594,4.9231
0.032043,0.0035095,4.9207
0.033569,0.0065613,4.917
0.034332,0.0028992,4.9158
0.034637,0.0033569,4.917
0.035858,0.0050354,4.9146
0.037231,0.0071716,4.9133
0.03952,0.0093079,4.9109
0.039215,0.005188,4.9182
0.037079,0.002594,4.9109
0.033569,0.00045776,4.9121
0.03006,0.0010681,4.9219
0.026855,0.0036621,4.9133
0.025177,0.0064087,4.9194
0.024414,0.0080872,4.9109
0.023956,0.0065613,4.895
0.023346,0.0042725,4.9097
0.022888,0.0015259,4.9133
0.022888,0.0010681,0.039063
0.022736,0.0012207,0.043945
0.022583,0.0024414,0.041504
0.020905,0.0033569,0.046387
0.018463,0.0035095,0.046387
0.015411,0.00076294,0.057373
0.012054,-0.0010681,0.045166
0.0083923,-0.0024414,0.056152
0.0067139,-0.0019836,0.058594
0.005188,-0.0013733,0.061035
0.007019,-0.0012207,0.06958
0.010071,-0.0036621,0.061035
0.012512,-0.0057983,0.059814
0.015259,-0.0074768,0.063477
0.017853,-0.0080872,0.073242
0.019226,-0.0059509,0.058594
0.019226,-0.0041199,0.062256
0.018616,-0.0032043,0.061035
0.017853,-0.0016785,0.061035
0.014801,-0.0010681,0.062256
0.016785,0.00061035,0.064697
0.016174,0.002594,0.063477
0.017548,0.0050354,0.067139
0.01709,0.0065613,0.063477
0.016937,0.0056458,0.064697
0.019379,0.0041199,0.061035
0.020142,0.0035095,0.061035
0.020294,0.0030518,0.058594
0.018768,0.0035095,0.056152
0.016479,0.0041199,0.059814
0.013885,0.0039673,0.053711
0.011597,0.004425,0.057373
0.010834,0.0053406,0.047607
0.010223,0.0054932,0.037842
0.0088501,0.0057983,0.047607
0.007782,0.0048828,0.046387
0.0068665,0.0027466,0.041504
0.004425,0.0018311,0.042725
0.0033569,0.0016785,0.037842
0.0016785,0.002594,0.042725
0.0016785,0.0054932,0.040283
0.0019836,0.0053406,0.037842
0.002594,0.004425,0.037842
0.0042725,0.00061035,0.041504
0.0027466,-0.0024414,0.042725
0.0028992,-0.0032043,0.042725
0.004425,-0.00061035,0.036621
0.0054932,0.004425,0.039063
0.010986,0.0080872,0.039063
0.014648,0.0088501,0.042725
0.016785,0.0076294,0.046387
0.016937,0.0038147,0.043945
0.017395,0.0039673,0.041504
0.016937,0.00061035,0.047607
0.016022,0.0016785,0.050049
0.015564,0.0028992,0.054932
0.015411,0.0010681,0.056152
0.013123,-0.0027466,0.056152
0.014496,-0.007019,0.061035
0.013275,-0.0073242,0.059814
0.01297,-0.0053406,0.062256
0.013275,-0.0013733,0.058594
0.014648,0.0012207,0.063477
0.016632,0.0027466,0.05127
0.018005,0.00091553,0.062256
0.019531,0.0024414,0.076904
0.018005,0.0036621,0.063477
0.019989,0.0061035,0.062256
0.019226,0.0082397,0.065918
0.018616,0.0094604,0.05249
0.019226,0.0088501,0.064697
0.018158,0.0068665,0.065918
0.018311,0.0042725,0.064697
0.019379,0.0028992,0.058594
0.019989,0.0021362,0.048828
0.020447,0.0028992,0.056152
0.02121,0.0019836,0.05249
0.021057,-0.00015259,0.05249
0.022125,-0.002594,4.3323
0.021973,-0.0054932,4.884
0.021973,-0.0071716,4.9097
0.021515,-0.0068665,4.9194
0.017548,-0.0068665,4.9158
0.018768,-0.007019,4.917
0.018311,-0.009613,4.9207
0.019073,-0.010529,4.9158
0.018921,-0.011444,4.9231
0.020447,-0.0088501,4.9084
0.021362,-0.010376,4.9036
0.023193,0.00015259,4.9084
0.023956,0.00015259,4.9097
0.02655,0.0012207,4.9084
0.027466,0.0010681,4.9109
0.029602,0.00091553,4.9097
0.032349,0.00091553,4.9097
0.03479,0.002594,4.906
0.036469,0.00076294,4.9133
0.0354,-0.00091553,4.906
0.034332,-0.0033569,4.9146
0.032196,-0.0071716,4.9146
0.030518,-0.0091553,4.9207
0.029144,-0.0085449,4.928
0.027313,-0.007782,4.9219
0.025024,-0.0041199,4.9255
0.024109,-0.0062561,4.9292
0.023346,-0.0056458,4.928
0.025177,-0.0033569,4.9304
0.026245,-0.00045776,4.9316
0.028992,0.0016785,4.9304
0.030365,0.0027466,4.9304
0.030823,0.0030518,4.928
0.030365,0.0028992,4.9243
0.028381,0.005188,4.9304
0.027618,0.010071,4.9329
0.026703,0.012054,4.9304
0.026093,0.013275,4.9329
0.026245,0.010376,4.9292
0.026398,0.005188,4.9365
0.027008,0.0013733,4.9341
0.028381,0.0021362,4.939
0.027924,0.0038147,4.9426
0.027618,0.0059509,4.9353
0.027008,0.0059509,4.9377
0.02594,0.0035095,4.9292
0.024719,-0.0010681,4.9146
0.023041,-0.0053406,4.9219
0.020752,-0.0080872,4.9255
0.018768,-0.0064087,4.9207
0.018158,-0.0042725,4.9182
0.01709,-0.0038147,4.917
0.018463,-0.0050354,4.9146
0.019989,-0.0068665,4.917
0.022125,-0.0085449,4.9133
0.023804,-0.0088501,4.9109
0.024567,-0.0053406,4.9158
0.025024,-0.0021362,4.9158
0.023346,0.00015259,4.9146
0.024109,-0.0013733,4.9158
0.024414,-0.0035095,4.9109
0.023499,-0.0082397,4.906
0.02182,-0.010986,4.9109
0.019684,-0.012512,4.8975
0.01709,-0.011292,4.9084
0.014496,-0.010071,4.8962
0.013123,-0.010376,4.9133
0.011902,-0.010986,4.9109
0.010681,-0.01236,4.9109
0.010529,-0.014191,4.9146
0.010986,-0.015564,4.9158
0.014038,-0.014496,4.9097
0.01709,-0.013275,4.9158
0.020294,-0.010986,0.053711
0.024261,-0.0076294,0.053711
0.02655,-0.0035095,0.059814
0.029297,-0.00045776,0.057373
0.032196,0.0033569,0.064697
0.033722,0.0056458,0.063477
0.035095,0.0076294,0.063477
0.036774,0.0068665,0.073242
0.035553,0.0032043,0.061035
0.035858,0.00045776,0.048828
0.035858,-0.0050354,0.061035
0.036011,-0.0093079,0.062256
0.034637,-0.012054,0.061035
0.030975,-0.014343,0.065918
0.026703,-0.013885,0.064697
0.02182,-0.013428,0.067139
0.018005,-0.012665,0.065918
0.014343,-0.010986,0.064697
0.01358,-0.011902,0.061035
0.01297,-0.01236,0.062256
0.013885,-0.014801,0.058594
0.014801,-0.016327,0.058594
0.016632,-0.018005,0.057373
0.0177,-0.018768,0.053711
0.018463,-0.018311,0.046387
0.018158,-0.016479,0.050049
0.017548,-0.011139,0.042725
0.016937,-0.0038147,0.047607
0.016479,0.0032043,0.045166
0.01709,0.0083923,0.041504
0.017242,0.0093079,0.050049
0.0177,0.0074768,0.040283
0.019379,0.0041199,0.041504
0.020752,0.0018311,0.039063
0.022278,0.0013733,0.041504
0.023499,0.00061035,0.03418
0.023499,0.0012207,0.039063
0.022583,-0.00076294,0.040283
0.021667,-0.0030518,0.042725
0.020752,-0.0036621,0.037842
0.019836,-0.0041199,0.041504
0.020294,-0.0012207,0.05249
0.021057,0.0015259,0.042725
0.020752,0.005188,0.053711
0.019531,0.0074768,0.042725
0.016479,0.0085449,0.03418
0.01297,0.0086975,0.047607
0.0073242,0.0086975,0.05249
0.0018311,0.0086975,0.053711
-0.0022888,0.007782,0.054932
-0.0041199,0.004425,0.053711
-0.0042725,-0.0012207,0.062256
-0.0038147,-0.007782,0.058594
-0.0015259,-0.013428,0.061035
0.0021362,-0.016479,0.057373
0.0059509,-0.016479,0.062256
0.0093079,-0.013123,0.059814
0.010986,-0.0071716,0.063477
0.010986,0.00091553,0.073242
0.0088501,0.0091553,0.064697
0.0048828,0.018463,0.061035
0.002594,0.025482,0.05127
0.0024414,0.029449,0.072021
0.0050354,0.029907,0.065918
0.011292,0.027924,0.072021
0.018005,0.023041,0.063477
0.023956,0.018311,0.059814
0.028534,0.013275,0.056152
0.032654,0.0093079,0.057373
0.034027,0.0056458,0.050049
0.031433,0.0032043,0.05249
0.02655,0.0030518,0.050049
0.0177,0.0038147,0.040283
0.0079346,0.0061035,0.050049
-0.00030518,0.011292,0.047607
-0.0057983,0.010986,0.046387
-0.0074768,0.0088501,0.047607
-0.0057983,0.0047302,4.1052
-0.0028992,0.0016785,4.8608
0.0016785,0.0028992,4.9158
0.004425,0.0074768,4.9109
0.0057983,0.01236,4.8987
0.0068665,0.016785,4.9133
0.0054932,0.017395,4.9109
0.0028992,0.016022,4.9097
-0.00061035,0.012054,4.9072
-0.0039673,0.0090027,4.906
-0.0054932,0.0064087,4.9072
-0.011139,0.0054932,4.9072
-0.0027466,0.0033569,4.9133
-0.00076294,0.0021362,4.9084
0.004425,0.0018311,4.9146
0.0091553,0.0024414,4.9146
0.013123,0.0042725,4.9231
0.012512,0.0079346,4.9097
0.012665,0.010986,4.9231
0.014191,0.014648,4.9231
0.015259,0.016632,4.9243
0.016937,0.018311,4.9353
0.019836,0.018463,4.9304
0.022888,0.015564,4.9207
0.024872,0.018005,4.9304
0.028687,0.012665,4.9304
0.029755,0.0093079,4.9304
0.030975,0.0074768,4.928
0.031586,0.0053406,4.9268
0.030518,0.0035095,4.9353
0.029907,0.0018311,4.9304
0.026855,-0.0012207,4.9341
0.024109,-0.0041199,4.9329
0.019836,-0.0039673,4.9377
0.015869,-0.0061035,4.9353
0.012665,-0.0042725,4.9365
0.011139,-0.0022888,4.9487
0.010986,-0.00076294,4.9329
0.0071716,0.00045776,4.9292
0.0091553,0.0012207,4.9292
0.010986,0,4.9121
0.011292,-0.00015259,4.9207
0.013885,-0.00061035,4.9158
0.016785,-0.0013733,4.9207
0.019684,-0.0015259,4.917
0.022888,-0.00030518,4.9182
0.025024,-0.0012207,4.9158
0.028687,0.00091553,4.9158
0.027313,0.0028992,4.9109
0.032196,0.0053406,4.906
0.033112,0.0061035,4.9158
0.033112,0.0064087,4.9133
0.034332,0.0056458,4.9109
0.033417,0.004425,4.9121
0.036316,0.0041199,4.9097
0.03479,0.0035095,4.9146
0.033875,0.00030518,4.9109
0.033875,0,4.9109
0.032196,-0.0027466,4.9097
0.031128,-0.0071716,4.8926
0.029602,-0.0097656,4.9097
0.027924,-0.011444,4.9109
0.028076,-0.0088501,4.9084
0.025787,-0.0083923,4.9121
0.026093,-0.0053406,4.9158
0.024719,-0.0032043,4.9182
0.026093,-0.0010681,4.9182
0.027313,-0.0010681,4.928
0.026855,-0.0021362,4.9231
0.031281,-0.00091553,4.9292
0.032043,-0.0048828,4.928
0.031433,-0.004425,4.9329
0.03067,-0.0028992,4.9377
0.027771,-0.0033569,4.9341
0.025024,-0.0033569,0.065918
0.022583,-0.0041199,0.062256
0.021667,-0.0016785,0.058594
0.022125,0.0019836,0.061035
0.023193,0.0047302,0.061035
0.025482,0.0071716,0.059814
0.029602,0.0090027,0.065918
0.031281,0.01358,0.062256
0.032501,0.010223,0.068359
0.03479,0.010376,0.062256
0.037079,0.0076294,0.06958
0.036926,0.0064087,0.061035
0.0354,0.0016785,0.061035
0.032349,-0.0022888,0.057373
0.029449,-0.0074768,0.059814
0.025635,-0.010681,0.053711
0.024719,-0.011139,0.05249
0.024719,-0.0085449,0.062256
0.024567,-0.0038147,0.05127
0.02533,0.0010681,0.058594
0.026093,0.004425,0.046387
0.028381,0.0053406,0.0354
0.029144,0.0045776,0.041504
0.030975,0.0035095,0.043945
0.031281,-0.0010681,0.040283
0.032349,-0.0021362,0.043945
0.033112,-0.002594,0.036621
0.032501,-0.004425,0.040283
0.030975,-0.0048828,0.039063
0.029297,-0.0083923,0.039063
0.02655,-0.009613,0.040283
0.024414,-0.010376,0.042725
0.024261,-0.0093079,0.040283
0.022736,-0.0068665,0.041504
0.02243,-0.0056458,0.054932
0.021362,-0.0038147,0.041504
0.020752,-0.0042725,0.046387
0.018616,-0.0053406,0.046387
0.023041,-0.0073242,0.021973
0.021667,-0.007782,0.048828
0.023499,-0.0061035,0.05127
0.023041,-0.0054932,0.05127
0.021973,-0.0038147,0.053711
0.019684,-0.0021362,0.05127
0.020905,-0.00091553,0.061035
0.021667,0.0012207,0.059814
0.024414,0.00030518,0.061035
0.027924,0.00061035,0.058594
0.030975,0,0.062256
0.031738,-0.0010681,0.062256
0.032196,-0.0021362,0.059814
0.031281,-0.0018311,0.063477
0.035248,-0.0015259,0.065918
0.033417,-0.0018311,0.065918
0.033875,-0.0028992,0.065918
0.033569,-0.0038147,0.080566
0.033264,-0.0053406,0.064697
0.031281,-0.0074768,0.058594
0.031586,-0.010376,0.063477
0.030823,-0.0094604,0.062256
0.029602,-0.014648,0.047607
0.027618,-0.015259,0.056152
0.027161,-0.014343,0.05249
0.024872,-0.013275,0.056152
0.022125,-0.010529,0.050049
0.020752,-0.007782,0.05127
0.019073,-0.0050354,0.043945
0.018005,-0.0015259,0.048828
0.017853,-0.00045776,0.047607
0.020294,0.0018311,0.047607
0.022888,0.0048828,0.050049
0.025635,0.0074768,0.043945
0.027771,0.0097656,0.040283
0.029449,0.0091553,0.040283
0.028534,0.0086975,0.032959
0.026398,0.0065613,0.040283
0.023651,0.0032043,3.1165
0.02121,0.0016785,4.7986
0.019684,0.0012207,4.8987
0.017242,0.0018311,4.906
0.015259,0.00030518,4.906
0.012817,-0.0015259,4.9084
0.011444,-0.005188,4.9097
0.011902,-0.0091553,4.9109
0.013123,-0.01297,4.917
0.014496,-0.015564,4.9109
0.015869,-0.016632,4.9207
0.014801,-0.016022,4.9133
0.01297,-0.014648,4.9243
0.010834,-0.011902,4.9292
0.0094604,-0.012207,4.9219
0.0097656,-0.011444,4.9353
0.010376,-0.010834,4.9304
0.011444,-0.0083923,4.9109
0.013123,-0.0080872,4.928
0.013123,-0.0068665,4.9304
0.011902,-0.0057983,4.9316
0.011292,-0.0053406,4.9292
0.011749,-0.0054932,4.9268
0.013428,-0.002594,4.9329
0.013885,0.00030518,4.9316
0.014496,0.0030518,4.9353
0.013885,0.0056458,4.9329
0.013428,0.0065613,4.9365
0.011139,0.0064087,4.9341
0.014648,0.0053406,4.9377
0.016479,0.0059509,4.9451
0.019379,0.0057983,4.9353
0.02121,0.0057983,4.9316
0.023193,0.0021362,4.9304
0.024719,0.00030518,4.928
0.025635,-0.0021362,4.9243
0.026398,-0.0036621,4.9207
0.026398,-0.0036621,4.9219
0.024567,-0.0028992,4.9207
0.022278,-0.0021362,4.9194
0.018768,-0.00091553,4.9182
0.016022,-0.00015259,4.9146
0.012207,0.00045776,4.9146
0.0088501,0.0013733,4.9097
0.0094604,0.0018311,4.9158
0.0088501,0.0019836,4.9109
0.010834,0.00076294,4.9133
0.011444,-0.0032043,4.9097
0.010376,-0.0059509,4.9109
0.013275,-0.0073242,4.9231
0.01358,-0.0033569,4.9121
0.01358,-0.0035095,4.9207
0.014191,0.00061035,4.9084
0.014648,0.0036621,4.8999
0.015411,0.0061035,4.9109
0.015411,0.0050354,4.9121
0.015869,0.007782,4.9084
0.016785,0.007782,4.9121
0.019073,0.0062561,4.9146
0.021973,0.0053406,4.917
0.025635,0.0053406,4.9194
0.029907,0.0045776,4.928
0.032654,0.0041199,4.9243
0.036316,0.0050354,4.9268
0.036774,0.0061035,4.9268
0.036926,0.0038147,4.9341
0.034943,0.0059509,4.939
0.033264,0.0065613,4.9329
0.031738,0.0068665,4.9316
0.030518,0.0074768,4.9329
0.024872,0.0073242,4.9377
0.025787,0.0050354,4.9329
0.023804,-0.0015259,4.9158
0.024261,-0.0039673,4.9304
0.023041,-0.0076294,0.062256
0.023041,-0.0074768,0.064697
0.022888,-0.0054932,0.067139
0.020905,0.00015259,0.062256
0.019073,-0.0024414,0.064697
0.016632,-0.0041199,0.059814
0.014954,-0.0085449,0.062256
0.013885,-0.010223,0.059814
0.014343,-0.0080872,0.057373
0.015869,-0.0024414,0.053711
0.017242,0.0041199,0.056152
0.019379,0.0083923,0.064697
0.022888,0.0076294,0.050049
0.027618,0.0059509,0.057373
0.029755,0.0036621,0.047607
0.033569,0.0030518,0.03418
0.037231,0.005188,0.042725
0.03952,0.0085449,0.042725
0.03952,0.0093079,0.042725
0.038452,0.007782,0.040283
0.038147,0.0036621,0.0354
0.037384,-0.0013733,0.041504
0.038452,-0.0041199,0.036621
0.038452,-0.0050354,0.042725
0.037842,-0.0030518,0.040283
0.036011,-0.0064087,0.042725
0.033417,-0.0059509,0.037842
0.030975,-0.0068665,0.043945
0.029449,-0.0097656,0.032959
0.028229,-0.011292,0.042725
0.028076,-0.011292,0.040283
0.027008,-0.0083923,0.042725
0.026093,-0.0056458,0.03418
0.025787,-0.002594,0.045166
0.026245,-0.00015259,0.039063
0.025635,0.0013733,0.050049
0.024872,0.0010681,0.05249
0.024719,0.0028992,0.054932
0.025024,0.0041199,0.058594
0.024109,0.007019,0.059814
0.028229,0.0099182,0.061035
0.023041,0.0082397,0.057373
0.022125,0.0074768,0.064697
0.024414,0.0062561,0.061035
0.026093,0.0050354,0.063477
0.028229,0.0054932,0.062256
0.028534,0.0054932,0.062256
0.028839,0.0064087,0.06958
0.027313,0.0050354,0.065918
0.024872,0.002594,0.074463
0.023193,-0.0019836,0.063477
0.02121,-0.0067139,0.053711
0.021515,-0.0086975,0.065918
0.023346,-0.0082397,0.062256
0.024567,-0.0065613,0.057373
0.025024,-0.0038147,0.062256
0.025177,-0.0038147,0.054932
0.02182,-0.0074768,0.054932
0.020294,-0.0074768,0.05127
0.020599,-0.0093079,0.05249
0.021515,-0.010529,0.047607
0.022736,-0.007782,0.05127
0.023804,-0.0053406,0.05249
0.022583,-0.0061035,0.047607
0.021362,-0.0027466,0.043945
0.02121,-0.0045776,0.042725
0.024414,-0.0073242,0.041504
0.023193,-0.0091553,0.041504
0.025177,-0.0099182,0.039063
0.026093,-0.011749,0.037842
0.024872,-0.005188,0.043945
0.021973,-0.0021362,0.032959
0.020752,0,0.039063
0.021057,-0.0019836,0.040283
0.022125,-0.0057983,0.037842
0.02182,-0.0094604,0.036621
0.022736,-0.0093079,0.058594
0.02182,-0.007782,4.4543
0.021973,-0.0048828,4.884
0.020905,-0.0036621,4.9084
0.022888,-0.0038147,4.9158
0.027466,-0.0061035,4.9121
0.025787,-0.0065613,4.9182
0.026245,-0.004425,4.9402
0.025482,-0.0061035,4.9158
0.024414,-0.0027466,4.9255
0.023041,-0.00015259,4.928
0.022278,0.002594,4.9146
0.022278,0.0035095,4.928
0.024719,0.0054932,4.9292
0.026398,0.0030518,4.9304
0.027771,0.0012207,4.9292
0.027008,0.00015259,4.9268
0.02655,-0.0013733,4.9329
0.02533,-0.0032043,4.9304
0.025177,-0.0053406,4.9341
0.024719,-0.0053406,4.9255
0.024414,-0.0059509,4.9377
0.023804,-0.0053406,4.9353
0.021057,-0.0061035,4.9353
0.018005,-0.002594,4.9353
0.013428,-0.0028992,4.9377
0.011902,-0.0016785,4.9365
0.011749,-0.00076294,4.9329
0.013885,0.00030518,4.9402
0.016174,0.0016785,4.9255
0.0177,0.004425,4.9158
0.0177,0.007019,4.9231
0.017548,0.0085449,4.9207
0.019379,0.0091553,4.9207
0.021515,0.0090027,4.9194
0.023346,0.0080872,4.9158
0.02243,0.007782,4.9158
0.017853,0.0076294,4.9133
0.012054,0.0068665,4.9182
0.0076294,0.0056458,4.9097
0.0039673,0.0042725,4.9146
0.0038147,0.0039673,4.9109
0.0064087,0.0057983,4.9084
0.010071,0.0080872,4.9207
0.013428,0.0082397,4.9109
0.014191,0.010223,4.9182
0.01297,0.0093079,4.906
0.011139,0.0068665,4.8999
0.010529,0.0048828,4.9133
0.010376,0.002594,4.9097
0.011444,-0.00061035,4.9097
0.010986,-0.0013733,4.9097
0.009613,-0.0042725,4.9109
0.007782,-0.0073242,4.9146
0.005188,-0.0074768,4.9121
0.005188,-0.007782,4.9268
0.0071716,-0.0057983,4.9048
0.0090027,-0.0032043,4.9255
0.011444,-0.00076294,4.9255
0.012665,0.0016785,4.928
0.012665,0.0047302,4.9292
0.01358,0.0068665,4.9316
0.01236,0.0086975,4.9329
0.014801,0.010986,4.9329
0.01709,0.013275,4.9402
0.020142,0.014496,4.9329
0.021973,0.015259,4.9146
0.023804,0.015717,4.9304
0.023651,0.016174,4.9316
0.023193,0.013733,4.9329
0.02121,0.011444,4.9353
0.020294,0.0064087,4.928
0.019073,0.0021362,4.939
0.019073,-0.00015259,4.9158
0.018158,-0.00076294,0.064697
0.016479,-0.00030518,0.058594
0.015411,0.0010681,0.062256
0.01358,0.00045776,0.056152
0.013733,-0.00061035,0.054932
0.015259,-0.0013733,0.065918
0.016785,-0.00045776,0.041504
0.016632,0.00045776,0.046387
0.016327,0.0050354,0.050049
0.014191,0.0076294,0.031738
0.012054,0.0079346,0.045166
0.010834,0.0071716,0.041504
0.012665,0.0053406,0.040283
0.014496,0.0056458,0.042725
0.015869,0.0056458,0.040283
0.017548,0.0076294,0.042725
0.013733,0.011597,0.041504
0.012817,0.012665,0.036621
0.012207,0.012054,0.036621
0.014038,0.011139,0.043945
0.01709,0.0085449,0.037842
0.020447,0.0067139,0.042725
0.020752,0.0057983,0.040283
0.019379,0.0041199,0.045166
0.018311,0.0024414,0.046387
0.0177,-0.00030518,0.043945
0.018158,-0.0012207,0.05249
0.020142,-0.0015259,0.043945
0.019073,-0.0012207,0.037842
0.019989,-0.0015259,0.050049
0.016479,-0.0010681,0.045166
0.014038,-0.0032043,0.05249
0.01358,-0.0039673,0.056152
0.016327,-0.0038147,0.056152
0.020447,-0.0042725,0.059814
0.023193,-0.0028992,0.059814
0.027161,-0.0047302,0.064697
0.028229,-0.0016785,0.056152
0.027771,-0.0047302,0.067139
0.025635,-0.0045776,0.063477
0.024414,-0.0042725,0.061035
0.023956,-0.0042725,0.070801
0.024567,-0.0053406,0.062256
0.024261,-0.0073242,0.062256
0.024414,-0.0074768,0.064697
0.024719,-0.0067139,0.067139
0.023041,-0.0047302,0.063477
0.024109,-0.0022888,0.067139
0.026093,-0.00061035,0.061035
0.028381,-0.002594,0.065918
0.034027,-0.0053406,0.054932
0.033112,-0.0068665,0.058594
0.032959,-0.007019,0.05127
0.031586,-0.0039673,0.057373
0.029907,-0.00030518,0.03418
0.029602,0.0015259,0.048828
0.030975,0.0012207,0.050049
0.033112,-0.0050354,0.05127
0.032959,-0.0047302,0.042725
0.033112,-0.0047302,0.046387
0.034027,-0.002594,0.057373
0.034027,0.0022888,0.040283
0.034027,0.0068665,0.05249
0.033112,0.0086975,0.043945
0.032349,0.0065613,0.026855
0.031433,0.00091553,0.036621
0.030975,-0.004425,0.039063
0.029602,-0.0079346,0.039063
0.028229,-0.0068665,0.040283
0.025482,-0.0050354,0.037842
0.024567,-0.0045776,0.037842
0.024872,-0.0059509,0.037842
0.027008,-0.010529,0.040283
0.027466,-0.012207,0.041504
0.027771,-0.011444,0.047607
0.025482,-0.0085449,0.043945
0.024261,-0.0022888,0.05127
0.025635,0.0022888,3.1177
0.028229,0.0054932,4.8108
0.032349,0.0067139,4.9133
0.033417,0.0057983,4.9304
0.037079,0.0053406,4.9255
0.036316,0.005188,4.928
0.034943,0.0071716,4.9207
0.033569,0.0083923,4.9329
0.033722,0.0083923,4.9316
0.033569,0.0080872,4.928
0.032043,0.0059509,4.9316
0.028687,0.0048828,4.9292
0.025177,0.0033569,4.9329
0.022736,0.0018311,4.928
0.021667,0.00045776,4.9377
0.022125,-0.00091553,4.9304
0.023956,-0.0018311,4.9353
0.026093,-0.0013733,4.9329
0.027008,-0.0039673,4.939
0.027008,-0.004425,4.9451
0.023956,-0.0038147,4.9329
0.024719,-0.002594,4.9353
0.024109,-0.0021362,4.9255
0.024719,-0.0013733,4.9109
0.027008,-0.0012207,4.9133
0.026703,-0.0010681,4.9219
0.029755,0.0010681,4.9182
0.031281,0.0019836,4.9207
0.031586,0.0047302,4.9194
0.031586,0.0076294,4.9109
0.033722,0.0091553,4.9146
0.036163,0.009613,4.9158
0.039978,0.0088501,4.9109
0.038605,0.0064087,4.9121
0.036774,0.0028992,4.9158
0.036316,0.0015259,4.9121
0.030823,0.00015259,4.9072
0.028229,-0.0022888,4.9121
0.024872,-0.0056458,4.9072
0.02243,-0.007782,4.9084
0.020752,-0.011292,4.9133
0.018921,-0.011902,4.9121
0.017853,-0.010529,4.9048
0.018463,-0.0074768,4.9097
0.020142,-0.0022888,4.906
0.022278,0.0016785,4.9158
0.02594,0.0054932,4.9158
0.029144,0.0082397,4.9158
0.032196,0.0062561,4.9207
0.034637,0.007782,4.9194
0.036011,0.0088501,4.9243
0.036621,0.011292,4.9268
0.036011,0.011597,4.9292
0.037231,0.010529,4.928
0.037079,0.0080872,4.9329
0.038147,0.0039673,4.9426
0.036163,0.00091553,4.9341
0.033875,0.00061035,4.9365
0.03067,0.00030518,4.9353
0.027161,0.0027466,4.9182
0.024109,0.0035095,4.9292
0.021667,0.0042725,4.9329
0.019989,0.0030518,4.9329
0.020142,-0.00076294,4.9329
0.021362,-0.0019836,4.9329
0.022888,-0.0024414,4.939
0.023193,-0.00045776,4.9353
0.022888,0.0013733,4.9341
0.023499,0.002594,4.928
0.022583,0.0016785,4.9316
0.021515,-0.00045776,4.9268
0.020142,-0.0024414,4.9268
0.017242,-0.0013733,4.9255
0.015106,-0.00091553,0.053711
0.013428,0.00091553,0.05249
0.01297,0.0022888,0.048828
0.014191,0.0033569,0.057373
0.015869,0.0033569,0.047607
0.017853,0.0022888,0.030518
0.018311,-0.00030518,0.043945
0.018616,-0.0021362,0.041504
0.017853,-0.002594,0.037842
0.018616,-0.0021362,0.041504
0.018463,-0.00076294,0.037842
0.018158,-0.00045776,0.041504
0.018158,-0.0022888,0.036621
0.01709,-0.0047302,0.043945
0.016937,-0.0071716,0.037842
0.017242,-0.0093079,0.037842
0.019226,-0.0079346,0.039063
0.021667,-0.004425,0.042725
0.025635,-0.00061035,0.053711
0.02655,0.00091553,0.045166
0.028839,0,0.053711
0.029144,-0.0019836,0.042725
0.027008,-0.0030518,0.036621
0.025635,-0.0024414,0.05127
0.023499,0.00045776,0.053711
0.02121,0.0018311,0.050049
0.018463,0.0015259,0.050049
0.015259,0.0022888,0.057373
0.01297,0.0010681,0.062256
0.010071,0.00061035,0.059814
0.0080872,0.00045776,0.062256
0.0057983,0.0016785,0.059814
0.0053406,0.0039673,0.064697
0.0047302,0.0062561,0.065918
0.0059509,0.0074768,0.064697
0.0090027,0.0065613,0.064697
0.010834,0.0047302,0.063477
0.01297,0.0028992,0.061035
0.014801,0.0016785,0.068359
0.014343,0.0015259,0.075684
0.016174,0.0039673,0.068359
0.016785,0.0039673,0.050049
0.019073,0.0050354,0.064697
0.019989,0.0048828,0.063477
0.019379,0.0036621,0.057373
0.020294,0.0018311,0.057373
0.0177,0.0013733,0.05249
0.016327,-0.00076294,0.05127
0.016174,-0.00061035,0.048828
0.017242,0.00045776,0.050049
0.019989,0.00030518,0.046387
0.016937,0.0018311,0.050049
0.023041,0.0028992,0.046387
0.02243,0.0016785,0.053711
0.020905,0.0019836,0.054932
0.02121,0.0022888,0.046387
0.018005,0.0027466,0.042725
0.017548,0.0030518,0.040283
0.018768,0.0028992,0.023193
0.018158,0.0010681,0.031738
0.018463,0.0010681,0.039063
0.018463,0.00030518,0.037842
0.019379,-0.0010681,0.039063
0.020599,0.00045776,0.037842
0.021667,-0.00015259,0.040283
0.023041,-0.0021362,0.037842
0.021057,-0.0021362,0.039063
0.024567,-0.00076294,0.0354
0.025024,0.0013733,0.046387
0.02655,0.0038147,0.043945
0.028534,0.0048828,0.050049
0.030365,0.0038147,0.05127
0.030975,0.0015259,0.05127
0.033569,-0.0019836,0.054932
0.034943,-0.0042725,0.056152
0.035706,-0.0045776,0.06958
0.037994,-0.0054932,0.058594
0.032196,-0.007019,0.057373
0.031281,-0.010529,4.6179
0.027313,-0.014343,4.9048
0.021667,-0.0177,4.9243
0.023651,-0.015564,4.9292
0.02243,-0.010834,4.9304
0.023804,-0.0057983,4.9316
0.025482,-0.0013733,4.9207
0.027008,0.0019836,4.9353
0.028687,0.0022888,4.9329
0.030975,0.00091553,4.9377
0.032806,0.00015259,4.9353
0.03479,0.00061035,4.9341
0.035706,-0.0032043,4.939
0.034332,-0.0039673,4.9341
0.033875,-0.0059509,4.928
0.032806,-0.0082397,4.928
0.032501,-0.0079346,4.9231
0.031586,-0.0079346,4.9268
0.030212,-0.0057983,4.9194
0.03006,-0.0036621,4.9182
0.029297,-0.0038147,4.9219
0.030365,-0.0018311,4.9182
0.029144,-0.0022888,4.9158
0.029449,-0.0038147,4.9207
0.027771,-0.0057983,4.9146
0.02594,-0.0062561,4.9109
0.02594,-0.00061035,4.9109
0.025787,0.0024414,4.9109
0.027313,0.0048828,4.9158
0.027924,0.0042725,4.9084
0.027313,0.0033569,4.9146
0.027161,0.0010681,4.9231
0.026093,0,4.9109
0.026855,-0.0019836,4.917
0.028381,0.002594,4.9097
0.03006,0.0038147,4.895
0.031738,0.0062561,4.906
0.031738,0.005188,4.9109
0.03006,0.0028992,4.9133
0.027618,0.00091553,4.9158
0.026398,-0.0021362,4.9121
0.025024,0.00045776,4.9207
0.025787,0.0012207,4.9231
0.025635,0.00030518,4.928
0.023041,-0.00076294,4.9243
0.021515,-0.0035095,4.9255
0.020905,-0.0071716,4.9304
0.021667,-0.0079346,4.9329
0.025024,-0.0068665,4.9402
0.025177,-0.0047302,4.9341
0.021057,0.00091553,4.9304
0.024261,-0.00045776,4.9329
0.023651,-0.0010681,4.9402
0.023804,-0.0021362,4.9304
0.024719,-0.0028992,4.939
0.026703,-0.0019836,4.9353
0.027313,0.00061035,4.9353
0.026703,0.0030518,4.9341
0.024872,0.0038147,4.9377
0.022583,0.0028992,4.9329
0.021973,0.00030518,4.9329
0.022125,-0.0013733,4.9292
0.023804,-0.00091553,4.9341
0.023193,0.0012207,4.9292
0.024872,0.0030518,4.928
0.023499,0.0028992,4.9268
0.02594,0.0013733,4.9219
0.027924,-0.0024414,4.9304
0.028839,-0.0045776,4.9182
0.029602,-0.0061035,4.9304
0.028687,-0.0047302,4.9158
0.027618,-0.0045776,4.9072
0.025177,-0.0065613,0.046387
0.022888,-0.0041199,0.042725
0.021515,-0.0064087,0.040283
0.019531,-0.0085449,0.041504
0.019684,-0.0090027,0.039063
0.019379,-0.0091553,0.040283
0.020142,-0.0064087,0.039063
0.021515,-0.002594,0.041504
0.021667,0.00045776,0.037842
0.023651,0.0033569,0.039063
0.025482,0.0036621,0.041504
0.026703,0.0028992,0.043945
0.028687,0.0015259,0.041504
0.028229,0.00030518,0.042725
0.031128,-0.00030518,0.042725
0.030518,0.00091553,0.041504
0.028839,0.0021362,0.046387
0.028229,0.0019836,0.046387
0.028534,0.0018311,0.046387
0.029602,0.0021362,0.053711
0.03006,0.0018311,0.057373
0.029449,0.0042725,0.057373
0.027924,0.0059509,0.061035
0.02594,0.0074768,0.059814
0.025635,0.0079346,0.063477
0.025177,0.0061035,0.057373
0.026398,0.0050354,0.061035
0.026398,0.0035095,0.061035
0.026398,0.0018311,0.064697
0.025177,0.00076294,0.058594
0.02243,0.00076294,0.064697
0.021667,-0.00015259,0.074463
0.018921,0.00061035,0.065918
0.016785,0.0021362,0.070801
0.015717,0.0050354,0.067139
0.013733,0.0068665,0.047607
0.013275,0.0086975,0.059814
0.01236,0.0091553,0.057373
0.01358,0.0085449,0.058594
0.015106,0.0085449,0.057373
0.017242,0.0074768,0.050049
0.018768,0.0065613,0.05249
0.019226,0.0050354,0.050049
0.018616,0.004425,0.05249
0.01709,0.0032043,0.039063
0.014801,0.0016785,0.05127
0.013733,-0.00030518,0.043945
0.012207,-0.0021362,0.047607
0.01236,-0.0021362,0.047607
0.011902,-0.00061035,0.045166
0.012207,0.00015259,0.042725
0.012207,0.0030518,0.041504
0.013733,0.0059509,0.0354
0.015869,0.0059509,0.037842
0.017242,0.0076294,0.048828
0.0177,0.0079346,0.036621
0.016632,0.007782,0.040283
0.016022,0.010376,0.036621
0.014038,0.011749,0.040283
0.011902,0.01297,0.037842
0.0090027,0.012817,0.040283
0.009613,0.010681,0.037842
0.0091553,0.0090027,0.046387
0.0085449,0.0097656,0.041504
0.0071716,0.0086975,0.05127
0.0068665,0.010986,0.047607
0.0059509,0.013733,0.054932
0.0064087,0.014801,0.063477
0.0076294,0.014954,0.058594
0.0086975,0.015259,0.064697
0.0088501,0.013428,0.059814
0.0091553,0.010986,0.050049
0.010223,0.009613,0.062256
0.011292,0.0086975,0.062256
0.012512,0.0083923,0.059814
0.013275,0.0086975,0.063477
0.011597,0.0080872,0.059814
0.010071,0.0074768,0.062256
0.0085449,0.0080872,4.4922
0.0073242,0.0080872,4.9048
0.007782,0.007782,4.9292
0.0057983,0.0074768,4.9353
0.0047302,0.0062561,4.9365
0.0041199,0.0028992,4.9365
0.0045776,0.0010681,4.9353
0.0050354,0.00015259,4.9341
0.0062561,-0.00045776,4.9341
0.0085449,0.0022888,4.9304
0.010986,0.004425,4.9365
0.01358,0.0054932,4.9194
0.011749,0.0071716,4.9182
0.013733,0.0079346,4.917
0.014496,0.0083923,4.9207
0.016479,0.0086975,4.9158
0.018311,0.0064087,4.9182
0.019836,0.0036621,4.9109
0.019379,0.00030518,4.9158
0.017853,-0.0016785,4.9121
0.016785,-0.0030518,4.9121
0.01709,-0.0030518,4.9109
0.018616,-0.0013733,4.9182
0.022736,0.0010681,4.9133
0.023346,0.0036621,4.9109
0.024261,0.0033569,4.9255
0.024872,0.002594,4.9109
0.024109,0.0010681,4.9097
0.022583,0.0013733,4.9109
0.021973,0.0021362,4.8938
0.021362,0.0048828,4.9097
0.021362,0.0024414,4.9084
0.020752,0.0012207,4.9121
0.019684,-0.0016785,4.9133
0.016479,-0.0054932,4.9109
0.014191,-0.0080872,4.917
0.014496,-0.0079346,4.9158
0.016174,-0.0057983,4.9316
0.01709,-0.002594,4.9219
0.018311,-0.00030518,4.9292
0.019226,0,4.9292
0.019836,-0.0010681,4.9341
0.021057,-0.0016785,4.9316
0.02121,-0.0030518,4.9402
0.023346,-0.0032043,4.9353
0.024109,-0.0033569,4.9353
0.02594,-0.0035095,4.9438
0.031738,-0.0079346,4.9316
0.029144,-0.0038147,4.9133
0.029449,-0.004425,4.9341
0.029602,-0.004425,4.9316
0.029449,-0.0032043,4.9353
0.029297,-0.00076294,4.9377
0.028839,0.0030518,4.9329
0.029755,0.0061035,4.9353
0.030518,0.0062561,4.9292
0.029907,0.0036621,4.9329
0.032196,0.0030518,4.9231
0.032654,-0.00030518,4.9268
0.036011,-0.0045776,4.9231
0.031586,0.00015259,4.928
0.031433,-0.0028992,4.9268
0.030518,0.0010681,4.9231
0.028229,0.0064087,4.9158
0.02655,0.0036621,4.9097
0.021057,0.00015259,4.9072
0.023041,0.00076294,4.9158
0.020599,-0.0019836,4.9097
0.020447,0.0016785,4.9109
0.022278,0.0080872,4.9109
0.024414,0.010376,4.9121
0.025482,0.013885,3.8965
0.027313,0.013885,0.037842
0.028992,0.009613,0.040283
0.03006,0.0090027,0.036621
0.032654,0.0097656,0.042725
0.03006,0.0080872,0.042725
0.029297,0.007782,0.042725
0.028076,0.009613,0.040283
0.027924,0.0094604,0.042725
0.028534,0.0074768,0.047607
0.027618,0.0064087,0.046387
0.027161,0.0010681,0.057373
0.027466,-0.0010681,0.047607
0.029297,0.0016785,0.039063
0.029602,0.0022888,0.05127
0.028381,0.0039673,0.046387
0.028076,0.0050354,0.057373
0.027618,0,0.061035
0.028076,-0.0035095,0.056152
0.028381,-0.0057983,0.064697
0.027771,-0.0074768,0.059814
0.027313,-0.0042725,0.063477
0.027618,-0.0010681,0.059814
0.027313,0.00045776,0.065918
0.027618,0.0018311,0.059814
0.028076,0.0050354,0.062256
0.029907,0.0071716,0.075684
0.032196,0.010223,0.065918
0.033722,0.011139,0.063477
0.033722,0.0097656,0.068359
0.03006,0.007782,0.056152
0.037231,0.0059509,0.062256
0.034027,0.0041199,0.063477
0.03479,-0.0015259,0.057373
0.035248,-0.0015259,0.057373
0.035095,-0.00015259,0.05127
0.033417,0.0019836,0.05127
0.029602,0.0048828,0.048828
0.02594,0.010376,0.05249
0.023041,0.002594,0.042725
0.019989,0.00061035,0.05127
0.018311,-0.0015259,0.046387
0.016174,-0.0045776,0.048828
0.016022,-0.0054932,0.045166
0.016327,-0.0080872,0.045166
0.018311,-0.0086975,0.048828
0.016632,-0.0079346,0.040283
0.017395,-0.0053406,0.046387
0.021667,-0.00015259,0.036621
0.021362,0.0062561,0.03418
0.025024,0.011292,0.039063
0.027618,0.014648,0.041504
0.030823,0.013733,0.037842
0.032806,0.010529,0.039063
0.034943,0.0080872,0.037842
0.036163,0.004425,0.041504
0.036926,0.0022888,0.039063
0.037994,0.00030518,0.042725
0.037994,0.00015259,0.040283
0.037384,0.0028992,0.048828
0.034637,0.0045776,0.05127
0.031586,0.0056458,0.054932
0.026703,0.0048828,0.062256
0.024261,0.0032043,0.061035
0.023956,0.0012207,0.059814
0.02594,-0.0018311,0.058594
0.027618,-0.0030518,0.062256
0.028534,-0.0035095,0.063477
0.026245,-0.002594,0.063477
0.023193,-0.0022888,0.050049
0.019684,-0.0028992,0.059814
0.018768,-0.005188,0.059814
0.019073,-0.004425,0.062256
0.021057,-0.0018311,0.063477
0.021362,0.0012207,0.065918
0.019989,0.0047302,0.063477
0.018158,0.0057983,0.065918
0.016022,0.0054932,0.067139
0.016174,0.0041199,0.16479
0.017548,0.00076294,4.6472
0.018463,-0.0015259,4.9146
0.020905,-0.0021362,4.9353
0.02121,-0.0022888,4.9268
0.019531,-0.0013733,4.9292
0.019073,-0.0022888,4.9255
0.019836,-0.0027466,4.906
0.02182,-0.002594,4.9182
0.023956,-0.002594,4.9194
0.024872,-0.0041199,4.9194
0.023499,-0.0061035,4.9158
0.024109,-0.0080872,4.9109
0.023193,-0.0090027,4.9133
0.022736,-0.0080872,4.9109
0.023193,-0.0059509,4.9109
0.022278,-0.0028992,4.906
0.02243,-0.0015259,4.9133
0.021667,-0.0012207,4.9133
0.020752,-0.0047302,4.9109
0.019989,-0.0038147,4.9121
0.016022,-0.0039673,4.9097
0.014343,-0.0021362,4.906
0.011139,0,4.9133
0.009613,0.00061035,4.8938
0.0088501,0.00015259,4.9097
0.010071,0,4.9182
0.010834,0.00030518,4.9146
0.011902,-0.00076294,4.9109
0.013885,-0.00045776,4.9133
0.014954,-0.00091553,4.9207
0.016632,-0.00061035,4.9194
0.019379,0,4.9268
0.021667,0.0016785,4.9243
0.023651,0.0024414,4.9304
0.02121,0.0015259,4.9255
0.018921,-0.00045776,4.9304
0.018463,-0.0036621,4.9268
0.016327,-0.007782,4.9316
0.016479,-0.011292,4.939
0.015717,-0.01358,4.9341
0.014496,-0.01297,4.9377
0.01297,-0.010376,4.9316
0.0099182,-0.0064087,4.9207
0.0076294,-0.0024414,4.9255
0.0094604,0.0021362,4.9353
0.010529,0.0056458,4.9341
0.010681,0.0074768,4.9365
0.0099182,0.0079346,4.9353
0.010681,0.0073242,4.9353
0.012665,0.0042725,4.9316
0.016327,0.00045776,4.9341
0.020447,-0.0012207,4.9255
0.023041,-0.0030518,4.928
0.023346,-0.0013733,4.9194
0.019684,-0.0030518,4.9231
0.014343,-0.0047302,4.9219
0.0080872,-0.0088501,4.9207
0.0010681,-0.014038,4.9207
-0.0021362,-0.01297,4.9158
0.0016785,-0.0071716,4.9219
0.0093079,0.0013733,4.917
0.018158,0.0086975,4.8975
0.026398,0.01236,4.9097
0.033417,0.0090027,4.9121
0.034332,0.00045776,4.9121
0.033569,-0.0086975,4.9097
0.030975,-0.013275,4.906
0.026093,-0.014954,4.9109
0.018768,-0.012665,4.9048
0.010223,-0.010834,4.9011
0.0016785,-0.0094604,4.9097
-0.0042725,-0.0080872,0.041504
-0.0080872,-0.005188,0.039063
-0.0067139,-0.00076294,0.042725
-0.00015259,0.0074768,0.057373
0.0094604,0.017395,0.042725
0.017853,0.025024,0.054932
0.02594,0.02594,0.048828
0.029907,0.021057,0.036621
0.029907,0.010223,0.053711
0.029144,0,0.057373
0.026703,-0.0093079,0.056152
0.024109,-0.014038,0.058594
0.021057,-0.014648,0.057373
0.019531,-0.014343,0.062256
0.017242,-0.014191,0.059814
0.015869,-0.0091553,0.059814
0.017548,-0.0064087,0.058594
0.020294,-0.0033569,0.064697
0.028229,0.00045776,0.062256
0.036621,0.0042725,0.063477
0.043488,0.0071716,0.072021
0.047607,0.0071716,0.065918
0.046844,0.0048828,0.06958
0.04364,-0.0019836,0.065918
0.041046,-0.0062561,0.076904
0.036926,-0.010834,0.063477
0.031128,-0.013275,0.040283
0.025482,-0.010376,0.059814
0.019379,-0.0036621,0.059814
0.014801,0.0048828,0.048828
0.011597,0.010529,0.057373
0.011749,0.013885,0.046387
0.013885,0.014038,0.050049
0.0177,0.012665,0.045166
0.020905,0.011749,0.050049
0.023499,0.012817,0.047607
0.025635,0.014496,0.050049
0.024719,0.014954,0.046387
0.025177,0.014954,0.046387
0.024719,0.014648,0.048828
0.02533,0.013733,0.042725
0.02594,0.014038,0.048828
0.025787,0.016327,0.040283
0.025024,0.017548,0.028076
0.025482,0.017395,0.039063
0.025177,0.015259,0.037842
0.026093,0.012207,0.036621
0.02594,0.0090027,0.040283
0.028534,0.0083923,0.0354
0.029297,0.010376,0.040283
0.028839,0.014954,0.040283
0.028229,0.01709,0.042725
0.027313,0.016632,0.041504
0.027618,0.01236,0.048828
0.027924,0.0064087,0.05249
0.027924,0.00061035,0.056152
0.025787,-0.0024414,0.05249
0.019989,-0.0028992,0.054932
0.014343,-0.00061035,0.056152
0.0080872,0.00076294,0.058594
0.0027466,-0.00076294,0.06958
0.0018311,0.0016785,0.057373
0.0016785,0.002594,0.05127
0.0065613,0.0041199,0.057373
0.010376,0.0086975,0.061035
0.016174,0.010376,0.061035
0.02121,0.0086975,0.062256
0.02533,0.0065613,0.059814
0.031586,0.0010681,0.067139
0.035858,-0.0024414,0.065918
0.038452,-0.0018311,0.065918
0.036926,0.0010681,0.062256
0.030365,0.007019,0.067139
0.021515,0.010376,0.064697
0.01297,0.0086975,0.064697
0.0093079,0.0062561,0.072021
0.0093079,0.0022888,0.061035
0.011292,-0.00045776,0.05127
0.016632,0.0041199,3.2947
0.02121,0.0085449,4.8059
0.024719,0.012054,4.9097
0.028534,0.01358,4.9158
0.029602,0.0083923,4.9133
0.028839,0.0041199,4.9158
0.024567,0.00015259,4.8987
0.01709,-0.0018311,4.9146
0.0074768,-0.00030518,4.9109
-0.0016785,0.0016785,4.9133
-0.0071716,0.0015259,4.9036
-0.0086975,0.0019836,4.8999
-0.0080872,0.002594,4.9097
-0.0027466,0.0057983,4.9109
0.004425,0.0097656,4.9097
0.013123,0.015411,4.9109
0.020905,0.021057,4.9194
0.026398,0.024414,4.9109
0.030975,0.025024,4.9182
0.032806,0.020752,4.906
0.034332,0.011597,4.9036
0.033112,0.0022888,4.8962
0.031738,-0.0099182,4.9146
0.031281,-0.013885,4.9158
0.029755,-0.013428,4.9182
0.029449,-0.0090027,4.9158
0.029602,-0.002594,4.9292
0.031281,0.0030518,4.9231
0.033875,0.0038147,4.928
0.0383,0.0035095,4.9268
0.04303,0.002594,4.9316
0.048218,0.0036621,4.9329
0.051117,0.004425,4.9329
0.054474,0.0022888,4.9353
0.055542,-0.0035095,4.9329
0.056458,-0.011597,4.9292
0.054779,-0.018921,4.9329
0.049133,-0.02121,4.9353
0.041046,-0.019379,4.9329
0.029297,-0.015259,4.9353
0.018768,-0.012207,4.9329
0.0091553,-0.0099182,4.9377
0.0030518,-0.0059509,4.9353
0.0010681,-0.0024414,4.9438
0.0015259,0.0021362,4.9316
0.0027466,0.0064087,4.9329
0.0054932,0.010681,4.9255
0.0068665,0.012512,4.928
0.0083923,0.010681,4.9243
0.011292,0.0093079,4.9268
0.014648,0.0057983,4.9194
0.018463,0.0019836,4.9207
0.020599,-0.00091553,4.9292
0.018768,-0.0015259,4.917
0.015869,-0.0016785,4.9194
0.011444,-0.0015259,4.9158
0.010223,0,4.9036
0.012054,0.0016785,4.9109
0.015411,0.0016785,4.9121
0.019836,0,4.9146
0.02182,-0.0013733,4.9109
0.024261,-0.0019836,4.906
0.025482,-0.0036621,4.9121
0.026855,-0.004425,4.9072
0.029907,-0.0064087,4.9048
0.032196,-0.0064087,4.9072
0.033722,-0.0050354,4.9133
0.032806,-0.0036621,4.9097
0.029297,-0.00091553,4.9158
0.023193,0.0022888,4.9182
0.017853,0.0028992,4.9158
0.014496,0.0033569,4.9121
0.014191,0.0030518,0.050049
0.015106,0.0035095,0.043945
0.015564,-0.00030518,0.05249
0.015564,-0.0028992,0.039063
0.015564,-0.0047302,0.054932
0.016327,-0.0068665,0.057373
0.015106,-0.0082397,0.056152
0.015411,-0.0079346,0.062256
0.014954,-0.0074768,0.061035
0.015411,-0.0059509,0.062256
0.013428,-0.0073242,0.058594
0.0083923,-0.0054932,0.063477
0.0057983,-0.0016785,0.058594
0.0027466,0.002594,0.062256
0.0012207,0.0076294,0.061035
0.0033569,0.011902,0.065918
0.0061035,0.013123,0.072021
0.011444,0.011749,0.067139
0.01236,0.010529,0.076904
0.013733,0.0073242,0.064697
0.012207,0.0067139,0.053711
0.011444,0.0057983,0.059814
0.012665,0.0053406,0.057373
0.010223,0.0036621,0.054932
0.01236,0.00030518,0.054932
0.0094604,-0.0016785,0.05127
0.0053406,-0.0061035,0.050049
0.0010681,-0.0064087,0.046387
-0.0012207,-0.0067139,0.050049
-0.00076294,-0.0061035,0.043945
0.0021362,-0.0073242,0.042725
0.0050354,-0.0099182,0.047607
0.007019,-0.013428,0.047607
0.0068665,-0.017242,0.043945
0.0065613,-0.019989,0.040283
0.0045776,-0.023193,0.037842
0.0041199,-0.023956,0.039063
0.0048828,-0.024109,0.0354
0.0074768,-0.023956,0.037842
0.0097656,-0.020294,0.042725
0.011292,-0.020447,0.036621
0.011902,-0.015259,0.040283
0.01297,-0.012207,0.037842
0.013733,-0.0088501,0.040283
0.016632,-0.0057983,0.037842
0.02121,-0.005188,0.041504
0.024567,-0.0047302,0.041504
0.026855,-0.010986,0.046387
0.027466,-0.017853,0.047607
0.028839,-0.024719,0.05249
0.028229,-0.030975,0.050049
0.029144,-0.032043,0.057373
0.03067,-0.034332,0.067139
0.029144,-0.036469,0.058594
0.030975,-0.037384,0.064697
0.028381,-0.037384,0.062256
0.025024,-0.032959,0.047607
0.02182,-0.02655,0.061035
0.019226,-0.021667,0.061035
0.018768,-0.018158,0.058594
0.017395,-0.016479,0.063477
0.016937,-0.013885,0.057373
0.017242,-0.010681,0.063477
0.016022,-0.0047302,0.064697
0.014648,0.0010681,0.067139
0.012512,0.0041199,0.062256
0.011444,0.0064087,0.067139
0.011139,0.007019,0.065918
0.010529,0.0048828,0.064697
0.010834,0.0053406,0.06958
0.005188,0.004425,0.058594
0.0088501,0.0035095,0.057373
0.0094604,0.0022888,0.056152
0.010834,-0.00076294,0.056152
0.014496,-0.0036621,0.05127
0.017548,-0.0079346,0.045166
0.019531,-0.010529,0.043945
0.021057,-0.011749,0.047607
0.020905,-0.011139,4.2908
0.020905,-0.010681,4.8718
0.019684,-0.012512,4.9084
0.020599,-0.011139,4.9097
0.021667,-0.0074768,4.906
0.020752,-0.0057983,4.9109
0.021057,0.00076294,4.9097
0.020599,0.0073242,4.9146
0.018768,0.013885,4.9109
0.019836,0.018158,4.9109
0.02121,0.019684,4.9207
0.025482,0.020447,4.9109
0.026855,0.019226,4.9207
0.028992,0.018768,4.9109
0.028839,0.016785,4.9011
0.027008,0.015259,4.9158
0.02533,0.013733,4.9146
0.023651,0.011902,4.9146
0.023804,0.011902,4.9194
0.026855,0.012512,4.9207
0.024567,0.014801,4.9207
0.023804,0.013275,4.9268
0.02121,0.018005,4.9316
0.016937,0.019379,4.9243
0.013885,0.019531,4.9341
0.01297,0.019989,4.9329
0.015717,0.019226,4.9353
0.019531,0.021362,4.9329
0.019226,0.02182,4.9316
0.019226,0.023041,4.9304
0.017853,0.024109,4.9329
0.017395,0.025482,4.9402
0.016937,0.025635,4.9329
0.018921,0.024567,4.9316
0.018311,0.023651,4.9341
0.018768,0.021515,4.9353
0.014648,0.019379,4.9353
0.012665,0.016785,4.9353
0.013275,0.013885,4.9292
0.011444,0.011139,4.9353
0.012665,0.0080872,4.928
0.012512,0.0067139,4.928
0.012054,0.0064087,4.9219
0.015106,0.0059509,4.9255
0.014496,0.011292,4.9207
0.015259,0.007019,4.9231
0.016937,0.0062561,4.9304
0.018005,0.0059509,4.9207
0.02121,0.0047302,4.917
0.024872,0.0050354,4.9146
0.028076,0.0048828,4.895
0.030212,0.0059509,4.9109
0.031281,0.0079346,4.9109
0.031433,0.010986,4.9133
0.031891,0.015411,4.9109
0.034485,0.019531,4.9072
0.036774,0.023499,4.9133
0.039215,0.025482,4.9133
0.040741,0.026855,4.906
0.040894,0.02594,4.9084
0.039825,0.024261,4.9158
0.036621,0.024109,4.9109
0.03418,0.023193,4.9158
0.031738,0.023193,4.9097
0.02655,0.021515,4.9182
0.026093,0.021667,4.917
0.022125,0.021057,4.9182
0.020294,0.02182,4.928
0.016632,0.023956,4.9255
0.016174,0.025024,4.9158
0.016174,0.023956,4.9255
0.017548,0.02182,4.9268
0.019379,0.01709,0.058594
0.019531,0.010681,0.059814
0.022583,0.0053406,0.061035
0.022583,-0.00061035,0.062256
0.02182,-0.0033569,0.057373
0.019531,-0.004425,0.064697
0.01709,-0.0035095,0.058594
0.013885,-0.0039673,0.063477
0.01297,-0.0027466,0.061035
0.011749,-0.0024414,0.061035
0.011902,-0.0013733,0.063477
0.012054,-0.00030518,0.065918
0.015564,0.0019836,0.068359
0.018158,0.0033569,0.064697
0.020599,0.0024414,0.056152
0.022736,-0.0016785,0.063477
0.023956,-0.0057983,0.053711
0.024261,-0.0083923,0.054932
0.023651,-0.0082397,0.054932
0.022888,-0.005188,0.048828
0.022125,-0.0018311,0.05127
0.019989,0.0013733,0.050049
0.018158,0.0013733,0.053711
0.016632,0.0012207,0.045166
0.017242,-0.00015259,0.041504
0.018768,0.00015259,0.047607
0.021057,0.0016785,0.046387
0.024567,0.0028992,0.040283
0.024567,0.0027466,0.040283
0.023956,-0.00015259,0.050049
0.021057,-0.005188,0.039063
0.017853,-0.0083923,0.046387
0.015717,-0.010376,0.039063
0.01236,-0.0085449,0.039063
0.0097656,-0.0022888,0.037842
0.0074768,-0.00030518,0.036621
0.0048828,0.0015259,0.037842
0.0041199,0.0015259,0.041504
0.0047302,0.00061035,0.039063
0.009613,-0.0016785,0.041504
0.0093079,-0.0038147,0.040283
0.011292,-0.0024414,0.047607
0.014038,-0.0033569,0.046387
0.015106,-0.0054932,0.05249
0.015564,-0.0079346,0.05127
0.016632,-0.0093079,0.056152
0.016937,-0.0091553,0.070801
0.017242,-0.0082397,0.065918
0.01709,-0.0061035,0.057373
0.017242,-0.004425,0.062256
0.018311,-0.0057983,0.056152
0.019836,-0.0027466,0.059814
0.021667,-0.0027466,0.061035
0.023651,-0.0047302,0.059814
0.027161,-0.0056458,0.059814
0.027466,-0.0079346,0.058594
0.028839,-0.0083923,0.064697
0.029755,-0.0076294,0.061035
0.027161,-0.0045776,0.064697
0.024719,-0.0033569,0.063477
0.02121,-0.00045776,0.06958
0.018311,0.0016785,0.065918
0.015106,0.002594,0.065918
0.01297,0.0032043,0.06958
0.010376,0.0033569,0.059814
0.01297,0.0036621,0.064697
0.014191,0.002594,0.057373
0.014648,0.0016785,0.064697
0.016022,0.00045776,0.048828
0.016327,-0.0012207,0.043945
0.018768,-0.002594,0.045166
0.019226,-0.0013733,0.045166
0.019379,-0.0022888,0.042725
0.019531,0.0021362,0.046387
0.017548,0.0019836,0.040283
0.016327,-0.00030518,0.041504
0.015411,-0.0035095,0.0354
0.016327,-0.0083923,0.042725
0.018921,-0.0093079,4.4995
0.019836,-0.0093079,4.8816
0.020905,-0.010223,4.906
0.020142,-0.010834,4.9097
0.018921,-0.010529,4.9109
0.018005,-0.010529,4.9097
0.016327,-0.0099182,4.9072
0.016785,-0.0071716,4.9084
0.016937,-0.0086975,4.9048
0.019379,-0.0062561,4.9146
0.019379,-0.0079346,4.8999
0.021973,-0.010071,4.9146
0.02533,-0.013123,4.9182
0.027618,-0.011444,4.9182
0.02594,-0.018005,4.9182
0.031433,-0.018311,4.9158
0.030365,-0.022888,4.9268
0.029297,-0.015869,4.9292
0.02655,-0.013733,4.9329
0.024109,-0.011902,4.928
0.021973,-0.0097656,4.9377
0.020447,-0.0074768,4.9304
0.021057,-0.0054932,4.9329
0.022736,-0.0053406,4.9377
0.023956,-0.0038147,4.9329
0.027008,-0.0036621,4.9365
0.028839,-0.0024414,4.9353
0.028229,-0.0016785,4.9158
0.027618,0.00076294,4.9329
0.025177,-0.0013733,4.9341
0.023193,-0.0012207,4.9353
0.020447,0,4.9341
0.018311,0.00015259,4.9304
0.016174,0.0018311,4.9341
0.015259,0.0035095,4.928
0.014801,0.0032043,4.9292
0.014954,0.002594,4.9207
0.015106,0.00076294,4.9231
0.014801,0.00076294,4.9219
0.015411,0.0024414,4.9219
0.016327,0.0050354,4.9255
0.014801,0.0067139,4.9182
0.016174,0.0065613,4.9194
0.014496,0.0039673,4.9182
0.01358,0.0032043,4.9133
0.012054,0.002594,4.9097
0.012207,0.0032043,4.9243
0.012665,0.0038147,4.9158
0.014191,0.0032043,4.9097
0.016174,0.00045776,4.9072
0.018158,-0.0039673,4.9084
0.018921,-0.007782,4.9084
0.021362,-0.009613,4.9084
0.019531,-0.0090027,4.9048
0.02121,-0.0080872,4.9121
0.02182,-0.0085449,4.9072
0.021515,-0.0088501,4.9133
0.020447,-0.0086975,4.9109
0.019226,-0.0045776,4.9158
0.019531,-0.0048828,4.9255
0.018921,0,4.9182
0.018311,-0.0010681,4.9304
0.018158,-0.0018311,4.9194
0.019531,-0.002594,4.9133
0.021362,-0.0028992,4.9255
0.024109,-0.00061035,4.928
0.02655,0.0027466,4.9255
0.026855,0.0073242,4.9292
0.025787,0.0091553,4.9316
0.027466,0.009613,4.9316
0.029602,0.010071,4.9316
0.031738,0.010071,4.9329
0.034332,0.010986,0.057373
0.036011,0.01297,0.059814
0.036163,0.01236,0.067139
0.035706,0.0099182,0.067139
0.034943,0.0038147,0.067139
0.034027,-0.00015259,0.06958
0.034027,-0.0032043,0.065918
0.031891,-0.0042725,0.064697
0.029755,-0.005188,0.074463
0.027161,-0.0045776,0.064697
0.023499,-0.0050354,0.045166
0.02121,-0.0074768,0.058594
0.019531,-0.0099182,0.05249
0.017548,-0.0099182,0.05127
0.020142,-0.0074768,0.05127
0.018005,-0.0045776,0.045166
0.017853,-0.002594,0.05127
0.015564,-0.0010681,0.045166
0.015106,-0.0010681,0.05127
0.016479,-0.0030518,0.047607
0.018158,-0.0035095,0.047607
0.020599,-0.0050354,0.041504
0.021362,-0.0064087,0.045166
0.022125,-0.0079346,0.05249
0.023956,-0.0083923,0.037842
0.024261,-0.0097656,0.046387
0.025177,-0.0079346,0.042725
0.026398,-0.0065613,0.023193
0.028534,-0.0057983,0.03418
0.03006,-0.0054932,0.037842
0.031128,-0.0079346,0.039063
0.032806,-0.0094604,0.039063
0.035095,-0.011749,0.041504
0.036469,-0.013275,0.041504
0.037384,-0.013885,0.043945
0.037537,-0.012817,0.050049
0.037231,-0.010681,0.043945
0.034943,-0.0094604,0.05127
0.031586,-0.0064087,0.050049
0.028839,-0.0047302,0.054932
0.025177,-0.0019836,0.058594
0.023651,0.00061035,0.057373
0.023651,0.0030518,0.056152
0.023041,0.0054932,0.062256
0.023499,0.0062561,0.067139
0.02121,0.0054932,0.058594
0.018921,0.0028992,0.059814
0.014648,0.0019836,0.061035
0.0082397,0.005188,0.062256
0.0015259,0.010986,0.059814
-0.0033569,0.02182,0.061035
-0.0061035,0.033264,0.062256
-0.0048828,0.041962,0.065918
-0.0010681,0.045624,0.062256
0.0057983,0.043182,0.068359
0.011902,0.036163,0.062256
0.017242,0.025024,0.064697
0.02243,0.015717,0.063477
0.027313,0.0082397,0.063477
0.034332,0.0021362,0.065918
0.037537,-0.0038147,0.059814
0.039215,-0.0076294,0.053711
0.036774,-0.007782,0.05127
0.030365,-0.0041199,0.037842
0.021667,0.00061035,0.048828
0.011749,0.0048828,0.039063
0.0035095,0.0035095,0.042725
-0.0022888,-0.004425,0.046387
-0.0033569,-0.016022,0.042725
-0.0086975,-0.028534,0.042725
-0.012512,-0.037994,0.040283
-0.015259,-0.044708,0.041504
-0.018005,-0.04715,0.0354
-0.018768,-0.045929,0.041504
-0.0177,-0.040436,0.041504
-0.015717,-0.028992,0.039063
-0.012054,-0.013733,0.036621
-0.0099182,0.0012207,0.041504
-0.0041199,0.012054,4.5825
0.00076294,0.016785,4.8853
0.0083923,0.013885,4.9133
0.016632,0.0074768,4.9109
0.027008,-0.00061035,4.8999
0.032043,-0.0057983,4.9121
0.037994,-0.009613,4.9109
0.040131,-0.0027466,4.9194
0.03891,0.0010681,4.9194
0.037231,0.0042725,4.917
0.03418,0.0068665,4.928
0.031433,0.0079346,4.9292
0.028687,0.0099182,4.9304
0.026398,0.016327,4.9268
0.024872,0.02243,4.9316
0.021973,0.024719,4.9292
0.02243,0.024567,4.9341
0.021515,0.020294,4.9426
0.019379,0.015411,4.9316
0.015259,0.011444,4.928
0.009613,0.0076294,4.9329
0.0039673,0.0059509,4.9329
-0.0021362,0.0036621,4.9329
-0.0050354,-0.0010681,4.9329
-0.0065613,-0.0073242,4.9341
-0.0053406,-0.014343,4.9316
-0.0065613,-0.019531,4.9292
-0.0050354,-0.025024,4.9304
-0.0050354,-0.029907,4.928
-0.0028992,-0.034027,4.928
-0.00030518,-0.036926,4.9158
0.0050354,-0.035706,4.9255
0.0097656,-0.031128,4.9194
0.013885,-0.025177,4.9219
0.016937,-0.019989,4.9194
0.020294,-0.016022,4.9207
0.023956,-0.012665,4.9243
0.030212,-0.010071,4.9207
0.037231,-0.0074768,4.9268
0.046234,-0.0041199,4.9121
0.053253,-0.0039673,4.9084
0.058594,-0.0073242,4.9158
0.05722,-0.011444,4.9097
0.052032,-0.015717,4.9072
0.044861,-0.019073,4.9109
0.0383,-0.019073,4.9097
0.032654,-0.016479,4.9097
0.028687,-0.011749,4.9084
0.02533,-0.0079346,4.9097
0.024719,-0.0042725,4.9084
0.025482,-0.0022888,4.9133
0.026093,-0.00091553,4.906
0.026855,0.0012207,4.9146
0.029602,0.0035095,4.9182
0.029755,0.0056458,4.9158
0.027924,0.0065613,4.9182
0.022888,0.0073242,4.9207
0.018158,0.010376,4.9231
0.011597,0.014496,4.9255
0.0082397,0.018768,4.9377
0.0057983,0.023956,4.928
0.0074768,0.026398,4.9304
0.0083923,0.026855,4.9304
0.011902,0.024261,4.9304
0.015869,0.022125,4.9304
0.017395,0.018921,4.9353
0.018463,0.015869,4.9207
0.017242,0.011139,4.9353
0.015717,0.007782,4.9353
0.015411,0.00091553,4.9365
0.016022,0.00030518,4.9304
0.0177,-0.00045776,4.9377
0.023346,-0.00015259,4.9451
0.027618,0,0.063477
0.030212,-0.0012207,0.072021
0.031738,-0.0035095,0.063477
0.030518,-0.0045776,0.046387
0.02655,-0.0071716,0.057373
0.020294,-0.0099182,0.059814
0.016479,-0.010223,0.05249
0.012207,-0.0086975,0.05249
0.0086975,-0.0064087,0.047607
0.007019,-0.0036621,0.050049
0.0073242,-0.0012207,0.043945
0.0083923,0.00030518,0.042725
0.012207,0.0022888,0.045166
0.017548,0.005188,0.047607
0.023346,0.0079346,0.042725
0.027008,0.009613,0.042725
0.028076,0.010834,0.047607
0.024719,0.010681,0.039063
0.023346,0.0091553,0.037842
0.020142,0.0071716,0.040283
0.017853,0.0091553,0.025635
0.016632,0.012512,0.036621
0.016785,0.019836,0.036621
0.018921,0.029297,0.041504
0.022125,0.036774,0.039063
0.02533,0.041199,0.039063
0.026245,0.040131,0.040283
0.030823,0.036774,0.039063
0.031586,0.031891,0.042725
0.03067,0.025482,0.042725
0.027313,0.019226,0.05249
0.025024,0.011444,0.050049
0.016937,0.0024414,0.05249
0.011139,-0.0050354,0.05249
0.0050354,-0.011749,0.057373
0.0021362,-0.013733,0.064697
0.0013733,-0.013733,0.062256
0.0010681,-0.011902,0.073242
0.0030518,-0.011139,0.062256
0.0039673,-0.014954,0.048828
0.0036621,-0.020142,0.061035
0.0041199,-0.027161,0.058594
0.0059509,-0.030975,0.064697
0.0091553,-0.030975,0.064697
0.012054,-0.03006,0.063477
0.014648,-0.027924,0.064697
0.015411,-0.027161,0.064697
0.015259,-0.026855,0.067139
0.015564,-0.025177,0.062256
0.01709,-0.020752,0.067139
0.018921,-0.013885,0.063477
0.02182,-0.0067139,0.062256
0.027161,-0.00091553,0.065918
0.033264,0.0015259,0.05127
0.03952,-0.00030518,0.053711
0.046997,-0.00061035,0.050049
0.052185,-0.0021362,0.05127
0.056,0.00015259,0.05127
0.057831,0.0038147,0.047607
0.057831,0.0088501,0.045166
0.057526,0.013123,0.046387
0.055084,0.0177,0.043945
0.05188,0.016785,0.041504
0.045929,0.016174,0.039063
0.041504,0.014191,0.040283
0.036163,0.014191,0.0354
0.032349,0.015106,0.041504
0.028839,0.016022,0.039063
0.024872,0.016632,0.042725
0.019531,0.0177,0.037842
0.014648,0.018158,0.043945
0.011292,0.018768,0.05249
0.010376,0.018158,0.037842
0.012207,0.018463,0.05127
0.015717,0.018158,0.041504
0.019531,0.018005,0.024414
0.023346,0.014801,0.040283
0.024261,0.010681,4.2822
0.023346,0.0065613,4.8767
0.023041,-0.00076294,4.9133
0.021515,-0.0065613,4.917
0.019073,-0.010834,4.9219
0.016785,-0.01297,4.9255
0.012665,-0.016022,4.9292
0.0090027,-0.01297,4.928
0.0059509,-0.013733,4.9341
0.0053406,-0.014954,4.928
0.0065613,-0.016022,4.9316
0.010376,-0.016327,4.9341
0.015717,-0.01297,4.9329
0.020752,-0.011292,4.9292
0.02594,-0.0061035,4.9353
0.029144,-0.0059509,4.9463
0.029755,-0.0059509,4.9329
0.029755,-0.0050354,4.9219
0.028534,-0.0045776,4.9341
0.027161,-0.004425,4.9377
0.028839,-0.0015259,4.9316
0.029297,0.0012207,4.9329
0.028534,0.0016785,4.9304
0.027008,0.0012207,4.928
0.026398,-0.00061035,4.9084
0.027924,-0.0048828,4.9255
0.030212,-0.007019,4.9231
0.030212,-0.005188,4.9219
0.027771,-0.0015259,4.9182
0.024567,0.0059509,4.9231
0.021515,0.011597,4.917
0.016327,0.011139,4.9182
0.014496,0.010834,4.9158
0.011749,0.010071,4.9146
0.011749,0.010223,4.9023
0.014343,0.01297,4.9146
0.017548,0.014954,4.9109
0.018768,0.015106,4.9109
0.018616,0.0082397,4.9097
0.020752,0.0016785,4.9097
0.023956,-0.0032043,4.9109
0.027618,-0.0076294,4.9048
0.029449,-0.0093079,4.9109
0.029755,-0.010834,4.9084
0.029755,-0.010376,4.9109
0.029297,-0.010529,4.9133
0.029907,-0.010986,4.9158
0.028687,-0.0097656,4.9121
0.027466,-0.0080872,4.917
0.028381,-0.0035095,4.9182
0.027466,-0.00030518,4.9207
0.025787,0.0032043,4.9304
0.024719,0.0033569,4.928
0.023651,0.0062561,4.9121
0.025024,0.0050354,4.9243
0.027008,0.0065613,4.9268
0.029602,0.0082397,4.9304
0.031586,0.0086975,4.9304
0.032501,0.0057983,4.928
0.032654,0.0021362,4.9341
0.031891,-0.00030518,4.9304
0.030823,-0.004425,4.9353
0.030212,-0.0041199,4.9182
0.029144,-0.0030518,4.9377
0.026703,-0.0010681,4.9341
0.023651,-0.00015259,4.9353
0.018921,0.002594,4.9475
0.015717,0.0071716,4.9414
0.01297,0.014038,4.9353
0.013123,0.016022,4.9329
0.016022,0.015411,4.917
0.018616,0.013733,4.928
0.020294,0.010834,4.9207
0.021057,0.0073242,0.050049
0.019989,0.0090027,0.05249
0.020599,0.009613,0.042725
0.018311,0.0099182,0.05127
0.017853,0.0071716,0.045166
0.015717,0.0042725,0.050049
0.012817,-0.00076294,0.041504
0.010834,-0.0059509,0.047607
0.0085449,-0.0086975,0.043945
0.0083923,-0.013275,0.041504
0.010376,-0.014343,0.042725
0.016174,-0.014496,0.042725
0.022736,-0.015717,0.045166
0.029297,-0.016327,0.039063
0.03479,-0.016479,0.046387
0.037689,-0.012665,0.037842
0.039673,-0.0090027,0.029297
0.039215,-0.0059509,0.040283
0.039215,-0.004425,0.039063
0.039368,-0.0041199,0.036621
0.039368,-0.0042725,0.040283
0.038452,-0.0033569,0.037842
0.037842,-0.0027466,0.045166
0.037231,-0.0019836,0.046387
0.035858,-0.002594,0.050049
0.036469,-0.0033569,0.047607
0.036316,-0.0056458,0.056152
0.0354,-0.0059509,0.058594
0.033112,-0.005188,0.058594
0.029297,-0.0045776,0.070801
0.028076,-0.0047302,0.062256
0.020599,-0.0035095,0.065918
0.017242,-0.0022888,0.059814
0.0177,0.00015259,0.057373
0.020142,0.0036621,0.062256
0.023041,0.0082397,0.058594
0.024414,0.013733,0.062256
0.026093,0.017853,0.062256
0.027466,0.0177,0.062256
0.029144,0.015564,0.067139
0.031586,0.014343,0.063477
0.033417,0.0091553,0.067139
0.032806,0.0067139,0.064697
0.03006,0.0036621,0.067139
0.025787,0.00076294,0.063477
0.023041,-0.0045776,0.061035
0.020294,-0.0047302,0.057373
0.021057,-0.0088501,0.056152
0.02182,-0.007782,0.062256
0.022278,-0.0057983,0.05249
0.021667,-0.0041199,0.061035
0.019836,-0.0039673,0.050049
0.015411,-0.0086975,0.039063
0.011902,-0.010376,0.032959
0.010223,-0.011597,0.041504
0.010071,-0.011139,0.045166
0.011749,-0.0091553,0.042725
0.01297,-0.0067139,0.039063
0.012665,-0.0047302,0.042725
0.011749,-0.00030518,0.036621
0.011139,0.00015259,0.040283
0.012665,0.0018311,0.039063
0.014496,0.0022888,0.042725
0.015259,0.0018311,0.041504
0.018616,0.0010681,0.041504
0.0099182,0.0012207,0.05249
0.007019,0.00076294,0.041504
0.0054932,-0.0039673,0.041504
0.0079346,-0.0067139,0.042725
0.007782,-0.010071,0.031738
0.011139,-0.007782,0.042725
0.014343,-0.0057983,0.041504
0.018463,-0.0030518,0.048828
0.02121,-0.0012207,0.05127
0.023804,-0.00076294,0.05127
0.028229,-0.0035095,0.056152
0.027313,-0.0019836,0.056152
0.027618,-0.0028992,1.803
0.027771,-0.0061035,4.7424
0.026093,-0.0057983,4.9121
0.023499,-0.0076294,4.928
0.020599,-0.0080872,4.9329
0.017242,-0.0076294,4.928
0.016327,-0.007019,4.9292
0.015259,-0.0086975,4.9292
0.014954,-0.007019,4.9365
0.016632,-0.0086975,4.9438
0.018463,-0.007019,4.9329
0.019684,-0.0027466,4.9231
0.021667,-0.0019836,4.9158
0.023499,0.0021362,4.9353
0.02655,0.0047302,4.9329
0.028839,0.0027466,4.9341
0.034027,0.0065613,4.928
0.033417,0.0071716,4.928
0.034027,0.0062561,4.9316
0.033722,0.011597,4.9268
0.032349,0.0097656,4.9207
0.032196,0.0036621,4.9207
0.031891,-0.0033569,4.9194
0.031281,-0.010223,4.9219
0.030975,-0.018463,4.917
0.027618,-0.021057,4.9182
0.023651,-0.019684,4.9133
0.018158,-0.023193,4.9109
0.011749,-0.019531,4.9084
0.0076294,-0.015564,4.9109
0.0048828,-0.015717,4.906
0.0059509,-0.010529,4.9084
0.007782,-0.0099182,4.906
0.0099182,-0.0085449,4.9097
0.014038,-0.007019,4.9109
0.019531,-0.0071716,4.9072
0.02594,-0.0057983,4.9109
0.030823,-0.0082397,4.9109
0.033264,-0.0074768,4.9133
0.032806,-0.007019,4.9048
0.027771,-0.0097656,4.9207
0.023346,-0.0086975,4.9133
0.016327,-0.012817,4.9194
0.012665,-0.014343,4.928
0.01297,-0.011749,4.9194
0.014496,-0.010071,4.9316
0.016937,-0.0012207,4.9268
0.019226,0.0057983,4.9109
0.02121,0.010529,4.928
0.021515,0.017242,4.9304
0.021057,0.018616,4.9377
0.021515,0.019989,4.9316
0.020142,0.019684,4.928
0.018158,0.019073,4.9341
0.018616,0.016785,4.9304
0.017548,0.01297,4.9341
0.016785,0.009613,4.9255
0.016785,0.004425,4.9365
0.016937,0.0018311,4.9353
0.018005,-0.00015259,4.9365
0.019073,-0.0048828,4.9475
0.018921,-0.0047302,4.9353
0.018158,-0.007782,4.9341
0.014801,-0.010223,4.9329
0.0099182,-0.011749,4.9353
0.0047302,-0.01297,4.928
0.00030518,-0.010834,4.9219
-0.0013733,-0.01236,4.9292
0,-0.010834,4.9207
0.00076294,-0.01236,4.9182
0.00015259,-0.013123,4.9207
0.0033569,-0.010071,4.9133
0.0050354,-0.0059509,4.9146
0.0080872,0.0015259,0.040283
0.013733,0.0079346,0.046387
0.019379,0.010376,0.045166
0.025177,0.01297,0.041504
0.030823,0.014038,0.036621
0.034485,0.014648,0.043945
0.038452,0.016937,0.050049
0.042267,0.018311,0.042725
0.046082,0.019379,0.05249
0.049896,0.0177,0.03418
0.051117,0.015564,0.031738
0.050964,0.01709,0.040283
0.046844,0.012054,0.037842
0.03952,0.011902,0.040283
0.030518,0.011597,0.039063
0.023499,0.01236,0.040283
0.018616,0.012665,0.046387
0.014954,0.014648,0.047607
0.0097656,0.017853,0.053711
0.0035095,0.018768,0.048828
0.0015259,0.018158,0.05249
0.0016785,0.016174,0.059814
0.002594,0.010529,0.061035
0.0053406,0.005188,0.065918
0.0047302,0,0.062256
0.010529,-0.0045776,0.061035
0.010986,-0.0076294,0.059814
0.0099182,-0.0083923,0.06958
0.0076294,-0.011597,0.061035
0.0050354,-0.013885,0.057373
0.0039673,-0.014038,0.058594
0.0057983,-0.013885,0.061035
0.0080872,-0.010681,0.059814
0.012054,-0.0073242,0.064697
0.014343,-0.0059509,0.064697
0.017395,-0.0042725,0.067139
0.020599,-0.0057983,0.062256
0.025177,-0.0057983,0.064697
0.031891,-0.0062561,0.063477
0.036926,-0.0065613,0.059814
0.042725,-0.0062561,0.054932
0.044556,-0.0065613,0.054932
0.043793,-0.0064087,0.067139
0.041046,-0.0076294,0.05249
0.037994,-0.0086975,0.05249
0.035858,-0.0082397,0.048828
0.034943,-0.0041199,0.030518
0.033722,-0.010834,0.046387
0.032654,-0.013885,0.046387
0.03067,-0.016174,0.042725
0.030518,-0.0177,0.045166
0.03067,-0.01709,0.037842
0.032501,-0.012512,0.042725
0.036621,-0.0073242,0.037842
0.0383,-0.0021362,0.040283
0.040436,-0.00091553,0.037842
0.038452,0,0.042725
0.033264,-0.00061035,0.040283
0.028076,0.0015259,0.042725
0.025177,0.0061035,0.039063
0.024414,0.01236,0.041504
0.022583,0.016327,0.039063
0.026703,0.017395,0.042725
0.02655,0.016785,0.039063
0.024567,0.014801,0.041504
0.023499,0.01358,0.041504
0.023346,0.012665,0.05127
0.025635,0.011902,0.05249
0.028076,0.0062561,0.05249
0.029602,0.007019,0.056152
0.028839,0.0061035,0.059814
0.023956,0.0054932,0.059814
0.025024,0.007782,0.059814
0.024414,0.009613,0.057373
0.024261,0.010376,0.059814
0.025635,0.0091553,0.064697
0.025787,0.0045776,0.059814
0.024261,0.00091553,0.062256
0.020752,-0.0018311,4.3091
0.018921,-0.0022888,4.8926
0.015869,-0.00061035,4.9304
0.013885,-0.00061035,4.9341
0.01297,-0.0018311,4.9255
0.009613,-0.0047302,4.9341
0.014343,-0.0065613,4.9207
0.013733,-0.0053406,4.9304
0.01297,-0.0048828,4.9329
0.011292,-0.002594,4.9292
0.010834,-0.00091553,4.9292
0.010986,0.00045776,4.9231
0.014496,0.0013733,4.9268
0.015411,0.00045776,4.9207
0.019989,0.0013733,4.9207
0.021362,0.0035095,4.9182
0.021362,0.0074768,4.9231
0.021667,0.010834,4.9158
0.024261,0.013123,4.9194
0.029449,0.014648,4.9158
0.03418,0.014801,4.9121
0.037842,0.014191,4.9207
0.039978,0.014191,4.9133
0.038452,0.013885,4.9109
0.038452,0.013275,4.9097
0.037079,0.012665,4.9133
0.036011,0.011749,4.9084
0.035248,0.0074768,4.9109
0.032959,0.0056458,4.9036
0.030823,0.00091553,4.9109
0.027161,-0.002594,4.906
0.023956,-0.0047302,4.9109
0.019531,-0.0062561,4.8901
0.01709,-0.0073242,4.9146
0.016174,-0.0097656,4.9158
0.014648,-0.0080872,4.9182
0.014801,-0.011444,4.9316
0.013275,-0.013885,4.9243
0.012207,-0.014954,4.9231
0.011597,-0.014648,4.928
0.012512,-0.012817,4.9182
0.014343,-0.012512,4.9292
0.016022,-0.013428,4.9255
0.017853,-0.015717,4.9329
0.018921,-0.018311,4.9304
0.020142,-0.0177,4.9292
0.021973,-0.016174,4.9329
0.02533,-0.011749,4.9292
0.029602,-0.0064087,4.928
0.03418,-0.0041199,4.9329
0.03891,-0.0013733,4.9377
0.041351,-0.00030518,4.9316
0.042877,0.00015259,4.9365
0.044861,0.00091553,4.9365
0.044556,0.0042725,4.9365
0.045624,0.007782,4.939
0.045929,0.010986,4.9341
0.04364,0.01236,4.9414
0.042419,0.012207,4.928
0.041351,0.011597,4.9243
0.038147,0.012817,4.9243
0.036011,0.012512,4.9194
0.033722,0.01358,4.9182
0.030975,0.014343,4.9231
0.028534,0.014801,4.9194
0.023346,0.012512,4.9158
0.022583,0.010223,4.9133
0.019684,0.0065613,4.9146
0.017548,0.0047302,4.9109
0.016632,0.0053406,4.9146
0.015869,0.005188,4.9207
0.015259,0.0047302,4.9146
0.014038,0.0027466,0.043945
0.013275,-0.0010681,0.040283
0.012054,-0.004425,0.041504
0.010986,-0.0065613,0.041504
0.0097656,-0.0059509,0.031738
0.0090027,-0.0050354,0.039063
0.0093079,-0.0038147,0.039063
0.0080872,-0.0065613,0.039063
0.0067139,-0.0091553,0.036621
0.004425,-0.011902,0.040283
0.004425,-0.012207,0.042725
0.0047302,-0.0094604,0.045166
0.007019,-0.0064087,0.054932
0.0099182,-0.0038147,0.050049
0.013733,-0.0042725,0.05249
0.017242,-0.0053406,0.058594
0.020447,-0.007019,0.061035
0.023041,-0.0068665,0.057373
0.02655,-0.0038147,0.063477
0.027466,0.0013733,0.050049
0.029144,0.0033569,0.062256
0.031281,0.0082397,0.073242
0.032501,0.0071716,0.059814
0.033417,0.0045776,0.047607
0.033875,0.0012207,0.062256
0.031281,-0.0021362,0.058594
0.032501,-0.0018311,0.063477
0.030975,-0.0038147,0.063477
0.029297,-0.0041199,0.063477
0.027924,-0.0030518,0.068359
0.026245,-0.0030518,0.058594
0.023956,-0.0033569,0.063477
0.02121,-0.0032043,0.059814
0.018616,-0.0013733,0.061035
0.015411,0.0033569,0.054932
0.014648,0.010071,0.056152
0.015259,0.014191,0.064697
0.01709,0.016479,0.048828
0.018158,0.014648,0.048828
0.019836,0.0099182,0.047607
0.019226,0.0050354,0.030518
0.02243,0.0012207,0.040283
0.023651,-0.00091553,0.045166
0.025635,0.00015259,0.043945
0.027771,0.00061035,0.041504
0.026245,0.00030518,0.037842
0.025482,-0.00061035,0.042725
0.023956,-0.0022888,0.037842
0.023651,-0.00091553,0.040283
0.023499,-0.00015259,0.039063
0.024109,0.0019836,0.041504
0.024261,0.0047302,0.0354
0.024261,0.0050354,0.040283
0.024719,0.0047302,0.040283
0.025635,0.002594,0.041504
0.028534,0.0012207,0.047607
0.027618,0.00076294,0.043945
0.028992,0.0018311,0.056152
0.027008,0.0039673,0.042725
0.023346,0.0038147,0.0354
0.019073,0.0024414,0.048828
0.015411,0.00045776,0.05127
0.014801,-0.0027466,0.050049
0.01709,-0.0032043,0.056152
0.019531,-0.0010681,0.054932
0.023193,0.0021362,0.059814
0.023651,0.0056458,0.057373
0.024719,0.0079346,0.062256
0.02594,0.009613,0.058594
0.026703,0.0091553,0.063477
0.028076,0.0082397,0.067139
0.026855,0.0080872,0.063477
0.024719,0.0059509,0.067139
0.023193,0.0080872,0.065918
0.021362,0.0094604,0.063477
0.020752,0.010223,0.064697
0.021362,0.0097656,0.072021
0.022583,0.0093079,0.067139
0.023651,0.0090027,3.3862
0.025635,0.0093079,4.8376
0.027618,0.0083923,4.9231
0.028076,0.0062561,4.9268
0.028687,0.0035095,4.9255
0.028381,-0.0024414,4.9207
0.027008,-0.0054932,4.9219
0.02594,-0.0073242,4.9194
0.024719,-0.0076294,4.9207
0.024719,-0.0065613,4.9158
0.027313,-0.0045776,4.9182
0.027161,-0.0039673,4.9207
0.028687,-0.0035095,4.9158
0.030365,-0.0039673,4.9304
0.033112,-0.00061035,4.9133
0.035248,-0.0035095,4.917
0.0354,-0.0016785,4.9133
0.034637,-0.00061035,4.8975
0.031891,0.00015259,4.9084
0.030365,-0.00091553,4.9072
0.030212,-0.002594,4.9084
0.030975,-0.0050354,4.9097
0.03067,-0.0068665,4.9084
0.029449,-0.0053406,4.9109
0.027161,-0.0035095,4.9084
0.025024,0,4.9121
0.024567,0.0022888,4.8962
0.024261,0.0032043,4.9207
0.027771,0.0039673,4.917
0.028839,0.004425,4.9158
0.028839,0.0042725,4.9194
0.028229,0.0076294,4.9207
0.028839,0.011292,4.9207
0.028839,0.013275,4.9268
0.030365,0.012817,4.9341
0.031433,0.0097656,4.9304
0.030212,0.004425,4.9182
0.031738,-0.00030518,4.9292
0.026855,-0.0019836,4.9316
0.024719,-0.0015259,4.928
0.023041,-0.0039673,4.9304
0.021667,-0.004425,4.9292
0.021362,-0.0067139,4.9341
0.019226,-0.0086975,4.9304
0.0177,-0.014954,4.9365
0.014954,-0.010986,4.9316
0.012665,-0.0091553,4.939
0.011139,-0.0076294,4.9341
0.011902,-0.0048828,4.9365
0.012817,-0.0038147,4.9402
0.013733,-0.002594,4.9341
0.015106,-0.0018311,4.9268
0.016937,-0.0010681,4.928
0.018921,-0.00091553,4.9133
0.02121,-0.0015259,4.9255
0.020752,-0.0032043,4.9194
0.020905,-0.0045776,4.9182
0.020599,-0.005188,4.9219
0.020905,-0.0050354,4.9182
0.020599,-0.0042725,4.9146
0.021667,-0.0027466,4.9146
0.021057,-0.0033569,4.9158
0.020599,0.00030518,4.9084
0.020142,0.0012207,4.9133
0.020905,0.0022888,4.9146
0.02121,0.0028992,4.9133
0.022888,0.0024414,4.9097
0.025024,0.0019836,4.9121
0.025635,0.0022888,4.9121
0.025787,0.0021362,4.9121
0.02655,0.00030518,4.9109
0.026855,-0.0019836,4.9109
0.025482,-0.0038147,0.0354
0.02533,-0.0057983,0.036621
0.025482,-0.0061035,0.039063
0.023804,-0.0053406,0.043945
0.022736,-0.0028992,0.046387
0.020599,-0.0028992,0.045166
0.019073,-0.0033569,0.05127
0.018921,-0.0057983,0.053711
0.019836,-0.0082397,0.054932
0.02182,-0.0076294,0.053711
0.023651,-0.0067139,0.059814
0.024414,-0.0062561,0.059814
0.024261,-0.0068665,0.062256
0.024414,-0.0071716,0.073242
0.024872,-0.0057983,0.061035
0.025787,-0.0036621,0.067139
0.027008,-0.00076294,0.061035
0.028229,0.002594,0.047607
0.031281,0.0047302,0.061035
0.033264,0.0059509,0.058594
0.035706,0.0059509,0.063477
0.037079,0.005188,0.062256
0.0383,0.0048828,0.062256
0.037842,0.0065613,0.068359
0.037842,0.0061035,0.063477
0.0354,0.0067139,0.065918
0.032501,0.0064087,0.059814
0.027771,0.0061035,0.064697
0.023346,0.0042725,0.057373
0.018158,0.0041199,0.057373
0.014801,0.0047302,0.056152
0.011139,0.0059509,0.053711
0.014038,0.0074768,0.054932
0.015411,0.0074768,0.048828
0.016479,0.0062561,0.058594
0.017242,0.0053406,0.046387
0.019073,0.002594,0.057373
0.020447,-0.00076294,0.041504
0.021362,-0.0039673,0.042725
0.02121,-0.0061035,0.040283
0.019379,-0.007019,0.037842
0.015259,-0.0061035,0.036621
0.011597,-0.0056458,0.040283
0.0088501,-0.0036621,0.036621
0.0085449,-0.0033569,0.042725
0.0090027,-0.0047302,0.037842
0.0099182,-0.0045776,0.037842
0.011292,-0.0048828,0.041504
0.01236,-0.0038147,0.041504
0.013428,-0.00091553,0.048828
0.014038,0.00045776,0.042725
0.015259,0.0016785,0.050049
0.015106,0.0032043,0.042725
0.013275,0.0032043,0.039063
0.011749,0.0048828,0.046387
0.0099182,0.0074768,0.05249
0.010223,0.010681,0.05127
0.0099182,0.013733,0.056152
0.01236,0.015411,0.056152
0.014343,0.015411,0.059814
0.016327,0.01297,0.058594
0.017395,0.010681,0.062256
0.018768,0.0082397,0.059814
0.015411,0.0073242,0.062256
0.020142,0.0059509,0.065918
0.016174,0.0056458,0.064697
0.013885,0.0054932,0.059814
0.011292,0.0050354,0.064697
0.007782,0.0056458,0.067139
0.0065613,0.007019,0.064697
0.0071716,0.0091553,0.075684
0.0083923,0.010834,0.067139
0.010071,0.011139,0.057373
0.012054,0.011139,0.062256
0.014343,0.010986,0.062256
0.015411,0.01297,0.057373
0.016632,0.013428,0.056152
0.016937,0.014954,0.053711
0.017548,0.014038,2.1436
0.016174,0.012207,4.7559
0.016174,0.0099182,4.9072
0.015564,0.0088501,4.9133
0.014954,0.0085449,4.9219
0.014038,0.0091553,4.9146
0.014191,0.010529,4.9194
0.014954,0.010681,4.9243
0.016479,0.0091553,4.9158
0.018005,0.0073242,4.9109
0.019073,0.0071716,4.9109
0.018463,0.007019,4.8938
0.016174,0.0073242,4.9072
0.013275,0.0068665,4.9097
0.011444,0.0082397,4.9097
0.009613,0.0076294,4.9109
0.010223,0.0059509,4.9084
0.010529,0.0050354,4.9109
0.011444,0.0035095,4.9097
0.01236,0.0042725,4.9109
0.013885,0.0030518,4.9097
0.016785,0.0033569,4.917
0.015411,0.0021362,4.9133
0.021362,0.004425,4.9194
0.021973,0.00030518,4.9182
0.02182,0.00076294,4.9219
0.020142,0.0021362,4.9268
0.019836,0.0039673,4.9268
0.020599,0.0038147,4.9377
0.023346,0.0036621,4.9304
0.023041,0.00045776,4.9207
0.025177,-0.00045776,4.9304
0.026398,-0.0035095,4.9341
0.027771,-0.005188,4.9304
0.029755,-0.0061035,4.9316
0.03067,-0.004425,4.9292
0.032654,-0.0024414,4.9304
0.032806,-0.00030518,4.9329
0.032501,0.00030518,4.9353
0.030823,-0.00045776,4.9304
0.029297,-0.0015259,4.9377
0.027618,-0.0018311,4.9353
0.025482,-0.0024414,4.9377
0.02655,0.00030518,4.9414
0.026245,0.0021362,4.9353
0.027466,0.0021362,4.9329
0.028992,0.0028992,4.9304
0.030975,0.0013733,4.9255
0.032501,0.00015259,4.9255
0.03418,-0.00045776,4.9207
0.035248,-0.0018311,4.917
0.036316,-0.0019836,4.9243
0.034943,-0.0028992,4.9158
0.034637,-0.0039673,4.9207
0.033875,-0.0054932,4.9133
0.032959,-0.0093079,4.9182
0.031738,-0.0064087,4.9097
0.030823,-0.005188,4.9146
0.030518,-0.0028992,4.9146
0.030365,-0.00045776,4.9146
0.03067,0.00030518,4.9084
0.030212,0.0024414,4.9121
0.030823,0.00045776,4.9207
0.029449,0.00015259,4.9109
0.030518,-0.00030518,4.9194
0.028687,0.0013733,4.9097
0.027924,0.0024414,4.9036
0.028381,0.0035095,4.9084
0.028534,0.0059509,4.9121
0.029144,0.0064087,4.9109
0.028534,0.0071716,4.9146
0.028687,0.0050354,4.9121
0.029449,0.005188,0.05249
0.030823,0.0059509,0.050049
0.030365,0.0053406,0.054932
0.030518,0.0042725,0.05249
0.029449,0.0047302,0.061035
0.027618,0.0019836,0.058594
0.025024,0.00015259,0.061035
0.023193,-0.0012207,0.06958
0.024109,-0.0018311,0.059814
0.024261,-0.00030518,0.062256
0.02533,0.00091553,0.063477
0.026245,0.0012207,0.063477
0.027008,0.00076294,0.062256
0.027161,-0.00015259,0.058594
0.028381,-0.00091553,0.062256
0.029297,-0.0019836,0.065918
0.03006,-0.0022888,0.062256
0.028687,-0.004425,0.067139
0.025787,-0.0073242,0.067139
0.020905,-0.0099182,0.063477
0.020294,-0.010986,0.057373
0.019073,-0.010834,0.061035
0.019531,-0.0088501,0.058594
0.021362,-0.0059509,0.056152
0.022736,-0.0033569,0.054932
0.024567,-0.00030518,0.053711
0.025482,-0.00091553,0.058594
0.02594,0.0015259,0.047607
0.025177,0.0024414,0.064697
0.025482,0.0024414,0.047607
0.02533,0.0035095,0.041504
0.025635,0.0048828,0.043945
0.027008,0.0039673,0.043945
0.026093,0.0036621,0.040283
0.026398,0.0021362,0.041504
0.02533,-0.0010681,0.036621
0.024567,-0.0028992,0.040283
0.024109,-0.0033569,0.039063
0.024109,-0.0016785,0.039063
0.023499,0.00030518,0.030518
0.024261,0.0018311,0.043945
0.025482,-0.00076294,0.039063
0.02182,-0.004425,0.042725
0.02182,-0.0088501,0.042725
0.022888,-0.013885,0.047607
0.024567,-0.014343,0.043945
0.024567,-0.012207,0.043945
0.024414,-0.0090027,0.041504
0.02243,-0.0054932,0.047607
0.020599,-0.0059509,0.036621
0.018158,-0.0062561,0.043945
0.018005,-0.0071716,0.053711
0.020905,-0.0059509,0.056152
0.024261,-0.0030518,0.061035
0.027924,-0.00030518,0.058594
0.031586,-0.00045776,0.063477
0.033875,0,0.056152
0.037231,-0.00045776,0.056152
0.037537,-0.00045776,0.061035
0.0383,0.0010681,0.064697
0.036926,0.0039673,0.056152
0.034943,0.0061035,0.063477
0.031738,0.0091553,0.075684
0.027924,0.010071,0.063477
0.024261,0.010071,0.068359
0.019836,0.0094604,0.063477
0.016022,0.0097656,0.047607
0.01358,0.0091553,0.063477
0.012817,0.007782,0.058594
0.013275,0.0082397,0.057373
0.014496,0.007782,0.059814
0.016174,0.0076294,0.054932
0.017242,0.0073242,0.056152
0.017853,0.0062561,0.05249
0.017853,0.0024414,0.050049
0.017548,0.0022888,0.043945
0.015869,0,0.047607
0.013733,-0.002594,0.050049
0.0094604,-0.0059509,2.8174
0.0068665,-0.0080872,4.7888
0.0018311,-0.0086975,4.9023
0.00076294,-0.0085449,4.9097
0.00091553,-0.0062561,4.9097
0.0019836,-0.0035095,4.9097
0.0050354,-0.00015259,4.9072
0.0080872,0.0027466,4.9023
0.011597,0.0054932,4.9097
0.016479,0.007782,4.9097
0.018463,0.0083923,4.9097
0.018921,0.0090027,4.9109
0.018768,0.0086975,4.9072
0.016174,0.0061035,4.9097
0.01358,0.004425,4.9084
0.012207,0.0033569,4.917
0.012054,0.0028992,4.9121
0.011139,0.0024414,4.9146
0.012054,0.0032043,4.917
0.012665,0.0041199,4.9207
0.01358,0.0067139,4.9341
0.014191,0.010376,4.9219
0.01297,0.013733,4.9316
0.014496,0.01297,4.9292
0.014496,0.0099182,4.9255
0.015106,0.0056458,4.9341
0.015411,0.0022888,4.9292
0.014496,0.0030518,4.9255
0.01358,0.0064087,4.9268
0.013123,0.0091553,4.9304
0.014343,0.011444,4.9304
0.016174,0.010376,4.9304
0.019379,0.0074768,4.9365
0.020599,0.0056458,4.9243
0.021973,0.0073242,4.9402
0.022125,0.012512,4.939
0.021362,0.016632,4.9377
0.021515,0.018158,4.9316
0.021973,0.015564,4.9353
0.02182,0.013885,4.9353
0.0177,0.0093079,4.9304
0.016937,0.010529,4.9341
0.015411,0.01297,4.9255
0.014801,0.016174,4.9207
0.013733,0.017242,4.9158
0.014801,0.015106,4.906
0.01358,0.0085449,4.9194
0.01236,0.0067139,4.9146
0.011444,0.0042725,4.9121
0.010834,0.0050354,4.9158
0.010681,0.0059509,4.9121
0.0091553,0.0091553,4.9121
0.0064087,0.0056458,4.9109
0.0030518,0.0022888,4.9158
-0.00076294,0.0012207,4.9109
-0.0032043,-0.0035095,4.9121
-0.0027466,-0.0036621,4.9231
-0.00045776,-0.00076294,4.9084
0.0019836,0.0022888,4.9109
0.0035095,0.0067139,4.9109
0.004425,0.0054932,4.895
0.0076294,0.0041199,4.9097
0.0082397,0.0036621,4.9146
0.012207,0.0030518,4.9146
0.015106,0.0030518,4.9097
0.017853,0.0032043,4.9146
0.019073,0.0035095,4.9182
0.020599,0.0022888,4.9194
0.022736,0.0015259,4.9182
0.024261,-0.0030518,4.9219
0.025024,-0.0018311,4.9292
0.02655,-0.0012207,0.063477
0.027924,-0.00015259,0.062256
0.028839,0.0028992,0.061035
0.027466,-0.0013733,0.064697
0.029144,-0.0013733,0.063477
0.029602,-0.0039673,0.065918
0.029449,-0.0053406,0.075684
0.029144,-0.0059509,0.059814
0.028839,-0.0061035,0.046387
0.027313,-0.0053406,0.061035
0.025787,-0.0053406,0.064697
0.024567,-0.0050354,0.063477
0.023499,-0.004425,0.067139
0.023041,-0.0036621,0.062256
0.024414,-0.0045776,0.065918
0.02594,-0.0035095,0.062256
0.028839,-0.0030518,0.064697
0.033722,-0.0033569,0.054932
0.032806,-0.0042725,0.05249
0.03067,-0.0057983,0.056152
0.031433,-0.0074768,0.056152
0.032349,-0.0099182,0.054932
0.032806,-0.011749,0.050049
0.034485,-0.01236,0.047607
0.033417,-0.011749,0.043945
0.032501,-0.011292,0.037842
0.030212,-0.011139,0.043945
0.028992,-0.010834,0.042725
0.027008,-0.010071,0.043945
0.028687,-0.010223,0.040283
0.031281,-0.0083923,0.039063
0.033569,-0.0047302,0.041504
0.033417,-0.0012207,0.037842
0.03418,0.00076294,0.042725
0.032806,-0.00076294,0.036621
0.032043,0.00015259,0.040283
0.03418,-0.0032043,0.041504
0.034027,-0.0056458,0.041504
0.033112,-0.0064087,0.0354
0.03067,-0.005188,0.043945
0.026093,-0.0053406,0.047607
0.023041,-0.0016785,0.043945
0.021057,-0.00091553,0.053711
0.022736,-0.0019836,0.047607
0.02533,-0.005188,0.0354
0.025787,-0.0064087,0.05127
0.026093,-0.0045776,0.053711
0.024567,-0.00061035,0.056152
0.023956,0.00076294,0.057373
0.025024,0.0018311,0.057373
0.026245,-0.00030518,0.050049
0.028229,-0.0033569,0.062256
0.030212,-0.0039673,0.061035
0.030518,-0.0035095,0.058594
0.028381,-0.0033569,0.065918
0.026398,-0.0030518,0.061035
0.023651,-0.0036621,0.062256
0.023651,-0.0038147,0.078125
0.024567,-0.0047302,0.065918
0.02594,-0.0059509,0.067139
0.027161,-0.0038147,0.065918
0.026703,-0.0056458,0.058594
0.023651,-0.0057983,0.062256
0.021362,-0.0074768,0.061035
0.019684,-0.0068665,0.061035
0.020294,-0.0062561,0.057373
0.021667,-0.0015259,0.05127
0.023651,0,0.053711
0.024719,0.002594,0.050049
0.024109,0.005188,0.050049
0.023041,0.0067139,0.045166
0.023346,0.0076294,0.046387
0.025635,0.0086975,0.042725
0.027924,0.0083923,0.048828
0.029755,0.0068665,0.042725
0.029449,0.0064087,0.046387
0.028381,0.0047302,0.053711
0.025177,0.0050354,0.042725
0.022736,0.0018311,0.054932
0.021057,-0.0012207,4.2737
0.02121,-0.0042725,4.8621
0.022278,-0.0057983,4.9036
0.023804,-0.0062561,4.9036
0.022736,-0.0042725,4.9048
0.020599,-0.0018311,4.9072
0.019226,-0.0010681,4.9072
0.019684,-0.0028992,4.9084
0.020142,-0.0050354,4.9072
0.021973,-0.0033569,4.9146
0.023499,-0.0015259,4.9146
0.023346,0.0024414,4.917
0.023651,0.0067139,4.9207
0.024567,0.0094604,4.9255
0.023956,0.0079346,4.9316
0.027924,0.0080872,4.928
0.031281,0.0076294,4.9243
0.034485,0.0082397,4.9316
0.034485,0.007019,4.9353
0.032043,0.0091553,4.9341
0.027618,0.0085449,4.9304
0.023193,0.0053406,4.9292
0.019073,0.0030518,4.9292
0.018311,0.0012207,4.9316
0.019379,0.0022888,4.9304
0.020752,0.0036621,4.9304
0.020599,0.005188,4.9365
0.020905,0.0059509,4.9316
0.020142,0.0068665,4.9353
0.019531,0.0086975,4.9304
0.020905,0.010529,4.9402
0.022278,0.010986,4.9292
0.023041,0.010681,4.9365
0.020752,0.0086975,4.9438
0.016022,0.0065613,4.9304
0.010071,0.0054932,4.9158
0.0057983,0.0036621,4.9255
0.0042725,0.0028992,4.9036
0.0039673,0.0022888,4.917
0.0010681,-0.00030518,4.9207
0.0041199,-0.0021362,4.9182
0.004425,-0.0042725,4.9194
0.0050354,-0.0028992,4.9133
0.0065613,-0.0030518,4.9146
0.0094604,-0.0019836,4.9146
0.011902,-0.00091553,4.9121
0.014648,-0.00061035,4.8999
0.015869,0.00076294,4.9146
0.013428,0.0024414,4.9109
0.011749,0.0041199,4.9133
0.0099182,0.005188,4.9097
0.0086975,0.0062561,4.9146
0.010986,0.007019,4.9097
0.013275,0.0082397,4.9121
0.016022,0.0097656,4.9097
0.017242,0.0093079,4.9109
0.016632,0.0094604,4.9084
0.016022,0.0091553,4.9133
0.014954,0.0080872,4.917
0.015717,0.0085449,4.9133
0.016479,0.010223,4.9207
0.017242,0.012054,4.9194
0.016022,0.0099182,4.9231
0.014343,0.0080872,4.9268
0.0080872,0.0067139,4.928
0.004425,0.0050354,4.9268
0.0041199,0.0039673,4.9316
0.0048828,0.004425,4.9243
0.0068665,0.0054932,4.9353
0.0097656,0.0062561,4.9414
0.010529,0.0071716,4.9329
0.010376,0.0079346,0.065918
0.0094604,0.0097656,0.063477
0.0083923,0.011292,0.054932
0.009613,0.011597,0.063477
0.0099182,0.010529,0.063477
0.0071716,0.010529,0.063477
0.0068665,0.0085449,0.065918
0.0027466,0.0088501,0.063477
0.0015259,0.010071,0.065918
0,0.011444,0.061035
0.00015259,0.011902,0.064697
0.0018311,0.011902,0.054932
0.0038147,0.009613,0.056152
0.0048828,0.011139,0.056152
0.0053406,0.011444,0.053711
0.0056458,0.0094604,0.050049
0.0062561,0.0085449,0.05127
0.0071716,0.0053406,0.056152
0.0085449,0.0045776,0.046387
0.010681,0.004425,0.057373
0.012054,0.0054932,0.047607
0.01236,0.0068665,0.036621
0.010834,0.0076294,0.039063
0.010071,0.0074768,0.040283
0.0093079,0.0061035,0.039063
0.0094604,0.0054932,0.042725
0.012054,0.0056458,0.039063
0.018463,0.0056458,0.039063
0.016327,0.0041199,0.0354
0.016937,0.0016785,0.041504
0.016327,-0.00091553,0.037842
0.015564,-0.0018311,0.041504
0.015106,-0.002594,0.041504
0.016174,-0.0021362,0.042725
0.018005,-0.009613,0.057373
0.019073,-0.0033569,0.046387
0.017548,-0.0042725,0.05249
0.015717,-0.005188,0.05127
0.014496,-0.0039673,0.0354
0.014648,-0.0032043,0.05249
0.016022,-0.004425,0.054932
0.019531,-0.0071716,0.056152
0.024109,-0.011292,0.058594
0.026703,-0.013733,0.056152
0.028687,-0.014648,0.062256
0.03006,-0.010986,0.061035
0.030518,-0.0074768,0.062256
0.030975,-0.0047302,0.057373
0.031738,-0.0047302,0.065918
0.032806,-0.0074768,0.058594
0.032349,-0.0088501,0.056152
0.030975,-0.0088501,0.067139
0.029755,-0.0065613,0.067139
0.028992,-0.0030518,0.067139
0.028687,-0.0015259,0.067139
0.03067,-0.0013733,0.076904
0.033722,-0.0010681,0.063477
0.036163,-0.0056458,0.059814
0.037231,-0.0076294,0.061035
0.035248,-0.0080872,0.056152
0.031738,-0.0071716,0.053711
0.027313,-0.0056458,0.05249
0.023651,-0.0064087,0.050049
0.022736,-0.0079346,0.048828
0.022583,-0.0082397,0.045166
0.022278,-0.0079346,0.05127
0.021362,-0.007019,0.043945
0.020447,-0.0053406,0.047607
0.019989,-0.0042725,0.047607
0.019989,-0.0030518,0.045166
0.023346,-0.0013733,0.046387
0.024414,-0.0018311,0.043945
0.028229,-0.0016785,0.042725
0.027313,-0.0021362,0.039063
0.023956,-0.0036621,0.028076
0.025024,-0.0028992,0.039063
0.025635,-0.00076294,0.03418
0.027771,0.0018311,0.036621
0.029449,0.0024414,1.6162
0.03006,0.0015259,4.7144
0.028992,0.0021362,4.895
0.027313,0.0012207,4.9023
0.026093,0.00061035,4.9097
0.024567,0.00091553,4.9146
0.024109,0.0019836,4.9182
0.025787,0.0028992,4.9182
0.027313,0.0028992,4.9268
0.026703,0.0022888,4.9231
0.024872,0.0015259,4.928
0.025635,0.0010681,4.928
0.022583,0.0016785,4.9292
0.022278,0.0016785,4.9402
0.023346,0.00061035,4.9353
0.023346,-0.0013733,4.9109
0.022888,-0.0028992,4.9292
0.022278,-0.0039673,4.9316
0.019989,-0.0033569,4.9304
0.017853,-0.0010681,4.9304
0.015411,0.0021362,4.9304
0.015717,0.0036621,4.9377
0.017548,0.0041199,4.9365
0.020294,0.0033569,4.9329
0.023651,0.0021362,4.9365
0.024414,0.0022888,4.9365
0.024719,0.0021362,4.9341
0.023499,0.0030518,4.9329
0.02243,0.0038147,4.9402
0.023804,0.005188,4.9292
0.025787,0.0085449,4.9243
0.028381,0.011139,4.9255
0.03006,0.012054,4.9182
0.03006,0.011902,4.9182
0.029144,0.0086975,4.917
0.027924,0.005188,4.9207
0.028992,0.0042725,4.9158
0.031281,0.0022888,4.9146
0.032501,0.00030518,4.9158
0.032806,-0.0045776,4.9097
0.03006,-0.0097656,4.9109
0.027466,-0.014648,4.906
0.023651,-0.015411,4.9133
0.021515,-0.012512,4.9109
0.021362,-0.0068665,4.9146
0.018921,-0.0016785,4.9084
0.017242,-0.00076294,4.9158
0.016174,-0.0013733,4.9158
0.015717,-0.0053406,4.9097
0.017853,-0.0071716,4.9194
0.019836,-0.0064087,4.9097
0.02243,-0.0027466,4.8987
0.02594,0.0018311,4.9158
0.027924,0.0042725,4.9133
0.028839,0.0048828,4.9133
0.030212,0.0035095,4.9194
0.030212,0.0038147,4.9207
0.030823,0.0061035,4.9255
0.029907,0.009613,4.9231
0.03006,0.013428,4.9304
0.03067,0.013275,4.928
0.032349,0.010834,4.9341
0.033722,0.007782,4.9316
0.036163,0.0042725,4.9341
0.037994,0.0048828,4.9353
0.03952,0.0067139,4.9329
0.037689,0.010681,4.9316
0.035248,0.013885,4.9292
0.032959,0.014648,4.9365
0.029449,0.013885,4.9353
0.028534,0.012054,4.9304
0.025787,0.010376,4.9329
0.024414,0.0094604,0.070801
0.022278,0.0082397,0.065918
0.021362,0.007019,0.064697
0.019531,0.0047302,0.059814
0.018311,0.002594,0.062256
0.016327,0.0012207,0.057373
0.013733,0.00076294,0.046387
0.010223,0.00030518,0.056152
0.0071716,0.0013733,0.054932
0.0045776,0.00091553,0.047607
0.0030518,-0.00045776,0.047607
0.0028992,-0.0032043,0.064697
0.0038147,-0.0057983,0.048828
0.0024414,-0.0067139,0.053711
0.0061035,-0.0071716,0.046387
0.0074768,-0.0061035,0.031738
0.0088501,-0.0042725,0.037842
0.011902,-0.0035095,0.040283
0.014343,-0.0012207,0.039063
0.018463,0.00045776,0.040283
0.016937,0.0021362,0.0354
0.01709,0.0039673,0.042725
0.017395,0.007019,0.037842
0.018921,0.010529,0.037842
0.020752,0.011902,0.039063
0.024261,0.013428,0.042725
0.027466,0.011902,0.040283
0.028839,0.010529,0.043945
0.024872,0.0091553,0.05127
0.026703,0.0080872,0.046387
0.023499,0.0065613,0.045166
0.018463,0.0065613,0.050049
0.013123,0.0061035,0.046387
0.0088501,0.004425,0.053711
0.0047302,0.0032043,0.059814
0.0012207,0.0018311,0.056152
-0.00076294,0.0019836,0.056152
-0.0015259,0.0039673,0.058594
-0.00076294,0.0059509,0.058594
0.0013733,0.0061035,0.059814
0.0041199,0.0045776,0.064697
0.0065613,0.0030518,0.058594
0.0076294,0.00015259,0.063477
0.0047302,-0.00061035,0.059814
0.0086975,-0.0010681,0.063477
0.0010681,-0.00030518,0.063477
-0.00091553,-0.0010681,0.063477
-0.0024414,-0.0012207,0.074463
-0.002594,-0.0028992,0.065918
-0.00045776,-0.0032043,0.065918
0.0015259,-0.002594,0.064697
0.0050354,-0.00076294,0.05127
0.007782,0.0016785,0.062256
0.010834,0.0039673,0.059814
0.014191,0.0056458,0.05249
0.016022,0.0048828,0.054932
0.018616,0.0028992,0.05249
0.019836,0.00015259,0.050049
0.022125,-0.0018311,0.045166
0.019379,-0.00091553,0.053711
0.016785,-0.0019836,0.043945
0.014191,0.0022888,0.047607
0.011139,0.0033569,0.047607
0.009613,0.0013733,0.046387
0.0097656,-0.0016785,0.040283
0.0090027,-0.0022888,0.042725
0.011902,-0.0013733,0.042725
0.01297,0.0016785,0.039063
0.015411,0.0067139,0.042725
0.016632,0.0085449,0.037842
0.018921,0.0062561,0.030518
0.019836,0.0028992,0.037842
0.02243,-0.0016785,0.039063
0.02182,-0.0042725,0.039063
0.018311,-0.0041199,0.040283
0.014954,-0.0036621,0.040283
0.012512,-0.0048828,0.045166
0.010223,-0.0062561,0.042725
0.011292,-0.0088501,2.2961
0.014038,-0.011444,4.7595
0.015106,-0.015106,4.9121
0.016174,-0.012054,4.9146
0.017242,-0.010071,4.917
0.019989,-0.0093079,4.9377
0.021515,-0.0071716,4.9255
0.023804,-0.0074768,4.9316
0.026703,-0.0073242,4.9341
0.028076,-0.0074768,4.9182
0.029755,-0.0090027,4.9316
0.029602,-0.007782,4.9292
0.029602,-0.0080872,4.9304
0.029602,-0.0090027,4.928
0.03006,-0.0097656,4.9353
0.029755,-0.010223,4.9353
0.029755,-0.010223,4.9341
0.029755,-0.013275,4.9329
0.029297,-0.0093079,4.9316
0.028076,-0.0076294,4.9365
0.026093,-0.0067139,4.9329
0.024261,-0.0065613,4.9341
0.023651,-0.0068665,4.9341
0.025635,-0.0073242,4.9329
0.026703,-0.0076294,4.9304
0.030823,-0.0083923,4.9243
0.026855,-0.0065613,4.9329
0.023956,-0.0018311,4.917
0.023804,-0.00061035,4.9255
0.022736,0.0010681,4.9182
0.024109,0.0018311,4.9158
0.024414,0.0012207,4.917
0.025024,0.00061035,4.9158
0.02533,0.0012207,4.9133
0.026093,0.0024414,4.9109
0.026245,0.0050354,4.9158
0.027618,0.0059509,4.9133
0.029449,0.0061035,4.906
0.032196,0.0045776,4.9121
0.032349,0.0030518,4.9121
0.03067,0.0024414,4.9133
0.028839,0.0039673,4.917
0.024261,0.0057983,4.9109
0.02121,0.007782,4.9146
0.018616,0.0090027,4.9097
0.017853,0.0085449,4.9023
0.018463,0.0062561,4.9097
0.019226,0.0054932,4.9146
0.020142,0.00061035,4.9133
0.019684,0,4.9146
0.018463,0.00061035,4.9219
0.017242,0,4.9219
0.015259,-0.00045776,4.9207
0.014191,-0.0033569,4.9316
0.01236,-0.0054932,4.9255
0.010529,-0.005188,4.928
0.0094604,-0.0032043,4.9341
0.0080872,-0.00045776,4.9329
0.0076294,0.0021362,4.9304
0.010986,0.0032043,4.9316
0.014191,0.0019836,4.9341
0.018616,0.00061035,4.9207
0.022125,-0.0013733,4.9377
0.024719,-0.0021362,4.9353
0.02533,0.00076294,4.917
0.025482,0.0016785,4.9329
0.02533,0.0027466,4.9329
0.024567,0.0015259,4.9377
0.024567,0.0010681,4.9353
0.022125,0.00076294,4.9304
0.019684,0.0015259,4.9329
0.018616,0.0033569,4.9292
0.0177,0.0079346,4.9292
0.019226,0.0097656,0.053711
0.022736,0.0093079,0.05249
0.025482,0.0068665,0.05249
0.028076,0.0038147,0.05249
0.030518,0,0.050049
0.030975,-0.0030518,0.050049
0.032654,-0.0053406,0.043945
0.030365,-0.0068665,0.043945
0.027466,-0.0093079,0.025635
0.02243,-0.010376,0.040283
0.018311,-0.010834,0.039063
0.014648,-0.010986,0.040283
0.011749,-0.011444,0.039063
0.0097656,-0.010529,0.036621
0.010223,-0.0094604,0.041504
0.011444,-0.0074768,0.040283
0.016174,-0.0048828,0.040283
0.020294,-0.0041199,0.036621
0.026093,-0.0050354,0.039063
0.030212,-0.0062561,0.039063
0.033112,-0.0086975,0.041504
0.034943,-0.010376,0.042725
0.035095,-0.009613,0.046387
0.033264,-0.0061035,0.046387
0.030518,-0.0032043,0.048828
0.027466,-0.0022888,0.059814
0.025482,-0.002594,0.05249
0.024109,-0.0036621,0.046387
0.023041,-0.0036621,0.056152
0.023041,-0.0021362,0.061035
0.024567,0.00061035,0.058594
0.027008,0.0039673,0.059814
0.030212,0.0047302,0.058594
0.032654,0.0041199,0.063477
0.034637,0.0032043,0.058594
0.035248,0.0012207,0.062256
0.034485,0.0012207,0.057373
0.033112,0.0013733,0.061035
0.030212,0.0028992,0.064697
0.025787,0.0039673,0.063477
0.02121,0.0024414,0.075684
0.016785,0.0018311,0.068359
0.013123,0.00061035,0.065918
0.011292,-0.00061035,0.063477
0.010834,-0.0016785,0.058594
0.010223,-0.0028992,0.061035
0.010529,-0.0039673,0.058594
0.0097656,-0.0061035,0.053711
0.0099182,-0.007019,0.056152
0.0090027,-0.0076294,0.05127
0.0085449,-0.007782,0.05127
0.0073242,-0.0059509,0.046387
0.007019,-0.0045776,0.05249
0.0059509,-0.0035095,0.046387
0.0039673,-0.0032043,0.048828
0.00061035,-0.0024414,0.048828
0.005188,-0.0018311,0.047607
0.0053406,-0.0010681,0.039063
0.0065613,-0.0018311,0.040283
0.009613,-0.0012207,0.053711
0.011597,-0.0015259,0.039063
0.01297,0,0.05127
0.014648,0.0041199,0.041504
0.016632,0.00015259,0.029297
0.018158,0.002594,0.037842
0.019836,0.0038147,0.039063
0.020599,0.0067139,0.036621
0.019989,0.0091553,0.039063
0.019836,0.010529,0.0354
0.019531,0.0099182,0.03418
0.019226,0.0091553,0.043945
0.019379,0.0088501,0.046387
0.019836,0.0076294,0.047607
0.018768,0.010376,0.05249
0.019531,0.011597,0.053711
0.019073,0.013275,0.057373
0.019379,0.013275,0.067139
0.023651,0.012054,0.10132
0.022736,0.012054,4.6399
0.023804,0.010071,4.9097
0.023346,0.0088501,4.9292
0.024719,0.0067139,4.9292
0.019226,0.0050354,4.9109
0.016022,0.0041199,4.9292
0.01297,0.0045776,4.9243
0.010986,0.0056458,4.9268
0.0090027,0.0068665,4.9353
0.007782,0.0080872,4.9341
0.0047302,0.0068665,4.9353
0.004425,0.004425,4.9329
0.0039673,0.0021362,4.9377
0.004425,0,4.9353
0.0054932,-0.00030518,4.9341
0.0045776,0.0010681,4.9304
0.0080872,0.0038147,4.9341
0.0073242,0.0032043,4.9402
0.0059509,0.0056458,4.9304
0.0057983,0.0062561,4.9304
0.0068665,0.005188,4.9207
0.0086975,0.0028992,4.9109
0.010681,0.0018311,4.9146
0.014496,-0.0048828,4.9133
0.01297,-0.0010681,4.9158
0.013428,-0.0013733,4.9146
0.015259,-0.002594,4.9109
0.016327,-0.0022888,4.9133
0.016022,-0.0022888,4.9109
0.016632,-0.0035095,4.9109
0.017395,-0.0039673,4.9084
0.018005,-0.0045776,4.9109
0.019684,-0.0041199,4.9109
0.020447,-0.0022888,4.9133
0.02243,-0.0012207,4.9072
0.024719,-0.0015259,4.9109
0.023041,-0.00015259,4.9072
0.023499,-0.0038147,4.906
0.023956,-0.0042725,4.9109
0.024414,-0.0032043,4.9133
0.023651,-0.0013733,4.9133
0.02182,0.00015259,4.9133
0.023346,0.00091553,4.9194
0.023346,-0.00030518,4.9182
0.023346,-0.002594,4.9194
0.023346,-0.0030518,4.9207
0.024719,-0.0039673,4.9255
0.02594,-0.005188,4.9255
0.026245,-0.0010681,4.9292
0.027618,-0.0057983,4.9292
0.026703,-0.0059509,4.9353
0.029907,-0.0059509,4.9316
0.026398,-0.0041199,4.9329
0.026703,-0.0035095,4.9402
0.027313,-0.0022888,4.9353
0.028839,-0.0012207,4.9341
0.030518,-0.0027466,4.9353
0.032196,-0.0027466,4.9158
0.034027,-0.0074768,4.9304
0.035095,-0.0062561,4.9353
0.036774,-0.0047302,4.9365
0.036926,-0.0013733,4.9353
0.036469,0.00030518,4.9329
0.036469,0.0030518,4.9341
0.034485,0.0033569,4.9268
0.031433,0.0010681,4.928
0.028839,-0.0019836,4.9231
0.027618,-0.0030518,4.9243
0.028076,-0.0050354,4.9219
0.028381,-0.0053406,4.9219
0.032043,-0.0054932,4.9243
0.034943,-0.004425,4.9219
0.035095,-0.0024414,4.917
0.034027,-0.0019836,0.046387
0.033112,0.00045776,0.047607
0.031586,0.0022888,0.041504
0.029602,0.0033569,0.054932
0.028076,0.0053406,0.039063
0.026703,0.0045776,0.040283
0.027924,0.0050354,0.039063
0.028076,0.00076294,0.040283
0.028229,0.0027466,0.03418
0.028839,0.0032043,0.039063
0.029144,0.0042725,0.037842
0.028992,0.0047302,0.043945
0.029449,0.0076294,0.036621
0.028229,0.0028992,0.040283
0.026703,0.0010681,0.03418
0.023956,-0.00030518,0.043945
0.022125,-0.0013733,0.057373
0.019531,-0.0022888,0.047607
0.016937,-0.0024414,0.062256
0.016479,-0.0016785,0.05249
0.016632,-0.0022888,0.043945
0.0177,-0.0028992,0.058594
0.018768,-0.0028992,0.057373
0.021667,-0.0022888,0.058594
0.024414,-0.0010681,0.057373
0.024719,-0.00045776,0.057373
0.027771,0.0010681,0.062256
0.027618,0.0016785,0.059814
0.027618,-0.00030518,0.061035
0.025024,-0.0010681,0.057373
0.023651,-0.002594,0.065918
0.023041,-0.0021362,0.063477
0.022736,-0.0013733,0.062256
0.022736,-0.00076294,0.068359
0.023193,-0.0013733,0.068359
0.023041,-0.0030518,0.064697
0.022125,-0.004425,0.062256
0.02182,-0.0041199,0.075684
0.023193,-0.0028992,0.063477
0.02594,-0.00015259,0.058594
0.028076,0.0019836,0.057373
0.028992,0.0024414,0.054932
0.028076,-0.00015259,0.05127
0.026245,-0.0032043,0.058594
0.024109,-0.0059509,0.046387
0.023193,-0.0074768,0.05249
0.022888,-0.0054932,0.047607
0.023041,-0.0035095,0.045166
0.023956,-0.0019836,0.046387
0.025177,-0.0016785,0.047607
0.025482,-0.0042725,0.040283
0.025177,-0.0062561,0.045166
0.025787,-0.007019,0.053711
0.028534,-0.0059509,0.039063
0.030365,-0.0019836,0.042725
0.033112,0.00030518,0.040283
0.034485,-0.00076294,0.018311
0.033264,-0.00030518,0.036621
0.034332,-0.0018311,0.037842
0.031891,-0.0039673,0.037842
0.030823,-0.0035095,0.040283
0.029907,0.00091553,0.036621
0.030212,0.0021362,0.040283
0.029144,0.0042725,0.042725
0.028381,0.0045776,0.046387
0.026703,0.0041199,0.045166
0.026398,0.0033569,0.053711
0.027313,0.002594,0.05127
0.028992,0.0027466,0.056152
0.030823,0.0030518,0.058594
0.030518,0.0016785,0.059814
0.031128,-0.0010681,0.058594
0.029907,-0.0030518,0.059814
0.026245,-0.0047302,0.072021
0.02243,-0.0061035,0.062256
0.017395,-0.0056458,0.05249
0.012817,-0.0045776,0.11475
0.0094604,-0.004425,4.6472
0.0059509,-0.002594,4.9048
0.005188,-0.0016785,4.9304
0.0042725,-0.0016785,4.9329
0.0064087,-0.0019836,4.9329
0.0073242,-0.0021362,4.9304
0.011292,-0.0028992,4.939
0.014648,-0.0021362,4.9316
0.01709,-0.0021362,4.9341
0.020294,-0.0015259,4.9316
0.016174,-0.0013733,4.9304
0.013733,-0.0022888,4.9304
0.010681,-0.0027466,4.9292
0.0086975,-0.0035095,4.9219
0.0071716,-0.0032043,4.9207
0.0074768,-0.0018311,4.9158
0.0079346,0.0030518,4.917
0.011292,0.00076294,4.917
0.014038,0,4.9146
0.015717,-0.0016785,4.917
0.020294,-0.0041199,4.9158
0.022583,-0.0053406,4.9109
0.024109,-0.0039673,4.906
0.024414,-0.002594,4.9133
0.023804,0.00045776,4.9048
0.022888,0.0013733,4.9109
0.018921,-0.0019836,4.9121
0.020142,0.00015259,4.9121
0.019531,0.0010681,4.9084
0.019531,0.0033569,4.9121
0.019379,0.0065613,4.9182
0.022278,0.0091553,4.9072
0.018768,0.0091553,4.9146
0.018311,0.0057983,4.9133
0.018768,0.0062561,4.8987
0.020447,0.0050354,4.9121
0.02182,0.0050354,4.9158
0.02243,0.0061035,4.917
0.02121,0.0067139,4.9194
0.020447,0.0059509,4.8999
0.016174,0.0038147,4.9255
0.013275,0.00045776,4.928
0.011444,0.0028992,4.9304
0.010223,0.0038147,4.9255
0.010529,0.005188,4.9329
0.010834,0.0073242,4.9292
0.010834,0.007782,4.9341
0.012207,0.0067139,4.9414
0.013123,0.005188,4.9341
0.014648,0.0036621,4.9304
0.017853,0.0038147,4.9365
0.018768,0.0059509,4.9353
0.018463,0.0079346,4.9341
0.017395,0.0088501,4.9353
0.015411,0.0073242,4.9341
0.012054,0.004425,4.9365
0.0097656,0.00045776,4.9316
0.0085449,-0.0019836,4.9329
0.0082397,-0.0027466,4.9292
0.0088501,-0.00015259,4.9304
0.0091553,0.0033569,4.9243
0.010834,0.0076294,4.9268
0.012207,0.0073242,4.9207
0.013428,0.0056458,4.9231
0.017395,0.0039673,4.9121
0.019073,0.0018311,4.9243
0.023804,0.0041199,4.9268
0.025177,0.0065613,4.9194
0.024719,0.0074768,4.9219
0.023651,0.0064087,4.9121
0.02121,0.0024414,4.9048
0.020294,-0.00030518,4.9133
0.019531,-0.0039673,4.9097
0.020447,-0.0062561,0.036621
0.020752,-0.007019,0.041504
0.019989,-0.0073242,0.037842
0.019073,-0.0094604,0.037842
0.016937,-0.011749,0.039063
0.017242,-0.013733,0.040283
0.017853,-0.014801,0.036621
0.019531,-0.012665,0.040283
0.022278,-0.0097656,0.045166
0.02243,-0.0054932,0.043945
0.02243,-0.0030518,0.05127
0.020752,-0.0012207,0.048828
0.022888,0.00015259,0.05127
0.024414,0.0021362,0.05249
0.027924,0.0033569,0.050049
0.032196,0.0041199,0.057373
0.035706,0.0050354,0.058594
0.039063,0.0054932,0.058594
0.037384,0.005188,0.061035
0.038757,0.004425,0.059814
0.03891,0.0028992,0.057373
0.0383,0.00061035,0.058594
0.037842,-0.0045776,0.062256
0.036926,-0.0053406,0.057373
0.032806,-0.0074768,0.062256
0.031586,-0.004425,0.062256
0.028687,-0.0042725,0.064697
0.028534,-0.0039673,0.065918
0.027771,-0.0041199,0.068359
0.028992,-0.0067139,0.075684
0.028839,-0.0094604,0.064697
0.027771,-0.0097656,0.072021
0.026245,-0.0080872,0.064697
0.023651,-0.0047302,0.042725
0.021515,-0.0028992,0.05249
0.019073,0.00045776,0.058594
0.020447,0.002594,0.053711
0.022125,0.0035095,0.05249
0.023499,0.0054932,0.048828
0.024719,0.0090027,0.053711
0.024261,0.010223,0.047607
0.025482,0.012665,0.047607
0.026398,0.011597,0.045166
0.026703,0.0088501,0.045166
0.029297,0.0047302,0.043945
0.029297,-0.0013733,0.039063
0.027618,0.00061035,0.042725
0.024719,0.00091553,0.041504
0.02121,0.00030518,0.037842
0.019226,-0.0012207,0.041504
0.018768,-0.0024414,0.028076
0.019684,-0.005188,0.036621
0.020599,-0.0027466,0.050049
0.020905,-0.00076294,0.040283
0.020447,0.0015259,0.039063
0.018768,0.0018311,0.037842
0.018158,0.00045776,0.040283
0.019684,-0.0021362,0.037842
0.02182,-0.002594,0.046387
0.022736,-0.0036621,0.042725
0.022888,-0.0027466,0.048828
0.021973,-0.00045776,0.048828
0.021515,0.0016785,0.053711
0.022278,0.0028992,0.05127
0.024109,0.0024414,0.058594
0.026093,0.0022888,0.064697
0.026703,0.0010681,0.061035
0.025177,0,0.072021
0.02243,-0.00030518,0.059814
0.020447,-0.00091553,0.050049
0.019226,-0.0010681,0.061035
0.021515,-0.0021362,0.062256
0.024109,-0.0027466,0.057373
0.026855,-0.0038147,0.061035
0.028076,-0.0053406,0.059814
0.027161,-0.007019,0.063477
0.027924,-0.0080872,0.062256
0.027924,-0.010071,2.4268
0.027771,-0.011292,4.7815
0.028687,-0.01236,4.9243
0.028534,-0.011902,4.9304
0.029449,-0.011139,4.9353
0.030518,-0.010681,4.9329
0.03067,-0.0097656,4.9292
0.029907,-0.0088501,4.9292
0.028839,-0.007782,4.9243
0.029907,-0.0059509,4.928
0.031433,-0.0042725,4.9207
0.033569,-0.0036621,4.9109
0.036316,-0.0016785,4.9182
0.037842,-0.0015259,4.9158
0.039978,-0.0015259,4.9194
0.040436,-0.0016785,4.9146
0.040894,-0.0018311,4.9097
0.041199,-0.0019836,4.9146
0.040741,-0.0018311,4.9072
0.03891,-0.0022888,4.9109
0.036469,-0.0038147,4.9109
0.031891,-0.0050354,4.9133
0.027161,-0.0054932,4.9097
0.023804,-0.0057983,4.9146
0.023804,-0.0050354,4.9243
0.026398,-0.0041199,4.9084
0.031128,-0.002594,4.9182
0.035706,-0.002594,4.9048
0.036926,-0.0028992,4.8962
0.036469,-0.0022888,4.9121
0.034332,-0.0018311,4.9158
0.031128,-0.00076294,4.9158
0.028839,0.00015259,4.9158
0.026398,0,4.9182
0.022736,-0.00030518,4.9207
0.018311,-0.0013733,4.9243
0.012817,-0.0018311,4.9304
0.0076294,-0.0019836,4.9231
0.0053406,-0.0021362,4.9329
0.0054932,-0.0019836,4.9316
0.0091553,-0.0015259,4.9329
0.013428,-0.0015259,4.9341
0.017242,-0.00030518,4.9329
0.017395,0.0010681,4.9292
0.015411,0.00091553,4.9341
0.011749,0.00030518,4.9414
0.0093079,-0.0027466,4.9304
0.0076294,-0.0059509,4.9316
0.007782,-0.0088501,4.9353
0.0076294,-0.0093079,4.9353
0.0083923,-0.0082397,4.9329
0.0057983,-0.0054932,4.9377
0.0056458,-0.0036621,4.9316
0.0076294,-0.0028992,4.9292
0.011444,-0.0012207,4.9255
0.016022,-0.00061035,4.9304
0.020142,0.00045776,4.9219
0.020905,0.0021362,4.9231
0.020905,0.0041199,4.9207
0.019226,0.0059509,4.9243
0.019073,0.007782,4.9255
0.020294,0.0090027,4.9219
0.022278,0.0093079,4.9207
0.023804,0.0083923,4.9133
0.023041,0.0080872,4.9036
0.019836,0.007782,4.9133
0.017242,0.0065613,4.9121
0.014648,0.0067139,4.9109
0.01358,0.0079346,4.9097
0.014496,0.0094604,4.9121
0.012512,0.013885,4.9097
0.017242,0.010529,4.906
0.016937,0.0053406,4.9133
0.016785,0.0088501,4.9048
0.016327,0.0093079,0.041504
0.015259,0.0093079,0.042725
0.014191,0.0093079,0.045166
0.013428,0.0090027,0.03418
0.012054,0.0086975,0.047607
0.010529,0.0073242,0.045166
0.0068665,0.0062561,0.05127
0.0073242,0.0073242,0.057373
0.0074768,0.0086975,0.057373
0.0094604,0.010986,0.048828
0.01236,0.012512,0.056152
0.014801,0.013123,0.058594
0.016327,0.012054,0.058594
0.015717,0.010223,0.064697
0.014038,0.010681,0.057373
0.010986,0.011292,0.064697
0.0083923,0.012054,0.058594
0.0080872,0.012054,0.062256
0.007782,0.009613,0.062256
0.0085449,0.0059509,0.067139
0.0091553,0.0024414,0.063477
0.0086975,0,0.063477
0.0088501,0.0018311,0.078125
0.010529,0.0024414,0.065918
0.011292,0.0041199,0.065918
0.014801,0.0042725,0.067139
0.015411,0.002594,0.043945
0.018768,0.0010681,0.056152
0.018311,0.0013733,0.05249
0.017548,0.0024414,0.048828
0.017242,0.0036621,0.053711
0.017395,0.0047302,0.050049
0.019989,0.0042725,0.050049
0.023346,0.0016785,0.046387
0.025177,-0.0012207,0.046387
0.026398,-0.0032043,0.031738
0.023651,-0.0035095,0.045166
0.023804,-0.0021362,0.043945
0.022583,-0.00045776,0.045166
0.023804,0.0010681,0.043945
0.026703,0.0019836,0.046387
0.028076,0.0030518,0.046387
0.03006,0.0018311,0.039063
0.029755,0.00045776,0.045166
0.029755,-0.00045776,0.036621
0.029755,-0.0010681,0.039063
0.030212,-0.0019836,0.037842
0.031738,-0.0019836,0.031738
0.033112,-0.0032043,0.039063
0.034637,-0.00091553,0.040283
0.035095,-0.00061035,0.039063
0.034332,-0.0016785,0.041504
0.033112,-0.0015259,0.043945
0.032196,-0.0022888,0.050049
0.033722,-0.0018311,0.05249
0.035858,-0.0022888,0.050049
0.036621,-0.00045776,0.057373
0.037079,0.00030518,0.058594
0.037994,0,0.068359
0.032959,-0.00061035,0.059814
0.029602,-0.00091553,0.06958
0.030212,0.0013733,0.059814
0.031433,0.0022888,0.056152
0.031891,0.0024414,0.061035
0.032196,0.002594,0.059814
0.030212,0.00061035,0.059814
0.028534,0.00030518,0.064697
0.028076,0.00015259,0.061035
0.027924,0.0016785,0.064697
0.029602,0.0028992,0.062256
0.030823,0.0033569,0.067139
0.031586,0.0036621,0.064697
0.032654,0.0016785,0.064697
0.036163,0.00061035,0.061035
0.032501,0.0018311,0.062256
0.031433,0.004425,0.057373
0.029602,0.0065613,0.057373
0.030365,0.0068665,4.2273
0.031891,0.0065613,4.8779
0.029144,0.0028992,4.9243
0.027008,-0.0016785,4.9182
0.024261,-0.0042725,4.9133
0.022583,-0.0027466,4.917
0.022736,0.00030518,4.9109
0.023346,0.004425,4.9158
0.025177,0.0059509,4.9133
0.026093,0.0045776,4.9097
0.027466,0.0015259,4.9133
0.02182,0,4.9084
0.021515,-0.0013733,4.906
0.019684,0.00030518,4.9084
0.021362,0.0012207,4.9146
0.023956,-0.00061035,4.9109
0.020752,-0.0021362,4.9109
0.019989,-0.0041199,4.9182
0.018311,-0.0036621,4.9023
0.018311,-0.0054932,4.906
0.018616,-0.0035095,4.9121
0.019531,-0.0027466,4.9011
0.021667,-0.0039673,4.9109
0.022888,-0.0042725,4.9036
0.02594,-0.0061035,4.9194
0.027771,-0.0059509,4.9158
0.029907,-0.0061035,4.9182
0.031586,-0.0053406,4.9219
0.032501,-0.0036621,4.9243
0.033417,-0.0019836,4.9292
0.03479,-0.00015259,4.9255
0.034332,0.00030518,4.9402
0.035858,0.0010681,4.9329
0.033417,0.00015259,4.9329
0.030518,-0.0015259,4.928
0.027008,-0.0027466,4.9304
0.026398,-0.0036621,4.9377
0.025787,-0.0065613,4.9353
0.02594,-0.0076294,4.939
0.025787,-0.010529,4.9329
0.02533,-0.01297,4.9231
0.025177,-0.013885,4.9353
0.024719,-0.014801,4.9377
0.024261,-0.013885,4.9353
0.027466,-0.012207,4.9304
0.028534,-0.010376,4.9304
0.029144,-0.009613,4.9292
0.027618,-0.0083923,4.9243
0.028076,-0.0068665,4.9292
0.028534,-0.0064087,4.9219
0.031281,-0.0024414,4.9194
0.033875,0.00030518,4.9207
0.036926,0.002594,4.9255
0.039825,0.0035095,4.9194
0.041809,0.0042725,4.9219
0.042572,0.0053406,4.9182
0.042267,0.005188,4.8999
0.040131,0.0065613,4.9121
0.038147,0.0062561,4.9109
0.036011,0.0065613,4.9084
0.032043,0.0057983,4.9097
0.028992,0.0016785,4.9182
0.026245,-0.00030518,4.9097
0.024261,-0.0024414,4.9097
0.02243,-0.00091553,4.906
0.023346,0.00076294,4.9084
0.025024,0.0015259,4.9072
0.025635,0.0021362,4.9133
0.027466,-0.00076294,4.9109
0.027161,-0.0027466,4.9121
0.025787,-0.0041199,4.9109
0.022736,-0.0045776,4.9194
0.019379,-0.0024414,0.064697
0.016785,0.00015259,0.05127
0.01358,0.0016785,0.059814
0.011749,-0.00015259,0.054932
0.010223,-0.0024414,0.039063
0.0088501,-0.0038147,0.057373
0.0091553,-0.0032043,0.056152
0.010071,-0.00091553,0.068359
0.013275,0.0022888,0.062256
0.016022,0.0012207,0.059814
0.018768,0.00030518,0.063477
0.02121,-0.00091553,0.059814
0.021057,-0.0048828,0.065918
0.020142,-0.0048828,0.057373
0.018005,-0.0042725,0.063477
0.017395,-0.00015259,0.065918
0.017395,0.0033569,0.067139
0.017242,0.0065613,0.075684
0.020447,0.0068665,0.067139
0.02243,0.0054932,0.061035
0.022888,0.0021362,0.065918
0.023651,0.00076294,0.070801
0.024872,0.00091553,0.057373
0.024719,0.0010681,0.056152
0.024261,0.0050354,0.053711
0.023041,0.0018311,0.05249
0.019989,0.00091553,0.048828
0.018463,0,0.05127
0.010834,0.00045776,0.046387
0.015259,0.0022888,0.048828
0.015259,0.0067139,0.040283
0.016785,0.009613,0.048828
0.018158,0.010986,0.042725
0.019226,0.012054,0.046387
0.019531,0.010681,0.041504
0.018158,0.0088501,0.041504
0.017853,0.0083923,0.053711
0.016479,0.0085449,0.040283
0.015869,0.0059509,0.05249
0.018311,0.0045776,0.037842
0.014038,0.0028992,0.030518
0.012817,0.002594,0.039063
0.011902,0.0035095,0.039063
0.014954,0.0048828,0.039063
0.014038,0.0071716,0.0354
0.014801,0.007019,0.037842
0.01709,0.007019,0.042725
0.019073,0.0067139,0.045166
0.020905,0.0056458,0.047607
0.020905,0.0054932,0.045166
0.021515,0.0050354,0.05249
0.020905,0.005188,0.058594
0.019073,0.0071716,0.054932
0.016632,0.0074768,0.058594
0.013275,0.0076294,0.063477
0.011444,0.0065613,0.059814
0.010223,0.0039673,0.061035
0.009613,0.0027466,0.072021
0.0090027,0.0039673,0.059814
0.010986,0.0079346,0.054932
0.013123,0.010681,0.058594
0.012665,0.014801,0.061035
0.016327,0.012665,0.061035
0.017853,0.0085449,0.064697
0.018921,0.0033569,0.062256
0.019836,-0.004425,0.070801
0.016632,-0.0019836,0.063477
0.020294,-0.00015259,0.056152
0.019989,0.0022888,0.063477
0.019531,0.0016785,0.064697
0.021515,0.0013733,0.057373
0.023193,-0.00030518,0.057373
0.025635,-0.0013733,0.06958
0.027008,0.0045776,0.053711
0.029297,0.0010681,0.050049
0.031586,0.00045776,0.047607
0.032654,0.00061035,0.026855
0.033875,-0.0018311,0.047607
0.034943,-0.0042725,2.8723
0.034485,-0.0073242,4.79
0.033417,-0.0094604,4.9023
0.030518,-0.0067139,4.9084
0.029755,-0.0036621,4.9109
0.028229,-0.00045776,4.9097
0.027313,0.0016785,4.9097
0.02594,0.0015259,4.906
0.026703,0.00030518,4.9097
0.027618,-0.00061035,4.9121
0.031281,-0.0013733,4.9097
0.033264,-0.00076294,4.9084
0.036163,-0.0036621,4.9109
0.036316,0.00015259,4.9121
0.036011,0.00076294,4.9109
0.035553,0.0015259,4.9194
0.034637,0.0013733,4.9121
0.03418,0,4.9097
0.031281,0.00076294,4.9158
0.028992,0.0012207,4.9219
0.026398,0.0028992,4.9194
0.025787,0.0035095,4.9207
0.026093,0.0033569,4.9207
0.027924,0.0021362,4.928
0.029144,0.0013733,4.9316
0.028687,0.00015259,4.9329
0.027924,-0.00045776,4.9268
0.024719,0.00045776,4.9329
0.025482,0.0019836,4.9316
0.024872,0.002594,4.9329
0.023956,0.0024414,4.939
0.021973,0.0015259,4.9353
0.019836,0.0035095,4.9329
0.019379,0.0027466,4.9341
0.019226,0.0073242,4.9353
0.019684,0.0064087,4.9377
0.020447,0.0062561,4.9329
0.022583,0.004425,4.9329
0.024567,0.002594,4.9341
0.025635,0.002594,4.9316
0.025024,0.0038147,4.9329
0.024414,0.0079346,4.9207
0.02243,0.0094604,4.9268
0.022583,0.0099182,4.9207
0.02243,0.0086975,4.9207
0.02121,0.0062561,4.9207
0.021515,0.0048828,4.9231
0.023346,0.0047302,4.9182
0.021667,0.0033569,4.917
0.022583,0.0010681,4.9292
0.021973,0.00030518,4.9158
0.021667,-0.0021362,4.9207
0.019836,-0.0050354,4.9109
0.018921,-0.0076294,4.9036
0.018158,-0.0086975,4.9072
0.0177,-0.0071716,4.9109
0.017853,-0.0045776,4.9109
0.018158,-0.0016785,4.9097
0.017548,-0.00030518,4.9072
0.018158,-0.0015259,4.9109
0.018311,-0.0019836,4.9072
0.020447,-0.0032043,4.9084
0.023651,-0.0041199,4.9097
0.025635,-0.0022888,4.9133
0.026855,0.00091553,4.9158
0.027924,0.0030518,4.9146
0.028534,0.0033569,4.9292
0.028534,0.0035095,4.9219
0.028381,0.00091553,4.9194
0.026855,-0.0012207,4.9268
0.023956,-0.0035095,4.9219
0.021362,-0.005188,4.9231
0.018311,-0.0080872,0.067139
0.016022,-0.010986,0.056152
0.015411,-0.013885,0.063477
0.016327,-0.01709,0.059814
0.017395,-0.021057,0.065918
0.018005,-0.020447,0.057373
0.018005,-0.020905,0.058594
0.019226,-0.019226,0.059814
0.020752,-0.018768,0.063477
0.023804,-0.017548,0.064697
0.025787,-0.014496,0.065918
0.029297,-0.0097656,0.06958
0.029297,-0.004425,0.068359
0.032654,-0.0010681,0.073242
0.034637,0.0028992,0.065918
0.036621,0.0047302,0.074463
0.03891,0.005188,0.057373
0.041504,0.0053406,0.050049
0.043945,0.004425,0.054932
0.045013,0.0038147,0.050049
0.046234,0.0024414,0.046387
0.044861,0.0027466,0.047607
0.041962,0.00061035,0.046387
0.038452,-0.00015259,0.046387
0.034637,-0.00076294,0.045166
0.030518,-0.002594,0.047607
0.028229,-0.005188,0.041504
0.02655,-0.0057983,0.046387
0.025482,-0.0057983,0.043945
0.024414,-0.007019,0.042725
0.023346,-0.0086975,0.041504
0.021515,-0.009613,0.041504
0.020599,-0.010071,0.041504
0.019073,-0.0090027,0.039063
0.017548,-0.0065613,0.031738
0.015717,-0.0047302,0.036621
0.014648,-0.0015259,0.039063
0.014343,0.0015259,0.03418
0.013275,0.0035095,0.042725
0.014954,0.007782,0.040283
0.01709,0.009613,0.042725
0.020447,0.011139,0.043945
0.020905,0.0097656,0.050049
0.022583,0.0082397,0.047607
0.024414,0.0048828,0.05249
0.024261,0.0018311,0.054932
0.023041,0.00015259,0.059814
0.020905,-0.00076294,0.05249
0.0177,-0.0012207,0.061035
0.016327,-0.00091553,0.06958
0.014496,-0.00030518,0.059814
0.013123,-0.00030518,0.070801
0.014954,-0.0010681,0.062256
0.016937,-0.0012207,0.045166
0.018616,-0.00061035,0.061035
0.018921,-0.00015259,0.065918
0.019073,0.00076294,0.062256
0.019684,0.0018311,0.061035
0.021057,0.004425,0.063477
0.021362,0.0036621,0.068359
0.020599,0.0035095,0.063477
0.017548,0.0048828,0.065918
0.015717,0.0061035,0.058594
0.01358,0.0080872,0.063477
0.011597,0.0097656,0.053711
0.010681,0.015717,0.058594
0.011597,0.019379,0.062256
0.011139,0.021057,0.054932
0.013428,0.020905,0.05127
0.015259,0.019989,0.047607
0.016479,0.015717,0.047607
0.016174,0.016022,0.046387
0.016479,0.015259,0.043945
0.013275,0.014038,0.045166
0.011292,0.013428,0.043945
0.0080872,0.010986,0.0354
0.0053406,0.0080872,0.040283
0.0030518,0.0059509,0.039063
0.0021362,0.0050354,1.0132
0.002594,0.0056458,4.6765
0.0038147,0.0079346,4.895
0.0064087,0.010529,4.9072
0.0094604,0.011749,4.9084
0.013733,0.011749,4.9084
0.015564,0.010529,4.9109
0.015869,0.011139,4.9207
0.014648,0.011597,4.9133
0.014038,0.011902,4.9219
0.011749,0.012207,4.9133
0.010529,0.011902,4.9048
0.0090027,0.010223,4.917
0.0083923,0.012512,4.9182
0.0079346,0.014038,4.9182
0.0083923,0.014496,4.9231
0.010529,0.015411,4.9207
0.014343,0.013123,4.9255
0.016479,0.009613,4.9268
0.019531,0.0064087,4.9341
0.02121,0.0048828,4.9292
0.022125,0.0041199,4.9329
0.022125,0.00015259,4.9316
0.021973,0.005188,4.9341
0.021515,0.0057983,4.9341
0.020294,0.0059509,4.9316
0.020142,0.0053406,4.9341
0.021362,0.0036621,4.9341
0.022583,0.0038147,4.9426
0.023804,0.0050354,4.9414
0.024567,0.0062561,4.9329
0.027771,0.0088501,4.9329
0.030212,0.010529,4.9329
0.031281,0.011139,4.9316
0.032043,0.010681,4.9304
0.029755,0.010071,4.9268
0.027924,0.0086975,4.928
0.019684,0.0080872,4.9231
0.020142,0.007782,4.9353
0.017395,0.007019,4.9182
0.014801,0.0054932,4.9207
0.01358,0.0038147,4.9182
0.012054,0.00091553,4.9182
0.01358,-0.0036621,4.9268
0.014648,-0.0028992,4.9158
0.016022,-0.0036621,4.9146
0.019226,-0.0033569,4.9146
0.021973,-0.0018311,4.8926
0.025024,-0.0024414,4.9072
0.027924,-0.0030518,4.9109
0.029449,-0.0028992,4.906
0.030212,-0.002594,4.9121
0.03067,-0.0018311,4.9084
0.032501,-0.00030518,4.9097
0.034637,0.0012207,4.9084
0.036316,0.0013733,4.906
0.037384,0.0010681,4.9084
0.037079,0.0015259,4.9158
0.036011,0.0016785,4.9121
0.034637,0.005188,4.9158
0.034332,0.0094604,4.9158
0.033875,0.012665,4.9255
0.034485,0.012207,4.9194
0.032806,0.009613,4.9243
0.029602,0.0067139,4.9353
0.029907,0.0036621,4.9243
0.028534,0.0039673,4.9255
0.026703,0.0030518,4.9304
0.025787,0.0047302,4.9292
0.025482,0.0065613,4.9292
0.024719,0.0076294,4.9304
0.023651,0.0036621,4.9316
0.022125,0.005188,0.065918
0.019379,0.0047302,0.061035
0.02182,0.0053406,0.065918
0.023041,0.0057983,0.059814
0.025177,0.0057983,0.072021
0.027618,0.0064087,0.065918
0.029755,0.0059509,0.065918
0.03067,0.005188,0.074463
0.029602,0.0054932,0.067139
0.028076,0.0062561,0.064697
0.027161,0.0074768,0.058594
0.02655,0.0094604,0.05127
0.026093,0.010986,0.057373
0.02533,0.011292,0.05249
0.023804,0.009613,0.050049
0.022125,0.007782,0.048828
0.022888,0.0027466,0.048828
0.023041,-0.00015259,0.046387
0.024719,-0.0032043,0.043945
0.024872,-0.005188,0.050049
0.023346,-0.0053406,0.039063
0.021362,-0.0054932,0.043945
0.019379,-0.007782,0.042725
0.016632,-0.010071,0.042725
0.014954,-0.011139,0.037842
0.014343,-0.0094604,0.041504
0.016632,-0.0067139,0.045166
0.019684,-0.0012207,0.041504
0.024261,0.0033569,0.046387
0.028687,0.0059509,0.039063
0.032806,0.0071716,0.030518
0.037842,0.0057983,0.030518
0.041351,0.0047302,0.037842
0.044708,0.0059509,0.041504
0.044861,0.0076294,0.041504
0.042419,0.0090027,0.040283
0.036926,0.0074768,0.047607
0.029144,0.0047302,0.048828
0.02182,-0.00091553,0.05249
0.014801,-0.0054932,0.05127
0.009613,-0.010529,0.059814
0.0067139,-0.014343,0.058594
0.0062561,-0.017395,0.061035
0.0080872,-0.019989,0.074463
0.010376,-0.02243,0.062256
0.012512,-0.023956,0.058594
0.014801,-0.022736,0.062256
0.018768,-0.019989,0.057373
0.022888,-0.013275,0.061035
0.025787,-0.0056458,0.059814
0.02533,0.0013733,0.062256
0.02594,0.0053406,0.064697
0.026245,0.0065613,0.061035
0.027313,0.0071716,0.06958
0.028381,0.0068665,0.063477
0.030823,0.0090027,0.064697
0.0354,0.0090027,0.062256
0.037537,0.009613,0.065918
0.039215,0.0071716,0.057373
0.03891,0.0061035,0.058594
0.037689,0.0022888,0.057373
0.034943,0.00045776,0.056152
0.033569,0,0.058594
0.032806,0.00091553,0.048828
0.031891,0.00061035,0.05249
0.028992,-0.0016785,0.047607
0.02533,-0.0053406,0.040283
0.022125,-0.010376,0.042725
0.019531,-0.013428,0.042725
0.017853,-0.013733,0.041504
0.01709,-0.011597,0.042725
0.016937,-0.0088501,0.037842
0.016479,-0.0074768,0.039063
0.016174,-0.0074768,0.037842
0.015869,-0.0073242,0.041504
0.016327,-0.0053406,0.03418
0.018005,-0.0030518,0.041504
0.020142,0.00045776,0.042725
0.02121,0.0030518,0.4834
0.021362,0.0041199,4.657
0.020905,0.0033569,4.8938
0.02121,0.0027466,4.9084
0.020599,0.0012207,4.9109
0.017853,0.00091553,4.9109
0.020447,-0.00015259,4.9194
0.019684,-0.0013733,4.917
0.018768,-0.0021362,4.9194
0.016937,-0.0030518,4.9207
0.017242,-0.0024414,4.9231
0.01709,-0.0010681,4.9268
0.018005,0.0027466,4.928
0.018921,-0.0010681,4.9329
0.019836,-0.0035095,4.9292
0.020905,-0.0050354,4.9353
0.020599,-0.0062561,4.9292
0.021515,-0.0065613,4.9329
0.022583,-0.0039673,4.9353
0.021362,-0.0032043,4.9304
0.019836,-0.0035095,4.939
0.019531,-0.0036621,4.9353
0.017853,-0.0035095,4.9377
0.016479,-0.0012207,4.939
0.014496,0.0013733,4.917
0.013428,0.0041199,4.9304
0.014191,0.0054932,4.9377
0.014038,0.0045776,4.9341
0.013733,0.005188,4.9365
0.014648,0.0057983,4.9231
0.016632,0.0074768,4.928
0.0177,0.0083923,4.9219
0.018463,0.0079346,4.9243
0.020599,0.0071716,4.9182
0.020599,0.0054932,4.9219
0.018921,0.0041199,4.9182
0.018921,0.002594,4.9207
0.019073,0.0028992,4.9194
0.018463,0.0041199,4.9194
0.018768,0.0053406,4.9146
0.017548,0.005188,4.9146
0.018311,0.005188,4.9097
0.019684,0.0053406,4.9084
0.021057,0.0050354,4.8901
0.023651,0.005188,4.9146
0.024414,0.0086975,4.9097
0.023041,0.012054,4.9072
0.02182,0.01236,4.9072
0.017395,0.013885,4.9084
0.012817,0.009613,4.9084
0.012054,0.0067139,4.9084
0.0090027,0.0035095,4.9158
0.0080872,0.0030518,4.9109
0.0074768,0.0059509,4.917
0.0054932,0.0083923,4.9207
0.0059509,0.0083923,4.9207
0.0057983,0.005188,4.9329
0.0065613,0.0016785,4.9243
0.0086975,-0.0010681,4.9304
0.011444,-0.0010681,4.9304
0.013733,0.0027466,4.9194
0.014801,0.0048828,4.9316
0.016479,0.0088501,4.9304
0.016937,0.0083923,4.9292
0.018158,0.0065613,4.9304
0.019836,0.005188,4.9316
0.022583,0.0038147,4.9341
0.025787,0.0036621,4.9292
0.028076,0.0038147,4.9365
0.028992,0.0042725,4.9316
0.027466,0.0027466,4.9377
0.027466,0.0021362,4.9353
0.027771,0.0028992,0.065918
0.029449,0.0030518,0.068359
0.029602,0.0041199,0.063477
0.029755,0.0045776,0.064697
0.027771,0.0039673,0.059814
0.026245,0.0022888,0.06958
0.020142,0.0016785,0.056152
0.019531,0.00045776,0.058594
0.019684,0.0013733,0.047607
0.02182,0.0016785,0.05249
0.022583,0.002594,0.047607
0.022736,0.00076294,0.050049
0.021057,0.00030518,0.043945
0.020752,-0.0015259,0.048828
0.021667,-0.0035095,0.039063
0.024567,-0.0042725,0.042725
0.027618,-0.0042725,0.040283
0.029907,-0.0030518,0.040283
0.029602,0.00045776,0.041504
0.028381,0.0032043,0.042725
0.028076,0.0053406,0.05249
0.02594,0.004425,0.040283
0.028229,0.005188,0.042725
0.030365,0.0048828,0.042725
0.032501,0.0042725,0.023193
0.032501,0.0035095,0.036621
0.030365,0.0028992,0.040283
0.027008,-0.00030518,0.039063
0.024109,0.00015259,0.041504
0.023193,-0.0019836,0.039063
0.023346,-0.0024414,0.048828
0.023041,-0.0021362,0.043945
0.020905,-0.0012207,0.05127
0.018005,-0.0012207,0.05127
0.014496,0.002594,0.062256
0.013123,0.0035095,0.061035
0.013885,0.0027466,0.063477
0.019226,0.0024414,0.06958
0.022278,-0.0022888,0.061035
0.024109,0.00076294,0.062256
0.024414,0.0021362,0.064697
0.023346,0.0041199,0.070801
0.021057,0.007019,0.061035
0.022278,0.0090027,0.05127
0.019379,0.010986,0.064697
0.022278,0.0090027,0.064697
0.023041,0.0085449,0.065918
0.025482,0.0080872,0.067139
0.025177,0.0068665,0.068359
0.024414,0.0053406,0.064697
0.023193,0.0042725,0.059814
0.023041,0.0033569,0.063477
0.022583,0.0013733,0.05127
0.025024,-0.00076294,0.056152
0.023346,-0.0010681,0.053711
0.02182,-0.0015259,0.05127
0.018768,-0.00091553,0.059814
0.017395,-0.0013733,0.05127
0.016632,-0.0012207,0.047607
0.0177,-0.0041199,0.048828
0.020142,-0.0053406,0.031738
0.02121,-0.007019,0.045166
0.019531,-0.0067139,0.043945
0.018005,-0.0059509,0.0354
0.015869,-0.0048828,0.039063
0.016327,-0.0042725,0.039063
0.018768,-0.0047302,0.039063
0.02121,-0.0054932,0.036621
0.022888,-0.005188,0.041504
0.02182,-0.0028992,0.036621
0.020294,-0.0018311,0.041504
0.018768,-0.0012207,0.041504
0.018616,-0.0012207,0.040283
0.020294,-0.0019836,0.03418
0.021515,-0.0030518,0.0354
0.023956,-0.0030518,0.045166
0.024109,-0.0082397,0.043945
0.024567,-0.010986,0.053711
0.024567,-0.011444,3.7512
0.02533,-0.010529,4.8328
0.026093,-0.0080872,4.9084
0.028229,-0.0057983,4.9231
0.028229,-0.0056458,4.9243
0.028534,-0.0061035,4.9146
0.025635,-0.0067139,4.917
0.023346,-0.0082397,4.9353
0.022278,-0.0053406,4.9316
0.02182,-0.0035095,4.9329
0.023956,-0.0022888,4.9255
0.026398,-0.0045776,4.9292
0.029755,-0.0061035,4.9316
0.031128,-0.007782,4.9341
0.032501,-0.0071716,4.9426
0.032806,-0.0036621,4.939
0.031586,0,4.9353
0.031128,0.0027466,4.9365
0.031128,0.0027466,4.9329
0.030212,0.00076294,4.9341
0.029449,0.00030518,4.9316
0.028229,0.0010681,4.9292
0.027008,0.0027466,4.9304
0.025177,0.0042725,4.9255
0.024261,0.0038147,4.928
0.023346,0.0012207,4.9219
0.024261,-0.0028992,4.9207
0.026245,-0.0038147,4.9109
0.02594,-0.0050354,4.9207
0.025787,-0.0033569,4.9158
0.021362,-0.0018311,4.9207
0.01709,-0.0028992,4.9109
0.011902,-0.0038147,4.917
0.011597,-0.0036621,4.9207
0.011292,-0.0041199,4.9146
0.012817,-0.0032043,4.9243
0.010986,-0.002594,4.9097
0.011292,-0.0015259,4.8999
0.009613,-0.0022888,4.9158
0.0091553,-0.00061035,4.9072
0.010834,0.00030518,4.9072
0.013275,0.0016785,4.9121
0.016327,0.0013733,4.906
0.016632,0.00061035,4.906
0.015869,0.00091553,4.9109
0.014343,0.0016785,4.9158
0.014191,0.0022888,4.9121
0.015106,0.004425,4.917
0.016479,0.0059509,4.9207
0.024109,0.0064087,4.9231
0.020905,0.0048828,4.9243
0.02121,0.0027466,4.9268
0.019684,0.0042725,4.9255
0.018158,0.0056458,4.9292
0.017853,0.0080872,4.9146
0.018768,0.0088501,4.9316
0.018921,0.0094604,4.9402
0.019684,0.0079346,4.9304
0.018463,0.0091553,4.9304
0.017242,0.0064087,4.9304
0.014801,0.0083923,4.9329
0.012054,0.0091553,4.9304
0.012665,0.0094604,4.9353
0.013885,0.010071,4.9329
0.015259,0.0093079,4.9316
0.015717,0.010376,4.9377
0.014191,0.011444,4.9377
0.011444,0.012665,4.9329
0.0073242,0.013275,4.9353
0.0056458,0.012512,4.9438
0.0045776,0.011292,4.9304
0.0021362,0.010529,4.9341
0.0065613,0.0093079,0.054932
0.0071716,0.0090027,0.036621
0.0065613,0.0079346,0.050049
0.0053406,0.0085449,0.05127
0.0047302,0.0086975,0.048828
0.0057983,0.0086975,0.045166
0.0079346,0.0083923,0.042725
0.0091553,0.0086975,0.046387
0.0091553,0.0073242,0.041504
0.0065613,0.0062561,0.042725
0.0024414,0.0059509,0.041504
-0.00030518,0.0057983,0.045166
-0.0027466,0.0073242,0.041504
-0.0013733,0.0086975,0.042725
0.0012207,0.0083923,0.046387
0.0057983,0.007019,0.039063
0.0085449,0.0050354,0.036621
0.010681,0.004425,0.041504
0.011749,0.0047302,0.029297
0.013885,0.0074768,0.040283
0.0177,0.011444,0.054932
0.02121,0.01358,0.041504
0.023041,0.015869,0.045166
0.022278,0.01709,0.045166
0.019836,0.018158,0.047607
0.017395,0.019379,0.048828
0.016174,0.017853,0.053711
0.016937,0.017395,0.047607
0.019836,0.013885,0.057373
0.022888,0.009613,0.057373
0.024872,0.0059509,0.059814
0.025482,0.0048828,0.058594
0.025177,0.0036621,0.063477
0.023956,0.0038147,0.067139
0.022278,0.0045776,0.063477
0.020599,0.0050354,0.075684
0.020905,0.0048828,0.059814
0.017548,0.0050354,0.05249
0.014954,0.0048828,0.061035
0.01236,0.0010681,0.064697
0.010376,-0.00015259,0.061035
0.010071,-0.0018311,0.065918
0.01236,-0.0013733,0.063477
0.016785,-0.0032043,0.063477
0.020599,0.0018311,0.061035
0.023346,0.0022888,0.061035
0.022125,0.0012207,0.054932
0.023651,0.00076294,0.057373
0.022125,0.00015259,0.056152
0.02243,0.0013733,0.054932
0.023499,0.002594,0.05127
0.025177,0.0022888,0.050049
0.025482,0.00076294,0.048828
0.023041,-0.0010681,0.047607
0.024261,-0.0022888,0.046387
0.023651,-0.0022888,0.045166
0.024567,-0.00091553,0.043945
0.027313,-0.0012207,0.039063
0.026703,-0.00091553,0.041504
0.032349,-0.0028992,0.037842
0.031738,-0.0032043,0.040283
0.029297,-0.0039673,0.036621
0.027008,-0.0019836,0.043945
0.025635,0.00091553,0.036621
0.024261,0.0022888,0.041504
0.025177,0.0022888,0.040283
0.025787,0.00076294,0.041504
0.026093,-0.00030518,0.040283
0.025482,0,0.041504
0.024261,0.002594,0.057373
0.023804,0.005188,0.040283
0.023956,0.0059509,0.05249
0.023193,0.0053406,0.042725
0.022125,0.0030518,0.031738
0.021057,-0.00030518,0.048828
0.020294,-0.0012207,0.053711
0.018768,-0.0012207,0.054932
0.018311,0.0016785,0.058594
0.017395,0.0042725,4.3945
0.017395,0.0048828,4.8975
0.019989,0.0035095,4.9255
0.019836,0.00030518,4.9316
0.02243,-0.0015259,4.9255
0.022736,-0.0035095,4.9304
0.023193,-0.0030518,4.9292
0.022888,-0.00091553,4.9329
0.024872,0.00091553,4.9365
0.026703,0.00045776,4.9353
0.028076,0.002594,4.9377
0.029907,0.0019836,4.939
0.03006,0.00091553,4.9475
0.029297,0.0010681,4.9353
0.027618,0.00045776,4.9316
0.027161,-0.00045776,4.9316
0.027008,-0.0030518,4.9268
0.026703,-0.0032043,4.9219
0.024872,-0.0050354,4.928
0.022125,-0.0059509,4.9207
0.019379,-0.0056458,4.9231
0.01709,-0.0064087,4.9097
0.016022,-0.0041199,4.9231
0.018616,-0.0018311,4.9146
0.020142,0.0010681,4.9207
0.023651,0.0038147,4.9158
0.02594,0.005188,4.9182
0.02655,0.0042725,4.917
0.028076,0.0019836,4.9146
0.028992,0.00061035,4.9109
0.030823,0.00091553,4.9121
0.031891,0.0024414,4.8987
0.03067,0.0047302,4.9084
0.027313,0.0047302,4.9109
0.022125,0.0030518,4.9097
0.019226,0.0012207,4.9109
0.016632,-0.0010681,4.9084
0.016022,-0.0041199,4.9158
0.017853,-0.005188,4.906
0.018005,-0.007019,4.9109
0.017853,-0.0094604,4.9109
0.018768,-0.012054,4.9133
0.020599,-0.015411,4.9182
0.022125,-0.016785,4.9207
0.021667,-0.015564,4.917
0.02121,-0.012512,4.9292
0.018921,-0.0082397,4.9255
0.0177,-0.0045776,4.9292
0.016785,-0.0035095,4.9414
0.017395,-0.0062561,4.9329
0.019531,-0.0090027,4.9121
0.020905,-0.0091553,4.928
0.022125,-0.0061035,4.9292
0.024109,-0.00061035,4.9304
0.027008,0.0053406,4.9329
0.030975,0.0067139,4.9304
0.034637,0.004425,4.9377
0.037231,0.0019836,4.9341
0.036774,0.00061035,4.9353
0.036316,0.0036621,4.939
0.034943,0.0073242,4.9377
0.032501,0.0086975,4.9329
0.03067,0.0085449,4.9365
0.029449,0.0033569,4.9438
0.028839,-0.0021362,4.9329
0.027008,-0.0039673,4.9268
0.02533,-0.0012207,4.928
0.024261,0.0010681,4.9158
0.023346,0.007782,4.9207
0.024414,0.007782,4.9219
0.02533,0.0068665,4.9194
0.02533,0.0022888,4.9194
0.025482,-0.0018311,0.042725
0.022125,0,0.046387
0.018616,-0.0038147,0.041504
0.013733,-0.0054932,0.042725
0.01358,-0.0030518,0.037842
0.0076294,-0.0027466,0.045166
0.005188,-0.0032043,0.039063
0.0038147,-0.002594,0.041504
0.0041199,-0.0038147,0.040283
0.0042725,-0.0013733,0.036621
0.007019,-0.0012207,0.050049
0.0097656,-0.0038147,0.037842
0.013123,-0.0054932,0.05127
0.015869,-0.0068665,0.039063
0.018768,-0.007019,0.032959
0.020599,-0.0065613,0.041504
0.021973,-0.0054932,0.042725
0.02182,-0.0053406,0.041504
0.020599,-0.0038147,0.047607
0.018311,-0.0013733,0.048828
0.018616,0.0028992,0.056152
0.018311,0.0062561,0.05249
0.017242,0.0065613,0.059814
0.016479,0.0041199,0.054932
0.016785,0.00091553,0.061035
0.013885,-0.0021362,0.061035
0.016937,-0.0013733,0.063477
0.017853,0.0010681,0.073242
0.017242,0.0033569,0.059814
0.016785,0.0041199,0.061035
0.016632,0.0036621,0.062256
0.015106,0.0032043,0.062256
0.013885,0.005188,0.061035
0.013275,0.010529,0.063477
0.011444,0.010223,0.061035
0.0083923,0.010834,0.065918
0.0068665,0.0082397,0.064697
0.0045776,0.0050354,0.067139
0.0030518,0.0024414,0.062256
0.0024414,0.0021362,0.063477
0.0038147,0.0022888,0.05249
0.0045776,0.0038147,0.054932
0.005188,0.0036621,0.058594
0.0059509,0.0041199,0.056152
0.0064087,0.0015259,0.047607
0.0073242,0.00030518,0.046387
0.0080872,0.0018311,0.062256
0.0090027,0.005188,0.048828
0.009613,0.0039673,0.056152
0.010986,0.005188,0.047607
0.011749,0.004425,0.040283
0.013885,0.0019836,0.037842
0.014954,0.0013733,0.040283
0.015564,0.0015259,0.040283
0.016174,0.0028992,0.039063
0.017395,0.0032043,0.03418
0.016479,0.0027466,0.040283
0.017548,0.00015259,0.037842
0.017853,-0.00091553,0.041504
0.018616,-0.00091553,0.037842
0.019379,0.00045776,0.041504
0.018921,0.0033569,0.040283
0.019531,0.0068665,0.045166
0.019989,0.005188,0.05127
0.021667,0.0041199,0.042725
0.02243,0.0041199,0.045166
0.023804,0.004425,0.050049
0.023804,0.009613,0.041504
0.02182,0.009613,0.05249
0.021667,0.010529,0.03418
0.02243,0.0085449,0.054932
0.023041,0.0067139,0.059814
0.023956,0.0038147,0.057373
0.025482,0.0022888,0.062256
0.025024,0.0019836,0.058594
0.024567,0.00091553,0.061035
0.023346,0.0015259,0.056152
0.023041,-0.00015259,0.065918
0.02243,-0.0019836,4.5581
0.02243,-0.0045776,4.9072
0.020905,-0.0068665,4.9268
0.019379,-0.0086975,4.9353
0.016785,-0.0057983,4.939
0.015106,-0.0059509,4.9377
0.014954,-0.0045776,4.9426
0.014496,-0.0027466,4.9341
0.015717,-0.0024414,4.9194
0.017548,-0.0030518,4.9341
0.018768,-0.0039673,4.928
0.020905,-0.004425,4.9268
0.024719,-0.0038147,4.9255
0.025177,-0.0033569,4.9231
0.027771,-0.0024414,4.9231
0.029144,-0.00061035,4.9194
0.031738,-0.00091553,4.9182
0.033875,-0.0016785,4.9146
0.034637,-0.0035095,4.9158
0.03479,-0.0083923,4.9146
0.033417,-0.0061035,4.9207
0.031433,-0.0062561,4.9121
0.026855,-0.0045776,4.9146
0.02655,-0.0047302,4.9109
0.026855,-0.004425,4.9109
0.027313,-0.0054932,4.9072
0.027771,-0.007019,4.9048
0.027924,-0.0067139,4.917
0.027161,-0.0062561,4.9084
0.027771,-0.0038147,4.9109
0.027313,-0.0024414,4.9109
0.027771,0.00015259,4.9084
0.027771,0.0010681,4.906
0.026398,0.00030518,4.9121
0.02243,0.0035095,4.9109
0.021515,0.0053406,4.9182
0.019684,0.0053406,4.9158
0.019073,0.0061035,4.9207
0.020905,0.0050354,4.9207
0.022888,0.0042725,4.9255
0.026093,0.004425,4.9353
0.026093,0.0047302,4.928
0.026398,0.0059509,4.9329
0.025635,0.0065613,4.9316
0.023193,0.0062561,4.9146
0.020447,0.0042725,4.9316
0.019073,0.0019836,4.9402
0.018311,-0.0022888,4.9316
0.01709,-0.0041199,4.9292
0.017242,-0.0059509,4.9292
0.016937,-0.0062561,4.9341
0.01709,-0.0061035,4.9353
0.017853,-0.0068665,4.9329
0.018768,-0.0079346,4.9292
0.020142,-0.0086975,4.9377
0.021515,-0.0091553,4.9341
0.02121,-0.0083923,4.9353
0.019531,-0.0067139,4.9255
0.017395,-0.0045776,4.9304
0.015411,-0.0030518,4.9304
0.013275,-0.0042725,4.928
0.012207,-0.0071716,4.9316
0.012665,-0.010834,4.9231
0.01358,-0.014343,4.9207
0.013123,-0.015411,4.9304
0.014954,-0.013885,4.9182
0.014496,-0.011902,4.9158
0.016174,-0.0093079,4.917
0.018921,-0.0068665,4.9133
0.021667,-0.0053406,4.9133
0.023804,-0.005188,4.9097
0.026093,-0.0057983,4.9146
0.026398,-0.0080872,0.047607
0.027771,-0.007019,0.030518
0.027161,-0.0050354,0.041504
0.026855,-0.0021362,0.039063
0.026398,-0.00045776,0.050049
0.025635,-0.0027466,0.041504
0.02594,-0.0062561,0.05127
0.025482,-0.0090027,0.037842
0.026245,-0.0091553,0.030518
0.026093,-0.0073242,0.041504
0.026398,-0.0042725,0.041504
0.027008,-0.0035095,0.031738
0.027313,-0.0053406,0.048828
0.027466,-0.0071716,0.047607
0.025635,-0.0091553,0.05127
0.022736,-0.0086975,0.05127
0.018311,-0.005188,0.056152
0.014038,-0.0022888,0.056152
0.011444,-0.00076294,0.059814
0.0088501,-0.0024414,0.063477
0.0088501,-0.0071716,0.063477
0.010223,-0.011597,0.063477
0.01236,-0.013428,0.061035
0.016937,-0.012207,0.063477
0.020905,-0.0086975,0.059814
0.024414,-0.007019,0.072021
0.027313,-0.0059509,0.062256
0.029755,-0.0064087,0.061035
0.029755,-0.0059509,0.061035
0.029755,-0.0054932,0.068359
0.027618,-0.0045776,0.061035
0.025177,-0.0045776,0.064697
0.021973,-0.0067139,0.061035
0.018463,-0.0090027,0.064697
0.016479,-0.0076294,0.061035
0.016327,-0.0047302,0.057373
0.015869,-0.00091553,0.056152
0.01709,0.0022888,0.057373
0.013733,0.0047302,0.048828
0.019073,0.0048828,0.050049
0.019989,0.0053406,0.063477
0.022278,0.0062561,0.042725
0.024872,0.0079346,0.048828
0.026093,0.010986,0.045166
0.027161,0.014038,0.026855
0.026093,0.015411,0.041504
0.023041,0.015717,0.037842
0.018158,0.015259,0.03418
0.011749,0.014191,0.041504
0.0073242,0.013123,0.036621
0.0024414,0.0090027,0.039063
-0.00076294,0.002594,0.036621
-0.0016785,-0.0071716,0.036621
-0.0012207,-0.014496,0.031738
0,-0.018463,0.041504
0.0048828,-0.019379,0.041504
0.0091553,-0.016937,0.040283
0.012054,-0.01358,0.040283
0.014496,-0.0079346,0.046387
0.014496,-0.0015259,0.046387
0.014038,0.005188,0.046387
0.013123,0.013885,0.056152
0.014343,0.022125,0.050049
0.015717,0.029144,0.045166
0.018158,0.032196,0.053711
0.021362,0.03006,0.053711
0.025024,0.023956,0.054932
0.029907,0.020447,0.061035
0.033722,0.016022,0.057373
0.035248,0.01297,0.064697
0.035248,0.011597,0.059814
0.032043,0.0093079,0.062256
0.024261,0.0080872,0.056152
0.016937,0.0048828,0.064697
0.0085449,0.0036621,0.064697
-0.00030518,0.002594,0.063477
-0.0048828,0.0027466,0.072021
-0.0071716,0.00030518,0.065918
-0.0045776,0.0015259,4.0015
-0.0016785,-0.00061035,4.8779
0.0042725,-0.0012207,4.9231
0.0094604,-0.0021362,4.9341
0.013885,-0.0010681,4.9243
0.014038,-0.00015259,4.9268
0.01358,0.0036621,4.928
0.011139,0.0054932,4.9207
0.0076294,0.007019,4.9243
0.0016785,0.0062561,4.9194
-0.0032043,0.0073242,4.9219
-0.011749,0.0071716,4.9158
-0.011597,0.0068665,4.9158
-0.012207,0.0080872,4.9158
-0.0073242,0.0071716,4.9182
0,0.0068665,4.9182
0.0062561,0.0061035,4.9146
0.012054,0.0054932,4.9219
0.0177,0.0071716,4.9109
0.020599,0.0093079,4.9182
0.023651,0.011292,4.9109
0.025024,0.013275,4.9011
0.026703,0.014648,4.9084
0.027161,0.014191,4.9121
0.026398,0.01236,4.9109
0.025024,0.0083923,4.9072
0.024109,0.0039673,4.9109
0.023804,-0.00015259,4.9109
0.023956,-0.004425,4.9109
0.024261,-0.0068665,4.9146
0.027008,-0.0086975,4.9194
0.02655,-0.0083923,4.9231
0.027618,-0.0059509,4.9182
0.026398,-0.0027466,4.9207
0.025482,0.0015259,4.9353
0.023651,0.004425,4.9255
0.020142,0.0065613,4.9219
0.017395,0.0045776,4.9341
0.014343,0.0021362,4.9304
0.013885,0.00030518,4.9304
0.011749,-0.00091553,4.9353
0.010834,-0.0015259,4.9316
0.011597,-0.0018311,4.928
0.01358,-0.0035095,4.9292
0.016937,-0.0038147,4.9353
0.020752,-0.0028992,4.9329
0.024872,-0.0035095,4.9353
0.027161,-0.0019836,4.9353
0.029907,-0.00091553,4.939
0.031738,0.0010681,4.9353
0.032959,0.0016785,4.9353
0.033417,0.0022888,4.9329
0.034332,0.0018311,4.9219
0.033417,0.00091553,4.9414
0.033722,0.0015259,4.9292
0.034485,0.0019836,4.9365
0.035248,0.0028992,4.9231
0.037384,0.002594,4.9036
0.038147,0.00030518,4.9231
0.040283,-0.0013733,4.917
0.038757,-0.0036621,4.9158
0.036926,-0.004425,4.9158
0.032806,-0.002594,4.9146
0.029449,-0.0021362,4.9158
0.027466,0,4.9109
0.024872,0.00015259,4.9146
0.022736,-0.0010681,4.906
0.022888,-0.0019836,4.9158
0.022736,-0.0045776,4.9084
0.023804,-0.0048828,4.9146
0.025024,-0.0062561,4.9097
0.026093,-0.0080872,4.9097
0.027466,-0.0099182,4.9084
0.028229,-0.012054,0.039063
0.028534,-0.011139,0.037842
0.027466,-0.0073242,0.041504
0.026703,-0.0033569,0.050049
0.02655,0.0022888,0.043945
0.027313,0.0074768,0.045166
0.029144,0.013428,0.048828
0.031281,0.017548,0.05127
0.033569,0.019073,0.048828
0.03418,0.018768,0.059814
0.034485,0.014496,0.054932
0.034943,0.010681,0.061035
0.03479,0.0068665,0.058594
0.033569,0.0039673,0.064697
0.030975,0.0030518,0.058594
0.03006,-0.00015259,0.063477
0.02594,-0.0018311,0.070801
0.023651,-0.0039673,0.061035
0.021973,-0.0041199,0.070801
0.022278,-0.0015259,0.063477
0.023956,0.0021362,0.047607
0.026093,0.0057983,0.061035
0.028076,0.0093079,0.070801
0.028992,0.0079346,0.067139
0.028687,0.0050354,0.065918
0.028076,0.0012207,0.059814
0.028381,-0.0022888,0.063477
0.028839,-0.0030518,0.057373
0.028381,-0.0041199,0.059814
0.027771,-0.0038147,0.053711
0.02655,-0.0035095,0.056152
0.025024,-0.0039673,0.047607
0.023193,-0.0050354,0.05249
0.024261,-0.0041199,0.056152
0.024719,-0.00076294,0.05127
0.026093,0.002594,0.047607
0.025635,0.0041199,0.047607
0.024414,0.0039673,0.03418
0.022125,-0.00015259,0.03418
0.019226,-0.0068665,0.040283
0.016632,-0.0093079,0.040283
0.016327,-0.010529,0.040283
0.017395,-0.0086975,0.036621
0.018768,-0.004425,0.037842
0.020599,-0.0032043,0.039063
0.021667,-0.0012207,0.040283
0.023346,0.00076294,0.03418
0.026093,0.0010681,0.042725
0.029449,0.0019836,0.036621
0.033417,0.0036621,0.042725
0.034332,0.0048828,0.041504
0.03418,0.0036621,0.041504
0.034485,0.00061035,0.053711
0.033417,-0.002594,0.046387
0.031891,-0.0064087,0.061035
0.030975,-0.007782,0.047607
0.030365,-0.0073242,0.043945
0.029449,-0.0059509,0.05249
0.028534,-0.0071716,0.054932
0.027924,-0.010529,0.054932
0.027618,-0.01236,0.057373
0.025635,-0.013428,0.057373
0.023956,-0.01358,0.062256
0.021057,-0.010529,0.057373
0.018616,-0.0065613,0.068359
0.016632,-0.0030518,0.057373
0.015411,-0.0013733,0.064697
0.016022,-0.00076294,0.062256
0.017242,-0.0015259,0.065918
0.017395,-0.0024414,0.065918
0.02121,-0.002594,0.064697
0.023956,-0.00030518,0.065918
0.026703,0.0018311,0.067139
0.028381,0.0032043,0.075684
0.028229,0.0036621,0.062256
0.027008,0.0027466,0.048828
0.023193,0.00091553,0.057373
0.020294,0.00045776,3.3972
0.016632,0.00045776,4.8279
0.015259,0.0018311,4.9146
0.014191,0.0032043,4.9158
0.014191,0.0022888,4.917
0.014954,0.0019836,4.9158
0.015564,-0.0018311,4.9194
0.016785,-0.0054932,4.9133
0.016937,-0.009613,4.9194
0.016479,-0.010834,4.9146
0.015564,-0.010681,4.9146
0.013733,-0.0093079,4.9231
0.010834,-0.0079346,4.9146
0.007782,-0.0080872,4.9121
0.0068665,-0.0065613,4.917
0.0056458,-0.010223,4.8901
0.0073242,-0.011139,4.9084
0.0093079,-0.0085449,4.9072
0.010834,-0.0062561,4.9084
0.011292,-0.0050354,4.9084
0.011749,-0.0036621,4.9048
0.012512,-0.0035095,4.9133
0.01297,-0.0035095,4.9097
0.014343,-0.0013733,4.9146
0.015717,0.00015259,4.9133
0.016174,0.0033569,4.9207
0.015564,0.0071716,4.9219
0.013123,0.0067139,4.9243
0.013733,0.007019,4.928
0.012512,0.0082397,4.9268
0.016632,0.0047302,4.928
0.018768,0.0036621,4.9304
0.019989,0.0032043,4.9426
0.020294,0.0032043,4.9304
0.019379,0.0035095,4.9231
0.018921,0.0021362,4.9243
0.017853,-0.00030518,4.9268
0.019684,-0.00061035,4.9304
0.018463,-0.0018311,4.9304
0.018158,-0.0027466,4.9316
0.016479,-0.0018311,4.9329
0.013428,-0.0016785,4.9341
0.01236,-0.00061035,4.9377
0.010223,0.00061035,4.9353
0.0090027,-0.0032043,4.9365
0.0086975,-0.0021362,4.9316
0.0080872,-0.0038147,4.9219
0.0065613,-0.004425,4.9414
0.0083923,-0.00045776,4.9304
0.0090027,-0.0041199,4.9255
0.0099182,-0.0028992,4.9243
0.010986,-0.0035095,4.9121
0.012512,-0.0030518,4.9207
0.01358,-0.0027466,4.9182
0.014954,-0.0013733,4.9146
0.015869,0.00076294,4.9207
0.016785,0.0024414,4.9146
0.015869,0.0019836,4.917
0.017242,0.0032043,4.9097
0.019073,0.0016785,4.9133
0.021515,0.00030518,4.9084
0.025177,-0.00061035,4.9109
0.027924,0.0010681,4.9146
0.033112,0.0030518,4.9133
0.031433,0.0041199,4.9097
0.031891,0.005188,4.9121
0.033722,0.0050354,4.9121
0.035248,0.0045776,4.9084
0.036316,0.0048828,4.9146
0.035706,0.0056458,4.9109
0.032654,0.004425,4.906
0.028839,0.0054932,4.9109
0.024261,0.00076294,4.9158
0.023499,-0.0054932,4.9194
0.019379,-0.0091553,0.048828
0.019531,-0.013275,0.048828
0.019836,-0.013733,0.056152
0.017853,-0.0097656,0.05249
0.016785,-0.0068665,0.058594
0.016022,-0.0050354,0.056152
0.01297,-0.0088501,0.063477
0.014343,-0.0064087,0.062256
0.014954,-0.0057983,0.064697
0.017853,-0.0035095,0.076904
0.019684,0.00076294,0.061035
0.018463,0.0057983,0.062256
0.020142,0.011444,0.063477
0.020905,0.0091553,0.05249
0.023651,0.0054932,0.063477
0.027008,0.0035095,0.062256
0.031586,-0.00045776,0.063477
0.03479,-0.0012207,0.065918
0.036316,0.00015259,0.063477
0.037689,0.0013733,0.068359
0.037537,0.0028992,0.058594
0.03952,0.005188,0.061035
0.039673,0.002594,0.057373
0.040588,0.0021362,0.057373
0.040283,-0.00076294,0.05249
0.037994,-0.0015259,0.054932
0.03479,-0.0056458,0.05249
0.03006,-0.005188,0.053711
0.024872,-0.0068665,0.05249
0.024719,-0.0074768,0.047607
0.024719,-0.0094604,0.061035
0.024414,-0.010986,0.042725
0.025177,-0.0093079,0.03418
0.024414,-0.0091553,0.042725
0.022583,-0.0054932,0.042725
0.021057,-0.00091553,0.037842
0.019989,0.0045776,0.036621
0.020142,0.0074768,0.036621
0.02243,0.007782,0.042725
0.024414,0.0093079,0.037842
0.025482,0.010223,0.042725
0.025635,0.011749,0.032959
0.024109,0.01236,0.041504
0.024261,0.013123,0.040283
0.025177,0.011139,0.043945
0.026855,0.0076294,0.048828
0.029144,0.0032043,0.042725
0.029144,0.00030518,0.05249
0.027466,0.00030518,0.047607
0.023956,0.0021362,0.045166
0.020905,0.0032043,0.05249
0.019989,0.0030518,0.05249
0.019836,-0.00015259,0.053711
0.02121,-0.0039673,0.058594
0.023346,-0.0079346,0.057373
0.022888,-0.010529,0.062256
0.020447,-0.0094604,0.058594
0.018768,-0.0093079,0.062256
0.018616,-0.0076294,0.05249
0.019989,-0.010223,0.063477
0.022583,-0.0093079,0.063477
0.023956,-0.010223,0.063477
0.024261,-0.0085449,0.061035
0.024261,-0.0036621,0.064697
0.023041,0.0013733,0.073242
0.023499,0.0036621,0.065918
0.02594,0.0035095,0.073242
0.028992,0.00015259,0.064697
0.032196,-0.0041199,0.050049
0.03418,-0.0091553,0.058594
0.033264,-0.0053406,0.061035
0.031281,-0.0061035,0.053711
0.028839,-0.0057983,0.054932
0.027924,-0.0062561,0.046387
0.027771,-0.007019,0.05249
0.027313,-0.0097656,0.047607
0.027161,-0.0097656,0.050049
0.024567,-0.010834,4.425
0.02243,-0.011139,4.8828
0.020294,-0.012207,4.9121
0.020599,-0.012207,4.9146
0.021057,-0.011139,4.9158
0.022888,-0.0088501,4.9109
0.024109,-0.0065613,4.9084
0.025635,-0.0048828,4.9146
0.024719,-0.0016785,4.9011
0.027313,0.00091553,4.9072
0.028687,0.0039673,4.9207
0.030518,0.0061035,4.9109
0.032806,0.0076294,4.9109
0.033875,0.0071716,4.9072
0.0354,0.0056458,4.9109
0.034637,0.00091553,4.9084
0.032806,0.00061035,4.9097
0.030365,-0.0030518,4.9097
0.029449,-0.0050354,4.9207
0.028839,-0.0068665,4.9109
0.029144,-0.0088501,4.9219
0.027924,-0.010681,4.9207
0.025787,-0.012665,4.9292
0.022583,-0.01236,4.9243
0.018005,-0.01297,4.9292
0.01709,-0.011139,4.939
0.018311,-0.009613,4.9316
0.020447,-0.0067139,4.9207
0.024261,-0.0057983,4.9463
0.025482,-0.002594,4.9292
0.024872,0.002594,4.9316
0.02182,0.007782,4.928
0.019073,0.011292,4.9304
0.018158,0.012054,4.9292
0.018005,0.011444,4.9182
0.018463,0.0094604,4.9377
0.0177,0.0074768,4.9316
0.01709,0.005188,4.9353
0.01236,0.0033569,4.9341
0.0099182,0.0015259,4.939
0.010529,0.00076294,4.9377
0.012665,0.002594,4.9341
0.015564,0.0027466,4.9304
0.01709,0.0028992,4.928
0.015869,0.0010681,4.9219
0.011902,-0.0030518,4.9231
0.010223,-0.0057983,4.9097
0.0082397,-0.0085449,4.9182
0.0088501,-0.0093079,4.9194
0.011292,-0.0091553,4.9158
0.011902,-0.0083923,4.9158
0.014954,-0.0085449,4.9084
0.016479,-0.0091553,4.9182
0.013885,-0.0071716,4.9084
0.01236,-0.0045776,4.9121
0.01297,-0.00061035,4.9158
0.014191,0.0028992,4.906
0.014496,0.0032043,4.9097
0.014191,0.0068665,4.9121
0.013885,0.0083923,4.9219
0.012817,0.0076294,4.9109
0.01297,0.0083923,4.917
0.014496,0.010071,4.9109
0.017242,0.012054,4.895
0.020905,0.014343,4.9109
0.022125,0.014648,4.9121
0.02243,0.01358,4.9219
0.023651,0.013428,4.9158
0.020905,0.011292,4.917
0.018311,0.0094604,4.9207
0.015411,0.007782,4.9219
0.015106,0.0038147,4.9316
0.018005,0.00030518,4.9255
0.015564,-0.0024414,0.061035
0.016479,-0.0030518,0.061035
0.015564,-0.0015259,0.064697
0.014496,0.0016785,0.068359
0.014954,0.0035095,0.062256
0.014954,0.0054932,0.059814
0.016022,-0.00015259,0.064697
0.016174,0.0057983,0.072021
0.015259,0.0057983,0.054932
0.013123,0.0080872,0.057373
0.010071,0.010223,0.064697
0.0076294,0.012207,0.065918
0.0076294,0.01358,0.062256
0.0097656,0.012207,0.065918
0.010834,0.0099182,0.067139
0.011902,0.0079346,0.059814
0.010986,0.0067139,0.057373
0.0083923,0.0074768,0.059814
0.007019,0.0073242,0.053711
0.007019,0.007782,0.056152
0.010071,0.0068665,0.05249
0.013123,0.0054932,0.053711
0.016327,0.0039673,0.056152
0.017242,0.0027466,0.048828
0.016785,0.0027466,0.05127
0.015564,0.0033569,0.042725
0.014191,0.0036621,0.031738
0.015106,0.0033569,0.042725
0.016174,0.0071716,0.039063
0.017853,0.00061035,0.039063
0.018463,-0.00030518,0.039063
0.016174,0,0.040283
0.019531,-0.00030518,0.037842
0.020447,0.00076294,0.039063
0.022125,0.0015259,0.042725
0.024719,0.0024414,0.0354
0.025635,0.002594,0.041504
0.024109,0.00030518,0.042725
0.022125,-0.0022888,0.041504
0.019073,-0.0039673,0.037842
0.015869,-0.0032043,0.043945
0.016785,-0.0016785,0.045166
0.018768,-0.00030518,0.047607
0.021362,-0.00030518,0.056152
0.023193,-0.002594,0.054932
0.024567,-0.004425,0.042725
0.023041,-0.0067139,0.047607
0.026703,-0.0048828,0.058594
0.027313,-0.0010681,0.058594
0.03006,0.0022888,0.059814
0.032501,0.0047302,0.057373
0.033722,0.0022888,0.061035
0.0354,0.0013733,0.059814
0.035248,-0.00015259,0.062256
0.034637,0.00045776,0.059814
0.032959,0.002594,0.063477
0.032806,0.0039673,0.059814
0.032349,0.005188,0.065918
0.034027,0.004425,0.076904
0.032654,0.0027466,0.067139
0.031586,0.00091553,0.067139
0.030518,0.00091553,0.067139
0.026398,0.0018311,0.05127
0.025024,0.0033569,0.061035
0.025024,0.0039673,0.059814
0.027618,0.0022888,0.056152
0.028992,-0.0012207,0.054932
0.028839,-0.0053406,0.050049
0.027313,-0.0082397,0.05127
0.024872,-0.010834,0.046387
0.023499,-0.013428,0.050049
0.022736,-0.012054,0.045166
0.023193,-0.010223,0.047607
0.023956,-0.0088501,0.043945
0.02533,-0.0048828,0.046387
0.02655,-0.0021362,0.045166
0.028381,0.00091553,0.042725
0.031586,0.0038147,2.55
0.035248,0.0045776,4.7742
0.038452,0.0068665,4.9036
0.041656,0.0076294,4.9084
0.041809,0.0065613,4.8975
0.041351,0.0047302,4.9084
0.039368,0.0024414,4.9084
0.036774,0.00015259,4.9084
0.033112,0.00045776,4.9097
0.029907,0.0013733,4.9084
0.027466,0.0018311,4.9097
0.02533,0.0021362,4.9084
0.024414,-0.0015259,4.9207
0.02533,-0.0038147,4.9158
0.025024,-0.0050354,4.917
0.02533,-0.0042725,4.9194
0.024872,-0.0012207,4.9231
0.02533,0.0018311,4.9255
0.02655,0.0012207,4.928
0.025787,-0.0010681,4.9316
0.02594,-0.0048828,4.9292
0.025177,-0.0071716,4.9353
0.024719,-0.0062561,4.9329
0.024261,-0.0021362,4.9146
0.024567,0.0036621,4.9292
0.025787,0.0073242,4.9304
0.027618,0.0065613,4.9304
0.03006,0.0036621,4.9353
0.032654,-0.00061035,4.9341
0.035248,-0.0030518,4.9341
0.037537,0.00015259,4.9329
0.03952,0.004425,4.9377
0.039673,0.0080872,4.9353
0.03891,0.0090027,4.9255
0.034943,0.0045776,4.9329
0.033112,-0.00091553,4.9329
0.029602,-0.0085449,4.9402
0.025635,-0.010376,4.9292
0.023193,-0.011139,4.9304
0.020294,-0.010376,4.9219
0.020142,-0.0093079,4.9097
0.019989,-0.0086975,4.917
0.02121,-0.0079346,4.9121
0.022583,-0.007019,4.9194
0.024872,-0.0041199,4.9158
0.025787,-0.0024414,4.9121
0.026398,-0.00030518,4.9158
0.027161,0.0021362,4.9109
0.027771,0.0053406,4.9121
0.028534,0.0074768,4.9072
0.029755,0.0086975,4.9158
0.030823,0.0088501,4.9121
0.033722,0.010071,4.9121
0.03418,0.010071,4.9146
0.034637,0.010071,4.906
0.034637,0.0086975,4.9048
0.034027,0.0074768,4.9109
0.032349,0.0030518,4.8999
0.025482,-0.00030518,4.9084
0.027313,-0.0027466,4.8987
0.024567,-0.0035095,4.9158
0.021515,-0.0028992,4.9146
0.021515,-0.0027466,4.917
0.020599,0.00015259,4.9231
0.021362,0.0015259,4.9231
0.020752,0,4.9292
0.019836,0.0021362,4.9255
0.019073,0.0024414,4.9304
0.020447,0.0027466,4.9292
0.021057,0.0024414,4.9341
0.020294,0.0015259,4.9304
0.018921,-0.00045776,4.9316
0.016632,-0.0021362,4.9365
0.011749,-0.0036621,0.062256
0.013733,-0.0019836,0.072021
0.013733,-0.00076294,0.059814
0.014954,0.0024414,0.054932
0.015564,0.0042725,0.064697
0.015869,0.0048828,0.067139
0.016022,0.0036621,0.064697
0.015411,0.0013733,0.06958
0.015411,-0.00091553,0.064697
0.017242,-0.0013733,0.064697
0.018768,-0.0022888,0.061035
0.019531,-0.0027466,0.061035
0.018921,-0.0054932,0.05249
0.017853,-0.0080872,0.056152
0.017242,-0.009613,0.050049
0.016479,-0.0093079,0.05127
0.022125,-0.0059509,0.05127
0.02182,-0.0016785,0.047607
0.024567,0.0013733,0.046387
0.02594,0.0018311,0.047607
0.026398,0.0016785,0.041504
0.025787,-0.0012207,0.042725
0.02533,-0.0028992,0.042725
0.025177,0.0019836,0.039063
0.024261,-0.00015259,0.041504
0.023193,0.0028992,0.037842
0.020294,0.0045776,0.041504
0.016174,0.0048828,0.037842
0.011139,0.0050354,0.042725
0.0080872,0.0027466,0.037842
0.0067139,0.0035095,0.041504
0.004425,0.0059509,0.037842
0.0056458,0.0047302,0.043945
0.0068665,0.007782,0.036621
0.0097656,0.007019,0.046387
0.01236,0.0038147,0.053711
0.014954,0,0.042725
0.016327,-0.0015259,0.057373
0.016937,-0.0016785,0.05127
0.018005,0.0015259,0.037842
0.019226,0.0035095,0.05127
0.018463,0.0047302,0.057373
0.017395,0.0039673,0.058594
0.016937,0.0021362,0.056152
0.015564,0.0010681,0.059814
0.016327,0.00015259,0.058594
0.014954,0.0016785,0.061035
0.015869,0.002594,0.062256
0.015411,0.0039673,0.058594
0.015411,0.0042725,0.064697
0.017242,0.0041199,0.059814
0.017853,0.0041199,0.063477
0.019836,0.0047302,0.073242
0.019684,0.0053406,0.065918
0.021362,0.0061035,0.072021
0.02182,0.0073242,0.06958
0.020599,0.0082397,0.075684
0.019684,0.0080872,0.059814
0.019379,0.0071716,0.075684
0.018768,0.0048828,0.058594
0.020294,0.0018311,0.054932
0.020752,0.0012207,0.05249
0.021515,-0.00015259,0.05127
0.021667,-0.00091553,0.048828
0.02243,-0.0019836,0.050049
0.02243,-0.0024414,0.046387
0.022583,-0.0019836,0.046387
0.023804,0.0024414,0.046387
0.026093,-0.00076294,0.043945
0.027008,0.0013733,0.043945
0.028229,0.002594,0.042725
0.028992,0.0039673,0.05249
0.029449,0.0041199,0.041504
0.03067,0.0035095,0.048828
0.03067,0.00061035,0.037842
0.033264,-0.0024414,0.030518
0.029449,-0.0050354,0.037842
0.025482,-0.0062561,0.058594
0.025787,-0.0099182,4.5984
0.024261,-0.011139,4.8865
0.023193,-0.011139,4.9036
0.023804,-0.010071,4.906
0.024719,-0.007019,4.9048
0.025024,-0.0028992,4.9158
0.026245,0.00076294,4.9109
0.027924,0.0030518,4.9194
0.028381,0.002594,4.9207
0.028992,-0.00015259,4.9231
0.028992,-0.0027466,4.9219
0.028992,-0.0047302,4.9219
0.031281,-0.007019,4.9243
0.033112,-0.0073242,4.9304
0.033722,-0.007782,4.939
0.032501,-0.0090027,4.9304
0.031281,-0.010223,4.9207
0.029907,-0.010986,4.9255
0.030212,-0.0090027,4.9316
0.029602,-0.0061035,4.928
0.028381,-0.0028992,4.9158
0.026093,0.0012207,4.9304
0.024261,0.0019836,4.9377
0.023956,0.0012207,4.9353
0.024261,-0.00030518,4.9353
0.024567,-0.0018311,4.9329
0.025024,-0.0019836,4.939
0.024872,-0.00091553,4.9341
0.024567,0.0013733,4.9341
0.024109,0.0015259,4.9426
0.024414,0.00045776,4.9292
0.025177,0,4.9207
0.026398,-0.00015259,4.9255
0.027771,0.00030518,4.9097
0.028992,0.0013733,4.917
0.029907,0.0033569,4.9158
0.030518,0.0048828,4.9182
0.031586,0.0047302,4.9182
0.032196,0.0048828,4.9158
0.032806,0.0030518,4.9146
0.032043,0.0010681,4.9121
0.029755,-0.0016785,4.9109
0.028839,-0.0032043,4.9084
0.026398,-0.0041199,4.9097
0.025177,-0.0048828,4.9109
0.023651,-0.0053406,4.9146
0.02121,-0.0059509,4.9072
0.019989,-0.0067139,4.9158
0.019684,-0.0073242,4.9158
0.019226,-0.0074768,4.9121
0.020752,-0.0064087,4.9182
0.021667,-0.0042725,4.9109
0.023346,-0.0038147,4.906
0.024414,-0.0036621,4.9036
0.023651,-0.0038147,4.9121
0.02594,-0.0033569,4.9133
0.028229,-0.0016785,4.917
0.028229,-0.0019836,4.9182
0.028534,-0.0013733,4.9255
0.026855,0.00045776,4.9207
0.025787,-0.00045776,4.9304
0.024872,-0.00015259,4.9255
0.026398,-0.00061035,4.9316
0.027771,-0.0016785,4.9316
0.028687,-0.0032043,4.9329
0.029449,-0.0018311,4.939
0.028534,-0.00076294,4.9329
0.028381,-0.00030518,4.9341
0.027771,-0.00061035,4.9329
0.028534,-0.0032043,4.9316
0.028534,-0.0068665,4.9353
0.026093,-0.0088501,4.9304
0.023804,-0.0091553,0.062256
0.021515,-0.0073242,0.065918
0.019073,-0.0053406,0.059814
0.016937,-0.0050354,0.064697
0.0177,-0.0061035,0.062256
0.018616,-0.0097656,0.064697
0.019836,-0.010529,0.054932
0.021667,-0.009613,0.058594
0.023346,-0.0053406,0.056152
0.025787,-0.0015259,0.056152
0.027161,0.0013733,0.05127
0.028839,0.0010681,0.05127
0.031586,-0.00076294,0.061035
0.033569,-0.0016785,0.042725
0.034637,-0.0019836,0.058594
0.034332,0.00015259,0.05249
0.033569,0.0024414,0.036621
0.033112,0.0048828,0.039063
0.034027,0.0045776,0.040283
0.0354,0.0035095,0.040283
0.036011,0.0022888,0.037842
0.034943,0.0010681,0.037842
0.034027,0.0016785,0.042725
0.032959,0.0038147,0.037842
0.031128,0.0064087,0.037842
0.03006,0.0090027,0.037842
0.029144,0.0091553,0.039063
0.027008,0.0082397,0.041504
0.023041,0.0048828,0.041504
0.023956,0.0015259,0.05249
0.019226,-0.0018311,0.043945
0.016632,-0.0032043,0.046387
0.014496,-0.0027466,0.050049
0.013733,-0.0012207,0.037842
0.01358,0.0012207,0.048828
0.013123,0.0041199,0.054932
0.012665,0.0041199,0.054932
0.013275,0.0038147,0.057373
0.015259,0.0053406,0.058594
0.019989,0.0074768,0.065918
0.018921,0.0093079,0.059814
0.021057,0.011139,0.062256
0.02121,0.0088501,0.059814
0.019226,0.0059509,0.063477
0.017548,0.0022888,0.059814
0.015564,-0.0047302,0.062256
0.014496,-0.0036621,0.061035
0.014954,-0.0048828,0.065918
0.01358,-0.0036621,0.070801
0.013428,-0.0016785,0.067139
0.014191,0.0010681,0.076904
0.01358,0.0022888,0.064697
0.014343,0.0067139,0.056152
0.016327,0.0083923,0.061035
0.021667,0.009613,0.058594
0.018311,0.010834,0.043945
0.017548,0.010529,0.05249
0.016022,0.010834,0.05127
0.014343,0.0099182,0.053711
0.012817,0.0083923,0.048828
0.012512,0.0082397,0.05249
0.012207,0.0079346,0.043945
0.011444,0.0093079,0.047607
0.011902,0.011597,0.047607
0.0067139,0.013733,0.047607
0.0054932,0.016022,0.045166
0.0061035,0.015259,0.043945
0.0082397,0.015106,0.039063
0.0086975,0.01358,0.039063
0.0093079,0.014343,0.032959
0.0083923,0.012512,0.040283
0.0085449,0.011749,0.036621
0.0088501,0.0094604,0.040283
0.0099182,0.0082397,0.040283
0.014801,0.0028992,0.036621
0.012512,0.0071716,0.039063
0.011292,0.0068665,0.0354
0.009613,0.0054932,0.043945
0.0074768,0.0056458,4.353
0.0062561,0.0057983,4.8792
0.0059509,0.0065613,4.9109
0.0074768,0.0079346,4.9146
0.0076294,0.0094604,4.917
0.0073242,0.010834,4.9255
0.0071716,0.0082397,4.9329
0.0076294,0.0059509,4.9268
0.011902,0.0038147,4.9353
0.011444,0.0048828,4.9329
0.012512,0.0038147,4.9097
0.013428,0.0050354,4.9292
0.013428,0.007019,4.9304
0.013275,0.0074768,4.9316
0.011292,0.0064087,4.906
0.013885,0.0045776,4.928
0.014038,0.0027466,4.9341
0.013275,0.0012207,4.9341
0.013733,0.00061035,4.9353
0.01358,-0.00045776,4.9316
0.014496,-0.0018311,4.9353
0.015717,0.0018311,4.9341
0.016174,-0.0012207,4.9353
0.0177,0,4.9402
0.022278,0.0021362,4.9341
0.022583,0.0048828,4.9329
0.024414,0.0083923,4.9304
0.024567,0.011292,4.9341
0.023499,0.011902,4.9219
0.023346,0.010529,4.9133
0.022125,0.0086975,4.9219
0.019226,0.0024414,4.9207
0.020447,-0.00076294,4.9158
0.020447,-0.004425,4.917
0.019073,-0.0067139,4.9109
0.017548,-0.0083923,4.9121
0.016632,-0.0067139,4.9109
0.015106,-0.004425,4.9121
0.015106,-0.00030518,4.9097
0.015869,0.00061035,4.9133
0.018005,0.0010681,4.9146
0.018921,0.0018311,4.9048
0.019684,-0.0019836,4.9219
0.022125,-0.004425,4.9121
0.023041,-0.0056458,4.917
0.025177,-0.007019,4.9084
0.02655,-0.0041199,4.9036
0.026703,0.00015259,4.9133
0.027008,0.0010681,4.9084
0.027771,0.0030518,4.9121
0.027618,0.00061035,4.917
0.026855,-0.0021362,4.9158
0.028992,-0.00091553,4.9158
0.029602,-0.0027466,4.9207
0.030212,0.0019836,4.9292
0.030365,0.0050354,4.9255
0.031281,0.004425,4.9292
0.032501,0.0032043,4.9329
0.032043,0.0054932,4.9353
0.030212,0.00061035,4.9316
0.029602,-0.00030518,4.9316
0.025482,-0.00091553,4.9329
0.024261,-0.0010681,4.9341
0.024567,-0.0019836,4.9463
0.026245,-0.0013733,4.9329
0.02655,-0.00061035,4.9207
0.027008,-0.00091553,4.9329
0.02655,0.0027466,4.9353
0.025177,0.0053406,4.9353
0.027771,0.0074768,4.9329
0.028381,0.0099182,4.9316
0.027161,0.010986,4.9353
0.028687,0.011292,0.059814
0.027924,0.011292,0.056152
0.027924,0.011292,0.05249
0.026703,0.011749,0.056152
0.026855,0.010223,0.05127
0.028687,0.0085449,0.053711
0.030823,0.0065613,0.061035
0.031891,0.0059509,0.050049
0.031128,0.0064087,0.045166
0.031738,0.007782,0.046387
0.031128,0.0088501,0.024414
0.030975,0.0062561,0.040283
0.031281,0.002594,0.039063
0.030518,-0.00015259,0.041504
0.030365,-0.0019836,0.040283
0.028076,-0.0033569,0.037842
0.027313,-0.0054932,0.040283
0.02533,-0.0068665,0.039063
0.026398,-0.0093079,0.040283
0.028381,-0.010223,0.036621
0.029144,-0.0080872,0.041504
0.030975,-0.0047302,0.040283
0.030975,0.00030518,0.042725
0.031586,0.0062561,0.045166
0.032959,0.0086975,0.043945
0.031891,0.010071,0.043945
0.032806,0.0091553,0.048828
0.032806,0.007782,0.054932
0.033264,0.0080872,0.048828
0.032806,0.0068665,0.046387
0.032043,0.0056458,0.05127
0.031281,0.0041199,0.056152
0.029755,0.0018311,0.057373
0.027924,0.00015259,0.046387
0.027771,-0.0013733,0.057373
0.027313,-0.0016785,0.061035
0.026398,0.00045776,0.059814
0.024719,0.002594,0.063477
0.024872,0.0030518,0.056152
0.021667,0.0022888,0.064697
0.018158,-0.00015259,0.059814
0.016174,-0.004425,0.064697
0.014801,-0.0079346,0.073242
0.015564,-0.0097656,0.067139
0.01709,-0.010681,0.067139
0.018311,-0.0082397,0.065918
0.019684,-0.0056458,0.058594
0.019684,-0.0022888,0.062256
0.02182,0,0.061035
0.024567,0.0035095,0.056152
0.028839,0.0097656,0.056152
0.032959,0.013428,0.05249
0.035248,0.015869,0.056152
0.037689,0.014801,0.050049
0.0383,0.009613,0.05249
0.038605,0.0016785,0.045166
0.037689,-0.0065613,0.047607
0.038147,-0.010223,0.05249
0.037994,-0.0099182,0.047607
0.037079,-0.0042725,0.039063
0.038147,0.0018311,0.043945
0.032196,0.0050354,0.05127
0.028076,0.0042725,0.040283
0.025635,0.0010681,0.050049
0.025482,-0.0019836,0.040283
0.026245,-0.0022888,0.03418
0.026398,-0.00030518,0.0354
0.02533,0.005188,0.041504
0.023499,0.0047302,0.037842
0.021057,0.0039673,0.036621
0.019379,0.0018311,0.036621
0.018768,-0.00015259,0.040283
0.01709,0.00015259,0.039063
0.013885,-0.0010681,0.042725
0.011597,-0.00061035,0.047607
0.010986,-0.00061035,0.048828
0.0099182,-0.00091553,0.050049
0.0090027,0,0.05249
0.010834,-0.00091553,4.4348
0.012817,-0.00045776,4.8901
0.015564,0.0015259,4.9243
0.018311,0.0030518,4.928
0.021057,0.0035095,4.9255
0.0177,0.0021362,4.9304
0.017548,0.00091553,4.9219
0.018158,0,4.9316
0.019989,0.00061035,4.9292
0.020752,-0.00015259,4.9255
0.020142,-0.0027466,4.9329
0.018616,-0.0047302,4.9341
0.019531,-0.0099182,4.9353
0.018921,-0.011749,4.9329
0.019989,-0.014191,4.9365
0.019989,-0.0071716,4.9365
0.020752,-0.002594,4.9353
0.021515,0.00061035,4.9341
0.021515,0.00045776,4.9377
0.020599,-0.00045776,4.9377
0.019226,-0.00045776,4.9292
0.017242,-0.0012207,4.9377
0.014801,-0.0018311,4.9243
0.014038,-0.0024414,4.9097
0.013733,-0.0035095,4.9207
0.012207,-0.0035095,4.9194
0.010834,-0.002594,4.9158
0.010834,-0.0013733,4.9194
0.011444,0.00045776,4.9133
0.013885,0.0038147,4.9146
0.014801,0.0039673,4.9121
0.014648,0.0039673,4.9133
0.014648,0.0047302,4.9084
0.015259,0.0033569,4.9121
0.016632,0.0057983,4.9109
0.017395,0.004425,4.9133
0.017242,0.002594,4.9133
0.016479,-0.00076294,4.9097
0.016327,-0.00045776,4.9097
0.01709,0,4.9097
0.018005,0.002594,4.9048
0.016937,0.0061035,4.9146
0.016937,0.0091553,4.9036
0.015717,0.0082397,4.9109
0.014648,0.0064087,4.9146
0.01358,0.0054932,4.9158
0.012665,0.002594,4.917
0.01236,0.0024414,4.9194
0.010986,0.0018311,4.9268
0.012665,-0.0013733,4.9231
0.011292,-0.0024414,4.928
0.010834,-0.0028992,4.9292
0.010376,-0.0022888,4.9329
0.012207,-0.00045776,4.9292
0.015411,0.0012207,4.9341
0.016327,0.0012207,4.9353
0.016327,-0.00045776,4.9341
0.014191,-0.0024414,4.9365
0.012054,-0.005188,4.9316
0.016632,-0.0090027,4.9109
0.020294,-0.010223,4.9329
0.023193,-0.009613,4.9329
0.024261,-0.0086975,4.9377
0.024261,-0.007019,4.9353
0.02182,-0.0059509,4.9329
0.023499,-0.0045776,4.9377
0.024567,-0.0024414,4.9304
0.024567,-0.0018311,4.9304
0.025177,-0.00076294,4.9231
0.024872,0.002594,4.928
0.023041,0.0059509,4.9243
0.020905,0.0097656,0.053711
0.019531,0.0080872,0.056152
0.019073,0.0030518,0.041504
0.020599,-0.0030518,0.048828
0.022888,-0.0038147,0.047607
0.024719,-0.0030518,0.039063
0.024109,0.0027466,0.043945
0.021973,0.0033569,0.041504
0.018005,0.00045776,0.039063
0.018158,-0.0057983,0.041504
0.018463,-0.0094604,0.036621
0.020905,-0.011597,0.040283
0.020599,-0.010376,0.037842
0.020599,-0.0047302,0.041504
0.019531,-0.0019836,0.037842
0.018768,-0.0027466,0.040283
0.018463,-0.00076294,0.037842
0.019379,-0.0021362,0.041504
0.023193,-0.0022888,0.040283
0.026855,-0.00091553,0.040283
0.027313,-0.0035095,0.053711
0.026093,0.00045776,0.040283
0.021973,-0.00061035,0.058594
0.019684,-0.0021362,0.046387
0.018158,-0.0039673,0.045166
0.019531,-0.0038147,0.05249
0.02243,-0.0036621,0.056152
0.02533,-0.0013733,0.058594
0.024872,0.00091553,0.058594
0.023804,0.0019836,0.058594
0.021057,0.00076294,0.062256
0.020142,0.00045776,0.057373
0.021057,-0.0012207,0.056152
0.023651,-0.0021362,0.056152
0.02655,-0.0022888,0.061035
0.027771,-0.0032043,0.064697
0.02655,-0.0028992,0.064697
0.023804,-0.0019836,0.06958
0.021362,0.00076294,0.061035
0.019531,0.0021362,0.065918
0.02182,0.0041199,0.065918
0.023346,0.0033569,0.072021
0.023041,0.0019836,0.064697
0.021973,0.0030518,0.061035
0.018768,0.0050354,0.058594
0.016022,0.0085449,0.059814
0.015411,0.010223,0.053711
0.017548,0.0082397,0.05249
0.020294,0.0059509,0.05127
0.02243,0.002594,0.053711
0.023499,0.0015259,0.046387
0.020599,0.0056458,0.047607
0.017853,0.0083923,0.050049
0.016022,0.010071,0.048828
0.015259,0.0086975,0.042725
0.015259,0.0038147,0.043945
0.016632,-0.00061035,0.054932
0.016785,-0.0019836,0.040283
0.017548,-0.0015259,0.046387
0.018158,-0.00015259,0.041504
0.017395,0.0012207,0.025635
0.018921,0.00076294,0.0354
0.020294,-0.00061035,0.031738
0.023499,0,0.037842
0.024109,-0.00045776,0.040283
0.022736,-0.00076294,0.0354
0.019836,-0.00045776,0.041504
0.016785,-0.00030518,0.037842
0.016174,0.00061035,0.042725
0.018311,0.00091553,0.036621
0.022278,0.0016785,0.047607
0.027008,0.0028992,0.050049
0.028381,0.0035095,0.053711
0.028381,0.004425,0.059814
0.027313,0.0042725,0.053711
0.024414,0.0024414,0.056152
0.024109,0.00076294,0.062256
0.023804,-0.0019836,0.068359
0.023041,-0.0064087,3.0322
0.024109,-0.010071,4.7961
0.021057,-0.011749,4.9219
0.018311,-0.0099182,4.9292
0.015717,-0.0065613,4.9255
0.015564,-0.0027466,4.9316
0.01709,0.0013733,4.9304
0.020599,0.0039673,4.9341
0.023499,0.0041199,4.9304
0.023499,0.005188,4.9377
0.024719,0.0053406,4.9329
0.027466,0.0061035,4.9377
0.030823,0.0062561,4.9304
0.034027,0.0062561,4.9353
0.0383,0.007019,4.9377
0.040436,0.004425,4.9304
0.036774,0.0038147,4.9243
0.033722,0.0050354,4.9219
0.030975,0.007019,4.9109
0.028839,0.0079346,4.9194
0.029144,0.0083923,4.9194
0.029755,0.0057983,4.9194
0.030212,0.0022888,4.9194
0.027924,-0.002594,4.9158
0.024872,-0.0050354,4.9109
0.022736,-0.0042725,4.9084
0.020142,-0.0022888,4.9133
0.016937,0.00030518,4.9146
0.015259,0.0024414,4.9109
0.014648,0.0036621,4.917
0.014801,0.0030518,4.9109
0.014648,0.0027466,4.906
0.015869,0.0032043,4.9109
0.016327,0.0059509,4.9158
0.017242,0.0082397,4.9109
0.019531,0.0097656,4.9194
0.022583,0.010376,4.9146
0.025635,0.0080872,4.8987
0.024109,0.0062561,4.9121
0.019531,0.0047302,4.9146
0.013885,0.0030518,4.9146
0.0094604,0.0033569,4.9194
0.0086975,0.0038147,4.9158
0.010834,0.0035095,4.9255
0.014648,0,4.928
0.016632,0.0033569,4.9268
0.016785,-0.00045776,4.9243
0.016785,0.0061035,4.9329
0.016174,0.0088501,4.9304
0.016785,0.010071,4.9329
0.018311,0.010529,4.9414
0.020447,0.0085449,4.9365
0.021515,0.0067139,4.9292
0.019989,0.0045776,4.9316
0.016174,0.0039673,4.9329
0.01358,0.004425,4.9329
0.011444,0.0050354,4.9329
0.011902,0.0065613,4.9365
0.013733,0.0068665,4.9329
0.011902,0.0074768,4.9316
0.015564,0.0080872,4.9365
0.013885,0.0050354,4.9304
0.010681,0.0067139,4.9255
0.0065613,0.0068665,4.9255
0.0061035,0.0080872,4.9292
0.0053406,0.0090027,4.9231
0.0065613,0.0082397,4.9231
0.0093079,0.0059509,4.9207
0.0093079,0.0047302,4.9194
0.0073242,0.0057983,4.9268
0.0057983,0.0086975,4.9194
0.0050354,0.012817,4.9268
0.0068665,0.014343,0.042725
0.0091553,0.014496,0.0354
0.011139,0.011444,0.041504
0.013275,0.007019,0.041504
0.012817,0.0032043,0.036621
0.012817,0.00091553,0.042725
0.011749,0.0018311,0.036621
0.01236,0.0039673,0.042725
0.01358,0.0054932,0.037842
0.014343,0.005188,0.042725
0.013885,0.002594,0.037842
0.013123,-0.0016785,0.041504
0.010071,-0.0030518,0.042725
0.0071716,-0.0012207,0.043945
0.0056458,0.00076294,0.05127
0.0041199,0.0033569,0.047607
0.0062561,0.0030518,0.048828
0.0085449,0.0024414,0.05127
0.010834,0.00091553,0.050049
0.011292,-0.00091553,0.053711
0.012054,0.00091553,0.040283
0.011444,0.0047302,0.053711
0.012054,0.0074768,0.057373
0.013885,0.0091553,0.056152
0.016632,0.0082397,0.063477
0.016479,0.0076294,0.058594
0.0177,0.0050354,0.063477
0.016937,0.0028992,0.059814
0.018463,0.0012207,0.061035
0.019073,-0.00061035,0.064697
0.02243,0.00091553,0.064697
0.024261,0,0.062256
0.027008,-0.0022888,0.065918
0.026855,-0.004425,0.074463
0.029297,-0.0080872,0.065918
0.022888,-0.0080872,0.070801
0.019989,-0.0064087,0.067139
0.0177,-0.0047302,0.047607
0.016937,-0.005188,0.058594
0.015411,-0.0091553,0.057373
0.014496,-0.01297,0.053711
0.012817,-0.015869,0.056152
0.010681,-0.016174,0.047607
0.010071,-0.013123,0.050049
0.010071,-0.0082397,0.043945
0.01236,-0.0039673,0.048828
0.015259,-0.0019836,0.043945
0.017853,-0.002594,0.047607
0.019989,-0.0022888,0.043945
0.024109,-0.0048828,0.041504
0.021515,-0.0038147,0.046387
0.022888,-0.0033569,0.042725
0.024414,-0.0028992,0.039063
0.027618,-0.0039673,0.041504
0.031433,-0.002594,0.026855
0.031128,-0.0024414,0.028076
0.031128,-0.0048828,0.028076
0.029602,-0.0032043,0.040283
0.029297,-0.0013733,0.039063
0.028839,0.00061035,0.032959
0.030518,0.0021362,0.040283
0.028992,0.0022888,0.040283
0.028534,-0.0012207,0.042725
0.02655,-0.0028992,0.043945
0.02182,-0.0045776,0.050049
0.021667,-0.004425,0.046387
0.020752,-0.0012207,0.05127
0.021057,0.0032043,0.053711
0.022583,0.0056458,0.056152
0.023041,0.0059509,0.067139
0.023499,0.0042725,0.059814
0.022888,0.0012207,0.070801
0.02243,-0.0024414,0.062256
0.021973,-0.0018311,0.05249
0.022736,-0.00015259,0.059814
0.023041,0.0013733,0.059814
0.024414,0.0027466,0.061035
0.023041,0.00030518,0.062256
0.023193,-0.0015259,4.3616
0.022583,-0.0030518,4.895
0.022736,-0.0028992,4.9268
0.023651,-0.00076294,4.9365
0.025177,0.00015259,4.9329
0.027008,0,4.9377
0.027466,-0.00076294,4.9329
0.027618,-0.0018311,4.9329
0.027618,-0.00091553,4.9316
0.027008,-0.00061035,4.9231
0.026398,0.00045776,4.9304
0.027161,0.00076294,4.9255
0.029144,-0.00030518,4.9292
0.029297,-0.0027466,4.9207
0.029144,-0.0038147,4.928
0.027008,-0.0042725,4.9158
0.026245,-0.0036621,4.9194
0.023499,-0.0016785,4.9158
0.022583,-0.0010681,4.9158
0.02121,-0.0010681,4.9048
0.019073,-0.002594,4.9146
0.0177,-0.0030518,4.9084
0.015564,-0.0015259,4.9109
0.013733,0.0019836,4.9109
0.01358,0.0045776,4.9158
0.015259,0.0080872,4.9133
0.019379,0.010376,4.9109
0.022888,0.010071,4.9219
0.027466,0.0076294,4.9121
0.028687,0.0030518,4.9133
0.029602,0.0027466,4.9146
0.029297,0.0033569,4.8938
0.028687,0.0047302,4.9109
0.027771,0.005188,4.9133
0.027466,0.0050354,4.917
0.02655,0.0053406,4.9194
0.026855,0.0028992,4.9194
0.02594,0.0018311,4.9219
0.025635,0.0015259,4.9255
0.023499,0.0015259,4.9316
0.022888,0.0024414,4.9243
0.023499,0.0028992,4.9341
0.024414,0.0022888,4.9316
0.024414,0.00030518,4.9329
0.021973,-0.0012207,4.9341
0.018616,-0.004425,4.9292
0.016022,-0.0064087,4.9329
0.013123,-0.0074768,4.9316
0.013885,-0.007019,4.9438
0.013733,-0.0050354,4.9329
0.014954,-0.0039673,4.9268
0.014648,-0.0039673,4.9341
0.014496,-0.0041199,4.9341
0.016632,-0.0022888,4.9304
0.019073,0.0013733,4.9365
0.022583,0.0028992,4.9316
0.025024,0.009613,4.9304
0.025635,0.011902,4.928
0.026093,0.012817,4.9304
0.027008,0.011139,4.9207
0.028076,0.0094604,4.9243
0.028534,0.0076294,4.9219
0.027313,0.0065613,4.9158
0.028229,0.0064087,4.9255
0.024261,0.0054932,4.9207
0.025024,0.0039673,4.917
0.023346,0.0041199,4.9158
0.024414,0.0048828,4.9036
0.024261,0.0079346,4.9133
0.025177,0.010223,4.9097
0.025482,0.010986,4.9097
0.023499,0.012512,4.9109
0.021973,0.009613,0.039063
0.019836,0.0054932,0.039063
0.0177,0.00015259,0.037842
0.011902,-0.0056458,0.041504
0.010071,-0.0099182,0.036621
0.0083923,-0.011292,0.040283
0.0053406,-0.011139,0.042725
0.0018311,-0.0085449,0.045166
0.0013733,-0.0073242,0.040283
0.00076294,-0.0082397,0.050049
0.0050354,-0.0091553,0.048828
0.0083923,-0.0088501,0.048828
0.013428,-0.0064087,0.056152
0.013123,-0.0022888,0.053711
0.017548,0.00061035,0.045166
0.019531,-0.00015259,0.056152
0.020752,-0.0033569,0.056152
0.021667,-0.007019,0.059814
0.023804,-0.0090027,0.063477
0.022125,-0.0057983,0.056152
0.020294,-0.00045776,0.065918
0.018768,0.0047302,0.062256
0.019073,0.0094604,0.058594
0.018158,0.010681,0.057373
0.022278,0.010223,0.067139
0.023499,0.0097656,0.061035
0.024567,0.0080872,0.068359
0.024872,0.0091553,0.079346
0.024109,0.0094604,0.068359
0.02182,0.0085449,0.063477
0.019379,0.0059509,0.064697
0.016632,0.0030518,0.050049
0.01358,-0.00015259,0.047607
0.0082397,-0.0012207,0.054932
0.0057983,0.00045776,0.057373
0.0019836,0.00076294,0.05249
-0.0042725,0.0041199,0.048828
-0.0042725,0.0053406,0.05127
-0.0041199,0.0057983,0.046387
-0.0028992,0.0035095,0.047607
-0.0013733,0.0039673,0.045166
-0.002594,0.0022888,0.047607
0.00091553,0.00045776,0.043945
0.0024414,0.00015259,0.047607
0.0032043,0.00061035,0.043945
0.0048828,0.00015259,0.042725
0.0065613,0.00076294,0.050049
0.0073242,0.00045776,0.039063
0.0065613,0.0042725,0.050049
0.0085449,0.00091553,0.037842
0.0093079,0.00061035,0.029297
0.011139,0.0022888,0.036621
0.013885,0.0041199,0.040283
0.017242,0.0054932,0.036621
0.02121,0.0041199,0.041504
0.024414,0.0028992,0.037842
0.02655,0.00030518,0.042725
0.028076,-0.00076294,0.041504
0.029449,0.00045776,0.048828
0.027161,0.0027466,0.043945
0.02533,0.0039673,0.05249
0.023499,0.0042725,0.056152
0.020905,0.0022888,0.058594
0.019836,-0.00045776,0.063477
0.019073,-0.0013733,0.061035
0.019379,-0.0030518,0.057373
0.020142,0.0010681,0.061035
0.02121,0.0039673,0.062256
0.021362,0.0041199,0.062256
0.020752,0.0030518,0.067139
0.020599,0.00061035,0.057373
0.019989,0.0013733,0.063477
0.019989,0.0018311,0.059814
0.019073,0.0027466,0.062256
0.017853,0.0022888,0.061035
0.0177,0.00045776,0.06958
0.017548,-0.0035095,0.063477
0.018768,-0.007782,0.070801
0.020752,-0.011292,4.4897
0.021515,-0.013275,4.9011
0.02182,-0.013885,4.9243
0.022888,-0.012054,4.9292
0.023041,-0.010223,4.9353
0.022888,-0.0086975,4.9255
0.022736,-0.0076294,4.9268
0.021667,-0.0065613,4.9219
0.022278,-0.0094604,4.9121
0.023499,-0.011902,4.9133
0.023041,-0.014648,4.9133
0.023956,-0.016327,4.9158
0.025177,-0.017242,4.9121
0.027618,-0.017395,4.9097
0.027618,-0.016327,4.9133
0.027161,-0.015717,4.9121
0.02594,-0.014496,4.9109
0.025635,-0.014496,4.9084
0.024414,-0.01358,4.9109
0.023804,-0.012512,4.9109
0.023804,-0.010071,4.9133
0.023499,-0.0071716,4.9109
0.019836,-0.0056458,4.9084
0.022736,-0.0054932,4.906
0.022278,-0.0068665,4.9084
0.021973,-0.0079346,4.9072
0.022125,-0.0097656,4.9121
0.023346,-0.0083923,4.9182
0.023499,-0.0074768,4.9182
0.023499,-0.0057983,4.9097
0.023346,-0.0039673,4.9158
0.022278,-0.0033569,4.9194
0.022278,-0.0038147,4.9207
0.022278,-0.0047302,4.9243
0.023193,-0.004425,4.928
0.024872,-0.0045776,4.9341
0.024567,-0.0033569,4.9304
0.025024,-0.0021362,4.9316
0.023956,-0.00076294,4.9292
0.02243,0.00030518,4.9329
0.021973,0.0016785,4.9475
0.021515,0.0019836,4.9353
0.021515,0.0021362,4.939
0.021057,0.0019836,4.9341
0.020905,0.0010681,4.9231
0.020447,0.00091553,4.9353
0.019836,0.00015259,4.9341
0.019531,0.00045776,4.9329
0.019836,-0.00061035,4.9353
0.020905,-0.0019836,4.9329
0.022278,-0.0038147,4.9329
0.023346,-0.0073242,4.9182
0.023804,-0.0068665,4.9304
0.023041,-0.0073242,4.9207
0.021515,-0.0073242,4.9219
0.019684,-0.0080872,4.9219
0.018463,-0.0080872,4.9243
0.018005,-0.0085449,4.9207
0.018158,-0.0094604,4.9194
0.018463,-0.0085449,4.9194
0.019226,-0.0094604,4.917
0.017548,-0.0080872,4.9109
0.017548,-0.0065613,4.9133
0.017395,-0.0047302,4.8962
0.018463,-0.0030518,4.9084
0.019073,-0.00091553,4.9133
0.0177,0.00045776,4.9097
0.019684,0.0027466,4.9109
0.018768,0.0021362,4.9072
0.018768,0.0030518,4.9109
0.019684,0.0027466,4.9072
0.021362,0.0027466,4.9133
0.023041,0.0039673,0.043945
0.02655,0.0048828,0.042725
0.027618,0.007019,0.043945
0.028534,0.0085449,0.047607
0.029144,0.007019,0.058594
0.027924,0.0047302,0.047607
0.027924,0.0016785,0.058594
0.026855,-0.0013733,0.05127
0.02594,-0.0033569,0.037842
0.025177,-0.0053406,0.054932
0.023651,-0.0061035,0.054932
0.021973,-0.0082397,0.057373
0.020142,-0.0090027,0.059814
0.019226,-0.0091553,0.057373
0.018311,-0.0082397,0.065918
0.016632,-0.0050354,0.059814
0.019684,-0.00045776,0.062256
0.015411,0.0032043,0.059814
0.014954,0.004425,0.064697
0.013733,0.0035095,0.064697
0.014038,-0.00045776,0.067139
0.014496,-0.0045776,0.080566
0.014954,-0.0079346,0.068359
0.014648,-0.0097656,0.065918
0.014648,-0.010681,0.064697
0.014954,-0.0080872,0.075684
0.014496,-0.0047302,0.058594
0.017853,-0.0013733,0.061035
0.020905,-0.0018311,0.054932
0.024414,-0.0027466,0.056152
0.027313,-0.004425,0.048828
0.030975,-0.0047302,0.05249
0.033417,-0.0042725,0.043945
0.036163,-0.0018311,0.048828
0.036926,-0.00015259,0.045166
0.036316,-0.00045776,0.048828
0.036163,0,0.042725
0.034027,0.00076294,0.043945
0.031586,0.0015259,0.041504
0.027771,0.0010681,0.042725
0.026245,0.0053406,0.05127
0.023804,0.007782,0.040283
0.023804,0.0079346,0.05127
0.024414,0.0065613,0.039063
0.025177,0.0048828,0.030518
0.024261,0.0033569,0.039063
0.02243,0.0041199,0.037842
0.018158,0.0062561,0.039063
0.010986,0.009613,0.039063
0.0042725,0.015869,0.039063
-0.0010681,0.02182,0.040283
-0.0038147,0.030365,0.041504
-0.0035095,0.040283,0.047607
0.00076294,0.047455,0.047607
0.0073242,0.053864,0.05127
0.010986,0.055389,0.05127
0.020447,0.052795,0.056152
0.025482,0.040588,0.056152
0.030823,0.030823,0.057373
0.035553,0.02243,0.058594
0.040741,0.018768,0.059814
0.04425,0.014801,0.070801
0.043793,0.014343,0.062256
0.041809,0.0083923,0.05127
0.034943,0.0065613,0.058594
0.025787,0.0065613,0.059814
0.014954,0.009613,0.063477
0.0032043,0.010376,0.061035
-0.0068665,0.0068665,0.061035
-0.01236,-0.002594,0.064697
-0.014954,-0.014496,0.064697
-0.014648,-0.027008,0.064697
-0.015717,-0.035248,0.064697
-0.016785,-0.041656,0.067139
-0.021515,-0.043945,0.054932
-0.020599,-0.045929,0.061035
-0.0177,-0.033417,0.06958
-0.012665,-0.016022,0.054932
-0.0062561,0.0039673,3.9795
0,0.022583,4.8669
0.0073242,0.033264,4.8999
0.014191,0.034637,4.9146
0.02243,0.028076,4.9146
0.030518,0.01709,4.917
0.03952,0.0079346,4.9158
0.045624,0.002594,4.9158
0.046692,0.0022888,4.9146
0.043335,0.0024414,4.9097
0.037842,0.0042725,4.9121
0.032196,0.0016785,4.9036
0.023346,0.0012207,4.8889
0.023041,0.0047302,4.9109
0.022125,0.012512,4.9146
0.020905,0.022125,4.9097
0.021515,0.028381,4.9109
0.023346,0.029755,4.9182
0.026245,0.023193,4.9084
0.026703,0.018005,4.9219
0.023956,0.010223,4.9121
0.018768,0.0068665,4.9023
0.011292,0.005188,4.9158
0.0032043,0.0065613,4.9146
-0.0032043,0.0050354,4.917
-0.0076294,0.0028992,4.9194
-0.010834,-0.0015259,4.9207
-0.012665,-0.0059509,4.9207
-0.01358,-0.011292,4.9268
-0.011749,-0.016937,4.9194
-0.0080872,-0.023041,4.9268
-0.0015259,-0.027161,4.9316
0.0073242,-0.028381,4.9316
0.01358,-0.029297,4.9207
0.01709,-0.027771,4.9377
0.018616,-0.023956,4.9316
0.020142,-0.018616,4.9304
0.02243,-0.012665,4.9353
0.02533,-0.0083923,4.9377
0.032959,-0.0047302,4.9377
0.037231,-0.005188,4.9341
0.043182,-0.0048828,4.9329
0.046844,-0.014191,4.9341
0.049133,-0.020752,4.9329
0.04837,-0.024109,4.9146
0.046844,-0.02594,4.9255
0.043793,-0.027466,4.9292
0.041351,-0.022125,4.9231
0.036469,-0.016632,4.9255
0.035248,-0.012665,4.9231
0.032806,-0.0090027,4.9109
0.03006,-0.0064087,4.9146
0.030518,-0.0053406,4.9219
0.029755,-0.0050354,4.9292
0.027161,-0.0057983,4.9158
0.023041,-0.0067139,4.9243
0.015869,-0.0053406,4.9146
0.010223,-0.0038147,4.9011
0.0042725,0.00076294,4.9084
0.00045776,0.0061035,4.9109
-0.00045776,0.010223,4.9011
0.0012207,0.012207,4.9109
0.0067139,0.014191,4.9084
0.011749,0.014343,4.9109
0.017395,0.013275,4.9084
0.021667,0.011292,4.8999
0.024414,0.0093079,4.9097
0.024414,0.0061035,4.9146
0.022583,0.0038147,4.9146
0.020294,0.00030518,4.9146
0.017395,-0.00030518,4.9207
0.017548,-0.0012207,4.9109
0.020294,-0.0021362,4.9182
0.024872,-0.0012207,0.054932
0.030365,0.00015259,0.053711
0.03418,-0.00015259,0.05127
0.035858,-0.0024414,0.064697
0.0354,-0.0079346,0.061035
0.031586,-0.016174,0.061035
0.025482,-0.022888,0.061035
0.019073,-0.026398,0.064697
0.01358,-0.026703,0.063477
0.0083923,-0.021973,0.059814
0.007019,-0.018921,0.058594
0.0074768,-0.014343,0.064697
0.011139,-0.0099182,0.063477
0.016479,-0.0033569,0.068359
0.023041,0.0036621,0.064697
0.031738,0.010071,0.068359
0.037231,0.015106,0.073242
0.041504,0.014191,0.065918
0.042114,0.007782,0.074463
0.039368,-0.00030518,0.058594
0.033722,-0.007019,0.045166
0.02594,-0.0083923,0.058594
0.020752,-0.0041199,0.057373
0.01709,0.0047302,0.05127
0.016022,0.013733,0.05127
0.018768,0.020599,0.046387
0.018921,0.025177,0.050049
0.020752,0.026703,0.045166
0.022583,0.027466,0.047607
0.023193,0.027161,0.042725
0.023651,0.023499,0.043945
0.02121,0.018158,0.046387
0.018921,0.0079346,0.043945
0.015717,-0.0019836,0.042725
0.011292,-0.011292,0.041504
0.0064087,-0.017853,0.036621
0.0024414,-0.018768,0.040283
-0.00030518,-0.014801,0.03418
-0.0019836,-0.0090027,0.037842
-0.0021362,-0.0045776,0.031738
-0.00061035,-0.0032043,0.036621
0.0015259,-0.0080872,0.039063
0.0061035,-0.013428,0.037842
0.0085449,-0.020447,0.041504
0.013123,-0.026703,0.040283
0.017395,-0.029755,0.047607
0.019684,-0.032349,0.042725
0.020905,-0.032959,0.05127
0.020905,-0.032806,0.053711
0.021057,-0.033569,0.057373
0.020142,-0.031586,0.053711
0.019836,-0.028839,0.053711
0.021515,-0.024872,0.068359
0.023804,-0.018768,0.061035
0.027161,-0.016785,0.068359
0.033264,-0.010376,0.062256
0.03891,-0.0073242,0.048828
0.041962,-0.005188,0.058594
0.045929,-0.00030518,0.062256
0.047302,0.0059509,0.059814
0.048676,0.014191,0.062256
0.048828,0.022888,0.061035
0.049438,0.029297,0.06958
0.049896,0.032806,0.064697
0.049286,0.036316,0.067139
0.050354,0.031738,0.062256
0.051422,0.029449,0.064697
0.053101,0.027313,0.064697
0.052032,0.026093,0.062256
0.048981,0.023956,0.061035
0.044708,0.020447,0.056152
0.0383,0.020142,0.054932
0.031433,0.01297,0.053711
0.027008,0.011139,0.053711
0.022278,0.0094604,0.045166
0.019226,0.0080872,0.041504
0.016174,0.0061035,0.043945
0.013428,0.0018311,3.7854
0.013275,-0.00091553,4.8413
0.012054,-0.004425,4.906
0.010681,-0.0076294,4.9084
0.0090027,-0.0088501,4.9084
0.0057983,-0.0080872,4.906
0.0013733,-0.0071716,4.9133
-0.0030518,-0.0047302,4.9072
-0.0050354,-0.0028992,4.9133
-0.0059509,0.00030518,4.9084
-0.0042725,0.0028992,4.9084
0.00091553,0.0064087,4.9194
0.007019,0.0090027,4.9121
0.012817,0.0099182,4.9182
0.017853,0.010223,4.9109
0.02182,0.0080872,4.9048
0.024261,0.0064087,4.917
0.024872,0.0054932,4.917
0.024261,0.0028992,4.9146
0.023041,0.0016785,4.9207
0.022125,0.0015259,4.9243
0.022278,0.0015259,4.9255
0.024109,0.0039673,4.9255
0.028076,0.00076294,4.9353
0.031586,-0.00076294,4.9268
0.037689,-0.0033569,4.9329
0.041656,-0.0048828,4.9329
0.044708,-0.0053406,4.9341
0.044098,-0.004425,4.9304
0.040283,-0.0022888,4.9329
0.03479,0.00045776,4.9329
0.026245,0.0039673,4.9353
0.018768,0.005188,4.9414
0.011292,0.0094604,4.9353
0.0074768,0.01297,4.9255
0.0041199,0.0177,4.9341
0.002594,0.022278,4.9341
0.002594,0.022888,4.9341
0.004425,0.021973,4.9353
0.007019,0.016479,4.9158
0.010376,0.010529,4.9329
0.015564,0.005188,4.9243
0.018768,0.00045776,4.9231
0.020142,-0.0024414,4.9207
0.02182,-0.0056458,4.9207
0.020752,-0.0073242,4.9182
0.021515,-0.0086975,4.9194
0.021667,-0.009613,4.9292
0.023499,-0.011139,4.9182
0.024872,-0.011597,4.9133
0.026398,-0.010834,4.9146
0.025787,-0.0082397,4.8938
0.026398,-0.0053406,4.9072
0.02594,-0.0028992,4.9097
0.026398,-0.0016785,4.9011
0.027008,-0.0016785,4.9084
0.028381,-0.002594,4.906
0.028381,-0.0035095,4.9097
0.027161,-0.0045776,4.906
0.02655,-0.0022888,4.9084
0.025177,-0.0018311,4.906
0.025024,-0.0027466,4.9158
0.024414,-0.0028992,4.9109
0.025024,-0.0039673,4.9146
0.026093,-0.0032043,4.9133
0.026245,0.00045776,4.9182
0.027466,0.005188,4.9207
0.028229,0.0090027,4.9219
0.030823,0.011444,4.9329
0.032654,0.011749,4.9255
0.035858,0.0090027,4.9219
0.037231,0.007019,4.9316
0.037384,0.0033569,4.9292
0.036469,0.0013733,0.064697
0.035858,-0.0019836,0.059814
0.033569,-0.0035095,0.059814
0.032806,-0.0073242,0.062256
0.032959,-0.010529,0.058594
0.033417,-0.014648,0.065918
0.033417,-0.015564,0.059814
0.030518,-0.017853,0.065918
0.028229,-0.016937,0.065918
0.023804,-0.014801,0.06958
0.021057,-0.014191,0.075684
0.022278,-0.014648,0.065918
0.02182,-0.021057,0.065918
0.023651,-0.017242,0.062256
0.024719,-0.014038,0.05249
0.026398,-0.012054,0.058594
0.026703,-0.011597,0.056152
0.028534,-0.013428,0.050049
0.028534,-0.015717,0.05127
0.03006,-0.019073,0.047607
0.035095,-0.018616,0.048828
0.037537,-0.015869,0.042725
0.03952,-0.014038,0.050049
0.042725,-0.014496,0.041504
0.044098,-0.016327,0.047607
0.046082,-0.018158,0.045166
0.04715,-0.018463,0.046387
0.046692,-0.016022,0.039063
0.045776,-0.014496,0.041504
0.04364,-0.013885,0.046387
0.040131,-0.015259,0.039063
0.037079,-0.016174,0.048828
0.034027,-0.016479,0.040283
0.03418,-0.013428,0.031738
0.035553,-0.0074768,0.0354
0.036163,-0.00091553,0.041504
0.033722,0.0064087,0.041504
0.033264,0.013123,0.040283
0.031738,0.015411,0.039063
0.029907,0.014038,0.046387
0.029449,0.0099182,0.047607
0.028687,0.0053406,0.048828
0.02594,-0.00015259,0.047607
0.023651,-0.0054932,0.056152
0.020905,-0.010071,0.057373
0.018616,-0.013275,0.059814
0.016479,-0.014648,0.074463
0.015106,-0.014343,0.061035
0.013428,-0.012665,0.061035
0.012817,-0.0090027,0.061035
0.011749,-0.0094604,0.058594
0.011139,-0.0071716,0.05127
0.0091553,-0.0033569,0.057373
0.0082397,0.00045776,0.063477
0.0059509,0.0038147,0.062256
0.0061035,0.0054932,0.059814
0.0074768,0.0057983,0.065918
0.009613,0.0035095,0.064697
0.010834,0.00045776,0.065918
0.010376,0.002594,0.063477
0.0086975,0.004425,0.064697
0.0061035,0.0071716,0.054932
0.0035095,0.0080872,0.059814
0.0028992,0.0091553,0.058594
0.0013733,0.0059509,0.057373
0.00076294,0.0032043,0.062256
-0.0015259,0.00076294,0.05127
-0.0047302,0.00091553,0.062256
-0.0062561,0.0022888,0.048828
-0.0073242,0.0024414,0.037842
-0.0050354,0.0030518,0.046387
-0.0010681,0.00076294,0.042725
0.0021362,-0.0019836,0.032959
0.004425,-0.005188,0.045166
0.0045776,-0.0021362,0.037842
0.0042725,0.00030518,0.040283
0.0024414,0.0027466,0.039063
0.0035095,0.00076294,0.24048
0.0062561,-0.0018311,4.6387
0.0091553,-0.0065613,4.8914
0.012054,-0.010986,4.9072
0.011749,-0.011597,4.9109
0.011444,-0.0097656,4.9084
0.010529,-0.0067139,4.9121
0.011749,-0.004425,4.9084
0.01358,-0.0033569,4.9097
0.016327,-0.0064087,4.9084
0.018158,-0.007019,4.9146
0.013275,-0.0047302,4.9194
0.018616,0.0024414,4.9194
0.019684,0.0068665,4.9194
0.023346,0.0097656,4.9219
0.028381,0.0093079,4.9243
0.031586,0.007019,4.9268
0.03479,0.0080872,4.9341
0.033875,0.0076294,4.9316
0.033722,0.0061035,4.9316
0.031891,0.0062561,4.928
0.031281,0.0036621,4.9341
0.029907,0,4.9304
0.027008,-0.00076294,4.9353
0.03067,-0.00076294,4.9414
0.025024,-0.0032043,4.9353
0.022888,-0.0054932,4.9353
0.021057,-0.005188,4.9255
0.01709,-0.0082397,4.917
0.014801,-0.0045776,4.9341
0.012817,0.00030518,4.9316
0.013123,0.002594,4.9329
0.015106,0.0036621,4.9304
0.0177,0.0015259,4.9292
0.020294,-0.0033569,4.9316
0.023346,-0.0064087,4.9255
0.02594,-0.007782,4.9255
0.026855,-0.0076294,4.9194
0.026398,-0.0059509,4.928
0.024719,-0.0039673,4.9194
0.022888,-0.0032043,4.9194
0.021973,-0.0042725,4.9243
0.022125,-0.005188,4.9158
0.023499,-0.0050354,4.917
0.024719,-0.0032043,4.9146
0.026398,0.00015259,4.9158
0.023499,0.0050354,4.9097
0.026855,0.010071,4.8962
0.025787,0.013275,4.9109
0.023651,0.020752,4.9097
0.018005,0.026093,4.9084
0.011444,0.029144,4.9109
0.0064087,0.029755,4.9084
0.0050354,0.029602,4.9072
0.007019,0.029144,4.9084
0.010986,0.028229,4.9158
0.014343,0.027924,4.9097
0.016327,0.027924,4.9146
0.016479,0.024872,4.9158
0.017395,0.020294,4.917
0.018005,0.013733,4.928
0.019836,0.0059509,4.9231
0.018158,-0.00045776,4.9304
0.013275,-0.0035095,4.9255
0.0059509,-0.007019,4.9182
-0.0013733,-0.0062561,4.9292
-0.0076294,-0.004425,4.9268
-0.0088501,-0.0021362,4.9255
-0.0074768,-0.00045776,4.9292
-0.0038147,-0.0010681,4.928
0.00091553,-0.00045776,4.9353
0.0035095,0.0032043,4.9329
0.0086975,0.010986,4.9329
0.013885,0.020447,0.053711
0.021667,0.028534,0.064697
0.029144,0.032654,0.067139
0.033875,0.034027,0.068359
0.037689,0.033417,0.067139
0.038605,0.032043,0.067139
0.039825,0.031738,0.067139
0.041504,0.03006,0.062256
0.04425,0.027161,0.072021
0.047607,0.024567,0.056152
0.049744,0.022278,0.040283
0.049286,0.018311,0.050049
0.047302,0.016327,0.05249
0.044098,0.014038,0.047607
0.039215,0.012817,0.050049
0.033875,0.015564,0.046387
0.029144,0.020294,0.050049
0.02533,0.022278,0.045166
0.022125,0.026398,0.043945
0.019531,0.027008,0.041504
0.015411,0.022736,0.046387
0.012054,0.017242,0.039063
0.009613,0.011292,0.045166
0.0094604,0.005188,0.054932
0.0097656,0,0.039063
0.0085449,-0.0045776,0.046387
0.0061035,-0.0094604,0.040283
0.0033569,-0.012665,0.025635
0.00076294,-0.014038,0.036621
-0.0022888,-0.012512,0.037842
-0.002594,-0.011292,0.037842
-0.0021362,-0.0079346,0.039063
-0.0027466,-0.005188,0.040283
0.0065613,-0.005188,0.045166
0.012665,-0.0039673,0.045166
0.015717,-0.0068665,0.050049
0.024261,-0.0083923,0.045166
0.028381,-0.0083923,0.053711
0.032806,-0.0094604,0.056152
0.036316,-0.0094604,0.058594
0.03891,-0.012512,0.063477
0.038757,-0.015259,0.059814
0.037537,-0.01709,0.062256
0.034637,-0.016937,0.062256
0.032654,-0.016022,0.072021
0.033722,-0.014954,0.061035
0.036163,-0.011902,0.050049
0.03952,-0.012054,0.061035
0.040436,-0.015717,0.062256
0.035553,-0.021973,0.061035
0.037537,-0.027924,0.064697
0.034943,-0.032043,0.064697
0.032654,-0.033417,0.065918
0.031738,-0.031128,0.064697
0.030518,-0.02594,0.067139
0.029907,-0.02182,0.058594
0.030365,-0.018463,0.063477
0.031433,-0.014801,0.058594
0.033417,-0.0097656,0.057373
0.036316,-0.0036621,0.062256
0.03891,0.0028992,0.05127
0.043182,0.0064087,0.05127
0.045013,0.0086975,0.048828
0.045776,0.0047302,0.0354
0.044556,-0.00030518,0.047607
0.042114,-0.005188,0.043945
0.037537,-0.0090027,0.041504
0.033569,-0.012665,0.043945
0.030518,-0.016174,0.037842
0.029907,-0.019073,0.040283
0.029907,-0.019531,0.037842
0.030518,-0.018768,0.040283
0.030365,-0.01297,0.036621
0.030365,-0.011902,0.039063
0.028992,-0.011597,0.043945
0.027618,-0.012817,0.039063
0.02594,-0.014801,0.036621
0.024567,-0.018005,0.040283
0.023956,-0.020142,3.8708
0.020905,-0.021362,4.8462
0.016937,-0.021362,4.9097
0.013275,-0.018158,4.9146
0.011139,-0.015411,4.9097
0.011597,-0.015106,4.917
0.012817,-0.015564,4.9182
0.015717,-0.017395,4.9255
0.017395,-0.019226,4.9231
0.02121,-0.018158,4.9255
0.023041,-0.015869,4.9316
0.026093,-0.014038,4.9292
0.03006,-0.012665,4.9353
0.034485,-0.010529,4.9292
0.037079,-0.011902,4.9316
0.036926,-0.011139,4.928
0.035553,-0.010223,4.9341
0.03479,-0.010529,4.9438
0.035706,-0.0088501,4.9341
0.036163,-0.0073242,4.9353
0.037079,-0.0042725,4.939
0.037079,-0.00061035,4.9268
0.039063,0.0027466,4.9341
0.039673,0.0056458,4.9341
0.038605,0.0042725,4.9329
0.035858,0.0071716,4.9304
0.032196,0.0067139,4.9255
0.030518,0.0065613,4.9292
0.03006,0.0071716,4.9231
0.027618,0.0047302,4.9231
0.023346,-0.0010681,4.9158
0.017853,-0.0061035,4.9219
0.01358,-0.0097656,4.9207
0.010223,-0.010986,4.9207
0.0091553,-0.010223,4.9182
0.0083923,-0.0083923,4.9146
0.0097656,-0.0090027,4.9255
0.0088501,-0.0093079,4.9146
0.0079346,-0.012207,4.9219
0.007782,-0.016327,4.9084
0.007782,-0.016937,4.9023
0.010376,-0.021515,4.9109
0.012817,-0.015106,4.9109
0.016479,-0.013275,4.9097
0.019226,-0.013885,4.9109
0.022736,-0.012054,4.906
0.027008,-0.0097656,4.9109
0.031891,-0.0045776,4.9048
0.036774,0.0039673,4.9146
0.041809,0.0091553,4.9109
0.046082,0.012054,4.9158
0.044098,0.011444,4.9158
0.043335,0.0099182,4.9194
0.042877,0.010071,4.9292
0.042725,0.014496,4.9243
0.043488,0.023651,4.9255
0.042725,0.032654,4.9255
0.041962,0.035095,4.9255
0.039368,0.0383,4.9304
0.035858,0.035248,4.9304
0.032349,0.031891,4.9304
0.028839,0.028687,4.9341
0.026093,0.028839,4.9304
0.024414,0.027161,4.9316
0.022278,0.026093,4.9304
0.018616,0.022125,4.9353
0.016479,0.018158,4.9304
0.01358,0.015564,4.9365
0.011444,0.014648,4.9353
0.0090027,0.016174,4.939
0.0057983,0.018463,4.9365
0.00091553,0.019836,4.9414
0.00030518,0.02121,0.073242
0.0018311,0.019989,0.062256
0.0027466,0.019531,0.067139
0.0036621,0.018921,0.058594
0.00015259,0.018158,0.042725
0.005188,0.016785,0.05127
0.0073242,0.014801,0.050049
0.0064087,0.013275,0.047607
0.0067139,0.0083923,0.05127
0.0047302,0.0053406,0.045166
0.0041199,0.0033569,0.048828
0.0038147,0.0028992,0.042725
0.0039673,0.0018311,0.045166
0.005188,0.0021362,0.040283
0.0083923,0.0039673,0.045166
0.011139,0.005188,0.037842
0.014954,0.0064087,0.040283
0.019073,0.0076294,0.05249
0.023346,0.007019,0.039063
0.025482,0.0059509,0.040283
0.027313,0.0074768,0.041504
0.029449,0.010834,0.021973
0.032196,0.0067139,0.036621
0.030823,0.0061035,0.040283
0.03006,0.0038147,0.036621
0.028534,0.00076294,0.042725
0.027466,0.00091553,0.039063
0.027924,-0.00045776,0.046387
0.024872,0.0016785,0.046387
0.024719,0.0050354,0.05127
0.023804,0.0088501,0.047607
0.023193,0.012054,0.057373
0.022583,0.01358,0.056152
0.02182,0.014191,0.059814
0.022278,0.013885,0.059814
0.02182,0.011597,0.062256
0.019531,0.010223,0.068359
0.018616,0.007782,0.064697
0.020142,0.0042725,0.072021
0.02243,0.0013733,0.061035
0.025177,-0.00091553,0.05127
0.027618,0.00015259,0.062256
0.029602,-0.0050354,0.061035
0.03067,-0.0059509,0.059814
0.031281,-0.0073242,0.063477
0.03067,-0.0067139,0.063477
0.031128,-0.0067139,0.065918
0.031128,-0.005188,0.064697
0.03006,-0.0033569,0.064697
0.028229,-0.0030518,0.058594
0.027924,-0.00076294,0.065918
0.02655,-0.00045776,0.057373
0.025177,0.00091553,0.057373
0.024567,0.0015259,0.058594
0.024872,0.0010681,0.05127
0.024414,0.00076294,0.041504
0.024872,0.0030518,0.05249
0.024414,0.0013733,0.042725
0.024261,-0.00045776,0.045166
0.02533,-0.0042725,0.043945
0.02533,-0.0093079,0.041504
0.026855,-0.012207,0.042725
0.027008,-0.013275,0.039063
0.025482,-0.010834,0.040283
0.022583,-0.0076294,0.036621
0.022278,-0.0035095,0.041504
0.023651,-0.0036621,0.040283
0.021667,-0.0041199,0.041504
0.020599,-0.0050354,0.041504
0.020599,-0.0056458,0.041504
0.019989,-0.004425,0.036621
0.020142,-0.0028992,0.043945
0.020599,0.0028992,0.05127
0.023193,0.0053406,0.041504
0.024109,0.0057983,0.05249
0.024872,0.0056458,0.045166
0.024719,0.0045776,0.031738
0.024109,0.0041199,0.048828
0.023956,0.0047302,2.4097
0.023804,0.0038147,4.7681
0.02533,0.0030518,4.9133
0.026398,-0.00015259,4.9158
0.024567,-0.0045776,4.928
0.022583,-0.0079346,4.9292
0.021973,-0.01236,4.9341
0.021515,-0.014343,4.9255
0.022125,-0.016785,4.9329
0.023651,-0.017853,4.9316
0.024872,-0.019226,4.9304
0.025024,-0.016327,4.9402
0.024872,-0.014954,4.9329
0.025635,-0.013275,4.9292
0.027924,-0.013123,4.9353
0.031281,-0.013275,4.9438
0.033112,-0.013123,4.9353
0.034027,-0.01297,4.9158
0.033722,-0.012817,4.9121
0.03479,-0.010986,4.9231
0.034485,-0.011749,4.9292
0.036316,-0.012207,4.928
0.035553,-0.01297,4.928
0.032043,-0.013885,4.9231
0.030212,-0.011292,4.9194
0.028534,-0.0079346,4.9231
0.027313,-0.0067139,4.9109
0.025635,-0.0045776,4.9207
0.025177,-0.0033569,4.9158
0.023651,-0.0022888,4.9158
0.023193,-0.0013733,4.9207
0.022736,0.0018311,4.9133
0.023804,0.00076294,4.9158
0.023041,0.0019836,4.9109
0.023193,0.0015259,4.8999
0.023041,-0.0019836,4.9109
0.022125,-0.0035095,4.9084
0.022583,-0.0019836,4.9072
0.023651,-0.0039673,4.9084
0.024567,-0.0035095,4.9072
0.023499,-0.0035095,4.9097
0.02121,-0.0064087,4.9048
0.018158,-0.0090027,4.9121
0.015869,-0.0099182,4.9133
0.013428,-0.010986,4.9207
0.010986,-0.0090027,4.9182
0.010223,-0.0079346,4.9194
0.0093079,-0.0064087,4.9243
0.010834,-0.0085449,4.9207
0.010376,-0.0093079,4.9231
0.012207,-0.009613,4.9255
0.013428,-0.010834,4.9365
0.015259,-0.0094604,4.9304
0.017242,-0.0068665,4.9182
0.017853,-0.0064087,4.9304
0.016022,-0.004425,4.9292
0.014496,0.00091553,4.9304
0.015259,0.00091553,4.9304
0.016632,0.0010681,4.928
0.017853,0.0042725,4.9341
0.020447,0.0030518,4.9365
0.021973,0.0042725,4.9329
0.020599,0.0093079,4.9353
0.020294,0.011292,4.9402
0.019836,0.01236,4.9329
0.019226,0.013885,4.9365
0.019531,0.01236,4.9463
0.018463,0.0082397,4.9158
0.018158,0.0080872,4.9304
0.019836,0.0099182,4.9304
0.019684,0.0083923,4.906
0.023193,0.010529,4.9207
0.023651,0.0091553,0.048828
0.023346,0.0065613,0.048828
0.024109,0.0068665,0.043945
0.02533,0.007782,0.046387
0.027161,0.007019,0.046387
0.025787,0.0074768,0.043945
0.024109,0.0059509,0.045166
0.021667,0.005188,0.039063
0.021362,0.0032043,0.039063
0.021057,0.00076294,0.039063
0.023499,-0.00030518,0.041504
0.025177,-0.00015259,0.041504
0.024872,0.0022888,0.041504
0.03006,0.0015259,0.041504
0.027771,0.0028992,0.041504
0.029755,0.0045776,0.042725
0.032501,0.0045776,0.037842
0.035248,0.0079346,0.031738
0.036316,0.010071,0.039063
0.039825,0.015869,0.043945
0.040436,0.016785,0.041504
0.040588,0.016479,0.036621
0.039978,0.01358,0.047607
0.038452,0.0079346,0.050049
0.036316,0.0076294,0.05249
0.033417,0.0073242,0.057373
0.030518,0.010376,0.054932
0.027924,0.013428,0.059814
0.023651,0.014648,0.058594
0.018311,0.015411,0.064697
0.016785,0.014801,0.073242
0.014801,0.014343,0.063477
0.016327,0.015411,0.062256
0.018005,0.018311,0.061035
0.019684,0.021362,0.054932
0.02121,0.021667,0.061035
0.022278,0.017242,0.061035
0.022736,0.009613,0.063477
0.023041,0.0024414,0.061035
0.022736,-0.0019836,0.064697
0.02182,-0.002594,0.065918
0.020599,-0.00045776,0.059814
0.019226,0.00015259,0.065918
0.018616,0.0013733,0.057373
0.017242,0.00061035,0.061035
0.016937,-0.0024414,0.057373
0.015259,-0.0019836,0.057373
0.014801,0.00030518,0.05127
0.013885,0.0035095,0.05127
0.014343,0.0050354,0.057373
0.014496,0.0073242,0.048828
0.014496,0.0065613,0.058594
0.015106,0.0086975,0.046387
0.014954,0.0074768,0.032959
0.015106,0.0067139,0.040283
0.015259,0.0054932,0.046387
0.016022,0.0062561,0.041504
0.015106,0.0071716,0.040283
0.016785,0.009613,0.0354
0.017548,0.010071,0.040283
0.0177,0.0099182,0.0354
0.01709,0.0079346,0.041504
0.017548,0.0054932,0.037842
0.016632,0.0036621,0.043945
0.014496,0.0036621,0.039063
0.013123,0.0032043,0.039063
0.013123,0.0032043,0.05249
0.01358,0.0041199,0.042725
0.013123,0.0036621,0.045166
0.010986,0.0035095,0.046387
0.011139,0.0033569,0.0354
0.010376,0.002594,0.046387
0.010071,0.002594,0.039063
0.011597,0.0021362,0.05249
0.013885,0.002594,0.054932
0.01358,0.0027466,0.05249
0.016022,0.0035095,0.059814
0.016937,0.0030518,0.058594
0.016937,0.0047302,2.5
0.016479,0.0039673,4.7815
0.016022,0.0032043,4.9231
0.015411,0.0038147,4.9255
0.015259,0.0038147,4.9304
0.012665,0.0065613,4.9304
0.011749,0.0067139,4.9316
0.010681,0.0057983,4.9316
0.010834,0.0035095,4.9377
0.011749,0.0013733,4.9451
0.012665,0.0022888,4.9353
0.012665,0.00015259,4.9219
0.011444,-0.00091553,4.9316
0.012207,-0.0013733,4.9231
0.011292,-0.0027466,4.9304
0.01358,-0.0027466,4.9292
0.013275,-0.0015259,4.9255
0.013428,-0.0013733,4.9219
0.01297,-0.0010681,4.9182
0.012054,-0.0013733,4.9219
0.012665,-0.0035095,4.9158
0.015411,-0.0054932,4.9158
0.016937,-0.0065613,4.9182
0.018311,-0.0076294,4.9194
0.018311,-0.0094604,4.906
0.016479,-0.0093079,4.9146
0.016479,-0.010529,4.9121
0.016632,-0.011902,4.9084
0.016479,-0.011444,4.906
0.018616,-0.0093079,4.8999
0.020599,-0.0068665,4.9097
0.022736,-0.0054932,4.9084
0.024872,-0.0054932,4.9072
0.027161,-0.0074768,4.9109
0.029297,-0.0099182,4.9109
0.028839,-0.010834,4.8938
0.02655,-0.0080872,4.9109
0.029144,-0.0054932,4.9097
0.030518,-0.0030518,4.9182
0.027924,-0.0024414,4.9133
0.029144,-0.0032043,4.9219
0.027466,-0.0045776,4.9158
0.026245,-0.005188,4.9219
0.024872,-0.0032043,4.9341
0.024567,-0.0015259,4.9255
0.026398,0.00045776,4.928
0.028687,0.00091553,4.9292
0.031433,0.0022888,4.9158
0.032959,0.0015259,4.9292
0.033112,0.0018311,4.9304
0.033875,0.0019836,4.9292
0.035706,0.0028992,4.9304
0.036774,0.0032043,4.9292
0.039368,0.0021362,4.9341
0.040131,0.0010681,4.9329
0.038757,-0.0012207,4.9353
0.036011,-0.0022888,4.9316
0.034943,-0.0032043,4.9402
0.035706,-0.0030518,4.9341
0.037842,-0.00061035,4.9353
0.039825,0.0027466,4.9402
0.039978,0.0045776,4.9329
0.03891,0.0067139,4.9329
0.038757,0.007019,4.9304
0.037079,0.0059509,4.9316
0.036316,0.0057983,4.9219
0.036316,0.0064087,4.9097
0.036011,0.0080872,4.9194
0.036163,0.010071,4.9182
0.03479,0.010834,4.9146
0.033569,0.013428,4.9158
0.032196,0.012665,4.9146
0.03067,0.012207,0.041504
0.031281,0.012207,0.040283
0.031891,0.011444,0.045166
0.033417,0.011444,0.040283
0.032349,0.011139,0.040283
0.029755,0.010986,0.040283
0.027466,0.0099182,0.036621
0.024872,0.010376,0.05127
0.024872,0.0093079,0.039063
0.023956,0.009613,0.053711
0.024109,0.010223,0.036621
0.024872,0.0091553,0.029297
0.025024,0.0091553,0.041504
0.025177,0.0083923,0.041504
0.024567,0.0056458,0.041504
0.024872,0.0038147,0.047607
0.02533,0.00045776,0.043945
0.024872,-0.0019836,0.048828
0.02533,-0.0038147,0.053711
0.024109,-0.0047302,0.053711
0.021515,-0.0050354,0.053711
0.018768,-0.005188,0.059814
0.016937,-0.0048828,0.061035
0.016479,-0.0048828,0.065918
0.017548,-0.0027466,0.065918
0.019684,0.0015259,0.064697
0.020905,0.005188,0.059814
0.021667,0.0083923,0.054932
0.020294,0.010071,0.068359
0.019836,0.0088501,0.063477
0.019531,0.007019,0.047607
0.020905,0.0053406,0.063477
0.022888,0.004425,0.064697
0.025482,0.0038147,0.064697
0.024567,0.004425,0.067139
0.024109,0.0042725,0.062256
0.022736,0.0042725,0.065918
0.020447,0.0039673,0.058594
0.019531,0.0048828,0.057373
0.0177,0.0042725,0.059814
0.017395,0.0038147,0.054932
0.015259,0.0012207,0.05127
0.013275,-0.0019836,0.05249
0.01236,-0.0050354,0.063477
0.013885,-0.0074768,0.050049
0.014038,-0.0082397,0.05127
0.015411,-0.0083923,0.047607
0.01709,-0.0067139,0.028076
0.017548,-0.0053406,0.041504
0.016327,-0.0038147,0.040283
0.015106,-0.002594,0.039063
0.014496,-0.0015259,0.040283
0.014954,-0.0010681,0.0354
0.016937,0.00091553,0.040283
0.020142,0.0024414,0.036621
0.024109,0.0042725,0.041504
0.027161,0.0036621,0.037842
0.029907,0.0039673,0.041504
0.031738,0.0039673,0.041504
0.031281,0.0028992,0.037842
0.033264,0.0024414,0.040283
0.032654,0.0035095,0.045166
0.031738,0.0039673,0.042725
0.030365,0.0036621,0.043945
0.027008,0.0028992,0.05249
0.026398,0.00091553,0.047607
0.025024,0.002594,0.047607
0.023346,-0.0018311,0.048828
0.02243,-0.00076294,0.05249
0.022583,-0.00015259,0.053711
0.022125,0.00091553,0.056152
0.021362,-0.00045776,0.059814
0.019379,-0.002594,0.062256
0.017242,-0.0053406,0.057373
0.014954,-0.005188,0.064697
0.012665,-0.0045776,0.058594
0.011292,-0.0038147,0.061035
0.0097656,-0.0041199,0.063477
0.0083923,-0.0050354,3.0066
0.0071716,-0.0094604,4.8242
0.0079346,-0.01236,4.9255
0.010376,-0.012665,4.9329
0.013428,-0.014038,4.9353
0.016937,-0.012207,4.928
0.018616,-0.0094604,4.9341
0.018921,-0.0057983,4.928
0.019379,-0.0012207,4.9304
0.019684,-0.0010681,4.9292
0.020599,-0.0013733,4.9255
0.02243,-0.0030518,4.9219
0.023041,-0.0056458,4.9182
0.022278,-0.0067139,4.9109
0.020752,-0.0073242,4.9146
0.020294,-0.0041199,4.9182
0.023804,0.00030518,4.9158
0.024872,0.0064087,4.9207
0.02594,0.00061035,4.9133
0.026245,-0.00061035,4.9146
0.026093,-0.0035095,4.9219
0.024872,-0.0038147,4.9109
0.023193,0.00076294,4.9207
0.020905,0.00030518,4.9133
0.018463,0.0045776,4.8975
0.016022,0.0053406,4.9084
0.015717,0.004425,4.9109
0.014801,0.0021362,4.9109
0.014038,0.00061035,4.9097
0.013885,0.00091553,4.9084
0.013275,0.0027466,4.9109
0.012207,0.005188,4.9097
0.01297,0.0068665,4.9158
0.01358,0.0062561,4.9121
0.014648,0.0036621,4.9097
0.013428,0.0013733,4.9219
0.01297,0.0010681,4.9255
0.013733,0.0022888,4.9353
0.0091553,0.0048828,4.9255
0.010834,0.0086975,4.928
0.011292,0.010376,4.9341
0.013885,0.011749,4.928
0.0177,0.010681,4.9292
0.020447,0.010223,4.9438
0.021667,0.0091553,4.9304
0.020294,0.009613,4.9353
0.018158,0.0080872,4.9292
0.016632,0.0062561,4.9329
0.012817,0.0057983,4.9329
0.012817,0.0032043,4.9329
0.012665,0.002594,4.9304
0.011597,0.0041199,4.9377
0.009613,0.005188,4.9353
0.0090027,0.0041199,4.9341
0.0074768,0.0059509,4.9341
0.0068665,0.0016785,4.9341
0.0080872,0.0010681,4.9341
0.0073242,-0.00030518,4.9304
0.0065613,0.00061035,4.9353
0.0032043,0.0016785,4.9231
0.0045776,0.0048828,4.9109
0.0045776,0.0036621,4.9194
0.0057983,0.0032043,4.9231
0.0085449,0.0039673,4.917
0.011444,0.0039673,4.9182
0.015411,0.004425,4.9133
0.017395,0.0065613,4.9036
0.019989,0.0067139,4.9158
0.021515,0.0054932,4.9133
0.022888,0.0041199,4.9072
0.026703,0.0018311,4.9133
0.027008,0.0021362,4.9121
0.028687,0.0010681,0.042725
0.028687,0.0015259,0.041504
0.026855,0.00045776,0.040283
0.025787,0.0010681,0.039063
0.023041,0.00015259,0.041504
0.023804,-0.00076294,0.037842
0.024719,-0.0013733,0.041504
0.026093,-0.0018311,0.046387
0.027924,-0.0015259,0.040283
0.027924,-0.0022888,0.040283
0.026703,-0.0022888,0.045166
0.024719,-0.0028992,0.05127
0.024567,-0.0032043,0.048828
0.026245,-0.0045776,0.056152
0.026703,-0.0062561,0.05249
0.026703,-0.0059509,0.056152
0.026398,-0.0061035,0.058594
0.026245,-0.0053406,0.059814
0.024719,-0.0038147,0.061035
0.024872,-0.0030518,0.062256
0.026855,-0.0039673,0.070801
0.027466,-0.00030518,0.059814
0.028229,0.00045776,0.068359
0.027618,0.00045776,0.061035
0.027008,0.0015259,0.043945
0.02655,0.00045776,0.061035
0.025635,-0.00030518,0.06958
0.026245,0.0010681,0.063477
0.027008,0.0039673,0.067139
0.029755,0.0057983,0.062256
0.029755,0.0076294,0.067139
0.028992,0.0074768,0.061035
0.028229,0.005188,0.062256
0.026245,0.0035095,0.056152
0.024567,0.0042725,0.057373
0.024872,0.0061035,0.05249
0.026093,0.010071,0.05249
0.027313,0.010376,0.058594
0.027008,0.0088501,0.045166
0.026398,0.007782,0.047607
0.023651,0.0064087,0.047607
0.022736,0.0056458,0.039063
0.021973,0.007019,0.042725
0.02182,0.007782,0.039063
0.022125,0.0076294,0.041504
0.020599,0.0039673,0.040283
0.019836,0.0073242,0.036621
0.019379,0.0068665,0.040283
0.018463,0.0073242,0.032959
0.018158,0.0064087,0.040283
0.020294,0.0068665,0.0354
0.021515,0.0080872,0.042725
0.023499,0.0074768,0.05127
0.022583,0.0080872,0.041504
0.020752,0.0080872,0.039063
0.018616,0.0073242,0.045166
0.018463,0.0045776,0.05249
0.020142,0.0016785,0.047607
0.023346,-0.0018311,0.056152
0.023346,-0.0048828,0.050049
0.022125,-0.004425,0.042725
0.019226,-0.0019836,0.054932
0.018768,0.0022888,0.054932
0.018158,0.0042725,0.057373
0.018768,0.0041199,0.059814
0.021515,0.0019836,0.057373
0.023499,-0.00030518,0.063477
0.025787,0.00061035,0.059814
0.026855,0.0022888,0.062256
0.027161,0.011597,0.057373
0.026093,0.015869,0.059814
0.026245,0.015717,0.063477
0.027008,0.01236,0.064697
0.028534,0.010071,0.067139
0.027924,0.0054932,0.065918
0.026093,0.004425,0.067139
0.023956,0.0041199,0.067139
0.021667,0.0041199,0.078125
0.020905,0.0016785,4.4019
0.02182,-0.0012207,4.8853
0.023651,-0.005188,4.9207
0.025787,-0.007782,4.9255
0.025482,-0.0079346,4.9231
0.026093,-0.0076294,4.9207
0.021362,-0.0067139,4.9207
0.019226,-0.0065613,4.9207
0.018616,-0.0065613,4.9194
0.020752,-0.0062561,4.9121
0.022736,-0.0039673,4.9146
0.025024,-0.0024414,4.9182
0.026398,0.00045776,4.9158
0.026398,0.0019836,4.9146
0.025482,0.0022888,4.9243
0.026703,0.0030518,4.9109
0.029297,0.002594,4.9121
0.031586,0.002594,4.9011
0.032349,0.0018311,4.8914
0.030975,-0.00015259,4.9084
0.029144,-0.0019836,4.9084
0.025024,-0.002594,4.9109
0.022736,-0.0038147,4.9072
0.023346,-0.0041199,4.895
0.025787,-0.004425,4.9097
0.029602,-0.004425,4.9084
0.029449,-0.0035095,4.9133
0.031738,-0.0021362,4.9097
0.026245,-0.00045776,4.9207
0.023041,0.0035095,4.9207
0.020905,0.0057983,4.9219
0.019684,0.0067139,4.9231
0.019379,0.0032043,4.928
0.016937,0.0022888,4.9243
0.014648,-0.00030518,4.9304
0.013275,-0.00091553,4.9402
0.012665,-0.00030518,4.9341
0.01297,0.00091553,4.9231
0.014038,0.0010681,4.9292
0.016327,-0.0013733,4.9304
0.016327,-0.0042725,4.9268
0.015411,-0.0067139,4.9329
0.013428,-0.0073242,4.9316
0.011139,-0.005188,4.9353
0.0079346,-0.0022888,4.9304
0.0068665,-0.00061035,4.9377
0.0080872,-0.00045776,4.9329
0.011749,-0.00015259,4.9353
0.011902,-0.00015259,4.9316
0.013275,0.00015259,4.9329
0.014496,0.0030518,4.9414
0.014343,0.0057983,4.9304
0.014648,0.007782,4.9255
0.017395,0.0080872,4.9255
0.019836,0.004425,4.9133
0.02182,0.0027466,4.9109
0.020752,-0.00030518,4.9231
0.018768,-0.00076294,4.9146
0.017395,-0.00076294,4.9207
0.014648,0.00091553,4.917
0.014038,0.0028992,4.9158
0.014191,0.0033569,4.9109
0.014191,0.0041199,4.9158
0.013123,0.0039673,4.9072
0.012054,0.0041199,4.9133
0.010223,0.005188,4.9109
0.010529,0.0056458,4.9109
0.011292,0.0059509,4.9121
0.013428,0.0068665,4.9109
0.014648,0.0061035,4.9158
0.016632,0.0045776,4.9109
0.015411,0.0024414,0.047607
0.012512,0.0022888,0.041504
0.0097656,0.0030518,0.030518
0.0083923,0.004425,0.041504
0.0082397,0.0068665,0.045166
0.0091553,0.010834,0.043945
0.0094604,0.0047302,0.048828
0.010681,0.0018311,0.048828
0.0099182,-0.0015259,0.056152
0.0094604,-0.00045776,0.054932
0.0094604,0.0012207,0.061035
0.0082397,0.0041199,0.058594
0.0088501,0.0062561,0.062256
0.0086975,0.0067139,0.062256
0.007782,0.0062561,0.063477
0.0074768,0.0056458,0.074463
0.0041199,0.0056458,0.054932
0.0022888,0.0062561,0.061035
0.0030518,0.0067139,0.064697
0.0064087,0.0071716,0.057373
0.014343,0.0045776,0.063477
0.015259,0.0032043,0.065918
0.018158,0.0035095,0.067139
0.018616,0.0018311,0.065918
0.018158,0.0045776,0.061035
0.018311,0.0073242,0.063477
0.018158,0.010071,0.057373
0.018311,0.013275,0.056152
0.017395,0.0061035,0.054932
0.016022,0.0019836,0.056152
0.01358,-0.0010681,0.053711
0.012665,-0.0028992,0.05127
0.011444,-0.0024414,0.048828
0.013275,-0.0022888,0.05127
0.013885,-0.0019836,0.057373
0.016785,-0.002594,0.05127
0.016937,-0.0050354,0.058594
0.01709,-0.007782,0.043945
0.01709,-0.0097656,0.037842
0.015259,-0.009613,0.040283
0.013733,-0.0074768,0.036621
0.014343,-0.0054932,0.039063
0.015106,-0.0035095,0.036621
0.016937,-0.0028992,0.037842
0.020142,-0.004425,0.039063
0.020599,-0.0048828,0.036621
0.020599,-0.0054932,0.043945
0.019531,-0.0028992,0.036621
0.019684,-0.00045776,0.040283
0.020599,0.0022888,0.043945
0.023346,0.00061035,0.042725
0.026245,0.0012207,0.05249
0.027618,-0.00030518,0.048828
0.029907,-0.00076294,0.050049
0.03006,-0.00091553,0.048828
0.031281,0.00030518,0.048828
0.032806,-0.00045776,0.05127
0.033722,-0.0015259,0.065918
0.033875,-0.0045776,0.050049
0.033264,-0.0080872,0.058594
0.031738,-0.0086975,0.058594
0.028992,-0.0080872,0.062256
0.026398,-0.0059509,0.058594
0.024567,-0.0042725,0.064697
0.024261,-0.0048828,0.057373
0.022888,-0.0076294,0.062256
0.021973,-0.0086975,0.058594
0.020447,-0.0085449,0.067139
0.020294,-0.0062561,0.062256
0.019836,-0.0022888,0.062256
0.017548,0.0013733,0.075684
0.020294,0.0041199,0.065918
0.021362,0.0048828,0.06958
0.022583,0.002594,0.063477
0.023651,0.0010681,0.042725
0.023041,-0.00076294,0.057373
0.023041,-0.00091553,0.062256
0.023346,0.0013733,0.05249
0.024109,0.0027466,2.4622
0.026093,0.0035095,4.7693
0.028534,0.0033569,4.9084
0.027618,0.0021362,4.9121
0.027008,0.0019836,4.917
0.02533,0.0024414,4.9097
0.023041,0.0048828,4.917
0.02243,0.0079346,4.9133
0.023651,0.0093079,4.917
0.026398,0.0071716,4.9158
0.028381,0.0019836,4.9121
0.02655,-0.0036621,4.906
0.024414,-0.0088501,4.9133
0.020447,-0.0067139,4.8914
0.016479,-0.0035095,4.9084
0.015564,0.00045776,4.8914
0.016022,0.0032043,4.9121
0.016022,0.0015259,4.9072
0.016479,-0.00076294,4.9097
0.015564,-0.0036621,4.9109
0.016022,-0.0042725,4.9109
0.016174,-0.002594,4.9133
0.016632,0.0018311,4.9146
0.019684,0.0039673,4.9207
0.022125,0.0048828,4.9182
0.023499,0.002594,4.9255
0.023193,0.00045776,4.9207
0.02182,-0.00061035,4.9243
0.023956,0.0013733,4.9353
0.022888,0.0047302,4.9329
0.025024,0.0097656,4.9402
0.027618,0.013123,4.9329
0.03006,0.014954,4.9231
0.032349,0.010834,4.9316
0.029144,0.0068665,4.9243
0.034637,0.00091553,4.9304
0.03479,0.0022888,4.9316
0.035248,0.0018311,4.9329
0.036621,0.0015259,4.9316
0.033722,0.0012207,4.9341
0.031738,-0.0012207,4.939
0.028992,-0.0036621,4.9304
0.026398,-0.0048828,4.939
0.024567,-0.0045776,4.9329
0.022583,-0.0021362,4.9329
0.020599,0.00030518,4.9365
0.019379,-0.00045776,4.9292
0.018768,-0.0015259,4.9268
0.019989,-0.0038147,4.9255
0.017395,-0.0050354,4.928
0.022736,-0.0027466,4.9207
0.024414,-0.00015259,4.9243
0.02594,0.0027466,4.9133
0.027008,0.004425,4.9158
0.028534,0.005188,4.917
0.03067,0.0042725,4.8938
0.030975,0.0030518,4.9036
0.031281,0.0038147,4.9133
0.032654,0.0065613,4.9097
0.032501,0.0099182,4.9109
0.034332,0.011749,4.9109
0.034637,0.0097656,4.9121
0.034332,0.0071716,4.9097
0.034485,0.0045776,4.9109
0.032349,0.0036621,4.9243
0.036469,0.0057983,4.9109
0.033569,0.0086975,4.9231
0.032806,0.0053406,4.9121
0.031738,0.011292,4.895
0.029755,0.010223,4.9121
0.027466,0.0094604,4.9146
0.025787,0.0080872,4.9194
0.024261,0.010834,0.05249
0.023346,0.0068665,0.047607
0.022888,0.0061035,0.058594
0.019836,0.004425,0.056152
0.016174,0.0032043,0.057373
0.011902,0.00091553,0.057373
0.009613,-0.0015259,0.062256
0.0082397,-0.002594,0.063477
0.0056458,-0.0036621,0.064697
0.0050354,-0.0033569,0.072021
0.0054932,-0.0036621,0.062256
0.0065613,-0.0035095,0.063477
0.0074768,-0.0036621,0.064697
0.011139,-0.0039673,0.075684
0.014038,-0.0042725,0.063477
0.017395,-0.0062561,0.053711
0.019379,-0.0056458,0.062256
0.020599,-0.0053406,0.067139
0.019684,-0.0039673,0.061035
0.019836,-0.0016785,0.064697
0.020142,0.00061035,0.057373
0.02182,0.0033569,0.059814
0.023193,0.0059509,0.054932
0.024872,0.007782,0.058594
0.02594,0.010529,0.05127
0.026703,0.011444,0.050049
0.027618,0.012054,0.05249
0.026855,0.010681,0.05127
0.026855,0.0083923,0.057373
0.025787,0.005188,0.046387
0.022888,0.0057983,0.053711
0.020752,0.0068665,0.041504
0.017395,0.007782,0.031738
0.012512,0.0083923,0.041504
0.0094604,0.0061035,0.040283
0.0057983,0.0038147,0.037842
0.0039673,0.0036621,0.037842
0.0024414,0.0042725,0.03418
0.0015259,0.005188,0.040283
0.0015259,0.0056458,0.039063
0.00015259,0.0048828,0.042725
0.00030518,0.002594,0.0354
-0.00076294,0.00045776,0.037842
0.0015259,-0.00015259,0.042725
0.0022888,0.0036621,0.043945
0.0028992,0.0027466,0.042725
0.0018311,0.0035095,0.045166
0.0038147,0.0030518,0.046387
0.0048828,0.00076294,0.050049
0.0059509,-0.00030518,0.057373
0.0090027,-0.0013733,0.056152
0.011292,-0.00061035,0.043945
0.015717,0.0010681,0.053711
0.013733,0.0024414,0.061035
0.013275,0.0045776,0.058594
0.011292,0.0050354,0.058594
0.010223,0.0048828,0.058594
0.010071,0.0035095,0.064697
0.010986,0.0030518,0.053711
0.011749,0.004425,0.059814
0.012207,0.0022888,0.059814
0.012817,0.0018311,0.063477
0.01297,0.0024414,0.063477
0.014954,0.0022888,0.064697
0.016479,0.0027466,0.080566
0.018311,0.0021362,0.065918
0.018616,0.0028992,0.063477
0.018463,0.0045776,0.064697
0.018005,0.0068665,0.047607
0.018311,0.007782,0.053711
0.015717,0.0085449,0.057373
0.016022,0.0064087,0.053711
0.014954,0.0024414,0.053711
0.014954,-0.0015259,0.047607
0.014801,-0.0042725,0.050049
0.013885,-0.0071716,0.046387
0.013733,-0.011292,0.05127
0.013428,-0.0071716,0.041504
0.015259,-0.0073242,2.55
0.016022,-0.007782,4.7705
0.0177,-0.0082397,4.9023
0.019379,-0.0083923,4.906
0.02121,-0.0082397,4.9109
0.021057,-0.0071716,4.9182
0.019531,-0.0071716,4.9097
0.019226,-0.0080872,4.9194
0.020447,-0.0091553,4.9072
0.023193,-0.009613,4.9036
0.025787,-0.0088501,4.9109
0.029907,-0.0076294,4.9097
0.031586,-0.0053406,4.906
0.032043,-0.0056458,4.9109
0.031738,-0.0041199,4.9097
0.030975,-0.0045776,4.9109
0.030975,-0.0047302,4.9097
0.030518,-0.0047302,4.9194
0.030975,-0.004425,4.9194
0.029755,-0.0050354,4.9207
0.027924,-0.0047302,4.9231
0.025787,-0.0062561,4.9268
0.024719,-0.0064087,4.9316
0.026398,-0.0054932,4.928
0.026245,-0.0042725,4.9329
0.026398,-0.0033569,4.9292
0.02594,-0.0032043,4.9329
0.024719,-0.0028992,4.9341
0.023651,-0.0024414,4.9207
0.022888,-0.00091553,4.9304
0.022125,0.0018311,4.9304
0.022583,0.0038147,4.9329
0.022278,0.0045776,4.9341
0.024414,0.0039673,4.9341
0.026093,0.004425,4.9353
0.027313,0.0041199,4.9341
0.029144,0.0048828,4.9353
0.029907,0.0045776,4.9353
0.030365,0.0053406,4.9341
0.028992,0.0057983,4.9292
0.02655,0.0047302,4.9304
0.025482,0.005188,4.939
0.022736,0.005188,4.9255
0.021667,0.0050354,4.928
0.020905,0.0045776,4.9219
0.019989,0.0045776,4.9048
0.018768,0.0035095,4.9133
0.018921,0.00015259,4.9207
0.020294,-0.0036621,4.9158
0.020599,-0.0057983,4.9146
0.021667,-0.007019,4.9133
0.021515,-0.0067139,4.9133
0.020905,-0.0039673,4.9084
0.019836,-0.0015259,4.9097
0.01709,-0.00045776,4.9048
0.015717,-0.00061035,4.9133
0.014954,-0.0016785,4.9097
0.014496,-0.0035095,4.9121
0.014343,-0.0048828,4.9121
0.015717,-0.0059509,4.9097
0.018005,-0.0059509,4.906
0.020294,-0.0068665,4.9121
0.022583,-0.0071716,4.9036
0.023804,-0.0068665,4.9146
0.025024,-0.0061035,4.9182
0.026245,-0.0050354,4.9243
0.02655,-0.0036621,4.9146
0.02655,-0.0019836,4.917
0.024567,-0.00045776,4.9182
0.023041,0,4.9255
0.021057,0.0013733,4.9109
0.019379,0.0012207,4.9268
0.021362,0.0032043,4.9353
0.019379,0.0036621,0.058594
0.020447,0.0041199,0.064697
0.023041,0.004425,0.063477
0.025635,0.0033569,0.062256
0.025635,0.0021362,0.067139
0.030823,0.00030518,0.063477
0.030365,-0.0028992,0.070801
0.030365,-0.0062561,0.064697
0.028076,-0.010376,0.05249
0.025177,-0.014038,0.065918
0.021667,-0.015717,0.067139
0.018616,-0.016785,0.065918
0.015259,-0.013885,0.064697
0.013733,-0.014191,0.059814
0.015259,-0.011444,0.061035
0.0177,-0.0091553,0.057373
0.016327,-0.0073242,0.057373
0.018311,-0.0062561,0.050049
0.021973,-0.007019,0.05249
0.024719,-0.0079346,0.05249
0.027008,-0.0097656,0.05127
0.029907,-0.0099182,0.050049
0.029755,-0.011139,0.047607
0.029602,-0.011292,0.047607
0.028381,-0.0094604,0.042725
0.02655,-0.0080872,0.039063
0.026398,-0.005188,0.042725
0.024261,-0.0035095,0.041504
0.023041,-0.00015259,0.03418
0.022278,0.0016785,0.037842
0.025482,0.0016785,0.037842
0.023804,0.00091553,0.039063
0.025482,0.00045776,0.036621
0.027313,-0.0018311,0.040283
0.028687,0.00045776,0.036621
0.029602,0.0024414,0.039063
0.030212,0.0042725,0.040283
0.029449,0.0056458,0.041504
0.027008,0.0054932,0.040283
0.023499,0.0045776,0.045166
0.020294,0.0038147,0.057373
0.016785,0.0022888,0.05249
0.014648,0.0019836,0.062256
0.014496,0.0016785,0.054932
0.012207,0,0.039063
0.01236,-0.00076294,0.056152
0.012054,-0.0010681,0.058594
0.012054,-0.0024414,0.058594
0.011444,-0.0047302,0.063477
0.009613,-0.0041199,0.058594
0.010376,-0.0030518,0.063477
0.0048828,-0.0019836,0.061035
0.0032043,-0.0028992,0.061035
0.0016785,-0.0062561,0.056152
0.0012207,-0.0079346,0.065918
0.0010681,-0.0088501,0.062256
0.0033569,-0.0074768,0.068359
0.0039673,-0.0035095,0.075684
0.0064087,0.00030518,0.065918
0.0082397,0.0028992,0.065918
0.0097656,0.0057983,0.063477
0.011139,0.0065613,0.06958
0.015869,0.0065613,0.057373
0.014801,0.0068665,0.058594
0.016479,0.0093079,0.05249
0.016937,0.012054,0.054932
0.017548,0.014191,0.046387
0.018158,0.014038,0.050049
0.020142,0.01236,0.045166
0.019073,0.011139,0.048828
0.018921,0.010681,0.042725
0.018311,0.011444,0.047607
0.017548,0.013123,0.042725
0.015869,0.014038,0.043945
0.014343,0.013123,0.042725
0.014191,0.011597,0.041504
0.014954,0.010834,0.050049
0.015259,0.010071,1.2219
0.017548,0.0094604,4.7034
0.017548,0.011749,4.8926
0.0177,0.012512,4.895
0.015869,0.013885,4.9084
0.014648,0.014343,4.9084
0.012054,0.014343,4.906
0.007782,0.015717,4.9097
0.0042725,0.012817,4.9097
0.0016785,0.010223,4.9097
0.00030518,0.0090027,4.9121
0,0.0079346,4.9219
0.0022888,0.0079346,4.9207
0.0045776,0.0083923,4.9243
0.0071716,0.007782,4.9255
0.0082397,0.0057983,4.9268
0.0083923,0.004425,4.928
0.0093079,0.0042725,4.928
0.009613,0.0053406,4.9304
0.0097656,0.0086975,4.9329
0.010071,0.010681,4.9402
0.010376,0.0086975,4.9341
0.010223,0.0048828,4.9255
0.011749,0.00015259,4.9329
0.013733,-0.0010681,4.9316
0.017395,-0.002594,4.9304
0.020447,-0.0013733,4.9316
0.022888,0,4.9304
0.024719,0.00091553,4.9316
0.024719,-0.00061035,4.9353
0.025024,-0.002594,4.9316
0.024261,-0.0021362,4.9341
0.024719,-0.0022888,4.9353
0.024567,-0.0010681,4.928
0.023041,0.0015259,4.9329
0.022736,0.0018311,4.9426
0.022278,0.0028992,4.9292
0.024261,0.00061035,4.9207
0.022125,-0.0012207,4.9219
0.022583,-0.0016785,4.9011
0.023804,-0.0015259,4.9182
0.023041,-0.00091553,4.9268
0.023956,-0.0012207,4.9109
0.021362,-0.002594,4.9182
0.019379,-0.0071716,4.9084
0.018005,-0.0079346,4.9146
0.017548,-0.0083923,4.9097
0.019226,-0.0068665,4.9146
0.020447,-0.0036621,4.9036
0.02182,-0.0033569,4.9133
0.022125,-0.0039673,4.9109
0.024261,-0.0062561,4.9121
0.02594,-0.0090027,4.9084
0.029755,-0.010681,4.9109
0.029297,-0.0097656,4.9109
0.032196,-0.0074768,4.9121
0.033417,-0.0048828,4.9146
0.03418,-0.004425,4.9109
0.034637,-0.0042725,4.9023
0.033722,-0.0057983,4.9194
0.034027,-0.0059509,4.9072
0.032654,-0.0056458,4.9194
0.033569,-0.004425,4.9207
0.034332,-0.0039673,4.9219
0.033264,-0.0050354,4.9231
0.033417,-0.0057983,4.9121
0.032196,-0.0080872,4.9146
0.032806,-0.011749,4.9304
0.032806,-0.012512,4.9316
0.034027,-0.012207,4.9304
0.034027,-0.010071,4.9341
0.034027,-0.0074768,4.939
0.033722,-0.0054932,4.9353
0.032196,-0.0021362,4.9329
0.030518,-0.0018311,0.064697
0.028992,-0.0012207,0.062256
0.027466,-0.00061035,0.065918
0.026093,0.00015259,0.065918
0.02533,0.0010681,0.062256
0.024414,0.0027466,0.063477
0.024719,0.0050354,0.063477
0.025024,0.0059509,0.061035
0.02533,0.007019,0.057373
0.026398,0.0048828,0.058594
0.027618,0.0053406,0.05249
0.027771,0.004425,0.056152
0.028076,0.0021362,0.05249
0.025635,0.00076294,0.05127
0.023193,-0.0018311,0.045166
0.016937,-0.0042725,0.050049
0.016632,-0.0061035,0.058594
0.014038,-0.0067139,0.043945
0.013733,-0.004425,0.054932
0.014191,-0.0018311,0.043945
0.014954,0,0.043945
0.016174,0.0010681,0.0354
0.01709,-0.00076294,0.0354
0.019379,-0.0028992,0.036621
0.023041,-0.0039673,0.041504
0.026855,-0.0028992,0.03418
0.030365,-0.0010681,0.041504
0.031128,0.00030518,0.039063
0.031281,-0.0010681,0.0354
0.029907,-0.0042725,0.036621
0.027924,-0.0062561,0.041504
0.02655,-0.0071716,0.041504
0.02533,-0.0053406,0.046387
0.024261,-0.0010681,0.061035
0.023041,0.0018311,0.050049
0.023193,0.0021362,0.05249
0.021973,0.0016785,0.054932
0.020752,-0.00030518,0.041504
0.022736,-0.0021362,0.053711
0.023956,-0.0010681,0.05249
0.025024,0,0.053711
0.025482,-0.00076294,0.061035
0.024567,0.00061035,0.059814
0.024414,-0.0019836,0.063477
0.022278,-0.004425,0.058594
0.020142,-0.0035095,0.062256
0.021057,-0.0057983,0.057373
0.019836,-0.0059509,0.064697
0.021973,-0.0039673,0.063477
0.02182,-0.0019836,0.064697
0.023346,-0.0016785,0.068359
0.026398,-0.0015259,0.068359
0.02533,-0.0019836,0.070801
0.028534,-0.0012207,0.065918
0.029755,0.00045776,0.075684
0.031891,0.00061035,0.058594
0.033569,0.0016785,0.050049
0.033569,0.0010681,0.057373
0.03479,-0.00030518,0.056152
0.033569,0.00015259,0.05127
0.032501,-0.0042725,0.05127
0.032501,-0.0045776,0.045166
0.031433,-0.0047302,0.05127
0.029907,-0.0021362,0.043945
0.028076,-0.0018311,0.048828
0.029144,0.0010681,0.042725
0.026398,0.00091553,0.042725
0.026855,-0.005188,0.043945
0.02655,-0.0027466,0.041504
0.028229,-0.0036621,0.041504
0.029602,-0.0027466,0.045166
0.029297,-0.00061035,0.041504
0.029144,0.00030518,0.039063
0.026855,0.0010681,0.032959
0.023956,0.00015259,0.037842
0.020752,-0.0024414,0.0354
0.01709,-0.0033569,2.5366
0.013123,-0.0030518,4.7656
0.010376,-0.00061035,4.8975
0.0090027,0.0022888,4.9084
0.0048828,0.004425,4.9109
0.004425,0.0053406,4.9194
0.0056458,0.0054932,4.9158
0.0093079,0.0041199,4.9207
0.014038,0.002594,4.9219
0.0177,0.0024414,4.9268
0.017853,-0.0015259,4.9255
0.017395,0.0027466,4.9231
0.014801,0.0010681,4.9377
0.012817,-0.0013733,4.9219
0.01358,-0.0032043,4.9365
0.014038,-0.005188,4.9329
0.014801,-0.0059509,4.9158
0.014496,-0.0064087,4.928
0.013885,-0.0057983,4.9316
0.014038,-0.0045776,4.9304
0.013733,-0.0050354,4.9304
0.015564,-0.0059509,4.9304
0.017242,-0.0048828,4.9377
0.019684,-0.0035095,4.9353
0.020294,-0.00061035,4.9341
0.018768,0.0035095,4.9304
0.018463,0.0068665,4.9158
0.017853,0.0094604,4.928
0.018311,0.0091553,4.9304
0.020142,0.0071716,4.9341
0.022125,0.0053406,4.928
0.023804,0.0041199,4.9268
0.022888,0.0038147,4.9146
0.021057,0.0064087,4.9268
0.020142,0.0079346,4.917
0.016479,0.0086975,4.928
0.019226,0.0064087,4.917
0.019836,0.0065613,4.917
0.019989,0.0050354,4.9109
0.019684,0.0047302,4.9146
0.018311,0.005188,4.9097
0.015411,0.005188,4.9109
0.015106,0.0059509,4.9048
0.014648,0.0057983,4.9097
0.016327,0.0045776,4.9109
0.019073,0.0035095,4.9121
0.020142,0.002594,4.9084
0.021667,0.0033569,4.9109
0.019531,0.0041199,4.9207
0.017395,0.0059509,4.9121
0.016479,0.0068665,4.9207
0.017853,0.0064087,4.9097
0.019073,0.007782,4.9048
0.019379,0.0064087,4.9207
0.018616,0.0053406,4.9146
0.01709,0.0080872,4.9182
0.014496,0.0085449,4.9255
0.013733,0.0079346,4.9243
0.014648,0.007019,4.9255
0.016937,0.0054932,4.9268
0.019226,0.0045776,4.9329
0.019989,0.0038147,4.9255
0.019989,0.0053406,4.9329
0.018921,0.0042725,4.9353
0.0177,0.0045776,4.9329
0.018463,0.0032043,4.9341
0.019989,0.0024414,4.9329
0.02182,0.0010681,4.9304
0.023041,0.0013733,4.9329
0.022736,0.002594,4.9426
0.019989,0.0050354,4.9365
0.018921,0.0071716,4.9255
0.018768,0.0076294,4.9316
0.020752,0.0048828,4.9353
0.023651,0.0010681,0.062256
0.025482,-0.0016785,0.064697
0.025635,-0.0032043,0.056152
0.02594,-0.0036621,0.058594
0.023651,-0.004425,0.053711
0.022888,-0.0045776,0.054932
0.02243,-0.0074768,0.050049
0.023193,-0.0083923,0.053711
0.023346,-0.0090027,0.048828
0.022583,-0.0054932,0.046387
0.022736,-0.0013733,0.062256
0.021973,0.0021362,0.041504
0.023804,0.0032043,0.046387
0.026398,0.0033569,0.043945
0.031433,0.0035095,0.026855
0.038147,0.0016785,0.036621
0.042725,0.0022888,0.037842
0.046082,0.0022888,0.039063
0.045471,0.0019836,0.039063
0.043335,0.0013733,0.0354
0.041504,-0.00045776,0.041504
0.038757,-0.0012207,0.037842
0.037994,-0.0032043,0.040283
0.036774,-0.0045776,0.036621
0.034943,-0.0054932,0.041504
0.033417,-0.0057983,0.041504
0.032196,-0.0059509,0.045166
0.031891,-0.0068665,0.046387
0.032196,-0.0068665,0.046387
0.032806,-0.007019,0.047607
0.033417,-0.0064087,0.05249
0.030518,-0.0064087,0.058594
0.026855,-0.005188,0.054932
0.023346,-0.0045776,0.05249
0.019379,-0.0042725,0.061035
0.018005,-0.004425,0.061035
0.017395,-0.0039673,0.058594
0.019379,-0.0012207,0.061035
0.021362,-0.0015259,0.058594
0.02243,-0.00015259,0.062256
0.024567,0.0013733,0.059814
0.025482,0.0022888,0.064697
0.026703,0.0021362,0.058594
0.028381,0.002594,0.064697
0.030518,0.0021362,0.063477
0.030518,0.0013733,0.067139
0.029144,0.00045776,0.074463
0.025482,-0.0012207,0.064697
0.024414,-0.0022888,0.065918
0.022888,-0.0033569,0.062256
0.022125,-0.0036621,0.050049
0.022278,-0.0032043,0.059814
0.023193,-0.0032043,0.053711
0.023346,-0.0035095,0.047607
0.02182,-0.0053406,0.05249
0.019684,-0.0062561,0.048828
0.018311,-0.0068665,0.05127
0.017242,-0.007782,0.043945
0.017548,-0.0067139,0.045166
0.018311,-0.005188,0.043945
0.018768,-0.0028992,0.045166
0.019684,-0.002594,0.043945
0.020294,-0.0022888,0.043945
0.021667,-0.0028992,0.040283
0.021515,-0.0038147,0.040283
0.023651,-0.0048828,0.05127
0.024261,-0.0041199,0.039063
0.026703,-0.0064087,0.046387
0.026245,-0.0073242,0.040283
0.02594,-0.0056458,0.0354
0.024872,-0.0050354,0.036621
0.022888,-0.0042725,0.037842
0.02182,-0.004425,0.040283
0.021057,-0.0048828,0.041504
0.020752,-0.0071716,0.039063
0.020447,-0.007782,0.043945
0.019073,-0.0083923,0.045166
0.02243,-0.0082397,3.7195
0.02243,-0.0086975,4.8401
0.021973,-0.0093079,4.9182
0.02182,-0.010834,4.8999
0.022888,-0.012207,4.928
0.025482,-0.013275,4.9402
0.027618,-0.01358,4.9304
0.028076,-0.010834,4.9292
0.026703,-0.007019,4.9353
0.025024,-0.0033569,4.9341
0.02594,-0.0013733,4.9304
0.02655,-0.00015259,4.928
0.032959,-0.00076294,4.9304
0.034485,0,4.9304
0.03891,0.0013733,4.9255
0.036926,0.0027466,4.9365
0.034637,0.0032043,4.9341
0.033417,0.00076294,4.9365
0.033264,-0.0028992,4.9292
0.033875,-0.0079346,4.9353
0.032806,-0.0080872,4.9304
0.030365,-0.0086975,4.9316
0.026245,-0.0039673,4.928
0.023346,-0.0016785,4.928
0.021667,-0.00015259,4.9353
0.022278,0,4.9268
0.024872,-0.0010681,4.9341
0.027924,-0.0010681,4.9194
0.028839,0.00015259,4.9109
0.028229,0.0010681,4.917
0.024414,0.0028992,4.9048
0.021667,0.0045776,4.9146
0.020294,0.007019,4.9133
0.02121,0.0086975,4.9097
0.018463,0.010529,4.9121
0.02182,0.011139,4.8987
0.020294,0.0086975,4.9097
0.016327,0.0053406,4.9072
0.012665,0.0019836,4.9133
0.010529,-0.00061035,4.9109
0.011139,0.00030518,4.9133
0.014343,0.0016785,4.9109
0.014343,0.0024414,4.9133
0.01297,0.0012207,4.9109
0.0091553,-0.0019836,4.9084
0.0054932,-0.0050354,4.906
0.0039673,-0.0061035,4.9133
0.0036621,-0.0041199,4.9255
0.0054932,-0.0013733,4.9133
0.0080872,0.0012207,4.9194
0.0085449,0.0018311,4.9219
0.0097656,0.00091553,4.928
0.010529,0.00015259,4.9255
0.011139,0.00030518,4.9316
0.013123,0.0010681,4.9292
0.015869,0.0030518,4.9316
0.019073,0.0050354,4.9304
0.020142,0.0064087,4.9353
0.020447,0.0076294,4.928
0.020599,0.0091553,4.9304
0.019836,0.012512,4.9402
0.019073,0.015106,4.9341
0.019226,0.01709,4.9304
0.019836,0.016174,4.9365
0.021057,0.013123,4.9146
0.022125,0.0091553,4.9329
0.022125,0.0062561,4.9329
0.021362,0.0062561,4.9341
0.019989,0.007782,4.9329
0.019989,0.0083923,4.9292
0.020599,0.0091553,4.9316
0.02182,0.007019,4.9255
0.02182,0.0048828,4.9292
0.020599,0.004425,0.046387
0.019531,0.0057983,0.053711
0.016632,0.009613,0.050049
0.014801,0.013275,0.047607
0.015869,0.014801,0.054932
0.01709,0.015259,0.047607
0.018311,0.014343,0.046387
0.017853,0.014038,0.045166
0.014801,0.015106,0.037842
0.014191,0.016785,0.040283
0.013428,0.0177,0.036621
0.013428,0.016785,0.040283
0.015106,0.013123,0.040283
0.015717,0.0071716,0.037842
0.015869,0.0028992,0.041504
0.013123,0.0016785,0.037842
0.010529,0.0042725,0.040283
0.0068665,0.0053406,0.039063
0.0062561,0.0076294,0.042725
0.0083923,0.0071716,0.039063
0.010681,0.0039673,0.047607
0.013428,0.00030518,0.045166
0.014648,-0.002594,0.045166
0.017395,-0.0033569,0.056152
0.015717,-0.0024414,0.05249
0.016937,0.00045776,0.064697
0.017853,0.0028992,0.054932
0.019379,0.0038147,0.043945
0.020142,0.0030518,0.056152
0.017242,0.0015259,0.058594
0.015564,-0.0010681,0.057373
0.013733,-0.0018311,0.062256
0.015259,-0.00061035,0.059814
0.018768,0.0012207,0.061035
0.022583,0.0032043,0.059814
0.025787,0.0030518,0.062256
0.027313,-0.0012207,0.057373
0.027161,-0.0071716,0.063477
0.026398,-0.010529,0.065918
0.024414,-0.012665,0.067139
0.023499,-0.009613,0.070801
0.022736,-0.0056458,0.067139
0.022583,-0.0022888,0.067139
0.021515,-0.0018311,0.062256
0.022583,-0.0050354,0.06958
0.023651,-0.0068665,0.059814
0.024567,-0.0091553,0.054932
0.026398,-0.0091553,0.05249
0.027618,-0.0067139,0.05249
0.028687,-0.0018311,0.05127
0.030212,0.00045776,0.05127
0.032043,0.00076294,0.045166
0.034485,0.00015259,0.048828
0.036163,-0.0015259,0.043945
0.036011,-0.0021362,0.046387
0.036163,-0.0021362,0.045166
0.035706,-0.0022888,0.047607
0.034332,-0.0019836,0.041504
0.03418,-0.0022888,0.041504
0.035248,-0.0028992,0.056152
0.036469,-0.0027466,0.040283
0.036774,-0.0030518,0.046387
0.036011,-0.0019836,0.041504
0.034332,-0.0019836,0.025635
0.032349,-0.0039673,0.0354
0.031281,-0.0045776,0.039063
0.029907,-0.0056458,0.037842
0.028687,-0.0053406,0.041504
0.029449,-0.0032043,0.036621
0.029144,-0.00091553,0.042725
0.029602,-0.00015259,0.042725
0.029297,-0.00045776,0.046387
0.028687,-0.0012207,0.043945
0.028839,-0.0018311,0.05127
0.029449,-0.0016785,0.048828
0.029449,0.00061035,0.054932
0.029144,0.0022888,0.063477
0.027313,0.0036621,0.16846
0.025177,0.0041199,4.6533
0.022278,0.0036621,4.9109
0.023346,0.0028992,4.939
0.022125,0.0015259,4.9304
0.02243,0.0041199,4.9243
0.021667,0.0064087,4.9292
0.021515,0.007019,4.9268
0.02121,0.007782,4.9268
0.022125,0.0079346,4.9316
0.023651,0.007019,4.9353
0.025024,0.0018311,4.9377
0.025177,-0.0010681,4.9329
0.023956,-0.0036621,4.9377
0.021362,-0.0050354,4.9329
0.02182,-0.0061035,4.9304
0.020599,-0.0065613,4.9304
0.017242,-0.0064087,4.9329
0.015717,-0.0061035,4.9353
0.014038,-0.004425,4.9304
0.015106,-0.0033569,4.9231
0.016174,-0.0010681,4.9194
0.019684,0.0012207,4.9109
0.023346,0.0028992,4.9182
0.026093,0.0059509,4.917
0.027313,0.0065613,4.9158
0.028992,0.0074768,4.9182
0.031738,0.0068665,4.9146
0.033569,0.0067139,4.9121
0.036774,0.007019,4.9084
0.0354,0.004425,4.9133
0.034332,0.0074768,4.9072
0.032196,0.0067139,4.9133
0.030518,0.0032043,4.9109
0.028381,-0.0013733,4.9109
0.023346,-0.0042725,4.906
0.02243,-0.0071716,4.9121
0.021515,-0.0064087,4.8999
0.018921,-0.0062561,4.9121
0.017548,-0.0076294,4.9194
0.018463,-0.010834,4.9158
0.019073,-0.015564,4.8999
0.020599,-0.017853,4.9109
0.02121,-0.016327,4.9133
0.023956,-0.011139,4.917
0.025635,-0.0050354,4.9207
0.027771,-0.0013733,4.9207
0.028687,0.0010681,4.9292
0.029297,0.00045776,4.9304
0.029755,0.00015259,4.9316
0.027924,0.0010681,4.9268
0.032349,0.0047302,4.939
0.035553,0.0094604,4.9329
0.035858,0.01297,4.9353
0.038147,0.01297,4.9402
0.039825,0.010376,4.9341
0.041656,0.007782,4.9316
0.040283,0.0054932,4.9341
0.039063,0.0048828,4.9316
0.037079,0.005188,4.9329
0.031586,0.0048828,4.9341
0.030823,0.0032043,4.9341
0.028381,0.00015259,4.9292
0.027008,-0.0021362,4.928
0.025787,-0.0036621,4.9329
0.027313,-0.0036621,4.928
0.026703,-0.0013733,4.9304
0.027618,0,4.9243
0.028381,0.0036621,4.9268
0.030212,0.0013733,4.9219
0.03006,0.0022888,4.9207
0.027313,0.0042725,4.9219
0.022125,0.0071716,4.9194
0.018005,0.010376,0.058594
0.014801,0.011292,0.046387
0.012054,0.0094604,0.056152
0.009613,0.0061035,0.043945
0.0086975,0.0030518,0.037842
0.0091553,0.0019836,0.042725
0.011292,0.0022888,0.039063
0.012665,0.0030518,0.037842
0.015411,0.0024414,0.041504
0.016937,-0.0012207,0.037842
0.0177,-0.002594,0.040283
0.020752,-0.004425,0.036621
0.020905,-0.0047302,0.042725
0.020142,-0.0041199,0.037842
0.019989,-0.0032043,0.040283
0.018616,-0.00061035,0.043945
0.019531,0.0010681,0.042725
0.021667,0.0047302,0.05127
0.023346,0.0047302,0.050049
0.024414,0.0057983,0.054932
0.024567,0.0057983,0.048828
0.024261,0.004425,0.046387
0.022888,0.0061035,0.056152
0.022125,0.0015259,0.059814
0.021667,0.0021362,0.057373
0.020447,0.0045776,0.061035
0.019684,0.0048828,0.057373
0.018768,0.0048828,0.063477
0.018158,0.0041199,0.058594
0.018158,0.002594,0.064697
0.017395,0.0047302,0.061035
0.017548,0.0080872,0.059814
0.017853,0.010071,0.064697
0.016632,0.009613,0.061035
0.015259,0.0065613,0.063477
0.015564,0.0016785,0.067139
0.013733,-0.0035095,0.075684
0.014801,-0.0061035,0.067139
0.01297,-0.0047302,0.070801
0.0099182,-0.0032043,0.063477
0.012054,0.0022888,0.05127
0.012054,0.0041199,0.057373
0.013885,0.0047302,0.059814
0.016327,0.0054932,0.050049
0.018311,0.0079346,0.05249
0.022278,0.010834,0.047607
0.024719,0.014191,0.05127
0.02594,0.015411,0.045166
0.027313,0.013733,0.046387
0.026855,0.0099182,0.045166
0.025482,0.0067139,0.047607
0.023651,0.0048828,0.037842
0.021515,0.0050354,0.040283
0.016479,0.007019,0.048828
0.01358,0.007782,0.041504
0.011292,0.007782,0.039063
0.0094604,0.0067139,0.041504
0.0091553,0.0050354,0.026855
0.0099182,0.0038147,0.036621
0.010834,0.0041199,0.039063
0.013885,0.0016785,0.040283
0.017395,0.00015259,0.039063
0.02121,-0.0021362,0.036621
0.025024,-0.0039673,0.041504
0.026398,-0.0030518,0.041504
0.027008,-0.00076294,0.042725
0.02533,0.00076294,0.042725
0.023804,0.0013733,0.050049
0.023193,0.002594,0.050049
0.020905,0.0036621,0.054932
0.022736,0.0045776,0.054932
0.023346,0.0048828,0.059814
0.025482,0.0041199,0.067139
0.028687,0.0021362,0.061035
0.030518,-0.00076294,0.067139
0.032349,-0.0045776,0.058594
0.032959,-0.0065613,0.05127
0.033264,-0.0088501,0.061035
0.033569,-0.010223,4.3054
0.032806,-0.010529,4.8889
0.031891,-0.010681,4.9243
0.030212,-0.011139,4.9316
0.029449,-0.011139,4.9329
0.03006,-0.010986,4.9316
0.03067,-0.0097656,4.9353
0.031128,-0.0083923,4.9268
0.031586,-0.0061035,4.9353
0.032501,-0.0050354,4.9341
0.034332,-0.0038147,4.9304
0.036011,-0.0024414,4.9292
0.039673,-0.0027466,4.9316
0.040741,-0.0028992,4.9292
0.041351,-0.002594,4.9231
0.039978,-0.0032043,4.928
0.037384,-0.0024414,4.9194
0.034943,-0.0016785,4.9036
0.032959,-0.002594,4.9146
0.031891,-0.0024414,4.9158
0.030212,-0.0041199,4.9146
0.027466,-0.005188,4.9109
0.026093,-0.0074768,4.9011
0.02655,-0.0080872,4.9121
0.026703,-0.0074768,4.9097
0.02655,-0.0071716,4.9109
0.026398,-0.0071716,4.9121
0.025024,-0.0064087,4.9109
0.022278,-0.0047302,4.8999
0.019531,-0.0028992,4.9146
0.018921,-0.00045776,4.9219
0.018005,0.0010681,4.9109
0.017242,0.0012207,4.9121
0.01709,0.0039673,4.9121
0.019379,0.0041199,4.895
0.023041,0.0056458,4.9146
0.026245,0.0068665,4.9146
0.029755,0.0064087,4.917
0.031281,0.0064087,4.9182
0.032043,0.0062561,4.9194
0.032501,0.0056458,4.9268
0.032196,0.0062561,4.9243
0.031738,0.0065613,4.9292
0.029449,0.0076294,4.9255
0.025787,0.0061035,4.9353
0.02182,0.0047302,4.9329
0.018616,0.0033569,4.9329
0.016937,-0.00030518,4.9353
0.017853,-0.0032043,4.9341
0.018463,-0.004425,4.928
0.019226,-0.0071716,4.9329
0.020142,-0.0079346,4.9438
0.019226,-0.0094604,4.9353
0.017242,-0.010529,4.9341
0.016174,-0.009613,4.9353
0.015869,-0.0085449,4.9353
0.016479,-0.0053406,4.9316
0.016327,-0.0024414,4.9353
0.015106,-0.00076294,4.9304
0.014801,-0.00015259,4.9292
0.015564,0.0018311,4.9255
0.017853,0.004425,4.9255
0.023804,0.0065613,4.9207
0.023956,0.0086975,4.9207
0.027313,0.0082397,4.9207
0.027618,0.0062561,4.9048
0.028992,0.0032043,4.928
0.028229,0,4.9207
0.026398,-0.0028992,4.9182
0.024719,-0.0048828,4.9158
0.02121,-0.0082397,4.9023
0.018463,-0.010529,4.9133
0.014496,-0.013885,0.039063
0.014038,-0.016022,0.037842
0.014954,-0.01709,0.042725
0.016327,-0.017853,0.041504
0.018311,-0.017853,0.037842
0.019531,-0.016479,0.039063
0.020752,-0.015564,0.042725
0.022888,-0.011139,0.036621
0.024719,-0.01297,0.040283
0.02655,-0.010681,0.041504
0.027466,-0.0080872,0.046387
0.028839,-0.0036621,0.042725
0.029602,0.0021362,0.048828
0.031891,0.0090027,0.045166
0.035858,0.011902,0.057373
0.038757,0.015106,0.059814
0.041962,0.014496,0.054932
0.044098,0.011749,0.048828
0.045166,0.0091553,0.054932
0.046234,0.0099182,0.058594
0.044556,0.0059509,0.059814
0.042419,0.0083923,0.061035
0.037994,0.0086975,0.059814
0.032959,0.0071716,0.063477
0.028839,0.0054932,0.059814
0.02182,0.0021362,0.059814
0.024567,-0.0012207,0.062256
0.023804,-0.0033569,0.065918
0.025482,-0.0050354,0.061035
0.024567,-0.0064087,0.065918
0.02594,-0.0047302,0.076904
0.024414,-0.0073242,0.065918
0.024109,-0.005188,0.062256
0.02243,-0.0028992,0.065918
0.020447,0.0027466,0.042725
0.018311,0.0080872,0.061035
0.012512,0.01709,0.056152
0.01358,0.015717,0.05127
0.012665,0.015411,0.050049
0.01236,0.011902,0.047607
0.013275,0.010376,0.048828
0.014343,0.0080872,0.045166
0.014038,0.0065613,0.048828
0.016632,0.007019,0.041504
0.01709,0.0061035,0.047607
0.016479,0.0038147,0.043945
0.015259,-0.0015259,0.042725
0.014496,-0.0038147,0.040283
0.01297,-0.0018311,0.042725
0.015259,0.00045776,0.046387
0.015717,0.0073242,0.040283
0.017242,0.011292,0.048828
0.018616,0.011749,0.036621
0.020142,0.0091553,0.029297
0.022736,0.0045776,0.040283
0.021057,0.002594,0.039063
0.021515,0.002594,0.0354
0.021515,0.0056458,0.039063
0.021362,0.0074768,0.039063
0.020752,0.0074768,0.043945
0.018311,0.0083923,0.042725
0.014801,0.005188,0.050049
0.010986,0.0048828,0.046387
0.007782,0.0061035,0.046387
0.0032043,0.010376,0.056152
0.0059509,0.015411,0.058594
0.007782,0.019836,0.068359
0.0094604,0.022278,0.063477
0.012207,0.022125,0.063477
0.012817,0.020142,0.061035
0.014343,0.015411,0.061035
0.015259,0.013733,0.061035
0.015106,0.01236,0.062256
0.014191,0.011292,0.056152
0.011597,0.010529,0.062256
0.0094604,0.011902,0.062256
0.0062561,0.010376,0.064697
0.0042725,0.0091553,0.057373
0.0013733,0.0085449,3.4949
0.0015259,0.0065613,4.8438
0.0038147,0.007019,4.928
0.0073242,0.0073242,4.9304
0.012054,0.0080872,4.9329
0.014496,0.0085449,4.9292
0.015869,0.0065613,4.9268
0.015259,0.0064087,4.9377
0.012665,0.0035095,4.9255
0.010529,0.0016785,4.9292
0.0094604,0.00091553,4.9219
0.0085449,0.0030518,4.8962
0.0079346,0.0041199,4.9146
0.0064087,0.0079346,4.9158
0.0045776,0.009613,4.917
0.0028992,0.014801,4.9109
0.0038147,0.010834,4.9048
0.0073242,0.010071,4.9121
0.011902,0.0099182,4.9109
0.016785,0.0091553,4.9109
0.020447,0.0053406,4.9097
0.022888,0.0071716,4.9158
0.02182,0.0065613,4.9097
0.021973,0.0059509,4.9121
0.022278,0.0048828,4.9158
0.022125,0.0039673,4.9109
0.022736,0.0036621,4.9097
0.022278,0.0035095,4.9084
0.021362,0.002594,4.9048
0.019073,0.0021362,4.9146
0.018005,0.0021362,4.9109
0.019073,0.0021362,4.9158
0.021057,0.0027466,4.9194
0.023499,0.0036621,4.9207
0.025635,0.004425,4.9243
0.02655,0.0047302,4.9243
0.024719,0.0035095,4.928
0.021667,0.00030518,4.9243
0.019226,0.00015259,4.9329
0.017853,0.00061035,4.9292
0.0177,0.0016785,4.9329
0.017395,0.0021362,4.928
0.017853,0.0016785,4.9304
0.0177,0,4.939
0.018158,-0.0015259,4.9377
0.018463,-0.0033569,4.9402
0.02121,-0.0042725,4.9353
0.023651,-0.004425,4.9231
0.027313,-0.0036621,4.9255
0.03006,-0.0033569,4.9426
0.032806,-0.0018311,4.9353
0.033112,0,4.9329
0.031891,0.00015259,4.9292
0.034637,-0.00061035,4.9304
0.035706,-0.0015259,4.9255
0.037689,-0.0019836,4.928
0.038147,-0.0022888,4.9207
0.0383,-0.0016785,4.9243
0.036011,-0.00030518,4.9207
0.032806,0.00045776,4.9243
0.031128,0.0045776,4.9146
0.028839,0.0064087,4.9207
0.030365,0.0085449,4.9182
0.030823,0.0093079,4.9146
0.031738,0.009613,4.9158
0.030823,0.0091553,4.9121
0.030212,0.0093079,4.9023
0.028992,0.0094604,4.9097
0.029449,0.0090027,4.9109
0.029449,0.0083923,4.9121
0.028992,0.0086975,4.9097
0.026703,0.0071716,4.9084
0.024872,0.0059509,0.043945
0.020447,0.0065613,0.037842
0.017242,0.0062561,0.041504
0.016785,0.0057983,0.040283
0.018921,0.005188,0.043945
0.02182,0.0053406,0.042725
0.025177,0.005188,0.047607
0.027313,0.0062561,0.062256
0.030518,0.0083923,0.047607
0.029907,0.010223,0.054932
0.030365,0.011597,0.054932
0.031586,0.012207,0.037842
0.032196,0.012817,0.057373
0.031738,0.012207,0.058594
0.03006,0.010834,0.056152
0.027924,0.0090027,0.062256
0.025177,0.0045776,0.057373
0.024567,0,0.064697
0.021057,-0.0038147,0.058594
0.020752,-0.0068665,0.062256
0.020142,-0.0076294,0.059814
0.020142,-0.0074768,0.064697
0.018921,-0.0059509,0.063477
0.018921,-0.0042725,0.067139
0.018616,-0.0028992,0.073242
0.019684,-0.0013733,0.065918
0.023499,0.00015259,0.067139
0.027008,0.0022888,0.064697
0.029907,0.0050354,0.072021
0.032043,0.002594,0.057373
0.03418,0.0067139,0.067139
0.035248,0.0061035,0.05249
0.034027,0.0042725,0.054932
0.036926,0.0038147,0.050049
0.036316,0.0041199,0.050049
0.034485,0.005188,0.045166
0.030212,0.0056458,0.048828
0.025787,0.0045776,0.045166
0.021057,0.0016785,0.046387
0.01709,-0.0030518,0.042725
0.013885,-0.007782,0.042725
0.013123,-0.01236,0.040283
0.01358,-0.013885,0.041504
0.015564,-0.013428,0.05127
0.015411,-0.013123,0.042725
0.016022,-0.013885,0.05127
0.016479,-0.014954,0.039063
0.018463,-0.015411,0.030518
0.022278,-0.011902,0.037842
0.024109,-0.0054932,0.039063
0.026398,0.00076294,0.037842
0.027008,0.0061035,0.040283
0.029449,0.009613,0.037842
0.032349,0.010071,0.046387
0.035858,0.010986,0.042725
0.039673,0.011292,0.047607
0.041809,0.011444,0.045166
0.043945,0.011292,0.054932
0.043488,0.010071,0.056152
0.042114,0.0071716,0.057373
0.039673,0.0053406,0.059814
0.036774,0.002594,0.061035
0.03418,-0.0013733,0.057373
0.032959,-0.0030518,0.058594
0.029297,-0.0062561,0.073242
0.02594,-0.0083923,0.062256
0.023193,-0.010223,0.05249
0.020447,-0.011444,0.057373
0.019836,-0.011749,0.061035
0.020447,-0.0057983,0.061035
0.021515,-0.0065613,0.064697
0.020905,-0.0021362,0.062256
0.019379,-0.00015259,0.067139
0.017853,0.0013733,0.065918
0.015564,0.0027466,0.065918
0.015411,0.0015259,0.061035
0.014801,0.0019836,0.062256
0.016785,0.0024414,0.058594
0.017242,0.0019836,3.866
0.016632,0.00061035,4.8718
0.016632,-0.00076294,4.9158
0.016327,-0.0021362,4.9182
0.018463,-0.0033569,4.9194
0.018616,-0.0061035,4.9011
0.019226,-0.010681,4.9109
0.019531,-0.007782,4.917
0.019531,-0.0073242,4.9121
0.019684,-0.004425,4.9133
0.019379,0,4.9084
0.019836,0.0028992,4.9146
0.019531,0.0050354,4.9072
0.019684,0.0028992,4.9109
0.019684,-0.0015259,4.9048
0.021973,-0.0057983,4.9146
0.023041,-0.0082397,4.906
0.023346,-0.0076294,4.9121
0.022125,-0.0067139,4.9048
0.019226,-0.0054932,4.9084
0.01709,-0.0067139,4.9158
0.016479,-0.0094604,4.9121
0.016174,-0.005188,4.9207
0.016937,-0.0015259,4.9158
0.016785,0.0028992,4.9084
0.015869,0.0076294,4.9207
0.017242,0.0085449,4.9146
0.015106,0.0059509,4.9182
0.015564,0.0027466,4.9243
0.017548,-0.00030518,4.9243
0.020294,-0.00030518,4.9255
0.02121,0.002594,4.9304
0.020905,0.0065613,4.9316
0.018158,0.009613,4.928
0.016479,0.0093079,4.9341
0.013885,0.0062561,4.9329
0.013733,-0.00076294,4.9353
0.014191,-0.0039673,4.9426
0.015869,-0.0056458,4.9304
0.015717,-0.0067139,4.9316
0.013275,-0.0057983,4.9353
0.010681,-0.0038147,4.9365
0.0099182,-0.0024414,4.9353
0.010986,-0.0018311,4.9353
0.011597,-0.0012207,4.9341
0.013428,-0.0015259,4.9341
0.012512,0.00030518,4.9316
0.0088501,0.0047302,4.9316
0.0079346,0.0088501,4.9268
0.0083923,0.013275,4.9292
0.013123,0.015106,4.9231
0.018616,0.011444,4.9231
0.021667,0.005188,4.9207
0.021973,0.00045776,4.9219
0.018616,-0.0091553,4.9182
0.01236,-0.013885,4.9158
0.0074768,-0.014191,4.9304
0.0038147,-0.01236,4.9158
0.0013733,-0.010529,4.917
-0.0012207,-0.01297,4.917
-0.0028992,-0.0059509,4.9023
-0.0035095,-0.0022888,4.906
-0.0018311,0.002594,4.9109
0.0027466,0.011444,4.9133
0.013123,0.018311,4.9097
0.02121,0.021973,4.9097
0.031433,0.020142,4.9133
0.039673,0.013428,4.9084
0.042572,0.0065613,4.9109
0.041809,0.00015259,4.9146
0.0383,-0.0030518,4.9158
0.032349,-0.004425,4.9146
0.027771,-0.0022888,0.046387
0.024567,-0.0012207,0.056152
0.021057,0.0019836,0.050049
0.017242,0.0042725,0.05127
0.01236,0.007019,0.053711
0.0088501,0.0091553,0.05249
0.007019,0.009613,0.054932
0.0079346,0.007782,0.075684
0.011749,0.0028992,0.057373
0.016174,-0.0027466,0.057373
0.020447,-0.009613,0.059814
0.019684,-0.015717,0.065918
0.022888,-0.018158,0.057373
0.024261,-0.020447,0.061035
0.022278,-0.018616,0.058594
0.024109,-0.015717,0.063477
0.02533,-0.010529,0.063477
0.027771,-0.0036621,0.065918
0.029907,0.0059509,0.063477
0.031128,0.014191,0.065918
0.030823,0.019684,0.073242
0.029602,0.021667,0.064697
0.031281,0.019684,0.074463
0.033417,0.014801,0.057373
0.037537,0.010834,0.048828
0.039825,0.0062561,0.056152
0.039368,0.0038147,0.05249
0.037689,0.002594,0.048828
0.034027,0.0013733,0.050049
0.030823,-0.00045776,0.043945
0.028687,-0.0016785,0.048828
0.026855,-0.0018311,0.043945
0.026245,-0.0016785,0.048828
0.024567,0.00015259,0.042725
0.02182,0.002594,0.042725
0.018921,0.0039673,0.045166
0.017242,0.0062561,0.041504
0.016785,0.0080872,0.043945
0.018768,0.010986,0.041504
0.020447,0.014648,0.041504
0.023193,0.018158,0.040283
0.024414,0.023193,0.03418
0.025024,0.026855,0.039063
0.025787,0.028992,0.039063
0.025635,0.028839,0.036621
0.025787,0.02655,0.039063
0.025635,0.024414,0.039063
0.026245,0.022125,0.041504
0.026703,0.020752,0.042725
0.026703,0.019073,0.050049
0.028076,0.016937,0.047607
0.030212,0.014496,0.05127
0.031586,0.011292,0.054932
0.032043,0.0082397,0.057373
0.03006,0.0041199,0.053711
0.026245,-0.0015259,0.062256
0.021362,-0.0061035,0.067139
0.015564,-0.0093079,0.063477
0.0093079,-0.0093079,0.067139
0.0048828,-0.0080872,0.063477
0.0039673,-0.0062561,0.046387
0.0042725,-0.0062561,0.057373
0.0062561,-0.0036621,0.057373
0.0064087,-0.0032043,0.064697
0.015869,-0.00091553,0.061035
0.02243,0.00045776,0.061035
0.028076,0.0024414,0.065918
0.032043,0.0047302,0.067139
0.034332,0.0082397,0.065918
0.032654,0.0088501,0.059814
0.028992,0.0097656,0.064697
0.025024,0.010681,0.057373
0.019531,0.014191,0.059814
0.015564,0.017242,0.062256
0.013275,0.018616,0.053711
0.015106,0.0177,0.053711
0.020599,0.013123,0.050049
0.022888,0.0065613,0.048828
0.027161,-0.0022888,4.4421
0.029907,-0.0056458,4.8804
0.030823,-0.0083923,4.9109
0.030212,-0.009613,4.9146
0.028992,-0.010376,4.9084
0.02594,-0.0079346,4.9109
0.020294,-0.011902,4.9097
0.014343,-0.010223,4.9084
0.0074768,-0.0074768,4.9048
0.0019836,-0.0033569,4.9109
-0.0016785,-0.0018311,4.9109
-0.00091553,-0.0018311,4.9109
0.0048828,-0.0045776,4.9084
0.011292,-0.0057983,4.9084
0.018005,-0.0038147,4.9207
0.020599,-0.00030518,4.9097
0.019531,0.0061035,4.9207
0.017548,0.0094604,4.9146
0.016785,0.010376,4.9072
0.019684,0.0094604,4.9182
0.027924,0.0073242,4.917
0.03067,0.005188,4.917
0.037079,0.0028992,4.9219
0.042725,0.0071716,4.9231
0.04837,0.0079346,4.9268
0.053406,0.007782,4.9255
0.058441,0.0050354,4.9341
0.063477,0.0018311,4.9292
0.06485,-0.0015259,4.9329
0.063324,-0.004425,4.9182
0.057373,-0.0071716,4.9353
0.050354,-0.0090027,4.9329
0.04425,-0.010986,4.9329
0.039978,-0.01358,4.9329
0.036469,-0.016022,4.9329
0.034943,-0.018005,4.9451
0.030975,-0.018005,4.9365
0.027618,-0.015564,4.9231
0.023041,-0.014038,4.9316
0.019073,-0.010834,4.9304
0.01709,-0.0064087,4.9316
0.014801,-0.0030518,4.9304
0.012665,0.00061035,4.9255
0.0088501,0.0018311,4.9194
0.0042725,0.0053406,4.9243
0.0013733,0.0093079,4.9243
0.00076294,0.012665,4.9194
0.0019836,0.013733,4.9231
0.0048828,0.012207,4.9158
0.0090027,0.007782,4.9243
0.014343,0.0028992,4.9304
0.018311,-0.0016785,4.9121
0.020447,-0.0056458,4.9133
0.023651,-0.0053406,4.9109
0.025177,-0.0054932,4.895
0.026703,-0.0056458,4.9084
0.028534,-0.0050354,4.9133
0.030365,-0.0054932,4.8999
0.033569,-0.0045776,4.9109
0.035095,-0.0028992,4.906
0.036011,-0.0039673,4.9097
0.034943,-0.0041199,4.9084
0.03418,-0.0053406,4.9109
0.03067,-0.0057983,4.9084
0.029602,-0.005188,4.9146
0.026398,-0.0065613,4.9146
0.02243,-0.0080872,4.9146
0.016174,-0.0090027,4.9146
0.010986,-0.0076294,4.9121
0.0050354,-0.0056458,4.9182
0.0028992,-0.0024414,4.9255
0.0021362,0.00030518,0.064697
0.0038147,0.0018311,0.054932
0.0053406,0.0022888,0.05127
0.0054932,0.0024414,0.062256
0.0059509,0.0027466,0.061035
0.005188,0.0061035,0.057373
0.004425,0.0080872,0.065918
0.0050354,0.010681,0.059814
0.0056458,0.010834,0.063477
0.0082397,0.0097656,0.058594
0.010376,0.0093079,0.063477
0.0088501,0.0056458,0.058594
0.010071,0.0064087,0.068359
0.010071,0.0071716,0.062256
0.012207,0.0071716,0.068359
0.015564,0.010376,0.078125
0.018616,0.0071716,0.068359
0.019379,0.0061035,0.065918
0.0177,0.0033569,0.061035
0.014191,0.0016785,0.047607
0.0094604,0.00030518,0.058594
0.0056458,-0.0015259,0.05249
0.0022888,-0.0027466,0.041504
-0.0018311,-0.0048828,0.050049
-0.0047302,-0.0045776,0.047607
-0.012817,-0.0041199,0.048828
-0.012665,-0.002594,0.043945
-0.013123,0.00030518,0.045166
-0.011749,0.0024414,0.041504
-0.0073242,0.004425,0.043945
-0.00061035,0.0062561,0.046387
0.004425,0.0076294,0.045166
0.0091553,0.0068665,0.037842
0.01236,0.0062561,0.039063
0.014191,0.0045776,0.032959
0.014801,0.0041199,0.041504
0.015564,0.0038147,0.047607
0.016479,0.0038147,0.041504
0.016785,0.0012207,0.032959
0.016327,-0.0024414,0.037842
0.015717,-0.007782,0.0354
0.015411,-0.013428,0.039063
0.014801,-0.01709,0.043945
0.014954,-0.018616,0.041504
0.01709,-0.019836,0.046387
0.019836,-0.020599,0.047607
0.023193,-0.02182,0.05127
0.024872,-0.024719,0.05127
0.024719,-0.026855,0.057373
0.023041,-0.027771,0.054932
0.020447,-0.025177,0.061035
0.019989,-0.022125,0.078125
0.019684,-0.019836,0.062256
0.019226,-0.019226,0.061035
0.020142,-0.020599,0.062256
0.020294,-0.021667,0.056152
0.021362,-0.019989,0.061035
0.022125,-0.014648,0.061035
0.024261,-0.0082397,0.062256
0.027008,-0.0039673,0.061035
0.028381,-0.0027466,0.062256
0.029297,-0.0054932,0.067139
0.02655,-0.009613,0.064697
0.024872,-0.013733,0.067139
0.02243,-0.014038,0.061035
0.018463,-0.012665,0.063477
0.016632,-0.011444,0.058594
0.014496,-0.0094604,0.059814
0.014648,-0.0082397,0.059814
0.012817,-0.0071716,0.05249
0.01297,-0.0047302,0.061035
0.012207,-0.00076294,0.056152
0.012665,0.0050354,0.063477
0.012665,0.010071,0.047607
0.01236,0.013123,0.036621
0.012665,0.01358,0.046387
0.011444,0.010071,0.039063
0.013123,0.0074768,0.041504
0.012207,0.0036621,1.8774
0.010376,0.0054932,4.7302
0.0090027,0.0062561,4.8962
0.0091553,0.0073242,4.9048
0.010376,0.0079346,4.9011
0.012054,0.0054932,4.9121
0.015106,0.007019,4.9133
0.016937,0.0076294,4.9097
0.019836,0.0091553,4.9109
0.021973,0.011292,4.9133
0.025177,0.01236,4.9121
0.027618,0.010834,4.9109
0.031128,0.009613,4.9121
0.031738,0.0086975,4.9097
0.031586,0.007782,4.9182
0.028839,0.0071716,4.9158
0.025635,0.0076294,4.9182
0.022736,0.010529,4.9219
0.020752,0.010071,4.9231
0.019379,0.01236,4.9255
0.018463,0.013275,4.9255
0.017548,0.01297,4.9365
0.017548,0.014343,4.9268
0.015259,0.016174,4.9304
0.014954,0.020294,4.9292
0.015259,0.024719,4.9353
0.017242,0.028839,4.928
0.016937,0.030212,4.9414
0.016937,0.029297,4.9414
0.016479,0.026398,4.9341
0.015106,0.023346,4.9329
0.014038,0.02182,4.9377
0.012512,0.021667,4.9194
0.010681,0.020294,4.9341
0.0080872,0.0177,4.9353
0.0064087,0.013123,4.9353
0.0061035,0.010071,4.9329
0.004425,0.0062561,4.9316
0.0061035,0.0059509,4.9304
0.0068665,0.0061035,4.9255
0.0083923,0.0059509,4.9255
0.009613,0.0056458,4.9158
0.010986,0.0028992,4.9255
0.013275,-0.00061035,4.9182
0.017395,-0.0036621,4.9231
0.02121,-0.0038147,4.9194
0.022736,-0.00030518,4.9182
0.028076,0.0033569,4.917
0.028076,0.0074768,4.917
0.027924,0.0074768,4.9146
0.030212,0.0062561,4.9121
0.032043,0.0047302,4.9023
0.031128,0.0050354,4.9146
0.034485,0.0068665,4.9097
0.033875,0.012054,4.9072
0.033722,0.013885,4.9084
0.033722,0.017853,4.9084
0.035248,0.016022,4.9109
0.037231,0.013885,4.906
0.037842,0.010376,4.9146
0.037384,0.0097656,4.9133
0.035095,0.0080872,4.9109
0.030975,0.0080872,4.9146
0.03006,0.007782,4.9207
0.028992,0.0082397,4.9304
0.028381,0.0099182,4.9243
0.028076,0.012512,4.9329
0.025787,0.014954,4.928
0.025177,0.016479,4.9207
0.025635,0.017548,4.928
0.029449,0.014801,4.9292
0.028534,0.014496,4.9304
0.029907,0.014496,0.064697
0.030365,0.015717,0.059814
0.029755,0.019531,0.061035
0.031281,0.012512,0.061035
0.024109,0.0083923,0.063477
0.02121,0.0032043,0.058594
0.016937,0.0039673,0.064697
0.011597,0.0042725,0.067139
0.0073242,0.0054932,0.059814
0.0047302,0.0042725,0.070801
0.0059509,-0.0013733,0.065918
0.0076294,-0.0032043,0.068359
0.012207,-0.0065613,0.064697
0.016632,-0.0088501,0.070801
0.021362,-0.0091553,0.058594
0.025177,-0.0091553,0.065918
0.028076,-0.0097656,0.053711
0.028992,-0.0073242,0.053711
0.027924,-0.0093079,0.05249
0.027618,-0.0068665,0.046387
0.023651,-0.0039673,0.043945
0.023804,0.00045776,0.047607
0.023193,0.002594,0.042725
0.022125,0.0027466,0.047607
0.022278,0.0013733,0.046387
0.023804,-0.00076294,0.043945
0.026398,-0.00076294,0.040283
0.027618,0.00091553,0.042725
0.027466,-0.00015259,0.053711
0.025787,-0.0018311,0.036621
0.024109,-0.0047302,0.042725
0.02243,-0.007782,0.040283
0.020294,-0.0076294,0.024414
0.019226,-0.007782,0.036621
0.017548,-0.005188,0.037842
0.015564,-0.002594,0.037842
0.013123,-0.00091553,0.039063
0.011292,-0.00015259,0.039063
0.010986,0.00015259,0.043945
0.011749,0.00076294,0.039063
0.010986,-0.00030518,0.046387
0.01297,0.0012207,0.047607
0.01236,0.00015259,0.056152
0.011597,-0.00076294,0.053711
0.011292,-0.0018311,0.058594
0.012207,-0.0028992,0.061035
0.013275,-0.0030518,0.061035
0.014801,-0.0021362,0.061035
0.015564,0,0.063477
0.015259,0.00091553,0.073242
0.015106,0.0012207,0.061035
0.015106,0.0013733,0.048828
0.014648,0.00061035,0.061035
0.014496,0.00015259,0.062256
0.014038,-0.00015259,0.061035
0.013275,0.00015259,0.078125
0.012665,0.00030518,0.063477
0.011902,-0.0010681,0.064697
0.013123,-0.0027466,0.065918
0.014801,-0.005188,0.067139
0.016632,-0.007019,0.058594
0.018311,-0.0057983,0.062256
0.020294,-0.0041199,0.056152
0.021667,-0.0021362,0.057373
0.023499,-0.00030518,0.062256
0.023956,-0.00015259,0.053711
0.024414,-0.00015259,0.05127
0.024567,0.00061035,0.048828
0.023193,0.0022888,0.040283
0.022278,0.0042725,0.045166
0.02182,0.0056458,0.046387
0.02182,0.0074768,0.040283
0.021667,0.007782,0.041504
0.022736,0.0054932,0.040283
0.022278,0.0041199,0.042725
0.022736,0.0012207,0.036621
0.021973,-0.0012207,0.042725
0.022888,-0.0033569,0.037842
0.023193,-0.0053406,2.8418
0.021973,-0.0080872,4.7876
0.019684,-0.0068665,4.9023
0.017853,-0.0064087,4.9048
0.015717,-0.0062561,4.9084
0.015259,-0.0065613,4.9158
0.014496,-0.0073242,4.9084
0.016174,-0.0085449,4.9182
0.016785,-0.011444,4.9146
0.018768,-0.0076294,4.8999
0.020599,-0.0071716,4.9194
0.023651,-0.0050354,4.9158
0.026398,-0.0033569,4.9219
0.029755,-0.0024414,4.9207
0.032196,-0.0024414,4.9194
0.0354,-0.0012207,4.9194
0.033569,-0.0010681,4.9292
0.035095,-0.00076294,4.9316
0.034637,-0.0015259,4.9268
0.034637,-0.005188,4.9341
0.034027,-0.0085449,4.9292
0.033417,-0.0093079,4.9353
0.032959,-0.012512,4.9414
0.032043,-0.011139,4.9353
0.030823,-0.0083923,4.9329
0.029907,-0.0065613,4.9341
0.029755,-0.0036621,4.9438
0.029144,-0.004425,4.9353
0.028076,-0.0035095,4.9365
0.028076,-0.0019836,4.9353
0.027161,0.00015259,4.9304
0.025635,0.0013733,4.9292
0.024261,0.0016785,4.9316
0.023193,0.002594,4.9255
0.022583,0.002594,4.9243
0.02121,0.0068665,4.9207
0.019989,0.0076294,4.9255
0.019684,0.0094604,4.917
0.018463,0.010071,4.9158
0.017242,0.0076294,4.9146
0.0177,0.0053406,4.9194
0.018768,0.0028992,4.9243
0.019836,0.00061035,4.9182
0.020142,0.00045776,4.9243
0.019836,0.0012207,4.9109
0.018768,0.0018311,4.9036
0.016937,0.0016785,4.9133
0.014954,0.00030518,4.9084
0.014191,0.00045776,4.9109
0.01358,0.00045776,4.9097
0.011444,0.00076294,4.9084
0.015106,-0.00015259,4.9097
0.018768,-0.0016785,4.9072
0.020447,-0.002594,4.9133
0.021515,-0.0038147,4.9084
0.022278,-0.0030518,4.9121
0.02182,-0.0027466,4.9158
0.02243,-0.0036621,4.9219
0.021515,-0.0027466,4.9146
0.021515,-0.0019836,4.9194
0.021057,-0.00076294,4.9207
0.018768,-0.00030518,4.9243
0.016785,-0.0015259,4.9304
0.014496,-0.0030518,4.9304
0.012512,-0.0059509,4.9316
0.012665,-0.0083923,4.9292
0.011444,-0.0097656,4.9304
0.014954,-0.0067139,4.9329
0.016785,-0.010071,4.9304
0.019684,-0.0097656,4.9292
0.021362,-0.009613,4.9341
0.023651,-0.0097656,4.9304
0.024719,-0.0097656,4.9329
0.026398,-0.0086975,0.065918
0.028381,-0.0082397,0.067139
0.028839,-0.0054932,0.064697
0.03067,-0.0013733,0.067139
0.030823,0.0016785,0.080566
0.031433,0.0033569,0.064697
0.032501,0.0013733,0.062256
0.031891,0.0018311,0.061035
0.032501,0,0.039063
0.032501,-0.002594,0.05127
0.033112,-0.0056458,0.048828
0.035553,-0.0088501,0.047607
0.032501,-0.010986,0.050049
0.030365,-0.012665,0.046387
0.027313,-0.01236,0.047607
0.023041,-0.011139,0.046387
0.02243,-0.0079346,0.040283
0.018768,-0.0028992,0.039063
0.01709,-0.0045776,0.043945
0.015259,-0.0065613,0.040283
0.013885,-0.0099182,0.042725
0.013733,-0.012665,0.042725
0.013428,-0.014496,0.040283
0.016785,-0.014954,0.037842
0.019073,-0.014343,0.040283
0.022583,-0.01297,0.032959
0.024414,-0.013275,0.037842
0.025177,-0.0090027,0.023193
0.024872,-0.0062561,0.037842
0.023651,-0.0035095,0.040283
0.023193,-0.0012207,0.040283
0.022278,0.00045776,0.043945
0.021515,0.00015259,0.043945
0.02182,-0.00076294,0.048828
0.02121,0,0.048828
0.022736,-0.00091553,0.054932
0.023041,-0.0019836,0.054932
0.024414,-0.004425,0.059814
0.024414,-0.0056458,0.058594
0.025024,-0.0059509,0.061035
0.023804,-0.004425,0.067139
0.023346,-0.0028992,0.062256
0.022125,-0.0012207,0.073242
0.019836,0.0010681,0.062256
0.017853,0.002594,0.048828
0.013885,0.0039673,0.062256
0.010529,0.0036621,0.059814
0.0050354,0.0018311,0.062256
0.00091553,0.0018311,0.064697
-0.0016785,-0.00091553,0.061035
-0.0054932,-0.0045776,0.064697
-0.0054932,-0.0097656,0.064697
-0.0045776,-0.014954,0.067139
-0.0032043,-0.020447,0.063477
0.00045776,-0.023956,0.056152
0.0028992,-0.024719,0.061035
0.0059509,-0.023041,0.059814
0.0083923,-0.020599,0.056152
0.0083923,-0.011749,0.054932
0.0088501,-0.0038147,0.05249
0.0082397,0.0042725,0.050049
0.0093079,0.012207,0.057373
0.011444,0.018311,0.050049
0.013885,0.019989,0.043945
0.017853,0.016785,0.042725
0.022736,0.011292,0.043945
0.027618,0.0068665,0.042725
0.032196,0.0015259,0.039063
0.035553,-0.002594,0.03418
0.036316,-0.0039673,0.043945
0.034027,-0.0036621,0.0354
0.028534,-0.0039673,0.036621
0.020599,-0.0030518,0.040283
0.01358,-0.0041199,0.042725
0.0054932,-0.0022888,0.039063
0.0016785,0.00030518,0.040283
0.0010681,0.0016785,0.054932
0.0033569,0.0010681,1.7151
0.004425,-0.00061035,4.7278
0.010681,-0.002594,4.8962
0.013275,-0.0047302,4.8938
0.013275,-0.004425,4.9121
0.013123,-0.0018311,4.9158
0.010376,0.0012207,4.9207
0.0054932,0.0015259,4.9219
0.0012207,0,4.9036
-0.0019836,-0.002594,4.9255
-0.0028992,-0.0048828,4.928
-0.0061035,-0.0056458,4.9316
-0.0061035,-0.0041199,4.928
-0.0028992,-0.0041199,4.9316
0.00061035,-0.0048828,4.9304
0.0056458,-0.005188,4.9316
0.010529,-0.0062561,4.9304
0.012054,-0.0036621,4.928
0.014038,0,4.9365
0.013123,0.0073242,4.9304
0.014191,0.012817,4.9463
0.015106,0.017395,4.9353
0.017395,0.019684,4.9243
0.021973,0.019836,4.9353
0.025787,0.017853,4.9316
0.028229,0.015259,4.9329
0.03067,0.014191,4.9304
0.032349,0.010681,4.928
0.033417,0.0076294,4.928
0.032806,0.004425,4.9207
0.031738,0.00061035,4.9255
0.028992,-0.0022888,4.917
0.025024,-0.0027466,4.9182
0.021057,-0.0074768,4.9231
0.017853,-0.0073242,4.9207
0.017853,-0.0071716,4.917
0.0177,-0.0053406,4.9146
0.018463,-0.0027466,4.9121
0.018463,-0.00061035,4.9097
0.018005,0.0024414,4.9011
0.016327,0.0033569,4.8962
0.015717,0.0045776,4.9109
0.015869,0.0062561,4.9084
0.017242,0.0083923,4.9109
0.018768,0.011749,4.9109
0.019836,0.012054,4.9109
0.023041,0.012817,4.906
0.025635,0.0094604,4.9097
0.027924,0.0076294,4.9109
0.029602,0.0062561,4.9146
0.031586,0.0065613,4.9109
0.031891,0.007782,4.917
0.031281,0.010071,4.9158
0.029297,0.011292,4.9207
0.028381,0.011444,4.9219
0.027161,0.0097656,4.9255
0.026093,0.007782,4.9353
0.027313,0.0073242,4.9194
0.027771,0.0073242,4.9109
0.028839,0.0068665,4.928
0.029449,0.0057983,4.928
0.027008,0.0033569,4.9304
0.026398,0.00045776,4.9316
0.025482,-0.0015259,4.928
0.024567,-0.0010681,4.9353
0.025177,0.0021362,4.9341
0.023651,0.0062561,4.9353
0.023651,0.0080872,4.9304
0.023956,0.0090027,4.9365
0.023956,0.0067139,4.9329
0.024567,0.0045776,4.9365
0.025177,0.0039673,4.9475
0.027008,0.0061035,4.9365
0.027618,0.0073242,4.9329
0.02594,0.0074768,0.065918
0.024567,0.007782,0.053711
0.022736,0.007019,0.05249
0.022125,0.0068665,0.05249
0.02182,0.007019,0.047607
0.023651,0.011597,0.047607
0.025635,0.015717,0.048828
0.027466,0.019073,0.047607
0.028687,0.019989,0.047607
0.028687,0.019226,0.045166
0.028839,0.015869,0.040283
0.029907,0.012512,0.045166
0.031128,0.010529,0.040283
0.032043,0.0082397,0.042725
0.031281,0.0056458,0.039063
0.027924,0.0030518,0.039063
0.026093,0.00045776,0.050049
0.021973,-0.0015259,0.042725
0.020905,-0.0021362,0.05249
0.019226,0,0.040283
0.020142,0.0036621,0.0354
0.020447,0.0086975,0.039063
0.020599,0.011902,0.039063
0.020905,0.010986,0.039063
0.021973,0.009613,0.046387
0.022583,0.0059509,0.042725
0.024261,0.0016785,0.045166
0.026245,-0.00045776,0.047607
0.027618,-0.0016785,0.056152
0.027618,-0.0013733,0.05127
0.026093,-0.0010681,0.059814
0.024719,-0.0022888,0.061035
0.022736,-0.0024414,0.062256
0.02121,-0.0027466,0.070801
0.022888,-0.0019836,0.062256
0.023651,-0.0010681,0.062256
0.024261,0.00015259,0.058594
0.024261,-0.00015259,0.063477
0.022736,-0.00076294,0.059814
0.024567,-0.0027466,0.065918
0.023651,-0.0010681,0.061035
0.023041,-0.0048828,0.062256
0.023041,-0.0041199,0.064697
0.022736,0.00015259,0.065918
0.022736,0.0047302,0.062256
0.023956,0.0076294,0.067139
0.023804,0.0076294,0.062256
0.023499,0.004425,0.067139
0.023651,0.0016785,0.061035
0.025177,-0.00030518,0.061035
0.026398,-0.00076294,0.053711
0.026703,0.0018311,0.054932
0.027161,0.0045776,0.065918
0.02594,0.002594,0.05127
0.026093,-0.00061035,0.056152
0.02594,-0.0030518,0.05127
0.025482,-0.0082397,0.037842
0.026245,-0.010223,0.040283
0.026398,-0.010986,0.03418
0.024414,-0.0097656,0.042725
0.023346,-0.012512,0.040283
0.021515,-0.009613,0.036621
0.020447,-0.0097656,0.041504
0.019531,-0.010223,0.039063
0.01709,-0.0093079,0.040283
0.017242,-0.007782,0.037842
0.017395,-0.0053406,0.042725
0.016785,-0.0033569,0.037842
0.018158,-0.0012207,0.031738
0.018158,0.002594,0.043945
0.02243,0.0015259,0.042725
0.025482,0.0036621,0.037842
0.028076,0.0032043,0.043945
0.029144,0.0027466,0.040283
0.027618,0.0039673,0.045166
0.02533,0.0048828,0.048828
0.02121,0.0065613,0.053711
0.017548,0.0059509,4.5581
0.015411,0.0035095,4.8962
0.014343,-0.00091553,4.9194
0.015259,-0.0028992,4.9255
0.014954,-0.007782,4.928
0.014954,-0.010681,4.928
0.015106,-0.01297,4.9341
0.015869,-0.013885,4.9255
0.016937,-0.014954,4.9341
0.016937,-0.015411,4.928
0.016327,-0.014954,4.9329
0.014191,-0.01297,4.939
0.010071,-0.010681,4.9353
0.0076294,-0.0090027,4.9304
0.005188,-0.0088501,4.9365
0.0056458,-0.0099182,4.9243
0.0074768,-0.010071,4.9353
0.012054,-0.010986,4.9329
0.015717,-0.0093079,4.9304
0.0177,-0.0050354,4.9329
0.018463,-0.0033569,4.9304
0.019073,-0.00076294,4.9292
0.020447,-0.00030518,4.9231
0.020752,-0.00061035,4.9243
0.022888,-0.0015259,4.9182
0.023193,-0.00076294,4.9207
0.023041,0.0019836,4.9207
0.021362,0.0042725,4.9207
0.019073,0.0048828,4.9182
0.019226,0.0068665,4.9182
0.02182,0.0013733,4.9194
0.023956,-0.0018311,4.9133
0.026703,-0.0047302,4.9194
0.027924,-0.0065613,4.9133
0.027008,-0.0065613,4.9036
0.02533,-0.0035095,4.9072
0.023041,-0.0035095,4.9121
0.021973,-0.002594,4.9072
0.020905,-0.0012207,4.9084
0.02121,-0.0024414,4.906
0.019531,-0.0022888,4.9109
0.017548,-0.0016785,4.906
0.01358,-0.00045776,4.9109
0.011749,0.00015259,4.9133
0.010223,0.0027466,4.9121
0.01297,0.0015259,4.9158
0.010834,-0.0016785,4.9207
0.012054,-0.0050354,4.9316
0.012207,-0.0071716,4.9207
0.011749,-0.0068665,4.9292
0.010834,-0.0041199,4.9292
0.0080872,-0.00076294,4.9146
0.011749,-0.0016785,4.9304
0.01297,0.0012207,4.9292
0.015717,0,4.9316
0.0177,-0.00091553,4.9292
0.020294,0.00045776,4.928
0.02182,0.002594,4.9341
0.023193,0.0041199,4.9304
0.025482,0.0041199,4.9329
0.027313,0.0054932,4.9426
0.030518,0.0039673,4.9377
0.033722,0.0047302,4.9377
0.035095,0.0064087,4.9377
0.03479,0.0073242,4.9377
0.030518,0.0076294,4.9414
0.029602,0.0082397,4.9353
0.028076,0.005188,4.9329
0.028381,0.007782,4.9426
0.028839,0.007019,4.9268
0.028534,0.0064087,4.9133
0.026855,0.0054932,4.9243
0.024261,0.0019836,4.9231
0.022125,-0.0013733,4.917
0.02243,-0.0039673,0.05249
0.022888,-0.0071716,0.042725
0.025635,-0.0088501,0.048828
0.022736,-0.0088501,0.045166
0.019684,-0.0090027,0.047607
0.015869,-0.0071716,0.041504
0.012817,-0.0045776,0.043945
0.01297,-0.0022888,0.045166
0.014496,0.0010681,0.042725
0.018158,0.0041199,0.046387
0.021362,0.0071716,0.042725
0.025177,0.0086975,0.045166
0.029144,0.009613,0.037842
0.030975,0.0099182,0.026855
0.033264,0.0086975,0.039063
0.03479,0.0080872,0.039063
0.036469,0.0067139,0.037842
0.037537,0.0035095,0.041504
0.036621,0.0024414,0.043945
0.035095,0.00076294,0.045166
0.034027,0.0021362,0.046387
0.032349,0.0030518,0.05127
0.032959,0.0032043,0.047607
0.033417,0.0024414,0.053711
0.035095,0.0012207,0.05127
0.035095,-0.0019836,0.061035
0.035095,-0.0038147,0.057373
0.032501,-0.0047302,0.063477
0.030518,-0.0056458,0.062256
0.028992,-0.0064087,0.062256
0.029297,-0.0073242,0.072021
0.029449,-0.0068665,0.062256
0.030212,-0.0057983,0.048828
0.029907,-0.0033569,0.058594
0.027924,0.002594,0.054932
0.024872,0.0062561,0.061035
0.023956,0.010223,0.065918
0.024109,0.012512,0.064697
0.024872,0.01236,0.068359
0.026398,0.011139,0.063477
0.028229,0.011139,0.068359
0.028839,0.0099182,0.061035
0.028076,0.010529,0.062256
0.02655,0.010071,0.053711
0.026398,0.0091553,0.053711
0.027313,0.0079346,0.062256
0.028381,0.010071,0.05127
0.029144,0.0053406,0.048828
0.027313,0.004425,0.046387
0.024109,0.004425,0.032959
0.020905,0.0032043,0.042725
0.018768,0.0021362,0.045166
0.019379,-0.00091553,0.041504
0.020752,-0.0035095,0.047607
0.023041,-0.0071716,0.039063
0.023804,-0.0099182,0.041504
0.022736,-0.011749,0.0354
0.023499,-0.0099182,0.040283
0.023041,-0.0082397,0.036621
0.024261,-0.0071716,0.042725
0.025787,-0.0062561,0.046387
0.025787,-0.0056458,0.041504
0.026398,-0.005188,0.037842
0.026703,-0.0022888,0.043945
0.023041,-0.0035095,0.046387
0.021515,-0.0032043,0.042725
0.021515,-0.0036621,0.054932
0.023651,-0.0045776,0.047607
0.025482,-0.0065613,0.032959
0.026245,-0.0074768,0.048828
0.02594,-0.0099182,0.05127
0.023804,-0.010834,0.048828
0.021515,-0.011292,0.053711
0.020752,-0.011902,0.056152
0.021362,-0.011902,0.058594
0.022125,-0.010681,0.057373
0.023041,-0.010529,2.9871
0.023804,-0.011139,4.8193
0.024719,-0.012054,4.9243
0.023956,-0.01297,4.9292
0.023193,-0.01236,4.928
0.024414,-0.010223,4.9365
0.025024,-0.007782,4.9365
0.02655,-0.0074768,4.9329
0.026703,-0.0047302,4.9365
0.02594,-0.0018311,4.9414
0.025024,-0.0050354,4.9353
0.022888,-0.0047302,4.9329
0.02243,-0.0032043,4.9304
0.02243,-0.0019836,4.9304
0.025024,-0.00045776,4.9304
0.028687,-0.00061035,4.9292
0.030365,-0.0022888,4.9207
0.031891,-0.0042725,4.9255
0.030518,-0.0050354,4.9207
0.028839,-0.0054932,4.9207
0.026398,-0.0059509,4.9219
0.025177,-0.0073242,4.9243
0.022736,-0.0097656,4.9133
0.02243,-0.01297,4.9268
0.019531,-0.015411,4.928
0.015717,-0.014801,4.9146
0.013885,-0.012665,4.9182
0.012817,-0.010681,4.9121
0.014496,-0.0076294,4.8962
0.018005,-0.0093079,4.9072
0.021667,-0.0064087,4.9109
0.02243,-0.0053406,4.9109
0.022125,-0.0019836,4.9097
0.020752,0.00030518,4.9084
0.019379,0.0024414,4.9097
0.018768,0.0018311,4.9097
0.018311,-0.00045776,4.9097
0.01709,-0.0042725,4.906
0.014801,-0.0056458,4.9182
0.010834,-0.0028992,4.9146
0.0065613,-0.002594,4.9182
0.0042725,0.00015259,4.9231
0.0047302,0.00076294,4.9219
0.0074768,-0.00061035,4.9182
0.011902,-0.002594,4.9304
0.013733,-0.0032043,4.9304
0.014038,-0.0012207,4.928
0.013123,-0.0039673,4.9158
0.01236,-0.0059509,4.9329
0.012512,-0.0080872,4.9329
0.013123,-0.0091553,4.9292
0.015564,-0.0064087,4.9329
0.014496,-0.010986,4.9304
0.013733,-0.010834,4.9353
0.010376,-0.0091553,4.9304
0.0085449,-0.0086975,4.9341
0.0080872,-0.0086975,4.9329
0.0090027,-0.0079346,4.9353
0.011444,-0.0059509,4.9329
0.01236,-0.0016785,4.9377
0.013885,0.0012207,4.9463
0.016785,0.0035095,4.9365
0.014343,0.0042725,4.9365
0.014954,0.0047302,4.9292
0.016174,0.0056458,4.9146
0.019073,0.007019,4.928
0.024414,0.011292,4.9194
0.023041,0.013123,4.9219
0.023041,0.010834,4.9194
0.021667,0.010529,4.917
0.019379,0.0057983,4.9219
0.016785,0.0030518,4.9146
0.015259,0.0021362,4.9182
0.016174,0.0016785,4.9109
0.016327,0.0047302,0.042725
0.017548,0.0033569,0.041504
0.016327,0.0010681,0.0354
0.015259,-0.0019836,0.037842
0.013275,-0.0035095,0.041504
0.014496,-0.0030518,0.040283
0.015869,-0.00091553,0.032959
0.016327,0.00045776,0.040283
0.016327,-0.00061035,0.036621
0.014648,-0.00091553,0.03418
0.013885,-0.00045776,0.037842
0.010223,0.0018311,0.039063
0.0079346,0.0059509,0.032959
0.0073242,0.0088501,0.042725
0.0074768,0.010681,0.043945
0.010376,0.007782,0.048828
0.013428,0.0064087,0.046387
0.015259,0.0048828,0.05249
0.016632,0.0041199,0.053711
0.017242,0.0045776,0.056152
0.017395,0.0054932,0.057373
0.019379,0.0056458,0.063477
0.020294,0.0030518,0.070801
0.021057,0.0036621,0.063477
0.021362,0.0033569,0.064697
0.021515,0.0042725,0.063477
0.018616,0.0050354,0.043945
0.017853,0.0048828,0.061035
0.018311,0.0033569,0.062256
0.019836,0.00076294,0.064697
0.021057,-0.0010681,0.061035
0.022736,-0.0030518,0.062256
0.023804,-0.0032043,0.068359
0.023956,-0.0030518,0.062256
0.024414,-0.0028992,0.068359
0.024261,-0.0042725,0.058594
0.023956,-0.0038147,0.063477
0.023956,-0.004425,0.058594
0.022125,-0.0054932,0.054932
0.021515,-0.0048828,0.058594
0.020599,-0.002594,0.054932
0.020905,-0.0012207,0.053711
0.02121,0.00091553,0.050049
0.022278,0.0021362,0.057373
0.023346,0.0016785,0.042725
0.024567,0.00061035,0.063477
0.027008,0.00061035,0.043945
0.029144,0.0024414,0.041504
0.029449,0.0030518,0.039063
0.030975,0.0050354,0.039063
0.032196,0.0057983,0.040283
0.032501,0.0048828,0.037842
0.035858,0.0033569,0.037842
0.033875,0.0012207,0.042725
0.034027,-0.0010681,0.039063
0.032806,-0.0033569,0.041504
0.032654,-0.0019836,0.039063
0.032806,0.0010681,0.041504
0.032806,0.0035095,0.047607
0.034027,0.0056458,0.043945
0.034332,0.0050354,0.05127
0.034637,0.002594,0.042725
0.032806,-0.0016785,0.0354
0.032043,0.0032043,0.048828
0.03067,0.0062561,0.046387
0.029602,0.0093079,0.05127
0.028229,0.010681,0.053711
0.027313,0.0085449,0.053711
0.025177,0.0035095,0.059814
0.023956,-0.0021362,0.058594
0.021667,-0.005188,0.062256
0.021057,-0.0041199,0.058594
0.018311,0.0010681,0.063477
0.021667,0.002594,0.062256
0.023346,0.0091553,0.063477
0.024719,0.0097656,0.062256
0.025482,0.007782,0.064697
0.028381,0.0061035,4.2773
0.032043,0.0053406,4.8938
0.032043,0.0073242,4.9377
0.03418,0.0085449,4.9353
0.033722,0.009613,4.9207
0.034637,0.010376,4.9341
0.034943,0.0094604,4.9304
0.033569,0.0074768,4.9316
0.031891,0.01297,4.928
0.029449,0.0090027,4.9231
0.027771,0.0088501,4.928
0.022583,0.0090027,4.9194
0.023651,0.007782,4.9194
0.023346,0.0074768,4.917
0.024567,0.0065613,4.9182
0.025635,0.0041199,4.9207
0.026093,0.0035095,4.9207
0.026398,0.0027466,4.9231
0.02594,0.0032043,4.9146
0.025635,0.0024414,4.9109
0.024567,0.0019836,4.9121
0.023956,0.0018311,4.8853
0.021973,0.0010681,4.9097
0.021362,0.0024414,4.9109
0.021057,0.0032043,4.9109
0.022278,0.0047302,4.9072
0.024261,0.0050354,4.906
0.027313,0.0057983,4.9109
0.030975,0.0079346,4.9084
0.034332,0.007782,4.9097
0.037384,0.0083923,4.9084
0.039063,0.0086975,4.9158
0.038757,0.0073242,4.9146
0.037689,0.0061035,4.9194
0.034637,0.0038147,4.9146
0.032501,0.0016785,4.9207
0.029449,-0.0019836,4.9158
0.025787,-0.002594,4.928
0.022278,-0.0045776,4.9377
0.019531,-0.0057983,4.9304
0.018158,-0.0093079,4.9207
0.017853,-0.0053406,4.9304
0.019226,-0.0039673,4.9304
0.020294,-0.002594,4.9268
0.02121,-0.0010681,4.9304
0.022278,0.0035095,4.9316
0.023193,0.0021362,4.9329
0.024109,0.0054932,4.928
0.027618,0.0071716,4.9365
0.030518,0.0086975,4.9304
0.032806,0.0079346,4.9377
0.033264,0.0074768,4.9353
0.036316,0.007019,4.9414
0.033417,0.0076294,4.9402
0.033112,0.0090027,4.9341
0.032043,0.0076294,4.9304
0.031281,0.0067139,4.9292
0.029144,0.0038147,4.9304
0.027466,0.00045776,4.9255
0.025177,-0.00030518,4.9207
0.023499,-0.0012207,4.917
0.02182,-0.00015259,4.9207
0.02121,0.00091553,4.9207
0.020752,0.00015259,4.9207
0.02182,-0.0010681,4.9048
0.021973,-0.0018311,4.9182
0.021362,-0.0032043,4.9084
0.02182,-0.002594,4.9109
0.017395,-0.00045776,4.9146
0.016937,0.00091553,4.9146
0.014496,0.0016785,4.9084
0.014496,0.00061035,4.9133
0.014038,-0.0012207,4.9158
0.014191,-0.002594,0.040283
0.013885,-0.0056458,0.048828
0.013275,-0.002594,0.039063
0.015259,0,0.028076
0.016479,0.0016785,0.040283
0.016632,0.0016785,0.041504
0.017242,0.00061035,0.042725
0.01709,-0.0013733,0.045166
0.01709,-0.0036621,0.042725
0.016174,-0.0057983,0.05249
0.015411,-0.004425,0.05127
0.015106,-0.0054932,0.058594
0.014496,-0.0073242,0.053711
0.015106,-0.0088501,0.059814
0.015717,-0.0090027,0.059814
0.0177,-0.0076294,0.062256
0.020752,-0.0032043,0.075684
0.022888,-0.0028992,0.062256
0.02594,-0.0021362,0.061035
0.027313,-0.0018311,0.061035
0.027161,-0.0015259,0.065918
0.026855,-0.0016785,0.062256
0.02594,-0.00030518,0.050049
0.024567,0.0013733,0.062256
0.022125,0.002594,0.063477
0.019531,0.0010681,0.059814
0.019531,-0.0015259,0.067139
0.011902,-0.002594,0.061035
0.0094604,-0.0033569,0.065918
0.0080872,0.00015259,0.061035
0.0082397,0.0038147,0.061035
0.0090027,0.0094604,0.056152
0.0094604,0.009613,0.056152
0.010223,0.0091553,0.05127
0.010529,0.0068665,0.053711
0.011444,0.0033569,0.058594
0.01236,-0.00015259,0.050049
0.013428,-0.0019836,0.059814
0.014038,-0.0018311,0.040283
0.014191,-0.00091553,0.037842
0.013733,0.00061035,0.042725
0.014496,0.0013733,0.042725
0.013275,0.0013733,0.039063
0.012207,0.0021362,0.041504
0.012054,0.0019836,0.037842
0.012665,0.0016785,0.040283
0.016022,0.0024414,0.0354
0.015106,0.0041199,0.041504
0.017242,0.00030518,0.0354
0.019226,0.004425,0.041504
0.021515,0.0045776,0.040283
0.022888,0.0035095,0.041504
0.024261,0.0024414,0.042725
0.024414,0.0050354,0.041504
0.024567,0.0039673,0.043945
0.024109,0.0048828,0.042725
0.023193,0.0050354,0.045166
0.021515,0.0048828,0.05127
0.020905,0.0022888,0.040283
0.019684,-0.00061035,0.05249
0.020294,-0.0035095,0.057373
0.020294,-0.004425,0.056152
0.022278,-0.0038147,0.061035
0.023041,-0.0035095,0.057373
0.023651,-0.0030518,0.064697
0.024567,-0.0032043,0.057373
0.025787,-0.0036621,0.063477
0.026245,-0.0027466,0.059814
0.027771,-0.00030518,0.063477
0.027618,0.0035095,0.057373
0.027466,0.009613,0.063477
0.028534,0.0076294,0.074463
0.029755,0.0062561,0.065918
0.029602,0.0035095,0.067139
0.030975,-0.00015259,0.063477
0.030518,-0.0030518,0.046387
0.03067,-0.0053406,0.064697
0.029907,-0.0048828,2.4036
0.028076,-0.0059509,4.7815
0.02655,-0.0064087,4.9158
0.025635,-0.0062561,4.9207
0.025635,-0.0062561,4.9243
0.026703,-0.0073242,4.9194
0.027771,-0.0056458,4.9231
0.028687,-0.0047302,4.9146
0.030518,-0.0036621,4.9207
0.030365,-0.0027466,4.917
0.032806,-0.0022888,4.917
0.033875,-0.0028992,4.917
0.033112,-0.0041199,4.9146
0.035248,-0.0057983,4.9133
0.035553,-0.0076294,4.9146
0.034637,-0.007019,4.9109
0.032806,-0.0062561,4.9109
0.031891,-0.004425,4.9207
0.030212,-0.0032043,4.9146
0.029755,-0.0032043,4.906
0.028534,-0.002594,4.9084
0.029297,-0.0027466,4.9097
0.029602,0.00045776,4.9084
0.03006,0.0016785,4.9109
0.028992,0.0027466,4.906
0.027924,0.0021362,4.9158
0.027618,0.0012207,4.9146
0.028229,-0.00030518,4.9158
0.029297,-0.00061035,4.9182
0.030823,-0.00091553,4.9243
0.029907,0.0010681,4.9329
0.028992,0.002594,4.9255
0.029297,0.0041199,4.9353
0.030212,0.0059509,4.9304
0.031586,0.0068665,4.9231
0.034027,0.0067139,4.9292
0.03479,0.0067139,4.9304
0.035858,0.0057983,4.9304
0.036621,0.005188,4.9329
0.036774,0.0036621,4.9304
0.036774,0.0019836,4.9329
0.034943,0.0015259,4.9304
0.032196,0,4.9341
0.030212,-0.00091553,4.9304
0.027771,-0.0024414,4.9365
0.030823,-0.004425,4.9365
0.026398,-0.0053406,4.9353
0.023651,-0.0059509,4.9377
0.022736,-0.0042725,4.9353
0.022888,-0.0024414,4.9377
0.024414,-0.0016785,4.9316
0.025482,-0.00030518,4.9353
0.028076,-0.0013733,4.9268
0.028381,-0.0015259,4.9146
0.028534,-0.0016785,4.9182
0.027771,-0.0024414,4.9182
0.027008,-0.0028992,4.9194
0.027313,-0.0038147,4.9146
0.027771,0.00015259,4.9158
0.028839,-0.0038147,4.9146
0.029144,-0.0019836,4.9133
0.031128,-0.002594,4.9133
0.029449,-0.0012207,4.9133
0.030975,-0.0013733,4.9146
0.032196,-0.0013733,4.9097
0.034485,-0.0010681,4.917
0.037079,-0.00091553,4.9231
0.037384,0.00061035,4.9097
0.035553,-0.0015259,4.9133
0.032806,-0.0033569,4.9084
0.029144,-0.0059509,4.8914
0.02594,-0.0091553,4.917
0.023804,-0.010529,4.9097
0.021057,-0.011292,0.041504
0.019836,-0.0094604,0.041504
0.018768,-0.0076294,0.041504
0.019989,-0.0059509,0.047607
0.019836,-0.0061035,0.050049
0.021515,-0.004425,0.048828
0.023041,-0.0086975,0.050049
0.02594,-0.0074768,0.057373
0.02655,-0.0064087,0.058594
0.027161,-0.0050354,0.061035
0.027771,-0.0042725,0.065918
0.027008,-0.0041199,0.062256
0.027466,-0.0050354,0.061035
0.028992,-0.005188,0.062256
0.029449,-0.0038147,0.073242
0.03067,-0.00045776,0.059814
0.032349,0.00061035,0.057373
0.032043,0.0013733,0.059814
0.032654,0.0021362,0.054932
0.030975,0.0018311,0.062256
0.031281,0.0022888,0.067139
0.03006,0.0012207,0.063477
0.028839,0.0019836,0.065918
0.028381,0.0027466,0.062256
0.02655,0.0030518,0.054932
0.024719,0.0015259,0.057373
0.024719,0.0019836,0.059814
0.023651,0.0024414,0.056152
0.021667,0.00091553,0.054932
0.019836,0.00076294,0.062256
0.016785,0.0010681,0.046387
0.015259,-0.00061035,0.053711
0.015106,-0.0016785,0.046387
0.015259,-0.0027466,0.03418
0.014343,-0.0033569,0.043945
0.010834,-0.0021362,0.041504
0.011902,-0.00030518,0.036621
0.010681,0.0041199,0.039063
0.012512,0.0064087,0.037842
0.013733,0.0062561,0.037842
0.014343,0.004425,0.040283
0.016479,0.00076294,0.040283
0.014648,-0.0015259,0.036621
0.013123,-0.0042725,0.042725
0.012054,-0.0048828,0.041504
0.011444,-0.0039673,0.042725
0.012054,-0.0028992,0.039063
0.011749,-0.0021362,0.042725
0.014038,-0.0018311,0.045166
0.01358,-0.00076294,0.043945
0.012817,0.0019836,0.05127
0.012817,0.0035095,0.047607
0.015259,0.0068665,0.037842
0.018311,0.0086975,0.05127
0.020294,0.0091553,0.05249
0.021057,0.0097656,0.061035
0.019684,0.007782,0.057373
0.016327,0.0082397,0.056152
0.014038,0.0073242,0.062256
0.01297,0.0062561,0.067139
0.01297,0.0080872,0.063477
0.013275,0.007782,0.056152
0.012207,0.0076294,0.064697
0.010071,0.0082397,0.062256
0.007782,0.0079346,0.065918
0.0067139,0.010071,0.078125
0.0071716,0.011444,0.057373
0.0088501,0.012512,0.062256
0.011444,0.013275,0.067139
0.011444,0.010986,0.058594
0.010376,0.0076294,0.063477
0.0091553,0.0042725,0.064697
0.0083923,0.004425,0.063477
0.0085449,0.0076294,0.058594
0.009613,0.011292,0.054932
0.0099182,0.013885,0.056152
0.0082397,0.014954,0.05249
0.0059509,0.014343,1.2329
0.0042725,0.010681,4.696
0.0033569,0.0079346,4.9084
0.0053406,0.0068665,4.9146
0.0071716,0.0080872,4.9219
0.0090027,0.007782,4.9146
0.0097656,0.0059509,4.9182
0.010529,0.0028992,4.9207
0.0094604,-0.00091553,4.917
0.0090027,-0.0015259,4.9219
0.007782,-0.00076294,4.9084
0.007782,0.0018311,4.9036
0.0076294,0.004425,4.9097
0.0080872,0.0068665,4.9097
0.0091553,0.0074768,4.917
0.010681,0.0076294,4.9109
0.012512,0.0067139,4.9097
0.014954,0.004425,4.9097
0.016327,0.0035095,4.906
0.017242,0.0038147,4.9072
0.0177,0.0041199,4.917
0.018768,0.0054932,4.9158
0.019531,0.0057983,4.9182
0.0177,0.0064087,4.9194
0.017853,0.0056458,4.9243
0.016785,0.0036621,4.9243
0.016479,0.0035095,4.9231
0.018005,0.0024414,4.928
0.019073,0.0016785,4.9341
0.020447,0.0028992,4.9329
0.020294,0.0032043,4.9182
0.019989,0.0038147,4.928
0.018616,0.0012207,4.9292
0.016785,-0.00045776,4.9304
0.01709,-0.0027466,4.9304
0.017242,-0.004425,4.928
0.017853,-0.0041199,4.9377
0.016632,-0.0030518,4.9194
0.015564,-0.0024414,4.9329
0.014496,0,4.9341
0.013885,-0.00045776,4.9353
0.014954,-0.00030518,4.9316
0.016327,0.00015259,4.9377
0.019684,0.00045776,4.939
0.021667,0.0010681,4.9377
0.024567,0.0018311,4.9304
0.026245,0.0013733,4.928
0.027313,0,4.9036
0.027618,-0.0024414,4.9194
0.026398,-0.004425,4.9194
0.02594,-0.0050354,4.917
0.024414,-0.0053406,4.9158
0.023651,-0.0050354,4.9158
0.023956,-0.0039673,4.9158
0.024567,-0.0028992,4.9121
0.024872,-0.0030518,4.9158
0.025024,-0.0019836,4.9072
0.026093,0,4.9158
0.028076,0.0019836,4.9133
0.030365,0.0039673,4.9121
0.032196,0.004425,4.9109
0.035095,0.0032043,4.9146
0.031891,0.0018311,4.9097
0.030365,-0.00061035,4.9109
0.028839,-0.0012207,4.9036
0.027618,0,4.906
0.027771,0.0024414,4.9158
0.027618,0.004425,4.9146
0.028381,0.0061035,4.9109
0.027313,0.0064087,4.9109
0.027924,0.0067139,4.9182
0.028381,0.0073242,4.917
0.028687,0.010376,4.9243
0.029144,0.012054,0.05249
0.028839,0.013275,0.057373
0.029144,0.01236,0.057373
0.027618,0.011597,0.061035
0.02655,0.010529,0.059814
0.02655,0.0093079,0.063477
0.027618,0.0099182,0.070801
0.028839,0.010529,0.059814
0.030212,0.0097656,0.06958
0.031433,0.0076294,0.061035
0.029907,0.004425,0.05127
0.027161,0.0010681,0.05127
0.026093,-0.0013733,0.062256
0.026245,-0.0015259,0.063477
0.027313,0.00061035,0.067139
0.026855,0.0028992,0.063477
0.026398,0.0036621,0.064697
0.025177,0.0045776,0.065918
0.025177,0.0028992,0.067139
0.028687,-0.00030518,0.059814
0.028381,-0.0018311,0.061035
0.030518,-0.0015259,0.056152
0.031891,0.00076294,0.054932
0.032501,0.0056458,0.05249
0.031738,0.0094604,0.05249
0.031128,0.012054,0.053711
0.029297,0.011749,0.048828
0.028534,0.010071,0.05249
0.028534,0.0065613,0.046387
0.029297,0.0042725,0.048828
0.030975,0.0027466,0.039063
0.031433,0.0032043,0.041504
0.033112,0.0033569,0.036621
0.032043,0.0033569,0.039063
0.032196,0.0010681,0.036621
0.030518,0.0015259,0.040283
0.029602,0.0027466,0.036621
0.028534,0.0042725,0.040283
0.027466,0.0054932,0.040283
0.028839,0.0064087,0.041504
0.024872,0.0042725,0.040283
0.021667,-0.00061035,0.040283
0.02182,-0.00061035,0.058594
0.022583,-0.0062561,0.042725
0.023499,-0.009613,0.05127
0.023346,-0.007782,0.045166
0.021515,-0.0091553,0.029297
0.019073,-0.0086975,0.047607
0.020905,-0.0090027,0.05249
0.018463,-0.0090027,0.05249
0.023346,-0.0057983,0.057373
0.027313,0.00091553,0.057373
0.03067,0.0080872,0.061035
0.033722,0.013885,0.057373
0.032806,0.0094604,0.063477
0.032196,0.0048828,0.058594
0.032043,0.0030518,0.063477
0.031586,-0.00076294,0.057373
0.03006,0.00091553,0.063477
0.027771,0.005188,0.068359
0.025024,0.0048828,0.065918
0.02121,0.011444,0.067139
0.018158,0.0068665,0.067139
0.016174,0.0082397,0.081787
0.019226,0.0085449,0.063477
0.019836,0.0073242,0.054932
0.02243,0.0091553,0.064697
0.021973,0.0088501,0.059814
0.021057,0.0093079,0.05127
0.020447,0.0091553,0.057373
0.021667,0.0039673,0.05127
0.023956,-0.00015259,0.05249
0.026093,-0.0028992,0.047607
0.024872,-0.0028992,0.05249
0.02182,-0.0022888,0.042725
0.016632,-0.002594,0.045166
0.012054,-0.0022888,0.045166
0.0094604,-0.0062561,0.047607
0.0091553,-0.0094604,4.3677
0.009613,-0.0097656,4.8767
0.010986,-0.010071,4.9072
0.012054,-0.0073242,4.906
0.012512,-0.0073242,4.8987
0.012054,-0.00091553,4.9097
0.01297,0.0041199,4.9084
0.013733,0.0067139,4.9097
0.019684,0.0071716,4.9109
0.023041,0.0083923,4.9097
0.023499,0.0064087,4.9084
0.021973,0.0054932,4.9084
0.019684,0.0041199,4.9133
0.016327,0.0038147,4.9109
0.016632,-0.0019836,4.9158
0.016022,-0.0038147,4.9146
0.017548,-0.0080872,4.9207
0.018616,-0.010376,4.9158
0.0177,-0.010223,4.9097
0.019073,-0.0073242,4.9255
0.0177,-0.0047302,4.9255
0.016479,-0.0015259,4.9353
0.014954,-0.0024414,4.9329
0.015259,-0.0039673,4.9146
0.016632,-0.004425,4.9292
0.018158,-0.0028992,4.9304
0.019226,-0.0050354,4.9329
0.019379,-0.0013733,4.928
0.016937,-0.0012207,4.9268
0.015106,-0.002594,4.9353
0.012817,-0.002594,4.9329
0.016174,-0.00091553,4.9341
0.019073,0.0021362,4.9292
0.019073,0.0074768,4.939
0.021515,0.013733,4.9341
0.021667,0.018005,4.9365
0.020447,0.019531,4.9438
0.023651,0.018768,4.9353
0.025482,0.015411,4.928
0.028381,0.010986,4.9219
0.028687,0.0073242,4.9255
0.026398,0.0056458,4.9219
0.021057,0.0050354,4.9219
0.015411,0.0036621,4.9207
0.010071,0.0021362,4.9194
0.0065613,-0.00091553,4.9158
0.0062561,-0.0039673,4.9194
0.0065613,-0.0016785,4.917
0.0082397,0.00091553,4.9158
0.010223,-0.00091553,4.9084
0.011597,-0.0016785,4.9097
0.013428,-0.00076294,4.9097
0.014648,-0.0086975,4.9158
0.016022,-0.011902,4.9072
0.016174,-0.011597,4.9133
0.014648,-0.012665,4.9011
0.011444,-0.0016785,4.9133
0.0062561,0.0062561,4.9194
0.0022888,0.0041199,4.9109
-0.00061035,0.0054932,4.9011
-0.00076294,0.00091553,4.906
0.0024414,-0.0047302,4.9133
0.0088501,0.0015259,4.9121
0.015106,0.0054932,4.9146
0.020142,0.0067139,4.9146
0.025177,0.010223,4.9231
0.030823,0.005188,4.9207
0.037994,-0.002594,4.9243
0.042572,-0.0030518,4.9243
0.042572,-0.0074768,4.9304
0.037537,-0.0091553,4.9304
0.030975,-0.0082397,0.065918
0.024872,-0.0074768,0.067139
0.019684,-0.0086975,0.062256
0.018158,-0.010681,0.062256
0.017395,-0.011749,0.059814
0.017548,-0.013733,0.065918
0.020599,-0.010223,0.062256
0.021667,-0.0045776,0.054932
0.02182,-0.00091553,0.063477
0.02182,0.0032043,0.068359
0.023651,0.0024414,0.062256
0.027313,-0.0015259,0.063477
0.028534,-0.0019836,0.062256
0.028381,-0.0068665,0.067139
0.025635,-0.0094604,0.062256
0.020294,-0.0099182,0.061035
0.016327,-0.012665,0.061035
0.01236,-0.013428,0.056152
0.012512,-0.013885,0.053711
0.01358,-0.011292,0.053711
0.01709,-0.010681,0.064697
0.020294,-0.009613,0.046387
0.02243,-0.010529,0.056152
0.025177,-0.011444,0.047607
0.027161,-0.012207,0.039063
0.030975,-0.012054,0.040283
0.036011,-0.012665,0.042725
0.039978,-0.01358,0.041504
0.040588,-0.01297,0.036621
0.035553,-0.011444,0.036621
0.028992,-0.0094604,0.042725
0.024261,-0.0056458,0.039063
0.02243,-0.0038147,0.036621
0.024414,-0.00030518,0.039063
0.025482,0.0010681,0.042725
0.027466,-0.00061035,0.040283
0.027771,-0.0024414,0.041504
0.027924,-0.0033569,0.048828
0.028992,-0.0030518,0.042725
0.029907,-0.0028992,0.042725
0.031586,-0.0048828,0.045166
0.032806,-0.0033569,0.042725
0.033417,-0.0028992,0.047607
0.030212,-0.00076294,0.028076
0.024261,0.0032043,0.054932
0.021667,0.0048828,0.053711
0.019226,0.0032043,0.053711
0.020142,-0.00061035,0.059814
0.022888,-0.0054932,0.062256
0.024261,-0.0094604,0.061035
0.026245,-0.010223,0.057373
0.02121,-0.0071716,0.065918
0.023956,-0.0028992,0.058594
0.023956,-0.00030518,0.062256
0.024414,-0.0015259,0.063477
0.026855,-0.0028992,0.062256
0.029449,-0.0021362,0.06958
0.030823,-0.0015259,0.065918
0.031738,0.0018311,0.073242
0.029297,0.005188,0.063477
0.027161,0.0054932,0.053711
0.023651,0.0045776,0.063477
0.02121,0.0042725,0.063477
0.020142,0.0021362,0.058594
0.017853,0.0019836,0.057373
0.017853,0.0021362,0.05249
0.018005,0.0018311,0.05249
0.014954,0.0015259,0.050049
0.015106,-0.00030518,0.05127
0.017395,-0.0015259,0.036621
0.02182,-0.0015259,0.046387
0.027466,-0.00015259,0.047607
0.03006,0.0013733,0.047607
0.030823,-0.0016785,0.042725
0.029602,0.0054932,0.045166
0.024567,0.0067139,0.042725
0.022736,0.0094604,0.039063
0.023193,0.0074768,0.039063
0.024567,0.0033569,1.9812
0.024261,-0.0028992,4.7412
0.022125,-0.0086975,4.8938
0.019684,-0.012817,4.9036
0.014496,-0.01297,4.9072
0.011597,-0.0090027,4.9072
0.010376,-0.0015259,4.9048
0.013428,0.0054932,4.9097
0.014954,0.0097656,4.917
0.020142,0.0099182,4.9158
0.025024,0.0079346,4.9133
0.028687,0.010681,4.9194
0.031891,0.014648,4.9194
0.034332,0.018158,4.9219
0.038452,0.020599,4.9365
0.039978,0.020142,4.9255
0.040588,0.017548,4.9292
0.037994,0.012817,4.9292
0.033417,0.0099182,4.9182
0.027466,0.0083923,4.9292
0.022736,0.0093079,4.9304
0.018463,0.0090027,4.9304
0.015411,0.0073242,4.9255
0.013885,0.0056458,4.9048
0.013428,0.0038147,4.9329
0.014343,0.0035095,4.9329
0.015869,0.0059509,4.9341
0.014496,0.0059509,4.9304
0.012207,0.0080872,4.9377
0.011749,0.0091553,4.9353
0.016327,0.010681,4.9341
0.014191,0.010529,4.9365
0.01358,0.0083923,4.9353
0.01358,0.0073242,4.9353
0.0091553,0.005188,4.9341
0.0056458,0.0024414,4.9414
0.0035095,-0.00091553,4.9231
0.0038147,-0.0041199,4.9255
0.0027466,-0.0041199,4.9194
0.0019836,-0.0030518,4.9097
-0.0013733,-0.0016785,4.917
-0.0019836,0.0027466,4.9194
-0.0032043,0.0048828,4.9133
-0.0018311,0.0064087,4.9146
0.0039673,0.007019,4.9109
0.009613,0.0053406,4.9146
0.016174,0.0068665,4.9097
0.020142,0.007019,4.9146
0.021057,0.0073242,4.9121
0.018463,0.0065613,4.9133
0.016785,0.0042725,4.9182
0.01709,0.0054932,4.9097
0.016937,0.0074768,4.9158
0.015564,0.0079346,4.9097
0.013123,0.0085449,4.8999
0.011902,0.007019,4.9109
0.0099182,0.0065613,4.9084
0.010071,0.0073242,4.9121
0.012207,0.0074768,4.9146
0.014801,0.004425,4.9146
0.0177,0.009613,4.9158
0.018005,0.0088501,4.9194
0.018921,0.0080872,4.928
0.0177,0.0076294,4.9219
0.014496,0.0076294,4.9292
0.010071,0.0079346,4.9292
0.0065613,0.0083923,4.9329
0.0041199,0.0088501,4.9292
0.0028992,0.0090027,4.9329
0.0036621,0.0094604,4.9329
0.0079346,0.0091553,4.9329
0.0071716,0.010986,4.9475
0.010986,0.012665,0.064697
0.014648,0.013733,0.047607
0.019379,0.015106,0.062256
0.019379,0.014801,0.061035
0.021362,0.013123,0.064697
0.019379,0.0094604,0.064697
0.015411,0.0057983,0.062256
0.010986,0.0030518,0.067139
0.0061035,0.0022888,0.062256
0.002594,0.0016785,0.062256
-0.0015259,0.00076294,0.056152
-0.0024414,-0.0019836,0.059814
-0.00045776,-0.0035095,0.05127
0.0021362,-0.0022888,0.054932
0.0056458,0.0010681,0.064697
0.009613,0.0050354,0.048828
0.014343,0.0091553,0.048828
0.018768,0.011597,0.048828
0.021667,0.010071,0.028076
0.022278,0.0067139,0.042725
0.02121,0.0042725,0.042725
0.016937,0.0013733,0.041504
0.013733,0.0015259,0.040283
0.010529,0.0016785,0.039063
0.0083923,0.0019836,0.040283
0.0086975,0.0012207,0.037842
0.009613,0.00091553,0.039063
0.011597,0.0016785,0.039063
0.014801,0.00091553,0.042725
0.017242,0.00076294,0.037842
0.021362,0.00015259,0.042725
0.025177,-0.00045776,0.039063
0.029602,-0.002594,0.040283
0.032501,-0.0053406,0.046387
0.032654,-0.0076294,0.045166
0.030518,-0.0088501,0.056152
0.026245,-0.010223,0.048828
0.020752,-0.009613,0.039063
0.017853,-0.0086975,0.054932
0.014954,-0.0073242,0.053711
0.013275,-0.0068665,0.054932
0.012512,-0.0065613,0.057373
0.011444,-0.0067139,0.056152
0.013428,-0.0067139,0.062256
0.015411,-0.0041199,0.059814
0.018921,-0.0033569,0.063477
0.02182,-0.0035095,0.056152
0.02533,-0.0050354,0.064697
0.028076,-0.0065613,0.062256
0.029297,-0.0079346,0.065918
0.03006,-0.0088501,0.072021
0.028381,-0.0067139,0.065918
0.026703,-0.0053406,0.065918
0.02533,-0.0030518,0.067139
0.023651,-0.0035095,0.065918
0.023041,-0.0039673,0.064697
0.022278,-0.005188,0.059814
0.022125,-0.0059509,0.058594
0.022125,-0.0050354,0.059814
0.022125,-0.0021362,0.05249
0.022736,0.00076294,0.053711
0.02594,0.0027466,0.046387
0.027618,0.0021362,0.05127
0.029755,0.00091553,0.039063
0.029907,-0.0015259,0.047607
0.028076,-0.0021362,0.05127
0.022888,-0.0012207,0.047607
0.02121,0.00076294,0.043945
0.0177,0.0022888,0.047607
0.015869,0.0033569,0.056152
0.013885,0.0015259,0.042725
0.01297,0.00015259,0.05249
0.012207,-0.00015259,0.041504
0.012665,0.00061035,0.028076
0.014191,0.00030518,0.039063
0.017242,0.00045776,0.036621
0.019531,-0.0010681,0.037842
0.020599,-0.0030518,0.037842
0.020905,-0.0045776,3.8953
0.020905,-0.0067139,4.8486
0.020294,-0.0074768,4.9011
0.02182,-0.0050354,4.9121
0.020294,-0.0047302,4.9084
0.020599,-0.0015259,4.9194
0.020294,0.00015259,4.9182
0.02121,0.00045776,4.9182
0.023041,0,4.928
0.02243,0.00076294,4.9231
0.025787,0.00045776,4.9231
0.027466,0.0013733,4.9231
0.029144,0.00091553,4.9329
0.029755,0,4.9304
0.028687,-0.0016785,4.9146
0.028381,-0.0024414,4.9304
0.029144,-0.0032043,4.9304
0.028381,-0.0021362,4.9304
0.028839,-0.00015259,4.9231
0.027161,-0.0010681,4.9304
0.02533,-0.002594,4.9316
0.023651,-0.002594,4.9316
0.022125,-0.0032043,4.9365
0.02243,-0.0016785,4.9329
0.018921,-0.00030518,4.9365
0.023651,0.00061035,4.9316
0.02655,0.00045776,4.9353
0.027466,0.0010681,4.9426
0.029907,0.0018311,4.9402
0.032043,0.0033569,4.9304
0.034332,0.0059509,4.9255
0.036163,0.0085449,4.9109
0.037689,0.0074768,4.9219
0.038757,0.0083923,4.917
0.036316,0.0050354,4.9182
0.036469,0.0036621,4.9182
0.035706,0.0024414,4.9182
0.033875,0.0018311,4.9133
0.032196,0.0019836,4.9109
0.032349,-0.00045776,4.9133
0.027618,-0.0019836,4.9109
0.026398,-0.0039673,4.9109
0.025177,-0.004425,4.9133
0.024719,-0.0033569,4.9133
0.02243,-0.0042725,4.9072
0.019226,-0.0045776,4.9109
0.019226,-0.0073242,4.9084
0.017395,-0.0076294,4.9097
0.018463,-0.0062561,4.9097
0.02121,-0.0022888,4.9048
0.021667,0.0016785,4.9084
0.022736,0.0038147,4.9097
0.022125,0.004425,4.9084
0.022888,0.0053406,4.9146
0.022583,0.007782,4.917
0.026398,0.012054,4.9158
0.030212,0.013275,4.9243
0.032043,0.018921,4.9255
0.033722,0.0177,4.928
0.033112,0.013428,4.928
0.032806,0.0097656,4.9341
0.032196,0.0080872,4.9304
0.030365,0.0088501,4.9353
0.03006,0.011749,4.9414
0.026855,0.014496,4.9316
0.023193,0.01358,4.9341
0.019989,0.013123,4.9365
0.019531,0.012817,4.9207
0.02182,0.01236,4.9292
0.023651,0.018616,4.9329
0.025635,0.015717,4.9365
0.025787,0.014648,4.9365
0.024261,0.011749,0.062256
0.023651,0.005188,0.064697
0.021973,-0.00045776,0.061035
0.019989,-0.0054932,0.061035
0.016479,-0.010986,0.053711
0.010986,-0.0074768,0.058594
0.0053406,-0.0061035,0.053711
0.00015259,-0.0050354,0.056152
-0.0027466,-0.0032043,0.05249
-0.0030518,-0.0035095,0.05127
0.0032043,-0.0050354,0.047607
0.0088501,-0.0056458,0.048828
0.014496,-0.0065613,0.050049
0.017242,-0.0062561,0.042725
0.019989,-0.0053406,0.059814
0.021362,-0.0035095,0.037842
0.023041,-0.0027466,0.041504
0.023956,-0.00091553,0.037842
0.023804,-0.00061035,0.041504
0.021515,-0.00091553,0.037842
0.017853,0.0018311,0.042725
0.012817,0.0042725,0.0354
0.0097656,0.0045776,0.043945
0.0086975,0.0054932,0.037842
0.011139,0.0061035,0.041504
0.014496,0.0067139,0.042725
0.018005,0.0082397,0.042725
0.022583,0.0085449,0.053711
0.023346,0.0079346,0.043945
0.022125,0.0059509,0.057373
0.023346,0.0050354,0.047607
0.021515,0.0035095,0.036621
0.018311,0.0027466,0.050049
0.013428,0.0027466,0.056152
0.0067139,0.0028992,0.05249
0.00015259,0.0042725,0.059814
-0.0053406,0.0038147,0.057373
-0.0080872,0.0032043,0.059814
-0.0083923,0.0022888,0.059814
-0.0064087,0.0013733,0.065918
-0.0033569,0.0016785,0.057373
0.00045776,0.0030518,0.063477
0.0036621,0.0032043,0.064697
0.0067139,0.0028992,0.064697
0.0054932,0.0012207,0.065918
0.0073242,-0.0016785,0.065918
0.0076294,-0.0035095,0.067139
0.0074768,-0.0057983,0.067139
0.0064087,-0.0068665,0.075684
0.0047302,-0.007019,0.064697
0.0033569,-0.007019,0.056152
0.0036621,-0.0065613,0.062256
0.0054932,-0.0042725,0.057373
0.0090027,-0.0033569,0.056152
0.012665,-0.0024414,0.056152
0.017242,-0.0036621,0.048828
0.02121,-0.0048828,0.053711
0.023346,-0.0045776,0.045166
0.024261,-0.0032043,0.05127
0.022278,-0.0018311,0.046387
0.021667,-0.00015259,0.050049
0.018768,0.00076294,0.043945
0.016632,-0.00045776,0.047607
0.01358,-0.0022888,0.05249
0.01236,-0.0027466,0.039063
0.011139,-0.0027466,0.040283
0.010529,-0.002594,0.040283
0.011902,-0.00015259,0.021973
0.014343,0.0016785,0.036621
0.018005,0.0019836,0.040283
0.021973,0.00061035,0.040283
0.027008,-0.0024414,0.037842
0.030518,-0.0035095,0.0354
0.032654,-0.0019836,0.039063
0.032349,0.0010681,0.03418
0.031586,0.002594,0.042725
0.028839,0.0010681,0.040283
0.02594,-0.0028992,0.048828
0.023956,-0.0079346,4.0015
0.02243,-0.010834,4.8608
0.02121,-0.010376,4.9146
0.019226,-0.0088501,4.9219
0.020142,-0.0083923,4.9219
0.02121,-0.0083923,4.9292
0.02243,-0.0093079,4.9402
0.025024,-0.0094604,4.9304
0.027008,-0.0085449,4.9194
0.029755,-0.0080872,4.9292
0.029297,-0.0067139,4.9268
0.029297,-0.0083923,4.9304
0.028381,-0.012207,4.9329
0.028839,-0.016174,4.9316
0.026245,-0.017853,4.9329
0.024872,-0.018005,4.9341
0.022278,-0.016022,4.9365
0.02121,-0.013428,4.9316
0.019684,-0.010834,4.939
0.018463,-0.0090027,4.9341
0.018005,-0.0080872,4.9329
0.018921,-0.0065613,4.9402
0.019226,-0.005188,4.9304
0.021515,-0.002594,4.928
0.024261,-0.0010681,4.9255
0.027618,-0.00076294,4.9243
0.028992,-0.0022888,4.9207
0.030365,-0.0045776,4.9219
0.028839,-0.0042725,4.9072
0.025787,-0.0035095,4.9194
0.023499,-0.0016785,4.9146
0.021973,-0.00045776,4.9146
0.020294,0.00045776,4.9109
0.019836,-0.0012207,4.9146
0.020294,-0.0019836,4.9097
0.021667,-0.0022888,4.9109
0.023956,-0.0027466,4.9146
0.028229,-0.002594,4.9158
0.026245,-0.0024414,4.9097
0.026398,-0.0019836,4.9146
0.027008,0.00015259,4.9219
0.026093,0.0019836,4.9109
0.024567,0.0038147,4.9158
0.021515,0.004425,4.9109
0.017548,0.0045776,4.8999
0.014801,0.0027466,4.9097
0.013733,0.0015259,4.9133
0.01236,0.0019836,4.9158
0.015106,0.0022888,4.9182
0.016174,0.00030518,4.9194
0.019226,-0.00015259,4.9207
0.02121,-0.0027466,4.9231
0.02243,-0.0045776,4.9243
0.021973,-0.0054932,4.9207
0.022125,-0.0074768,4.9353
0.019989,-0.005188,4.9292
0.017853,-0.0062561,4.9329
0.016632,-0.007019,4.9426
0.014801,-0.0071716,4.9316
0.014191,-0.007019,4.9292
0.01358,-0.0047302,4.9365
0.013733,-0.0045776,4.9341
0.014648,-0.0035095,4.9329
0.018005,-0.0033569,4.9146
0.017853,-0.0042725,4.9353
0.018768,-0.0030518,4.9353
0.019531,0.0015259,4.9316
0.019531,0.0013733,4.9377
0.020294,0.0036621,4.9329
0.019836,0.0053406,4.9341
0.018768,0.0039673,4.9316
0.020599,0.0062561,4.9255
0.020294,0.002594,4.9243
0.020447,0.0024414,0.054932
0.022125,0.0033569,0.05127
0.023499,0.0036621,0.048828
0.024567,0.0038147,0.057373
0.026703,0.0048828,0.048828
0.027161,0.0016785,0.059814
0.027466,-0.0021362,0.042725
0.026855,-0.0067139,0.036621
0.025482,-0.0091553,0.039063
0.024261,-0.011292,0.039063
0.019226,-0.011139,0.039063
0.022736,-0.010071,0.041504
0.021973,-0.0088501,0.039063
0.019226,-0.0054932,0.041504
0.017242,-0.004425,0.037842
0.015869,-0.0035095,0.041504
0.013885,-0.0039673,0.037842
0.016937,-0.005188,0.040283
0.017548,-0.0057983,0.040283
0.018616,-0.0054932,0.036621
0.020142,-0.0082397,0.046387
0.021515,-0.010223,0.045166
0.019226,-0.012207,0.047607
0.021057,-0.014648,0.046387
0.018768,-0.014954,0.048828
0.016785,-0.013428,0.053711
0.015717,-0.010681,0.061035
0.01709,-0.0074768,0.053711
0.016937,-0.0047302,0.061035
0.020905,-0.0041199,0.056152
0.024414,-0.0039673,0.059814
0.027618,-0.0045776,0.059814
0.031433,-0.004425,0.063477
0.035248,-0.0056458,0.058594
0.037537,-0.0045776,0.062256
0.03952,-0.0076294,0.061035
0.039825,-0.004425,0.064697
0.038147,-0.0033569,0.059814
0.034027,-0.0024414,0.063477
0.033264,-0.00076294,0.075684
0.031891,-0.00015259,0.064697
0.031891,-0.00030518,0.070801
0.030518,-0.00030518,0.065918
0.028381,-0.0013733,0.047607
0.025787,-0.0027466,0.059814
0.020905,-0.0010681,0.064697
0.016632,0.0028992,0.054932
0.012054,0.0048828,0.05249
0.0071716,0.007019,0.050049
0.0041199,0.013885,0.05249
0.0012207,0.022125,0.047607
0.00091553,0.032959,0.048828
0.0018311,0.043945,0.046387
0.0064087,0.052185,0.048828
0.012512,0.056458,0.043945
0.018158,0.053711,0.045166
0.02182,0.045319,0.046387
0.023651,0.036926,0.042725
0.024261,0.027466,0.040283
0.025482,0.020447,0.042725
0.029449,0.013885,0.03418
0.032196,0.0082397,0.037842
0.034027,0.004425,0.030518
0.033112,0.0032043,0.040283
0.028534,0.004425,0.039063
0.020752,0.0093079,0.0354
0.010986,0.012665,0.040283
0.00076294,0.014496,0.040283
-0.0079346,0.0045776,0.041504
-0.014801,-0.0076294,0.039063
-0.019531,-0.02182,0.046387
-0.02182,-0.032654,0.042725
-0.021973,-0.039978,0.05127
-0.023193,-0.040741,0.05127
-0.023956,-0.038147,0.056152
-0.024719,-0.030365,0.062256
-0.023651,-0.018768,0.057373
-0.018463,-0.0030518,2.7515
-0.0099182,0.013123,4.7986
0.0019836,0.025024,4.9072
0.01358,0.031128,4.9316
0.023651,0.03067,4.928
0.032806,0.023041,4.9353
0.038605,0.015411,4.928
0.043488,0.0085449,4.9304
0.046082,0.0038147,4.9329
0.045776,0.0038147,4.9304
0.039215,0.0035095,4.9353
0.033722,0.0015259,4.9329
0.025635,-0.0010681,4.9365
0.018768,0.0021362,4.9365
0.015717,0.0065613,4.9353
0.016022,0.014496,4.9353
0.016174,0.022125,4.9353
0.020294,0.025787,4.9316
0.022125,0.02533,4.9268
0.022583,0.021362,4.9329
0.022125,0.016785,4.9231
0.019684,0.013123,4.9133
0.015259,0.010223,4.917
0.0094604,0.007019,4.9194
0.0036621,0.0038147,4.9194
-0.00076294,-0.00030518,4.9121
-0.0038147,-0.0056458,4.9121
-0.007019,-0.009613,4.9097
-0.0088501,-0.013123,4.9097
-0.0091553,-0.017548,4.9109
-0.0071716,-0.022736,4.906
-0.0033569,-0.02655,4.9097
0.0012207,-0.027771,4.9109
0.0057983,-0.025787,4.9121
0.010681,-0.023346,4.9194
0.014343,-0.019989,4.9133
0.016937,-0.016632,4.9109
0.021362,-0.014038,4.9084
0.026245,-0.011444,4.9011
0.031738,-0.009613,4.9109
0.039978,-0.0091553,4.9109
0.04715,-0.010986,4.9158
0.050812,-0.013123,4.9158
0.050659,-0.015411,4.9158
0.047455,-0.017853,4.9207
0.042572,-0.019531,4.9231
0.037689,-0.02121,4.928
0.032654,-0.020752,4.9243
0.028839,-0.018616,4.9329
0.024261,-0.015869,4.928
0.022125,-0.012054,4.9329
0.022888,-0.0080872,4.9329
0.02655,-0.0056458,4.9304
0.030518,-0.0038147,4.9329
0.033569,-0.0027466,4.9341
0.033417,0,4.9438
0.030823,0.0010681,4.9329
0.024719,0.0018311,4.9207
0.018463,0.0041199,4.9365
0.01297,0.0059509,4.9353
0.0091553,0.0080872,4.9329
0.0071716,0.011292,4.9377
0.0068665,0.01358,4.9341
0.0088501,0.013885,4.9329
0.014496,0.012512,4.9316
0.014954,0.010223,4.9329
0.019989,0.0083923,4.9231
0.023346,0.0076294,4.9243
0.023956,0.007019,4.9231
0.023651,0.0059509,4.9194
0.020599,0.0033569,4.9243
0.019684,0.0013733,4.9207
0.021667,-0.0015259,4.9146
0.026855,-0.0012207,4.9121
0.034027,0.0013733,0.03418
0.03891,0.005188,0.043945
0.040283,0.0024414,0.039063
0.03891,0.0041199,0.037842
0.03418,-0.0012207,0.036621
0.024872,-0.0082397,0.037842
0.017242,-0.014648,0.041504
0.010376,-0.016937,0.0354
0.0035095,-0.015564,0.040283
0.0012207,-0.012665,0.0354
0.00076294,-0.0091553,0.041504
0.0050354,-0.0062561,0.040283
0.013733,-0.0021362,0.042725
0.020905,0.0032043,0.040283
0.029602,0.0099182,0.043945
0.03952,0.0177,0.047607
0.044098,0.020599,0.046387
0.040894,0.019073,0.058594
0.040894,0.012817,0.05127
0.035706,0.0042725,0.043945
0.028381,0.0016785,0.054932
0.024719,0.0024414,0.058594
0.02121,0.0085449,0.059814
0.021515,0.017395,0.058594
0.022583,0.027313,0.058594
0.02594,0.030975,0.063477
0.030212,0.032501,0.062256
0.034027,0.031281,0.063477
0.037079,0.027466,0.057373
0.038757,0.021973,0.065918
0.037384,0.016022,0.059814
0.033417,0.0074768,0.063477
0.027008,-0.0019836,0.079346
0.020142,-0.011139,0.067139
0.012665,-0.018616,0.064697
0.0067139,-0.021973,0.067139
0.0033569,-0.021515,0.053711
-0.00015259,-0.019531,0.058594
-0.0018311,-0.016785,0.057373
-0.0057983,-0.017242,0.056152
-0.0012207,-0.020142,0.053711
0.0010681,-0.023651,0.048828
0.0061035,-0.024567,0.054932
0.012207,-0.030212,0.046387
0.016937,-0.031738,0.050049
0.018921,-0.032959,0.042725
0.019379,-0.033112,0.048828
0.020142,-0.028534,0.045166
0.02121,-0.02533,0.046387
0.021515,-0.020294,0.042725
0.023346,-0.015564,0.042725
0.02655,-0.011749,0.050049
0.028381,-0.0083923,0.041504
0.032196,-0.007019,0.048828
0.035858,-0.0056458,0.037842
0.042877,-0.0041199,0.037842
0.048828,-0.0032043,0.039063
0.054474,-0.002594,0.037842
0.057678,0.0016785,0.037842
0.057831,0.0047302,0.039063
0.056458,0.0091553,0.036621
0.054779,0.013275,0.040283
0.05127,0.018158,0.041504
0.047302,0.021973,0.045166
0.04364,0.023346,0.029297
0.040588,0.023041,0.048828
0.039368,0.022278,0.05249
0.037231,0.023193,0.056152
0.033417,0.021362,0.065918
0.029449,0.026093,0.059814
0.024719,0.025177,0.062256
0.02121,0.021362,0.059814
0.020142,0.014343,0.059814
0.018921,0.013275,0.062256
0.019684,0.011902,0.059814
0.020905,0.012512,0.057373
0.021515,0.012207,2.2742
0.024567,0.0088501,4.7717
0.022583,0.0028992,4.9207
0.02182,-0.0041199,4.9292
0.019989,-0.010986,4.9377
0.017853,-0.016174,4.9316
0.013428,-0.016937,4.9341
0.0056458,-0.016022,4.9329
0.0016785,-0.014801,4.9329
-0.0039673,-0.014191,4.9255
-0.0059509,-0.01358,4.9316
-0.0041199,-0.014191,4.9426
0.0012207,-0.01236,4.9268
0.0088501,-0.010071,4.9292
0.016022,-0.0076294,4.9231
0.020905,-0.0050354,4.9048
0.02243,-0.0022888,4.9146
0.023499,-0.00061035,4.9182
0.024567,-0.00061035,4.9158
0.024414,-0.0012207,4.9158
0.024261,-0.0036621,4.9097
0.022736,-0.0059509,4.9133
0.023804,-0.010223,4.9097
0.023956,-0.0036621,4.9146
0.024414,-0.0021362,4.9072
0.02533,0,4.9146
0.028076,-0.00015259,4.9109
0.028992,-0.0012207,4.9121
0.03067,-0.0019836,4.9146
0.026703,-0.0038147,4.9109
0.024567,-0.0015259,4.9048
0.018768,0.0019836,4.9109
0.012512,0.0061035,4.9036
0.009613,0.007782,4.9109
0.007782,0.0094604,4.9011
0.009613,0.010834,4.9158
0.01236,0.01358,4.9121
0.015717,0.015106,4.9194
0.018158,0.014343,4.9194
0.020142,0.010986,4.9207
0.021973,0.0064087,4.9268
0.023956,-0.0012207,4.9255
0.025024,-0.0059509,4.9268
0.024872,-0.0085449,4.928
0.023346,-0.0088501,4.9304
0.02121,-0.0083923,4.9292
0.019226,-0.0083923,4.9304
0.018311,-0.0082397,4.9438
0.020294,-0.0086975,4.939
0.022278,-0.010071,4.9402
0.024414,-0.0088501,4.9329
0.025787,-0.0053406,4.9219
0.025482,-0.0021362,4.9353
0.023804,0.00030518,4.9377
0.022278,0.0018311,4.9255
0.021515,0.0024414,4.9365
0.024261,0.0033569,4.9341
0.026855,0.0035095,4.9329
0.027313,0.0036621,4.928
0.028229,0.0041199,4.9304
0.026703,0.0035095,4.9231
0.024261,0.0028992,4.9255
0.02243,0.0012207,4.9255
0.02121,-0.0012207,4.9255
0.021362,-0.0028992,4.9207
0.018158,-0.0035095,4.9194
0.016937,-0.0032043,4.9207
0.014191,0.0010681,4.9158
0.012665,0.004425,4.917
0.012817,0.0083923,4.9133
0.014343,0.010681,4.9048
0.017395,0.010223,4.917
0.019073,0.009613,4.9109
0.020599,0.0082397,4.9072
0.019379,0.0073242,0.042725
0.017853,0.0083923,0.036621
0.014801,0.0064087,0.041504
0.012054,0.0053406,0.042725
0.010681,0.0015259,0.040283
0.0094604,-0.0039673,0.039063
0.0082397,-0.0091553,0.041504
0.0080872,-0.0099182,0.037842
0.0067139,-0.010071,0.040283
0.0079346,-0.0097656,0.059814
0.012054,-0.0086975,0.047607
0.01709,-0.0091553,0.057373
0.024261,-0.010529,0.05127
0.029755,-0.01236,0.036621
0.034332,-0.013885,0.053711
0.036774,-0.014191,0.057373
0.0383,-0.014648,0.061035
0.03891,-0.014343,0.061035
0.040131,-0.014648,0.058594
0.042419,-0.014954,0.063477
0.041962,-0.014954,0.062256
0.040131,-0.014801,0.062256
0.036774,-0.014343,0.05249
0.032959,-0.014191,0.064697
0.033264,-0.01236,0.062256
0.034485,-0.010834,0.062256
0.035706,-0.0082397,0.074463
0.0383,-0.0091553,0.065918
0.038147,-0.0093079,0.064697
0.035095,-0.0094604,0.068359
0.030975,-0.0080872,0.078125
0.026855,-0.0047302,0.061035
0.024414,-0.00030518,0.056152
0.023193,0.0048828,0.067139
0.024261,0.0073242,0.056152
0.024414,0.011292,0.050049
0.024261,0.012054,0.05127
0.024109,0.013123,0.036621
0.023651,0.012512,0.048828
0.026093,0.014038,0.046387
0.029907,0.012054,0.05127
0.032959,0.0090027,0.046387
0.033875,0.0012207,0.045166
0.031891,-0.0056458,0.041504
0.027161,-0.010376,0.042725
0.022888,-0.012207,0.05249
0.018463,-0.010071,0.041504
0.016785,-0.0080872,0.048828
0.01709,-0.0068665,0.0354
0.019531,-0.007019,0.028076
0.0177,-0.007782,0.037842
0.014954,-0.0088501,0.037842
0.012207,-0.0088501,0.036621
0.0090027,-0.0083923,0.039063
0.007782,-0.007782,0.037842
0.0090027,-0.007782,0.040283
0.010376,-0.005188,0.042725
0.011749,-0.0085449,0.046387
0.011292,-0.0085449,0.043945
0.010681,-0.004425,0.047607
0.010986,0.00015259,0.053711
0.012054,0.0053406,0.054932
0.014648,0.0076294,0.054932
0.016937,0.0068665,0.059814
0.0177,0.0050354,0.056152
0.016937,0.0022888,0.061035
0.014496,-0.0010681,0.068359
0.0097656,-0.0021362,0.064697
0.0064087,-0.00076294,0.05249
0.0067139,-0.0015259,0.054932
0.009613,-0.0030518,0.061035
0.019836,-0.0024414,0.059814
0.020142,-0.00076294,0.062256
0.024719,-0.0030518,0.059814
0.027313,0.0035095,0.070801
0.029297,0.0067139,0.063477
0.032043,0.0091553,0.067139
0.034332,0.012665,4.0295
0.035858,0.011749,4.8767
0.035095,0.0061035,4.9231
0.033417,0.00076294,4.9304
0.030212,-0.0018311,4.9414
0.027618,-0.0036621,4.9268
0.024261,-0.0019836,4.9207
0.02243,0.00045776,4.9219
0.022583,-0.0021362,4.8975
0.02594,-0.0068665,4.9158
0.028229,-0.0097656,4.917
0.028076,-0.0097656,4.9194
0.027313,-0.0032043,4.9158
0.026855,0.010376,4.9121
0.030975,0.019684,4.9158
0.035553,0.023193,4.9109
0.038605,0.020294,4.9121
0.03891,0.011902,4.906
0.038757,0.0067139,4.9084
0.040588,0.0061035,4.9121
0.03952,0.0080872,4.9133
0.036011,0.0074768,4.9097
0.031586,0.0062561,4.9109
0.027618,0.0038147,4.9146
0.023651,-0.0027466,4.9109
0.020752,-0.0079346,4.9243
0.016022,-0.014191,4.9084
0.010986,-0.016022,4.8999
0.0062561,-0.015259,4.9158
0.005188,-0.012207,4.9084
0.0059509,-0.007019,4.9158
0.0090027,-0.0030518,4.9219
0.013123,-0.00015259,4.9194
0.017395,0.00061035,4.9292
0.018768,-0.00091553,4.9255
0.020142,-0.0042725,4.9377
0.022278,-0.0065613,4.9292
0.02533,-0.0064087,4.9329
0.027466,-0.0042725,4.9292
0.027618,-0.0042725,4.9316
0.025024,-0.0033569,4.939
0.021973,-0.0030518,4.9341
0.019073,-0.0036621,4.9304
0.018005,-0.0027466,4.9341
0.018768,0,4.9353
0.021362,0.0057983,4.9377
0.024872,0.012054,4.9329
0.027924,0.017853,4.9316
0.028229,0.021667,4.9353
0.027618,0.022736,4.9329
0.02533,0.024109,4.9316
0.021973,0.025024,4.928
0.020752,0.024567,4.9292
0.018311,0.02243,4.9255
0.019073,0.016937,4.9231
0.017395,0.01297,4.9231
0.014648,0.0073242,4.9255
0.011597,0.0059509,4.9133
0.0090027,0.0048828,4.9207
0.0088501,0.0033569,4.9292
0.0091553,0.0047302,4.9182
0.0085449,-0.0013733,4.9219
0.007019,-0.0041199,4.9146
0.0033569,-0.0067139,4.906
-0.0022888,-0.007782,4.9097
-0.007019,-0.0080872,4.9133
-0.011444,-0.010071,4.9097
-0.010986,-0.011444,4.9109
-0.0091553,-0.011902,4.9036
-0.0061035,-0.013123,4.9097
-0.0035095,-0.010223,4.9048
-0.00015259,-0.005188,4.906
0.0047302,0.0018311,4.9084
0.010223,0.0090027,0.045166
0.018921,0.015717,0.041504
0.028076,0.018616,0.046387
0.035858,0.017853,0.05249
0.043488,0.015869,0.047607
0.046692,0.013123,0.047607
0.047913,0.01236,0.053711
0.047302,0.013733,0.048828
0.046234,0.013733,0.05249
0.045319,0.012665,0.046387
0.042114,0.009613,0.057373
0.037994,0.005188,0.062256
0.032196,0.0016785,0.056152
0.026245,0,0.065918
0.019379,0.0022888,0.059814
0.014343,0.0080872,0.061035
0.010376,0.015869,0.059814
0.0085449,0.023956,0.067139
0.0065613,0.027466,0.062256
0.0056458,0.027466,0.064697
0.005188,0.023193,0.067139
0.0036621,0.016479,0.067139
0.0050354,0.010529,0.074463
0.0035095,0.0048828,0.065918
0.0030518,0.00030518,0.075684
0.0024414,-0.0053406,0.062256
0.0018311,-0.011902,0.05127
0.0021362,-0.018005,0.057373
0.0012207,-0.02243,0.053711
0.0028992,-0.023651,0.050049
0.0047302,-0.019989,0.05249
0.0099182,-0.014801,0.046387
0.016327,-0.010834,0.047607
0.024261,-0.0080872,0.047607
0.030365,-0.007019,0.048828
0.036163,-0.0068665,0.043945
0.039673,-0.0071716,0.045166
0.040741,-0.0059509,0.043945
0.042419,-0.005188,0.042725
0.043182,-0.005188,0.041504
0.044556,-0.0065613,0.041504
0.044098,-0.0090027,0.037842
0.042114,-0.010834,0.040283
0.0383,-0.01236,0.032959
0.033417,-0.012207,0.039063
0.031433,-0.011139,0.039063
0.029907,-0.010834,0.037842
0.029144,-0.010834,0.0354
0.028687,-0.014038,0.040283
0.029297,-0.014648,0.041504
0.029602,-0.015106,0.041504
0.029907,-0.014954,0.046387
0.03067,-0.010986,0.045166
0.031891,-0.0073242,0.048828
0.033569,-0.0028992,0.05249
0.034637,-0.0021362,0.053711
0.034027,-0.00061035,0.053711
0.032349,0.00061035,0.057373
0.031586,0.0016785,0.064697
0.031281,0.0048828,0.061035
0.031281,0.0088501,0.068359
0.033569,0.010376,0.063477
0.035095,0.01236,0.041504
0.035706,0.010529,0.058594
0.035248,0.0079346,0.061035
0.034027,0.0048828,0.058594
0.031281,0.0028992,0.062256
0.029449,0.0048828,0.059814
0.027771,0.00076294,0.068359
0.024872,-0.00045776,0.059814
0.023041,-0.0024414,0.064697
0.02182,-0.0030518,0.062256
0.020752,-0.0024414,0.065918
0.021667,-0.00015259,0.061035
0.021973,0.0021362,0.061035
0.021667,0.002594,0.065918
0.02243,0.0015259,0.057373
0.021362,-0.0019836,1.665
0.018768,-0.007019,4.7314
0.015717,-0.0097656,4.906
0.012665,-0.0076294,4.9146
0.0088501,-0.0091553,4.9084
0.0059509,-0.0035095,4.9146
0.0050354,-0.0022888,4.9133
0.0062561,-0.007782,4.9109
0.0082397,-0.0048828,4.9146
0.010223,-0.0068665,4.9097
0.013885,-0.010529,4.9109
0.016022,-0.0057983,4.9084
0.020294,-0.0018311,4.9109
0.025482,-0.0035095,4.9133
0.029297,0.0013733,4.9109
0.031891,0.0045776,4.9121
0.034027,0.00015259,4.9121
0.036011,-0.0015259,4.917
0.036926,-0.0012207,4.9146
0.037231,-0.004425,4.9194
0.040283,0.00030518,4.9109
0.036621,0.0086975,4.9036
0.036469,0.0082397,4.917
0.036774,0.011139,4.9146
0.036316,0.0093079,4.9231
0.032959,0.0038147,4.9219
0.033722,0.0033569,4.9207
0.034637,0.0036621,4.9243
0.034943,0.0013733,4.9243
0.034027,0.0012207,4.9329
0.031128,0.00061035,4.9292
0.028076,-0.0035095,4.9329
0.025177,-0.0082397,4.9329
0.02182,-0.0094604,4.9329
0.016785,-0.011597,4.9353
0.01236,-0.012207,4.9329
0.0091553,-0.014191,4.9341
0.0057983,-0.018768,4.9316
0.0057983,-0.019226,4.9414
0.0074768,-0.020752,4.9377
0.011597,-0.020752,4.928
0.015869,-0.018616,4.9353
0.018463,-0.016327,4.9329
0.02121,-0.018616,4.9329
0.018768,-0.020142,4.9316
0.019531,-0.02121,4.9329
0.021362,-0.021057,4.9255
0.021973,-0.018768,4.9231
0.024567,-0.012665,4.9231
0.025635,-0.0083923,4.9182
0.03006,-0.0050354,4.9207
0.034027,0.00030518,4.9194
0.039368,0.0016785,4.9207
0.04425,0.0047302,4.9292
0.048676,0.0062561,4.917
0.05127,0.0045776,4.9158
0.05249,0.010986,4.917
0.05127,0.012054,4.895
0.048065,0.012665,4.9097
0.045471,0.011597,4.9109
0.042267,0.011902,4.9097
0.039825,0.011444,4.8901
0.036469,0.01236,4.9109
0.033875,0.014801,4.9097
0.031891,0.014038,4.9084
0.027618,0.014191,4.9109
0.02655,0.013428,4.9109
0.024872,0.012665,4.9158
0.02243,0.012207,4.9133
0.02243,0.011139,4.9158
0.020905,0.011139,4.9146
0.018005,0.010376,4.8975
0.0177,0.011749,4.9194
0.014954,0.0067139,0.053711
0.014343,0.0047302,0.064697
0.01358,0.0027466,0.056152
0.014954,0.00015259,0.047607
0.014343,-0.00030518,0.059814
0.01297,-0.0028992,0.061035
0.010376,-0.004425,0.057373
0.007782,-0.0050354,0.062256
0.0053406,-0.0056458,0.061035
0.0038147,-0.007019,0.062256
0.004425,-0.0062561,0.061035
0.0062561,-0.0067139,0.062256
0.0085449,-0.0061035,0.059814
0.01236,-0.005188,0.067139
0.015869,-0.0027466,0.068359
0.017548,-0.0022888,0.065918
0.021667,0.00061035,0.074463
0.026093,0.0016785,0.06958
0.028839,0.0035095,0.063477
0.03006,0.0073242,0.063477
0.030365,0.010071,0.050049
0.029755,0.013123,0.058594
0.029755,0.014343,0.05249
0.030518,0.011749,0.05127
0.032196,0.0088501,0.05249
0.03418,0.0053406,0.043945
0.034485,0.0027466,0.048828
0.0354,0.0033569,0.046387
0.033722,0.0050354,0.047607
0.031281,0.0067139,0.041504
0.027771,0.0071716,0.043945
0.023499,0.0073242,0.045166
0.019836,0.0064087,0.042725
0.015259,0.0050354,0.040283
0.0097656,0.0059509,0.042725
0.0073242,0.0059509,0.048828
0.0057983,0.0048828,0.036621
0.0064087,0.0045776,0.048828
0.0086975,0.002594,0.040283
0.011749,0.00015259,0.036621
0.015106,-0.00076294,0.037842
0.017548,-0.00091553,0.036621
0.019989,0.00045776,0.039063
0.021515,0.0028992,0.040283
0.021667,0.0045776,0.037842
0.02182,0.0041199,0.046387
0.019836,0.0053406,0.042725
0.018005,0.0053406,0.05249
0.016022,0.0061035,0.047607
0.014038,0.007019,0.057373
0.016174,0.0071716,0.056152
0.018158,0.0045776,0.058594
0.020294,0.0032043,0.073242
0.02182,0.0013733,0.061035
0.023499,0.0016785,0.062256
0.02533,0.0038147,0.058594
0.027161,0.0067139,0.057373
0.027466,0.0079346,0.050049
0.026093,0.0065613,0.057373
0.023651,0.0045776,0.063477
0.02182,0.0010681,0.059814
0.018311,-0.0024414,0.059814
0.016174,-0.0047302,0.065918
0.014954,-0.0045776,0.064697
0.015259,-0.0024414,0.064697
0.014954,-0.00091553,0.063477
0.015411,0.0021362,0.065918
0.017548,0.0032043,0.059814
0.019684,0.0039673,0.059814
0.020905,0.0042725,0.058594
0.02182,0.005188,0.056152
0.022583,0.007019,0.063477
0.023193,0.0067139,0.05127
0.020447,0.0076294,0.062256
0.020142,0.0083923,0.05127
0.019226,0.0079346,0.036621
0.018158,0.0071716,0.046387
0.019684,0.0056458,0.046387
0.022278,0.004425,4.3738
0.024109,0.0035095,4.873
0.025787,0.0065613,4.9023
0.027008,0.0024414,4.9084
0.027313,0.0019836,4.9072
0.026245,0,4.9097
0.02594,-0.0032043,4.9084
0.02533,-0.0059509,4.9109
0.025787,-0.0091553,4.9133
0.025177,-0.009613,4.9109
0.025787,-0.0085449,4.9109
0.02655,-0.0071716,4.9158
0.028992,-0.0057983,4.9109
0.029907,-0.0061035,4.9097
0.032349,-0.0056458,4.9084
0.032959,-0.0059509,4.9146
0.033112,-0.005188,4.9133
0.033112,-0.0018311,4.9146
0.032959,-0.0021362,4.9207
0.032196,-0.0016785,4.9207
0.031891,-0.0028992,4.9255
0.03067,-0.0042725,4.9219
0.026703,-0.0047302,4.928
0.025635,-0.0038147,4.928
0.030365,-0.0022888,4.9304
0.031281,-0.00045776,4.9292
0.032654,0.00030518,4.9353
0.031586,0.00030518,4.9316
0.030518,-0.00061035,4.9329
0.029449,0.00030518,4.939
0.029602,-0.002594,4.9353
0.030212,-0.00091553,4.9377
0.031586,0.0015259,4.9365
0.031281,0.0048828,4.906
0.029755,0.0050354,4.9365
0.032654,0.0054932,4.9316
0.033112,0.0048828,4.9353
0.033722,0.0045776,4.9329
0.032196,0.0048828,4.917
0.032349,0.007019,4.9316
0.030975,0.0053406,4.928
0.029449,0.0032043,4.9219
0.025787,0,4.9182
0.022278,-0.0030518,4.9219
0.019989,-0.0045776,4.9182
0.014496,-0.0065613,4.9207
0.01297,-0.0039673,4.9219
0.010223,-0.0024414,4.9182
0.013275,-0.0010681,4.9194
0.013123,-0.00076294,4.9158
0.013885,-0.0010681,4.9109
0.014954,-0.0013733,4.9109
0.016937,-0.0018311,4.9036
0.018768,-0.002594,4.9121
0.020599,-0.0028992,4.9072
0.021057,-0.0042725,4.9097
0.02182,-0.0033569,4.9109
0.020905,-0.0030518,4.906
0.019379,-0.0016785,4.9084
0.018921,0.0016785,4.9048
0.018616,-0.00091553,4.9158
0.022583,-0.0010681,4.9097
0.021057,0.0024414,4.917
0.022278,0.0030518,4.9133
0.022736,0.0056458,4.917
0.023651,0.0073242,4.9255
0.025177,0.0088501,4.9219
0.026703,0.0080872,4.9329
0.028687,0.0076294,4.9255
0.030212,0.0067139,4.9182
0.030975,0.0062561,4.9304
0.029755,0.0061035,4.928
0.027161,0.0068665,0.061035
0.026245,0.0061035,0.058594
0.024414,0.004425,0.059814
0.025177,0.002594,0.061035
0.024261,0.0024414,0.057373
0.021057,-0.0016785,0.064697
0.018768,-0.0013733,0.061035
0.017853,-0.004425,0.065918
0.018921,-0.0080872,0.06958
0.020447,-0.010071,0.065918
0.022888,-0.010834,0.070801
0.023041,-0.0086975,0.068359
0.023193,-0.0054932,0.067139
0.023499,-0.0030518,0.063477
0.027008,-0.00091553,0.072021
0.026245,0.00091553,0.059814
0.028076,0.0016785,0.063477
0.030823,0.0038147,0.05127
0.033264,0.0068665,0.053711
0.036011,0.0086975,0.050049
0.0383,0.0067139,0.050049
0.039825,0.0074768,0.045166
0.040894,0.0032043,0.048828
0.037689,0.0012207,0.045166
0.037689,0.00030518,0.046387
0.031738,0.0013733,0.043945
0.030823,0.0030518,0.045166
0.027618,0.004425,0.042725
0.024261,0.0053406,0.043945
0.02182,0.0047302,0.057373
0.019379,0.0030518,0.040283
0.018463,0.0016785,0.045166
0.018463,0.005188,0.040283
0.019379,0.0056458,0.023193
0.020294,0.0038147,0.037842
0.019989,0.0016785,0.039063
0.020142,-0.00030518,0.037842
0.019989,-0.0036621,0.042725
0.019531,-0.0047302,0.039063
0.019684,-0.0035095,0.042725
0.019531,-0.0024414,0.043945
0.017395,-0.0021362,0.05127
0.01358,-0.0018311,0.050049
0.010834,-0.0018311,0.056152
0.0090027,-0.0010681,0.054932
0.0088501,0.0010681,0.059814
0.011292,0.0010681,0.062256
0.0088501,0.0018311,0.059814
0.010376,0.0022888,0.058594
0.012054,0.0015259,0.061035
0.014496,0.00045776,0.070801
0.013428,0.0012207,0.059814
0.017395,0.0012207,0.05249
0.016479,0.0018311,0.059814
0.013733,0.0028992,0.059814
0.011597,0.0042725,0.061035
0.010834,0.0050354,0.063477
0.010223,0.0045776,0.062256
0.011139,0.0050354,0.067139
0.01236,0.0061035,0.064697
0.012512,0.0080872,0.067139
0.013885,0.009613,0.061035
0.014496,0.012665,0.062256
0.017548,0.014038,0.061035
0.018921,0.013733,0.059814
0.019684,0.01358,0.061035
0.019226,0.010681,0.053711
0.016174,0.0086975,0.05127
0.013123,0.0083923,0.050049
0.0097656,0.0082397,0.039063
0.0083923,0.0086975,0.043945
0.0086975,0.0085449,0.046387
0.0088501,0.0080872,0.043945
0.0097656,0.0073242,0.045166
0.010071,0.0074768,0.041504
0.010681,0.0059509,0.039063
0.012207,0.0067139,0.037842
0.015259,0.0053406,0.042725
0.018158,0.004425,4.0149
0.021057,0.0048828,4.8511
0.021515,0.0039673,4.9072
0.020142,0.0048828,4.9072
0.016937,0.0042725,4.9048
0.01297,0.0042725,4.9133
0.012817,0.0047302,4.9133
0.01297,0.005188,4.9109
0.013275,0.0057983,4.9194
0.014038,0.0057983,4.9158
0.012817,0.0056458,4.9036
0.012207,0.0057983,4.9133
0.011902,0.0071716,4.917
0.01297,0.0097656,4.9207
0.015411,0.011749,4.9231
0.017853,0.010834,4.9219
0.018768,0.0071716,4.9304
0.018921,0.002594,4.9316
0.0177,0.00061035,4.9316
0.015869,-0.00061035,4.9268
0.013885,-0.00015259,4.9353
0.013123,0.00091553,4.928
0.01236,0.00045776,4.9402
0.011902,-0.002594,4.9438
0.012512,-0.0068665,4.9329
0.013885,-0.009613,4.9292
0.015259,-0.010529,4.9329
0.016937,-0.0090027,4.9329
0.018921,-0.0061035,4.9341
0.021973,-0.0048828,4.9353
0.024567,-0.0039673,4.9365
0.027161,-0.0050354,4.9304
0.029297,-0.0065613,4.939
0.027618,-0.0061035,4.9316
0.024719,-0.0062561,4.9268
0.023804,-0.0050354,4.928
0.022888,-0.002594,4.9207
0.023499,-0.0013733,4.9243
0.024872,0.00076294,4.9207
0.024414,0.0019836,4.9207
0.025177,0.0032043,4.9158
0.023499,0.0018311,4.9194
0.023651,0.00045776,4.9219
0.024872,-0.00076294,4.9158
0.025787,-0.00091553,4.9268
0.027008,0.0012207,4.9121
0.028839,0.0016785,4.9011
0.028992,0.00076294,4.9109
0.029602,-0.0019836,4.9097
0.029297,-0.0056458,4.9097
0.030212,-0.007019,4.9109
0.032349,-0.0071716,4.9097
0.032501,-0.0048828,4.9097
0.033112,-0.0015259,4.9036
0.031586,-0.00076294,4.9084
0.031128,-0.0019836,4.906
0.029297,-0.0065613,4.9133
0.029449,-0.0059509,4.9146
0.031281,-0.004425,4.9158
0.033569,-0.0013733,4.9243
0.03479,0.0033569,4.9207
0.034332,0.007019,4.9194
0.032654,0.0082397,4.9243
0.03067,0.0074768,4.9255
0.027771,0.0045776,4.9292
0.025635,0.0024414,4.9353
0.024414,0.00091553,4.9268
0.024719,0.0012207,4.9304
0.026093,0.0022888,4.9304
0.025635,0.0032043,4.9329
0.027008,0.0032043,4.9292
0.029907,0.00091553,4.9341
0.027771,0.0013733,0.059814
0.028992,0.00076294,0.062256
0.031281,0.00076294,0.067139
0.033112,0.002594,0.070801
0.033569,0.004425,0.063477
0.032196,0.0056458,0.068359
0.029755,0.0054932,0.075684
0.026398,0.004425,0.065918
0.025635,0.0036621,0.067139
0.024414,0.0039673,0.065918
0.024261,0.0047302,0.042725
0.024261,0.0064087,0.057373
0.02243,0.007782,0.056152
0.024567,0.0064087,0.056152
0.024414,0.004425,0.050049
0.025177,0.0015259,0.046387
0.026093,-0.0015259,0.047607
0.027771,-0.0021362,0.047607
0.027924,-0.0021362,0.048828
0.027618,-0.0021362,0.041504
0.023651,-0.0027466,0.046387
0.021515,-0.0065613,0.041504
0.019989,-0.0085449,0.046387
0.022125,-0.0093079,0.047607
0.024261,-0.0073242,0.037842
0.025787,-0.0016785,0.036621
0.026245,0.0045776,0.040283
0.024719,0.0074768,0.028076
0.026093,0.007782,0.036621
0.027008,0.0061035,0.041504
0.029755,0.004425,0.037842
0.033264,0.0033569,0.040283
0.035706,0.0038147,0.037842
0.036774,0.0039673,0.041504
0.034943,0.0027466,0.043945
0.032501,0.0067139,0.043945
0.029144,0.0048828,0.043945
0.02655,0.0039673,0.054932
0.023956,0.0036621,0.050049
0.020599,0.0038147,0.059814
0.018616,0.0038147,0.057373
0.016479,0.0018311,0.059814
0.015106,-0.0010681,0.067139
0.015564,-0.0024414,0.059814
0.0177,-0.0042725,0.074463
0.020752,-0.0082397,0.064697
0.023499,-0.0057983,0.05127
0.024261,-0.0024414,0.061035
0.023804,0.00045776,0.058594
0.021057,0.0038147,0.059814
0.019379,0.0074768,0.064697
0.019226,0.0074768,0.062256
0.021057,0.0074768,0.065918
0.024872,0.0071716,0.064697
0.028381,0.0059509,0.065918
0.031128,0.0065613,0.062256
0.033569,0.0048828,0.061035
0.03479,0.0048828,0.063477
0.037079,0.0057983,0.062256
0.03891,0.0067139,0.062256
0.039978,0.007019,0.053711
0.03952,0.0074768,0.056152
0.036774,0.0083923,0.05127
0.032196,0.0083923,0.05127
0.029755,0.0068665,0.050049
0.025177,0.0054932,0.041504
0.023499,0.0032043,0.042725
0.022278,0.0010681,0.040283
0.022278,-0.00045776,0.040283
0.023651,0.00030518,0.042725
0.023499,0.0033569,0.037842
0.022736,0.0028992,0.043945
0.020447,0.0041199,0.037842
0.018463,0.0028992,0.039063
0.017853,0.0012207,0.040283
0.0177,-0.0022888,0.041504
0.016479,-0.0035095,0.036621
0.014038,-0.004425,0.039063
0.0099182,-0.0050354,4.2151
0.0059509,-0.0053406,4.8645
0.0056458,-0.0030518,4.9097
0.0076294,-0.0071716,4.9121
0.010529,-0.0085449,4.8938
0.013428,-0.0094604,4.9121
0.016327,-0.0085449,4.9158
0.0177,-0.0047302,4.9194
0.0177,0.0015259,4.9194
0.018005,0.0021362,4.9194
0.018311,0.0036621,4.9292
0.019226,0.0024414,4.928
0.015411,0.00030518,4.9316
0.016327,-0.0022888,4.9268
0.014801,-0.0030518,4.9341
0.01297,-0.0022888,4.9304
0.013733,-0.0030518,4.9341
0.015717,-0.0013733,4.9353
0.019379,-0.0021362,4.9304
0.019989,-0.0021362,4.9329
0.021362,-0.0021362,4.9353
0.022736,0.00030518,4.9463
0.02243,0.005188,4.9341
0.02182,0.0074768,4.9316
0.020905,0.0083923,4.9365
0.018616,0.0074768,4.9329
0.016785,0.0047302,4.9341
0.014191,0.0027466,4.9353
0.011902,0.0012207,4.9292
0.010376,0.0021362,4.928
0.009613,0.0041199,4.9243
0.010529,0.0045776,4.928
0.012665,0.0042725,4.917
0.014496,0.002594,4.9243
0.017548,0.00045776,4.9207
0.01709,0.00091553,4.9207
0.016327,0.0027466,4.9268
0.015564,0.0059509,4.9182
0.01358,0.0082397,4.9158
0.012665,0.010223,4.9146
0.011749,0.010223,4.8999
0.011749,0.0091553,4.9121
0.011444,0.007782,4.9146
0.011292,0.0088501,4.9048
0.010529,0.011444,4.9084
0.011292,0.01236,4.9084
0.012665,0.011749,4.9084
0.014496,0.010376,4.9048
0.015869,0.007782,4.9109
0.017548,0.0059509,4.9084
0.014801,0.0050354,4.9121
0.01297,0.0048828,4.9146
0.010681,0.0054932,4.9158
0.0086975,0.0032043,4.9097
0.0064087,0.00076294,4.9194
0.0062561,-0.0012207,4.9207
0.005188,-0.0033569,4.9207
0.0056458,-0.0033569,4.9292
0.0057983,-0.0013733,4.9255
0.0065613,0.0021362,4.9158
0.007782,0.0042725,4.928
0.0091553,0.0048828,4.9292
0.010223,0.0033569,4.9329
0.013733,0.0015259,4.9329
0.018158,0.0021362,4.9255
0.023499,0.0010681,4.9353
0.025482,0.0048828,4.9292
0.026703,0.0050354,4.9329
0.026093,0.0056458,4.9182
0.025482,0.0065613,4.9353
0.02655,0.0073242,4.9353
0.028076,0.0079346,4.9402
0.030518,0.0054932,0.081787
0.029755,0.00076294,0.067139
0.027161,-0.00030518,0.061035
0.023956,0.00045776,0.062256
0.022125,-0.00030518,0.047607
0.022736,-0.00076294,0.057373
0.024261,-0.002594,0.056152
0.02533,-0.0042725,0.053711
0.02594,-0.0056458,0.05249
0.024719,-0.0059509,0.047607
0.023956,-0.0030518,0.050049
0.02243,-0.0018311,0.047607
0.022888,-0.0036621,0.046387
0.023193,-0.0045776,0.043945
0.025482,-0.0038147,0.045166
0.026855,-0.0035095,0.045166
0.027161,-0.0013733,0.045166
0.026703,0.00030518,0.041504
0.026245,-0.00030518,0.043945
0.024719,-0.002594,0.046387
0.026398,-0.0053406,0.041504
0.028992,-0.0035095,0.050049
0.031891,-0.0065613,0.037842
0.032654,-0.0056458,0.036621
0.03067,-0.0033569,0.039063
0.027771,-0.0024414,0.037842
0.024261,-0.00076294,0.037842
0.022736,-0.0013733,0.042725
0.025177,-0.0019836,0.039063
0.027771,0.00061035,0.045166
0.03006,0.0019836,0.045166
0.028381,0.0035095,0.053711
0.026093,0.0041199,0.046387
0.024567,0.0033569,0.056152
0.022888,0.0027466,0.056152
0.024872,0.0018311,0.061035
0.02121,0.00091553,0.06958
0.026703,-0.0021362,0.059814
0.025177,-0.00045776,0.064697
0.021667,-0.0013733,0.064697
0.018921,0.0015259,0.061035
0.018616,0.0032043,0.063477
0.019684,0.0042725,0.058594
0.021515,0.0018311,0.058594
0.023499,0.0036621,0.061035
0.023956,0.0027466,0.053711
0.023346,0.0021362,0.065918
0.021515,0.0028992,0.064697
0.020447,0.00091553,0.067139
0.020294,0.0016785,0.063477
0.02182,0.0018311,0.065918
0.024567,0.0019836,0.065918
0.02533,0.0022888,0.062256
0.023041,0.0018311,0.053711
0.019989,0.0018311,0.056152
0.017395,0.00061035,0.062256
0.016022,-0.00030518,0.048828
0.016632,-0.0013733,0.057373
0.019531,-0.0042725,0.05249
0.019379,-0.0068665,0.0354
0.019226,-0.0059509,0.042725
0.019073,-0.010681,0.041504
0.018616,-0.0076294,0.045166
0.018616,-0.0038147,0.041504
0.019836,-0.00091553,0.036621
0.022583,0,0.042725
0.024261,0.0027466,0.040283
0.026398,0.004425,0.039063
0.026093,0.0057983,0.037842
0.024719,0.007782,0.042725
0.022583,0.0091553,0.040283
0.023041,0.0093079,0.053711
0.025177,0.0076294,0.046387
0.027161,0.0059509,0.040283
0.028076,0.002594,0.037842
0.025482,-0.00045776,0.045166
0.022888,0,0.036621
0.020599,-0.00076294,0.037842
0.019531,-0.002594,4.3372
0.019989,-0.0042725,4.8804
0.022888,-0.007782,4.9109
0.024109,-0.0067139,4.9182
0.023499,-0.0065613,4.9182
0.021667,-0.0064087,4.9255
0.020142,-0.0057983,4.9304
0.018616,-0.0054932,4.928
0.018768,-0.0048828,4.9316
0.021667,-0.0035095,4.9255
0.024414,-0.0021362,4.9329
0.02533,0.00030518,4.9304
0.025482,0.0039673,4.9329
0.027161,0.0056458,4.9353
0.027161,0.0074768,4.9402
0.029602,0.0085449,4.9426
0.031891,0.011444,4.9365
0.035858,0.013123,4.9243
0.035553,0.010376,4.9341
0.034943,0.0065613,4.9329
0.033417,0.0038147,4.9316
0.031281,0.0016785,4.9304
0.027924,0.0019836,4.9304
0.025635,0.0035095,4.928
0.025635,0.0036621,4.9231
0.026245,0.0027466,4.9158
0.024872,-0.0032043,4.9194
0.024414,-0.0056458,4.9194
0.023804,-0.0053406,4.9243
0.022125,0.0021362,4.9207
0.023651,0.0097656,4.9182
0.024567,0.015106,4.9036
0.026398,0.014954,4.9158
0.027466,0.010223,4.9146
0.027008,0.0047302,4.9146
0.023041,0.0021362,4.9133
0.019226,0.0028992,4.9109
0.015564,0.0050354,4.9097
0.013428,0.0050354,4.906
0.012207,0.0033569,4.9109
0.0090027,-0.0012207,4.9084
0.0068665,-0.0071716,4.9036
0.0064087,-0.0053406,4.906
0.0065613,-0.0015259,4.9072
0.0076294,0.0032043,4.9121
0.009613,0.0061035,4.9097
0.014038,0.0064087,4.9146
0.018005,0.0079346,4.9158
0.019531,0.0054932,4.9194
0.021057,0.0045776,4.9341
0.02121,0.0032043,4.9231
0.020599,0.004425,4.9316
0.019989,0.0045776,4.9255
0.018616,0.0065613,4.9121
0.018463,0.0076294,4.928
0.016937,0.0086975,4.928
0.016632,0.009613,4.9329
0.016174,0.0083923,4.9329
0.016327,0.0076294,4.928
0.01709,0.0057983,4.9316
0.016785,0.004425,4.9316
0.018463,0.0054932,4.9304
0.017242,0.007019,4.9304
0.015869,0.0082397,4.939
0.015564,0.010223,4.9341
0.013275,0.0094604,4.9353
0.013428,0.0090027,4.9402
0.011749,0.0083923,4.9402
0.012817,0.0086975,4.9341
0.01297,0.0065613,4.9353
0.013885,0.0088501,4.9414
0.01358,0.0073242,0.058594
0.013123,0.0064087,0.048828
0.010529,0.0056458,0.053711
0.0099182,0.0056458,0.050049
0.0086975,0.0067139,0.047607
0.0088501,0.0079346,0.05127
0.007782,0.0067139,0.043945
0.0086975,0.0054932,0.047607
0.0083923,0.0061035,0.043945
0.0088501,0.0048828,0.047607
0.0090027,0.0062561,0.042725
0.0093079,0.0076294,0.042725
0.009613,0.0083923,0.041504
0.0088501,0.0085449,0.042725
0.0080872,0.0062561,0.05127
0.0062561,0.0056458,0.042725
0.0054932,0.004425,0.05127
0.0041199,0.0050354,0.039063
0.0033569,0.0062561,0.028076
0.0042725,0.0061035,0.039063
0.0056458,0.0067139,0.039063
0.0080872,0.0064087,0.036621
0.0099182,0.0068665,0.041504
0.014801,0.007782,0.041504
0.0177,0.0065613,0.043945
0.019226,0.0079346,0.047607
0.019226,0.0080872,0.05249
0.0177,0.0082397,0.048828
0.015717,0.0064087,0.056152
0.01358,0.0041199,0.057373
0.011444,0.0010681,0.058594
0.0094604,-0.0018311,0.059814
0.0085449,-0.0038147,0.063477
0.0085449,-0.0038147,0.062256
0.010223,-0.0039673,0.061035
0.011902,-0.0045776,0.072021
0.014496,-0.0064087,0.061035
0.016479,-0.0071716,0.056152
0.018616,-0.0086975,0.061035
0.018311,-0.0074768,0.064697
0.016785,-0.0068665,0.062256
0.016022,-0.0064087,0.064697
0.014801,-0.0061035,0.062256
0.015411,-0.0056458,0.068359
0.015259,-0.007019,0.064697
0.016785,-0.0074768,0.063477
0.0177,-0.0074768,0.061035
0.019684,-0.0071716,0.061035
0.019684,-0.0067139,0.053711
0.023499,-0.0093079,0.053711
0.025482,-0.002594,0.067139
0.027313,-0.0015259,0.05127
0.028534,-0.00091553,0.05127
0.029144,-0.00061035,0.046387
0.031281,-0.0021362,0.029297
0.029907,-0.0036621,0.046387
0.03067,-0.0050354,0.042725
0.031128,-0.0057983,0.041504
0.031433,-0.0064087,0.042725
0.032349,-0.0067139,0.039063
0.031586,-0.0082397,0.040283
0.030212,-0.0042725,0.036621
0.026703,-0.0090027,0.040283
0.024261,-0.0093079,0.036621
0.018768,-0.0088501,0.042725
0.018921,-0.007782,0.041504
0.017548,-0.0065613,0.041504
0.016937,-0.0045776,0.040283
0.015411,-0.0035095,0.040283
0.019226,-0.0021362,0.041504
0.021057,0.00030518,0.042725
0.023041,0.0035095,0.050049
0.025787,0.0016785,0.042725
0.026703,0.00076294,0.039063
0.026855,0,0.050049
0.026093,-0.0016785,0.05127
0.025024,-0.0013733,0.05249
0.024567,-0.0013733,0.054932
0.022888,-0.0013733,2.4438
0.022736,-0.0016785,4.7803
0.02182,-0.0027466,4.917
0.022125,-0.002594,4.9304
0.023956,-0.0016785,4.928
0.02655,0.00091553,4.9329
0.028381,0.0039673,4.9292
0.030365,0.0057983,4.9316
0.028534,0.0065613,4.9402
0.029755,0.005188,4.9365
0.027466,0.0022888,4.9353
0.025177,-0.00045776,4.9353
0.022583,-0.00091553,4.9304
0.020447,-0.0024414,4.939
0.016632,-0.0024414,4.9316
0.014496,-0.0054932,4.9316
0.013275,-0.0036621,4.9329
0.013885,-0.0035095,4.9304
0.015106,-0.0027466,4.928
0.017395,-0.00091553,4.9255
0.019531,0.0042725,4.9207
0.021057,0.0018311,4.9194
0.02182,0.0027466,4.9182
0.02121,0.0021362,4.9194
0.02182,0.0012207,4.9207
0.021667,0,4.9158
0.02243,-0.0010681,4.9158
0.026093,-0.00015259,4.9207
0.02121,0.0016785,4.9146
0.023041,0.0065613,4.9207
0.024719,0.0054932,4.9121
0.024414,0.0073242,4.9023
0.026245,0.0074768,4.9048
0.027161,0.0057983,4.9109
0.028534,0.004425,4.9109
0.03006,0.0033569,4.9097
0.030975,0.002594,4.9048
0.032501,-0.00015259,4.9097
0.030518,0.00030518,4.9097
0.026398,-0.0015259,4.9158
0.024872,-0.0024414,4.9097
0.022125,-0.0041199,4.917
0.02121,-0.0054932,4.9121
0.017395,-0.0047302,4.9194
0.017395,-0.0045776,4.9329
0.016022,-0.004425,4.9207
0.016479,-0.0047302,4.9255
0.016632,-0.0053406,4.928
0.017395,-0.0050354,4.9231
0.018921,-0.0086975,4.9268
0.019684,-0.0053406,4.9512
0.022583,-0.0038147,4.9365
0.026855,-0.0013733,4.9304
0.02655,0.0015259,4.9304
0.02655,0.0038147,4.9329
0.028534,0.0065613,4.9329
0.029449,0.0093079,4.9341
0.031586,0.0079346,4.9304
0.033875,0.0082397,4.9353
0.0354,0.0059509,4.9341
0.036011,0.0042725,4.9353
0.03479,0.0027466,4.9329
0.032196,0.0010681,4.9365
0.032501,0.0018311,4.9426
0.032349,0.0041199,4.9182
0.033722,0.0033569,4.9402
0.033112,0.0071716,4.928
0.031738,0.0099182,4.9133
0.028839,0.011292,4.9219
0.025635,0.011902,4.9207
0.023041,0.010223,4.9158
0.023193,0.0083923,4.9207
0.022736,0.0065613,0.046387
0.023651,0.0042725,0.050049
0.024872,0.0024414,0.045166
0.018463,0.00045776,0.041504
0.016327,-0.0012207,0.032959
0.01297,-0.0024414,0.041504
0.013123,-0.0028992,0.043945
0.009613,-0.00045776,0.042725
0.0067139,-0.0036621,0.043945
0.0036621,-0.0064087,0.043945
0.0015259,-0.010071,0.040283
0.0024414,-0.014343,0.040283
0.0042725,-0.015106,0.032959
0.0068665,-0.012207,0.040283
0.0097656,-0.0059509,0.036621
0.012054,-0.0013733,0.037842
0.014191,0.00015259,0.042725
0.01709,-0.00061035,0.041504
0.016937,-0.0012207,0.046387
0.019836,-0.0016785,0.047607
0.023499,0.00076294,0.054932
0.025024,0.0041199,0.046387
0.028534,0.0071716,0.054932
0.027924,0.007782,0.057373
0.028687,0.0067139,0.061035
0.028381,0.0062561,0.056152
0.028839,0.0064087,0.064697
0.028687,0.0086975,0.065918
0.027771,0.010071,0.058594
0.02655,0.01236,0.06958
0.024261,0.011444,0.063477
0.022736,0.010071,0.041504
0.019684,0.0088501,0.059814
0.017853,0.007019,0.065918
0.015869,0.005188,0.05249
0.014191,0.0021362,0.063477
0.011902,0.00030518,0.064697
0.009613,-0.00061035,0.067139
0.0079346,0.00061035,0.063477
0.0062561,0.00030518,0.065918
0.0048828,0.0068665,0.057373
0.0054932,0.009613,0.061035
0.0050354,0.011292,0.057373
0.0041199,0.0086975,0.054932
0.0027466,0.0056458,0.061035
0.0015259,0.0021362,0.050049
0.0010681,-0.0032043,0.043945
0.0010681,-0.0012207,0.048828
0.0018311,0.00030518,0.042725
0.0042725,0.0027466,0.046387
0.0074768,0.0045776,0.043945
0.010834,0.0054932,0.042725
0.012512,0.007019,0.042725
0.013275,0.0067139,0.041504
0.012817,0.0071716,0.040283
0.012512,0.0065613,0.036621
0.013123,0.0056458,0.042725
0.014191,0.0048828,0.036621
0.016479,0.0036621,0.039063
0.016174,0.0036621,0.039063
0.016937,0.0042725,0.042725
0.015564,0.0054932,0.030518
0.015259,0.0062561,0.041504
0.014496,0.0065613,0.048828
0.01358,0.0073242,0.040283
0.015717,0.0082397,0.05249
0.016632,0.007782,0.042725
0.017853,0.0080872,0.039063
0.018463,0.0083923,0.05249
0.0177,0.0062561,0.050049
0.017853,0.0045776,0.05249
0.017395,0.0039673,0.054932
0.018005,0.0030518,0.057373
0.0177,0.0024414,0.061035
0.016327,0.0022888,0.058594
0.014496,0.0013733,0.063477
0.011749,-0.00076294,0.061035
0.010071,-0.0047302,0.062256
0.011902,-0.0083923,3.2031
0.014343,-0.011139,4.8254
0.016022,-0.011292,4.9243
0.017395,-0.010529,4.9353
0.018616,-0.0076294,4.9304
0.019073,-0.0054932,4.9353
0.019684,-0.0024414,4.9426
0.02121,-0.0018311,4.9329
0.023193,-0.0010681,4.939
0.024567,-0.00061035,4.9304
0.026245,-0.0015259,4.9304
0.026245,-0.0035095,4.9304
0.02655,-0.0059509,4.928
0.028229,-0.0076294,4.9231
0.029755,-0.0088501,4.9243
0.031128,-0.0090027,4.9219
0.031738,-0.0076294,4.9207
0.031128,-0.007782,4.9194
0.029449,-0.0062561,4.9194
0.028687,-0.0062561,4.9158
0.031433,-0.005188,4.9158
0.026855,-0.0038147,4.9243
0.026245,-0.0042725,4.9133
0.026245,-0.0048828,4.9084
0.024719,-0.0053406,4.9109
0.024109,-0.0068665,4.8755
0.024414,-0.0057983,4.9109
0.025024,-0.0048828,4.9084
0.024872,-0.0032043,4.9109
0.025177,-0.0035095,4.9097
0.024414,-0.0036621,4.8962
0.023651,-0.0042725,4.9133
0.023346,-0.0030518,4.9097
0.023041,0.0032043,4.9109
0.022736,0.0024414,4.9084
0.022278,0.0030518,4.9207
0.023956,0.0022888,4.9146
0.02533,-0.00030518,4.917
0.026398,0.00015259,4.9207
0.026093,0.00030518,4.9207
0.024109,0.0030518,4.9207
0.02182,0.0062561,4.928
0.019989,0.0093079,4.9353
0.017853,0.0079346,4.9304
0.0177,0.0059509,4.9207
0.018463,0.0024414,4.9304
0.019073,0,4.9316
0.018616,-0.0013733,4.9292
0.018616,-0.0024414,4.9304
0.0177,-0.0024414,4.9316
0.018158,-0.0028992,4.9329
0.019379,-0.0050354,4.9329
0.019226,-0.0065613,4.9402
0.019836,-0.0050354,4.9329
0.014648,-0.0079346,4.9353
0.010529,-0.0079346,4.9329
0.0079346,-0.0071716,4.9377
0.007019,-0.0062561,4.9438
0.0085449,-0.0059509,4.9341
0.012054,-0.0065613,4.9304
0.015564,-0.0076294,4.928
0.019531,-0.0080872,4.9146
0.022583,-0.0076294,4.9255
0.026093,-0.0042725,4.9133
0.028839,-0.00030518,4.9158
0.03067,0.0015259,4.9182
0.032196,0.0050354,4.9146
0.032349,0.004425,4.917
0.030518,0.0032043,4.9109
0.027771,-0.00015259,4.9158
0.02594,-0.0015259,4.9097
0.023804,-0.00030518,4.9133
0.023041,0.0013733,4.9109
0.022736,0.0035095,0.042725
0.023346,0.0028992,0.037842
0.02594,0.002594,0.043945
0.027313,-0.00045776,0.048828
0.029297,-0.0036621,0.040283
0.028687,-0.0059509,0.048828
0.026855,-0.0073242,0.039063
0.025024,-0.011444,0.032959
0.021667,-0.0088501,0.039063
0.018158,-0.010834,0.042725
0.012665,-0.012054,0.042725
0.010071,-0.013428,0.042725
0.0062561,-0.012817,0.042725
0.0050354,-0.010681,0.05127
0.0050354,-0.007019,0.05127
0.0073242,-0.004425,0.05127
0.012207,-0.0027466,0.056152
0.015106,0.0010681,0.059814
0.019531,-0.0016785,0.058594
0.023651,-0.0022888,0.065918
0.028076,-0.0015259,0.075684
0.031891,-0.0013733,0.059814
0.03418,-0.002594,0.053711
0.034485,0.00061035,0.063477
0.033112,-0.00091553,0.05249
0.03067,-0.0027466,0.061035
0.027161,-0.0038147,0.063477
0.025787,-0.0038147,0.062256
0.024414,-0.0010681,0.065918
0.023651,0.0019836,0.056152
0.024414,0.004425,0.068359
0.02533,0.004425,0.061035
0.026703,0.0033569,0.064697
0.029602,0.0016785,0.058594
0.031586,0.00030518,0.062256
0.033875,0.0021362,0.057373
0.032806,0.005188,0.057373
0.030975,0.0083923,0.05249
0.027924,0.0094604,0.05249
0.021973,0.0085449,0.058594
0.017548,0.0064087,0.05127
0.014191,0.0035095,0.061035
0.013428,0.0028992,0.043945
0.013275,0.0039673,0.032959
0.013733,0.0045776,0.042725
0.012512,0.0053406,0.046387
0.012054,0.0039673,0.037842
0.010681,0.00091553,0.043945
0.0099182,-0.0019836,0.0354
0.0099182,-0.0042725,0.039063
0.0093079,-0.0035095,0.039063
0.0076294,-0.0030518,0.040283
0.0065613,-0.00076294,0.037842
0.005188,-0.0012207,0.039063
0.004425,-0.0027466,0.0354
0.005188,-0.0045776,0.042725
0.0080872,-0.0042725,0.046387
0.011902,-0.0042725,0.042725
0.014648,-0.0030518,0.046387
0.016174,-0.0019836,0.041504
0.01709,-0.0012207,0.040283
0.017242,0.0012207,0.050049
0.016785,0.0033569,0.047607
0.016479,0.0048828,0.047607
0.016632,0.0068665,0.05249
0.016785,0.010834,0.056152
0.01709,0.013733,0.057373
0.018463,0.015411,0.057373
0.019531,0.016632,0.064697
0.02121,0.015717,0.062256
0.021667,0.014801,0.064697
0.024109,0.014496,0.061035
0.026398,0.014191,0.063477
0.026245,0.014343,0.059814
0.025635,0.014191,0.063477
0.024261,0.013275,0.072021
0.023804,0.011444,0.063477
0.021515,0.0076294,3.5242
0.018311,0.0050354,4.8499
0.016785,0.0041199,4.9084
0.015564,0.0041199,4.9304
0.014191,0.0054932,4.9353
0.012512,0.0050354,4.928
0.010834,0.0059509,4.9268
0.0094604,0.0039673,4.9207
0.0074768,0.0032043,4.9219
0.0074768,0.0021362,4.9194
0.0083923,0.0039673,4.9219
0.0083923,0.0068665,4.9158
0.0082397,0.0086975,4.917
0.0080872,0.0088501,4.9011
0.0068665,0.0076294,4.9207
0.0067139,0.0054932,4.9194
0.0038147,0.0045776,4.917
0.0057983,0.0039673,4.9133
0.0061035,0.004425,4.9146
0.004425,0.0057983,4.9097
0.005188,0.0050354,4.9084
0.0062561,0.0035095,4.9036
0.0080872,0.0016785,4.9109
0.011444,-0.0027466,4.9072
0.01358,-0.0057983,4.906
0.017395,-0.0071716,4.9133
0.018616,-0.0073242,4.906
0.020142,-0.0071716,4.9109
0.02121,-0.0057983,4.9072
0.020905,-0.0061035,4.9158
0.021973,-0.0068665,4.9109
0.02121,-0.0065613,4.9158
0.020142,-0.0053406,4.9182
0.020142,-0.0028992,4.9231
0.019989,-0.00045776,4.9292
0.022125,0.00045776,4.9292
0.023041,0.0012207,4.9365
0.024414,-0.00091553,4.9292
0.02533,-0.0019836,4.9194
0.026398,-0.0024414,4.9329
0.027924,-0.0015259,4.9268
0.02533,-0.0021362,4.9341
0.024872,-0.00091553,4.9329
0.02243,-0.0016785,4.928
0.019684,-0.0045776,4.9316
0.018616,-0.0059509,4.9158
0.01709,-0.0080872,4.9316
0.018311,-0.0085449,4.9329
0.019073,-0.0093079,4.9365
0.019989,-0.010223,4.9365
0.021362,-0.010529,4.939
0.021973,-0.010529,4.9365
0.024109,-0.010529,4.9329
0.025177,-0.010071,4.9329
0.028076,-0.0088501,4.9292
0.030975,-0.0073242,4.9329
0.032349,-0.0059509,4.928
0.034637,-0.0041199,4.9158
0.03479,-0.0035095,4.9158
0.036316,-0.0015259,4.9194
0.038452,-0.0019836,4.9194
0.03952,-0.00061035,4.9194
0.040741,-0.00076294,4.9133
0.039673,-0.00045776,4.9158
0.038757,-0.0010681,4.9109
0.036011,-0.002594,4.9133
0.032806,-0.0038147,4.9097
0.033112,-0.0073242,4.9146
0.029144,-0.010376,4.9109
0.028839,-0.012512,4.9133
0.029755,-0.013885,4.9219
0.030365,-0.012665,4.9109
0.03067,-0.010681,4.9133
0.03006,-0.0073242,0.040283
0.030212,-0.0080872,0.023193
0.029602,-0.0039673,0.040283
0.029602,-0.0019836,0.040283
0.029755,0.0013733,0.042725
0.031128,0.005188,0.046387
0.028534,0.0073242,0.043945
0.028381,0.0097656,0.05127
0.028381,0.010834,0.050049
0.027618,0.0065613,0.056152
0.028534,0.002594,0.050049
0.028992,0.00045776,0.062256
0.027924,0.0010681,0.059814
0.026398,0.0033569,0.063477
0.025177,0.0065613,0.06958
0.02182,0.0068665,0.063477
0.019073,0.0013733,0.061035
0.017242,0.00076294,0.061035
0.016632,-0.0016785,0.070801
0.016327,-0.0016785,0.061035
0.0177,-0.00076294,0.053711
0.018463,-0.00015259,0.059814
0.019073,-0.00076294,0.063477
0.02182,-0.0033569,0.063477
0.023651,-0.0073242,0.067139
0.025787,-0.0094604,0.065918
0.028076,-0.0074768,0.063477
0.028381,-0.0022888,0.059814
0.028076,0.0027466,0.063477
0.027313,0.0064087,0.054932
0.026398,0.0053406,0.054932
0.025177,0.0047302,0.050049
0.025482,0.00030518,0.048828
0.02655,-0.00030518,0.059814
0.026703,0.00091553,0.05127
0.026398,0.0030518,0.05249
0.025177,0.0039673,0.046387
0.024872,0.0027466,0.032959
0.023193,0.0010681,0.045166
0.024414,0.00061035,0.041504
0.02594,0.0013733,0.039063
0.026855,0.0015259,0.040283
0.026093,0.0022888,0.036621
0.024261,0.00076294,0.041504
0.022125,-0.00076294,0.0354
0.019989,-0.0027466,0.040283
0.020599,-0.0039673,0.037842
0.021515,-0.0028992,0.041504
0.023499,-0.002594,0.040283
0.024261,-0.0010681,0.041504
0.024109,-0.0010681,0.040283
0.024261,0,0.042725
0.023499,-0.00045776,0.041504
0.024872,-0.0018311,0.043945
0.028839,-0.0013733,0.05127
0.030365,-0.00076294,0.048828
0.032501,-0.00076294,0.043945
0.031586,-0.0022888,0.05127
0.029755,0.00045776,0.053711
0.028229,0.00076294,0.056152
0.026093,0.00045776,0.059814
0.028229,0,0.058594
0.028839,0.00061035,0.064697
0.029907,0.0012207,0.058594
0.029449,0.0024414,0.061035
0.028076,0.0032043,0.061035
0.028229,0.0036621,0.063477
0.026245,0,0.059814
0.02655,0.0021362,0.063477
0.027313,0.00061035,0.076904
0.029449,0.00061035,0.065918
0.029907,0.00045776,0.063477
0.029297,0.00076294,0.065918
0.026398,-0.00061035,0.054932
0.023651,-0.00015259,0.059814
0.021515,-0.0010681,0.061035
0.019379,-0.0033569,0.058594
0.016785,-0.0041199,3.5095
0.015259,-0.0047302,4.8352
0.01236,-0.0027466,4.9158
0.012054,0,4.9182
0.0094604,0.0071716,4.9207
0.010223,0.0059509,4.9158
0.0093079,0.0067139,4.9158
0.015411,0.0050354,4.917
0.018158,0.0033569,4.917
0.018616,0.0016785,4.9146
0.017242,0.00015259,4.9158
0.015259,0.0010681,4.9207
0.010529,0.00076294,4.9146
0.010376,-0.0016785,4.9219
0.0090027,-0.0038147,4.9072
0.010376,-0.0048828,4.9011
0.011597,-0.0036621,4.9097
0.01297,-0.0012207,4.9109
0.014496,0.00045776,4.9133
0.014801,0.0015259,4.9011
0.015564,-0.00030518,4.9084
0.017548,-0.0032043,4.9084
0.019989,-0.0033569,4.9072
0.02243,-0.0022888,4.9158
0.021515,0.00061035,4.9133
0.019379,0.0030518,4.9207
0.017853,0.0042725,4.9231
0.016479,0.004425,4.9255
0.017548,0.0032043,4.9304
0.019684,0.0021362,4.9316
0.022583,0.0027466,4.9292
0.023041,0.0039673,4.9316
0.021515,0.007019,4.9304
0.019684,0.010071,4.9329
0.018768,0.011292,4.9365
0.018921,0.011139,4.9316
0.020294,0.0093079,4.928
0.022583,0.007019,4.9304
0.02121,0.0038147,4.9329
0.017853,0.0019836,4.928
0.013885,0.0016785,4.9341
0.010071,0.0018311,4.9353
0.0079346,0.0024414,4.9377
0.0085449,-0.002594,4.9377
0.011139,-0.0013733,4.9353
0.01358,-0.0036621,4.9329
0.01358,-0.0035095,4.9353
0.014954,-0.0012207,4.9426
0.014954,0.002594,4.9304
0.015869,0.0071716,4.9316
0.018158,0.0086975,4.9194
0.018463,0.007019,4.9084
0.021057,0.0062561,4.9182
0.019073,0.005188,4.9207
0.016785,0.0012207,4.9182
0.013123,0.0021362,4.9182
0.0097656,0.0019836,4.9146
0.0088501,0.0030518,4.9146
0.0093079,0.0032043,4.9158
0.013123,0.0027466,4.9133
0.016327,0.002594,4.9084
0.019531,0.0012207,4.917
0.021057,0.002594,4.9109
0.022278,0.0038147,4.9109
0.02243,0.0041199,4.9146
0.023651,0.004425,4.9109
0.024719,0.0041199,4.9084
0.02533,0.0028992,4.9121
0.024567,0.00091553,4.9011
0.021973,-0.00015259,4.9084
0.019379,-0.0012207,4.8938
0.016937,-0.0036621,4.9133
0.015717,-0.0047302,4.9182
0.016479,-0.007019,4.9133
0.018768,-0.0083923,0.050049
0.019073,-0.010071,0.048828
0.019836,-0.01236,0.054932
0.019073,-0.011597,0.05249
0.017242,-0.012207,0.061035
0.015869,-0.010223,0.057373
0.016479,-0.0088501,0.065918
0.018463,-0.0091553,0.061035
0.020599,-0.0056458,0.062256
0.022125,-0.004425,0.067139
0.021667,-0.0013733,0.062256
0.021667,0.0015259,0.073242
0.022125,0.0039673,0.061035
0.02594,0.004425,0.05127
0.031128,0.0053406,0.058594
0.037384,0.0024414,0.064697
0.040894,-0.0015259,0.062256
0.043488,-0.0027466,0.065918
0.041656,-0.0036621,0.063477
0.039673,-0.0027466,0.062256
0.038605,-0.0022888,0.058594
0.038757,-0.0019836,0.062256
0.038605,-0.0039673,0.05127
0.0383,-0.0050354,0.056152
0.033417,-0.0056458,0.056152
0.033264,-0.0059509,0.053711
0.030212,-0.0064087,0.053711
0.027771,-0.0067139,0.050049
0.026703,-0.0074768,0.050049
0.026703,-0.0091553,0.043945
0.025787,-0.011292,0.041504
0.024261,-0.010071,0.043945
0.02182,-0.0068665,0.041504
0.019073,-0.0019836,0.037842
0.016479,0.0018311,0.039063
0.016785,0.0057983,0.037842
0.018463,0.0071716,0.039063
0.020447,0.0061035,0.036621
0.023804,0.0038147,0.042725
0.026703,0.0033569,0.0354
0.026398,0.0032043,0.037842
0.025024,0.0027466,0.037842
0.024872,0.0042725,0.042725
0.02594,0.0039673,0.037842
0.026093,0.0010681,0.042725
0.026703,-0.0018311,0.057373
0.025024,-0.0030518,0.045166
0.021973,-0.0042725,0.056152
0.019531,-0.0028992,0.050049
0.018463,0.00061035,0.03418
0.019836,0.0036621,0.050049
0.022125,0.0048828,0.056152
0.023956,0.0038147,0.053711
0.025177,0.00030518,0.061035
0.024872,-0.0036621,0.056152
0.021515,-0.0050354,0.063477
0.018158,-0.0045776,0.059814
0.016937,-0.0019836,0.062256
0.017548,0.00045776,0.059814
0.015717,0.00061035,0.062256
0.020142,-0.0022888,0.062256
0.019073,-0.0061035,0.064697
0.020142,-0.0039673,0.06958
0.020905,-0.00030518,0.065918
0.023041,0.0035095,0.064697
0.026398,0.0053406,0.065918
0.028992,0.0045776,0.076904
0.03006,0.0010681,0.062256
0.029449,-0.0027466,0.072021
0.027008,-0.0042725,0.061035
0.025177,-0.004425,0.058594
0.023193,-0.0042725,0.050049
0.022125,-0.004425,0.053711
0.022888,-0.0057983,0.046387
0.023193,-0.0076294,0.05127
0.023956,-0.0094604,0.047607
0.024567,-0.0099182,0.048828
0.023651,-0.010681,4.4983
0.023346,-0.010529,4.8914
0.023499,-0.010071,4.9097
0.024567,-0.0091553,4.9133
0.029907,-0.0073242,4.9194
0.027771,-0.0056458,4.9146
0.028381,-0.004425,4.917
0.028992,-0.0018311,4.9097
0.028076,-0.00076294,4.8999
0.03006,0,4.9097
0.030823,0.0012207,4.9109
0.031891,-0.00045776,4.9048
0.032501,0.0019836,4.9097
0.032654,0.00091553,4.9084
0.033875,0.00045776,4.906
0.034027,-0.00091553,4.9084
0.03418,-0.0013733,4.9133
0.035706,-0.0015259,4.9109
0.036469,-0.00091553,4.9158
0.036774,-0.0015259,4.9182
0.036621,-0.0021362,4.9255
0.032349,-0.0028992,4.9207
0.034332,-0.0035095,4.9268
0.03067,-0.0028992,4.9255
0.029297,-0.0032043,4.9292
0.028229,-0.0033569,4.939
0.027924,-0.0030518,4.9341
0.027161,-0.0050354,4.9146
0.027771,-0.007019,4.9255
0.027161,-0.0054932,4.9341
0.02594,-0.0024414,4.9316
0.024567,0.0030518,4.9304
0.023956,0.0074768,4.9292
0.024414,0.0059509,4.9353
0.023346,0.011444,4.9341
0.021362,0.0097656,4.9353
0.018768,0.0053406,4.9341
0.015717,0.0033569,4.9377
0.012665,0.0024414,4.9414
0.010986,0.002594,4.9353
0.011902,0.0021362,4.9451
0.011444,0.00091553,4.9304
0.013123,-0.0018311,4.9243
0.013885,-0.0065613,4.9243
0.013275,-0.0079346,4.9097
0.011902,-0.0073242,4.9207
0.010986,-0.0057983,4.9194
0.010223,-0.0038147,4.9182
0.015717,-0.0019836,4.9207
0.0090027,-0.0027466,4.917
0.011444,-0.0022888,4.9158
0.011902,-0.0022888,4.9133
0.013123,-0.0018311,4.9133
0.014496,0.0019836,4.9072
0.01709,0.0045776,4.9158
0.019684,0.007019,4.9133
0.021973,0.007782,4.9121
0.023193,0.0067139,4.9072
0.022888,0.0050354,4.9133
0.025024,0.0030518,4.9158
0.022736,0.0042725,4.9133
0.021667,0.0059509,4.9158
0.022125,0.009613,4.906
0.023499,0.012207,4.9036
0.024109,0.01236,4.9146
0.02533,0.01236,4.9146
0.024872,0.010834,4.9133
0.023804,0.010071,4.917
0.02243,0.010834,4.917
0.021515,0.011139,4.9219
0.020752,0.010986,4.9304
0.021973,0.0090027,4.9292
0.02243,0.0083923,4.9316
0.022278,0.0064087,0.062256
0.02243,0.005188,0.062256
0.019379,0.0053406,0.063477
0.017853,0.0067139,0.070801
0.016327,0.010376,0.063477
0.015869,0.010223,0.061035
0.016022,0.012512,0.062256
0.015717,0.014343,0.063477
0.015869,0.015259,0.061035
0.014954,0.015259,0.062256
0.015259,0.015411,0.064697
0.015259,0.014191,0.067139
0.016022,0.012512,0.063477
0.015869,0.011749,0.065918
0.014801,0.010529,0.062256
0.012665,0.0076294,0.062256
0.0085449,0.0048828,0.056152
0.0059509,0.0016785,0.059814
0.0038147,-0.0013733,0.054932
0.0033569,-0.0024414,0.053711
0.0042725,-0.0010681,0.050049
0.0076294,0.0015259,0.05127
0.010376,0.0047302,0.062256
0.013885,0.0027466,0.047607
0.017395,0.0050354,0.058594
0.019836,0.0039673,0.046387
0.021057,0.0027466,0.043945
0.021057,0.002594,0.039063
0.020905,0.0021362,0.042725
0.018463,0.0018311,0.039063
0.016785,0.0010681,0.039063
0.014343,-0.0013733,0.032959
0.013885,-0.0019836,0.042725
0.014038,-0.0018311,0.041504
0.016632,-0.0010681,0.037842
0.019226,-0.00091553,0.041504
0.021515,-0.0016785,0.041504
0.023499,-0.002594,0.039063
0.023804,-0.004425,0.043945
0.02182,-0.0042725,0.054932
0.025635,-0.0030518,0.032959
0.025024,-0.002594,0.045166
0.025787,-0.0016785,0.047607
0.025787,0.00030518,0.037842
0.024872,-0.0053406,0.047607
0.025024,-0.007019,0.054932
0.024719,-0.0065613,0.054932
0.027008,-0.0028992,0.058594
0.027924,0.0015259,0.056152
0.029907,0.0048828,0.061035
0.03067,0.0035095,0.059814
0.031128,-0.0012207,0.063477
0.031738,-0.0019836,0.058594
0.032196,-0.0045776,0.063477
0.034637,-0.0033569,0.061035
0.035095,-0.0035095,0.062256
0.036011,-0.0010681,0.063477
0.034332,-0.00076294,0.064697
0.034332,-0.002594,0.070801
0.031891,-0.0035095,0.067139
0.030823,-0.0045776,0.079346
0.029907,-0.0033569,0.058594
0.027466,-0.0018311,0.046387
0.028381,-0.00061035,0.063477
0.028076,-0.0013733,0.061035
0.027771,-0.004425,0.054932
0.028076,-0.0068665,0.053711
0.028687,-0.0080872,0.050049
0.028839,-0.007019,0.054932
0.028992,-0.0042725,0.048828
0.029449,-0.002594,0.05127
0.028076,-0.0010681,0.046387
0.026855,-0.0012207,0.047607
0.027161,-0.00076294,0.047607
0.027618,-0.00091553,0.046387
0.028381,0.00015259,0.045166
0.030518,0.0010681,0.042725
0.028229,0.0027466,2.5903
0.027924,0.0042725,4.7717
0.026855,0.004425,4.8901
0.027771,0.0042725,4.9097
0.026245,0.0033569,4.9084
0.024261,0.0019836,4.906
0.022888,-0.0035095,4.9133
0.021515,-0.00045776,4.9084
0.020294,0.00030518,4.9084
0.021973,0.00076294,4.906
0.02243,0.0013733,4.9109
0.023041,0,4.9121
0.022736,-0.0019836,4.917
0.023346,-0.004425,4.9158
0.023193,-0.0062561,4.9231
0.022278,-0.0064087,4.9158
0.019073,-0.0071716,4.9243
0.017395,-0.0068665,4.9304
0.016022,-0.0064087,4.928
0.015411,-0.0054932,4.9341
0.016785,-0.0057983,4.9329
0.017853,-0.0032043,4.9146
0.020447,-0.0022888,4.9329
0.023804,-0.00045776,4.928
0.02594,0.0016785,4.9304
0.028687,0.0015259,4.9304
0.031281,0.0010681,4.9268
0.033112,0,4.9231
0.033875,0.00061035,4.9329
0.035858,0.0042725,4.9365
0.0354,0.0048828,4.9316
0.033417,0.0074768,4.9377
0.031891,0.0057983,4.9353
0.030212,0.0027466,4.9353
0.028229,-0.0013733,4.9402
0.026398,-0.0032043,4.9329
0.024109,-0.0033569,4.9304
0.023651,-0.0035095,4.9182
0.022888,-0.0038147,4.9231
0.021057,-0.0079346,4.9207
0.020599,-0.01236,4.9158
0.021515,-0.016022,4.9158
0.023041,-0.017853,4.9158
0.025787,-0.015717,4.9158
0.023956,-0.010834,4.9182
0.024261,-0.0047302,4.9121
0.024872,-0.0024414,4.9158
0.025482,0.00091553,4.9084
0.027618,0.00030518,4.9182
0.029907,0.0015259,4.9072
0.031891,0.00061035,4.9146
0.033112,0.0045776,4.9084
0.034485,0.007019,4.9133
0.036926,0.010223,4.9219
0.03891,0.011749,4.9133
0.041656,0.0099182,4.9194
0.042572,0.0083923,4.9097
0.042267,0.0065613,4.9036
0.040588,0.0050354,4.9133
0.036926,0.0045776,4.9109
0.033569,0.0042725,4.9097
0.028839,0.004425,4.9158
0.02594,0.0047302,4.917
0.024414,0.0024414,4.9194
0.024261,0.0012207,4.9182
0.024719,-0.0012207,4.9268
0.02594,0.00030518,4.928
0.027466,0.0016785,4.9304
0.028534,0.0021362,4.9329
0.028687,0.0022888,4.9268
0.02594,0.0028992,4.939
0.024872,0.0019836,4.9341
0.022125,0.0015259,4.9341
0.019684,0.0024414,0.062256
0.017395,0.0033569,0.072021
0.012054,0.0039673,0.062256
0.011597,0.0050354,0.064697
0.0099182,0.0050354,0.062256
0.009613,0.0041199,0.068359
0.010223,0.0021362,0.063477
0.012207,-0.00061035,0.061035
0.01358,-0.0045776,0.061035
0.015869,-0.0053406,0.065918
0.017242,-0.0062561,0.057373
0.017853,-0.0059509,0.058594
0.019073,-0.0039673,0.056152
0.020294,-0.0016785,0.054932
0.02182,0.00030518,0.050049
0.02182,0.0021362,0.05249
0.02243,0.0038147,0.062256
0.021057,0.0042725,0.050049
0.02182,0.0041199,0.05249
0.022278,0.0033569,0.047607
0.02243,0.0013733,0.029297
0.023804,0.00045776,0.039063
0.023651,-0.00045776,0.041504
0.024109,-0.00030518,0.041504
0.02243,-0.00076294,0.037842
0.020752,0.00030518,0.036621
0.018311,0.00076294,0.041504
0.016632,0.0013733,0.036621
0.016022,0.0022888,0.040283
0.015717,0.0041199,0.037842
0.015106,0.0054932,0.043945
0.014038,0.007782,0.039063
0.01297,0.0074768,0.041504
0.013123,0.0065613,0.043945
0.011749,0.004425,0.042725
0.014648,0.0024414,0.043945
0.016174,0.0010681,0.047607
0.01709,0.00076294,0.05249
0.019379,0.0015259,0.048828
0.019379,0.00091553,0.040283
0.019379,0.0021362,0.053711
0.018005,0.0024414,0.057373
0.018768,0.0035095,0.059814
0.019073,0.0057983,0.058594
0.019073,0.0085449,0.059814
0.019684,0.011444,0.063477
0.019684,0.012054,0.057373
0.019073,0.011749,0.064697
0.019836,0.0093079,0.058594
0.019684,0.0062561,0.061035
0.020447,0.004425,0.063477
0.019531,0.002594,0.064697
0.018158,0.0028992,0.075684
0.016174,0.0041199,0.068359
0.013428,0.0045776,0.068359
0.011749,0.0057983,0.064697
0.0093079,0.0064087,0.054932
0.0083923,0.0067139,0.062256
0.0093079,0.0071716,0.059814
0.0099182,0.0065613,0.056152
0.013733,0.0074768,0.050049
0.017548,0.0057983,0.047607
0.020905,0.0038147,0.050049
0.023346,0.0024414,0.048828
0.023804,0.00076294,0.05249
0.024567,-0.00076294,0.047607
0.024261,-0.0013733,0.05127
0.025177,-0.0021362,0.046387
0.024872,-0.0022888,0.048828
0.024261,-0.00061035,0.041504
0.024109,0.0010681,0.042725
0.024109,0.0033569,0.048828
0.026398,0.0036621,0.041504
0.026703,0.0015259,0.047607
0.028839,-0.0024414,0.040283
0.030518,-0.0064087,0.03418
0.031281,-0.0091553,0.041504
0.031586,-0.010376,0.71411
0.031281,-0.0090027,4.6667
0.029907,-0.0062561,4.8901
0.028534,-0.004425,4.9011
0.027008,-0.0033569,4.9097
0.02533,-0.002594,4.9084
0.024261,-0.0012207,4.9158
0.023346,-0.00045776,4.9146
0.024109,0.00015259,4.9207
0.026398,0.0010681,4.9207
0.03006,0.00091553,4.9243
0.033722,0.00030518,4.939
0.040131,0.00030518,4.9268
0.041809,-0.00061035,4.9255
0.041962,-0.00061035,4.9353
0.041504,-0.00076294,4.928
0.03891,-0.0015259,4.9182
0.035706,-0.0022888,4.9243
0.032196,-0.0022888,4.9316
0.029144,-0.0019836,4.928
0.027924,-0.00061035,4.928
0.027008,0.00045776,4.9341
0.025482,0.0015259,4.9353
0.027313,0.0016785,4.9353
0.029602,-0.00045776,4.928
0.03067,-0.00030518,4.939
0.03067,0.00061035,4.9353
0.03006,0.0018311,4.9316
0.027313,0.00076294,4.9329
0.024261,0.0036621,4.9329
0.02182,0.002594,4.9365
0.018921,0.0010681,4.9304
0.015564,0.00061035,4.9341
0.015106,0.0021362,4.9219
0.014801,0.0050354,4.9109
0.016937,0.0056458,4.9194
0.019226,0.0076294,4.9133
0.022583,0.0073242,4.9182
0.026093,0.0059509,4.917
0.028076,0.0039673,4.9121
0.028534,0.0042725,4.9109
0.027008,0.0048828,4.9036
0.027466,0.0056458,4.9146
0.024414,0.0047302,4.9084
0.02121,0.0035095,4.9109
0.017395,0.0028992,4.9133
0.014954,0,4.9121
0.014496,-0.00030518,4.9097
0.015106,-0.00045776,4.9097
0.017242,-0.00015259,4.9109
0.019073,0,4.9084
0.020752,0.0024414,4.9072
0.022278,-0.00061035,4.9133
0.022888,-0.0028992,4.9048
0.021515,-0.0039673,4.9158
0.019226,-0.0057983,4.9146
0.017548,-0.0047302,4.9182
0.016785,-0.0038147,4.9231
0.014954,-0.002594,4.9207
0.015564,-0.0030518,4.9304
0.014038,-0.0022888,4.9255
0.015717,-0.0015259,4.9304
0.016937,-0.0012207,4.9304
0.017853,0,4.9353
0.022278,0.00076294,4.9292
0.025177,0.0012207,4.9353
0.027008,0.0013733,4.9377
0.029144,0.00045776,4.9329
0.029449,-0.0010681,4.939
0.031128,-0.0022888,4.9353
0.026398,-0.0038147,4.9146
0.024567,-0.0071716,4.9316
0.022736,-0.0097656,4.9377
0.019379,-0.010223,0.064697
0.018158,-0.010529,0.065918
0.015411,-0.011597,0.059814
0.016937,-0.013733,0.064697
0.018311,-0.016174,0.058594
0.019989,-0.018005,0.059814
0.022125,-0.017853,0.053711
0.023499,-0.016327,0.053711
0.024109,-0.014648,0.050049
0.024719,-0.014343,0.053711
0.025177,-0.0088501,0.053711
0.026245,-0.0054932,0.050049
0.028687,-0.0013733,0.045166
0.031433,0.0018311,0.045166
0.03418,0.0045776,0.031738
0.036469,0.0065613,0.042725
0.038757,0.0067139,0.041504
0.040131,0.0056458,0.039063
0.041809,0.0030518,0.039063
0.043182,0.0036621,0.040283
0.043488,0.0061035,0.040283
0.043488,0.0071716,0.039063
0.041351,0.0094604,0.041504
0.03952,0.0099182,0.037842
0.037842,0.0090027,0.042725
0.035248,0.0073242,0.040283
0.033417,0.0054932,0.042725
0.031128,0.0041199,0.041504
0.029144,0.0018311,0.045166
0.028076,-0.0010681,0.050049
0.02594,-0.0045776,0.048828
0.023804,-0.007782,0.061035
0.02121,-0.010529,0.05127
0.018616,-0.0099182,0.041504
0.0177,-0.0086975,0.056152
0.015564,-0.004425,0.057373
0.014496,0.0010681,0.058594
0.013428,0.0050354,0.059814
0.014496,0.0067139,0.057373
0.014343,0.0082397,0.062256
0.015259,0.0082397,0.059814
0.016022,0.0082397,0.064697
0.017853,0.0074768,0.054932
0.019073,0.0079346,0.064697
0.020752,0.007019,0.063477
0.021362,0.0056458,0.067139
0.02243,0.0028992,0.070801
0.021362,0.00061035,0.064697
0.020294,0,0.067139
0.018463,0.0016785,0.064697
0.018311,0.0035095,0.067139
0.018463,0.0054932,0.062256
0.019684,0.0053406,0.056152
0.021057,0.0038147,0.053711
0.021667,0.0022888,0.056152
0.020905,0.00091553,0.05127
0.020905,0.00061035,0.050049
0.021057,0.00091553,0.046387
0.021515,0.00045776,0.05127
0.022125,0.00030518,0.041504
0.021515,0.0016785,0.048828
0.018158,0.0028992,0.046387
0.017395,0.0056458,0.048828
0.013885,0.0086975,0.040283
0.011597,0.011139,0.043945
0.010376,0.014343,0.056152
0.010529,0.015564,0.036621
0.012207,0.018005,0.050049
0.012665,0.018921,0.039063
0.014648,0.019379,0.024414
0.013885,0.016632,0.037842
0.013885,0.016785,0.037842
0.014191,0.013733,0.040283
0.014801,0.010681,0.037842
0.015106,0.0094604,0.036621
0.013885,0.007782,0.040283
0.011749,0.0064087,0.039063
0.0079346,0.005188,0.046387
0.0038147,0.0036621,4.4604
0.0030518,0.0013733,4.8914
0.0036621,0.0010681,4.917
0.0073242,0.0010681,4.9255
0.0094604,0.0032043,4.9304
0.011292,0.0042725,4.928
0.010529,0.0059509,4.9268
0.0097656,0.0073242,4.9329
0.0091553,0.0073242,4.9365
0.0094604,0.0088501,4.9316
0.0099182,0.0097656,4.9231
0.010223,0.010834,4.9316
0.0093079,0.011444,4.9304
0.0088501,0.010834,4.928
0.0091553,0.010376,4.9341
0.0090027,0.0094604,4.9329
0.011597,0.0071716,4.9341
0.013123,0.007019,4.9341
0.015259,0.0047302,4.9353
0.016327,0.0030518,4.9341
0.018311,0.0016785,4.9353
0.0177,0.0015259,4.9316
0.016327,0.0019836,4.9329
0.016174,0.0018311,4.9377
0.016632,0.0018311,4.928
0.017853,0.0022888,4.9255
0.019226,0.0024414,4.9231
0.020447,0.0039673,4.9109
0.022583,0.005188,4.9194
0.024261,0.005188,4.917
0.026093,0.005188,4.9158
0.028229,0.005188,4.9158
0.03067,0.004425,4.9146
0.031128,0.0032043,4.9146
0.03067,0.0030518,4.9109
0.028839,0.0036621,4.9219
0.025635,0.0057983,4.9097
0.02182,0.0062561,4.9133
0.018005,0.0067139,4.9121
0.016174,0.0039673,4.9146
0.015259,-0.0010681,4.906
0.01358,-0.0038147,4.9158
0.015259,-0.004425,4.9036
0.015717,-0.0021362,4.9109
0.015717,0.0013733,4.9158
0.016327,0.0028992,4.9146
0.018311,0.0032043,4.9011
0.020599,0.00015259,4.9146
0.023193,-0.0018311,4.9109
0.026855,-0.0036621,4.9182
0.029755,0.00045776,4.9182
0.032501,0.0032043,4.9182
0.037842,0.0047302,4.928
0.037537,0.0045776,4.9268
0.039368,0.0019836,4.9255
0.040436,0.00045776,4.9292
0.039368,0.00061035,4.9329
0.037384,0.0013733,4.9304
0.033875,0.0032043,4.928
0.034027,0.0045776,4.9402
0.031128,0.005188,4.9329
0.031433,0.0056458,4.9329
0.030975,0.0048828,4.9353
0.030975,0.0041199,4.9207
0.029144,0.0045776,4.9304
0.029907,0.0042725,4.939
0.029602,0.0038147,4.9353
0.029449,0.0048828,4.9341
0.026245,0.0073242,4.9341
0.024414,0.0099182,4.9341
0.022278,0.011749,4.9292
0.020599,0.012817,4.9292
0.021057,0.010223,0.05249
0.020294,0.0074768,0.056152
0.022736,-0.00015259,0.050049
0.025787,0.0042725,0.05249
0.027924,0.0047302,0.05249
0.029602,0.0065613,0.047607
0.032501,0.0094604,0.05249
0.032654,0.012207,0.046387
0.030823,0.013428,0.053711
0.025482,0.014191,0.045166
0.027924,0.014343,0.048828
0.028229,0.014191,0.041504
0.027771,0.014954,0.040283
0.026398,0.01358,0.036621
0.021973,0.010986,0.039063
0.024414,0.007782,0.037842
0.023346,0.0012207,0.037842
0.023041,-0.0010681,0.039063
0.023804,-0.0073242,0.041504
0.024109,-0.0090027,0.0354
0.024261,-0.0082397,0.040283
0.022278,-0.0054932,0.042725
0.019989,-0.0019836,0.042725
0.018311,-0.0012207,0.05249
0.01709,0.00030518,0.048828
0.019379,0.0016785,0.058594
0.023499,0.0016785,0.05127
0.027466,0.0042725,0.046387
0.030975,0.0071716,0.053711
0.033875,0.0088501,0.054932
0.036621,0.010223,0.056152
0.037842,0.0079346,0.059814
0.038147,0.0027466,0.059814
0.036621,0.0027466,0.062256
0.03479,0.00045776,0.058594
0.031738,0.0010681,0.063477
0.02655,0.00030518,0.05249
0.02121,-0.0032043,0.063477
0.016479,-0.0028992,0.061035
0.012512,-0.0061035,0.067139
0.01236,-0.0094604,0.064697
0.011902,-0.011597,0.070801
0.014191,-0.012665,0.073242
0.015869,-0.013733,0.064697
0.015717,-0.01297,0.075684
0.015411,-0.014801,0.064697
0.014954,-0.014038,0.057373
0.018921,-0.014496,0.058594
0.021515,-0.0097656,0.053711
0.024109,-0.0045776,0.05127
0.024567,0.0038147,0.05249
0.024414,0.0086975,0.048828
0.027771,0.011139,0.05127
0.028229,0.010986,0.042725
0.032654,0.0082397,0.043945
0.037537,0.0041199,0.041504
0.041809,0.0022888,0.046387
0.042267,0.0012207,0.041504
0.036926,0.00045776,0.042725
0.036011,-0.00030518,0.05127
0.031891,-0.00091553,0.042725
0.028381,-0.0012207,0.036621
0.028687,-0.0036621,0.037842
0.028839,-0.0036621,0.023193
0.028839,-0.004425,0.03418
0.026093,-0.0047302,0.037842
0.024109,-0.0057983,0.040283
0.022125,-0.0065613,0.039063
0.023956,-0.0054932,0.03418
0.025635,-0.0048828,0.041504
0.027466,-0.0045776,0.041504
0.026703,-0.0041199,0.043945
0.02243,-0.0024414,0.040283
0.020905,-0.0057983,0.05127
0.018921,0.00045776,0.046387
0.017548,0.0021362,0.057373
0.016785,0.0028992,0.056152
0.016785,0.00045776,0.061035
0.014801,-0.0030518,4.613
0.015259,-0.0033569,4.9182
0.014496,-0.007019,4.9377
0.014191,-0.0067139,4.9316
0.014648,-0.0033569,4.9182
0.015411,-0.0028992,4.9292
0.015411,-0.0027466,4.9243
0.016479,-0.0016785,4.928
0.017548,-0.0018311,4.9243
0.0177,-0.00015259,4.9341
0.016022,0.0035095,4.9353
0.015869,0.0065613,4.9329
0.014191,0.0065613,4.9365
0.013428,0.0035095,4.9329
0.013885,-0.00045776,4.9329
0.016022,-0.0045776,4.9316
0.018921,-0.0062561,4.9341
0.021515,-0.0054932,4.9329
0.021973,-0.0047302,4.9255
0.020752,-0.0050354,4.9304
0.020752,-0.0045776,4.9219
0.018768,-0.0045776,4.9219
0.018768,-0.004425,4.9207
0.016632,-0.0022888,4.9146
0.014801,0.00030518,4.9146
0.012207,0,4.9182
0.010376,0.0019836,4.9158
0.0091553,0.0010681,4.9146
0.010681,-0.00076294,4.9084
0.013123,-0.0012207,4.9146
0.015106,0.00045776,4.9084
0.016022,0.0018311,4.9109
0.016785,0.0047302,4.9121
0.015717,0.0054932,4.9146
0.014648,0.0047302,4.9097
0.015106,0.0042725,4.9109
0.015869,0.0045776,4.9255
0.015717,0.0059509,4.9109
0.015411,0.0079346,4.9194
0.015717,0.007782,4.9133
0.016785,0.0090027,4.8962
0.017242,0.0090027,4.9133
0.018463,0.0090027,4.9146
0.019073,0.0074768,4.9292
0.019379,0.0079346,4.9207
0.018311,0.0080872,4.9158
0.017395,0.007019,4.9255
0.014343,0.0065613,4.928
0.011292,0.0039673,4.9304
0.0088501,0.0021362,4.9268
0.0065613,0.002594,4.9231
0.005188,0.0019836,4.9353
0.0057983,0.0019836,4.9353
0.0057983,0.0022888,4.939
0.0076294,0.0022888,4.9329
0.0061035,0.0030518,4.9377
0.0067139,0.0030518,4.9341
0.010071,0.0041199,4.9451
0.01236,0.002594,4.9329
0.015259,0.0015259,4.9255
0.017395,0.00061035,4.9316
0.018616,0.00076294,4.9243
0.018768,0.0024414,4.9329
0.017548,0.0032043,4.9377
0.015869,0.0050354,4.9304
0.016937,0.0053406,4.9292
0.019379,0.0054932,4.9243
0.022278,0.0041199,4.9268
0.024414,0.0018311,4.9207
0.025635,0.0010681,4.9231
0.02594,0.0013733,4.9194
0.026703,0.0016785,0.047607
0.029144,0.0019836,0.059814
0.030975,0.0042725,0.046387
0.032806,0.00076294,0.05249
0.030823,-0.0018311,0.041504
0.026703,-0.0048828,0.03418
0.021362,-0.0053406,0.042725
0.017548,-0.0053406,0.039063
0.015106,-0.0035095,0.037842
0.01709,-0.0019836,0.042725
0.018158,-0.0030518,0.037842
0.02121,-0.0024414,0.041504
0.020599,-0.0024414,0.037842
0.020447,-0.0021362,0.043945
0.020142,-0.0018311,0.037842
0.02121,-0.0021362,0.041504
0.022736,-0.00045776,0.042725
0.025024,0.0010681,0.047607
0.027771,0.0019836,0.043945
0.027161,0.0030518,0.046387
0.025787,0.0035095,0.046387
0.023346,0.004425,0.048828
0.023193,0.005188,0.054932
0.025482,0.0053406,0.053711
0.028534,0.0042725,0.046387
0.031586,0.0024414,0.054932
0.031433,0.00061035,0.062256
0.030518,-0.0012207,0.061035
0.027313,-0.0016785,0.059814
0.024414,-0.0015259,0.059814
0.023041,0,0.065918
0.024109,0.0022888,0.062256
0.024872,0.0064087,0.061035
0.025024,0.0045776,0.061035
0.023651,-0.0010681,0.065918
0.021515,0.0022888,0.064697
0.019836,0.0018311,0.063477
0.019684,0.0013733,0.079346
0.021362,0.0018311,0.063477
0.023804,0.0018311,0.065918
0.025635,0.0032043,0.064697
0.025635,0.0038147,0.045166
0.025024,0.0045776,0.059814
0.021973,0.0074768,0.056152
0.019684,0.0088501,0.053711
0.020752,0.009613,0.053711
0.023346,0.010071,0.047607
0.027466,0.0080872,0.05127
0.027924,0.007019,0.043945
0.027771,0.0030518,0.047607
0.026703,0.0059509,0.040283
0.026093,0.007782,0.047607
0.026245,0.007782,0.045166
0.027161,0.007019,0.043945
0.027161,0.0068665,0.042725
0.02533,-0.00030518,0.040283
0.023346,-0.0030518,0.043945
0.019989,-0.0053406,0.042725
0.017242,-0.005188,0.043945
0.016022,-0.0038147,0.036621
0.016632,-0.0018311,0.031738
0.018463,-0.0013733,0.037842
0.019684,-0.002594,0.040283
0.019989,-0.0048828,0.0354
0.018768,-0.0062561,0.042725
0.016937,-0.0059509,0.039063
0.016174,-0.0042725,0.043945
0.016327,-0.00091553,0.041504
0.018768,0.0010681,0.050049
0.014801,0.0016785,0.043945
0.022125,-0.00045776,0.057373
0.022736,-0.002594,0.062256
0.02121,-0.005188,0.056152
0.020905,-0.0054932,0.06958
0.020294,-0.0038147,0.057373
0.022278,-0.0016785,0.064697
0.023804,-0.0019836,0.059814
0.026093,-0.0053406,0.058594
0.028076,-0.0091553,3.8245
0.028076,-0.011749,4.8547
0.027618,-0.010223,4.9194
0.026093,-0.0061035,4.9304
0.026398,-0.0036621,4.9292
0.026093,-0.0028992,4.9329
0.026093,-0.0038147,4.9304
0.026703,-0.0073242,4.9365
0.026398,-0.0064087,4.9365
0.025177,-0.0053406,4.9377
0.02594,-0.0036621,4.9329
0.025482,-0.0027466,4.9365
0.028229,-0.0035095,4.928
0.029144,-0.0030518,4.9304
0.033569,-0.0035095,4.9438
0.035706,-0.00061035,4.9255
0.040131,0.0039673,4.9304
0.033569,0.0073242,4.9219
0.031738,0.0083923,4.9072
0.029144,0.0059509,4.9158
0.028381,0.0053406,4.9207
0.028229,0.0033569,4.917
0.028381,0.0028992,4.9146
0.030365,0.0018311,4.9097
0.028687,0.00015259,4.9121
0.026398,-0.0010681,4.9097
0.024567,-0.0021362,4.9097
0.024109,-0.0016785,4.9072
0.023956,-0.00091553,4.9158
0.025787,-0.00091553,4.8987
0.025024,-0.0016785,4.9133
0.023651,-0.004425,4.9158
0.017853,-0.0041199,4.9109
0.014496,-0.0036621,4.9072
0.012512,-0.0015259,4.9133
0.013733,0.00076294,4.9023
0.014496,0.00030518,4.9133
0.016785,-0.0019836,4.8999
0.016174,-0.0033569,4.9146
0.014343,-0.0036621,4.9182
0.012817,-0.0019836,4.9182
0.012054,0.0018311,4.9255
0.012665,0.0048828,4.9255
0.013123,0.0042725,4.9316
0.014343,0.0018311,4.9255
0.014648,-0.0012207,4.9377
0.016174,-0.0035095,4.9194
0.015564,-0.0022888,4.9341
0.015717,0.0010681,4.9304
0.016632,0.0032043,4.9316
0.018311,0.0019836,4.9353
0.018616,-0.00091553,4.9329
0.019379,-0.0030518,4.9426
0.018311,-0.0022888,4.9341
0.016327,0.0021362,4.9207
0.014954,0.0073242,4.939
0.015259,0.011292,4.9353
0.016632,0.01358,4.9304
0.019226,0.013123,4.9377
0.019989,0.01297,4.9292
0.021362,0.010834,4.9304
0.019989,0.010223,4.9268
0.018158,0.009613,4.928
0.016022,0.0090027,4.9219
0.015259,0.0090027,4.9231
0.013733,0.0082397,4.9255
0.011749,0.0079346,4.9255
0.010529,0.0057983,4.9084
0.0082397,0.004425,4.9207
0.0083923,0.0042725,4.9146
0.0080872,0.0053406,4.9146
0.0088501,0.0074768,4.9072
0.010986,0.0099182,0.042725
0.011139,0.010834,0.040283
0.011444,0.0093079,0.036621
0.010986,0.0062561,0.041504
0.0097656,0.0056458,0.039063
0.0076294,0.0067139,0.037842
0.0056458,0.0080872,0.032959
0.0045776,0.011444,0.042725
0.0032043,0.012207,0.037842
0.0027466,0.011597,0.042725
0.0013733,0.010223,0.041504
0.0016785,0.0074768,0.042725
0.0010681,0.0057983,0.042725
0.0033569,0.0057983,0.045166
0.0059509,0.0068665,0.056152
0.0088501,0.0091553,0.048828
0.011292,0.010376,0.058594
0.012207,0.010834,0.05249
0.012665,0.010986,0.040283
0.012054,0.010376,0.056152
0.012207,0.011444,0.059814
0.012207,0.011749,0.059814
0.01297,0.013275,0.061035
0.012817,0.014191,0.059814
0.013275,0.014343,0.063477
0.013123,0.014343,0.058594
0.013428,0.012512,0.061035
0.015259,0.011749,0.059814
0.01709,0.011444,0.064697
0.019989,0.010834,0.063477
0.023499,0.011292,0.065918
0.02533,0.009613,0.074463
0.026703,0.0082397,0.063477
0.02533,0.0061035,0.064697
0.022888,0.0048828,0.065918
0.019531,0.0036621,0.065918
0.016479,0.0036621,0.059814
0.014038,0.0039673,0.05249
0.011444,0.0010681,0.053711
0.010376,-0.0018311,0.05127
0.009613,-0.0048828,0.05249
0.0094604,-0.0074768,0.05249
0.009613,-0.0079346,0.043945
0.01297,-0.0045776,0.047607
0.015564,-0.0041199,0.043945
0.018463,-0.0010681,0.047607
0.021667,0.00076294,0.045166
0.023041,0.0015259,0.045166
0.023346,0.0018311,0.043945
0.023499,0.0036621,0.042725
0.023193,0.0030518,0.05127
0.023804,0.0036621,0.042725
0.024261,0.0039673,0.05249
0.024109,0.0012207,0.036621
0.025024,-0.00076294,0.031738
0.025635,-0.0036621,0.036621
0.026093,-0.0056458,0.040283
0.027161,-0.0054932,0.037842
0.027924,-0.0039673,0.039063
0.027161,-0.0028992,0.037842
0.026398,-0.0042725,0.042725
0.024567,-0.0022888,0.043945
0.023651,-0.0019836,0.048828
0.022736,-0.00076294,0.047607
0.023041,0.00076294,0.05249
0.023041,0.0022888,0.057373
0.022736,0.0022888,0.058594
0.022583,0.0010681,0.058594
0.023651,-0.0010681,0.058594
0.023193,-0.0019836,0.058594
0.023651,-0.0021362,0.056152
0.024109,-0.0012207,0.070801
0.023193,0.00015259,0.061035
0.023956,0.0010681,0.057373
0.020752,0.0024414,0.058594
0.02121,0.0032043,0.059814
0.02182,0.0032043,0.061035
0.019989,0.0035095,0.063477
0.017395,0.0024414,4.5374
0.018311,0.00061035,4.9084
0.018005,0.00091553,4.9316
0.019531,0.00045776,4.9316
0.020752,0.0021362,4.9329
0.021667,0.0022888,4.9329
0.021667,0.0012207,4.928
0.021667,-0.00030518,4.9329
0.021973,-0.0021362,4.9426
0.022736,-0.0019836,4.928
0.023499,-0.00076294,4.9207
0.024719,0.00045776,4.9243
0.025482,0.0022888,4.9036
0.025787,0.002594,4.9146
0.025635,0.00091553,4.9146
0.026398,-0.0013733,4.9182
0.027466,-0.0032043,4.9121
0.026703,-0.002594,4.9097
0.025024,-0.0021362,4.9121
0.023346,-0.00091553,4.9109
0.02243,-0.00076294,4.9133
0.02243,-0.00091553,4.9048
0.023346,-0.00076294,4.9133
0.023804,-0.00015259,4.9121
0.024414,0,4.9036
0.023956,-0.00015259,4.9084
0.022888,0.0013733,4.9109
0.023499,0.0013733,4.9121
0.025024,0.00091553,4.9133
0.026855,0.00091553,4.9182
0.029755,-0.0019836,4.9109
0.029297,0.0041199,4.9011
0.028381,0.0030518,4.9182
0.025177,0.002594,4.917
0.023041,-0.00076294,4.9182
0.020447,-0.0015259,4.9194
0.019531,-0.0039673,4.9207
0.019073,-0.005188,4.928
0.018768,-0.0042725,4.9255
0.019073,-0.0054932,4.9341
0.019379,-0.0065613,4.928
0.019531,-0.0080872,4.9316
0.019989,-0.010681,4.9304
0.020447,-0.01236,4.9353
0.020447,-0.012665,4.939
0.021515,-0.010223,4.9316
0.021362,-0.0065613,4.9329
0.020752,-0.0030518,4.9329
0.019836,-0.0024414,4.9341
0.020142,-0.0024414,4.9353
0.021973,-0.004425,4.9365
0.023651,-0.0057983,4.9316
0.026093,-0.0036621,4.9304
0.028534,-0.002594,4.9304
0.029755,0.00015259,4.9304
0.031433,0.0030518,4.9207
0.029755,0.0027466,4.9316
0.031738,0.0035095,4.9231
0.031586,0.004425,4.9231
0.032501,0.0038147,4.9182
0.032959,0.0041199,4.9194
0.032501,0.004425,4.9182
0.028839,0.0041199,4.9243
0.03067,0.0047302,4.928
0.029297,0.0047302,4.9146
0.030212,0.0050354,4.9219
0.029449,0.005188,4.9121
0.029602,0.0048828,4.8999
0.028381,0.0057983,4.9109
0.025635,0.0045776,4.9146
0.022125,0.0054932,4.9109
0.019379,0.0064087,4.9084
0.0177,0.0071716,0.037842
0.017853,0.0061035,0.042725
0.016327,0.0035095,0.037842
0.014038,-0.00091553,0.040283
0.011139,-0.0041199,0.037842
0.0073242,-0.0054932,0.0354
0.0045776,-0.0056458,0.042725
0.0041199,-0.0047302,0.045166
0.0047302,-0.0050354,0.061035
0.0048828,-0.0061035,0.048828
0.0047302,-0.0093079,0.05127
0.0057983,-0.009613,0.054932
0.0073242,-0.010529,0.043945
0.010681,-0.0054932,0.057373
0.013885,-0.0016785,0.056152
0.017242,-0.00015259,0.059814
0.019531,-0.00015259,0.057373
0.020599,0.00045776,0.059814
0.020142,0.00076294,0.064697
0.019073,0.0032043,0.059814
0.017548,0.0036621,0.062256
0.016785,0.0068665,0.059814
0.01709,0.0062561,0.063477
0.016479,0.0042725,0.063477
0.016785,0.0018311,0.065918
0.016632,0.0010681,0.065918
0.015106,0.0016785,0.068359
0.015259,0.0030518,0.067139
0.013885,0.0038147,0.067139
0.014191,0.0039673,0.076904
0.013275,0.0035095,0.062256
0.01358,0.0033569,0.053711
0.013885,0.0038147,0.054932
0.013275,0.0053406,0.05127
0.012207,0.0065613,0.048828
0.0097656,0.0057983,0.048828
0.0071716,0.0039673,0.05127
0.0062561,0.0027466,0.043945
0.005188,0.0030518,0.045166
0.0048828,0.0039673,0.048828
0.0042725,0.0050354,0.042725
0.0045776,0.0056458,0.045166
0.0028992,0.004425,0.045166
0.0022888,0.002594,0.041504
0.0022888,0.0012207,0.042725
0.0038147,0.00076294,0.041504
0.0048828,0.0018311,0.042725
0.007782,0.0022888,0.040283
0.0091553,0.00061035,0.030518
0.010681,0.00061035,0.039063
0.011597,0,0.037842
0.013428,0.00061035,0.036621
0.014496,0.0027466,0.041504
0.014801,0.0045776,0.040283
0.015106,0.0062561,0.042725
0.016327,0.0059509,0.041504
0.0177,0.0068665,0.047607
0.019989,0.0048828,0.046387
0.021515,0.0033569,0.048828
0.023499,0.0028992,0.05127
0.023956,0.0015259,0.058594
0.023041,0.00076294,0.056152
0.022736,-0.00076294,0.061035
0.023499,-0.00045776,0.063477
0.024872,0.0015259,0.059814
0.025482,0.0033569,0.072021
0.026093,0.0056458,0.062256
0.024567,0.0067139,0.042725
0.023346,0.0056458,0.057373
0.02182,0.0038147,0.062256
0.021667,0.0024414,0.062256
0.020752,0.0033569,0.063477
0.021057,0.0035095,0.061035
0.02243,0.0028992,0.065918
0.02243,0.0028992,0.063477
0.022736,0.0015259,0.067139
0.018005,-0.00076294,0.061035
0.017853,-0.0027466,0.067139
0.021667,-0.0050354,4.5422
0.021057,-0.0059509,4.8987
0.021057,-0.0065613,4.9268
0.020447,-0.007019,4.9231
0.019226,-0.0076294,4.9231
0.018463,-0.0076294,4.9207
0.018463,-0.0085449,4.9219
0.018158,-0.007782,4.9182
0.019379,-0.0064087,4.9146
0.018921,-0.0045776,4.9158
0.020752,-0.0030518,4.9133
0.02182,-0.00061035,4.9133
0.023346,0.00015259,4.8999
0.024261,-0.00015259,4.9109
0.026093,0.00015259,4.9097
0.029144,-0.0042725,4.906
0.030365,-0.0039673,4.9097
0.032806,-0.0067139,4.9109
0.033417,-0.0085449,4.9109
0.033417,-0.009613,4.9097
0.03418,-0.0099182,4.9109
0.030518,-0.011139,4.9231
0.028534,-0.0079346,4.9146
0.025482,-0.007019,4.917
0.02594,-0.0067139,4.9109
0.026398,-0.0064087,4.9011
0.026093,-0.0064087,4.9158
0.026398,-0.010071,4.9158
0.026398,-0.007019,4.9207
0.027161,-0.0042725,4.9194
0.029449,-0.0033569,4.9243
0.029755,-0.0018311,4.9231
0.03067,0.00030518,4.9268
0.029602,0.00076294,4.9292
0.027161,0.00091553,4.9292
0.02594,0.0036621,4.9329
0.023956,0.0030518,4.9329
0.024872,0.0054932,4.9329
0.022888,0.0094604,4.9329
0.023346,0.0057983,4.9304
0.024414,0.0042725,4.9316
0.026245,0.0021362,4.9341
0.027466,-0.00076294,4.9426
0.028076,-0.0013733,4.9353
0.027008,0.00015259,4.9426
0.025482,0,4.9341
0.024109,-0.00015259,4.9341
0.021515,-0.0039673,4.9329
0.019684,-0.0057983,4.9329
0.018005,-0.0079346,4.9292
0.018005,-0.0083923,4.9304
0.016632,-0.0064087,4.9243
0.01709,-0.004425,4.9243
0.017548,-0.0039673,4.9207
0.020447,-0.0048828,4.9207
0.021973,-0.0050354,4.9036
0.021667,-0.0041199,4.9194
0.022583,-0.00091553,4.928
0.021362,-0.00015259,4.9158
0.019684,-0.00061035,4.9158
0.017853,-0.0045776,4.9158
0.018311,-0.011292,4.8962
0.013885,-0.015564,4.9097
0.016632,-0.01709,4.9109
0.015564,-0.015411,4.9133
0.014801,-0.012207,4.9084
0.015411,-0.0085449,4.9048
0.014801,-0.0080872,4.9109
0.014648,-0.0076294,4.9109
0.015411,-0.010834,4.9084
0.016632,-0.012054,4.9084
0.016785,-0.011749,4.9146
0.021362,-0.011902,0.043945
0.023346,-0.010376,0.046387
0.025024,-0.0083923,0.047607
0.026855,-0.0056458,0.047607
0.026703,-0.0028992,0.047607
0.028381,-0.00045776,0.05249
0.029755,0.00015259,0.062256
0.029907,0.002594,0.054932
0.031281,0.0018311,0.050049
0.031738,0.0016785,0.058594
0.031586,-0.00061035,0.058594
0.030975,-0.00076294,0.061035
0.03067,-0.004425,0.062256
0.029907,-0.0088501,0.061035
0.027008,-0.011292,0.061035
0.024567,-0.010834,0.058594
0.021515,-0.0091553,0.063477
0.018005,-0.0064087,0.059814
0.015564,-0.0047302,0.065918
0.014191,-0.0068665,0.067139
0.012512,-0.010681,0.067139
0.013428,-0.015411,0.076904
0.013733,-0.017395,0.065918
0.016479,-0.017548,0.068359
0.020142,-0.014954,0.061035
0.021667,-0.011749,0.048828
0.022736,-0.0090027,0.057373
0.019684,-0.004425,0.05249
0.021362,-0.0016785,0.05127
0.021057,0.00061035,0.05127
0.019836,0.0021362,0.046387
0.019989,0.0027466,0.050049
0.019531,0.0032043,0.042725
0.018768,0.002594,0.046387
0.017395,0.0045776,0.042725
0.017548,0.0016785,0.045166
0.017242,0.0015259,0.040283
0.017242,0.00030518,0.045166
0.019684,0.00045776,0.039063
0.022736,0.00015259,0.042725
0.023956,-0.00015259,0.042725
0.024414,0.00030518,0.040283
0.025024,0.0021362,0.045166
0.023651,0.0036621,0.039063
0.023346,0.005188,0.039063
0.020447,0.0061035,0.040283
0.018311,0.0073242,0.042725
0.014343,0.0074768,0.037842
0.0088501,0.0090027,0.041504
0.004425,0.0076294,0.041504
0,0.0056458,0.047607
-0.0021362,0.0013733,0.045166
-0.0015259,-0.0041199,0.048828
0.00030518,-0.0071716,0.05249
0.004425,-0.010071,0.053711
0.007019,-0.010223,0.054932
0.0094604,-0.010529,0.061035
0.011139,-0.0094604,0.072021
0.010223,-0.0074768,0.059814
0.010986,-0.00061035,0.061035
0.010529,0.0074768,0.062256
0.0090027,0.017548,0.05127
0.0093079,0.025177,0.058594
0.0088501,0.029449,0.061035
0.010681,0.027466,0.059814
0.014191,0.02182,0.063477
0.019531,0.014191,0.058594
0.026245,0.0079346,0.067139
0.030365,0.0053406,0.062256
0.034332,0.0082397,0.063477
0.034637,0.0093079,0.061035
0.031891,0.0097656,0.063477
0.026703,0.010223,0.059814
0.018616,0.0085449,0.059814
0.010529,0.007782,0.058594
0.0056458,0.0074768,0.054932
0.0012207,0.0083923,0.059814
0.0010681,0.0094604,0.05249
0.0042725,0.0083923,4.5569
0.0067139,0.0061035,4.8901
0.0091553,0.0030518,4.9121
0.010376,0.0012207,4.9158
0.011444,0.0021362,4.9158
0.011444,0.004425,4.9146
0.0093079,0.0082397,4.9158
0.0054932,0.011444,4.9097
-0.00091553,0.012665,4.9097
-0.0041199,0.013123,4.9072
-0.0076294,0.010071,4.9109
-0.0073242,0.0067139,4.9084
-0.0039673,0.0039673,4.8938
0,0.002594,4.9109
0.0054932,0.0022888,4.9109
0.010376,0.0028992,4.9121
0.01358,0.0057983,4.9109
0.016174,0.0082397,4.9097
0.017395,0.010223,4.9109
0.019073,0.013123,4.9109
0.020599,0.015259,4.9207
0.020752,0.018921,4.9219
0.02121,0.020752,4.9109
0.020142,0.020905,4.9219
0.022583,0.019073,4.9231
0.023193,0.014343,4.9231
0.027466,0.0097656,4.9255
0.030518,0.0054932,4.9353
0.031281,0.0036621,4.9304
0.031281,0.0035095,4.9353
0.027008,0.0015259,4.9292
0.02655,0.00045776,4.9329
0.023804,-0.0019836,4.9268
0.019989,-0.0041199,4.9377
0.018616,-0.0045776,4.939
0.015259,-0.0028992,4.9329
0.01236,0,4.9402
0.011139,0.0038147,4.9377
0.010223,0.0036621,4.9158
0.010681,0.0024414,4.9353
0.011749,0.0013733,4.928
0.014343,-0.00045776,4.9304
0.0177,-0.00045776,4.9316
0.019226,0.0012207,4.9268
0.021667,0.0024414,4.928
0.024414,0.0032043,4.9243
0.026245,0.0035095,4.9243
0.027161,0.002594,4.9158
0.030518,0.0019836,4.9194
0.032959,0.0027466,4.9194
0.034027,0.0041199,4.9194
0.033722,0.0073242,4.9219
0.033264,0.0094604,4.917
0.032501,0.0093079,4.9133
0.032959,0.0079346,4.9158
0.030823,0.0050354,4.9011
0.033112,0.0028992,4.906
0.033875,0.00015259,4.9109
0.034332,-0.0024414,4.9109
0.033112,-0.007782,4.9121
0.031281,-0.0057983,4.9084
0.028992,-0.0074768,4.9097
0.027313,-0.0090027,4.9084
0.026398,-0.0079346,4.9084
0.027313,-0.0059509,4.906
0.027771,-0.00076294,4.9023
0.028381,0.0032043,4.9133
0.03006,0.0047302,4.9158
0.03067,0.0041199,4.9146
0.030518,0.00030518,4.9194
0.030365,-0.0038147,4.928
0.031891,-0.0067139,4.9231
0.031281,-0.0086975,4.9353
0.03006,-0.0088501,0.056152
0.029755,-0.0074768,0.047607
0.025635,-0.0080872,0.058594
0.021515,-0.0083923,0.063477
0.018005,-0.011749,0.059814
0.017548,-0.007019,0.062256
0.0177,-0.0028992,0.059814
0.019379,0.0019836,0.062256
0.02182,0.007782,0.059814
0.024567,0.0068665,0.064697
0.027924,0.0086975,0.059814
0.030975,0.0061035,0.065918
0.034485,0.002594,0.067139
0.034332,0.00076294,0.067139
0.035553,0.0016785,0.072021
0.035095,0.0033569,0.070801
0.033417,0.004425,0.064697
0.030823,0.0041199,0.059814
0.027618,0.0038147,0.061035
0.025635,0.00076294,0.057373
0.025177,-0.0039673,0.05249
0.025177,-0.0053406,0.050049
0.02655,-0.0062561,0.053711
0.026245,-0.0062561,0.048828
0.026398,-0.0086975,0.045166
0.025787,-0.0086975,0.041504
0.024414,-0.012665,0.048828
0.022736,-0.014191,0.040283
0.020294,-0.014496,0.043945
0.017242,-0.011444,0.041504
0.013275,-0.0059509,0.042725
0.010376,-0.0024414,0.041504
0.0082397,0.00045776,0.041504
0.0080872,-0.0012207,0.054932
0.010376,-0.0038147,0.037842
0.014496,-0.004425,0.05249
0.018921,-0.0038147,0.043945
0.021973,0.0010681,0.025635
0.023651,0.0073242,0.037842
0.027313,0.010529,0.039063
0.024872,0.0099182,0.037842
0.024719,0.0048828,0.0354
0.023651,0.00015259,0.041504
0.023346,-0.0039673,0.045166
0.022888,-0.0053406,0.047607
0.024261,-0.0045776,0.047607
0.021667,-0.0048828,0.048828
0.020905,-0.007782,0.057373
0.021973,-0.011749,0.058594
0.023956,-0.014801,0.061035
0.02655,-0.017853,0.072021
0.026703,-0.01709,0.063477
0.026855,-0.014343,0.061035
0.025482,-0.0099182,0.063477
0.023041,-0.0071716,0.06958
0.021973,-0.0050354,0.057373
0.022583,-0.0093079,0.057373
0.025024,-0.010071,0.062256
0.027161,-0.012817,0.061035
0.028687,-0.011139,0.061035
0.028076,-0.0076294,0.067139
0.027313,-0.0033569,0.064697
0.025635,0.00061035,0.068359
0.024414,0.0048828,0.062256
0.024414,0.0067139,0.064697
0.024109,0.0074768,0.059814
0.027924,0.0053406,0.059814
0.028992,0.0032043,0.056152
0.030212,0.0015259,0.056152
0.031891,-0.0018311,0.061035
0.033722,-0.0021362,0.05127
0.037231,-0.0045776,0.054932
0.036926,-0.00076294,0.046387
0.037689,-0.0079346,0.032959
0.0354,-0.007019,0.047607
0.030518,-0.0041199,0.043945
0.024719,-0.00061035,0.040283
0.019226,0.0012207,4.1931
0.016022,0.0032043,4.8608
0.013733,0.0032043,4.906
0.01297,0.0036621,4.906
0.013428,0.0032043,4.9109
0.014038,0.0048828,4.9072
0.014954,0.0065613,4.9121
0.015869,0.0083923,4.9109
0.017242,0.010223,4.9109
0.018311,0.010071,4.9084
0.018921,0.0076294,4.9121
0.015717,0.0056458,4.9109
0.012054,0.0021362,4.9084
0.007782,0.00030518,4.9194
0.0036621,-0.0015259,4.9158
0.0035095,-0.0022888,4.9036
0.004425,-0.0045776,4.9194
0.0073242,-0.0053406,4.9158
0.010376,-0.007019,4.9268
0.012665,-0.0073242,4.9219
0.013885,-0.0071716,4.9255
0.014648,-0.005188,4.9329
0.014496,-0.0038147,4.9231
0.015259,-0.0035095,4.9329
0.016022,-0.002594,4.928
0.019073,-0.0015259,4.9329
0.019836,0.00061035,4.9304
0.019684,0.0047302,4.9353
0.019836,0.0090027,4.9426
0.020294,0.012817,4.9341
0.021667,0.016479,4.9329
0.024567,0.018311,4.9365
0.027618,0.019989,4.9292
0.030365,0.017395,4.9353
0.031281,0.016937,4.9341
0.030975,0.015411,4.9329
0.028992,0.013123,4.9304
0.026245,0.010071,4.928
0.024109,0.0067139,4.9292
0.02121,0.0022888,4.9255
0.018921,-0.0010681,4.9231
0.014954,-0.0061035,4.9194
0.0090027,-0.0088501,4.9219
0.0045776,-0.010529,4.9158
0.00076294,-0.013123,4.9207
-0.00015259,-0.013733,4.9146
0.00015259,-0.014801,4.9182
0.005188,-0.012512,4.9219
0.0088501,-0.010376,4.9158
0.011139,-0.0086975,4.9207
0.011292,-0.0059509,4.9097
0.010223,-0.0019836,4.9011
0.010376,0.00091553,4.9109
0.011444,0.0036621,4.9036
0.013123,0.0054932,4.9133
0.016785,0.0079346,4.9109
0.017395,0.009613,4.9084
0.017242,0.012207,4.9084
0.016479,0.013733,4.9048
0.017548,0.014496,4.9146
0.02243,0.013885,4.9109
0.028839,0.011292,4.9146
0.036163,0.011597,4.9158
0.041199,0.0093079,4.9207
0.043335,0.0059509,4.9304
0.042877,0.0045776,4.9207
0.039825,0.00045776,4.9292
0.039368,-0.0039673,4.9255
0.040283,-0.0082397,4.9231
0.040894,-0.012207,4.9304
0.041351,-0.018005,4.928
0.039215,-0.021973,4.928
0.036621,-0.023346,4.9304
0.03479,-0.022888,-0.47485
0.033875,-0.021973,0.063477
0.034332,-0.018768,0.057373
0.03418,-0.016327,0.065918
0.033264,-0.012512,0.061035
0.030823,-0.011292,0.065918
0.028534,-0.0093079,0.068359
0.024261,-0.0065613,0.067139
0.02182,-0.0035095,0.067139
0.020294,0.00061035,0.065918
0.021057,0.0039673,0.072021
0.02121,0.0057983,0.061035
0.024719,0.007019,0.068359
0.023499,0.0065613,0.057373
0.027161,0.0050354,0.045166
0.028076,0.0018311,0.050049
0.029144,-0.0022888,0.05249
0.032501,-0.0045776,0.048828
0.037231,-0.012207,0.047607
0.040894,-0.0093079,0.041504
0.044708,-0.010071,0.047607
0.046844,-0.010986,0.042725
0.045929,-0.0097656,0.045166
0.046234,-0.0099182,0.043945
0.046234,-0.010376,0.043945
0.046234,-0.010529,0.040283
0.044861,-0.012665,0.041504
0.043793,-0.014801,0.05127
0.037994,-0.016022,0.040283
0.0354,-0.015869,0.040283
0.032043,-0.013123,0.041504
0.03067,-0.010529,0.024414
0.030365,-0.0074768,0.0354
0.03067,-0.0061035,0.041504
0.028992,-0.004425,0.039063
0.026703,0.0013733,0.041504
0.023651,0.0016785,0.037842
0.020447,0.0057983,0.043945
0.018311,0.0094604,0.045166
0.017548,0.0099182,0.047607
0.019836,0.0073242,0.05249
0.021362,0.0030518,0.054932
0.022278,-0.0015259,0.054932
0.023346,-0.0047302,0.059814
0.021973,-0.0048828,0.062256
0.022278,-0.0032043,0.061035
0.023499,-0.00045776,0.061035
0.026245,0.0013733,0.063477
0.026245,0.0024414,0.075684
0.027618,0.0027466,0.061035
0.025787,0.0038147,0.05127
0.022278,0.004425,0.061035
0.019379,0.0056458,0.062256
0.016785,0.0061035,0.061035
0.016632,0.0057983,0.065918
0.016785,0.0039673,0.063477
0.016479,0.00061035,0.065918
0.014343,-0.0019836,0.063477
0.010529,-0.004425,0.068359
0.0056458,-0.0047302,0.057373
0.0024414,-0.004425,0.062256
0.00045776,-0.002594,0.057373
-0.00076294,-0.0015259,0.058594
0.00076294,-0.0012207,0.059814
0.0028992,-0.0019836,0.05249
0.0039673,-0.0019836,0.047607
0.0035095,-0.0036621,0.048828
0.0056458,-0.0039673,0.039063
0.0074768,-0.0033569,0.042725
0.011749,-0.0033569,0.041504
0.016937,-0.0048828,0.028076
0.016479,-0.007782,0.042725
0.015411,-0.010529,0.041504
0.013733,-0.012512,0.039063
0.011749,-0.013733,0.036621
0.011444,-0.014343,0.041504
0.011444,-0.012665,0.037842
0.012512,-0.012207,2.4878
0.013123,-0.011292,4.7644
0.013733,-0.010986,4.8987
0.01297,-0.010681,4.9048
0.010223,-0.0088501,4.9048
0.0099182,-0.0056458,4.9109
0.0090027,-0.0042725,4.9133
0.010986,-0.00061035,4.9194
0.01236,-0.00091553,4.9158
0.012512,-0.0030518,4.9011
0.01297,-0.0038147,4.9182
0.013733,-0.0033569,4.9158
0.014648,-0.00076294,4.9243
0.016174,0.0024414,4.9231
0.019226,0.0045776,4.9219
0.02182,0.0048828,4.9292
0.024872,0.0016785,4.9304
0.026245,-0.0036621,4.9255
0.021667,-0.0039673,4.9268
0.026093,-0.0042725,4.9329
0.024719,-0.0047302,4.9329
0.022736,-0.0061035,4.9316
0.022125,-0.011444,4.9402
0.019836,-0.010986,4.9329
0.018158,-0.01297,4.9304
0.015106,-0.014191,4.9377
0.011292,-0.011292,4.9402
0.010071,-0.007782,4.9329
0.010376,-0.0039673,4.9329
0.01297,-0.00045776,4.9341
0.015259,0.0016785,4.9365
0.017853,0.0041199,4.9292
0.019073,0.0054932,4.9304
0.016632,0.0062561,4.928
0.015411,0.0057983,4.9255
0.013733,0.0038147,4.917
0.01358,0.0013733,4.9316
0.013123,-0.00030518,4.9207
0.010529,-0.002594,4.9182
0.0091553,-0.0032043,4.9146
0.0079346,-0.0033569,4.9182
0.0083923,-0.0013733,4.9231
0.010071,0.0012207,4.9219
0.013123,0.005188,4.9255
0.016174,0.0086975,4.9133
0.018921,0.0093079,4.8975
0.021362,0.012207,4.9109
0.022278,0.010834,4.9097
0.022888,0.0080872,4.9084
0.02243,0.0048828,4.9084
0.02243,0.0019836,4.9072
0.023193,0,4.9097
0.02243,-0.00076294,4.9109
0.020905,-0.0024414,4.9109
0.019989,-0.0022888,4.9097
0.017242,-0.0028992,4.9146
0.016022,-0.0010681,4.9158
0.012665,0.0024414,4.917
0.010986,0.0059509,4.9207
0.0099182,0.0088501,4.9194
0.0088501,0.0083923,4.9231
0.0097656,0.0083923,4.9268
0.011444,0.0086975,4.9304
0.013123,0.0097656,4.9292
0.015564,0.013123,4.9182
0.018311,0.017242,4.9292
0.02121,0.020294,4.9292
0.024109,0.022736,4.9304
0.026703,0.023041,4.9304
0.028381,0.023041,4.928
0.028992,0.022888,4.9329
0.027008,0.023041,4.9292
0.025635,0.024261,4.9414
0.026093,0.024261,4.9353
0.027771,0.024414,0.068359
0.03006,0.022125,0.063477
0.032043,0.018158,0.068359
0.033112,0.015564,0.079346
0.033112,0.014191,0.064697
0.033112,0.015411,0.062256
0.033112,0.016327,0.062256
0.033112,0.016785,0.037842
0.031891,0.016174,0.056152
0.029144,0.012665,0.050049
0.026398,0.0088501,0.048828
0.023499,0.0068665,0.047607
0.02121,0.0061035,0.047607
0.019684,0.0090027,0.047607
0.019531,0.011749,0.046387
0.018768,0.013885,0.045166
0.018311,0.015411,0.040283
0.016327,0.0097656,0.046387
0.014343,0.007019,0.042725
0.012512,0.0061035,0.040283
0.011292,0.0080872,0.042725
0.0088501,0.010529,0.040283
0.010681,0.01297,0.040283
0.010681,0.014496,0.040283
0.010529,0.013275,0.036621
0.013123,0.011139,0.030518
0.016937,0.0079346,0.039063
0.018768,0.0090027,0.041504
0.022736,0.0067139,0.037842
0.025177,0.0082397,0.037842
0.026703,0.0071716,0.042725
0.027924,0.0038147,0.042725
0.029449,-0.00015259,0.046387
0.03006,-0.0059509,0.043945
0.029755,-0.0053406,0.053711
0.028381,-0.0099182,0.05249
0.027008,-0.010376,0.056152
0.022583,-0.0088501,0.057373
0.024872,-0.0088501,0.059814
0.027161,-0.010376,0.06958
0.028839,-0.013123,0.061035
0.030365,-0.015869,0.079346
0.031586,-0.016327,0.059814
0.029755,-0.015411,0.054932
0.031433,-0.0097656,0.059814
0.030518,-0.0073242,0.061035
0.03006,-0.005188,0.058594
0.029907,-0.0048828,0.064697
0.028687,-0.0057983,0.061035
0.029297,-0.0054932,0.067139
0.029907,-0.0038147,0.065918
0.030975,-0.0036621,0.06958
0.032654,-0.0038147,0.062256
0.033417,-0.0041199,0.059814
0.034637,-0.0050354,0.057373
0.034485,-0.0056458,0.056152
0.034637,-0.0076294,0.054932
0.036011,-0.0085449,0.05127
0.0354,-0.010529,0.057373
0.033569,-0.011444,0.050049
0.036011,-0.012054,0.057373
0.035248,-0.01297,0.047607
0.035248,-0.014496,0.05249
0.028839,-0.015564,0.042725
0.034637,-0.016937,0.042725
0.033264,-0.018463,0.042725
0.032196,-0.016479,0.041504
0.031281,-0.019226,0.036621
0.029602,-0.019684,0.040283
0.028687,-0.019836,0.039063
0.02655,-0.019836,0.042725
0.024567,-0.018311,0.037842
0.023651,-0.01358,0.041504
0.02243,-0.0086975,0.037842
0.019531,-0.0068665,0.042725
0.019684,-0.0083923,0.047607
0.019836,-0.010376,0.039063
0.023041,-0.011597,3.9917
0.028229,-0.010529,4.8535
0.030518,-0.0076294,4.8938
0.03479,-0.0027466,4.9146
0.034637,-0.002594,4.9158
0.03891,-0.0027466,4.9194
0.040131,-0.0050354,4.9219
0.040283,-0.0067139,4.9194
0.039978,-0.0073242,4.9255
0.032349,-0.0076294,4.9329
0.034637,-0.0064087,4.9329
0.031281,-0.0036621,4.9255
0.028687,-0.0061035,4.9353
0.028687,-0.0079346,4.9292
0.030365,-0.0093079,4.9329
0.030823,-0.0090027,4.9304
0.031281,-0.0079346,4.9341
0.027924,-0.0059509,4.9365
0.028076,-0.0042725,4.9377
0.026855,-0.0028992,4.9414
0.028076,-0.00061035,4.9377
0.027771,0.0015259,4.9268
0.028076,0.002594,4.9353
0.027313,0.0033569,4.9353
0.026703,0.0053406,4.9329
0.027161,0.0079346,4.9243
0.032196,0.009613,4.928
0.031586,0.011292,4.928
0.035248,0.011597,4.9231
0.036926,0.010986,4.9243
0.037384,0.0094604,4.9219
0.038452,0.0071716,4.9231
0.037537,0.0061035,4.9194
0.036163,0.0048828,4.9207
0.03479,0.0028992,4.9207
0.032349,0.00061035,4.9194
0.03006,-0.0015259,4.9133
0.026855,-0.0042725,4.9133
0.02533,-0.010529,4.9036
0.023499,-0.0056458,4.9109
0.023346,-0.0050354,4.9158
0.022736,-0.0022888,4.9097
0.020905,-0.0013733,4.9133
0.018616,0.0012207,4.9084
0.018005,0.0042725,4.9109
0.017853,0.0076294,4.9109
0.019989,0.012817,4.9109
0.019531,0.018005,4.9109
0.023651,0.02243,4.9133
0.019836,0.023956,4.9133
0.020447,0.02243,4.9158
0.021057,0.019989,4.9097
0.022125,0.018921,4.9207
0.024872,0.017242,4.9255
0.026703,0.019836,4.9243
0.027618,0.018768,4.9329
0.027618,0.014343,4.9316
0.025482,0.0088501,4.9133
0.024261,0.0047302,4.928
0.02243,0.0053406,4.9292
0.020752,0.0082397,4.9341
0.02121,0.012512,4.9304
0.020599,0.015564,4.9304
0.023041,0.015411,4.9341
0.020905,0.013428,4.9316
0.019073,0.010986,4.9353
0.018311,0.010223,4.928
0.017548,0.011292,4.9365
0.015717,0.013885,4.9329
0.016022,0.016327,4.9402
0.013885,0.01709,4.9463
0.010834,0.015717,4.9377
0.0083923,0.011749,-0.59204
0.0061035,0.0071716,0.062256
0.0041199,0.0041199,0.058594
0.0022888,0.0033569,0.054932
0.0027466,0.0053406,0.05249
0.0054932,0.0086975,0.05127
0.0076294,0.010986,0.046387
0.0090027,0.010681,0.048828
0.010529,0.0079346,0.046387
0.0097656,0.0032043,0.045166
0.010529,-0.0028992,0.046387
0.0093079,-0.0056458,0.042725
0.009613,-0.0062561,0.045166
0.0091553,-0.007019,0.042725
0.0097656,-0.004425,0.042725
0.011139,-0.0045776,0.040283
0.012512,-0.0035095,0.040283
0.015259,-0.0018311,0.05127
0.018921,-0.00030518,0.040283
0.021515,0.002594,0.054932
0.023651,0.0039673,0.037842
0.023804,0.0048828,0.030518
0.023651,0.0035095,0.036621
0.022125,0.0016785,0.040283
0.021362,0.00030518,0.039063
0.019989,-0.0010681,0.042725
0.018768,-0.0033569,0.043945
0.016632,-0.0038147,0.045166
0.012665,-0.0036621,0.046387
0.0099182,-0.004425,0.054932
0.007782,-0.0042725,0.05127
0.0064087,-0.0035095,0.056152
0.0059509,-0.0042725,0.054932
0.0067139,-0.0033569,0.062256
0.0076294,-0.004425,0.068359
0.0083923,-0.0042725,0.063477
0.0091553,-0.0053406,0.063477
0.010071,-0.0056458,0.064697
0.012817,-0.0048828,0.064697
0.01358,-0.0038147,0.061035
0.014191,-0.0032043,0.067139
0.016022,-0.0019836,0.059814
0.016632,-0.00076294,0.062256
0.017395,0.0010681,0.062256
0.018158,0.0016785,0.063477
0.018311,0.0033569,0.063477
0.019684,0.0032043,0.067139
0.020752,0.0019836,0.059814
0.021973,-0.00076294,0.062256
0.02243,-0.0019836,0.058594
0.023651,-0.0024414,0.063477
0.024414,-0.0012207,0.054932
0.023956,0.00061035,0.056152
0.023651,0.0021362,0.067139
0.023804,0.0019836,0.05127
0.022888,0.00015259,0.053711
0.023651,-0.0016785,0.046387
0.023193,-0.0028992,0.032959
0.023651,-0.0028992,0.041504
0.024261,-0.0030518,0.045166
0.024872,-0.0033569,0.041504
0.026703,-0.0047302,0.042725
0.027618,-0.0061035,0.037842
0.029449,-0.0090027,0.041504
0.030365,-0.010223,0.040283
0.03067,-0.010223,0.042725
0.029755,-0.0093079,0.037842
0.027161,-0.0059509,0.042725
0.025482,-0.002594,0.040283
0.024261,-0.0027466,0.041504
0.024872,0.0032043,0.042725
0.027618,0.0048828,0.040283
0.031433,0.0048828,0.039063
0.030823,0.0038147,0.043945
0.032806,-0.00030518,0.041504
0.034027,-0.0041199,0.043945
0.035248,-0.0082397,0.042725
0.03479,-0.011444,0.048828
0.032806,-0.01297,3.313
0.031128,-0.015564,4.8218
0.028076,-0.015259,4.9194
0.025787,-0.014954,4.9243
0.025024,-0.01358,4.9304
0.024872,-0.010986,4.928
0.024872,-0.0085449,4.9341
0.028687,-0.0086975,4.9292
0.032654,-0.0038147,4.9292
0.035248,-0.00076294,4.9304
0.037994,0.0013733,4.9304
0.039825,0.00076294,4.9402
0.039978,-0.00015259,4.9341
0.039368,-0.0030518,4.9377
0.037689,-0.0053406,4.9353
0.036011,-0.0061035,4.9268
0.034943,-0.0057983,4.9365
0.033112,-0.0059509,4.9304
0.032349,-0.0054932,4.9292
0.031586,-0.0068665,4.9365
0.030365,-0.0061035,4.9292
0.03067,-0.011444,4.928
0.03067,-0.0065613,4.9182
0.030518,-0.0053406,4.9268
0.030518,-0.0057983,4.9194
0.029907,-0.0027466,4.9194
0.027313,-0.00030518,4.9207
0.027008,0.0032043,4.9255
0.025482,0.0022888,4.9158
0.024872,0.0021362,4.9011
0.024261,0.00030518,4.9243
0.024872,0.00015259,4.9146
0.026245,-0.00076294,4.9182
0.026703,0,4.9109
0.028381,0.0012207,4.906
0.029449,0.002594,4.9133
0.033417,0.0035095,4.9133
0.031433,0.0042725,4.9097
0.031586,0.0048828,4.9097
0.03006,0.00015259,4.9048
0.028839,0.0032043,4.917
0.027161,0.0013733,4.9084
0.025024,0,4.9133
0.023956,-0.0024414,4.9097
0.021667,-0.0036621,4.9146
0.020905,-0.005188,4.8999
0.019836,-0.0056458,4.9194
0.019226,-0.0065613,4.9304
0.018616,-0.007019,4.9219
0.018768,-0.007019,4.9268
0.018463,-0.0073242,4.9255
0.019073,-0.0059509,4.9219
0.019989,-0.0032043,4.9292
0.021057,-0.0010681,4.9292
0.022583,-0.0036621,4.9304
0.023346,-0.00061035,4.906
0.023956,-0.00076294,4.928
0.022736,-0.00076294,4.9316
0.024261,-0.00091553,4.9329
0.025482,0.0030518,4.9329
0.02533,0.0027466,4.9304
0.02533,0.0027466,4.9219
0.023346,0.0027466,4.9365
0.024261,0.0019836,4.9377
0.023346,0.0036621,4.9377
0.024567,0.0050354,4.9377
0.022736,0.0010681,4.9304
0.023499,0.00061035,4.9341
0.023193,-0.00045776,4.9414
0.022278,-0.0012207,4.9268
0.021667,-0.0036621,4.9231
0.019989,-0.0032043,4.9219
0.018463,-0.0035095,0.075684
0.017548,-0.0036621,0.045166
0.01709,-0.0027466,0.050049
0.016937,-0.0039673,0.042725
0.016479,-0.0061035,0.053711
0.016632,-0.0062561,0.040283
0.015564,-0.0067139,0.042725
0.016174,-0.0067139,0.039063
0.014496,-0.0036621,0.045166
0.019226,-0.00076294,0.039063
0.021667,0.0013733,0.040283
0.024109,0.0038147,0.0354
0.02655,0.0035095,0.042725
0.029602,0.0048828,0.046387
0.029755,0.0061035,0.040283
0.031433,0.0065613,0.029297
0.032196,0.0064087,0.040283
0.032959,0.0059509,0.039063
0.033264,0.004425,0.039063
0.035248,0.0018311,0.039063
0.035553,0.00030518,0.043945
0.035095,-0.00076294,0.046387
0.032654,0.0010681,0.047607
0.030365,0.0016785,0.053711
0.028534,0.0041199,0.050049
0.027618,0.0064087,0.054932
0.026855,0.0076294,0.058594
0.026855,0.0088501,0.062256
0.024872,0.0062561,0.058594
0.023956,0.0041199,0.061035
0.023041,0.0027466,0.063477
0.022278,0.0010681,0.062256
0.022125,0.00076294,0.06958
0.02243,0.0024414,0.061035
0.021362,0.0033569,0.047607
0.019684,0.0045776,0.059814
0.018768,0.0047302,0.063477
0.015869,0.0056458,0.063477
0.014648,0.0068665,0.065918
0.014648,0.0073242,0.063477
0.016479,0.007782,0.067139
0.018311,0.009613,0.063477
0.019684,0.0088501,0.067139
0.02121,0.0080872,0.059814
0.02121,0.0053406,0.061035
0.021057,0.0012207,0.053711
0.02182,-0.0038147,0.056152
0.023346,-0.0056458,0.067139
0.024567,-0.0064087,0.05249
0.023956,-0.005188,0.048828
0.02182,-0.0036621,0.047607
0.020142,-0.00030518,0.03418
0.016937,0.0021362,0.043945
0.016022,0.0033569,0.043945
0.016785,0.0038147,0.042725
0.018158,0.004425,0.042725
0.017853,0.0054932,0.041504
0.017548,0.0054932,0.041504
0.015717,0.0053406,0.040283
0.013885,0.0054932,0.041504
0.01236,0.0053406,0.0354
0.012817,0.0050354,0.040283
0.013123,0.0064087,0.041504
0.012512,0.0074768,0.042725
0.010834,0.0076294,0.028076
0.0082397,0.0073242,0.040283
0.0073242,0.0079346,0.048828
0.0067139,0.0073242,0.042725
0.0076294,0.0076294,0.056152
0.0099182,0.007782,0.042725
0.011444,0.0083923,0.037842
0.012054,0.0080872,0.048828
0.0091553,0.0065613,0.05127
0.011139,0.0041199,0.05249
0.010834,0.0024414,0.062256
0.011444,0.0028992,0.056152
0.011902,0.0033569,0.062256
0.011444,0.0047302,0.058594
0.010529,0.004425,2.135
0.0093079,0.0041199,4.762
0.0080872,0.00061035,4.9182
0.007019,-0.0019836,4.9304
0.0050354,-0.0035095,4.9304
0.0041199,-0.0033569,4.9377
0.002594,-0.0013733,4.9329
0.0022888,0.00076294,4.9304
0.0018311,0.0028992,4.9353
0.0038147,0.0050354,4.9426
0.0048828,0.0068665,4.9353
0.0059509,0.007782,4.9243
0.0054932,0.009613,4.906
0.0064087,0.010376,4.9316
0.0074768,0.010986,4.9292
0.0094604,0.010681,4.9292
0.011902,0.0097656,4.9231
0.014038,0.0068665,4.9255
0.014343,0.0041199,4.9207
0.015411,0.0010681,4.9219
0.016022,-0.0033569,4.9146
0.018768,-0.0054932,4.9219
0.020294,-0.0056458,4.9121
0.020142,-0.0048828,4.9158
0.020447,-0.0019836,4.9268
0.019379,-0.00076294,4.9146
0.02243,-0.0012207,4.9194
0.019379,-0.00091553,4.9121
0.020142,-0.0013733,4.8938
0.021515,0.00076294,4.906
0.022736,0.0024414,4.9121
0.022278,0.0047302,4.9109
0.020752,0.0053406,4.9084
0.018311,0.0032043,4.9072
0.016785,0.00015259,4.9133
0.015869,-0.0042725,4.9072
0.015259,-0.0068665,4.9109
0.014648,-0.0074768,4.9109
0.014191,-0.004425,4.9158
0.013885,-0.0024414,4.917
0.013885,0.00045776,4.9194
0.016327,0.0019836,4.9194
0.016937,0.0038147,4.9243
0.019379,0.0053406,4.9231
0.021667,0.0065613,4.9219
0.024261,0.0068665,4.9341
0.027008,0.0048828,4.9292
0.028076,0.0015259,4.9194
0.030212,-0.0028992,4.9292
0.030823,-0.0064087,4.9292
0.032349,-0.007019,4.9292
0.033875,-0.0054932,4.9292
0.034027,-0.0016785,4.9268
0.035095,0.0015259,4.9329
0.033875,0.0045776,4.9304
0.033875,0.005188,4.9341
0.033569,0.0047302,4.9329
0.033417,0.0030518,4.9377
0.0354,0.0035095,4.9316
0.036774,0.0059509,4.9377
0.037689,0.010529,4.9475
0.039368,0.010681,4.9365
0.035858,0.0088501,4.9353
0.033264,0.0042725,4.928
0.030823,-0.00076294,4.9133
0.029755,-0.0010681,4.9255
0.030212,0.00091553,4.9207
0.029907,0.0057983,4.9182
0.029449,0.011292,4.9182
0.028839,0.015717,4.9194
0.029144,0.017242,4.917
0.029755,0.015411,4.9146
0.032196,0.015259,0.056152
0.035858,0.015259,0.042725
0.038147,0.015564,0.042725
0.039063,0.016632,0.045166
0.039063,0.018005,0.041504
0.036163,0.015564,0.039063
0.034027,0.015106,0.042725
0.035095,0.012512,0.043945
0.034637,0.009613,0.039063
0.03418,0.0082397,0.041504
0.031738,0.0071716,0.040283
0.030365,0.0079346,0.028076
0.027771,0.0068665,0.037842
0.027313,0.0065613,0.040283
0.027924,0.0047302,0.041504
0.027924,0.0042725,0.043945
0.028534,0.0035095,0.043945
0.028687,0.0018311,0.050049
0.028534,0.0013733,0.048828
0.027313,0,0.053711
0.02533,-0.0010681,0.05127
0.024719,0.00030518,0.058594
0.025024,-0.0035095,0.057373
0.025635,-0.00091553,0.061035
0.027618,0.0028992,0.074463
0.028229,0.0073242,0.062256
0.030212,0.011444,0.067139
0.031128,0.013275,0.062256
0.032196,0.012512,0.047607
0.032959,0.0099182,0.059814
0.033722,0.0065613,0.062256
0.034485,0.0050354,0.062256
0.034332,0.0030518,0.062256
0.033722,0.0039673,0.063477
0.032349,0.0030518,0.067139
0.031281,0.0012207,0.064697
0.029144,0.002594,0.064697
0.02655,-0.0012207,0.058594
0.023804,-0.00045776,0.061035
0.020905,0.0024414,0.057373
0.016785,0.0032043,0.057373
0.014343,0.0019836,0.058594
0.0079346,-0.0036621,0.05249
0.0094604,-0.0073242,0.054932
0.010071,-0.011597,0.050049
0.012512,-0.013123,0.061035
0.01358,-0.0097656,0.045166
0.012054,-0.0048828,0.046387
0.011902,-0.0010681,0.042725
0.012207,0.0050354,0.047607
0.01358,0.0050354,0.040283
0.017548,0.004425,0.042725
0.026855,0.0027466,0.03418
0.026398,0.002594,0.036621
0.028076,0.0041199,0.037842
0.029297,0.0039673,0.042725
0.027924,0.0053406,0.039063
0.029144,0.002594,0.040283
0.028381,0.00091553,0.040283
0.032806,0.00045776,0.040283
0.034027,0,0.046387
0.031738,0.00061035,0.043945
0.027771,0.00030518,0.048828
0.024109,-0.00045776,0.040283
0.022736,-0.0018311,0.039063
0.023193,-0.0032043,0.046387
0.024414,-0.0039673,0.050049
0.025482,-0.0041199,0.050049
0.022583,-0.0045776,0.056152
0.019073,-0.0053406,0.057373
0.016327,-0.0056458,0.058594
0.015106,-0.0054932,0.058594
0.015869,-0.0057983,0.062256
0.017242,-0.005188,0.059814
0.019226,-0.005188,0.064697
0.018768,-0.0057983,0.058594
0.016479,-0.0054932,0.063477
0.014191,-0.0041199,0.059814
0.013885,-0.0027466,0.064697
0.012665,-0.002594,4.6106
0.013733,-0.0032043,4.9121
0.016022,-0.0045776,4.939
0.018158,-0.0062561,4.9353
0.018158,-0.0065613,4.9207
0.01709,-0.0057983,4.9316
0.01709,-0.0030518,4.928
0.017548,-0.0013733,4.9292
0.019989,-0.00030518,4.9255
0.021057,-0.0016785,4.9243
0.024109,-0.0042725,4.9255
0.022583,-0.0064087,4.9207
0.02243,-0.007782,4.9255
0.022125,-0.0073242,4.917
0.02243,-0.007782,4.9207
0.021362,-0.0074768,4.9182
0.021667,-0.0068665,4.9146
0.022125,-0.0064087,4.9219
0.021667,-0.0062561,4.9158
0.019684,-0.0057983,4.9097
0.016022,-0.0045776,4.9121
0.012512,-0.0028992,4.8962
0.009613,-0.00076294,4.9109
0.0093079,-0.00030518,4.9084
0.010834,-0.00076294,4.9109
0.012665,0.00015259,4.9097
0.013428,0.0012207,4.906
0.013885,0.00030518,4.9109
0.01297,0.0035095,4.9084
0.012512,0.002594,4.9084
0.011444,0.0028992,4.9084
0.01297,0.0032043,4.9158
0.015259,0.0012207,4.9133
0.015717,0.0015259,4.9194
0.016022,0.0071716,4.9158
0.016327,0.010681,4.9207
0.016022,0.012207,4.9292
0.016022,0.0086975,4.9255
0.018005,0.0038147,4.9365
0.022736,0.0028992,4.928
0.025787,0.0024414,4.9207
0.02655,0.0038147,4.9304
0.02533,0.0041199,4.9268
0.022125,0.0030518,4.9304
0.019073,0.00045776,4.9304
0.016327,-0.00076294,4.9255
0.014954,0.00091553,4.9329
0.013123,0.0033569,4.9304
0.010071,0.005188,4.9451
0.007782,0.0082397,4.9292
0.0059509,0.0062561,4.9377
0.005188,0.004425,4.9365
0.0054932,0.0036621,4.9365
0.0080872,0.0036621,4.9402
0.011749,0.0030518,4.939
0.015411,0.0036621,4.9329
0.015411,-0.00061035,4.9304
0.014496,-0.00015259,4.9304
0.011749,-0.0016785,4.928
0.010223,-0.0018311,4.9182
0.010986,-0.0028992,4.9194
0.01236,-0.0053406,4.9194
0.015411,-0.0021362,4.9194
0.016479,-0.0035095,4.917
0.018463,-0.0019836,4.9146
0.017242,-0.0010681,4.9182
0.01709,-0.00091553,4.9121
0.017853,0.0016785,4.9146
0.020447,0.0036621,4.9109
0.024109,0.0041199,4.9158
0.028229,0.0032043,4.9121
0.026245,-0.0024414,0.040283
0.026093,-0.0016785,0.054932
0.023041,-0.0022888,0.040283
0.020905,-0.0033569,0.050049
0.02121,-0.004425,0.037842
0.022583,-0.005188,0.024414
0.023346,-0.0064087,0.037842
0.02121,-0.0079346,0.040283
0.018616,-0.0065613,0.042725
0.017395,-0.004425,0.042725
0.016327,-0.0030518,0.041504
0.0177,-0.0024414,0.047607
0.018768,-0.002594,0.05249
0.020142,-0.0042725,0.053711
0.021667,-0.0061035,0.05127
0.023804,-0.005188,0.059814
0.022888,-0.0047302,0.058594
0.020905,-0.0062561,0.062256
0.020905,-0.0076294,0.070801
0.02243,-0.007782,0.062256
0.022278,-0.0062561,0.061035
0.024872,-0.0032043,0.062256
0.022888,-0.0027466,0.068359
0.02121,-0.0022888,0.059814
0.019531,-0.0013733,0.040283
0.020599,0.00030518,0.061035
0.022736,0.0024414,0.064697
0.026093,0.0045776,0.062256
0.028229,0.0053406,0.065918
0.027771,0.0041199,0.064697
0.027771,0.0013733,0.067139
0.025635,-0.0012207,0.05249
0.025177,-0.002594,0.062256
0.025482,-0.0013733,0.057373
0.026703,0.0013733,0.058594
0.027313,0.002594,0.056152
0.02655,0.002594,0.05249
0.023499,0.00030518,0.061035
0.021362,0.0053406,0.050049
0.019836,0.0048828,0.056152
0.020599,0.0022888,0.045166
0.020905,0.0038147,0.036621
0.02121,0.0033569,0.045166
0.02121,-0.0027466,0.042725
0.020905,-0.0027466,0.0354
0.021362,-0.0050354,0.041504
0.022888,-0.0012207,0.036621
0.023956,0.0085449,0.040283
0.026245,0.011597,0.036621
0.026703,0.013428,0.042725
0.027161,0.011597,0.0354
0.026398,0.005188,0.043945
0.024414,0.0059509,0.041504
0.02243,0.0068665,0.041504
0.021057,0.0059509,0.040283
0.019531,0.0090027,0.042725
0.022888,0.0083923,0.041504
0.02655,0.0054932,0.043945
0.028839,0.0054932,0.048828
0.028534,0.0022888,0.050049
0.026245,0.0024414,0.043945
0.023041,0.0022888,0.047607
0.020599,0.0015259,0.053711
0.020905,0.00045776,0.056152
0.022278,-0.00045776,0.057373
0.02243,-0.0021362,0.056152
0.023041,-0.004425,0.062256
0.024414,-0.0038147,0.059814
0.027313,-0.0016785,0.061035
0.029449,0.00015259,0.061035
0.030365,0.0033569,0.062256
0.031891,0.0067139,0.058594
0.032349,0.0050354,0.063477
0.031738,0.0045776,0.072021
0.024872,0.002594,0.065918
0.024872,-0.00061035,0.065918
0.019989,-0.0021362,0.068359
0.017395,-0.0065613,0.05249
0.019073,-0.011597,4.0063
0.018921,-0.013885,4.8743
0.022125,-0.011597,4.9231
0.023041,-0.005188,4.928
0.023651,-0.0035095,4.9255
0.024567,0.0013733,4.9255
0.026398,0.004425,4.9219
0.027161,0.0079346,4.9219
0.029602,0.0065613,4.9146
0.028687,0.0056458,4.917
0.030365,0.0024414,4.9158
0.031281,-0.00076294,4.9207
0.031586,-0.0012207,4.9146
0.031738,-0.00030518,4.9182
0.032196,0.0032043,4.9207
0.033569,0.0062561,4.9146
0.035248,0.007019,4.9207
0.033722,0.007782,4.9109
0.032043,0.0057983,4.9109
0.027466,0.0041199,4.9121
0.027313,0.005188,4.9084
0.02655,0.0056458,4.9072
0.026245,0.0059509,4.9109
0.027008,0.0032043,4.9072
0.024872,-0.00030518,4.9084
0.022888,-0.00015259,4.906
0.020599,-0.00030518,4.9133
0.016785,0.0030518,4.9109
0.012665,0.0057983,4.9158
0.010071,0.0068665,4.917
0.0099182,0.0065613,4.9182
0.011292,0.0032043,4.928
0.012665,0.00030518,4.9231
0.013885,0,4.9231
0.015717,0.00030518,4.9292
0.014191,0.0021362,4.928
0.014648,0.0039673,4.9292
0.016785,0.0041199,4.9243
0.018463,0.0036621,4.9341
0.017242,0.002594,4.9316
0.015259,0.0021362,4.9304
0.013428,0.0033569,4.9304
0.011597,0.0024414,4.9304
0.010834,0.0018311,4.9365
0.011444,0.00076294,4.9304
0.012817,0.0015259,4.9353
0.014191,0.0030518,4.9353
0.014496,0.0027466,4.939
0.013885,0.0039673,4.9304
0.011902,0.0030518,4.9353
0.01236,0.0027466,4.9438
0.012054,0.0030518,4.9329
0.014954,0.0033569,4.9353
0.016327,0.0022888,4.928
0.017242,0.0013733,4.9146
0.016022,-0.00045776,4.9194
0.015259,-0.0027466,4.9292
0.014496,-0.0012207,4.9194
0.014496,0.0016785,4.9219
0.015717,0.0057983,4.9133
0.016327,0.0076294,4.9182
0.015106,0.0065613,4.9158
0.014954,0.0036621,4.9133
0.012054,0,4.9109
0.009613,-0.0018311,4.9158
0.007019,-0.00045776,4.9133
0.0059509,0.0024414,4.9109
0.0079346,0.0056458,4.917
0.0071716,0.0064087,4.9109
0.0093079,0.005188,4.9072
0.0097656,0.0045776,4.9109
0.010834,0.0030518,4.8975
0.011902,0.009613,0.037842
0.01358,0.013123,0.05127
0.015259,0.011902,0.032959
0.01709,0.0086975,0.042725
0.01709,0.0019836,0.041504
0.016022,-0.0016785,0.047607
0.014191,-0.0032043,0.050049
0.010834,0.00015259,0.05249
0.0083923,0.0010681,0.046387
0.0047302,0.0022888,0.057373
0.004425,0.0033569,0.056152
0.0035095,0.0021362,0.062256
0.0033569,0.0013733,0.059814
0.0041199,0.0022888,0.061035
0.0062561,0.0050354,0.068359
0.0068665,0.0086975,0.062256
0.010986,0.009613,0.072021
0.012512,0.0085449,0.062256
0.012817,0.0067139,0.05127
0.013123,0.0032043,0.063477
0.013275,0.00091553,0.064697
0.01297,0.00076294,0.063477
0.012817,-0.00045776,0.065918
0.010834,0.0054932,0.064697
0.010071,0.0083923,0.065918
0.011597,0.010376,0.062256
0.010376,0.0085449,0.065918
0.012512,0.0045776,0.057373
0.016937,0.00076294,0.056152
0.019226,0.00091553,0.062256
0.021973,0.002594,0.054932
0.022736,0.0042725,0.057373
0.023041,0.0053406,0.05127
0.023041,0.0054932,0.050049
0.02182,0.00045776,0.045166
0.019684,-0.0059509,0.041504
0.017242,-0.012054,0.046387
0.012512,-0.012207,0.042725
0.011444,-0.0079346,0.042725
0.0091553,-0.0030518,0.039063
0.0088501,0.00030518,0.037842
0.0074768,-0.0018311,0.040283
0.0074768,-0.0038147,0.037842
0.0071716,-0.0056458,0.041504
0.0082397,-0.0041199,0.037842
0.010986,-0.00076294,0.040283
0.014038,0.0015259,0.040283
0.015717,0.0033569,0.041504
0.017853,0.0015259,0.040283
0.018616,-0.0018311,0.040283
0.019073,-0.0054932,0.054932
0.0177,-0.0076294,0.043945
0.019531,-0.0076294,0.05249
0.018311,-0.005188,0.047607
0.020905,-0.0045776,0.0354
0.02243,-0.0033569,0.047607
0.024261,-0.00076294,0.05249
0.025024,0.0018311,0.054932
0.026245,0.0056458,0.057373
0.026855,0.0032043,0.057373
0.027466,0.0086975,0.062256
0.029602,0.0076294,0.058594
0.026398,0.0073242,0.062256
0.027313,0.0057983,0.058594
0.026093,0.0045776,0.063477
0.025635,0.0027466,0.061035
0.022736,-0.00015259,0.068359
0.02243,-0.0022888,0.06958
0.023041,-0.0033569,0.062256
0.022888,-0.0022888,0.064697
0.023193,-0.0018311,0.065918
0.023346,0.00045776,0.076904
0.024567,0.00045776,0.061035
0.023651,-0.00015259,0.062256
0.024719,-0.00015259,0.063477
0.024872,-0.00091553,0.058594
0.026245,0.0053406,0.054932
0.024872,0.002594,0.056152
0.024261,0.0027466,4.4629
0.024109,0.0021362,4.8901
0.024261,0.00076294,4.9133
0.024261,-0.0013733,4.9194
0.024567,-0.0028992,4.9133
0.02594,-0.0064087,4.9158
0.027618,-0.0061035,4.917
0.028381,-0.0073242,4.9158
0.030518,-0.0065613,4.9194
0.03067,-0.0047302,4.9121
0.029907,-0.0030518,4.9048
0.028839,-0.00061035,4.9109
0.027008,-0.00091553,4.8962
0.027008,-0.0028992,4.9109
0.027771,-0.0065613,4.9109
0.028839,-0.0094604,4.906
0.028534,-0.011139,4.9121
0.028992,-0.009613,4.9072
0.029907,-0.0067139,4.9084
0.027161,-0.0056458,4.9072
0.027008,-0.0038147,4.9109
0.026245,-0.0042725,4.9109
0.024719,-0.004425,4.917
0.024109,-0.0035095,4.9158
0.023804,-0.0015259,4.9219
0.023804,-0.00030518,4.9182
0.023346,0.0021362,4.9194
0.02594,0.0033569,4.9158
0.029602,0.0045776,4.9255
0.032196,0.0059509,4.9377
0.035553,0.0074768,4.9304
0.037994,0.0080872,4.9182
0.038452,0.007782,4.9304
0.0383,0.0068665,4.9292
0.035248,0.0062561,4.9329
0.033112,0.0059509,4.9316
0.030823,0.0074768,4.928
0.029144,0.0061035,4.9329
0.028076,0.0033569,4.9329
0.028229,0.00030518,4.9341
0.027161,-0.0086975,4.9304
0.02655,-0.0057983,4.9377
0.024872,-0.0054932,4.9353
0.023346,-0.0047302,4.9377
0.021973,-0.0036621,4.9451
0.020599,-0.005188,4.9353
0.019531,-0.0067139,4.928
0.019226,-0.0074768,4.9304
0.019379,-0.0059509,4.9109
0.020294,-0.0038147,4.9194
0.018768,-0.00030518,4.9194
0.018768,0.0028992,4.9207
0.018616,0.0033569,4.9158
0.019226,0.0039673,4.9182
0.021515,0.0057983,4.9194
0.024414,0.0090027,4.9158
0.027313,0.013428,4.9158
0.028839,0.018005,4.9097
0.028687,0.01709,4.9133
0.028381,0.01297,4.9121
0.028534,0.0083923,4.9133
0.028687,0.0039673,4.9072
0.029144,0.0039673,4.9121
0.029144,0.0068665,4.9158
0.028992,0.0085449,4.9109
0.02655,0.010529,4.9182
0.023804,0.011749,4.9072
0.022583,0.011292,4.9036
0.020294,0.011902,4.9121
0.020447,0.011292,4.9121
0.019989,0.010529,4.9109
0.021057,0.0094604,4.9146
0.020599,0.0073242,0.045166
0.018463,0.0035095,0.05127
0.016785,-0.00061035,0.046387
0.015411,-0.0053406,0.059814
0.013428,-0.0094604,0.05249
0.010834,-0.012512,0.062256
0.0057983,-0.012665,0.062256
0.0016785,-0.012207,0.061035
-0.0013733,-0.0091553,0.070801
-0.00045776,-0.0062561,0.063477
0.0021362,-0.005188,0.065918
0.0067139,-0.0053406,0.062256
0.010681,-0.0057983,0.058594
0.013275,-0.0059509,0.062256
0.016022,-0.0036621,0.067139
0.018158,-0.0013733,0.063477
0.020142,0.0013733,0.064697
0.022736,0.0016785,0.065918
0.022583,0.00091553,0.068359
0.02182,-0.0022888,0.063477
0.021057,-0.0024414,0.068359
0.020599,-0.0032043,0.058594
0.020752,0.00045776,0.061035
0.02243,0.0054932,0.058594
0.023041,0.009613,0.059814
0.023499,0.010376,0.05127
0.024567,0.010376,0.05249
0.023499,0.0091553,0.059814
0.022583,0.009613,0.050049
0.021973,0.0094604,0.059814
0.019684,0.0079346,0.046387
0.017395,0.007019,0.041504
0.014496,0.0047302,0.041504
0.010681,0.0012207,0.042725
0.0061035,-0.0012207,0.040283
0.0018311,-0.0032043,0.041504
-0.0018311,-0.0016785,0.036621
-0.0041199,0,0.043945
-0.0045776,0.0022888,0.039063
-0.0045776,0.002594,0.039063
-0.0019836,0.0047302,0.039063
0.0012207,0.0047302,0.041504
0.0047302,0.0047302,0.041504
0.0091553,0.004425,0.042725
0.011749,0.0030518,0.054932
0.013733,0.0012207,0.042725
0.014038,0,0.045166
0.015717,-0.00030518,0.043945
0.015259,0.0019836,0.0354
0.016022,0.0030518,0.046387
0.016327,0.0042725,0.048828
0.017242,0.0036621,0.047607
0.017548,0.0027466,0.053711
0.017548,0.0016785,0.054932
0.018311,0.00091553,0.059814
0.019073,0.0018311,0.059814
0.019531,0.0012207,0.061035
0.021057,-0.00030518,0.061035
0.021667,-0.0012207,0.063477
0.016632,-0.0016785,0.058594
0.020294,-0.0019836,0.065918
0.018768,0.00091553,0.064697
0.019684,0.002594,0.061035
0.016327,0.0036621,0.06958
0.014954,0.0039673,0.067139
0.015411,0.0061035,0.078125
0.013123,0.0059509,0.064697
0.013275,0.0059509,0.053711
0.012665,0.0057983,0.063477
0.01236,0.0056458,0.058594
0.013123,0.004425,0.056152
0.013123,0.0045776,0.058594
0.014954,0.0013733,0.05127
0.01709,0.0012207,0.053711
0.018616,0.00091553,0.048828
0.020599,-0.0010681,0.050049
0.021057,-0.0010681,0.046387
0.02182,-0.0024414,0.089111
0.022736,-0.0045776,4.6289
0.02243,-0.0059509,4.8938
0.024261,-0.0062561,4.9072
0.02243,-0.0094604,4.9158
0.02243,-0.0090027,4.9109
0.020752,-0.011444,4.9084
0.021057,-0.013885,4.8999
0.020752,-0.014648,4.9109
0.022583,-0.014648,4.9084
0.022583,-0.012054,4.906
0.024109,-0.0082397,4.9084
0.024567,-0.0068665,4.9084
0.025635,-0.0068665,4.9072
0.027924,-0.0082397,4.906
0.025635,-0.014191,4.8999
0.025024,-0.011902,4.9097
0.023651,-0.012665,4.9146
0.023499,-0.010071,4.9133
0.022736,-0.010681,4.917
0.020599,-0.010223,4.9158
0.020294,-0.0086975,4.9243
0.019379,-0.0080872,4.9353
0.018616,-0.0071716,4.9207
0.017853,-0.0045776,4.9365
0.019379,-0.0042725,4.9304
0.020142,-0.0030518,4.9146
0.019379,-0.0019836,4.9292
0.019531,-0.0012207,4.9292
0.019226,-0.0013733,4.9316
0.019531,-0.00045776,4.9292
0.019684,-0.0018311,4.9243
0.020905,-0.0018311,4.9341
0.022278,-0.00045776,4.9304
0.021973,0.0010681,4.939
0.02121,0.0024414,4.9292
0.020447,0.002594,4.939
0.019989,0.0022888,4.9365
0.020905,0,4.9353
0.022736,-0.0024414,4.9414
0.023956,-0.0028992,4.9365
0.024261,-0.0027466,4.9207
0.022125,-0.00076294,4.9316
0.021057,-0.00015259,4.9292
0.020447,0.00045776,4.9219
0.023651,0,4.917
0.021973,-0.00091553,4.9207
0.02243,-0.0012207,4.9207
0.022278,-0.0016785,4.9182
0.021973,-0.0021362,4.9182
0.022278,-0.0047302,4.9133
0.02121,-0.0088501,4.9158
0.023651,-0.011902,4.9072
0.024261,-0.014038,4.9158
0.023346,-0.014801,4.9097
0.022736,-0.012665,4.9133
0.02182,-0.010071,4.9097
0.020294,-0.01236,4.9097
0.020599,-0.0090027,4.9194
0.020752,-0.010071,4.9109
0.020447,-0.010529,4.9292
0.019073,-0.011444,4.9109
0.018921,-0.0093079,4.8999
0.018616,-0.0076294,4.9121
0.018158,-0.0054932,4.9097
0.018005,-0.0050354,4.9133
0.018463,-0.0054932,4.9133
0.017242,-0.0065613,4.9158
0.017548,-0.0050354,4.9158
0.017853,-0.0010681,4.9207
0.020294,0.0028992,4.9304
0.02243,0.0065613,4.9219
0.024261,0.010071,4.9292
0.027008,0.0073242,4.928
0.029297,0.0053406,0.053711
0.031586,0.0050354,0.064697
0.032501,0.0042725,0.068359
0.034027,0.0027466,0.062256
0.034637,0.0018311,0.061035
0.033569,-0.0021362,0.070801
0.032349,-0.0061035,0.062256
0.029755,-0.0088501,0.057373
0.026703,-0.010223,0.062256
0.024719,-0.010071,0.061035
0.022888,-0.011444,0.065918
0.022888,-0.01236,0.068359
0.021667,-0.012207,0.063477
0.020752,-0.0093079,0.065918
0.01709,-0.0079346,0.058594
0.016632,0.00045776,0.063477
0.016022,0.004425,0.058594
0.016174,0.0047302,0.056152
0.016327,0.0027466,0.05127
0.016327,-0.0015259,0.053711
0.01709,-0.0050354,0.067139
0.017242,-0.0094604,0.050049
0.01709,-0.010071,0.05127
0.01709,-0.0099182,0.045166
0.016785,-0.010529,0.029297
0.017395,-0.010223,0.040283
0.017548,-0.007782,0.041504
0.018768,-0.0050354,0.037842
0.021362,-0.0016785,0.039063
0.023804,-0.00045776,0.037842
0.026703,0.00030518,0.043945
0.028992,-0.0018311,0.037842
0.031433,-0.0041199,0.037842
0.03479,-0.0036621,0.037842
0.035553,-0.0028992,0.041504
0.035095,-0.0016785,0.039063
0.034637,-0.00030518,0.042725
0.031586,-0.00061035,0.042725
0.027771,0.00045776,0.042725
0.023346,0.00076294,0.040283
0.019989,0.0030518,0.045166
0.019836,0.0048828,0.047607
0.019379,0.0071716,0.047607
0.020294,0.0053406,0.042725
0.019684,0.0065613,0.05127
0.018463,0.0035095,0.05249
0.016785,0.0067139,0.053711
0.013885,0.0085449,0.062256
0.010529,0.01297,0.058594
0.0061035,0.02121,0.064697
0.0019836,0.030365,0.059814
0.00045776,0.040283,0.062256
0.00076294,0.04776,0.063477
0.0047302,0.050964,0.062256
0.0093079,0.050812,0.062256
0.017395,0.046234,0.063477
0.024567,0.040588,0.072021
0.030518,0.035553,0.067139
0.036926,0.031433,0.06958
0.041504,0.026398,0.065918
0.045776,0.021057,0.058594
0.047913,0.012054,0.063477
0.046234,0.0035095,0.063477
0.040588,0.00076294,0.057373
0.031281,0.0019836,0.057373
0.018768,0.0062561,0.05249
0.0050354,0.010071,0.053711
-0.0080872,0.0079346,0.047607
-0.015717,-0.0021362,0.05249
-0.020447,-0.015259,0.046387
-0.022583,-0.028076,0.042725
-0.023346,-0.037994,0.05127
-0.023346,-0.039978,0.046387
-0.022888,-0.039063,0.042725
-0.022125,-0.03418,0.041504
-0.019073,-0.026398,0.050049
-0.011749,-0.01297,0.040283
-0.0036621,0.0041199,4.3494
0.0042725,0.020447,4.8743
0.011597,0.031738,4.9036
0.017395,0.035553,4.9084
0.023346,0.029449,4.906
0.028381,0.018463,4.906
0.0354,0.0073242,4.9084
0.040436,0.0010681,4.9048
0.041809,-0.0012207,4.9084
0.039215,0.0012207,4.9084
0.033875,0.002594,4.9158
0.027008,0.0019836,4.9133
0.022736,-0.00045776,4.9158
0.020599,0.00061035,4.917
0.021667,0.0057983,4.9194
0.022583,0.015717,4.9353
0.024414,0.024719,4.9255
0.025482,0.028229,4.928
0.025024,0.026245,4.9304
0.024261,0.018768,4.9316
0.020447,0.0094604,4.9316
0.016937,0.0061035,4.9182
0.010529,0.0041199,4.9304
0.0050354,0.0045776,4.9292
0.00015259,0.0047302,4.928
-0.002594,0.0036621,4.9316
-0.002594,-0.00030518,4.9304
-0.0032043,-0.002594,4.9316
-0.0027466,-0.0079346,4.9292
-0.002594,-0.013733,4.9341
-0.00076294,-0.021515,4.9292
0.0030518,-0.027618,4.9377
0.009613,-0.031281,4.9353
0.014343,-0.030823,4.9353
0.02121,-0.027313,4.9365
0.026398,-0.024261,4.9316
0.027008,-0.02243,4.9426
0.031433,-0.018768,4.9243
0.036469,-0.016479,4.9146
0.040741,-0.01297,4.9207
0.044861,-0.0083923,4.9231
0.045166,-0.0068665,4.9158
0.045319,-0.0086975,4.9219
0.044098,-0.01297,4.9109
0.042572,-0.018463,4.917
0.039063,-0.021362,4.9109
0.034943,-0.020905,4.9072
0.032959,-0.015564,4.9084
0.032959,-0.013733,4.9133
0.031433,-0.010223,4.9109
0.032501,-0.011444,4.9133
0.033722,-0.0057983,4.9097
0.034485,-0.0045776,4.9146
0.032043,-0.0033569,4.9109
0.028076,-0.0022888,4.9084
0.020905,-0.0019836,4.9048
0.011444,-0.0030518,4.9121
-0.0013733,-0.0047302,4.9072
-0.0028992,-0.004425,4.9133
-0.0061035,-0.002594,4.9121
-0.0053406,0.0018311,4.9133
-0.0018311,0.0068665,4.9158
0.0010681,0.012665,4.917
0.011749,0.014343,4.9255
0.018768,0.015259,4.9255
0.023804,0.016937,4.928
0.025635,0.01236,4.9304
0.023499,0.0093079,4.9353
0.018921,0.0073242,4.9304
0.011902,0.0042725,4.9341
0.0088501,0.0028992,4.9353
0.0076294,0.0015259,4.9341
0.009613,0.00015259,4.9377
0.016479,-0.00030518,1.366
0.026855,0.00091553,0.043945
0.036163,0.0024414,0.059814
0.041656,0.002594,0.061035
0.04364,0.00076294,0.065918
0.039673,-0.0048828,0.064697
0.034485,-0.012054,0.061035
0.027161,-0.019531,0.067139
0.019989,-0.020905,0.062256
0.013885,-0.021973,0.061035
0.0094604,-0.019836,0.056152
0.0059509,-0.016632,0.057373
0.0076294,-0.012054,0.054932
0.011444,-0.0082397,0.054932
0.018158,-0.0035095,0.059814
0.027008,0.00091553,0.05249
0.033722,0.0050354,0.042725
0.0383,0.007019,0.048828
0.037537,0.0071716,0.0354
0.033112,0.0068665,0.045166
0.027466,0.0061035,0.043945
0.022736,0.0047302,0.043945
0.018005,0.0056458,0.039063
0.015106,0.011749,0.036621
0.013885,0.019989,0.039063
0.013428,0.029449,0.037842
0.014343,0.036926,0.037842
0.014801,0.040588,0.031738
0.01709,0.037537,0.041504
0.019531,0.031128,0.040283
0.020905,0.020905,0.041504
0.02182,0.010529,0.037842
0.018768,0.00091553,0.040283
0.013885,-0.0057983,0.05127
0.014191,-0.012665,0.046387
0.011444,-0.014038,0.058594
0.010071,-0.015869,0.047607
0.010223,-0.016785,0.037842
0.010071,-0.015717,0.05249
0.012207,-0.014954,0.056152
0.011292,-0.014038,0.054932
0.012512,-0.015564,0.058594
0.013123,-0.015869,0.056152
0.015564,-0.022888,0.063477
0.019379,-0.028687,0.061035
0.023651,-0.035248,0.063477
0.025787,-0.03891,0.059814
0.02533,-0.038605,0.063477
0.02655,-0.037537,0.062256
0.026093,-0.027771,0.064697
0.025482,-0.021667,0.06958
0.026398,-0.016632,0.065918
0.029449,-0.013123,0.065918
0.032806,-0.0094604,0.065918
0.03891,-0.0050354,0.073242
0.043793,-0.0028992,0.065918
0.04715,0.00061035,0.062256
0.048676,0.0019836,0.062256
0.050354,0.00076294,0.057373
0.048676,-0.00015259,0.054932
0.05127,0,0.053711
0.049286,0.0048828,0.050049
0.04776,0.012054,0.05249
0.044708,0.018616,0.046387
0.04364,0.020905,0.048828
0.041962,0.022278,0.050049
0.040436,0.020905,0.047607
0.039215,0.020447,0.046387
0.036774,0.02182,0.045166
0.033417,0.023651,0.056152
0.028229,0.025482,0.040283
0.021667,0.025787,0.047607
0.015411,0.022278,0.041504
0.011902,0.018311,0.025635
0.010681,0.013885,0.0354
0.01358,0.012054,0.040283
0.016937,0.011139,0.040283
0.019684,0.009613,2.8186
0.020752,0.0071716,4.7791
0.019989,0.0015259,4.8987
0.019379,-0.0039673,4.9036
0.019226,-0.011292,4.9109
0.017395,-0.015717,4.9097
0.01358,-0.018463,4.9158
0.0082397,-0.018921,4.9158
0.004425,-0.017853,4.9243
0.0019836,-0.015717,4.9255
0.0047302,-0.01297,4.9243
0.0091553,-0.0099182,4.9243
0.015564,-0.0067139,4.9292
0.023041,-0.0047302,4.9402
0.027008,-0.0041199,4.9316
0.029144,-0.004425,4.9255
0.029449,-0.00076294,4.9316
0.027618,0.0027466,4.9292
0.025482,0.0064087,4.928
0.023499,0.0057983,4.9341
0.019989,0.0080872,4.9316
0.018311,0.0054932,4.9341
0.0177,0.0039673,4.9304
0.019073,0.0032043,4.9402
0.021362,0.0041199,4.9365
0.024872,0.0053406,4.9353
0.028534,0.0047302,4.9329
0.030365,0.0030518,4.9316
0.028839,0,4.9402
0.025024,-0.0021362,4.9304
0.020905,-0.00061035,4.9268
0.013885,0.0033569,4.9268
0.0068665,0.0091553,4.9133
0.0036621,0.01358,4.9207
0.002594,0.015717,4.9194
0.0073242,0.015564,4.9109
0.0091553,0.012665,4.9231
0.012512,0.010529,4.9158
0.015259,0.0082397,4.9158
0.016022,0.0068665,4.9121
0.01709,0.0050354,4.9146
0.020142,0.00091553,4.9121
0.023804,-0.0042725,4.9146
0.027618,-0.010071,4.9133
0.028229,-0.014954,4.9182
0.026855,-0.014801,4.9084
0.024261,-0.013733,4.9097
0.022583,-0.010681,4.9133
0.023499,-0.0083923,4.9097
0.027466,-0.0074768,4.9146
0.030365,-0.0091553,4.9097
0.03418,-0.0088501,4.9011
0.033875,-0.0083923,4.9109
0.033112,-0.0057983,4.9121
0.03067,-0.0024414,4.9158
0.029602,-0.00091553,4.9194
0.03006,-0.00015259,4.9146
0.031738,-0.00061035,4.9243
0.032043,0.00045776,4.9243
0.027924,0.0013733,4.928
0.029144,0.0016785,4.9255
0.026093,0.0013733,4.9316
0.023956,0.0012207,4.9304
0.024109,0.0019836,4.9365
0.024261,0.0048828,4.9451
0.024414,0.007019,4.9329
0.022888,0.0076294,4.9341
0.020294,0.0067139,4.9329
0.015869,0.0080872,4.9207
0.012054,0.0082397,4.9341
0.0097656,0.0099182,4.9329
0.010071,0.011597,4.9304
0.011597,0.01236,4.9341
0.01358,0.011749,4.9329
0.015411,0.0091553,0.068359
0.016632,0.007019,0.059814
0.016632,0.002594,0.062256
0.017242,0.0019836,0.057373
0.018158,0.0010681,0.056152
0.018311,0.0010681,0.053711
0.01709,-0.0015259,0.054932
0.016174,-0.0030518,0.053711
0.012665,-0.0047302,0.05249
0.012512,-0.0048828,0.057373
0.012054,-0.0088501,0.046387
0.015106,-0.010834,0.061035
0.020447,-0.012512,0.043945
0.02655,-0.013428,0.046387
0.033264,-0.015106,0.040283
0.037689,-0.016785,0.041504
0.039215,-0.016327,0.037842
0.039673,-0.016022,0.040283
0.040436,-0.016479,0.03418
0.040588,-0.016632,0.040283
0.044403,-0.016022,0.036621
0.037994,-0.014801,0.041504
0.036011,-0.015869,0.037842
0.033264,-0.012817,0.041504
0.032501,-0.011292,0.039063
0.031738,-0.010529,0.042725
0.032501,-0.0085449,0.048828
0.033112,-0.0080872,0.043945
0.032654,-0.012054,0.05127
0.031128,-0.01358,0.047607
0.026703,-0.011444,0.040283
0.023651,-0.0074768,0.05249
0.020142,-0.0010681,0.054932
0.019836,0.005188,0.05249
0.019836,0.009613,0.054932
0.021515,0.012512,0.059814
0.023346,0.012817,0.05249
0.023193,0.012054,0.058594
0.024872,0.01236,0.064697
0.025787,0.01236,0.057373
0.026245,0.011597,0.063477
0.027924,0.0088501,0.061035
0.022736,0.0027466,0.064697
0.027924,-0.0033569,0.062256
0.025635,-0.0064087,0.068359
0.024261,-0.013123,0.070801
0.02121,-0.01358,0.061035
0.018768,-0.01236,0.074463
0.019226,-0.010376,0.068359
0.018616,-0.0090027,0.05127
0.018463,-0.0091553,0.061035
0.017242,-0.010681,0.059814
0.015411,-0.009613,0.057373
0.013733,-0.0093079,0.054932
0.012817,-0.0073242,0.047607
0.012665,-0.0050354,0.05249
0.01358,-0.0033569,0.045166
0.015564,-0.0032043,0.046387
0.015717,-0.0016785,0.045166
0.012054,-0.00030518,0.048828
0.014801,0.0015259,0.045166
0.013123,0.0035095,0.042725
0.013428,0.0047302,0.050049
0.014038,0.005188,0.041504
0.013275,0.004425,0.037842
0.012817,-0.00045776,0.039063
0.011749,-0.0035095,0.023193
0.010681,-0.0073242,0.040283
0.010376,-0.007019,0.03418
0.010986,-0.0059509,0.036621
0.01297,-0.0041199,0.037842
0.016022,-0.002594,0.039063
0.018616,-0.002594,0.040283
0.021362,-0.0024414,0.037842
0.023956,-0.0028992,0.042725
0.025024,-0.0030518,0.039063
0.025482,-0.0019836,0.047607
0.02594,-0.0010681,4.5374
0.027313,0.00045776,4.8938
0.027924,0.0018311,4.9158
0.027008,-0.00030518,4.9231
0.025024,-0.0030518,4.9268
0.023499,-0.0059509,4.928
0.021973,-0.0068665,4.9377
0.023193,-0.0053406,4.9329
0.023499,-0.0018311,4.9207
0.026093,0.00091553,4.9341
0.025024,0.00091553,4.9304
0.028381,-0.00076294,4.928
0.030823,-0.0018311,4.9146
0.032349,-0.00015259,4.9316
0.036469,0.0061035,4.9353
0.038452,0.012054,4.9304
0.040283,0.016327,4.9377
0.040436,0.016937,4.9316
0.041199,0.012817,4.9377
0.041199,0.0097656,4.9341
0.040894,0.005188,4.9353
0.038452,0.0027466,4.9377
0.03479,0.0010681,4.9316
0.032959,-0.00091553,4.928
0.031128,-0.0021362,4.9231
0.029449,-0.0050354,4.9292
0.028229,-0.0080872,4.9207
0.025177,-0.0080872,4.917
0.021362,-0.0073242,4.9158
0.016327,-0.0045776,4.9194
0.012665,-0.0016785,4.9146
0.012054,0.0015259,4.9182
0.012665,0.0019836,4.906
0.014954,0.00091553,4.9109
0.017853,0.00045776,4.9084
0.019989,-0.00061035,4.9109
0.021057,-0.0010681,4.9097
0.022125,-0.0018311,4.9158
0.022888,-0.0038147,4.9072
0.023651,-0.0047302,4.9133
0.023651,-0.0062561,4.9219
0.022583,-0.0061035,4.9097
0.020752,-0.0054932,4.9182
0.018616,-0.0036621,4.9109
0.016327,-0.00076294,4.8938
0.014191,0.0036621,4.9109
0.015411,0.010834,4.9146
0.015717,0.016937,4.9158
0.016479,0.021973,4.917
0.016632,0.023346,4.917
0.014038,0.022888,4.9243
0.014343,0.021667,4.9255
0.012817,0.020447,4.9292
0.012665,0.020752,4.9255
0.014038,0.020599,4.9341
0.015564,0.019226,4.9329
0.016632,0.015717,4.9329
0.016022,0.010376,4.9377
0.014191,0.0050354,4.9316
0.012054,0.0032043,4.928
0.010071,0.0028992,4.9353
0.0086975,0.0035095,4.9402
0.0057983,0.00045776,4.9329
0.0047302,-0.0041199,4.917
0.0024414,-0.007019,4.9353
0.00076294,-0.013428,4.9377
0.00061035,-0.015564,4.9219
0.0022888,-0.015106,4.9377
0.0035095,-0.013733,4.9304
0.0054932,-0.0099182,4.9316
0.0068665,-0.005188,4.928
0.0097656,-0.0019836,4.9353
0.013428,0.00045776,4.9231
0.020142,0.0041199,0.05249
0.024872,0.010681,0.05127
0.029907,0.016479,0.053711
0.03418,0.023346,0.056152
0.038757,0.024567,0.048828
0.042877,0.023346,0.054932
0.046234,0.02182,0.042725
0.04715,0.017242,0.0354
0.046234,0.016937,0.043945
0.044098,0.019684,0.041504
0.041809,0.020447,0.036621
0.039673,0.0177,0.037842
0.036774,0.010681,0.039063
0.031128,0.0045776,0.039063
0.024719,0.0027466,0.03418
0.019226,0.0065613,0.039063
0.016937,0.017548,0.036621
0.012817,0.023193,0.040283
0.009613,0.025787,0.041504
0.0061035,0.028076,0.041504
0.0048828,0.024719,0.043945
0.0027466,0.020752,0.045166
0.0021362,0.013885,0.042725
0.0021362,0.0054932,0.048828
0.0024414,-0.0021362,0.05127
0.0024414,-0.010681,0.05127
0.0030518,-0.017548,0.05249
0.0028992,-0.023041,0.053711
0.0036621,-0.024109,0.056152
0.0032043,-0.020752,0.057373
0.0033569,-0.016174,0.059814
0.0032043,-0.010986,0.058594
0.0042725,-0.0094604,0.067139
0.007782,-0.0097656,0.057373
0.01358,-0.0093079,0.063477
0.020447,-0.0094604,0.061035
0.026245,-0.0074768,0.063477
0.02594,-0.0047302,0.058594
0.033264,-0.0024414,0.065918
0.037842,-0.00076294,0.079346
0.041656,-0.00061035,0.063477
0.045319,-0.0012207,0.068359
0.047302,-0.0016785,0.065918
0.045776,-0.0027466,0.046387
0.042877,-0.0059509,0.061035
0.0383,-0.0099182,0.058594
0.037994,-0.014038,0.050049
0.030975,-0.018158,0.054932
0.030975,-0.02121,0.05249
0.030365,-0.023346,0.05249
0.029602,-0.02594,0.048828
0.028839,-0.024872,0.045166
0.028992,-0.022583,0.047607
0.028687,-0.018158,0.047607
0.029602,-0.012817,0.045166
0.030518,-0.0076294,0.043945
0.031586,-0.0028992,0.043945
0.029602,0.00030518,0.043945
0.027466,0.0028992,0.046387
0.026703,0.005188,0.039063
0.02655,0.010529,0.042725
0.027924,0.016022,0.036621
0.027924,0.019226,0.036621
0.027161,0.019684,0.040283
0.025177,0.018158,0.036621
0.023956,0.013275,0.0354
0.018463,0.0093079,0.040283
0.022888,0.0064087,0.037842
0.022888,0.0083923,0.039063
0.021973,0.0068665,0.040283
0.02243,0.0064087,0.047607
0.022278,0.005188,0.045166
0.023193,0.0019836,0.050049
0.02533,-0.0022888,0.05249
0.026855,-0.0062561,0.054932
0.028839,-0.0082397,0.065918
0.029144,-0.010529,0.058594
0.027313,-0.011749,3.1921
0.024872,-0.014954,4.823
0.020599,-0.017853,4.9219
0.018463,-0.019073,4.928
0.014343,-0.019226,4.9292
0.012512,-0.015259,4.928
0.010223,-0.011902,4.9268
0.0086975,-0.0071716,4.9292
0.0082397,-0.0054932,4.9316
0.009613,-0.0045776,4.9329
0.011139,-0.0053406,4.9353
0.014191,-0.0074768,4.9304
0.017242,-0.0022888,4.9438
0.020752,-0.00045776,4.9353
0.023651,0,4.9353
0.024261,-0.00045776,4.9316
0.023956,-0.0027466,4.9341
0.024719,-0.0041199,4.9377
0.025635,-0.0038147,4.9255
0.023041,-0.00076294,4.9329
0.026398,0.0038147,4.9219
0.028229,0.0080872,4.917
0.029602,0.0086975,4.9158
0.031433,0.007782,4.9194
0.032654,0.0064087,4.9182
0.03418,0.0054932,4.9158
0.034637,0.0071716,4.9109
0.0354,0.0065613,4.9158
0.033722,0.0076294,4.9121
0.031738,0.0059509,4.9097
0.027618,0.0030518,4.9072
0.023651,0,4.9158
0.020142,-0.0036621,4.9097
0.01709,-0.0048828,4.8999
0.014343,-0.0062561,4.9182
0.012054,-0.0062561,4.9097
0.010834,-0.0074768,4.9097
0.01297,-0.0082397,4.9109
0.015717,-0.011444,4.8962
0.017548,-0.01358,4.9121
0.019226,-0.017395,4.8926
0.021667,-0.020142,4.9146
0.023193,-0.023346,4.9158
0.023193,-0.024719,4.9121
0.023499,-0.027618,4.9133
0.023499,-0.027924,4.9194
0.023346,-0.02533,4.9255
0.024872,-0.022888,4.9207
0.027618,-0.016937,4.9341
0.032654,-0.009613,4.9292
0.037689,-0.0030518,4.9329
0.042267,0.0028992,4.9304
0.045929,0.0068665,4.9329
0.048065,0.0094604,4.9353
0.049133,0.010681,4.9268
0.049744,0.011902,4.9451
0.048676,0.012817,4.9329
0.046844,0.015259,4.9219
0.043488,0.013428,4.9353
0.040588,0.016785,4.9304
0.037994,0.017395,4.9353
0.036316,0.017395,4.939
0.035248,0.017395,4.9353
0.033264,0.016174,4.9341
0.031433,0.016174,4.9292
0.029144,0.015411,4.9304
0.025482,0.015106,4.9219
0.023651,0.013885,4.9255
0.019684,0.011902,4.9219
0.016479,0.010071,4.9243
0.013428,0.0086975,4.9255
0.010834,0.0080872,4.9231
0.0088501,0.0067139,4.917
0.0073242,0.0033569,0.046387
0.0082397,0.0013733,0.039063
0.0091553,-0.0013733,0.041504
0.011444,-0.0041199,0.041504
0.014648,-0.0050354,0.036621
0.016022,-0.0062561,0.041504
0.01709,-0.0068665,0.039063
0.016022,-0.0091553,0.039063
0.013123,-0.010986,0.037842
0.010681,-0.010223,0.041504
0.0088501,-0.0086975,0.036621
0.0085449,-0.0047302,0.042725
0.010529,-0.0013733,0.040283
0.012207,0.0016785,0.045166
0.015259,0.0036621,0.036621
0.017548,0.005188,0.046387
0.022278,0.0047302,0.05249
0.028229,0.0062561,0.047607
0.034485,0.0079346,0.059814
0.038605,0.010681,0.05249
0.039978,0.010681,0.037842
0.03952,0.013885,0.053711
0.037079,0.013885,0.053711
0.036011,0.011444,0.059814
0.03418,0.0099182,0.054932
0.032196,0.0068665,0.056152
0.031738,0.0042725,0.064697
0.029602,0.0013733,0.059814
0.028381,0.00015259,0.064697
0.026093,0.002594,0.059814
0.023499,0.0054932,0.064697
0.020599,0.0083923,0.061035
0.016327,0.010529,0.065918
0.011597,0.011292,0.075684
0.0061035,0.0088501,0.063477
0.00045776,0.0073242,0.063477
-0.0028992,0.0073242,0.070801
-0.002594,0.0079346,0.068359
-0.00030518,0.0073242,0.062256
0.0045776,0.0076294,0.063477
0.010986,0.0071716,0.061035
0.016937,0.0056458,0.054932
0.021667,0.0033569,0.050049
0.025635,0.0018311,0.05249
0.025787,0.00030518,0.048828
0.02594,-0.00061035,0.046387
0.024567,-0.0016785,0.046387
0.02121,-0.00045776,0.045166
0.019531,0.00091553,0.046387
0.018616,0.0010681,0.045166
0.013733,0.00061035,0.043945
0.019073,0.00076294,0.045166
0.021973,0.00091553,0.053711
0.024261,0.0016785,0.041504
0.026703,0.0032043,0.05249
0.028534,0.005188,0.039063
0.029755,0.0054932,0.029297
0.028534,0.0042725,0.036621
0.027008,0.0024414,0.041504
0.02533,0.00091553,0.037842
0.020294,-0.0010681,0.041504
0.016174,-0.0021362,0.0354
0.012207,-0.0024414,0.039063
0.010986,-0.0019836,0.043945
0.010223,-0.00061035,0.045166
0.01297,0.00045776,0.043945
0.014496,0.0012207,0.047607
0.017395,0.004425,0.053711
0.019073,0.0038147,0.054932
0.020142,0.0039673,0.058594
0.020599,0.0050354,0.057373
0.02243,0.0050354,0.057373
0.021515,0.0042725,0.058594
0.021057,0.0065613,0.056152
0.020447,0.0065613,0.062256
0.020447,0.0059509,0.057373
0.023041,0.0056458,0.059814
0.026093,0.0045776,0.057373
0.028534,0.0048828,4.5349
0.03067,0.0041199,4.9036
0.030975,0.0047302,4.9243
0.03006,0.0024414,4.9329
0.029907,0.0012207,4.9341
0.028992,-0.00091553,4.9365
0.028229,-0.002594,4.9329
0.026703,-0.0039673,4.9353
0.027466,-0.0062561,4.9316
0.028076,-0.0090027,4.9329
0.032806,-0.010376,4.9414
0.031738,-0.0093079,4.9268
0.033722,-0.012054,4.9243
0.034943,-0.011292,4.9255
0.036316,-0.0076294,4.9048
0.037079,-0.007782,4.917
0.035706,-0.0057983,4.9194
0.036469,-0.005188,4.9207
0.034332,-0.0061035,4.9158
0.035553,-0.0083923,4.9158
0.034027,-0.012054,4.9133
0.033264,-0.01236,4.9158
0.031738,-0.012817,4.9109
0.030823,-0.010986,4.9048
0.028839,-0.0093079,4.9133
0.028229,-0.0068665,4.9097
0.027618,-0.0061035,4.9121
0.027008,-0.0032043,4.9109
0.026245,-0.0013733,4.9121
0.025177,-0.00030518,4.9109
0.023956,-0.0010681,4.9146
0.023346,0.00061035,4.9011
0.022888,0.00045776,4.9109
0.023956,0.0035095,4.9023
0.025635,0.0042725,4.9133
0.023956,0.0053406,4.9133
0.026398,0.0041199,4.9121
0.027161,0.0024414,4.9207
0.027618,0.00030518,4.917
0.028992,-0.00045776,4.9231
0.029297,0.00076294,4.9231
0.026703,0.0012207,4.9304
0.025024,0.00045776,4.9304
0.022278,-0.0027466,4.9341
0.018158,-0.0065613,4.9292
0.016022,-0.011749,4.9329
0.016022,-0.012817,4.939
0.016479,-0.011444,4.9353
0.015717,-0.0083923,4.9341
0.016632,-0.0047302,4.9316
0.018921,-0.0021362,4.9304
0.020599,-0.0032043,4.9341
0.021362,-0.00091553,4.9292
0.02243,-0.0036621,4.9304
0.023193,-0.0039673,4.9353
0.023499,-0.005188,4.9329
0.024261,-0.0033569,4.9353
0.022583,-0.0032043,4.9304
0.021057,-0.0018311,4.9341
0.018768,-0.00045776,4.9255
0.016937,0.0012207,4.9316
0.017395,0.0036621,4.9255
0.019073,0.0053406,4.9255
0.021362,0.0064087,4.9194
0.022125,0.0071716,4.9231
0.021667,0.0076294,4.928
0.021362,0.0083923,4.9182
0.020447,0.0086975,4.9268
0.021667,0.0090027,4.9194
0.024719,0.0085449,4.906
0.026855,0.0071716,4.9121
0.027466,0.0050354,4.9097
0.024567,0.005188,0.039063
0.025177,0.0047302,0.037842
0.024719,0.0028992,0.040283
0.024719,0.0033569,0.040283
0.024872,0.0033569,0.040283
0.024567,0.0016785,0.040283
0.024109,-0.0015259,0.031738
0.022278,-0.0027466,0.043945
0.020294,-0.0064087,0.041504
0.01709,-0.0076294,0.045166
0.020142,-0.0073242,0.056152
0.02243,-0.0047302,0.043945
0.024567,-0.0019836,0.048828
0.025787,0.00015259,0.050049
0.028229,0.0030518,0.036621
0.028687,0.0048828,0.053711
0.029907,0.0068665,0.05249
0.032654,0.0059509,0.057373
0.034332,0.0073242,0.058594
0.036774,0.0073242,0.056152
0.038147,0.0068665,0.062256
0.038452,0.0061035,0.058594
0.038605,0.0050354,0.062256
0.037384,0.0056458,0.056152
0.0354,0.0080872,0.062256
0.033569,0.0085449,0.061035
0.031891,0.0097656,0.065918
0.029755,0.010986,0.067139
0.025787,0.011139,0.065918
0.023499,0.011444,0.06958
0.021515,0.011444,0.065918
0.018768,0.012512,0.079346
0.017853,0.012665,0.063477
0.019684,0.01236,0.047607
0.02182,0.011444,0.059814
0.023956,0.0088501,0.057373
0.024261,0.0059509,0.048828
0.024109,0.0036621,0.05249
0.023346,0.0018311,0.05127
0.022278,-0.00030518,0.050049
0.020905,-0.00061035,0.046387
0.020294,-0.0028992,0.05127
0.018616,-0.0038147,0.042725
0.016174,-0.004425,0.046387
0.013885,-0.0056458,0.048828
0.011292,-0.0050354,0.045166
0.010071,-0.0056458,0.043945
0.0080872,-0.0027466,0.041504
0.0086975,-0.00030518,0.041504
0.010834,0.0028992,0.039063
0.014038,0.0047302,0.028076
0.016174,0.0045776,0.039063
0.016632,0.0039673,0.040283
0.015411,0.0027466,0.040283
0.013275,0.0030518,0.039063
0.012054,0.0050354,0.036621
0.012817,0.0082397,0.036621
0.014343,0.01236,0.040283
0.015869,0.015411,0.043945
0.014954,0.016785,0.043945
0.014648,0.016785,0.047607
0.012817,0.013733,0.048828
0.01236,0.011444,0.05127
0.012207,0.0094604,0.050049
0.013428,0.0085449,0.057373
0.015106,0.0091553,0.063477
0.015564,0.0097656,0.059814
0.014801,0.0090027,0.067139
0.012817,0.0065613,0.063477
0.010376,0.004425,0.043945
0.0097656,0.0035095,0.057373
0.011597,0.0053406,0.057373
0.014038,0.0094604,0.059814
0.014954,0.01358,0.061035
0.016937,0.015564,0.058594
0.015411,0.015717,0.064697
0.014954,0.012207,0.062256
0.016022,0.009613,0.067139
0.016937,0.007782,4.1638
0.018463,0.0071716,4.8865
0.018311,0.0082397,4.9255
0.016022,0.0094604,4.9329
0.016022,0.010223,4.9402
0.014801,0.0086975,4.9304
0.014648,0.0073242,4.928
0.015411,0.0053406,4.928
0.016632,0.0042725,4.9255
0.016785,0.0027466,4.9182
0.015106,0.0083923,4.9109
0.014496,0.0042725,4.9207
0.012817,0.0038147,4.917
0.013428,0.0038147,4.9158
0.014191,0.0039673,4.9146
0.015259,0.0028992,4.9146
0.014496,0.0027466,4.9146
0.01297,0.0032043,4.9097
0.011444,0.0022888,4.9109
0.010071,0.0013733,4.9097
0.0085449,-0.00015259,4.8999
0.010223,-0.0019836,4.9097
0.011444,-0.0032043,4.9109
0.014496,-0.004425,4.917
0.016174,-0.0061035,4.9097
0.017853,-0.0071716,4.9158
0.019531,-0.0079346,4.9097
0.019989,-0.011444,4.9011
0.016785,-0.0094604,4.9158
0.021057,-0.0091553,4.9133
0.020599,-0.0091553,4.9121
0.021057,-0.0090027,4.917
0.019684,-0.012054,4.9194
0.019989,-0.0073242,4.9182
0.020752,-0.0071716,4.9207
0.022888,-0.007782,4.9304
0.025177,-0.0080872,4.9292
0.027618,-0.0082397,4.9316
0.03067,-0.0076294,4.9316
0.030823,-0.0059509,4.9341
0.031281,-0.0039673,4.9316
0.027924,-0.0024414,4.939
0.026093,-0.0019836,4.9353
0.025177,-0.0033569,4.9316
0.024414,-0.0041199,4.9414
0.025482,-0.0028992,4.9329
0.027008,-0.00061035,4.9194
0.028534,0.0028992,4.9341
0.027771,0.0032043,4.9341
0.027161,0.0013733,4.9353
0.027924,-0.0033569,4.9353
0.029602,-0.0074768,4.928
0.031891,-0.0099182,4.9304
0.033875,-0.0080872,4.9292
0.033569,-0.0061035,4.9255
0.031128,-0.0061035,4.9219
0.028534,-0.0022888,4.9231
0.027161,-0.0030518,4.9207
0.025787,-0.004425,4.9194
0.028534,-0.0048828,4.9329
0.029602,-0.0036621,4.917
0.03067,-0.00061035,4.9133
0.030365,0.0022888,4.9158
0.029602,0.0038147,4.895
0.028992,0.0050354,4.9109
0.029755,0.0041199,4.9133
0.029907,0.0021362,4.9121
0.03067,0.0030518,4.9097
0.03067,0.0042725,4.9072
0.029144,0.0053406,4.9121
0.027924,0.0064087,4.9072
0.026093,0.0062561,4.9109
0.027618,0.0042725,0.039063
0.028229,0.0028992,0.040283
0.029755,0.0016785,0.040283
0.030975,0.0016785,0.041504
0.030365,0.0085449,0.047607
0.031128,0.0062561,0.047607
0.027924,0.0083923,0.047607
0.026245,0.0079346,0.05249
0.02594,0.004425,0.056152
0.024872,0.0028992,0.053711
0.025177,0.0013733,0.045166
0.024719,0.0024414,0.057373
0.024261,0.0056458,0.061035
0.024261,0.0065613,0.058594
0.02243,0.0024414,0.059814
0.022888,-0.0041199,0.062256
0.023041,-0.010529,0.064697
0.024567,-0.014038,0.057373
0.024261,-0.011902,0.064697
0.023956,-0.0065613,0.059814
0.020599,-0.0016785,0.064697
0.018616,0.00091553,0.063477
0.017853,0.00091553,0.068359
0.021057,-0.0013733,0.073242
0.023499,-0.0024414,0.068359
0.026245,0,0.06958
0.028687,0.0056458,0.064697
0.03067,0.010986,0.050049
0.030975,0.013733,0.058594
0.031433,0.012665,0.056152
0.031433,0.0088501,0.050049
0.032043,0.0047302,0.05127
0.032043,0.0016785,0.047607
0.035095,0.00015259,0.050049
0.031738,0.0013733,0.048828
0.029907,0.0033569,0.046387
0.027161,0.0038147,0.043945
0.02655,0.0056458,0.045166
0.027008,0.0062561,0.048828
0.025635,0.0076294,0.046387
0.027924,0.0045776,0.040283
0.024872,0.0039673,0.040283
0.023041,0.0010681,0.045166
0.019989,-0.0015259,0.040283
0.018768,-0.0035095,0.042725
0.018463,-0.0038147,0.040283
0.019836,-0.0030518,0.041504
0.020752,-0.0021362,0.037842
0.02121,-0.00015259,0.039063
0.020447,0.002594,0.036621
0.020599,0.0057983,0.040283
0.022125,0.007782,0.036621
0.024261,0.0083923,0.045166
0.028381,0.0091553,0.043945
0.031281,0.0082397,0.047607
0.032806,0.0059509,0.047607
0.033264,0.005188,0.053711
0.033112,0.0053406,0.053711
0.034332,0.0067139,0.057373
0.036011,0.0085449,0.072021
0.037994,0.009613,0.059814
0.036621,0.010376,0.063477
0.035553,0.0093079,0.061035
0.032501,0.0088501,0.050049
0.029907,0.0086975,0.058594
0.027161,0.0083923,0.061035
0.026093,0.0080872,0.061035
0.02533,0.007782,0.059814
0.024719,0.0065613,0.059814
0.022888,0.0054932,0.067139
0.02243,0.0048828,0.063477
0.01709,0.0045776,0.067139
0.013733,0.0062561,0.062256
0.010834,0.0057983,0.068359
0.0097656,0.0045776,0.064697
0.009613,0.0021362,0.064697
0.0094604,-0.00061035,0.063477
0.0091553,-0.0036621,0.059814
0.0088501,-0.0053406,4.4788
0.0083923,-0.0062561,4.8938
0.0083923,-0.0068665,4.928
0.0093079,-0.0061035,4.9182
0.012207,-0.0073242,4.9072
0.013428,-0.0085449,4.9182
0.014801,-0.0083923,4.9158
0.014954,-0.0079346,4.9146
0.014648,-0.0042725,4.9146
0.014801,-0.0016785,4.9121
0.014801,0.00091553,4.9121
0.016632,0.0030518,4.9084
0.018463,0.0018311,4.9146
0.020599,0.0010681,4.9097
0.022888,0.00076294,4.9133
0.024261,-0.0015259,4.9109
0.023651,-0.00030518,4.9121
0.022583,-0.00015259,4.9158
0.021057,-0.00045776,4.9133
0.019226,-0.0036621,4.9133
0.018311,-0.0015259,4.9097
0.016937,0.00076294,4.9011
0.015564,0.002594,4.9121
0.013885,0.0064087,4.9109
0.012512,0.0074768,4.9121
0.012665,0.0073242,4.9194
0.013733,0.005188,4.9219
0.015259,0.0021362,4.9219
0.016022,0.00045776,4.9219
0.015869,0.00061035,4.9316
0.014648,0,4.928
0.013123,0.00061035,4.9304
0.010071,0.00030518,4.9304
0.0079346,-0.00061035,4.9353
0.0082397,-0.0035095,4.928
0.010986,0.00045776,4.917
0.011292,0.00091553,4.9304
0.011749,0.0013733,4.9341
0.012512,0.00015259,4.9414
0.011902,-0.002594,4.9329
0.010223,-0.0042725,4.917
0.010223,-0.0028992,4.9353
0.011292,0.0022888,4.928
0.01236,0.0062561,4.9329
0.011902,0.0090027,4.9341
0.009613,0.0079346,4.9304
0.0076294,0.0053406,4.9329
0.0059509,0.0022888,4.928
0.0076294,0.0012207,4.928
0.01297,0.0021362,4.9182
0.020905,0.004425,4.9243
0.028381,0.0027466,4.9219
0.031433,-0.0027466,4.9219
0.027924,-0.011292,4.9243
0.021057,-0.020447,4.9133
0.0094604,-0.024414,4.917
0.0022888,-0.022125,4.9182
-0.0038147,-0.014191,4.8962
-0.0086975,-0.0057983,4.9097
-0.012207,0.00076294,4.9109
-0.010681,0.0035095,4.9097
-0.0085449,0.0035095,4.9133
-0.002594,0.0056458,4.906
0.0065613,0.0091553,4.9121
0.020447,0.010071,4.9109
0.034027,0.013123,4.9097
0.044861,0.013275,4.9048
0.048218,0.0080872,4.9158
0.043793,0.0013733,4.9097
0.033417,-0.002594,4.9133
0.022125,-0.0030518,4.9097
0.013123,-0.0018311,0.048828
0.0082397,0.0016785,0.053711
0.0054932,0.0027466,0.05249
0.0048828,0.0056458,0.059814
0.0068665,0.0079346,0.053711
0.0099182,0.0099182,0.045166
0.016022,0.009613,0.057373
0.022125,0.0080872,0.056152
0.028381,0.0047302,0.058594
0.032806,-0.00045776,0.061035
0.031891,-0.0016785,0.059814
0.028076,-0.0086975,0.064697
0.02121,-0.010223,0.061035
0.015564,-0.010529,0.062256
0.012207,-0.010986,0.058594
0.01236,-0.017395,0.063477
0.013733,-0.0085449,0.065918
0.016937,-0.0048828,0.067139
0.023193,0.0021362,0.072021
0.028992,0.0079346,0.065918
0.032959,0.012665,0.063477
0.037079,0.012665,0.067139
0.039215,0.0097656,0.067139
0.039063,0.0057983,0.063477
0.038147,0.0019836,0.058594
0.03479,-0.0027466,0.05249
0.03067,-0.0028992,0.057373
0.027313,-0.0024414,0.047607
0.024872,-0.0021362,0.05249
0.025635,-0.00076294,0.045166
0.028076,-0.00061035,0.05127
0.031128,0.0016785,0.039063
0.034027,0.0019836,0.045166
0.035706,0.0065613,0.046387
0.03418,0.010071,0.046387
0.032501,0.011749,0.039063
0.030823,0.012665,0.042725
0.030975,0.011749,0.054932
0.031128,0.010376,0.043945
0.030975,0.0088501,0.050049
0.026093,0.011444,0.041504
0.022736,0.013885,0.024414
0.020294,0.017548,0.036621
0.020447,0.019989,0.040283
0.022125,0.021667,0.036621
0.023956,0.022736,0.040283
0.024261,0.019836,0.036621
0.022583,0.015564,0.042725
0.020294,0.014648,0.042725
0.018616,0.014343,0.046387
0.019989,0.015869,0.041504
0.024109,0.015717,0.05249
0.029449,0.014343,0.054932
0.033722,0.010986,0.057373
0.034027,0.0041199,0.065918
0.030975,-0.0015259,0.061035
0.027161,-0.0056458,0.057373
0.022125,-0.0065613,0.053711
0.020142,-0.0065613,0.067139
0.018005,-0.005188,0.059814
0.014648,-0.0053406,0.050049
0.010529,-0.0086975,0.058594
0.004425,-0.011597,0.059814
0.0039673,-0.011902,0.058594
0.005188,-0.0083923,0.062256
0.010529,-0.0028992,0.063477
0.020447,0.0036621,0.065918
0.027313,0.0099182,0.062256
0.033417,0.010223,0.068359
0.036469,0.0099182,0.064697
0.032349,0.010376,0.063477
0.034637,0.013123,0.063477
0.029602,0.0177,0.057373
0.02655,0.020294,0.067139
0.02182,0.019836,0.056152
0.015259,0.014648,0.056152
0.011902,0.0076294,0.048828
0.010071,0.0039673,0.037842
0.012512,0.002594,0.81299
0.017395,0.0050354,4.6826
0.023499,0.0056458,4.8938
0.030518,0.0042725,4.9109
0.032501,-0.00015259,4.9109
0.030365,-0.005188,4.9109
0.024872,-0.0091553,4.906
0.018311,-0.011292,4.9097
0.010376,-0.0099182,4.9121
0.0038147,-0.0073242,4.9109
0.0012207,-0.0033569,4.9133
-0.00015259,0.0022888,4.9109
0.0016785,0.0061035,4.9084
0.0074768,0.0093079,4.9146
0.014801,0.010376,4.917
0.022736,0.011292,4.906
0.029755,0.010834,4.917
0.035248,0.012207,4.9109
0.038605,0.013733,4.9048
0.038757,0.012512,4.9109
0.036316,0.012207,4.9133
0.032349,0.0068665,4.9158
0.028992,0.00061035,4.9207
0.028229,-0.0039673,4.9194
0.029297,-0.0056458,4.9268
0.035248,-0.0032043,4.9268
0.040894,0,4.9341
0.046997,0.0016785,4.928
0.051575,0.0012207,4.9341
0.054474,-0.0010681,4.9304
0.055084,-0.0016785,4.9304
0.054169,-0.0027466,4.9414
0.052948,-0.0028992,4.9341
0.049438,-0.002594,4.9329
0.044861,-0.0048828,4.9377
0.039215,-0.0061035,4.9304
0.036316,-0.0085449,4.9353
0.035095,-0.010071,4.9353
0.033722,-0.009613,4.9341
0.032349,-0.0079346,4.9329
0.030365,-0.0062561,4.9304
0.027161,-0.0042725,4.9329
0.022583,-0.0035095,4.9255
0.018463,-0.0022888,4.928
0.016022,-0.00076294,4.9207
0.014038,0.00091553,4.9243
0.013123,0.0032043,4.9231
0.01358,0.004425,4.9219
0.014648,0.0057983,4.9158
0.013733,0.0050354,4.9231
0.0177,0.0048828,4.9243
0.020599,0.0036621,4.9146
0.022888,0.00076294,4.9231
0.024109,-0.00076294,4.9121
0.024414,-0.0027466,4.9109
0.022888,-0.004425,4.9109
0.020447,-0.0050354,4.9109
0.018005,-0.0053406,4.906
0.014801,-0.0061035,4.9109
0.014343,-0.007782,4.9072
0.014496,-0.010376,4.9084
0.015259,-0.010986,4.9072
0.016937,-0.0099182,4.9072
0.018005,-0.0068665,4.9097
0.020599,-0.00061035,4.9109
0.021057,-0.0033569,4.9133
0.02182,-0.0039673,4.9121
0.023193,-0.0027466,4.9207
0.021667,-0.00045776,4.9194
0.022125,0.0019836,4.9255
0.01709,0.0074768,4.9219
0.014954,0.009613,4.917
0.012817,0.010223,0.056152
0.011749,0.010681,0.064697
0.011292,0.0080872,0.054932
0.011139,0.0064087,0.061035
0.012207,0.0047302,0.059814
0.013428,0.0035095,0.059814
0.013885,0.0028992,0.056152
0.014954,0.0024414,0.064697
0.015869,0.00045776,0.059814
0.018005,-0.0015259,0.061035
0.018768,0.0022888,0.064697
0.019684,-0.00030518,0.064697
0.019073,0.0022888,0.058594
0.016327,0.0047302,0.067139
0.011902,0.0053406,0.074463
0.0080872,0.0048828,0.068359
0.005188,0.0045776,0.074463
0.0036621,0.0050354,0.067139
0.0028992,0.0085449,0.050049
0.0022888,0.011597,0.058594
0.0042725,0.01236,0.054932
0.0054932,0.010834,0.053711
0.0079346,0.0076294,0.050049
0.0093079,0.0068665,0.043945
0.010529,0.0064087,0.05249
0.010071,0.0064087,0.046387
0.0083923,0.0047302,0.05127
0.005188,0.00076294,0.041504
0.0024414,-0.0042725,0.047607
-0.00045776,-0.0088501,0.041504
-0.0021362,-0.0094604,0.043945
-0.0013733,-0.0088501,0.047607
0.00061035,-0.0088501,0.041504
0.002594,-0.0093079,0.0354
0.0036621,-0.012512,0.041504
0.0053406,-0.016174,0.026855
0.0086975,-0.020447,0.037842
0.0091553,-0.020599,0.037842
0.009613,-0.019531,0.037842
0.0065613,-0.017395,0.039063
0.0097656,-0.016479,0.032959
0.0082397,-0.018158,0.042725
0.0071716,-0.022125,0.041504
0.0079346,-0.023499,0.042725
0.0088501,-0.024414,0.03418
0.010529,-0.023956,0.047607
0.012665,-0.023193,0.05127
0.015717,-0.024719,0.056152
0.018616,-0.024109,0.054932
0.022736,-0.024109,0.056152
0.024261,-0.023651,0.064697
0.027313,-0.023346,0.061035
0.030365,-0.023193,0.074463
0.033112,-0.024109,0.059814
0.037079,-0.025024,0.041504
0.031738,-0.023499,0.063477
0.031738,-0.019379,0.059814
0.029449,-0.016022,0.059814
0.029144,-0.013733,0.062256
0.028687,-0.014038,0.063477
0.027771,-0.0177,0.064697
0.02655,-0.02182,0.062256
0.020599,-0.024261,0.06958
0.02121,-0.023346,0.063477
0.020599,-0.0177,0.064697
0.01709,-0.013428,0.064697
0.015106,-0.010529,0.065918
0.01236,-0.0086975,0.062256
0.011749,-0.0097656,0.057373
0.013733,-0.0099182,0.056152
0.011139,-0.0057983,0.05127
0.010986,-0.0041199,0.056152
0.010376,0.0022888,0.05127
0.0097656,0.0045776,0.046387
0.011139,0.0035095,0.040283
0.010986,0.00091553,0.043945
0.010986,-0.0012207,0.041504
0.010376,-0.0032043,0.041504
0.010529,-0.0036621,3.9966
0.014191,-0.0036621,4.856
0.01236,-0.0019836,4.8901
0.01358,-0.0010681,4.906
0.015259,0.0013733,4.9121
0.017395,0.0041199,4.9133
0.020294,0.0071716,4.9072
0.022278,0.010376,4.9133
0.023804,0.014038,4.9194
0.024261,0.01358,4.9133
0.024567,0.014191,4.917
0.024414,0.015411,4.9133
0.023651,0.014801,4.8914
0.022888,0.0088501,4.9158
0.02121,0.011749,4.9158
0.019226,0.010223,4.9182
0.017242,0.010071,4.917
0.014954,0.010681,4.9194
0.014648,0.013123,4.928
0.015564,0.013885,4.9255
0.016632,0.013733,4.9292
0.019073,0.014648,4.9268
0.018921,0.015259,4.9316
0.01709,0.017242,4.928
0.016327,0.018768,4.9365
0.015411,0.019684,4.9365
0.015717,0.019836,4.9329
0.016022,0.019379,4.9316
0.016632,0.021362,4.9341
0.016479,0.02243,4.9426
0.016937,0.024261,4.9255
0.017242,0.025635,4.9255
0.018158,0.025482,4.9365
0.019379,0.02594,4.9341
0.021362,0.024414,4.9329
0.022583,0.024567,4.9365
0.024109,0.023041,4.9329
0.022278,0.020905,4.9292
0.018311,0.018005,4.9268
0.016785,0.014343,4.9255
0.01358,0.010223,4.9207
0.011749,0.0068665,4.9231
0.0099182,0.0041199,4.9219
0.0093079,0.0027466,4.9207
0.010071,0.0030518,4.9255
0.010681,0.0038147,4.9182
0.011139,0.004425,4.9158
0.011597,0.0041199,4.9121
0.01236,0.0028992,4.9036
0.014648,0.0019836,4.9121
0.018311,0.0027466,4.9109
0.02182,0.0042725,4.9097
0.025787,0.0079346,4.906
0.029144,0.012665,4.9097
0.03006,0.015869,4.9097
0.031738,0.017853,4.9084
0.032654,0.018921,4.9109
0.033417,0.018768,4.9121
0.035095,0.020294,4.9158
0.035858,0.021362,4.9146
0.036469,0.020447,4.9158
0.034943,0.020752,4.906
0.033722,0.018463,4.917
0.034332,0.016174,4.9182
0.035248,0.013885,4.917
0.036469,0.014038,4.9304
0.037689,0.014954,4.9255
0.036621,0.016785,4.9158
0.034637,0.019531,4.9255
0.030975,0.020599,4.928
0.028229,0.02121,4.9304
0.025482,0.020294,4.9304
0.024414,0.017548,0.059814
0.023956,0.014496,0.063477
0.022125,0.011444,0.061035
0.020447,0.0088501,0.062256
0.018768,0.0062561,0.059814
0.017242,0.0050354,0.068359
0.016022,0.005188,0.063477
0.014648,0.0041199,0.067139
0.01358,0.0036621,0.081787
0.010834,0.0012207,0.06958
0.0076294,-0.002594,0.064697
0.0041199,-0.0057983,0.062256
0.002594,-0.0074768,0.05127
0.0039673,-0.0071716,0.059814
0.0068665,-0.007019,0.058594
0.010376,-0.0071716,0.054932
0.014038,-0.0064087,0.053711
0.016785,-0.0082397,0.048828
0.018463,-0.0073242,0.053711
0.019226,-0.0048828,0.043945
0.018921,-0.00045776,0.048828
0.018311,0.0027466,0.041504
0.016785,0.0039673,0.046387
0.016174,0.0048828,0.047607
0.015869,0.0042725,0.045166
0.01709,0.005188,0.042725
0.019989,0.0062561,0.046387
0.023956,0.0068665,0.048828
0.026855,0.0073242,0.041504
0.028229,0.0061035,0.050049
0.028076,0.0039673,0.037842
0.026398,0.0018311,0.031738
0.024414,0.00030518,0.039063
0.020447,0.00045776,0.037842
0.01709,-0.00091553,0.037842
0.013733,-0.0015259,0.040283
0.010834,-0.0018311,0.040283
0.0093079,-0.00091553,0.041504
0.0086975,-0.0018311,0.041504
0.0085449,-0.00015259,0.047607
0.0088501,0.0013733,0.043945
0.0086975,0.0038147,0.05249
0.0099182,0.0033569,0.054932
0.0090027,0.0013733,0.057373
0.010071,-0.0042725,0.063477
0.010071,-0.0036621,0.058594
0.010986,-0.004425,0.063477
0.014343,-0.0039673,0.059814
0.013123,-0.0018311,0.061035
0.014648,-0.00045776,0.061035
0.015869,0.00091553,0.058594
0.01709,0.0019836,0.061035
0.017853,0.0038147,0.061035
0.019531,0.0064087,0.057373
0.020142,0.012665,0.063477
0.020752,0.0090027,0.059814
0.021515,0.0064087,0.067139
0.023346,0.005188,0.063477
0.024261,0.00061035,0.065918
0.023041,-0.00045776,0.065918
0.024109,-0.0019836,0.067139
0.023041,0.00076294,0.058594
0.021973,0.0021362,0.058594
0.020447,0.0021362,0.06958
0.019531,0.0018311,0.054932
0.019379,0.0027466,0.058594
0.018158,0.0032043,0.05249
0.018463,0.005188,0.039063
0.018768,0.0054932,0.043945
0.019531,0.0035095,0.05249
0.020905,0.0018311,0.046387
0.019379,0.0012207,0.045166
0.019989,0.00045776,0.039063
0.018921,0.0013733,0.043945
0.017548,-0.002594,0.040283
0.015717,0.00061035,0.042725
0.014496,-0.0024414,0.036621
0.0099182,-0.007782,0.042725
0.009613,-0.0065613,4.3164
0.010223,-0.0073242,4.8706
0.013275,-0.0053406,4.9109
0.015717,-0.0076294,4.9084
0.018616,-0.0068665,4.9072
0.021667,-0.0071716,4.9084
0.025482,-0.0082397,4.9023
0.027618,-0.0056458,4.8975
0.029907,-0.0076294,4.9255
0.033264,-0.0024414,4.9231
0.035553,-0.0024414,4.9146
0.038757,-0.0039673,4.9158
0.037231,-0.0057983,4.9207
0.038147,-0.0094604,4.9243
0.037079,-0.012512,4.9255
0.036774,-0.010376,4.9255
0.036774,-0.010071,4.9316
0.036926,-0.0097656,4.928
0.036621,-0.010986,4.9304
0.035706,-0.012512,4.9292
0.034637,-0.011292,4.9304
0.034027,-0.0093079,4.9377
0.03479,-0.007019,4.9316
0.035858,-0.0048828,4.939
0.036011,-0.0039673,4.9341
0.035706,-0.0030518,4.9243
0.035248,-0.0021362,4.9341
0.034027,-0.00061035,4.9341
0.03067,-0.00045776,4.9329
0.027008,-0.0032043,4.9353
0.023956,-0.0018311,4.9329
0.02182,-0.0035095,4.9329
0.020447,-0.0047302,4.9255
0.02182,-0.0047302,4.9304
0.023193,-0.0015259,4.9219
0.026398,0.00076294,4.9255
0.026093,0.0027466,4.9243
0.026703,0.0027466,4.9243
0.027161,-0.00015259,4.9182
0.026855,0.00015259,4.9207
0.025177,-0.0019836,4.9158
0.023651,-0.0053406,4.917
0.023041,-0.0038147,4.9158
0.020294,-0.0013733,4.9133
0.017853,0.0012207,4.8987
0.016937,-0.0012207,4.9097
0.016479,-0.0016785,4.9133
0.017242,-0.0041199,4.9109
0.0177,-0.0059509,4.9097
0.017548,-0.0067139,4.9084
0.017853,-0.0056458,4.9084
0.016785,-0.0068665,4.906
0.015564,-0.0083923,4.9121
0.013733,-0.010376,4.9084
0.010834,-0.013275,4.9109
0.0045776,-0.011749,4.9109
0.0056458,-0.0099182,4.9146
0.0064087,-0.0073242,4.9268
0.0057983,-0.0035095,4.917
0.0080872,-0.0030518,4.9231
0.010834,-0.0019836,4.9231
0.012817,-0.0030518,4.8938
0.014496,-0.0053406,4.9243
0.018616,-0.0062561,4.9219
0.02243,-0.0057983,4.928
0.026093,-0.004425,4.928
0.028687,-0.0015259,4.928
0.029755,-0.0045776,4.9329
0.029144,0.0015259,4.9329
0.027313,0.0036621,4.9329
0.025787,0.0036621,4.928
0.02533,0.0038147,4.9304
0.02533,0.0042725,4.9341
0.025787,0.0054932,0.065918
0.02655,0.0059509,0.072021
0.026703,0.0032043,0.065918
0.027771,-0.00045776,0.067139
0.028839,-0.0028992,0.067139
0.03006,-0.0065613,0.079346
0.030518,-0.0062561,0.062256
0.030975,-0.005188,0.062256
0.029755,-0.0036621,0.059814
0.028381,-0.0045776,0.057373
0.02594,-0.0074768,0.05127
0.023956,-0.011139,0.053711
0.02121,-0.014648,0.047607
0.018921,-0.014954,0.05127
0.018158,-0.013275,0.043945
0.018921,-0.010071,0.05249
0.020905,-0.0082397,0.043945
0.023041,-0.0091553,0.047607
0.025024,-0.011292,0.043945
0.026093,-0.010529,0.042725
0.028839,-0.0086975,0.05127
0.03067,-0.0059509,0.041504
0.032806,-0.0022888,0.05127
0.033112,0,0.040283
0.031891,0.00061035,0.028076
0.029449,-0.00030518,0.041504
0.027313,-0.00030518,0.037842
0.026703,0.00076294,0.0354
0.027466,0.0032043,0.040283
0.029144,0.0050354,0.037842
0.030365,0.0071716,0.037842
0.030518,0.0083923,0.039063
0.030975,0.009613,0.046387
0.03006,0.010071,0.045166
0.029755,0.0083923,0.047607
0.03067,0.0059509,0.05127
0.032196,0.0033569,0.05249
0.032806,0.0028992,0.056152
0.030823,0.004425,0.057373
0.028381,0.0048828,0.057373
0.02533,0.0062561,0.061035
0.022888,0.0053406,0.068359
0.021362,0.0028992,0.061035
0.019989,0.00045776,0.050049
0.018158,-0.0015259,0.059814
0.015411,-0.0035095,0.059814
0.010376,-0.004425,0.059814
0.0094604,-0.005188,0.061035
0.007019,-0.0076294,0.061035
0.0062561,-0.010071,0.068359
0.0050354,-0.010376,0.063477
0.0048828,-0.0086975,0.067139
0.004425,-0.0067139,0.061035
0.0024414,-0.0047302,0.067139
0.0010681,-0.0047302,0.059814
-0.00015259,-0.0057983,0.062256
-0.00030518,-0.0071716,0.073242
0.0012207,-0.0080872,0.056152
0.0035095,-0.007782,0.05249
0.0054932,-0.0059509,0.056152
0.0064087,-0.0027466,0.029297
0.0083923,-0.0010681,0.047607
0.0097656,-0.00030518,0.05127
0.011902,-0.00015259,0.046387
0.01358,-0.00061035,0.046387
0.014496,0.0024414,0.042725
0.017242,0.0047302,0.043945
0.018005,0.0073242,0.032959
0.02243,0.0083923,0.042725
0.020142,0.0061035,0.036621
0.019531,0.005188,0.042725
0.020294,0.0016785,0.039063
0.019684,0.00045776,0.039063
0.018921,0.0015259,0.037842
0.018311,0.0036621,0.039063
0.017242,0.0053406,0.042725
0.018768,0.004425,0.040283
0.0177,0.0033569,4.1687
0.018158,0.0015259,4.8657
0.015869,0.0012207,4.8999
0.016174,0.0027466,4.9146
0.01709,0.004425,4.9133
0.015411,0.0053406,4.9121
0.012665,0.0061035,4.9207
0.0093079,0.0039673,4.9182
0.0010681,-0.00030518,4.9255
0.0035095,-0.0024414,4.9231
0.0032043,-0.0041199,4.9304
0.0022888,-0.0042725,4.9243
0.0016785,-0.0030518,4.9329
0.00076294,-0.0013733,4.9329
0.00076294,-0.0024414,4.9329
0.0021362,-0.0033569,4.9402
0.0039673,-0.0042725,4.9341
0.0035095,-0.0048828,4.9316
0.005188,-0.0047302,4.9341
0.0054932,-0.0041199,4.9329
0.0053406,-0.0035095,4.9353
0.0059509,-0.0038147,4.9341
0.0062561,-0.0048828,4.9329
0.0080872,-0.0067139,4.9353
0.0086975,-0.0057983,4.9341
0.01236,-0.0048828,4.9341
0.014191,-0.0042725,4.928
0.016174,-0.0036621,4.9329
0.016785,-0.005188,4.9207
0.017548,-0.0071716,4.9268
0.018921,-0.0080872,4.9243
0.020294,-0.0074768,4.9231
0.019226,-0.0057983,4.9182
0.018311,-0.0036621,4.9207
0.0177,-0.0012207,4.928
0.0177,-0.00045776,4.9158
0.016327,-0.0018311,4.9243
0.019531,-0.0036621,4.9146
0.02121,-0.0054932,4.9036
0.021973,-0.0047302,4.9084
0.024414,-0.002594,4.9109
0.02533,-0.0018311,4.9109
0.024872,-0.00076294,4.9084
0.023804,-0.0012207,4.9048
0.02243,-0.0035095,4.9133
0.020447,-0.0041199,4.9072
0.019531,-0.0038147,4.9109
0.020447,-0.0030518,4.9084
0.021515,-0.0013733,4.9133
0.023041,-0.00061035,4.9036
0.024261,-0.00030518,4.9182
0.027466,0.00076294,4.9231
0.028534,-0.0022888,4.917
0.03006,-0.0033569,4.9146
0.031586,-0.0033569,4.9219
0.033264,-0.0041199,4.9182
0.033875,-0.0033569,4.9231
0.033875,-0.0018311,4.9353
0.033264,0.002594,4.928
0.033112,0.0038147,4.928
0.032959,0.0036621,4.9158
0.031586,0.0028992,4.9341
0.034027,0.0012207,4.9304
0.0354,-0.00015259,4.9316
0.03479,0.0010681,4.9268
0.033569,0.002594,4.9329
0.032806,0.0039673,4.9329
0.032654,0.0036621,4.9353
0.03418,0.0028992,4.9329
0.035706,-0.0015259,4.9365
0.038452,-0.0021362,4.9438
0.039063,-0.00015259,4.939
0.036774,0.0047302,4.9414
0.033264,0.0093079,0.067139
0.030212,0.011902,0.048828
0.027618,0.011597,0.057373
0.026398,0.0099182,0.056152
0.026398,0.010681,0.050049
0.02594,0.011902,0.053711
0.024719,0.013428,0.05127
0.023193,0.014496,0.05127
0.021667,0.014648,0.042725
0.022278,0.013123,0.05127
0.023041,0.010681,0.043945
0.024719,0.0086975,0.046387
0.02533,0.0071716,0.047607
0.023041,0.0067139,0.046387
0.019073,0.0064087,0.042725
0.014954,0.0062561,0.042725
0.010223,0.0030518,0.040283
0.0093079,0.0042725,0.036621
0.0097656,0.002594,0.03418
0.011749,0.0039673,0.037842
0.015717,0.0035095,0.0354
0.013733,0.0057983,0.039063
0.013885,0.0071716,0.037842
0.01358,0.0079346,0.037842
0.015106,0.0064087,0.037842
0.018311,0.0050354,0.043945
0.023956,0.0032043,0.046387
0.022125,0.0028992,0.042725
0.021515,0.004425,0.050049
0.021515,0.0054932,0.047607
0.020142,0.005188,0.061035
0.019073,0.0061035,0.05249
0.020294,0.0047302,0.058594
0.02243,0.0036621,0.067139
0.023651,0.002594,0.058594
0.023651,0.0032043,0.067139
0.021057,0.0036621,0.063477
0.018311,0.0042725,0.043945
0.015106,0.0038147,0.058594
0.014954,0.0032043,0.061035
0.015106,0.0022888,0.058594
0.016785,0.0022888,0.061035
0.016937,0.0022888,0.061035
0.016937,0.0032043,0.065918
0.016022,0.002594,0.062256
0.014954,0.0012207,0.067139
0.015411,-0.00015259,0.062256
0.017242,-0.0013733,0.065918
0.019989,-0.0013733,0.059814
0.022278,-0.0010681,0.067139
0.022583,0.00076294,0.068359
0.02182,0.002594,0.057373
0.020142,0.0032043,0.05249
0.019379,0.00091553,0.056152
0.020752,-0.00076294,0.056152
0.023193,-0.0033569,0.047607
0.026093,-0.0032043,0.048828
0.027924,-0.0024414,0.045166
0.028839,-0.00045776,0.046387
0.029144,0.0018311,0.042725
0.028687,0.0028992,0.045166
0.029297,0.0019836,0.040283
0.029907,0.00045776,0.042725
0.030518,0.00030518,0.03418
0.029449,0,0.043945
0.026703,0.0019836,0.040283
0.023956,0.0039673,0.042725
0.022278,0.0048828,0.037842
0.021515,0.0035095,0.042725
0.023651,0.0015259,0.050049
0.026855,-0.0019836,0.042725
0.029449,-0.0024414,0.05249
0.028992,-0.0019836,0.037842
0.027771,0.00045776,0.029297
0.024872,0.0022888,0.042725
0.022125,0.0030518,0.045166
0.019379,0.0024414,0.045166
0.017548,0.00030518,1.9995
0.014648,0.00045776,4.7437
0.012207,0.00045776,4.9097
0.0093079,0.0024414,4.9207
0.0071716,0.0018311,4.9316
0.0062561,0.0012207,4.9255
0.0082397,-0.0027466,4.9292
0.012512,-0.0053406,4.928
0.017395,-0.005188,4.9353
0.020447,-0.002594,4.9292
0.02182,0.0010681,4.9316
0.02121,0.0038147,4.9207
0.019226,0.0035095,4.9329
0.017242,0.0012207,4.9414
0.01709,-0.002594,4.9341
0.018463,-0.005188,4.9207
0.020905,-0.0057983,4.9329
0.02243,-0.0048828,4.9304
0.023651,-0.002594,4.9329
0.022583,-0.00076294,4.9316
0.022278,-0.0018311,4.9292
0.023651,-0.0032043,4.9304
0.026093,-0.0027466,4.917
0.03067,-0.0047302,4.9255
0.029449,-0.0019836,4.9207
0.028839,0.0027466,4.9219
0.027313,0.0050354,4.9182
0.025482,0.007019,4.9231
0.026093,0.0064087,4.9182
0.027924,0.0053406,4.9182
0.031128,-0.00015259,4.9146
0.033264,0.00061035,4.9158
0.032654,-0.00015259,4.895
0.030212,0.0027466,4.9109
0.026398,0.0059509,4.9133
0.024414,0.0086975,4.9109
0.023956,0.010223,4.9097
0.025482,0.0074768,4.906
0.026703,0.0045776,4.9084
0.025635,0.0010681,4.906
0.02594,-0.00091553,4.9084
0.021515,-0.00030518,4.9048
0.020294,0.0030518,4.9121
0.020294,0.0057983,4.9084
0.022278,0.0062561,4.9097
0.023651,0.0036621,4.9133
0.023956,0.0015259,4.9158
0.025024,0.0010681,4.9194
0.019836,0.00045776,4.9219
0.016937,0.0035095,4.9341
0.014801,0.0061035,4.9219
0.014343,0.0074768,4.9146
0.015106,0.0059509,4.928
0.015411,0.0032043,4.9268
0.015259,0.0010681,4.9268
0.015869,-0.00030518,4.9304
0.014038,0.0010681,4.9304
0.015259,0.0041199,4.9329
0.015411,0.005188,4.9304
0.016632,0.004425,4.9402
0.016937,0.0021362,4.9304
0.017548,-0.0019836,4.9377
0.018311,-0.0032043,4.9316
0.016632,-0.0021362,4.9353
0.016785,0.0010681,4.9451
0.016632,0.004425,4.9402
0.018616,0.0074768,4.9353
0.020905,0.0076294,4.9341
0.023651,0.0056458,4.9304
0.024567,0.0076294,4.9329
0.024109,0.002594,4.9243
0.02182,0.0015259,4.9231
0.019226,-0.00091553,4.9255
0.018158,-0.0028992,4.9219
0.018921,-0.0056458,0.05127
0.021057,-0.0093079,0.046387
0.021667,-0.012207,0.047607
0.02182,-0.013123,0.045166
0.019684,-0.013123,0.046387
0.017395,-0.011292,0.047607
0.017242,-0.010071,0.046387
0.019073,-0.0093079,0.037842
0.019836,-0.0093079,0.042725
0.022888,-0.009613,0.05127
0.024261,-0.011749,0.039063
0.023804,-0.0068665,0.048828
0.026245,-0.0033569,0.040283
0.025024,0.0012207,0.032959
0.028839,0.0045776,0.037842
0.034332,0.0071716,0.037842
0.038605,0.0041199,0.039063
0.041351,0.0013733,0.0354
0.041504,-0.0022888,0.039063
0.03891,-0.0028992,0.042725
0.037079,-0.0035095,0.046387
0.035858,-0.0032043,0.048828
0.036621,-0.0027466,0.045166
0.036163,-0.0036621,0.053711
0.036469,-0.0067139,0.056152
0.035553,-0.0079346,0.057373
0.032806,-0.010223,0.074463
0.031281,-0.011597,0.059814
0.030518,-0.010376,0.059814
0.031128,-0.0073242,0.061035
0.029297,-0.004425,0.058594
0.027161,-0.0022888,0.059814
0.023651,-0.0013733,0.058594
0.020294,-0.0022888,0.058594
0.019073,-0.0035095,0.058594
0.018616,-0.0021362,0.061035
0.02121,-0.00030518,0.065918
0.023956,0.0032043,0.067139
0.026703,0.0059509,0.06958
0.028076,0.005188,0.061035
0.03006,0.0073242,0.068359
0.030518,0.0053406,0.061035
0.029449,0.0042725,0.063477
0.029144,0.0032043,0.061035
0.027618,0.0021362,0.057373
0.027618,0.0022888,0.063477
0.026703,0.0024414,0.054932
0.024261,0.0016785,0.063477
0.025482,0.00030518,0.048828
0.024414,0.0012207,0.037842
0.025024,0.0015259,0.053711
0.025024,0.0013733,0.046387
0.023651,0.00091553,0.043945
0.026703,-0.0015259,0.042725
0.026703,-0.0024414,0.040283
0.02594,-0.0061035,0.042725
0.023956,-0.004425,0.039063
0.022583,-0.0013733,0.040283
0.022736,0.0016785,0.036621
0.023956,0.0041199,0.040283
0.024567,0.0024414,0.045166
0.024719,0.00091553,0.046387
0.02594,-0.00015259,0.043945
0.02533,0.00061035,0.042725
0.02533,0.0021362,0.040283
0.024872,0.0039673,0.040283
0.025024,0.004425,0.0354
0.025177,0.0016785,0.042725
0.02594,-0.0019836,0.05127
0.02594,-0.0061035,0.042725
0.026703,-0.007782,0.05127
0.023804,-0.0065613,0.050049
0.023193,-0.0041199,0.05127
0.023346,-0.0032043,0.05249
0.020752,-0.0045776,0.061035
0.024261,-0.0073242,0.058594
0.023804,-0.011597,0.061035
0.024109,-0.014801,4.3982
0.024261,-0.015717,4.8975
0.023499,-0.014954,4.9207
0.023193,-0.013123,4.9292
0.024872,-0.011597,4.9316
0.026245,-0.012512,4.9353
0.027008,-0.01236,4.9377
0.028076,-0.011292,4.9341
0.028534,-0.010071,4.9146
0.027618,-0.0068665,4.9329
0.028534,-0.0033569,4.9377
0.028687,-0.00045776,4.9304
0.030518,0.00091553,4.9329
0.031433,0.00076294,4.928
0.033264,-0.00030518,4.9316
0.032959,-0.0010681,4.9353
0.032806,-0.0019836,4.9268
0.03067,-0.0021362,4.917
0.029602,-0.0035095,4.9207
0.028839,-0.0053406,4.9207
0.027466,-0.0065613,4.9194
0.025787,-0.007782,4.9231
0.026245,-0.0079346,4.917
0.023041,-0.0082397,4.9182
0.02182,-0.0061035,4.9158
0.02121,-0.0036621,4.9146
0.021973,-0.0021362,4.9109
0.021973,-0.0019836,4.8914
0.020905,-0.0035095,4.9097
0.020599,-0.0059509,4.9097
0.018921,-0.0065613,4.9084
0.019226,-0.0039673,4.9084
0.017548,0.00061035,4.9084
0.017242,0.0038147,4.9097
0.016785,0.0064087,4.906
0.014191,0.004425,4.9146
0.014038,-0.00091553,4.9072
0.013885,-0.0035095,4.9194
0.011749,-0.0056458,4.9097
0.011139,-0.0045776,4.9158
0.0097656,-0.002594,4.9268
0.0082397,-0.00076294,4.9194
0.0061035,-0.0030518,4.9304
0.0050354,-0.0074768,4.9231
0.0050354,-0.012512,4.917
0.0045776,-0.015411,4.9292
0.0047302,-0.015564,4.9268
0.0048828,-0.012054,4.9268
0.0056458,-0.0086975,4.9304
0.0065613,-0.0065613,4.928
0.0086975,-0.0064087,4.9329
0.011139,-0.0062561,4.9304
0.013733,-0.0065613,4.9341
0.014343,-0.0038147,4.928
0.014801,-0.00091553,4.9329
0.015259,0.002594,4.9353
0.015564,0.0071716,4.9353
0.016022,0.0041199,4.9377
0.016785,0.0036621,4.9377
0.018311,0.0036621,4.9377
0.019836,0.0045776,4.9377
0.023346,0.0067139,4.9414
0.02182,0.0086975,4.9316
0.02243,0.0091553,4.9255
0.023193,0.0080872,4.9219
0.023041,0.0065613,4.9255
0.02243,0.0048828,4.9231
0.021973,0.0035095,4.9207
0.020905,0.00091553,4.917
0.019379,0.004425,4.917
0.017853,0.0061035,4.917
0.022888,0.0076294,4.9133
0.018616,0.007019,4.9158
0.019073,0.0057983,0.043945
0.019073,0.0036621,0.039063
0.018311,0.0028992,0.041504
0.018463,0.0035095,0.05249
0.018158,0.0036621,0.043945
0.018005,0.0061035,0.046387
0.018463,0.011597,0.040283
0.017548,0.013428,0.025635
0.017242,0.013123,0.036621
0.016632,0.010986,0.040283
0.016632,0.0086975,0.037842
0.015717,0.010223,0.041504
0.016479,0.010986,0.03418
0.0177,0.011292,0.043945
0.017548,0.010986,0.045166
0.018005,0.0083923,0.047607
0.016174,0.004425,0.043945
0.01358,0.00045776,0.053711
0.011444,-0.0010681,0.05249
0.009613,-0.0012207,0.058594
0.010071,0.0010681,0.062256
0.010529,0.0021362,0.059814
0.012054,0.0033569,0.061035
0.014801,0.0015259,0.061035
0.016785,0,0.072021
0.019989,-0.00061035,0.059814
0.021057,-0.00015259,0.062256
0.022583,0.0018311,0.061035
0.023499,0.0035095,0.062256
0.022888,0.0047302,0.057373
0.022736,0.0053406,0.067139
0.022278,0.004425,0.063477
0.022278,0.0061035,0.065918
0.023193,0.0047302,0.063477
0.025482,0.004425,0.067139
0.024261,0.004425,0.063477
0.025787,0.0024414,0.063477
0.027313,0.0013733,0.059814
0.029449,-0.00076294,0.058594
0.031738,-0.00045776,0.062256
0.031281,0.00091553,0.053711
0.031128,0.0015259,0.056152
0.03006,0.0010681,0.048828
0.028992,-0.00045776,0.0354
0.028381,-0.0021362,0.045166
0.027924,-0.0032043,0.046387
0.028687,-0.0036621,0.041504
0.031738,-0.0018311,0.043945
0.030518,-0.00045776,0.040283
0.032349,0.0024414,0.042725
0.032654,-0.00061035,0.039063
0.035095,-0.0015259,0.042725
0.037231,-0.00030518,0.036621
0.037537,-0.00015259,0.041504
0.039215,0.00091553,0.042725
0.037079,0.0028992,0.040283
0.035858,0.0019836,0.037842
0.033722,0.0030518,0.039063
0.031433,0.0021362,0.042725
0.03006,0.00091553,0.042725
0.028381,-0.00015259,0.046387
0.029449,-0.00076294,0.042725
0.028992,-0.00015259,0.041504
0.029449,0.0022888,0.040283
0.02655,0.0030518,0.048828
0.027161,0.0035095,0.048828
0.026245,0.0038147,0.056152
0.026398,0.0022888,0.05127
0.026398,0.0015259,0.061035
0.029144,0.0021362,0.056152
0.028687,0.0030518,0.062256
0.028534,0.0054932,0.061035
0.027924,0.0065613,0.064697
0.028229,0.0061035,0.059814
0.028076,0.0047302,0.064697
0.028076,0.0038147,0.074463
0.028381,0.0042725,0.062256
0.028076,0.0057983,3.1042
0.026093,0.0091553,4.823
0.023499,0.011292,4.9158
0.021515,0.01236,4.9316
0.020905,0.011749,4.9329
0.02182,0.009613,4.9329
0.02121,0.0082397,4.9329
0.02243,0.0074768,4.9268
0.020752,0.0094604,4.9304
0.016479,0.0099182,4.9255
0.018005,0.0088501,4.9304
0.017853,0.0076294,4.9207
0.018768,0.0041199,4.9207
0.019684,0.00061035,4.9207
0.019989,-0.0028992,4.9207
0.019073,-0.0010681,4.9146
0.018311,-0.0010681,4.9182
0.016937,0.00015259,4.9255
0.016937,0.00061035,4.917
0.016785,-0.00015259,4.9268
0.0177,-0.00076294,4.9109
0.018158,-0.00030518,4.8999
0.020142,0.00076294,4.9133
0.021667,0.0030518,4.9109
0.022278,0.0047302,4.9158
0.025177,0.0059509,4.9097
0.027924,0.0061035,4.9084
0.031281,0.0050354,4.9084
0.034027,0.0059509,4.9072
0.034637,0.0071716,4.9121
0.035095,0.0086975,4.906
0.033264,0.010986,4.9146
0.03067,0.012207,4.9146
0.027618,0.0099182,4.917
0.023804,0.0054932,4.9268
0.021515,0,4.9219
0.018768,-0.0076294,4.9182
0.018463,-0.0086975,4.9268
0.017853,-0.010834,4.9255
0.01709,-0.01358,4.928
0.019226,-0.016022,4.928
0.020599,-0.01709,4.9231
0.023346,-0.016937,4.9304
0.024567,-0.013123,4.928
0.02594,-0.0080872,4.9304
0.025635,-0.0035095,4.928
0.024109,-0.0012207,4.9365
0.022736,0.00076294,4.9292
0.02182,0.002594,4.9316
0.022888,0.0036621,4.9316
0.024872,0.0054932,4.939
0.028381,0.0071716,4.9329
0.031891,0.0076294,4.9243
0.035858,0.0076294,4.95
0.0383,0.0073242,4.9341
0.040894,0.0076294,4.9377
0.041962,0.0085449,4.9329
0.041199,0.0076294,4.9109
0.037842,0.005188,4.9353
0.033569,0.0047302,4.9243
0.031281,0.0024414,4.9182
0.028687,0.0038147,4.9219
0.025482,0.0018311,4.9146
0.023193,0.0012207,4.9207
0.023804,0.00045776,4.9158
0.024109,-0.0013733,4.9182
0.024414,-0.002594,4.9109
0.026093,-0.0032043,4.917
0.02655,-0.0022888,4.9133
0.027008,-0.0016785,4.9109
0.024872,0.00030518,4.9133
0.023804,0.00061035,4.9109
0.020142,0.00061035,4.9109
0.015259,0,0.041504
0.014343,0.0013733,0.031738
0.010681,0.0038147,0.036621
0.0093079,0.0050354,0.023193
0.0088501,0.0065613,0.040283
0.0080872,0.0056458,0.037842
0.0093079,0.0013733,0.036621
0.010071,-0.0032043,0.042725
0.011749,-0.0067139,0.042725
0.014191,-0.0068665,0.046387
0.015869,-0.0082397,0.045166
0.015717,-0.0074768,0.05249
0.016632,-0.0065613,0.05249
0.016022,-0.0053406,0.056152
0.016479,-0.0032043,0.057373
0.016174,-0.0018311,0.058594
0.018768,0.0010681,0.070801
0.020752,0.0038147,0.063477
0.021973,0.0035095,0.072021
0.023041,0.0033569,0.061035
0.024261,0.0033569,0.05127
0.024872,0.0015259,0.061035
0.025024,0.0015259,0.061035
0.024719,0.00076294,0.058594
0.024872,-0.00030518,0.059814
0.022888,-0.00091553,0.061035
0.020294,-0.0027466,0.064697
0.018616,-0.0022888,0.063477
0.018005,0.00061035,0.067139
0.017853,0.0074768,0.062256
0.017853,0.0073242,0.065918
0.018463,0.0082397,0.062256
0.014191,0.0080872,0.062256
0.019531,0.005188,0.062256
0.019684,0.004425,0.056152
0.020752,0.0032043,0.053711
0.020294,0.0027466,0.05127
0.019989,0.0019836,0.054932
0.019684,0.0012207,0.047607
0.017548,-0.00030518,0.047607
0.016479,-0.0010681,0.043945
0.016632,-0.0019836,0.042725
0.0177,0.00015259,0.043945
0.018768,0.0045776,0.041504
0.019989,0.0082397,0.039063
0.022888,0.012207,0.042725
0.026398,0.012054,0.037842
0.026855,0.011292,0.042725
0.027466,0.0071716,0.041504
0.026093,0.0047302,0.039063
0.023499,0.0032043,0.039063
0.019531,0.0030518,0.040283
0.016022,0.0030518,0.054932
0.015106,0.0050354,0.039063
0.011902,0.0039673,0.048828
0.010986,0.0045776,0.041504
0.010376,0.0038147,0.025635
0.010071,0.0039673,0.042725
0.011902,0.002594,0.046387
0.012665,0.0021362,0.048828
0.016174,0.0024414,0.048828
0.019989,0.0022888,0.05249
0.022888,0.0021362,0.056152
0.02533,0.0021362,0.054932
0.026855,0.0016785,0.061035
0.025787,-0.0013733,0.053711
0.023956,-0.00045776,0.063477
0.023499,-0.00045776,0.063477
0.024109,0.0012207,0.064697
0.024719,0.0012207,0.057373
0.025482,0.0013733,0.062256
0.027313,0.0012207,0.063477
0.028687,-0.00030518,0.062256
0.030212,-0.002594,0.076904
0.032654,-0.0059509,0.067139
0.034943,-0.0064087,0.059814
0.037079,-0.0065613,0.065918
0.036621,-0.0054932,0.078125
0.035706,-0.0050354,4.6277
0.033264,-0.0062561,4.9109
0.031586,-0.0064087,4.9243
0.03006,-0.0067139,4.928
0.029449,-0.005188,4.9219
0.030365,-0.0033569,4.9255
0.031586,-0.0012207,4.9207
0.034637,-0.00015259,4.9036
0.0354,-0.00076294,4.9207
0.037384,-0.00045776,4.9207
0.038757,-0.0012207,4.9243
0.040283,-0.0012207,4.917
0.041351,-0.00091553,4.9146
0.040588,-0.00045776,4.906
0.039063,0.0033569,4.9036
0.036011,0.0012207,4.9109
0.032654,0.0012207,4.9097
0.031128,0.00030518,4.9109
0.027161,-0.00061035,4.9121
0.026398,-0.00015259,4.9109
0.027924,0.00015259,4.906
0.028534,0.00091553,4.9072
0.028992,0.0010681,4.9109
0.027008,0.0021362,4.906
0.028839,0.0024414,4.9109
0.028229,0.0012207,4.9121
0.027771,0.00015259,4.9146
0.027618,0.0012207,4.9121
0.026855,0.0018311,4.9194
0.02533,0.0019836,4.9207
0.02243,0.0059509,4.9207
0.020599,0.0059509,4.928
0.019836,0.0057983,4.9268
0.019989,0.0048828,4.9133
0.023956,0.005188,4.9255
0.027771,0.0057983,4.928
0.030365,0.0059509,4.9304
0.030212,0.0079346,4.9268
0.029144,0.0086975,4.9268
0.027618,0.0083923,4.9377
0.027161,0.0068665,4.9329
0.027618,0.0062561,4.9341
0.028229,0.004425,4.9292
0.026855,0.002594,4.9353
0.025177,0.0028992,4.9316
0.022888,0.00076294,4.9341
0.021515,0.00045776,4.9451
0.021973,0.0016785,4.9377
0.02243,0.0019836,4.9329
0.023346,0.0016785,4.9329
0.023499,-0.00015259,4.917
0.022278,-0.0016785,4.9255
0.020447,-0.0030518,4.9255
0.018616,-0.0054932,4.9255
0.017548,-0.0061035,4.9231
0.016327,-0.0076294,4.917
0.016632,-0.0074768,4.9231
0.019073,-0.0048828,4.9158
0.019379,-0.0032043,4.9182
0.020905,-0.0027466,4.9109
0.021515,-0.0019836,4.917
0.023956,-0.00045776,4.9146
0.026093,-0.00030518,4.9194
0.027466,0.00091553,4.9109
0.030212,0.0016785,4.9158
0.031281,0.0016785,4.9194
0.031586,0.00030518,4.9097
0.030518,-0.0036621,4.9219
0.027313,-0.0062561,4.9072
0.023041,-0.010834,4.9036
0.020447,-0.014801,4.9109
0.017853,-0.015717,4.895
0.016327,-0.015717,0.039063
0.016785,-0.014801,0.041504
0.01709,-0.01358,0.039063
0.016937,-0.014954,0.042725
0.016785,-0.016937,0.046387
0.016937,-0.021667,0.050049
0.018311,-0.023804,0.045166
0.021515,-0.023651,0.053711
0.023651,-0.020447,0.057373
0.024719,-0.015106,0.059814
0.026093,-0.0088501,0.065918
0.025482,-0.0028992,0.059814
0.027313,0.00091553,0.064697
0.029449,0.0027466,0.062256
0.034485,0.0041199,0.062256
0.038147,0.0062561,0.062256
0.041962,0.0061035,0.057373
0.043945,0.0039673,0.059814
0.04364,0.0042725,0.062256
0.042725,0.0024414,0.059814
0.040436,0.00015259,0.063477
0.038147,-0.00030518,0.063477
0.035706,-0.00015259,0.068359
0.032959,0.0016785,0.063477
0.029449,0.0021362,0.065918
0.026093,0.0015259,0.065918
0.024261,0.00045776,0.063477
0.02243,-0.0013733,0.057373
0.02182,-0.0038147,0.059814
0.022736,-0.0059509,0.067139
0.023346,-0.0068665,0.05249
0.022888,-0.0080872,0.057373
0.021973,-0.0079346,0.048828
0.019226,-0.0074768,0.039063
0.015411,-0.0071716,0.043945
0.012054,-0.0038147,0.047607
0.0094604,-0.00091553,0.046387
0.0086975,0.0018311,0.042725
0.0090027,0.0045776,0.039063
0.0093079,0.0062561,0.043945
0.0094604,0.0068665,0.039063
0.010223,0.0061035,0.039063
0.011139,0.004425,0.037842
0.01297,0.002594,0.043945
0.014343,0.00076294,0.036621
0.016327,-0.00061035,0.041504
0.016785,-0.00091553,0.047607
0.016785,0,0.039063
0.015869,0.00061035,0.030518
0.013733,0.0013733,0.041504
0.013428,0.0016785,0.032959
0.012817,0.0018311,0.040283
0.013885,0.0021362,0.05127
0.016174,0.0027466,0.045166
0.016632,0.004425,0.050049
0.016937,0.0035095,0.048828
0.016022,0.0019836,0.050049
0.015717,0.00091553,0.056152
0.016632,0.00015259,0.059814
0.017548,0.0010681,0.056152
0.017242,0.0035095,0.062256
0.016327,0.0079346,0.058594
0.014191,0.011597,0.064697
0.011597,0.012665,0.062256
0.0083923,0.01297,0.061035
0.0085449,0.012665,0.06958
0.0083923,0.012512,0.061035
0.010071,0.014038,0.06958
0.011749,0.015869,0.061035
0.011597,0.017853,0.053711
0.013733,0.018158,0.062256
0.013275,0.015869,0.068359
0.013275,0.014038,0.061035
0.012817,0.011597,0.064697
0.013275,0.010834,0.057373
0.012665,0.010071,0.061035
0.011139,0.010834,0.053711
0.0094604,0.0088501,0.057373
0.0056458,0.0071716,4.2725
0.0067139,0.0047302,4.8767
0.0059509,0.0048828,4.9133
0.0082397,0.0053406,4.9231
0.011902,0.0071716,4.9182
0.013275,0.0099182,4.9207
0.016327,0.011292,4.895
0.014648,0.011902,4.9146
0.012665,0.011444,4.917
0.010681,0.010834,4.9133
0.009613,0.010376,4.9072
0.010071,0.011139,4.9084
0.0090027,0.013123,4.9158
0.0085449,0.014191,4.9109
0.0057983,0.01358,4.9097
0.0053406,0.010223,4.9084
0.0083923,0.0071716,4.9097
0.01236,0.0056458,4.906
0.016632,0.0057983,4.9133
0.019073,0.0057983,4.9084
0.019684,0.0085449,4.9146
0.019684,0.0082397,4.9158
0.017548,0.007782,4.917
0.017242,0.005188,4.9268
0.019073,0.0036621,4.9194
0.021667,0.0027466,4.9255
0.024109,0.0035095,4.9231
0.026398,0.0056458,4.9109
0.028076,0.007019,4.9219
0.029297,0.0094604,4.9292
0.026703,0.009613,4.9292
0.031281,0.0086975,4.9304
0.032043,0.0080872,4.928
0.032806,0.0062561,4.9292
0.030212,0.0054932,4.9329
0.026245,0.0035095,4.9304
0.024567,0.0048828,4.928
0.020447,0.0024414,4.9341
0.016937,0.0030518,4.9329
0.015564,0.0013733,4.9353
0.014496,-0.00076294,4.939
0.016327,-0.0016785,4.939
0.014496,-0.0032043,4.9402
0.015106,-0.0013733,4.9353
0.016327,0.0015259,4.9438
0.0177,0.0027466,4.928
0.020905,0.0027466,4.9231
0.024414,0.0010681,4.9268
0.028534,-0.00030518,4.9219
0.032043,-0.00091553,4.9219
0.033264,-0.0015259,4.9255
0.033875,-0.00076294,4.917
0.033417,0.0012207,4.917
0.033875,0.00091553,4.9158
0.034943,0.0015259,4.9158
0.036011,0.0013733,4.8999
0.036774,0.0022888,4.9158
0.036163,0.0056458,4.9133
0.035858,0.007782,4.9121
0.035095,0.0091553,4.9146
0.03418,0.0090027,4.9133
0.035248,0.0067139,4.9109
0.035553,0.0047302,4.9084
0.036163,0.0045776,4.8962
0.035706,0.0059509,4.9121
0.034637,0.0085449,4.906
0.032654,0.010376,4.9072
0.028992,0.010376,4.9109
0.028839,0.0050354,4.9109
0.027924,0.0090027,4.9121
0.02594,0.0097656,4.9109
0.024567,0.011139,4.9207
0.023193,0.013733,0.047607
0.020905,0.014801,0.053711
0.021973,0.011597,0.05127
0.022888,0.0079346,0.059814
0.024414,0.0053406,0.059814
0.028839,0.0039673,0.062256
0.029907,0.0067139,0.063477
0.028839,0.01236,0.063477
0.030518,0.014191,0.073242
0.028229,0.017548,0.064697
0.026703,0.015411,0.047607
0.025635,0.011292,0.061035
0.025787,0.0065613,0.062256
0.025177,0.005188,0.063477
0.023956,0.0047302,0.063477
0.021362,0.0048828,0.061035
0.019226,0.0047302,0.068359
0.017853,0.0012207,0.064697
0.015106,-0.0016785,0.067139
0.019836,-0.0047302,0.063477
0.022125,-0.0054932,0.064697
0.021515,-0.0042725,0.058594
0.021667,-0.0042725,0.062256
0.021515,-0.0010681,0.068359
0.021057,-0.0012207,0.05127
0.023499,-0.0010681,0.048828
0.02655,-0.00030518,0.056152
0.030518,0.00045776,0.03418
0.032654,0.00076294,0.042725
0.033112,0.0024414,0.047607
0.031891,0.0016785,0.043945
0.029755,0.0010681,0.045166
0.028687,0,0.040283
0.028534,-0.00076294,0.041504
0.027771,0.0024414,0.039063
0.02594,0.0030518,0.040283
0.022583,0.005188,0.037842
0.018005,0.0050354,0.042725
0.015259,0.0021362,0.040283
0.013885,-0.0033569,0.042725
0.015564,-0.0079346,0.040283
0.018311,-0.011139,0.043945
0.023193,-0.013428,0.043945
0.025482,-0.014648,0.043945
0.024261,-0.016022,0.05127
0.021362,-0.016785,0.039063
0.019836,-0.018616,0.036621
0.020142,-0.0177,0.045166
0.023193,-0.013275,0.046387
0.025482,-0.0059509,0.047607
0.028229,0.0021362,0.053711
0.029755,0.0076294,0.053711
0.031586,0.010529,0.059814
0.033875,0.0099182,0.056152
0.037384,0.0080872,0.063477
0.041656,0.0057983,0.057373
0.04425,0.0038147,0.063477
0.044708,0.00030518,0.059814
0.041809,-0.0035095,0.063477
0.035706,-0.0050354,0.070801
0.029449,-0.0042725,0.063477
0.023651,-0.0039673,0.061035
0.021973,-0.0015259,0.063477
0.020447,0.00015259,0.068359
0.019684,0.00045776,0.065918
0.018921,-0.00030518,0.065918
0.018005,-0.0028992,0.064697
0.016174,-0.0024414,0.067139
0.016174,-0.0013733,0.061035
0.016479,0.00091553,0.059814
0.018921,0.0016785,0.054932
0.02182,-0.00030518,0.056152
0.021057,-0.0032043,0.05127
0.019989,-0.0062561,0.053711
0.016327,-0.0047302,0.05127
0.014191,-0.0021362,0.05249
0.011292,0.00045776,0.045166
0.010986,0.0010681,0.048828
0.011749,-0.0010681,4.5728
0.013123,-0.0045776,4.8889
0.015106,-0.0071716,4.9158
0.018463,-0.0059509,4.9109
0.019379,-0.0019836,4.8938
0.021057,0.0016785,4.9084
0.021057,0.0024414,4.9109
0.021362,0.00076294,4.9133
0.019836,-0.0012207,4.9084
0.018921,-0.0010681,4.9048
0.016785,0.0010681,4.9121
0.013733,0.0036621,4.9036
0.011292,0.0062561,4.9084
0.0091553,0.0057983,4.906
0.0094604,0.0027466,4.9109
0.010986,-0.0021362,4.9121
0.01297,-0.0030518,4.9146
0.014343,-0.004425,4.9194
0.013275,-0.0042725,4.9207
0.01236,-0.0038147,4.9146
0.011902,-0.0041199,4.9231
0.010986,-0.0047302,4.928
0.011292,-0.0016785,4.9255
0.011292,-0.0035095,4.9133
0.010986,-0.00076294,4.9268
0.0093079,0.002594,4.928
0.010223,0.0054932,4.9304
0.010681,0.0085449,4.9341
0.01358,0.0099182,4.9341
0.017853,0.010986,4.9341
0.022125,0.010071,4.9304
0.027008,0.0094604,4.9329
0.026245,0.0094604,4.9292
0.028229,0.0094604,4.9341
0.026398,0.009613,4.9304
0.02533,0.0094604,4.9377
0.024719,0.0094604,4.9451
0.023346,0.0064087,4.9365
0.021515,0.0083923,4.9377
0.020447,0.0073242,4.9353
0.018311,0.0068665,4.9207
0.015869,0.007019,4.9292
0.013885,0.007782,4.9219
0.01297,0.007019,4.9182
0.013885,0.0079346,4.9194
0.015106,0.0086975,4.9207
0.016937,0.0085449,4.917
0.016479,0.0085449,4.9158
0.015564,0.0082397,4.9194
0.01297,0.0080872,4.9109
0.010529,0.007782,4.9158
0.010071,0.0082397,4.9158
0.0094604,0.0067139,4.917
0.0097656,0.007782,4.9109
0.0085449,0.0065613,4.9109
0.0083923,0.0064087,4.9146
0.0076294,0.0057983,4.9109
0.007782,0.0048828,4.9109
0.0093079,0.0036621,4.9097
0.012665,0.0027466,4.9036
0.015869,0.00091553,4.9084
0.018463,-0.00061035,4.9084
0.020447,-0.0015259,4.9097
0.019531,-0.0012207,4.9133
0.019684,-0.0010681,4.9109
0.020142,-0.00091553,4.9182
0.022583,-0.00015259,4.9182
0.024261,-0.0013733,4.9231
0.025024,-0.0033569,4.9207
0.025024,-0.0027466,4.9255
0.025177,-0.0035095,4.917
0.025635,-0.0024414,0.062256
0.028534,-0.0010681,0.074463
0.030823,-0.00030518,0.062256
0.032043,0.0015259,0.065918
0.031891,-0.0015259,0.063477
0.030823,-0.0015259,0.05249
0.028381,-0.0012207,0.062256
0.026245,0.00076294,0.061035
0.024261,0.0013733,0.062256
0.024261,0.00091553,0.063477
0.025177,-0.00030518,0.058594
0.026703,-0.0036621,0.068359
0.027771,-0.007019,0.065918
0.026855,-0.010986,0.068359
0.02594,-0.010529,0.062256
0.023956,-0.010681,0.067139
0.023041,-0.0093079,0.061035
0.022888,-0.0082397,0.062256
0.021362,-0.0086975,0.062256
0.026703,-0.0073242,0.054932
0.028076,-0.0038147,0.056152
0.028229,-0.0038147,0.05249
0.028229,-0.00030518,0.061035
0.030365,0.0022888,0.05127
0.033417,0.0048828,0.030518
0.036469,0.0073242,0.048828
0.037537,0.0027466,0.046387
0.037079,0.00045776,0.037842
0.033417,-0.00030518,0.042725
0.028992,-0.0012207,0.037842
0.025787,-0.0012207,0.043945
0.025024,0.0010681,0.039063
0.024261,0.0012207,0.05249
0.024567,-0.00045776,0.036621
0.024414,-0.0016785,0.042725
0.020599,-0.0036621,0.042725
0.023499,-0.0057983,0.040283
0.023346,-0.0054932,0.045166
0.024414,-0.0048828,0.041504
0.02655,-0.0035095,0.05127
0.025787,-0.0019836,0.041504
0.027771,-0.0028992,0.032959
0.027008,-0.0053406,0.046387
0.024567,-0.0042725,0.043945
0.02243,-0.0016785,0.047607
0.02121,0.0016785,0.05127
0.021515,0.0039673,0.05127
0.022125,0.0061035,0.057373
0.023499,0.0062561,0.053711
0.025482,0.0041199,0.061035
0.02655,0.0021362,0.059814
0.027008,0.00015259,0.062256
0.025787,-0.00015259,0.062256
0.02533,0.0012207,0.063477
0.02533,0.0016785,0.062256
0.022736,0.00076294,0.062256
0.020599,-0.0024414,0.065918
0.018005,-0.0064087,0.062256
0.015411,-0.0080872,0.076904
0.01236,-0.0080872,0.065918
0.010834,-0.0062561,0.05249
0.011444,-0.0039673,0.063477
0.012665,-0.0032043,0.065918
0.016174,-0.0030518,0.061035
0.018768,-0.004425,0.062256
0.022888,-0.005188,0.057373
0.026703,-0.0048828,0.057373
0.028534,-0.0018311,0.054932
0.03006,0.00045776,0.053711
0.031586,0.00076294,0.040283
0.030975,0.00045776,0.05249
0.030518,-0.0028992,0.046387
0.027771,-0.0047302,0.050049
0.023651,-0.0056458,0.054932
0.022583,-0.0041199,0.047607
0.018311,-0.0018311,0.042725
0.016327,-0.0024414,0.042725
0.015106,-0.0067139,0.023193
0.016174,-0.012817,2.9919
0.018311,-0.022278,4.7876
0.019379,-0.018005,4.8999
0.020447,-0.013885,4.9084
0.021667,-0.0065613,4.9023
0.023651,-0.00091553,4.9084
0.026703,0.0038147,4.9072
0.027618,0.0047302,4.9097
0.028381,0.0042725,4.906
0.027771,0.0024414,4.9158
0.028076,0.0013733,4.9109
0.026245,0,4.9158
0.02533,-0.00091553,4.9109
0.023956,-0.0019836,4.9158
0.025177,-0.0015259,4.9207
0.025787,-0.0018311,4.9207
0.027161,-0.0010681,4.9316
0.028839,0.00015259,4.928
0.029602,0.002594,4.9182
0.030823,0.0056458,4.9292
0.032043,0.0080872,4.9304
0.033264,0.0097656,4.9292
0.033722,0.0083923,4.9304
0.034943,0.0056458,4.9292
0.032196,0.00091553,4.9341
0.028381,-0.00045776,4.9292
0.02594,-0.00030518,4.9329
0.02121,0.0019836,4.9292
0.018158,0.004425,4.9353
0.014496,0.0059509,4.9365
0.010834,0.0039673,4.9365
0.0088501,-0.00015259,4.9414
0.0074768,-0.0028992,4.9377
0.0073242,-0.0022888,4.9341
0.0073242,-0.00015259,4.9365
0.0091553,0.0024414,4.9353
0.012817,0.0035095,4.9292
0.012054,0.002594,4.9231
0.011749,-0.0012207,4.9194
0.0088501,-0.004425,4.9194
0.007782,-0.0054932,4.9207
0.0054932,-0.0048828,4.9194
0.0041199,-0.0038147,4.9133
0.0027466,-0.002594,4.9219
0.0021362,-0.00076294,4.9133
0.0028992,0.00045776,4.9158
0.0053406,0.00030518,4.9158
0.0082397,0.0010681,4.9182
0.013428,0.0015259,4.9109
0.014191,0.0013733,4.9146
0.016632,0.0028992,4.9255
0.018768,0.0048828,4.9109
0.019989,0.0071716,4.9207
0.020294,0.0090027,4.9109
0.018768,0.0099182,4.8962
0.018311,0.010071,4.9048
0.015564,0.0099182,4.9084
0.014191,0.0094604,4.9097
0.012512,0.010681,4.9097
0.01236,0.0097656,4.906
0.012665,0.010071,4.9158
0.013733,0.0073242,4.9146
0.014496,0.005188,4.9219
0.015106,0.0038147,4.9194
0.016785,0.0057983,4.9255
0.016327,0.0074768,4.9146
0.016327,0.0071716,4.9268
0.014648,0.0082397,4.9365
0.011749,0.0068665,4.9292
0.0083923,0.0045776,4.9304
0.0041199,0.0057983,4.9377
0.0016785,0.0085449,4.9377
0.00015259,0.012207,0.062256
0.00015259,0.016937,0.068359
-0.00030518,0.018616,0.058594
0.0015259,0.017548,0.061035
0.0036621,0.014038,0.061035
0.0050354,0.010529,0.067139
0.0068665,0.0080872,0.065918
0.0080872,0.0064087,0.068359
0.011139,0.0088501,0.061035
0.0068665,0.0093079,0.067139
0.004425,0.011444,0.062256
0.0021362,0.010834,0.063477
-0.00030518,0.0091553,0.058594
-0.0054932,0.0064087,0.058594
-0.0042725,0.0059509,0.062256
-0.0045776,0.0061035,0.05249
-0.0028992,0.0093079,0.059814
0.00091553,0.0091553,0.047607
0.0057983,0.0080872,0.040283
0.011597,0.0067139,0.043945
0.018005,0.0067139,0.047607
0.021057,0.007782,0.042725
0.019989,0.010834,0.047607
0.022888,0.014648,0.039063
0.022278,0.017242,0.041504
0.020142,0.019989,0.03418
0.018921,0.019379,0.042725
0.016785,0.016937,0.039063
0.016022,0.014191,0.040283
0.016785,0.010834,0.041504
0.017242,0.007019,0.043945
0.019226,0.0073242,0.039063
0.020905,0.0071716,0.039063
0.024567,0.0056458,0.039063
0.02655,0.0048828,0.040283
0.028381,0.0022888,0.040283
0.028229,0.0035095,0.039063
0.025635,0.0054932,0.045166
0.024719,0.0061035,0.046387
0.021515,0.0048828,0.05127
0.018768,0.0010681,0.048828
0.017548,-0.0033569,0.05249
0.013123,-0.0057983,0.056152
0.016022,-0.0062561,0.059814
0.01709,-0.0019836,0.058594
0.019531,-0.00045776,0.061035
0.023346,0.0015259,0.058594
0.026855,0.0032043,0.058594
0.028076,0.002594,0.059814
0.029449,0.0032043,0.062256
0.027771,0.0036621,0.075684
0.028229,0.0032043,0.063477
0.028534,0.0013733,0.063477
0.028076,-0.0022888,0.064697
0.028381,-0.0028992,0.048828
0.028534,-0.0035095,0.063477
0.029297,-0.0016785,0.065918
0.027161,0.00015259,0.062256
0.029297,0.0019836,0.062256
0.029755,0.0022888,0.059814
0.029602,0.0016785,0.061035
0.029907,-0.00076294,0.05249
0.029602,-0.0018311,0.054932
0.029755,-0.0019836,0.048828
0.029602,-0.0050354,0.053711
0.029449,-0.00091553,0.05127
0.030365,-0.00076294,0.047607
0.030518,-0.00061035,0.048828
0.031586,0.00030518,0.047607
0.029907,0.0016785,0.050049
0.028839,0.0022888,0.043945
0.027924,0.0030518,0.050049
0.024414,0.0022888,0.037842
0.023956,0.0015259,0.030518
0.021667,0.0016785,0.039063
0.019379,-0.00045776,0.037842
0.019379,-0.00061035,0.036621
0.019379,0.00030518,0.039063
0.020752,-0.00015259,4.115
0.02121,0.00076294,4.8547
0.020752,0.0028992,4.8987
0.021973,0.005188,4.9109
0.02182,0.0065613,4.9084
0.023041,0.0067139,4.9146
0.024261,0.0050354,4.9133
0.024414,0.00091553,4.917
0.024872,-0.0021362,4.9268
0.024872,-0.0035095,4.9207
0.023651,-0.0022888,4.9292
0.023041,0.0010681,4.9255
0.022125,0.0028992,4.9219
0.021973,0.002594,4.9292
0.020752,0,4.928
0.020905,-0.0032043,4.928
0.022125,-0.0056458,4.9292
0.022888,-0.0061035,4.9207
0.023193,-0.0056458,4.9316
0.02243,-0.0045776,4.9292
0.021057,-0.0061035,4.9353
0.020447,-0.0048828,4.9329
0.020294,-0.0045776,4.9194
0.020599,-0.0035095,4.9353
0.022888,-0.0013733,4.9353
0.024109,0.0010681,4.9341
0.022736,0.0032043,4.9377
0.023193,0.005188,4.928
0.024567,0.0053406,4.9353
0.02533,0.004425,4.939
0.029144,0.0033569,4.9329
0.031738,0.0019836,4.9182
0.033264,0.0012207,4.9231
0.032654,0.0016785,4.928
0.031891,0.00076294,4.9219
0.030975,0,4.9194
0.030212,-0.0028992,4.9133
0.028992,-0.0068665,4.8914
0.028229,-0.010071,4.9158
0.026093,-0.012817,4.9158
0.023804,-0.013733,4.9109
0.02243,-0.013123,4.9158
0.021973,-0.013885,4.9146
0.022278,-0.014191,4.9097
0.023651,-0.015717,4.917
0.023193,-0.014343,4.9109
0.023651,-0.012817,4.9072
0.021362,-0.0088501,4.9109
0.019226,-0.0039673,4.8975
0.018768,-0.0019836,4.9097
0.019379,-0.00091553,4.9133
0.019989,-0.0019836,4.9097
0.021667,-0.0018311,4.9084
0.023499,-0.00045776,4.9097
0.02533,0.0016785,4.9109
0.027924,0.0033569,4.9158
0.029755,0.0030518,4.917
0.030975,0.004425,4.9146
0.030975,0.0050354,4.9268
0.030823,0.0061035,4.9219
0.030365,0.0080872,4.9304
0.028992,0.0071716,4.928
0.028076,0.0061035,4.9316
0.027466,0.0021362,4.9353
0.027161,0.0024414,4.9329
0.028229,0.0036621,4.9426
0.028534,0.0054932,4.9316
0.030365,0.0065613,4.917
0.030975,0.0064087,4.9316
0.030518,0.0065613,4.9316
0.028534,0.0035095,4.9304
0.02594,0.0022888,4.9329
0.024261,0.0015259,0.063477
0.023346,0.0010681,0.064697
0.021362,0.00091553,0.064697
0.0177,0.00015259,0.067139
0.014801,-0.00076294,0.058594
0.012207,0.0019836,0.064697
0.010834,0.0016785,0.061035
0.009613,0.0018311,0.058594
0.010681,0.0024414,0.061035
0.009613,0.0021362,0.054932
0.0085449,0.0010681,0.05249
0.007019,-0.00061035,0.048828
0.0068665,-0.0016785,0.037842
0.0085449,-0.0015259,0.047607
0.010223,-0.0022888,0.046387
0.012512,-0.0013733,0.041504
0.014038,-0.0036621,0.042725
0.014648,-0.0064087,0.041504
0.014191,-0.0062561,0.041504
0.014648,-0.0032043,0.037842
0.015564,0.0015259,0.041504
0.016174,0.0047302,0.037842
0.017242,0.0065613,0.041504
0.017548,0.0059509,0.041504
0.018158,0.0024414,0.043945
0.018768,0.00015259,0.037842
0.013428,-0.00030518,0.042725
0.01709,0.00061035,0.05127
0.016785,0.0018311,0.039063
0.015259,0.0024414,0.05249
0.014038,0.0032043,0.043945
0.013885,0.0030518,0.029297
0.011444,0.0028992,0.045166
0.010071,0.0036621,0.047607
0.0086975,0.0048828,0.05249
0.0062561,0.0045776,0.05249
0.0062561,0.0027466,0.05127
0.0061035,0.0013733,0.062256
0.0056458,0.00091553,0.057373
0.0053406,0.00015259,0.063477
0.0042725,0.0010681,0.057373
0.0045776,0.0024414,0.064697
0.0042725,0.0012207,0.061035
0.0038147,0.0013733,0.062256
0.0024414,-0.00061035,0.074463
0.002594,-0.0018311,0.062256
0.0028992,-0.0016785,0.058594
0.0056458,-0.0012207,0.062256
0.0065613,-0.00061035,0.072021
0.009613,0.0027466,0.065918
0.011597,0.0027466,0.057373
0.014954,0.0024414,0.065918
0.016632,0.0018311,0.063477
0.015717,0.0030518,0.057373
0.015717,0.0027466,0.062256
0.015106,0.0028992,0.056152
0.014801,0.0045776,0.054932
0.015259,0.0021362,0.047607
0.015564,0.00045776,0.054932
0.016327,-0.007019,0.047607
0.016327,-0.0033569,0.050049
0.015411,-0.0050354,0.048828
0.015869,-0.0035095,0.046387
0.017242,-0.0012207,0.057373
0.018921,0.0022888,0.045166
0.020447,0.0050354,0.053711
0.021362,0.0048828,0.042725
0.02182,0.0048828,0.028076
0.02243,0.005188,0.040283
0.02182,0.0042725,0.039063
0.021667,0.0056458,0.037842
0.023804,0.007019,0.039063
0.024109,0.0065613,0.037842
0.025024,0.0039673,0.041504
0.024109,0,0.039063
0.023956,-0.002594,0.040283
0.023346,-0.0042725,0.036621
0.023499,-0.0041199,0.042725
0.021667,-0.0038147,4.491
0.021973,-0.0045776,4.8889
0.02121,-0.0062561,4.9097
0.019836,-0.0088501,4.9194
0.018158,-0.010681,4.9158
0.015106,-0.010986,4.9231
0.016479,-0.010986,4.9292
0.016327,-0.0073242,4.9268
0.017395,-0.0050354,4.9207
0.018463,-0.0041199,4.928
0.020294,-0.0030518,4.9304
0.019684,-0.0016785,4.9231
0.022736,-0.00030518,4.9304
0.024414,-0.00030518,4.9255
0.02655,-0.00076294,4.9341
0.028839,-0.0013733,4.9304
0.03067,-0.0012207,4.9329
0.032501,0.0019836,4.9304
0.032959,0.0050354,4.9402
0.033417,0.00030518,4.9316
0.030518,-0.00061035,4.9365
0.029144,-0.0033569,4.9487
0.028381,-0.0057983,4.9377
0.028381,-0.0054932,4.9329
0.028992,-0.0036621,4.9304
0.029449,-0.0035095,4.9121
0.029755,-0.002594,4.9231
0.028839,-0.0033569,4.9243
0.028229,-0.0022888,4.9255
0.028076,-0.0038147,4.9219
0.029449,-0.0022888,4.9158
0.029602,0.0010681,4.9194
0.029297,0.0012207,4.917
0.027771,0.0035095,4.9158
0.027008,0.0038147,4.9097
0.026398,0.0045776,4.9158
0.024261,0.0061035,4.9133
0.023804,0.0083923,4.9133
0.023956,0.010223,4.9109
0.024109,0.012207,4.9133
0.024872,0.011292,4.9146
0.025024,0.0080872,4.9121
0.025024,0.0054932,4.917
0.024567,0.0033569,4.9109
0.024719,0.0013733,4.9097
0.025482,0.0019836,4.9109
0.02533,0.0024414,4.9109
0.023346,-0.00030518,4.9084
0.021667,0.00061035,4.9109
0.0177,-0.0018311,4.9109
0.015717,-0.0028992,4.9146
0.015106,-0.0021362,4.9158
0.015564,-0.0016785,4.9231
0.017548,-0.0032043,4.9207
0.018768,-0.0035095,4.9243
0.020142,-0.0062561,4.928
0.020905,-0.0071716,4.9304
0.021362,-0.0065613,4.939
0.02182,-0.005188,4.9304
0.02243,-0.0038147,4.9365
0.021362,-0.0012207,4.9316
0.019989,-0.00091553,4.9292
0.018005,-0.0019836,4.9341
0.016327,-0.0045776,4.9304
0.014801,-0.0079346,4.9304
0.014343,-0.010223,4.9316
0.013275,-0.01297,4.9353
0.013123,-0.012817,4.9353
0.014648,-0.011902,4.9341
0.015106,-0.0097656,4.9377
0.018616,-0.011139,4.9341
0.017853,-0.012207,4.9341
0.018463,-0.011292,0.061035
0.019226,-0.011444,0.061035
0.020142,-0.0091553,0.054932
0.023499,-0.0048828,0.054932
0.024719,-0.0013733,0.062256
0.027313,0.0019836,0.05127
0.029755,-0.00045776,0.058594
0.030365,-0.0027466,0.05127
0.031738,-0.0038147,0.03418
0.032959,-0.004425,0.043945
0.034485,-0.0030518,0.042725
0.034637,-0.00045776,0.043945
0.033112,0.00030518,0.041504
0.030823,-0.0010681,0.036621
0.027313,-0.0050354,0.042725
0.025024,-0.0086975,0.036621
0.020752,-0.01236,0.041504
0.018921,-0.013885,0.039063
0.016327,-0.013733,0.043945
0.014801,-0.012512,0.037842
0.014038,-0.013885,0.043945
0.014343,-0.015106,0.053711
0.013885,-0.017395,0.041504
0.016327,-0.017853,0.047607
0.018311,-0.018311,0.041504
0.019989,-0.016632,0.026855
0.02182,-0.013885,0.045166
0.02243,-0.0094604,0.047607
0.023041,-0.005188,0.05127
0.023041,-0.002594,0.053711
0.021973,-0.0012207,0.048828
0.022583,-0.0015259,0.058594
0.02182,-0.0024414,0.058594
0.021515,-0.0024414,0.059814
0.019073,-0.0016785,0.057373
0.017548,-0.00030518,0.064697
0.016327,-0.0012207,0.061035
0.014648,-0.0032043,0.064697
0.015106,-0.0053406,0.065918
0.017548,-0.0076294,0.062256
0.020294,-0.0068665,0.062256
0.022888,-0.0056458,0.065918
0.024719,-0.002594,0.076904
0.026093,0.00061035,0.064697
0.026398,0.0024414,0.063477
0.025787,0.0036621,0.067139
0.023193,0.0047302,0.062256
0.019379,0.0061035,0.059814
0.012665,0.0073242,0.063477
0.0057983,0.007782,0.057373
-0.00045776,0.007019,0.057373
-0.004425,0.0042725,0.053711
-0.0067139,-0.0013733,0.056152
-0.0057983,-0.0085449,0.047607
-0.0015259,-0.01297,0.05127
0.002594,-0.014191,0.050049
0.0068665,-0.013275,0.047607
0.0065613,-0.0086975,0.053711
0.0088501,-0.0042725,0.045166
0.0088501,-0.0019836,0.048828
0.007782,0.0019836,0.042725
0.0071716,0.0056458,0.031738
0.0085449,0.010529,0.039063
0.010376,0.01709,0.040283
0.01358,0.022278,0.03418
0.017242,0.023956,0.039063
0.021973,0.021667,0.039063
0.025787,0.016022,0.039063
0.03067,0.010986,0.03418
0.033722,0.0082397,0.032959
0.033417,0.0067139,0.037842
0.028381,0.0079346,0.043945
0.020752,0.0085449,0.042725
0.011749,0.0079346,0.043945
0.0013733,0.0061035,0.043945
-0.0024414,0.0042725,0.05127
-0.0035095,0.0050354,0.05127
-0.0012207,0.0057983,0.05249
0.0027466,0.0074768,3.8831
0.0094604,0.0065613,4.8596
0.012207,0.0047302,4.9036
0.016022,-0.00076294,4.9255
0.014648,-0.00015259,4.9268
0.017395,-0.00015259,4.9304
0.015564,0.0027466,4.9268
0.011597,0.0059509,4.928
0.004425,0.0050354,4.9353
-0.0047302,0.0093079,4.9304
-0.0090027,0.0086975,4.928
-0.011597,0.0057983,4.9292
-0.012665,0.0038147,4.9353
-0.0079346,0.0035095,4.9329
-0.0019836,0.004425,4.9353
0.0042725,0.0056458,4.9475
0.0085449,0.007019,4.9438
0.013275,0.0090027,4.9329
0.016937,0.012054,4.9341
0.022583,0.013428,4.9304
0.023651,0.015869,4.9292
0.025635,0.017853,4.9243
0.026703,0.017548,4.928
0.028534,0.019226,4.9207
0.027161,0.0177,4.9207
0.024719,0.014343,4.9194
0.023956,0.0067139,4.917
0.024567,0.0045776,4.9146
0.023041,0.00030518,4.9158
0.022736,-0.0022888,4.9133
0.020294,-0.0047302,4.9133
0.018158,-0.0068665,4.9158
0.0177,-0.0048828,4.9109
0.016174,-0.0048828,4.9133
0.016937,-0.0065613,4.9231
0.018463,-0.0053406,4.9121
0.018158,-0.0035095,4.9207
0.01709,-0.00030518,4.9084
0.014648,0.0030518,4.8975
0.013885,0.0054932,4.9084
0.014343,0.0083923,4.906
0.015411,0.0073242,4.9084
0.018005,0.0024414,4.9121
0.019836,-0.0012207,4.9109
0.02182,-0.0019836,4.9146
0.021973,-0.0010681,4.9133
0.024719,0.0010681,4.9231
0.026245,0.0048828,4.9219
0.028534,0.0056458,4.9231
0.029907,0.0039673,4.9292
0.031738,0.002594,4.9292
0.031586,0.0019836,4.9194
0.030365,0.007782,4.9329
0.030365,0.0059509,4.9304
0.029755,0.0086975,4.9341
0.031433,0.0097656,4.9377
0.031586,0.0083923,4.9329
0.032806,0.0047302,4.9255
0.034485,0.0012207,4.9255
0.034332,-0.00091553,4.9304
0.032654,-0.0016785,4.9304
0.027161,-0.0013733,4.9341
0.027161,-0.0015259,4.9329
0.025024,-0.0015259,4.9304
0.024414,-0.0010681,4.9341
0.025482,-0.00091553,4.9353
0.027313,0.00030518,4.9316
0.029144,0.0016785,4.9329
0.027466,0.002594,4.928
0.026703,0.0028992,4.9304
0.027466,0.0021362,4.9426
0.030823,0.00076294,4.9243
0.031891,-0.0030518,4.9243
0.032501,-0.004425,0.050049
0.030365,-0.0041199,0.032959
0.023956,-0.0030518,0.045166
0.024261,-0.0057983,0.032959
0.022736,-0.0013733,0.042725
0.024261,0.00045776,0.042725
0.026855,0.002594,0.039063
0.029602,0.004425,0.041504
0.033112,0.011139,0.041504
0.033569,0.014648,0.042725
0.034637,0.015106,0.039063
0.034943,0.014191,0.042725
0.035248,0.010986,0.041504
0.036163,0.0053406,0.040283
0.035553,0.0016785,0.043945
0.033875,-0.0068665,0.036621
0.031433,-0.0022888,0.036621
0.026855,-0.0022888,0.041504
0.023346,-0.0021362,0.037842
0.022278,-0.0028992,0.041504
0.023193,-0.0024414,0.037842
0.024872,-0.0059509,0.042725
0.02655,-0.00061035,0.047607
0.027618,0.0021362,0.048828
0.027618,0.0039673,0.054932
0.025635,0.0035095,0.054932
0.024414,0.0010681,0.058594
0.024109,-0.0019836,0.057373
0.024414,-0.005188,0.063477
0.025482,-0.0085449,0.058594
0.024567,-0.0086975,0.064697
0.023651,-0.0083923,0.061035
0.020599,-0.0065613,0.063477
0.019226,-0.0061035,0.072021
0.019379,-0.0065613,0.064697
0.021362,-0.0065613,0.068359
0.024872,-0.0064087,0.063477
0.027771,-0.0057983,0.054932
0.028534,-0.0048828,0.064697
0.027313,-0.0030518,0.064697
0.024109,-0.0030518,0.062256
0.022736,-0.0035095,0.062256
0.022736,-0.0042725,0.062256
0.023499,-0.004425,0.058594
0.024414,-0.0033569,0.054932
0.024261,-0.0024414,0.056152
0.024414,0.00015259,0.047607
0.022736,0.0013733,0.053711
0.023193,0.0022888,0.053711
0.026703,0.0010681,0.048828
0.029755,-0.0021362,0.048828
0.033722,-0.0041199,0.047607
0.03418,-0.0059509,0.05249
0.033875,-0.005188,0.042725
0.032043,-0.0054932,0.045166
0.030212,-0.0048828,0.041504
0.029755,-0.0032043,0.026855
0.030518,-0.0041199,0.037842
0.031128,-0.0079346,0.036621
0.03006,-0.0091553,0.037842
0.028076,-0.011292,0.040283
0.02594,-0.010834,0.0354
0.022736,-0.0091553,0.040283
0.020905,-0.0062561,0.036621
0.019836,-0.0045776,0.042725
0.021057,-0.0028992,0.029297
0.02182,-0.0041199,0.041504
0.022736,-0.0054932,0.042725
0.023956,-0.0064087,0.048828
0.023651,-0.0054932,0.063477
0.024109,-0.0032043,0.050049
0.025482,-0.00015259,0.053711
0.027618,0.0022888,0.054932
0.029602,0.0027466,0.042725
0.029144,0.0022888,0.054932
0.027924,0.0030518,0.058594
0.024109,0.0022888,0.057373
0.019836,0.0021362,3.512
0.016327,0.0013733,4.8376
0.015564,0,4.9255
0.015717,-0.0010681,4.9268
0.017853,-0.0028992,4.9329
0.017548,-0.004425,4.928
0.018005,-0.0056458,4.9353
0.017242,-0.0059509,4.9329
0.016022,-0.0047302,4.9341
0.016479,-0.005188,4.9438
0.015717,-0.0083923,4.939
0.017548,-0.0093079,4.9402
0.014038,-0.011597,4.9329
0.010529,-0.012054,4.9414
0.0057983,-0.010223,4.928
0.0027466,-0.0083923,4.9158
0.0035095,-0.0079346,4.9255
0.007019,-0.0079346,4.9219
0.012054,-0.0088501,4.9194
0.015717,-0.0094604,4.9207
0.015717,-0.0099182,4.9207
0.017548,-0.0056458,4.9194
0.016632,-0.002594,4.9133
0.015869,-0.00045776,4.9158
0.0177,0.0019836,4.9109
0.019379,0.0010681,4.917
0.020905,0.0038147,4.9146
0.020599,0.0048828,4.9146
0.018158,0.0065613,4.9146
0.016022,0.007019,4.9109
0.016022,0.0048828,4.9121
0.018768,0.0024414,4.9109
0.02243,-0.0012207,4.9011
0.022888,-0.0030518,4.9109
0.02594,-0.0030518,4.906
0.022888,-0.00061035,4.9023
0.023956,0.0010681,4.9109
0.021362,0.0016785,4.9109
0.018616,0.0018311,4.9121
0.016937,0.00076294,4.9109
0.015564,-0.0039673,4.9182
0.01358,-0.0030518,4.9158
0.011597,-0.0035095,4.9219
0.0086975,-0.0022888,4.9243
0.0067139,-0.0015259,4.9292
0.0048828,-0.00076294,4.9231
0.0059509,-0.00061035,4.9353
0.0093079,-0.0013733,4.9341
0.013275,-0.0010681,4.9329
0.014954,-0.0015259,4.9414
0.013733,-0.00091553,4.9329
0.013428,0.00076294,4.9182
0.011597,0.0012207,4.9268
0.010376,0.002594,4.9329
0.010681,0.0035095,4.9316
0.011749,0.002594,4.9304
0.01358,0.00076294,4.9316
0.014496,0.00030518,4.9377
0.014343,0.0013733,4.9377
0.014496,0.0035095,4.9365
0.015717,0.0068665,4.9304
0.019379,0.0094604,4.9353
0.024261,0.0065613,4.9255
0.028687,0.0074768,4.9316
0.032043,0.0039673,4.9377
0.033722,0.002594,4.9268
0.031433,0.0030518,4.9194
0.029449,0.0054932,4.9194
0.028381,0.0085449,4.9121
0.029144,0.0080872,4.917
0.028534,0.0045776,4.9146
0.027924,-0.00076294,4.9158
0.02655,-0.0083923,4.917
0.025024,-0.0088501,4.9133
0.021973,-0.0086975,0.040283
0.020752,-0.0083923,0.039063
0.020752,-0.0074768,0.040283
0.021362,-0.011292,0.039063
0.02182,-0.013428,0.041504
0.02182,-0.014496,0.037842
0.02121,-0.012665,0.042725
0.019989,-0.0085449,0.036621
0.018463,-0.0038147,0.043945
0.017853,-0.00015259,0.047607
0.019531,0.0015259,0.041504
0.020905,0.0013733,0.053711
0.022278,0.0015259,0.041504
0.022736,0.00030518,0.036621
0.023804,0.0035095,0.047607
0.023499,0.0056458,0.048828
0.025482,0.0074768,0.05127
0.029144,0.0080872,0.053711
0.031891,0.0071716,0.054932
0.035858,0.0036621,0.058594
0.037384,0.0024414,0.054932
0.036621,0.0018311,0.059814
0.035706,0.0036621,0.058594
0.03418,0.0041199,0.062256
0.034027,0.0035095,0.065918
0.034332,0.0016785,0.062256
0.034943,-0.0048828,0.068359
0.032654,-0.0097656,0.061035
0.030518,-0.012512,0.062256
0.027161,-0.012817,0.065918
0.024414,-0.009613,0.070801
0.024261,-0.007019,0.065918
0.026398,-0.0045776,0.064697
0.028381,-0.0041199,0.063477
0.029907,-0.0054932,0.064697
0.03006,-0.0042725,0.062256
0.028687,-0.00091553,0.061035
0.027313,0.0045776,0.054932
0.025635,0.0093079,0.057373
0.027008,0.012512,0.050049
0.028076,0.013733,0.053711
0.030518,0.012054,0.050049
0.030518,0.0083923,0.050049
0.03006,0.0068665,0.046387
0.028839,0.0067139,0.048828
0.028687,0.007782,0.061035
0.029297,0.0091553,0.045166
0.029755,0.010223,0.05249
0.029602,0.007782,0.040283
0.028229,0.0048828,0.030518
0.026093,0.00061035,0.037842
0.024261,-0.0036621,0.036621
0.02121,-0.0042725,0.0354
0.018921,-0.0032043,0.040283
0.018463,-0.00076294,0.0354
0.018311,-0.00030518,0.042725
0.017853,-0.0028992,0.039063
0.018463,-0.0073242,0.041504
0.018463,-0.012512,0.037842
0.019684,-0.01297,0.045166
0.020294,-0.010071,0.040283
0.02121,-0.0038147,0.046387
0.023346,0.0024414,0.054932
0.023499,0.0047302,0.05249
0.025177,0.0036621,0.047607
0.025482,0.00061035,0.056152
0.025482,-0.0019836,0.058594
0.024872,-0.0019836,0.056152
0.024719,-0.0019836,0.059814
0.02655,-0.00091553,0.057373
0.027924,-0.0024414,0.061035
0.029755,-0.004425,0.059814
0.028992,-0.0067139,0.063477
0.028229,-0.0097656,0.059814
0.02655,-0.010681,0.059814
0.024109,-0.010376,0.059814
0.023651,-0.0094604,2.1301
0.023499,-0.010529,4.7632
0.024109,-0.012512,4.9194
0.024261,-0.013123,4.9316
0.025024,-0.013123,4.9377
0.026245,-0.010681,4.9451
0.027313,-0.0065613,4.9353
0.029449,-0.0030518,4.9365
0.031586,-0.00076294,4.9316
0.032959,-0.00015259,4.9182
0.032959,-0.00076294,4.9292
0.031586,0,4.9207
0.02655,0.00045776,4.9207
0.027618,0.0024414,4.9207
0.026703,0.0030518,4.9207
0.027924,0.0032043,4.9158
0.029449,0.0015259,4.917
0.031433,-0.0016785,4.917
0.032196,-0.0042725,4.9121
0.032043,-0.0053406,4.9121
0.028992,-0.0048828,4.9158
0.025787,-0.0059509,4.9158
0.023193,-0.0059509,4.9072
0.021362,-0.0074768,4.9109
0.019073,-0.010834,4.9146
0.018005,-0.012512,4.9109
0.016785,-0.013428,4.9158
0.016479,-0.011292,4.9097
0.016174,-0.0074768,4.9097
0.017853,-0.0042725,4.906
0.019989,-0.0013733,4.9084
0.022888,0.0015259,4.9133
0.025177,0.0032043,4.9109
0.02533,0.0038147,4.8938
0.024109,0.0042725,4.9182
0.020599,0.005188,4.9182
0.017548,0.0048828,4.9182
0.013885,0.005188,4.9231
0.010223,0.0041199,4.9268
0.0079346,0.0041199,4.9255
0.0054932,-0.0016785,4.9341
0.005188,-0.0024414,4.9438
0.005188,-0.0032043,4.9353
0.0062561,-0.0018311,4.9316
0.009613,-0.00076294,4.9341
0.0091553,0.0019836,4.9255
0.010681,0,4.9316
0.010986,-0.0016785,4.9292
0.012512,-0.0042725,4.9304
0.012665,-0.0050354,4.9304
0.013275,-0.005188,4.9304
0.012512,-0.0065613,4.939
0.012512,-0.0057983,4.9353
0.012665,-0.0068665,4.9353
0.010529,-0.0093079,4.928
0.0083923,-0.012207,4.9329
0.0059509,-0.0099182,4.9194
0.0038147,-0.0097656,4.9304
0.0041199,-0.0035095,4.9329
0.0041199,0.0021362,4.9268
0.0073242,0.005188,4.9304
0.0094604,0.007019,4.9255
0.012665,0.0065613,4.9329
0.015259,0.007019,4.917
0.018005,0.010376,4.9072
0.019836,0.013885,4.917
0.020294,0.016937,4.9158
0.019226,0.015869,4.9146
0.018005,0.016479,4.917
0.015564,0.012054,4.9121
0.013275,0.0073242,4.9109
0.010681,0.0048828,4.9097
0.010834,0.004425,4.9023
0.0073242,0.0033569,4.9097
0.0085449,0.0039673,0.042725
0.010376,0.002594,0.042725
0.011902,0.00091553,0.042725
0.013733,0,0.046387
0.017395,0,0.039063
0.015717,0.0022888,0.046387
0.016327,0.005188,0.040283
0.014801,0.0064087,0.036621
0.015106,0.0082397,0.045166
0.014496,0.0083923,0.045166
0.014954,0.0090027,0.048828
0.01358,0.0099182,0.05249
0.011292,0.01236,0.054932
0.0088501,0.011749,0.056152
0.0079346,0.011597,0.056152
0.0080872,0.011292,0.062256
0.0094604,0.010223,0.059814
0.011597,0.010986,0.064697
0.014343,0.011749,0.063477
0.016327,0.011292,0.065918
0.016632,0.011444,0.059814
0.016785,0.010834,0.062256
0.016937,0.009613,0.067139
0.015717,0.0093079,0.062256
0.014954,0.007782,0.072021
0.015106,0.0065613,0.064697
0.014801,0.0045776,0.054932
0.014496,0.002594,0.062256
0.015411,0.00061035,0.068359
0.015717,0.00076294,0.063477
0.017242,0.0015259,0.061035
0.020294,0.0013733,0.056152
0.021973,0,0.061035
0.023956,-0.0018311,0.05249
0.024109,-0.0045776,0.053711
0.020599,-0.0048828,0.05127
0.021667,-0.0035095,0.05249
0.019836,0.0016785,0.050049
0.0177,0.0022888,0.047607
0.0177,0.0032043,0.057373
0.018768,0.0021362,0.047607
0.020752,0.00030518,0.042725
0.019684,-0.0028992,0.042725
0.025177,-0.00030518,0.025635
0.026855,-0.00045776,0.036621
0.027771,0.0028992,0.041504
0.028229,0.0024414,0.036621
0.030212,0.0015259,0.041504
0.030518,-0.00061035,0.036621
0.032196,-0.0019836,0.043945
0.031891,-0.0018311,0.039063
0.032806,0.00015259,0.039063
0.034637,0.002594,0.031738
0.032806,0.0036621,0.041504
0.034637,0.0033569,0.041504
0.034943,0.0015259,0.045166
0.036163,0.00030518,0.045166
0.039825,0.00045776,0.050049
0.035706,0.0016785,0.05249
0.034485,0.0038147,0.054932
0.032959,0.0041199,0.068359
0.033264,0.0038147,0.053711
0.032959,0.0028992,0.046387
0.033875,0.0015259,0.054932
0.032654,0,0.062256
0.031586,0.0015259,0.057373
0.030518,0.0015259,0.063477
0.028992,0.0015259,0.061035
0.027924,-0.00015259,0.061035
0.027313,-0.0018311,0.059814
0.02533,-0.0030518,0.062256
0.024109,-0.002594,0.061035
0.024109,-0.0016785,0.065918
0.022888,-0.0012207,0.063477
0.024414,0.00076294,0.064697
0.027313,0.00091553,0.073242
0.029907,0.00076294,0.065918
0.033112,0.00076294,4.1577
0.034485,0.0012207,4.884
0.035858,0.0010681,4.9292
0.036316,0.0036621,4.928
0.037384,0.0042725,4.9231
0.037231,0.0032043,4.9207
0.036774,0.0021362,4.9207
0.034943,0.0010681,4.9182
0.032349,0.0016785,4.9182
0.029907,0.002594,4.9146
0.028229,0.0028992,4.9146
0.027924,0.0027466,4.9133
0.026093,0.0013733,4.9036
0.026855,-0.00091553,4.9109
0.026703,-0.0024414,4.9158
0.02594,-0.0041199,4.9121
0.025482,-0.004425,4.9097
0.026093,-0.0035095,4.9219
0.026855,-0.0028992,4.9084
0.028076,-0.0021362,4.9158
0.028687,-0.0021362,4.9084
0.028229,-0.0030518,4.8914
0.027466,-0.0032043,4.9109
0.026703,-0.0039673,4.9097
0.026703,-0.0022888,4.9109
0.027771,0,4.9109
0.029602,0.0012207,4.9097
0.031586,0.0022888,4.9146
0.035095,0.0019836,4.9231
0.038147,0.00076294,4.9231
0.040131,0.00015259,4.9194
0.040741,0.00076294,4.9243
0.039825,0.00076294,4.9255
0.038605,0.00030518,4.9304
0.036469,-0.0019836,4.9353
0.033417,-0.0028992,4.9292
0.030823,-0.0050354,4.9292
0.027618,-0.0068665,4.9341
0.025482,-0.0091553,4.9438
0.023041,-0.010529,4.9304
0.021973,-0.0091553,4.9207
0.021057,-0.0083923,4.9304
0.021057,-0.0064087,4.9304
0.021515,-0.0041199,4.9304
0.023193,-0.0021362,4.9182
0.02533,-0.0021362,4.9377
0.028076,-0.0015259,4.9353
0.03067,-0.00015259,4.9329
0.034485,0.0028992,4.939
0.035858,0.0061035,4.9292
0.036774,0.0086975,4.9268
0.036469,0.0093079,4.928
0.0354,0.007782,4.928
0.035706,0.0062561,4.9329
0.035858,0.0042725,4.9268
0.035553,0.0030518,4.9231
0.03418,0.0035095,4.9194
0.031891,0.0032043,4.906
0.028687,0.0021362,4.917
0.02594,0.00030518,4.9158
0.023499,-0.0018311,4.9133
0.021667,-0.0039673,4.9121
0.022736,-0.0042725,4.9097
0.023346,-0.0050354,4.9121
0.023499,-0.0038147,4.9072
0.022888,-0.0016785,4.9109
0.02243,0.00061035,4.9084
0.020905,0.0036621,4.917
0.020142,0.0045776,4.9133
0.019531,0.0033569,4.9121
0.019226,0.0013733,4.9109
0.017395,-0.0021362,4.9109
0.016327,-0.005188,0.041504
0.016327,-0.0050354,0.040283
0.016022,-0.0032043,0.050049
0.017548,-0.0013733,0.047607
0.019226,0.00015259,0.043945
0.020752,0.00045776,0.043945
0.020905,-0.00045776,0.05127
0.019836,-0.0010681,0.054932
0.017853,-0.0024414,0.054932
0.015411,-0.002594,0.05127
0.015106,-0.002594,0.059814
0.013733,-0.0035095,0.058594
0.015411,-0.0042725,0.062256
0.016327,-0.0074768,0.062256
0.016632,-0.0097656,0.057373
0.016174,-0.010529,0.061035
0.0177,-0.0091553,0.064697
0.020294,-0.0057983,0.074463
0.022736,-0.0028992,0.061035
0.025635,0.0019836,0.064697
0.027618,0.0036621,0.062256
0.028687,0.0022888,0.053711
0.026855,0.0016785,0.063477
0.02533,-0.0015259,0.063477
0.023956,-0.0028992,0.063477
0.021667,-0.0036621,0.061035
0.019073,-0.0030518,0.057373
0.015411,-0.00091553,0.059814
0.012817,0.0038147,0.053711
0.0091553,0.0021362,0.053711
0.0054932,0.0028992,0.047607
0.0054932,0.0038147,0.046387
0.0054932,0.0056458,0.048828
0.0047302,0.0071716,0.05127
0.010681,0.0065613,0.048828
0.013885,0.0082397,0.046387
0.016327,0.0064087,0.048828
0.016937,0.0038147,0.046387
0.016327,0.0016785,0.048828
0.016022,-0.00015259,0.039063
0.013885,-0.00061035,0.046387
0.010834,0.00015259,0.037842
0.0099182,0,0.041504
0.0076294,0.00030518,0.039063
0.0056458,0.00030518,0.040283
0.0041199,-0.00045776,0.037842
0.0054932,-0.00030518,0.041504
0.0079346,0.002594,0.039063
0.011749,0.0035095,0.043945
0.016632,0.0074768,0.040283
0.02182,0.0071716,0.041504
0.023346,0.007019,0.045166
0.023651,0.0041199,0.045166
0.023041,0.0054932,0.056152
0.022736,0.0074768,0.053711
0.020905,0.0068665,0.057373
0.019379,0.0065613,0.05127
0.017853,0.0056458,0.05249
0.015717,0.0036621,0.056152
0.016479,0.0027466,0.059814
0.014191,0.0032043,0.059814
0.016022,0.0027466,0.059814
0.018158,0.0013733,0.062256
0.018616,-0.00091553,0.061035
0.024872,-0.00061035,0.056152
0.027008,-0.0019836,0.064697
0.027924,-0.0053406,0.059814
0.027466,-0.0022888,0.053711
0.026855,-0.00045776,0.067139
0.027771,0.0021362,0.06958
0.028839,0.0035095,0.064697
0.027924,0.0048828,0.065918
0.030212,0.0054932,0.075684
0.028992,0.004425,0.061035
0.029297,0.0028992,0.065918
0.032196,0.00015259,0.057373
0.028687,-0.0015259,0.042725
0.028992,-0.0016785,0.05249
0.028839,-0.0021362,2.9431
0.028839,-0.002594,4.8035
0.026703,-0.0024414,4.9072
0.024872,-0.0061035,4.9158
0.023651,-0.0059509,4.9133
0.023041,-0.0059509,4.9158
0.021515,-0.0064087,4.9158
0.025787,-0.0050354,4.9072
0.02655,-0.0036621,4.9158
0.028534,-0.0018311,4.9121
0.029755,0.00091553,4.9133
0.031891,0.0019836,4.9194
0.033722,0.0016785,4.9109
0.033722,0.0041199,4.9097
0.033264,-0.0018311,4.9072
0.032959,-0.004425,4.9011
0.03067,-0.0061035,4.9072
0.028992,-0.0062561,4.895
0.027008,-0.0028992,4.9109
0.026093,-0.0042725,4.9084
0.025177,-0.0015259,4.9097
0.024872,-0.0016785,4.9121
0.023651,-0.0027466,4.8962
0.024567,-0.00091553,4.9182
0.024719,0.00015259,4.9182
0.025482,0.0019836,4.9207
0.02533,0.0045776,4.9268
0.024261,0.0048828,4.9243
0.024414,0.0035095,4.9255
0.023651,0.0018311,4.9304
0.027313,0.00061035,4.9377
0.028076,0.00091553,4.9341
0.030365,0.002594,4.9402
0.031281,0.0047302,4.9329
0.0354,0.0071716,4.9207
0.030823,0.0076294,4.9329
0.030365,0.0079346,4.9316
0.030212,0.0057983,4.9316
0.029297,0.0041199,4.9329
0.029449,0.0039673,4.9304
0.028076,0.0036621,4.9377
0.02655,-0.00030518,4.9341
0.026245,0.0015259,4.9365
0.02594,-0.00076294,4.9304
0.026245,-0.0036621,4.9329
0.026855,-0.0050354,4.9292
0.026855,-0.0030518,4.9292
0.02655,-0.00091553,4.9304
0.026398,0.00030518,4.9255
0.024719,-0.00015259,4.9207
0.024261,-0.0032043,4.9158
0.02182,-0.0062561,4.9207
0.020142,-0.007019,4.9158
0.020905,-0.0062561,4.9158
0.023041,-0.0036621,4.9109
0.025177,-0.0013733,4.9158
0.026093,-0.00091553,4.9121
0.027008,0.00076294,4.9109
0.02655,-0.00061035,4.9072
0.027466,-0.0019836,4.9084
0.028381,-0.0010681,4.9084
0.029602,0.00076294,4.9109
0.029907,0.002594,4.9097
0.029907,0.0030518,4.9121
0.028839,0.0024414,4.9072
0.027771,-0.00030518,4.9133
0.028534,-0.0035095,4.9243
0.029755,-0.0068665,4.9109
0.03067,-0.0086975,4.9194
0.032043,-0.0086975,4.9182
0.031586,-0.0088501,4.8962
0.029144,-0.0080872,4.9158
0.02655,-0.0079346,4.917
0.023041,-0.0085449,0.05249
0.021362,-0.0085449,0.053711
0.02121,-0.0080872,0.053711
0.021362,-0.007019,0.058594
0.02121,-0.0056458,0.058594
0.020905,-0.005188,0.063477
0.020905,-0.0067139,0.057373
0.02121,-0.0079346,0.065918
0.022125,-0.0086975,0.062256
0.024719,-0.0076294,0.064697
0.026855,-0.0053406,0.072021
0.03006,-0.0032043,0.063477
0.032196,-0.0013733,0.059814
0.033875,-0.0012207,0.062256
0.034332,-0.00091553,0.075684
0.034332,-0.0010681,0.065918
0.035248,-0.0012207,0.062256
0.036774,0.00030518,0.067139
0.039368,0.00091553,0.059814
0.041199,-0.00015259,0.058594
0.040741,-0.00015259,0.058594
0.039673,-0.00091553,0.054932
0.0354,-0.0032043,0.056152
0.032043,-0.0022888,0.05249
0.029297,-0.0015259,0.05127
0.027618,0.00045776,0.048828
0.027161,0.0027466,0.05249
0.026398,0.0032043,0.046387
0.024719,0.0027466,0.048828
0.022125,0.00030518,0.05249
0.020905,-0.0030518,0.047607
0.020752,-0.0048828,0.053711
0.02243,-0.0047302,0.041504
0.024567,-0.0021362,0.032959
0.025177,0.0010681,0.037842
0.023651,0.0036621,0.039063
0.020905,0.0048828,0.039063
0.017853,0.0036621,0.039063
0.016785,0.0027466,0.039063
0.016785,0.0010681,0.039063
0.017395,0.0015259,0.036621
0.016632,0.0019836,0.039063
0.018616,0.0022888,0.036621
0.014343,0.0010681,0.042725
0.012207,-0.0010681,0.045166
0.012817,-0.0035095,0.046387
0.016174,-0.0039673,0.048828
0.018616,-0.0012207,0.05127
0.021362,0.0021362,0.05127
0.020905,0.0061035,0.05249
0.019226,0.0094604,0.064697
0.016479,0.010223,0.057373
0.014343,0.0093079,0.05127
0.014496,0.0091553,0.058594
0.016327,0.0071716,0.061035
0.017242,0.0076294,0.059814
0.016785,0.0080872,0.056152
0.015564,0.0083923,0.059814
0.01297,0.0093079,0.063477
0.010681,0.0083923,0.061035
0.010986,0.0083923,0.063477
0.010986,0.0082397,0.061035
0.010681,0.010071,0.06958
0.009613,0.01297,0.063477
0.0074768,0.016174,0.065918
0.005188,0.018005,0.078125
0.0038147,0.020294,0.061035
0.0035095,0.014496,0.062256
0.005188,0.01236,0.061035
0.007019,0.0094604,0.039063
0.007782,0.0094604,0.053711
0.0071716,0.011139,0.05249
0.0073242,0.011444,0.046387
0.0065613,0.01358,0.046387
0.0073242,0.01297,0.047607
0.0067139,0.011444,0.046387
0.0064087,0.009613,0.047607
0.0050354,0.0088501,0.95215
0.0045776,0.0082397,4.6814
0.0039673,0.0085449,4.8962
0.0030518,0.0086975,4.9097
0.0028992,0.0073242,4.9146
0.0053406,0.0061035,4.9097
0.0027466,0.0054932,4.9121
0.0042725,0.0048828,4.9133
0.0048828,0.0062561,4.9121
0.0062561,0.0091553,4.9146
0.005188,0.010681,4.9084
0.007782,0.011749,4.906
0.007782,0.011749,4.9097
0.0079346,0.010834,4.9084
0.010223,0.0091553,4.9097
0.012512,0.0088501,4.9133
0.014038,0.0074768,4.9023
0.014343,0.0053406,4.917
0.014496,0.0067139,4.917
0.01358,0.0061035,4.9219
0.014191,0.0039673,4.9231
0.014496,0.0016785,4.9243
0.015869,0,4.9316
0.016937,0,4.9316
0.017242,0.0016785,4.939
0.018311,0.0027466,4.9341
0.016785,0.00015259,4.9353
0.017242,0.0056458,4.9304
0.01709,0.0019836,4.9341
0.019073,0.0030518,4.9304
0.021515,0.0048828,4.9292
0.021515,0.0062561,4.9304
0.019684,0.0091553,4.9304
0.016632,0.0065613,4.9219
0.014954,0.0045776,4.9377
0.013885,0.0016785,4.9329
0.014801,-0.00030518,4.9353
0.015259,-0.0012207,4.9292
0.015259,-0.00061035,4.9341
0.015259,0,4.9329
0.015564,0.00045776,4.9304
0.015869,0.0012207,4.9255
0.016937,0.0022888,4.9268
0.019989,0.00045776,4.9329
0.022888,0.0012207,4.9207
0.024261,0.0018311,4.9292
0.023651,0.0021362,4.9182
0.024261,0.00015259,4.9072
0.025787,-0.0042725,4.906
0.026855,-0.0068665,4.9109
0.028534,-0.0094604,4.9133
0.028687,-0.010223,4.9097
0.027618,-0.007782,4.9048
0.027008,-0.0045776,4.9109
0.026703,-0.0022888,4.9121
0.02655,-0.00061035,4.9097
0.02655,0.0012207,4.9084
0.027466,0.0035095,4.9146
0.027008,0.0016785,4.9109
0.026093,0.0024414,4.9084
0.026855,0.0035095,4.9194
0.026855,0.0041199,4.9109
0.028687,0.0038147,4.9109
0.03067,0.0030518,4.9146
0.031281,0.0015259,4.895
0.030975,0.00045776,4.9158
0.03006,-0.00030518,4.9341
0.029602,0.00076294,4.9194
0.028839,0.002594,4.9219
0.028839,0.0045776,4.9146
0.027771,0.0056458,4.9268
0.029449,0.0082397,4.9292
0.028992,0.0074768,3.0322
0.028381,0.0056458,0.057373
0.030823,0.0041199,0.068359
0.031738,0.0030518,0.058594
0.031433,0.0038147,0.063477
0.030365,0.0039673,0.063477
0.029297,0.0071716,0.061035
0.031281,0.0073242,0.06958
0.031128,0.0067139,0.067139
0.032349,0.0041199,0.073242
0.031281,0.0032043,0.064697
0.03067,0.0047302,0.053711
0.028992,0.0056458,0.064697
0.027924,0.0057983,0.064697
0.027618,0.0041199,0.059814
0.027618,-0.00030518,0.059814
0.028229,-0.0048828,0.054932
0.027161,-0.0068665,0.057373
0.025177,-0.0056458,0.05127
0.024109,-0.0038147,0.05249
0.022736,-0.0022888,0.046387
0.023651,-0.0022888,0.048828
0.02594,-0.0019836,0.05127
0.029297,-0.0015259,0.047607
0.031891,0.0012207,0.048828
0.032349,0.0054932,0.045166
0.033112,0.0094604,0.041504
0.032806,0.010834,0.042725
0.033569,0.0085449,0.031738
0.034027,0.004425,0.040283
0.035706,0.00091553,0.037842
0.036621,-0.00015259,0.0354
0.036011,0.00030518,0.039063
0.033875,0.0018311,0.037842
0.030212,0.0024414,0.040283
0.027008,0.0018311,0.0354
0.025787,-0.00015259,0.041504
0.022583,-0.0027466,0.037842
0.023651,-0.0033569,0.043945
0.023651,-0.0021362,0.042725
0.021515,-0.00061035,0.046387
0.017548,0.0012207,0.045166
0.013428,-0.00015259,0.05249
0.012817,-0.0018311,0.059814
0.013733,-0.005188,0.056152
0.016785,-0.012817,0.062256
0.018768,-0.0090027,0.057373
0.019531,-0.007019,0.042725
0.019989,-0.0033569,0.056152
0.019226,0.00045776,0.061035
0.020752,0.0016785,0.061035
0.024414,0.0022888,0.058594
0.03067,0.0032043,0.056152
0.035858,0.0041199,0.062256
0.037842,0.0039673,0.059814
0.038757,0.0053406,0.063477
0.037537,0.005188,0.061035
0.036469,0.002594,0.068359
0.0354,0.0019836,0.063477
0.035706,0.0036621,0.067139
0.035553,0.0062561,0.075684
0.033112,0.0076294,0.063477
0.028992,0.005188,0.058594
0.025482,0,0.061035
0.023499,-0.0053406,0.063477
0.023041,-0.0073242,0.05249
0.024261,-0.0064087,0.05127
0.024872,-0.0022888,0.047607
0.024414,0.00061035,0.050049
0.020142,-0.00015259,0.043945
0.017853,-0.00091553,0.050049
0.014191,-0.0041199,0.045166
0.01358,-0.0065613,0.037842
0.012054,-0.0064087,0.041504
0.014648,-0.0062561,0.045166
0.016174,-0.0016785,0.040283
0.016632,-0.00091553,0.041504
0.015411,-0.0016785,0.040283
0.015411,-0.00091553,0.047607
0.015259,-0.00061035,4.6069
0.016022,-0.0013733,4.8901
0.016937,-0.0018311,4.9146
0.018005,-0.0053406,4.9072
0.015717,-0.0059509,4.8987
0.016632,-0.0059509,4.9097
0.017242,-0.0027466,4.9084
0.018311,-0.00045776,4.906
0.019226,0.0012207,4.9133
0.020447,0.0013733,4.9146
0.020294,-0.0033569,4.917
0.021057,-0.0042725,4.9158
0.021515,-0.0068665,4.9243
0.02121,-0.0076294,4.9207
0.019531,-0.0065613,4.9255
0.01709,-0.004425,4.9219
0.01709,-0.0041199,4.9304
0.018158,-0.0048828,4.928
0.016327,-0.0061035,4.9304
0.020447,-0.0065613,4.9292
0.021973,-0.0047302,4.9329
0.018463,-0.00076294,4.9402
0.016174,0.0027466,4.9329
0.014343,0.0050354,4.9133
0.014801,0.0057983,4.9304
0.016327,0.0065613,4.939
0.018768,0.0035095,4.9292
0.019531,0.0028992,4.9353
0.018311,0.0039673,4.9329
0.017242,0.0061035,4.9365
0.014648,0.0080872,4.9353
0.016022,0.0079346,4.9377
0.017548,0.0076294,4.9365
0.019684,0.0064087,4.9292
0.019379,0.0048828,4.9255
0.02121,0.0028992,4.928
0.019836,0.0038147,4.9402
0.020294,0.0041199,4.9231
0.021362,0.004425,4.9158
0.023041,0.005188,4.9194
0.023956,0.0045776,4.8987
0.024109,0.0047302,4.9146
0.022125,0.0071716,4.9121
0.02121,0.0036621,4.9158
0.018616,0.005188,4.9133
0.016785,0.005188,4.9084
0.015564,0.0048828,4.9121
0.015869,0.005188,4.9097
0.016479,0.005188,4.9097
0.016327,0.0045776,4.9048
0.015869,0.0045776,4.9133
0.015259,0.0047302,4.9133
0.015106,0.0047302,4.9121
0.017242,0.0019836,4.9084
0.019073,-0.00091553,4.9121
0.019379,-0.0041199,4.9121
0.018921,-0.0071716,4.9109
0.018311,-0.0094604,4.9231
0.0177,-0.0064087,4.9158
0.016327,-0.0032043,4.9109
0.015869,-0.00091553,4.9219
0.016785,0.00091553,4.9207
0.019836,0.0016785,4.9231
0.023346,0.0013733,4.9255
0.025177,0.0012207,4.9268
0.027008,0.00015259,4.9316
0.027008,0.0019836,4.9292
0.027771,0.0035095,4.9365
0.027618,0.0045776,4.9292
0.028687,0.0053406,4.9341
0.028534,0.0045776,4.9316
0.028381,0.0033569,0.061035
0.027313,0.002594,0.073242
0.025482,-0.00061035,0.063477
0.023651,-0.0016785,0.067139
0.022736,-0.0024414,0.065918
0.024109,-0.0016785,0.062256
0.025024,-0.0013733,0.067139
0.025635,-0.0021362,0.067139
0.023804,-0.0028992,0.057373
0.022125,-0.0057983,0.063477
0.020447,-0.0059509,0.056152
0.02121,-0.0068665,0.057373
0.022125,-0.0068665,0.054932
0.023956,-0.0032043,0.056152
0.024109,-0.0064087,0.048828
0.023651,-0.0074768,0.05249
0.023346,-0.0071716,0.048828
0.021667,-0.0074768,0.050049
0.023346,-0.0057983,0.045166
0.023956,-0.0035095,0.047607
0.025482,-0.0021362,0.053711
0.025482,-0.0010681,0.041504
0.025787,-0.0019836,0.048828
0.025024,-0.0013733,0.041504
0.02533,0.00076294,0.042725
0.023499,0.0019836,0.037842
0.022888,-0.00045776,0.042725
0.02243,0.0022888,0.039063
0.02182,0.00030518,0.036621
0.022125,-0.0042725,0.036621
0.021515,-0.0018311,0.037842
0.020294,-0.0082397,0.040283
0.018616,-0.0083923,0.041504
0.018616,-0.0019836,0.041504
0.019226,0.0033569,0.046387
0.021057,0.0056458,0.046387
0.023193,0.0012207,0.048828
0.023346,-0.0033569,0.065918
0.023193,-0.005188,0.057373
0.020752,-0.0036621,0.058594
0.019836,-0.00091553,0.057373
0.018311,0.0039673,0.050049
0.020447,0.0059509,0.056152
0.021667,0.0039673,0.061035
0.021667,0.0010681,0.061035
0.019684,0.00091553,0.058594
0.016022,0.002594,0.058594
0.016937,0.0053406,0.063477
0.016937,0.0083923,0.063477
0.017853,0.0076294,0.062256
0.016327,0.0048828,0.061035
0.015717,0.0032043,0.068359
0.016479,0.00061035,0.062256
0.016937,0.00045776,0.06958
0.017548,-0.0015259,0.067139
0.019684,-0.002594,0.065918
0.019226,-0.0013733,0.070801
0.020142,-0.00091553,0.062256
0.02243,-0.0013733,0.073242
0.023346,-0.0036621,0.053711
0.024719,-0.0059509,0.047607
0.023499,-0.0056458,0.05249
0.020599,-0.0056458,0.05249
0.019073,-0.0039673,0.046387
0.017242,-0.0030518,0.048828
0.015564,-0.0032043,0.043945
0.015411,-0.0024414,0.047607
0.016327,-0.0030518,0.041504
0.019836,-0.0024414,0.046387
0.024414,-0.0032043,0.041504
0.028534,-0.00091553,0.040283
0.030518,0.0035095,0.042725
0.03067,0.0065613,0.039063
0.029755,0.0073242,0.042725
0.028839,0.0030518,0.041504
0.027161,-0.0016785,0.039063
0.025787,-0.0076294,0.037842
0.022888,-0.01236,0.031738
0.020142,-0.011749,3.8
0.019073,-0.010223,4.8364
0.017548,-0.007782,4.8987
0.018158,-0.0076294,4.9072
0.018463,-0.0082397,4.9084
0.018616,-0.0085449,4.9133
0.019226,-0.0054932,4.9084
0.019379,-0.0010681,4.9194
0.021362,0.0038147,4.9207
0.02243,0.0064087,4.928
0.023041,0.0059509,4.9255
0.027771,0.0035095,4.9304
0.030212,0.0021362,4.9292
0.031128,0.0021362,4.9353
0.034027,0.0024414,4.9329
0.035095,0.0065613,4.9353
0.034332,0.0080872,4.9377
0.032196,0.0088501,4.9341
0.028076,0.0085449,4.9121
0.027313,0.0094604,4.928
0.024719,0.0091553,4.9316
0.023346,0.0082397,4.9341
0.02121,0.0064087,4.9353
0.021057,0.0022888,4.9329
0.020142,0.00015259,4.939
0.019073,-0.0021362,4.9353
0.018616,-0.0013733,4.9316
0.015869,0.00061035,4.9268
0.013275,0.0038147,4.9304
0.010834,0.010223,4.9255
0.011444,0.012512,4.928
0.011597,0.010071,4.9329
0.013275,0.010071,4.906
0.014954,0.005188,4.9194
0.016174,0.0012207,4.9207
0.016785,0.00045776,4.9158
0.019379,-0.0012207,4.9146
0.017395,0.0016785,4.917
0.016327,0.010223,4.8999
0.014496,0.011902,4.9146
0.012054,0.012817,4.9097
0.010071,0.010681,4.9121
0.0076294,0.005188,4.9097
0.0056458,0.0033569,4.9109
0.0053406,0.010986,4.8962
0.0059509,0.013733,4.9158
0.0083923,0.016937,4.9109
0.011749,0.016174,4.9146
0.014801,0.011902,4.9097
0.016479,0.0097656,4.9182
0.017242,0.0079346,4.9255
0.015411,0.0083923,4.9146
0.014954,0.0090027,4.9255
0.013885,0.0074768,4.9158
0.013123,0.007782,4.9072
0.012512,0.004425,4.9194
0.011597,0.0035095,4.9219
0.0099182,0,4.9231
0.011749,0.00076294,4.9255
0.013885,0.0056458,4.9255
0.014954,0.0080872,4.9292
0.012665,0.014496,4.9292
0.010376,0.018005,4.9341
0.0079346,0.016937,4.9292
0.0082397,0.01236,4.9341
0.0082397,0.0061035,4.9329
0.0073242,0.0036621,4.9329
0.007019,0.0041199,4.939
0.0080872,0.0067139,4.9255
0.0074768,0.0091553,4.9353
0.0088501,0.010223,4.9353
0.011292,0.011749,4.9438
0.014038,0.012054,0.067139
0.017395,0.010681,0.063477
0.019684,0.010681,0.064697
0.019989,0.010681,0.063477
0.018616,0.0062561,0.057373
0.016937,0.0047302,0.057373
0.013885,0.0010681,0.05127
0.011749,-0.0030518,0.058594
0.0093079,-0.0030518,0.046387
0.0065613,-0.0057983,0.050049
0.0056458,-0.0045776,0.050049
0.0022888,-0.0010681,0.05127
0.0027466,0.0022888,0.045166
0.0056458,0.0057983,0.046387
0.0083923,0.0086975,0.058594
0.015869,0.0094604,0.041504
0.015717,0.0094604,0.047607
0.018921,0.009613,0.042725
0.020905,0.0080872,0.028076
0.019379,0.0062561,0.037842
0.018158,0.004425,0.031738
0.013885,0.002594,0.039063
0.013885,0.0041199,0.041504
0.014038,0.007782,0.036621
0.011749,0.012512,0.039063
0.013275,0.014191,0.037842
0.014496,0.010529,0.042725
0.017242,0.0083923,0.037842
0.020142,0.0042725,0.047607
0.023956,0.00030518,0.043945
0.027313,-0.0024414,0.05249
0.027924,-0.0045776,0.056152
0.028992,-0.0048828,0.050049
0.028229,-0.0022888,0.056152
0.026398,-0.0035095,0.057373
0.023193,-0.0027466,0.065918
0.019226,-0.0062561,0.059814
0.016174,-0.0097656,0.053711
0.015411,-0.009613,0.058594
0.016174,-0.0073242,0.058594
0.01358,-0.0048828,0.056152
0.017548,-0.002594,0.062256
0.018005,-0.0038147,0.058594
0.019989,-0.007019,0.061035
0.020447,-0.0091553,0.061035
0.022125,-0.0065613,0.06958
0.020599,-0.0042725,0.059814
0.019073,-0.0039673,0.06958
0.018311,-0.0010681,0.065918
0.020294,-0.0038147,0.067139
0.022583,-0.0079346,0.074463
0.024414,-0.010223,0.057373
0.025482,-0.011292,0.059814
0.027161,-0.009613,0.056152
0.029755,-0.0076294,0.043945
0.030518,-0.0056458,0.05249
0.03006,-0.0033569,0.05127
0.028687,-0.00061035,0.043945
0.028687,0.00030518,0.047607
0.029449,0.00091553,0.045166
0.030365,-0.00091553,0.046387
0.027924,-0.0012207,0.043945
0.026398,-0.0035095,0.046387
0.024567,-0.005188,0.037842
0.02533,-0.005188,0.041504
0.024719,-0.0035095,0.042725
0.024567,-0.0021362,0.042725
0.02243,-0.00076294,0.039063
0.020294,0.0028992,0.041504
0.019531,0.0035095,0.041504
0.020447,0.0039673,0.040283
0.02121,0.0035095,0.043945
0.022278,0.0035095,0.039063
0.02243,0.0045776,0.031738
0.023956,0.002594,0.037842
0.024872,-0.00030518,0.037842
0.025787,-0.0048828,0.040283
0.023041,-0.0074768,0.045166
0.023651,-0.0082397,4.2407
0.022278,-0.0065613,4.873
0.020447,-0.0028992,4.9158
0.020752,-0.00030518,4.9219
0.020905,0.00030518,4.9219
0.023804,-0.00091553,4.9304
0.02594,-0.0013733,4.928
0.028076,-0.0024414,4.9304
0.029297,-0.0019836,4.9341
0.030823,-0.00015259,4.9292
0.031281,-0.00076294,4.9316
0.031281,-0.0022888,4.9329
0.030365,-0.0022888,4.9243
0.029755,-0.0028992,4.9292
0.026245,-0.0028992,4.9304
0.024567,-0.0035095,4.939
0.023041,-0.0041199,4.9329
0.020905,-0.0067139,4.9329
0.020142,-0.007019,4.9365
0.019379,-0.0067139,4.9329
0.019836,-0.005188,4.9329
0.019836,-0.005188,4.9316
0.021515,-0.0024414,4.9316
0.02243,-0.0010681,4.9255
0.02182,0.00045776,4.928
0.021667,0.0024414,4.9231
0.021973,0.0059509,4.9243
0.023041,0.0094604,4.928
0.026093,0.011292,4.9194
0.028381,0.012207,4.928
0.03006,0.009613,4.9121
0.031433,0.0064087,4.9048
0.031586,0.0024414,4.9158
0.032806,-0.0018311,4.9109
0.032196,-0.002594,4.9109
0.031433,-0.0018311,4.9084
0.029144,0.0018311,4.906
0.026093,0.0012207,4.9121
0.023804,0.0012207,4.9072
0.02243,-0.00076294,4.9097
0.020905,-0.0039673,4.8975
0.020905,-0.0039673,4.9133
0.020905,-0.0027466,4.9109
0.0177,-0.0016785,4.9121
0.018311,-0.0013733,4.9182
0.016327,-0.0028992,4.9146
0.015564,-0.0050354,4.9158
0.015869,-0.0065613,4.9133
0.015411,-0.0071716,4.9121
0.018158,-0.0056458,4.9194
0.018158,-0.0016785,4.9146
0.017242,0.00045776,4.9231
0.016785,0.0032043,4.9292
0.019379,0.0047302,4.928
0.023346,0.0047302,4.928
0.027924,0.0067139,4.9304
0.032196,0.0082397,4.9353
0.035553,0.010071,4.9316
0.035248,0.010986,4.9316
0.034027,0.010681,4.9329
0.033417,0.0091553,4.9304
0.031891,0.0062561,4.928
0.028534,0.0038147,4.9304
0.026093,0.002594,4.9414
0.022125,0.0016785,4.9377
0.017853,0.0018311,4.9414
0.015411,0.0018311,4.9365
0.015717,0.0041199,4.9146
0.016785,0.0071716,4.9316
0.018768,0.0097656,4.9268
0.021362,0.011139,4.928
0.023651,0.010986,4.9268
0.025177,0.0090027,0.05249
0.024567,0.0062561,0.053711
0.021973,0.002594,0.048828
0.017853,-0.0018311,0.050049
0.013428,-0.0076294,0.050049
0.0085449,-0.0083923,0.048828
0.0036621,-0.015259,0.040283
-0.00030518,-0.017395,0.047607
-0.0047302,-0.016479,0.048828
-0.00030518,-0.015717,0.042725
0.004425,-0.012207,0.040283
0.010223,-0.0082397,0.041504
0.01709,-0.007782,0.026855
0.021973,-0.0057983,0.036621
0.024261,-0.0036621,0.039063
0.027313,-0.002594,0.040283
0.027161,-0.002594,0.037842
0.027161,-0.0032043,0.0354
0.024261,-0.0032043,0.039063
0.021973,-0.002594,0.037842
0.023651,-0.0030518,0.040283
0.0177,0.0030518,0.041504
0.018158,0.0018311,0.045166
0.018616,0.0036621,0.043945
0.020752,0.0042725,0.048828
0.023346,0.0067139,0.047607
0.024872,0.0086975,0.054932
0.025787,0.010071,0.05127
0.02533,0.011292,0.054932
0.024261,0.012817,0.070801
0.022736,0.011749,0.056152
0.019073,0.010529,0.05249
0.014038,0.0074768,0.061035
0.0085449,0.0065613,0.063477
0.0036621,0.0061035,0.058594
-0.00015259,0.0064087,0.061035
-0.0021362,0.0082397,0.057373
-0.0024414,0.0097656,0.062256
-0.0018311,0.0097656,0.058594
-0.0019836,0.0082397,0.067139
0.0022888,0.0064087,0.063477
0.0030518,0.0015259,0.064697
0.004425,0.0022888,0.06958
0.0065613,0.0016785,0.065918
0.0062561,0.0018311,0.068359
0.0059509,0.0027466,0.062256
0.0036621,0.0035095,0.061035
0.0050354,0.0038147,0.057373
0.0045776,0.0028992,0.057373
0.005188,0.0041199,0.057373
0.0059509,0.0021362,0.047607
0.0090027,0.0033569,0.048828
0.011902,0.0021362,0.048828
0.015106,0.0016785,0.045166
0.017548,0.0015259,0.05127
0.018616,0.0012207,0.042725
0.020142,0.00015259,0.047607
0.020599,-0.00076294,0.039063
0.020905,-0.0012207,0.041504
0.021057,-0.00045776,0.041504
0.018921,0.0021362,0.036621
0.014496,0.0042725,0.040283
0.014496,0.0053406,0.040283
0.014191,0.004425,0.056152
0.014038,0.0028992,0.039063
0.014954,0.0010681,0.048828
0.016632,0.002594,0.037842
0.017853,0.0042725,0.024414
0.019073,0.0053406,0.037842
0.020294,0.0061035,0.040283
0.020447,0.0050354,0.040283
0.022888,0.0024414,0.042725
0.020599,-0.00030518,0.043945
0.020447,0.0022888,0.050049
0.020905,0.0032043,0.05127
0.020599,0.0030518,0.053711
0.019073,0.00061035,0.053711
0.017242,-0.0036621,0.058594
0.019531,-0.0091553,4.0405
0.019836,-0.013733,4.8743
0.019836,-0.014191,4.9304
0.020294,-0.012817,4.9243
0.016937,-0.010376,4.928
0.017853,-0.010529,4.9329
0.018311,-0.0073242,4.9402
0.019989,-0.010376,4.9292
0.020905,-0.010681,4.9292
0.02243,-0.010986,4.9341
0.022278,-0.0086975,4.9341
0.023651,-0.0074768,4.9316
0.024872,-0.0094604,4.9402
0.026245,-0.014801,4.9304
0.026398,-0.019379,4.9329
0.025787,-0.019226,4.9304
0.025787,-0.018921,4.9316
0.025635,-0.015564,4.9243
0.02594,-0.011597,4.9243
0.026245,-0.0093079,4.9207
0.024719,-0.007019,4.9255
0.024414,-0.0085449,4.928
0.023651,-0.0076294,4.928
0.024414,-0.0059509,4.9146
0.024719,-0.0042725,4.9207
0.025635,-0.0035095,4.8999
0.025787,-0.0041199,4.9158
0.026093,-0.0050354,4.9097
0.024719,-0.0064087,4.9109
0.023499,-0.0067139,4.9133
0.021667,-0.0056458,4.9072
0.020142,-0.0056458,4.9097
0.018921,-0.0047302,4.9097
0.019836,-0.0035095,4.9109
0.019989,-0.0021362,4.9072
0.021057,-0.00076294,4.9146
0.022125,0.0010681,4.9121
0.022125,0.00076294,4.9121
0.02182,0.00076294,4.9072
0.020905,-0.00061035,4.9146
0.02121,-0.0010681,4.9121
0.020294,0.00061035,4.9158
0.019836,0.0030518,4.9243
0.018921,0.0053406,4.9219
0.018158,0.0048828,4.9072
0.017242,0.0019836,4.9219
0.0177,-0.0016785,4.9231
0.016785,-0.0032043,4.9268
0.018616,-0.0030518,4.9268
0.020447,-0.0016785,4.928
0.023041,-0.00045776,4.9341
0.025177,-0.002594,4.9341
0.024719,-0.0059509,4.9329
0.024719,-0.010529,4.9292
0.022583,-0.011292,4.9341
0.020599,-0.010223,4.9304
0.018005,-0.007782,4.9304
0.015717,-0.0045776,4.9451
0.015564,-0.005188,4.9365
0.014191,-0.0074768,4.9341
0.014496,-0.0091553,4.9353
0.015411,-0.009613,4.9231
0.016479,-0.0083923,4.9341
0.018768,-0.0059509,4.9329
0.020447,-0.0038147,4.9304
0.021667,-0.0010681,4.9268
0.021667,-0.0013733,4.9231
0.019989,-0.0019836,4.9255
0.017548,-0.0013733,4.9207
0.016937,0,4.9207
0.016632,0.0042725,4.9158
0.018005,0.0076294,4.9207
0.019073,0.010376,4.9194
0.021362,0.012512,0.047607
0.023651,0.013123,0.045166
0.025635,0.011597,0.043945
0.027924,0.0094604,0.048828
0.029755,0.0054932,0.040283
0.031433,0.0015259,0.046387
0.031891,-0.0013733,0.037842
0.031433,-0.0028992,0.0354
0.031128,-0.0035095,0.041504
0.028839,-0.0028992,0.040283
0.027924,-0.0024414,0.036621
0.025177,-0.0019836,0.039063
0.023346,-0.0015259,0.039063
0.020294,-0.0015259,0.040283
0.016632,0.00076294,0.040283
0.014038,0,0.041504
0.010376,-0.0021362,0.047607
0.011597,-0.0039673,0.047607
0.011749,-0.0062561,0.05249
0.01297,-0.0079346,0.054932
0.014496,-0.0083923,0.064697
0.015717,-0.007782,0.054932
0.016632,-0.0076294,0.064697
0.016174,-0.0065613,0.058594
0.015411,-0.0065613,0.056152
0.014343,-0.0050354,0.061035
0.014801,-0.0027466,0.056152
0.016022,-0.0013733,0.061035
0.017242,0.00045776,0.061035
0.018311,0.00030518,0.059814
0.020905,0,0.059814
0.022583,-0.0013733,0.062256
0.024719,-0.002594,0.065918
0.027618,0.00045776,0.062256
0.030365,0.0030518,0.068359
0.033264,0.0074768,0.065918
0.034485,0.011292,0.067139
0.036163,0.01236,0.061035
0.037689,0.010071,0.063477
0.032654,0.0053406,0.067139
0.03418,0.0018311,0.058594
0.034027,-0.00015259,0.065918
0.032806,0.00030518,0.054932
0.030823,0.0032043,0.043945
0.028534,0.0041199,0.046387
0.023346,0.0064087,0.048828
0.018311,0.0056458,0.047607
0.011902,0.0053406,0.043945
0.007019,0.0080872,0.042725
0.0035095,0.013275,0.046387
0.00015259,0.023956,0.042725
0.00030518,0.036774,0.041504
0.0027466,0.046692,0.037842
0.0073242,0.053253,0.042725
0.014801,0.053253,0.037842
0.020142,0.049286,0.042725
0.026093,0.042267,0.048828
0.031128,0.035248,0.037842
0.034027,0.031128,0.046387
0.036774,0.02594,0.041504
0.040131,0.02182,0.026855
0.042267,0.012665,0.036621
0.040436,0.0067139,0.045166
0.037231,0.0028992,0.041504
0.030518,0.0038147,0.043945
0.020447,0.007782,0.042725
0.010223,0.011597,0.050049
-0.00045776,0.0091553,0.047607
-0.0076294,-0.0022888,0.05127
-0.01236,-0.014648,0.05249
-0.013428,-0.027466,0.058594
-0.012665,-0.037689,0.057373
-0.013428,-0.044098,0.062256
-0.016785,-0.043488,0.062256
-0.020752,-0.041199,0.062256
-0.019226,-0.034332,0.065918
-0.016327,-0.023193,0.059814
-0.0093079,-0.0086975,3.2178
-0.00091553,0.007782,4.8267
0.0091553,0.023041,4.9072
0.016632,0.032196,4.9304
0.025024,0.034637,4.9329
0.031433,0.027618,4.9316
0.036926,0.015411,4.9353
0.042877,0.0039673,4.9341
0.045929,-0.0028992,4.9353
0.045013,-0.0015259,4.9304
0.040283,0.0022888,4.9341
0.031891,0.0054932,4.9255
0.026703,0.0059509,4.9292
0.019684,0.0076294,4.9194
0.017242,0.005188,4.928
0.017548,0.0080872,4.9255
0.020142,0.013123,4.9207
0.024261,0.015717,4.9194
0.026245,0.016327,4.9207
0.025635,0.014038,4.9194
0.021515,0.0071716,4.9158
0.017242,0.0022888,4.9097
0.012512,-0.00015259,4.9133
0.0073242,-0.00061035,4.9097
0.0015259,0.00076294,4.9097
-0.004425,0.00045776,4.9084
-0.0093079,-0.0018311,4.9072
-0.013123,-0.0048828,4.9097
-0.016174,-0.0086975,4.906
-0.014801,-0.018463,4.9146
-0.010834,-0.023193,4.9097
-0.0033569,-0.029297,4.9109
0.004425,-0.031128,4.9084
0.011444,-0.029602,4.9146
0.019073,-0.026093,4.9109
0.021973,-0.023651,4.9146
0.029144,-0.019226,4.9219
0.033112,-0.017853,4.9194
0.036469,-0.0177,4.9036
0.040131,-0.015869,4.9146
0.045776,-0.014038,4.9219
0.051727,-0.014648,4.9292
0.055542,-0.016174,4.9268
0.053253,-0.021667,4.9255
0.053406,-0.029755,4.9329
0.049286,-0.032806,4.9292
0.045166,-0.033875,4.9341
0.041199,-0.031586,4.9268
0.037231,-0.026703,4.9316
0.030975,-0.021057,4.9292
0.027924,-0.015106,4.9353
0.026398,-0.012512,4.9402
0.027771,-0.011292,4.9377
0.027161,-0.0094604,4.9341
0.026703,-0.0064087,4.9377
0.024719,-0.0024414,4.9438
0.02121,0.00076294,4.9377
0.015106,0.00015259,4.9292
0.0071716,-0.00015259,4.9304
0.00091553,-0.0021362,4.928
-0.0045776,-0.0019836,4.9255
-0.0042725,0.00061035,4.9268
-0.0036621,0.0061035,4.9243
-0.0024414,0.011902,4.9207
0.002594,0.015717,4.9158
0.0088501,0.016174,4.9219
0.011902,0.014343,4.9194
0.023651,0.0091553,4.9207
0.027313,0.0042725,4.9146
0.031281,0.0016785,4.917
0.029449,0.0028992,4.9207
0.029602,0.0041199,4.9133
0.028534,0.005188,4.9207
0.030975,0.0053406,4.9109
0.033722,0.0036621,0.031738
0.036926,-0.0010681,0.040283
0.038147,-0.007782,0.039063
0.036621,-0.012054,0.037842
0.032043,-0.0177,0.039063
0.026093,-0.02121,0.039063
0.020752,-0.023956,0.040283
0.015717,-0.023041,0.037842
0.013275,-0.019226,0.046387
0.01297,-0.014801,0.040283
0.012817,-0.0083923,0.046387
0.016022,-0.0015259,0.05127
0.018768,0.0048828,0.05127
0.024719,0.010223,0.045166
0.030823,0.01236,0.056152
0.035858,0.012207,0.056152
0.03891,0.0083923,0.056152
0.037842,0.0033569,0.067139
0.033417,-0.00045776,0.061035
0.02655,-0.0024414,0.05249
0.020752,-0.0018311,0.059814
0.017242,0.0013733,0.062256
0.015564,0.0076294,0.059814
0.0177,0.016785,0.062256
0.020905,0.026093,0.053711
0.025024,0.034485,0.064697
0.028687,0.039673,0.063477
0.029755,0.039673,0.067139
0.03067,0.034332,0.065918
0.029602,0.026093,0.06958
0.02594,0.016022,0.062256
0.022736,0.0057983,0.064697
0.016785,-0.0019836,0.076904
0.012665,-0.0062561,0.059814
0.0067139,-0.0086975,0.056152
0.0032043,-0.010223,0.050049
0.0022888,-0.010681,0.031738
0.0015259,-0.010529,0.047607
0.004425,-0.010834,0.05127
0.0064087,-0.011444,0.046387
0.0093079,-0.013123,0.048828
0.011902,-0.014801,0.043945
0.014191,-0.018158,0.047607
0.018921,-0.022583,0.041504
0.022583,-0.027924,0.042725
0.027008,-0.031433,0.039063
0.028687,-0.033264,0.040283
0.028076,-0.030975,0.040283
0.026703,-0.026245,0.037842
0.024414,-0.019684,0.040283
0.024261,-0.013733,0.041504
0.025177,-0.0076294,0.040283
0.029755,-0.0030518,0.041504
0.037384,-0.00030518,0.042725
0.042419,0.00076294,0.039063
0.048218,0.0018311,0.037842
0.050964,0.004425,0.037842
0.052948,0.0079346,0.043945
0.053558,0.011902,0.043945
0.054321,0.015564,0.048828
0.055084,0.018311,0.042725
0.054626,0.019989,0.05249
0.049591,0.020294,0.05249
0.04364,0.023956,0.058594
0.037537,0.025482,0.054932
0.032806,0.02655,0.058594
0.029449,0.027771,0.062256
0.026703,0.027618,0.064697
0.024719,0.02533,0.070801
0.021515,0.02243,0.062256
0.017242,0.020142,0.063477
0.013275,0.018158,0.059814
0.011749,0.016785,0.057373
0.01297,0.016479,0.064697
0.015869,0.018005,0.050049
0.019379,0.014496,0.062256
0.021973,0.012207,2.113
0.019989,0.0083923,4.7668
0.018768,0.0048828,4.9292
0.014191,0.0024414,4.928
0.010071,-0.002594,4.9316
0.0083923,-0.0050354,4.9292
0.0064087,-0.0091553,4.928
0.0053406,-0.013428,4.9292
0.0033569,-0.018616,4.9292
0.0024414,-0.018311,4.9207
0.0030518,-0.016174,4.9243
0.0057983,-0.011749,4.9316
0.011444,-0.0071716,4.9011
0.018158,-0.005188,4.9304
0.02594,-0.0032043,4.9158
0.028992,-0.0033569,4.9023
0.028534,-0.0038147,4.9084
0.024261,-0.0038147,4.8962
0.019836,-0.0021362,4.9158
0.016632,-0.00030518,4.9097
0.016479,0.0013733,4.9036
0.020599,0.0016785,4.9084
0.02182,0.0018311,4.9097
0.03006,0.0019836,4.9109
0.028076,0.0024414,4.9072
0.029602,0.0027466,4.9133
0.031738,0.0028992,4.9084
0.032654,0.0036621,4.9109
0.032196,0.0021362,4.9207
0.029144,0.002594,4.9158
0.023193,0.0039673,4.9133
0.015411,0.0050354,4.9182
0.0062561,0.0079346,4.9109
0,0.010681,4.9182
-0.0027466,0.012512,4.917
-0.00076294,0.01236,4.9255
0.0028992,0.011139,4.928
0.0065613,0.0091553,4.9255
0.010529,0.0059509,4.9304
0.013733,0.0042725,4.9329
0.015259,0.0010681,4.9341
0.016479,-0.0035095,4.9268
0.017853,-0.0059509,4.9353
0.020142,-0.0085449,4.928
0.018158,-0.0099182,4.9341
0.016937,-0.012665,4.9292
0.014496,-0.010376,4.9341
0.012512,-0.010376,4.9426
0.013123,-0.010529,4.939
0.015411,-0.0094604,4.9438
0.019989,-0.0097656,4.9353
0.025177,-0.0085449,4.9231
0.029449,-0.0073242,4.9329
0.032196,-0.0056458,4.928
0.032654,-0.005188,4.9243
0.032501,-0.004425,4.9146
0.030823,-0.0038147,4.9231
0.032501,-0.0016785,4.9207
0.031891,0.00045776,4.9207
0.031738,0.00061035,4.9207
0.028381,0.0010681,4.9158
0.027618,-0.0010681,4.917
0.025024,-0.0030518,4.9207
0.023346,-0.0036621,4.9182
0.023193,-0.0038147,4.9158
0.022736,-0.0024414,4.9097
0.023804,-0.002594,4.906
0.022888,-0.0015259,4.9109
0.020142,-0.00045776,4.9036
0.017853,0.0032043,4.9109
0.015411,0.0080872,4.9097
0.014801,0.01297,4.9097
0.015106,0.018158,4.9109
0.015411,0.018921,4.9084
0.015717,0.016327,0.041504
0.014801,0.013885,0.037842
0.013428,0.0074768,0.046387
0.012665,0.0065613,0.040283
0.01236,0.0039673,0.045166
0.013123,0.0016785,0.053711
0.01358,-0.0028992,0.050049
0.013123,-0.0074768,0.048828
0.013123,-0.011749,0.054932
0.01297,-0.015259,0.062256
0.013733,-0.015106,0.059814
0.016174,-0.012817,0.068359
0.020142,-0.011749,0.061035
0.028534,-0.011749,0.045166
0.03067,-0.015564,0.059814
0.034027,-0.0177,0.061035
0.037384,-0.020905,0.063477
0.039368,-0.020294,0.059814
0.040131,-0.016937,0.059814
0.040131,-0.014648,0.064697
0.041656,-0.015106,0.062256
0.041351,-0.012054,0.064697
0.041809,-0.012054,0.064697
0.042419,-0.010986,0.062256
0.042725,-0.010071,0.062256
0.040588,-0.0068665,0.068359
0.037537,-0.0048828,0.075684
0.035706,-0.005188,0.063477
0.032501,-0.0067139,0.054932
0.031586,-0.010681,0.057373
0.030212,-0.011902,0.05249
0.028839,-0.010834,0.050049
0.026855,-0.0068665,0.050049
0.024872,-0.0013733,0.046387
0.023193,0.0032043,0.045166
0.024872,0.007019,0.043945
0.026093,0.0086975,0.046387
0.027008,0.010681,0.045166
0.027313,0.010223,0.043945
0.026245,0.010529,0.037842
0.024414,0.010681,0.043945
0.023193,0.0090027,0.037842
0.022125,0.0033569,0.041504
0.021515,0.0035095,0.037842
0.019684,-0.00045776,0.040283
0.019226,-0.0042725,0.050049
0.019379,-0.0074768,0.039063
0.016632,-0.0079346,0.05249
0.016022,-0.0064087,0.037842
0.016174,-0.0047302,0.029297
0.016022,-0.0033569,0.037842
0.016937,-0.0045776,0.042725
0.016937,-0.0068665,0.041504
0.015869,-0.0079346,0.046387
0.014191,-0.0094604,0.046387
0.011902,-0.0086975,0.048828
0.011749,-0.0071716,0.046387
0.011597,-0.0053406,0.056152
0.01358,-0.0039673,0.053711
0.014496,-0.0042725,0.062256
0.016022,-0.0045776,0.063477
0.017548,-0.0024414,0.063477
0.018921,0.0013733,0.070801
0.019379,0.005188,0.062256
0.019073,0.0080872,0.061035
0.018311,0.0086975,0.062256
0.016937,0.0050354,0.063477
0.013733,-0.00015259,0.062256
0.016022,-0.0028992,0.046387
0.016479,-0.0030518,0.062256
0.019073,-0.00061035,0.065918
0.021515,0.0038147,0.062256
0.023804,0.0062561,0.067139
0.02533,0.005188,0.063477
0.027161,0.0030518,0.065918
0.028992,0.0010681,0.058594
0.028687,-0.0013733,0.057373
0.028229,0.00061035,3.894
0.026245,0.0038147,4.8596
0.023193,0.0050354,4.9158
0.021515,0.0045776,4.9207
0.020294,0.00015259,4.9316
0.018921,-0.004425,4.9207
0.017853,-0.009613,4.9207
0.0177,-0.011139,4.9146
0.018158,-0.0086975,4.8962
0.020142,-0.0045776,4.9133
0.021057,0.00030518,4.9133
0.024414,0.0033569,4.9097
0.027771,0.0047302,4.9097
0.030518,0.0053406,4.9072
0.03418,0.0076294,4.9097
0.035706,0.012054,4.9084
0.039368,0.016174,4.9109
0.036926,0.019531,4.9072
0.037689,0.019989,4.9121
0.038147,0.016174,4.9109
0.037079,0.011597,4.9121
0.035858,0.0067139,4.9084
0.028534,0.002594,4.9109
0.029144,-0.0010681,4.9109
0.02533,-0.0038147,4.9146
0.023193,-0.007019,4.9207
0.019684,-0.010223,4.9219
0.018158,-0.011902,4.9133
0.015869,-0.011902,4.9231
0.014648,-0.011139,4.928
0.015717,-0.0086975,4.9243
0.017853,-0.0048828,4.9255
0.018616,-0.0018311,4.9268
0.019684,-0.00076294,4.9329
0.02121,0.00045776,4.9304
0.022583,0.00030518,4.9329
0.023499,-0.00091553,4.9292
0.026093,-0.0019836,4.9353
0.025635,-0.0010681,4.9304
0.027008,0.0010681,4.9353
0.026703,-0.0021362,4.9438
0.027313,-0.0013733,4.9377
0.026398,-0.00045776,4.9353
0.025482,0.0022888,4.9438
0.023804,0.0036621,4.928
0.021057,0.0068665,4.9255
0.020142,0.011139,4.9304
0.019073,0.014954,4.9268
0.019684,0.018158,4.9268
0.019989,0.021667,4.9023
0.020752,0.022278,4.9182
0.020142,0.022278,4.9194
0.019226,0.020447,4.9243
0.018463,0.019226,4.9182
0.018158,0.021515,4.9133
0.019684,0.019379,4.9207
0.020447,0.0177,4.9207
0.020447,0.014954,4.9133
0.018768,0.011902,4.9158
0.01358,0.0090027,4.9194
0.01297,0.0056458,4.9109
0.011444,0.002594,4.9194
0.0091553,-0.0030518,4.9097
0.0064087,-0.0076294,4.9084
0.0022888,-0.011902,4.9133
0.00076294,-0.014496,4.9109
-0.0013733,-0.019989,4.9072
-0.0032043,-0.016327,4.906
-0.0064087,-0.016174,4.9011
-0.0024414,-0.014648,4.9121
-0.00076294,-0.012817,4.9097
0.0038147,-0.010071,4.9158
0.0094604,-0.0056458,4.9158
0.015717,0.0019836,0.05249
0.022736,0.0083923,0.046387
0.03006,0.014191,0.054932
0.035706,0.016479,0.072021
0.039673,0.015717,0.058594
0.043335,0.01358,0.059814
0.045471,0.011749,0.059814
0.046539,0.011292,0.050049
0.046082,0.012512,0.061035
0.044556,0.013428,0.061035
0.04303,0.01236,0.061035
0.041046,0.010376,0.059814
0.03891,0.0083923,0.059814
0.035095,0.0073242,0.062256
0.031128,0.0083923,0.061035
0.021057,0.011139,0.063477
0.019684,0.01709,0.061035
0.014343,0.024414,0.06958
0.010834,0.024261,0.065918
0.0071716,0.023041,0.06958
0.0041199,0.019531,0.06958
-0.00030518,0.013428,0.062256
0.0010681,0.0068665,0.065918
0.0013733,0.00045776,0.05127
0.0019836,-0.0048828,0.067139
0.0030518,-0.010834,0.053711
0.0019836,-0.015717,0.040283
0.0010681,-0.019531,0.050049
-0.00045776,-0.02182,0.047607
-0.00045776,-0.021667,0.045166
0.0013733,-0.021667,0.047607
0.0048828,-0.01709,0.043945
0.0093079,-0.015411,0.045166
0.013123,-0.011902,0.039063
0.018311,-0.0099182,0.041504
0.023651,-0.0074768,0.037842
0.030518,-0.0065613,0.043945
0.034943,-0.0059509,0.039063
0.038757,-0.0076294,0.039063
0.040283,-0.0082397,0.045166
0.040283,-0.0079346,0.041504
0.039063,-0.0080872,0.045166
0.038147,-0.0080872,0.037842
0.037384,-0.0088501,0.030518
0.036163,-0.011292,0.036621
0.032349,-0.012207,0.039063
0.031891,-0.01236,0.041504
0.03006,-0.015106,0.043945
0.028534,-0.0177,0.042725
0.027771,-0.020752,0.047607
0.028381,-0.02243,0.05249
0.029602,-0.023041,0.054932
0.031281,-0.015106,0.05249
0.032043,-0.018005,0.058594
0.032806,-0.013733,0.059814
0.032654,-0.0074768,0.063477
0.032043,-0.0035095,0.058594
0.029907,-0.00030518,0.064697
0.029144,0.0027466,0.065918
0.027771,0.0064087,0.059814
0.027008,0.011292,0.06958
0.027161,0.015869,0.062256
0.027161,0.020142,0.047607
0.025482,0.020905,0.062256
0.024872,0.018005,0.065918
0.023956,0.013428,0.063477
0.025177,0.007782,0.054932
0.025482,0.0039673,0.062256
0.028381,0.0019836,0.065918
0.028229,0.002594,0.059814
0.027313,0.0016785,0.059814
0.026093,0.00076294,0.054932
0.026093,-0.00061035,0.057373
0.028076,-0.0032043,0.05249
0.027771,-0.0050354,0.053711
0.028229,-0.0057983,0.058594
0.027771,-0.0061035,0.047607
0.023651,-0.0064087,0.045166
0.022125,-0.0073242,4.5923
0.019073,-0.0093079,4.8804
0.018158,-0.010986,4.906
0.016174,-0.01236,4.9109
0.013885,-0.010986,4.9133
0.01236,-0.0094604,4.9109
0.010071,-0.0068665,4.9084
0.0099182,-0.0057983,4.9084
0.011292,-0.005188,4.9109
0.013733,-0.0030518,4.917
0.018158,-0.0050354,4.9048
0.019989,-0.0033569,4.9146
0.023346,-0.0027466,4.9084
0.024872,-0.00076294,4.9109
0.026703,-0.0015259,4.8999
0.027313,-0.0015259,4.9133
0.027771,-0.0016785,4.9207
0.026703,-0.00061035,4.9158
0.027466,-0.00045776,4.9292
0.02655,0.00091553,4.9146
0.029755,0.0027466,4.9146
0.029907,0.0053406,4.9243
0.031433,0.0050354,4.9231
0.031738,0.0064087,4.9243
0.031738,0.0097656,4.917
0.030975,0.0080872,4.9268
0.029602,0.0068665,4.9316
0.028381,0.0038147,4.9304
0.026398,-0.00030518,4.9353
0.023956,-0.0033569,4.9292
0.022278,-0.0079346,4.9329
0.021362,-0.0079346,4.9304
0.018921,-0.0086975,4.9329
0.016632,-0.0076294,4.9377
0.015564,-0.0074768,4.9377
0.013885,-0.0071716,4.9353
0.014038,-0.0074768,4.939
0.013885,-0.0059509,4.9426
0.014343,-0.0074768,4.9353
0.015106,-0.009613,4.9219
0.016022,-0.01358,4.9292
0.016937,-0.0177,4.928
0.018768,-0.020447,4.928
0.020447,-0.021973,4.9207
0.020905,-0.022736,4.9182
0.02182,-0.023193,4.9207
0.022736,-0.020294,4.9158
0.024109,-0.017395,4.9182
0.027771,-0.01236,4.9146
0.032501,-0.0065613,4.9207
0.037384,0.0016785,4.9109
0.040131,0.0050354,4.917
0.042572,0.0093079,4.9231
0.044556,0.01297,4.9109
0.046387,0.015106,4.917
0.04715,0.01709,4.9109
0.047455,0.019379,4.8999
0.045624,0.020599,4.906
0.04303,0.021362,4.9133
0.038757,0.019684,4.9084
0.035553,0.016937,4.9097
0.033569,0.015106,4.906
0.031891,0.013123,4.9097
0.031433,0.014343,4.9109
0.03067,0.015106,4.9158
0.028381,0.016785,4.9133
0.026093,0.015869,4.9194
0.023651,0.015717,4.9207
0.02182,0.012512,4.9219
0.019226,0.009613,4.9316
0.016327,0.0065613,4.9255
0.011292,0.0042725,4.9231
0.012665,0.0021362,0.063477
0.011139,0,0.062256
0.009613,-0.0016785,0.061035
0.0085449,-0.0033569,0.048828
0.0082397,-0.0036621,0.061035
0.0088501,-0.0038147,0.062256
0.0090027,-0.0027466,0.059814
0.0094604,-0.0019836,0.062256
0.0074768,-0.0024414,0.063477
0.0086975,-0.0050354,0.064697
0.0094604,-0.0061035,0.063477
0.009613,-0.0064087,0.068359
0.010071,-0.0057983,0.064697
0.010834,-0.0062561,0.06958
0.013733,-0.0053406,0.064697
0.01709,-0.0050354,0.065918
0.020752,-0.0027466,0.068359
0.02533,0.0012207,0.057373
0.028076,0.0071716,0.065918
0.029144,0.012665,0.050049
0.031128,0.015564,0.041504
0.032196,0.015869,0.047607
0.034485,0.011749,0.05249
0.035095,0.0076294,0.041504
0.036774,0.0028992,0.050049
0.036316,0.00061035,0.043945
0.0354,-0.0019836,0.046387
0.031586,-0.00076294,0.041504
0.029144,-0.00015259,0.042725
0.02655,0.0036621,0.041504
0.024261,0.0062561,0.043945
0.02182,0.0091553,0.040283
0.018921,0.0059509,0.040283
0.015411,0.011597,0.042725
0.0099182,0.010834,0.045166
0.007782,0.0088501,0.040283
0.007782,0.0082397,0.039063
0.0094604,0.0073242,0.036621
0.011597,0.0065613,0.041504
0.014343,0.0036621,0.048828
0.015717,0.0024414,0.037842
0.015106,0.0013733,0.042725
0.014496,-0.0018311,0.046387
0.014801,-0.0027466,0.050049
0.01709,-0.0032043,0.047607
0.019836,-0.0024414,0.054932
0.021973,-0.0019836,0.053711
0.021515,-0.0012207,0.059814
0.019989,0,0.059814
0.018921,0.00030518,0.063477
0.019073,0.0012207,0.056152
0.021362,0.0027466,0.058594
0.023499,0.0050354,0.075684
0.023499,0.0048828,0.062256
0.023346,0.004425,0.065918
0.021362,0.0042725,0.064697
0.019684,0.0039673,0.046387
0.019684,0.0033569,0.059814
0.019379,0.0050354,0.064697
0.019989,0.0047302,0.063477
0.019379,0.0035095,0.064697
0.019531,0.0015259,0.063477
0.017853,-0.00061035,0.065918
0.017853,-0.0018311,0.059814
0.016785,-0.0027466,0.063477
0.017548,-0.0016785,0.054932
0.018005,-0.0022888,0.058594
0.018616,-0.0019836,0.05249
0.018158,0.00015259,0.05249
0.017853,0.0019836,0.053711
0.018921,0.00015259,0.045166
0.016785,0.0016785,0.05127
0.018311,0.0032043,0.045166
0.019226,0.004425,0.054932
0.021515,0.0050354,0.042725
0.023499,0.0045776,0.050049
0.024719,0.0042725,0.040283
0.026855,0.0053406,0.039063
0.026398,0.0088501,3.5388
0.025482,0.0057983,4.8267
0.024414,0.0048828,4.8999
0.024261,0.0028992,4.9084
0.023499,0.0012207,4.9048
0.022888,0,4.9072
0.02243,0.0018311,4.9084
0.022125,0,4.9121
0.02243,-0.0019836,4.9097
0.02243,-0.005188,4.9133
0.024719,-0.0088501,4.9207
0.027161,-0.011597,4.9146
0.03067,-0.012054,4.9231
0.03418,-0.011902,4.9194
0.035858,-0.0090027,4.9133
0.037384,-0.0067139,4.9243
0.037079,-0.0048828,4.9207
0.038147,-0.0053406,4.9219
0.036316,-0.0061035,4.9268
0.035095,-0.0068665,4.9255
0.032959,-0.0099182,4.928
0.031433,-0.010376,4.9292
0.027313,-0.010223,4.9341
0.026703,-0.0099182,4.9292
0.027771,-0.007019,4.9316
0.031433,-0.0042725,4.9316
0.034637,-0.00091553,4.9329
0.035248,0.0012207,4.9353
0.032349,0.002594,4.9438
0.029602,0.0024414,4.9438
0.026398,0.0021362,4.9377
0.024719,0.0010681,4.9438
0.02533,0.0012207,4.9341
0.026245,0.0022888,4.9133
0.02655,0.0035095,4.9329
0.02655,0.0038147,4.9255
0.025787,0.0035095,4.9292
0.025482,0.0027466,4.9243
0.025177,0.00030518,4.9207
0.024872,-0.0013733,4.9207
0.024719,-0.0024414,4.9182
0.023346,-0.0012207,4.9146
0.020294,-0.00061035,4.9146
0.020142,-0.0018311,4.9182
0.015411,-0.0042725,4.9158
0.012054,-0.0057983,4.9158
0.011597,-0.0076294,4.9182
0.012665,-0.007019,4.9146
0.014191,-0.0045776,4.9097
0.015259,-0.0013733,4.9121
0.017242,0.0042725,4.8938
0.018311,-0.00030518,4.9097
0.019226,0.00015259,4.9084
0.019836,-0.0036621,4.9097
0.021362,-0.0045776,4.9072
0.022583,-0.0048828,4.9072
0.023956,-0.002594,4.9072
0.025177,-0.00030518,4.9109
0.02533,0.00091553,4.9146
0.023651,0.0022888,4.9121
0.020447,0.0018311,4.9194
0.02121,0.0018311,4.9194
0.022888,0.0030518,4.9255
0.023956,0.0047302,4.9207
0.024414,0.0067139,4.9243
0.023499,0.0079346,4.928
0.022583,0.0074768,4.9304
0.02182,0.0054932,4.9451
0.023346,0.0039673,4.9316
0.026093,0.0039673,4.9207
0.029144,0.0059509,4.9304
0.030823,0.0090027,4.9304
0.030975,0.010223,0.058594
0.03067,0.010681,0.063477
0.028534,0.0085449,0.061035
0.027008,0.0053406,0.063477
0.02655,0.0032043,0.059814
0.025482,0.0021362,0.070801
0.022125,0.0016785,0.064697
0.020447,0.0015259,0.065918
0.018921,-0.00030518,0.064697
0.019684,-0.0024414,0.064697
0.021057,-0.0061035,0.065918
0.022736,-0.0073242,0.056152
0.026093,-0.007782,0.053711
0.027161,-0.0050354,0.053711
0.029449,-0.0012207,0.047607
0.030975,0.0036621,0.05249
0.033722,0.007019,0.048828
0.034485,0.0082397,0.043945
0.036011,0.0074768,0.048828
0.039673,0.0053406,0.043945
0.040894,0.0042725,0.045166
0.042419,0.0041199,0.036621
0.042267,0.007019,0.039063
0.040436,0.0074768,0.037842
0.0383,0.0082397,0.042725
0.035553,0.0090027,0.042725
0.032806,0.0083923,0.047607
0.031128,0.0088501,0.037842
0.029602,0.010071,0.040283
0.027924,0.012054,0.05249
0.02533,0.013885,0.037842
0.023346,0.013275,0.050049
0.020599,0.010529,0.036621
0.019989,0.0083923,0.029297
0.020447,0.0056458,0.040283
0.02121,0.0041199,0.042725
0.021973,0.0032043,0.045166
0.020447,0.0016785,0.048828
0.019836,0.00045776,0.046387
0.018921,-0.0018311,0.053711
0.014954,-0.0035095,0.05249
0.016479,-0.0028992,0.058594
0.015564,-0.0012207,0.054932
0.014954,0.00045776,0.061035
0.015564,0.00061035,0.063477
0.015717,0,0.064697
0.015259,-0.00061035,0.074463
0.014801,-0.0021362,0.062256
0.013428,-0.0018311,0.059814
0.012665,0.00045776,0.062256
0.013733,0.0032043,0.067139
0.013885,0.0068665,0.064697
0.015259,0.0090027,0.072021
0.013733,0.0097656,0.062256
0.011444,0.0056458,0.064697
0.0086975,0.0057983,0.062256
0.010834,0.0050354,0.067139
0.012512,0.0054932,0.062256
0.016327,0.0076294,0.061035
0.019226,0.007019,0.056152
0.0177,0.014038,0.058594
0.020294,0.014648,0.05249
0.019531,0.013885,0.053711
0.019684,0.010834,0.050049
0.018311,0.0076294,0.05127
0.018921,0.0056458,0.053711
0.016632,0.0048828,0.053711
0.014038,0.0047302,0.054932
0.009613,0.0042725,0.043945
0.0083923,0.0041199,0.032959
0.0053406,0.0038147,0.043945
0.0062561,0.0042725,0.040283
0.0086975,0.0065613,0.039063
0.011139,0.010223,0.037842
0.016479,0.01358,0.039063
0.016022,0.01709,0.039063
0.015564,0.017242,0.037842
0.016632,0.015106,0.042725
0.0177,0.012207,1.9812
0.018463,0.0082397,4.7388
0.018463,0.0057983,4.8962
0.016937,0.0062561,4.9109
0.015411,0.002594,4.9109
0.012054,0.0054932,4.917
0.011749,0.0054932,4.9146
0.011139,0.0045776,4.917
0.015106,0.0045776,4.9207
0.018311,0.0050354,4.9255
0.020599,0.0073242,4.9194
0.019989,0.0079346,4.9243
0.018311,0.0088501,4.928
0.015259,0.0074768,4.928
0.014648,0.0053406,4.9304
0.014954,0.0035095,4.9292
0.014801,0.0019836,4.9341
0.015564,0.0019836,4.9304
0.016479,0.0024414,4.9329
0.012665,0.0018311,4.9243
0.010223,0.00061035,4.9341
0.0099182,-0.0028992,4.9268
0.010071,-0.007019,4.9377
0.012665,-0.0097656,4.9475
0.014191,-0.010071,4.939
0.01709,-0.0097656,4.9353
0.018463,-0.0090027,4.9353
0.019226,-0.0082397,4.9158
0.017242,-0.0086975,4.9304
0.019073,-0.0085449,4.9243
0.021362,-0.0076294,4.9255
0.023346,-0.0059509,4.9243
0.025024,-0.0045776,4.9219
0.024261,-0.0036621,4.9219
0.021362,-0.0048828,4.9194
0.023041,-0.0074768,4.9207
0.024414,-0.0099182,4.9146
0.027313,-0.010376,4.9182
0.030975,-0.0093079,4.9158
0.032196,-0.007782,4.9158
0.034332,-0.0062561,4.9109
0.028992,-0.0045776,4.9133
0.025482,-0.0062561,4.9146
0.024261,-0.0032043,4.9109
0.022278,-0.002594,4.9158
0.023651,-0.0019836,4.9072
0.024719,-0.0016785,4.9048
0.026398,-0.00091553,4.9133
0.027313,-0.0012207,4.9084
0.027161,-0.007019,4.9084
0.027618,-0.0045776,4.9048
0.03006,-0.0061035,4.9097
0.031586,-0.0080872,4.9109
0.033722,-0.007782,4.9109
0.036316,-0.0067139,4.9194
0.034485,-0.005188,4.9146
0.033264,-0.0032043,4.9243
0.033417,-0.0010681,4.9255
0.032196,-0.00076294,4.9316
0.032806,0.00091553,4.9353
0.033264,0.0016785,4.9329
0.034027,0.00091553,4.9316
0.03418,0.0028992,4.9329
0.033875,0.002594,4.9268
0.032654,0.00061035,4.9304
0.031281,-0.0013733,4.9292
0.033722,-0.0041199,4.9316
0.033569,-0.0048828,4.9304
0.034637,-0.0036621,4.9329
0.034485,-0.00091553,4.9353
0.03479,0.0022888,4.9365
0.028381,0.0064087,4.9243
0.024567,0.004425,0.062256
0.024261,0.0033569,0.068359
0.024261,0.0013733,0.06958
0.027008,0,0.064697
0.029602,-0.00030518,0.059814
0.030365,0.0015259,0.058594
0.028076,0.0042725,0.064697
0.026245,0.0067139,0.054932
0.025024,0.0061035,0.064697
0.025482,0.0036621,0.050049
0.027161,0.00076294,0.03418
0.027771,-0.0013733,0.046387
0.02594,-0.00061035,0.046387
0.023499,0.00091553,0.047607
0.020447,0.0019836,0.042725
0.019531,0.0010681,0.037842
0.019989,-0.0019836,0.043945
0.021057,-0.0059509,0.039063
0.021515,-0.0082397,0.040283
0.019989,-0.010529,0.041504
0.018921,-0.0083923,0.041504
0.016327,-0.007019,0.037842
0.016022,-0.0062561,0.040283
0.018463,-0.0053406,0.05127
0.021515,-0.0064087,0.040283
0.024872,-0.0064087,0.043945
0.026703,-0.0039673,0.042725
0.027313,0.0012207,0.026855
0.026855,0.002594,0.039063
0.025787,0.0065613,0.042725
0.02655,0.0080872,0.045166
0.028839,0.0085449,0.045166
0.031128,0.0064087,0.045166
0.032501,0.0062561,0.05249
0.031891,0.0057983,0.05249
0.030365,0.0057983,0.058594
0.027618,0.0054932,0.058594
0.025024,0.0045776,0.063477
0.024261,0.0032043,0.062256
0.022888,0.0016785,0.061035
0.022278,0.00015259,0.064697
0.019379,-0.0013733,0.062256
0.017395,-0.0021362,0.062256
0.017548,-0.0019836,0.059814
0.01709,-0.0015259,0.075684
0.019226,-0.0016785,0.062256
0.02121,-0.0018311,0.05249
0.023804,-0.0022888,0.063477
0.024109,-0.00015259,0.065918
0.022888,0.0036621,0.063477
0.021057,0.0038147,0.062256
0.018921,0.0045776,0.061035
0.019073,0.0054932,0.061035
0.022125,0.0056458,0.054932
0.026398,0.007019,0.056152
0.029755,0.0085449,0.05249
0.032959,0.0097656,0.053711
0.034485,0.010834,0.05127
0.034485,0.011749,0.050049
0.036163,0.010681,0.05249
0.037384,0.0086975,0.046387
0.039063,0.0064087,0.046387
0.039368,0.0053406,0.043945
0.036163,0.0042725,0.037842
0.032501,0.0047302,0.041504
0.025787,0.0065613,0.040283
0.02182,0.0074768,0.037842
0.019531,0.0086975,0.039063
0.019379,0.0086975,0.036621
0.021362,0.007782,0.039063
0.022125,0.0074768,0.037842
0.022125,0.0065613,0.041504
0.020599,0.0062561,0.036621
0.019379,0.0048828,0.037842
0.017242,0.0022888,0.0354
0.016174,0.00015259,0.042725
0.013733,-0.0013733,0.039063
0.012054,-0.00045776,0.046387
0.0088501,-0.0024414,2.0703
0.0050354,-0.0039673,4.7498
0.0033569,-0.0047302,4.9158
0.0036621,-0.005188,4.9231
0.0068665,-0.0039673,4.9084
0.009613,-0.002594,4.9255
0.011749,-0.00091553,4.928
0.015106,-0.00045776,4.9304
0.013885,0,4.928
0.015106,-0.00015259,4.928
0.014343,-0.00091553,4.9341
0.012512,0.00015259,4.9304
0.012207,0.00061035,4.9329
0.012207,0.0030518,4.9292
0.013123,0.00015259,4.9329
0.013733,-0.00061035,4.9329
0.014648,-0.00045776,4.9341
0.016022,0.0010681,4.9438
0.016785,0.0015259,4.9292
0.017548,0.0022888,4.9365
0.019073,0.0038147,4.9341
0.021973,0.0053406,4.9414
0.022125,0.007782,4.9268
0.02121,0.0097656,4.9231
0.019684,0.010529,4.9255
0.016174,0.010223,4.9231
0.012665,0.0074768,4.9207
0.011139,0.0039673,4.9207
0.0071716,-0.00045776,4.9158
0.0086975,-0.00076294,4.9146
0.0085449,0.0028992,4.9158
0.0076294,0.0018311,4.917
0.0091553,0.0042725,4.9146
0.010071,0.0057983,4.9194
0.011444,0.0059509,4.9133
0.012054,0.0028992,4.9146
0.01297,0.0045776,4.9207
0.013275,0.0042725,4.9097
0.012817,0.0061035,4.9194
0.010986,0.0090027,4.9072
0.010834,0.01236,4.8999
0.011749,0.013275,4.9109
0.013885,0.012054,4.9084
0.013428,0.009613,4.906
0.015411,0.0076294,4.9084
0.014648,0.0068665,4.9097
0.014648,0.0090027,4.9109
0.013275,0.010681,4.9109
0.012054,0.0099182,4.9194
0.011749,0.0079346,4.9207
0.011597,0.0048828,4.9243
0.0099182,0.0015259,4.928
0.0090027,-0.0033569,4.9158
0.0088501,0.00015259,4.9292
0.0073242,0.0012207,4.9231
0.0065613,0.0010681,4.9292
0.0056458,0.00030518,4.9329
0.0061035,-0.0050354,4.939
0.0073242,-0.0019836,4.9353
0.0093079,-0.0022888,4.9231
0.010223,-0.002594,4.9365
0.010529,-0.00015259,4.9304
0.010834,0.002594,4.928
0.012512,0.0047302,4.9304
0.015106,0.0059509,4.9329
0.018005,0.0080872,4.939
0.022125,0.0054932,4.9365
0.024872,0.005188,4.9377
0.027161,0.0039673,4.9329
0.027618,0.0035095,4.9365
0.026703,0.0028992,4.9292
0.027771,0.0019836,4.9304
0.028381,0.00091553,0.070801
0.030365,-0.0018311,0.053711
0.028992,-0.0036621,0.053711
0.027161,-0.004425,0.050049
0.024719,-0.0054932,0.030518
0.023346,-0.0042725,0.047607
0.025177,-0.0042725,0.048828
0.027008,-0.0041199,0.045166
0.028229,-0.0041199,0.046387
0.028229,-0.0061035,0.039063
0.025635,-0.0064087,0.036621
0.024872,-0.007019,0.040283
0.022888,-0.0054932,0.041504
0.02243,-0.0035095,0.036621
0.023041,-0.0018311,0.042725
0.023804,-0.00076294,0.039063
0.02533,-0.0016785,0.042725
0.025787,-0.0035095,0.040283
0.028687,-0.0056458,0.039063
0.029144,-0.0059509,0.039063
0.031281,-0.0057983,0.037842
0.031586,-0.0038147,0.040283
0.031891,-0.0016785,0.040283
0.032654,-0.0010681,0.03418
0.03067,-0.0028992,0.043945
0.030518,-0.0053406,0.046387
0.028534,-0.0062561,0.05127
0.026398,-0.0047302,0.05249
0.024261,-0.002594,0.053711
0.022888,0.0012207,0.056152
0.023956,0.002594,0.057373
0.024567,0.0013733,0.062256
0.026245,0.0010681,0.058594
0.027466,-0.00015259,0.061035
0.025635,0.00015259,0.064697
0.02533,0.0016785,0.063477
0.02533,0.0022888,0.070801
0.025635,0.0030518,0.065918
0.025635,0.0024414,0.070801
0.023346,-0.00076294,0.061035
0.022278,-0.00015259,0.057373
0.020447,-0.00015259,0.061035
0.020294,0.0016785,0.059814
0.021515,0.0036621,0.064697
0.02182,0.004425,0.065918
0.023041,0.0042725,0.063477
0.021973,0.0035095,0.061035
0.021515,0.0018311,0.057373
0.021057,0,0.059814
0.022583,-0.00045776,0.048828
0.023041,0.0013733,0.053711
0.022583,0.0024414,0.053711
0.020905,0.0036621,0.050049
0.019226,0.0038147,0.047607
0.019684,0.0016785,0.048828
0.018921,-0.0012207,0.054932
0.018921,-0.0035095,0.043945
0.019684,-0.0045776,0.053711
0.019379,-0.0038147,0.037842
0.019379,-0.0036621,0.039063
0.020294,-0.0042725,0.037842
0.020447,-0.0067139,0.0354
0.021057,-0.0083923,0.040283
0.018616,-0.0088501,0.040283
0.020752,-0.0064087,0.036621
0.019836,-0.0019836,0.040283
0.019989,0.0028992,0.039063
0.020294,0.005188,0.040283
0.021667,0.0062561,0.037842
0.024261,0.0050354,0.042725
0.025024,0.0045776,0.041504
0.026398,0.0059509,0.043945
0.027313,0.0083923,0.057373
0.027771,0.010376,0.042725
0.027771,0.009613,0.05249
0.027008,0.0068665,0.054932
0.02594,0.002594,0.042725
0.024872,-0.0015259,0.053711
0.023651,-0.0062561,3.0542
0.022125,-0.007782,4.8157
0.020905,-0.0082397,4.917
0.020752,-0.0074768,4.9268
0.020905,-0.0065613,4.9316
0.021973,-0.005188,4.9304
0.022583,-0.0033569,4.9329
0.023499,-0.0045776,4.9292
0.022736,-0.0047302,4.9353
0.021667,-0.0030518,4.9304
0.021667,-0.00045776,4.9329
0.022583,0.0015259,4.9292
0.023651,0.0036621,4.9402
0.024872,0.0047302,4.9414
0.026398,0.0016785,4.9353
0.028381,0.0027466,4.9438
0.029602,0.0036621,4.9316
0.032196,0.0067139,4.9182
0.031433,0.011444,4.9231
0.031586,0.011597,4.9255
0.032043,0.009613,4.9207
0.032043,0.0056458,4.9207
0.031891,-0.00015259,4.9207
0.032806,-0.0028992,4.9182
0.032043,0.00091553,4.9158
0.032043,-0.0015259,4.917
0.030212,-0.00061035,4.9133
0.029297,-0.0010681,4.9072
0.02594,-0.0022888,4.9182
0.02533,0.00030518,4.917
0.024261,0.0021362,4.9133
0.023956,0.0080872,4.9121
0.023956,0.012207,4.9097
0.025635,0.01358,4.9121
0.024567,0.011902,4.9048
0.024414,0.0082397,4.9133
0.024261,0.0041199,4.9133
0.024261,0.00091553,4.9023
0.02243,0,4.9097
0.018616,-0.0016785,4.9097
0.014496,-0.0013733,4.9109
0.010071,-0.0028992,4.9109
0.0057983,-0.0027466,4.9146
0.0042725,-0.0018311,4.9182
0.0050354,0.0015259,4.9243
0.010376,0.0038147,4.9194
0.011902,0.0057983,4.928
0.015106,0.0056458,4.9243
0.017853,0.0033569,4.9304
0.019989,0.0018311,4.9353
0.021973,0.00030518,4.9292
0.02243,0.00091553,4.9402
0.021667,0.0027466,4.9316
0.019684,0.0056458,4.9133
0.017853,0.007019,4.9292
0.015717,0.0067139,4.9316
0.015259,0.0064087,4.9316
0.015259,0.0045776,4.9304
0.016479,0.0030518,4.9329
0.018005,0.0032043,4.9329
0.018158,0.0013733,4.9353
0.020294,0.0030518,4.9402
0.019989,0.005188,4.9316
0.018768,0.0062561,4.9353
0.016479,0.0088501,4.9304
0.013123,0.0097656,4.9353
0.011139,0.0099182,4.9377
0.0088501,0.0099182,4.928
0.0073242,0.0080872,4.9219
0.0076294,0.0064087,4.9231
0.0076294,0.0047302,4.9207
0.0093079,0.0035095,4.9158
0.011139,0.002594,0.046387
0.01358,0.0030518,0.045166
0.015106,0.0050354,0.045166
0.015717,0.0076294,0.039063
0.014496,0.01236,0.045166
0.012817,0.010071,0.039063
0.009613,0.0082397,0.042725
0.0082397,0.0079346,0.037842
0.0062561,0.007019,0.042725
0.0071716,0.0067139,0.036621
0.0056458,0.0065613,0.042725
0.0071716,0.0064087,0.039063
0.0082397,0.0054932,0.041504
0.0082397,0.0045776,0.048828
0.0076294,0.0047302,0.040283
0.0068665,0.005188,0.05249
0.0065613,0.0048828,0.040283
0.0024414,0.0033569,0.032959
0.0056458,0.0039673,0.047607
0.0068665,0.0022888,0.046387
0.007019,0.0050354,0.046387
0.0088501,0.0068665,0.054932
0.010834,0.0080872,0.05127
0.013275,0.0082397,0.057373
0.016174,0.0079346,0.050049
0.017548,0.0054932,0.061035
0.018768,0.0050354,0.058594
0.019073,0.0041199,0.064697
0.016632,0.0036621,0.063477
0.014648,0.0028992,0.064697
0.014038,0.00061035,0.067139
0.013428,-0.0010681,0.059814
0.014801,-0.0039673,0.061035
0.012207,-0.0068665,0.062256
0.012054,-0.0080872,0.072021
0.012665,-0.0080872,0.063477
0.01358,-0.0068665,0.059814
0.014801,-0.0056458,0.063477
0.016327,-0.004425,0.065918
0.016785,-0.0059509,0.062256
0.016632,-0.0073242,0.062256
0.015869,-0.0093079,0.057373
0.015259,-0.010681,0.061035
0.014648,-0.0097656,0.05249
0.015564,-0.009613,0.053711
0.016785,-0.0074768,0.05249
0.018616,-0.0053406,0.05249
0.019989,-0.0045776,0.043945
0.02121,-0.0019836,0.050049
0.025024,-0.00091553,0.059814
0.023346,0.00045776,0.046387
0.025635,0.00061035,0.045166
0.02655,0.00015259,0.043945
0.029449,-0.00015259,0.025635
0.031281,-0.002594,0.036621
0.032959,-0.0035095,0.041504
0.033722,-0.0047302,0.040283
0.033264,-0.0053406,0.040283
0.033722,-0.0065613,0.03418
0.032959,-0.007782,0.042725
0.031433,-0.0093079,0.036621
0.028381,-0.010681,0.040283
0.025177,-0.010986,0.0354
0.023499,-0.0088501,0.041504
0.020447,-0.0073242,0.040283
0.019226,-0.0065613,0.047607
0.017548,-0.0062561,0.048828
0.018463,-0.0071716,0.05249
0.019836,-0.0065613,0.048828
0.020905,-0.0033569,0.05127
0.02182,0.00045776,0.059814
0.02182,0.0030518,0.054932
0.022125,0.0030518,0.046387
0.02121,0.0022888,0.058594
0.021973,0.0016785,0.058594
0.021973,0.0012207,0.059814
0.023041,0.002594,0.062256
0.022583,0.0027466,0.058594
0.022583,0.00076294,4.5422
0.023651,0.00015259,4.9011
0.024261,0.00015259,4.9304
0.026093,0.00061035,4.9304
0.027313,0.0019836,4.9365
0.028381,0.0041199,4.9304
0.028076,0.0056458,4.9353
0.028229,0.0061035,4.9463
0.026703,0.004425,4.9353
0.025482,0.00061035,4.9341
0.022888,-0.0012207,4.9304
0.021515,-0.0038147,4.917
0.019836,-0.0036621,4.928
0.018311,-0.0021362,4.9219
0.017395,-0.00076294,4.9207
0.016479,0,4.9158
0.016632,-0.00076294,4.9231
0.016479,0.00030518,4.9146
0.016479,0.00091553,4.9146
0.017242,0.0015259,4.9194
0.016174,0.004425,4.9121
0.016937,0.0057983,4.9109
0.016937,0.0057983,4.917
0.017548,0.0030518,4.9158
0.018311,0.0041199,4.9109
0.018463,0.0045776,4.9133
0.020905,0.0054932,4.917
0.021667,0.0074768,4.9109
0.023193,0.0085449,4.917
0.024414,0.0093079,4.9097
0.026398,0.0093079,4.8987
0.028839,0.0076294,4.9097
0.029297,0.0061035,4.9048
0.028839,0.0053406,4.9133
0.027924,0.0039673,4.9121
0.027161,0.0022888,4.9097
0.027618,0.0016785,4.917
0.027924,0.00030518,4.9158
0.027771,0.0010681,4.9194
0.025635,-0.0018311,4.9207
0.022888,-0.0033569,4.928
0.020905,-0.0036621,4.9231
0.018768,-0.005188,4.9255
0.019073,-0.0053406,4.9438
0.020294,-0.0039673,4.9304
0.021057,-0.0033569,4.9329
0.021362,-0.0030518,4.9341
0.020752,-0.0030518,4.928
0.018768,-0.0036621,4.9231
0.018616,-0.0035095,4.9316
0.019531,-0.0016785,4.9329
0.021057,0.0016785,4.9292
0.02243,0.0039673,4.9304
0.024261,0.0053406,4.939
0.025024,0.0057983,4.939
0.02655,0.0035095,4.9365
0.028076,0.0032043,4.9304
0.029297,0.0032043,4.9365
0.031891,0.0064087,4.9316
0.033569,0.0079346,4.9304
0.032959,0.0090027,4.9292
0.032043,0.0083923,4.928
0.032043,0.0062561,4.9304
0.032043,0.0048828,4.9255
0.031891,0.0050354,4.9316
0.030975,0.0080872,4.917
0.030212,0.010223,4.9207
0.02594,0.012512,4.9158
0.025177,0.010986,4.9182
0.023651,0.010071,4.9097
0.023193,0.0088501,4.9158
0.022736,0.0079346,4.9121
0.022583,0.007782,0.041504
0.022888,0.0074768,0.036621
0.020752,0.010529,0.042725
0.016937,0.0045776,0.0354
0.012817,0.0018311,0.040283
0.0099182,-0.0012207,0.037842
0.0074768,-0.0027466,0.043945
0.0032043,-0.0035095,0.046387
0.0038147,-0.0059509,0.040283
0.0028992,-0.0076294,0.043945
0.0024414,-0.010071,0.040283
0.0018311,-0.011139,0.0354
0.0012207,-0.011902,0.046387
0.0074768,-0.0093079,0.042725
0.010834,-0.0080872,0.046387
0.012665,-0.0065613,0.05249
0.015717,-0.0057983,0.054932
0.016937,-0.0033569,0.056152
0.017395,-0.00030518,0.056152
0.018158,0.0027466,0.062256
0.019836,0.0061035,0.059814
0.021057,0.0088501,0.064697
0.022583,0.0088501,0.063477
0.024719,0.0097656,0.062256
0.025635,0.010376,0.059814
0.02655,0.011444,0.063477
0.026855,0.01297,0.065918
0.02594,0.01297,0.063477
0.026245,0.012665,0.072021
0.023193,0.0083923,0.063477
0.019989,0.0048828,0.053711
0.0177,0.002594,0.063477
0.015106,0.0018311,0.064697
0.013885,0.0032043,0.064697
0.010681,0.0047302,0.065918
0.0093079,0.005188,0.056152
0.0080872,0.0050354,0.059814
0.0057983,0.0041199,0.050049
0.0090027,0.0050354,0.053711
0.0091553,0.0054932,0.047607
0.0080872,0.0065613,0.050049
0.0067139,0.0067139,0.050049
0.0042725,0.0056458,0.047607
0.0022888,0.0042725,0.058594
0.00091553,0.0028992,0.042725
0.0013733,0.0012207,0.045166
0.0030518,0.0016785,0.043945
0.0053406,0.0024414,0.028076
0.0093079,0.0035095,0.039063
0.016022,0.004425,0.037842
0.01358,0.0041199,0.037842
0.015106,0.0036621,0.037842
0.014191,0.0038147,0.037842
0.014191,0.005188,0.040283
0.01297,0.0064087,0.039063
0.011902,0.007782,0.037842
0.011597,0.0047302,0.037842
0.012054,0.0024414,0.042725
0.012817,0.00015259,0.039063
0.017242,-0.00045776,0.041504
0.018005,0.0021362,0.043945
0.019989,0.0041199,0.048828
0.022583,0.0062561,0.058594
0.023041,0.0059509,0.05249
0.024261,0.0047302,0.067139
0.022736,0.0065613,0.05249
0.021362,0.0030518,0.047607
0.019989,0.0050354,0.058594
0.018768,0.0074768,0.061035
0.017242,0.0079346,0.059814
0.016785,0.0018311,0.062256
0.016785,0.0038147,0.059814
0.017242,-0.0016785,0.063477
0.017548,-0.0035095,0.056152
0.016479,-0.0041199,0.064697
0.017242,-0.004425,0.057373
0.017242,-0.0053406,0.064697
0.016937,-0.0068665,0.068359
0.018158,-0.0086975,4.4141
0.019073,-0.010529,4.906
0.019531,-0.010681,4.9316
0.018921,-0.0090027,4.9341
0.018768,-0.007019,4.9316
0.019379,-0.0057983,4.9341
0.019531,-0.005188,4.9304
0.021362,-0.0057983,4.928
0.024414,-0.0061035,4.9207
0.02655,-0.0068665,4.9231
0.028534,-0.0057983,4.9194
0.029907,-0.0080872,4.9207
0.030975,-0.0076294,4.917
0.031891,-0.0071716,4.917
0.031586,-0.0057983,4.9133
0.03067,-0.0038147,4.9194
0.03006,-0.004425,4.9121
0.028381,-0.0057983,4.917
0.02655,-0.0067139,4.9097
0.02594,-0.0083923,4.9109
0.026245,-0.0079346,4.9231
0.026093,-0.0059509,4.9109
0.027008,-0.0057983,4.9182
0.027924,-0.0056458,4.9084
0.027466,-0.0068665,4.8938
0.027618,-0.009613,4.9072
0.026245,-0.0097656,4.9084
0.025635,-0.0085449,4.906
0.024261,-0.0053406,4.9097
0.023193,-0.00091553,4.9072
0.023346,0.00076294,4.9158
0.022888,-0.00045776,4.917
0.023651,-0.0036621,4.9207
0.024872,-0.0042725,4.9182
0.026093,-0.0024414,4.9255
0.028992,0.00076294,4.9243
0.029144,0.0041199,4.9304
0.028687,0.0038147,4.9316
0.027008,0.0018311,4.9304
0.024414,-0.0013733,4.928
0.021362,-0.0035095,4.9316
0.019073,-0.0019836,4.9426
0.0177,0.00061035,4.9341
0.016022,0.0038147,4.917
0.014038,0.004425,4.9316
0.014496,0.0028992,4.9316
0.015259,0.00030518,4.9304
0.017853,-0.002594,4.9353
0.020905,-0.0032043,4.9353
0.022736,-0.0030518,4.9329
0.023804,-0.0036621,4.9329
0.022125,-0.0050354,4.9377
0.020142,-0.0073242,4.9316
0.018158,-0.0091553,4.9329
0.015106,-0.0097656,4.928
0.01358,-0.0085449,4.9316
0.012054,-0.0068665,4.9341
0.011749,-0.0064087,4.9255
0.011597,-0.0067139,4.9255
0.014191,-0.0045776,4.9182
0.01709,-0.004425,4.9084
0.020142,-0.005188,4.9158
0.023346,-0.0061035,4.9146
0.025024,-0.0068665,4.9133
0.027618,-0.007782,4.9121
0.028229,-0.0050354,4.9158
0.027466,-0.0024414,4.9097
0.025635,0.00091553,4.9084
0.023193,0.0033569,4.9121
0.019989,0.0019836,4.9121
0.019531,0.0010681,4.9133
0.017395,0.00045776,4.9133
0.018921,0.0016785,0.040283
0.020142,0.0047302,0.037842
0.023346,0.007782,0.041504
0.025177,0.0093079,0.041504
0.026398,0.0076294,0.040283
0.027771,0.0022888,0.047607
0.027771,-0.002594,0.042725
0.028534,-0.0062561,0.037842
0.028381,-0.0076294,0.048828
0.025787,-0.0076294,0.048828
0.022125,-0.0097656,0.05249
0.017853,-0.013123,0.054932
0.015411,-0.018311,0.054932
0.011902,-0.020294,0.059814
0.011749,-0.019073,0.061035
0.01297,-0.013885,0.062256
0.015106,-0.0076294,0.061035
0.019379,-0.0019836,0.064697
0.019836,-0.00091553,0.057373
0.02121,-0.0036621,0.063477
0.024567,-0.0062561,0.074463
0.027771,-0.0064087,0.063477
0.030518,-0.004425,0.064697
0.031433,-0.0016785,0.063477
0.029907,0.0019836,0.053711
0.026703,0.0018311,0.064697
0.024261,-0.00030518,0.064697
0.023346,-0.0028992,0.064697
0.023193,-0.0021362,0.063477
0.025024,-0.00091553,0.054932
0.02594,0.0016785,0.059814
0.026245,0.0035095,0.053711
0.027466,0.004425,0.057373
0.028381,0.0021362,0.05127
0.027466,0.0010681,0.05249
0.03067,0.0021362,0.050049
0.031586,0.0047302,0.05127
0.030212,0.0088501,0.050049
0.026245,0.011139,0.048828
0.022888,0.011444,0.05127
0.020599,0.0097656,0.045166
0.0177,0.0091553,0.054932
0.016937,0.0021362,0.040283
0.014954,0.0010681,0.040283
0.015259,0.0016785,0.040283
0.014954,0.0024414,0.039063
0.014496,0.005188,0.037842
0.013123,0.0013733,0.040283
0.010986,-0.00045776,0.0354
0.010071,-0.0027466,0.041504
0.0082397,-0.0035095,0.03418
0.0082397,-0.0033569,0.043945
0.0076294,-0.0019836,0.037842
0.0056458,-0.0032043,0.041504
0.0038147,-0.005188,0.043945
0.0021362,-0.0074768,0.048828
0.0030518,-0.0080872,0.057373
0.0054932,-0.007782,0.048828
0.0082397,-0.0053406,0.057373
0.011597,-0.0013733,0.053711
0.01236,0.0030518,0.047607
0.011902,0.0062561,0.057373
0.01236,0.0088501,0.058594
0.014496,0.0083923,0.057373
0.015564,0.0057983,0.061035
0.017395,0.0053406,0.061035
0.019531,0.0048828,0.064697
0.021515,0.0073242,0.061035
0.02182,0.010071,0.062256
0.022125,0.015564,0.059814
0.02182,0.014954,0.063477
0.020294,0.014343,0.062256
0.022736,0.01236,0.068359
0.020905,0.010529,0.063477
0.018616,0.010529,0.068359
0.018311,0.010986,0.072021
0.016937,0.011444,0.064697
0.016327,0.011444,0.068359
0.017548,0.0090027,4.1675
0.018158,0.010681,4.8633
0.019073,0.0093079,4.917
0.019684,0.0099182,4.9182
0.018921,0.011444,4.9182
0.014648,0.013123,4.9194
0.013123,0.013428,4.9158
0.009613,0.0091553,4.9182
0.0062561,0.0054932,4.9182
0.0062561,0.0010681,4.9182
0.0061035,-0.00091553,4.9097
0.0074768,-0.00015259,4.9146
0.0079346,0.00091553,4.9121
0.0086975,0.0027466,4.9121
0.0090027,0.0038147,4.9182
0.0097656,0.0048828,4.9133
0.010529,0.0073242,4.9097
0.012817,0.0050354,4.9097
0.013275,0.005188,4.8999
0.012207,0.0054932,4.9048
0.010986,0.0053406,4.8926
0.0093079,0.0030518,4.9109
0.007019,-0.00015259,4.9109
0.0082397,-0.0028992,4.9084
0.013428,-0.005188,4.9121
0.018005,-0.0062561,4.9133
0.022278,-0.0041199,4.906
0.023041,-0.0022888,4.9146
0.02243,-0.00061035,4.9255
0.021362,0.0010681,4.9219
0.02121,-0.00030518,4.928
0.023041,-0.0022888,4.9255
0.024567,-0.0068665,4.9304
0.025024,-0.0074768,4.9353
0.022583,-0.0047302,4.9304
0.023346,-0.00076294,4.9451
0.018921,0.00030518,4.9316
0.019684,0.00045776,4.9207
0.020142,-0.0022888,4.9292
0.022278,-0.0054932,4.9316
0.023956,-0.0079346,4.9292
0.024261,-0.0073242,4.9341
0.022278,-0.005188,4.9341
0.019836,-0.0032043,4.9365
0.018921,-0.002594,4.9353
0.018768,-0.0033569,4.9377
0.019073,-0.0053406,4.9329
0.020294,-0.0074768,4.9329
0.022125,-0.0079346,4.9316
0.022583,-0.007782,4.9304
0.022888,-0.0068665,4.9304
0.02121,-0.005188,4.9255
0.022278,-0.0067139,4.9231
0.023956,-0.0083923,4.9207
0.027313,-0.0093079,4.9207
0.031586,-0.01236,4.9194
0.034027,-0.010986,4.9146
0.035248,-0.0080872,4.9146
0.03479,-0.0061035,4.9158
0.034485,-0.0048828,4.9146
0.035553,-0.0042725,4.9133
0.037079,-0.0048828,4.906
0.038605,-0.0050354,4.9133
0.038452,-0.0048828,4.906
0.037689,-0.002594,4.9109
0.034637,-0.0024414,4.9109
0.033722,-0.002594,4.9146
0.033112,-0.0032043,4.9084
0.035095,-0.0050354,4.9109
0.038147,-0.0082397,4.9219
0.03952,-0.0099182,4.9146
0.0383,-0.010681,4.9207
0.035553,-0.010834,4.9146
0.030518,-0.010376,0.031738
0.026855,-0.010223,0.045166
0.023651,-0.0080872,0.048828
0.02243,-0.007019,0.050049
0.022278,-0.0054932,0.05249
0.021515,-0.0024414,0.05249
0.022888,0.0015259,0.059814
0.022278,0.005188,0.059814
0.024719,0.0083923,0.061035
0.028229,0.0088501,0.057373
0.032349,0.0073242,0.065918
0.034943,0.0047302,0.062256
0.036621,0.0010681,0.063477
0.034027,-0.0024414,0.074463
0.028229,-0.0035095,0.063477
0.022583,-0.004425,0.059814
0.018005,-0.0053406,0.067139
0.014954,-0.007782,0.06958
0.014038,-0.012817,0.063477
0.012665,-0.01297,0.067139
0.011749,-0.01236,0.067139
0.011292,-0.0083923,0.062256
0.01236,-0.0028992,0.057373
0.014648,0.0030518,0.063477
0.017395,0.0062561,0.057373
0.02121,0.0067139,0.05127
0.023193,0.0057983,0.05127
0.024261,0.0016785,0.05249
0.024109,0.0050354,0.047607
0.023956,0.0090027,0.05249
0.025024,0.012054,0.045166
0.027771,0.012817,0.047607
0.032501,0.0097656,0.053711
0.036316,0.0057983,0.045166
0.036774,0.00030518,0.054932
0.034332,-0.0022888,0.040283
0.029602,-0.0021362,0.03418
0.023346,-0.00091553,0.040283
0.018311,0.00030518,0.042725
0.015411,0.00030518,0.039063
0.01236,-0.0036621,0.039063
0.012054,-0.0088501,0.036621
0.0082397,-0.014038,0.039063
0.0053406,-0.014343,0.037842
0.0032043,-0.014038,0.041504
0.0032043,-0.011902,0.039063
0.0074768,-0.0099182,0.042725
0.012054,-0.010529,0.043945
0.016937,-0.0076294,0.047607
0.020447,-0.0054932,0.036621
0.020447,-0.0030518,0.050049
0.022125,0.0050354,0.05249
0.021667,0.011292,0.053711
0.023804,0.015717,0.056152
0.028076,0.01709,0.059814
0.031433,0.013733,0.046387
0.035858,0.013275,0.054932
0.036621,0.011292,0.061035
0.036774,0.011749,0.062256
0.037079,0.011139,0.058594
0.037994,0.0093079,0.056152
0.039825,0.0053406,0.062256
0.041351,-0.0019836,0.058594
0.041046,-0.0059509,0.062256
0.039063,-0.010376,0.064697
0.036163,-0.012512,0.065918
0.030975,-0.012054,0.064697
0.026855,-0.010681,0.068359
0.026855,-0.0079346,0.079346
0.027466,-0.005188,0.047607
0.027924,-0.0021362,0.062256
0.03006,0.0027466,0.062256
0.029602,0.0065613,0.039063
0.024719,0.010681,0.053711
0.020447,0.014343,0.053711
0.017242,0.016632,0.050049
0.014191,0.018768,0.048828
0.011749,0.02594,2.7942
0.010223,0.019226,4.7876
0.0080872,0.0177,4.9048
0.0053406,0.015869,4.9182
0.0035095,0.015411,4.9084
0.0024414,0.013885,4.9146
0.0041199,0.013885,4.9121
0.0083923,0.01236,4.9121
0.013733,0.0094604,4.9097
0.0177,0.0062561,4.9133
0.018158,0.0022888,4.8914
0.015717,0.00045776,4.9133
0.012817,0,4.9109
0.010681,0.00015259,4.9072
0.0094604,0.0012207,4.8962
0.0094604,0.0012207,4.9109
0.011902,0,4.9097
0.013428,-0.00030518,4.9084
0.014801,-0.00015259,4.9097
0.015411,0.0015259,4.9109
0.016479,0.0035095,4.9146
0.019073,0.0053406,4.9194
0.021362,0.0062561,4.9255
0.023041,0.0054932,4.9219
0.021667,0.0050354,4.928
0.019684,0.0048828,4.9255
0.015259,0.0057983,4.9316
0.013123,0.0071716,4.9377
0.011902,0.0086975,4.9329
0.013885,0.0094604,4.9353
0.016632,0.0079346,4.9329
0.017853,0.0062561,4.9292
0.014954,0.0071716,4.928
0.015564,0.0068665,4.9292
0.014038,0.0091553,4.9304
0.014496,0.01358,4.9329
0.016479,0.016327,4.9341
0.020294,0.017395,4.9377
0.023346,0.014801,4.9255
0.025482,0.0099182,4.9377
0.025635,0.0073242,4.9292
0.024109,0.0047302,4.9377
0.022888,0.0041199,4.9292
0.023346,0.0050354,4.9304
0.025024,0.0053406,4.9243
0.023499,0.0054932,4.9255
0.023346,0.0035095,4.9316
0.019073,0.0016785,4.9243
0.013733,0.00030518,4.9268
0.0085449,-0.00045776,4.9194
0.0056458,-0.00030518,4.906
0.0045776,0.0015259,4.9158
0.0048828,0.0019836,4.9109
0.0057983,0.0018311,4.917
0.0065613,0.0015259,4.9109
0.0071716,0.0010681,4.9084
0.007782,0.0018311,4.9133
0.010223,0.004425,4.9072
0.013885,0.0056458,4.906
0.020752,0.0086975,4.9097
0.026703,0.007782,4.9121
0.030975,0.0082397,4.9097
0.034637,0.010071,4.9109
0.037384,0.007782,4.9182
0.039063,0.0068665,4.9109
0.040436,0.0041199,4.9097
0.040436,0,4.9158
0.040131,-0.0030518,4.9011
0.0383,-0.0071716,4.9158
0.03479,-0.010071,4.9194
0.031891,-0.011902,4.9194
0.028534,-0.013885,4.9194
0.026398,-0.015717,4.9182
0.026398,-0.018311,4.9255
0.02655,-0.019531,0.059814
0.028687,-0.019379,0.062256
0.029449,-0.020142,0.057373
0.029602,-0.018463,0.062256
0.029297,-0.016174,0.061035
0.028381,-0.015717,0.063477
0.028229,-0.016022,0.063477
0.030365,-0.01297,0.061035
0.028534,-0.0085449,0.065918
0.028992,-0.004425,0.061035
0.029297,0.00030518,0.079346
0.031128,0.0018311,0.064697
0.032959,0.0027466,0.059814
0.035553,0.0018311,0.068359
0.040436,-0.00030518,0.061035
0.045166,-0.0035095,0.059814
0.050659,-0.007782,0.059814
0.053711,-0.011292,0.054932
0.053253,-0.016327,0.056152
0.052032,-0.018616,0.050049
0.049438,-0.018921,0.053711
0.046539,-0.017548,0.047607
0.043793,-0.014954,0.048828
0.041656,-0.013733,0.050049
0.038452,-0.014496,0.047607
0.036011,-0.016327,0.05249
0.034027,-0.019073,0.037842
0.032349,-0.019073,0.045166
0.032501,-0.01709,0.042725
0.03418,-0.014191,0.030518
0.03479,-0.010834,0.040283
0.035553,-0.010834,0.036621
0.033875,-0.009613,0.037842
0.031738,-0.0080872,0.040283
0.028839,-0.0045776,0.037842
0.026398,0.00061035,0.042725
0.025024,0.005188,0.0354
0.024872,0.0068665,0.041504
0.02533,0.0041199,0.039063
0.025482,-0.00076294,0.042725
0.026703,-0.0053406,0.042725
0.028229,-0.0093079,0.047607
0.028381,-0.0088501,0.045166
0.029449,-0.007782,0.05127
0.030212,-0.0056458,0.054932
0.029755,-0.0050354,0.056152
0.028381,-0.0048828,0.067139
0.026398,-0.0067139,0.057373
0.025177,-0.004425,0.042725
0.022125,-0.0015259,0.058594
0.019684,0.0016785,0.064697
0.017548,0.0041199,0.061035
0.015259,0.004425,0.059814
0.015259,0.0016785,0.057373
0.012665,-0.00045776,0.063477
0.013275,-0.0018311,0.061035
0.011749,-0.00091553,0.064697
0.010223,0,0.065918
0.0079346,0.0016785,0.068359
0.0059509,0.0012207,0.064697
0.0019836,-0.00076294,0.068359
0.0035095,-0.0018311,0.075684
0.0036621,-0.0030518,0.063477
0.0035095,-0.0019836,0.061035
0.0038147,-0.00091553,0.058594
0.0045776,-0.0013733,0.053711
0.0054932,-0.0012207,0.05127
0.007019,-0.0033569,0.053711
0.0074768,-0.0053406,0.041504
0.0054932,-0.0079346,0.047607
0.0062561,-0.0082397,0.042725
0.0057983,-0.0085449,0.050049
0.0056458,-0.0082397,0.041504
0.0061035,-0.0071716,0.046387
0.0071716,-0.0088501,0.041504
0.0073242,-0.011902,0.042725
0.0097656,-0.012512,0.041504
0.010986,-0.016785,4.5544
0.011749,-0.01297,4.8828
0.012665,-0.011749,4.906
0.015106,-0.007782,4.9182
0.018158,-0.0057983,4.9097
0.020447,-0.005188,4.9207
0.021515,-0.0067139,4.9109
0.022583,-0.0074768,4.8999
0.022736,-0.007019,4.9109
0.02533,-0.0042725,4.9097
0.023193,-0.00076294,4.9097
0.023346,0.00076294,4.9121
0.023193,0.00091553,4.9097
0.023651,-0.0013733,4.917
0.025024,-0.0042725,4.9194
0.025024,-0.0080872,4.9255
0.024872,-0.010681,4.9158
0.023499,-0.007019,4.9329
0.023193,-0.0062561,4.9292
0.020142,-0.005188,4.9304
0.019684,-0.0054932,4.9341
0.018158,-0.0065613,4.9316
0.018311,-0.0067139,4.9304
0.019073,-0.0047302,4.9341
0.019684,-0.00061035,4.939
0.019836,0.0036621,4.9329
0.020142,0.0076294,4.9304
0.019989,0.0091553,4.9316
0.019684,0.0064087,4.939
0.020142,0.0021362,4.9353
0.019379,0.0012207,4.9377
0.019379,0,4.9329
0.019073,0.0036621,4.9365
0.018005,0.0086975,4.9329
0.0177,0.010681,4.9329
0.015717,0.0099182,4.928
0.015869,0.0067139,4.928
0.015259,0.0019836,4.9219
0.013428,-0.0021362,4.9243
0.011749,-0.0035095,4.9231
0.010071,-0.0022888,4.9219
0.012207,-0.00091553,4.917
0.011139,-0.00091553,4.9207
0.013123,-0.0019836,4.8987
0.014191,-0.0042725,4.9084
0.013885,-0.0054932,4.9121
0.011902,-0.0048828,4.9146
0.0099182,-0.0022888,4.9133
0.0079346,0.0013733,4.9084
0.0065613,0.0027466,4.9158
0.0073242,0.0064087,4.9109
0.0097656,0.0079346,4.9097
0.012054,0.011139,4.9097
0.015106,0.016022,4.9146
0.016785,0.015869,4.9109
0.022125,0.018005,4.9133
0.022583,0.018463,4.9109
0.022278,0.018768,4.9133
0.024567,0.019989,4.9097
0.024414,0.020294,4.9133
0.024261,0.020294,4.9109
0.023956,0.019836,4.917
0.024261,0.019836,4.9109
0.026093,0.019684,4.9207
0.027008,0.018616,4.9219
0.028534,0.018768,4.9255
0.030518,0.019379,4.9146
0.031738,0.019684,4.9292
0.035095,0.021362,4.9316
0.032959,0.021973,4.9292
0.033264,0.021515,4.9353
0.032501,0.020905,4.9304
0.032959,0.020294,4.9353
0.031128,0.020752,0.061035
0.030365,0.020447,0.063477
0.030823,0.026093,0.070801
0.02594,0.020905,0.063477
0.025787,0.022583,0.063477
0.023804,0.024109,0.067139
0.023804,0.02533,0.056152
0.023041,0.026398,0.067139
0.021973,0.024567,0.063477
0.02243,0.022125,0.058594
0.019836,0.020142,0.059814
0.019226,0.018005,0.05249
0.016327,0.016785,0.05249
0.017548,0.014648,0.05127
0.016937,0.011902,0.05249
0.015106,0.0086975,0.045166
0.013733,0.0059509,0.050049
0.012054,0.0038147,0.048828
0.011749,0.0036621,0.050049
0.010376,0.002594,0.043945
0.0099182,0.0045776,0.046387
0.0097656,0.0057983,0.048828
0.011597,0.0061035,0.039063
0.015106,0.0057983,0.043945
0.019531,0.0050354,0.041504
0.022888,0.0074768,0.029297
0.024261,0.0083923,0.03418
0.025024,0.0082397,0.039063
0.024261,0.0074768,0.037842
0.023499,0.0057983,0.039063
0.021667,0.0032043,0.036621
0.020294,0.0019836,0.040283
0.019684,0,0.040283
0.018311,0.00076294,0.043945
0.019989,-0.00061035,0.039063
0.022736,-0.002594,0.039063
0.026093,-0.0067139,0.043945
0.03006,-0.0097656,0.053711
0.033722,-0.012665,0.065918
0.035095,-0.016174,0.054932
0.034943,-0.014801,0.064697
0.034485,-0.014191,0.059814
0.033264,-0.014191,0.047607
0.031586,-0.015564,0.061035
0.029297,-0.015106,0.058594
0.027924,-0.014038,0.061035
0.027618,-0.010986,0.063477
0.028229,-0.007782,0.056152
0.029907,-0.0042725,0.062256
0.030518,-0.0027466,0.061035
0.034637,-0.0015259,0.062256
0.035706,-0.0033569,0.058594
0.038757,-0.0048828,0.065918
0.040131,-0.0067139,0.06958
0.041046,-0.0093079,0.065918
0.040588,-0.011139,0.070801
0.039673,-0.013733,0.064697
0.036316,-0.014343,0.062256
0.032959,-0.014038,0.057373
0.030975,-0.012665,0.072021
0.03006,-0.011749,0.053711
0.029907,-0.011749,0.047607
0.028839,-0.014191,0.048828
0.028534,-0.016937,0.047607
0.028229,-0.020599,0.043945
0.028076,-0.021973,0.048828
0.029907,-0.022278,0.042725
0.03067,-0.021667,0.046387
0.031128,-0.019836,0.039063
0.032196,-0.018463,0.043945
0.033875,-0.016937,0.037842
0.034332,-0.015106,0.042725
0.033417,-0.012512,0.041504
0.032501,-0.010376,0.041504
0.033417,-0.010071,0.046387
0.033112,-0.0091553,0.039063
0.033112,-0.0091553,0.043945
0.032349,-0.0083923,2.6257
0.030975,-0.0061035,4.7583
0.029907,-0.0041199,4.8975
0.027924,-0.0039673,4.9072
0.025024,-0.0056458,4.9072
0.023499,-0.0080872,4.9097
0.020752,-0.010834,4.9158
0.018463,-0.012817,4.917
0.018311,-0.011292,4.9109
0.018616,-0.010529,4.9255
0.018463,-0.011139,4.9207
0.020142,-0.012665,4.9255
0.02243,-0.013733,4.9316
0.02594,-0.014343,4.9316
0.027161,-0.012054,4.9255
0.027771,-0.0093079,4.9316
0.024414,-0.005188,4.9341
0.024414,-0.0024414,4.917
0.023041,-0.0013733,4.9414
0.022888,-0.0010681,4.9329
0.023804,-0.0018311,4.9146
0.026398,-0.0018311,4.9292
0.028687,-0.00030518,4.9365
0.030975,0.0030518,4.9353
0.032654,0.0036621,4.9353
0.034027,0.0048828,4.9341
0.035553,0.0050354,4.9353
0.038147,0.004425,4.9353
0.039215,0.0045776,4.9329
0.039215,0.0059509,4.9268
0.037994,0.0065613,4.928
0.035553,0.0056458,4.9255
0.031281,0.0048828,4.9255
0.027771,0.0016785,4.9304
0.025482,-0.00015259,4.9243
0.024261,-0.0012207,4.9158
0.024261,-0.0019836,4.9231
0.023346,-0.0018311,4.906
0.023651,-0.0010681,4.9146
0.023041,-0.0038147,4.9158
0.022278,-0.0032043,4.9133
0.02243,-0.0030518,4.9146
0.022278,-0.0019836,4.9084
0.021973,-0.00061035,4.9084
0.02121,0.00045776,4.9158
0.021362,0.00061035,4.9109
0.020752,0.0039673,4.906
0.020905,0.0067139,4.9121
0.02182,0.0099182,4.9109
0.024109,0.01297,4.9109
0.026855,0.018158,4.9097
0.028992,0.015869,4.9121
0.032043,0.016479,4.9207
0.03006,0.017395,4.9133
0.033875,0.016022,4.9268
0.035095,0.016632,4.9146
0.036469,0.017242,4.9097
0.035858,0.016632,4.9219
0.034027,0.016785,4.9219
0.032654,0.016327,4.9207
0.028839,0.014954,4.9255
0.026093,0.017853,4.9243
0.023956,0.017242,4.9304
0.021973,0.017548,4.9304
0.022125,0.016785,4.9377
0.025177,0.014954,4.9243
0.02121,0.018463,4.9365
0.023346,0.013123,4.9316
0.022583,0.012207,4.9353
0.02243,0.010681,4.939
0.018921,0.010681,4.9341
0.015106,0.011139,4.9353
0.0086975,0.012207,4.939
0.0047302,0.012817,0.075684
0.002594,0.012817,0.063477
0,0.013275,0.061035
-0.0018311,0.011444,0.057373
-0.00091553,0.0099182,0.059814
0.00076294,0.0083923,0.057373
0.004425,0.0067139,0.056152
0.0074768,0.0053406,0.050049
0.010834,0.0039673,0.056152
0.015106,0.0032043,0.047607
0.017395,0.0027466,0.05127
0.018921,0.002594,0.048828
0.021515,0.0028992,0.050049
0.020142,0,0.045166
0.020447,0.0016785,0.045166
0.019989,0.0021362,0.058594
0.019989,0.0032043,0.039063
0.020294,0.005188,0.05127
0.018311,0.0054932,0.040283
0.019684,0.0048828,0.028076
0.019379,0.0016785,0.032959
0.018311,-0.002594,0.040283
0.019073,-0.0057983,0.037842
0.019226,-0.0056458,0.041504
0.018616,-0.0042725,0.032959
0.01709,-0.00076294,0.042725
0.01358,0.00015259,0.041504
0.010986,0.00061035,0.040283
0.010834,-0.0016785,0.039063
0.011139,-0.0010681,0.05127
0.012665,-0.0015259,0.047607
0.01297,0.00091553,0.05127
0.014343,0.0032043,0.058594
0.012054,0.0036621,0.054932
0.014191,0.002594,0.054932
0.014801,-0.0010681,0.05249
0.013275,-0.0057983,0.067139
0.014343,-0.0088501,0.058594
0.013733,-0.009613,0.047607
0.01297,-0.0079346,0.061035
0.012512,-0.0028992,0.061035
0.012817,0.00030518,0.059814
0.014954,0.004425,0.063477
0.018921,0.0074768,0.059814
0.018311,0.0082397,0.063477
0.02243,0.0083923,0.058594
0.025635,0.0057983,0.068359
0.028687,0.0030518,0.065918
0.028687,0.00015259,0.067139
0.029907,-0.0016785,0.064697
0.029755,-0.002594,0.064697
0.028687,-0.0057983,0.073242
0.026093,-0.0039673,0.061035
0.023956,-0.0036621,0.063477
0.019989,-0.0021362,0.054932
0.017395,-0.0010681,0.042725
0.013885,0.0059509,0.05127
0.01358,0.007019,0.050049
0.013123,0.0067139,0.048828
0.015717,0.005188,0.047607
0.02121,0.0019836,0.042725
0.025787,-0.0012207,0.043945
0.029907,-0.0039673,0.042725
0.032501,-0.0064087,0.046387
0.032806,-0.0073242,0.037842
0.031586,-0.0064087,0.042725
0.029755,-0.0056458,0.041504
0.027008,-0.0032043,0.036621
0.02594,-0.00091553,0.036621
0.024261,0.0010681,0.041504
0.026245,0.0032043,0.039063
0.024261,0.0015259,0.040283
0.027008,0.00015259,0.0354
0.028687,-0.0010681,0.040283
0.030518,-0.0027466,0.037842
0.033264,-0.0047302,0.036621
0.035553,-0.0071716,0.043945
0.035248,-0.010071,0.80933
0.033875,-0.01297,4.6753
0.030365,-0.014648,4.8962
0.026398,-0.014801,4.9182
0.025787,-0.013123,4.9194
0.025482,-0.010681,4.9231
0.029144,-0.0073242,4.9243
0.030823,-0.0039673,4.9329
0.032196,-0.0010681,4.9292
0.033569,-0.00045776,4.9316
0.034485,0,4.9426
0.03479,-0.00076294,4.9255
0.038452,-0.0021362,4.9341
0.040131,-0.0021362,4.9304
0.040436,-0.002594,4.9219
0.039368,-0.002594,4.9292
0.036163,-0.002594,4.9329
0.033264,-0.0030518,4.9341
0.03006,-0.0038147,4.9353
0.029755,-0.005188,4.9329
0.030823,-0.0065613,4.9365
0.033112,-0.007019,4.9329
0.033264,-0.0082397,4.9377
0.034332,-0.0047302,4.9268
0.033875,-0.0039673,4.9304
0.032043,-0.0028992,4.9243
0.030518,-0.0030518,4.9243
0.029297,-0.002594,4.9255
0.027771,-0.00076294,4.9219
0.025177,0.00091553,4.9255
0.021973,0.0035095,4.9207
0.020142,0.004425,4.9292
0.018768,0.0045776,4.9109
0.0177,0.0047302,4.8999
0.017548,0.0047302,4.9158
0.0177,0.0048828,4.9109
0.019684,0.0050354,4.9097
0.02243,0.0061035,4.9109
0.025635,0.0067139,4.9084
0.028229,0.0079346,4.9109
0.028229,0.011139,4.9097
0.027008,0.010223,4.9109
0.026093,0.0088501,4.9084
0.025482,0.0057983,4.9133
0.023804,0.0041199,4.9084
0.021973,0.0015259,4.9097
0.019989,0.00030518,4.9182
0.016785,0,4.9146
0.016174,-0.00045776,4.9243
0.015411,-0.00076294,4.9158
0.016937,-0.002594,4.9109
0.018463,-0.0033569,4.9219
0.019073,-0.0042725,4.9207
0.019379,-0.0056458,4.9243
0.016632,-0.0062561,4.9304
0.014038,-0.0061035,4.9268
0.012207,-0.0056458,4.928
0.012665,-0.0038147,4.9304
0.013275,-0.00091553,4.9341
0.013275,0.0021362,4.9292
0.012512,0.007782,4.9329
0.012207,0.005188,4.9329
0.012665,0.0061035,4.9292
0.014496,0.0061035,4.9316
0.017242,0.0056458,4.9304
0.020142,0.0053406,4.9414
0.021057,0.0057983,4.9353
0.021362,0.005188,4.9451
0.019226,0.0021362,4.9377
0.016632,-0.0018311,4.9207
0.013275,-0.0068665,4.9341
0.010223,-0.0085449,4.9304
0.0083923,-0.010223,-0.3479
0.0080872,-0.0097656,0.056152
0.0088501,-0.0097656,0.05249
0.0076294,-0.0099182,0.05249
0.010376,-0.011292,0.047607
0.010529,-0.013123,0.05127
0.010986,-0.015717,0.048828
0.014496,-0.017548,0.048828
0.0177,-0.016022,0.050049
0.020294,-0.013885,0.047607
0.02243,-0.0093079,0.053711
0.023956,-0.0057983,0.045166
0.024719,-0.002594,0.039063
0.026855,0.00091553,0.041504
0.029144,0.0050354,0.015869
0.031738,0.0086975,0.037842
0.037384,0.01297,0.040283
0.040741,0.015717,0.036621
0.042572,0.014801,0.040283
0.042114,0.01236,0.037842
0.042267,0.0074768,0.042725
0.041046,0.0036621,0.037842
0.040436,0.0022888,0.041504
0.037537,0.0028992,0.039063
0.03479,0.004425,0.042725
0.030823,0.004425,0.041504
0.027924,0.0018311,0.048828
0.025787,-0.0019836,0.050049
0.025177,-0.0054932,0.053711
0.02594,-0.0061035,0.057373
0.027771,-0.0050354,0.056152
0.028381,-0.0016785,0.070801
0.028992,0.0022888,0.059814
0.028839,0.0039673,0.05127
0.028381,0.0050354,0.062256
0.028076,0.0056458,0.061035
0.024719,0.0061035,0.061035
0.022278,0.0083923,0.062256
0.019379,0.010376,0.059814
0.017548,0.011444,0.061035
0.018311,0.01236,0.062256
0.018921,0.011292,0.065918
0.019684,0.0086975,0.061035
0.017548,0.0045776,0.067139
0.022278,0.00076294,0.067139
0.023193,-0.0028992,0.065918
0.024567,-0.0047302,0.061035
0.024719,-0.0038147,0.062256
0.023651,-0.0016785,0.058594
0.022736,0.00091553,0.056152
0.02182,0.0032043,0.048828
0.021667,0.0050354,0.05127
0.022583,0.0048828,0.050049
0.023651,0.0038147,0.046387
0.025177,0.0033569,0.047607
0.025177,0.0035095,0.046387
0.023804,0.0038147,0.043945
0.021667,0.0038147,0.039063
0.026245,0.0019836,0.045166
0.024719,0.0018311,0.039063
0.02594,-0.00030518,0.040283
0.023651,-0.00061035,0.042725
0.020599,0.0012207,0.043945
0.017548,0.005188,0.037842
0.012512,0.0090027,0.042725
0.011292,0.010834,0.05249
0.013123,0.010834,0.040283
0.014038,0.0093079,0.046387
0.015717,0.007782,0.040283
0.017395,0.0062561,0.025635
0.016937,0.0071716,0.037842
0.016479,0.007782,0.041504
0.016479,0.0079346,0.042725
0.018616,0.007019,0.045166
0.017548,0.0071716,0.043945
0.017853,0.0065613,0.048828
0.014954,0.0082397,0.050049
0.011597,0.009613,0.053711
0.007782,0.0093079,0.048828
0.0048828,0.0082397,4.4543
0.0056458,0.0067139,4.8975
0.007782,0.0027466,4.928
0.011139,0.0018311,4.9365
0.012817,0.0024414,4.9316
0.013885,0.0039673,4.9304
0.012817,0.0050354,4.9353
0.011292,0.0053406,4.939
0.010529,0.0030518,4.9304
0.010986,0.0013733,4.9377
0.0085449,0.0010681,4.9341
0.0074768,0.0021362,4.9329
0.0054932,0.0057983,4.9329
0.0038147,0.0082397,4.9377
0.0021362,0.010529,4.9365
0.0024414,0.010529,4.9353
0.0076294,0.0093079,4.9292
0.012512,0.010071,4.9329
0.016937,0.009613,4.9268
0.019531,0.010223,4.9243
0.02121,0.010376,4.9207
0.019226,0.0090027,4.928
0.02121,0.0074768,4.9329
0.020599,0.0032043,4.9219
0.020752,-0.00045776,4.9219
0.020905,-0.002594,4.917
0.019989,-0.0032043,4.9048
0.018768,-0.0024414,4.9146
0.017853,-0.00091553,4.9109
0.018921,-0.00030518,4.9109
0.019531,0.0012207,4.9072
0.021057,0.00061035,4.9011
0.018158,0.00061035,4.9133
0.023041,0.0027466,4.9048
0.021515,0.0050354,4.9097
0.017853,0.0068665,4.9084
0.015717,0.0073242,4.9133
0.014648,0.0042725,4.9133
0.013733,0.0021362,4.9109
0.01358,-0.00061035,4.9084
0.014496,0,4.9146
0.014191,0.0010681,4.9109
0.015564,0.0042725,4.9207
0.015717,0.005188,4.9231
0.015869,0.005188,4.9219
0.018158,0.0041199,4.9097
0.020447,0.0012207,4.9158
0.023041,-0.0012207,4.9207
0.024414,-0.0021362,4.9268
0.025635,-0.0019836,4.9268
0.026245,-0.0016785,4.9268
0.02655,-0.00091553,4.9341
0.028992,-0.0010681,4.9353
0.032501,-0.0010681,4.9329
0.035858,-0.0015259,4.928
0.038147,0.00061035,4.9341
0.039215,0.0035095,4.928
0.040131,0.0062561,4.9353
0.039368,0.0082397,4.9475
0.037994,0.0093079,4.9377
0.037689,0.0093079,4.9365
0.039063,0.0090027,4.9353
0.040894,0.0097656,4.9194
0.040436,0.010986,4.9402
0.037537,0.012665,4.9316
0.032959,0.015106,4.9304
0.028992,0.015106,4.9292
0.027313,0.015869,4.9231
0.027466,0.014648,4.9255
0.026245,0.014038,4.9231
0.028229,0.014191,4.9231
0.02594,0.014496,0.045166
0.024414,0.013885,0.048828
0.022888,0.012817,0.040283
0.023956,0.010223,0.048828
0.027161,0.0093079,0.048828
0.030518,0.009613,0.043945
0.032043,0.011444,0.047607
0.033417,0.014496,0.041504
0.033264,0.017395,0.046387
0.032806,0.018921,0.040283
0.033569,0.020447,0.031738
0.033417,0.020752,0.040283
0.030975,0.019226,0.039063
0.030823,0.017853,0.042725
0.029144,0.016327,0.039063
0.027924,0.01297,0.036621
0.026245,0.010986,0.041504
0.025482,0.0067139,0.036621
0.024567,0.0035095,0.042725
0.024719,0.00015259,0.043945
0.025024,-0.0018311,0.046387
0.024719,-0.0035095,0.05127
0.023651,-0.0028992,0.05127
0.021973,-0.0012207,0.063477
0.020599,-0.00015259,0.05249
0.017242,0.00015259,0.065918
0.019073,-0.00061035,0.058594
0.020752,-0.0013733,0.05249
0.024261,0,0.061035
0.027618,0.0010681,0.059814
0.030518,0.0068665,0.058594
0.032349,0.0094604,0.061035
0.033264,0.0088501,0.059814
0.034485,0.0067139,0.062256
0.035706,0.0048828,0.058594
0.035706,-0.00030518,0.058594
0.033569,-0.0015259,0.041504
0.028534,-0.0019836,0.065918
0.023651,0.00015259,0.068359
0.0177,0,0.06958
0.013275,-0.0022888,0.064697
0.010834,-0.0074768,0.064697
0.0083923,-0.015717,0.067139
0.010986,-0.018311,0.058594
0.010529,-0.019836,0.067139
0.0088501,-0.020142,0.050049
0.0056458,-0.018158,0.05249
0.0068665,-0.014801,0.048828
0.010223,-0.011139,0.048828
0.014343,-0.0059509,0.043945
0.017548,-0.0024414,0.046387
0.019531,0.0012207,0.040283
0.019684,0.0041199,0.047607
0.023041,0.0073242,0.042725
0.02655,0.0086975,0.042725
0.030975,0.0088501,0.039063
0.036316,0.0071716,0.03418
0.04425,0.0041199,0.037842
0.042419,-0.00030518,0.042725
0.041046,-0.0045776,0.05127
0.037689,-0.0045776,0.039063
0.034485,-0.004425,0.037842
0.031128,-0.0038147,0.040283
0.030518,-0.0047302,0.023193
0.029449,-0.0074768,0.036621
0.028229,-0.010681,0.041504
0.024872,-0.013885,0.036621
0.022125,-0.015259,0.041504
0.020294,-0.014343,0.041504
0.019684,-0.012054,0.046387
0.020447,-0.0097656,0.046387
0.020752,-0.0082397,0.054932
0.02121,-0.0079346,0.05249
0.019226,-0.0094604,0.058594
0.020142,-0.009613,0.057373
0.014648,-0.0083923,0.062256
0.013733,-0.0065613,0.061035
0.011749,-0.0033569,0.062256
0.015259,-0.0027466,0.6665
0.015564,-0.0039673,4.6863
0.017548,-0.0041199,4.9207
0.018768,-0.0062561,4.9255
0.019379,-0.0057983,4.9207
0.019531,-0.0042725,4.9316
0.020599,-0.0045776,4.9341
0.020142,-0.0042725,4.9304
0.019684,-0.0054932,4.939
0.019531,-0.0074768,4.9329
0.018158,-0.0082397,4.9329
0.015717,-0.0065613,4.9329
0.014954,-0.0035095,4.9316
0.013275,-0.0018311,4.9255
0.013123,-0.0019836,4.928
0.013885,-0.0041199,4.9243
0.017395,-0.0085449,4.928
0.020599,-0.011902,4.928
0.023346,-0.014343,4.9231
0.023499,-0.01297,4.9158
0.021973,-0.012054,4.9219
0.019684,-0.0097656,4.9072
0.016937,-0.0071716,4.9158
0.014801,-0.0050354,4.9121
0.013885,-0.0036621,4.9109
0.012665,-0.0016785,4.9146
0.012665,0.00045776,4.9121
0.011749,0.002594,4.9072
0.012817,0.0045776,4.9072
0.015259,0.0090027,4.9121
0.018921,0.010071,4.9072
0.021667,0.0085449,4.9133
0.023956,0.0047302,4.9097
0.024567,0.00061035,4.9121
0.021667,-0.0022888,4.906
0.018311,-0.00045776,4.9121
0.016785,0.0033569,4.9231
0.015869,0.0073242,4.9158
0.017242,0.0080872,4.9231
0.017395,0.0064087,4.9194
0.016632,0.0039673,4.9011
0.017242,0.0019836,4.9194
0.016174,0.0041199,4.928
0.01709,0.0090027,4.9292
0.019531,0.01297,4.928
0.022583,0.015869,4.9243
0.024872,0.013123,4.9329
0.02533,0.011292,4.9316
0.02243,0.010681,4.9341
0.018005,0.0093079,4.928
0.01297,0.0093079,4.9329
0.0085449,0.0085449,4.9316
0.0068665,0.0083923,4.9329
0.0054932,0.0054932,4.939
0.0048828,0.0053406,4.9353
0.007019,0.0036621,4.9377
0.0057983,0.0022888,4.9377
0.0059509,0.002594,4.9426
0.0061035,0.0032043,4.9341
0.007019,0.0053406,4.928
0.011139,0.0067139,4.9316
0.0099182,0.0057983,4.9255
0.010986,0.0045776,4.9268
0.012512,0.002594,4.928
0.014038,0.0028992,4.9207
0.015869,0.0036621,4.9219
0.017853,0.0057983,4.9194
0.021362,0.0085449,4.9207
0.024414,0.0083923,4.9182
0.026093,0.0068665,4.9207
0.026703,0.0056458,4.9158
0.026398,0.004425,4.9158
0.02655,0.0045776,0.053711
0.02655,0.005188,0.042725
0.02594,0.0067139,0.043945
0.024414,0.0067139,0.040283
0.024261,0.005188,0.031738
0.02243,0.0042725,0.039063
0.02182,0.0028992,0.037842
0.021057,0.0012207,0.037842
0.019379,0.0010681,0.041504
0.018921,-0.00061035,0.036621
0.018158,-0.0022888,0.040283
0.020599,-0.0048828,0.042725
0.020905,-0.0054932,0.042725
0.023041,-0.0057983,0.037842
0.024261,-0.004425,0.046387
0.024414,-0.0021362,0.05249
0.023499,-0.00015259,0.05127
0.021973,0.0021362,0.056152
0.022736,0.004425,0.057373
0.024261,0.0064087,0.057373
0.026855,0.0083923,0.057373
0.028381,0.0097656,0.064697
0.028229,0.0093079,0.059814
0.029144,0.0083923,0.067139
0.03006,0.0076294,0.057373
0.031586,0.0056458,0.064697
0.031281,0.0048828,0.062256
0.031128,0.0038147,0.061035
0.029907,0.0032043,0.062256
0.027618,0.0013733,0.064697
0.025482,0.00045776,0.063477
0.024261,0.00061035,0.064697
0.022583,0.00030518,0.065918
0.020905,0.00030518,0.070801
0.017853,0.0013733,0.065918
0.015869,0.0015259,0.064697
0.016022,0.00091553,0.075684
0.018311,0.0012207,0.059814
0.02182,0.0019836,0.061035
0.023651,0.0039673,0.056152
0.025635,0.0053406,0.036621
0.025787,0.0071716,0.048828
0.025024,0.0079346,0.047607
0.025635,0.0062561,0.047607
0.024109,0.0062561,0.043945
0.023193,0.0073242,0.041504
0.022888,0.010529,0.043945
0.023041,0.013428,0.042725
0.024261,0.01358,0.043945
0.026245,0.011597,0.037842
0.028229,0.0080872,0.043945
0.029449,0.0047302,0.040283
0.028229,0.0027466,0.041504
0.026245,0.0021362,0.042725
0.023804,0.0010681,0.039063
0.021667,-0.00061035,0.03418
0.017548,-0.0061035,0.040283
0.017853,-0.0073242,0.037842
0.016785,-0.0091553,0.037842
0.015411,-0.0097656,0.036621
0.016022,-0.0071716,0.040283
0.018005,-0.0035095,0.041504
0.019379,-0.0010681,0.042725
0.023651,-0.00045776,0.046387
0.025177,-0.0016785,0.046387
0.027313,-0.0041199,0.05127
0.028381,-0.0045776,0.05127
0.029297,-0.0022888,0.057373
0.026703,0.00030518,0.053711
0.029297,0.00076294,0.058594
0.027313,0.00045776,0.061035
0.025787,-0.0024414,0.062256
0.025024,-0.0036621,0.072021
0.024261,-0.0047302,0.064697
0.019836,-0.0032043,0.067139
0.023651,-0.0036621,0.062256
0.023651,-0.0057983,0.053711
0.024414,-0.0099182,0.058594
0.026398,-0.014496,4.2322
0.028839,-0.016022,4.8865
0.029755,-0.014648,4.9292
0.030365,-0.011444,4.9329
0.03067,-0.0073242,4.928
0.03006,-0.0045776,4.9329
0.03006,-0.0038147,4.9353
0.028229,-0.0041199,4.9255
0.027466,-0.0045776,4.9304
0.027618,-0.0047302,4.9231
0.028229,-0.0047302,4.9255
0.028992,-0.0053406,4.9207
0.029755,-0.0067139,4.9207
0.031891,-0.0057983,4.9268
0.033264,-0.0091553,4.9243
0.033112,-0.0068665,4.9268
0.032349,-0.0027466,4.917
0.030823,0.0021362,4.9097
0.029297,0.0035095,4.9133
0.028534,0.005188,4.9182
0.028076,0.0041199,4.9121
0.026703,0.0019836,4.9109
0.027924,0.00091553,4.9072
0.029297,-0.0016785,4.9109
0.03006,-0.0035095,4.9097
0.029602,-0.0045776,4.9121
0.03006,-0.0054932,4.9048
0.03067,-0.0045776,4.9133
0.028687,-0.0027466,4.9097
0.028229,-0.002594,4.9109
0.024719,-0.0032043,4.9231
0.019531,-0.0061035,4.9133
0.014496,-0.007782,4.9146
0.0099182,-0.0076294,4.9158
0.0099182,-0.0059509,4.9072
0.010834,-0.0059509,4.9207
0.0097656,-0.0032043,4.9084
0.0099182,-0.0028992,4.9268
0.0099182,-0.0028992,4.9255
0.009613,-0.0036621,4.9255
0.0091553,-0.0056458,4.9316
0.0090027,-0.00045776,4.9304
0.0067139,0.0038147,4.9353
0.0090027,0.0039673,4.9292
0.0088501,0.004425,4.9341
0.010834,0.0032043,4.9304
0.011139,0.0015259,4.9341
0.010376,0.0021362,4.9329
0.011597,0.0030518,4.9365
0.014801,0.0048828,4.9402
0.015717,0.0062561,4.9377
0.017242,0.0056458,4.9475
0.0177,0.0061035,4.9365
0.0177,0.0061035,4.9243
0.016632,0.0061035,4.9329
0.015411,0.0061035,4.928
0.013885,0.0061035,4.9268
0.012817,0.002594,4.928
0.013733,0.0048828,4.9231
0.01358,0.0039673,4.9231
0.015411,0.0036621,4.9182
0.016174,0.0028992,4.9207
0.012512,0.0033569,4.917
0.013275,0.0024414,4.917
0.011139,0.005188,4.9207
0.0073242,0.0038147,4.9194
0.0059509,0.0061035,4.9194
0.0050354,0.0094604,4.9158
0.004425,0.011597,4.9109
0.004425,0.012054,4.9121
0.0028992,0.0097656,4.8999
0.0024414,0.0076294,0.041504
0.0021362,0.0054932,0.039063
0.0016785,0.005188,0.036621
0.0024414,0.0068665,0.042725
0.0032043,0.0086975,0.039063
0.0041199,0.0099182,0.037842
0.0038147,0.0085449,0.041504
0.0047302,0.0094604,0.043945
0.0047302,0.011139,0.039063
0.0038147,0.010071,0.043945
0.0039673,0.0094604,0.048828
0.0041199,0.0085449,0.05127
0.0054932,0.0071716,0.050049
0.0054932,0.0057983,0.056152
0.0054932,0.0050354,0.059814
0.0056458,0.0059509,0.057373
0.0053406,0.0073242,0.06958
0.0045776,0.0094604,0.061035
0.0056458,0.011444,0.046387
0.0079346,0.013733,0.058594
0.011749,0.014496,0.063477
0.013733,0.016327,0.062256
0.0177,0.017548,0.061035
0.0177,0.018463,0.058594
0.0177,0.017242,0.064697
0.017853,0.01709,0.061035
0.018158,0.018005,0.067139
0.019379,0.019989,0.063477
0.020447,0.02655,0.06958
0.020599,0.021362,0.064697
0.019531,0.019073,0.064697
0.018768,0.014038,0.079346
0.017395,0.0099182,0.062256
0.018311,0.0067139,0.054932
0.019226,0.0061035,0.056152
0.020752,0.0053406,0.040283
0.019684,0.0050354,0.05127
0.018768,0.0045776,0.05249
0.016022,0.0036621,0.046387
0.013275,0.0018311,0.047607
0.010529,0.00091553,0.046387
0.010376,0.00015259,0.045166
0.011597,-0.00076294,0.042725
0.013733,0.0010681,0.043945
0.016785,0.0010681,0.037842
0.019989,0.0022888,0.041504
0.021973,0.0022888,0.039063
0.023804,0.0012207,0.039063
0.024719,0.00030518,0.041504
0.024414,0.00061035,0.041504
0.023956,0.0021362,0.048828
0.022888,0.0045776,0.040283
0.021973,0.0071716,0.050049
0.020905,0.0080872,0.037842
0.021057,0.0061035,0.030518
0.021515,0.0028992,0.042725
0.023804,0,0.041504
0.025024,-0.0021362,0.041504
0.027466,-0.0019836,0.046387
0.029449,-0.0018311,0.045166
0.031586,-0.0015259,0.056152
0.032501,-0.00045776,0.056152
0.033112,0,0.061035
0.031281,-0.0013733,0.053711
0.030365,-0.00015259,0.061035
0.028687,0.0012207,0.063477
0.027313,0.0021362,0.061035
0.025482,0.0028992,0.068359
0.023956,0.0036621,0.062256
0.021973,0.0047302,0.064697
0.020599,0.0045776,0.061035
0.02121,0.0035095,0.067139
0.022125,0.0016785,0.062256
0.02182,0.0013733,0.054932
0.024261,0.00061035,0.059814
0.024261,0.0032043,0.067139
0.023956,0.0027466,0.064697
0.023499,0.0032043,0.065918
0.02243,0.0024414,1.9238
0.02243,0.00030518,4.7546
0.021515,-0.00076294,4.9158
0.02182,-0.0013733,4.9268
0.02121,0,4.9231
0.02121,0.0021362,4.9255
0.02121,0.0032043,4.9194
0.023804,0.0030518,4.9219
0.02655,0.002594,4.9304
0.028839,0.0010681,4.917
0.031586,-0.0016785,4.9158
0.031738,-0.0024414,4.9182
0.031891,-0.0039673,4.8962
0.030518,-0.0035095,4.9146
0.029602,-0.004425,4.9109
0.028839,-0.0045776,4.9097
0.027924,-0.0050354,4.9109
0.026855,-0.0062561,4.9084
0.025787,-0.0068665,4.9072
0.023956,-0.0064087,4.9109
0.022888,-0.0068665,4.9097
0.022278,-0.0073242,4.906
0.020905,-0.0071716,4.9121
0.021667,-0.0071716,4.9097
0.022736,-0.0059509,4.9133
0.022583,-0.0047302,4.9109
0.023346,-0.0015259,4.9146
0.023956,-0.0015259,4.9109
0.025024,-0.00045776,4.9207
0.025024,-0.00015259,4.9219
0.026855,-0.00030518,4.9207
0.029449,-0.00030518,4.9207
0.031128,0.0010681,4.917
0.031281,-0.0013733,4.9304
0.030823,-0.0016785,4.9255
0.028229,-0.0038147,4.928
0.026398,-0.0067139,4.928
0.024109,-0.0088501,4.9329
0.02243,-0.0093079,4.928
0.021515,-0.0080872,4.9329
0.020142,-0.0080872,4.9268
0.022125,-0.0086975,4.9329
0.019226,-0.011292,4.9304
0.019684,-0.014954,4.9353
0.021057,-0.016632,4.9451
0.02243,-0.016022,4.9402
0.023651,-0.014648,4.939
0.021515,-0.010986,4.9341
0.024872,-0.0079346,4.9255
0.024261,-0.0061035,4.9304
0.024109,-0.0042725,4.9133
0.025482,-0.002594,4.9255
0.026093,-0.00045776,4.9243
0.028229,0.0022888,4.9231
0.028687,0.004425,4.9207
0.030365,0.0045776,4.9182
0.030365,0.0035095,4.9231
0.031891,0.00015259,4.9097
0.03418,-0.00076294,4.917
0.035248,0.00015259,4.9158
0.037079,0.0015259,4.9182
0.035706,0.0028992,4.9158
0.033569,0.0035095,4.9182
0.032501,0.0036621,4.9133
0.02594,0.0035095,4.9109
0.029755,0.0036621,4.9158
0.028992,0.0047302,4.9109
0.025482,0.0065613,4.9109
0.027161,0.0059509,4.9097
0.025024,0.0053406,4.9084
0.024719,0.0035095,4.9109
0.023193,0.0038147,4.9084
0.023041,0.0032043,0.037842
0.022278,0.0042725,0.042725
0.021362,0.004425,0.03418
0.016785,0.0027466,0.047607
0.013428,0.0024414,0.046387
0.0097656,0.0030518,0.054932
0.0074768,0.0019836,0.05249
0.0053406,0.0022888,0.057373
0.0064087,-0.0013733,0.068359
0.0065613,-0.00030518,0.059814
0.0091553,-0.00091553,0.063477
0.010681,-0.0035095,0.061035
0.012512,-0.0039673,0.050049
0.014648,-0.0036621,0.059814
0.016174,-0.0021362,0.062256
0.016937,-0.0021362,0.062256
0.0177,-0.00030518,0.058594
0.017242,-0.00030518,0.057373
0.015869,-0.0024414,0.064697
0.014801,-0.0016785,0.062256
0.014801,0.0013733,0.070801
0.014801,0.005188,0.059814
0.014801,0.007782,0.067139
0.0177,0.0093079,0.067139
0.018311,0.0067139,0.064697
0.019836,0.0041199,0.065918
0.019989,0.0030518,0.054932
0.019531,0.0041199,0.056152
0.019226,0.0054932,0.056152
0.018005,0.0082397,0.067139
0.016479,0.0073242,0.05127
0.013275,0.004425,0.056152
0.0091553,0.0032043,0.047607
0.0082397,0.0022888,0.042725
0.007019,0.0045776,0.043945
0.0067139,0.0082397,0.045166
0.0053406,0.0090027,0.042725
0.0027466,0.0079346,0.042725
0.0036621,0.0053406,0.039063
0.0033569,0.0036621,0.042725
0.0022888,0.0038147,0.040283
0.0027466,0.0042725,0.041504
0.0027466,0.0059509,0.041504
0.0028992,0.005188,0.039063
0.0036621,0.0047302,0.046387
0.0028992,0.005188,0.041504
0.0045776,0.0013733,0.048828
0.0054932,0.0022888,0.037842
0.0080872,0.0030518,0.031738
0.010834,0.0054932,0.043945
0.01297,0.0085449,0.042725
0.014191,0.0097656,0.045166
0.015717,0.0099182,0.040283
0.014648,0.0088501,0.047607
0.01358,0.0085449,0.05249
0.01297,0.0027466,0.05249
0.013123,-0.00015259,0.058594
0.011902,-0.0010681,0.056152
0.01358,-0.0019836,0.061035
0.013123,-0.0027466,0.062256
0.013885,-0.002594,0.063477
0.013885,-0.0042725,0.061035
0.015106,-0.0048828,0.064697
0.015259,-0.0041199,0.065918
0.016785,-0.0016785,0.058594
0.019531,0.0024414,0.072021
0.021057,0.0065613,0.062256
0.021515,0.010834,0.048828
0.021667,0.01297,0.062256
0.020752,0.011749,0.067139
0.018311,0.0086975,0.064697
0.018616,0.0056458,0.065918
0.018463,0.0033569,0.059814
0.019531,0.0032043,0.061035
0.020294,0.0018311,0.054932
0.021515,0.0030518,0.057373
0.020447,0.0022888,0.05127
0.021515,-0.00076294,0.05249
0.02243,-0.0021362,3.1519
0.023193,-0.004425,4.8145
0.023499,-0.0056458,4.9146
0.022278,-0.0064087,4.9219
0.020142,-0.0071716,4.9109
0.018768,-0.0091553,4.917
0.016327,-0.010681,4.8987
0.016022,-0.011749,4.9109
0.015564,-0.011139,4.9109
0.016785,-0.0090027,4.9109
0.018005,-0.0057983,4.9097
0.019379,-0.0028992,4.906
0.021515,-0.0015259,4.9084
0.022125,-0.00091553,4.906
0.023956,-0.0028992,4.906
0.027008,0.00030518,4.9048
0.029602,0.0019836,4.9109
0.031586,0.0030518,4.9109
0.033264,0.0027466,4.9146
0.034332,0.00045776,4.9133
0.034027,-0.0035095,4.9036
0.033112,-0.007782,4.9243
0.030975,-0.009613,4.9158
0.029907,-0.010223,4.928
0.027924,-0.0094604,4.9219
0.027161,-0.0079346,4.9146
0.026703,-0.0039673,4.9268
0.025482,-0.0050354,4.9255
0.024261,-0.0086975,4.928
0.024567,-0.0057983,4.9292
0.02594,-0.0048828,4.928
0.028381,-0.0035095,4.9316
0.029144,-0.00030518,4.928
0.03006,0.0024414,4.9292
0.029755,0.0041199,4.928
0.028534,0.0056458,4.9304
0.02655,0.0054932,4.9365
0.026245,0.0053406,4.9353
0.026398,0.005188,4.9402
0.026703,0.0050354,4.9377
0.027466,0.0050354,4.9353
0.02655,0.0041199,4.9341
0.026855,0.0041199,4.9426
0.025787,0.0028992,4.9341
0.025482,0.0016785,4.9365
0.02594,0,4.9255
0.024872,-0.0018311,4.9158
0.024109,-0.0042725,4.9255
0.021973,-0.0061035,4.9207
0.020294,-0.0079346,4.9182
0.017853,-0.0086975,4.9219
0.016937,-0.0088501,4.9133
0.018005,-0.0091553,4.9182
0.020905,-0.0085449,4.9158
0.023651,-0.0071716,4.917
0.02533,-0.007782,4.9109
0.02594,-0.0073242,4.9133
0.025177,-0.0059509,4.9268
0.023499,-0.0048828,4.9109
0.024414,-0.0041199,4.9194
0.02533,-0.0048828,4.9109
0.026093,-0.0073242,4.8962
0.025177,-0.0094604,4.906
0.022125,-0.011139,4.9109
0.019531,-0.011902,4.9097
0.016632,-0.012817,4.906
0.01358,-0.014801,4.9072
0.01297,-0.016174,4.9146
0.012054,-0.016479,4.9109
0.010834,-0.017548,4.917
0.010681,-0.017242,4.9121
0.01236,-0.014648,4.9207
0.015259,-0.01297,4.9207
0.018311,-0.010223,0.048828
0.021515,-0.0090027,0.062256
0.02655,-0.0073242,0.059814
0.03006,-0.005188,0.059814
0.032196,-0.0015259,0.061035
0.034332,0.0016785,0.06958
0.034637,0.0032043,0.059814
0.03418,0.0024414,0.059814
0.034485,0.0019836,0.062256
0.035248,-0.0012207,0.059814
0.036469,-0.0048828,0.062256
0.036621,-0.0076294,0.064697
0.034332,-0.010223,0.059814
0.030975,-0.010071,0.064697
0.026855,-0.010376,0.064697
0.018921,-0.011139,0.070801
0.019531,-0.010376,0.064697
0.017395,-0.0093079,0.065918
0.016632,-0.0090027,0.062256
0.015259,-0.0099182,0.062256
0.015106,-0.012817,0.06958
0.014496,-0.016327,0.058594
0.014954,-0.019226,0.057373
0.016022,-0.02121,0.05127
0.018311,-0.020599,0.037842
0.019684,-0.017395,0.050049
0.019226,-0.011749,0.043945
0.018005,-0.0054932,0.043945
0.016632,-0.00091553,0.045166
0.015717,0.00015259,0.042725
0.01358,0.0050354,0.043945
0.016327,0.0079346,0.040283
0.017853,0.0097656,0.041504
0.019836,0.010681,0.037842
0.021057,0.0094604,0.042725
0.023804,0.0071716,0.040283
0.023346,0.0038147,0.042725
0.024719,0,0.037842
0.024109,-0.0027466,0.042725
0.02243,-0.0039673,0.037842
0.022888,-0.0041199,0.041504
0.023041,-0.0015259,0.042725
0.023041,0.00076294,0.039063
0.021973,0.0042725,0.0354
0.024567,0.0068665,0.042725
0.019684,0.0086975,0.045166
0.016632,0.010071,0.047607
0.010681,0.010834,0.05127
0.005188,0.011749,0.05127
-0.00061035,0.010376,0.057373
-0.0030518,0.0080872,0.054932
-0.0050354,0.0022888,0.057373
-0.0036621,-0.0064087,0.058594
0,-0.014343,0.062256
0.0047302,-0.019379,0.058594
0.0079346,-0.019531,0.064697
0.010376,-0.01358,0.075684
0.010834,-0.0079346,0.062256
0.010071,0.0038147,0.064697
0.0088501,0.01297,0.062256
0.0050354,0.019684,0.050049
0.0045776,0.024719,0.063477
0.0050354,0.028534,0.064697
0.007019,0.030365,0.065918
0.010681,0.03067,0.062256
0.016479,0.027313,0.057373
0.022888,0.020447,0.065918
0.030212,0.013123,0.059814
0.035706,0.0083923,0.058594
0.037384,0.0024414,0.054932
0.03479,0.00076294,0.056152
0.028534,0.0030518,0.05249
0.01709,0.0053406,0.05249
0.0068665,0.0085449,0.050049
-0.0018311,0.0091553,0.047607
-0.0041199,0.0076294,0.056152
-0.0053406,0.0050354,0.047607
-0.0032043,0.0033569,1.5515
-0.00061035,0.0035095,4.7119
0.0028992,0.0053406,4.8828
0.0048828,0.0083923,4.9097
0.0065613,0.011597,4.9084
0.0086975,0.014191,4.9084
0.0083923,0.016174,4.9097
0.0067139,0.016022,4.9097
0.0024414,0.015259,4.9146
-0.0018311,0.015411,4.9023
-0.0080872,0.011444,4.9097
-0.0086975,0.0064087,4.9084
-0.007019,0.0013733,4.9084
-0.0028992,-0.0019836,4.9097
0.0033569,-0.0076294,4.9133
0.0091553,0.00030518,4.9194
0.011902,0.0039673,4.917
0.013123,0.0090027,4.9207
0.015106,0.010681,4.9207
0.014343,0.014038,4.9109
0.016479,0.014496,4.9292
0.020142,0.014801,4.9158
0.023193,0.014954,4.9255
0.025177,0.016479,4.9316
0.026398,0.01709,4.9194
0.027008,0.011902,4.9316
0.027008,0.012207,4.9304
0.029602,0.0074768,4.9353
0.031281,0.0045776,4.9304
0.030823,0.0030518,4.9329
0.030365,0.0021362,4.9316
0.025787,-0.00061035,4.9353
0.021362,-0.0021362,4.9304
0.018616,-0.0035095,4.9353
0.016632,-0.005188,4.9207
0.016022,-0.0062561,4.939
0.016174,-0.0056458,4.9402
0.015564,-0.0054932,4.9377
0.01358,-0.0033569,4.9158
0.01236,-0.0021362,4.9292
0.010834,-0.0012207,4.9243
0.010071,0.0010681,4.9255
0.011749,0.0013733,4.9255
0.015717,0.00091553,4.9207
0.018921,-0.0010681,4.9231
0.022583,-0.0021362,4.9158
0.023956,-0.0018311,4.9194
0.025635,0,4.9121
0.028229,0.0036621,4.9182
0.031586,0.0061035,4.9158
0.034637,0.0086975,4.9207
0.035553,0.0088501,4.9194
0.0354,0.007019,4.9133
0.034027,0.007782,4.906
0.031586,0.0068665,4.9133
0.030365,0.0045776,4.8987
0.029907,0.0015259,4.9097
0.030823,-0.0021362,4.9109
0.032196,-0.0059509,4.9097
0.032349,-0.0079346,4.9084
0.031586,-0.0083923,4.9048
0.028687,-0.0071716,4.9084
0.02594,-0.0056458,4.906
0.024414,-0.0050354,4.9109
0.024261,-0.004425,4.9109
0.024414,-0.0050354,4.9207
0.025482,-0.0053406,4.917
0.027618,-0.0057983,4.9207
0.027924,-0.0050354,4.9243
0.027924,-0.0041199,4.9255
0.029297,-0.0045776,4.9316
0.031128,-0.005188,4.9304
0.033112,-0.0061035,4.9402
0.033112,-0.0059509,4.917
0.032043,-0.005188,0.05127
0.028839,-0.002594,0.062256
0.024567,0.00045776,0.062256
0.02121,0.0028992,0.059814
0.020447,0.0053406,0.061035
0.022583,0.007019,0.059814
0.026703,0.0079346,0.063477
0.030823,0.010681,0.062256
0.032654,0.012207,0.070801
0.033875,0.013123,0.065918
0.034027,0.011749,0.06958
0.033722,0.0079346,0.065918
0.034332,0.0032043,0.065918
0.033569,-0.0015259,0.067139
0.033417,-0.0048828,0.058594
0.03067,-0.0068665,0.056152
0.028076,-0.0074768,0.056152
0.024261,-0.0054932,0.053711
0.02182,-0.0036621,0.050049
0.021973,-0.0010681,0.043945
0.024261,0.00045776,0.043945
0.030518,0.0016785,0.046387
0.030365,0.0024414,0.043945
0.031281,0.005188,0.045166
0.031433,0.0035095,0.040283
0.03006,0.0015259,0.042725
0.030365,-0.00015259,0.039063
0.030212,-0.0047302,0.039063
0.031738,-0.0080872,0.041504
0.031433,-0.010529,0.041504
0.029297,-0.010986,0.037842
0.02594,-0.0088501,0.041504
0.022278,-0.0073242,0.054932
0.020294,-0.0064087,0.037842
0.020294,-0.0057983,0.050049
0.021515,-0.0073242,0.039063
0.023041,-0.0062561,0.024414
0.02182,-0.0059509,0.041504
0.022583,-0.0042725,0.043945
0.020599,-0.004425,0.046387
0.020599,-0.0047302,0.047607
0.020905,-0.0057983,0.047607
0.022583,-0.0074768,0.053711
0.024261,-0.0073242,0.05249
0.026703,-0.004425,0.062256
0.026855,0.00030518,0.057373
0.026245,0.0027466,0.064697
0.024109,0.0056458,0.061035
0.023346,0.0071716,0.063477
0.023804,0.0057983,0.072021
0.02655,0.0033569,0.062256
0.028687,0.00061035,0.056152
0.030518,-0.0018311,0.064697
0.030365,-0.0015259,0.073242
0.028992,-0.00076294,0.062256
0.029755,-0.0019836,0.046387
0.030212,-0.0028992,0.065918
0.032806,-0.0067139,0.058594
0.033264,-0.010529,0.059814
0.034332,-0.014801,0.068359
0.025482,-0.016479,0.058594
0.028839,-0.015411,0.059814
0.025024,-0.013275,0.056152
0.02121,-0.010223,0.053711
0.019379,-0.0086975,0.05127
0.020447,-0.0064087,0.05249
0.02121,-0.0080872,0.05127
0.021515,-0.007782,0.05127
0.021973,-0.0045776,0.058594
0.02243,-0.00030518,0.047607
0.024261,0.0032043,0.053711
0.025482,0.0064087,0.043945
0.027924,0.0080872,0.030518
0.029449,0.0091553,0.042725
0.028534,0.0079346,0.037842
0.025635,0.0067139,0.037842
0.022125,0.0071716,3.1702
0.018463,0.0059509,4.8035
0.015869,0.0035095,4.895
0.014496,0.00045776,4.9036
0.012054,-0.002594,4.9084
0.015106,-0.0054932,4.906
0.015717,-0.0033569,4.9109
0.015564,-0.0079346,4.9097
0.015106,-0.0083923,4.9146
0.014496,-0.0083923,4.9109
0.014648,-0.009613,4.9146
0.013275,-0.010834,4.9133
0.01236,-0.012665,4.9158
0.013123,-0.013733,4.9255
0.0088501,-0.014496,4.9231
0.0083923,-0.014343,4.9182
0.0082397,-0.012512,4.9231
0.0091553,-0.010376,4.9329
0.011749,-0.0082397,4.9304
0.013123,-0.007019,4.9292
0.014648,-0.0057983,4.9268
0.015259,-0.0067139,4.9329
0.013733,-0.0028992,4.9316
0.013123,0.00015259,4.9353
0.012054,0.0019836,4.928
0.013428,0.002594,4.9353
0.017548,0.0033569,4.9316
0.014648,0.0039673,4.9353
0.015411,0.002594,4.9475
0.014191,0.0041199,4.9365
0.014801,0.0054932,4.9329
0.015564,0.007019,4.9353
0.018311,0.007019,4.9207
0.022125,0.0022888,4.9268
0.025482,0.0035095,4.928
0.027466,0.00076294,4.9268
0.028381,-0.0027466,4.9255
0.027924,-0.0021362,4.9219
0.026398,-0.0015259,4.9219
0.023804,-0.00061035,4.9194
0.022125,0.0018311,4.9084
0.019379,0.00045776,4.9158
0.01709,-0.0013733,4.9158
0.013275,-0.0016785,4.9146
0.009613,-0.0018311,4.9194
0.0071716,-0.0012207,4.9133
0.007019,-0.0015259,4.9146
0.007782,-0.0010681,4.9182
0.0086975,-0.0021362,4.9133
0.013275,-0.0035095,4.9182
0.014954,-0.0036621,4.8975
0.014343,-0.0027466,4.906
0.016022,0.00061035,4.9097
0.015717,0.0047302,4.9097
0.015259,0.0076294,4.9072
0.015411,0.0094604,4.9121
0.015717,0.0082397,4.9133
0.016937,0.0054932,4.9109
0.018311,0.0045776,4.9084
0.020294,0.0053406,4.9194
0.022888,0.0074768,4.9158
0.024719,0.0082397,4.9231
0.029449,0.010834,4.9219
0.033112,0.0085449,4.9243
0.036163,0.0048828,4.9377
0.037079,0.0015259,4.9292
0.036163,0.00015259,4.9341
0.032806,0.0028992,4.9316
0.029297,0.0079346,4.9268
0.026703,0.011444,4.9329
0.02533,0.011292,4.9304
0.026093,0.0074768,4.928
0.023346,0.00061035,4.9304
0.022278,-0.0053406,4.9316
0.020599,-0.0094604,0.062256
0.019989,-0.0090027,0.062256
0.019531,-0.007782,0.068359
0.020142,-0.005188,0.064697
0.020752,-0.0039673,0.067139
0.020752,-0.0061035,0.067139
0.019531,-0.0080872,0.067139
0.017395,-0.0079346,0.061035
0.016632,-0.0059509,0.059814
0.014038,-0.00076294,0.065918
0.015564,0.0047302,0.056152
0.018311,0.0085449,0.062256
0.023651,0.010529,0.048828
0.027924,0.010223,0.046387
0.031738,0.0091553,0.047607
0.03418,0.0074768,0.047607
0.036011,0.0067139,0.047607
0.038147,0.0062561,0.046387
0.037842,0.0053406,0.037842
0.042267,0.0068665,0.037842
0.041809,0.0028992,0.040283
0.040588,0.0013733,0.042725
0.036469,-0.0016785,0.037842
0.036621,-0.0041199,0.043945
0.035248,-0.0053406,0.037842
0.033875,-0.0039673,0.042725
0.032654,-0.0035095,0.05249
0.031891,-0.004425,0.042725
0.029907,-0.0067139,0.040283
0.029449,-0.011749,0.036621
0.028381,-0.014954,0.023193
0.027161,-0.015564,0.039063
0.027008,-0.012207,0.043945
0.02594,-0.0056458,0.043945
0.025024,-0.0012207,0.046387
0.024261,0.0022888,0.047607
0.023346,0.002594,0.05249
0.021362,0.0012207,0.053711
0.022125,0.00045776,0.054932
0.02182,0.0032043,0.053711
0.023651,0.0062561,0.064697
0.024414,0.0082397,0.059814
0.025177,0.0071716,0.064697
0.026245,0.0048828,0.064697
0.02533,0.0022888,0.062256
0.027924,0.0016785,0.062256
0.028534,0.0036621,0.067139
0.028687,0.0062561,0.073242
0.027924,0.007782,0.061035
0.026703,0.0056458,0.053711
0.024872,0.0013733,0.064697
0.023346,-0.0036621,0.061035
0.021973,-0.0073242,0.063477
0.02182,-0.0074768,0.063477
0.022736,-0.0073242,0.062256
0.02243,-0.0080872,0.063477
0.022125,-0.009613,0.056152
0.019836,-0.011444,0.058594
0.02243,-0.012512,0.041504
0.023499,-0.011139,0.056152
0.021515,-0.0074768,0.05249
0.02121,-0.0035095,0.05127
0.021515,-0.0012207,0.056152
0.020599,-0.0016785,0.047607
0.020294,-0.0042725,0.046387
0.02182,-0.0071716,0.043945
0.023499,-0.0099182,0.036621
0.023346,-0.010376,0.043945
0.025024,-0.0097656,0.040283
0.026398,-0.009613,0.037842
0.025787,-0.0090027,0.041504
0.024567,-0.010376,0.036621
0.023651,-0.010681,0.0354
0.021667,-0.011902,0.037842
0.020752,-0.0085449,0.041504
0.019379,-0.0093079,0.0354
0.018005,-0.0064087,0.041504
0.018616,-0.010834,4.5642
0.020905,-0.0093079,4.8889
0.023041,-0.0086975,4.906
0.025024,-0.0088501,4.9133
0.02533,-0.0074768,4.9255
0.025177,-0.0073242,4.917
0.025024,-0.0050354,4.9243
0.026093,-0.0036621,4.9243
0.025024,-0.0018311,4.906
0.025482,-0.00015259,4.9219
0.02533,0.0019836,4.9268
0.025635,0.0027466,4.9304
0.02533,0.0024414,4.9316
0.02655,0.0024414,4.928
0.027924,0.00076294,4.9341
0.028534,0.0010681,4.9304
0.029449,-0.00061035,4.9304
0.028534,-0.0018311,4.9268
0.027618,-0.0035095,4.9329
0.026093,-0.005188,4.9316
0.026398,-0.0074768,4.9341
0.022583,-0.0086975,4.9414
0.021515,-0.010071,4.939
0.019379,-0.0090027,4.9377
0.017242,-0.0067139,4.9377
0.015869,-0.0041199,4.9438
0.015259,-0.0019836,4.928
0.016174,0.0016785,4.9036
0.01709,0.00061035,4.9292
0.019531,0.0027466,4.9243
0.020142,0.0042725,4.9219
0.021057,0.0079346,4.9231
0.02121,0.010376,4.9182
0.021973,0.010223,4.9182
0.021362,0.011139,4.9133
0.019836,0.0083923,4.9207
0.018768,0.0071716,4.9158
0.016937,0.0057983,4.917
0.013885,0.0032043,4.9084
0.012054,0.0028992,4.9158
0.011139,0.0028992,4.9194
0.011139,0.004425,4.9146
0.010834,0.0074768,4.9194
0.010834,0.0091553,4.9084
0.012817,0.0091553,4.8999
0.011139,0.0082397,4.9121
0.01236,0.0059509,4.9084
0.013275,0.0033569,4.9084
0.014038,0.0028992,4.9109
0.016937,0.0033569,4.906
0.01358,0.0024414,4.9097
0.01297,0.0019836,4.9097
0.010986,-0.0019836,4.9121
0.0097656,-0.005188,4.9133
0.0083923,-0.0071716,4.8962
0.0090027,-0.0080872,4.9231
0.0090027,-0.0048828,4.9255
0.0097656,-0.00061035,4.9243
0.010834,0.0033569,4.928
0.011597,0.0057983,4.9316
0.013428,0.007782,4.9329
0.014191,0.0085449,4.9402
0.016785,0.009613,4.9341
0.018463,0.011902,4.9182
0.017242,0.013275,4.9329
0.020752,0.016022,4.9329
0.02121,0.015106,4.9304
0.022278,0.015411,4.9329
0.023041,0.014038,4.9316
0.024109,0.011597,4.9377
0.022583,0.0090027,4.9353
0.02121,0.0065613,4.939
0.019989,0.0053406,4.9329
0.017853,0.0035095,0.065918
0.018005,0.0021362,0.059814
0.016022,0.0013733,0.059814
0.016327,0.0013733,0.072021
0.016022,-0.00015259,0.054932
0.015869,0.00061035,0.05249
0.017853,0.0021362,0.05249
0.015717,0.0042725,0.030518
0.015411,0.0053406,0.043945
0.015564,0.0064087,0.05127
0.014648,0.0065613,0.045166
0.014191,0.0057983,0.046387
0.01358,0.0053406,0.041504
0.013275,0.0053406,0.043945
0.01236,0.0080872,0.040283
0.012512,0.010529,0.041504
0.012665,0.013123,0.037842
0.013428,0.01358,0.042725
0.014801,0.013428,0.040283
0.016785,0.011292,0.039063
0.017853,0.0088501,0.041504
0.018921,0.0073242,0.040283
0.020447,0.0071716,0.037842
0.025177,0.0062561,0.042725
0.021515,0.0067139,0.041504
0.021515,0.0050354,0.040283
0.020752,0.0028992,0.032959
0.019531,-0.00015259,0.042725
0.018158,-0.0018311,0.047607
0.013885,-0.0028992,0.042725
0.01236,-0.0021362,0.048828
0.01236,-0.0010681,0.054932
0.013885,-0.0015259,0.056152
0.01709,-0.0021362,0.056152
0.020142,-0.004425,0.063477
0.02243,-0.0061035,0.056152
0.023193,-0.0064087,0.064697
0.023651,-0.0053406,0.062256
0.023499,-0.0048828,0.064697
0.024414,-0.004425,0.06958
0.024414,-0.0047302,0.053711
0.023041,-0.0053406,0.064697
0.021667,-0.0061035,0.062256
0.021515,-0.0057983,0.057373
0.021362,-0.0045776,0.064697
0.023346,-0.0032043,0.063477
0.024414,-0.0018311,0.064697
0.02655,-0.0013733,0.068359
0.028076,-0.0018311,0.061035
0.030518,-0.0028992,0.062256
0.032501,-0.0036621,0.056152
0.034027,-0.002594,0.057373
0.0354,-0.0045776,0.05249
0.034332,-0.0056458,0.054932
0.033569,-0.0062561,0.05127
0.033112,-0.0067139,0.05127
0.032196,-0.0041199,0.043945
0.032043,-0.0024414,0.05127
0.032501,-0.00076294,0.053711
0.032501,0.00076294,0.043945
0.032349,0.0013733,0.05249
0.033112,0.0015259,0.045166
0.033264,0.0018311,0.032959
0.033264,0.0021362,0.039063
0.032806,0.0013733,0.041504
0.032349,-0.00045776,0.039063
0.032043,-0.0033569,0.037842
0.031586,-0.0065613,0.037842
0.03006,-0.0083923,0.040283
0.028839,-0.0090027,0.036621
0.026093,-0.0074768,0.041504
0.024261,-0.0079346,0.03418
0.023193,-0.0085449,0.039063
0.023346,-0.0085449,0.040283
0.023346,-0.0079346,0.046387
0.024109,-0.0074768,0.058594
0.026093,-0.0035095,0.046387
0.027771,0,3.6816
0.029907,0.0016785,4.8474
0.032654,0.0024414,4.9084
0.0354,0.0019836,4.9219
0.038147,0.0022888,4.9329
0.038605,0.0039673,4.9268
0.038147,0.0074768,4.928
0.036316,0.011139,4.9255
0.033569,0.011902,4.9316
0.030365,0.0086975,4.928
0.027008,0.0030518,4.9353
0.025635,-0.0012207,4.9292
0.024567,-0.0019836,4.9329
0.025635,-0.00061035,4.9304
0.02594,-0.00015259,4.9353
0.025635,0.00030518,4.9316
0.024872,-0.0013733,4.9377
0.024261,-0.0041199,4.9438
0.024109,-0.0053406,4.9353
0.024109,-0.0059509,4.9414
0.024567,-0.0033569,4.9329
0.023956,-0.0016785,4.9011
0.024414,-0.00091553,4.9292
0.024109,-0.0013733,4.9255
0.024261,-0.0015259,4.9207
0.025177,-0.00030518,4.9243
0.026703,0.0027466,4.9158
0.028687,0.0048828,4.9182
0.032043,0.0093079,4.9146
0.033569,0.0097656,4.9182
0.034943,0.0088501,4.9097
0.035706,0.007782,4.9158
0.034637,0.0065613,4.9146
0.037994,0.0071716,4.9146
0.035858,0.0068665,4.9121
0.034332,0.0053406,4.9109
0.031891,0.00061035,4.9097
0.029144,-0.0032043,4.9109
0.026855,-0.007019,4.9023
0.022888,-0.0090027,4.9109
0.020294,-0.009613,4.906
0.017853,-0.0090027,4.9097
0.015411,-0.0080872,4.9121
0.015564,-0.0062561,4.9097
0.016785,-0.0033569,4.9109
0.018616,-0.0015259,4.9133
0.02121,0.0024414,4.9194
0.024261,0.0048828,4.9182
0.027008,0.0082397,4.9207
0.030823,0.013885,4.9243
0.033264,0.011902,4.9255
0.035553,0.011292,4.9219
0.036926,0.011139,4.9292
0.036774,0.011597,4.9255
0.037994,0.010529,4.9316
0.036774,0.0086975,4.9402
0.035553,0.0035095,4.9353
0.030365,0.00091553,4.9146
0.027771,-0.0012207,4.9255
0.021515,-0.0019836,4.9304
0.022888,-0.00091553,4.9329
0.019836,0.0012207,4.9316
0.019836,0.0018311,4.9316
0.021057,0.0015259,4.9158
0.02121,0.0022888,4.9341
0.021667,0.002594,4.9365
0.019226,0.0038147,4.9304
0.018616,0.0045776,4.9365
0.018616,0.0047302,4.9304
0.018768,0.0028992,4.9292
0.019531,0.0028992,4.9377
0.019073,0.0010681,4.9243
0.016479,0.00061035,4.9231
0.01358,0.00030518,0.05249
0.011292,-0.00030518,0.045166
0.010834,0.00076294,0.047607
0.011292,0.00015259,0.046387
0.013275,0.0013733,0.045166
0.016174,0.0024414,0.045166
0.0177,0.0028992,0.041504
0.019073,0.0032043,0.042725
0.018158,0.0033569,0.037842
0.017242,0.00061035,0.040283
0.016785,-0.00061035,0.03418
0.016022,-0.0036621,0.042725
0.017395,-0.0054932,0.039063
0.016937,-0.0059509,0.041504
0.016937,-0.0056458,0.040283
0.01709,-0.0042725,0.041504
0.019073,-0.0021362,0.048828
0.02182,-0.00076294,0.041504
0.024567,0.00061035,0.056152
0.027771,0.0016785,0.041504
0.029144,0.0033569,0.036621
0.029297,0.0041199,0.046387
0.028229,0.0038147,0.046387
0.028687,0.0032043,0.050049
0.022736,0.0016785,0.050049
0.020142,-0.00091553,0.05127
0.018158,-0.0013733,0.058594
0.016479,0,0.058594
0.013885,0.0012207,0.059814
0.011139,0.0024414,0.056152
0.0079346,0.0010681,0.065918
0.0039673,0.0028992,0.065918
0.00076294,0.002594,0.063477
0.0024414,0.0028992,0.065918
0.0038147,0.0057983,0.063477
0.0073242,0.0086975,0.059814
0.010986,0.0094604,0.064697
0.01358,0.0083923,0.073242
0.015411,0.0050354,0.062256
0.015106,0.0016785,0.061035
0.015869,0.0021362,0.062256
0.015869,0.0033569,0.063477
0.016632,0.0059509,0.059814
0.017242,0.007782,0.061035
0.016632,0.002594,0.054932
0.016785,0.0032043,0.058594
0.015411,-0.00030518,0.05127
0.016327,-0.0027466,0.056152
0.016632,-0.0024414,0.05127
0.018616,-0.00030518,0.042725
0.019379,0.0016785,0.045166
0.020142,0.0041199,0.047607
0.019989,0.004425,0.062256
0.020905,0.0027466,0.046387
0.020142,0.0038147,0.05127
0.018768,0.002594,0.042725
0.019379,0.0033569,0.026855
0.018463,0.0050354,0.036621
0.018768,0.0053406,0.039063
0.0177,0.0053406,0.037842
0.018158,0.0018311,0.039063
0.019226,-0.0019836,0.03418
0.019379,-0.0062561,0.040283
0.020599,-0.0093079,0.037842
0.021667,-0.0086975,0.040283
0.02182,-0.0050354,0.03418
0.021515,0.00030518,0.043945
0.02182,0.004425,0.040283
0.023193,0.0080872,0.047607
0.023804,0.0080872,0.050049
0.025787,0.0045776,0.050049
0.028381,0.0013733,0.05127
0.031738,-0.00061035,0.05127
0.033264,-0.0013733,0.059814
0.034943,-0.0027466,0.057373
0.035553,-0.004425,0.047607
0.0354,-0.0086975,0.056152
0.032349,-0.014496,2.572
0.031586,-0.018616,4.7876
0.028839,-0.018921,4.9182
0.026398,-0.016327,4.928
0.023651,-0.011139,4.9316
0.021973,-0.0061035,4.9207
0.022125,-0.0030518,4.9353
0.022125,-0.0035095,4.928
0.025635,-0.0047302,4.9341
0.029449,-0.0056458,4.9316
0.031891,-0.0039673,4.9353
0.034637,-0.0019836,4.9463
0.036011,0.00030518,4.9377
0.037079,0.00015259,4.9341
0.036926,-0.0022888,4.928
0.0354,-0.0057983,4.9207
0.032806,-0.0099182,4.9353
0.031738,-0.010223,4.9231
0.03006,-0.0097656,4.9194
0.028992,-0.0074768,4.9231
0.028534,-0.0054932,4.9207
0.027924,-0.0041199,4.9194
0.02655,-0.0039673,4.9158
0.026855,-0.005188,4.9207
0.027618,-0.0062561,4.9121
0.028687,-0.0068665,4.9121
0.029449,-0.0059509,4.9146
0.028229,-0.0036621,4.9158
0.027924,-0.0019836,4.9097
0.02594,-0.00076294,4.9109
0.025482,0.00061035,4.9158
0.025024,0.0018311,4.9133
0.027008,0.0021362,4.9146
0.027466,0.0041199,4.9109
0.029449,0.0061035,4.8999
0.03067,0.007019,4.9084
0.03067,0.0067139,4.9109
0.031281,0.0047302,4.9097
0.031586,0.0027466,4.9133
0.031891,0.00091553,4.9097
0.03067,0.00061035,4.9158
0.029449,0.0012207,4.9158
0.028076,0.0018311,4.9243
0.026245,0.0012207,4.9182
0.023804,-0.0021362,4.9255
0.023041,-0.0053406,4.9243
0.023193,-0.0074768,4.9304
0.024414,-0.007782,4.9414
0.025482,-0.005188,4.9304
0.026245,-0.0027466,4.9341
0.02594,-0.002594,4.9341
0.024567,-0.0030518,4.9255
0.023193,-0.0041199,4.9304
0.023956,-0.0045776,4.9316
0.024261,-0.0028992,4.9304
0.026093,-0.0013733,4.9316
0.026855,0.00030518,4.9304
0.028076,0.0015259,4.9377
0.027008,0.0018311,4.9341
0.025177,0.0021362,4.9365
0.026398,0.00091553,4.9316
0.026398,-0.00015259,4.9341
0.027924,0.00076294,4.9304
0.027924,0.002594,4.9316
0.029297,0.0050354,4.9304
0.028229,0.0059509,4.9304
0.025482,0.004425,4.9329
0.026245,-0.00015259,4.9243
0.02655,-0.004425,4.9316
0.029144,-0.0071716,4.9194
0.029755,-0.0074768,4.9207
0.028381,-0.0054932,4.9146
0.026093,-0.0054932,4.9146
0.02243,-0.0050354,0.039063
0.02121,-0.0059509,0.040283
0.02121,-0.0056458,0.039063
0.020294,-0.0064087,0.041504
0.018921,-0.0048828,0.037842
0.016785,-0.0030518,0.041504
0.016937,-0.0024414,0.037842
0.018768,-0.0032043,0.041504
0.020294,-0.0032043,0.039063
0.023651,-0.0015259,0.041504
0.02655,-0.00061035,0.05127
0.028687,0.0013733,0.042725
0.030212,0.0033569,0.047607
0.029449,0.0035095,0.041504
0.030365,0.0024414,0.03418
0.03006,0.0032043,0.043945
0.030365,-0.0019836,0.046387
0.029602,-0.0015259,0.046387
0.030518,0.00061035,0.05249
0.031891,0.0022888,0.05249
0.031281,0.0079346,0.057373
0.030212,0.0048828,0.056152
0.028687,0.0047302,0.064697
0.027771,0.0056458,0.059814
0.028381,0.0059509,0.063477
0.029602,0.0061035,0.063477
0.030365,0.0064087,0.065918
0.029297,0.0073242,0.059814
0.028229,0.0059509,0.063477
0.025024,0.0032043,0.065918
0.022125,-0.00061035,0.061035
0.020294,-0.0035095,0.075684
0.018005,-0.0041199,0.064697
0.0177,-0.0016785,0.059814
0.017548,0.0016785,0.065918
0.013733,0.0062561,0.065918
0.011292,0.0080872,0.064697
0.010071,0.0097656,0.059814
0.0097656,0.009613,0.058594
0.011292,0.0090027,0.058594
0.014191,0.0085449,0.054932
0.016937,0.007019,0.057373
0.017242,0.0054932,0.05127
0.017853,0.0061035,0.05127
0.015411,0.0012207,0.047607
0.013428,-0.00076294,0.050049
0.016479,-0.0013733,0.057373
0.016174,-0.00091553,0.046387
0.016785,-0.00015259,0.043945
0.016022,0.0012207,0.042725
0.014038,0.0024414,0.025635
0.011597,0.004425,0.039063
0.010223,0.0061035,0.037842
0.012512,0.007019,0.039063
0.015564,0.0083923,0.039063
0.019073,0.0090027,0.036621
0.019531,0.010986,0.042725
0.016785,0.011139,0.036621
0.016632,0.011749,0.041504
0.013733,0.0099182,0.0354
0.013123,0.0088501,0.039063
0.01358,0.0091553,0.040283
0.013733,0.0093079,0.045166
0.012665,0.010681,0.043945
0.0093079,0.01236,0.047607
0.0068665,0.014038,0.050049
0.0050354,0.014343,0.053711
0.0050354,0.013885,0.063477
0.0079346,0.012054,0.05249
0.010834,0.010529,0.047607
0.01297,0.010681,0.059814
0.013428,0.010681,0.058594
0.013885,0.011139,0.056152
0.016022,0.011597,0.063477
0.012207,0.010986,0.057373
0.011749,0.009613,0.065918
0.013123,0.0080872,0.059814
0.011902,0.0071716,0.10498
0.010071,0.0057983,4.6375
0.0056458,0.0061035,4.9109
0.0056458,0.0054932,4.9304
0.0033569,0.0076294,4.9341
0.002594,0.0035095,4.9292
0.0021362,0.0032043,4.939
0.0047302,0.0021362,4.9353
0.0068665,0.0038147,4.9353
0.0091553,0.0062561,4.9316
0.011597,0.0094604,4.9304
0.011292,0.011139,4.9243
0.012207,0.010681,4.9194
0.013275,0.0086975,4.9243
0.015564,0.0059509,4.9194
0.016785,0.0033569,4.9194
0.018005,0.0021362,4.9146
0.017548,0.0012207,4.9207
0.016632,0.0016785,4.9133
0.015106,0.0010681,4.9158
0.015564,0.00045776,4.9133
0.016937,0.00015259,4.9158
0.018311,0.0010681,4.9109
0.020599,0.002594,4.8938
0.02121,0.0042725,4.9243
0.022736,0.0048828,4.9133
0.021973,0.0028992,4.9182
0.02121,0.0018311,4.9097
0.021362,-0.00015259,4.8962
0.02121,0.00015259,4.906
0.02182,0.0013733,4.9158
0.02243,0.0032043,4.9109
0.021515,0.0038147,4.9109
0.018921,0.0030518,4.9084
0.017395,-0.00061035,4.9158
0.016327,-0.0036621,4.9158
0.015869,-0.0065613,4.9255
0.017395,-0.0073242,4.9182
0.017548,-0.0062561,4.928
0.017548,-0.0019836,4.9255
0.01709,-0.00091553,4.928
0.016937,0.00015259,4.9365
0.017548,0,4.9292
0.019531,-0.0018311,4.9255
0.020752,-0.0033569,4.9341
0.023804,-0.0041199,4.9365
0.025024,-0.0045776,4.9316
0.025024,-0.0027466,4.9219
0.024872,-0.0035095,4.9341
0.024719,-0.0047302,4.9304
0.027313,-0.0054932,4.9316
0.028687,-0.0065613,4.9365
0.029755,-0.0062561,4.9329
0.030212,-0.005188,4.9341
0.030518,-0.0021362,4.9304
0.028839,-0.00061035,4.9353
0.028534,0.0010681,4.9255
0.029297,0.0027466,4.9316
0.030365,0.0021362,4.9255
0.031586,0.0012207,4.9292
0.031586,0.00076294,4.9329
0.03067,-0.0010681,4.9255
0.028381,-0.0016785,4.9255
0.027466,-0.0022888,4.9207
0.027466,-0.0032043,4.9023
0.028534,-0.0024414,4.917
0.029297,-0.0015259,4.9158
0.028687,0.0022888,4.9146
0.025635,0.0047302,4.9133
0.023956,0.0071716,4.9097
0.024109,0.0074768,4.9109
0.024261,0.0074768,4.9109
0.024872,0.0082397,0.14648
0.026093,0.0080872,0.043945
0.028534,0.0085449,0.042725
0.030823,0.0073242,0.041504
0.031891,0.0082397,0.043945
0.032196,0.0090027,0.037842
0.031433,0.0082397,0.040283
0.030975,0.0083923,0.037842
0.030212,0.0086975,0.041504
0.030212,0.0071716,0.045166
0.029907,0.0056458,0.046387
0.03067,0.0054932,0.048828
0.028687,0.0038147,0.048828
0.027466,0.0030518,0.05249
0.027161,0.002594,0.053711
0.028534,0.0013733,0.056152
0.029144,-0.00045776,0.053711
0.032043,-0.0015259,0.061035
0.030823,-0.0042725,0.062256
0.030518,-0.0027466,0.063477
0.027008,-0.0021362,0.062256
0.025177,-0.0019836,0.064697
0.024872,-0.0013733,0.061035
0.025482,0.00015259,0.063477
0.029144,0.0013733,0.072021
0.029449,0.0027466,0.061035
0.029907,0.0048828,0.067139
0.030518,0.0082397,0.065918
0.030518,0.010223,0.046387
0.030975,0.010834,0.063477
0.032349,0.010376,0.064697
0.034943,0.0076294,0.061035
0.035553,0.007782,0.062256
0.036011,0.0068665,0.059814
0.033417,0.0074768,0.059814
0.03067,0.0079346,0.054932
0.027618,0.0082397,0.056152
0.025177,0.007782,0.048828
0.024567,0.0094604,0.053711
0.023956,0.002594,0.048828
0.02182,-0.0010681,0.048828
0.020142,-0.0027466,0.05249
0.016937,-0.004425,0.046387
0.015106,-0.0057983,0.050049
0.014496,-0.0054932,0.046387
0.016785,-0.0047302,0.045166
0.018463,-0.0024414,0.041504
0.021515,0.0013733,0.031738
0.025177,0.0042725,0.041504
0.022278,0.0074768,0.039063
0.02121,0.0090027,0.036621
0.024872,0.009613,0.041504
0.029297,0.010071,0.0354
0.034485,0.011749,0.037842
0.037537,0.010986,0.036621
0.038757,0.0099182,0.042725
0.039063,0.0071716,0.037842
0.036469,0.005188,0.045166
0.034637,0.002594,0.045166
0.033875,0.0022888,0.047607
0.033875,0.0030518,0.053711
0.034637,0.004425,0.05127
0.031586,0.0042725,0.062256
0.03067,0.0039673,0.054932
0.026398,0.0022888,0.046387
0.02533,0.00061035,0.058594
0.024872,-0.0010681,0.058594
0.024872,-0.0012207,0.05249
0.021667,-0.0012207,0.059814
0.020142,-0.0012207,0.062256
0.0177,-0.0018311,0.063477
0.015411,-0.0021362,0.057373
0.014496,-0.0019836,0.063477
0.014648,-0.0013733,0.056152
0.014648,0,0.063477
0.015564,0.00091553,0.068359
0.015411,-0.00030518,0.065918
0.016479,-0.00045776,0.064697
0.016479,-0.00015259,0.13306
0.01709,0.0013733,4.6594
0.018158,0.0022888,4.9097
0.018005,0.00045776,4.9377
0.018311,-0.00076294,4.9316
0.017853,-0.0030518,4.9231
0.018921,-0.0050354,4.9255
0.020294,-0.0013733,4.9146
0.021057,-0.004425,4.9219
0.02182,-0.00076294,4.9194
0.022278,-0.0010681,4.9146
0.022125,-0.0030518,4.917
0.022278,-0.0056458,4.9316
0.023804,-0.0082397,4.9158
0.024414,-0.007782,4.9207
0.024414,-0.0064087,4.9182
0.022125,-0.0041199,4.9109
0.019836,-0.0024414,4.9158
0.018158,-0.0041199,4.9182
0.016937,-0.0027466,4.9048
0.017548,-0.0061035,4.9048
0.017242,-0.0045776,4.9109
0.016632,-0.0010681,4.8962
0.015259,-0.0013733,4.9084
0.012054,-0.00015259,4.9133
0.010223,-0.00030518,4.9097
0.0097656,-0.00045776,4.9084
0.009613,0.00076294,4.9097
0.010071,0.00091553,4.9133
0.010986,0.002594,4.9133
0.010986,0.002594,4.9182
0.010834,0.0022888,4.9133
0.013275,0.002594,4.9316
0.016632,0.0028992,4.9194
0.018616,0.0036621,4.928
0.020447,0.0024414,4.9243
0.020752,0.0012207,4.9304
0.021973,0.00030518,4.9377
0.019989,-0.0050354,4.939
0.019073,-0.0093079,4.9402
0.0177,-0.01297,4.9329
0.016632,-0.012817,4.9182
0.015564,-0.011597,4.9329
0.014343,-0.0079346,4.9304
0.014343,-0.0038147,4.9292
0.013123,-0.0012207,4.9329
0.010223,0.00076294,4.9329
0.0090027,0.0013733,4.9365
0.0093079,0.0013733,4.9377
0.01297,0.0015259,4.9377
0.016785,0.00030518,4.9329
0.022583,-0.0012207,4.9316
0.025482,-0.00061035,4.928
0.024261,0.0010681,4.9304
0.021362,0.00076294,4.9292
0.017242,-0.0030518,4.9268
0.010986,-0.0074768,4.9194
0.0056458,-0.014496,4.9207
0.0010681,-0.016937,4.9194
-0.00030518,-0.012207,4.917
0.0022888,-0.002594,4.9146
0.0091553,0.0076294,4.9133
0.017395,0.014038,4.9158
0.026093,0.012207,4.9146
0.031738,0.0050354,4.9109
0.034332,-0.0047302,4.906
0.034332,-0.011749,4.9133
0.031281,-0.015717,4.9121
0.026855,-0.013275,4.9072
0.019836,-0.0093079,4.9097
0.012054,-0.007019,4.9109
0.0042725,-0.0050354,4.9072
-0.00076294,-0.005188,0.041504
-0.0033569,-0.0038147,0.05127
-0.0030518,0.00015259,0.039063
0.0024414,0.0061035,0.05249
0.0094604,0.014343,0.045166
0.016174,0.019684,0.028076
0.024109,0.020294,0.046387
0.027313,0.014343,0.048828
0.027924,0.0091553,0.05249
0.027313,0.00076294,0.05249
0.024567,-0.0067139,0.05127
0.02243,-0.010223,0.061035
0.018768,-0.010223,0.059814
0.018158,-0.0090027,0.063477
0.016785,-0.0074768,0.059814
0.016632,-0.0073242,0.065918
0.019836,-0.0080872,0.065918
0.022583,-0.0074768,0.064697
0.028839,-0.0061035,0.074463
0.034332,-0.00076294,0.063477
0.039215,0.0030518,0.058594
0.042419,0.0068665,0.063477
0.043182,0.0057983,0.070801
0.04303,0.00091553,0.063477
0.040131,-0.0054932,0.061035
0.036469,-0.012207,0.064697
0.029602,-0.01236,0.063477
0.024567,-0.0073242,0.057373
0.019836,0.00015259,0.059814
0.017395,0.009613,0.056152
0.015411,0.014496,0.057373
0.01236,0.015106,0.05127
0.013885,0.013733,0.053711
0.015106,0.011902,0.047607
0.015564,0.012207,0.05127
0.020447,0.013885,0.047607
0.022583,0.016479,0.047607
0.024261,0.018616,0.058594
0.024567,0.017548,0.045166
0.023041,0.015717,0.053711
0.02243,0.013123,0.040283
0.020599,0.011597,0.031738
0.020447,0.011749,0.040283
0.02243,0.012817,0.037842
0.023041,0.014648,0.037842
0.024872,0.015259,0.040283
0.02655,0.01297,0.037842
0.027313,0.0097656,0.041504
0.027618,0.0085449,0.037842
0.028229,0.0093079,0.041504
0.029449,0.011597,0.036621
0.030365,0.014343,0.042725
0.031586,0.014343,0.043945
0.032196,0.010986,0.047607
0.030518,0.0010681,0.045166
0.027618,-0.0028992,0.05127
0.023651,-0.0074768,0.05127
0.019684,-0.0085449,0.05127
0.014496,-0.007019,0.061035
0.0097656,-0.0042725,0.057373
0.0064087,-0.0015259,0.053711
0.0036621,-0.00076294,0.061035
0.0032043,-0.0013733,0.061035
0.0074768,0.00045776,0.062256
0.011444,0.0038147,0.061035
0.018768,0.0059509,0.056152
0.025024,0.0065613,0.064697
0.029755,0.0059509,0.057373
0.034027,0.0028992,0.063477
0.036163,0.00015259,0.062256
0.036926,0.00061035,0.067139
0.037231,0.0057983,0.062256
0.033569,0.0090027,0.065918
0.028229,0.0093079,0.079346
0.023956,0.0065613,0.065918
0.0177,0.0039673,0.062256
0.014648,0.0010681,0.059814
0.014648,0.00015259,0.029297
0.018005,0.0030518,3.8281
0.024109,0.0065613,4.8547
0.028992,0.011597,4.9109
0.033722,0.012817,4.9158
0.033722,0.010376,4.9158
0.030365,0.0065613,4.9182
0.024567,0.0041199,4.9146
0.017548,0.00061035,4.9158
0.0097656,0.00030518,4.9109
0.0013733,-0.0010681,4.9158
-0.0033569,-0.0018311,4.9121
-0.0059509,-0.0012207,4.9133
-0.0045776,0.0013733,4.9097
-0.0012207,0.0057983,4.9146
0.0053406,0.010376,4.9158
0.01358,0.014954,4.9109
0.02121,0.016937,4.9146
0.028076,0.015717,4.9084
0.032501,0.01358,4.9011
0.035858,0.010986,4.9133
0.035553,0.0073242,4.9109
0.03418,0.0033569,4.9084
0.031586,-0.0012207,4.9109
0.030212,-0.0045776,4.9158
0.03006,-0.004425,4.9133
0.030212,-0.0022888,4.9146
0.033112,0.0016785,4.9243
0.03479,0.0068665,4.9182
0.036774,0.0079346,4.928
0.039673,0.007782,4.9268
0.043182,0.0039673,4.9304
0.050659,-0.0010681,4.9377
0.05249,-0.0050354,4.9329
0.055695,-0.0057983,4.9341
0.056152,-0.007019,4.9353
0.054626,-0.010071,4.9304
0.050049,-0.014343,4.9304
0.044861,-0.016327,4.9268
0.037231,-0.015259,4.9304
0.030212,-0.011292,4.9304
0.020447,-0.0059509,4.9329
0.013885,-0.0022888,4.939
0.0090027,0.0018311,4.9329
0.0041199,0.0016785,4.9377
0.0054932,0.0030518,4.9304
-0.00015259,0.0062561,4.9243
-0.00045776,0.010223,4.9304
0.00045776,0.011444,4.9304
0.0019836,0.013885,4.9243
0.0059509,0.011902,4.9268
0.007782,0.010071,4.9341
0.01297,0.013123,4.9255
0.014038,0.0080872,4.9304
0.015106,0.0056458,4.9194
0.014343,0.0045776,4.9133
0.01297,0.0033569,4.9121
0.012665,0.0016785,4.9158
0.014191,0.0012207,4.9158
0.015564,-0.00045776,4.9133
0.017853,-0.0038147,4.906
0.020142,-0.0050354,4.9109
0.023041,-0.0076294,4.9048
0.023956,-0.011292,4.9084
0.02533,-0.011749,4.9072
0.027313,-0.011597,4.9133
0.028381,-0.0079346,4.9097
0.028839,-0.0045776,4.9158
0.029297,-0.00015259,4.9194
0.027008,-0.00030518,4.9133
0.023651,0.0028992,4.9084
0.020142,0.0032043,4.9121
0.017395,0.0045776,4.8962
0.016327,0.0056458,0.043945
0.015411,0.0019836,0.053711
0.016174,0.0022888,0.05127
0.015259,-0.0015259,0.053711
0.015106,-0.007782,0.050049
0.01236,-0.01236,0.050049
0.0099182,-0.013275,0.056152
0.0094604,-0.009613,0.061035
0.0083923,-0.0067139,0.058594
0.0083923,-0.004425,0.063477
0.0083923,-0.0015259,0.061035
0.0073242,0.0010681,0.063477
0.0067139,0.0035095,0.064697
0.0076294,0.0059509,0.061035
0.007782,0.0088501,0.065918
0.0091553,0.010986,0.065918
0.010529,0.0097656,0.076904
0.011749,0.0086975,0.063477
0.012665,0.0065613,0.056152
0.011902,0.004425,0.068359
0.012054,0.0027466,0.063477
0.010834,0.0021362,0.062256
0.009613,0.0016785,0.062256
0.0082397,-0.00045776,0.059814
0.0071716,-0.0042725,0.056152
0.0067139,-0.0059509,0.053711
0.0038147,-0.0079346,0.056152
0.0027466,-0.0094604,0.046387
0.0022888,-0.011597,0.053711
0.0028992,-0.012665,0.047607
0.0050354,-0.013885,0.05249
0.0064087,-0.015564,0.05127
0.0074768,-0.016022,0.050049
0.0076294,-0.016937,0.042725
0.0059509,-0.019379,0.042725
0.004425,-0.02121,0.032959
0.0047302,-0.022125,0.040283
0.0050354,-0.021057,0.040283
0.0067139,-0.018768,0.0354
0.009613,-0.018005,0.041504
0.011139,-0.014648,0.039063
0.013275,-0.01236,0.040283
0.015411,-0.012665,0.036621
0.016937,-0.012207,0.039063
0.018921,-0.010071,0.037842
0.02182,-0.010223,0.040283
0.024567,-0.009613,0.041504
0.027313,-0.012817,0.050049
0.027924,-0.018921,0.041504
0.027924,-0.023956,0.048828
0.028229,-0.027008,0.056152
0.028229,-0.028687,0.05127
0.027924,-0.027008,0.064697
0.027161,-0.027161,0.057373
0.026093,-0.028534,0.041504
0.025024,-0.030212,0.057373
0.02243,-0.028839,0.058594
0.019989,-0.026855,0.058594
0.017548,-0.021362,0.064697
0.016174,-0.018005,0.057373
0.014801,-0.015717,0.064697
0.01297,-0.01358,0.056152
0.013885,-0.011292,0.062256
0.013428,-0.0086975,0.061035
0.011749,-0.0059509,0.067139
0.010376,-0.0041199,0.065918
0.009613,-0.00076294,0.068359
0.010376,0.0018311,0.078125
0.011292,0.0041199,0.064697
0.011749,0.0064087,0.061035
0.012054,0.0083923,0.061035
0.012817,0.0071716,0.063477
0.013275,0.0038147,0.054932
0.013428,0,0.05249
0.014343,-0.0035095,0.05249
0.015106,-0.0059509,0.050049
0.01709,-0.0067139,0.043945
0.019379,-0.010376,0.59326
0.020599,-0.0085449,4.6631
0.019684,-0.0071716,4.8962
0.018005,-0.0074768,4.9084
0.018463,-0.0071716,4.9133
0.018921,-0.0057983,4.9097
0.020599,-0.005188,4.9133
0.021057,-0.0013733,4.906
0.020142,0.0027466,4.9133
0.020752,0.0071716,4.9207
0.021515,0.0091553,4.9109
0.022888,0.0088501,4.9207
0.025024,0.0093079,4.9072
0.026245,0.010681,4.8938
0.027008,0.012512,4.9109
0.027161,0.014343,4.9109
0.026703,0.016785,4.9084
0.027313,0.015869,4.9109
0.026703,0.018158,4.9158
0.02655,0.019226,4.9158
0.027618,0.019379,4.9158
0.024567,0.018311,4.9243
0.022736,0.018005,4.9182
0.019226,0.0177,4.9255
0.016785,0.018463,4.9194
0.013885,0.018463,4.9329
0.014191,0.019379,4.9304
0.016327,0.019989,4.9316
0.0177,0.019073,4.9292
0.019684,0.020294,4.9329
0.022736,0.021515,4.9402
0.021667,0.025024,4.9341
0.022888,0.025024,4.9268
0.023193,0.02655,4.9304
0.023193,0.026398,4.9329
0.021515,0.025024,4.9304
0.02243,0.024109,4.9365
0.018768,0.019684,4.9329
0.016174,0.020142,4.9341
0.014496,0.017853,4.9341
0.01236,0.015259,4.9341
0.012665,0.013275,4.9304
0.015717,0.011749,4.928
0.01358,0.012817,4.9255
0.014496,0.011597,4.9304
0.013885,0.010834,4.9377
0.01358,0.0076294,4.9207
0.018005,0.0042725,4.9194
0.018768,0.0024414,4.917
0.023804,0.0013733,4.8999
0.030518,0.0048828,4.9133
0.030518,0.012054,4.917
0.031433,0.014038,4.9133
0.033722,0.015717,4.9146
0.03418,0.015106,4.9097
0.037689,0.016022,4.9109
0.040436,0.018921,4.9048
0.042267,0.019379,4.9109
0.042267,0.024261,4.9072
0.041504,0.023499,4.9133
0.040588,0.020752,4.9084
0.03952,0.017242,4.9158
0.0383,0.017548,4.9097
0.033264,0.018005,4.9109
0.031281,0.020294,4.9097
0.028229,0.020599,4.9146
0.026245,0.019989,4.9182
0.021515,0.019989,4.9182
0.019226,0.023651,4.906
0.018616,0.027008,4.9207
0.018768,0.028229,4.9036
0.019989,0.025482,4.9219
0.025024,0.018616,4.9243
0.023346,0.013275,0.057373
0.025177,0.0091553,0.061035
0.026093,0.0079346,0.059814
0.026245,0.007019,0.061035
0.023651,0.0042725,0.057373
0.020752,-0.00076294,0.061035
0.016632,-0.007019,0.061035
0.013733,-0.0079346,0.065918
0.012665,-0.0071716,0.070801
0.013123,-0.004425,0.063477
0.013275,-0.0013733,0.068359
0.016327,0.00030518,0.063477
0.019226,-0.0012207,0.057373
0.02121,-0.0036621,0.068359
0.022736,-0.0047302,0.064697
0.024719,-0.004425,0.046387
0.02533,-0.0047302,0.062256
0.026703,-0.0039673,0.058594
0.026245,-0.0061035,0.057373
0.024261,-0.0076294,0.053711
0.022888,-0.0076294,0.056152
0.016327,-0.0047302,0.046387
0.015564,-0.0018311,0.05127
0.015717,0.0022888,0.050049
0.016327,0.0061035,0.050049
0.01709,0.0083923,0.043945
0.018311,0.0099182,0.037842
0.017395,0.0079346,0.05127
0.018616,0.011139,0.043945
0.018005,0.0047302,0.048828
0.016937,0.00030518,0.042725
0.014954,-0.0032043,0.028076
0.012207,-0.0048828,0.036621
0.010376,-0.0054932,0.039063
0.0074768,-0.0022888,0.037842
0.004425,0.00015259,0.041504
0.0024414,0.0028992,0.0354
0.0016785,0.0039673,0.037842
0.0030518,0.0064087,0.037842
0.0059509,0.0076294,0.042725
0.0091553,0.0068665,0.041504
0.012207,0.0048828,0.045166
0.013275,0.0019836,0.047607
0.015106,-0.0035095,0.047607
0.015106,-0.0079346,0.065918
0.015106,-0.0099182,0.05127
0.014648,-0.0083923,0.058594
0.014496,-0.0042725,0.056152
0.015869,-0.002594,0.046387
0.016022,-0.00045776,0.065918
0.01709,0.00015259,0.062256
0.017853,0.0019836,0.059814
0.019379,0.0019836,0.061035
0.021515,0.0021362,0.058594
0.024414,0.0010681,0.062256
0.027161,-0.00076294,0.061035
0.028992,-0.0041199,0.064697
0.028534,-0.0074768,0.061035
0.02594,-0.0076294,0.064697
0.023956,-0.0057983,0.064697
0.019989,-0.0024414,0.06958
0.016937,0.0015259,0.070801
0.016937,0.0028992,0.065918
0.014648,0.0039673,0.06958
0.015411,0.0033569,0.062256
0.014191,0.0032043,0.073242
0.017395,0.0033569,0.054932
0.019836,0.004425,0.046387
0.02121,0.0041199,0.046387
0.022888,0.0012207,0.050049
0.024872,-0.0015259,0.046387
0.023804,-0.0039673,0.046387
0.021667,-0.0071716,0.045166
0.019836,-0.0086975,0.046387
0.0177,-0.0079346,0.041504
0.015717,-0.007782,0.046387
0.014801,-0.0079346,0.037842
0.015411,-0.0099182,0.77393
0.015869,-0.01297,4.6716
0.016632,-0.014801,4.8755
0.017242,-0.016785,4.9097
0.018768,-0.015869,4.9109
0.019989,-0.01358,4.9097
0.019379,-0.010681,4.906
0.019531,-0.0091553,4.9023
0.019836,-0.0094604,4.9121
0.019836,-0.010376,4.9133
0.019836,-0.013275,4.9084
0.021515,-0.014954,4.9109
0.024261,-0.015869,4.9121
0.027008,-0.016022,4.9182
0.029144,-0.015259,4.9146
0.030975,-0.014648,4.9219
0.031738,-0.016632,4.9194
0.030365,-0.020142,4.9268
0.03006,-0.019989,4.9182
0.028229,-0.019379,4.9304
0.026855,-0.015869,4.928
0.024261,-0.011444,4.9316
0.023041,-0.0068665,4.9365
0.021667,-0.004425,4.9353
0.020142,-0.0038147,4.9353
0.020142,-0.005188,4.9304
0.020905,-0.0061035,4.9121
0.022125,-0.0065613,4.928
0.02182,-0.0048828,4.9316
0.020142,-0.0028992,4.9329
0.018768,-0.00015259,4.9377
0.016937,0.0013733,4.9329
0.015259,0.0024414,4.939
0.016174,0.0041199,4.9353
0.016022,0.0048828,4.9414
0.016327,0.0068665,4.9268
0.015411,0.0074768,4.9316
0.014648,0.0080872,4.9268
0.015106,0.0061035,4.9292
0.014343,0.0035095,4.928
0.014648,0.00091553,4.9243
0.014648,0.0010681,4.9207
0.013885,0.00076294,4.9207
0.013123,0.0018311,4.9109
0.010681,0.0012207,4.917
0.0093079,-0.00015259,4.917
0.0083923,-0.0010681,4.9158
0.0093079,-0.0039673,4.9133
0.010834,-0.002594,4.906
0.012207,-0.0019836,4.9097
0.014496,-0.0030518,4.9109
0.014954,-0.0032043,4.9109
0.011749,-0.007782,4.9097
0.016632,-0.011139,4.9121
0.015564,-0.013428,4.9097
0.016327,-0.014801,4.9097
0.016327,-0.01297,4.9084
0.016327,-0.010834,4.9146
0.016785,-0.0093079,4.9194
0.015717,-0.0048828,4.9133
0.015259,-0.0076294,4.9243
0.014191,-0.0099182,4.9146
0.015106,-0.01297,4.9097
0.016327,-0.013428,4.9194
0.019073,-0.011597,4.9158
0.022125,-0.0076294,4.9219
0.023651,-0.0012207,4.9194
0.026093,0.0022888,4.9243
0.027161,0.0057983,4.9329
0.028839,0.0061035,4.9292
0.029602,0.0056458,4.9341
0.030823,0.0048828,4.9292
0.031891,0.0059509,4.9353
0.032043,0.005188,0.067139
0.037079,0.0061035,0.063477
0.033264,0.0062561,0.067139
0.035248,0.002594,0.062256
0.036621,0.0019836,0.067139
0.037384,0.00015259,0.065918
0.037842,-0.0024414,0.075684
0.036163,-0.0038147,0.065918
0.033569,-0.0024414,0.062256
0.031433,-0.0013733,0.062256
0.029602,-0.0013733,0.064697
0.028229,-0.0035095,0.056152
0.027618,-0.0093079,0.057373
0.026855,-0.013428,0.05127
0.026703,-0.012817,0.05127
0.023499,-0.010986,0.053711
0.022583,-0.0057983,0.05249
0.019836,-0.0018311,0.048828
0.018158,-0.0019836,0.05127
0.014648,-0.0054932,0.058594
0.017242,-0.0094604,0.048828
0.019226,-0.011749,0.059814
0.020599,-0.011749,0.043945
0.02121,-0.007782,0.050049
0.023041,-0.004425,0.041504
0.024872,-0.0024414,0.020752
0.025787,-0.0028992,0.036621
0.029755,-0.0041199,0.037842
0.032654,-0.0054932,0.039063
0.034943,-0.0064087,0.039063
0.035248,-0.0054932,0.03418
0.035095,-0.0054932,0.043945
0.034637,-0.0061035,0.0354
0.033722,-0.0090027,0.042725
0.038452,-0.012054,0.039063
0.0383,-0.013123,0.043945
0.038605,-0.010376,0.046387
0.037537,-0.0057983,0.048828
0.03418,-0.0012207,0.054932
0.032654,0.00061035,0.053711
0.028839,0.0035095,0.05127
0.027466,0.00030518,0.058594
0.027771,0.0027466,0.063477
0.026703,0.0059509,0.058594
0.026703,0.0094604,0.057373
0.022583,0.011902,0.062256
0.018005,0.011597,0.056152
0.010681,0.0088501,0.062256
0.0038147,0.0083923,0.062256
-0.00030518,0.010834,0.058594
-0.0045776,0.020447,0.062256
-0.0041199,0.031586,0.058594
-0.002594,0.040894,0.065918
0,0.046844,0.063477
0.004425,0.045013,0.063477
0.0088501,0.037994,0.067139
0.014191,0.030212,0.065918
0.02182,0.019073,0.078125
0.030212,0.012665,0.063477
0.038147,0.0067139,0.070801
0.043335,0.0016785,0.058594
0.045166,-0.0016785,0.046387
0.043945,-0.0048828,0.05127
0.038757,-0.0042725,0.05127
0.031891,-0.0019836,0.045166
0.022278,0.0013733,0.05127
0.010834,0.0021362,0.046387
-0.00076294,-0.0024414,0.047607
-0.010071,-0.011444,0.042725
-0.015869,-0.023651,0.045166
-0.020294,-0.033875,0.039063
-0.019073,-0.040131,0.041504
-0.019989,-0.045013,0.041504
-0.018463,-0.044403,0.039063
-0.019836,-0.037994,0.036621
-0.018311,-0.026855,0.039063
-0.015717,-0.013733,0.043945
-0.011139,0.00045776,1.4868
-0.0064087,0.011292,4.718
0.00076294,0.016785,4.8938
0.0086975,0.014954,4.9048
0.011444,0.0097656,4.9084
0.025024,0.0033569,4.9109
0.031281,0.0012207,4.9109
0.036774,0.0024414,4.9133
0.039215,0.0082397,4.9109
0.040588,0.012054,4.9182
0.036011,0.014191,4.9194
0.036926,0.014038,4.9219
0.032654,0.013275,4.9146
0.027618,0.015106,4.9292
0.022736,0.018616,4.9255
0.020905,0.021515,4.9329
0.019073,0.022583,4.9426
0.018311,0.019073,4.9353
0.016937,0.014801,4.9341
0.015106,0.011139,4.9329
0.011444,0.0099182,4.928
0.0064087,0.010071,4.9304
0.0015259,0.0093079,4.9304
-0.0019836,0.0071716,4.9353
-0.0041199,0.0021362,4.9304
-0.0035095,-0.0032043,4.9304
-0.0022888,-0.0086975,4.9341
-0.0016785,-0.013123,4.9341
-0.0028992,-0.018463,4.9158
-0.0065613,-0.024109,4.9292
-0.0059509,-0.030518,4.9329
-0.0033569,-0.035858,4.928
0.0035095,-0.038452,4.928
0.010681,-0.03479,4.9231
0.016937,-0.028229,4.9255
0.018768,-0.020752,4.9292
0.019073,-0.015106,4.9207
0.020294,-0.011749,4.9304
0.024567,-0.011444,4.9182
0.033417,-0.01236,4.9072
0.043945,-0.011139,4.9146
0.054169,-0.010834,4.9109
0.06073,-0.0091553,4.9133
0.059967,-0.0097656,4.9109
0.054779,-0.014038,4.9048
0.048218,-0.018005,4.9109
0.041656,-0.019836,4.906
0.036011,-0.018463,4.9084
0.033112,-0.014648,4.9084
0.029297,-0.0086975,4.9133
0.02655,-0.0033569,4.9109
0.023346,-0.00061035,4.9133
0.023651,0.00061035,4.9121
0.026855,0.0015259,4.9146
0.030975,0.002594,4.9146
0.034637,0.0028992,4.9097
0.033722,0.0028992,4.9109
0.031586,0.0061035,4.9219
0.024567,0.010376,4.9072
0.015869,0.015717,4.9182
0.010071,0.019226,4.9243
0.0053406,0.020752,4.9268
0.0065613,0.018921,4.9255
0.0076294,0.01709,4.9304
0.0097656,0.016785,4.9353
0.011902,0.015411,4.9329
0.01358,0.014954,4.9329
0.015259,0.013275,4.9316
0.016937,0.011292,4.9316
0.018311,0.0091553,4.928
0.018768,0.0080872,4.9316
0.020294,0.0073242,4.9426
0.020752,0.0082397,4.9365
0.02182,0.0088501,4.9414
0.024109,0.0074768,0.065918
0.027008,0.0054932,0.05127
0.029297,-0.00015259,0.061035
0.031738,-0.0048828,0.067139
0.030975,-0.010376,0.061035
0.028229,-0.013428,0.059814
0.021973,-0.014954,0.053711
0.015259,-0.015411,0.054932
0.0085449,-0.012817,0.053711
0.0036621,-0.0053406,0.05249
-0.00091553,-0.004425,0.048828
0.00030518,0.00015259,0.05249
0.0021362,0.0036621,0.045166
0.0065613,0.0065613,0.050049
0.011749,0.0079346,0.05127
0.016937,0.0079346,0.046387
0.023193,0.0068665,0.040283
0.026703,0.0016785,0.042725
0.028839,0.00030518,0.025635
0.027313,0.00015259,0.037842
0.022736,0.0036621,0.037842
0.018005,0.011444,0.039063
0.015259,0.020447,0.039063
0.015869,0.029755,0.0354
0.019073,0.036011,0.03418
0.023499,0.038757,0.039063
0.027618,0.038757,0.042725
0.030518,0.036011,0.039063
0.030975,0.031891,0.042725
0.029755,0.027161,0.042725
0.027771,0.019989,0.047607
0.025787,0.011292,0.048828
0.02655,0.0028992,0.05249
0.017395,-0.004425,0.058594
0.011597,-0.010376,0.054932
0.0035095,-0.011749,0.070801
-0.0013733,-0.011444,0.054932
-0.0035095,-0.011139,0.046387
-0.0024414,-0.012512,0.058594
0.00076294,-0.016937,0.062256
0.0042725,-0.023651,0.061035
0.0071716,-0.028534,0.063477
0.0091553,-0.032043,0.058594
0.010986,-0.032501,0.061035
0.012817,-0.031281,0.063477
0.015717,-0.03067,0.064697
0.018158,-0.030365,0.059814
0.019836,-0.029144,0.068359
0.018921,-0.026855,0.067139
0.019531,-0.022888,0.067139
0.016022,-0.016479,0.070801
0.016632,-0.010986,0.065918
0.021515,-0.0068665,0.063477
0.029602,-0.004425,0.058594
0.039368,-0.0061035,0.062256
0.048218,-0.0048828,0.05249
0.054321,-0.0035095,0.054932
0.056915,-0.0016785,0.046387
0.05661,0.0027466,0.05127
0.054626,0.007782,0.046387
0.054321,0.012054,0.046387
0.054321,0.014496,0.042725
0.052185,0.015106,0.048828
0.048523,0.015564,0.040283
0.043793,0.014191,0.043945
0.037842,0.014038,0.042725
0.033417,0.013733,0.041504
0.031128,0.014954,0.0354
0.028534,0.016479,0.043945
0.026703,0.018158,0.053711
0.021515,0.019226,0.040283
0.017242,0.020599,0.046387
0.013275,0.019989,0.039063
0.010986,0.019836,0.023193
0.011597,0.019226,0.0354
0.014191,0.016937,0.040283
0.018311,0.014191,0.040283
0.021973,0.0088501,4.2493
0.023193,0.0045776,4.8645
0.02182,-0.0012207,4.9084
0.018311,-0.0057983,4.9158
0.015106,-0.0093079,4.9207
0.012207,-0.012207,4.9207
0.0094604,-0.01297,4.9268
0.007782,-0.013428,4.9243
0.0071716,-0.015411,4.9316
0.007019,-0.012817,4.9341
0.0071716,-0.016022,4.9304
0.0094604,-0.015106,4.9207
0.013275,-0.01236,4.9353
0.019836,-0.010071,4.9438
0.026703,-0.0080872,4.9292
0.028687,-0.0050354,4.9268
0.030823,-0.0033569,4.9329
0.029602,-0.0027466,4.9304
0.027618,-0.0010681,4.9329
0.026703,0.00091553,4.9377
0.027618,0.0036621,4.9353
0.029907,0.0047302,4.9365
0.031891,0.0064087,4.928
0.033264,0.004425,4.9353
0.033569,0.0036621,4.928
0.032043,-0.0024414,4.9292
0.029907,-0.0045776,4.9243
0.027771,-0.0032043,4.928
0.026245,0.00045776,4.9329
0.023804,0.0033569,4.9231
0.019989,0.0071716,4.9182
0.016937,0.0085449,4.9182
0.010986,0.0094604,4.9048
0.007782,0.011597,4.9158
0.0065613,0.014954,4.9121
0.0086975,0.0177,4.9133
0.014801,0.018616,4.9133
0.016174,0.015259,4.9109
0.019073,0.010834,4.9109
0.020294,0.0016785,4.9097
0.021667,-0.0024414,4.9097
0.023193,-0.0048828,4.9084
0.025482,-0.0036621,4.9121
0.028839,-0.00061035,4.9146
0.030823,-0.0010681,4.9109
0.031738,-0.0019836,4.9097
0.031891,-0.0032043,4.9121
0.029907,-0.0036621,4.9109
0.029144,-0.002594,4.9133
0.028687,-0.0015259,4.9194
0.029297,-0.00015259,4.9182
0.029449,0.00091553,4.9097
0.028534,0,4.9182
0.027008,-0.0013733,4.9268
0.024872,-0.0012207,4.9243
0.023499,-0.00015259,4.9243
0.023804,0.0019836,4.9255
0.024109,0.0035095,4.9341
0.025787,0.0053406,4.9304
0.028839,0.0045776,4.9365
0.029144,0.0033569,4.9292
0.029755,0.0010681,4.9341
0.028076,-0.00045776,4.928
0.02655,-0.00015259,4.9329
0.023651,0.00061035,4.9438
0.022125,0.0021362,4.9365
0.019379,0.004425,4.9353
0.017395,0.0053406,4.9365
0.014496,0.0088501,4.9231
0.012817,0.011139,4.9341
0.011292,0.014496,4.9353
0.011292,0.0177,4.9329
0.01358,0.018158,4.9316
0.016632,0.0177,4.9268
0.018463,0.015411,0.057373
0.02121,0.010681,0.05249
0.020905,0.0073242,0.05249
0.018768,0.0032043,0.047607
0.016479,0.00015259,0.05127
0.014954,-0.0033569,0.046387
0.013428,-0.0074768,0.047607
0.01358,-0.011139,0.047607
0.01236,-0.012817,0.050049
0.015869,-0.014648,0.050049
0.018311,-0.013885,0.042725
0.023041,-0.012054,0.046387
0.028229,-0.010071,0.039063
0.033722,-0.0090027,0.03418
0.03891,-0.0094604,0.042725
0.041962,-0.011139,0.037842
0.043488,-0.010834,0.039063
0.043488,-0.010071,0.041504
0.041962,-0.0071716,0.039063
0.040894,-0.0035095,0.040283
0.03952,-0.0010681,0.039063
0.037994,-0.00030518,0.042725
0.036926,-0.0019836,0.040283
0.036011,-0.0053406,0.045166
0.035706,-0.0079346,0.046387
0.034332,-0.009613,0.05249
0.032501,-0.0091553,0.061035
0.030823,-0.0076294,0.053711
0.028534,-0.0050354,0.063477
0.02594,-0.0038147,0.056152
0.02182,-0.0048828,0.050049
0.02243,-0.0024414,0.062256
0.020294,0,0.063477
0.020599,0.004425,0.059814
0.020294,0.009613,0.061035
0.02121,0.014954,0.058594
0.021515,0.018921,0.062256
0.026245,0.019531,0.059814
0.028229,0.016174,0.063477
0.03006,0.010834,0.058594
0.03006,0.0071716,0.065918
0.028839,0.0038147,0.06958
0.024109,0.00091553,0.068359
0.02594,0.0012207,0.065918
0.024567,-0.0027466,0.064697
0.023956,-0.0059509,0.068359
0.02182,-0.0073242,0.061035
0.020599,-0.0090027,0.072021
0.016937,-0.0086975,0.056152
0.017548,-0.0062561,0.045166
0.016785,-0.0050354,0.05249
0.015259,-0.0050354,0.05127
0.013123,-0.0080872,0.050049
0.012054,-0.012817,0.046387
0.010986,-0.018311,0.042725
0.012207,-0.012512,0.05249
0.01297,-0.01236,0.041504
0.014801,-0.0080872,0.043945
0.017395,-0.0015259,0.041504
0.017242,0.0015259,0.042725
0.0177,0.0015259,0.041504
0.0177,0.00045776,0.040283
0.018921,-0.0010681,0.048828
0.017853,0.00015259,0.0354
0.016174,0.0022888,0.042725
0.013275,0,0.041504
0.010529,-0.0021362,0.023193
0.0090027,-0.0053406,0.036621
0.0088501,-0.0083923,0.036621
0.010986,-0.0080872,0.041504
0.013275,-0.0047302,0.042725
0.016327,-0.00015259,0.041504
0.019226,0.0028992,0.042725
0.021515,0.0042725,0.045166
0.023651,0.0022888,0.050049
0.024567,-0.0012207,0.048828
0.025024,-0.004425,1.9312
0.024719,-0.0056458,4.7449
0.023499,-0.0074768,4.9133
0.021973,-0.0086975,4.9207
0.017395,-0.0088501,4.9304
0.018768,-0.010071,4.9304
0.018311,-0.010223,4.9292
0.017853,-0.0094604,4.9438
0.017242,-0.0091553,4.9304
0.016632,-0.0074768,4.9158
0.0177,-0.0065613,4.9329
0.017548,-0.0054932,4.9316
0.018616,-0.004425,4.9292
0.020142,-0.0028992,4.9353
0.022278,-0.00091553,4.9329
0.02594,0.0010681,4.9158
0.028687,-0.00030518,4.9304
0.030518,0.0032043,4.9329
0.029297,0.0041199,4.9304
0.032654,0.0035095,4.9329
0.032196,0.0022888,4.928
0.030823,-0.00061035,4.9316
0.030212,-0.0061035,4.928
0.028534,-0.010223,4.9207
0.025482,-0.014496,4.9219
0.023651,-0.016937,4.9182
0.018616,-0.018616,4.9182
0.019226,-0.019226,4.9133
0.016785,-0.019379,4.917
0.014801,-0.018921,4.9109
0.013123,-0.017853,4.9121
0.011444,-0.014801,4.9109
0.011902,-0.012207,4.9109
0.01297,-0.0053406,4.906
0.016174,-0.0050354,4.9121
0.018921,-0.0048828,4.9011
0.021362,-0.0050354,4.9133
0.023651,-0.0074768,4.9097
0.02533,-0.0090027,4.9121
0.025787,-0.0090027,4.9072
0.02533,-0.0054932,4.9109
0.023193,-0.0074768,4.9194
0.022278,-0.0062561,4.9109
0.020905,-0.0059509,4.9207
0.019684,-0.0050354,4.9121
0.019226,-0.0028992,4.8999
0.017395,-0.00076294,4.9182
0.018463,0.0028992,4.9207
0.018768,0.0073242,4.9219
0.018311,0.011902,4.9255
0.019379,0.015564,4.9231
0.019836,0.017853,4.928
0.02121,0.01709,4.9255
0.018158,0.015411,4.9231
0.021057,0.012054,4.9304
0.02243,0.014954,4.9316
0.023041,0.010223,4.9304
0.023346,0.0097656,4.9329
0.023956,0.0079346,4.9402
0.022278,0.0050354,4.9316
0.020142,0.0016785,4.9341
0.018311,-0.0022888,4.9365
0.016327,-0.0064087,4.9438
0.013428,-0.010223,4.9341
0.0099182,-0.013123,4.9268
0.0071716,-0.014038,4.9353
0.0053406,-0.012817,4.9341
0.0041199,-0.013275,4.9255
0.0045776,-0.01358,4.928
0.0019836,-0.012665,4.9243
0.0019836,-0.011597,4.9268
0.0010681,-0.010071,4.9194
0.0033569,-0.0045776,4.9243
0.007019,0.0016785,4.9182
0.011139,0.0080872,0.048828
0.018158,0.015411,0.047607
0.024109,0.020142,0.046387
0.030365,0.022583,0.056152
0.0354,0.022125,0.043945
0.039978,0.020447,0.053711
0.04303,0.018921,0.040283
0.046692,0.018463,0.030518
0.048523,0.0177,0.040283
0.048523,0.01709,0.040283
0.046539,0.014343,0.0354
0.042267,0.010681,0.032959
0.037384,0.0082397,0.039063
0.030518,0.0053406,0.039063
0.024109,0.0062561,0.039063
0.018616,0.0079346,0.043945
0.014038,0.011139,0.037842
0.010071,0.014801,0.043945
0.0073242,0.018768,0.046387
0.0061035,0.019379,0.047607
0.0064087,0.018158,0.05127
0.007019,0.01358,0.05249
0.0086975,0.0080872,0.05249
0.0097656,0.00091553,0.053711
0.0099182,-0.0048828,0.061035
0.0094604,-0.0083923,0.059814
0.0093079,-0.010986,0.046387
0.0074768,-0.012665,0.059814
0.0073242,-0.01236,0.062256
0.0059509,-0.010834,0.061035
0.0062561,-0.0091553,0.061035
0.0068665,-0.0079346,0.058594
0.010376,-0.0071716,0.061035
0.014954,-0.004425,0.061035
0.02182,-0.0028992,0.064697
0.028229,-0.0018311,0.064697
0.033417,-0.0018311,0.067139
0.037994,-0.0021362,0.062256
0.041656,-0.0021362,0.06958
0.045624,-0.0024414,0.076904
0.04715,-0.0018311,0.063477
0.04715,-0.0018311,0.061035
0.04425,-0.0033569,0.056152
0.039978,-0.0068665,0.03418
0.035858,-0.011597,0.05127
0.032043,-0.017242,0.054932
0.028992,-0.019226,0.048828
0.03006,-0.019379,0.046387
0.030212,-0.0177,0.046387
0.030823,-0.017395,0.047607
0.031738,-0.016174,0.043945
0.033417,-0.014496,0.045166
0.035095,-0.01236,0.040283
0.037384,-0.0085449,0.043945
0.038757,-0.0028992,0.041504
0.037384,0.0030518,0.042725
0.034943,0.0073242,0.040283
0.032806,0.009613,0.040283
0.030365,0.011902,0.045166
0.029297,0.01297,0.041504
0.028687,0.014648,0.041504
0.028534,0.015564,0.039063
0.028381,0.016632,0.028076
0.03006,0.01709,0.037842
0.031433,0.016174,0.039063
0.031891,0.014038,0.039063
0.032654,0.011292,0.045166
0.031738,0.0097656,0.043945
0.029907,0.007019,0.048828
0.028839,0.0061035,0.045166
0.027771,0.0062561,0.056152
0.026703,0.0067139,0.05249
0.027924,0.0064087,0.057373
0.026703,0.0061035,0.059814
0.025787,0.005188,0.062256
0.02533,0.0027466,0.072021
0.024567,-0.0013733,0.063477
0.025177,-0.0047302,3.6609
0.023041,-0.010681,4.8499
0.020905,-0.012512,4.9182
0.017395,-0.011292,4.928
0.014191,-0.0086975,4.9292
0.013275,-0.0048828,4.9292
0.010986,-0.0028992,4.9341
0.010986,-0.0021362,4.9353
0.010986,-0.0016785,4.9329
0.01236,-0.0019836,4.9316
0.01358,-0.00076294,4.9365
0.015411,-0.00061035,4.9292
0.017853,-0.00030518,4.9316
0.020905,0.0010681,4.9292
0.023651,0.0018311,4.9292
0.030365,0.0016785,4.9231
0.027008,0.0010681,4.9268
0.027466,0.0036621,4.9316
0.028687,0.0050354,4.9219
0.031586,0.0064087,4.9243
0.033264,0.0083923,4.9194
0.039215,0.0094604,4.8999
0.037537,0.011902,4.9109
0.037689,0.012512,4.9084
0.037994,0.011749,4.9146
0.037994,0.010223,4.9109
0.037231,0.0068665,4.906
0.035858,0.0024414,4.9109
0.033112,-0.0010681,4.9072
0.028534,-0.0016785,4.906
0.021667,-0.0022888,4.9121
0.018921,-0.0012207,4.9146
0.014038,-0.00045776,4.9084
0.011139,-0.0048828,4.9109
0.007782,-0.010681,4.9182
0.0053406,-0.015106,4.9121
0.0059509,-0.012054,4.9109
0.0074768,-0.014496,4.9158
0.005188,-0.010834,4.9048
0.0091553,-0.0093079,4.9182
0.010376,-0.0094604,4.9133
0.010834,-0.011292,4.9207
0.013123,-0.014648,4.9219
0.012817,-0.016022,4.9182
0.014191,-0.017395,4.9243
0.012512,-0.017242,4.9304
0.014191,-0.014496,4.9329
0.016937,-0.013733,4.9292
0.023499,-0.010681,4.9341
0.030365,-0.0088501,4.9341
0.036621,-0.0041199,4.9329
0.042114,0.00030518,4.9329
0.044403,0.0036621,4.9329
0.040131,0.0067139,4.939
0.041504,0.0056458,4.9377
0.040741,0.011902,4.9475
0.03891,0.01358,4.9377
0.036469,0.016479,4.9292
0.034637,0.016785,4.9353
0.032959,0.016022,4.9341
0.031891,0.014191,4.9292
0.031586,0.013123,4.9243
0.030212,0.012817,4.928
0.030518,0.013885,4.928
0.028839,0.014191,4.9182
0.026398,0.015106,4.9231
0.023651,0.013885,4.9158
0.020599,0.011444,4.9194
0.016022,0.0090027,4.9207
0.015869,0.007782,4.9194
0.014496,0.0061035,4.9207
0.012665,0.0045776,4.9158
0.011292,0.0022888,4.9109
0.010834,-0.00015259,0.039063
0.011597,-0.0019836,0.031738
0.010986,0.00030518,0.040283
0.011444,-0.0036621,0.039063
0.010071,-0.0042725,0.037842
0.0091553,-0.0057983,0.040283
0.0057983,-0.0073242,0.037842
0.0021362,-0.0079346,0.041504
0.00061035,-0.007782,0.037842
0.00045776,-0.0074768,0.040283
0.00045776,-0.0053406,0.039063
0.0064087,-0.004425,0.042725
0.007782,-0.0035095,0.045166
0.010529,-0.0038147,0.050049
0.013275,-0.0030518,0.046387
0.017853,-0.00030518,0.050049
0.02182,0.004425,0.056152
0.025482,0.0059509,0.054932
0.027161,0.010681,0.064697
0.028839,0.010986,0.058594
0.028687,0.0090027,0.03418
0.028839,0.005188,0.058594
0.030518,0.0041199,0.057373
0.032043,0.0035095,0.062256
0.033112,0.0035095,0.061035
0.03418,0.0024414,0.059814
0.031891,0.0015259,0.064697
0.029144,0.0030518,0.062256
0.026855,0.00045776,0.063477
0.02533,0.00091553,0.061035
0.024719,0.0038147,0.068359
0.023804,0.0067139,0.065918
0.02121,0.0099182,0.065918
0.019073,0.01297,0.079346
0.016327,0.013733,0.062256
0.013885,0.012512,0.059814
0.01297,0.012817,0.059814
0.012817,0.012207,0.048828
0.013733,0.011292,0.053711
0.014038,0.010376,0.05127
0.014496,0.0079346,0.050049
0.015717,0.0053406,0.048828
0.017242,0.0035095,0.043945
0.018158,-0.00015259,0.045166
0.019684,-0.0012207,0.042725
0.02182,-0.00045776,0.048828
0.021667,-0.00015259,0.039063
0.022125,0.0013733,0.042725
0.02243,0.0024414,0.041504
0.022278,0.0041199,0.041504
0.023041,0.0038147,0.039063
0.024261,0.0045776,0.041504
0.024567,0.0048828,0.048828
0.02533,0.0071716,0.041504
0.024414,0.0083923,0.053711
0.023651,0.0085449,0.039063
0.023193,0.007782,0.030518
0.018921,0.0061035,0.040283
0.021515,0.0033569,0.039063
0.021362,0.0012207,0.039063
0.021667,0.00045776,0.045166
0.023041,0.00091553,0.041504
0.023346,0.00091553,0.047607
0.023651,0.0013733,0.047607
0.022888,0.0012207,0.053711
0.021973,0.0012207,0.050049
0.02182,0.0010681,0.058594
0.02182,0.0021362,0.061035
0.022278,0.0027466,0.063477
0.022278,0.0024414,0.062256
0.02182,0.0027466,0.064697
0.020447,0.0035095,0.061035
0.018921,0.0028992,0.061035
0.018921,0.004425,0.067139
0.019379,0.0057983,0.059814
0.021362,0.0062561,0.062256
0.022278,0.0074768,0.059814
0.023804,0.0073242,1.8384
0.025024,0.0074768,4.7498
0.025635,0.0064087,4.9194
0.027161,0.0048828,4.9304
0.029297,0.0018311,4.9365
0.030823,-0.00076294,4.9304
0.032806,-0.0032043,4.9316
0.031738,-0.0057983,4.9304
0.031128,-0.0079346,4.928
0.029297,-0.011139,4.9255
0.028076,-0.012665,4.928
0.029297,-0.011749,4.9329
0.032349,-0.0094604,4.9219
0.035553,-0.0062561,4.9231
0.036926,-0.0027466,4.9207
0.036774,-0.0021362,4.8962
0.035858,-0.0042725,4.9146
0.034943,-0.0093079,4.9121
0.035248,-0.010071,4.8999
0.036011,-0.013428,4.9121
0.037842,-0.010529,4.9084
0.0383,-0.0086975,4.906
0.035553,-0.0073242,4.9072
0.032959,-0.005188,4.9084
0.030365,-0.0056458,4.9072
0.027924,-0.0059509,4.9146
0.027771,-0.0053406,4.9097
0.027466,-0.0024414,4.9133
0.027618,0.00091553,4.9109
0.025024,0.0042725,4.9121
0.026703,0.0062561,4.9097
0.028076,0.0045776,4.9158
0.028992,0.0016785,4.917
0.030823,0.00091553,4.9146
0.031281,0.00045776,4.9084
0.032654,0.002594,4.9207
0.031891,0.0056458,4.9255
0.030518,0.007019,4.9219
0.028687,0.0048828,4.9268
0.02533,0.0010681,4.9292
0.023804,-0.0032043,4.9304
0.021973,-0.0073242,4.9316
0.019989,-0.0082397,4.9316
0.019226,-0.0082397,4.9268
0.018616,-0.007782,4.9329
0.017395,-0.0074768,4.9292
0.016785,-0.0074768,4.9341
0.015717,-0.0083923,4.9414
0.016327,-0.007782,4.9353
0.016327,-0.0088501,4.939
0.018311,-0.0086975,4.9463
0.021057,-0.0071716,4.9292
0.022125,-0.0061035,4.9365
0.022278,-0.0032043,4.9329
0.020905,-0.0041199,4.9316
0.019989,-0.005188,4.9329
0.020142,-0.0064087,4.9304
0.021362,-0.0062561,4.928
0.023346,-0.004425,4.9219
0.024261,-0.0050354,4.9255
0.025024,-0.0030518,4.9182
0.024414,-0.0033569,4.9048
0.02182,-0.0056458,4.9182
0.023956,-0.0041199,4.9207
0.024872,-0.0035095,4.9146
0.026245,-0.00030518,4.9146
0.026703,0.0033569,4.9207
0.027618,0.0035095,4.9158
0.02655,0.0022888,4.9194
0.02655,-0.00045776,4.9133
0.028839,-0.0035095,4.9084
0.030518,-0.0039673,4.9023
0.032959,-0.0028992,4.9109
0.029907,0.0015259,0.039063
0.028076,0.0030518,0.040283
0.02655,0.0038147,0.037842
0.024872,0.0012207,0.043945
0.023956,-0.0027466,0.039063
0.022736,-0.0073242,0.042725
0.02243,-0.010071,0.041504
0.022125,-0.0099182,0.047607
0.022736,-0.009613,0.046387
0.025787,-0.0068665,0.050049
0.024261,-0.0054932,0.065918
0.024567,-0.0082397,0.054932
0.02594,-0.010223,0.058594
0.026245,-0.0099182,0.057373
0.028839,-0.007019,0.046387
0.029755,-0.0018311,0.059814
0.032196,0.0038147,0.061035
0.03418,0.0067139,0.061035
0.035095,0.0064087,0.062256
0.0383,0.0027466,0.057373
0.03891,0.0012207,0.064697
0.040283,-0.00045776,0.062256
0.039215,0.0022888,0.063477
0.037842,0.0059509,0.058594
0.0354,0.0074768,0.065918
0.031128,0.0065613,0.068359
0.027008,0.0048828,0.068359
0.02243,0.0033569,0.070801
0.018311,0.0024414,0.065918
0.017548,0.0027466,0.065918
0.015411,0.0067139,0.059814
0.014954,0.0045776,0.06958
0.014038,0.0076294,0.054932
0.015106,0.0062561,0.040283
0.019379,0.0047302,0.053711
0.018158,0.0039673,0.048828
0.019531,0.0024414,0.048828
0.019531,0.0013733,0.047607
0.018768,0.00030518,0.046387
0.016785,-0.00030518,0.045166
0.014343,-0.0018311,0.042725
0.012207,-0.0022888,0.039063
0.010681,-0.004425,0.039063
0.0085449,-0.0032043,0.042725
0.0079346,-0.0030518,0.041504
0.0091553,-0.0028992,0.041504
0.0076294,-0.0018311,0.047607
0.0071716,0.00030518,0.041504
0.0080872,0.0021362,0.045166
0.012207,0.0032043,0.036621
0.013275,0.0035095,0.031738
0.014343,0.0050354,0.040283
0.014496,0.0048828,0.042725
0.012665,0.0059509,0.037842
0.010223,0.0073242,0.043945
0.0076294,0.0080872,0.042725
0.010071,0.005188,0.045166
0.012512,0.011444,0.047607
0.01709,0.011902,0.05249
0.018768,0.013275,0.050049
0.019836,0.013123,0.056152
0.017242,0.01358,0.058594
0.017395,0.012665,0.061035
0.016022,0.012512,0.056152
0.014496,0.010376,0.065918
0.014801,0.0076294,0.065918
0.013733,0.0057983,0.064697
0.011139,0.0047302,0.072021
0.0079346,0.005188,0.061035
0.0053406,0.007019,0.045166
0.0038147,0.011902,0.056152
0.007019,0.014801,0.067139
0.011292,0.017242,0.067139
0.015411,0.016479,0.065918
0.0177,0.016632,0.061035
0.020294,0.015259,0.067139
0.016632,0.012207,0.063477
0.015869,0.01358,0.062256
0.015869,0.01297,4.4995
0.017242,0.011139,4.8999
0.0177,0.009613,4.9207
0.017548,0.0094604,4.9268
0.016479,0.010223,4.9304
0.014496,0.009613,4.9219
0.013123,0.010223,4.9182
0.013428,0.0094604,4.9182
0.014648,0.0088501,4.9109
0.016785,0.0080872,4.9146
0.017242,0.0068665,4.9072
0.016632,0.0082397,4.917
0.014648,0.0082397,4.9121
0.012207,0.0073242,4.9097
0.011597,0.0053406,4.9109
0.012817,0.0036621,4.9072
0.014801,0.0012207,4.9097
0.015564,0.0039673,4.906
0.015411,0.0057983,4.9133
0.014801,0.0073242,4.9084
0.013428,0.007019,4.9109
0.012817,0.0056458,4.9109
0.013275,0.0022888,4.9133
0.015564,-0.0013733,4.9146
0.016785,-0.0033569,4.9109
0.018616,-0.0039673,4.9255
0.018311,-0.0022888,4.9146
0.018616,-0.0028992,4.906
0.017548,-0.0027466,4.9207
0.019836,-0.0030518,4.9194
0.023651,-0.004425,4.9219
0.029602,-0.0030518,4.9255
0.029144,-0.002594,4.9292
0.029907,-0.0013733,4.9292
0.028992,0,4.9304
0.028687,-0.0010681,4.9353
0.028839,-0.0024414,4.9304
0.030212,-0.0047302,4.9316
0.032501,-0.0048828,4.9316
0.031738,-0.0047302,4.9304
0.030975,-0.0028992,4.9341
0.027313,-0.00030518,4.9341
0.024567,0.0015259,4.9329
0.023499,0.0022888,4.9365
0.024567,0.004425,4.9451
0.027618,0.005188,4.9377
0.030823,0.0062561,4.9255
0.031128,0.0056458,4.9316
0.031891,0.0021362,4.9329
0.031891,0,4.9219
0.030823,-0.0032043,4.9243
0.031586,-0.0048828,4.9207
0.033417,-0.0068665,4.9268
0.035095,-0.0061035,4.9207
0.034485,-0.0056458,4.9194
0.032349,-0.0061035,4.9182
0.03006,-0.005188,4.9182
0.028839,-0.0032043,4.9158
0.028839,-0.002594,4.9158
0.031891,-0.00091553,4.9207
0.035553,-0.00030518,4.9146
0.035553,-0.00045776,4.9158
0.034637,0.0013733,4.9109
0.034332,0.00030518,4.8962
0.032501,0.0018311,4.9109
0.031281,0.0030518,4.9133
0.030975,0.0039673,4.9109
0.032196,0.0047302,4.9109
0.036926,0.0050354,4.9072
0.034332,0.005188,4.9109
0.031738,0.0076294,4.9133
0.030518,0.0062561,4.9121
0.029297,0.0054932,0.039063
0.029449,0.0039673,0.046387
0.030212,0.0032043,0.047607
0.033875,0.0053406,0.048828
0.033875,-0.00045776,0.056152
0.032806,-0.0016785,0.05249
0.030823,0.00091553,0.053711
0.027771,0.0030518,0.057373
0.027618,0.0042725,0.063477
0.027008,0.0054932,0.05127
0.027466,0.0091553,0.057373
0.028992,0.0028992,0.062256
0.028076,0.00091553,0.063477
0.029144,-0.0013733,0.058594
0.024567,-0.0022888,0.063477
0.024261,-0.0035095,0.062256
0.025482,-0.0036621,0.063477
0.026855,-0.0048828,0.059814
0.027008,-0.0059509,0.067139
0.026398,-0.007019,0.062256
0.022888,-0.0054932,0.067139
0.019531,-0.007782,0.065918
0.015869,-0.007019,0.065918
0.017548,-0.0056458,0.070801
0.019684,-0.0027466,0.062256
0.023346,-0.0022888,0.064697
0.025787,0.0013733,0.056152
0.026703,0.0022888,0.042725
0.027771,0.0016785,0.05249
0.027466,0.0022888,0.05127
0.027618,0.0039673,0.041504
0.028534,0.005188,0.046387
0.029449,0.005188,0.043945
0.031128,0.0038147,0.047607
0.03006,0.0016785,0.042725
0.023499,0.0010681,0.046387
0.024261,0.0012207,0.040283
0.021515,0.0028992,0.040283
0.019684,0.0048828,0.041504
0.019531,0.0064087,0.040283
0.021057,0.0073242,0.0354
0.019379,0.0015259,0.041504
0.021515,-0.002594,0.040283
0.02121,-0.0056458,0.039063
0.020599,-0.0074768,0.040283
0.020905,-0.0085449,0.037842
0.021515,-0.0083923,0.041504
0.02243,-0.0088501,0.037842
0.02243,-0.0080872,0.042725
0.020447,-0.0073242,0.042725
0.018768,-0.005188,0.046387
0.016327,-0.0030518,0.042725
0.01709,0.00091553,0.047607
0.018768,0.0033569,0.048828
0.022736,0.0041199,0.053711
0.025787,0.0042725,0.054932
0.031891,0.0030518,0.062256
0.035553,0.0065613,0.057373
0.036774,0.0032043,0.064697
0.036163,0.0053406,0.073242
0.034027,0.0064087,0.061035
0.032043,0.0074768,0.062256
0.03067,0.0073242,0.053711
0.028381,0.0088501,0.048828
0.025635,0.0086975,0.062256
0.020599,0.0086975,0.063477
0.016785,0.0091553,0.063477
0.013275,0.009613,0.063477
0.012207,0.0099182,0.061035
0.01236,0.010223,0.06958
0.013428,0.0091553,0.062256
0.015869,0.0062561,0.065918
0.014954,0.0022888,0.053711
0.015106,0.00091553,0.061035
0.013733,-0.00061035,0.056152
0.011749,-0.0018311,0.056152
0.010529,-0.0015259,0.056152
0.0076294,-0.0022888,0.053711
0.0048828,-0.0050354,3.9441
0.0018311,-0.0079346,4.856
-0.0015259,-0.0091553,4.9231
-0.002594,-0.0091553,4.9109
-0.0019836,-0.0080872,4.9182
-0.00030518,-0.0057983,4.9207
0.0035095,-0.0028992,4.9121
0.0071716,0.0010681,4.9097
0.011292,0.004425,4.9109
0.014191,0.0057983,4.9084
0.015259,0.0076294,4.9097
0.014191,0.0083923,4.906
0.01297,0.0071716,4.9109
0.011902,0.0053406,4.9072
0.012207,0.0015259,4.9121
0.01297,0.00061035,4.9109
0.010681,0.00061035,4.9036
0.012207,0.00076294,4.9158
0.011139,0.00091553,4.9133
0.010223,0.00061035,4.9158
0.010834,0.00091553,4.917
0.0074768,0.0027466,4.9146
0.013428,0.0041199,4.9194
0.015564,0.0061035,4.906
0.016174,0.007782,4.9243
0.016632,0.007782,4.9268
0.016327,0.007019,4.9255
0.01709,0.0064087,4.9255
0.017395,0.0076294,4.9292
0.018311,0.0068665,4.9353
0.019226,0.0093079,4.9316
0.019989,0.010223,4.9329
0.018921,0.009613,4.9316
0.017853,0.0094604,4.9341
0.016632,0.010681,4.928
0.017242,0.011597,4.9329
0.017395,0.011902,4.9414
0.017853,0.012054,4.9402
0.019531,0.011444,4.939
0.019531,0.010529,4.9353
0.018768,0.011292,4.9182
0.017395,0.01297,4.9316
0.017242,0.014954,4.9182
0.018616,0.016937,4.9292
0.018616,0.016785,4.928
0.018005,0.01297,4.9207
0.017395,0.0085449,4.9255
0.015564,0.0048828,4.9219
0.012512,0.0027466,4.9255
0.009613,0.0050354,4.9158
0.007782,0.0079346,4.9219
0.0065613,0.0064087,4.9194
0.005188,0.0047302,4.9194
0.0048828,0.0015259,4.9182
0.0032043,-0.0022888,4.9146
0.0033569,-0.0024414,4.9133
0.002594,-0.0013733,4.9109
0.0019836,0.0021362,4.8975
0.0032043,0.0042725,4.9036
0.0048828,0.0047302,4.9048
0.0080872,0.0019836,4.9109
0.010071,0.0016785,4.9048
0.011292,0.0013733,4.9084
0.012054,0.0021362,4.906
0.013275,0.0036621,4.9109
0.016632,0.005188,4.9109
0.019531,0.00061035,4.9097
0.022583,-0.00076294,4.917
0.024719,-0.0045776,4.9133
0.024261,-0.0068665,4.9182
0.026398,-0.0073242,4.9146
0.026093,-0.0064087,4.9231
0.027771,-0.0048828,0.061035
0.028992,-0.0039673,0.054932
0.029755,-0.002594,0.067139
0.029449,-0.0027466,0.058594
0.028992,-0.0018311,0.047607
0.028839,-0.0018311,0.061035
0.028229,-0.0018311,0.061035
0.027466,-0.0022888,0.057373
0.026855,-0.0038147,0.062256
0.026093,-0.0065613,0.057373
0.024261,-0.0088501,0.064697
0.023193,-0.010071,0.062256
0.022278,-0.0097656,0.068359
0.024567,-0.007019,0.061035
0.024567,-0.0056458,0.06958
0.02655,-0.0050354,0.06958
0.027924,-0.0061035,0.065918
0.030212,-0.0061035,0.072021
0.031128,-0.0062561,0.062256
0.031586,-0.007019,0.061035
0.033417,-0.0076294,0.059814
0.033417,-0.0082397,0.057373
0.034332,-0.009613,0.054932
0.033722,-0.009613,0.050049
0.032043,-0.011139,0.048828
0.031586,-0.011597,0.045166
0.029755,-0.010376,0.048828
0.028992,-0.010071,0.046387
0.029144,-0.007782,0.043945
0.030212,-0.0059509,0.030518
0.030518,-0.0021362,0.040283
0.031433,-0.00045776,0.040283
0.033264,0.00061035,0.042725
0.03479,-0.00076294,0.043945
0.033112,-0.0016785,0.037842
0.032043,-0.0032043,0.041504
0.027924,-0.0030518,0.05249
0.02655,-0.0030518,0.050049
0.027008,-0.0024414,0.05127
0.025177,-0.0027466,0.039063
0.025024,-0.0036621,0.023193
0.022888,-0.005188,0.036621
0.021667,-0.0065613,0.037842
0.022888,-0.0067139,0.043945
0.023956,-0.0050354,0.041504
0.026398,-0.0019836,0.041504
0.026093,-0.00061035,0.048828
0.026245,-0.0015259,0.05127
0.026855,-0.0030518,0.053711
0.026093,-0.0048828,0.053711
0.026093,-0.0045776,0.057373
0.02594,0.00030518,0.058594
0.025787,-0.0038147,0.062256
0.024567,0.005188,0.072021
0.024261,0.0054932,0.061035
0.02533,0.0030518,0.059814
0.025177,0.00030518,0.062256
0.024872,-0.0053406,0.06958
0.025787,-0.0059509,0.059814
0.02533,-0.0062561,0.058594
0.024872,-0.0061035,0.061035
0.024261,-0.0074768,0.064697
0.023804,-0.0067139,0.061035
0.023499,-0.0065613,0.067139
0.02182,-0.0064087,0.065918
0.02182,-0.0033569,0.065918
0.021973,-0.00061035,0.057373
0.025177,0.004425,0.063477
0.025635,0.0074768,0.054932
0.028534,0.0091553,0.057373
0.030823,0.0097656,0.053711
0.03067,0.0085449,0.056152
0.034637,0.007782,0.059814
0.031281,0.0082397,0.045166
0.031281,0.010834,0.054932
0.031586,0.007019,0.042725
0.029907,0.0061035,0.036621
0.028534,0.0030518,0.19897
0.02655,-0.0012207,4.6423
0.025024,-0.0036621,4.8901
0.02594,-0.0045776,4.9097
0.025635,-0.0032043,4.906
0.025787,0,4.9109
0.025482,0.0022888,4.9011
0.024109,0.0016785,4.9121
0.023804,-0.00015259,4.9048
0.022888,-0.0018311,4.9121
0.022583,-0.002594,4.9097
0.022736,0.0010681,4.9146
0.023804,0.0053406,4.9084
0.024567,0.009613,4.9133
0.025482,0.009613,4.9133
0.027008,0.007782,4.9146
0.029297,0.0065613,4.9219
0.032043,0.0079346,4.9158
0.033417,0.010681,4.9121
0.034485,0.01358,4.9194
0.033722,0.015106,4.9182
0.034637,0.011902,4.9268
0.029602,0.0061035,4.928
0.026245,0.0015259,4.9255
0.020447,-0.00045776,4.9316
0.02243,0.0018311,4.9304
0.021362,0.0047302,4.9329
0.019989,0.0064087,4.9304
0.021362,0.007019,4.9316
0.021515,0.0059509,4.9268
0.022125,0.0067139,4.9329
0.023804,0.007782,4.9451
0.023499,0.010376,4.939
0.025177,0.012207,4.9341
0.023041,0.0097656,4.9377
0.018311,0.0065613,4.9268
0.014496,0.0036621,4.9329
0.010834,0.00091553,4.9316
0.0082397,-0.00015259,4.9304
0.002594,-0.00061035,4.9292
0.0030518,-0.0022888,4.9231
0.002594,-0.0016785,4.9231
0.0028992,-0.0042725,4.9194
0.0057983,-0.0056458,4.9231
0.0085449,-0.0028992,4.9146
0.011597,-0.0021362,4.9231
0.013885,-0.0015259,4.9158
0.014343,-0.0012207,4.9194
0.014801,-0.00076294,4.9036
0.012817,0.00030518,4.917
0.012054,0.0016785,4.9194
0.012665,0.0033569,4.9133
0.014343,0.0041199,4.9207
0.015259,0.005188,4.9109
0.020599,0.0061035,4.9109
0.015869,0.0083923,4.9109
0.015564,0.010681,4.9109
0.016022,0.0091553,4.9084
0.016937,0.0082397,4.9097
0.017395,0.0068665,4.9133
0.019684,0.0047302,4.906
0.019226,0.0013733,4.9072
0.017395,0.0021362,4.9146
0.014191,0.0018311,4.9133
0.010376,0.0015259,4.917
0.0071716,0.0028992,4.9207
0.0047302,0.0041199,4.9219
0.0048828,0.0045776,4.9316
0.0047302,0.0056458,4.9304
0.005188,0.0053406,4.9304
0.0062561,0.0059509,4.928
0.007019,0.0064087,4.9292
0.0065613,0.007782,0.061035
0.0071716,0.0093079,0.061035
0.0076294,0.0099182,0.058594
0.0091553,0.0099182,0.061035
0.0083923,0.0090027,0.059814
0.007019,0.0079346,0.062256
0.0041199,0.007782,0.062256
-0.00015259,0.0067139,0.065918
-0.0027466,0.0079346,0.065918
-0.0039673,0.0086975,0.068359
-0.0036621,0.0088501,0.068359
-0.0027466,0.0083923,0.067139
-0.0022888,0.007019,0.063477
-0.00015259,0.0067139,0.065918
0.0021362,0.0061035,0.070801
0.0036621,0.0065613,0.057373
0.0067139,0.007782,0.065918
0.010071,0.0079346,0.05249
0.011749,0.0080872,0.041504
0.012054,0.0071716,0.046387
0.010834,0.0061035,0.047607
0.0094604,0.0054932,0.048828
0.0073242,0.0053406,0.046387
0.0056458,0.0057983,0.043945
0.0062561,0.0071716,0.045166
0.0083923,0.0074768,0.041504
0.010986,0.0065613,0.043945
0.012512,0.0042725,0.039063
0.015411,-0.0021362,0.042725
0.016327,0.0012207,0.037842
0.015564,-0.00015259,0.043945
0.016937,0,0.05127
0.01709,0.00030518,0.039063
0.017548,-0.0010681,0.039063
0.016937,-0.0033569,0.040283
0.01709,-0.0047302,0.025635
0.015869,-0.0056458,0.037842
0.015259,-0.0047302,0.039063
0.015869,-0.0021362,0.042725
0.016785,-0.0015259,0.045166
0.018311,-0.0035095,0.043945
0.02121,-0.0067139,0.047607
0.023193,-0.0093079,0.050049
0.025482,-0.0093079,0.05249
0.02533,-0.0083923,0.053711
0.027313,-0.0059509,0.058594
0.028381,-0.004425,0.058594
0.029755,-0.0056458,0.062256
0.029602,-0.0097656,0.062256
0.028381,-0.012512,0.063477
0.029449,-0.012665,0.064697
0.029449,-0.01297,0.064697
0.03067,-0.007782,0.072021
0.031281,-0.0038147,0.061035
0.031891,-0.0019836,0.05249
0.032806,-0.00076294,0.062256
0.033722,-0.0013733,0.062256
0.033417,-0.0013733,0.065918
0.032959,-0.0021362,0.065918
0.031891,-0.0038147,0.067139
0.029144,-0.0065613,0.065918
0.027161,-0.007019,0.061035
0.023651,-0.007019,0.061035
0.022278,-0.0067139,0.053711
0.022736,-0.0057983,0.057373
0.022278,-0.0056458,0.054932
0.021515,-0.0045776,0.056152
0.021973,-0.0045776,0.053711
0.02182,-0.0024414,0.050049
0.02243,-0.00061035,0.048828
0.023956,-0.00030518,0.046387
0.024261,0.0010681,0.042725
0.025482,-0.0028992,0.048828
0.02533,-0.0041199,0.039063
0.02533,-0.0045776,0.039063
0.026093,-0.0033569,0.041504
0.027161,-0.0013733,0.040283
0.028076,0.00045776,0.039063
0.027008,0.00045776,2.7466
0.027313,0.0010681,4.7791
0.026703,-0.00091553,4.895
0.02655,-0.00030518,4.9072
0.027466,0.0032043,4.9097
0.027771,0.0054932,4.9097
0.025482,0.0061035,4.9084
0.02533,0.0048828,4.9146
0.02533,0.0036621,4.9243
0.026703,0.0012207,4.9133
0.025482,-0.00061035,4.9207
0.024719,-0.00015259,4.9207
0.024261,0.00015259,4.9072
0.023041,0.00045776,4.9207
0.022125,0.00045776,4.9231
0.021057,-0.00061035,4.9268
0.020447,0.00061035,4.9255
0.018921,0.00076294,4.9255
0.018311,-0.00045776,4.9316
0.017395,0.0012207,4.9329
0.016937,0.00091553,4.9329
0.017242,0.00045776,4.9268
0.018463,0.00091553,4.9329
0.018768,0.0030518,4.9329
0.023041,0.0047302,4.9304
0.022583,0.0065613,4.939
0.023041,0.0067139,4.9365
0.02243,0.0054932,4.9353
0.02182,0.0041199,4.939
0.02182,0.0033569,4.9475
0.021973,0.0048828,4.9341
0.024567,0.0079346,4.9255
0.02533,0.010834,4.9329
0.027466,0.011444,4.9255
0.026245,0.010376,4.9268
0.03006,0.0068665,4.9255
0.030975,0.0019836,4.9219
0.030365,-0.0018311,4.9194
0.032043,-0.0018311,4.9194
0.030823,-0.0056458,4.9207
0.030212,-0.0054932,4.9146
0.024719,-0.0039673,4.9194
0.021667,-0.0085449,4.9146
0.019379,-0.010071,4.9182
0.017853,-0.010376,4.9194
0.0177,-0.0093079,4.9133
0.016174,-0.0053406,4.9182
0.016022,-0.0027466,4.9121
0.015411,-0.0012207,4.8975
0.017548,-0.0010681,4.9146
0.020905,-0.00076294,4.9084
0.024872,-0.0024414,4.9084
0.027618,-0.0013733,4.9109
0.029449,0.00091553,4.9084
0.029602,0.0028992,4.9121
0.03006,0.0053406,4.9084
0.028992,0.0083923,4.9146
0.029297,0.0097656,4.9133
0.029907,0.011444,4.9182
0.031433,0.012512,4.9182
0.034637,0.012817,4.9243
0.035095,0.011292,4.9243
0.035095,0.0099182,4.9268
0.035858,0.0082397,4.9219
0.036163,0.0080872,4.928
0.036774,0.0091553,4.9365
0.036774,0.010986,4.9329
0.035248,0.011902,4.9194
0.033112,0.012512,4.9268
0.03067,0.01236,4.9329
0.026245,0.011597,4.9316
0.028229,0.011292,4.9316
0.026093,0.010071,0.054932
0.024719,0.0071716,0.064697
0.024109,0.0054932,0.063477
0.02243,0.0041199,0.064697
0.019836,0.0028992,0.065918
0.018463,0.0033569,0.068359
0.016022,-0.0038147,0.061035
0.012665,0.00045776,0.064697
0.0074768,-0.00015259,0.076904
0.0054932,-0.00076294,0.058594
0.0010681,-0.0015259,0.053711
-0.00015259,-0.0036621,0.053711
-0.00015259,-0.0053406,0.032959
0.0032043,-0.0061035,0.048828
0.0050354,-0.0054932,0.050049
0.0073242,-0.007019,0.047607
0.009613,-0.0030518,0.047607
0.011902,-0.0035095,0.046387
0.014191,-0.0021362,0.046387
0.016785,-0.00015259,0.042725
0.018616,0.00061035,0.042725
0.019379,0.0083923,0.039063
0.019379,0.010376,0.042725
0.020142,0.010223,0.041504
0.019379,0.0085449,0.041504
0.021362,0.0071716,0.042725
0.024719,0.007782,0.040283
0.027618,0.010986,0.039063
0.028229,0.013428,0.040283
0.028839,0.013733,0.037842
0.024414,0.013275,0.039063
0.019226,0.0086975,0.028076
0.014801,0.0041199,0.041504
0.010223,0.0019836,0.046387
0.0067139,0.0012207,0.043945
0.0032043,0.0022888,0.048828
0,0.0028992,0.047607
-0.0019836,0.0028992,0.05127
-0.0022888,0.0021362,0.05249
-0.00045776,0.0024414,0.057373
0.0022888,0.0028992,0.056152
0.0048828,0.0048828,0.061035
0.005188,0.0065613,0.062256
0.005188,0.0042725,0.062256
0.0038147,0.0024414,0.068359
0.0016785,-0.0013733,0.063477
0.00045776,-0.0045776,0.067139
-0.00045776,-0.0056458,0.059814
-0.0013733,-0.0048828,0.054932
-0.00015259,-0.0022888,0.059814
0.0010681,0.00015259,0.063477
0.0041199,0.002594,0.063477
0.0080872,0.0050354,0.064697
0.010376,0.0061035,0.063477
0.014343,0.0074768,0.064697
0.015869,0.0082397,0.062256
0.017395,0.0067139,0.064697
0.018311,0.0050354,0.056152
0.018768,0.00091553,0.056152
0.018005,-0.0024414,0.057373
0.016022,-0.0042725,0.054932
0.014038,-0.0039673,0.047607
0.0099182,-0.0022888,0.053711
0.0099182,-0.00015259,0.058594
0.0080872,0.00091553,0.046387
0.0085449,0.0015259,0.057373
0.0091553,0.0024414,0.045166
0.0099182,0.0024414,0.036621
0.011902,0.0024414,0.039063
0.015411,0.0030518,0.041504
0.018158,0.0013733,0.039063
0.020905,0.00076294,0.039063
0.022888,0.00061035,0.0354
0.024719,-0.00076294,0.041504
0.024719,-0.0012207,0.03418
0.022583,-0.0035095,0.039063
0.019073,-0.0056458,0.036621
0.015869,-0.0079346,0.042725
0.014343,-0.0097656,2.2839
0.014343,-0.011292,4.7546
0.015106,-0.010986,4.9121
0.015869,-0.010986,4.9109
0.018158,-0.011902,4.9146
0.019226,-0.011902,4.9158
0.021667,-0.012817,4.9084
0.024414,-0.012207,4.9182
0.027161,-0.010376,4.9194
0.029449,-0.0088501,4.9219
0.030212,-0.0083923,4.9255
0.031891,-0.0085449,4.9231
0.031433,-0.0090027,4.9292
0.030518,-0.0091553,4.9304
0.031281,-0.0067139,4.9243
0.032501,-0.0067139,4.9304
0.032654,-0.0065613,4.9329
0.032501,-0.0074768,4.9304
0.03067,-0.0083923,4.9316
0.027924,-0.010376,4.9329
0.027466,-0.010223,4.9365
0.026093,-0.0079346,4.9414
0.026398,-0.005188,4.939
0.027008,-0.0030518,4.9451
0.027313,-0.0038147,4.9377
0.027771,-0.0056458,4.9231
0.027924,-0.0085449,4.9304
0.027008,-0.0097656,4.9292
0.027618,-0.0076294,4.9243
0.028839,-0.0030518,4.9255
0.028839,0.00030518,4.9255
0.028229,0.0021362,4.9011
0.026245,0.002594,4.9158
0.026703,0.00045776,4.9194
0.026398,-0.0016785,4.9158
0.027466,-0.00076294,4.9146
0.029602,0.0022888,4.917
0.030365,0.0062561,4.9182
0.031586,0.0083923,4.9207
0.030823,0.0094604,4.9036
0.030212,0.005188,4.9109
0.028534,0.0030518,4.9133
0.02594,0.0012207,4.9036
0.024261,0.0012207,4.9097
0.023193,0.0032043,4.9109
0.02243,0.0056458,4.906
0.021057,0.0073242,4.9109
0.020905,0.0045776,4.9097
0.019836,0.0021362,4.9084
0.018158,-0.0019836,4.9048
0.017242,-0.0030518,4.9097
0.016937,-0.0061035,4.9048
0.016327,-0.005188,4.9194
0.014954,-0.0033569,4.9158
0.01236,-0.0030518,4.9194
0.010071,-0.0035095,4.917
0.009613,-0.0047302,4.928
0.0083923,-0.0042725,4.917
0.0082397,-0.0022888,4.928
0.01297,0.0010681,4.9365
0.016174,0.0033569,4.9316
0.020447,0.0036621,4.9121
0.021973,0.0032043,4.9084
0.024109,0.0028992,4.9255
0.025635,-0.0018311,4.9316
0.025635,-0.0036621,4.9292
0.026245,-0.0035095,4.9268
0.025635,-0.0015259,4.9341
0.024567,0.0028992,4.9292
0.023041,0.0041199,4.9207
0.019989,0.0032043,4.9329
0.019684,0.0024414,4.9402
0.020752,0.0016785,4.9329
0.02182,0.0024414,0.067139
0.023651,0.0035095,0.073242
0.024567,0.0050354,0.058594
0.024414,0.0045776,0.059814
0.026398,0.0036621,0.057373
0.027008,0.00061035,0.056152
0.029755,-0.0041199,0.048828
0.028687,-0.0083923,0.050049
0.027618,-0.010681,0.046387
0.023651,-0.010986,0.050049
0.019836,-0.009613,0.045166
0.015106,-0.009613,0.048828
0.01236,-0.010223,0.041504
0.011444,-0.010681,0.041504
0.013123,-0.011902,0.037842
0.014038,-0.011292,0.047607
0.017853,-0.0088501,0.037842
0.019379,-0.0074768,0.040283
0.022583,0.00045776,0.037842
0.024261,-0.002594,0.040283
0.026703,-0.0045776,0.05249
0.031128,-0.0082397,0.040283
0.033264,-0.011139,0.05127
0.033569,-0.010681,0.037842
0.032806,-0.0074768,0.031738
0.029602,-0.0047302,0.043945
0.027161,-0.0028992,0.041504
0.023956,-0.00015259,0.042725
0.024109,-0.0010681,0.043945
0.024872,-0.0015259,0.047607
0.026703,-0.00015259,0.050049
0.028229,0.00091553,0.05249
0.027008,0.0041199,0.062256
0.030365,0.0068665,0.054932
0.029907,0.0064087,0.058594
0.031586,0.0057983,0.064697
0.034027,0.0038147,0.061035
0.036163,0.0012207,0.06958
0.036469,0.0022888,0.063477
0.032043,0.0045776,0.061035
0.026703,0.0065613,0.063477
0.020447,0.0091553,0.068359
0.0177,0.0091553,0.062256
0.014191,0.0047302,0.047607
0.012665,0,0.061035
0.011902,-0.0038147,0.070801
0.0097656,-0.0053406,0.061035
0.0080872,-0.0041199,0.065918
0.0099182,-0.0016785,0.062256
0.0059509,-0.0027466,0.064697
0.0068665,-0.0036621,0.059814
0.0086975,-0.0073242,0.057373
0.0099182,-0.0047302,0.056152
0.0086975,-0.0071716,0.054932
0.0065613,-0.0041199,0.047607
0.0032043,-0.00045776,0.05249
-0.00030518,0.0045776,0.061035
0.0018311,0.0012207,0.056152
0.0038147,-0.00091553,0.05127
0.0076294,-0.0032043,0.031738
0.010529,-0.0030518,0.028076
0.013885,-0.00015259,0.040283
0.013885,0.0042725,0.040283
0.01709,0.0076294,0.041504
0.017853,0.0079346,0.041504
0.019684,0.007782,0.037842
0.021362,0.0083923,0.039063
0.023193,0.0088501,0.036621
0.023041,0.010223,0.041504
0.02121,0.012665,0.036621
0.019684,0.01358,0.042725
0.017395,0.01358,0.039063
0.016785,0.01297,0.042725
0.017853,0.010834,0.042725
0.019379,0.010681,0.041504
0.021973,0.012207,0.042725
0.02243,0.010986,0.047607
0.022125,0.010681,0.61035
0.020752,0.0097656,4.6692
0.019379,0.010223,4.895
0.018616,0.0099182,4.9194
0.019073,0.0093079,4.9219
0.0177,0.0082397,4.9243
0.014801,0.0071716,4.9268
0.010223,0.007019,4.928
0.0068665,0.0068665,4.9231
0.0028992,0.0064087,4.9316
0.0016785,0.0061035,4.9329
0.002594,0.0054932,4.9292
0.0056458,0.0047302,4.9341
0.0068665,0.0038147,4.9304
0.0065613,0.0024414,4.9341
0.0042725,0.0036621,4.9414
0.0013733,0.0042725,4.939
-0.00045776,0.0047302,4.9329
0.00030518,0.0036621,4.9353
0.0032043,0.0027466,4.9109
0.0048828,0.0015259,4.9353
0.0050354,0.0010681,4.9304
0.0056458,0.0018311,4.9268
0.0067139,0.0019836,4.9255
0.0088501,0.0013733,4.9268
0.014038,0.00091553,4.9243
0.017395,-0.00076294,4.917
0.020447,-0.0032043,4.9207
0.02121,-0.0035095,4.9146
0.018005,-0.0027466,4.9158
0.01709,-0.0016785,4.9182
0.015106,-0.00061035,4.9207
0.014191,0.00030518,4.9109
0.016632,-0.00076294,4.9146
0.019073,-0.0019836,4.9207
0.021362,-0.0041199,4.9133
0.022736,-0.0048828,4.9194
0.022583,-0.0053406,4.9109
0.023041,-0.0038147,4.8999
0.023193,-0.0027466,4.9084
0.025482,-0.002594,4.9072
0.026398,-0.0035095,4.9097
0.025482,-0.0053406,4.9084
0.022888,-0.0073242,4.9084
0.019379,-0.0059509,4.9109
0.01709,-0.0038147,4.9097
0.016327,-0.0013733,4.9097
0.018616,-0.0010681,4.9158
0.022278,-0.002594,4.9194
0.025635,-0.0045776,4.9207
0.028381,-0.0076294,4.9255
0.028076,-0.0083923,4.9353
0.02655,-0.0068665,4.9292
0.025177,-0.0053406,4.928
0.025787,-0.0041199,4.9329
0.028992,-0.0033569,4.9255
0.030518,-0.0032043,4.9341
0.033875,-0.0027466,4.9255
0.034485,-0.0035095,4.9304
0.032806,-0.0016785,4.9292
0.031433,-0.0012207,4.9268
0.031128,-0.0013733,4.9353
0.033264,-0.00091553,4.9341
0.035553,0.00015259,4.9341
0.037231,0.00030518,4.9341
0.036011,-0.0028992,4.9377
0.032043,0.00015259,4.9353
0.030365,-0.00030518,4.9414
0.028992,-0.0013733,4.9341
0.031738,-0.0038147,4.9377
0.033722,-0.0056458,4.9353
0.035248,-0.0061035,4.9292
0.034637,-0.0074768,4.9377
0.031738,-0.0059509,4.9231
0.029144,-0.0033569,0.042725
0.026703,-0.0012207,0.048828
0.026398,0.0022888,0.05127
0.027924,0.0047302,0.045166
0.029449,0.0048828,0.050049
0.030518,0.0054932,0.041504
0.029755,0.0042725,0.047607
0.029602,0.0019836,0.039063
0.028992,0.0019836,0.043945
0.029449,0.0033569,0.039063
0.031433,0.0057983,0.042725
0.031281,0.0097656,0.041504
0.031128,0.0050354,0.042725
0.028534,0.0022888,0.043945
0.02533,0.00030518,0.041504
0.021362,-0.00015259,0.039063
0.0177,0.0013733,0.037842
0.017395,0.002594,0.032959
0.018616,0.0019836,0.040283
0.02182,-0.00061035,0.040283
0.022736,-0.0032043,0.039063
0.022888,-0.0048828,0.043945
0.024261,-0.0045776,0.046387
0.023956,-0.0012207,0.048828
0.025482,0.0010681,0.053711
0.027161,0.002594,0.056152
0.030212,0.0015259,0.056152
0.031128,-0.00045776,0.058594
0.030823,-0.0016785,0.061035
0.029449,-0.0015259,0.062256
0.026093,-0.00030518,0.058594
0.023346,0,0.064697
0.022583,-0.00015259,0.067139
0.022736,-0.0012207,0.063477
0.024261,-0.0032043,0.072021
0.023651,-0.0038147,0.063477
0.026093,-0.0041199,0.043945
0.021515,-0.00076294,0.059814
0.02121,0.0016785,0.068359
0.022888,0.0021362,0.065918
0.024872,0.0016785,0.067139
0.028381,-0.00061035,0.064697
0.028076,-0.004425,0.063477
0.027313,-0.0067139,0.059814
0.024261,-0.0068665,0.061035
0.021973,-0.0054932,0.054932
0.020752,-0.0033569,0.056152
0.020599,-0.0027466,0.05127
0.022583,-0.0021362,0.05249
0.023804,-0.0036621,0.058594
0.024414,-0.0056458,0.05127
0.022278,-0.0062561,0.045166
0.023651,-0.0064087,0.047607
0.024872,-0.0045776,0.032959
0.027008,-0.0022888,0.043945
0.029755,-0.00045776,0.041504
0.031891,-0.0010681,0.040283
0.033569,-0.0027466,0.037842
0.033875,-0.0048828,0.036621
0.031433,-0.0039673,0.040283
0.030212,-0.0013733,0.037842
0.028992,-0.00015259,0.039063
0.028076,0.0038147,0.037842
0.028534,0.0048828,0.045166
0.027008,0.0019836,0.039063
0.027618,-0.00030518,0.040283
0.02533,-0.00045776,0.040283
0.025177,-0.00015259,0.041504
0.02594,0.0013733,0.057373
0.02655,0.0016785,0.047607
0.029144,0.0071716,0.062256
0.029602,0.00015259,0.050049
0.028076,-0.0018311,0.041504
0.025177,-0.0038147,0.053711
0.020905,-0.0035095,0.056152
0.015564,-0.0035095,0.056152
0.010834,-0.0030518,0.059814
0.0076294,-0.0033569,4.3433
0.0061035,-0.0035095,4.8914
0.0048828,-0.0048828,4.9255
0.0036621,-0.0047302,4.9329
0.004425,-0.004425,4.9255
0.0059509,-0.0032043,4.9341
0.0064087,-0.0012207,4.9316
0.0091553,-0.00076294,4.9353
0.012054,0.00045776,4.9365
0.014191,-0.00076294,4.9377
0.015411,-0.0027466,4.939
0.01358,-0.0024414,4.9341
0.010986,-0.005188,4.9402
0.0076294,-0.0056458,4.9329
0.0054932,-0.005188,4.9316
0.0071716,-0.0035095,4.9255
0.010071,-0.002594,4.9255
0.013275,-0.0024414,4.9243
0.015259,-0.0019836,4.9219
0.016785,-0.0018311,4.9207
0.016479,-0.0010681,4.9219
0.017242,-0.00015259,4.9158
0.018768,-0.00015259,4.9207
0.020905,0.00045776,4.9109
0.02182,-0.00045776,4.9219
0.02243,-0.0013733,4.9146
0.021973,-0.0010681,4.9133
0.021362,0.0010681,4.9243
0.020905,0.0030518,4.9158
0.020294,0.0053406,4.9146
0.020905,0.0073242,4.9133
0.020599,0.0071716,4.895
0.020294,0.0057983,4.906
0.019073,0.0045776,4.9109
0.016785,0.0024414,4.9133
0.017242,0.0042725,4.9109
0.015869,0.0048828,4.906
0.016632,0.0054932,4.9109
0.016327,0.005188,4.9097
0.016022,0.0027466,4.9146
0.015717,0.0021362,4.9109
0.015106,0.0015259,4.9207
0.014191,0.0030518,4.9182
0.014038,0.0053406,4.9207
0.014496,0.0068665,4.9219
0.016022,0.0073242,4.9255
0.017242,0.0068665,4.928
0.016632,0.0065613,4.9304
0.017395,0.0041199,4.939
0.016937,0.0042725,4.9316
0.016479,0.0057983,4.9207
0.016022,0.0067139,4.9304
0.015869,0.0080872,4.9292
0.016174,0.0071716,4.9304
0.016327,0.0071716,4.9329
0.015869,0.0050354,4.9353
0.015869,0.0019836,4.9353
0.014954,0.00076294,4.9316
0.014038,0.0012207,4.9353
0.01358,0.0021362,4.9316
0.014801,0.002594,4.9341
0.013885,0.0018311,4.9329
0.015106,0.00045776,4.9353
0.016327,0.00030518,4.9402
0.016632,0.00061035,4.9316
0.017853,0.0035095,4.9292
0.019531,0.0074768,4.9146
0.021973,0.010529,4.9109
0.02533,0.010834,4.9207
0.027008,0.0090027,4.9158
0.027618,0.0054932,4.9194
0.026398,0.0010681,4.917
0.025635,-0.0030518,4.9194
0.023956,-0.0050354,4.9133
0.023041,-0.0064087,0.042725
0.02182,-0.0074768,0.043945
0.020752,-0.010071,0.032959
0.020447,-0.013428,0.041504
0.020447,-0.015869,0.043945
0.019836,-0.016785,0.042725
0.020599,-0.014648,0.041504
0.022125,-0.011902,0.042725
0.023346,-0.0073242,0.041504
0.024414,-0.0045776,0.039063
0.025787,-0.0035095,0.043945
0.027161,-0.0035095,0.040283
0.028229,-0.0027466,0.031738
0.028839,-0.00076294,0.041504
0.03067,0.0022888,0.041504
0.033112,0.0041199,0.047607
0.036469,0.0057983,0.050049
0.039215,0.0050354,0.050049
0.040283,0.0022888,0.056152
0.040741,0.00076294,0.053711
0.039063,-0.00015259,0.058594
0.03891,0.0016785,0.058594
0.037384,0.0038147,0.061035
0.035858,0.0042725,0.061035
0.032349,0.0012207,0.064697
0.033417,-0.0022888,0.075684
0.031738,-0.0068665,0.062256
0.030975,-0.0085449,0.062256
0.028992,-0.0085449,0.062256
0.027618,-0.0085449,0.048828
0.026245,-0.0086975,0.063477
0.02533,-0.0080872,0.065918
0.025024,-0.0079346,0.064697
0.023651,-0.0067139,0.064697
0.022736,-0.0042725,0.062256
0.020599,-0.0012207,0.067139
0.020752,0.00091553,0.061035
0.021667,0.0071716,0.061035
0.02243,0.0076294,0.053711
0.024261,0.0068665,0.056152
0.025787,0.0061035,0.054932
0.026093,0.0059509,0.053711
0.026855,0.0048828,0.05249
0.025177,0.007782,0.050049
0.02655,0.0083923,0.056152
0.024261,0.0065613,0.043945
0.023346,0.0033569,0.056152
0.021057,-0.00030518,0.043945
0.019531,-0.0030518,0.028076
0.017548,-0.0042725,0.039063
0.0177,-0.0027466,0.040283
0.017853,-0.0019836,0.039063
0.018616,-0.00030518,0.040283
0.019073,0.00030518,0.037842
0.019379,-0.0012207,0.040283
0.019836,-0.0028992,0.036621
0.020599,-0.0041199,0.042725
0.021057,-0.0048828,0.036621
0.020447,-0.0028992,0.037842
0.020599,-0.0021362,0.042725
0.020599,-0.00091553,0.043945
0.020599,0.00076294,0.05249
0.021667,0.00045776,0.047607
0.022736,-0.0010681,0.053711
0.02243,-0.0015259,0.047607
0.021667,-0.00091553,0.046387
0.021057,-0.00045776,0.043945
0.019989,-0.00030518,0.054932
0.019989,0.0012207,0.056152
0.021057,0.0016785,0.059814
0.022888,-0.00076294,0.058594
0.024567,-0.0021362,0.061035
0.025787,-0.0039673,0.059814
0.026855,-0.0030518,0.064697
0.027924,-0.002594,0.059814
0.027771,-0.0016785,0.062256
0.029144,-0.0039673,2.1252
0.029449,-0.0094604,4.7693
0.029602,-0.015717,4.9133
0.027008,-0.018005,4.9329
0.028076,-0.017395,4.939
0.029755,-0.012817,4.9353
0.028839,-0.0071716,4.9426
0.029297,-0.0045776,4.9341
0.031586,-0.0047302,4.9219
0.033112,-0.007019,4.9268
0.034332,-0.0083923,4.9231
0.03479,-0.0080872,4.9255
0.036163,-0.0047302,4.9219
0.037842,0,4.9194
0.039215,0.0027466,4.9207
0.041199,0.0035095,4.917
0.042572,0.002594,4.9194
0.042877,0.00015259,4.9121
0.041504,-0.0010681,4.9182
0.039215,0,4.9146
0.035248,0.00015259,4.9158
0.032196,-0.00015259,4.9182
0.029755,-0.0015259,4.9023
0.026398,-0.0048828,4.906
0.026398,-0.0061035,4.9146
0.024872,-0.0016785,4.8962
0.027924,-0.0038147,4.906
0.030975,-0.0035095,4.9146
0.033112,-0.0038147,4.9133
0.034943,-0.0056458,4.9097
0.035706,-0.0059509,4.9084
0.0354,-0.0038147,4.9097
0.03418,-0.00030518,4.9072
0.030518,0.0035095,4.9182
0.024719,0.004425,4.9097
0.018158,0.0024414,4.9207
0.012512,-0.00015259,4.917
0.0094604,-0.0030518,4.9207
0.0086975,-0.0041199,4.9194
0.0088501,-0.002594,4.9231
0.011597,-0.0013733,4.9316
0.012665,0.00091553,4.928
0.014801,0.00076294,4.9402
0.016937,-0.00045776,4.9341
0.018005,-0.0015259,4.9194
0.018158,-0.0030518,4.9329
0.016327,-0.0030518,4.9292
0.013123,-0.0024414,4.9304
0.0094604,-0.0030518,4.9304
0.0048828,-0.0033569,4.928
0.0030518,-0.0038147,4.9329
0.0016785,-0.0047302,4.9329
0.0030518,-0.0048828,4.9365
0.0061035,-0.0036621,4.9329
0.010834,-0.0027466,4.9292
0.01358,-0.0022888,4.9377
0.017395,0.00061035,4.9353
0.019531,0.0028992,4.9365
0.02182,0.0064087,4.9304
0.024109,0.0080872,4.9243
0.026398,0.0083923,4.9268
0.026703,0.0091553,4.9231
0.026093,0.0088501,4.9219
0.023956,0.010529,4.9182
0.022278,0.01236,4.9133
0.020294,0.013123,4.9194
0.018158,0.013885,4.9158
0.016937,0.012817,4.9158
0.015869,0.010376,4.9109
0.016022,0.0080872,4.9158
0.016327,0.0074768,4.9109
0.016632,0.0082397,4.9121
0.01709,0.0093079,4.9109
0.017548,0.010529,4.9146
0.016937,0.011444,0.039063
0.01709,0.009613,0.041504
0.016327,0.0071716,0.056152
0.015106,0.0053406,0.040283
0.01358,0.0038147,0.050049
0.011292,0.0047302,0.040283
0.0097656,0.0065613,0.025635
0.0083923,0.009613,0.041504
0.0082397,0.010376,0.043945
0.0099182,0.010681,0.043945
0.010834,0.010834,0.050049
0.012512,0.011292,0.046387
0.014038,0.01297,0.048828
0.014801,0.013428,0.05249
0.014496,0.014648,0.058594
0.01297,0.014343,0.056152
0.011749,0.012817,0.063477
0.010071,0.011597,0.062256
0.0086975,0.0094604,0.064697
0.0071716,0.0068665,0.073242
0.0062561,0.0033569,0.062256
0.0065613,0.0019836,0.059814
0.0076294,0.0028992,0.063477
0.0090027,0.0028992,0.073242
0.012665,0.0032043,0.061035
0.014343,0.0024414,0.063477
0.016632,0.0021362,0.068359
0.017548,0.0016785,0.063477
0.018616,0.0018311,0.065918
0.018463,0.0016785,0.067139
0.019531,0.0015259,0.062256
0.019073,0.00076294,0.063477
0.019989,0.00045776,0.053711
0.022736,-0.00030518,0.058594
0.021362,0.0016785,0.05249
0.021515,0.002594,0.054932
0.019836,0.0033569,0.050049
0.019989,0.0018311,0.05127
0.020752,-0.00030518,0.056152
0.02182,-0.0032043,0.048828
0.024567,-0.0035095,0.057373
0.025787,-0.0024414,0.043945
0.026398,0.00030518,0.0354
0.027771,0.0030518,0.041504
0.028992,0.0047302,0.037842
0.029907,0.0057983,0.040283
0.029755,0.0035095,0.041504
0.029907,0.00045776,0.0354
0.029144,-0.00061035,0.040283
0.028381,-0.0032043,0.037842
0.029755,-0.0013733,0.039063
0.029602,0.0013733,0.037842
0.032654,0.00091553,0.041504
0.03418,-0.00076294,0.041504
0.035858,-0.0042725,0.042725
0.036621,-0.0071716,0.039063
0.036163,-0.0062561,0.043945
0.036469,-0.0038147,0.046387
0.035095,-0.00045776,0.045166
0.032654,0.0030518,0.053711
0.030365,0.0050354,0.05249
0.028992,0.0041199,0.048828
0.027313,0.0028992,0.056152
0.027313,0.0022888,0.057373
0.028229,0.0019836,0.059814
0.029755,0.0033569,0.061035
0.029755,0.0016785,0.054932
0.028839,0.0018311,0.062256
0.028992,0.0024414,0.061035
0.031738,0.0015259,0.062256
0.031281,0.0013733,0.059814
0.031891,0.0015259,0.061035
0.031433,0.0016785,0.061035
0.03006,0.0022888,0.063477
0.030823,0.0030518,0.078125
0.030975,0.0030518,0.065918
0.030518,0.0012207,0.065918
0.030365,0.0019836,4.032
0.028534,0.0030518,4.8596
0.028839,0.0042725,4.9219
0.027008,0.0059509,4.9255
0.025482,0.0039673,4.9243
0.025024,0.0035095,4.9255
0.023956,0.0018311,4.9194
0.023193,-0.00030518,4.9207
0.023956,-0.00015259,4.917
0.022888,-0.0035095,4.9194
0.022278,0.0013733,4.9097
0.023651,0.00045776,4.9133
0.023804,-0.00015259,4.9146
0.025787,-0.0019836,4.9146
0.023651,-0.0027466,4.9109
0.02243,-0.0022888,4.9146
0.019226,0.00015259,4.9182
0.017853,-0.00030518,4.9121
0.017242,-0.00015259,4.9182
0.020294,-0.0013733,4.9084
0.018158,-0.0015259,4.9011
0.018768,-0.0054932,4.917
0.023193,-0.0065613,4.9109
0.023193,-0.0065613,4.906
0.024872,-0.0083923,4.9084
0.028839,-0.0082397,4.9097
0.030365,-0.007782,4.9097
0.032349,-0.0054932,4.9121
0.033112,-0.0035095,4.9207
0.033417,-0.0016785,4.9109
0.033417,0.0010681,4.9243
0.032349,0.0024414,4.9207
0.031586,0.0015259,4.9255
0.031281,0.00015259,4.9365
0.030975,-0.0019836,4.928
0.029144,-0.0050354,4.9316
0.027161,-0.004425,4.9304
0.02533,-0.0064087,4.9292
0.024109,-0.0076294,4.9316
0.022583,-0.0091553,4.9304
0.021515,-0.011292,4.9304
0.022583,-0.01297,4.9304
0.023193,-0.013275,4.9316
0.02182,-0.01297,4.9304
0.021973,-0.012207,4.9316
0.023499,-0.010529,4.939
0.024261,-0.0090027,4.9329
0.023956,-0.0073242,4.9146
0.025024,-0.005188,4.9353
0.026398,-0.0030518,4.9341
0.028992,-0.0022888,4.9292
0.033417,-0.0030518,4.9316
0.035706,-0.00030518,4.9365
0.039063,0.0024414,4.9304
0.041504,0.0047302,4.9341
0.041504,0.0080872,4.9207
0.040131,0.009613,4.9084
0.041504,0.0076294,4.9146
0.038605,0.0032043,4.917
0.035553,-0.0013733,4.917
0.033417,-0.0022888,4.9146
0.031128,-0.0015259,4.9121
0.028687,0.0018311,4.9146
0.02594,0.0045776,4.9121
0.024261,0.0048828,4.9036
0.024414,0.0028992,4.9109
0.022125,0.00015259,4.9158
0.025024,-0.0015259,4.9109
0.027008,-0.002594,4.9109
0.030212,-0.0032043,4.9194
0.026703,-0.002594,4.9109
0.024567,-0.0033569,4.9097
0.019989,-0.0036621,4.9133
0.016479,-0.0045776,0.029297
0.014038,-0.0033569,0.036621
0.012054,-0.0018311,0.041504
0.010986,0,0.046387
0.009613,0.00076294,0.047607
0.0093079,0.00030518,0.047607
0.0093079,-0.0010681,0.05249
0.010376,-0.0022888,0.053711
0.013733,-0.0041199,0.059814
0.016785,-0.0039673,0.054932
0.019989,-0.0039673,0.062256
0.02121,-0.0035095,0.061035
0.021667,-0.0027466,0.058594
0.018311,-0.0019836,0.062256
0.017548,-0.0012207,0.062256
0.018768,0.0024414,0.065918
0.020752,0.0048828,0.062256
0.022888,0.0062561,0.075684
0.024567,0.0054932,0.062256
0.025635,0.0042725,0.05249
0.026703,0.0010681,0.065918
0.025787,0.00030518,0.061035
0.024567,0.0015259,0.062256
0.025024,0.0015259,0.062256
0.024719,0.0015259,0.061035
0.023651,0.00061035,0.062256
0.02182,0.00015259,0.056152
0.018921,0.0013733,0.059814
0.01709,0.0019836,0.048828
0.015106,0.0048828,0.054932
0.014648,0.007019,0.05249
0.015717,0.0085449,0.048828
0.017395,0.0088501,0.053711
0.018768,0.0079346,0.047607
0.019379,0.0062561,0.048828
0.018768,0.0053406,0.043945
0.01709,0.0041199,0.0354
0.014954,0.0032043,0.041504
0.014648,0.0028992,0.041504
0.013733,0.0035095,0.036621
0.01358,0.0053406,0.039063
0.012665,0.0076294,0.039063
0.012817,0.0093079,0.039063
0.012054,0.009613,0.040283
0.010071,0.0074768,0.040283
0.015564,0.0073242,0.03418
0.018463,0.007019,0.040283
0.022278,0.0071716,0.040283
0.024414,0.0082397,0.062256
0.024109,0.0086975,0.039063
0.022278,0.0071716,0.045166
0.019379,0.0050354,0.054932
0.017395,0.004425,0.046387
0.014801,0.0050354,0.058594
0.013885,0.0065613,0.043945
0.012665,0.0083923,0.0354
0.012054,0.010223,0.056152
0.012054,0.0093079,0.057373
0.011444,0.0079346,0.059814
0.013123,0.0062561,0.065918
0.015106,0.0050354,0.059814
0.017853,0.004425,0.063477
0.020905,0.0048828,0.057373
0.022278,0.0045776,0.064697
0.021973,0.0041199,0.058594
0.02182,0.0015259,0.063477
0.019836,-0.0010681,0.062256
0.019226,-0.0032043,0.067139
0.020447,-0.0030518,0.074463
0.02182,0,0.067139
0.023651,0.0027466,0.064697
0.025635,0.0050354,0.068359
0.027924,0.0048828,0.06958
0.030365,0.0016785,0.057373
0.032806,-0.0022888,0.058594
0.03479,-0.0056458,0.058594
0.036316,-0.0057983,0.05127
0.036621,-0.0042725,3.3191
0.034637,-0.0022888,4.823
0.032349,-0.0018311,4.9084
0.029449,-0.0028992,4.917
0.026703,-0.0045776,4.9097
0.025787,-0.0073242,4.9194
0.025787,-0.0059509,4.9133
0.027466,-0.0022888,4.9158
0.030365,0.00030518,4.9133
0.031738,0.0042725,4.9158
0.033264,0.0015259,4.917
0.034027,-0.00030518,4.9097
0.034637,-0.0016785,4.917
0.036163,-0.0028992,4.9072
0.036926,-0.0021362,4.8999
0.036469,-0.00045776,4.9109
0.0354,0.00061035,4.9109
0.032959,0.0012207,4.9072
0.029907,-0.00015259,4.9084
0.028229,-0.00061035,4.9084
0.027771,-0.00015259,4.9146
0.028839,0.0013733,4.9084
0.028534,0.0013733,4.9182
0.028076,0.0033569,4.9158
0.023804,0.002594,4.9207
0.027008,0.0032043,4.9048
0.026093,0.0015259,4.9207
0.02594,0.0010681,4.9243
0.026855,0.00015259,4.9268
0.027924,0.00091553,4.928
0.026855,0.0018311,4.9329
0.024567,0.0039673,4.939
0.02182,0.0033569,4.9316
0.020905,0.0027466,4.9219
0.020447,0.0013733,4.928
0.022278,0.0022888,4.9268
0.022125,0.0015259,4.9304
0.023499,0.004425,4.9316
0.024261,0.0094604,4.9292
0.026093,0.0097656,4.9377
0.027008,0.010376,4.9341
0.027771,0.007019,4.939
0.026093,0.0039673,4.9353
0.026855,0.0016785,4.9377
0.028534,0.0030518,4.9304
0.027924,0.0061035,4.9341
0.030212,0.0076294,4.9438
0.024109,0.007782,4.928
0.021973,0.0015259,4.9255
0.022278,0.00076294,4.9243
0.021667,-0.0027466,4.8999
0.02121,-0.005188,4.917
0.021515,-0.0047302,4.9194
0.020447,-0.0033569,4.917
0.019836,-0.0045776,4.9158
0.019226,-0.0054932,4.9109
0.018616,-0.0088501,4.9158
0.019684,-0.010834,4.9084
0.02121,-0.010986,4.9133
0.022583,-0.0083923,4.9084
0.022278,-0.004425,4.9133
0.02182,-0.00091553,4.9133
0.021667,0.0013733,4.9109
0.021667,0.0027466,4.906
0.021667,0.00045776,4.9133
0.02655,0,4.9109
0.029144,-0.00076294,4.9109
0.031891,-0.00045776,4.9109
0.031433,-0.00045776,4.9097
0.029449,-0.00030518,4.8999
0.026703,-0.0027466,4.9158
0.023651,-0.0061035,4.9133
0.020905,-0.010376,4.9158
0.018921,-0.014343,0.050049
0.016632,-0.017548,0.042725
0.014343,-0.019379,0.056152
0.012512,-0.019073,0.053711
0.012207,-0.018463,0.059814
0.011597,-0.018311,0.057373
0.019073,-0.020142,0.064697
0.022278,-0.019073,0.062256
0.02594,-0.016785,0.063477
0.029907,-0.014648,0.072021
0.03006,-0.010071,0.062256
0.031738,-0.0062561,0.064697
0.03067,-0.0010681,0.061035
0.032196,-0.00045776,0.057373
0.035248,0.0012207,0.065918
0.038147,0.0024414,0.064697
0.041046,0.0045776,0.062256
0.043182,0.0059509,0.068359
0.044403,0.0061035,0.061035
0.045166,0.0061035,0.065918
0.045319,0.0062561,0.059814
0.046082,0.0050354,0.061035
0.04425,0.0053406,0.048828
0.041504,0.0048828,0.056152
0.036774,0.0054932,0.054932
0.031433,0.0056458,0.054932
0.027313,0.0054932,0.048828
0.023499,0.0024414,0.047607
0.024414,-0.0030518,0.053711
0.024872,-0.0097656,0.043945
0.025177,-0.014191,0.053711
0.024872,-0.014038,0.046387
0.023956,-0.010529,0.032959
0.020599,-0.0057983,0.03418
0.018158,-0.0022888,0.042725
0.016327,-0.00015259,0.037842
0.016022,-0.00015259,0.039063
0.015106,0.00076294,0.039063
0.015717,0.0035095,0.042725
0.016937,0.007782,0.037842
0.018005,0.013428,0.040283
0.020294,0.013428,0.037842
0.022125,0.011292,0.043945
0.024109,0.005188,0.040283
0.025177,-0.0012207,0.041504
0.024872,-0.0033569,0.058594
0.02243,-0.0024414,0.046387
0.019836,0.0016785,0.050049
0.016479,0.0039673,0.05249
0.015869,0.0050354,0.040283
0.015259,0.0036621,0.053711
0.015717,0.0028992,0.056152
0.018005,0.0016785,0.057373
0.016479,0.0022888,0.061035
0.02121,0.0042725,0.059814
0.021057,0.0041199,0.059814
0.019531,0.0032043,0.061035
0.019379,0.0033569,0.063477
0.018768,0.00076294,0.058594
0.020294,0,0.062256
0.015717,0.0018311,0.063477
0.012665,0.0047302,0.068359
0.010376,0.0085449,0.065918
0.0093079,0.01236,0.06958
0.007782,0.014801,0.070801
0.010071,0.018005,0.065918
0.013428,0.019073,0.078125
0.015869,0.018616,0.059814
0.016937,0.019531,0.054932
0.015564,0.020752,0.057373
0.01236,0.020905,0.056152
0.0099182,0.019836,0.047607
0.0090027,0.018158,0.05249
0.0076294,0.014954,0.047607
0.0065613,0.011139,0.050049
0.0045776,0.0088501,0.042725
0.0021362,0.007019,0.050049
0.00045776,0.007782,0.042725
-0.00076294,0.0076294,4.5679
0.00076294,0.0065613,4.8889
0.0038147,0.0061035,4.9109
0.0083923,0.0062561,4.9121
0.011597,0.0067139,4.917
0.01297,0.0083923,4.9084
0.01236,0.012054,4.9097
0.0099182,0.014954,4.9023
0.0074768,0.016327,4.9097
0.0056458,0.017242,4.906
0.0050354,0.016174,4.9097
0.004425,0.014343,4.9084
0.0039673,0.01297,4.9084
0.0027466,0.01297,4.9121
0.0019836,0.013733,4.9097
0.002594,0.015564,4.917
0.0062561,0.014496,4.9182
0.01236,0.014191,4.9182
0.017853,0.011749,4.9219
0.020142,0.0088501,4.9255
0.020905,0.007019,4.9243
0.019073,0.0065613,4.9304
0.01709,0.0068665,4.9353
0.015717,0.0067139,4.9316
0.016327,0.0057983,4.9377
0.018005,0.0028992,4.9341
0.019379,0.0048828,4.9146
0.019379,0.0048828,4.9292
0.019836,0.0061035,4.9292
0.020752,0.0074768,4.9329
0.023346,0.0093079,4.9304
0.026093,0.010834,4.9304
0.028687,0.011139,4.9341
0.031738,0.010681,4.9353
0.030975,0.0088501,4.9329
0.027924,0.007019,4.9316
0.023804,0.0067139,4.9353
0.019989,0.0057983,4.9304
0.017395,0.0056458,4.9316
0.015717,0.0042725,4.9365
0.015259,0.0027466,4.928
0.014801,0.0010681,4.9255
0.014191,-0.00045776,4.9231
0.014191,-0.00030518,4.9194
0.015106,-0.00045776,4.9158
0.016632,-0.0012207,4.9207
0.020142,-0.0027466,4.9146
0.022278,-0.0036621,4.9158
0.026245,-0.0041199,4.9146
0.028381,-0.0068665,4.9121
0.028839,-0.0042725,4.9072
0.028992,-0.0027466,4.9121
0.029144,-0.0012207,4.9036
0.030365,0.00030518,4.9158
0.033264,0.0013733,4.9097
0.036163,0.0027466,4.9109
0.037994,0.0036621,4.9109
0.037079,0.0061035,4.9121
0.036316,0.007782,4.9194
0.03418,0.0090027,4.9133
0.033722,0.0082397,4.9207
0.035095,0.0071716,4.9121
0.03479,0.0032043,4.9011
0.03418,0.0028992,4.9182
0.032196,0.0010681,4.9158
0.028229,0.00015259,4.9158
0.024567,0.0022888,4.9231
0.021362,0.0053406,4.9207
0.021057,0.007782,4.9243
0.023041,0.0099182,4.9268
0.02533,0.010529,4.9316
0.025787,0.0090027,4.928
0.025177,0.0074768,0.063477
0.024414,0.0074768,0.062256
0.023651,0.0064087,0.062256
0.026093,0.0059509,0.06958
0.029449,0.0048828,0.061035
0.037842,0.0042725,0.062256
0.034332,0.0039673,0.059814
0.034637,0.0033569,0.072021
0.029602,0.005188,0.065918
0.026703,0.0076294,0.064697
0.026245,0.0090027,0.062256
0.026245,0.010986,0.068359
0.028076,0.0057983,0.062256
0.028687,0.010834,0.061035
0.027313,0.0083923,0.058594
0.026093,0.005188,0.058594
0.023956,0.0022888,0.05249
0.023804,0,0.053711
0.024719,-0.0016785,0.053711
0.024719,-0.0047302,0.047607
0.024261,-0.0076294,0.046387
0.020752,-0.0099182,0.048828
0.019989,-0.012054,0.061035
0.014191,-0.011597,0.046387
0.01297,-0.0099182,0.054932
0.014343,-0.0073242,0.045166
0.018158,-0.0041199,0.031738
0.026855,-0.0012207,0.037842
0.027618,0.0010681,0.042725
0.032043,0.0019836,0.039063
0.036621,0.002594,0.037842
0.039825,0.0041199,0.037842
0.042267,0.0054932,0.041504
0.044098,0.0076294,0.039063
0.043488,0.0074768,0.037842
0.040588,0.0050354,0.037842
0.033417,0.0012207,0.042725
0.025482,-0.0045776,0.040283
0.016479,-0.0082397,0.043945
0.0097656,-0.011597,0.053711
0.0056458,-0.013733,0.047607
0.0048828,-0.015564,0.047607
0.0073242,-0.019073,0.054932
0.010223,-0.020905,0.05127
0.016174,-0.021667,0.056152
0.014496,-0.022736,0.042725
0.016174,-0.019226,0.059814
0.019989,-0.015106,0.058594
0.024719,-0.0085449,0.058594
0.028229,-0.0019836,0.061035
0.029907,0.0012207,0.059814
0.030518,0.0042725,0.063477
0.03067,0.0050354,0.057373
0.029602,0.0067139,0.064697
0.03067,0.007782,0.059814
0.032654,0.0074768,0.064697
0.034943,0.0074768,0.064697
0.036469,0.0048828,0.065918
0.038147,0.00091553,0.076904
0.037994,0.0024414,0.067139
0.036316,-0.0022888,0.070801
0.034637,-0.0012207,0.061035
0.033722,-0.00076294,0.046387
0.033112,0.00045776,0.059814
0.032501,-0.0013733,0.053711
0.027771,-0.0053406,0.046387
0.023956,-0.0094604,0.050049
0.020599,-0.014343,0.047607
0.018158,-0.014954,0.048828
0.017395,-0.013123,0.042725
0.019684,-0.011292,0.043945
0.020142,-0.0080872,0.041504
0.020447,-0.0071716,0.045166
0.018768,-0.0082397,0.046387
0.017548,-0.0053406,0.043945
0.017395,-0.0041199,0.039063
0.019379,0.00061035,0.041504
0.020142,0.0038147,0.039063
0.020294,0.0047302,4.5007
0.019836,0.0028992,4.8804
0.018768,0.00076294,4.906
0.020447,-0.00030518,4.9133
0.019989,0.00061035,4.9158
0.019684,0.0021362,4.9133
0.019379,0.0019836,4.9109
0.018616,0.00091553,4.9109
0.018158,-0.0015259,4.9084
0.018616,-0.0045776,4.9133
0.019379,-0.0019836,4.9158
0.018158,-0.0035095,4.9182
0.017853,-0.00015259,4.9182
0.016937,0.00076294,4.9255
0.017242,-0.00061035,4.9231
0.018311,-0.0016785,4.9304
0.019989,-0.0027466,4.9438
0.021362,-0.0048828,4.9158
0.020905,-0.0068665,4.9329
0.020447,-0.0076294,4.9329
0.019073,-0.0064087,4.9194
0.017395,-0.0045776,4.9268
0.016785,-0.00030518,4.9329
0.014801,0.0030518,4.9268
0.014343,0.005188,4.9316
0.014191,0.0061035,4.9304
0.014496,0.0047302,4.9377
0.014954,0.0038147,4.9353
0.015411,0.0030518,4.9329
0.016785,0.0054932,4.9304
0.019073,0.0076294,4.9365
0.022125,0.0080872,4.9304
0.020905,0.0064087,4.9304
0.019379,0.0048828,4.9329
0.016327,0.004425,4.9146
0.015869,0.002594,4.9292
0.014191,0.0038147,4.9219
0.013275,0.005188,4.9316
0.01358,0.0065613,4.9182
0.015259,0.0068665,4.9194
0.015717,0.0071716,4.917
0.018158,0.0064087,4.9109
0.019989,0.0064087,4.9146
0.022278,0.0071716,4.9158
0.022888,0.007782,4.9097
0.022888,0.0082397,4.9146
0.022278,0.0074768,4.9084
0.020294,0.0080872,4.906
0.017548,0.0067139,4.9109
0.013733,0.0065613,4.9109
0.0099182,0.0067139,4.9133
0.0083923,0.0065613,4.9133
0.0061035,0.0073242,4.9268
0.007019,0.0067139,4.9121
0.0064087,0.0041199,4.9158
0.0065613,0.0021362,4.9121
0.0080872,-0.00091553,4.9048
0.009613,-0.0012207,4.9158
0.012207,-0.00045776,4.9158
0.014496,0.0010681,4.9146
0.017242,0.0039673,4.9231
0.018311,0.0064087,4.9219
0.019226,0.0071716,4.9255
0.019073,0.0074768,4.9255
0.019531,0.0057983,4.9341
0.020905,0.0061035,4.9255
0.024261,0.0061035,4.9329
0.028229,0.0065613,4.9341
0.030212,0.0065613,4.9365
0.031586,0.0039673,4.9304
0.033722,0.0021362,4.9353
0.032959,-0.00045776,0.057373
0.032043,-0.00045776,0.062256
0.032196,0.0027466,0.073242
0.03006,0.004425,0.064697
0.027618,0.0041199,0.05249
0.023346,0.0032043,0.064697
0.02243,0.00091553,0.061035
0.020447,-0.0021362,0.061035
0.020905,-0.00091553,0.063477
0.021515,-0.0015259,0.054932
0.02121,-0.00076294,0.059814
0.022125,-0.00076294,0.054932
0.021667,-0.0012207,0.054932
0.022736,-0.0013733,0.043945
0.023346,0.0010681,0.05249
0.023651,-0.00015259,0.046387
0.024109,0.00076294,0.048828
0.020599,0.0018311,0.054932
0.025635,0.0041199,0.045166
0.027466,0.0028992,0.045166
0.028229,0.0032043,0.043945
0.029449,0.002594,0.021973
0.03006,0.0021362,0.039063
0.028992,0.002594,0.040283
0.03067,0.0013733,0.037842
0.030365,-0.0010681,0.036621
0.032501,-0.0012207,0.03418
0.032196,-0.0021362,0.042725
0.030823,-0.00061035,0.037842
0.027618,0.00015259,0.040283
0.023651,0.0047302,0.036621
0.021362,0.0015259,0.037842
0.018768,0.00091553,0.041504
0.020142,0.00015259,0.045166
0.019531,-0.00076294,0.043945
0.019684,0.00015259,0.047607
0.020447,0.0028992,0.041504
0.020599,0.0054932,0.05249
0.021362,0.0064087,0.068359
0.023499,0.0064087,0.053711
0.025635,0.0021362,0.046387
0.026245,0.00045776,0.061035
0.025787,0.0035095,0.056152
0.023499,0.0074768,0.059814
0.024109,0.010986,0.064697
0.023346,0.01297,0.058594
0.023651,0.011597,0.062256
0.023651,0.0097656,0.057373
0.023193,0.0074768,0.061035
0.022888,0.0054932,0.058594
0.023346,0.0056458,0.067139
0.024567,0.0053406,0.068359
0.023651,0.0048828,0.067139
0.023651,0.002594,0.074463
0.021515,0.0015259,0.06958
0.018616,-0.0010681,0.062256
0.018921,-0.0015259,0.063477
0.018768,-0.0019836,0.063477
0.018921,-0.0024414,0.056152
0.019073,-0.0019836,0.054932
0.01709,-0.0013733,0.05127
0.018158,0,0.05127
0.018158,-0.00045776,0.050049
0.020142,-0.0024414,0.048828
0.023193,-0.0047302,0.042725
0.024872,-0.0088501,0.05127
0.026093,-0.009613,0.042725
0.025177,-0.011292,0.043945
0.021973,-0.0062561,0.042725
0.018311,-0.0019836,0.046387
0.019073,0.0012207,0.037842
0.018311,0.00091553,0.042725
0.018005,-0.00076294,0.053711
0.018158,-0.0054932,0.036621
0.020294,-0.0056458,0.046387
0.021667,-0.0061035,0.040283
0.023651,-0.0050354,0.026855
0.022736,-0.0057983,0.0354
0.025482,-0.0083923,2.2302
0.025177,-0.011444,4.751
0.025482,-0.012054,4.8962
0.02533,-0.011902,4.9036
0.022583,-0.0093079,4.9109
0.024719,-0.0076294,4.9109
0.025024,-0.0062561,4.8926
0.022278,-0.0041199,4.9146
0.021057,-0.0032043,4.9219
0.020294,-0.0024414,4.9243
0.020905,-0.0016785,4.928
0.022888,-0.0033569,4.9341
0.024414,-0.0036621,4.928
0.026855,-0.0027466,4.9329
0.028992,-0.0047302,4.9353
0.03006,-0.0033569,4.9426
0.029907,0.00030518,4.9268
0.03067,0.0030518,4.9304
0.031281,0.004425,4.9292
0.028534,0.0039673,4.9329
0.029297,0.0042725,4.9316
0.026703,0.0038147,4.9377
0.026703,0.0038147,4.9353
0.027313,0.0038147,4.9365
0.027313,0.0019836,4.9329
0.027466,-0.00030518,4.9365
0.024109,-0.0033569,4.9304
0.024872,-0.005188,4.9329
0.023804,-0.0028992,4.9268
0.022125,-0.0015259,4.9304
0.019989,0,4.9377
0.017548,0.00030518,4.9304
0.014648,-0.0016785,4.9243
0.013123,-0.0019836,4.9194
0.011902,-0.0021362,4.9048
0.012512,0.00015259,4.9182
0.013123,0.0016785,4.917
0.012512,0.0024414,4.9121
0.01236,0.00045776,4.9158
0.012054,-0.0018311,4.9072
0.013275,-0.0019836,4.9121
0.014954,-0.00045776,4.9109
0.014038,0.0019836,4.9109
0.013885,0.0054932,4.9072
0.013275,0.005188,4.917
0.012817,0.004425,4.9158
0.013428,0.0035095,4.9133
0.016022,0.0030518,4.906
0.018311,0.0039673,4.9146
0.019989,0.0038147,4.9109
0.020752,0.0035095,4.9133
0.021057,0.0042725,4.9146
0.021515,0.0039673,4.9146
0.02121,0.0050354,4.9072
0.02182,0.0054932,4.9146
0.02121,0.0071716,4.9207
0.020294,0.0079346,4.9194
0.017853,0.0097656,4.9255
0.017395,0.010986,4.9219
0.015259,0.010986,4.928
0.015411,0.010986,4.9304
0.016022,0.0099182,4.9316
0.016937,0.007782,4.9268
0.017853,0.0065613,4.9341
0.016937,0.0062561,4.9316
0.015259,0.0074768,4.9329
0.014038,0.0097656,4.9451
0.013275,0.011139,4.9329
0.011292,0.011902,4.9341
0.0093079,0.010986,4.9353
0.0080872,0.0093079,4.9255
0.0067139,0.0082397,4.9255
0.0050354,0.0082397,0.067139
0.0056458,0.0094604,0.067139
0.0054932,0.010681,0.064697
0.0059509,0.010376,0.059814
0.0071716,0.009613,0.061035
0.0080872,0.0080872,0.056152
0.0074768,0.0064087,0.053711
0.0074768,0.0074768,0.048828
0.0064087,0.0083923,0.05249
0.0059509,0.0091553,0.050049
0.0032043,0.009613,0.050049
0.0015259,0.0090027,0.050049
0.0010681,0.0065613,0.050049
-0.00030518,0.0048828,0.053711
0.0016785,0.0039673,0.048828
0.0033569,0.0042725,0.053711
0.0064087,0.0059509,0.040283
0.0091553,0.0083923,0.028076
0.011292,0.011292,0.039063
0.015259,0.012665,0.039063
0.0177,0.012054,0.037842
0.019226,0.014343,0.037842
0.020752,0.015717,0.0354
0.019836,0.01709,0.040283
0.018005,0.019684,0.037842
0.016632,0.019684,0.042725
0.015869,0.018463,0.037842
0.016632,0.014648,0.040283
0.017853,0.011444,0.045166
0.018921,0.0083923,0.045166
0.022278,0.007019,0.057373
0.022583,0.0067139,0.050049
0.023651,0.0071716,0.064697
0.023804,0.0065613,0.054932
0.023193,0.0045776,0.050049
0.02182,0.0024414,0.057373
0.019379,0.0018311,0.061035
0.016327,0.0019836,0.054932
0.014496,0.0021362,0.062256
0.013123,0.0019836,0.059814
0.011444,0,0.062256
0.012207,-0.0012207,0.057373
0.011902,0.0018311,0.062256
0.01297,-0.00076294,0.059814
0.013733,-0.00045776,0.062256
0.016022,0,0.067139
0.018311,-0.00091553,0.068359
0.021515,-0.00091553,0.067139
0.02243,-0.00091553,0.067139
0.022583,0,0.072021
0.022125,0.0021362,0.062256
0.021362,0.0032043,0.070801
0.020905,0.0027466,0.057373
0.02182,-0.0024414,0.045166
0.022583,-0.00030518,0.05249
0.023804,-0.0018311,0.05249
0.025482,-0.0013733,0.048828
0.026703,-0.0015259,0.046387
0.027161,-0.0019836,0.046387
0.027771,-0.0027466,0.047607
0.028839,-0.0032043,0.046387
0.028992,-0.0022888,0.045166
0.028687,-0.0012207,0.045166
0.027466,-0.00045776,0.048828
0.025787,-0.00015259,0.041504
0.024567,-0.00045776,0.041504
0.023346,-0.0015259,0.046387
0.020599,0,0.042725
0.023193,0,0.036621
0.023041,0.0038147,0.040283
0.022888,0.0047302,0.026855
0.02182,0.0042725,0.0354
0.02121,0.00030518,0.032959
0.023651,-0.0030518,0.040283
0.02121,-0.005188,0.041504
0.020447,-0.0045776,0.0354
0.020599,-0.0024414,0.042725
0.020905,0.00030518,0.045166
0.020294,0.0039673,4.1162
0.018768,0.0024414,4.8621
0.019989,0,4.9182
0.020599,0.0027466,4.9158
0.020447,0.0013733,4.9255
0.021057,0.0021362,4.9243
0.021515,0.0022888,4.9292
0.024109,0.0021362,4.9353
0.025787,0.0019836,4.9316
0.027008,0.0019836,4.9414
0.028839,0.0059509,4.9292
0.029602,0.002594,4.9207
0.026703,0.0022888,4.9292
0.028076,0.0019836,4.9304
0.027313,0.00076294,4.9316
0.025024,-0.00015259,4.9329
0.026398,-0.0036621,4.9329
0.02533,-0.0067139,4.9353
0.023041,-0.007782,4.9292
0.020905,-0.0079346,4.9353
0.018616,-0.0067139,4.9304
0.017548,-0.0048828,4.9341
0.0177,0.00045776,4.9304
0.018158,-0.00030518,4.9304
0.019989,0.0012207,4.9304
0.021362,0.0027466,4.928
0.024109,0.0036621,4.9243
0.023193,0.0038147,4.9207
0.028687,0.00030518,4.9316
0.029449,0.0041199,4.9182
0.029907,0.0030518,4.9121
0.030518,0.0016785,4.9158
0.029755,0.00030518,4.9146
0.028229,0.00030518,4.8987
0.025635,-0.00076294,4.9133
0.023193,-0.00091553,4.9036
0.022583,-0.0018311,4.9133
0.020752,-0.0039673,4.9097
0.020294,-0.0050354,4.9084
0.019989,-0.0062561,4.9097
0.020294,-0.0067139,4.9146
0.020599,-0.0076294,4.9072
0.018463,-0.009613,4.9109
0.021057,-0.012817,4.9243
0.020752,-0.015869,4.9109
0.019989,-0.015564,4.9182
0.019379,-0.013428,4.9146
0.019073,-0.0090027,4.8975
0.017548,-0.0042725,4.9146
0.017242,-0.002594,4.9182
0.018311,-0.0027466,4.9268
0.019379,-0.004425,4.9194
0.020752,-0.0057983,4.9194
0.026245,-0.0041199,4.9255
0.027161,0.00015259,4.9304
0.030365,0.0033569,4.9329
0.033417,0.0047302,4.928
0.03479,0.0050354,4.9353
0.037537,0.0032043,4.9304
0.036926,0.0024414,4.9353
0.0354,0.0021362,4.939
0.033875,0.002594,4.9292
0.031281,0.0028992,4.9329
0.028839,0.0015259,4.9365
0.02594,0.0019836,4.9451
0.025177,0.0035095,4.9341
0.023651,0.0019836,4.9207
0.024261,0.0019836,4.9353
0.024261,0.0024414,4.9341
0.024567,0.0018311,4.9316
0.024719,0.0018311,4.9329
0.023346,0.002594,4.9304
0.025024,0.0036621,0.058594
0.022583,0.0027466,0.053711
0.019836,0.0024414,0.053711
0.015869,-0.0024414,0.050049
0.012817,-0.0054932,0.050049
0.0099182,-0.0068665,0.048828
0.0073242,-0.005188,0.047607
0.0065613,-0.0019836,0.056152
0.010529,-0.00076294,0.045166
0.0062561,-0.00045776,0.05249
0.0062561,-0.0038147,0.03418
0.0082397,-0.0065613,0.030518
0.011139,-0.0086975,0.037842
0.013733,-0.0086975,0.037842
0.016632,-0.0062561,0.037842
0.018768,-0.0038147,0.039063
0.019379,-0.0019836,0.037842
0.019379,-0.0016785,0.041504
0.019684,-0.0019836,0.037842
0.021057,-0.0013733,0.042725
0.022736,0.0010681,0.03418
0.021515,0.0035095,0.042725
0.023499,0.0045776,0.045166
0.022583,0.0038147,0.047607
0.021057,0.00091553,0.047607
0.019531,-0.0018311,0.048828
0.019226,-0.0024414,0.05249
0.019836,0.00030518,0.054932
0.019379,0.0033569,0.059814
0.018616,0.0050354,0.057373
0.016785,0.0047302,0.056152
0.014038,0.004425,0.058594
0.011139,0.0045776,0.061035
0.012207,0.0053406,0.061035
0.013275,0.0061035,0.061035
0.013885,0.0056458,0.058594
0.01297,0.0056458,0.062256
0.0097656,0.004425,0.061035
0.0068665,0.0048828,0.063477
0.0035095,0.0061035,0.063477
0.0024414,0.0056458,0.067139
0.0021362,0.005188,0.065918
0.0022888,0.0032043,0.067139
0.0041199,0.0015259,0.081787
0.0038147,0.0021362,0.067139
0.0042725,0.0032043,0.062256
0.0056458,0.0035095,0.059814
0.0071716,0.0024414,0.039063
0.009613,0.00076294,0.054932
0.01236,0.00015259,0.05249
0.015106,0.0010681,0.05127
0.016022,0.0045776,0.050049
0.016479,0.0080872,0.0354
0.015717,0.007782,0.05127
0.014648,0.0085449,0.042725
0.014496,0.0050354,0.046387
0.015411,0.0022888,0.042725
0.016174,0.00015259,0.045166
0.0177,-0.0013733,0.043945
0.018005,-0.00015259,0.042725
0.017853,0.00045776,0.040283
0.017242,0.00091553,0.040283
0.018463,0.0013733,0.042725
0.019073,0.0024414,0.041504
0.019989,0.0039673,0.046387
0.02121,0.0061035,0.037842
0.02182,0.0079346,0.030518
0.020294,0.0082397,0.040283
0.021973,0.0090027,0.040283
0.02121,0.0073242,0.039063
0.02243,0.0074768,0.043945
0.023651,0.0068665,0.042725
0.02533,0.0059509,0.046387
0.02655,0.0059509,0.045166
0.02655,0.002594,0.05127
0.026703,0.0047302,0.048828
0.024261,0.0035095,0.058594
0.023041,0.0016785,0.058594
0.022125,-0.00061035,3.4619
0.021667,-0.0016785,4.8474
0.021515,-0.0038147,4.9243
0.019379,-0.0059509,4.9329
0.017242,-0.0080872,4.9329
0.014801,-0.0083923,4.928
0.014496,-0.0083923,4.9304
0.013275,-0.0074768,4.9255
0.014343,-0.005188,4.928
0.015869,-0.0024414,4.9292
0.017548,-0.00091553,4.9341
0.018921,0.0010681,4.9377
0.02121,0.00030518,4.9365
0.023041,-0.0022888,4.9353
0.024719,-0.0039673,4.9341
0.027161,-0.0048828,4.9329
0.029449,-0.0059509,4.9316
0.031128,-0.0048828,4.9292
0.030823,-0.0085449,4.9243
0.031128,-0.0028992,4.928
0.031433,-0.0042725,4.928
0.030365,-0.0074768,4.9207
0.029602,-0.0080872,4.9292
0.028687,-0.0074768,4.9182
0.028534,-0.0064087,4.9048
0.02655,-0.0045776,4.9133
0.026855,-0.0053406,4.9146
0.025787,-0.0064087,4.9072
0.025635,-0.0093079,4.9158
0.027008,-0.0088501,4.9084
0.027771,-0.0073242,4.9109
0.028534,-0.0038147,4.9109
0.027466,0.00045776,4.9097
0.026398,0.0015259,4.9097
0.02533,0.0028992,4.9158
0.024109,0.00091553,4.9109
0.022125,-0.0015259,4.9109
0.02182,-0.00045776,4.9146
0.02243,0.0013733,4.906
0.022583,0.0050354,4.9109
0.022278,0.0071716,4.9133
0.022583,0.0076294,4.906
0.023804,0.0065613,4.917
0.023346,0.0042725,4.9023
0.024109,0.002594,4.9231
0.024109,0.0015259,4.9194
0.022278,0.0018311,4.9219
0.019989,0.00045776,4.9255
0.0177,-0.0012207,4.9304
0.016174,-0.0048828,4.9207
0.014801,-0.010681,4.928
0.015259,-0.012817,4.9353
0.016785,-0.01297,4.9292
0.017395,-0.010529,4.9329
0.0177,-0.0068665,4.9304
0.0177,-0.0054932,4.9316
0.020752,-0.0053406,4.939
0.017242,-0.0071716,4.9365
0.017395,-0.0097656,4.9426
0.018311,-0.011139,4.9329
0.017548,-0.009613,4.9219
0.016327,-0.0082397,4.9353
0.013885,-0.0085449,4.9341
0.011444,-0.010223,4.9316
0.011292,-0.013275,4.9329
0.013275,-0.015564,4.928
0.014343,-0.016937,4.9292
0.017548,-0.014648,4.9219
0.020447,-0.012054,4.9255
0.021973,-0.0088501,4.9182
0.023041,-0.0074768,4.9194
0.025177,-0.007782,4.917
0.02655,-0.0088501,4.9194
0.028992,-0.0090027,0.047607
0.030212,-0.0083923,0.047607
0.029755,-0.007782,0.042725
0.028229,-0.0061035,0.042725
0.023956,-0.0035095,0.0354
0.021362,-0.0048828,0.040283
0.019989,-0.0028992,0.039063
0.021362,-0.005188,0.036621
0.02533,-0.0068665,0.037842
0.026245,-0.0085449,0.036621
0.029602,-0.0094604,0.040283
0.030365,-0.0088501,0.036621
0.029144,-0.0074768,0.037842
0.026245,-0.0041199,0.037842
0.022736,-0.0033569,0.046387
0.018921,-0.0021362,0.041504
0.015717,-0.002594,0.048828
0.011902,-0.0030518,0.043945
0.009613,-0.0035095,0.047607
0.0083923,-0.004425,0.05249
0.0082397,-0.0048828,0.054932
0.010834,-0.0071716,0.064697
0.016479,-0.0091553,0.056152
0.024872,-0.010986,0.046387
0.028381,-0.010223,0.058594
0.032349,-0.0080872,0.061035
0.032806,-0.0048828,0.059814
0.030365,-0.00076294,0.061035
0.027008,0,0.058594
0.025024,-0.0016785,0.047607
0.02182,-0.011749,0.061035
0.020752,-0.0082397,0.058594
0.019684,-0.0099182,0.057373
0.018768,-0.0079346,0.06958
0.017242,-0.0042725,0.064697
0.016937,-0.00045776,0.06958
0.015411,0.0035095,0.076904
0.017242,0.0050354,0.063477
0.019379,0.0038147,0.061035
0.021973,0.005188,0.061035
0.023651,0.007782,0.058594
0.024872,0.011597,0.053711
0.025024,0.016327,0.053711
0.024567,0.017853,0.048828
0.024261,0.018158,0.05127
0.023041,0.014801,0.045166
0.02182,0.012207,0.047607
0.017395,0.010529,0.045166
0.012054,0.011139,0.043945
0.0059509,0.011139,0.041504
0,0.0086975,0.046387
-0.0030518,0.0033569,0.039063
-0.0027466,-0.0045776,0.041504
0.00045776,-0.011902,0.040283
0.0045776,-0.018005,0.041504
0.0073242,-0.018768,0.05127
0.0083923,-0.014343,0.041504
0.0086975,-0.0068665,0.053711
0.0090027,0.0021362,0.039063
0.010986,0.0094604,0.029297
0.012817,0.014496,0.039063
0.014801,0.019836,0.03418
0.015869,0.021973,0.039063
0.019379,0.028992,0.042725
0.022736,0.031586,0.041504
0.025482,0.030823,0.047607
0.029907,0.027771,0.046387
0.034027,0.022125,0.057373
0.037689,0.015717,0.050049
0.037994,0.012207,0.058594
0.034485,0.010529,0.057373
0.028229,0.011444,0.061035
0.018768,0.012512,0.056152
0.0086975,0.011597,0.062256
0.0013733,0.0080872,0.063477
-0.002594,0.0035095,0.058594
-0.0028992,-0.00015259,0.070801
-0.0010681,-0.0022888,3.0994
0.002594,-0.0010681,4.8181
0.0059509,0.00045776,4.9182
0.0083923,0.0021362,4.9304
0.010223,0.0021362,4.9329
0.013123,0.0018311,4.9341
0.017548,0.0032043,4.9243
0.012665,0.0059509,4.9353
0.0083923,0.0090027,4.9329
0.0022888,0.012054,4.9341
-0.0039673,0.011902,4.9243
-0.0080872,0.0099182,4.9292
-0.0097656,0.0080872,4.9255
-0.0071716,0.0061035,4.9255
-0.0033569,0.0059509,4.9353
-0.00076294,0.0064087,4.9231
0.005188,0.0085449,4.9084
0.007782,0.0099182,4.9194
0.011749,0.011292,4.8999
0.015259,0.01297,4.9133
0.020447,0.013275,4.9158
0.023651,0.013275,4.9097
0.027313,0.011749,4.9109
0.027618,0.010376,4.9097
0.025177,0.0073242,4.9109
0.022888,0.0042725,4.9109
0.021362,0.0028992,4.9097
0.022583,0.0015259,4.9109
0.025024,-0.0012207,4.9133
0.026398,-0.004425,4.9109
0.027161,-0.0068665,4.9097
0.025635,-0.0064087,4.9072
0.023193,-0.0067139,4.9109
0.02243,-0.0035095,4.9133
0.022583,-0.00030518,4.9133
0.025024,0.0030518,4.9207
0.023041,0.0042725,4.9158
0.020599,0.0045776,4.9084
0.016022,0.0022888,4.9231
0.010681,0.0013733,4.9207
0.0065613,0.0012207,4.9243
0.0047302,0.00045776,4.9255
0.007019,-0.00076294,4.9255
0.014648,-0.0032043,4.9292
0.015259,-0.0059509,4.9304
0.019836,-0.0079346,4.9341
0.021057,-0.0074768,4.9377
0.023499,-0.0056458,4.9341
0.025482,-0.0028992,4.928
0.028687,-0.00076294,4.9329
0.03418,0.0039673,4.9402
0.034027,0.00061035,4.9353
0.034485,-0.0010681,4.9316
0.030212,0.0013733,4.9365
0.028076,0.0033569,4.9341
0.027161,0.0057983,4.9353
0.029755,0.0056458,4.9341
0.034332,0.0056458,4.9304
0.039063,-0.0016785,4.9316
0.039978,-0.005188,4.9316
0.041504,-0.0073242,4.9292
0.037079,-0.0064087,4.9207
0.032196,-0.0061035,4.9243
0.028534,-0.0019836,4.9182
0.027771,-0.0019836,4.9194
0.022583,-0.002594,4.9182
0.02594,-0.0048828,4.9194
0.024261,-0.0047302,4.9146
0.02243,-0.0061035,4.9158
0.021057,-0.0056458,4.9243
0.02182,-0.0059509,4.9109
0.025482,-0.0074768,4.9231
0.029602,-0.010223,4.9084
0.032806,-0.012817,0.098877
0.032806,-0.013733,0.032959
0.029449,-0.012054,0.042725
0.024719,-0.0065613,0.041504
0.022125,0.00030518,0.040283
0.022278,0.0067139,0.0354
0.026855,0.010529,0.041504
0.032654,0.014038,0.039063
0.036163,0.015411,0.041504
0.035248,0.014954,0.041504
0.037689,0.014038,0.047607
0.036011,0.012207,0.047607
0.03479,0.0085449,0.053711
0.035095,0.0054932,0.068359
0.03418,0.0030518,0.054932
0.033112,-0.0018311,0.056152
0.028992,-0.0024414,0.061035
0.024414,-0.0028992,0.048828
0.020905,-0.0013733,0.058594
0.020599,-0.00045776,0.059814
0.021667,0.0015259,0.062256
0.025635,0.0033569,0.062256
0.03006,0.0041199,0.059814
0.032196,0.0024414,0.062256
0.032959,0.00015259,0.061035
0.031433,-0.0038147,0.059814
0.029907,-0.0033569,0.062256
0.029297,-0.0033569,0.065918
0.028534,-0.0033569,0.063477
0.027618,-0.0042725,0.062256
0.028229,-0.0064087,0.068359
0.02594,-0.0079346,0.065918
0.026855,-0.0074768,0.06958
0.024872,-0.005188,0.059814
0.024567,-0.00045776,0.073242
0.026245,0.0033569,0.054932
0.027924,0.0028992,0.05249
0.029602,0.0012207,0.05127
0.027924,-0.002594,0.05127
0.024872,-0.0062561,0.048828
0.022125,-0.0062561,0.047607
0.019836,-0.005188,0.045166
0.019073,-0.0050354,0.047607
0.020294,-0.0042725,0.042725
0.023193,-0.0048828,0.045166
0.024109,-0.0048828,0.039063
0.02533,-0.0061035,0.043945
0.027161,0.0015259,0.041504
0.028687,0.0064087,0.040283
0.031433,0.0090027,0.042725
0.032349,0.007782,0.041504
0.034485,0.0054932,0.040283
0.036469,0.0015259,0.039063
0.036163,-0.002594,0.028076
0.033569,-0.0022888,0.039063
0.032654,-0.0030518,0.037842
0.030518,-0.0047302,0.039063
0.03006,-0.0062561,0.040283
0.029144,-0.0065613,0.041504
0.028534,-0.010529,0.047607
0.027161,-0.011902,0.046387
0.025024,-0.014648,0.053711
0.022736,-0.0091553,0.05127
0.020447,-0.0064087,0.054932
0.018158,-0.004425,0.057373
0.018616,-0.0041199,0.061035
0.018463,-0.0048828,0.054932
0.018463,-0.0065613,0.063477
0.017395,-0.0062561,0.061035
0.019531,-0.004425,0.061035
0.021057,-0.0016785,0.070801
0.02182,0.0022888,0.061035
0.023193,0.0042725,0.042725
0.021057,0.0054932,0.059814
0.025482,0.0039673,0.064697
0.025482,0.002594,0.063477
0.024261,0.0036621,0.064697
0.021515,0.0021362,2.1765
0.019073,0.0039673,4.7717
0.01709,0.0056458,4.9194
0.016937,0.0061035,4.9255
0.016937,0.0038147,4.9268
0.016937,-0.00045776,4.9292
0.018005,-0.0033569,4.9207
0.017242,-0.0059509,4.9255
0.015564,-0.0062561,4.9268
0.013885,-0.0057983,4.9207
0.013428,-0.0067139,4.9194
0.012054,-0.007019,4.9219
0.010986,-0.0090027,4.9158
0.0099182,-0.010986,4.9146
0.007782,-0.012512,4.9121
0.007019,-0.011292,4.9121
0.007019,-0.010529,4.9084
0.0091553,-0.0094604,4.9097
0.011444,-0.0065613,4.9109
0.014343,-0.0056458,4.9084
0.014038,-0.0047302,4.9084
0.014191,-0.0047302,4.906
0.013275,-0.0039673,4.9133
0.011902,-0.0019836,4.9084
0.011292,-0.00015259,4.9121
0.011902,0.0024414,4.9097
0.013275,0.0050354,4.9146
0.014954,0.005188,4.9243
0.016937,0.0053406,4.9158
0.017548,0.0038147,4.9243
0.018463,0.0022888,4.9158
0.018005,0.0021362,4.9084
0.018768,0.0022888,4.9207
0.020142,0.0030518,4.9219
0.02121,0.0028992,4.9219
0.022278,0.00030518,4.9255
0.022125,-0.0016785,4.9243
0.020905,-0.0050354,4.9158
0.018311,-0.0067139,4.9292
0.014954,-0.0057983,4.9329
0.013428,-0.0035095,4.9304
0.011292,-0.0024414,4.9329
0.010071,-0.00030518,4.9304
0.0091553,0.00015259,4.9329
0.0083923,-0.00030518,4.9353
0.0079346,-0.0018311,4.9377
0.0083923,-0.0021362,4.9353
0.0094604,-0.0024414,4.9353
0.011749,-0.0018311,4.9451
0.013123,-0.0022888,4.9365
0.013428,-0.0022888,4.9341
0.013885,-0.0024414,4.9304
0.013123,-0.0018311,4.9304
0.01236,-0.0012207,4.9292
0.011902,0.0012207,4.9304
0.01236,0.0038147,4.9219
0.012512,0.0039673,4.9255
0.014648,0.0032043,4.9194
0.018311,0.0016785,4.9194
0.022278,0,4.917
0.025177,-0.0010681,4.9207
0.027924,-0.00015259,4.9158
0.029755,0.0012207,4.9158
0.033112,0.0028992,4.9292
0.034027,0.0041199,4.9158
0.034943,0.0038147,4.9146
0.034332,0.0038147,4.9084
0.032501,0.0047302,4.895
0.031128,0.0061035,4.9084
0.030212,0.007019,4.9133
0.028534,0.0090027,4.9072
0.028839,0.0064087,4.9072
0.027618,0.0019836,4.9048
0.027618,-0.0028992,4.9084
0.025635,-0.0085449,0.036621
0.024261,-0.010986,0.043945
0.021057,-0.011139,0.037842
0.018005,-0.0076294,0.047607
0.015869,-0.0059509,0.046387
0.013275,-0.0048828,0.047607
0.011902,-0.0050354,0.048828
0.011292,-0.0056458,0.053711
0.013885,-0.0036621,0.054932
0.014496,-0.00045776,0.057373
0.017242,0.0032043,0.067139
0.019836,0.0048828,0.059814
0.022278,0.0053406,0.048828
0.024414,0.0038147,0.061035
0.026855,0.0050354,0.062256
0.029144,-0.00015259,0.063477
0.030975,0.0013733,0.064697
0.033417,0.0041199,0.058594
0.03418,0.0059509,0.063477
0.034637,0.0068665,0.061035
0.036621,0.0056458,0.065918
0.038452,0.004425,0.063477
0.039368,0.0032043,0.06958
0.040741,0.0033569,0.065918
0.041046,0.004425,0.068359
0.040131,-0.002594,0.072021
0.037842,-0.00045776,0.059814
0.034637,-0.005188,0.062256
0.031281,-0.0090027,0.054932
0.027924,-0.015106,0.042725
0.024414,-0.01358,0.05249
0.022736,-0.012054,0.050049
0.02182,-0.0099182,0.048828
0.02182,-0.0073242,0.047607
0.022125,-0.0050354,0.046387
0.023041,-0.0028992,0.043945
0.023346,0.00015259,0.039063
0.023346,0.0036621,0.048828
0.023651,0.0074768,0.039063
0.023041,0.0093079,0.042725
0.026855,0.012207,0.042725
0.024261,0.012054,0.043945
0.024567,0.010529,0.040283
0.025177,0.0093079,0.042725
0.024414,0.0090027,0.042725
0.022736,0.0080872,0.041504
0.024719,0.0090027,0.042725
0.025635,0.012207,0.039063
0.025482,0.0080872,0.031738
0.02533,0.004425,0.037842
0.023956,0.0024414,0.040283
0.022583,0,0.045166
0.021667,-0.0024414,0.043945
0.02121,-0.004425,0.047607
0.02243,-0.0062561,0.057373
0.019836,-0.0082397,0.05249
0.019226,-0.010681,0.057373
0.019226,-0.011292,0.054932
0.020294,-0.011749,0.061035
0.021057,-0.0090027,0.05127
0.020599,-0.0080872,0.063477
0.020752,-0.0056458,0.075684
0.02243,-0.0042725,0.062256
0.021057,-0.0033569,0.062256
0.021973,-0.0028992,0.057373
0.023651,-0.0018311,0.05249
0.025177,-0.00091553,0.059814
0.026703,0.0013733,0.062256
0.027924,0.0013733,0.063477
0.031586,0.00076294,0.062256
0.031891,-0.00061035,0.059814
0.031738,-0.0028992,0.065918
0.030365,-0.0053406,0.062256
0.029297,-0.0073242,0.063477
0.027008,-0.0088501,0.057373
0.02533,-0.010223,0.059814
0.023956,-0.011139,0.054932
0.02182,-0.0088501,4.4104
0.020142,-0.009613,4.8877
0.019989,-0.010681,4.9158
0.019684,-0.011597,4.928
0.020447,-0.011139,4.9194
0.020752,-0.009613,4.9292
0.022125,-0.0065613,4.9133
0.023041,-0.0019836,4.9146
0.023346,0.0022888,4.9133
0.02594,0.0056458,4.9133
0.027618,0.0064087,4.9097
0.029144,0.0059509,4.9109
0.033875,0.005188,4.9084
0.031738,0.005188,4.9109
0.032654,0.007782,4.9048
0.031586,0.0074768,4.9109
0.031433,0.0064087,4.9097
0.030823,0.0039673,4.9146
0.03006,-0.00015259,4.9109
0.029297,-0.0039673,4.9133
0.027161,-0.0065613,4.917
0.023499,-0.007019,4.9146
0.021667,-0.0076294,4.917
0.019226,-0.0088501,4.9121
0.018616,-0.011444,4.9133
0.017242,-0.016174,4.9207
0.017242,-0.017395,4.9036
0.020752,-0.015564,4.9207
0.019836,-0.009613,4.928
0.021667,-0.0010681,4.9268
0.022583,0.0054932,4.928
0.023499,0.0091553,4.9292
0.023193,0.0076294,4.9365
0.02182,0.0073242,4.9304
0.020447,0.0027466,4.9329
0.018311,0.0059509,4.9304
0.015869,0.0073242,4.9353
0.013275,0.0068665,4.9304
0.011292,0.0048828,4.9353
0.011902,0.0033569,4.9426
0.013123,0.002594,4.9365
0.014496,0.004425,4.9451
0.015564,0.0071716,4.9365
0.015411,0.0083923,4.9194
0.015411,0.0068665,4.9316
0.013428,0.0036621,4.9329
0.013123,-0.0010681,4.9316
0.01236,-0.0050354,4.9292
0.013275,-0.0082397,4.9207
0.016022,-0.010223,4.9255
0.013733,-0.010529,4.9194
0.013885,-0.010071,4.9219
0.012207,-0.011749,4.9158
0.010529,-0.010681,4.9194
0.010223,-0.0073242,4.9182
0.010223,-0.0035095,4.917
0.011139,0.00061035,4.9219
0.011902,0.0053406,4.9146
0.012817,0.0068665,4.9084
0.015564,0.0074768,4.9133
0.015106,0.007782,4.8962
0.016937,0.0073242,4.9097
0.019379,0.0083923,4.9121
0.02243,0.0083923,4.9121
0.024109,0.009613,4.9097
0.025177,0.010681,4.9084
0.027924,0.010376,4.9084
0.024414,0.011292,4.9097
0.022583,0.011749,4.9133
0.020905,0.010376,4.9097
0.019073,0.0079346,4.9194
0.017395,0.0039673,4.917
0.0177,0.0015259,4.9207
0.017853,-0.0018311,0.05127
0.018463,-0.00091553,0.054932
0.019379,-0.00076294,0.061035
0.019379,0.00015259,0.059814
0.018921,0.0016785,0.072021
0.018616,0.0021362,0.059814
0.018311,0.0027466,0.05127
0.017853,0.0032043,0.062256
0.016937,0.0050354,0.059814
0.015717,0.0056458,0.058594
0.013885,0.0071716,0.061035
0.012054,0.007019,0.058594
0.011749,0.0065613,0.058594
0.012054,0.0080872,0.065918
0.013275,0.010376,0.06958
0.013733,0.011292,0.062256
0.012512,0.011749,0.068359
0.011749,0.010986,0.064697
0.010223,0.0083923,0.068359
0.0097656,0.0054932,0.072021
0.010986,0.0018311,0.063477
0.01236,0.00045776,0.059814
0.012665,0.0015259,0.058594
0.01358,0.0016785,0.05249
0.013275,0.0035095,0.048828
0.013275,0.0042725,0.054932
0.014801,0.0018311,0.045166
0.015717,-0.0033569,0.047607
0.018768,-0.00061035,0.047607
0.020142,-0.0038147,0.046387
0.02121,-0.0015259,0.040283
0.021667,0.0015259,0.043945
0.022125,0.0013733,0.039063
0.023041,0.0021362,0.041504
0.024567,0,0.043945
0.024567,-0.0016785,0.040283
0.024567,-0.0013733,0.041504
0.02182,-0.002594,0.047607
0.019073,0.0016785,0.053711
0.016937,-0.00030518,0.039063
0.016022,-0.00045776,0.048828
0.017548,-0.0019836,0.041504
0.014954,-0.0030518,0.025635
0.020905,-0.0038147,0.040283
0.022888,-0.0053406,0.042725
0.023651,-0.0056458,0.041504
0.023956,-0.0045776,0.042725
0.026703,-0.002594,0.046387
0.027618,0.00015259,0.05127
0.028381,0.0022888,0.05127
0.029602,0.004425,0.057373
0.029602,0.0041199,0.05249
0.03067,0.002594,0.062256
0.031433,0.00091553,0.063477
0.032959,-0.00045776,0.062256
0.03418,-0.00030518,0.075684
0.034027,0.0012207,0.062256
0.033417,0.0018311,0.059814
0.03006,0.0018311,0.063477
0.032959,0.0028992,0.068359
0.032806,0.0018311,0.059814
0.030823,0.0012207,0.068359
0.029907,0.0013733,0.063477
0.027161,0.00091553,0.070801
0.024567,0.00076294,0.063477
0.024567,-0.0010681,0.063477
0.02533,-0.0028992,0.063477
0.026855,-0.0045776,0.062256
0.028534,-0.0068665,0.056152
0.028381,-0.007019,0.061035
0.027008,-0.0083923,0.053711
0.023346,-0.0091553,0.054932
0.021973,-0.0094604,0.05127
0.021973,-0.0079346,0.050049
0.023651,-0.0042725,0.053711
0.024109,-0.00015259,0.047607
0.026703,0.002594,0.050049
0.030212,0.0038147,3.302
0.032806,0.0048828,4.8022
0.036774,0.0042725,4.906
0.039978,0.0047302,4.906
0.040436,0.004425,4.9084
0.039215,0.0054932,4.9097
0.037384,0.0045776,4.9097
0.032806,0.0019836,4.9097
0.032959,0.00030518,4.9133
0.030975,-0.0012207,4.9084
0.028381,-0.0032043,4.9048
0.027161,-0.0024414,4.9109
0.026245,-0.0019836,4.9109
0.029907,-0.0012207,4.9109
0.029144,-0.00030518,4.9097
0.029755,-0.0030518,4.9084
0.028687,-0.0057983,4.9158
0.026093,-0.0041199,4.9133
0.024872,-0.0039673,4.9243
0.024872,-0.0024414,4.9231
0.025177,-0.00091553,4.9084
0.026703,-0.0013733,4.917
0.026703,-0.0015259,4.9194
0.027313,-0.00045776,4.928
0.027771,-0.00061035,4.928
0.028839,0.00061035,4.9255
0.03067,0.0033569,4.9341
0.033264,0.0050354,4.9304
0.036926,0.007019,4.9353
0.0383,0.0080872,4.928
0.038757,0.0073242,4.9341
0.037994,0.007019,4.9304
0.037689,0.0056458,4.9316
0.037842,0.0041199,4.9475
0.036621,0.0015259,4.9426
0.036163,0.00061035,4.9341
0.033264,-0.0019836,4.9365
0.03067,-0.0048828,4.9231
0.027161,-0.0080872,4.9341
0.023804,-0.010223,4.9255
0.021973,-0.010681,4.9268
0.020905,-0.0091553,4.9268
0.020447,-0.0073242,4.9243
0.017548,-0.0048828,4.9255
0.020905,-0.0027466,4.9207
0.021057,-0.0022888,4.9194
0.021973,-0.00076294,4.917
0.02655,0.0035095,4.9182
0.029907,0.0050354,4.9158
0.032501,0.0068665,4.917
0.034637,0.01236,4.9158
0.034637,0.0053406,4.9048
0.035858,0.01297,4.9194
0.036926,0.014496,4.9133
0.035248,0.014191,4.9182
0.035553,0.010834,4.9084
0.034332,0.0065613,4.9023
0.034332,0.0030518,4.9121
0.033112,-0.0010681,4.9097
0.03067,-0.0016785,4.9072
0.027466,-0.0030518,4.9084
0.024414,-0.00045776,4.9097
0.02243,-0.0013733,4.8865
0.022583,-0.00076294,4.9072
0.022888,-0.00045776,4.917
0.023041,-0.0024414,4.9158
0.022736,0.0028992,4.9207
0.020599,0.0036621,4.9182
0.018768,0.0042725,4.9255
0.018768,0.0036621,4.9329
0.018616,0.002594,4.9255
0.019226,0.0012207,4.9292
0.018311,0.00045776,4.9304
0.014648,0.00091553,0.058594
0.015106,0.00015259,0.059814
0.012207,0.00015259,0.061035
0.011292,-0.0013733,0.057373
0.012054,-0.00015259,0.058594
0.014648,0.0030518,0.058594
0.016327,0.0056458,0.063477
0.017853,0.0074768,0.058594
0.017853,0.0032043,0.064697
0.016022,-0.0018311,0.065918
0.015259,-0.0086975,0.06958
0.015717,-0.013275,0.06958
0.018005,-0.013885,0.065918
0.018921,-0.010681,0.064697
0.018463,-0.0059509,0.065918
0.018768,-0.0024414,0.068359
0.017548,-0.0012207,0.057373
0.018158,-0.0012207,0.065918
0.020142,-0.0018311,0.053711
0.022583,-0.0010681,0.040283
0.024719,0.00045776,0.048828
0.025482,0.0013733,0.047607
0.025177,0.00091553,0.046387
0.023499,0.00045776,0.046387
0.021973,-0.0018311,0.039063
0.020752,-0.0033569,0.045166
0.019989,-0.0024414,0.039063
0.017548,-0.0013733,0.041504
0.014343,0.0012207,0.040283
0.010071,0.002594,0.041504
0.0059509,0.0041199,0.042725
0.0032043,0.004425,0.042725
0.0013733,0.0045776,0.05127
0.0028992,0.0050354,0.040283
0.0061035,0.0048828,0.040283
0.0094604,0.0039673,0.043945
0.012054,0.0027466,0.021973
0.014038,0.00045776,0.037842
0.015106,0.0027466,0.042725
0.015106,0.0033569,0.040283
0.016174,0.0035095,0.046387
0.016174,0.0035095,0.043945
0.016479,0.0024414,0.050049
0.016174,0.0018311,0.05127
0.014954,0.0015259,0.053711
0.014343,0.0027466,0.053711
0.013733,0.0035095,0.058594
0.013123,0.0033569,0.056152
0.014496,0.0021362,0.062256
0.016785,0.0010681,0.063477
0.018616,0.0010681,0.062256
0.020142,0.0019836,0.062256
0.019989,0.0045776,0.062256
0.018463,0.0061035,0.073242
0.017242,0.0057983,0.058594
0.016022,0.0071716,0.05127
0.016785,0.0057983,0.064697
0.017395,0.0050354,0.062256
0.018311,0.0042725,0.065918
0.019073,0.0041199,0.065918
0.019073,0.0039673,0.063477
0.018311,0.0030518,0.064697
0.019226,0.00076294,0.057373
0.022125,-0.0019836,0.063477
0.024567,-0.0028992,0.053711
0.02655,-0.0016785,0.056152
0.02594,0.00045776,0.054932
0.024109,0.0021362,0.05249
0.023651,0.0018311,0.05127
0.023041,0.0016785,0.047607
0.025024,-0.00045776,0.048828
0.027771,0.00045776,0.046387
0.031128,0.002594,0.042725
0.032959,0.0032043,0.043945
0.032043,0.0022888,0.039063
0.030365,-0.00076294,0.036621
0.027466,-0.0050354,0.043945
0.02655,-0.0091553,0.6311
0.025787,-0.010071,4.6619
0.025482,-0.0088501,4.8889
0.024719,-0.0076294,4.906
0.023193,-0.0053406,4.9048
0.021973,-0.0045776,4.9121
0.021057,-0.0035095,4.906
0.023041,-0.0016785,4.9146
0.024872,-0.00045776,4.9084
0.028229,0,4.9121
0.031738,0.0018311,4.9255
0.033417,0.0030518,4.9121
0.03479,0.0035095,4.9243
0.034943,-0.00091553,4.9231
0.034485,-0.0048828,4.9048
0.034027,-0.007782,4.9243
0.033264,-0.0094604,4.9231
0.032043,-0.0088501,4.9268
0.029602,-0.0061035,4.928
0.027618,-0.002594,4.9255
0.026093,-0.00091553,4.9353
0.025787,0,4.9304
0.025635,-0.00045776,4.9341
0.027466,-0.0016785,4.9268
0.028534,-0.0028992,4.9304
0.028534,-0.00091553,4.9304
0.027924,0.0021362,4.9329
0.026093,0.004425,4.9377
0.024719,0.0033569,4.9365
0.022888,0.00030518,4.9365
0.020905,-0.0015259,4.939
0.022125,-0.0027466,4.9475
0.024567,-0.00061035,4.9353
0.025482,0.002594,4.9219
0.026855,0.0036621,4.9329
0.027161,0.0074768,4.9268
0.028076,0.0057983,4.9231
0.029755,0.005188,4.9255
0.030823,0.0057983,4.9231
0.031433,0.0032043,4.9207
0.031586,0.0016785,4.9158
0.03006,0.0013733,4.9194
0.027466,-0.0027466,4.9158
0.024719,-0.0032043,4.9158
0.023651,-0.002594,4.9158
0.023651,-0.0018311,4.9146
0.024567,-0.0019836,4.9207
0.023651,-0.005188,4.9109
0.022583,-0.007019,4.917
0.021057,-0.0067139,4.9109
0.019989,-0.0071716,4.9011
0.021057,-0.0068665,4.9109
0.021362,-0.0056458,4.9084
0.023193,-0.0053406,4.9084
0.025177,-0.0045776,4.9097
0.024719,-0.0047302,4.9097
0.023346,-0.0053406,4.9133
0.023956,-0.0035095,4.9072
0.024719,-0.0028992,4.9158
0.026245,-0.0032043,4.9121
0.029144,-0.0036621,4.9207
0.031433,-0.0042725,4.9231
0.030823,-0.0019836,4.9231
0.03006,-0.00076294,4.9207
0.027466,0.007019,4.9292
0.025635,0.0016785,4.9243
0.02533,-0.0016785,4.9182
0.024567,-0.0050354,4.9377
0.030823,-0.0071716,4.9304
0.032959,-0.0064087,4.9146
0.032349,-0.0062561,4.928
0.028687,-0.0057983,4.9292
0.025635,-0.0068665,4.9316
0.02121,-0.0090027,0.062256
0.019379,-0.01236,0.061035
0.018005,-0.01358,0.063477
0.018158,-0.011902,0.064697
0.017853,-0.0086975,0.074463
0.014954,-0.0067139,0.063477
0.01709,-0.0053406,0.067139
0.017395,-0.0064087,0.063477
0.020294,-0.0054932,0.063477
0.02182,-0.0048828,0.076904
0.028687,-0.0038147,0.059814
0.031586,-0.0015259,0.053711
0.032349,0.0027466,0.054932
0.032196,0.0045776,0.032959
0.030518,0.0059509,0.03418
0.031891,0.0032043,0.048828
0.030212,0.0018311,0.042725
0.032501,-0.00091553,0.046387
0.034943,-0.0015259,0.041504
0.037689,-0.0012207,0.045166
0.037537,0.0016785,0.042725
0.038605,0.005188,0.043945
0.03418,0.0067139,0.040283
0.033722,0.0056458,0.041504
0.03418,0.0045776,0.042725
0.035553,0.002594,0.042725
0.035706,0.0027466,0.041504
0.032959,0.0033569,0.040283
0.028534,0.0042725,0.040283
0.02182,0.0042725,0.042725
0.020142,-0.00045776,0.041504
0.016174,-0.0039673,0.037842
0.016785,-0.0048828,0.039063
0.017853,-0.0021362,0.041504
0.017853,0.0013733,0.046387
0.015564,0.0048828,0.046387
0.015717,0.009613,0.050049
0.014801,0.0073242,0.050049
0.015869,0.0080872,0.054932
0.019073,0.0079346,0.05249
0.02182,0.0091553,0.061035
0.023956,0.0090027,0.05249
0.023346,0.0079346,0.064697
0.019531,0.0065613,0.059814
0.016632,0.0021362,0.063477
0.015411,-0.0013733,0.070801
0.016174,-0.004425,0.062256
0.016785,-0.0061035,0.065918
0.018463,-0.0027466,0.061035
0.017548,-0.00061035,0.056152
0.014954,0.004425,0.059814
0.011597,0.0076294,0.064697
0.011139,0.0085449,0.064697
0.013733,0.007782,0.065918
0.018463,0.0064087,0.062256
0.021667,0.007019,0.064697
0.022583,0.0088501,0.062256
0.019836,0.011292,0.061035
0.015717,0.013885,0.054932
0.01297,0.013428,0.057373
0.01236,0.011139,0.056152
0.013428,0.0086975,0.05127
0.014496,0.0073242,0.047607
0.012665,0.0083923,0.05249
0.010529,0.012207,0.057373
0.007019,0.016937,0.047607
0.0056458,0.019073,0.056152
0.0065613,0.018463,0.042725
0.0088501,0.013885,0.041504
0.011749,0.010986,0.040283
0.01236,0.0074768,0.042725
0.010986,0.0073242,0.042725
0.0094604,0.0086975,0.041504
0.0076294,0.010223,0.036621
0.007782,0.011139,0.040283
0.0080872,0.011444,0.036621
0.0083923,0.0093079,0.041504
0.0076294,0.0076294,0.039063
0.0064087,0.0067139,4.2615
0.0045776,0.0074768,4.8657
0.0042725,0.010529,4.9072
0.0041199,0.012512,4.9207
0.0057983,0.012817,4.9133
0.0073242,0.010681,4.9109
0.0093079,0.007782,4.9182
0.0094604,0.0045776,4.9109
0.0094604,0.004425,4.9231
0.007782,0.0053406,4.928
0.0071716,0.0071716,4.9231
0.0080872,0.0086975,4.9133
0.0093079,0.0091553,4.9268
0.011749,0.007782,4.9316
0.012665,0.0059509,4.9304
0.011292,0.0022888,4.9304
0.011597,0.0015259,4.917
0.010681,0.00030518,4.9329
0.01236,0.00030518,4.9304
0.015869,0.00076294,4.9353
0.018616,0.00061035,4.9329
0.021973,0.0012207,4.9365
0.021973,0.00091553,4.9377
0.02243,0.0010681,4.9377
0.021057,0.0019836,4.9426
0.020294,0.0024414,4.9353
0.021362,0.0042725,4.9231
0.023041,0.0053406,4.9316
0.025482,0.0057983,4.9304
0.025635,0.0059509,4.9268
0.024414,0.0035095,4.9268
0.021667,0.0035095,4.9231
0.018616,0.0013733,4.9219
0.018005,-0.00076294,4.917
0.017548,-0.0027466,4.9207
0.020905,-0.009613,4.9121
0.018921,-0.0079346,4.917
0.017242,-0.010986,4.9182
0.015411,-0.0093079,4.9194
0.014191,-0.0068665,4.9121
0.014343,-0.0035095,4.9133
0.016327,-0.00076294,4.9109
0.018921,0.00076294,4.9097
0.02182,0.00030518,4.9121
0.023956,-0.002594,4.9109
0.022888,-0.0047302,4.895
0.024414,-0.0064087,4.9097
0.023956,-0.0054932,4.9072
0.023956,-0.0032043,4.9011
0.024567,-0.0012207,4.9084
0.02533,0,4.9097
0.028229,-0.002594,4.9133
0.029297,-0.002594,4.9109
0.030212,-0.0024414,4.9158
0.029602,-0.00091553,4.917
0.03006,0.0013733,4.9231
0.030212,0.0041199,4.9158
0.032349,0.0067139,4.9292
0.032959,0.0032043,4.9194
0.032501,0.0012207,4.928
0.032196,-0.0010681,4.9341
0.030212,-0.0035095,4.9304
0.027313,-0.0048828,4.9158
0.025787,-0.0056458,4.9304
0.02594,-0.0053406,4.9243
0.029755,-0.0057983,4.9304
0.028992,-0.0028992,4.928
0.027771,0,4.9268
0.026245,0.0035095,4.9341
0.024567,0.0073242,4.9365
0.024261,0.0091553,4.939
0.024567,0.010071,4.9329
0.027466,0.0094604,0.068359
0.029907,0.0088501,0.063477
0.031586,0.0076294,0.067139
0.032806,0.007782,0.072021
0.032806,0.0088501,0.058594
0.032806,0.0086975,0.058594
0.033264,0.0085449,0.056152
0.033417,0.0086975,0.058594
0.034637,0.0076294,0.050049
0.033875,0.0074768,0.048828
0.03479,0.0065613,0.047607
0.027924,0.005188,0.046387
0.02655,0.0032043,0.045166
0.027313,-0.00061035,0.031738
0.028534,-0.0035095,0.040283
0.032043,-0.0056458,0.042725
0.031281,-0.0073242,0.039063
0.030518,-0.011902,0.042725
0.027924,-0.0090027,0.041504
0.026245,-0.0074768,0.040283
0.024719,-0.0048828,0.041504
0.026398,-0.0016785,0.041504
0.029602,0.0018311,0.05127
0.032654,0.0038147,0.040283
0.034637,0.0059509,0.056152
0.034332,0.0083923,0.037842
0.033875,0.0086975,0.031738
0.031586,0.0088501,0.042725
0.030823,0.0083923,0.042725
0.030518,0.0073242,0.042725
0.030975,0.0071716,0.047607
0.032196,0.0065613,0.048828
0.029755,0.0068665,0.053711
0.029755,0.0036621,0.05249
0.027771,0.0022888,0.062256
0.026093,0.0013733,0.05249
0.024872,0.0012207,0.059814
0.025482,0.0015259,0.064697
0.02594,0.0016785,0.064697
0.024567,0.0016785,0.065918
0.020599,-0.00076294,0.061035
0.018005,-0.0016785,0.062256
0.014801,-0.0032043,0.063477
0.014801,-0.004425,0.06958
0.016479,-0.0013733,0.063477
0.018921,-0.0065613,0.048828
0.020142,-0.0065613,0.061035
0.019989,-0.0032043,0.065918
0.02182,-0.0012207,0.065918
0.023499,0.0021362,0.067139
0.02655,0.0059509,0.062256
0.030823,0.0091553,0.059814
0.034332,0.012512,0.059814
0.036774,0.011902,0.056152
0.036163,0.010071,0.053711
0.036469,0.0068665,0.056152
0.035553,0.0048828,0.045166
0.03418,0.0033569,0.05249
0.03479,0.0045776,0.062256
0.036316,0.0047302,0.050049
0.032806,0.0032043,0.046387
0.029907,0.00015259,0.045166
0.027618,-0.0015259,0.025635
0.02594,-0.0033569,0.040283
0.025787,-0.0024414,0.042725
0.02655,-0.0010681,0.037842
0.026703,0.0010681,0.039063
0.02533,0.0024414,0.0354
0.022736,0.0027466,0.041504
0.020142,0.00091553,0.039063
0.018921,-0.0016785,0.040283
0.018463,-0.0032043,0.039063
0.017395,-0.0033569,0.040283
0.016632,-0.0018311,0.040283
0.015717,-0.0012207,0.040283
0.014191,-0.0019836,0.040283
0.013123,-0.0019836,0.043945
0.014191,-0.0015259,0.043945
0.014954,-0.00091553,4.5154
0.015564,0.0019836,4.8987
0.015869,0.004425,4.917
0.015717,0.0045776,4.9121
0.015411,0.0032043,4.9268
0.015411,0.00030518,4.928
0.015564,-0.0015259,4.9219
0.016937,-0.0013733,4.9292
0.018311,0,4.9304
0.019684,0.0010681,4.9341
0.018768,0.0012207,4.9304
0.019226,-0.00045776,4.928
0.019379,-0.0041199,4.9268
0.019684,-0.0071716,4.9329
0.020447,-0.0091553,4.9316
0.020142,-0.0088501,4.9353
0.019989,-0.0076294,4.9451
0.019836,-0.0057983,4.939
0.018005,-0.0045776,4.9365
0.016632,-0.004425,4.9353
0.01709,-0.00091553,4.9341
0.016022,-0.0016785,4.9316
0.015411,0,4.9292
0.013275,0.0015259,4.9243
0.011749,0.0032043,4.928
0.010223,0.0032043,4.9194
0.0099182,-0.00030518,4.9036
0.009613,-0.00091553,4.9182
0.010529,-0.0032043,4.9194
0.010986,-0.002594,4.917
0.011292,0.00030518,4.9158
0.012054,0.0019836,4.9182
0.013428,0.005188,4.9194
0.014191,0.0064087,4.9109
0.015564,0.0053406,4.9158
0.017395,0.005188,4.9243
0.018158,0.004425,4.9133
0.017853,0.005188,4.9207
0.018158,0.0065613,4.9109
0.018311,0.007782,4.9011
0.018311,0.0076294,4.9084
0.018311,0.0057983,4.9109
0.018005,0.0016785,4.8987
0.016937,-0.002594,4.9109
0.016174,-0.0042725,4.9048
0.014496,-0.0030518,4.9109
0.013428,-0.00030518,4.9097
0.011292,0.0036621,4.895
0.009613,0.0059509,4.9146
0.0085449,0.0048828,4.9231
0.007782,0.0036621,4.9207
0.0090027,-0.00015259,4.9255
0.0097656,-0.002594,4.9329
0.011292,-0.002594,4.9292
0.012665,-0.0019836,4.928
0.01236,-0.00030518,4.9316
0.01236,-0.00091553,4.928
0.012512,-0.0027466,4.9292
0.012512,-0.0068665,4.9304
0.012817,-0.0082397,4.9316
0.014038,-0.0085449,4.9304
0.015106,-0.0071716,4.9268
0.017548,-0.0073242,4.9329
0.018158,-0.00091553,4.928
0.018768,-0.0015259,4.939
0.023041,0,4.9329
0.024719,-0.00091553,4.9365
0.026093,-0.0016785,4.9329
0.027161,-0.0015259,4.939
0.027161,0.00061035,4.9329
0.024719,0.0013733,4.9353
0.023193,0.0013733,0.065918
0.022278,0.00015259,0.058594
0.020752,-0.0039673,0.064697
0.021667,-0.0039673,0.053711
0.022278,-0.004425,0.037842
0.024109,-0.0042725,0.047607
0.019379,-0.0032043,0.048828
0.02243,-0.0028992,0.046387
0.020599,-0.004425,0.046387
0.020294,-0.0054932,0.041504
0.020599,-0.0065613,0.042725
0.019379,-0.0057983,0.041504
0.019989,-0.0080872,0.042725
0.020599,-0.0030518,0.039063
0.020905,-0.0030518,0.037842
0.019531,-0.0033569,0.042725
0.019226,-0.004425,0.042725
0.018463,-0.0061035,0.042725
0.019379,-0.007019,0.041504
0.021057,-0.004425,0.040283
0.022736,-0.002594,0.042725
0.024872,-0.00015259,0.031738
0.024872,0.0016785,0.040283
0.025024,0.00091553,0.0354
0.023804,-0.00045776,0.040283
0.022736,-0.0022888,0.042725
0.023041,-0.0024414,0.047607
0.023804,-0.0018311,0.05127
0.023193,0.0013733,0.05127
0.022125,0.0039673,0.056152
0.022278,0.0024414,0.054932
0.022583,0.0012207,0.059814
0.024414,-0.00061035,0.059814
0.023193,-0.0018311,0.064697
0.026245,-0.0012207,0.058594
0.026703,0.00030518,0.059814
0.024109,0.00015259,0.06958
0.022736,0.0021362,0.062256
0.02243,0.0028992,0.06958
0.02182,0.0032043,0.058594
0.023804,0.0030518,0.048828
0.023193,0.0032043,0.059814
0.02243,0.0027466,0.063477
0.020752,0.0035095,0.064697
0.019226,0.0033569,0.068359
0.019836,0.0035095,0.062256
0.021667,0.0033569,0.058594
0.021362,0.0038147,0.057373
0.022736,0.0038147,0.061035
0.020905,0.004425,0.054932
0.021362,0.0042725,0.053711
0.020447,0.0056458,0.053711
0.019989,0.0056458,0.05249
0.019989,0.0047302,0.057373
0.018005,0.0027466,0.048828
0.018463,0.00091553,0.046387
0.018311,-0.0018311,0.048828
0.020142,-0.002594,0.041504
0.020142,-0.0041199,0.041504
0.021362,-0.0041199,0.041504
0.022125,-0.0030518,0.040283
0.024109,-0.00091553,0.039063
0.024719,0.00030518,0.037842
0.025787,0.00015259,0.040283
0.024261,-0.00091553,0.036621
0.022278,-0.0010681,0.041504
0.02121,-0.00076294,0.036621
0.019989,0.00076294,0.041504
0.021362,0,0.037842
0.023651,-0.00045776,0.042725
0.025482,-0.0012207,0.040283
0.027466,-0.0018311,0.041504
0.025787,0,0.053711
0.025635,0.00091553,0.047607
0.025635,0.0018311,0.059814
0.025177,0.00091553,0.048828
0.025177,-0.0021362,0.041504
0.02533,-0.0033569,0.058594
0.022583,-0.010223,2.6111
0.019684,-0.013733,4.7852
0.018005,-0.0093079,4.9146
0.017853,-0.0064087,4.9231
0.018768,-0.0041199,4.9304
0.019989,-0.002594,4.928
0.02121,-0.0012207,4.9329
0.020905,-0.00015259,4.9292
0.019226,0.00015259,4.9329
0.018616,0.0012207,4.9316
0.020599,0.0024414,4.9329
0.023956,0.0030518,4.9255
0.027161,0.004425,4.9377
0.029907,0.005188,4.9341
0.029907,0.0065613,4.9377
0.032806,0.0091553,4.9426
0.032349,0.011292,4.9353
0.030975,0.014038,4.928
0.029907,0.015259,4.928
0.028381,0.014038,4.9255
0.027924,0.010986,4.928
0.027466,0.0064087,4.9207
0.026093,0.0042725,4.9207
0.024567,0.0016785,4.9219
0.022736,0.00076294,4.9146
0.021362,0.00091553,4.9194
0.020447,0.0012207,4.9097
0.018463,0.0024414,4.9207
0.015564,0.0041199,4.9121
0.013275,0.0047302,4.917
0.012512,0.0061035,4.9219
0.011902,0.0076294,4.9146
0.012054,0.0074768,4.9109
0.01358,0.0085449,4.9133
0.014038,0.0093079,4.8926
0.015869,0.0085449,4.9084
0.01709,0.0082397,4.9109
0.018921,0.0068665,4.9121
0.019379,0.0064087,4.9097
0.018463,0.0054932,4.9072
0.017395,0.004425,4.9097
0.015259,0.0041199,4.9084
0.013885,0.0033569,4.917
0.013123,0.0027466,4.9023
0.012512,0.0035095,4.9182
0.013275,0.0045776,4.9194
0.014648,0.0065613,4.9219
0.016937,0.0068665,4.9243
0.020905,0.0074768,4.9255
0.02121,0.0064087,4.928
0.023041,0.0042725,4.9316
0.023651,0.0039673,4.9414
0.024567,0.0032043,4.9292
0.023956,0.0048828,4.9207
0.021515,0.0057983,4.9329
0.019531,0.0065613,4.9304
0.018311,0.0061035,4.9292
0.0177,0.0048828,4.9329
0.018311,0.004425,4.9304
0.019531,0.005188,4.9341
0.019684,0.0068665,4.9341
0.019684,0.0068665,4.939
0.016632,0.0064087,4.9316
0.014343,0.0050354,4.9402
0.013428,0.0035095,4.9329
0.011139,0.0030518,4.9353
0.011444,0.0047302,4.9377
0.012054,0.007019,4.9292
0.011902,0.0091553,4.9243
0.011444,0.0097656,4.9231
0.010529,0.0097656,4.9146
0.010834,0.009613,4.9231
0.010986,0.0097656,0.05127
0.012512,0.010223,0.042725
0.014191,0.009613,0.048828
0.015717,0.0090027,0.045166
0.016632,0.0062561,0.047607
0.016479,0.002594,0.041504
0.016022,0.00045776,0.043945
0.015564,-0.00015259,0.041504
0.015717,-0.00015259,0.042725
0.017548,0.0012207,0.045166
0.017395,0.0015259,0.042725
0.017548,0.0039673,0.040283
0.016632,0.0064087,0.041504
0.016785,0.0056458,0.043945
0.014954,0.0054932,0.039063
0.012665,0.0073242,0.048828
0.010681,0.0068665,0.040283
0.010681,0.00061035,0.037842
0.009613,-0.0028992,0.042725
0.0097656,-0.005188,0.045166
0.010834,-0.005188,0.043945
0.010681,0.00015259,0.048828
0.011444,0.0064087,0.046387
0.011292,0.0094604,0.056152
0.012817,0.0064087,0.053711
0.015411,0.004425,0.058594
0.016785,0.0082397,0.056152
0.017548,0.010376,0.063477
0.018311,0.011597,0.059814
0.019379,0.012817,0.062256
0.02182,0.0090027,0.076904
0.023804,0.0021362,0.064697
0.024567,-0.00076294,0.059814
0.024261,-0.0027466,0.062256
0.022888,-0.0016785,0.058594
0.020905,-0.0032043,0.056152
0.019989,-0.0065613,0.062256
0.018311,-0.0099182,0.067139
0.015869,-0.012665,0.064697
0.014954,-0.012054,0.061035
0.014191,-0.011597,0.064697
0.014496,-0.0067139,0.062256
0.012817,-0.0091553,0.059814
0.011902,-0.0093079,0.054932
0.010223,-0.005188,0.057373
0.01236,-0.0039673,0.053711
0.011902,-0.0018311,0.05249
0.012817,-0.002594,0.05127
0.012817,-0.0056458,0.047607
0.015106,-0.0059509,0.058594
0.016174,-0.0083923,0.050049
0.017853,-0.0090027,0.058594
0.019379,-0.010986,0.045166
0.019226,-0.0083923,0.040283
0.020447,-0.0059509,0.041504
0.021973,-0.0033569,0.042725
0.023499,-0.0010681,0.03418
0.024567,-0.00091553,0.039063
0.025787,0.00091553,0.037842
0.025482,0.0016785,0.039063
0.024872,0.0021362,0.037842
0.02533,0.0016785,0.040283
0.025024,-0.0013733,0.036621
0.024719,-0.0032043,0.041504
0.02533,-0.0041199,0.043945
0.023651,-0.0035095,0.042725
0.023041,-0.0018311,0.047607
0.019989,-0.00091553,0.046387
0.020599,0.00045776,0.048828
0.020447,0.00091553,0.043945
0.021667,-0.00061035,0.048828
0.022125,-0.00045776,0.050049
0.025177,-0.00015259,0.042725
0.02243,0.0022888,0.053711
0.023651,0.0019836,0.058594
0.025482,0,0.059814
0.024567,-0.0057983,0.059814
0.024414,-0.0033569,0.061035
0.023346,-0.0018311,4.4983
0.023193,-0.00091553,4.8962
0.021667,0.0010681,4.9255
0.02121,0.00061035,4.928
0.02243,-0.0035095,4.9341
0.023499,-0.004425,4.9329
0.023804,-0.0061035,4.9329
0.025024,-0.0050354,4.9463
0.02533,-0.0012207,4.9353
0.027161,-0.00061035,4.9414
0.026855,0.00045776,4.9341
0.028687,-0.0010681,4.9158
0.028687,-0.0021362,4.928
0.029755,-0.0021362,4.9231
0.028839,-0.00076294,4.9255
0.027466,0.00030518,4.9243
0.026703,0.0018311,4.9219
0.024719,0.0027466,4.9292
0.022888,-0.00030518,4.9182
0.020142,-0.0038147,4.9231
0.019531,-0.005188,4.9109
0.018005,-0.0067139,4.9158
0.016327,-0.0048828,4.9158
0.015717,-0.005188,4.9158
0.016022,-0.0059509,4.9133
0.015717,-0.0027466,4.9097
0.021057,0.0021362,4.9121
0.023651,0.0076294,4.9109
0.027313,0.010681,4.9048
0.028839,0.0093079,4.9084
0.033112,0.0065613,4.9097
0.026855,0.0057983,4.906
0.029602,0.0061035,4.9097
0.028839,0.0059509,4.9084
0.029144,0.0064087,4.9097
0.029297,0.0053406,4.9084
0.030212,0.0038147,4.9121
0.030823,0.0047302,4.9121
0.029755,0.007019,4.9194
0.027161,0.0071716,4.9158
0.02594,0.0041199,4.9231
0.02243,-0.0010681,4.9231
0.022278,-0.0067139,4.9207
0.023041,-0.0074768,4.9353
0.020294,-0.0065613,4.928
0.014343,-0.0057983,4.9377
0.013275,-0.0047302,4.9304
0.013428,-0.0038147,4.9207
0.013428,-0.0024414,4.9329
0.014343,0.00091553,4.9329
0.014038,0.0033569,4.9292
0.015564,0.0038147,4.9292
0.018921,0.0068665,4.9304
0.020905,0.0061035,4.9329
0.021515,0.0059509,4.9329
0.021973,0.0050354,4.9353
0.022583,0.0036621,4.9341
0.023956,0.00076294,4.939
0.025787,0.0010681,4.9377
0.02533,0.0030518,4.9353
0.025482,0.0071716,4.9353
0.023346,0.011749,4.9329
0.024109,0.013885,4.9329
0.026855,0.014038,4.928
0.028992,0.01236,4.9292
0.029297,0.009613,4.9219
0.028534,0.0080872,4.9048
0.027008,0.0057983,4.9158
0.025482,0.0045776,4.9243
0.024261,0.0030518,4.9158
0.022278,0.0038147,4.9146
0.019684,0.0050354,4.9121
0.018921,0.0059509,0.043945
0.018005,0.0064087,0.037842
0.015259,0.0036621,0.040283
0.01236,-0.00061035,0.041504
0.0085449,-0.0016785,0.042725
0.005188,-0.0054932,0.037842
0.0032043,-0.0068665,0.041504
0.0035095,-0.0064087,0.053711
0.0047302,-0.002594,0.041504
0.0062561,-0.0015259,0.047607
0.0086975,-0.004425,0.041504
0.012054,-0.010223,0.024414
0.014954,-0.015869,0.040283
0.014954,-0.015411,0.042725
0.015411,-0.010986,0.046387
0.014038,-0.004425,0.047607
0.015411,-0.00076294,0.043945
0.018158,-0.0024414,0.05127
0.017395,-0.0056458,0.05249
0.021515,-0.007782,0.056152
0.019989,-0.0056458,0.053711
0.020447,-0.00015259,0.061035
0.022278,0.0054932,0.061035
0.02594,0.009613,0.063477
0.028381,0.01236,0.067139
0.029907,0.012054,0.064697
0.029144,0.012817,0.061035
0.027771,0.011292,0.063477
0.025787,0.0091553,0.072021
0.022278,0.0067139,0.062256
0.018768,0.004425,0.05249
0.016174,0.0028992,0.061035
0.013428,0.0039673,0.064697
0.011292,0.0041199,0.061035
0.0091553,0.0042725,0.065918
0.0073242,0.0036621,0.061035
0.0030518,0.0042725,0.063477
0.0022888,0.0059509,0.054932
0.0035095,0.0082397,0.061035
0.0033569,0.0088501,0.05249
0.0032043,0.0071716,0.053711
0.0019836,0.0059509,0.05127
0.00030518,0.0033569,0.05127
0.0013733,-0.00015259,0.057373
0.0013733,-0.0035095,0.046387
0.0042725,-0.0053406,0.047607
0.0061035,-0.0050354,0.045166
0.0068665,-0.0042725,0.032959
0.007782,-0.0024414,0.042725
0.0079346,-0.0013733,0.041504
0.0099182,-0.00045776,0.039063
0.01236,0.0024414,0.040283
0.016022,0.0053406,0.036621
0.020142,0.0080872,0.041504
0.02121,0.009613,0.037842
0.022278,0.0083923,0.039063
0.023499,0.0061035,0.036621
0.023956,0.0038147,0.041504
0.025024,0.00015259,0.041504
0.02533,0.00015259,0.042725
0.02594,0.00091553,0.037842
0.023804,0.002594,0.043945
0.021973,0.0054932,0.045166
0.019379,0.0057983,0.046387
0.018463,0.0047302,0.056152
0.019073,0.0028992,0.05127
0.020905,0.0010681,0.039063
0.022125,0.00015259,0.05127
0.022736,0.0038147,0.057373
0.021515,0.0074768,0.053711
0.021515,0.0088501,0.058594
0.020905,0.0079346,0.057373
0.022278,0.0027466,0.064697
0.020447,0.00045776,0.059814
0.020294,-0.0013733,0.061035
0.019684,-0.0013733,0.057373
0.018768,-0.0012207,0.065918
0.019226,-0.0021362,0.061035
0.019684,-0.0028992,4.2773
0.021667,-0.0057983,4.906
0.023499,-0.0056458,4.9329
0.024414,-0.0073242,4.9329
0.024567,-0.0076294,4.9377
0.023041,-0.0061035,4.9231
0.021362,-0.004425,4.9316
0.020294,-0.0047302,4.9292
0.019989,-0.0053406,4.9292
0.020599,-0.0082397,4.928
0.021362,-0.009613,4.9207
0.02243,-0.011902,4.9243
0.022583,-0.013885,4.9182
0.023804,-0.016479,4.9207
0.024414,-0.01709,4.9146
0.023956,-0.016785,4.9207
0.025635,-0.0177,4.9158
0.023956,-0.015564,4.917
0.023193,-0.011902,4.9121
0.023041,-0.0099182,4.9158
0.021667,-0.0054932,4.9207
0.023651,-0.0033569,4.9133
0.019989,-0.0018311,4.9207
0.020905,-0.0041199,4.9109
0.024567,-0.0019836,4.9023
0.021973,-0.0035095,4.9146
0.021515,-0.0062561,4.9072
0.019989,-0.0074768,4.906
0.019073,-0.0050354,4.9109
0.018005,-0.0042725,4.9084
0.018311,-0.0030518,4.9109
0.017853,-0.0022888,4.9084
0.018921,-0.002594,4.9158
0.019684,-0.0018311,4.9146
0.020447,-0.00030518,4.9194
0.02182,0.0027466,4.9219
0.022278,0.0041199,4.9255
0.022736,0.004425,4.9353
0.022736,0.0028992,4.9268
0.019836,-0.00091553,4.928
0.023041,-0.0038147,4.9316
0.021362,-0.0039673,4.9316
0.021667,-0.002594,4.9329
0.018616,-0.00015259,4.9219
0.021515,-0.00015259,4.9304
0.018463,0.00091553,4.9304
0.018768,-0.00076294,4.9292
0.02121,-0.002594,4.9341
0.022736,-0.0036621,4.9316
0.024109,-0.0039673,4.939
0.023804,-0.0041199,4.9329
0.022125,-0.0042725,4.9377
0.020905,-0.0064087,4.9353
0.019379,-0.011139,4.9353
0.02182,-0.014191,4.9304
0.019684,-0.015869,4.9365
0.018005,-0.015106,4.9377
0.016785,-0.013733,4.928
0.015411,-0.012817,4.9341
0.015564,-0.012665,4.9243
0.015717,-0.010529,4.917
0.016327,-0.012054,4.917
0.017853,-0.010986,4.9255
0.018158,-0.0090027,4.9207
0.018768,-0.0076294,4.917
0.018005,-0.0054932,4.9121
0.018616,-0.0039673,4.9133
0.018768,-0.002594,4.9109
0.020905,-0.0016785,4.9109
0.023651,-0.00061035,4.9097
0.023651,0,4.9158
0.023651,0.00045776,4.9121
0.023804,0.0024414,0.041504
0.024414,0.0018311,0.047607
0.026245,0.0013733,0.039063
0.028076,0.00045776,0.036621
0.029755,-0.0010681,0.041504
0.030975,-0.002594,0.029297
0.030975,-0.004425,0.037842
0.028687,-0.0062561,0.040283
0.026703,-0.0076294,0.042725
0.023041,-0.0093079,0.045166
0.019226,-0.009613,0.043945
0.018616,-0.010223,0.05249
0.019836,-0.010986,0.05127
0.019226,-0.010223,0.057373
0.018311,-0.0083923,0.057373
0.015717,-0.0054932,0.058594
0.014343,-0.0010681,0.059814
0.015717,-0.00091553,0.063477
0.01297,0.0013733,0.063477
0.013428,-0.0010681,0.061035
0.015259,-0.0053406,0.064697
0.017853,-0.0082397,0.061035
0.017395,-0.0085449,0.074463
0.016022,-0.0061035,0.061035
0.017395,-0.0035095,0.05127
0.016632,-0.0013733,0.061035
0.018311,-0.0019836,0.065918
0.02121,-0.0028992,0.065918
0.024872,-0.0033569,0.067139
0.030975,-0.0035095,0.064697
0.028687,-0.00030518,0.064697
0.030365,-0.0018311,0.05249
0.029602,-0.004425,0.062256
0.033112,-0.0056458,0.039063
0.034637,-0.0074768,0.054932
0.034943,-0.0088501,0.053711
0.034943,-0.0068665,0.054932
0.031891,-0.0019836,0.057373
0.027466,0.0028992,0.047607
0.022583,0.0059509,0.048828
0.020294,0.0067139,0.045166
0.020294,0.0053406,0.0354
0.023193,0.0050354,0.039063
0.024872,0.0064087,0.037842
0.026093,0.007782,0.037842
0.025482,0.011749,0.041504
0.024261,0.011749,0.037842
0.019531,0.010071,0.040283
0.013733,0.0091553,0.036621
0.0076294,0.012512,0.041504
0.0024414,0.019684,0.041504
-0.00091553,0.030823,0.040283
-0.0018311,0.041656,0.041504
-0.00015259,0.05249,0.041504
0.0032043,0.055237,0.039063
0.0099182,0.050507,0.043945
0.019531,0.041504,0.056152
0.028076,0.031738,0.046387
0.034485,0.025482,0.046387
0.040131,0.021362,0.050049
0.043945,0.018616,0.039063
0.044861,0.012665,0.047607
0.044098,0.0064087,0.058594
0.039978,0.0015259,0.057373
0.031281,0.00030518,0.059814
0.02121,0.0036621,0.056152
0.0091553,0.0091553,0.063477
-0.0032043,0.01236,0.058594
-0.011139,0.0074768,0.063477
-0.016785,-0.002594,0.056152
-0.017548,-0.017548,0.064697
-0.017853,-0.031281,0.062256
-0.015106,-0.041809,0.063477
-0.015869,-0.047302,0.073242
-0.017242,-0.04715,0.062256
-0.019073,-0.040741,0.061035
-0.017242,-0.026855,0.065918
-0.011902,-0.0080872,0.073242
-0.0038147,0.009613,4.0747
0.0059509,0.022736,4.8804
0.015564,0.028534,4.9219
0.02182,0.025787,4.9207
0.028534,0.019684,4.9243
0.035706,0.011444,4.9231
0.042267,0.0050354,4.9207
0.04776,0.00091553,4.9194
0.048981,0.00030518,4.9121
0.04837,0.0032043,4.917
0.043793,0.0059509,4.9133
0.037689,0.010376,4.917
0.031586,0.016937,4.9182
0.02655,0.02182,4.9182
0.024261,0.02533,4.9231
0.022888,0.027008,4.9158
0.023499,0.025635,4.9194
0.023041,0.021057,4.9109
0.023041,0.016479,4.8999
0.02121,0.011749,4.9109
0.01709,0.0057983,4.9109
0.012054,0.0022888,4.906
0.0059509,-0.00015259,4.9109
-0.0012207,-0.0016785,4.9048
-0.0041199,-0.0021362,4.9097
-0.0082397,-0.0028992,4.9072
-0.014191,-0.0013733,4.917
-0.017395,-0.0024414,4.9109
-0.019989,-0.0091553,4.9182
-0.016785,-0.018768,4.917
-0.0088501,-0.028381,4.9219
0.00045776,-0.034027,4.9023
0.011749,-0.035553,4.9243
0.019989,-0.031433,4.9231
0.025024,-0.025482,4.9304
0.027466,-0.019226,4.9365
0.028992,-0.013123,4.9316
0.031586,-0.0071716,4.9219
0.033722,-0.0028992,4.9255
0.038605,0.0010681,4.9304
0.043335,0.0019836,4.9329
0.045624,-0.0021362,4.9304
0.046692,-0.009613,4.9268
0.045776,-0.019836,4.9341
0.045929,-0.027313,4.9377
0.046539,-0.032959,4.9304
0.046082,-0.031586,4.9329
0.045776,-0.028992,4.9377
0.043182,-0.024414,4.9304
0.039368,-0.018005,4.9341
0.034332,-0.012512,4.9451
0.029297,-0.007019,4.9304
0.026855,-0.0042725,4.9243
0.027161,-0.0028992,4.9243
0.020447,-0.0024414,4.9023
0.014496,-0.0032043,4.9182
0.0080872,-0.0024414,4.9158
0.0010681,-0.00045776,4.9097
-0.0039673,0.0041199,4.9194
-0.0022888,0.011597,4.9109
0.0018311,0.010529,4.9158
0.0074768,0.018768,4.9121
0.011139,0.018921,4.9146
0.014038,0.017395,4.9048
0.014648,0.015717,4.9158
0.013428,0.014801,4.9097
0.01297,0.013275,4.9133
0.014343,0.0094604,4.8999
0.015106,0.0045776,4.917
0.018005,0.00015259,4.895
0.019684,-0.0028992,4.9182
0.024261,0.00030518,4.9146
0.028534,0.0041199,4.9084
0.033417,0.007782,0.032959
0.03952,0.0067139,0.041504
0.047302,0.00030518,0.043945
0.043182,-0.0091553,0.043945
0.0383,-0.017548,0.050049
0.028992,-0.02243,0.050049
0.018768,-0.023651,0.054932
0.009613,-0.022125,0.056152
0.004425,-0.017853,0.056152
0.0024414,-0.014954,0.056152
0.005188,-0.012817,0.062256
0.0086975,-0.0083923,0.062256
0.013885,-0.0027466,0.063477
0.020752,0.0054932,0.072021
0.025482,0.013885,0.054932
0.032196,0.018921,0.067139
0.037689,0.018616,0.059814
0.039978,0.014191,0.058594
0.038757,0.0064087,0.064697
0.034027,0.0033569,0.067139
0.02594,-0.0028992,0.064697
0.018158,-0.0027466,0.067139
0.013428,0.0027466,0.064697
0.012054,0.011139,0.064697
0.015564,0.019379,0.059814
0.020599,0.023804,0.061035
0.025635,0.030365,0.05127
0.028229,0.027161,0.056152
0.030365,0.027008,0.058594
0.028687,0.025024,0.054932
0.026703,0.021973,0.047607
0.025024,0.015869,0.05127
0.02121,0.0061035,0.057373
0.017853,-0.0033569,0.046387
0.013733,-0.0082397,0.056152
0.0086975,-0.014648,0.047607
0.0048828,-0.014648,0.047607
0.0018311,-0.010834,0.037842
0.0015259,-0.0065613,0.041504
0.0038147,-0.0068665,0.037842
0.005188,-0.0054932,0.039063
0.0083923,-0.0093079,0.0354
0.010834,-0.015869,0.041504
0.011902,-0.02121,0.036621
0.014191,-0.028687,0.040283
0.016785,-0.033722,0.039063
0.017548,-0.037689,0.041504
0.018921,-0.041046,0.042725
0.019073,-0.041656,0.043945
0.020447,-0.038452,0.056152
0.020447,-0.036011,0.043945
0.020599,-0.028992,0.047607
0.02182,-0.02121,0.050049
0.025787,-0.013428,0.03418
0.029907,-0.0093079,0.050049
0.037079,-0.0074768,0.05249
0.041504,-0.0062561,0.054932
0.044403,-0.0022888,0.056152
0.045471,0.0056458,0.054932
0.046234,0.014343,0.062256
0.047302,0.022583,0.062256
0.048981,0.029449,0.063477
0.049591,0.029602,0.058594
0.050964,0.030212,0.061035
0.051575,0.027618,0.059814
0.052338,0.027313,0.064697
0.05188,0.027466,0.064697
0.053101,0.026093,0.067139
0.049896,0.024261,0.068359
0.046692,0.021057,0.065918
0.041962,0.015717,0.078125
0.036163,0.011749,0.061035
0.028839,0.0090027,0.05127
0.023193,0.0068665,0.061035
0.018768,0.0062561,0.056152
0.016785,0.0074768,0.050049
0.015717,0.0064087,0.053711
0.014191,0.0047302,3.855
0.010223,0.00091553,4.8511
0.010376,-0.0033569,4.9109
0.0073242,-0.0064087,4.9194
0.0035095,-0.0083923,4.9084
-0.00015259,-0.0079346,4.9194
-0.0036621,-0.0056458,4.9158
-0.0047302,-0.0030518,4.9158
-0.007782,-0.0010681,4.9109
-0.0068665,0.00045776,4.9109
-0.0041199,0.0015259,4.906
-0.00015259,0.0027466,4.9072
0.0050354,0.0045776,4.9036
0.012207,0.0057983,4.9109
0.018311,0.0067139,4.9158
0.022278,0.0059509,4.9097
0.024109,0.0039673,4.9097
0.022736,0.002594,4.9084
0.020752,0.0024414,4.9097
0.018768,0.0028992,4.9121
0.018768,0.0015259,4.9146
0.021973,0.002594,4.9133
0.027313,0.0010681,4.917
0.033722,-0.0018311,4.9182
0.039368,-0.0048828,4.9219
0.042114,-0.007019,4.9182
0.043335,-0.0068665,4.9255
0.04364,-0.0056458,4.9365
0.040588,-0.002594,4.928
0.035858,0.00061035,4.9426
0.029297,0.0016785,4.9329
0.02121,0.0030518,4.9146
0.01358,0.0047302,4.9292
0.0067139,0.0093079,4.9304
0.0027466,0.014191,4.9329
0.0032043,0.019226,4.9316
0.005188,0.021667,4.9292
0.0090027,0.020294,4.9353
0.011597,0.016632,4.9341
0.012665,0.011292,4.9365
0.012512,0.0027466,4.9329
0.01297,0.0019836,4.939
0.01358,-0.00030518,4.9329
0.014954,-0.0015259,4.9329
0.016327,-0.0041199,4.939
0.018921,-0.007019,4.9316
0.022583,-0.0093079,4.9268
0.02594,-0.012512,4.928
0.028992,-0.01236,4.9255
0.031433,-0.011749,4.9207
0.033112,-0.0099182,4.9219
0.033112,-0.0065613,4.9097
0.030365,-0.0048828,4.9182
0.031281,-0.0054932,4.9158
0.027924,-0.0067139,4.9158
0.026855,-0.0064087,4.9109
0.023651,-0.007019,4.9158
0.022125,-0.005188,4.9084
0.02121,-0.0033569,4.9109
0.021362,-0.0015259,4.9121
0.023499,-0.0013733,4.9121
0.025482,-0.0012207,4.8999
0.024719,-0.0036621,4.9146
0.028534,-0.0022888,4.9207
0.029144,-0.00015259,4.9133
0.032806,0.0059509,4.9182
0.034332,0.0097656,4.9097
0.036163,0.012665,4.9023
0.036621,0.014801,4.9146
0.035553,0.014343,4.9146
0.037537,0.011902,4.9146
0.037079,0.009613,4.9182
0.036621,0.0056458,4.928
0.039063,0.0021362,0.081787
0.040283,-0.0013733,0.053711
0.040894,-0.0053406,0.061035
0.040588,-0.0097656,0.057373
0.039215,-0.0099182,0.062256
0.036774,-0.014954,0.065918
0.03418,-0.016174,0.065918
0.030365,-0.016632,0.065918
0.025635,-0.0177,0.063477
0.02182,-0.018005,0.056152
0.019073,-0.019379,0.058594
0.017853,-0.019684,0.068359
0.018005,-0.019836,0.064697
0.019531,-0.018311,0.06958
0.021973,-0.018463,0.063477
0.024872,-0.018768,0.065918
0.027924,-0.018616,0.065918
0.03067,-0.0177,0.064697
0.031738,-0.017395,0.058594
0.032501,-0.014954,0.061035
0.033722,-0.013123,0.053711
0.035248,-0.010986,0.05249
0.037231,-0.0097656,0.054932
0.039215,-0.0091553,0.053711
0.041656,-0.010223,0.047607
0.043945,-0.014038,0.047607
0.044556,-0.016174,0.063477
0.045929,-0.018158,0.048828
0.045319,-0.018158,0.050049
0.042419,-0.0177,0.045166
0.040588,-0.016327,0.026855
0.037537,-0.015411,0.036621
0.034485,-0.014191,0.039063
0.031433,-0.011444,0.037842
0.028839,-0.0073242,0.040283
0.027771,-0.0019836,0.0354
0.028534,0.004425,0.042725
0.028839,0.0088501,0.040283
0.029297,0.010681,0.039063
0.029297,0.010376,0.040283
0.029449,0.0076294,0.039063
0.028076,0.0053406,0.039063
0.026093,0.0036621,0.041504
0.020294,0.0010681,0.047607
0.021362,-0.0018311,0.045166
0.017853,-0.0057983,0.046387
0.014954,-0.010529,0.05127
0.012207,-0.01297,0.054932
0.010223,-0.012817,0.053711
0.010223,-0.011139,0.05249
0.010529,-0.0076294,0.058594
0.0093079,-0.0045776,0.057373
0.010376,-0.0028992,0.058594
0.010529,-0.0019836,0.061035
0.011749,-0.0022888,0.058594
0.013123,-0.0022888,0.063477
0.015259,-0.00015259,0.059814
0.014648,0.0028992,0.062256
0.016479,0.0045776,0.057373
0.01236,0.0076294,0.064697
0.010529,0.0080872,0.064697
0.0083923,0.0068665,0.067139
0.007019,0.0056458,0.076904
0.0068665,0.00030518,0.068359
0.0036621,0.0047302,0.067139
0.00076294,0.0067139,0.065918
-0.0030518,0.0050354,0.053711
-0.0053406,0.0033569,0.057373
-0.007019,0.00076294,0.054932
-0.0071716,-0.00061035,0.05127
-0.0056458,-0.00015259,0.050049
-0.0039673,0.002594,0.046387
-0.0033569,0.0042725,0.047607
-0.0019836,0.0045776,0.047607
-0.0016785,0.0045776,0.05127
-0.0010681,0.0021362,0.042725
0.00076294,0.00030518,0.047607
0.0030518,-0.0018311,0.047607
0.0028992,-0.0042725,4.5288
0.0073242,-0.0047302,4.884
0.0091553,-0.0053406,4.9084
0.010223,-0.0073242,4.9146
0.011597,-0.0082397,4.9121
0.01236,-0.0080872,4.9146
0.01358,-0.0073242,4.906
0.013733,-0.0065613,4.9084
0.015411,-0.005188,4.9084
0.016174,-0.0041199,4.8999
0.015869,-0.0024414,4.9097
0.017242,0.00015259,4.9146
0.019989,0.0032043,4.9084
0.023193,0.007782,4.9146
0.027771,0.011902,4.9146
0.03006,0.014496,4.9194
0.03006,0.013885,4.9182
0.028992,0.011749,4.9194
0.027313,0.007782,4.9207
0.025787,0.0038147,4.9243
0.024261,0.00076294,4.9414
0.02243,-0.0019836,4.9268
0.021515,-0.0038147,4.928
0.020752,-0.0054932,4.9365
0.019989,-0.005188,4.928
0.019226,-0.0045776,4.9316
0.018768,-0.0024414,4.9255
0.018921,-0.00015259,4.928
0.020599,0.0019836,4.9292
0.022278,0.0027466,4.9304
0.023041,0.0035095,4.9353
0.022736,0.0042725,4.9341
0.024414,0.0042725,4.9353
0.021667,0.0010681,4.9329
0.022583,-0.004425,4.9377
0.023956,-0.011292,4.9353
0.024719,-0.016174,4.9329
0.024872,-0.017242,4.9304
0.024414,-0.015106,4.9329
0.024261,-0.0088501,4.9341
0.022583,-0.004425,4.9255
0.023193,-0.0027466,4.9329
0.022888,-0.0033569,4.9194
0.023346,-0.0047302,4.906
0.022736,-0.0032043,4.9207
0.020905,0.0022888,4.9158
0.018768,0.012207,4.9158
0.0177,0.022583,4.9182
0.013885,0.029602,4.9133
0.014191,0.031586,4.9121
0.013885,0.030975,4.9084
0.014191,0.03067,4.9133
0.015411,0.031433,4.9097
0.017548,0.0354,4.9133
0.019073,0.038605,4.9109
0.021515,0.037689,4.9121
0.024567,0.032806,4.9133
0.027161,0.023499,4.9121
0.028229,0.013275,4.9097
0.025787,0.005188,4.9036
0.022278,-0.0010681,4.9072
0.017548,-0.0045776,4.9146
0.010986,-0.0064087,4.9109
0.0056458,-0.010071,4.9133
0.0030518,-0.012512,4.9207
-0.00061035,-0.012665,4.9207
-0.0035095,-0.011444,4.9194
-0.0045776,-0.0080872,4.9231
-0.0073242,-0.0042725,4.9304
-0.0068665,0.0010681,4.9255
-0.0056458,0.0065613,4.9304
-0.00076294,0.012817,4.9292
0.0039673,0.021057,0.075684
0.010071,0.029755,0.058594
0.017853,0.036926,0.062256
0.025787,0.041656,0.068359
0.037231,0.042419,0.062256
0.041656,0.040741,0.072021
0.045319,0.039215,0.064697
0.047913,0.037842,0.047607
0.049286,0.036163,0.062256
0.049438,0.033264,0.064697
0.05188,0.028534,0.061035
0.051575,0.021057,0.065918
0.049286,0.01297,0.059814
0.047607,0.0099182,0.061035
0.04364,0.0083923,0.057373
0.040436,0.0082397,0.057373
0.035248,0.0074768,0.05249
0.031891,0.0093079,0.053711
0.027008,0.012054,0.050049
0.023956,0.01297,0.048828
0.018616,0.014648,0.05249
0.015106,0.015106,0.050049
0.011749,0.012512,0.042725
0.0086975,0.0097656,0.046387
0.0065613,0.0047302,0.028076
0.0057983,0.0013733,0.040283
0.0054932,-0.002594,0.040283
0.0039673,-0.0021362,0.039063
0.0022888,-0.0047302,0.041504
0.00030518,-0.0038147,0.036621
0.00015259,-0.0033569,0.036621
-0.00091553,-0.0035095,0.03418
0.0061035,-0.0012207,0.042725
0.01236,-0.0019836,0.039063
0.018768,-0.0035095,0.042725
0.025787,-0.0059509,0.040283
0.031128,-0.0088501,0.042725
0.036469,-0.013123,0.040283
0.040283,-0.015564,0.048828
0.043488,-0.019073,0.05249
0.045319,-0.019073,0.05127
0.041046,-0.018463,0.062256
0.041046,-0.017242,0.05127
0.037994,-0.018921,0.045166
0.036469,-0.019836,0.057373
0.036926,-0.022278,0.059814
0.037079,-0.023041,0.057373
0.040588,-0.022888,0.061035
0.038757,-0.022125,0.058594
0.038147,-0.023193,0.059814
0.036163,-0.024567,0.061035
0.033264,-0.026245,0.062256
0.030212,-0.027618,0.056152
0.025482,-0.028229,0.064697
0.023651,-0.030212,0.063477
0.023041,-0.019989,0.065918
0.022278,-0.014191,0.073242
0.025787,-0.010223,0.067139
0.029297,-0.0036621,0.065918
0.033569,-0.0018311,0.067139
0.036926,0.0024414,0.06958
0.041046,0.00061035,0.061035
0.043793,-0.00030518,0.059814
0.046387,-0.0028992,0.053711
0.045471,-0.0074768,0.059814
0.043335,-0.011597,0.050049
0.039215,-0.015259,0.050049
0.033569,-0.016479,0.046387
0.030975,-0.019836,0.047607
0.029755,-0.019684,0.047607
0.03006,-0.019226,0.045166
0.029297,-0.017242,0.046387
0.030518,-0.014191,0.046387
0.030518,-0.010071,0.041504
0.029907,-0.0053406,0.042725
0.028687,-0.0065613,0.05249
0.027008,-0.0079346,0.039063
0.025177,-0.012512,0.046387
0.021515,-0.018005,3.6389
0.016174,-0.022278,4.8145
0.014343,-0.025787,4.9011
0.012665,-0.022278,4.906
0.0094604,-0.019379,4.9084
0.0082397,-0.018616,4.9097
0.009613,-0.018463,4.8987
0.010071,-0.018921,4.9109
0.01236,-0.020142,4.9097
0.014496,-0.020905,4.9133
0.017242,-0.020752,4.9133
0.020294,-0.020447,4.9219
0.023499,-0.016022,4.9243
0.028381,-0.015717,4.9255
0.034027,-0.013885,4.9316
0.036926,-0.012207,4.928
0.037994,-0.010986,4.928
0.039368,-0.011139,4.9316
0.039063,-0.010071,4.939
0.038147,-0.0076294,4.9304
0.037537,-0.0036621,4.9231
0.038757,0.0016785,4.9243
0.038757,0.0059509,4.9304
0.03952,0.0088501,4.9292
0.039368,0.0094604,4.9353
0.039215,0.010071,4.9341
0.037079,0.0088501,4.9353
0.038147,0.0076294,4.939
0.032196,0.0054932,4.9365
0.026855,0.0024414,4.9329
0.021667,-0.0012207,4.9329
0.016022,-0.0057983,4.9304
0.01236,-0.0099182,4.9341
0.0082397,-0.014191,4.9377
0.0053406,-0.015106,4.9255
0.0039673,-0.016632,4.9255
0.0048828,-0.015259,4.9207
0.0057983,-0.012207,4.9158
0.0074768,-0.010071,4.9207
0.009613,-0.0090027,4.9182
0.012207,-0.011597,4.9146
0.014038,-0.011902,4.9146
0.017395,-0.012054,4.9158
0.020599,-0.010071,4.9158
0.023956,-0.0065613,4.9109
0.027313,-0.0048828,4.9109
0.029449,-0.0022888,4.9072
0.032043,-0.00091553,4.9109
0.033112,-0.00076294,4.9109
0.034027,0.0030518,4.9121
0.037842,0.0061035,4.9084
0.040588,0.010834,4.9121
0.041962,0.015717,4.9097
0.042572,0.016632,4.9084
0.045929,0.022888,4.9182
0.042114,0.025482,4.9146
0.040894,0.029755,4.9023
0.038757,0.030212,4.9109
0.036316,0.032349,4.9146
0.034027,0.033417,4.9207
0.031891,0.033417,4.9207
0.03006,0.032654,4.9194
0.027618,0.030975,4.9255
0.024414,0.028534,4.9268
0.020752,0.025482,4.9329
0.016937,0.023956,4.9304
0.014496,0.023499,4.9329
0.014343,0.022888,4.9292
0.013123,0.02243,4.9341
0.013428,0.023346,4.939
0.011597,0.021057,4.9316
0.010071,0.018921,4.9329
0.0073242,0.015717,0.065918
0.0071716,0.015564,0.056152
0.007782,0.015869,0.061035
0.0079346,0.018463,0.064697
0.0064087,0.0177,0.065918
0.0053406,0.017395,0.065918
0.0033569,0.011749,0.059814
0.0027466,0.0073242,0.063477
0.002594,0.0028992,0.064697
0.0030518,-0.0027466,0.058594
0.0032043,-0.0010681,0.053711
0.0028992,-0.0010681,0.056152
0.0028992,0.00030518,0.05249
0.0042725,0.0016785,0.053711
0.0079346,0.0018311,0.05249
0.011292,0.0038147,0.050049
0.0177,0.0067139,0.054932
0.022736,0.010986,0.047607
0.027161,0.015106,0.053711
0.028839,0.015717,0.042725
0.030975,0.014038,0.047607
0.029907,0.010376,0.041504
0.029755,0.0050354,0.0354
0.029907,0.0015259,0.039063
0.030212,0.00045776,0.039063
0.030365,0.00030518,0.039063
0.03006,0.0010681,0.037842
0.027161,0.00045776,0.039063
0.023193,-0.00045776,0.039063
0.020294,0.00030518,0.039063
0.019226,0.0035095,0.037842
0.018921,0.0083923,0.043945
0.018921,0.011139,0.045166
0.0177,0.01236,0.054932
0.014954,0.0083923,0.046387
0.012512,0.002594,0.054932
0.0090027,-0.0022888,0.05249
0.0093079,-0.0039673,0.046387
0.011139,-0.0021362,0.054932
0.014801,0.0010681,0.057373
0.01709,0.0033569,0.058594
0.018311,0.0048828,0.058594
0.019379,0.0027466,0.061035
0.020142,-0.0012207,0.061035
0.022278,-0.0047302,0.061035
0.025787,-0.0079346,0.056152
0.029755,-0.007019,0.061035
0.032501,-0.004425,0.062256
0.033569,-0.0036621,0.063477
0.033112,0.00045776,0.067139
0.030212,0.0012207,0.063477
0.027161,0.00045776,0.059814
0.027161,-0.00091553,0.073242
0.026245,-0.00076294,0.065918
0.025177,0,0.072021
0.024261,0.00091553,0.062256
0.024261,0.0021362,0.048828
0.023041,0.0015259,0.057373
0.022888,-0.0022888,0.056152
0.024261,-0.0054932,0.05249
0.025482,-0.0093079,0.050049
0.026855,-0.010834,0.042725
0.028076,-0.010071,0.048828
0.028076,-0.0064087,0.045166
0.02655,-0.0036621,0.047607
0.023651,-0.002594,0.045166
0.021973,-0.002594,0.046387
0.020905,-0.0039673,0.041504
0.020294,-0.0036621,0.042725
0.022278,-0.0036621,0.048828
0.022888,-0.0033569,0.039063
0.022583,0.0022888,0.039063
0.021973,0.0045776,0.0354
0.022278,0.0050354,0.023193
0.023804,0.0047302,0.039063
0.025024,0.004425,0.039063
0.026703,0.0035095,0.039063
0.028381,0.0035095,0.039063
0.027618,0.0041199,1.4661
0.027161,0.0036621,4.707
0.022736,0.0018311,4.8962
0.023499,-0.00030518,4.9109
0.024261,-0.0048828,4.9121
0.025787,-0.0085449,4.9194
0.028992,-0.010376,4.917
0.027313,-0.011444,4.9243
0.027771,-0.010223,4.9194
0.027008,-0.0094604,4.9268
0.027008,-0.0091553,4.9329
0.027771,-0.0080872,4.9329
0.029144,-0.0085449,4.9426
0.032349,-0.0083923,4.9316
0.033722,-0.0085449,4.9207
0.035248,-0.010529,4.9292
0.035706,-0.010834,4.9268
0.036316,-0.012207,4.9268
0.036469,-0.012817,4.9316
0.037079,-0.013123,4.9304
0.037689,-0.011902,4.9341
0.037079,-0.010529,4.9353
0.034332,-0.0086975,4.9377
0.032349,-0.0054932,4.9316
0.030518,-0.0038147,4.9341
0.026703,-0.0038147,4.9353
0.03067,-0.0035095,4.9194
0.029907,-0.0047302,4.9316
0.032043,-0.0028992,4.928
0.030212,-0.002594,4.928
0.031433,0.00015259,4.9231
0.027008,0.00076294,4.9268
0.02594,0.0010681,4.9219
0.02533,0.0010681,4.9146
0.024719,-0.00015259,4.9121
0.023956,0.00015259,4.917
0.023651,-0.00045776,4.917
0.022736,-0.00076294,4.9023
0.020447,-0.0021362,4.9072
0.021362,-0.0039673,4.9133
0.02243,-0.0056458,4.9048
0.019073,-0.0065613,4.9097
0.017853,-0.0074768,4.9109
0.016327,-0.0085449,4.9146
0.014191,-0.010376,4.9084
0.010681,-0.010986,4.9109
0.009613,-0.014801,4.9231
0.0085449,-0.012665,4.9023
0.0090027,-0.013275,4.9207
0.010529,-0.010986,4.9146
0.012512,-0.0074768,4.8962
0.013275,-0.005188,4.9109
0.013428,-0.0039673,4.9146
0.012665,-0.0030518,4.9194
0.012207,-0.0027466,4.9219
0.014191,-0.0024414,4.9194
0.013733,-0.0018311,4.9255
0.016022,0,4.9268
0.017853,0.0024414,4.9316
0.016937,0.0030518,4.9292
0.016327,0.0035095,4.9341
0.015259,0.0028992,4.9304
0.015259,0.0018311,4.9341
0.017548,0.0024414,4.9353
0.019531,0.0033569,4.9353
0.020447,0.0056458,4.9304
0.019379,0.0071716,4.9353
0.016785,0.0079346,4.9426
0.015717,0.0067139,4.9341
0.015869,0.0067139,4.9231
0.019684,0.0068665,4.9365
0.020599,0.0073242,4.9329
0.022888,0.007782,0.061035
0.023193,0.0083923,0.063477
0.023193,0.0088501,0.058594
0.023041,0.007019,0.056152
0.023041,0.0057983,0.056152
0.022736,0.0033569,0.054932
0.022125,0.0033569,0.046387
0.022125,-0.0010681,0.05249
0.021515,-0.0018311,0.047607
0.020142,-0.0028992,0.046387
0.019989,-0.0032043,0.057373
0.019989,-0.0028992,0.045166
0.022125,-0.0033569,0.053711
0.023651,-0.0015259,0.037842
0.027313,0.00030518,0.031738
0.030823,0.0038147,0.042725
0.033722,0.0073242,0.039063
0.033264,0.009613,0.037842
0.035706,0.0088501,0.043945
0.03418,0.0090027,0.036621
0.035858,0.0073242,0.040283
0.035095,0.007782,0.039063
0.040283,0.0064087,0.041504
0.03891,0.0059509,0.029297
0.036011,0.0079346,0.042725
0.031738,0.010529,0.043945
0.027161,0.011749,0.045166
0.024719,0.0099182,0.045166
0.023499,0.0061035,0.047607
0.022736,0.0073242,0.043945
0.02182,0.011597,0.047607
0.019073,0.01297,0.058594
0.017242,0.013123,0.053711
0.016022,0.013123,0.041504
0.017853,0.013733,0.058594
0.020447,0.01236,0.059814
0.023041,0.0076294,0.061035
0.023041,0.0086975,0.063477
0.022583,0.007782,0.054932
0.022583,0.0059509,0.062256
0.021515,0.0013733,0.057373
0.020142,-0.0013733,0.062256
0.020294,-0.0030518,0.061035
0.020447,-0.0036621,0.064697
0.020447,-0.00045776,0.065918
0.019989,0.00030518,0.06958
0.018158,0.00045776,0.081787
0.0177,-0.00015259,0.065918
0.017395,0.0018311,0.063477
0.018463,0.0045776,0.062256
0.019989,0.0057983,0.040283
0.020142,0.0074768,0.053711
0.019989,0.0059509,0.056152
0.019989,0.0076294,0.05249
0.019226,0.010529,0.05127
0.018005,0.009613,0.046387
0.015259,0.0082397,0.05127
0.015869,0.010529,0.043945
0.018463,0.011597,0.048828
0.020294,0.013275,0.040283
0.021515,0.013123,0.046387
0.022888,0.011597,0.045166
0.023956,0.009613,0.043945
0.023804,0.0076294,0.041504
0.022583,0.0057983,0.040283
0.018616,0.0059509,0.043945
0.018311,0.0021362,0.040283
0.014801,0.0032043,0.047607
0.014954,0.0042725,0.039063
0.012817,0.0035095,0.037842
0.0088501,0,0.039063
0.0086975,-0.0016785,0.036621
0.011292,0.0024414,0.040283
0.017242,0.0056458,0.040283
0.021362,0.0097656,0.041504
0.019836,0.010986,0.042725
0.016327,0.011902,0.046387
0.012512,0.0093079,0.050049
0.010986,0.0033569,0.24414
0.011444,0.00061035,4.657
0.012054,-0.00045776,4.906
0.012054,0.004425,4.928
0.012207,0.0090027,4.9353
0.010834,0.010376,4.928
0.009613,0.011139,4.9341
0.0088501,0.0062561,4.9316
0.011139,0.0019836,4.9292
0.014801,0.00015259,4.9329
0.015564,-0.0010681,4.9304
0.014343,0.0032043,4.9292
0.010529,0.0010681,4.9304
0.0064087,0.0016785,4.9329
0.0068665,-0.00076294,4.9353
0.0083923,-0.0036621,4.9329
0.010834,-0.0042725,4.9365
0.012665,-0.0053406,4.9304
0.009613,-0.0036621,4.9341
0.010223,-0.0035095,4.9329
0.011597,-0.0033569,4.9304
0.011444,-0.0038147,4.9255
0.012817,-0.0067139,4.9268
0.013428,-0.0086975,4.9353
0.015564,-0.0097656,4.9231
0.015411,-0.01236,4.9255
0.016785,-0.014343,4.9207
0.018005,-0.013885,4.9109
0.018768,-0.011292,4.9121
0.020447,-0.0091553,4.9109
0.02182,-0.0067139,4.9158
0.023346,-0.0036621,4.9158
0.025787,-0.0036621,4.9097
0.02533,-0.0054932,4.9133
0.027771,-0.0080872,4.9084
0.027008,-0.010376,4.9133
0.026093,-0.0094604,4.9109
0.026245,-0.0061035,4.9109
0.02533,-0.0050354,4.9109
0.020294,-0.0061035,4.9109
0.026093,-0.007782,4.9146
0.02655,-0.0080872,4.9097
0.026093,-0.0085449,4.9084
0.024567,-0.0047302,4.9121
0.02533,-0.0015259,4.9036
0.025787,0.0010681,4.9121
0.028381,0.0071716,4.895
0.029144,0.0021362,4.906
0.028076,0.00045776,4.9194
0.030518,-0.0010681,4.917
0.031128,-0.0010681,4.9219
0.033264,-0.0010681,4.9255
0.034027,-0.0028992,4.9304
0.036926,-0.0022888,4.9268
0.038605,-0.0033569,4.9341
0.037384,-0.0036621,4.9316
0.035095,-0.002594,4.9329
0.033722,-0.0013733,4.9268
0.033722,0.0010681,4.9304
0.034332,0.002594,4.9365
0.036926,0.0042725,4.9329
0.039368,0.0045776,4.9438
0.039673,0.0032043,4.9329
0.039368,0.0038147,4.9243
0.037994,0.0056458,4.9377
0.035248,0.0085449,4.9316
0.035858,0.011139,4.9316
0.036469,0.012207,4.9365
0.037079,0.012207,4.9365
0.037537,0.010376,4.9329
0.036621,0.010071,4.9255
0.035095,0.0091553,4.9292
0.032196,0.0094604,0.048828
0.031128,0.010986,0.045166
0.031738,0.011902,0.053711
0.033417,0.013733,0.050049
0.03479,0.014954,0.050049
0.034637,0.014801,0.048828
0.033417,0.014343,0.043945
0.03006,0.014038,0.041504
0.026398,0.012665,0.036621
0.025787,0.010681,0.041504
0.027008,0.0080872,0.039063
0.028839,0.0061035,0.039063
0.028534,0.0042725,0.040283
0.028839,0.0039673,0.040283
0.025787,0.0028992,0.036621
0.025177,0.0024414,0.039063
0.024414,0.0012207,0.039063
0.024567,0.00030518,0.0354
0.025635,0,0.036621
0.024719,-0.00061035,0.041504
0.024414,-0.0018311,0.045166
0.021515,-0.0016785,0.040283
0.020599,0.00015259,0.05127
0.020752,0.0013733,0.054932
0.021362,0.002594,0.05127
0.023193,0.0056458,0.061035
0.023193,0.0090027,0.057373
0.024567,0.011292,0.039063
0.024261,0.013123,0.058594
0.024414,0.013123,0.058594
0.024567,0.012817,0.061035
0.025635,0.01297,0.059814
0.02655,0.011597,0.058594
0.028076,0.011139,0.064697
0.02655,0.0086975,0.061035
0.026398,0.0059509,0.061035
0.024414,0.0010681,0.059814
0.021515,0.0030518,0.065918
0.018616,0.0024414,0.064697
0.015411,0.0033569,0.062256
0.014038,0.0047302,0.075684
0.013885,0.0042725,0.065918
0.01358,0.0012207,0.063477
0.01236,-0.0016785,0.068359
0.014343,-0.0032043,0.064697
0.014648,-0.0038147,0.059814
0.014801,-0.0032043,0.057373
0.016022,-0.0028992,0.053711
0.014801,-0.0016785,0.05127
0.016479,-0.0012207,0.045166
0.015869,-0.0012207,0.042725
0.014801,-0.0010681,0.047607
0.016174,0.0012207,0.047607
0.0177,0.0057983,0.042725
0.021973,0.0080872,0.048828
0.024872,0.0090027,0.043945
0.028076,0.0074768,0.046387
0.031128,0.004425,0.039063
0.032043,0.0022888,0.040283
0.034332,0.0027466,0.05127
0.03418,0.004425,0.040283
0.034027,0.0068665,0.054932
0.032196,0.007019,0.037842
0.030365,0.0054932,0.031738
0.028229,0.0016785,0.039063
0.026855,-0.0018311,0.037842
0.026093,-0.0041199,0.039063
0.024567,-0.0039673,0.040283
0.024567,-0.0018311,0.039063
0.023651,-0.0013733,0.042725
0.022888,0.00015259,0.042725
0.022278,-0.0010681,0.048828
0.020294,-0.0030518,0.045166
0.018158,-0.0042725,0.05127
0.015564,-0.0050354,0.054932
0.013275,-0.0042725,0.058594
0.011139,-0.0032043,0.061035
0.0097656,-0.0038147,0.061035
0.0086975,-0.0056458,0.55298
0.0094604,-0.0085449,4.679
0.010681,-0.011292,4.9194
0.01297,-0.011139,4.9268
0.014648,-0.011292,4.9194
0.015564,-0.010681,4.928
0.015869,-0.010834,4.9304
0.015717,-0.0099182,4.9304
0.017548,-0.0093079,4.9329
0.017242,-0.0086975,4.9316
0.018768,-0.0065613,4.9377
0.018616,-0.0059509,4.9365
0.018921,-0.005188,4.9353
0.018768,-0.0053406,4.9329
0.019073,-0.005188,4.9353
0.020599,-0.0036621,4.9255
0.02121,-0.0050354,4.9341
0.023193,-0.0048828,4.9377
0.023804,-0.0074768,4.9255
0.02243,-0.007782,4.9207
0.020905,-0.0074768,4.9231
0.018311,-0.0056458,4.9011
0.016632,-0.002594,4.9146
0.015717,-0.0012207,4.917
0.015106,0.0012207,4.9182
0.014648,0.0027466,4.9158
0.013885,0.0032043,4.9097
0.01358,0.0035095,4.9158
0.011597,0.0030518,4.9109
0.011292,0.0024414,4.9109
0.011139,0.0022888,4.906
0.011139,0.0018311,4.9146
0.012817,0.0015259,4.9109
0.013275,0.0012207,4.9109
0.012207,0.0012207,4.9109
0.0088501,0.0010681,4.9121
0.0091553,0.00061035,4.9072
0.010071,0.00045776,4.9121
0.012207,0.0015259,4.9158
0.013885,0.0030518,4.9121
0.014801,0.0048828,4.9109
0.016022,0.0068665,4.9158
0.016937,0.010223,4.917
0.015717,0.010986,4.9182
0.017395,0.01236,4.9243
0.015564,0.011444,4.9255
0.015106,0.0093079,4.9268
0.014038,0.012817,4.928
0.012512,0.0054932,4.9316
0.012817,0.0053406,4.928
0.01358,0.0050354,4.9304
0.011749,0.0036621,4.9329
0.010986,0.0038147,4.9329
0.010834,0.002594,4.939
0.0097656,0.00076294,4.9353
0.0080872,0.00030518,4.9365
0.0091553,0.00076294,4.9341
0.0062561,0.0016785,4.928
0.0053406,0.0038147,4.9377
0.0053406,0.0041199,4.9329
0.0050354,0.0030518,4.9329
0.0061035,0.0027466,4.9377
0.007019,0.0032043,4.9329
0.0093079,0.0016785,4.9316
0.012817,0.0068665,4.9268
0.017395,0.0091553,4.928
0.018311,0.0097656,4.9231
0.022125,0.0073242,4.9231
0.023956,0.0036621,4.9219
0.023346,0.00091553,4.9255
0.022888,0.00015259,4.917
0.023346,0.0021362,4.9194
0.025482,0.0030518,0.053711
0.026703,0.0053406,0.046387
0.027618,0.002594,0.05127
0.027771,-0.0019836,0.041504
0.026093,-0.0050354,0.045166
0.024719,-0.0093079,0.0354
0.023956,-0.0064087,0.037842
0.023956,-0.002594,0.039063
0.024261,0.0012207,0.040283
0.024719,0.00076294,0.036621
0.023651,-0.00076294,0.041504
0.024414,-0.0027466,0.037842
0.023651,-0.0050354,0.041504
0.024109,-0.0050354,0.041504
0.024414,-0.0045776,0.042725
0.024414,-0.002594,0.041504
0.025024,-0.0016785,0.047607
0.025482,-0.0013733,0.062256
0.027008,-0.00030518,0.050049
0.028687,-0.0016785,0.057373
0.029602,-0.0022888,0.054932
0.027771,-0.0036621,0.040283
0.028839,-0.0035095,0.054932
0.027924,0.0010681,0.057373
0.028687,0.00091553,0.061035
0.028687,0.0022888,0.059814
0.028534,0.0019836,0.058594
0.028687,0.0015259,0.061035
0.027924,0.0047302,0.061035
0.027771,0.002594,0.062256
0.026703,0.0048828,0.058594
0.028229,0.0047302,0.065918
0.028687,0.0056458,0.062256
0.028687,0.0059509,0.065918
0.027313,0.0057983,0.070801
0.027008,0.0073242,0.063477
0.027466,0.0064087,0.065918
0.026398,0.0068665,0.068359
0.028992,0.0068665,0.076904
0.025177,0.0061035,0.058594
0.024261,0.0067139,0.054932
0.023041,0.0061035,0.037842
0.022125,0.0053406,0.05249
0.023041,0.0054932,0.048828
0.022736,0.0056458,0.050049
0.024872,0.0048828,0.045166
0.023499,0.0088501,0.047607
0.023651,0.0088501,0.043945
0.022888,0.0083923,0.050049
0.022278,0.0062561,0.042725
0.022125,0.0057983,0.045166
0.02121,0.0064087,0.040283
0.021362,0.007782,0.045166
0.021057,0.0099182,0.046387
0.020752,0.0071716,0.042725
0.021362,0.0047302,0.043945
0.022125,0.00061035,0.040283
0.023041,-0.0019836,0.026855
0.023499,-0.0032043,0.039063
0.02182,-0.0022888,0.0354
0.022278,-0.00030518,0.03418
0.018616,0.0013733,0.041504
0.019073,0.0013733,0.039063
0.019989,0.00061035,0.042725
0.019989,0.0018311,0.042725
0.024261,0.0018311,0.045166
0.022736,0.0036621,0.046387
0.022888,0.0080872,0.053711
0.025024,0.0062561,0.054932
0.027771,0.0059509,0.057373
0.029449,0.0047302,0.056152
0.030823,0.0036621,0.058594
0.029144,0.005188,0.064697
0.028992,0.0057983,0.062256
0.027161,0.0056458,0.070801
0.026855,0.0050354,0.062256
0.025787,0.0028992,0.042725
0.025024,0.00091553,0.056152
0.024567,-0.00076294,3.9624
0.025635,-0.0012207,4.8694
0.028534,-0.0035095,4.9268
0.027618,-0.0039673,4.928
0.028076,-0.0028992,4.9341
0.027618,-0.0035095,4.9329
0.025177,-0.0030518,4.9316
0.022888,-0.0033569,4.9353
0.02243,-0.0057983,4.9341
0.022278,-0.0097656,4.9268
0.023499,-0.0068665,4.9304
0.024872,-0.0038147,4.9365
0.026703,0.0022888,4.9243
0.027008,0.0071716,4.917
0.028229,0.0076294,4.9194
0.029907,0.0059509,4.9146
0.031586,0.0033569,4.9146
0.032043,0.00091553,4.9133
0.032654,0.0016785,4.917
0.030823,0.0033569,4.9109
0.028687,0.0027466,4.9133
0.025635,-0.00076294,4.9109
0.024261,-0.0061035,4.9084
0.024719,-0.010529,4.9133
0.026703,-0.010986,4.9036
0.027008,-0.0083923,4.9133
0.027466,-0.0039673,4.9084
0.026398,-0.00076294,4.9121
0.024414,0.0013733,4.9072
0.022888,0.0035095,4.9109
0.021362,0.0050354,4.9207
0.020142,0.0061035,4.9109
0.019684,0.0068665,4.9243
0.017548,0.0054932,4.9133
0.015717,0.0022888,4.906
0.011902,-0.00076294,4.9182
0.010986,-0.0022888,4.917
0.011292,-0.00030518,4.9182
0.012817,0.0016785,4.9207
0.013428,0.0015259,4.9219
0.012054,-0.00015259,4.9243
0.010071,-0.0035095,4.9304
0.0076294,-0.0061035,4.9304
0.0059509,-0.0065613,4.9255
0.0067139,-0.0050354,4.9304
0.0074768,-0.0027466,4.9329
0.0091553,-0.00061035,4.9304
0.010681,0.0027466,4.9341
0.010529,0.0045776,4.9329
0.010834,0.0047302,4.9341
0.011292,0.0047302,4.9353
0.013123,0.0048828,4.9414
0.016327,0.004425,4.939
0.018921,0.0039673,4.9207
0.020447,0.0016785,4.9353
0.020599,0.0027466,4.9316
0.018768,0.0021362,4.9329
0.017242,0.00061035,4.9304
0.015564,-0.00045776,4.9243
0.014801,-0.0012207,4.9292
0.014343,-0.00045776,4.928
0.013885,0.0010681,4.9207
0.01358,0.0024414,4.9194
0.013275,0.0047302,4.9231
0.012665,0.0059509,4.9158
0.012512,0.007019,4.9194
0.013733,0.0073242,4.9316
0.015259,0.0073242,4.9207
0.015717,0.0065613,4.9182
0.016327,0.0053406,4.9146
0.016479,0.0038147,4.8938
0.014648,0.0032043,0.037842
0.013275,0.0024414,0.039063
0.012054,0.0021362,0.040283
0.011139,0.0036621,0.040283
0.010376,0.0035095,0.036621
0.0099182,0.0097656,0.041504
0.0090027,0.0071716,0.039063
0.0090027,0.0050354,0.040283
0.0086975,0.0030518,0.040283
0.0080872,0.0013733,0.042725
0.0080872,0.0012207,0.043945
0.0074768,0.0021362,0.046387
0.0073242,0.0038147,0.05249
0.0059509,0.0053406,0.047607
0.0062561,0.0041199,0.047607
0.0047302,0.0056458,0.05127
0.0048828,0.0039673,0.058594
0.0045776,0.0036621,0.056152
0.0045776,0.0042725,0.057373
0.0042725,0.0050354,0.058594
0.0062561,0.0061035,0.059814
0.0091553,0.0059509,0.058594
0.011749,0.0064087,0.061035
0.015259,0.007019,0.061035
0.016479,0.0073242,0.062256
0.017395,0.0076294,0.061035
0.018463,0.0093079,0.059814
0.018463,0.0074768,0.061035
0.018616,0.0057983,0.067139
0.016632,0.0035095,0.065918
0.017242,-0.0035095,0.070801
0.016785,-0.00061035,0.073242
0.016632,-0.0016785,0.058594
0.015411,-0.0018311,0.06958
0.014801,-0.0038147,0.059814
0.010071,-0.0038147,0.041504
0.01236,-0.0041199,0.054932
0.01297,-0.0056458,0.05249
0.013428,-0.0061035,0.046387
0.014038,-0.0071716,0.050049
0.014648,-0.0086975,0.046387
0.015717,-0.0097656,0.046387
0.016327,-0.0085449,0.045166
0.018005,-0.0068665,0.047607
0.018768,-0.0042725,0.037842
0.021362,-0.0054932,0.045166
0.02243,-0.0021362,0.043945
0.02243,-0.0028992,0.042725
0.02182,-0.0013733,0.041504
0.019684,-0.0030518,0.036621
0.019836,0.00030518,0.043945
0.021667,0.004425,0.037842
0.025024,0.0041199,0.043945
0.028534,0.0035095,0.039063
0.031586,0.00045776,0.029297
0.034332,-0.0021362,0.036621
0.034943,-0.0041199,0.041504
0.035553,-0.0018311,0.037842
0.035248,-0.0024414,0.042725
0.035095,-0.0018311,0.042725
0.033722,-0.0028992,0.047607
0.029449,-0.005188,0.039063
0.028687,-0.010529,0.05127
0.025024,-0.012054,0.053711
0.022888,-0.011597,0.057373
0.020447,-0.010681,0.056152
0.019379,-0.0065613,0.058594
0.018158,-0.002594,0.075684
0.019684,0.0010681,0.059814
0.020142,0.00015259,0.061035
0.020905,0.00030518,0.059814
0.020752,0.00076294,0.05127
0.020905,-0.00076294,0.061035
0.020752,-0.0010681,0.062256
0.02121,-0.0015259,0.057373
0.020599,-0.00045776,0.058594
0.02243,-0.00061035,0.059814
0.023041,0.00061035,0.067139
0.023499,-0.00015259,0.60791
0.024261,-0.0021362,4.6851
0.024872,0.0012207,4.9109
0.024414,0.0027466,4.9304
0.023651,0.0047302,4.9231
0.023804,0.0054932,4.9292
0.023804,0.0045776,4.9255
0.025482,0.0024414,4.9268
0.027008,0.00015259,4.9304
0.027771,-0.00091553,4.9219
0.027618,-0.0013733,4.9292
0.026398,-0.00076294,4.917
0.024261,-0.00076294,4.9097
0.02243,-0.0021362,4.9194
0.020905,-0.0032043,4.9097
0.017853,-0.0050354,4.9097
0.018921,-0.0039673,4.9121
0.018158,-0.0027466,4.9072
0.016632,-0.00061035,4.9097
0.014038,-0.00015259,4.8853
0.018005,0.00015259,4.9109
0.018005,-0.0010681,4.906
0.019531,-0.0010681,4.9158
0.02182,0.00061035,4.9109
0.023651,0.002594,4.9097
0.023346,0.0038147,4.9146
0.02243,0.0042725,4.9158
0.022278,0.0038147,4.9109
0.023651,0.0012207,4.9121
0.026703,0.0015259,4.9133
0.027924,0.0036621,4.9194
0.03067,0.0085449,4.9207
0.033112,0.011292,4.9207
0.034485,0.010834,4.9231
0.037384,0.0093079,4.9231
0.037384,0.0056458,4.9146
0.037842,0.0032043,4.9268
0.036926,0.0053406,4.9329
0.036011,0.0047302,4.928
0.03479,0.0036621,4.9329
0.031738,0.0015259,4.9329
0.028381,-0.0028992,4.9341
0.025177,-0.0082397,4.9268
0.022583,-0.010529,4.9316
0.021057,-0.0097656,4.9402
0.019531,-0.0068665,4.9377
0.020294,-0.0028992,4.9438
0.022125,-0.00045776,4.9377
0.02243,0.00091553,4.9207
0.022583,0.00045776,4.9329
0.022125,-0.00015259,4.9365
0.022125,0.00045776,4.9353
0.023041,0.0015259,4.9329
0.023956,0.0038147,4.9255
0.026245,0.005188,4.9292
0.028381,0.0076294,4.9255
0.029907,0.0085449,4.9207
0.031433,0.0099182,4.9182
0.033112,0.010529,4.9255
0.033722,0.010223,4.9182
0.03418,0.0086975,4.9207
0.03479,0.0079346,4.9207
0.033722,0.0079346,4.9146
0.03418,0.0074768,4.9121
0.034485,0.0059509,4.9158
0.033722,0.0056458,4.9011
0.032349,0.0041199,4.9097
0.030823,0.0035095,4.8999
0.028992,0.0050354,4.9133
0.028992,0.0082397,4.9097
0.028229,0.012207,4.9084
0.026703,0.015106,4.9109
0.02533,0.013275,0.039063
0.022125,0.0083923,0.040283
0.018616,0.004425,0.037842
0.014496,0.00091553,0.046387
0.011902,0.00061035,0.042725
0.0097656,0.0036621,0.043945
0.0082397,0.0050354,0.040283
0.0057983,0.0042725,0.05127
0.0032043,0.0015259,0.058594
0.00076294,-0.0032043,0.054932
0.00076294,-0.007019,0.06958
0.0021362,-0.0086975,0.056152
0.0059509,-0.0068665,0.048828
0.009613,-0.0030518,0.062256
0.012817,-0.0012207,0.062256
0.015259,-0.00091553,0.057373
0.016174,-0.0024414,0.059814
0.016937,-0.0047302,0.05127
0.017548,-0.0059509,0.062256
0.018768,-0.0041199,0.061035
0.019684,-0.0013733,0.064697
0.019226,0.0030518,0.061035
0.019531,0.0053406,0.067139
0.018921,0.0074768,0.068359
0.019684,0.0082397,0.067139
0.021515,0.009613,0.072021
0.022888,0.01236,0.064697
0.025482,0.014343,0.047607
0.026855,0.014343,0.061035
0.025177,0.014648,0.058594
0.024567,0.011597,0.057373
0.02182,0.0065613,0.05249
0.018463,0.0064087,0.048828
0.015717,0.0053406,0.048828
0.01236,0.0050354,0.048828
0.0085449,0.005188,0.046387
0.0042725,0.0042725,0.045166
0.0015259,0.0027466,0.045166
-0.0013733,0.00030518,0.037842
-0.0021362,-0.0010681,0.042725
-0.0024414,0.00045776,0.043945
-0.00061035,0.0033569,0.041504
0.00061035,0.0067139,0.037842
0.0022888,0.0071716,0.03418
0.0035095,0.0062561,0.053711
0.0018311,0.0028992,0.041504
0.00091553,0.00061035,0.047607
0.0015259,-0.0024414,0.040283
0.0033569,-0.0018311,0.028076
0.0074768,0.0016785,0.036621
0.009613,0.0054932,0.041504
0.010071,0.0074768,0.041504
0.0099182,0.007782,0.043945
0.0093079,0.007019,0.040283
0.0099182,0.0061035,0.047607
0.010681,0.0057983,0.048828
0.012207,0.0068665,0.05249
0.013275,0.0071716,0.05127
0.013733,0.0056458,0.054932
0.013885,0.0038147,0.057373
0.013275,0.0019836,0.059814
0.013428,0.00091553,0.06958
0.014343,-0.00061035,0.061035
0.015717,-0.00045776,0.059814
0.016937,0.00045776,0.064697
0.017242,0.0032043,0.070801
0.017853,0.007019,0.062256
0.016479,0.0086975,0.058594
0.016785,0.0085449,0.061035
0.018005,0.0080872,0.063477
0.018921,0.0036621,0.059814
0.020294,0.0024414,0.067139
0.020142,-0.00045776,0.063477
0.019379,-0.0016785,0.065918
0.017548,-0.0010681,0.062256
0.014954,-0.0013733,0.063477
0.013733,-0.0019836,0.057373
0.014801,-0.0042725,0.059814
0.015717,-0.0062561,0.13916
0.01709,-0.0074768,4.6497
0.019226,-0.0080872,4.906
0.019684,-0.0082397,4.9121
0.020752,-0.0065613,4.9207
0.022125,-0.007019,4.9194
0.02182,-0.0080872,4.9023
0.023956,-0.010223,4.9084
0.025787,-0.010223,4.9158
0.028381,-0.0086975,4.9097
0.029602,-0.0057983,4.9109
0.029449,-0.0030518,4.9133
0.028687,-0.0012207,4.9097
0.028992,-0.0030518,4.917
0.031586,-0.0042725,4.9133
0.032349,-0.0050354,4.906
0.033112,-0.004425,4.9109
0.032654,-0.0024414,4.9121
0.031586,-0.00076294,4.9109
0.029144,-0.0015259,4.9084
0.027924,-0.0042725,4.9133
0.026703,-0.0067139,4.9109
0.027771,-0.0076294,4.9146
0.028992,-0.0056458,4.9182
0.028839,-0.002594,4.9158
0.029297,-0.00015259,4.9097
0.027466,-0.00030518,4.917
0.025787,-0.0019836,4.9194
0.023956,-0.0057983,4.9268
0.024872,-0.0062561,4.9255
0.025024,-0.0041199,4.9219
0.025482,-0.00015259,4.9329
0.022125,0.0039673,4.9316
0.021667,0.0050354,4.9316
0.020752,0.0042725,4.9231
0.022278,0.0018311,4.9316
0.02594,0.0012207,4.9304
0.028992,0.00076294,4.9329
0.030518,0.0021362,4.9426
0.03006,0.0035095,4.9341
0.027618,0.0016785,4.9329
0.025787,0.0021362,4.9377
0.023499,0.0010681,4.9316
0.020294,0.00045776,4.9353
0.020599,0.00030518,4.9341
0.018768,0.0022888,4.928
0.017395,0.0027466,4.9329
0.016022,0.0035095,4.9255
0.01709,0.0019836,4.9292
0.0177,0.00030518,4.9243
0.020142,-0.0047302,4.9158
0.022583,-0.007019,4.917
0.023193,-0.0097656,4.9219
0.022125,-0.010681,4.9182
0.019531,-0.010834,4.9207
0.015106,-0.010529,4.917
0.011139,-0.0073242,4.9072
0.011139,-0.0064087,4.9219
0.010529,-0.0056458,4.9146
0.014954,-0.0050354,4.9255
0.016937,-0.0042725,4.9097
0.018158,-0.0045776,4.9011
0.019531,-0.0059509,4.9121
0.020142,-0.0074768,4.9133
0.023041,-0.0088501,4.9084
0.02533,-0.010376,4.9109
0.027161,-0.010986,4.9084
0.028687,-0.0093079,4.895
0.026093,-0.0050354,4.906
0.023346,-0.00015259,4.9133
0.019226,0.00061035,4.9097
0.018158,0.0012207,4.917
0.016937,0.0012207,4.9194
0.018463,0.00076294,0.059814
0.02121,0.0013733,0.058594
0.023956,0.0032043,0.05249
0.02533,0.0050354,0.057373
0.02594,0.0036621,0.057373
0.028534,0.0010681,0.056152
0.030212,-0.0045776,0.058594
0.031128,-0.010986,0.057373
0.030975,-0.015717,0.061035
0.029297,-0.018616,0.067139
0.024872,-0.018463,0.058594
0.019684,-0.015259,0.061035
0.014343,-0.01297,0.061035
0.011597,-0.0099182,0.062256
0.012054,-0.010223,0.061035
0.01297,-0.012054,0.063477
0.015717,-0.013275,0.065918
0.019226,-0.011902,0.068359
0.021667,-0.010223,0.063477
0.023804,-0.0065613,0.067139
0.024567,-0.0053406,0.075684
0.027618,-0.0045776,0.062256
0.028992,-0.0065613,0.068359
0.030212,-0.009613,0.059814
0.031433,-0.016174,0.040283
0.028076,-0.011444,0.046387
0.024719,-0.0094604,0.048828
0.02121,-0.0050354,0.047607
0.020905,-0.00030518,0.047607
0.023499,0.0012207,0.043945
0.02655,0.0022888,0.047607
0.03006,-0.00030518,0.042725
0.029755,-0.00061035,0.043945
0.029144,0.00076294,0.041504
0.027924,0.0024414,0.042725
0.028381,0.0035095,0.041504
0.029602,0.0045776,0.039063
0.030975,0.0035095,0.042725
0.031738,0.0032043,0.042725
0.029297,0.0030518,0.037842
0.024872,0.0036621,0.041504
0.02121,0.005188,0.025635
0.0177,0.0047302,0.039063
0.016785,0.0036621,0.0354
0.017395,0.0016785,0.037842
0.017395,0,0.041504
0.01709,-0.00091553,0.041504
0.014496,-0.0015259,0.046387
0.01236,-0.0013733,0.043945
0.0093079,-0.0019836,0.05127
0.0065613,-0.004425,0.05127
0.0054932,-0.0064087,0.056152
0.0048828,-0.0080872,0.053711
0.0050354,-0.0090027,0.059814
0.0036621,-0.0079346,0.058594
0.0021362,-0.0062561,0.061035
0.0018311,-0.0033569,0.065918
0.0028992,-0.0016785,0.062256
0.0042725,-0.0013733,0.073242
0.0086975,0.0010681,0.062256
0.011902,0.0030518,0.05127
0.01358,0.0048828,0.061035
0.014801,0.0088501,0.059814
0.015106,0.011597,0.059814
0.014496,0.013885,0.065918
0.015106,0.015717,0.062256
0.016174,0.015564,0.065918
0.018616,0.015411,0.063477
0.019531,0.014038,0.059814
0.018921,0.01236,0.058594
0.018768,0.013733,0.059814
0.017395,0.014343,0.058594
0.015411,0.014343,0.057373
0.014801,0.01358,0.056152
0.017242,0.01236,0.048828
0.015106,0.010834,0.05249
0.015259,0.012512,0.047607
0.017242,0.010376,0.050049
0.016937,0.010986,4.5667
0.015564,0.013275,4.8914
0.014038,0.013885,4.9084
0.013733,0.014038,4.9121
0.01236,0.014191,4.9097
0.012054,0.013275,4.9109
0.0097656,0.011292,4.9084
0.0062561,0.010834,4.9121
0.0028992,0.010376,4.9072
0.0016785,0.0094604,4.9133
0.0018311,0.0083923,4.9084
0.0065613,0.0018311,4.9133
0.0057983,0.0065613,4.9084
0.0073242,0.0045776,4.9121
0.0080872,0.0057983,4.9243
0.0074768,0.0067139,4.9121
0.0071716,0.0062561,4.9207
0.0080872,0.007019,4.9182
0.009613,0.0032043,4.9011
0.010681,0.0050354,4.917
0.012054,0.0027466,4.9194
0.012665,0.00061035,4.9255
0.011902,0.0010681,4.928
0.012817,0.00045776,4.9231
0.014191,0.00045776,4.928
0.016479,0.0016785,4.9316
0.018463,0.0010681,4.9329
0.02243,0.00015259,4.9268
0.021515,-0.0018311,4.9329
0.021057,-0.0012207,4.9316
0.019989,-0.0022888,4.9329
0.018005,-0.00091553,4.9353
0.020447,0.00061035,4.9341
0.022278,0.0028992,4.9243
0.02243,0.00030518,4.9365
0.024872,-0.00061035,4.9463
0.023193,-0.0022888,4.9353
0.02243,-0.0030518,4.9365
0.020142,-0.0039673,4.9353
0.019989,-0.0024414,4.9304
0.020752,-0.0022888,4.9304
0.021362,-0.0033569,4.9292
0.020294,-0.004425,4.9255
0.015411,-0.0064087,4.9231
0.017242,-0.0074768,4.9109
0.016022,-0.0071716,4.9243
0.016022,-0.0065613,4.9146
0.019073,-0.0050354,4.9219
0.021057,-0.0056458,4.9121
0.023804,-0.0042725,4.9219
0.02533,-0.0053406,4.9219
0.025635,-0.0054932,4.9146
0.025177,-0.0056458,4.917
0.02533,-0.0053406,4.9109
0.028381,-0.0048828,4.8877
0.030212,-0.0056458,4.9133
0.035095,-0.0047302,4.9084
0.0383,-0.0045776,4.9097
0.040588,-0.0041199,4.9097
0.037231,-0.0032043,4.9084
0.034332,-0.0015259,4.9133
0.032043,-0.00030518,4.906
0.031128,0.00061035,4.9133
0.034027,0.00076294,4.9109
0.032349,-0.00091553,4.9146
0.032501,-0.0038147,4.9231
0.033112,-0.007782,4.9207
0.032196,-0.010529,4.9158
0.034943,-0.01297,4.9231
0.035248,-0.012512,4.9194
0.037231,-0.0083923,4.917
0.036774,-0.0083923,4.9341
0.035095,-0.0073242,4.9316
0.030518,-0.0047302,0.047607
0.027924,-0.0027466,0.059814
0.024261,0.00015259,0.058594
0.022888,0.0036621,0.059814
0.023956,0.0067139,0.061035
0.025787,0.0080872,0.057373
0.027771,0.0071716,0.065918
0.028992,0.0064087,0.059814
0.031433,0.0047302,0.063477
0.031738,0.0057983,0.063477
0.032501,0.0065613,0.067139
0.032196,0.007782,0.064697
0.032196,0.0079346,0.065918
0.026398,0.0048828,0.076904
0.021362,0.0028992,0.064697
0.017548,-0.0016785,0.058594
0.014343,-0.0027466,0.058594
0.013123,-0.0019836,0.037842
0.013733,-0.0024414,0.05249
0.017395,-0.00030518,0.053711
0.021362,-0.004425,0.050049
0.023651,-0.0062561,0.046387
0.025482,-0.0083923,0.043945
0.026703,-0.0013733,0.047607
0.027313,0.0012207,0.042725
0.027771,0.0056458,0.046387
0.028076,0.0042725,0.040283
0.028687,0.0019836,0.041504
0.028229,-0.0036621,0.041504
0.026703,-0.0045776,0.041504
0.026093,-0.0036621,0.041504
0.026398,-0.00076294,0.042725
0.024414,0.0012207,0.042725
0.024719,0.0015259,0.042725
0.031586,0.00045776,0.040283
0.028229,-0.0013733,0.03418
0.027771,-0.0035095,0.031738
0.025635,0.0012207,0.039063
0.024872,-0.0010681,0.041504
0.023041,0.00076294,0.040283
0.023041,-0.0024414,0.043945
0.023499,0.0013733,0.046387
0.023041,-0.0054932,0.047607
0.022888,-0.0050354,0.048828
0.02182,-0.0054932,0.061035
0.023041,-0.0064087,0.05127
0.022125,-0.0050354,0.058594
0.02243,-0.0035095,0.059814
0.024109,-0.002594,0.064697
0.027466,-0.0021362,0.070801
0.027466,-0.0021362,0.062256
0.028229,-0.0010681,0.064697
0.027618,-0.00076294,0.059814
0.027161,0.00076294,0.059814
0.027313,0.0016785,0.059814
0.028839,0.0028992,0.062256
0.029602,0.0022888,0.058594
0.032654,0.0033569,0.062256
0.033722,0.0013733,0.064697
0.034027,-0.00091553,0.063477
0.034332,-0.0032043,0.064697
0.033417,-0.0061035,0.067139
0.031128,-0.0039673,0.059814
0.031433,-0.0036621,0.063477
0.03006,-0.002594,0.058594
0.028992,-0.002594,0.059814
0.027008,-0.0022888,0.05127
0.024567,-0.0030518,0.056152
0.023956,-0.0024414,0.059814
0.024567,-0.0013733,0.048828
0.025787,-0.00076294,0.059814
0.027771,0.00015259,0.064697
0.028534,-0.00061035,0.042725
0.028229,-0.0041199,0.041504
0.026855,-0.0015259,0.046387
0.024567,-0.0013733,0.040283
0.020599,0.00015259,0.040283
0.016479,0.0016785,4.1687
0.012512,0.0015259,4.8621
0.0094604,-0.0010681,4.9011
0.0065613,-0.0012207,4.9072
0.0057983,-0.0018311,4.9084
0.0062561,-0.00076294,4.9158
0.0074768,0.002594,4.9109
0.010071,0.0053406,4.9109
0.013123,0.0059509,4.917
0.016479,0.004425,4.9097
0.018768,0.0013733,4.9109
0.019379,-0.002594,4.9158
0.018616,-0.0048828,4.906
0.016479,-0.0062561,4.9158
0.014343,-0.0054932,4.8975
0.012512,-0.0039673,4.9158
0.011444,-0.0015259,4.917
0.011292,-0.0033569,4.9194
0.011597,-0.0045776,4.9292
0.011902,-0.0057983,4.928
0.012817,-0.0054932,4.9341
0.012817,-0.0045776,4.9341
0.013885,-0.0015259,4.9341
0.014954,0.0018311,4.928
0.016327,0.0059509,4.9329
0.016937,0.0067139,4.928
0.018311,0.0074768,4.9292
0.019531,0.0065613,4.9402
0.019379,0.0047302,4.9353
0.018616,0.0048828,4.9402
0.017395,0.0062561,4.9377
0.016479,0.007782,4.9255
0.016327,0.0086975,4.9255
0.015411,0.0076294,4.9304
0.016785,0.0062561,4.9304
0.017242,0.0042725,4.9316
0.016937,0.0035095,4.9255
0.017395,0.0032043,4.9255
0.0177,0.00061035,4.9219
0.017853,0.005188,4.9268
0.017853,0.0050354,4.9158
0.017853,0.0042725,4.9182
0.017548,0.0039673,4.9207
0.015717,0.0042725,4.9243
0.016327,0.0054932,4.9158
0.016632,0.005188,4.917
0.016327,0.0047302,4.9121
0.015717,0.0028992,4.9109
0.015106,0.002594,4.9011
0.014648,0.0024414,4.9121
0.014038,0.0045776,4.9097
0.013428,0.007782,4.9084
0.014801,0.010071,4.9097
0.013123,0.011292,4.906
0.014648,0.010986,4.9121
0.015106,0.0091553,4.9048
0.016022,0.0057983,4.9097
0.016632,0.0061035,4.9097
0.016022,0.0059509,4.8987
0.016632,0.0027466,4.9146
0.017242,0.0067139,4.9182
0.016785,0.0059509,4.917
0.017853,0.0036621,4.9207
0.017548,0.0024414,4.9304
0.018005,-0.00061035,4.9158
0.018311,-0.00061035,4.9341
0.018921,0.0036621,4.9304
0.019379,0.0056458,4.9121
0.02121,0.0062561,4.9255
0.022583,0.0059509,4.9329
0.022888,0.0036621,4.9329
0.023346,0.0018311,4.9292
0.023193,-0.00015259,4.928
0.023499,-0.0010681,4.9341
0.023041,-0.0019836,0.063477
0.022736,-0.0027466,0.067139
0.02243,-0.0041199,0.061035
0.021515,-0.0057983,0.067139
0.021515,-0.0083923,0.068359
0.020752,-0.0074768,0.067139
0.022583,-0.0091553,0.073242
0.021667,-0.0076294,0.065918
0.022736,-0.007782,0.061035
0.023499,-0.0019836,0.059814
0.024872,-0.00015259,0.062256
0.026855,0.00030518,0.05249
0.029755,0.00015259,0.05249
0.032349,0.00076294,0.05127
0.036163,0.0028992,0.046387
0.03891,0.0038147,0.047607
0.041962,0.0041199,0.045166
0.043182,0.0021362,0.043945
0.043793,-0.00030518,0.046387
0.04364,-0.002594,0.041504
0.042267,-0.0032043,0.046387
0.041656,-0.005188,0.039063
0.039368,-0.0047302,0.041504
0.036621,-0.0048828,0.0354
0.036774,-0.0053406,0.041504
0.035858,-0.0059509,0.048828
0.035553,-0.007019,0.041504
0.03418,-0.0080872,0.054932
0.033112,-0.0076294,0.039063
0.031586,-0.0071716,0.029297
0.031586,-0.0065613,0.041504
0.027008,-0.0059509,0.039063
0.025482,-0.0056458,0.039063
0.024414,-0.0050354,0.043945
0.023346,-0.0054932,0.043945
0.022125,-0.0048828,0.047607
0.022278,-0.0039673,0.050049
0.022278,-0.0022888,0.054932
0.02243,-0.00091553,0.047607
0.023651,0.00045776,0.059814
0.025482,0.0013733,0.061035
0.026245,0.00076294,0.061035
0.028229,0.00045776,0.064697
0.030365,-0.00015259,0.062256
0.03006,0.00015259,0.059814
0.03006,0.0012207,0.061035
0.029907,0,0.070801
0.028534,-0.00061035,0.062256
0.027466,-0.0022888,0.061035
0.02594,-0.0038147,0.062256
0.025177,-0.0062561,0.064697
0.024261,-0.0041199,0.064697
0.023041,-0.005188,0.067139
0.02121,-0.0027466,0.062256
0.020447,-0.0050354,0.067139
0.019836,-0.0062561,0.058594
0.019073,-0.0093079,0.061035
0.019226,-0.0094604,0.058594
0.018616,-0.0083923,0.057373
0.018158,-0.0065613,0.05127
0.017853,-0.0038147,0.053711
0.018921,-0.0033569,0.065918
0.021362,-0.0045776,0.05127
0.022125,-0.0061035,0.048828
0.022736,-0.0064087,0.043945
0.023041,-0.0057983,0.028076
0.023041,-0.0030518,0.043945
0.022888,-0.0013733,0.043945
0.023346,-0.00030518,0.042725
0.023956,-0.0022888,0.039063
0.024109,-0.0045776,0.036621
0.023346,-0.0067139,0.040283
0.02243,-0.0062561,0.037842
0.022125,-0.0085449,0.041504
0.02182,-0.0085449,0.037842
0.022278,-0.0094604,0.042725
0.022736,-0.011444,0.11597
0.022583,-0.01358,4.6313
0.021973,-0.014191,4.8865
0.020599,-0.014648,4.906
0.023041,-0.013885,4.9097
0.024109,-0.01236,4.9158
0.025787,-0.010529,4.9207
0.026398,-0.010071,4.9182
0.027771,-0.0099182,4.9146
0.027313,-0.010071,4.9194
0.029297,-0.0094604,4.9231
0.029449,-0.0073242,4.9207
0.029449,-0.0041199,4.9255
0.03067,-0.0016785,4.928
0.030975,0.00030518,4.9316
0.032654,0.0010681,4.9292
0.033112,0.0013733,4.9341
0.033875,0.0013733,4.928
0.034485,0.0024414,4.9329
0.033417,0.0021362,4.9304
0.032043,0.0010681,4.9329
0.028381,-0.00061035,4.9463
0.027618,-0.0010681,4.9353
0.025177,-0.0027466,4.9365
0.023193,-0.0038147,4.9341
0.022278,-0.0038147,4.9304
0.022736,-0.0022888,4.9377
0.023041,-0.00045776,4.9304
0.023651,0.0010681,4.928
0.024567,0.0032043,4.9292
0.025177,0.0036621,4.928
0.024719,0.0041199,4.9255
0.024719,0.0054932,4.9207
0.02533,0.0053406,4.9231
0.023956,0.0088501,4.9194
0.023499,0.009613,4.917
0.022125,0.009613,4.9207
0.019836,0.0076294,4.9194
0.0177,0.0059509,4.9158
0.014648,0.0035095,4.917
0.01358,0.0024414,4.9255
0.012665,0.0018311,4.9158
0.011597,0.0010681,4.9207
0.010681,0.00015259,4.9084
0.0091553,-0.0018311,4.9072
0.007782,-0.0035095,4.9084
0.0071716,-0.0048828,4.9121
0.0061035,-0.004425,4.9109
0.0065613,-0.0024414,4.9097
0.007019,0.00076294,4.9084
0.0086975,0.0028992,4.9097
0.0093079,0.0047302,4.9084
0.011139,0.0047302,4.9133
0.011292,0.0036621,4.9072
0.012817,0.0030518,4.9207
0.01358,0.0028992,4.9194
0.015717,0.0047302,4.9194
0.017853,0.0080872,4.9304
0.019836,0.010986,4.9243
0.021362,0.013275,4.9243
0.023041,0.014343,4.9292
0.022736,0.014648,4.9231
0.022278,0.014801,4.9268
0.020905,0.015564,4.9353
0.019836,0.015411,4.9365
0.021362,0.015869,4.9341
0.021667,0.014038,4.9304
0.02243,0.011139,4.9329
0.023193,0.0091553,4.9341
0.023193,0.0086975,4.9341
0.024109,0.0083923,4.9304
0.023193,0.010681,4.939
0.02243,0.013885,4.9353
0.021667,0.011902,4.9365
0.019836,0.007782,0.064697
0.019836,0.0064087,0.065918
0.016632,0.0050354,0.072021
0.015869,0.0068665,0.062256
0.016022,0.010071,0.06958
0.016327,0.015106,0.058594
0.016937,0.017242,0.043945
0.017242,0.016785,0.05249
0.017242,0.015564,0.048828
0.017853,0.01358,0.042725
0.017395,0.011902,0.05127
0.015259,0.012054,0.043945
0.015564,0.01236,0.046387
0.014191,0.010681,0.042725
0.01236,0.010223,0.045166
0.0099182,0.0053406,0.039063
0.0074768,0.0035095,0.042725
0.0062561,0.0021362,0.042725
0.0047302,0.0022888,0.041504
0.007019,0.0024414,0.043945
0.0094604,0.0019836,0.040283
0.011597,0.0019836,0.043945
0.014191,0.00061035,0.041504
0.014954,0.00015259,0.032959
0.016327,-0.00030518,0.039063
0.016479,-0.00045776,0.037842
0.016479,-0.0015259,0.040283
0.016785,-0.0015259,0.042725
0.016022,-0.0010681,0.042725
0.015717,0.00091553,0.048828
0.014801,0.00015259,0.047607
0.015106,0.0012207,0.053711
0.016937,0.0027466,0.041504
0.01709,0.0018311,0.058594
0.022736,0.0015259,0.058594
0.024719,-0.0038147,0.061035
0.025635,-0.0036621,0.057373
0.026855,-0.007019,0.064697
0.027008,-0.007782,0.067139
0.027313,-0.0085449,0.063477
0.026245,-0.0090027,0.068359
0.02594,-0.0086975,0.059814
0.025177,-0.0068665,0.042725
0.023956,-0.0057983,0.061035
0.024414,-0.0047302,0.058594
0.024414,-0.0036621,0.061035
0.024567,-0.0042725,0.065918
0.024872,-0.0047302,0.062256
0.024261,-0.0048828,0.067139
0.026855,-0.0021362,0.063477
0.030212,-0.0028992,0.063477
0.033722,-0.0012207,0.058594
0.037231,-0.0015259,0.062256
0.037842,-0.0021362,0.05127
0.036469,-0.0047302,0.053711
0.035858,-0.0068665,0.061035
0.035095,-0.005188,0.05127
0.035095,-0.0047302,0.050049
0.03479,-0.0027466,0.048828
0.033875,-0.0016785,0.040283
0.032196,-0.0019836,0.042725
0.031281,-0.0019836,0.043945
0.028992,-0.0022888,0.041504
0.028687,-0.0039673,0.042725
0.029755,-0.0039673,0.036621
0.030975,-0.0032043,0.040283
0.031891,-0.0030518,0.037842
0.030212,-0.0012207,0.040283
0.029907,-0.0038147,0.036621
0.030823,-0.004425,0.041504
0.030518,-0.005188,0.040283
0.031891,-0.0039673,0.040283
0.03006,-0.0024414,0.037842
0.027618,-0.00015259,0.042725
0.026398,0.0010681,0.047607
0.026398,0.00091553,0.042725
0.025635,0.00015259,0.058594
0.026093,0.00030518,3.5205
0.025482,0.00030518,4.8218
0.024872,0.0027466,4.9133
0.023804,0.005188,4.9194
0.02533,0.0057983,4.9194
0.019989,0.005188,4.9255
0.022888,0.0039673,4.9255
0.022736,0.0028992,4.9304
0.023193,0.0028992,4.9304
0.023193,0.0021362,4.9329
0.022278,0.0018311,4.9292
0.02243,0.0012207,4.9304
0.023651,0.00091553,4.9329
0.023651,-0.0010681,4.9304
0.022583,-0.0030518,4.9377
0.021362,-0.005188,4.9353
0.020599,-0.0068665,4.9353
0.019836,-0.0067139,4.9353
0.019073,-0.0057983,4.9414
0.016327,-0.0032043,4.939
0.018463,-0.00015259,4.917
0.018921,-0.0021362,4.9316
0.020905,0.0024414,4.9304
0.023651,0.00076294,4.9304
0.027008,-0.0010681,4.9268
0.029144,0.00015259,4.9207
0.032654,0.002594,4.9243
0.03479,0.0093079,4.9194
0.036774,0.011292,4.9194
0.036163,0.012054,4.9194
0.036469,0.011444,4.9194
0.036774,0.0090027,4.917
0.036163,0.0061035,4.9158
0.033722,0.0030518,4.9255
0.028992,0.00061035,4.9109
0.025024,-0.0030518,4.917
0.020599,-0.005188,4.9109
0.018616,-0.0068665,4.8938
0.018616,-0.0071716,4.9072
0.019379,-0.0073242,4.9109
0.019989,-0.0082397,4.9121
0.020599,-0.010071,4.9072
0.020905,-0.011444,4.9084
0.021057,-0.012512,4.9072
0.022583,-0.010529,4.9097
0.025177,-0.0079346,4.9133
0.027618,-0.0050354,4.9084
0.029144,-0.0021362,4.9182
0.030365,-0.00061035,4.9182
0.030518,0.00091553,4.9194
0.030975,0.0050354,4.9243
0.032043,0.0062561,4.9231
0.032501,0.0079346,4.9231
0.03479,0.010071,4.928
0.037537,0.010681,4.9329
0.03952,0.011292,4.9304
0.040894,0.011139,4.9231
0.03952,0.010071,4.9304
0.038147,0.0083923,4.9304
0.0354,0.0050354,4.928
0.033112,0.0032043,4.9329
0.030365,0.0021362,4.9109
0.028687,0.00030518,4.9316
0.026245,-0.00076294,4.9329
0.023499,-0.0016785,4.9329
0.023499,-0.0024414,4.9316
0.023346,-0.0030518,4.9353
0.024567,-0.0028992,4.9341
0.02655,-0.0015259,4.9402
0.027618,0.0015259,4.9365
0.026245,0.004425,4.9353
0.023956,0.0050354,4.9341
0.020752,0.0059509,4.9292
0.016327,0.0071716,0.046387
0.012817,0.007019,0.05127
0.010071,0.0091553,0.050049
0.0088501,0.010223,0.047607
0.0085449,0.010223,0.05127
0.0094604,0.0083923,0.045166
0.011292,0.0047302,0.046387
0.012817,0.0012207,0.042725
0.013428,-0.0021362,0.046387
0.01709,-0.0032043,0.040283
0.019989,-0.0045776,0.042725
0.021667,-0.0035095,0.042725
0.022888,-0.0022888,0.047607
0.02182,-0.0010681,0.042725
0.021667,0.0010681,0.043945
0.019226,0.0028992,0.042725
0.019073,0.0036621,0.041504
0.020905,0.0057983,0.040283
0.021667,0.0074768,0.039063
0.023041,0.0073242,0.024414
0.023804,0.0068665,0.039063
0.024261,0.0048828,0.037842
0.024261,0.0027466,0.042725
0.024567,0.00061035,0.045166
0.025177,-0.00030518,0.042725
0.024872,0.00015259,0.050049
0.024109,0.0047302,0.05249
0.020752,0.0076294,0.05249
0.018158,0.011292,0.054932
0.015259,0.011902,0.061035
0.013428,0.009613,0.058594
0.01358,0.0091553,0.065918
0.015564,0.0073242,0.074463
0.017853,0.0054932,0.061035
0.017395,0.004425,0.065918
0.015869,0.0050354,0.062256
0.014801,0.0015259,0.047607
0.012054,-0.00091553,0.056152
0.011902,-0.0035095,0.062256
0.011292,-0.0039673,0.063477
0.011292,-0.0010681,0.062256
0.012054,0.0035095,0.062256
0.01236,0.0076294,0.067139
0.013733,0.010681,0.064697
0.016022,0.011902,0.067139
0.019684,0.011444,0.058594
0.023804,0.0091553,0.063477
0.027313,0.0090027,0.054932
0.031128,0.010071,0.056152
0.032196,0.010529,0.057373
0.032043,0.0091553,0.05249
0.026703,0.0076294,0.057373
0.020142,0.0045776,0.053711
0.014801,0.0064087,0.058594
0.010986,0.0079346,0.046387
0.0094604,0.0090027,0.030518
0.0090027,0.0085449,0.039063
0.0082397,0.0036621,0.041504
0.0090027,0.0015259,0.040283
0.0094604,-0.0015259,0.039063
0.014648,-0.0030518,0.039063
0.019226,-0.0038147,0.039063
0.023346,-0.0024414,0.032959
0.026093,-0.00030518,0.040283
0.026855,0.00091553,0.039063
0.026093,0.00015259,0.039063
0.021973,0.00015259,0.041504
0.019989,-0.0016785,0.045166
0.018616,-0.0018311,0.045166
0.019379,-0.0018311,0.042725
0.022278,0.0016785,0.050049
0.024261,0.0047302,0.045166
0.028076,0.0054932,0.039063
0.028381,0.0036621,0.050049
0.030212,0.0012207,0.050049
0.031433,-0.0059509,0.048828
0.032043,-0.0090027,0.053711
0.033722,-0.010834,0.53467
0.033569,-0.010986,4.6741
0.031128,-0.011749,4.9097
0.030823,-0.011139,4.9268
0.025787,-0.011139,4.928
0.024414,-0.012512,4.9329
0.025787,-0.012512,4.928
0.027924,-0.010681,4.9304
0.031433,-0.0088501,4.9268
0.032043,-0.004425,4.9316
0.035095,-0.0012207,4.939
0.035706,-0.00045776,4.9353
0.035553,-0.00091553,4.9426
0.035858,-0.0027466,4.9377
0.036316,-0.0054932,4.9194
0.036163,-0.0064087,4.9316
0.035706,-0.0062561,4.928
0.032806,-0.002594,4.9292
0.032959,-0.00091553,4.9268
0.028381,-0.00076294,4.9231
0.027771,-0.0027466,4.9231
0.028534,-0.0061035,4.917
0.028076,-0.007782,4.9255
0.028229,-0.0076294,4.906
0.027161,-0.0021362,4.9194
0.02594,-0.0036621,4.917
0.023346,-0.0016785,4.917
0.020905,-0.0027466,4.9194
0.018463,-0.0047302,4.917
0.017853,-0.0076294,4.8938
0.017395,-0.007019,4.9133
0.017853,-0.0027466,4.8987
0.018616,0.0019836,4.9084
0.018463,0.0064087,4.9133
0.018768,0.0099182,4.8999
0.021667,0.0048828,4.9109
0.024719,0.0035095,4.9097
0.029449,0.0022888,4.9097
0.032959,0.0039673,4.9072
0.037689,0.007782,4.9133
0.033264,0.0090027,4.9048
0.030975,0.0083923,4.917
0.028839,0.0061035,4.9121
0.026703,0.0041199,4.9207
0.027313,0.0015259,4.9182
0.025177,0.00091553,4.9231
0.023499,0.0021362,4.9304
0.021667,0.0035095,4.9268
0.018616,0.0032043,4.9365
0.018005,-0.00015259,4.928
0.018768,-0.0053406,4.9207
0.020142,-0.0093079,4.9329
0.021362,-0.011139,4.9268
0.02182,-0.010986,4.9255
0.020294,-0.0083923,4.9304
0.015717,-0.0065613,4.9292
0.016785,-0.0053406,4.9341
0.015717,-0.0045776,4.9304
0.0177,-0.0033569,4.9377
0.018768,-0.0019836,4.9316
0.020447,0.00061035,4.9365
0.020447,0.002594,4.9451
0.020905,0.005188,4.939
0.023346,0.0050354,4.9402
0.021973,0.007782,4.9304
0.026245,0.0073242,4.9316
0.029755,0.0065613,4.9316
0.032349,0.0039673,4.9304
0.031128,0.00076294,4.9255
0.031586,-0.0027466,4.9194
0.025177,-0.0057983,4.9182
0.021973,-0.0086975,4.9207
0.019684,-0.012054,4.9158
0.018005,-0.011597,0.043945
0.017853,-0.013428,0.041504
0.021362,-0.016479,0.047607
0.016327,-0.016479,0.040283
0.015717,-0.018463,0.043945
0.01709,-0.018921,0.042725
0.021057,-0.0177,0.045166
0.024261,-0.015259,0.036621
0.026703,-0.013428,0.043945
0.03006,-0.011444,0.053711
0.030823,-0.0073242,0.042725
0.030365,-0.0027466,0.05127
0.029144,0.0018311,0.040283
0.030212,0.0057983,0.025635
0.033569,0.0093079,0.041504
0.037842,0.013733,0.042725
0.042267,0.010529,0.040283
0.044861,0.011139,0.043945
0.043793,0.010986,0.042725
0.043945,0.0097656,0.048828
0.042725,0.0090027,0.05127
0.041962,0.0068665,0.053711
0.03952,0.0057983,0.053711
0.036469,0.0041199,0.057373
0.032654,0.0022888,0.059814
0.027618,0.00030518,0.061035
0.024414,0.00045776,0.073242
0.022125,-0.0030518,0.064697
0.022736,-0.005188,0.059814
0.024109,-0.0073242,0.062256
0.024719,-0.0079346,0.070801
0.02533,-0.007019,0.05249
0.023346,-0.0036621,0.048828
0.020599,0.0013733,0.063477
0.017548,0.0054932,0.061035
0.014648,0.0090027,0.064697
0.013275,0.010986,0.065918
0.012817,0.012054,0.063477
0.01297,0.011139,0.067139
0.013733,0.010681,0.062256
0.013885,0.0097656,0.063477
0.013275,0.0071716,0.054932
0.013428,0.0030518,0.053711
0.013123,-0.00045776,0.053711
0.014191,-0.0028992,0.05249
0.016479,-0.004425,0.059814
0.016632,-0.0032043,0.05127
0.015564,0.00091553,0.053711
0.014191,0.0047302,0.046387
0.013123,0.007782,0.03418
0.013275,0.0091553,0.043945
0.015564,0.010071,0.041504
0.018463,0.0094604,0.040283
0.021515,0.007019,0.039063
0.023041,0.0050354,0.037842
0.022278,0.0032043,0.039063
0.020294,0.002594,0.037842
0.018616,0.0018311,0.041504
0.018005,0.0010681,0.037842
0.017548,0,0.037842
0.016937,0.0010681,0.042725
0.014191,0.0042725,0.042725
0.0093079,0.0093079,0.037842
0.0041199,0.014954,0.042725
0.0042725,0.018616,0.041504
0.0059509,0.020752,0.045166
0.010376,0.020294,0.05127
0.014496,0.020599,0.050049
0.017395,0.019073,0.043945
0.018005,0.018768,0.050049
0.016479,0.017395,0.05249
0.015106,0.014954,0.056152
0.014648,0.011749,0.057373
0.014954,0.0079346,0.058594
0.014801,0.0048828,0.061035
0.013733,0.0064087,0.059814
0.011292,0.0057983,0.058594
0.0074768,0.0090027,0.059814
0.0053406,0.010223,4.6021
0.0057983,0.0091553,4.9048
0.0094604,0.0088501,4.928
0.014343,0.0080872,4.9451
0.018463,0.007782,4.9353
0.022278,0.007019,4.9255
0.02182,0.0053406,4.9353
0.019836,0.0038147,4.9231
0.016174,0.0033569,4.9329
0.013123,0.0030518,4.9304
0.010834,0.0039673,4.9304
0.009613,0.0042725,4.9316
0.0090027,0.0047302,4.9268
0.0073242,0.0067139,4.9243
0.0057983,0.007782,4.9219
0.0053406,0.0083923,4.9207
0.0076294,0.010834,4.9158
0.011749,0.010986,4.9072
0.017242,0.014648,4.9158
0.022888,0.011139,4.9207
0.025177,0.011444,4.9158
0.023956,0.010681,4.9158
0.023193,0.007782,4.9207
0.021362,0.0038147,4.9146
0.020599,0.00015259,4.9219
0.02121,-0.0019836,4.9084
0.022583,-0.0012207,4.9048
0.022125,0.0010681,4.9097
0.020599,0.0035095,4.9133
0.020752,0.0062561,4.9109
0.021515,0.007019,4.9084
0.022736,0.0057983,4.9084
0.02533,0.0042725,4.9097
0.028839,0.00061035,4.8889
0.030823,0.0027466,4.9182
0.030365,0.0021362,4.9133
0.028229,0.00076294,4.9158
0.024261,0.0013733,4.9182
0.019989,0.0013733,4.9182
0.018158,0.0018311,4.9304
0.016327,0.0022888,4.9255
0.016022,0.0016785,4.928
0.016327,0.00030518,4.9304
0.017853,-0.00091553,4.9121
0.01709,-0.00076294,4.9316
0.018005,0.00015259,4.9219
0.020294,0.00045776,4.9304
0.024567,0.00061035,4.9292
0.028992,-0.0010681,4.9268
0.031586,-0.0027466,4.9182
0.031738,-0.0042725,4.9292
0.030823,-0.0033569,4.9341
0.028687,-0.0012207,4.9304
0.028229,0.00015259,4.9353
0.029449,0,4.9365
0.032501,0.0018311,4.9377
0.033417,-0.0022888,4.9304
0.035248,-0.0035095,4.9377
0.032806,-0.002594,4.9426
0.031891,0.0010681,4.928
0.03006,0.0045776,4.9292
0.028839,0.0085449,4.9255
0.029144,0.010223,4.9194
0.029907,0.0097656,4.9194
0.028229,0.0082397,4.9194
0.029755,0.012817,4.9194
0.025024,0.0093079,4.9194
0.023041,0.010834,4.9121
0.023804,0.011139,4.9158
0.025024,0.010529,4.9109
0.030518,0.007782,4.9133
0.025482,0.0048828,4.9097
0.023804,0.0035095,0.043945
0.019379,0,0.040283
0.017548,0.00015259,0.042725
0.015869,0.0019836,0.046387
0.016022,0.0045776,0.041504
0.019684,0.0064087,0.037842
0.021973,0.007019,0.041504
0.02243,0.0073242,0.028076
0.023346,0.009613,0.036621
0.024414,0.0091553,0.029297
0.026855,0.011597,0.039063
0.029907,0.014038,0.045166
0.032959,0.015411,0.046387
0.033569,0.014191,0.05127
0.031128,0.009613,0.047607
0.027008,0.0035095,0.053711
0.022278,0.00091553,0.053711
0.019226,-0.0019836,0.058594
0.01709,-0.0041199,0.058594
0.016174,-0.0057983,0.059814
0.015259,-0.0073242,0.058594
0.016174,-0.0083923,0.062256
0.016327,-0.0091553,0.067139
0.018158,-0.0064087,0.064697
0.018921,-0.0038147,0.073242
0.021057,0.0012207,0.061035
0.023499,0.0045776,0.050049
0.027008,0.0062561,0.062256
0.03006,0.0059509,0.067139
0.033569,0.004425,0.064697
0.036011,0.0028992,0.073242
0.038147,0.0028992,0.064697
0.036926,0.004425,0.064697
0.035706,0.0073242,0.062256
0.03418,0.0086975,0.062256
0.033417,0.0083923,0.05249
0.029449,0.0057983,0.057373
0.026398,0.0021362,0.057373
0.02121,-0.00076294,0.05249
0.018158,-0.0033569,0.054932
0.015411,-0.0059509,0.05127
0.014801,-0.0097656,0.047607
0.014191,-0.013123,0.046387
0.016937,-0.015869,0.041504
0.018463,-0.018463,0.048828
0.019073,-0.019073,0.043945
0.019684,-0.016632,0.036621
0.021362,-0.011139,0.040283
0.024109,-0.0038147,0.039063
0.026703,0.0024414,0.040283
0.029449,0.0073242,0.037842
0.031738,0.010071,0.041504
0.033722,0.0083923,0.0354
0.036621,0.0082397,0.040283
0.039825,0.0091553,0.040283
0.042572,0.011444,0.042725
0.044403,0.013275,0.040283
0.045624,0.014038,0.042725
0.044708,0.010376,0.053711
0.042725,0.0054932,0.045166
0.039673,0.00045776,0.05249
0.037689,-0.0028992,0.047607
0.035858,-0.0024414,0.028076
0.033112,-0.0030518,0.05127
0.030365,-0.0021362,0.054932
0.026855,-0.0035095,0.056152
0.023193,-0.0068665,0.057373
0.02121,-0.0093079,0.058594
0.019836,-0.0099182,0.064697
0.019989,-0.0057983,0.059814
0.020142,-0.00061035,0.062256
0.019531,0.0018311,0.058594
0.01709,0.0039673,0.063477
0.015869,0.0032043,0.061035
0.014496,0.00061035,0.062256
0.015717,-0.00015259,0.073242
0.016632,0.0010681,0.064697
0.0177,0.002594,0.065918
0.017395,0.0024414,4.4446
0.016785,0.0019836,4.9121
0.017548,0.00045776,4.9255
0.019531,-0.0018311,4.928
0.020905,-0.0033569,4.9304
0.022125,-0.0035095,4.9268
0.021667,-0.002594,4.9207
0.020294,-0.0015259,4.9268
0.018616,0.0018311,4.9207
0.017853,0.0035095,4.9182
0.017242,0.0048828,4.917
0.017395,0.0050354,4.9219
0.017548,0.0036621,4.9146
0.015869,-0.00061035,4.9182
0.015259,-0.0024414,4.9158
0.014801,-0.0050354,4.9158
0.016479,-0.0068665,4.9109
0.017853,-0.0093079,4.9146
0.018311,-0.009613,4.917
0.019226,-0.011292,4.9084
0.018005,-0.0097656,4.8975
0.016785,-0.0056458,4.8999
0.014954,-0.0015259,4.9097
0.013123,0.004425,4.9097
0.011749,0.0064087,4.9072
0.011139,0.0073242,4.9084
0.011139,0.0062561,4.9097
0.010681,0.0041199,4.9084
0.013733,0.0039673,4.917
0.015411,0.0035095,4.9109
0.016785,0.0050354,4.9194
0.019073,0.0053406,4.9194
0.018311,0.0042725,4.9255
0.017242,0.0039673,4.9255
0.017395,0.0035095,4.928
0.015869,0.0018311,4.9255
0.015259,0.00091553,4.9304
0.011444,0.00015259,4.9377
0.01358,-0.0022888,4.9329
0.011444,-0.0053406,4.9158
0.0094604,-0.0074768,4.928
0.0088501,-0.0080872,4.9316
0.0082397,-0.0057983,4.9329
0.011749,-0.0028992,4.9316
0.011139,0.00015259,4.9292
0.0094604,0.0019836,4.9377
0.0076294,0.0038147,4.9353
0.0057983,0.0057983,4.9365
0.007019,0.0090027,4.9341
0.010071,0.010071,4.9377
0.015717,0.015411,4.9316
0.020447,0.011444,4.9316
0.02243,0.0048828,4.9426
0.02121,-0.0028992,4.9292
0.016327,-0.010986,4.9268
0.012054,-0.015717,4.9255
0.0080872,-0.016479,4.9048
0.0045776,-0.014191,4.9194
0.00045776,-0.010071,4.9207
-0.0038147,-0.0054932,4.9182
-0.0071716,-0.0041199,4.9194
-0.0064087,-0.0018311,4.9133
-0.0018311,0.0032043,4.9146
0.0067139,0.010376,4.9109
0.01709,0.015717,4.9146
0.026703,0.020752,4.9097
0.034637,0.019989,4.9109
0.039215,0.014496,4.9121
0.041199,0.0068665,4.9121
0.040131,0,4.8914
0.035858,-0.0041199,4.9133
0.03418,-0.0028992,0.046387
0.029602,0.00061035,0.040283
0.026093,0.0047302,0.046387
0.020752,0.0086975,0.039063
0.015869,0.0083923,0.032959
0.010529,0.007782,0.042725
0.0080872,0.0067139,0.042725
0.0074768,0.0039673,0.042725
0.0085449,0.0015259,0.050049
0.010834,-0.0038147,0.050049
0.015259,-0.0068665,0.05127
0.018921,-0.010223,0.054932
0.021057,-0.014801,0.059814
0.023346,-0.018005,0.056152
0.024872,-0.018463,0.063477
0.025635,-0.015717,0.063477
0.027008,-0.0086975,0.064697
0.028229,-0.0022888,0.072021
0.028076,0.0071716,0.063477
0.030518,0.013123,0.067139
0.029907,0.015411,0.059814
0.03006,0.016479,0.057373
0.030518,0.014496,0.064697
0.033264,0.012207,0.061035
0.034943,0.010986,0.065918
0.036926,0.010071,0.064697
0.038147,0.0088501,0.064697
0.037842,0.0056458,0.063477
0.037689,0.0010681,0.058594
0.036011,-0.0039673,0.063477
0.034027,-0.0050354,0.054932
0.031586,-0.0039673,0.05249
0.03067,-0.0024414,0.054932
0.028381,0.00061035,0.053711
0.024567,0.0048828,0.048828
0.020752,0.0056458,0.050049
0.018463,0.007019,0.059814
0.016327,0.0080872,0.047607
0.020599,0.0064087,0.056152
0.018158,0.013275,0.042725
0.019684,0.017242,0.0354
0.02121,0.023804,0.039063
0.024261,0.026855,0.036621
0.026093,0.028229,0.039063
0.028992,0.026093,0.039063
0.029449,0.023651,0.032959
0.030365,0.021362,0.043945
0.027924,0.021362,0.037842
0.02655,0.023193,0.041504
0.025177,0.023041,0.037842
0.026093,0.021973,0.042725
0.028687,0.019226,0.040283
0.032501,0.014648,0.040283
0.032501,0.0080872,0.05249
0.032806,0.0021362,0.046387
0.029144,-0.0033569,0.046387
0.025635,-0.0073242,0.050049
0.021057,-0.010529,0.039063
0.015869,-0.011597,0.050049
0.012054,-0.012054,0.053711
0.0065613,-0.010681,0.054932
0.0038147,-0.0088501,0.058594
0.0015259,-0.0050354,0.053711
0.0039673,-0.0021362,0.054932
0.0080872,0.00091553,0.061035
0.014648,0.004425,0.062256
0.022583,0.0038147,0.058594
0.029297,0.0033569,0.062256
0.035248,0.0041199,0.061035
0.037537,0.0068665,0.063477
0.037079,0.0097656,0.065918
0.032196,0.011749,0.067139
0.02655,0.012817,0.070801
0.020599,0.012207,0.067139
0.016479,0.010529,0.074463
0.013123,0.009613,0.064697
0.014496,0.0057983,0.05127
0.016479,0.0027466,0.059814
0.020905,-0.00061035,0.19653
0.024414,-0.0045776,4.6533
0.028076,-0.007782,4.9048
0.032349,-0.010986,4.917
0.033417,-0.01297,4.9194
0.030975,-0.012817,4.9182
0.025787,-0.010986,4.9158
0.018616,-0.0090027,4.9121
0.012054,-0.0071716,4.9146
0.0064087,-0.0050354,4.9182
0.004425,-0.0038147,4.9146
0.0047302,-0.0038147,4.9133
0.0061035,-0.0050354,4.9158
0.0091553,-0.0061035,4.9084
0.013885,-0.0057983,4.9121
0.016632,-0.0038147,4.9048
0.019379,-0.00045776,4.8999
0.019989,0.0022888,4.9219
0.022583,0.0047302,4.9097
0.022736,0.0054932,4.9097
0.024261,0.0041199,4.9084
0.026855,0.0038147,4.9109
0.032196,0.0057983,4.906
0.038605,0.0067139,4.9146
0.046082,0.0094604,4.9133
0.052185,0.0093079,4.9158
0.057373,0.0062561,4.9194
0.060425,0.002594,4.9255
0.062408,-0.00076294,4.917
0.062714,-0.0028992,4.9255
0.06073,-0.002594,4.9341
0.056152,-0.0030518,4.9292
0.050049,-0.0053406,4.9365
0.044861,-0.010376,4.9329
0.040588,-0.017395,4.9146
0.036774,-0.02243,4.9292
0.033112,-0.023041,4.9304
0.029144,-0.019684,4.9304
0.025635,-0.014038,4.9304
0.02243,-0.0093079,4.9255
0.019531,-0.0056458,4.9341
0.0177,-0.0042725,4.9353
0.014191,-0.0024414,4.9365
0.010376,-0.00076294,4.9316
0.007019,0.0021362,4.9414
0.004425,0.0065613,4.9329
0.0036621,0.010223,4.9329
0.0048828,0.012207,4.9377
0.0071716,0.011444,4.928
0.0086975,0.0079346,4.9304
0.012054,0.0053406,4.9292
0.01358,0.0024414,4.9316
0.018463,0.00091553,4.9207
0.019226,-0.00045776,4.8999
0.021057,-0.00015259,4.917
0.023956,-0.00061035,4.9146
0.026093,-0.0015259,4.9158
0.028076,-0.0027466,4.9158
0.032043,-0.005188,4.9121
0.035248,-0.010376,4.9121
0.037994,-0.0061035,4.9072
0.037384,-0.0067139,4.9109
0.037384,-0.0064087,4.9109
0.0354,-0.0065613,4.9121
0.031738,-0.0035095,4.9097
0.026398,-0.0027466,4.9121
0.022278,-0.0036621,4.9207
0.018463,-0.0071716,4.9109
0.011749,-0.0086975,4.9207
0.0074768,-0.0080872,4.9133
0.0042725,-0.005188,4.9011
0.0019836,-0.0012207,4.9097
0.0027466,0.0032043,0.046387
0.0028992,0.004425,0.041504
0.0042725,0.0057983,0.05127
0.005188,0.0019836,0.048828
0.0064087,0.0016785,0.05127
0.0068665,0.0041199,0.054932
0.0045776,0.007019,0.057373
0.0062561,0.011292,0.057373
0.0064087,0.012207,0.061035
0.0059509,0.012054,0.064697
0.0074768,0.010223,0.064697
0.0085449,0.0080872,0.064697
0.010376,0.007019,0.063477
0.01297,0.0086975,0.064697
0.014954,0.007782,0.063477
0.015717,0.0094604,0.073242
0.015259,0.0083923,0.063477
0.018005,0.0086975,0.059814
0.017242,0.0056458,0.063477
0.015106,0.0028992,0.068359
0.012054,0.00091553,0.064697
0.007019,-0.0019836,0.062256
0.0032043,-0.0041199,0.059814
-0.0022888,-0.0090027,0.063477
-0.007019,-0.0074768,0.057373
-0.0099182,-0.007782,0.057373
-0.014191,-0.0057983,0.05127
-0.015259,-0.004425,0.054932
-0.014801,-0.0015259,0.047607
-0.010986,-0.0021362,0.05127
-0.0056458,0.0053406,0.062256
-0.00061035,0.0076294,0.047607
0.0054932,0.0068665,0.048828
0.010223,0.007019,0.045166
0.013885,0.0057983,0.030518
0.016174,0.0065613,0.039063
0.016937,0.0036621,0.041504
0.016479,0.0022888,0.042725
0.016022,0,0.040283
0.014496,-0.0038147,0.036621
0.012665,-0.0093079,0.041504
0.012817,-0.013275,0.036621
0.012817,-0.016479,0.039063
0.014954,-0.019989,0.039063
0.017853,-0.019684,0.041504
0.023041,-0.020294,0.039063
0.023193,-0.020599,0.041504
0.024719,-0.02182,0.042725
0.02243,-0.023346,0.045166
0.024872,-0.021515,0.042725
0.023956,-0.024261,0.047607
0.023193,-0.023956,0.057373
0.023193,-0.02182,0.05127
0.022125,-0.02243,0.046387
0.02182,-0.022583,0.056152
0.021973,-0.019684,0.058594
0.02243,-0.019836,0.056152
0.023193,-0.015869,0.061035
0.024261,-0.01236,0.059814
0.027008,-0.0086975,0.061035
0.028534,-0.0074768,0.059814
0.027618,-0.0088501,0.064697
0.026093,-0.011444,0.05249
0.021973,-0.014191,0.062256
0.020294,-0.015259,0.063477
0.018311,-0.012817,0.065918
0.018005,-0.012817,0.076904
0.018311,-0.010223,0.065918
0.018616,-0.0068665,0.06958
0.018005,-0.0036621,0.064697
0.019684,-0.00030518,0.056152
0.015106,0.0035095,0.061035
0.014496,0.0059509,0.05127
0.013428,0.0076294,0.053711
0.014496,0.010376,0.054932
0.014343,0.010681,0.048828
0.013733,0.0093079,0.05127
0.01297,0.0074768,0.048828
0.011444,0.0062561,3.7878
0.0093079,0.0041199,4.8425
0.01297,0.0041199,4.9072
0.010529,0.0079346,4.9146
0.012054,0.011444,4.9158
0.013885,0.014038,4.9048
0.013428,0.014496,4.9146
0.019531,0.012512,4.9194
0.022278,0.010223,4.9109
0.025635,0.0093079,4.9182
0.027924,0.0064087,4.9097
0.030975,0.0073242,4.9023
0.032043,0.0091553,4.9097
0.031738,0.010681,4.9097
0.030518,0.01236,4.9084
0.027924,0.0094604,4.9084
0.025635,0.0076294,4.9109
0.024109,0.0080872,4.9109
0.022125,0.0093079,4.9121
0.020599,0.012817,4.917
0.019073,0.016785,4.9158
0.020294,0.019226,4.9207
0.017242,0.020447,4.9231
0.017242,0.022888,4.928
0.015869,0.024109,4.9377
0.016479,0.026398,4.9292
0.016327,0.028687,4.9268
0.016479,0.029144,4.9353
0.015564,0.025482,4.9316
0.017395,0.023193,4.9304
0.01297,0.020447,4.9011
0.011597,0.019836,4.9304
0.011292,0.01709,4.9329
0.010681,0.018005,4.9292
0.010681,0.019684,4.9341
0.010529,0.020447,4.9353
0.009613,0.017853,4.9377
0.0085449,0.016327,4.9353
0.0068665,0.01358,4.9341
0.0067139,0.010071,4.9353
0.0076294,0.0074768,4.9341
0.0091553,0.0061035,4.9329
0.0088501,0.0038147,4.9329
0.010986,0.00045776,4.9365
0.012665,-0.002594,4.9255
0.015564,-0.0050354,4.9304
0.020599,-0.0050354,4.9219
0.02121,-0.0015259,4.9097
0.024261,0.0032043,4.9194
0.026093,0.0083923,4.917
0.028381,0.011749,4.9158
0.029449,0.012817,4.9146
0.030365,0.01236,4.9121
0.03067,0.013275,4.9146
0.030975,0.013428,4.9097
0.031891,0.015411,4.9133
0.032501,0.016632,4.906
0.032196,0.015106,4.9146
0.032501,0.013428,4.9182
0.032043,0.010681,4.9146
0.03067,0.0088501,4.9146
0.028992,0.007782,4.9109
0.027618,0.0085449,4.9084
0.027924,0.009613,4.9121
0.028076,0.011597,4.9084
0.028534,0.012665,4.9146
0.028076,0.014038,4.9048
0.026398,0.014648,4.9133
0.02594,0.015106,4.917
0.026398,0.01297,4.9207
0.027008,0.011444,4.9207
0.028687,0.011902,4.9207
0.028687,0.014648,0.061035
0.028534,0.018158,0.057373
0.02594,0.019379,0.058594
0.022125,0.019531,0.059814
0.018921,0.01358,0.064697
0.016174,0.0090027,0.058594
0.013428,0.0076294,0.063477
0.011292,0.0090027,0.070801
0.0093079,0.010071,0.061035
0.0085449,0.0085449,0.06958
0.0074768,0.0033569,0.065918
0.0088501,-0.0038147,0.043945
0.012817,-0.0091553,0.063477
0.016632,-0.011749,0.059814
0.020142,-0.0099182,0.06958
0.022583,-0.0074768,0.064697
0.024414,-0.0079346,0.059814
0.025177,-0.010376,0.062256
0.024567,-0.01358,0.059814
0.025635,-0.01297,0.059814
0.025635,-0.0094604,0.05249
0.02594,-0.0024414,0.053711
0.025177,0.0033569,0.05249
0.024414,0.004425,0.05127
0.022888,0.0033569,0.053711
0.021667,0.00045776,0.05127
0.021667,-0.0024414,0.042725
0.023041,-0.0015259,0.046387
0.024109,0.00061035,0.032959
0.023804,0.002594,0.037842
0.023346,0.0021362,0.045166
0.02243,-0.0021362,0.037842
0.020447,-0.0061035,0.039063
0.018463,-0.010071,0.040283
0.019379,-0.0094604,0.040283
0.018311,-0.0071716,0.037842
0.0177,-0.0015259,0.042725
0.016174,0.00045776,0.037842
0.013123,0.002594,0.042725
0.012665,0.004425,0.030518
0.010986,0.0057983,0.041504
0.011444,0.0036621,0.032959
0.011444,0.00076294,0.045166
0.011902,-0.0035095,0.054932
0.012054,-0.0062561,0.047607
0.011902,-0.0094604,0.062256
0.014496,-0.0071716,0.047607
0.017548,-0.0038147,0.042725
0.019073,-0.0016785,0.056152
0.02182,0.0012207,0.058594
0.019989,0.0012207,0.054932
0.019379,0.0018311,0.054932
0.016479,0.0030518,0.059814
0.014343,0.0024414,0.061035
0.012665,0.0045776,0.061035
0.0091553,0.0030518,0.062256
0.012665,-0.00030518,0.058594
0.014954,-0.0042725,0.062256
0.018158,-0.0057983,0.065918
0.021057,-0.0062561,0.067139
0.018768,-0.0047302,0.067139
0.024414,-0.0028992,0.067139
0.025635,-0.0028992,0.065918
0.025024,-0.004425,0.064697
0.024872,-0.0045776,0.072021
0.024872,-0.0039673,0.062256
0.024872,-0.0015259,0.048828
0.023956,-0.0010681,0.056152
0.023193,0.0035095,0.054932
0.021515,0.0041199,0.05127
0.02182,0.0028992,0.048828
0.022278,0.0024414,0.046387
0.022888,0.002594,0.047607
0.026398,0.0035095,0.045166
0.026855,0.0045776,0.048828
0.02655,0.0050354,0.046387
0.024567,0.0030518,0.045166
0.023499,-0.0013733,0.039063
0.018616,-0.0053406,4.2273
0.02243,-0.0086975,4.8816
0.021973,-0.010071,4.906
0.020294,-0.010071,4.9133
0.019073,-0.0086975,4.9097
0.017395,-0.0083923,4.8914
0.016174,-0.0099182,4.906
0.017395,-0.0099182,4.9072
0.019836,-0.0097656,4.9084
0.023041,-0.0080872,4.9084
0.025635,-0.0050354,4.9097
0.027313,-0.00061035,4.9109
0.028381,0.0021362,4.9146
0.03006,0.0028992,4.917
0.032959,0.0019836,4.9109
0.036011,-0.00091553,4.9146
0.037842,-0.0028992,4.9194
0.040283,-0.0047302,4.9255
0.039063,-0.0050354,4.9243
0.038452,-0.007019,4.928
0.035706,-0.0079346,4.9097
0.032043,-0.012054,4.9329
0.029755,-0.0099182,4.9402
0.029755,-0.0097656,4.9329
0.029297,-0.009613,4.9219
0.029755,-0.0080872,4.9316
0.027924,-0.0068665,4.9207
0.025787,-0.0056458,4.9292
0.025482,-0.0033569,4.9304
0.025482,-0.0038147,4.9341
0.028381,-0.0048828,4.9353
0.027161,-0.004425,4.9353
0.027924,-0.0018311,4.9402
0.025482,-0.00061035,4.9304
0.022125,0.0065613,4.9353
0.018463,0.0086975,4.9316
0.014648,0.007782,4.9329
0.015259,0.0050354,4.9329
0.015869,0.0033569,4.928
0.018005,0.0032043,4.9231
0.018463,0.0047302,4.9194
0.018311,0.0064087,4.9109
0.017853,0.0062561,4.9207
0.017242,0.0030518,4.9182
0.017242,0.00030518,4.9109
0.019836,-0.00030518,4.9194
0.018768,0,4.9146
0.018158,0.0032043,4.9084
0.016479,0.0039673,4.9109
0.014191,0.004425,4.9133
0.012665,0.0030518,4.9072
0.012665,-0.00061035,4.9097
0.01358,-0.0050354,4.8901
0.016785,-0.0064087,4.9109
0.018768,-0.0088501,4.906
0.018616,-0.0076294,4.9146
0.018921,-0.0057983,4.9121
0.0177,-0.0039673,4.9109
0.014954,-0.0027466,4.9048
0.014648,-0.0036621,4.9146
0.015259,-0.0050354,4.906
0.015564,-0.0068665,4.9121
0.014038,-0.0093079,4.917
0.012054,-0.012817,4.9219
0.010681,-0.0090027,4.9219
0.010223,-0.0093079,4.9194
0.011902,-0.011292,4.9292
0.014343,-0.012512,4.9243
0.014191,-0.013885,4.928
0.019531,-0.014801,4.9207
0.020905,-0.014343,4.9341
0.02182,-0.011139,4.9304
0.022736,-0.0085449,4.9329
0.025177,-0.0068665,0.075684
0.026703,-0.0067139,0.062256
0.029602,-0.0057983,0.062256
0.031586,-0.0050354,0.063477
0.032196,-0.0036621,0.061035
0.030975,-0.00015259,0.063477
0.030823,0.0027466,0.072021
0.031281,0.0036621,0.065918
0.031891,0.002594,0.054932
0.033875,-0.0010681,0.061035
0.036621,-0.0045776,0.063477
0.037384,-0.0080872,0.058594
0.035248,-0.0071716,0.059814
0.031128,-0.009613,0.05127
0.025482,-0.0091553,0.054932
0.021515,-0.0094604,0.047607
0.018311,-0.0097656,0.05249
0.016937,-0.010834,0.048828
0.015717,-0.010986,0.047607
0.014496,-0.012512,0.05249
0.014191,-0.013275,0.046387
0.014343,-0.014496,0.053711
0.016022,-0.016479,0.039063
0.019836,-0.017395,0.030518
0.022583,-0.018616,0.039063
0.024261,-0.015717,0.040283
0.025482,-0.011749,0.039063
0.024567,-0.0065613,0.037842
0.022736,-0.0035095,0.030518
0.020142,-0.0010681,0.041504
0.019226,0.00015259,0.037842
0.019989,-0.00061035,0.042725
0.024719,-0.0022888,0.039063
0.024261,-0.0036621,0.041504
0.024872,-0.0016785,0.045166
0.024414,-0.00091553,0.043945
0.022888,0.0012207,0.053711
0.021973,0.0022888,0.048828
0.021057,0.00061035,0.056152
0.023346,0.0012207,0.047607
0.024872,-0.0047302,0.046387
0.024567,-0.0041199,0.057373
0.023651,-0.0010681,0.057373
0.019836,0.0022888,0.056152
0.016479,0.0050354,0.059814
0.012817,0.0056458,0.059814
0.0088501,0.0041199,0.061035
0.0071716,0.0012207,0.061035
0.0028992,-0.00076294,0.064697
-0.0021362,-0.0047302,0.058594
-0.0059509,-0.0071716,0.062256
-0.0083923,-0.010834,0.063477
-0.0061035,-0.015106,0.063477
-0.0019836,-0.019073,0.063477
0.0032043,-0.022583,0.065918
0.0082397,-0.024109,0.074463
0.010071,-0.02182,0.064697
0.011444,-0.015717,0.070801
0.010986,-0.0085449,0.063477
0.0091553,0.0010681,0.047607
0.0088501,0.0099182,0.057373
0.012207,0.015259,0.053711
0.012054,0.018005,0.05249
0.014954,0.02182,0.050049
0.018158,0.013428,0.046387
0.022888,0.0074768,0.05127
0.027618,0.0012207,0.046387
0.032501,-0.0027466,0.046387
0.036011,-0.0045776,0.045166
0.038757,-0.005188,0.048828
0.033875,-0.0048828,0.042725
0.028839,-0.0041199,0.043945
0.018921,-0.0019836,0.046387
0.0094604,-0.00061035,0.040283
0.0016785,0.00045776,0.0354
-0.00061035,0.00091553,0.039063
0.0018311,-0.00045776,0.026855
0.0045776,-0.00076294,3.9954
0.0086975,-0.0027466,4.8499
0.010681,-0.0027466,4.9048
0.010834,-0.0024414,4.906
0.010529,-0.0016785,4.906
0.0099182,0.00076294,4.9121
0.0093079,0.0022888,4.9109
0.007019,0.0015259,4.9158
0.0027466,0.00076294,4.9146
-0.0015259,-0.00030518,4.9207
-0.0059509,-0.0012207,4.9207
-0.0085449,-0.0030518,4.9243
-0.0076294,-0.0028992,4.9219
-0.0035095,-0.0047302,4.9268
-0.0033569,-0.0068665,4.9341
0.0067139,-0.0083923,4.9329
0.009613,-0.0088501,4.9426
0.0099182,-0.0056458,4.9316
0.0085449,-0.00061035,4.9231
0.0085449,0.0056458,4.9329
0.010986,0.010986,4.9304
0.015564,0.019531,4.9304
0.020752,0.016632,4.9316
0.024719,0.01709,4.9329
0.026245,0.016632,4.9353
0.027771,0.016937,4.9329
0.028229,0.014954,4.9377
0.03006,0.013733,4.9316
0.031891,0.0099182,4.9353
0.033112,0.0048828,4.9304
0.031586,0.00015259,4.9316
0.027924,-0.004425,4.9316
0.023499,-0.007782,4.928
0.019379,-0.0086975,4.9255
0.017548,-0.0080872,4.9231
0.0177,-0.0061035,4.9219
0.0177,-0.0035095,4.9207
0.018921,-0.0018311,4.9194
0.0177,-0.00091553,4.9146
0.016174,0.0015259,4.9182
0.014343,0.0039673,4.9133
0.013733,0.0061035,4.9133
0.015106,0.0080872,4.9084
0.018463,0.0076294,4.9133
0.022125,0.0080872,4.9072
0.025177,0.0074768,4.9109
0.029907,0.0073242,4.9133
0.028076,0.0091553,4.9146
0.029144,0.010834,4.9097
0.03006,0.013123,4.9109
0.032043,0.013275,4.9207
0.031281,0.011902,4.9109
0.031433,0.010986,4.9207
0.028992,0.010071,4.9133
0.027466,0.009613,4.895
0.026703,0.0093079,4.9133
0.027008,0.0094604,4.917
0.029144,0.0085449,4.9158
0.031586,0.0080872,4.9219
0.032501,0.0064087,4.9219
0.032349,0.0048828,4.9268
0.032043,0.0033569,4.9255
0.027618,0.0024414,4.9304
0.024872,0.0024414,4.9268
0.022583,0.0039673,4.9329
0.02182,0.0053406,4.9304
0.019836,0.0065613,4.9353
0.021973,0.0068665,4.9414
0.021667,0.0062561,4.9316
0.024567,0.0068665,4.9304
0.025482,0.0073242,4.9341
0.027161,0.0079346,4.9402
0.028381,0.0090027,4.9341
0.028992,0.009613,0.056152
0.028229,0.0083923,0.065918
0.025482,0.0074768,0.065918
0.023651,0.0057983,0.061035
0.02121,0.0059509,0.064697
0.02121,0.0093079,0.056152
0.023041,0.012665,0.057373
0.025177,0.018616,0.054932
0.026398,0.019836,0.057373
0.028381,0.020142,0.05127
0.031128,0.016022,0.050049
0.031281,0.016174,0.047607
0.032349,0.015106,0.041504
0.032196,0.012817,0.059814
0.031433,0.013275,0.045166
0.029602,0.011292,0.058594
0.026855,0.0045776,0.042725
0.024414,-0.00076294,0.0354
0.021973,-0.0054932,0.039063
0.020599,-0.0039673,0.037842
0.019989,0.00091553,0.036621
0.020599,0.0068665,0.039063
0.02182,0.010376,0.036621
0.021973,0.0099182,0.040283
0.023193,0.0082397,0.036621
0.024414,0.0050354,0.047607
0.025482,0.0035095,0.036621
0.025177,0.0045776,0.041504
0.025635,0.0047302,0.045166
0.02594,0.0042725,0.043945
0.026398,0.0010681,0.043945
0.025787,-0.0032043,0.05127
0.024719,-0.0073242,0.048828
0.023346,-0.0076294,0.05127
0.022736,-0.0050354,0.056152
0.023041,-0.0013733,0.054932
0.023956,0.0018311,0.053711
0.025635,0.0012207,0.056152
0.025482,-0.00030518,0.058594
0.025177,-0.0033569,0.062256
0.024719,-0.0048828,0.062256
0.023804,-0.0039673,0.058594
0.024109,-0.0016785,0.065918
0.025177,0.00045776,0.059814
0.027008,0.0022888,0.054932
0.027771,0.0027466,0.062256
0.027924,0.0027466,0.064697
0.027466,0.0033569,0.063477
0.026855,0.005188,0.067139
0.027466,0.0064087,0.075684
0.026855,0.0053406,0.063477
0.028687,0.0033569,0.064697
0.027771,0.0013733,0.064697
0.027771,-0.00045776,0.039063
0.027313,-0.0016785,0.056152
0.02594,-0.0033569,0.05127
0.025635,-0.0042725,0.053711
0.024872,-0.0059509,0.05249
0.025482,-0.0071716,0.047607
0.025787,-0.0085449,0.047607
0.02594,-0.010071,0.047607
0.02594,-0.011444,0.043945
0.024414,-0.011597,0.028076
0.02182,-0.012512,0.046387
0.019531,-0.012207,0.043945
0.018005,-0.010223,0.042725
0.017548,-0.0080872,0.041504
0.016785,-0.0045776,0.042725
0.018616,-0.0033569,0.043945
0.019684,-0.0022888,0.041504
0.022125,-0.00076294,0.037842
0.024872,-0.00061035,0.036621
0.027161,0.0016785,0.0354
0.028839,0.0050354,0.03418
0.029449,0.0067139,0.041504
0.028534,0.0085449,0.036621
0.02655,0.0073242,0.040283
0.023346,0.0045776,1.6418
0.020599,-0.0012207,4.718
0.018768,-0.00091553,4.9011
0.016785,-0.0018311,4.9182
0.016785,-0.0030518,4.9182
0.015869,-0.0054932,4.9207
0.015869,-0.0093079,4.9207
0.015411,-0.011139,4.9304
0.015411,-0.016174,4.9377
0.014496,-0.016022,4.9292
0.01358,-0.014648,4.9353
0.011749,-0.012054,4.9304
0.0094604,-0.0090027,4.9255
0.0091553,-0.0088501,4.9341
0.0076294,-0.010376,4.928
0.0064087,-0.01236,4.9292
0.0088501,-0.011749,4.9316
0.011139,-0.011139,4.9329
0.012665,-0.0088501,4.9341
0.015106,-0.0061035,4.9341
0.015106,-0.0056458,4.9365
0.015411,-0.0057983,4.928
0.016022,0.00076294,4.9329
0.016937,-0.00076294,4.9316
0.0177,0.0018311,4.9316
0.021057,0.0036621,4.9292
0.018311,0.0032043,4.928
0.020142,0.0033569,4.9292
0.022125,0.00030518,4.9255
0.023804,-0.0013733,4.9316
0.024261,-0.0024414,4.9194
0.028839,-0.0019836,4.9072
0.026855,-0.0021362,4.9182
0.02533,-0.0027466,4.9097
0.023651,-0.0039673,4.917
0.022736,-0.0056458,4.9121
0.021515,-0.0064087,4.906
0.020905,-0.0064087,4.9109
0.019989,-0.0076294,4.895
0.018311,-0.0013733,4.9011
0.017395,0.00045776,4.9084
0.015259,0.0021362,4.9158
0.015564,0.0012207,4.9097
0.014648,-0.00030518,4.9146
0.013733,-0.0024414,4.9182
0.014038,-0.0041199,4.906
0.012512,-0.0045776,4.9084
0.010986,-0.0065613,4.9121
0.0083923,-0.0018311,4.8975
0.0064087,-0.00076294,4.9121
0.0053406,-0.0016785,4.9146
0.0039673,-0.0030518,4.9109
0.0041199,-0.0076294,4.9182
0.0059509,-0.0033569,4.9207
0.0082397,0.00045776,4.9207
0.012054,0.0041199,4.9268
0.015259,0.0086975,4.9304
0.019989,0.007782,4.9292
0.023804,0.0062561,4.9341
0.027313,0.0038147,4.9304
0.029907,0.0019836,4.9353
0.031738,0.0016785,4.9304
0.033417,0.004425,4.9402
0.033417,0.0054932,4.9353
0.031586,0.0064087,4.9341
0.030975,0.0083923,4.9451
0.029297,0.0076294,4.9329
0.028381,0.0093079,4.9255
0.028687,0.0099182,4.9365
0.028076,0.0099182,4.9268
0.027924,0.011139,4.9329
0.029755,0.007782,4.9353
0.030365,0.0028992,4.9304
0.030518,-0.0021362,4.9292
0.028381,-0.0056458,0.053711
0.026093,-0.0054932,0.057373
0.023499,-0.0076294,0.046387
0.019989,-0.0065613,0.05249
0.017395,-0.0067139,0.05127
0.014038,-0.0053406,0.048828
0.012207,-0.0032043,0.053711
0.011597,-0.002594,0.046387
0.01297,0.00076294,0.041504
0.014648,0.0033569,0.043945
0.018463,0.0065613,0.032959
0.025482,0.0088501,0.041504
0.027313,0.011597,0.037842
0.03067,0.011292,0.040283
0.033875,0.010529,0.039063
0.035248,0.0090027,0.042725
0.030975,0.0086975,0.041504
0.034332,0.0083923,0.037842
0.035095,0.007019,0.041504
0.032349,0.007782,0.040283
0.032043,0.0062561,0.041504
0.032349,0.005188,0.041504
0.033569,0.0018311,0.045166
0.034027,-0.0016785,0.042725
0.034332,-0.0045776,0.047607
0.034943,-0.0083923,0.053711
0.034637,-0.0074768,0.05127
0.03479,-0.0079346,0.062256
0.034332,-0.0079346,0.056152
0.032349,-0.0076294,0.041504
0.03006,-0.007019,0.056152
0.027924,-0.0067139,0.059814
0.026245,-0.0045776,0.061035
0.025787,-0.00015259,0.059814
0.023651,0.0024414,0.059814
0.023499,0.0056458,0.064697
0.023804,0.0068665,0.059814
0.02655,0.009613,0.062256
0.028839,0.011749,0.059814
0.028839,0.015106,0.065918
0.03006,0.017853,0.065918
0.03006,0.01709,0.067139
0.029755,0.015717,0.079346
0.029144,0.013123,0.065918
0.028687,0.0086975,0.063477
0.029449,0.0062561,0.063477
0.030365,0.0035095,0.057373
0.03006,0.0019836,0.05127
0.028687,0.0018311,0.054932
0.025787,0.0012207,0.05249
0.024414,-0.00015259,0.05127
0.022888,-0.0013733,0.047607
0.023346,-0.0036621,0.048828
0.023804,-0.0041199,0.045166
0.022125,-0.0036621,0.05249
0.020905,-0.0045776,0.045166
0.019989,-0.0050354,0.046387
0.02121,-0.007019,0.041504
0.021667,-0.0093079,0.043945
0.023499,-0.010376,0.040283
0.025024,-0.012054,0.043945
0.02594,-0.011292,0.050049
0.026245,-0.0091553,0.040283
0.024261,-0.0065613,0.05249
0.023651,-0.0050354,0.039063
0.023193,-0.0041199,0.029297
0.023956,-0.0047302,0.0354
0.024261,-0.0071716,0.041504
0.024261,-0.010376,0.036621
0.025177,-0.01236,0.041504
0.025024,-0.012665,0.039063
0.025482,-0.01297,0.042725
0.025482,-0.011902,0.042725
0.026703,-0.012665,0.050049
0.025787,-0.011902,0.047607
0.025024,-0.01297,0.054932
0.025635,-0.010986,0.058594
0.025787,-0.010071,4.4238
0.025177,-0.0093079,4.8975
0.024414,-0.010529,4.9207
0.024414,-0.011597,4.9255
0.023956,-0.011902,4.9304
0.025635,-0.011749,4.9377
0.02594,-0.010681,4.9329
0.027466,-0.0097656,4.9255
0.027771,-0.0085449,4.9292
0.026093,-0.0079346,4.9304
0.025177,-0.0068665,4.9329
0.025024,-0.0056458,4.9341
0.02533,-0.004425,4.9255
0.025635,-0.0019836,4.9377
0.026703,0.00091553,4.9353
0.02655,0.0015259,4.9353
0.026855,0.00045776,4.9329
0.026703,-0.0024414,4.9341
0.025635,-0.0048828,4.9268
0.024414,-0.0071716,4.9304
0.023041,-0.0088501,4.939
0.021667,-0.0097656,4.9243
0.020447,-0.011597,4.9207
0.017548,-0.012512,4.9231
0.017242,-0.013275,4.9011
0.014801,-0.013885,4.9133
0.014496,-0.013123,4.9182
0.014801,-0.011902,4.9158
0.015869,-0.007782,4.9109
0.018005,-0.0032043,4.9084
0.018921,0.0019836,4.9133
0.020294,0.0059509,4.9097
0.020599,0.0091553,4.9109
0.020142,0.009613,4.906
0.019684,0.0067139,4.9158
0.018005,0.0035095,4.9133
0.016632,0.00091553,4.9121
0.013733,-0.00061035,4.9084
0.012207,-0.00076294,4.9109
0.0073242,-0.00076294,4.9097
0.0053406,0.00061035,4.9109
0.0045776,0.0013733,4.9146
0.005188,0.0018311,4.9158
0.0068665,0.0021362,4.9194
0.0090027,0.0022888,4.9207
0.010986,0.0027466,4.9036
0.01297,0.0018311,4.9194
0.014648,0.00015259,4.9243
0.015869,-0.0024414,4.9243
0.017395,-0.0076294,4.9304
0.018005,-0.0061035,4.9231
0.018463,-0.010223,4.9341
0.017853,-0.010834,4.9304
0.013275,-0.0091553,4.9329
0.010834,-0.0083923,4.9292
0.007782,-0.0085449,4.9341
0.0062561,-0.007782,4.9377
0.0057983,-0.0073242,4.9341
0.0068665,-0.0050354,4.9377
0.0085449,-0.0047302,4.9365
0.010986,-0.00076294,4.9097
0.014038,0.0019836,4.9377
0.017395,0.0050354,4.9353
0.020752,0.0074768,4.9316
0.021057,0.010986,4.9341
0.022278,0.012512,4.9353
0.02121,0.011902,4.9268
0.019379,0.010376,4.9255
0.0177,0.0071716,4.9255
0.016327,0.0057983,4.9207
0.015869,0.0041199,4.9243
0.014954,0.0045776,4.9243
0.014801,0.0021362,4.9219
0.015259,0.0010681,0.045166
0.013885,-0.00045776,0.045166
0.01709,-0.0071716,0.05127
0.018005,-0.004425,0.039063
0.018921,-0.0053406,0.047607
0.019379,-0.004425,0.040283
0.019226,-0.0030518,0.0354
0.015717,-0.0016785,0.0354
0.016937,0.00030518,0.041504
0.016327,0.0016785,0.040283
0.014801,0.0018311,0.039063
0.013275,0.0010681,0.0354
0.011444,0.0012207,0.040283
0.010529,0.0032043,0.036621
0.010223,0.0047302,0.042725
0.011292,0.0059509,0.040283
0.012665,0.0068665,0.045166
0.014954,0.0048828,0.045166
0.016327,0.0039673,0.047607
0.01709,0.0028992,0.063477
0.017242,0.0054932,0.050049
0.018005,0.0054932,0.057373
0.0177,0.0079346,0.056152
0.018921,0.011139,0.042725
0.018768,0.0076294,0.053711
0.018463,0.004425,0.057373
0.019531,0.00076294,0.062256
0.020905,-0.00015259,0.059814
0.020447,0.0016785,0.059814
0.020752,0.0013733,0.063477
0.02182,0.0010681,0.059814
0.021515,0.0018311,0.063477
0.020905,-0.00045776,0.058594
0.019684,-0.004425,0.065918
0.021515,-0.0053406,0.063477
0.022278,-0.0079346,0.064697
0.022278,-0.0068665,0.070801
0.021973,-0.0061035,0.068359
0.02182,-0.0045776,0.065918
0.022736,-0.0041199,0.063477
0.02121,-0.0015259,0.078125
0.021362,-0.0027466,0.057373
0.02182,-0.0018311,0.059814
0.024109,0,0.053711
0.024261,0.0010681,0.05249
0.025482,0.0018311,0.050049
0.027008,0.0021362,0.046387
0.028534,0.0019836,0.046387
0.030365,0.0018311,0.047607
0.030365,0.0019836,0.045166
0.031128,0.0022888,0.047607
0.031891,-0.0013733,0.041504
0.033875,-0.0018311,0.042725
0.036011,-0.0018311,0.043945
0.037384,0.00030518,0.043945
0.037842,0.0013733,0.046387
0.037384,0.0033569,0.03418
0.035553,0.002594,0.045166
0.032654,0.00045776,0.040283
0.031586,-0.0010681,0.028076
0.029755,-0.0016785,0.037842
0.029907,-0.00030518,0.039063
0.029449,0.0013733,0.037842
0.029907,0.0033569,0.041504
0.027161,0.0038147,0.039063
0.029449,0.0013733,0.043945
0.031738,0.0010681,0.041504
0.032654,0.0010681,0.047607
0.032349,0.0022888,0.048828
0.028381,0.0032043,0.05127
0.027924,0.0027466,0.054932
0.024872,0.0015259,0.059814
0.023193,0.00015259,0.056152
0.020599,-0.00076294,0.059814
0.02182,0.00061035,0.065918
0.02243,0.0032043,0.062256
0.023956,0.0050354,0.073242
0.025787,0.0057983,2.9431
0.027618,0.0059509,4.7925
0.030823,0.0047302,4.9158
0.034332,0.005188,4.9316
0.037537,0.0057983,4.9292
0.040131,0.0071716,4.9329
0.040588,0.0083923,4.9341
0.040283,0.0083923,4.9377
0.036163,0.0085449,4.9341
0.031281,0.01358,4.9341
0.027924,0.010681,4.9292
0.024872,0.011292,4.9292
0.022888,0.011139,4.9268
0.021973,0.010834,4.9304
0.022736,0.0088501,4.9341
0.020599,0.0054932,4.9255
0.023804,0.0039673,4.9109
0.024414,0.0027466,4.9243
0.02655,0.0030518,4.9109
0.028076,0.0036621,4.917
0.028687,0.0042725,4.9133
0.027924,0.0045776,4.9158
0.026093,0.0041199,4.917
0.023346,0.0028992,4.9133
0.02243,0.0027466,4.9109
0.022125,0.0036621,4.9072
0.023804,0.0065613,4.9097
0.026398,0.0076294,4.9072
0.029755,0.011139,4.9158
0.034485,0.0099182,4.9109
0.036316,0.011749,4.9121
0.037994,0.011292,4.9072
0.037994,0.009613,4.9109
0.038757,0.0068665,4.9158
0.0383,0.0050354,4.9109
0.037231,0.004425,4.9231
0.03418,0.0041199,4.9133
0.030365,0.0012207,4.906
0.023651,-0.00061035,4.9182
0.018921,-0.0035095,4.9182
0.015564,-0.0079346,4.9194
0.015259,-0.0079346,4.9243
0.016327,-0.0061035,4.9219
0.018158,-0.0016785,4.9243
0.021667,0.0033569,4.9341
0.023193,0.0062561,4.9353
0.025482,0.007019,4.9304
0.027466,0.0054932,4.9341
0.029449,0.0033569,4.9207
0.032349,0.0036621,4.9329
0.034027,0.0067139,4.9365
0.03479,0.011444,4.9304
0.035706,0.014038,4.9329
0.034027,0.014954,4.9353
0.031891,0.011749,4.9475
0.030823,0.0088501,4.9341
0.030212,0.0050354,4.9414
0.03006,0.0021362,4.9329
0.028687,0.00076294,4.9329
0.027771,0.00030518,4.9329
0.025024,0.0021362,4.9316
0.02243,0.0021362,4.9243
0.020905,0.0015259,4.9268
0.020752,0.00076294,4.9219
0.021973,0.00061035,4.9243
0.023499,0.0015259,4.9194
0.022583,0.0022888,4.9194
0.019836,0.002594,4.9158
0.015717,0.0016785,4.9182
0.013885,0.00030518,4.928
0.013275,-0.0013733,4.9146
0.013733,-0.0016785,4.9207
0.013885,-0.0012207,4.9146
0.013275,-0.00015259,0.026855
0.01297,0.00091553,0.0354
0.011597,0.00015259,0.03418
0.010376,-0.0036621,0.040283
0.012665,-0.0013733,0.040283
0.013123,-0.0010681,0.036621
0.014191,-0.00061035,0.041504
0.014496,0,0.039063
0.014191,-0.00015259,0.040283
0.014648,-0.0015259,0.037842
0.014191,-0.0041199,0.043945
0.014191,-0.0067139,0.042725
0.014954,-0.0085449,0.046387
0.015259,-0.0088501,0.05249
0.015106,-0.0073242,0.050049
0.015411,-0.0059509,0.045166
0.016937,-0.0035095,0.054932
0.0177,-0.0022888,0.053711
0.0177,-0.00045776,0.056152
0.021362,-0.0013733,0.063477
0.023499,-0.00076294,0.059814
0.025177,-0.0010681,0.061035
0.025635,-0.00045776,0.061035
0.025024,0.00030518,0.064697
0.023346,-0.00045776,0.054932
0.018158,0.00045776,0.062256
0.016327,-0.0015259,0.061035
0.013275,-0.0019836,0.063477
0.010529,-0.00076294,0.059814
0.0091553,0.00076294,0.065918
0.0068665,0.0022888,0.065918
0.0047302,0.004425,0.068359
0.0045776,0.005188,0.074463
0.0056458,0.005188,0.064697
0.0086975,0.0030518,0.06958
0.011749,0.0015259,0.057373
0.014496,0.00061035,0.047607
0.016327,0.0016785,0.056152
0.017548,0.0021362,0.054932
0.015564,0.00030518,0.047607
0.014343,-0.0013733,0.05127
0.012665,-0.0022888,0.047607
0.012817,-0.0028992,0.048828
0.012665,-0.0018311,0.046387
0.013275,0,0.048828
0.014191,0.00061035,0.037842
0.015717,0.0021362,0.042725
0.016022,0.00015259,0.047607
0.018158,-0.0019836,0.042725
0.020599,-0.004425,0.037842
0.023956,-0.0045776,0.042725
0.026398,-0.00061035,0.040283
0.026855,0.0032043,0.039063
0.025177,0.0054932,0.039063
0.022278,0.0059509,0.040283
0.019684,0.0036621,0.042725
0.019226,0.00091553,0.0354
0.019836,-0.0012207,0.039063
0.020447,-0.0015259,0.039063
0.020294,-0.00076294,0.040283
0.020294,-0.00061035,0.041504
0.018311,-0.0027466,0.048828
0.018463,-0.0038147,0.047607
0.019226,-0.0083923,0.05249
0.02182,-0.009613,0.05127
0.023041,-0.0082397,0.058594
0.023499,-0.0054932,0.054932
0.023346,-0.0027466,0.061035
0.02182,0,0.070801
0.022125,0.00061035,0.061035
0.024109,0.00015259,0.065918
0.026245,0.00076294,0.063477
0.029907,0.00061035,0.046387
0.031891,0.00076294,0.061035
0.031586,0.00045776,0.061035
0.032196,-0.00076294,0.059814
0.030212,-0.0022888,0.063477
0.03067,-0.0028992,0.063477
0.026245,-0.0021362,4.5715
0.028839,-0.0013733,4.9097
0.027771,-0.00045776,4.9316
0.025482,-0.0035095,4.928
0.023956,-0.0059509,4.9377
0.025787,-0.0076294,4.928
0.026703,-0.0061035,4.928
0.029602,-0.0067139,4.9316
0.03418,-0.0039673,4.9255
0.034332,-0.0027466,4.928
0.035553,-0.0018311,4.9231
0.03479,-0.0019836,4.9207
0.033722,-0.0042725,4.917
0.031891,-0.005188,4.8987
0.030975,-0.0064087,4.9121
0.028076,-0.0053406,4.9133
0.028839,-0.0050354,4.917
0.027924,-0.0033569,4.9133
0.028839,-0.0027466,4.9109
0.028839,-0.00061035,4.9109
0.029144,0.0019836,4.9011
0.027466,0.0012207,4.9158
0.028992,0.0033569,4.9097
0.029755,0.0033569,4.9121
0.029602,0.0019836,4.9109
0.028076,0.0016785,4.917
0.027618,0.0021362,4.917
0.026093,0.0024414,4.9109
0.025177,0.0035095,4.9182
0.02533,0.0030518,4.9109
0.024567,0.0030518,4.906
0.029144,0.0028992,4.917
0.032806,0.004425,4.9158
0.034637,0.0079346,4.9194
0.035706,0.010986,4.9219
0.035858,0.012054,4.9231
0.036621,0.0086975,4.9207
0.037384,0.0047302,4.928
0.037689,-0.00015259,4.9341
0.037537,0.00061035,4.9255
0.036926,0.00091553,4.9304
0.034485,0.0035095,4.9329
0.030365,0.0035095,4.9329
0.027008,0.00030518,4.928
0.023804,-0.0035095,4.9304
0.024261,-0.0061035,4.9341
0.025177,-0.0062561,4.9329
0.026855,-0.0053406,4.9402
0.027008,-0.0018311,4.9402
0.024414,0.00045776,4.9255
0.023193,-0.00030518,4.9341
0.022888,-0.0027466,4.9316
0.025635,-0.0057983,4.9292
0.028534,-0.007019,4.9316
0.03006,-0.0057983,4.9268
0.03067,-0.0030518,4.928
0.030212,0.00015259,4.9255
0.028534,0.0018311,4.9255
0.027466,0.00061035,4.9182
0.028839,-0.0010681,4.9207
0.03006,-0.002594,4.9194
0.031281,-0.0022888,4.9207
0.032349,0.00015259,4.928
0.031586,0.0021362,4.9194
0.031281,0.0016785,4.9109
0.030518,-0.00030518,4.9146
0.032806,-0.004425,4.8914
0.03418,-0.0074768,4.9097
0.035248,-0.0080872,4.9097
0.034485,-0.010834,4.9146
0.030975,-0.0073242,4.9097
0.027618,-0.0080872,4.9084
0.023041,-0.0093079,0.040283
0.020905,-0.009613,0.0354
0.019073,-0.0094604,0.030518
0.018311,-0.0085449,0.036621
0.019684,-0.0073242,0.042725
0.020599,-0.0074768,0.042725
0.020294,-0.0074768,0.043945
0.020447,-0.0071716,0.043945
0.020599,-0.0068665,0.05127
0.023804,-0.0057983,0.053711
0.026245,-0.0053406,0.05127
0.028839,-0.004425,0.067139
0.030212,-0.004425,0.05249
0.031281,-0.0036621,0.041504
0.030823,-0.0024414,0.058594
0.028839,-0.00045776,0.061035
0.028839,0.00091553,0.062256
0.029755,0.0022888,0.062256
0.031891,0.0022888,0.058594
0.034332,0.00091553,0.062256
0.033722,0.00061035,0.062256
0.031891,0.00061035,0.063477
0.028687,0.00061035,0.059814
0.026855,0.0013733,0.067139
0.027924,0.0012207,0.064697
0.027008,0.002594,0.068359
0.026855,0.0033569,0.074463
0.024567,0.0027466,0.067139
0.02121,0.0010681,0.064697
0.0177,-0.00030518,0.061035
0.014191,0.00045776,0.053711
0.013733,0.0028992,0.054932
0.015411,0.004425,0.053711
0.017242,0.0064087,0.05127
0.017853,0.0053406,0.047607
0.016174,0.0039673,0.047607
0.014191,0.0039673,0.050049
0.011749,0.002594,0.042725
0.011749,0.0010681,0.05127
0.014038,0.00091553,0.040283
0.01709,-0.0016785,0.042725
0.018616,-0.0041199,0.045166
0.018921,-0.005188,0.043945
0.014496,-0.0048828,0.037842
0.012054,-0.004425,0.042725
0.010986,-0.0033569,0.05127
0.012665,-0.0038147,0.040283
0.017548,-0.0042725,0.047607
0.016174,-0.0041199,0.041504
0.016785,-0.00091553,0.030518
0.015259,0.002594,0.036621
0.01297,0.0080872,0.040283
0.01297,0.0097656,0.040283
0.014954,0.0097656,0.042725
0.018463,0.0086975,0.040283
0.02182,0.0068665,0.043945
0.02121,0.0057983,0.046387
0.019531,0.0059509,0.05249
0.014648,0.007019,0.050049
0.012054,0.007019,0.056152
0.0097656,0.0067139,0.058594
0.010834,0.0059509,0.058594
0.013428,0.0010681,0.074463
0.011902,0.007019,0.062256
0.010529,0.0061035,0.058594
0.0080872,0.0086975,0.061035
0.0059509,0.009613,0.061035
0.0061035,0.010529,0.058594
0.009613,0.012207,0.057373
0.01297,0.01297,0.059814
0.015564,0.011902,0.061035
0.014801,0.0088501,0.063477
0.013123,0.0053406,0.067139
0.0094604,0.0047302,0.064697
0.0073242,0.0045776,0.067139
0.0065613,0.0062561,0.063477
0.0057983,0.0091553,0.064697
0.0054932,0.011444,0.056152
0.0064087,0.01236,3.999
0.0068665,0.010376,4.8669
0.0067139,0.012054,4.9231
0.0071716,0.011902,4.9304
0.0086975,0.010986,4.9207
0.010376,0.0099182,4.9292
0.01236,0.0085449,4.9194
0.013123,0.0056458,4.9084
0.013275,0.0016785,4.9146
0.011597,0.00015259,4.9133
0.0094604,0.00030518,4.9133
0.007019,0.00091553,4.9146
0.0065613,0.0033569,4.9121
0.0091553,0.0054932,4.9109
0.013885,0.007019,4.9084
0.014648,0.007782,4.9121
0.014191,0.0073242,4.906
0.017548,0.0068665,4.9109
0.018311,0.0061035,4.9109
0.018921,0.0045776,4.9133
0.019379,0.0042725,4.895
0.019226,0.0016785,4.9121
0.020599,0.0039673,4.9097
0.019379,0.0039673,4.9109
0.018463,0.0047302,4.9109
0.016479,0.0048828,4.9194
0.014801,0.0048828,4.917
0.014801,0.0057983,4.9194
0.016479,0.0059509,4.9194
0.018616,0.005188,4.9255
0.019836,0.0047302,4.9219
0.022278,0.0019836,4.9231
0.018311,0.0010681,4.9329
0.016937,-0.00015259,4.9316
0.015564,-0.0015259,4.9329
0.015869,-0.002594,4.9304
0.015564,-0.0039673,4.9353
0.015564,-0.0045776,4.928
0.014954,-0.0042725,4.9341
0.01358,-0.0041199,4.9438
0.01236,-0.0030518,4.9353
0.013275,-0.0032043,4.9402
0.015259,-0.00091553,4.9329
0.019073,0.0033569,4.9219
0.022583,0.0038147,4.9304
0.025635,0.0047302,4.9329
0.026398,0.0038147,4.9329
0.026245,-0.00015259,4.9304
0.024719,-0.0056458,4.9255
0.023956,-0.0082397,4.9304
0.023956,-0.0076294,4.9231
0.024261,-0.0047302,4.9231
0.024414,-0.00061035,4.9084
0.021667,0.0010681,4.9231
0.02243,0.00076294,4.917
0.02243,-0.00091553,4.9194
0.023346,-0.0015259,4.9158
0.026703,0.00045776,4.9182
0.031738,0.0027466,4.9158
0.033722,0.0059509,4.9146
0.034332,0.0073242,4.9121
0.033112,0.0035095,4.9109
0.032196,0.0012207,4.9146
0.03006,-0.0015259,4.9097
0.029297,-0.0035095,4.9072
0.028229,-0.0015259,4.9048
0.027313,-0.00030518,4.9097
0.02655,0.0024414,4.906
0.026703,0.0059509,4.9109
0.026093,0.0097656,4.9084
0.025024,0.012512,4.9158
0.02655,0.013428,4.9121
0.028839,0.013885,0.047607
0.030365,0.014954,0.048828
0.030365,0.010071,0.046387
0.030975,0.0083923,0.063477
0.028229,0.0082397,0.05249
0.028687,0.0094604,0.065918
0.027313,0.010071,0.053711
0.028076,0.0093079,0.05127
0.027924,0.0080872,0.062256
0.027008,0.0053406,0.059814
0.025635,0.0027466,0.061035
0.024567,0.0047302,0.062256
0.024414,0.0035095,0.059814
0.024261,0.0036621,0.058594
0.024109,0.0035095,0.061035
0.025024,0.005188,0.063477
0.025177,-0.0013733,0.059814
0.026093,-0.0018311,0.064697
0.026245,-0.002594,0.067139
0.028687,-0.0018311,0.067139
0.029297,0.00076294,0.06958
0.028839,0.0027466,0.067139
0.029602,0.005188,0.065918
0.028839,0.0073242,0.063477
0.029144,0.0071716,0.072021
0.03006,0.007782,0.054932
0.032043,0.0074768,0.059814
0.032654,0.0093079,0.05127
0.032654,0.0094604,0.053711
0.032349,0.0093079,0.047607
0.031586,0.0090027,0.050049
0.031891,0.007019,0.043945
0.030823,0.0047302,0.047607
0.031281,0.002594,0.042725
0.03006,0.0021362,0.045166
0.029297,0.0038147,0.042725
0.029144,0.0056458,0.045166
0.028381,0.0074768,0.040283
0.028076,0.0076294,0.039063
0.02655,0.007019,0.05249
0.025177,0.005188,0.039063
0.024719,0.0018311,0.043945
0.023651,-0.0010681,0.040283
0.023499,-0.0054932,0.024414
0.023041,-0.010071,0.0354
0.022583,-0.010223,0.037842
0.021362,-0.011749,0.037842
0.02121,-0.018616,0.042725
0.02121,-0.007782,0.037842
0.022736,-0.0041199,0.046387
0.024872,0.00076294,0.045166
0.028687,0.0053406,0.046387
0.032501,0.0091553,0.047607
0.0354,0.011597,0.053711
0.037689,0.0090027,0.05249
0.03891,0.0056458,0.058594
0.03952,0.00076294,0.059814
0.035858,-0.0015259,0.062256
0.036469,-0.0013733,0.064697
0.032806,0.0010681,0.063477
0.029144,0.0041199,0.074463
0.02594,0.0050354,0.057373
0.022278,0.0041199,0.05127
0.020905,0.0018311,0.061035
0.020599,0.0010681,0.063477
0.021973,0.0022888,0.056152
0.023346,0.0067139,0.065918
0.024719,0.0097656,0.063477
0.024414,0.011597,0.068359
0.023956,0.009613,0.062256
0.02533,0.0039673,0.065918
0.024719,-0.0018311,0.059814
0.024109,-0.0047302,0.062256
0.023346,-0.0057983,0.058594
0.019836,-0.0048828,0.058594
0.016937,-0.0053406,0.061035
0.01297,-0.0076294,0.047607
0.0094604,-0.010986,0.048828
0.0088501,-0.012054,3.9307
0.0088501,-0.010681,4.8462
0.0091553,-0.0061035,4.9048
0.010834,-0.0013733,4.9158
0.011902,0.0022888,4.9109
0.01358,0.0033569,4.9146
0.016022,0.0035095,4.9097
0.019989,0.0019836,4.9109
0.023041,0.0016785,4.906
0.024567,0.0027466,4.9109
0.02243,0.0027466,4.9072
0.019379,0,4.9109
0.016632,0.0018311,4.9109
0.014343,-0.00015259,4.9121
0.014038,-0.0021362,4.906
0.014801,-0.0045776,4.9133
0.014648,-0.0050354,4.9194
0.015869,-0.0042725,4.9109
0.015869,-0.0047302,4.9219
0.016174,-0.0050354,4.9158
0.017242,-0.007019,4.8999
0.017548,-0.0073242,4.9158
0.018616,-0.0064087,4.9231
0.017242,-0.007782,4.9207
0.016327,-0.0062561,4.9255
0.016785,-0.0054932,4.9231
0.013275,-0.0050354,4.9304
0.013428,-0.0045776,4.9304
0.012665,-0.002594,4.9316
0.013733,-0.00045776,4.928
0.01358,0.0028992,4.9207
0.011749,0.0062561,4.9329
0.015411,0.0088501,4.9353
0.017853,0.011292,4.9414
0.019836,0.015259,4.9341
0.023346,0.014954,4.9182
0.025635,0.015564,4.9353
0.026855,0.014954,4.9402
0.027924,0.01236,4.9353
0.027618,0.012054,4.9304
0.026093,0.009613,4.9316
0.023804,0.0062561,4.9304
0.019836,0.0024414,4.928
0.016022,-0.0013733,4.9304
0.011444,-0.0028992,4.9243
0.0074768,-0.004425,4.9243
0.0064087,-0.0041199,4.9194
0.0057983,-0.0022888,4.9219
0.0083923,-0.0027466,4.9194
0.0080872,-0.002594,4.9194
0.010223,-0.002594,4.9194
0.013885,-0.0022888,4.917
0.015259,0.00015259,4.9243
0.017853,-0.0024414,4.917
0.015259,-0.0021362,4.9243
0.01236,-0.0048828,4.9097
0.010071,-0.0030518,4.9072
0.0073242,-0.0022888,4.9109
0.005188,-0.0015259,4.9109
0.004425,0.00015259,4.9097
0.0032043,-0.00076294,4.9084
0.0045776,0.0022888,4.9109
0.0073242,0.0041199,4.9109
0.011444,0.0050354,4.9072
0.018616,0.005188,4.9121
0.026093,0.0050354,4.9097
0.032196,0.0018311,4.9146
0.036774,0.00030518,4.9097
0.039673,-0.0042725,4.9194
0.040741,-0.0068665,4.9243
0.037689,-0.0076294,4.9231
0.035553,-0.0082397,4.9194
0.032196,-0.0090027,0.054932
0.027771,-0.011597,0.059814
0.025024,-0.012207,0.061035
0.020905,-0.012665,0.05127
0.018616,-0.011444,0.059814
0.017242,-0.0073242,0.061035
0.016937,-0.007019,0.062256
0.018005,-0.0041199,0.062256
0.020447,-0.002594,0.057373
0.024109,-0.0013733,0.064697
0.026398,-0.0010681,0.061035
0.027771,-0.0036621,0.063477
0.026398,-0.005188,0.063477
0.02533,-0.0056458,0.068359
0.02182,-0.0061035,0.063477
0.018921,-0.0056458,0.067139
0.016785,-0.0061035,0.076904
0.016022,-0.0071716,0.063477
0.01709,-0.0082397,0.065918
0.015411,-0.010376,0.061035
0.015411,-0.011597,0.041504
0.016785,-0.01236,0.05249
0.020142,-0.012054,0.05249
0.024872,-0.011139,0.048828
0.029907,-0.011444,0.047607
0.03418,-0.013428,0.045166
0.036163,-0.011902,0.047607
0.035858,-0.011749,0.042725
0.033264,-0.0079346,0.046387
0.03006,-0.0053406,0.041504
0.028076,-0.002594,0.043945
0.027161,-0.00061035,0.041504
0.025787,0.0015259,0.040283
0.02594,0.0015259,0.045166
0.024261,0.00030518,0.040283
0.023956,-0.00076294,0.037842
0.022125,-0.0027466,0.040283
0.022583,-0.0028992,0.031738
0.024872,-0.0036621,0.036621
0.027008,-0.0032043,0.024414
0.026398,-0.002594,0.039063
0.028687,-0.002594,0.040283
0.02594,-0.0016785,0.040283
0.024261,-0.0022888,0.042725
0.02243,-0.0021362,0.045166
0.020905,-0.004425,0.05127
0.020752,-0.0022888,0.047607
0.020294,0.00076294,0.056152
0.020599,-0.0013733,0.053711
0.021057,-0.0015259,0.059814
0.02243,-0.0016785,0.057373
0.023956,-0.0022888,0.061035
0.025024,-0.0033569,0.06958
0.026703,-0.0053406,0.062256
0.027618,-0.0053406,0.068359
0.029755,-0.0047302,0.058594
0.029602,-0.0032043,0.05249
0.028992,-0.00091553,0.061035
0.027313,-0.00015259,0.059814
0.023193,0.0013733,0.062256
0.020752,0.0021362,0.065918
0.016327,0.0027466,0.064697
0.013733,0.0027466,0.065918
0.01358,0.0027466,0.063477
0.012665,0.0022888,0.065918
0.01297,0.0012207,0.056152
0.012817,-0.00045776,0.062256
0.014191,-0.002594,0.057373
0.01709,-0.0048828,0.058594
0.020294,-0.0042725,0.054932
0.024109,-0.0036621,0.05127
0.02655,-0.00076294,0.053711
0.027771,0.0035095,0.047607
0.028229,0.0050354,0.053711
0.026398,0.005188,0.043945
0.025177,0.0035095,0.050049
0.023499,0.00045776,0.040283
0.023499,-0.0035095,0.042725
0.023346,-0.0068665,4.5203
0.020905,-0.0093079,4.8816
0.019226,-0.010376,4.9011
0.01709,-0.010223,4.9109
0.016022,-0.0065613,4.906
0.017242,-0.002594,4.9109
0.017548,0.0021362,4.9097
0.020447,0.005188,4.9133
0.021515,0.0045776,4.9109
0.02182,0.0094604,4.9133
0.025024,0.010223,4.9243
0.027771,0.010986,4.9133
0.03067,0.012054,4.9194
0.034027,0.012054,4.9146
0.035248,0.013123,4.8999
0.035553,0.014343,4.9194
0.03479,0.014954,4.9194
0.032654,0.013123,4.9255
0.029144,0.012817,4.9255
0.025635,0.011292,4.9219
0.023346,0.009613,4.9268
0.020905,0.0088501,4.9304
0.019226,0.0073242,4.9341
0.01709,0.0064087,4.9304
0.017242,0.0054932,4.9341
0.014801,0.0054932,4.9329
0.013275,0.0059509,4.9329
0.012665,0.0073242,4.9341
0.012817,0.0094604,4.9329
0.014038,0.011597,4.9341
0.014648,0.011749,4.939
0.014496,0.011444,4.9475
0.014496,0.010986,4.9365
0.012817,0.009613,4.9255
0.011902,0.0074768,4.9353
0.010986,0.004425,4.928
0.010376,0.00015259,4.9268
0.0083923,0,4.9292
0.0057983,-0.00045776,4.9255
0.0047302,-0.0013733,4.9231
0.0027466,-0.0013733,4.9219
0.0033569,-0.00076294,4.9231
0.005188,0.00045776,4.9158
0.0090027,0.0016785,4.9207
0.011902,0.0047302,4.9158
0.015869,0.0086975,4.9207
0.019379,0.0088501,4.9207
0.021667,0.010681,4.9194
0.02121,0.011292,4.9158
0.020599,0.011292,4.9109
0.020142,0.0083923,4.9011
0.018768,0.0042725,4.9121
0.017548,0.0042725,4.9072
0.016632,0.0045776,4.9097
0.014343,0.007782,4.9109
0.012817,0.011597,4.9084
0.012054,0.01236,4.9109
0.012512,0.011139,4.9084
0.014801,0.0076294,4.9109
0.017853,0.0054932,4.9109
0.019073,0.0045776,4.9158
0.019226,0.0071716,4.917
0.018005,0.0093079,4.9194
0.015869,0.010223,4.917
0.012207,0.0091553,4.9231
0.0094604,0.007782,4.9231
0.0067139,0.0068665,4.9255
0.0042725,0.0073242,4.9353
0.0016785,0.0094604,4.9329
0.00091553,0.010681,4.9182
0.0015259,0.011749,4.9255
0.0036621,0.013275,0.062256
0.0065613,0.014343,0.058594
0.010071,0.014954,0.063477
0.013733,0.015869,0.057373
0.017548,0.014191,0.063477
0.017395,0.013428,0.062256
0.0177,0.0097656,0.064697
0.015869,0.0082397,0.065918
0.012207,0.0050354,0.067139
0.0073242,0.0035095,0.064697
0.0038147,0.0019836,0.068359
-0.00015259,-0.002594,0.078125
-0.0016785,-0.0016785,0.064697
-0.00061035,-0.0022888,0.061035
0.00091553,-0.00076294,0.058594
0.0035095,0.0021362,0.036621
0.0073242,0.0045776,0.05249
0.011902,0.0068665,0.05127
0.015869,0.010834,0.050049
0.019531,0.0097656,0.047607
0.020905,0.0091553,0.047607
0.024414,0.0076294,0.048828
0.022583,0.0071716,0.042725
0.02121,0.0071716,0.042725
0.016632,0.0073242,0.039063
0.012817,0.010681,0.046387
0.0090027,0.010071,0.042725
0.0064087,0.0097656,0.042725
0.0079346,0.0076294,0.041504
0.0097656,0.0056458,0.040283
0.013885,0.0030518,0.039063
0.019836,0.00030518,0.042725
0.024109,0.0012207,0.042725
0.027924,0.00045776,0.037842
0.03006,-0.00076294,0.039063
0.03067,-0.0019836,0.037842
0.029907,-0.004425,0.043945
0.02655,-0.0065613,0.039063
0.023193,-0.0074768,0.045166
0.018768,-0.0080872,0.046387
0.014801,-0.0073242,0.05127
0.010986,-0.0074768,0.047607
0.012512,-0.0076294,0.056152
0.010834,-0.0053406,0.050049
0.013123,-0.0059509,0.058594
0.015869,-0.005188,0.062256
0.018768,-0.0056458,0.061035
0.024261,-0.0061035,0.072021
0.027313,-0.007782,0.059814
0.028992,-0.0094604,0.065918
0.029144,-0.010223,0.058594
0.029297,-0.011292,0.058594
0.026855,-0.011597,0.059814
0.025177,-0.0097656,0.061035
0.023956,-0.0094604,0.061035
0.022736,-0.007019,0.063477
0.022278,-0.0048828,0.063477
0.023651,-0.0036621,0.065918
0.020294,-0.0018311,0.063477
0.023651,0.0010681,0.065918
0.026093,-0.00015259,0.058594
0.027924,-0.00030518,0.062256
0.03006,-0.00015259,0.059814
0.031586,-0.00045776,0.058594
0.03067,-0.00045776,0.05249
0.028687,-0.0036621,0.053711
0.025024,-0.0021362,0.063477
0.02121,-0.0027466,0.05249
0.020599,-0.0038147,0.057373
0.019379,-0.0019836,0.046387
0.019684,-0.00091553,0.03418
0.018768,0.00045776,0.042725
0.016785,-0.00015259,0.03418
0.017853,-0.0024414,0.030518
0.019379,-0.007019,0.039063
0.022888,-0.0071716,0.036621
0.025635,-0.0099182,0.041504
0.027161,-0.0083923,0.037842
0.02594,-0.0065613,3.6316
0.025787,-0.0045776,4.8193
0.022125,-0.0041199,4.9036
0.022278,-0.0033569,4.9072
0.020599,-0.002594,4.9097
0.022125,-0.0022888,4.917
0.021973,-0.0015259,4.9121
0.022736,0.00045776,4.9097
0.022888,0.0022888,4.9146
0.024109,0.0042725,4.9072
0.025177,0.0036621,4.917
0.02655,0.0019836,4.9341
0.029449,0.0012207,4.9182
0.03067,-0.002594,4.9219
0.032196,-0.0045776,4.9207
0.033264,-0.0057983,4.928
0.032501,-0.010223,4.928
0.03067,-0.009613,4.9316
0.027771,-0.0041199,4.9292
0.024719,-0.0012207,4.9329
0.022278,0,4.9316
0.021667,0.00091553,4.9329
0.02121,0.00076294,4.9292
0.020142,0.0016785,4.9109
0.019989,0.005188,4.939
0.019073,0.0083923,4.9329
0.02243,0.0085449,4.9426
0.025024,0.0093079,4.9353
0.028687,0.0068665,4.9255
0.03067,0.0056458,4.9353
0.031128,0.0091553,4.9353
0.032654,0.0094604,4.928
0.032349,0.0088501,4.9316
0.032349,0.0086975,4.928
0.031586,0.0041199,4.9268
0.031738,0.005188,4.9207
0.033722,0.0086975,4.9207
0.033112,0.011902,4.9194
0.032806,0.012054,4.9219
0.030975,0.0082397,4.917
0.029602,0.0036621,4.9194
0.028381,-0.0039673,4.917
0.027161,-0.0083923,4.9158
0.02655,-0.011139,4.9109
0.025024,-0.012207,4.9133
0.02243,-0.010223,4.9097
0.019226,-0.013733,4.9121
0.016937,-0.013275,4.906
0.016022,-0.014801,4.9133
0.015717,-0.014648,4.9011
0.015106,-0.007019,4.9097
0.017853,0.00061035,4.9084
0.019531,0.0073242,4.906
0.021667,0.011902,4.9109
0.024414,0.015259,4.8962
0.028076,0.01358,4.9146
0.031891,0.013885,4.9121
0.033722,0.015259,4.9158
0.034332,0.016937,4.9158
0.033722,0.016785,4.9207
0.032806,0.015411,4.9292
0.032501,0.010681,4.9243
0.026855,0.0086975,4.928
0.023651,0.0064087,4.9304
0.02182,0.0054932,4.9121
0.021973,0.007019,4.9292
0.022888,0.0080872,4.9292
0.024261,0.009613,4.9329
0.024719,0.010376,4.9316
0.027313,0.012207,4.9304
0.028229,0.01297,4.9353
0.029755,0.010986,4.9304
0.029602,0.0086975,0.064697
0.028229,0.005188,0.058594
0.024567,0.00061035,0.068359
0.019226,-0.0038147,0.065918
0.014191,-0.007782,0.067139
0.0080872,-0.011444,0.076904
0.002594,-0.016022,0.068359
-0.0015259,-0.013123,0.065918
-0.0036621,-0.012665,0.063477
-0.0038147,-0.010071,0.067139
-0.0013733,-0.0061035,0.054932
0.0024414,-0.0027466,0.053711
0.0076294,-0.0018311,0.048828
0.011749,-0.0010681,0.037842
0.015717,-0.0022888,0.050049
0.020599,-0.0039673,0.046387
0.023041,-0.0053406,0.045166
0.025177,-0.0076294,0.047607
0.023346,-0.0056458,0.036621
0.021362,-0.0018311,0.041504
0.019073,0.0027466,0.041504
0.015106,0.0036621,0.040283
0.014648,0.0039673,0.041504
0.014648,0.0030518,0.042725
0.015717,0.0021362,0.05127
0.017853,0.0032043,0.040283
0.018921,0.00076294,0.05249
0.018616,-0.00030518,0.039063
0.018616,0.0021362,0.030518
0.018463,0.0036621,0.040283
0.018005,0.0048828,0.036621
0.017853,0.004425,0.03418
0.013733,0.0041199,0.043945
0.0093079,0.0038147,0.041504
0.0022888,0.0065613,0.050049
-0.005188,0.0073242,0.046387
-0.0083923,0.0068665,0.054932
-0.009613,0.0065613,0.048828
-0.0074768,0.0057983,0.056152
-0.0028992,0.0076294,0.061035
-0.00045776,0.011292,0.061035
0.00030518,0.010223,0.064697
-0.00076294,0.0076294,0.062256
0.00061035,0.0019836,0.063477
0.00091553,-0.0036621,0.057373
0.0042725,-0.0073242,0.06958
0.0073242,-0.0059509,0.063477
0.0071716,-0.0041199,0.05249
0.0067139,-0.0028992,0.056152
0.0047302,-0.00076294,0.064697
0.005188,-0.0015259,0.062256
0.0071716,-0.0022888,0.065918
0.0090027,-0.00076294,0.063477
0.011444,0.00015259,0.068359
0.014496,0.0015259,0.062256
0.016937,-0.00061035,0.062256
0.019226,-0.0013733,0.057373
0.020905,-0.0076294,0.056152
0.021973,-0.012512,0.053711
0.021515,-0.013733,0.05249
0.020905,-0.012054,0.064697
0.018311,-0.0053406,0.050049
0.013885,0.0035095,0.047607
0.011597,0.0093079,0.047607
0.011749,0.012054,0.012207
0.012512,0.0090027,0.042725
0.016937,0.0062561,0.042725
0.018616,0.0032043,0.042725
0.020752,0.00091553,0.039063
0.02243,-0.00045776,0.036621
0.023804,-0.0030518,0.039063
0.030365,-0.0042725,0.036621
0.029907,-0.002594,0.040283
0.031891,-0.00045776,0.037842
0.032501,-0.00045776,0.042725
0.033722,0.0010681,0.039063
0.031433,0.0022888,0.040283
0.028839,-0.0013733,0.039063
0.02533,-0.0032043,3.9221
0.023804,-0.0059509,4.8462
0.024719,-0.0088501,4.9097
0.024261,-0.0068665,4.9207
0.02533,-0.0082397,4.9158
0.025024,-0.011292,4.9084
0.024719,-0.013885,4.9194
0.024567,-0.015411,4.9243
0.024872,-0.011597,4.9231
0.02533,-0.0067139,4.9292
0.023499,-0.0061035,4.9243
0.025177,-0.0083923,4.9316
0.026093,-0.011749,4.9292
0.030212,-0.016785,4.9304
0.029449,-0.018158,4.9255
0.027771,-0.016785,4.9341
0.024414,-0.01358,4.9304
0.023041,-0.012512,4.9329
0.023193,-0.011444,4.9329
0.025024,-0.010376,4.9365
0.025024,-0.010223,4.9353
0.024109,-0.0067139,4.9341
0.023956,-0.0028992,4.9341
0.024872,-0.0018311,4.939
0.02655,-0.0018311,4.9329
0.029907,-0.0071716,4.9292
0.031738,-0.0083923,4.9316
0.036011,-0.0080872,4.928
0.033112,-0.0068665,4.928
0.033112,-0.002594,4.9207
0.029907,-0.00045776,4.9243
0.027008,0.0016785,4.9182
0.023041,-0.00061035,4.9158
0.023041,0.00045776,4.9194
0.024261,-0.0010681,4.9182
0.024872,-0.00091553,4.9182
0.023956,0.00045776,4.9158
0.023193,0.00091553,4.9268
0.024872,-0.0015259,4.9146
0.023804,-0.00030518,4.9194
0.02594,-0.0013733,4.9121
0.026398,0.00015259,4.8975
0.026093,0.00091553,4.9097
0.022888,0.0028992,4.9084
0.020752,0.0024414,4.9097
0.017853,0.002594,4.9097
0.015411,0.0012207,4.906
0.014038,-0.0021362,4.9109
0.014954,-0.00076294,4.9084
0.017395,-0.0015259,4.9146
0.019379,-0.002594,4.9133
0.020905,-0.0028992,4.9182
0.021057,-0.0064087,4.9182
0.021057,-0.0082397,4.9194
0.02121,-0.007782,4.9304
0.02243,-0.0088501,4.9243
0.020752,-0.0086975,4.9255
0.020142,-0.0080872,4.9292
0.016174,-0.0071716,4.9268
0.01297,-0.0048828,4.9304
0.009613,-0.0033569,4.9097
0.0091553,-0.0038147,4.9341
0.009613,-0.0057983,4.9316
0.011292,-0.0048828,4.9268
0.013733,-0.004425,4.9304
0.014954,-0.00061035,4.9329
0.015717,0.0022888,4.9341
0.014648,0.0039673,4.9072
0.014496,0.00076294,4.9353
0.015106,-0.0013733,4.9353
0.01709,-0.0024414,4.9365
0.019531,-0.00076294,4.928
0.019379,0.0028992,4.9402
0.02182,0.0082397,0.072021
0.021667,0.011444,0.063477
0.02243,0.010986,0.068359
0.024872,0.0074768,0.054932
0.028229,0.0036621,0.045166
0.03067,0.00045776,0.05249
0.031891,-0.0027466,0.053711
0.029907,-0.0038147,0.047607
0.02655,-0.0042725,0.047607
0.022888,-0.0053406,0.043945
0.021057,-0.0067139,0.046387
0.020294,-0.0059509,0.043945
0.020752,-0.0062561,0.043945
0.019989,-0.0054932,0.040283
0.017853,-0.004425,0.041504
0.014496,-0.0030518,0.041504
0.011749,-0.0012207,0.043945
0.010529,-0.00030518,0.041504
0.01297,-0.00076294,0.041504
0.015411,-0.002594,0.040283
0.019989,-0.0059509,0.041504
0.020294,-0.0097656,0.032959
0.018921,-0.009613,0.040283
0.017395,-0.0088501,0.039063
0.015106,-0.0061035,0.037842
0.014343,-0.0035095,0.040283
0.015106,-0.0033569,0.043945
0.01709,-0.0045776,0.045166
0.019073,-0.0053406,0.046387
0.021667,-0.0048828,0.05127
0.024261,-0.0015259,0.048828
0.026855,0.0018311,0.054932
0.029449,0.0036621,0.058594
0.033569,0.0035095,0.061035
0.036316,0.002594,0.056152
0.039368,0.0012207,0.063477
0.03891,0.0010681,0.068359
0.034637,0.0024414,0.059814
0.032654,0.0036621,0.072021
0.029144,0.0054932,0.062256
0.027924,0.0047302,0.042725
0.027313,0.0024414,0.048828
0.028229,0.00076294,0.067139
0.027008,0.0021362,0.064697
0.025177,0.004425,0.065918
0.022736,0.0053406,0.061035
0.019226,0.0068665,0.065918
0.01358,0.0068665,0.063477
0.0088501,0.0071716,0.063477
0.0033569,0.009613,0.058594
0.0022888,0.016022,0.061035
0.0027466,0.024261,0.057373
0.0035095,0.037994,0.053711
0.0061035,0.04776,0.061035
0.0097656,0.054016,0.05127
0.013885,0.053253,0.046387
0.018768,0.045471,0.050049
0.02121,0.034637,0.040283
0.024567,0.023804,0.045166
0.025177,0.018311,0.045166
0.027618,0.014954,0.041504
0.029144,0.01236,0.042725
0.031281,0.0090027,0.0354
0.032806,0.0054932,0.040283
0.032196,0.0035095,0.037842
0.026245,0.0033569,0.037842
0.017853,0.0088501,0.037842
0.0071716,0.012054,0.041504
-0.0032043,0.010071,0.037842
-0.012817,0.0036621,0.042725
-0.018158,-0.0086975,0.041504
-0.019989,-0.020752,0.040283
-0.020599,-0.0354,0.05249
-0.023651,-0.042877,0.031738
-0.027008,-0.045929,0.057373
-0.028839,-0.038757,0.043945
-0.028076,-0.027618,0.036621
-0.022583,-0.011597,3.2874
-0.011749,0.0054932,4.823
0.0019836,0.018921,4.9133
0.013275,0.026398,4.9243
0.023804,0.027466,4.9255
0.030823,0.022125,4.928
0.036316,0.01358,4.9255
0.040741,0.0067139,4.9231
0.044403,0.0022888,4.9304
0.046539,-0.0021362,4.9329
0.043945,0.0036621,4.9316
0.036163,0.0045776,4.9316
0.027924,0.0048828,4.9341
0.019073,0.0059509,4.9353
0.01297,0.010376,4.9377
0.010681,0.015259,4.9377
0.012665,0.019989,4.9438
0.0177,0.023193,4.9341
0.023041,0.020752,4.9316
0.02655,0.015717,4.9316
0.024414,0.0099182,4.9292
0.021362,0.0048828,4.928
0.016937,0.0030518,4.9255
0.013275,0.0016785,4.9243
0.0083923,-0.00076294,4.9231
0.0032043,-0.0021362,4.9207
-0.0018311,-0.0082397,4.9194
-0.0088501,-0.013123,4.9182
-0.014496,-0.018311,4.9194
-0.018463,-0.023651,4.917
-0.016327,-0.028687,4.9158
-0.0099182,-0.029449,4.9243
-0.0013733,-0.032043,4.9121
0.0050354,-0.031738,4.8938
0.0073242,-0.028687,4.9133
0.0090027,-0.023956,4.8914
0.0088501,-0.017853,4.9097
0.011597,-0.011139,4.9084
0.017548,-0.0080872,4.9109
0.025787,-0.0064087,4.917
0.035553,-0.0080872,4.906
0.044708,-0.01236,4.9084
0.052338,-0.016327,4.9072
0.056,-0.018768,4.9084
0.056458,-0.024109,4.9072
0.052948,-0.028381,4.9158
0.050659,-0.031738,4.9146
0.043793,-0.033569,4.9182
0.038452,-0.031128,4.9194
0.032349,-0.02655,4.9255
0.028992,-0.021057,4.9231
0.027313,-0.016022,4.9292
0.029602,-0.010529,4.9365
0.032806,-0.0090027,4.9292
0.035248,-0.0064087,4.9255
0.035095,-0.0035095,4.9341
0.032654,-0.0013733,4.928
0.026398,0.00076294,4.9292
0.019379,0.0062561,4.9316
0.011292,0.010376,4.9316
0.0059509,0.015106,4.928
0.0035095,0.018158,4.9316
0.0053406,0.017853,4.9353
0.010071,0.01709,4.9316
0.014496,0.016022,4.9353
0.019531,0.016327,4.9109
0.021973,0.014801,4.939
0.025024,0.013123,4.9426
0.024719,0.0085449,4.9353
0.025177,0.0024414,4.9329
0.023041,-0.0015259,4.9292
0.023346,-0.0067139,4.9084
0.02533,-0.0053406,4.9255
0.028992,-0.0024414,4.9207
0.035248,-0.0012207,0.047607
0.041351,-0.002594,0.050049
0.044556,-0.0048828,0.047607
0.044403,-0.010071,0.047607
0.039673,-0.014954,0.043945
0.033112,-0.017395,0.047607
0.022888,-0.015259,0.039063
0.01236,-0.011597,0.036621
0.0030518,-0.0073242,0.042725
-0.00091553,-0.0016785,0.041504
-0.0013733,0.00015259,0.036621
0.0033569,0.0012207,0.042725
0.011902,0.00076294,0.047607
0.022736,0.0048828,0.039063
0.032196,0.0085449,0.048828
0.039063,0.011292,0.039063
0.039825,0.011139,0.030518
0.041962,0.007782,0.036621
0.038757,0.0028992,0.042725
0.034332,-0.00061035,0.045166
0.028839,-0.0012207,0.045166
0.024872,0.0019836,0.043945
0.021057,0.0090027,0.05249
0.021515,0.018463,0.050049
0.024567,0.027771,0.053711
0.029602,0.034332,0.05127
0.03479,0.036926,0.062256
0.039825,0.033875,0.057373
0.041962,0.030823,0.061035
0.041351,0.025482,0.073242
0.037537,0.019073,0.05249
0.032196,0.013123,0.062256
0.02594,0.0047302,0.062256
0.019226,-0.0032043,0.054932
0.013428,-0.010986,0.058594
0.0085449,-0.015717,0.063477
0.0033569,-0.014496,0.063477
0.00091553,-0.012054,0.063477
0.0015259,-0.0083923,0.063477
0.0041199,-0.0061035,0.062256
0.0082397,-0.012665,0.061035
0.01236,-0.022125,0.063477
0.016327,-0.029755,0.057373
0.020599,-0.036774,0.063477
0.021515,-0.03952,0.057373
0.022278,-0.036926,0.054932
0.021362,-0.03418,0.057373
0.019379,-0.032654,0.05249
0.017395,-0.029449,0.058594
0.016327,-0.026855,0.050049
0.015717,-0.021515,0.059814
0.018158,-0.014038,0.047607
0.021973,-0.0076294,0.039063
0.028076,-0.0022888,0.042725
0.035248,-0.00030518,0.043945
0.04303,-0.0015259,0.039063
0.048828,-0.0016785,0.041504
0.054626,0.00061035,0.0354
0.055237,0.0064087,0.041504
0.055084,0.01358,0.036621
0.052795,0.021973,0.043945
0.048676,0.025635,0.0354
0.048218,0.027771,0.042725
0.046692,0.026093,0.041504
0.044861,0.024872,0.041504
0.042877,0.023346,0.045166
0.040131,0.024414,0.041504
0.036621,0.024567,0.046387
0.031891,0.025482,0.043945
0.028381,0.024872,0.042725
0.023499,0.024261,0.050049
0.019684,0.022736,0.056152
0.016479,0.02121,0.050049
0.013275,0.019989,0.054932
0.013123,0.016937,0.056152
0.014954,0.019226,0.061035
0.018158,0.010681,3.5449
0.021973,0.0088501,4.8499
0.024872,0.0047302,4.9219
0.022888,0.00076294,4.9292
0.021667,-0.002594,4.928
0.016937,-0.0074768,4.9353
0.010986,-0.009613,4.9219
0.0065613,-0.010834,4.9341
-0.0010681,-0.010681,4.9402
-0.0045776,-0.011749,4.9341
-0.0076294,-0.01358,4.9377
-0.0085449,-0.014648,4.9365
-0.0065613,-0.013428,4.9158
-0.0033569,-0.012054,4.9316
0.0091553,-0.0091553,4.9268
0.013885,-0.0073242,4.9316
0.018921,-0.0036621,4.928
0.02182,-0.0045776,4.9292
0.023804,-0.0028992,4.9243
0.02533,-0.0033569,4.9207
0.023651,-0.0027466,4.9194
0.023956,-0.0012207,4.9133
0.02533,0.00061035,4.9194
0.02594,0.0027466,4.9182
0.027161,0.0036621,4.917
0.028381,0.0033569,4.9194
0.029144,0.0027466,4.9158
0.031433,-0.00015259,4.9121
0.032501,-0.00030518,4.9158
0.030975,-0.00076294,4.906
0.026703,-0.0015259,4.9097
0.021057,-0.0021362,4.917
0.015411,-0.0036621,4.9109
0.012512,-0.0030518,4.9133
0.0090027,0.00076294,4.9036
0.0085449,0.0050354,4.9109
0.010223,0.0093079,4.9084
0.011902,0.013885,4.9097
0.015411,0.01297,4.9084
0.018616,0.011444,4.9182
0.022125,0.0048828,4.9146
0.024261,0.005188,4.9158
0.025024,0.00045776,4.906
0.024872,-0.0039673,4.9219
0.024567,-0.0073242,4.9329
0.023346,-0.010986,4.9255
0.022888,-0.012054,4.9377
0.023193,-0.012665,4.9292
0.023651,-0.013123,4.9207
0.024567,-0.011139,4.917
0.023499,-0.0091553,4.9292
0.024414,-0.0079346,4.9292
0.024872,-0.0053406,4.9329
0.024567,-0.0022888,4.9304
0.024261,0.0018311,4.9268
0.024719,0.0032043,4.9304
0.023651,0.0083923,4.9377
0.02243,0.0094604,4.9304
0.02182,0.0090027,4.9365
0.021973,0.0045776,4.9353
0.023651,-0.00076294,4.939
0.024872,-0.0064087,4.9402
0.024719,-0.0097656,4.9353
0.023651,-0.0097656,4.9316
0.020447,-0.007782,4.9048
0.015869,-0.0041199,4.9329
0.016327,-0.002594,4.9268
0.015717,-0.0012207,4.9207
0.014801,-0.00015259,4.9207
0.014954,0.0018311,4.9219
0.015411,0.004425,4.9207
0.015259,0.0093079,4.9194
0.016479,0.013885,4.9158
0.016785,0.015717,4.917
0.018463,0.015259,0.041504
0.019073,0.013123,0.042725
0.019226,0.007019,0.043945
0.016937,0.0018311,0.043945
0.012054,-0.0032043,0.037842
0.0090027,-0.0062561,0.042725
0.0054932,-0.0088501,0.054932
0.0010681,-0.0099182,0.039063
0.00061035,-0.012207,0.048828
0.0015259,-0.013733,0.040283
0.0065613,-0.015717,0.024414
0.013428,-0.014648,0.036621
0.020142,-0.0177,0.039063
0.027313,-0.018463,0.043945
0.032501,-0.016785,0.043945
0.037231,-0.016174,0.042725
0.040131,-0.015411,0.048828
0.040741,-0.015259,0.050049
0.039825,-0.016327,0.057373
0.037689,-0.016785,0.05249
0.03418,-0.015411,0.059814
0.031738,-0.015259,0.057373
0.028687,-0.01358,0.064697
0.029297,-0.012054,0.067139
0.031128,-0.010834,0.062256
0.034637,-0.010529,0.061035
0.034027,-0.010071,0.063477
0.038605,-0.0097656,0.070801
0.039063,-0.0091553,0.059814
0.0383,-0.0093079,0.057373
0.036011,-0.0083923,0.062256
0.03479,-0.0067139,0.062256
0.032501,-0.0036621,0.063477
0.029449,-0.00015259,0.065918
0.026245,0.0039673,0.064697
0.023499,0.007782,0.067139
0.022125,0.010834,0.059814
0.022736,0.014038,0.064697
0.025635,0.015106,0.057373
0.028687,0.013733,0.058594
0.030212,0.0099182,0.05127
0.03006,0.0048828,0.056152
0.028229,0.0015259,0.062256
0.027161,-0.0012207,0.050049
0.024261,-0.0038147,0.053711
0.023041,-0.0053406,0.047607
0.021973,-0.0067139,0.03418
0.019684,-0.0074768,0.046387
0.018768,-0.0088501,0.043945
0.01709,-0.0080872,0.037842
0.016327,-0.0064087,0.039063
0.015564,-0.0062561,0.037842
0.014191,-0.0074768,0.040283
0.013275,-0.0088501,0.037842
0.01297,-0.012207,0.039063
0.01236,-0.014038,0.036621
0.012665,-0.014191,0.041504
0.012665,-0.01236,0.047607
0.012512,-0.0076294,0.041504
0.012512,-0.0036621,0.037842
0.011749,-0.00061035,0.040283
0.014954,0.0028992,0.041504
0.017395,0.0042725,0.043945
0.019226,0.0053406,0.05127
0.019379,0.0059509,0.046387
0.018768,0.0056458,0.043945
0.016785,0.0039673,0.047607
0.014801,0.0018311,0.05249
0.01358,0.00061035,0.053711
0.014801,-0.00030518,0.056152
0.015564,0.00061035,0.056152
0.018158,0.0010681,0.063477
0.019989,0.0027466,0.059814
0.020599,0.0045776,0.062256
0.024567,0.0057983,0.058594
0.028534,0.0071716,0.061035
0.032043,0.0074768,0.056152
0.03418,0.0065613,4.469
0.0354,0.0053406,4.9109
0.035248,0.0045776,4.9316
0.033722,0.0039673,4.9329
0.03067,0.0018311,4.9341
0.028839,0.00015259,4.9207
0.027466,-0.0010681,4.9341
0.027161,-0.0021362,4.9329
0.026703,-0.0035095,4.9329
0.027008,-0.0039673,4.9268
0.027008,-0.0036621,4.9255
0.028992,-0.00091553,4.9268
0.03067,0.0016785,4.9243
0.03418,0.0041199,4.9231
0.038757,0.0097656,4.917
0.042267,0.011292,4.9255
0.042114,0.011139,4.9182
0.042419,0.011597,4.917
0.040283,0.01358,4.9158
0.037994,0.013428,4.9146
0.03479,0.011902,4.9133
0.029297,0.0079346,4.9146
0.023804,0.0016785,4.9243
0.018616,-0.0042725,4.9109
0.014954,-0.0080872,4.9048
0.014038,-0.0091553,4.9121
0.012817,-0.0086975,4.9133
0.013428,-0.0085449,4.9072
0.013275,-0.0083923,4.9121
0.012207,-0.0079346,4.906
0.010834,-0.0073242,4.9084
0.0083923,-0.0045776,4.9109
0.010071,-0.0021362,4.9146
0.011444,-0.0041199,4.9109
0.014648,-0.00091553,4.9158
0.016479,-0.0019836,4.917
0.018311,-0.0038147,4.9158
0.019684,-0.004425,4.9268
0.020142,-0.0056458,4.9243
0.022583,-0.0038147,4.928
0.024261,-0.0036621,4.9255
0.024872,-0.0024414,4.9255
0.022125,-0.0036621,4.9304
0.020599,-0.0038147,4.9316
0.019379,-0.0010681,4.928
0.019226,0.0033569,4.9329
0.020599,0.010529,4.9292
0.02243,0.016327,4.9304
0.023499,0.022125,4.9292
0.023346,0.023956,4.9353
0.02243,0.023346,4.9292
0.021515,0.023041,4.9353
0.019989,0.02243,4.9365
0.019226,0.022278,4.9377
0.018158,0.021667,4.9341
0.018768,0.018311,4.9365
0.018768,0.014343,4.9438
0.016327,0.0093079,4.9316
0.013275,0.0047302,4.9341
0.010834,0.0045776,4.9292
0.0090027,0.0021362,4.9158
0.0076294,0.0012207,4.9207
0.0038147,0,4.9182
0.0030518,-0.002594,4.9231
0.00061035,-0.0053406,4.9182
-0.00076294,-0.0085449,4.9158
-0.0030518,-0.010376,4.9158
-0.0048828,-0.011749,4.9146
-0.0082397,-0.012817,4.9133
-0.010376,-0.015869,4.8987
-0.012054,-0.012054,4.9146
-0.010223,-0.0091553,4.9121
-0.0050354,-0.0042725,4.9133
0.0035095,0.0021362,0.043945
0.014343,0.0085449,0.041504
0.025177,0.010529,0.037842
0.03479,0.019836,0.041504
0.041504,0.023193,0.025635
0.048676,0.022125,0.037842
0.051727,0.024414,0.046387
0.053864,0.021973,0.041504
0.052643,0.018311,0.039063
0.048676,0.014191,0.042725
0.045166,0.010986,0.047607
0.039368,0.005188,0.048828
0.033875,0.0041199,0.050049
0.028687,0.0032043,0.048828
0.022736,0.0057983,0.058594
0.016785,0.0090027,0.05249
0.01358,0.012207,0.062256
0.0099182,0.017242,0.067139
0.013885,0.019836,0.059814
0.0064087,0.023193,0.064697
0.0053406,0.023041,0.063477
0.0032043,0.020905,0.06958
0.0032043,0.013275,0.061035
0.0022888,0.0082397,0.048828
0.00091553,-0.00015259,0.059814
0.00091553,-0.0074768,0.062256
0.0010681,-0.013733,0.061035
0.0013733,-0.016022,0.062256
0.0024414,-0.015411,0.058594
0.0030518,-0.015869,0.061035
0.0056458,-0.013885,0.062256
0.0088501,-0.011597,0.065918
0.014648,-0.009613,0.058594
0.021057,-0.0080872,0.061035
0.026398,-0.0067139,0.057373
0.030823,-0.0056458,0.062256
0.034943,-0.005188,0.058594
0.035553,-0.0059509,0.05249
0.037079,-0.0074768,0.050049
0.038147,-0.0086975,0.042725
0.03952,-0.010834,0.042725
0.03952,-0.010986,0.046387
0.037994,-0.011902,0.047607
0.039825,-0.010986,0.040283
0.033417,-0.010529,0.042725
0.030975,-0.010529,0.041504
0.028839,-0.0099182,0.039063
0.029755,-0.010223,0.036621
0.030212,-0.011749,0.043945
0.030823,-0.010986,0.03418
0.030975,-0.011444,0.040283
0.031738,-0.010223,0.040283
0.029602,-0.0094604,0.041504
0.032043,-0.0073242,0.0354
0.031891,-0.0048828,0.040283
0.031586,-0.0021362,0.05127
0.032501,-0.0012207,0.041504
0.031281,-0.00076294,0.05249
0.033722,0.00061035,0.045166
0.03479,0.0022888,0.028076
0.034332,0.0045776,0.045166
0.034943,0.0061035,0.050049
0.035248,0.0088501,0.054932
0.035248,0.010529,0.054932
0.035706,0.0094604,0.05249
0.033722,0.009613,0.061035
0.030975,0.0073242,0.059814
0.02655,0.0056458,0.062256
0.024414,0.0041199,0.059814
0.023041,0.0036621,0.064697
0.024567,0.0039673,0.062256
0.026398,0.0041199,0.065918
0.029907,0.0053406,0.073242
0.028992,0.0042725,0.063477
0.027924,0.0021362,0.061035
0.02594,-0.0012207,0.065918
0.027008,-0.0065613,0.072021
0.026398,-0.0091553,2.6587
0.023346,-0.0097656,4.7913
0.017242,-0.010529,4.9219
0.013428,-0.0062561,4.9316
0.004425,-0.004425,4.9243
0.00076294,-0.0061035,4.928
0.00045776,-0.010071,4.9243
0.0027466,-0.013428,4.9255
0.0057983,-0.012512,4.9182
0.0090027,-0.011292,4.9219
0.013123,-0.0091553,4.9194
0.016937,-0.0057983,4.9207
0.019989,-0.004425,4.9194
0.023804,-0.0041199,4.9182
0.027008,-0.0035095,4.928
0.030823,-0.00091553,4.9158
0.032806,0.0019836,4.9231
0.032806,0.005188,4.9109
0.032349,0.0073242,4.8962
0.032043,0.0076294,4.9109
0.033264,0.0065613,4.9084
0.034637,0.0054932,4.9084
0.037231,0.0045776,4.9084
0.040588,0.0047302,4.9097
0.042419,0.0054932,4.9084
0.042877,0.0047302,4.9048
0.041504,0.0036621,4.9109
0.040131,0.0012207,4.9097
0.036163,-0.0036621,4.9146
0.033417,-0.0082397,4.9133
0.030975,-0.011444,4.9109
0.027924,-0.013275,4.917
0.023193,-0.013275,4.9207
0.018921,-0.01358,4.9182
0.01297,-0.01297,4.9231
0.0094604,-0.012665,4.9365
0.0071716,-0.012512,4.9292
0.0076294,-0.011749,4.9194
0.0093079,-0.010071,4.9268
0.010834,-0.010529,4.9292
0.01297,-0.012207,4.9304
0.014496,-0.014801,4.9329
0.015259,-0.018616,4.928
0.017395,-0.02121,4.9341
0.019531,-0.021057,4.9304
0.022125,-0.020294,4.9329
0.024567,-0.018616,4.9292
0.027466,-0.016174,4.9365
0.028839,-0.012665,4.9304
0.031281,-0.0094604,4.9377
0.033417,-0.0065613,4.9475
0.036316,-0.0042725,4.9365
0.041046,-0.0022888,4.9329
0.044098,0.00076294,4.9316
0.046539,0.0050354,4.9109
0.04776,0.0086975,4.9255
0.048065,0.010681,4.9255
0.047302,0.010834,4.9097
0.044861,0.010529,4.9231
0.046539,0.010376,4.9158
0.046539,0.011444,4.917
0.044098,0.014801,4.9121
0.040588,0.017395,4.917
0.036163,0.0177,4.9109
0.030975,0.013885,4.917
0.027618,0.012207,4.9146
0.025024,0.011444,4.9158
0.024261,0.013428,4.9121
0.024109,0.014801,4.9109
0.022583,0.015259,4.9109
0.021515,0.012817,4.9121
0.018768,0.0076294,4.9109
0.017242,0.00015259,4.9231
0.017395,-0.0045776,0.041504
0.0177,-0.0073242,0.039063
0.016785,-0.0068665,0.040283
0.015411,-0.0036621,0.045166
0.014191,-0.00015259,0.042725
0.01236,0.00091553,0.041504
0.0091553,-0.0021362,0.048828
0.0079346,-0.0054932,0.047607
0.0057983,-0.010071,0.054932
0.0059509,-0.01236,0.05127
0.0065613,-0.01358,0.058594
0.0057983,-0.011597,0.057373
0.0083923,-0.007782,0.062256
0.010071,-0.004425,0.063477
0.013428,-0.0024414,0.063477
0.018311,-0.00030518,0.068359
0.023193,0.00076294,0.063477
0.028381,0.0039673,0.05127
0.030975,0.0076294,0.062256
0.032654,0.012054,0.061035
0.031891,0.013885,0.059814
0.030823,0.010376,0.064697
0.031433,0.0086975,0.063477
0.032654,0.004425,0.067139
0.035095,0.0021362,0.063477
0.034332,0.00015259,0.067139
0.032196,-0.00015259,0.058594
0.028839,-0.00045776,0.059814
0.02243,-0.0019836,0.059814
0.022278,-0.0021362,0.059814
0.020447,-0.0019836,0.056152
0.019379,0.00091553,0.054932
0.01709,0.0047302,0.057373
0.0099182,0.007782,0.046387
0.0099182,0.0094604,0.059814
0.0074768,0.0079346,0.046387
0.0057983,0.0059509,0.040283
0.0073242,0.0050354,0.042725
0.0099182,0.0047302,0.041504
0.012512,0.0056458,0.042725
0.014954,0.0047302,0.039063
0.016327,0.0059509,0.036621
0.018158,0.0039673,0.043945
0.019531,0.0019836,0.03418
0.020599,0,0.040283
0.021667,-0.00045776,0.040283
0.022736,-0.00030518,0.040283
0.021057,0.00061035,0.032959
0.019531,0.0013733,0.041504
0.018005,0.0022888,0.056152
0.017548,0.002594,0.041504
0.018158,0.00091553,0.047607
0.020447,0.0021362,0.041504
0.022583,0.002594,0.028076
0.024414,0.0032043,0.045166
0.027161,0.0045776,0.047607
0.025024,0.004425,0.048828
0.023499,0.004425,0.054932
0.02243,0.0030518,0.053711
0.023193,0.0028992,0.058594
0.023346,0.0019836,0.057373
0.022125,0.0010681,0.062256
0.018616,-0.0013733,0.057373
0.015717,-0.00045776,0.063477
0.013275,-0.0010681,0.061035
0.013733,-0.0012207,0.065918
0.014343,0.0013733,0.067139
0.016785,0.0027466,0.062256
0.020752,0.0035095,0.062256
0.021667,0.0050354,0.064697
0.022888,0.0061035,0.076904
0.023804,0.0061035,0.065918
0.023346,0.0028992,0.059814
0.023193,0.0057983,0.064697
0.023499,0.0054932,0.064697
0.023956,0.005188,0.058594
0.023346,0.0068665,0.059814
0.019531,0.0082397,0.056152
0.02121,0.0076294,4.4263
0.020599,0.0067139,4.884
0.021667,0.0016785,4.9207
0.023804,-0.0018311,4.9182
0.027008,-0.0036621,4.917
0.029449,-0.0047302,4.9207
0.029449,-0.005188,4.9158
0.028076,-0.0013733,4.9207
0.02533,-0.0010681,4.9158
0.024872,-0.0024414,4.9158
0.025177,-0.0059509,4.9109
0.027313,-0.0079346,4.9011
0.029144,-0.0079346,4.9121
0.028076,-0.0061035,4.9036
0.026245,-0.0039673,4.9097
0.024567,-0.0035095,4.9121
0.023041,-0.0057983,4.9097
0.025787,-0.009613,4.9109
0.027924,-0.0057983,4.9084
0.03067,-0.0056458,4.9084
0.032501,-0.0047302,4.9097
0.032501,-0.0036621,4.9133
0.032654,-0.0016785,4.9133
0.03067,-0.00091553,4.9182
0.03067,0.0010681,4.9121
0.031128,0.0027466,4.9182
0.031586,0.0036621,4.9255
0.031586,0.00030518,4.9243
0.030365,0,4.9341
0.028839,-0.0013733,4.928
0.027618,-0.00015259,4.9133
0.027313,0.0022888,4.928
0.028381,0.004425,4.9329
0.029755,0.0068665,4.9316
0.030518,0.0083923,4.9304
0.030365,0.0090027,4.9268
0.031586,0.0080872,4.9329
0.030518,0.0076294,4.9316
0.027161,0.0039673,4.9329
0.024109,0.00045776,4.928
0.022888,-0.0028992,4.939
0.019531,-0.0045776,4.9329
0.02243,-0.0048828,4.9365
0.02121,-0.005188,4.9475
0.017853,-0.0041199,4.9438
0.01236,-0.0036621,4.9304
0.0086975,-0.0042725,4.9304
0.0074768,-0.0062561,4.9219
0.0091553,-0.0067139,4.9243
0.012207,-0.0061035,4.9243
0.013885,-0.0048828,4.9194
0.013733,-0.0022888,4.9207
0.013428,-0.00076294,4.9182
0.013885,-0.00045776,4.9207
0.015717,-0.0013733,4.9133
0.019684,-0.0010681,4.9158
0.023499,-0.0013733,4.9158
0.024414,-0.00061035,4.9146
0.023041,0.0030518,4.9109
0.019989,0.0059509,4.9146
0.018311,0.0064087,4.9097
0.018311,0.0067139,4.8999
0.02182,0.002594,4.9146
0.024719,0.0012207,4.9121
0.026703,0.0028992,4.9207
0.024567,0.0054932,4.9072
0.023804,0.007782,4.9036
0.022278,0.0082397,4.9084
0.023041,0.0076294,4.9182
0.027008,0.0068665,4.9121
0.029602,0.0048828,4.9109
0.030975,0.0048828,4.9133
0.029449,0.0041199,0.046387
0.027313,0.004425,0.047607
0.025635,0.0038147,0.048828
0.023041,0.0016785,0.050049
0.023651,-0.00061035,0.057373
0.023651,-0.0018311,0.061035
0.023804,-0.0032043,0.061035
0.022888,-0.004425,0.067139
0.019836,-0.0032043,0.064697
0.020752,-0.0041199,0.065918
0.019684,-0.0041199,0.059814
0.021973,-0.0042725,0.065918
0.024872,-0.0039673,0.061035
0.027466,-0.00061035,0.059814
0.030823,-0.0024414,0.056152
0.031281,-0.00061035,0.062256
0.033875,0.0028992,0.061035
0.034943,0.0047302,0.068359
0.036011,0.0062561,0.062256
0.0383,0.0059509,0.068359
0.040588,0.0059509,0.067139
0.043182,0.0067139,0.065918
0.043945,0.0065613,0.065918
0.042877,0.007019,0.061035
0.037994,0.0074768,0.053711
0.033417,0.0068665,0.053711
0.03067,0.0065613,0.062256
0.028839,0.0050354,0.041504
0.028381,0.0032043,0.058594
0.026398,0.0038147,0.048828
0.023193,0.0053406,0.041504
0.019379,0.007782,0.039063
0.016174,0.010071,0.042725
0.015564,0.009613,0.042725
0.01709,0.007782,0.042725
0.019226,0.0032043,0.039063
0.022583,-0.0021362,0.040283
0.023041,-0.0028992,0.03418
0.02243,-0.0061035,0.042725
0.021057,-0.0038147,0.039063
0.018311,0,0.042725
0.016785,0.0024414,0.040283
0.015717,0.0021362,0.042725
0.016327,0.0012207,0.046387
0.014191,-0.0010681,0.040283
0.01358,-0.0019836,0.036621
0.011139,0,0.041504
0.009613,0.0027466,0.0354
0.010071,0.0059509,0.043945
0.013123,0.0074768,0.053711
0.018768,0.0076294,0.048828
0.020599,0.0039673,0.050049
0.020905,0.0024414,0.053711
0.019379,0.0016785,0.056152
0.015259,0.0035095,0.058594
0.012512,0.0047302,0.062256
0.011292,0.0083923,0.056152
0.012512,0.0094604,0.062256
0.013428,0.0090027,0.061035
0.014038,0.007019,0.062256
0.013123,0.0057983,0.059814
0.011292,0.0050354,0.061035
0.010223,0.0061035,0.065918
0.012207,0.0082397,0.062256
0.015411,0.011597,0.076904
0.01709,0.01236,0.065918
0.018768,0.01236,0.053711
0.016479,0.011139,0.065918
0.012665,0.0083923,0.059814
0.0082397,0.0071716,0.057373
0.0068665,0.0073242,0.062256
0.007019,0.0090027,0.058594
0.010071,0.014343,0.057373
0.012054,0.010223,0.053711
0.014191,0.0097656,0.05127
0.014343,0.0091553,0.046387
0.013275,0.0076294,0.047607
0.01297,0.0067139,0.05249
0.014191,0.0068665,4.3762
0.016632,0.0061035,4.8816
0.017853,0.0042725,4.9109
0.018921,0.0022888,4.9133
0.0177,0.002594,4.906
0.014801,0.0039673,4.9158
0.011902,0.0064087,4.9109
0.011597,0.0079346,4.8962
0.012817,0.0082397,4.9109
0.010223,0.0079346,4.9158
0.014191,0.0065613,4.9109
0.01297,0.0059509,4.9109
0.010071,0.0059509,4.906
0.0073242,0.0073242,4.9133
0.0064087,0.0073242,4.9072
0.0074768,0.0074768,4.9133
0.011444,0.0019836,4.9109
0.015564,0.0041199,4.9182
0.018616,0.0015259,4.9158
0.019836,-0.00061035,4.9194
0.016022,-0.0019836,4.9329
0.014496,-0.0036621,4.9207
0.01358,-0.0056458,4.9292
0.013885,-0.0068665,4.9304
0.015717,-0.0086975,4.9158
0.01709,-0.011139,4.928
0.014954,-0.014496,4.928
0.016937,-0.01358,4.9304
0.016632,-0.011902,4.9109
0.017853,-0.0090027,4.928
0.019531,-0.0050354,4.9329
0.016174,-0.0019836,4.9316
0.023956,-0.0010681,4.9341
0.025482,-0.0061035,4.9182
0.025482,-0.0054932,4.9414
0.025482,-0.0054932,4.9353
0.025177,-0.0042725,4.9353
0.02655,-0.0010681,4.9377
0.028076,0.0019836,4.9353
0.027008,0.0039673,4.9402
0.029297,0.0038147,4.9329
0.027161,-0.00076294,4.9402
0.025635,-0.0015259,4.928
0.024261,-0.0030518,4.9158
0.024261,-0.0028992,4.9292
0.026703,-0.0016785,4.9231
0.028992,-0.00045776,4.917
0.031281,-0.0013733,4.9182
0.032043,-0.0028992,4.9182
0.031281,-0.0062561,4.9194
0.030823,-0.0071716,4.9146
0.030975,-0.0073242,4.9158
0.031738,-0.0065613,4.9097
0.034485,-0.0057983,4.9158
0.033417,-0.0073242,4.9109
0.03418,-0.009613,4.9109
0.032654,-0.011902,4.9194
0.031738,-0.0073242,4.9133
0.03067,-0.0042725,4.9133
0.032349,-0.00076294,4.906
0.034027,0.002594,4.884
0.034332,0.0059509,4.9109
0.033264,0.0032043,4.9084
0.031738,0.0015259,4.9072
0.03006,0.00061035,4.9121
0.028076,0.0016785,4.9084
0.027313,0.0048828,4.9133
0.026703,0.0085449,4.917
0.027771,0.0093079,4.9207
0.027466,0.0068665,4.9207
0.027924,0.002594,4.9268
0.028076,-0.0019836,4.928
0.029297,-0.0022888,0.061035
0.03006,-0.00091553,0.057373
0.029297,0.0016785,0.062256
0.031891,0.0041199,0.063477
0.033417,0.0036621,0.059814
0.032654,0.0048828,0.072021
0.031128,0.0028992,0.064697
0.029144,0.0030518,0.048828
0.027771,0.004425,0.061035
0.027313,0.0062561,0.061035
0.026855,0.0079346,0.063477
0.027618,0.0076294,0.064697
0.028534,0.0050354,0.062256
0.027008,0.002594,0.068359
0.026855,-0.00076294,0.063477
0.027618,-0.0013733,0.062256
0.027771,-0.0019836,0.061035
0.028381,-0.0021362,0.062256
0.027161,-0.0030518,0.056152
0.027618,-0.005188,0.056152
0.023651,-0.0067139,0.06958
0.022736,-0.007019,0.050049
0.023193,-0.0065613,0.048828
0.025024,-0.004425,0.048828
0.02594,-0.0013733,0.029297
0.026398,0.00091553,0.043945
0.026245,0.002594,0.048828
0.02533,0.0032043,0.040283
0.025635,0.0039673,0.043945
0.027924,0.0039673,0.039063
0.03006,0.005188,0.041504
0.032196,0.0056458,0.039063
0.034332,0.0064087,0.041504
0.035858,0.0068665,0.037842
0.036011,0.0053406,0.043945
0.033875,0.005188,0.039063
0.029602,0.0036621,0.039063
0.024567,0.0028992,0.041504
0.019379,0.0032043,0.039063
0.016632,0.0036621,0.042725
0.016327,0.0036621,0.043945
0.016785,0.0018311,0.05127
0.017242,-0.0010681,0.041504
0.016937,-0.0030518,0.040283
0.018005,-0.0050354,0.048828
0.018616,-0.0048828,0.05249
0.019379,-0.0071716,0.048828
0.019836,-0.0019836,0.056152
0.020752,-0.00076294,0.056152
0.019073,0.00061035,0.059814
0.019226,0.0019836,0.059814
0.019226,0.0030518,0.064697
0.020447,0.0012207,0.061035
0.022736,0.007019,0.063477
0.024872,0.0086975,0.062256
0.028687,0.0082397,0.062256
0.032196,0.007019,0.070801
0.034637,0.0061035,0.062256
0.038757,0.0090027,0.067139
0.039978,0.0053406,0.065918
0.040131,0.0071716,0.064697
0.040131,0.0085449,0.063477
0.037384,0.0093079,0.064697
0.034027,0.0090027,0.063477
0.029755,0.0079346,0.061035
0.02594,0.0068665,0.057373
0.023346,0.0048828,0.058594
0.02243,0.0047302,0.053711
0.021515,0.0056458,0.05249
0.021973,0.0039673,0.047607
0.02243,0.0041199,0.05249
0.02121,0.0036621,0.05127
0.020447,0.0027466,0.050049
0.019684,0.0061035,0.042725
0.0177,0.0021362,0.047607
0.016785,0.0036621,0.058594
0.014648,0.0033569,0.041504
0.011292,0.0018311,0.05127
0.0080872,-0.0012207,4.2908
0.0064087,-0.0050354,4.8572
0.0071716,-0.0074768,4.9036
0.0076294,-0.0090027,4.906
0.01358,-0.0086975,4.9097
0.013733,-0.0067139,4.9084
0.015411,-0.005188,4.9048
0.016479,-0.0018311,4.9097
0.018158,0.00030518,4.906
0.020905,0.0018311,4.9133
0.022125,0.0036621,4.9121
0.021667,-0.0015259,4.9109
0.019379,0.0019836,4.9146
0.017242,0.00076294,4.9194
0.014038,-0.00015259,4.9219
0.013885,-0.0018311,4.9194
0.015106,-0.0032043,4.9219
0.016937,-0.004425,4.9304
0.018005,-0.0048828,4.9292
0.019073,-0.0035095,4.9292
0.019684,-0.0019836,4.9304
0.019684,0.0024414,4.9292
0.020142,0.0039673,4.9353
0.019684,0.0057983,4.9255
0.018616,0.0061035,4.9329
0.016632,0.0028992,4.9316
0.014496,0.0033569,4.9316
0.011902,0.0054932,4.9304
0.010376,0.0050354,4.9377
0.009613,0.0047302,4.9353
0.011444,0.004425,4.9377
0.013428,0.0027466,4.9329
0.016632,0.00091553,4.939
0.018311,-0.00015259,4.9463
0.02121,0.0016785,4.9353
0.021057,0.0036621,4.9341
0.018921,0.0054932,4.9268
0.016632,0.0074768,4.9133
0.015869,0.0079346,4.9255
0.014954,0.0085449,4.9231
0.013733,0.0094604,4.9207
0.011444,0.0097656,4.9207
0.01236,0.0097656,4.9182
0.012054,0.011139,4.917
0.013123,0.012512,4.9097
0.013885,0.012512,4.9182
0.016022,0.010834,4.906
0.016937,0.0088501,4.9146
0.016632,0.0080872,4.9146
0.016479,0.0042725,4.9158
0.012665,0.0027466,4.9097
0.011902,0.0012207,4.9121
0.0099182,0.0013733,4.9109
0.0076294,0.0010681,4.9109
0.0050354,0.0015259,4.9146
0.0022888,0.0021362,4.9158
0.0021362,0.00076294,4.8987
0.0019836,0.0018311,4.9084
0.0030518,0.0013733,4.9072
0.0061035,0.0019836,4.9146
0.0088501,0.0021362,4.9158
0.01297,0.002594,4.9133
0.016022,0.0032043,4.9255
0.014801,0.0054932,4.9219
0.020447,0.0059509,4.928
0.023346,0.0045776,4.9243
0.02243,0.005188,4.9292
0.022888,0.0042725,4.9268
0.023804,0.0030518,4.9316
0.025787,0.0022888,4.9426
0.02655,0.002594,4.9341
0.026703,0.0022888,4.9377
0.028687,0.0027466,0.064697
0.028534,0.0022888,0.046387
0.029144,0,0.057373
0.028229,-0.0019836,0.059814
0.027771,-0.0030518,0.061035
0.027313,-0.0038147,0.065918
0.02594,-0.0041199,0.063477
0.024261,-0.0035095,0.070801
0.022888,-0.0036621,0.063477
0.020599,-0.0028992,0.064697
0.020905,-0.0028992,0.062256
0.02121,-0.0024414,0.063477
0.022888,-0.0021362,0.056152
0.027466,-0.0015259,0.059814
0.024719,-0.00015259,0.058594
0.024872,0.0030518,0.05249
0.024567,0.00061035,0.053711
0.024872,-0.00045776,0.05127
0.02533,-0.0012207,0.05127
0.02594,-0.0038147,0.042725
0.027313,-0.0053406,0.039063
0.028534,-0.0064087,0.041504
0.03006,-0.0067139,0.042725
0.030518,-0.0054932,0.041504
0.029297,-0.0053406,0.041504
0.027313,-0.0053406,0.036621
0.025635,-0.0038147,0.039063
0.024261,-0.0024414,0.0354
0.023651,0.00030518,0.042725
0.024261,0.0012207,0.039063
0.025177,0.00045776,0.039063
0.023499,0.0021362,0.041504
0.023499,0.0030518,0.041504
0.023804,0.0038147,0.05249
0.022736,0.0035095,0.043945
0.022583,0.0035095,0.058594
0.021515,0.0015259,0.041504
0.021057,-0.00076294,0.0354
0.020142,-0.0016785,0.050049
0.019226,-0.002594,0.050049
0.017242,-0.00076294,0.053711
0.016937,0.0015259,0.054932
0.016479,0.0035095,0.057373
0.016937,0.0042725,0.059814
0.018463,0.0036621,0.058594
0.018768,0.0036621,0.064697
0.018768,0.0039673,0.056152
0.019836,0.0035095,0.063477
0.021057,0.0041199,0.064697
0.021667,0.0035095,0.063477
0.02121,0.0035095,0.064697
0.02121,0.0041199,0.064697
0.020447,0.0035095,0.065918
0.018311,0.0033569,0.064697
0.016022,0.0021362,0.075684
0.015869,-0.00030518,0.065918
0.015869,-0.0021362,0.061035
0.016327,-0.005188,0.063477
0.018311,-0.007782,0.061035
0.018005,-0.0080872,0.058594
0.018921,-0.0076294,0.057373
0.018311,-0.0071716,0.053711
0.019836,-0.0061035,0.05249
0.020905,-0.0038147,0.05249
0.021057,-0.0013733,0.050049
0.021515,0.0015259,0.047607
0.02182,0.0036621,0.050049
0.021973,0.0038147,0.042725
0.02243,0.004425,0.045166
0.023651,0.0039673,0.058594
0.024872,0.004425,0.042725
0.024567,0.0042725,0.042725
0.025024,0.0039673,0.040283
0.026245,0.0030518,0.023193
0.025482,0.002594,0.037842
0.026093,0.0010681,0.039063
0.023804,-0.0013733,0.037842
0.024109,-0.0038147,0.17578
0.024109,-0.0067139,4.6326
0.023956,-0.0083923,4.8865
0.023956,-0.0088501,4.9036
0.025635,-0.007782,4.9072
0.024719,-0.0045776,4.906
0.023499,-0.0032043,4.9158
0.02121,-0.0015259,4.9146
0.02182,-0.0042725,4.9146
0.021667,-0.0061035,4.9182
0.022125,-0.0053406,4.9255
0.024414,-0.0030518,4.9207
0.026245,0.0015259,4.928
0.02594,0.0053406,4.9377
0.027466,0.0053406,4.9292
0.029602,0.0047302,4.9219
0.032806,0.0027466,4.9304
0.035095,0.0022888,4.9304
0.036926,0.0050354,4.9304
0.035706,0.0083923,4.9304
0.034637,0.0093079,4.9304
0.033112,0.0071716,4.9341
0.031586,0.0027466,4.9268
0.031128,-0.0021362,4.9329
0.028992,-0.0076294,4.9353
0.027771,-0.0021362,4.9353
0.025635,-0.0035095,4.9341
0.023651,-0.002594,4.9341
0.02533,-0.0021362,4.9438
0.024261,0,4.9353
0.025635,0.0030518,4.9304
0.027161,0.0073242,4.9304
0.027924,0.0097656,4.9255
0.027618,0.011749,4.9341
0.026398,0.0088501,4.9219
0.023346,0.0022888,4.9182
0.021973,0.0048828,4.9194
0.020599,0.0038147,4.9194
0.019226,0.0032043,4.9182
0.016327,0.0022888,4.9146
0.013275,0.00076294,4.9182
0.010681,-0.00030518,4.906
0.0079346,-0.00045776,4.9133
0.010071,0.00015259,4.9146
0.010376,0.002594,4.9158
0.01297,0.004425,4.9097
0.014648,0.007019,4.9133
0.016785,0.0059509,4.9207
0.0177,0.0054932,4.9084
0.016632,0.0039673,4.9182
0.019531,-0.00045776,4.9097
0.020447,0.002594,4.8987
0.020752,0.002594,4.9084
0.019684,0.0035095,4.9121
0.017548,0.0041199,4.9146
0.013123,0.0057983,4.9158
0.015106,0.0073242,4.9109
0.015106,0.007782,4.9194
0.015869,0.0071716,4.9194
0.0177,0.0062561,4.9255
0.018463,0.0045776,4.928
0.019379,0.0028992,4.9292
0.017395,0.0039673,4.9304
0.016022,0.0064087,4.9329
0.014191,0.0090027,4.9426
0.01297,0.0088501,4.9377
0.01297,0.010681,4.9304
0.013885,0.0091553,4.9341
0.012665,0.009613,4.9341
0.01236,0.0073242,4.9304
0.012207,0.007019,4.9268
0.012054,0.0085449,4.9329
0.011292,0.0082397,0.064697
0.010834,0.0094604,0.062256
0.0093079,0.0094604,0.067139
0.010376,0.0083923,0.067139
0.0076294,0.0085449,0.062256
0.0059509,0.0062561,0.061035
0.0062561,0.0068665,0.064697
0.0053406,0.0094604,0.057373
0.0056458,0.011597,0.05127
0.0050354,0.010681,0.056152
0.0088501,0.0065613,0.054932
0.010376,0.0027466,0.065918
0.011444,-0.00030518,0.050049
0.011902,-0.00015259,0.063477
0.010986,0.0033569,0.045166
0.0094604,0.007782,0.037842
0.0086975,0.010681,0.046387
0.0071716,0.012817,0.045166
0.0057983,0.011444,0.039063
0.0076294,0.0083923,0.043945
0.0059509,0.0067139,0.040283
0.0083923,0.0047302,0.040283
0.010834,0.0057983,0.037842
0.014648,0.0065613,0.037842
0.018463,0.0062561,0.037842
0.021515,0.0059509,0.041504
0.022278,0.0013733,0.040283
0.02121,0.0039673,0.041504
0.020599,0.0038147,0.043945
0.017548,0.0039673,0.040283
0.014801,0.0045776,0.046387
0.012512,0.0041199,0.042725
0.010529,0.0035095,0.039063
0.010223,0.0012207,0.048828
0.010834,-0.00076294,0.056152
0.013885,-0.0036621,0.05127
0.015717,-0.005188,0.053711
0.017853,-0.0061035,0.053711
0.019836,-0.0054932,0.058594
0.020142,-0.0050354,0.057373
0.017395,-0.002594,0.062256
0.015564,-0.0042725,0.059814
0.019226,-0.0039673,0.063477
0.019989,-0.005188,0.062256
0.019684,-0.0062561,0.064697
0.021973,-0.0056458,0.058594
0.019989,-0.0065613,0.062256
0.021057,-0.0064087,0.067139
0.021515,-0.0080872,0.065918
0.023651,-0.0059509,0.070801
0.02594,-0.0047302,0.067139
0.028229,-0.0038147,0.048828
0.029907,-0.0027466,0.061035
0.031891,-0.0027466,0.061035
0.032196,-0.0041199,0.059814
0.033722,-0.0050354,0.057373
0.033112,-0.0059509,0.05127
0.033722,-0.0059509,0.041504
0.033417,-0.0059509,0.050049
0.032959,-0.0041199,0.05127
0.03418,-0.0053406,0.046387
0.028839,-0.0082397,0.047607
0.024567,-0.0074768,0.047607
0.024109,-0.0099182,0.047607
0.020142,-0.0065613,0.047607
0.019836,-0.0024414,0.043945
0.020142,0.0012207,0.042725
0.020599,0.0027466,0.039063
0.016785,0.00030518,0.03418
0.023346,-0.0012207,0.0354
0.024414,-0.0045776,0.05249
0.025024,-0.0035095,0.037842
0.02594,-0.0024414,0.039063
0.026093,-0.0013733,0.039063
0.025787,-0.00091553,0.037842
0.024719,0.00030518,0.039063
0.023651,-0.0036621,0.041504
0.021973,-0.0021362,0.039063
0.019989,-0.0024414,4.1846
0.020905,-0.0024414,4.8633
0.022278,-0.00015259,4.9121
0.025177,0.0012207,4.917
0.026398,0.0016785,4.9207
0.029144,0.0033569,4.928
0.028534,0.002594,4.9268
0.028687,0.0013733,4.9365
0.028687,0.0012207,4.928
0.028534,0.0018311,4.9207
0.02594,0.0027466,4.9304
0.023346,0.0033569,4.9292
0.019531,0.0019836,4.928
0.017242,-0.00030518,4.9292
0.014496,-0.0032043,4.928
0.013885,-0.0071716,4.9304
0.014954,-0.0067139,4.9316
0.017395,-0.0039673,4.9365
0.019073,0.00015259,4.9304
0.02121,0.0035095,4.939
0.022125,0.004425,4.9377
0.021515,0.0027466,4.9377
0.021057,-0.00061035,4.9268
0.02121,-0.0013733,4.9353
0.023193,-0.0010681,4.9353
0.023193,0.0021362,4.9304
0.023346,0.0042725,4.9353
0.02243,0.0047302,4.9255
0.023346,0.0042725,4.9268
0.023041,0.0024414,4.9182
0.024567,0.0015259,4.9207
0.02594,0.0021362,4.917
0.027618,0.0041199,4.9158
0.029144,0.005188,4.9121
0.030823,0.0038147,4.9158
0.030975,0.0050354,4.9109
0.029602,0.0035095,4.9109
0.028076,0.0016785,4.9109
0.027161,-0.0012207,4.9133
0.02655,-0.0030518,4.9097
0.024872,-0.004425,4.9121
0.023193,-0.0056458,4.9231
0.020447,-0.0056458,4.9121
0.017548,-0.0059509,4.9109
0.016632,-0.0061035,4.9109
0.015869,-0.005188,4.895
0.015717,-0.0045776,4.9084
0.016632,-0.0042725,4.9121
0.016174,-0.0048828,4.9146
0.0177,-0.0050354,4.9121
0.018158,-0.0047302,4.9158
0.019989,-0.0054932,4.9194
0.023804,-0.0019836,4.9219
0.026093,0.00076294,4.9268
0.028076,0.0038147,4.928
0.03006,0.0053406,4.9304
0.03006,0.0079346,4.9304
0.031433,0.0090027,4.9329
0.032349,0.0085449,4.9341
0.03418,0.0073242,4.9353
0.034332,0.0059509,4.9329
0.033875,0.0048828,4.9329
0.032501,0.0038147,4.9438
0.031128,0.0042725,4.9304
0.029755,0.004425,4.9255
0.028534,0.0045776,4.9316
0.027008,0.0053406,4.9353
0.025787,0.004425,4.9329
0.025024,0.0057983,4.9377
0.024872,0.0071716,4.9341
0.024414,0.0086975,4.9353
0.025482,0.0090027,4.9316
0.023346,0.0083923,0.059814
0.02121,0.0054932,0.054932
0.020142,0.002594,0.056152
0.0177,0.00015259,0.048828
0.015259,-0.0010681,0.054932
0.01236,-0.00061035,0.058594
0.0093079,-0.0010681,0.048828
0.0062561,-0.0013733,0.048828
0.0030518,-0.0036621,0.045166
0.0021362,-0.0062561,0.0354
0.0022888,-0.0090027,0.043945
0.0030518,-0.0099182,0.042725
0.0048828,-0.009613,0.040283
0.0057983,-0.0076294,0.042725
0.0071716,-0.0038147,0.03418
0.0086975,-0.004425,0.037842
0.01297,-0.0033569,0.028076
0.012054,-0.0030518,0.041504
0.014343,-0.0022888,0.037842
0.017853,-0.0015259,0.039063
0.021362,0.0012207,0.042725
0.022888,0.0042725,0.042725
0.025024,0.0080872,0.037842
0.02594,0.009613,0.041504
0.026245,0.010529,0.039063
0.027924,0.0099182,0.042725
0.028839,0.010376,0.053711
0.029297,0.011139,0.048828
0.028381,0.015411,0.039063
0.02655,0.013275,0.050049
0.023804,0.012512,0.057373
0.020447,0.0090027,0.058594
0.017548,0.0062561,0.059814
0.014648,0.002594,0.056152
0.01236,0.0012207,0.064697
0.0090027,0.0027466,0.062256
0.0068665,0.0053406,0.061035
0.0053406,0.0061035,0.058594
0.0047302,0.0071716,0.064697
0.0053406,0.004425,0.061035
0.0054932,0.004425,0.063477
0.0059509,0.0042725,0.078125
0.004425,0.005188,0.064697
-0.00076294,0.0065613,0.064697
0.00076294,0.0065613,0.067139
-0.00091553,0.004425,0.054932
-0.0010681,0.00091553,0.057373
-0.00076294,-0.00061035,0.059814
0.00091553,0.00045776,0.061035
0.0032043,0.004425,0.057373
0.0045776,0.0088501,0.05249
0.007019,0.011292,0.054932
0.0085449,0.0097656,0.047607
0.0079346,0.0057983,0.05127
0.010223,0.0053406,0.045166
0.013733,0.0032043,0.048828
0.015717,0.0041199,0.047607
0.015106,0.0062561,0.045166
0.014954,0.0062561,0.046387
0.011292,0.0050354,0.046387
0.012512,0.0064087,0.05127
0.012512,0.0033569,0.042725
0.013275,0.0042725,0.05249
0.012207,0.0065613,0.040283
0.013275,0.007782,0.032959
0.013733,0.0093079,0.039063
0.015106,0.0099182,0.039063
0.015717,0.0088501,0.03418
0.016785,0.0076294,0.041504
0.017395,0.0056458,0.037842
0.018616,0.0035095,0.041504
0.018463,0.0027466,0.040283
0.016937,0.0036621,0.043945
0.016022,0.0030518,0.041504
0.013733,0.0032043,0.047607
0.012817,0.00091553,0.050049
0.011597,-0.00061035,0.05127
0.013123,-0.0030518,0.061035
0.014801,-0.0059509,3.4875
0.015869,-0.0086975,4.8389
0.016632,-0.0086975,4.9194
0.016785,-0.0088501,4.928
0.016479,-0.0079346,4.928
0.018005,-0.007782,4.9341
0.018005,-0.0073242,4.928
0.021362,-0.0061035,4.9304
0.02243,-0.0064087,4.9304
0.023346,-0.0013733,4.9304
0.022583,0.0012207,4.9243
0.021515,-0.00061035,4.939
0.023956,-0.0024414,4.9341
0.026703,-0.0068665,4.9353
0.030823,-0.012817,4.9341
0.034027,-0.012665,4.9377
0.034943,-0.011597,4.9329
0.03479,-0.0085449,4.939
0.031586,-0.0048828,4.9426
0.03067,-0.0028992,4.9304
0.028534,-0.0030518,4.9304
0.028229,-0.0036621,4.9219
0.028534,-0.0045776,4.9048
0.026093,-0.0050354,4.9182
0.024414,-0.0039673,4.9219
0.022888,-0.0050354,4.917
0.022736,-0.005188,4.9158
0.024414,-0.0062561,4.9036
0.026093,-0.0074768,4.9158
0.028076,-0.0076294,4.9146
0.028534,-0.0061035,4.9121
0.027008,-0.0038147,4.9121
0.024414,-0.0010681,4.9146
0.021667,0.00015259,4.9121
0.021515,0.00061035,4.9109
0.023499,-0.00015259,4.9109
0.025482,-0.0012207,4.9097
0.029144,-0.0021362,4.8901
0.029144,-0.0015259,4.9097
0.029144,-0.00015259,4.9048
0.024719,0.0016785,4.9097
0.02121,0.004425,4.9207
0.019226,0.007019,4.9109
0.017395,0.007782,4.9097
0.018158,0.0085449,4.9133
0.018311,0.0067139,4.9207
0.018158,0.0047302,4.917
0.017853,0.0013733,4.9255
0.017548,-0.0018311,4.9231
0.018158,-0.0041199,4.928
0.020294,-0.0057983,4.9268
0.022583,-0.0068665,4.9304
0.023041,-0.0091553,4.9316
0.019989,-0.0093079,4.9402
0.015259,-0.0083923,4.939
0.0091553,-0.0083923,4.9316
0.0062561,-0.0074768,4.939
0.0061035,-0.0073242,4.928
0.0073242,-0.0076294,4.9231
0.010376,-0.0073242,4.9329
0.013275,-0.0059509,4.9329
0.017395,-0.0053406,4.9341
0.020447,-0.0038147,4.9353
0.02533,-0.0032043,4.9377
0.028992,-0.0022888,4.9402
0.033264,-0.00076294,4.9304
0.033112,-0.00061035,4.9353
0.033569,0.00030518,4.9243
0.031433,0.0021362,4.928
0.027466,0.0042725,4.9292
0.023956,0.005188,4.928
0.021667,0.004425,4.9255
0.02121,0.002594,4.9231
0.022736,-0.00030518,0.05127
0.025482,-0.0021362,0.047607
0.029755,-0.0018311,0.046387
0.030518,-0.00030518,0.045166
0.030975,0.00091553,0.043945
0.030823,-0.00076294,0.039063
0.031281,-0.0054932,0.041504
0.029144,-0.0097656,0.041504
0.027161,-0.011902,0.040283
0.02243,-0.011902,0.036621
0.016479,-0.010681,0.042725
0.010681,-0.0074768,0.036621
0.0057983,-0.0067139,0.037842
0.0024414,-0.0067139,0.041504
0.0053406,-0.0054932,0.043945
0.0085449,-0.0036621,0.039063
0.01297,0,0.043945
0.018768,0.0027466,0.054932
0.021973,0.0024414,0.043945
0.024719,0,0.056152
0.027618,-0.0030518,0.047607
0.031891,-0.004425,0.031738
0.038147,-0.0042725,0.047607
0.037079,-0.0012207,0.05249
0.035248,0.0010681,0.053711
0.029755,0.0024414,0.056152
0.024261,0.0019836,0.057373
0.020752,0.00015259,0.063477
0.019684,-0.00015259,0.058594
0.023041,-0.00045776,0.063477
0.025482,-0.00091553,0.061035
0.029602,-0.00045776,0.064697
0.031281,0.00030518,0.063477
0.031586,0.00076294,0.061035
0.030823,0.0024414,0.064697
0.031738,0.0047302,0.065918
0.032654,0.0064087,0.062256
0.034027,0.0038147,0.068359
0.031281,0.0059509,0.073242
0.02655,0.0059509,0.064697
0.021667,0.0042725,0.05249
0.01709,0.0053406,0.063477
0.014038,0.007019,0.059814
0.015259,0.0073242,0.05249
0.016785,0.0059509,0.061035
0.018311,0.0035095,0.048828
0.017548,0.00045776,0.045166
0.014801,0.00015259,0.046387
0.011444,-0.00030518,0.047607
0.0088501,0.00030518,0.048828
0.0067139,0.00015259,0.048828
0.0064087,-0.0021362,0.045166
0.0061035,-0.0067139,0.047607
0.0080872,-0.0093079,0.053711
0.0085449,-0.010834,0.041504
0.0080872,-0.0082397,0.050049
0.0085449,-0.0028992,0.037842
0.0091553,0.00061035,0.031738
0.011444,0.0030518,0.040283
0.015564,0.004425,0.037842
0.018158,0,0.037842
0.018921,-0.0010681,0.040283
0.018005,-0.00076294,0.037842
0.015869,0.0010681,0.040283
0.014496,0.0045776,0.039063
0.014801,0.0080872,0.039063
0.016937,0.011749,0.040283
0.021362,0.013428,0.046387
0.025024,0.014496,0.048828
0.027008,0.015411,0.05127
0.027008,0.014801,0.05127
0.025787,0.015106,0.056152
0.025177,0.015259,0.054932
0.025024,0.015564,0.057373
0.024872,0.016174,0.06958
0.024567,0.012817,0.059814
0.023193,0.0094604,0.047607
0.020599,0.0064087,3.0505
0.016632,0.0033569,4.8181
0.014343,0.0018311,4.9194
0.014191,0.0018311,4.928
0.015411,0.002594,4.928
0.016327,0.0032043,4.9341
0.016632,0.0036621,4.9304
0.013885,0.0047302,4.9353
0.0082397,0.0053406,4.9341
0.0053406,0.0054932,4.9377
0.0033569,0.0048828,4.9292
0.0048828,0.004425,4.9377
0.0074768,0.004425,4.9451
0.0079346,0.0042725,4.9316
0.0083923,0.0045776,4.9255
0.0067139,0.0068665,4.9292
0.005188,0.0086975,4.9084
0.0045776,0.0085449,4.9243
0.0048828,0.0082397,4.9207
0.0053406,0.0059509,4.9182
0.0065613,0.00061035,4.9182
0.0079346,-0.0027466,4.9109
0.010376,-0.0042725,4.9158
0.0086975,-0.0048828,4.9133
0.009613,-0.0048828,4.9133
0.013428,-0.0054932,4.9097
0.017242,-0.007019,4.9121
0.020142,-0.0093079,4.9109
0.022125,-0.011597,4.9121
0.02121,-0.01709,4.9084
0.020447,-0.011597,4.9133
0.019226,-0.0088501,4.9182
0.018616,-0.0065613,4.9109
0.019684,-0.0035095,4.917
0.022125,-0.0030518,4.9072
0.023193,-0.0021362,4.9011
0.024872,-0.0028992,4.9023
0.02533,-0.0041199,4.9121
0.024567,-0.0039673,4.9109
0.022888,-0.0027466,4.917
0.023956,-0.0021362,4.9158
0.023499,-0.0035095,4.9219
0.024261,-0.0027466,4.9048
0.02182,-0.0053406,4.928
0.020447,-0.011597,4.9255
0.018768,-0.010223,4.9304
0.016785,-0.011749,4.9292
0.01709,-0.010986,4.9329
0.020599,-0.0094604,4.9426
0.022736,-0.0067139,4.9316
0.026093,-0.010986,4.9304
0.02533,-0.013123,4.9341
0.027161,-0.014343,4.9255
0.026093,-0.013428,4.9304
0.026703,-0.010529,4.9316
0.029449,-0.0074768,4.9292
0.033264,-0.0050354,4.9329
0.034637,-0.0036621,4.9377
0.036774,-0.0056458,4.9353
0.036926,-0.0010681,4.9329
0.036774,-0.002594,4.9377
0.035858,0,4.9304
0.036926,0.0013733,4.9316
0.038452,0.0033569,4.9255
0.039978,-0.0013733,4.9255
0.038605,-0.004425,4.9231
0.035858,-0.007782,4.9231
0.032806,-0.010681,4.9341
0.030518,-0.011597,4.9219
0.028992,-0.011139,4.928
0.028992,-0.010223,4.9158
0.03006,-0.010071,4.9036
0.030518,-0.0099182,4.9109
0.030212,-0.009613,4.9109
0.028534,-0.0085449,0.037842
0.02655,-0.004425,0.039063
0.026245,-0.00045776,0.036621
0.027771,0.0033569,0.042725
0.029297,0.0068665,0.037842
0.03006,0.0067139,0.039063
0.030975,0.0053406,0.040283
0.030823,0.0041199,0.039063
0.028839,0.0035095,0.040283
0.027313,0.0039673,0.041504
0.025787,0.0057983,0.050049
0.024719,0.0076294,0.042725
0.025024,0.0082397,0.046387
0.023956,0.0073242,0.047607
0.023041,0.0056458,0.037842
0.020447,0.0030518,0.05127
0.019073,0.0010681,0.05127
0.017853,0.00045776,0.053711
0.0177,0.00076294,0.057373
0.018616,0.00061035,0.057373
0.020752,-0.0010681,0.062256
0.020599,-0.0027466,0.058594
0.021057,-0.0024414,0.061035
0.021362,-0.0018311,0.061035
0.021667,0.00030518,0.063477
0.023346,0.0028992,0.061035
0.026703,0.0047302,0.062256
0.026093,0.0054932,0.065918
0.025787,0.0015259,0.064697
0.028534,-0.0012207,0.06958
0.028839,-0.0030518,0.070801
0.029144,-0.0010681,0.078125
0.028076,0.0021362,0.063477
0.027771,0.005188,0.05249
0.025635,0.0076294,0.062256
0.023804,0.0062561,0.063477
0.02243,0.0039673,0.057373
0.020752,0.0018311,0.057373
0.021057,0.0016785,0.05249
0.021973,0.0021362,0.05127
0.023193,0.0024414,0.05127
0.024567,0.0022888,0.053711
0.024872,0.0021362,0.040283
0.025482,-0.00091553,0.045166
0.024567,-0.0032043,0.048828
0.024109,-0.002594,0.046387
0.023346,-0.0013733,0.046387
0.023499,0.00076294,0.042725
0.024261,0.0028992,0.041504
0.023346,0.0041199,0.040283
0.024109,0.0027466,0.032959
0.024261,0.00061035,0.039063
0.026093,-0.0019836,0.037842
0.028534,-0.002594,0.037842
0.030365,-0.00076294,0.037842
0.032806,0.00076294,0.040283
0.032196,0.0021362,0.039063
0.033112,0.0024414,0.0354
0.032501,0.0016785,0.042725
0.031128,0.0015259,0.040283
0.029907,0.0028992,0.047607
0.028992,0.0059509,0.047607
0.028381,0.0074768,0.048828
0.027618,0.011139,0.047607
0.026703,0.0074768,0.054932
0.02594,0.0035095,0.061035
0.024567,-0.00045776,0.057373
0.023041,-0.0022888,0.06958
0.022125,-0.00091553,0.061035
0.027313,0.0022888,0.042725
0.028229,0.004425,0.057373
0.026855,0.0045776,0.059814
0.025482,0.0018311,0.059814
0.024109,-0.0016785,0.059814
0.021667,0.0024414,0.057373
0.019226,-0.0012207,0.064697
0.015717,0.00076294,1.8262
0.014496,0.0016785,4.7498
0.011902,0.0013733,4.9158
0.0082397,0,4.9353
0.0085449,-0.00061035,4.9329
0.0099182,-0.00015259,4.9329
0.013123,0.0038147,4.9426
0.014038,0.0073242,4.9341
0.015717,0.0053406,4.9292
0.016632,0.007782,4.928
0.016327,0.005188,4.9255
0.016174,0.0028992,4.9194
0.013885,0.00061035,4.9194
0.011749,-0.0047302,4.9207
0.0090027,-0.0024414,4.9194
0.0062561,-0.0022888,4.917
0.0061035,-0.0010681,4.9133
0.0082397,-0.00061035,4.9133
0.011292,0.00061035,4.9133
0.014801,0.0019836,4.906
0.017548,0.0016785,4.9158
0.018005,0.0013733,4.9109
0.019836,-0.00045776,4.9109
0.019531,-0.0018311,4.9097
0.019836,-0.0013733,4.9146
0.018158,0.00061035,4.9194
0.017395,0.0033569,4.9146
0.016785,0.004425,4.9219
0.016632,0.0073242,4.9097
0.017853,0.0054932,4.9011
0.017242,0.0061035,4.9133
0.018616,0.0036621,4.9121
0.018616,0.007019,4.9109
0.019379,0.0076294,4.9158
0.019379,0.0067139,4.9158
0.019989,0.0050354,4.917
0.018768,0.0036621,4.9207
0.017853,0.0050354,4.9268
0.01709,0.0062561,4.9231
0.014801,0.0053406,4.9292
0.01358,0.0048828,4.9316
0.012207,0.0019836,4.9329
0.010529,-0.00076294,4.9341
0.010681,-0.0010681,4.9292
0.011444,-0.0018311,4.9304
0.011749,0.00030518,4.9329
0.010071,0.0024414,4.939
0.014343,0.0050354,4.9341
0.015564,0.0054932,4.9341
0.017395,0.0048828,4.9329
0.019226,0.0036621,4.9353
0.02243,0.0030518,4.9377
0.019684,0.005188,4.9377
0.017548,0.0085449,4.9316
0.016937,0.0057983,4.9365
0.014954,0.0042725,4.9304
0.013275,0.0010681,4.9316
0.012512,-0.002594,4.9255
0.012665,-0.0032043,4.9268
0.012054,-0.0019836,4.9207
0.012817,0,4.9268
0.013733,0.0028992,4.9402
0.015869,0.0047302,4.9121
0.018921,0.0047302,4.9219
0.021973,0.0038147,4.9182
0.024261,0.0032043,4.8987
0.025482,0.0021362,4.9109
0.025177,0.0024414,4.9207
0.02243,0.0016785,4.9072
0.021362,0.00015259,4.9109
0.019684,-0.0016785,4.906
0.018158,-0.0024414,4.9097
0.018158,-0.0030518,4.8987
0.018311,-0.0050354,4.906
0.017853,-0.0083923,0.039063
0.017395,-0.0093079,0.041504
0.018158,-0.011902,0.040283
0.018921,-0.013275,0.042725
0.020142,-0.013885,0.045166
0.02121,-0.012207,0.043945
0.022278,-0.011139,0.041504
0.021667,-0.0091553,0.047607
0.021667,-0.0071716,0.048828
0.021515,-0.0059509,0.048828
0.020599,-0.0038147,0.041504
0.020447,-0.0021362,0.053711
0.022583,0,0.057373
0.024109,0.0021362,0.057373
0.025787,0.0041199,0.062256
0.031281,0.0053406,0.059814
0.036163,0.0033569,0.059814
0.039978,0.0022888,0.058594
0.042877,-0.00061035,0.056152
0.04425,-0.0019836,0.058594
0.045471,-0.0022888,0.062256
0.044403,-0.0022888,0.063477
0.041656,-0.00045776,0.063477
0.03952,-0.00030518,0.070801
0.035248,-0.0016785,0.065918
0.030518,-0.0035095,0.070801
0.027924,-0.0074768,0.065918
0.026398,-0.010834,0.053711
0.024567,-0.013733,0.063477
0.023499,-0.013275,0.057373
0.02243,-0.011139,0.053711
0.02182,-0.0090027,0.058594
0.022125,-0.0059509,0.050049
0.022736,-0.0041199,0.05249
0.023346,-0.0027466,0.048828
0.023804,-0.00061035,0.053711
0.023804,0.00076294,0.045166
0.023651,0.0045776,0.046387
0.022583,0.007019,0.048828
0.02121,0.0080872,0.045166
0.020599,0.0085449,0.043945
0.019989,0.0073242,0.046387
0.023193,0.004425,0.046387
0.025482,0.0013733,0.040283
0.027618,0,0.043945
0.028229,-0.0010681,0.037842
0.028229,-0.0016785,0.0354
0.024719,-0.0016785,0.037842
0.023956,-0.0012207,0.036621
0.023346,-0.0013733,0.037842
0.022888,-0.00045776,0.039063
0.023041,-0.0010681,0.036621
0.022278,-0.0012207,0.046387
0.021667,-0.00030518,0.041504
0.02243,-0.0013733,0.042725
0.021515,-0.002594,0.042725
0.021057,-0.0035095,0.048828
0.019836,-0.005188,0.048828
0.018463,-0.005188,0.05249
0.016174,-0.0047302,0.06958
0.016174,-0.0082397,0.042725
0.014954,-0.0033569,0.061035
0.018005,0.00015259,0.063477
0.020905,0.0024414,0.047607
0.02243,0.0035095,0.059814
0.024109,0.0041199,0.061035
0.02533,0.0028992,0.059814
0.026093,0.002594,0.061035
0.026093,0.00091553,0.059814
0.026093,-0.00076294,0.062256
0.025787,-0.0024414,0.062256
0.02533,-0.0062561,0.067139
0.023499,-0.0068665,0.067139
0.022278,-0.0082397,0.068359
0.021667,-0.0097656,0.063477
0.02182,-0.010071,0.067139
0.023041,-0.0099182,0.068359
0.023651,-0.010071,3.4167
0.023804,-0.012054,4.8315
0.023804,-0.01236,4.9207
0.024261,-0.011292,4.9341
0.024872,-0.0088501,4.9194
0.027924,-0.0053406,4.917
0.03006,-0.0024414,4.9194
0.031128,-0.0010681,4.9194
0.031281,-0.0010681,4.917
0.031281,-0.00091553,4.9194
0.030518,-0.0013733,4.9109
0.029907,-0.0035095,4.9133
0.030823,-0.00061035,4.9109
0.031433,-0.00015259,4.9109
0.03418,0.00015259,4.9072
0.03418,0.00045776,4.9146
0.035095,0.00045776,4.9109
0.034943,-0.00030518,4.9084
0.035706,-0.0021362,4.9121
0.035858,-0.0033569,4.9109
0.036163,-0.0016785,4.9097
0.033569,-0.0030518,4.9084
0.032501,-0.00091553,4.9011
0.029755,-0.00045776,4.9121
0.027924,-0.0010681,4.9036
0.02594,-0.0032043,4.9109
0.025482,-0.007782,4.9182
0.026398,-0.0073242,4.9109
0.026245,-0.007782,4.917
0.026093,-0.0068665,4.9182
0.02594,-0.0038147,4.9231
0.02594,-0.00076294,4.9231
0.025177,0.0030518,4.9329
0.024567,0.005188,4.928
0.023499,0.007019,4.9353
0.020905,0.0079346,4.9268
0.020142,0.0074768,4.9316
0.017395,0.0074768,4.9377
0.015564,0.0054932,4.9329
0.013733,0.0036621,4.9365
0.013275,0.00076294,4.9341
0.01236,-0.00076294,4.9109
0.013428,-0.0027466,4.9329
0.013275,-0.0041199,4.939
0.01236,-0.0053406,4.9426
0.012207,-0.0065613,4.9341
0.011292,-0.007019,4.9292
0.0085449,-0.0076294,4.9353
0.010376,-0.0057983,4.9292
0.010834,-0.0030518,4.9158
0.011444,-0.00061035,4.9304
0.01358,0.0033569,4.9292
0.015564,0.00030518,4.9243
0.017548,0.00030518,4.9255
0.020294,0.0028992,4.9304
0.02243,0.0016785,4.9182
0.025787,0.0024414,4.9207
0.026245,0.0027466,4.9182
0.026398,0.0065613,4.9072
0.025787,0.007782,4.9084
0.025482,0.0094604,4.9109
0.024567,0.010529,4.9133
0.024109,0.0085449,4.9133
0.023346,0.015259,4.8962
0.023956,0.017242,4.906
0.023346,0.016022,4.9084
0.023346,0.013123,4.9097
0.026093,0.012512,4.906
0.024567,0.010681,4.9109
0.02533,0.010529,4.9109
0.023956,0.010986,4.9133
0.023651,0.013275,4.9048
0.02243,0.010376,4.9109
0.024872,0.0079346,0.053711
0.020752,0.0041199,0.046387
0.019684,0.0035095,0.059814
0.019073,0.0036621,0.050049
0.013733,0.0050354,0.043945
0.017242,0.0080872,0.053711
0.016937,0.011444,0.054932
0.017242,0.012817,0.057373
0.017395,0.014038,0.061035
0.018768,0.011749,0.059814
0.018921,0.011597,0.059814
0.018768,0.011139,0.062256
0.018768,0.010834,0.064697
0.018311,0.010376,0.059814
0.0177,0.0094604,0.059814
0.018768,0.0073242,0.064697
0.013123,0.0065613,0.064697
0.010834,0.0030518,0.068359
0.007782,0.0012207,0.067139
0.0064087,-0.00030518,0.062256
0.0071716,-0.00015259,0.068359
0.0079346,0.0013733,0.068359
0.0099182,0.002594,0.065918
0.013733,0.0035095,0.061035
0.0177,0.0027466,0.058594
0.020142,0.0012207,0.058594
0.02243,-0.00061035,0.053711
0.023651,-0.00045776,0.053711
0.023041,0.00045776,0.048828
0.021057,0.0024414,0.05127
0.019379,0.0030518,0.045166
0.015564,0.0032043,0.036621
0.014954,0.0018311,0.050049
0.015259,-0.0012207,0.047607
0.016632,-0.004425,0.042725
0.019073,-0.0045776,0.045166
0.022888,-0.0041199,0.056152
0.024414,-0.0024414,0.041504
0.026703,-0.0010681,0.050049
0.026855,0.00015259,0.041504
0.025482,-0.0016785,0.029297
0.026703,-0.0039673,0.032959
0.026093,-0.0062561,0.039063
0.025635,-0.0057983,0.039063
0.024567,-0.0041199,0.039063
0.023499,-0.0021362,0.036621
0.025024,-0.0015259,0.041504
0.02594,-0.0016785,0.039063
0.025787,-0.0024414,0.043945
0.029449,-0.0035095,0.041504
0.032349,-0.0030518,0.047607
0.03479,-0.0022888,0.048828
0.03479,-0.00091553,0.05127
0.035706,0.00030518,0.057373
0.034637,-0.00030518,0.054932
0.034943,-0.0012207,0.054932
0.034943,-0.0030518,0.061035
0.034027,-0.0035095,0.062256
0.032501,-0.0033569,0.061035
0.030365,-0.002594,0.056152
0.027618,-0.00091553,0.062256
0.026245,-0.00061035,0.062256
0.026093,-0.0013733,0.057373
0.026245,-0.0010681,0.061035
0.026703,-0.002594,0.061035
0.026855,-0.0033569,0.063477
0.027008,-0.0047302,0.063477
0.025635,-0.0042725,0.067139
0.024872,-0.0041199,0.063477
0.024261,-0.0030518,0.064697
0.024261,-0.0024414,0.067139
0.022125,-0.0015259,0.065918
0.021973,-0.0024414,0.070801
0.023346,-0.0038147,0.056152
0.024567,-0.0033569,0.061035
0.026398,-0.0015259,0.053711
0.027618,0,0.041504
0.027466,0.0013733,0.050049
0.027771,0.0028992,4.469
0.027466,0.0030518,4.8865
0.028534,0.002594,4.9158
0.028687,0.0024414,4.9146
0.027771,0.0016785,4.9158
0.026245,0.0015259,4.9109
0.023346,0.0012207,4.9109
0.020294,0.0012207,4.9097
0.018311,0.0012207,4.9121
0.018616,0.00030518,4.9097
0.02121,-0.00015259,4.9109
0.023041,-0.00030518,4.9072
0.024261,-0.0015259,4.9146
0.023346,-0.0024414,4.9097
0.022736,-0.0048828,4.9109
0.021057,-0.0065613,4.9133
0.019836,-0.007782,4.9084
0.019226,-0.007019,4.906
0.018616,-0.0050354,4.9097
0.017853,-0.005188,4.9097
0.018005,-0.0033569,4.9158
0.01709,-0.0045776,4.9146
0.018768,-0.0071716,4.9158
0.020905,-0.0073242,4.9231
0.025024,-0.0041199,4.9219
0.030518,0.0016785,4.9304
0.033875,0.0079346,4.9255
0.036926,0.010834,4.9194
0.035553,0.010986,4.9292
0.036163,0.0079346,4.9329
0.03479,0.0050354,4.9426
0.034027,0.0036621,4.9341
0.033112,0.0027466,4.9316
0.032043,0.0021362,4.9329
0.03067,0.00076294,4.9231
0.026245,-0.0027466,4.9304
0.023346,-0.0061035,4.9316
0.020752,-0.009613,4.9353
0.020294,-0.010529,4.939
0.020752,-0.011292,4.9341
0.020905,-0.0099182,4.9377
0.021515,-0.010223,4.9353
0.021057,-0.009613,4.9329
0.020752,-0.0086975,4.9158
0.021362,-0.0090027,4.9292
0.02121,-0.0080872,4.9255
0.023193,-0.0059509,4.9243
0.024872,-0.0038147,4.9255
0.024567,-0.00061035,4.9207
0.027161,0.0035095,4.9292
0.028381,0.0061035,4.9194
0.029907,0.0076294,4.9292
0.033112,0.0088501,4.9146
0.037842,0.0097656,4.8975
0.041962,0.010376,4.917
0.044098,0.011444,4.9133
0.043945,0.012512,4.9109
0.042114,0.010529,4.9109
0.039215,0.0056458,4.9097
0.036163,0.0062561,4.9023
0.033417,0.0039673,4.9072
0.031586,0.0030518,4.9109
0.029297,0.0022888,4.9109
0.027008,0.00091553,4.9133
0.026093,-0.00091553,4.895
0.024872,-0.0015259,4.9121
0.02533,-0.00076294,4.9182
0.026703,0.00015259,4.9146
0.029144,0.0019836,4.9194
0.03067,0.0033569,4.917
0.029449,0.0039673,4.9109
0.027313,0.004425,4.9219
0.023956,0.0042725,0.05249
0.020599,0.0042725,0.053711
0.018005,0.0059509,0.059814
0.015411,0.0068665,0.056152
0.013275,0.0057983,0.063477
0.011749,0.0047302,0.057373
0.011597,0.0032043,0.063477
0.012207,0.0016785,0.059814
0.012207,-0.0015259,0.05127
0.013275,-0.0048828,0.064697
0.016937,-0.0079346,0.065918
0.019379,-0.0088501,0.062256
0.021362,-0.0065613,0.065918
0.020599,-0.0027466,0.068359
0.019989,0.00061035,0.065918
0.018616,0.0024414,0.078125
0.0177,0.0016785,0.061035
0.019379,0.0021362,0.056152
0.021362,0.0019836,0.063477
0.023651,0.0036621,0.062256
0.02533,0.0059509,0.056152
0.025482,0.0079346,0.05127
0.024261,0.0064087,0.048828
0.023041,0.005188,0.05249
0.02182,-0.00015259,0.048828
0.02182,-0.0013733,0.05127
0.021362,-0.00015259,0.046387
0.020142,0.0032043,0.048828
0.016785,0.0053406,0.043945
0.013885,0.0093079,0.046387
0.011597,0.0094604,0.046387
0.0097656,0.0074768,0.042725
0.010834,0.0062561,0.042725
0.01236,0.0033569,0.041504
0.01358,0.0030518,0.023193
0.013733,0.0024414,0.037842
0.014191,0.0016785,0.040283
0.013275,0.0022888,0.040283
0.010834,0.002594,0.039063
0.013275,0.002594,0.0354
0.014496,0.0022888,0.03418
0.015411,0.0021362,0.0354
0.016022,0.0056458,0.043945
0.016785,0.0083923,0.039063
0.016174,0.011139,0.047607
0.015411,0.011292,0.050049
0.018158,0.010834,0.048828
0.021973,0.0097656,0.050049
0.024414,0.0080872,0.057373
0.027008,0.0076294,0.058594
0.026245,0.0079346,0.059814
0.023499,0.011139,0.068359
0.018005,0.0067139,0.061035
0.015869,0.0045776,0.050049
0.0074768,0.0035095,0.061035
0.010834,0.002594,0.062256
0.0086975,0.0038147,0.058594
0.0083923,0.0059509,0.061035
0.0074768,0.0076294,0.058594
0.0085449,0.007019,0.063477
0.010529,0.0061035,0.061035
0.014496,0.0050354,0.064697
0.019073,0.0041199,0.062256
0.023193,0.0032043,0.067139
0.024719,0.0030518,0.067139
0.024261,0.0028992,0.065918
0.024261,0.0016785,0.068359
0.023804,0.00091553,0.058594
0.023041,0.00030518,0.057373
0.019989,0,0.056152
0.024261,-0.00061035,0.05127
0.024567,-0.00076294,0.05249
0.024872,-0.00061035,0.045166
0.02594,0.00091553,0.040283
0.027008,0.00045776,0.048828
0.029297,-0.0015259,0.042725
0.030975,-0.004425,0.043945
0.031738,-0.010071,0.036621
0.031738,-0.0079346,3.4094
0.029755,-0.0073242,4.8157
0.027313,-0.0074768,4.9011
0.023346,-0.0047302,4.9097
0.023651,-0.0047302,4.9158
0.022888,-0.0028992,4.8901
0.024872,-0.0033569,4.9121
0.028381,-0.00076294,4.9194
0.031586,0.0013733,4.9097
0.033112,0.0024414,4.9158
0.034485,0.0024414,4.9133
0.036926,0.0019836,4.8962
0.036469,0.00076294,4.9109
0.037994,-0.00076294,4.9133
0.038147,-0.0022888,4.9121
0.037384,-0.0030518,4.917
0.034637,-0.0035095,4.9133
0.032043,-0.0033569,4.9207
0.028229,-0.0030518,4.9243
0.026703,-0.0030518,4.9255
0.02594,-0.0021362,4.9243
0.026703,-0.0010681,4.9292
0.026398,0.00076294,4.9292
0.026703,0.002594,4.9329
0.026245,0.0035095,4.9402
0.02533,0.0033569,4.9329
0.025482,0.0012207,4.9292
0.026398,-0.00076294,4.9304
0.027161,-0.002594,4.9402
0.027161,-0.0030518,4.9304
0.02655,-0.00091553,4.9341
0.022888,0.0028992,4.9207
0.019989,0.0050354,4.9341
0.016632,0.007782,4.9341
0.016785,0.0091553,4.9377
0.019531,0.0082397,4.9329
0.023041,0.0068665,4.9341
0.02655,0.0068665,4.9292
0.028381,0.0050354,4.9316
0.028229,0.0056458,4.9255
0.027008,0.0050354,4.9255
0.02655,0.005188,4.9243
0.026398,0.0047302,4.9231
0.027466,0.0036621,4.928
0.02594,0.0015259,4.9231
0.023804,-0.00045776,4.9207
0.020294,0,4.9158
0.017395,0.00015259,4.9023
0.016479,0.0013733,4.9194
0.017395,0.0016785,4.9109
0.019989,0.00030518,4.9109
0.021973,-0.0015259,4.9097
0.023041,-0.0036621,4.9036
0.022278,-0.007019,4.9097
0.020905,-0.0067139,4.906
0.019226,-0.0062561,4.9121
0.0177,-0.005188,4.9048
0.017395,-0.0030518,4.9133
0.0177,-0.0019836,4.9121
0.018463,-0.00045776,4.9133
0.017242,-0.0016785,4.9084
0.016327,-0.0013733,4.9133
0.018005,-0.0012207,4.9109
0.019531,-0.0012207,4.9158
0.022736,-0.00091553,4.9243
0.025787,0,4.9231
0.029144,0.00015259,4.9182
0.030975,-0.00091553,4.9207
0.030212,-0.0022888,4.9268
0.027618,-0.0041199,4.9255
0.023193,-0.0062561,4.928
0.019836,-0.0088501,4.9255
0.017242,-0.010834,0.061035
0.016022,-0.012054,0.059814
0.015259,-0.012512,0.062256
0.016937,-0.013275,0.058594
0.016022,-0.013885,0.064697
0.016632,-0.014648,0.058594
0.01709,-0.015106,0.063477
0.021515,-0.015869,0.080566
0.024872,-0.016785,0.064697
0.027618,-0.016479,0.065918
0.028534,-0.014496,0.067139
0.026703,-0.009613,0.047607
0.027618,-0.0057983,0.062256
0.027771,-0.0016785,0.061035
0.03006,0.0013733,0.057373
0.034027,0.0027466,0.057373
0.035858,0.0033569,0.053711
0.043488,0.0036621,0.05249
0.045166,0.0047302,0.046387
0.045166,0.0054932,0.041504
0.04364,0.0061035,0.043945
0.04303,0.0062561,0.048828
0.042725,0.0064087,0.046387
0.04364,0.007782,0.047607
0.039825,0.007019,0.045166
0.033875,0.0048828,0.045166
0.032806,0.0062561,0.043945
0.029144,0.004425,0.042725
0.027771,0.0016785,0.041504
0.026398,-0.0016785,0.03418
0.027161,-0.0054932,0.039063
0.028687,-0.0085449,0.039063
0.028076,-0.0094604,0.039063
0.024414,-0.0094604,0.037842
0.020752,-0.0073242,0.039063
0.015411,-0.0048828,0.040283
0.012054,-0.0015259,0.040283
0.011139,0.0021362,0.040283
0.011444,0.0039673,0.046387
0.013885,0.0059509,0.042725
0.015411,0.0086975,0.048828
0.015259,0.0071716,0.050049
0.014648,0.0067139,0.056152
0.015869,0.0064087,0.067139
0.018921,0.0053406,0.058594
0.022736,0.0047302,0.065918
0.02533,0.0042725,0.059814
0.026093,0.0035095,0.057373
0.023956,0.0036621,0.059814
0.020142,0.004425,0.061035
0.016937,0.0048828,0.056152
0.016937,0.0050354,0.057373
0.019226,0.0048828,0.061035
0.02121,0.0024414,0.061035
0.023041,0.00015259,0.063477
0.021515,-0.0010681,0.067139
0.020142,-0.0012207,0.063477
0.017548,-0.00045776,0.064697
0.017242,0.00061035,0.06958
0.0177,0.0013733,0.064697
0.019836,0.00030518,0.062256
0.019531,0.00076294,0.059814
0.017395,0.0019836,0.064697
0.013275,0.0056458,0.057373
0.0097656,0.010071,0.063477
0.0091553,0.014343,0.05249
0.010986,0.018158,0.05127
0.014496,0.020142,0.046387
0.016632,0.019684,0.05127
0.018005,0.0177,0.043945
0.020294,0.01709,0.042725
0.016022,0.015259,0.040283
0.015411,0.015564,0.043945
0.015106,0.016022,0.036621
0.016022,0.013733,0.042725
0.016937,0.011902,0.040283
0.014343,0.0079346,0.042725
0.011749,0.0033569,0.039063
0.0085449,0.0016785,2.2668
0.0059509,0.0012207,4.762
0.0054932,0.0022888,4.8987
0.0076294,0.0039673,4.906
0.010986,0.0041199,4.9036
0.012207,0.0038147,4.8938
0.01358,0.0024414,4.9109
0.010834,0.0028992,4.9146
0.009613,0.0042725,4.9133
0.0086975,0.0067139,4.9146
0.0085449,0.0097656,4.917
0.010071,0.010986,4.9207
0.011749,0.011444,4.9194
0.011902,0.012512,4.9255
0.012207,0.010986,4.9255
0.010376,0.0099182,4.9243
0.010986,0.010376,4.9292
0.01297,0.009613,4.9341
0.015717,0.0088501,4.9304
0.015259,0.0076294,4.9329
0.020142,0.0053406,4.9341
0.019531,0.0045776,4.9341
0.018158,0.0024414,4.9414
0.018005,0.00091553,4.9329
0.01709,0.0013733,4.9207
0.017853,0.00091553,4.9329
0.019989,-0.0015259,4.9377
0.024719,0,4.9341
0.024414,0.00045776,4.9353
0.025024,0.0050354,4.9329
0.024872,0.0030518,4.9341
0.025787,0.0057983,4.9304
0.028381,0.0068665,4.9304
0.03006,0.0080872,4.9231
0.030823,0.0067139,4.9255
0.029907,0.0041199,4.9255
0.025177,0.0018311,4.9255
0.021515,0.00076294,4.9207
0.017395,0.00030518,4.9231
0.015411,0.0013733,4.917
0.014801,0.0019836,4.9182
0.01709,0.0022888,4.9121
0.014648,0.00045776,4.9158
0.015869,-0.0016785,4.9121
0.015717,-0.0054932,4.9109
0.016022,-0.0050354,4.9097
0.017548,-0.0041199,4.9121
0.019684,-0.0039673,4.9084
0.022125,-0.0042725,4.9036
0.024719,-0.00091553,4.9109
0.027771,-0.0024414,4.906
0.03006,-0.0036621,4.9097
0.032349,-0.0036621,4.9109
0.03418,-0.0010681,4.9158
0.036469,0.0027466,4.9084
0.038452,0.0057983,4.9158
0.03952,0.0074768,4.9255
0.039215,0.0053406,4.9182
0.0383,0.0019836,4.928
0.036621,-0.0016785,4.9243
0.03479,-0.0013733,4.906
0.033112,0.00030518,4.9243
0.032654,0.0032043,4.9255
0.030823,0.0056458,4.9304
0.032043,0.0056458,4.928
0.030518,0.0045776,4.9268
0.029755,0.0012207,4.9329
0.029297,-0.00015259,4.9316
0.027924,0.0015259,4.9329
0.026703,0.0039673,4.9268
0.025177,0.0074768,4.9329
0.022583,0.0094604,4.9304
0.019684,0.009613,0.064697
0.017853,0.0082397,0.074463
0.018311,0.0056458,0.065918
0.019836,0.0056458,0.065918
0.023041,0.0067139,0.067139
0.025177,0.0088501,0.073242
0.029144,0.010071,0.059814
0.031891,0.0082397,0.058594
0.032654,0.0071716,0.057373
0.032196,0.007019,0.058594
0.03067,0.0074768,0.050049
0.030212,0.009613,0.05127
0.027924,0.011597,0.05249
0.026398,0.011597,0.05127
0.024872,0.012207,0.042725
0.022736,0.0067139,0.05127
0.022278,0.0019836,0.046387
0.020447,-0.0019836,0.043945
0.018616,-0.0041199,0.042725
0.019379,-0.0024414,0.043945
0.019836,0.0012207,0.05249
0.021667,0.002594,0.042725
0.022736,-0.00030518,0.05249
0.022125,-0.0041199,0.039063
0.021362,-0.0076294,0.031738
0.020752,-0.0080872,0.037842
0.022583,-0.0036621,0.040283
0.025635,0.0030518,0.036621
0.028534,0.0093079,0.042725
0.030975,0.011749,0.039063
0.031891,0.0097656,0.039063
0.033875,0.0054932,0.042725
0.03479,0.0024414,0.047607
0.036469,0.0022888,0.045166
0.0383,0.005188,0.050049
0.036926,0.0094604,0.057373
0.033417,0.011139,0.057373
0.027161,0.0076294,0.059814
0.020905,0.0024414,0.059814
0.015259,-0.0036621,0.053711
0.011292,-0.0085449,0.058594
0.010681,-0.0094604,0.067139
0.009613,-0.0099182,0.062256
0.011902,-0.0091553,0.057373
0.012207,-0.010834,0.057373
0.012817,-0.012512,0.062256
0.014648,-0.013275,0.061035
0.016937,-0.012512,0.061035
0.021057,-0.0083923,0.062256
0.023193,-0.0035095,0.065918
0.024872,0.0035095,0.067139
0.024719,0.0053406,0.067139
0.024872,0.0071716,0.068359
0.026398,0.0067139,0.067139
0.027008,0.0056458,0.061035
0.031433,0.0053406,0.062256
0.034637,0.0050354,0.074463
0.037231,0.0050354,0.056152
0.038147,0.0041199,0.056152
0.037537,0.0024414,0.053711
0.035858,0.0013733,0.029297
0.033264,0,0.045166
0.030212,-0.00061035,0.047607
0.028381,-0.00091553,0.043945
0.024567,-0.0010681,0.045166
0.027008,-0.0012207,0.041504
0.025024,-0.0024414,0.041504
0.023651,-0.0024414,0.040283
0.023193,-0.0030518,0.043945
0.022125,-0.0022888,0.037842
0.023956,-0.0016785,0.042725
0.022583,0.00030518,0.043945
0.020447,0.0024414,0.042725
0.018158,-0.00015259,0.040283
0.015717,-0.0010681,0.041504
0.015869,-0.0010681,0.042725
0.015411,0.0039673,0.041504
0.015106,0.0019836,0.043945
0.014343,0.002594,1.333
0.013428,0.0018311,4.6985
0.012054,0.00091553,4.8987
0.011902,-0.0019836,4.9109
0.013885,-0.0038147,4.9121
0.016327,-0.0039673,4.9207
0.018616,-0.0039673,4.9194
0.018311,-0.0032043,4.9231
0.017395,-0.0015259,4.9231
0.012665,0.0021362,4.9329
0.014496,0.005188,4.9231
0.014343,0.0085449,4.9316
0.015717,0.010223,4.9329
0.015869,0.0059509,4.9316
0.016174,0.0064087,4.9329
0.016327,0.00030518,4.9353
0.017395,-0.00091553,4.9341
0.018311,-0.0053406,4.9329
0.019684,-0.0067139,4.9292
0.020294,-0.0062561,4.9353
0.021515,-0.0057983,4.9353
0.019379,-0.0045776,4.9329
0.018158,-0.0033569,4.9341
0.015259,-0.0010681,4.9353
0.012817,-0.00015259,4.9365
0.010681,0.00076294,4.9219
0.010529,0.0013733,4.9329
0.0099182,0.00015259,4.9243
0.010071,-0.0021362,4.9268
0.010986,0.00030518,4.9231
0.011444,0.0013733,4.9231
0.013275,0.0028992,4.9231
0.013428,0.0028992,4.9207
0.013885,0.0022888,4.9304
0.015259,0.0018311,4.917
0.015106,0.0024414,4.9219
0.014496,0.0050354,4.9097
0.015106,0.0071716,4.9011
0.011139,0.0064087,4.9097
0.01358,0.0097656,4.9097
0.013885,0.0086975,4.9133
0.015869,0.0071716,4.9097
0.018463,0.0064087,4.9011
0.019684,0.005188,4.9121
0.019989,0.0071716,4.9084
0.019531,0.0083923,4.9097
0.016937,0.0076294,4.9072
0.015564,0.005188,4.9097
0.01297,0.0036621,4.9121
0.011749,0.0021362,4.9146
0.0099182,0.00076294,4.9219
0.0062561,0.0013733,4.9158
0.0079346,0.0024414,4.9158
0.005188,0.0032043,4.9207
0.0067139,0.0033569,4.9158
0.0080872,0.0016785,4.9207
0.010223,-0.00045776,4.9048
0.012207,-0.00076294,4.9207
0.013275,-0.00061035,4.9268
0.01358,0.0010681,4.9255
0.013733,-0.00061035,4.928
0.012512,0.0021362,4.9316
0.01236,0.0021362,4.9329
0.013733,0.0013733,4.9304
0.016022,0.0016785,4.9329
0.019226,0.0042725,4.9316
0.021973,0.0062561,4.9353
0.024872,0.0076294,4.9329
0.025787,0.0068665,4.9377
0.025482,0.0053406,4.9426
0.027008,0.0032043,4.9377
0.028229,0.0012207,4.9426
0.029907,0.00045776,0.063477
0.034027,-0.00061035,0.05127
0.031891,-0.0016785,0.057373
0.030518,-0.0039673,0.062256
0.026855,-0.0042725,0.05249
0.023956,-0.0042725,0.05127
0.022278,-0.0038147,0.046387
0.022125,-0.0028992,0.046387
0.020752,-0.004425,0.047607
0.020752,-0.002594,0.050049
0.019379,-0.0027466,0.043945
0.019531,-0.0030518,0.047607
0.018921,-0.0035095,0.048828
0.018616,-0.0021362,0.045166
0.019836,-0.0019836,0.043945
0.020905,-0.0015259,0.043945
0.022125,-0.0010681,0.040283
0.022888,-0.0024414,0.040283
0.024109,0.00015259,0.029297
0.024567,0.00076294,0.040283
0.025482,0.0021362,0.036621
0.025787,0.0032043,0.039063
0.026855,0.0022888,0.036621
0.028992,0.0027466,0.040283
0.030365,0.0019836,0.037842
0.030518,0.00076294,0.037842
0.029755,-0.00045776,0.042725
0.028992,-0.0012207,0.041504
0.028534,-0.0022888,0.045166
0.027771,-0.0033569,0.047607
0.027466,-0.0032043,0.05249
0.02655,-0.0024414,0.05249
0.025024,-0.0013733,0.056152
0.023651,0.00045776,0.063477
0.022278,-0.00030518,0.059814
0.021515,-0.00045776,0.06958
0.021515,-0.00091553,0.062256
0.022125,-0.00015259,0.042725
0.023651,0.0013733,0.050049
0.024719,0.0030518,0.061035
0.024261,0.0056458,0.062256
0.026398,0.0073242,0.061035
0.025787,0.0073242,0.057373
0.025482,0.007019,0.064697
0.024261,0.0071716,0.062256
0.024109,0.007019,0.065918
0.024261,0.0085449,0.063477
0.025635,0.0094604,0.067139
0.023804,0.0093079,0.063477
0.027618,0.0076294,0.063477
0.029144,0.0056458,0.072021
0.029602,0.0042725,0.058594
0.028687,0.0032043,0.054932
0.028381,0.0018311,0.054932
0.026398,-0.0013733,0.047607
0.024567,-0.0028992,0.050049
0.022125,-0.0036621,0.048828
0.019989,-0.0038147,0.046387
0.019073,-0.002594,0.043945
0.018311,-0.0019836,0.042725
0.018463,-0.0032043,0.036621
0.018311,-0.0050354,0.037842
0.018158,-0.0067139,0.042725
0.019073,-0.0082397,0.036621
0.018005,-0.0085449,0.041504
0.018768,-0.0076294,0.037842
0.019379,-0.004425,0.041504
0.019379,-0.0028992,0.040283
0.019073,-0.0019836,0.040283
0.018921,-0.0013733,0.048828
0.018616,-0.0012207,0.037842
0.019531,-0.0016785,0.05127
0.020905,-0.0013733,0.039063
0.023651,0.00015259,0.030518
0.024261,0.00076294,0.040283
0.024261,-0.00061035,0.042725
0.023651,-0.0028992,0.043945
0.025482,-0.0076294,0.050049
0.028534,-0.011292,3.6609
0.028687,-0.011139,4.8413
0.03006,-0.0099182,4.9133
0.029449,-0.0071716,4.9255
0.02594,-0.0064087,4.9243
0.023804,-0.0062561,4.9304
0.022736,-0.0054932,4.9304
0.023041,-0.0065613,4.9341
0.023956,-0.0045776,4.9329
0.023499,-0.002594,4.9341
0.023956,-0.00091553,4.9304
0.023499,-0.0012207,4.9353
0.024872,-0.0036621,4.9414
0.026398,-0.0047302,4.9353
0.029907,-0.0039673,4.9194
0.032806,-0.0012207,4.9304
0.032043,0.0018311,4.9341
0.031433,0.0039673,4.9341
0.03006,0.005188,4.9341
0.028534,0.005188,4.928
0.027008,0.0047302,4.9329
0.027008,0.0059509,4.9268
0.027161,0.0036621,4.928
0.027924,0.0016785,4.9219
0.027924,-0.0018311,4.9194
0.026245,-0.005188,4.9207
0.025024,-0.0062561,4.9182
0.023499,-0.0053406,4.9304
0.023041,-0.0030518,4.917
0.022736,-0.00030518,4.9158
0.021057,0,4.9158
0.018921,-0.0012207,4.8962
0.016174,-0.0028992,4.9097
0.014954,-0.002594,4.9084
0.014191,0,4.9109
0.015564,0.0016785,4.917
0.015106,0.0048828,4.906
0.01709,0.0045776,4.9097
0.01709,0.0027466,4.9109
0.015717,0.0013733,4.9097
0.015411,0.00076294,4.8901
0.014954,0.0010681,4.9146
0.013275,0.0038147,4.9109
0.014648,0.0024414,4.9158
0.013885,0.0053406,4.9146
0.015564,0.0039673,4.9158
0.016479,0.0022888,4.9158
0.017395,0.00030518,4.9194
0.018463,-0.0018311,4.928
0.018005,-0.0057983,4.9243
0.018616,-0.0038147,4.9109
0.018311,-0.0032043,4.928
0.018158,-0.00091553,4.9304
0.020905,0.0019836,4.9292
0.019531,0.005188,4.9329
0.018921,0.0067139,4.9292
0.018158,0.0083923,4.9365
0.018768,0.012512,4.9329
0.019073,0.014496,4.9353
0.019531,0.015869,4.9304
0.021515,0.015106,4.9341
0.021515,0.013123,4.9316
0.020905,0.010529,4.9353
0.019531,0.011139,4.9463
0.018158,0.011444,4.9377
0.0177,0.011902,4.9365
0.016632,0.012207,4.9353
0.015564,0.0093079,4.9231
0.013428,0.007019,4.9316
0.010376,0.0030518,4.9255
0.0088501,0.0053406,4.9231
0.0080872,0.007019,-0.32104
0.0088501,0.0085449,0.050049
0.0094604,0.0082397,0.05127
0.0097656,0.0057983,0.047607
0.010071,0.0061035,0.05127
0.0099182,0.0036621,0.03418
0.010834,0.0041199,0.047607
0.011292,0.0064087,0.046387
0.010834,0.010986,0.047607
0.010223,0.013733,0.039063
0.0086975,0.014648,0.047607
0.0074768,0.013428,0.050049
0.0067139,0.010529,0.039063
0.0073242,0.007782,0.048828
0.0076294,0.0059509,0.040283
0.0088501,0.0061035,0.03418
0.0086975,0.007782,0.039063
0.0094604,0.0082397,0.0354
0.01358,0.0082397,0.036621
0.013733,0.0088501,0.041504
0.013123,0.009613,0.037842
0.014648,0.010834,0.045166
0.015717,0.010986,0.042725
0.016937,0.010986,0.046387
0.016022,0.011292,0.047607
0.014954,0.011749,0.05127
0.013733,0.014648,0.053711
0.013885,0.014191,0.053711
0.012817,0.014801,0.078125
0.017395,0.015411,0.059814
0.019073,0.014648,0.061035
0.02182,0.015106,0.063477
0.023499,0.015106,0.053711
0.022125,0.012054,0.058594
0.024567,0.0064087,0.061035
0.021973,0.0010681,0.062256
0.018616,-0.002594,0.061035
0.017242,-0.0019836,0.058594
0.014648,0.0021362,0.065918
0.011749,0.0048828,0.064697
0.010376,0.0059509,0.064697
0.0088501,0.0012207,0.063477
0.007782,-0.0027466,0.067139
0.0088501,-0.0056458,0.065918
0.012207,-0.0065613,0.064697
0.016174,-0.0041199,0.065918
0.021515,-0.0021362,0.059814
0.02243,-0.00045776,0.059814
0.024414,0.00015259,0.056152
0.022125,-0.00061035,0.063477
0.02121,-0.00045776,0.048828
0.019684,0.00091553,0.045166
0.018311,0.0030518,0.045166
0.018311,0.005188,0.048828
0.019226,0.0054932,0.042725
0.021515,0.0039673,0.045166
0.023956,0.00076294,0.039063
0.02594,-0.0032043,0.041504
0.028076,-0.0056458,0.040283
0.031586,-0.0071716,0.041504
0.033112,-0.0067139,0.037842
0.033569,-0.005188,0.041504
0.030212,-0.0022888,0.041504
0.026245,0.0013733,0.040283
0.02243,0.0035095,0.046387
0.018616,0.0057983,0.041504
0.016479,0.0057983,0.042725
0.016479,0.0035095,0.039063
0.017853,0.0018311,0.032959
0.019836,-0.00076294,0.040283
0.022125,-0.0030518,0.040283
0.024567,-0.0024414,0.042725
0.024567,-0.0010681,0.048828
0.024261,-0.00045776,0.047607
0.023956,-0.00015259,0.05127
0.022888,0.0012207,0.05249
0.021362,0.0019836,0.059814
0.02121,0.0028992,0.054932
0.019989,0.0038147,0.062256
0.016937,0.0022888,4.5361
0.010834,0.00061035,4.9048
0.01297,-0.0013733,4.9231
0.014496,-0.0027466,4.928
0.017395,-0.0018311,4.9365
0.019989,-0.00045776,4.9316
0.021667,-0.0024414,4.939
0.022278,0.00015259,4.9365
0.021515,-0.00045776,4.917
0.021362,-0.0010681,4.9304
0.021667,0.00015259,4.9426
0.022888,0.0022888,4.9329
0.023499,0.0036621,4.9353
0.024719,0.0036621,4.9255
0.023956,0.00076294,4.9341
0.024109,-0.0019836,4.9292
0.023956,-0.0050354,4.928
0.025177,-0.0059509,4.9219
0.026093,-0.0054932,4.9243
0.026245,-0.0030518,4.9219
0.024414,-0.0010681,4.9243
0.023499,-0.00045776,4.9255
0.022583,-0.0012207,4.9231
0.021973,-0.0015259,4.9121
0.022278,-0.0018311,4.917
0.022888,-0.00030518,4.9023
0.025024,0.0018311,4.9109
0.02533,0.0041199,4.9133
0.027466,0.005188,4.9133
0.027618,0.0047302,4.9097
0.027771,0.0039673,4.9072
0.028687,0.0022888,4.9084
0.028381,0.00045776,4.9072
0.027771,0.002594,4.9097
0.026093,0.00030518,4.9048
0.022736,0.00091553,4.9133
0.019379,-0.00091553,4.9084
0.016632,-0.0036621,4.9133
0.014648,-0.010681,4.9121
0.014496,-0.0091553,4.9146
0.0177,-0.0097656,4.9243
0.020142,-0.0079346,4.917
0.021973,-0.0064087,4.9316
0.023041,-0.007019,4.9219
0.023499,-0.0074768,4.9121
0.023193,-0.010071,4.928
0.022583,-0.010376,4.9255
0.023193,-0.0090027,4.928
0.023346,-0.0059509,4.928
0.023346,-0.0039673,4.928
0.023804,-0.0028992,4.9329
0.024261,-0.0028992,4.9329
0.024719,-0.0022888,4.9341
0.024872,-0.0021362,4.928
0.027313,-0.00091553,4.9353
0.028534,-0.00045776,4.9341
0.029297,-0.00015259,4.9341
0.030518,0.00045776,4.9414
0.029144,0.0016785,4.939
0.031586,0.0048828,4.9341
0.031586,0.0065613,4.9426
0.031433,0.0062561,4.9377
0.030518,0.0047302,4.9329
0.029907,0.0038147,4.9304
0.029144,0.0028992,4.9243
0.028381,0.0057983,4.928
0.025482,0.007782,4.9255
0.024414,0.0088501,4.9207
0.022583,0.0079346,4.9182
0.022583,0.0059509,4.9219
0.022125,0.0036621,4.9133
0.021973,0.0019836,4.9182
0.022278,0.0033569,0.047607
0.020447,0.0030518,0.047607
0.017242,0.005188,0.042725
0.010834,0.0028992,0.042725
0.010681,-0.0012207,0.054932
0.0091553,-0.0050354,0.043945
0.0079346,-0.0073242,0.050049
0.007782,-0.007019,0.041504
0.005188,-0.0042725,0.030518
0.0045776,-0.002594,0.040283
0.0036621,-0.0048828,0.036621
0.0050354,-0.0065613,0.042725
0.0085449,-0.007782,0.037842
0.014038,-0.0065613,0.036621
0.018005,-0.0032043,0.042725
0.019836,0.0022888,0.041504
0.018158,0.0048828,0.047607
0.016479,0.004425,0.043945
0.015259,0.0015259,0.053711
0.015411,-0.00030518,0.053711
0.016937,0.00061035,0.056152
0.017853,0.0028992,0.067139
0.0177,0.0053406,0.061035
0.016022,0.0048828,0.059814
0.014191,0.0028992,0.062256
0.013428,0.0010681,0.063477
0.013428,0.00045776,0.059814
0.014038,0.0021362,0.059814
0.014954,0.0042725,0.061035
0.01358,0.0056458,0.065918
0.015869,0.0042725,0.058594
0.014191,0.0024414,0.063477
0.010834,0.0022888,0.062256
0.010681,0.0012207,0.063477
0.0085449,0.0041199,0.06958
0.0071716,0.0061035,0.067139
0.0056458,0.007782,0.056152
0.0033569,0.0053406,0.067139
0.0015259,0.0056458,0.063477
0.0010681,0.0042725,0.059814
0.0012207,0.0047302,0.068359
0.0019836,0.0054932,0.056152
0.0038147,0.0048828,0.056152
0.005188,0.0030518,0.05249
0.0061035,0.00030518,0.040283
0.0065613,-0.00061035,0.050049
0.0080872,-0.00061035,0.046387
0.007782,-0.0013733,0.045166
0.0082397,0.0024414,0.043945
0.0090027,0.0027466,0.041504
0.010986,0.0019836,0.045166
0.013428,0.0016785,0.040283
0.01297,0.0028992,0.041504
0.014343,0.0053406,0.036621
0.015564,0.0050354,0.032959
0.016174,0.0039673,0.041504
0.019379,0.0022888,0.041504
0.022278,-0.0012207,0.036621
0.026093,-0.0032043,0.042725
0.026398,-0.00076294,0.039063
0.025635,0.00030518,0.037842
0.022888,0.0032043,0.041504
0.022736,0.004425,0.041504
0.023499,0.0033569,0.042725
0.02594,0.0012207,0.041504
0.028687,-0.00076294,0.046387
0.028839,0.0012207,0.050049
0.027771,0.0027466,0.048828
0.025024,0.0064087,0.053711
0.023041,0.0068665,0.054932
0.025177,0.0028992,0.057373
0.027008,0.0024414,0.058594
0.028687,0.0024414,0.057373
0.028839,0.0038147,0.063477
0.027313,0.0041199,0.058594
0.024414,0.0041199,0.063477
0.02243,0.0015259,0.065918
0.023499,-0.0012207,0.067139
0.025482,-0.0056458,4.6008
0.027771,-0.0064087,4.9097
0.028229,-0.0079346,4.9146
0.026703,-0.0071716,4.9292
0.02243,-0.0061035,4.9353
0.018616,-0.0064087,4.9365
0.016022,-0.0059509,4.9329
0.016174,-0.0064087,4.9316
0.018311,-0.0054932,4.9316
0.020142,-0.0030518,4.9292
0.022736,-0.0019836,4.9304
0.02182,0.00015259,4.9219
0.023193,-0.0018311,4.9231
0.023804,-0.002594,4.9207
0.026398,-0.0041199,4.9231
0.029297,-0.0045776,4.9207
0.029907,-0.0047302,4.9207
0.03479,-0.0042725,4.9268
0.033569,-0.0050354,4.9133
0.031738,-0.0059509,4.9243
0.029907,-0.007782,4.9109
0.029449,-0.009613,4.9146
0.030212,-0.0094604,4.9121
0.030212,-0.010071,4.9036
0.031128,-0.0082397,4.906
0.030518,-0.0074768,4.9121
0.029602,-0.0071716,4.9072
0.027466,-0.0074768,4.9097
0.027924,-0.0071716,4.906
0.028687,-0.0059509,4.9133
0.030975,-0.0048828,4.9097
0.031891,-0.0035095,4.9109
0.031281,-0.0022888,4.9133
0.028534,0.0036621,4.9133
0.026703,0.0064087,4.9219
0.024567,0.0086975,4.9182
0.023804,0.0076294,4.9207
0.02533,0.0035095,4.9219
0.027008,0.0016785,4.9182
0.028076,-0.0022888,4.928
0.027924,-0.0022888,4.9292
0.026093,-0.00030518,4.9243
0.02533,0.0027466,4.9316
0.024261,0.0039673,4.9268
0.023804,0.0047302,4.9329
0.02243,0.0030518,4.9304
0.021667,0.00045776,4.9353
0.019684,-0.0041199,4.928
0.016632,-0.0062561,4.9316
0.015106,-0.0068665,4.939
0.016022,-0.0053406,4.9341
0.017548,-0.0059509,4.9304
0.020752,-0.0074768,4.939
0.023499,-0.0091553,4.9426
0.023804,-0.010376,4.9402
0.022278,-0.011139,4.9426
0.019379,-0.0062561,4.9329
0.017242,-0.0035095,4.9158
0.016022,-0.0027466,4.928
0.016022,-0.0038147,4.9292
0.0177,-0.0090027,4.9158
0.01709,-0.010223,4.9243
0.015259,-0.013275,4.9158
0.016937,-0.014496,4.9207
0.014801,-0.01297,4.9194
0.014343,-0.011902,4.9158
0.014191,-0.010681,4.9109
0.015717,-0.0090027,4.9207
0.016479,-0.0093079,4.917
0.01709,-0.010986,4.9133
0.019531,-0.012054,4.9182
0.016327,-0.012665,4.9194
0.016785,-0.013123,0.026855
0.018158,-0.014191,0.041504
0.022583,-0.010681,0.026855
0.02533,-0.0093079,0.03418
0.028229,-0.0068665,0.040283
0.029907,-0.0067139,0.039063
0.029297,-0.0012207,0.031738
0.02655,0.00030518,0.037842
0.028534,0.0019836,0.042725
0.029144,0.0016785,0.040283
0.029144,-0.00091553,0.043945
0.030365,-0.0047302,0.041504
0.028992,-0.0047302,0.047607
0.026245,-0.0093079,0.056152
0.023193,-0.0093079,0.05249
0.019684,-0.0076294,0.054932
0.019379,-0.0065613,0.057373
0.018311,-0.007019,0.062256
0.018158,-0.0079346,0.058594
0.017395,-0.011597,0.073242
0.016632,-0.012207,0.059814
0.014648,-0.012054,0.05127
0.013885,-0.012665,0.061035
0.016479,-0.012207,0.061035
0.019684,-0.01297,0.058594
0.024414,-0.01236,0.062256
0.024567,-0.012665,0.062256
0.024567,-0.009613,0.064697
0.021667,-0.0039673,0.063477
0.019684,0.0013733,0.068359
0.018311,0.005188,0.063477
0.018616,0.0062561,0.067139
0.019989,0.0018311,0.057373
0.020599,0.0010681,0.065918
0.019989,-0.00061035,0.057373
0.017853,-0.00045776,0.057373
0.016632,0.0019836,0.056152
0.015411,0.0032043,0.05127
0.017242,0.0032043,0.040283
0.019989,0.0022888,0.047607
0.024261,0.0027466,0.048828
0.024872,0.0042725,0.042725
0.024567,0.0053406,0.047607
0.022583,0.0067139,0.043945
0.020447,0.0071716,0.043945
0.018463,0.0068665,0.039063
0.016632,0.0053406,0.041504
0.01358,0.0083923,0.037842
0.0082397,0.0091553,0.040283
0.0028992,0.010529,0.042725
-0.0027466,0.0091553,0.042725
-0.0053406,0.007019,0.037842
-0.0065613,0.0012207,0.041504
-0.0039673,-0.004425,0.05127
0.00076294,-0.010376,0.039063
0.0054932,-0.01358,0.048828
0.0093079,-0.014954,0.040283
0.0086975,-0.013123,0.023193
0.010986,-0.0071716,0.041504
0.0093079,0.0013733,0.043945
0.0073242,0.011292,0.048828
0.0061035,0.021362,0.047607
0.0094604,0.025177,0.05127
0.0097656,0.027313,0.056152
0.0099182,0.02594,0.056152
0.013275,0.021057,0.056152
0.01709,0.0177,0.059814
0.02182,0.014191,0.062256
0.027771,0.010681,0.062256
0.032959,0.0067139,0.064697
0.035553,0.0039673,0.073242
0.033569,0.0028992,0.061035
0.029297,0.0045776,0.058594
0.018768,0.0091553,0.062256
0.0093079,0.01297,0.06958
0.0019836,0.014038,0.063477
-0.0012207,0.011902,0.072021
-0.00045776,0.0061035,0.065918
0.0030518,0.0024414,3.7915
0.0038147,0.00061035,4.856
0.0067139,0.00061035,4.9255
0.0079346,0.0042725,4.9255
0.0076294,0.007782,4.928
0.007782,0.010376,4.9219
0.0061035,0.010376,4.9243
0.0048828,0.010223,4.9207
0.0010681,0.0082397,4.9231
-0.0022888,0.0079346,4.9182
-0.0074768,0.0082397,4.9194
-0.0088501,0.0065613,4.9243
-0.0068665,0.005188,4.9109
-0.0027466,0.0028992,4.9182
0.0038147,0.00061035,4.9133
0.012207,-0.00015259,4.8987
0.015869,0.0010681,4.9121
0.018005,0.0035095,4.8877
0.016632,0.007019,4.9084
0.014648,0.011292,4.9109
0.014954,0.015411,4.9109
0.016785,0.016937,4.9097
0.019684,0.018311,4.9084
0.02243,0.018158,4.9036
0.02533,0.015259,4.9084
0.026245,0.012054,4.9109
0.027313,0.0088501,4.9121
0.03067,0.0050354,4.917
0.032196,0.0022888,4.9133
0.033722,-0.00030518,4.9146
0.032196,-0.0019836,4.917
0.028229,-0.0053406,4.9207
0.022888,-0.0022888,4.9304
0.017242,-0.0027466,4.9231
0.01358,-0.0039673,4.9146
0.011902,-0.0036621,4.9243
0.011444,-0.0048828,4.9292
0.011902,-0.0030518,4.9304
0.011444,-0.0013733,4.9304
0.010986,0.00076294,4.9268
0.011139,0.0027466,4.9341
0.010834,0.0033569,4.9316
0.013123,0.0033569,4.9329
0.015259,0.0015259,4.9304
0.018311,-0.0012207,4.9365
0.02182,-0.002594,4.9304
0.023956,-0.002594,4.9353
0.027161,0.0019836,4.9487
0.028534,0.0048828,4.9377
0.032196,0.0053406,4.9329
0.034637,0.0057983,4.9353
0.036163,0.0048828,4.9158
0.037994,0.0032043,4.9304
0.037384,0.002594,4.9255
0.037384,0.002594,4.9243
0.036163,0.0035095,4.9268
0.035248,0.0028992,4.9182
0.035706,0.0013733,4.9194
0.035553,-0.0013733,4.9182
0.0354,-0.0050354,4.917
0.0354,-0.0091553,4.9133
0.033112,-0.01297,4.9146
0.030212,-0.011444,4.9146
0.027466,-0.0083923,4.9158
0.027008,-0.0045776,4.9133
0.026245,0.00045776,4.9036
0.028229,0.0015259,4.9158
0.030365,0.0015259,4.9109
0.031586,0.00030518,4.9109
0.032501,-0.0022888,4.9072
0.032654,-0.0028992,4.895
0.032806,-0.0035095,4.9121
0.033569,-0.0041199,4.906
0.032806,-0.004425,0.040283
0.030518,-0.007782,0.041504
0.027008,-0.010681,0.039063
0.023804,-0.012665,0.043945
0.020752,-0.011597,0.043945
0.018616,-0.0062561,0.05127
0.018616,0.00045776,0.048828
0.020447,0.0067139,0.05249
0.023041,0.0088501,0.056152
0.024109,0.0082397,0.058594
0.026703,0.005188,0.06958
0.028076,0.0027466,0.061035
0.029907,0.0028992,0.065918
0.031891,0.004425,0.062256
0.034027,0.0056458,0.053711
0.035706,0.0062561,0.064697
0.034332,0.0021362,0.061035
0.032959,-0.0012207,0.057373
0.030212,-0.0032043,0.062256
0.028839,-0.0033569,0.059814
0.027618,-0.0036621,0.065918
0.027161,0.00061035,0.064697
0.027313,-0.00015259,0.06958
0.026703,-0.0019836,0.062256
0.024719,-0.0062561,0.064697
0.023346,-0.011139,0.065918
0.02121,-0.015259,0.062256
0.019684,-0.012512,0.058594
0.018311,-0.0097656,0.057373
0.015564,-0.0074768,0.062256
0.013733,-0.0053406,0.05127
0.013275,-0.0059509,0.061035
0.013275,-0.0082397,0.050049
0.01358,-0.0086975,0.041504
0.014801,-0.0071716,0.041504
0.016632,-0.0019836,0.05127
0.018921,0.0032043,0.045166
0.020905,0.0082397,0.046387
0.022583,0.010376,0.040283
0.023804,0.0090027,0.042725
0.021973,0.0074768,0.037842
0.023804,0.0047302,0.041504
0.023041,0.0033569,0.041504
0.02243,0.0019836,0.042725
0.020599,0.00061035,0.039063
0.02182,-0.0016785,0.040283
0.023193,-0.004425,0.048828
0.024261,-0.0085449,0.039063
0.02655,-0.010681,0.042725
0.027924,-0.011597,0.041504
0.026398,-0.010986,0.026855
0.026855,-0.011292,0.039063
0.025635,-0.011444,0.041504
0.026093,-0.01358,0.046387
0.025482,-0.013123,0.047607
0.024414,-0.012665,0.048828
0.027161,-0.011292,0.056152
0.027618,-0.0079346,0.05249
0.028229,-0.0050354,0.058594
0.028229,-0.0041199,0.058594
0.028381,-0.0039673,0.061035
0.027618,-0.0035095,0.059814
0.026703,-0.0032043,0.065918
0.026703,-0.0013733,0.062256
0.026093,0.0041199,0.062256
0.027008,0.0068665,0.064697
0.026703,0.0076294,0.062256
0.027771,0.0065613,0.068359
0.029449,0.0024414,0.062256
0.032654,-0.0016785,0.054932
0.035858,-0.0036621,0.061035
0.036621,-0.0053406,0.065918
0.036469,-0.0048828,0.063477
0.034943,-0.0024414,0.065918
0.032501,-0.00030518,0.058594
0.029755,-0.00091553,0.057373
0.026398,-0.0016785,0.057373
0.021973,-0.0038147,3.8831
0.019379,-0.0019836,4.845
0.015869,0.00030518,4.9121
0.013885,0.0030518,4.9158
0.012512,0.0048828,4.9207
0.013885,0.0064087,4.9207
0.016022,0.0074768,4.9207
0.018311,0.007782,4.9146
0.018158,0.010681,4.9158
0.018158,0.012054,4.9084
0.016174,0.01297,4.9109
0.01358,0.011597,4.9121
0.0099182,0.007782,4.906
0.0071716,0.00061035,4.9109
0.0059509,-0.0064087,4.9097
0.0048828,-0.011597,4.9084
0.0048828,-0.0091553,4.906
0.0047302,-0.007019,4.9109
0.0062561,-0.0048828,4.9084
0.007782,-0.0022888,4.9121
0.010681,-0.0027466,4.9084
0.013123,-0.0041199,4.9133
0.015411,-0.0047302,4.9133
0.016327,-0.0013733,4.917
0.018921,-0.00061035,4.928
0.019531,0.0013733,4.9182
0.020447,0.0028992,4.928
0.02121,0.0038147,4.9109
0.021667,0.0042725,4.9097
0.022583,0.0054932,4.9268
0.023499,0.007019,4.928
0.024261,0.013428,4.9304
0.025024,0.0177,4.9268
0.024567,0.020447,4.9292
0.027008,0.020599,4.9329
0.028381,0.019836,4.9304
0.029755,0.015869,4.9341
0.029144,0.010376,4.9146
0.02594,0.0039673,4.9341
0.02533,-0.00045776,4.9341
0.022583,-0.0032043,4.9341
0.016327,-0.0056458,4.9426
0.010834,-0.0054932,4.939
0.0062561,-0.0057983,4.9426
0.0030518,-0.0061035,4.9353
0.00091553,-0.0094604,4.9402
0,-0.010071,4.9255
0.00091553,-0.011292,4.9426
0.0021362,-0.011139,4.9255
0.0033569,-0.0080872,4.9255
0.0068665,-0.0053406,4.9194
0.010071,-0.0027466,4.9231
0.01297,-0.00045776,4.9133
0.014954,0.00045776,4.9207
0.016174,0.0032043,4.9109
0.016632,0.0059509,4.917
0.017395,0.007782,4.9133
0.018158,0.0088501,4.9158
0.018463,0.0094604,4.9133
0.02182,0.010529,4.9158
0.021515,0.009613,4.9194
0.02533,0.0094604,4.9121
0.029144,0.011444,4.9194
0.033569,0.0080872,4.9097
0.037537,0.0064087,4.8975
0.040283,0.0042725,4.9121
0.042572,0.0015259,4.9109
0.043945,-0.002594,4.906
0.044403,-0.0059509,4.9084
0.044098,-0.0094604,4.9097
0.042725,-0.013275,4.9097
0.040588,-0.01709,4.9158
0.040131,-0.020599,4.9194
0.039063,-0.022888,4.917
0.039368,-0.023804,0.053711
0.038757,-0.021515,0.058594
0.037689,-0.017853,0.059814
0.033875,-0.013885,0.057373
0.030823,-0.0099182,0.062256
0.028534,-0.0073242,0.062256
0.027313,-0.0059509,0.062256
0.027924,-0.0053406,0.070801
0.027161,-0.002594,0.062256
0.027008,-0.00045776,0.05249
0.02655,0.0019836,0.058594
0.025024,0.0042725,0.061035
0.025787,0.0048828,0.058594
0.026245,0.0036621,0.062256
0.028381,0.00030518,0.063477
0.029907,-0.002594,0.065918
0.032654,-0.0056458,0.064697
0.035706,-0.0071716,0.067139
0.037842,-0.0076294,0.063477
0.040131,-0.0082397,0.061035
0.042877,-0.0082397,0.057373
0.046082,-0.0083923,0.062256
0.04837,-0.0083923,0.067139
0.050507,-0.0093079,0.053711
0.051575,-0.0099182,0.050049
0.050354,-0.011292,0.050049
0.047455,-0.013885,0.032959
0.043793,-0.015411,0.045166
0.040131,-0.014801,0.040283
0.037231,-0.013733,0.045166
0.035553,-0.012207,0.041504
0.034485,-0.010681,0.042725
0.034027,-0.0091553,0.042725
0.032196,-0.0065613,0.039063
0.030212,-0.0045776,0.039063
0.027008,-0.0018311,0.037842
0.025787,0.00091553,0.043945
0.023651,0.0042725,0.039063
0.023041,0.0071716,0.047607
0.021362,0.0083923,0.041504
0.022278,0.0073242,0.040283
0.019531,0.0036621,0.040283
0.019531,0.00030518,0.040283
0.020447,-0.0019836,0.042725
0.02121,-0.0036621,0.040283
0.024261,-0.00030518,0.043945
0.026703,0.0042725,0.045166
0.028534,0.0080872,0.048828
0.03006,0.0094604,0.05249
0.027466,0.0082397,0.056152
0.02533,0.0062561,0.053711
0.022888,0.0027466,0.057373
0.020294,0.0018311,0.054932
0.016479,0.0024414,0.063477
0.016174,0.0022888,0.047607
0.015106,0.00091553,0.061035
0.015106,-0.0019836,0.063477
0.013733,-0.0042725,0.062256
0.012054,-0.0067139,0.072021
0.0090027,-0.0082397,0.062256
0.0067139,-0.0090027,0.067139
0.0045776,-0.0082397,0.062256
0.0056458,-0.0047302,0.057373
0.0019836,-0.0021362,0.065918
0.0012207,0.00076294,0.065918
0.0019836,0.002594,0.064697
0.0038147,0.00061035,0.062256
0.0064087,-0.0024414,0.061035
0.0091553,-0.0061035,0.059814
0.012512,-0.007782,0.053711
0.014038,-0.0080872,0.058594
0.013885,-0.0071716,0.050049
0.01358,-0.0073242,0.054932
0.013123,-0.0082397,0.053711
0.012665,-0.0099182,0.05127
0.011597,-0.009613,0.047607
0.011139,-0.013275,0.43091
0.010986,-0.012054,4.6667
0.012512,-0.010223,4.895
0.010529,-0.0083923,4.917
0.011749,-0.0073242,4.9109
0.011749,-0.0082397,4.9121
0.012054,-0.007782,4.9084
0.012207,-0.0080872,4.9072
0.013123,-0.0080872,4.9084
0.013275,-0.007782,4.9084
0.013733,-0.0012207,4.9084
0.014038,0.00045776,4.9011
0.014801,0.0010681,4.9084
0.016632,0.0013733,4.9084
0.017853,0.00091553,4.9084
0.020599,0.0019836,4.9158
0.02243,0.002594,4.9158
0.025635,0.0019836,4.9146
0.024872,0.00076294,4.9255
0.024567,-0.0019836,4.9182
0.024109,-0.0067139,4.9194
0.022278,-0.0073242,4.9207
0.020599,-0.0097656,4.9146
0.020905,-0.010681,4.9243
0.015411,-0.012512,4.9438
0.01236,-0.011597,4.9268
0.010681,-0.010834,4.9316
0.010681,-0.0090027,4.928
0.010681,-0.0057983,4.9329
0.010071,-0.0024414,4.9329
0.015106,0.0021362,4.9341
0.016022,0.0048828,4.9292
0.018158,0.0071716,4.9243
0.0177,0.0085449,4.9341
0.018158,0.0076294,4.9377
0.018921,0.0056458,4.9353
0.016632,0.0042725,4.939
0.016785,-0.00061035,4.9426
0.014038,-0.0024414,4.9353
0.012207,-0.0056458,4.9426
0.010529,-0.0013733,4.9304
0.010223,0.0016785,4.9194
0.011139,0.0041199,4.9158
0.011292,0.0041199,4.9268
0.014648,0.0035095,4.9243
0.016479,0.0090027,4.9207
0.019073,0.011139,4.9182
0.021667,0.011597,4.9158
0.023041,0.011444,4.9182
0.024261,0.0090027,4.9182
0.022583,0.0059509,4.9109
0.021667,0.00076294,4.917
0.021057,-0.0024414,4.9146
0.019226,-0.0038147,4.9109
0.017548,-0.0039673,4.9097
0.014191,-0.0016785,4.9133
0.013885,-0.00045776,4.9072
0.011902,0.0015259,4.9097
0.010681,0.0033569,4.9036
0.010071,0.0056458,4.9121
0.009613,0.0073242,4.9121
0.010681,0.0097656,4.906
0.012054,0.010681,4.9121
0.013885,0.013885,4.9109
0.015259,0.014954,4.9097
0.019073,0.016174,4.9133
0.019379,0.018921,4.9146
0.021515,0.019379,4.9146
0.022583,0.021973,4.9231
0.023193,0.024872,4.9255
0.024261,0.025635,4.9268
0.02243,0.026093,4.9231
0.02182,0.023193,4.9292
0.023651,0.022278,4.9341
0.02594,0.020599,0.056152
0.028076,0.019073,0.06958
0.029907,0.0177,0.063477
0.029755,0.016174,0.043945
0.029907,0.014343,0.056152
0.027618,0.013428,0.063477
0.02655,0.01236,0.061035
0.027161,0.012665,0.061035
0.026093,0.01297,0.062256
0.025482,0.012512,0.067139
0.023346,0.012054,0.064697
0.02182,0.011444,0.065918
0.02182,0.012665,0.061035
0.019531,0.01236,0.065918
0.018005,0.013123,0.062256
0.017853,0.01297,0.062256
0.016632,0.011902,0.063477
0.017242,0.010834,0.054932
0.012207,0.0093079,0.05249
0.0085449,0.0083923,0.05127
0.0062561,0.0074768,0.043945
0.0047302,0.010529,0.045166
0.0054932,0.011749,0.046387
0.0073242,0.012817,0.045166
0.0094604,0.012817,0.046387
0.012207,0.011292,0.039063
0.016479,0.010529,0.045166
0.018158,0.0094604,0.041504
0.022736,0.0071716,0.040283
0.024109,0.0082397,0.039063
0.026093,0.0062561,0.041504
0.027008,0.0032043,0.039063
0.029449,-0.00045776,0.037842
0.027313,-0.0045776,0.036621
0.02594,-0.0057983,0.041504
0.027771,-0.0097656,0.05127
0.025635,-0.011139,0.041504
0.026245,-0.010834,0.05127
0.028229,-0.010986,0.041504
0.029602,-0.011597,0.032959
0.029297,-0.011139,0.043945
0.031738,-0.012207,0.047607
0.030518,-0.013275,0.047607
0.028839,-0.013885,0.046387
0.027008,-0.013428,0.05249
0.026855,-0.011597,0.057373
0.02655,-0.0085449,0.056152
0.025787,-0.0032043,0.061035
0.027008,-0.0047302,0.058594
0.026855,-0.0053406,0.061035
0.028534,-0.0056458,0.064697
0.030365,-0.0053406,0.063477
0.034027,-0.0041199,0.067139
0.036011,-0.0021362,0.062256
0.037994,-0.00061035,0.057373
0.037689,-0.00030518,0.061035
0.037537,-0.0030518,0.072021
0.036011,-0.007019,0.068359
0.03479,-0.011597,0.068359
0.034943,-0.01358,0.063477
0.033264,-0.014496,0.065918
0.033264,-0.014191,0.063477
0.031586,-0.014191,0.061035
0.031891,-0.013733,0.057373
0.032196,-0.015717,0.061035
0.032806,-0.0177,0.05249
0.034637,-0.019836,0.05249
0.033875,-0.019989,0.05127
0.033722,-0.019684,0.050049
0.032196,-0.017548,0.042725
0.029297,-0.015869,0.050049
0.025635,-0.014648,0.058594
0.021667,-0.014038,0.046387
0.019379,-0.013885,0.046387
0.018005,-0.012665,0.042725
0.018463,-0.011292,0.026855
0.020905,-0.0088501,0.0354
0.024414,-0.0054932,2.4963
0.028992,-0.0039673,4.7632
0.031891,-0.0035095,4.8938
0.035553,-0.0039673,4.9048
0.038757,-0.0038147,4.9109
0.041656,-0.0035095,4.9036
0.042877,-0.0030518,4.9109
0.042725,-0.0033569,4.906
0.040588,-0.0018311,4.9146
0.037231,-0.0027466,4.9097
0.033112,-0.0038147,4.9121
0.03067,-0.004425,4.9133
0.028229,-0.0057983,4.917
0.030212,-0.0059509,4.917
0.031128,-0.0059509,4.9243
0.031128,-0.0056458,4.9316
0.030365,-0.0057983,4.9243
0.029144,-0.0064087,4.9133
0.027008,-0.0065613,4.9292
0.02655,-0.0061035,4.9353
0.027008,-0.0024414,4.928
0.027466,0.00030518,4.9316
0.028381,0.004425,4.9292
0.027008,0.007782,4.9304
0.02655,0.009613,4.928
0.027466,0.0091553,4.9341
0.028229,0.0082397,4.9304
0.030975,0.007782,4.9365
0.033112,0.007782,4.9341
0.03418,0.0090027,4.9365
0.036316,0.009613,4.9438
0.035706,0.0088501,4.9377
0.036163,0.0071716,4.9341
0.034332,0.005188,4.9329
0.032959,0.0030518,4.9207
0.030518,0.0021362,4.9304
0.029144,0.0021362,4.9255
0.027313,0.0013733,4.9207
0.023804,0.00091553,4.9243
0.021362,-0.0045776,4.9207
0.018616,-0.0053406,4.9207
0.018005,-0.0062561,4.9121
0.018311,-0.0057983,4.917
0.017548,-0.0038147,4.9109
0.020294,0.00030518,4.9133
0.016785,0.0047302,4.9158
0.015869,0.0076294,4.917
0.015411,0.010376,4.9109
0.016327,0.014191,4.9121
0.018768,0.0177,4.9194
0.019836,0.022736,4.9121
0.02182,0.025177,4.9133
0.023346,0.027466,4.9109
0.023956,0.02594,4.9036
0.023651,0.020599,4.906
0.024872,0.015106,4.906
0.026245,0.010071,4.9097
0.027618,0.0076294,4.9097
0.028381,0.0054932,4.9097
0.026855,0.0073242,4.9146
0.024261,0.0041199,4.9158
0.023651,0.0038147,4.9207
0.018311,0.005188,4.906
0.018768,0.0053406,4.928
0.019836,0.009613,4.9255
0.020599,0.013275,4.9304
0.020294,0.016632,4.939
0.019226,0.0177,4.9316
0.016785,0.014038,4.9341
0.016022,0.013428,4.9341
0.015106,0.0091553,4.9292
0.014801,0.0076294,4.9316
0.013123,0.0067139,4.9304
0.0088501,0.0086975,0.058594
0.005188,0.0068665,0.061035
0.0013733,0.0053406,0.061035
0.0013733,0.0041199,0.067139
0.0045776,0.0030518,0.064697
0.0076294,0.0019836,0.064697
0.011444,0.0048828,0.063477
0.013275,0.0057983,0.067139
0.013885,0.0064087,0.061035
0.014038,0.0045776,0.063477
0.013123,0.0021362,0.061035
0.012054,-0.0024414,0.053711
0.013885,-0.0059509,0.061035
0.014648,-0.0083923,0.053711
0.015869,-0.0085449,0.062256
0.012817,-0.0065613,0.047607
0.016632,-0.0039673,0.043945
0.018616,-0.0024414,0.045166
0.020752,-0.0012207,0.047607
0.024414,-0.00076294,0.041504
0.027466,0.00030518,0.045166
0.030823,0.00061035,0.041504
0.031281,0.00091553,0.041504
0.029297,0.0012207,0.037842
0.02594,0.00030518,0.043945
0.020447,-0.002594,0.0354
0.019836,-0.0054932,0.042725
0.016937,-0.0068665,0.041504
0.015411,-0.0079346,0.042725
0.01297,-0.0056458,0.043945
0.011139,-0.0028992,0.041504
0.007782,-0.002594,0.046387
0.0076294,-0.0027466,0.040283
0.0079346,-0.0057983,0.0354
0.010071,-0.0074768,0.045166
0.014038,-0.0086975,0.043945
0.015869,-0.0071716,0.046387
0.016937,-0.0056458,0.05127
0.016327,-0.0032043,0.053711
0.016174,-0.005188,0.056152
0.016327,-0.0062561,0.056152
0.018768,-0.0054932,0.062256
0.020905,-0.0036621,0.054932
0.022278,-0.00091553,0.059814
0.02243,0.0016785,0.061035
0.022278,0.002594,0.064697
0.020752,0.0013733,0.059814
0.022583,-0.0027466,0.062256
0.023041,-0.0056458,0.065918
0.026703,-0.0076294,0.062256
0.028687,-0.0068665,0.070801
0.028839,-0.0035095,0.064697
0.027466,0.00045776,0.05127
0.025024,0.0036621,0.059814
0.019836,0.0036621,0.062256
0.022888,0.0039673,0.064697
0.023346,-0.00076294,0.062256
0.023956,-0.005188,0.057373
0.024414,-0.0091553,0.058594
0.023651,-0.0071716,0.059814
0.024109,-0.005188,0.054932
0.023651,-0.005188,0.048828
0.024719,-0.0061035,0.05249
0.027771,-0.0093079,0.05127
0.029755,-0.01297,0.047607
0.030823,-0.0099182,0.05127
0.029144,-0.0076294,0.046387
0.027618,-0.0027466,0.042725
0.025482,0.0012207,0.045166
0.024261,0.0030518,0.029297
0.026398,0.0042725,0.039063
0.029755,0.0022888,0.036621
0.033112,0.00061035,0.040283
0.03479,-0.0013733,0.036621
0.033569,-0.0016785,0.031738
0.029907,-0.0068665,0.041504
0.026855,-0.0097656,0.037842
0.025787,-0.01236,0.041504
0.025177,-0.014191,4.4531
0.027466,-0.014496,4.8804
0.024567,-0.014343,4.906
0.023956,-0.01297,4.9158
0.023193,-0.010376,4.9109
0.021973,-0.0079346,4.9182
0.023651,-0.0047302,4.928
0.027161,-0.0027466,4.9194
0.032349,-0.0012207,4.9316
0.035858,0,4.9255
0.038147,0.00015259,4.917
0.039825,-0.00045776,4.9292
0.036316,-0.0015259,4.9268
0.03418,-0.0039673,4.928
0.033264,-0.0062561,4.9304
0.032654,-0.0086975,4.9304
0.032349,-0.009613,4.9304
0.032654,-0.010986,4.9292
0.032501,-0.0080872,4.9329
0.030212,-0.0062561,4.928
0.027466,-0.0045776,4.9341
0.025787,-0.002594,4.9341
0.025482,-0.0010681,4.9353
0.02655,-0.00030518,4.9377
0.027313,0.00030518,4.939
0.027313,0.00030518,4.9377
0.026093,0.00061035,4.9329
0.023804,0.00061035,4.9377
0.02243,0.00030518,4.9207
0.02243,-0.0015259,4.9158
0.025635,-0.0019836,4.9219
0.027771,-0.0016785,4.9219
0.029297,-0.00091553,4.9182
0.028992,0.0022888,4.9207
0.027008,0.0041199,4.9146
0.025482,0.005188,4.9194
0.025177,0.0056458,4.9133
0.026703,0.0045776,4.9158
0.028534,0.0030518,4.9109
0.029449,0.002594,4.9023
0.027924,0.00091553,4.9109
0.024719,0.0018311,4.9121
0.02243,0.00015259,4.9231
0.021362,-0.0016785,4.9109
0.020447,-0.0036621,4.9158
0.021362,-0.0048828,4.9133
0.020599,-0.0041199,4.8914
0.022125,-0.0039673,4.9084
0.018311,-0.0027466,4.9133
0.017548,-0.0018311,4.9097
0.018005,-0.0015259,4.9109
0.020447,-0.0030518,4.9084
0.023499,-0.0047302,4.9133
0.025787,-0.0059509,4.917
0.026093,-0.0057983,4.9219
0.024872,-0.0036621,4.9133
0.023804,0.00076294,4.9268
0.022583,0.0057983,4.9268
0.022583,0.0094604,4.9304
0.024261,0.010376,4.9353
0.026398,0.009613,4.928
0.027008,0.0083923,4.9292
0.028229,0.0073242,4.9341
0.026703,0.0065613,4.9426
0.025482,0.0054932,4.9304
0.024719,0.0038147,4.928
0.02533,0.0027466,4.9353
0.027466,0.00045776,4.9304
0.028381,-0.0018311,4.9316
0.028839,-0.005188,4.9353
0.026398,-0.00091553,4.9365
0.021667,-0.00091553,4.9353
0.017395,0.0022888,0.062256
0.015106,0.0015259,0.068359
0.014954,-0.00030518,0.059814
0.014648,-0.0033569,0.062256
0.016937,-0.0065613,0.058594
0.016937,-0.007782,0.057373
0.016785,-0.0076294,0.064697
0.01709,-0.0045776,0.05249
0.018158,0,0.053711
0.022583,0.0047302,0.046387
0.024567,0.0099182,0.028076
0.027771,0.0093079,0.046387
0.030823,0.010986,0.043945
0.029907,0.0074768,0.042725
0.029449,0.0054932,0.042725
0.028687,0.0056458,0.042725
0.030975,0.0062561,0.040283
0.034332,0.0073242,0.039063
0.038147,0.0061035,0.039063
0.039825,0.0041199,0.03418
0.038757,0.0028992,0.036621
0.036163,0.002594,0.041504
0.033875,0.0053406,0.042725
0.031891,0.007019,0.039063
0.028687,0.0076294,0.040283
0.030518,0.0064087,0.037842
0.028381,0.0042725,0.042725
0.027008,0.002594,0.047607
0.025024,0.0024414,0.046387
0.022583,0.0032043,0.043945
0.021515,0.0048828,0.045166
0.020905,0.0062561,0.054932
0.021973,0.0030518,0.05249
0.02243,0.0068665,0.056152
0.021667,0.0061035,0.05249
0.019684,0.0056458,0.062256
0.016479,0.0080872,0.059814
0.014038,0.0085449,0.062256
0.01297,0.0099182,0.059814
0.014496,0.010223,0.065918
0.017242,0.0088501,0.059814
0.018768,0.0068665,0.063477
0.019684,0.0042725,0.076904
0.019073,0.0018311,0.062256
0.01709,0.00091553,0.063477
0.018158,-0.00015259,0.063477
0.019531,-0.00061035,0.05127
0.022125,-0.0032043,0.064697
0.023804,-0.0039673,0.064697
0.023346,-0.0054932,0.064697
0.019836,-0.0053406,0.062256
0.016479,-0.0041199,0.056152
0.014954,-0.0016785,0.058594
0.015564,0.0010681,0.053711
0.018158,0.0056458,0.054932
0.019684,0.0050354,0.046387
0.019226,0.0056458,0.05127
0.016327,0.0047302,0.047607
0.013885,0.0045776,0.05249
0.011902,0.0061035,0.047607
0.010376,0.0076294,0.047607
0.012512,0.0091553,0.050049
0.012665,0.0086975,0.041504
0.010986,0.007019,0.050049
0.0076294,0.0047302,0.040283
0.0048828,0.0022888,0.042725
0.0028992,0.0033569,0.039063
0.0035095,0.0056458,0.041504
0.0061035,0.0074768,0.039063
0.0086975,0.0094604,0.039063
0.010529,0.0085449,0.0354
0.011444,0.0054932,0.039063
0.01297,0.0024414,0.036621
0.0097656,0.0016785,0.043945
0.0094604,0.0033569,0.037842
0.009613,0.0053406,0.042725
0.0094604,0.0059509,0.046387
0.0090027,0.0047302,0.047607
0.0080872,0.0012207,3.6975
0.0056458,-0.0067139,4.8438
0.0032043,-0.0036621,4.9194
0.0015259,-0.0028992,4.9255
0.00045776,-0.0010681,4.9182
0.0016785,-0.00015259,4.9292
0.0032043,0.0012207,4.9268
0.0033569,0.00076294,4.9292
0.0028992,0.00091553,4.9304
0.0015259,0.0033569,4.928
0.0018311,0.0061035,4.9304
0.0022888,0.010529,4.9304
0.0053406,0.01358,4.9353
0.0086975,0.012665,4.9292
0.010223,0.012207,4.9329
0.012054,0.0090027,4.9353
0.012512,0.0032043,4.9365
0.012512,0.0024414,4.9329
0.014801,0.0010681,4.9377
0.015106,0.00076294,4.9402
0.016937,0,4.9353
0.018158,-0.0054932,4.9377
0.017242,-0.0053406,4.9304
0.016327,-0.0083923,4.9133
0.019226,-0.010376,4.9231
0.020905,-0.0079346,4.917
0.02182,-0.0027466,4.9194
0.022583,0.0032043,4.9194
0.024109,0.007019,4.9158
0.022125,0.0074768,4.9182
0.020294,0.0064087,4.9207
0.018768,0.0030518,4.917
0.017242,-0.0013733,4.9109
0.015564,-0.0024414,4.9158
0.013428,-0.0019836,4.9133
0.013123,-0.0016785,4.9109
0.012817,-0.0016785,4.9146
0.011292,-0.0030518,4.9048
0.011444,-0.0028992,4.9084
0.010529,-0.0013733,4.9097
0.011444,0.0016785,4.895
0.01297,0.0032043,4.9072
0.014343,0.0048828,4.9133
0.017853,0.0045776,4.9146
0.020752,0.0027466,4.9109
0.022736,0.0015259,4.9097
0.024567,-0.0013733,4.9146
0.026093,-0.0024414,4.9146
0.029144,-0.0035095,4.9207
0.031586,-0.0035095,4.9207
0.032806,-0.0021362,4.9243
0.034332,-0.00015259,4.9194
0.033569,0.0010681,4.9255
0.033264,0.0028992,4.9243
0.032196,0.0039673,4.9292
0.032196,0.0036621,4.939
0.033722,0.004425,4.9353
0.034943,0.0053406,4.9438
0.035553,0.0057983,4.9304
0.036774,0.004425,4.9207
0.036163,0.0032043,4.928
0.036163,0.0013733,4.9292
0.035095,0.0010681,4.9316
0.033875,0.002594,4.9341
0.033569,0.0042725,4.9353
0.032501,0.0059509,4.9341
0.031128,0.0067139,4.9316
0.029602,0.0071716,4.9377
0.030212,0.0083923,4.9304
0.03006,0.009613,4.9329
0.030823,0.012665,4.9304
0.032349,0.014801,4.9304
0.034637,0.0177,0.058594
0.035553,0.019684,0.05127
0.036469,0.018311,0.05127
0.036774,0.016632,0.048828
0.037537,0.015411,0.047607
0.037079,0.014954,0.046387
0.036926,0.016022,0.043945
0.036163,0.015411,0.041504
0.034637,0.014801,0.042725
0.033264,0.01297,0.042725
0.032349,0.0085449,0.041504
0.032501,0.0041199,0.037842
0.032349,-0.00015259,0.043945
0.031891,0.00015259,0.040283
0.03067,0.0016785,0.041504
0.029907,0.0028992,0.041504
0.028687,0.0039673,0.040283
0.028076,0.00091553,0.036621
0.028381,-0.0018311,0.042725
0.028229,-0.0047302,0.05127
0.027924,-0.0067139,0.03418
0.028534,-0.0053406,0.05127
0.028381,-0.0013733,0.043945
0.028381,0.0032043,0.029297
0.027924,0.0073242,0.046387
0.029449,0.010529,0.05127
0.032196,0.013275,0.05249
0.033417,0.013428,0.05249
0.035248,0.013123,0.053711
0.036316,0.010529,0.057373
0.035248,0.0086975,0.058594
0.036163,0.0054932,0.061035
0.035706,0.0022888,0.059814
0.03479,-0.0010681,0.063477
0.032501,-0.0022888,0.062256
0.029755,-0.0033569,0.064697
0.026398,-0.0019836,0.073242
0.023956,-0.00045776,0.064697
0.021057,0.00030518,0.063477
0.020447,0.0010681,0.063477
0.018921,0.00030518,0.074463
0.016327,-0.0012207,0.064697
0.012054,-0.0016785,0.061035
0.014496,-0.0032043,0.065918
0.014496,-0.0042725,0.058594
0.014801,-0.005188,0.057373
0.015717,-0.0064087,0.061035
0.015717,-0.0067139,0.056152
0.017395,-0.00091553,0.054932
0.018311,-0.0021362,0.050049
0.02121,0.0027466,0.054932
0.023804,0.0064087,0.050049
0.024872,0.0074768,0.05127
0.027313,0.0074768,0.043945
0.028534,0.0053406,0.047607
0.030365,0.0013733,0.05249
0.03067,-0.00091553,0.046387
0.032196,-0.0013733,0.053711
0.033417,-0.0032043,0.041504
0.034027,0,0.032959
0.032349,0.0018311,0.037842
0.030212,0.00061035,0.040283
0.026855,0.00061035,0.036621
0.024872,-0.0038147,0.036621
0.023193,-0.0033569,0.037842
0.023346,-0.0048828,0.040283
0.023193,-0.0056458,0.039063
0.021057,-0.0061035,0.041504
0.019379,-0.0064087,0.036621
0.0177,-0.0054932,0.042725
0.018463,-0.0061035,0.043945
0.019226,-0.0068665,0.048828
0.020294,-0.0062561,0.043945
0.019226,-0.0053406,0.042725
0.01709,-0.0059509,0.053711
0.015564,-0.0053406,0.053711
0.01297,-0.0054932,0.063477
0.011749,-0.0057983,0.058594
0.012207,-0.0047302,4.2261
0.015411,-0.0065613,4.8828
0.015259,-0.0047302,4.9243
0.015869,-0.0039673,4.9304
0.015717,-0.0018311,4.928
0.014954,-0.0018311,4.9292
0.015259,-0.0038147,4.9353
0.016937,-0.0027466,4.9292
0.019379,-0.0024414,4.9316
0.021667,0.00015259,4.9329
0.021362,0.00091553,4.9377
0.020599,-0.00030518,4.9207
0.019531,-0.0032043,4.9365
0.020599,-0.0057983,4.9487
0.020752,-0.0085449,4.9365
0.02182,-0.0083923,4.9304
0.022278,-0.0094604,4.9341
0.020752,-0.0076294,4.9146
0.018768,-0.0071716,4.9255
0.017395,-0.0057983,4.9207
0.016632,-0.0053406,4.9194
0.015106,-0.004425,4.9207
0.014343,-0.0033569,4.9194
0.015717,-0.0027466,4.9182
0.011444,-0.0028992,4.9194
0.0099182,-0.0019836,4.9158
0.010376,-0.0010681,4.9109
0.011139,0,4.9158
0.012207,0,4.9146
0.014191,0.00091553,4.9158
0.014648,0.0015259,4.9097
0.015106,0.0019836,4.9109
0.015106,0.0035095,4.9182
0.015106,0.0053406,4.9109
0.016327,0.0071716,4.9182
0.017548,0.0085449,4.9084
0.018921,0.007782,4.8999
0.020905,0.0059509,4.9109
0.02243,0.0036621,4.9011
0.023956,0.0012207,4.9097
0.025787,0.0018311,4.9133
0.024261,0.0015259,4.9109
0.023499,0.0027466,4.917
0.02243,0.0027466,4.9182
0.020599,0.0022888,4.9243
0.021515,0.0012207,4.9207
0.017242,0.00045776,4.9243
0.014496,0.0021362,4.9292
0.012054,0.0012207,4.9255
0.010223,0.0018311,4.9377
0.0097656,0.0018311,4.9353
0.010834,0.0012207,4.9329
0.011902,0.0015259,4.9329
0.012817,0.0013733,4.9329
0.013275,0.0013733,4.9353
0.01358,0.00030518,4.928
0.012512,-0.0012207,4.9292
0.01236,-0.0028992,4.9329
0.01297,-0.004425,4.9329
0.013275,-0.0047302,4.9353
0.012665,-0.0038147,4.9329
0.012665,-0.0032043,4.9365
0.012512,-0.0027466,4.9292
0.012817,0.00030518,4.9341
0.014038,0.0015259,4.9329
0.01709,0.0015259,4.9316
0.019379,0.00076294,4.9255
0.020447,0.00030518,4.928
0.022736,0.0015259,4.9329
0.023651,0.00076294,4.9231
0.023804,0.00015259,4.9268
0.023499,-0.00076294,0.042725
0.023346,-0.0021362,0.041504
0.023346,-0.0036621,0.043945
0.022888,-0.0045776,0.048828
0.02243,-0.0047302,0.043945
0.020447,-0.0041199,0.039063
0.018921,-0.0030518,0.039063
0.017242,-0.0028992,0.042725
0.016479,-0.002594,0.037842
0.01709,-0.0027466,0.037842
0.018463,-0.0033569,0.032959
0.019836,-0.0038147,0.042725
0.020905,-0.0042725,0.039063
0.021515,-0.0041199,0.041504
0.022278,-0.0050354,0.05127
0.021057,-0.0053406,0.040283
0.021057,-0.0056458,0.041504
0.019836,-0.0061035,0.042725
0.020599,-0.0057983,0.028076
0.021667,-0.0047302,0.045166
0.022125,-0.0033569,0.041504
0.021973,-0.0021362,0.05127
0.022278,-0.00076294,0.05127
0.023041,0.00076294,0.05249
0.023193,0.0010681,0.058594
0.025024,0.00091553,0.057373
0.027466,0.0010681,0.061035
0.028992,0.00061035,0.058594
0.029602,0.0013733,0.061035
0.030365,0.0019836,0.061035
0.029297,0.0030518,0.061035
0.027924,0.0039673,0.059814
0.023956,0.0027466,0.063477
0.024261,0.0016785,0.067139
0.024872,-0.00061035,0.062256
0.023804,-0.0012207,0.075684
0.023193,-0.0013733,0.064697
0.021667,-0.00045776,0.056152
0.020905,0.00091553,0.065918
0.020905,0.0018311,0.065918
0.020294,0.00061035,0.059814
0.019379,0.0015259,0.059814
0.018463,0.0018311,0.053711
0.016937,0.0028992,0.057373
0.018005,0.0053406,0.053711
0.018616,0.0076294,0.056152
0.019836,0.009613,0.042725
0.019836,0.0099182,0.05249
0.020599,0.0083923,0.048828
0.021057,0.0064087,0.047607
0.021973,0.0059509,0.050049
0.022736,0.0065613,0.046387
0.024872,0.0065613,0.040283
0.02594,0.0065613,0.042725
0.02594,0.005188,0.036621
0.02533,0.0030518,0.040283
0.024719,0.0012207,0.039063
0.024261,-0.0012207,0.0354
0.025787,-0.0021362,0.040283
0.027161,-0.0022888,0.037842
0.026855,-0.0021362,0.041504
0.02594,0.00045776,0.036621
0.025177,0.0038147,0.039063
0.026245,-0.00076294,0.037842
0.026245,0.00015259,0.040283
0.02594,-0.0012207,0.041504
0.023041,-0.0024414,0.043945
0.024719,-0.0024414,0.046387
0.023956,-0.0012207,0.048828
0.025635,-0.00045776,0.058594
0.02655,0.00091553,0.053711
0.027924,0.0022888,0.059814
0.027924,0.005188,0.056152
0.026398,0.0045776,0.039063
0.025787,0.0059509,0.047607
0.024109,0.0065613,0.059814
0.025024,0.0054932,0.062256
0.022736,0.0028992,0.061035
0.024109,-0.002594,1.0071
0.024261,-0.0059509,4.7058
0.023193,-0.0082397,4.9133
0.02182,-0.0079346,4.928
0.021667,-0.0053406,4.9292
0.020599,-0.0024414,4.9353
0.02182,0.00045776,4.9353
0.021667,-0.00030518,4.9365
0.023346,0.00030518,4.9426
0.024109,-0.00015259,4.9365
0.025787,-0.0019836,4.9341
0.027161,0.0012207,4.9341
0.028687,0.0039673,4.9402
0.030365,0.0061035,4.9268
0.032043,0.007019,4.9377
0.032043,0.0076294,4.9255
0.033264,0.0082397,4.9207
0.032654,0.0073242,4.9231
0.029602,0.007782,4.9194
0.029755,0.007782,4.917
0.027466,0.0080872,4.9146
0.024414,0.0080872,4.9133
0.024872,0.0064087,4.9158
0.023041,0.004425,4.9146
0.021515,0.0024414,4.9146
0.019379,0.0019836,4.9109
0.016479,0.00045776,4.9158
0.013733,0.0019836,4.917
0.012054,0.0056458,4.9121
0.010986,0.0048828,4.9194
0.011139,0.005188,4.9109
0.011139,0.0042725,4.8987
0.0099182,0.0021362,4.9109
0.010071,0.002594,4.9097
0.0099182,0.0042725,4.906
0.0094604,0.007019,4.9121
0.01297,0.0042725,4.9109
0.01358,0.0054932,4.9146
0.015259,0.0048828,4.9133
0.013733,0.0033569,4.9207
0.01236,0.0022888,4.9194
0.013123,0.0013733,4.9231
0.0097656,0.0012207,4.9231
0.009613,0.0010681,4.928
0.0074768,0.0021362,4.9292
0.0083923,0.0033569,4.9329
0.0085449,0.0071716,4.9304
0.009613,0.007782,4.9353
0.010986,0.0067139,4.9438
0.011292,0.0059509,4.9268
0.01358,0.0041199,4.9182
0.011444,0.0030518,4.9292
0.015717,0.0028992,4.9316
0.016632,0.0032043,4.9292
0.016327,0.0042725,4.9353
0.015259,0.0028992,4.9316
0.014496,0.00045776,4.9377
0.013275,-0.0019836,4.9341
0.012817,-0.0016785,4.9341
0.01297,-0.0016785,4.9304
0.013275,0.00091553,4.9292
0.013275,0.0045776,4.928
0.012665,0.0071716,4.9292
0.012512,0.0073242,4.9353
0.012207,0.0048828,4.9231
0.010834,0.0032043,4.9243
0.010529,0.0024414,4.9231
0.010376,0.0033569,4.9011
0.010223,0.0054932,4.9158
0.0093079,0.0083923,4.9182
0.0099182,0.010376,4.9158
0.011749,0.011749,4.9121
0.01236,0.0088501,0.042725
0.014038,0.0082397,0.040283
0.014343,0.0062561,0.037842
0.014801,0.004425,0.042725
0.014191,0.0027466,0.039063
0.013123,0.0019836,0.040283
0.0099182,0.0013733,0.040283
0.010834,-0.00061035,0.037842
0.0088501,-0.00030518,0.041504
0.0074768,-0.00061035,0.040283
0.0071716,-0.00045776,0.037842
0.007019,0.0015259,0.042725
0.0080872,0.0033569,0.048828
0.0088501,0.0038147,0.043945
0.0099182,0.0047302,0.036621
0.0086975,0.0056458,0.048828
0.012665,0.0071716,0.048828
0.014648,0.0086975,0.05127
0.016937,0.0086975,0.057373
0.01709,0.0068665,0.053711
0.012817,0.0059509,0.054932
0.014038,0.0045776,0.058594
0.013123,0.0022888,0.063477
0.0085449,0.0064087,0.059814
0.011902,0.0062561,0.059814
0.013733,0.0061035,0.061035
0.014801,0.0054932,0.061035
0.017242,0.0050354,0.072021
0.019226,0.0042725,0.063477
0.021515,0.0036621,0.063477
0.02243,0.0028992,0.061035
0.022888,0.0036621,0.058594
0.022888,0.0030518,0.067139
0.023041,0.0021362,0.065918
0.022583,0,0.063477
0.021973,-0.0030518,0.063477
0.020142,-0.0065613,0.058594
0.0177,-0.009613,0.059814
0.015106,-0.011139,0.054932
0.012512,-0.012512,0.056152
0.011749,-0.010071,0.047607
0.0099182,-0.0086975,0.05127
0.0099182,-0.0073242,0.05127
0.010071,-0.0056458,0.05127
0.010223,-0.0030518,0.040283
0.010681,0.00015259,0.045166
0.011902,0.0019836,0.057373
0.013733,0.0024414,0.043945
0.016479,0.0013733,0.05127
0.018005,-0.00091553,0.042725
0.019836,-0.0028992,0.036621
0.019989,-0.0038147,0.032959
0.020294,-0.0048828,0.0354
0.020752,-0.005188,0.039063
0.020905,-0.0053406,0.040283
0.022583,-0.0045776,0.0354
0.023956,-0.0036621,0.039063
0.024719,-0.0018311,0.0354
0.024109,-0.00076294,0.041504
0.023193,-0.00091553,0.037842
0.023041,-0.0021362,0.046387
0.023651,-0.0021362,0.043945
0.024872,0.00061035,0.045166
0.027161,0.0048828,0.061035
0.029297,0.0088501,0.05127
0.029907,0.010376,0.053711
0.027161,0.0086975,0.057373
0.024109,0.0041199,0.053711
0.024719,-0.00015259,0.056152
0.023956,-0.0030518,0.054932
0.022888,-0.0039673,0.059814
0.022278,-0.0028992,0.061035
0.020905,-0.0032043,0.057373
0.019531,-0.0035095,0.057373
0.018616,-0.0057983,0.056152
0.019531,-0.0059509,0.061035
0.020752,-0.0057983,0.062256
0.02121,-0.0018311,0.064697
0.02121,0.0022888,4.1943
0.022278,0.0039673,4.8889
0.022125,0.0048828,4.9304
0.024261,0.0021362,4.939
0.025482,-0.00076294,4.9426
0.025787,-0.0039673,4.9316
0.026855,-0.0045776,4.939
0.027008,-0.0042725,4.9292
0.027618,-0.002594,4.9158
0.029449,-0.00061035,4.9243
0.028229,0.00061035,4.9194
0.026245,0.0013733,4.9194
0.026245,-0.0015259,4.9194
0.024872,-0.0027466,4.917
0.026398,-0.0042725,4.9182
0.027313,-0.0050354,4.9146
0.028076,-0.0027466,4.9207
0.029755,-0.0050354,4.9072
0.029602,-0.0050354,4.9121
0.03006,-0.0059509,4.9109
0.028229,-0.0062561,4.9133
0.027161,-0.0059509,4.9146
0.02655,-0.0042725,4.9133
0.024719,-0.0013733,4.906
0.024261,0.00091553,4.9097
0.023499,0.0027466,4.9084
0.023499,0.00015259,4.9109
0.02533,0.0010681,4.9146
0.028381,-0.00045776,4.9072
0.03067,0.00030518,4.9072
0.03418,0.004425,4.9121
0.038757,0.0080872,4.9133
0.039063,0.010223,4.9146
0.040283,0.004425,4.9182
0.039978,0.0068665,4.9182
0.03891,0.0038147,4.9231
0.037994,0.0030518,4.9219
0.036316,0.0028992,4.9243
0.033417,0.0016785,4.9268
0.029907,0.00076294,4.9316
0.027618,-0.0019836,4.9365
0.026245,-0.0053406,4.9316
0.026703,-0.0082397,4.9316
0.026093,-0.0079346,4.9353
0.024414,-0.0067139,4.917
0.021973,-0.0056458,4.9292
0.018158,-0.004425,4.9304
0.0177,-0.004425,4.9304
0.018921,-0.004425,4.9292
0.020599,-0.0030518,4.9329
0.022278,-0.00061035,4.9377
0.023346,0.0015259,4.9341
0.025177,0.0032043,4.9353
0.025482,0.0039673,4.9304
0.027466,0.0041199,4.9353
0.027771,0.0065613,4.9304
0.028992,0.0088501,4.9316
0.031281,0.010834,4.9304
0.031586,0.013123,4.9268
0.032501,0.011444,4.928
0.033112,0.010223,4.9182
0.032196,0.0088501,4.9255
0.031433,0.0064087,4.9158
0.032043,0.0050354,4.9207
0.032349,0.0057983,4.9158
0.031433,0.0073242,4.9146
0.030365,0.0091553,4.9121
0.028076,0.011292,4.9146
0.026398,0.01236,4.9109
0.023956,0.012207,4.9109
0.022125,0.011444,4.9072
0.020752,0.0065613,4.9133
0.018463,0.0047302,0.039063
0.018768,0.0022888,0.040283
0.0177,0.00045776,0.041504
0.016022,-0.0019836,0.041504
0.01358,-0.0050354,0.05127
0.0099182,-0.0088501,0.041504
0.0064087,-0.011292,0.053711
0.0030518,-0.011444,0.041504
0.0015259,-0.0086975,0.031738
0.0022888,-0.0057983,0.046387
0.005188,-0.00076294,0.048828
0.0086975,0.0016785,0.050049
0.011139,0.0012207,0.05127
0.011139,-0.0010681,0.054932
0.013733,-0.0033569,0.058594
0.015106,-0.0082397,0.056152
0.017395,-0.0067139,0.063477
0.019379,-0.0019836,0.058594
0.020905,0.0033569,0.062256
0.019531,0.0050354,0.065918
0.020905,0.0053406,0.064697
0.019836,0.0035095,0.063477
0.020905,0.0019836,0.065918
0.023041,0.0054932,0.063477
0.026855,0.0099182,0.063477
0.028839,0.010071,0.075684
0.027618,0.01709,0.068359
0.021362,0.01297,0.065918
0.017242,0.0076294,0.062256
0.0094604,0.0094604,0.063477
0.013428,0.0093079,0.056152
0.011597,0.007782,0.061035
0.009613,0.0093079,0.053711
0.0024414,0.0068665,0.056152
-0.0018311,0.0067139,0.048828
-0.0035095,0.0074768,0.05127
-0.0042725,0.0042725,0.048828
-0.00061035,0.0021362,0.047607
0.0022888,-0.00091553,0.046387
0.0042725,0.0024414,0.047607
0.0021362,0.0048828,0.061035
-0.0012207,0.0073242,0.043945
-0.0039673,0.007782,0.041504
-0.0024414,0.0032043,0.040283
-0.00091553,0.0021362,0.024414
0.0082397,-0.0010681,0.036621
0.010986,-0.0027466,0.040283
0.01297,-0.0021362,0.037842
0.010223,-0.0035095,0.039063
0.009613,0.00091553,0.036621
0.0097656,0.0021362,0.037842
0.012817,0.0024414,0.036621
0.015106,0.00045776,0.041504
0.0177,0.0012207,0.039063
0.018005,0.0022888,0.043945
0.01709,0.00076294,0.042725
0.015259,0.0018311,0.046387
0.014801,0.002594,0.046387
0.018158,0.00015259,0.05127
0.020142,-0.0015259,0.039063
0.022888,-0.0045776,0.053711
0.024567,-0.0041199,0.065918
0.022888,-0.0030518,0.056152
0.019379,0,0.047607
0.015869,0.0028992,0.061035
0.014496,0.0045776,0.058594
0.014038,0.0047302,0.061035
0.016022,0.0039673,0.063477
0.016785,0.0032043,0.058594
0.016632,0.0038147,0.061035
0.016479,0.0033569,0.058594
0.014801,0.0045776,0.065918
0.014801,0.0038147,0.059814
0.015869,0.002594,0.064697
0.018463,0,0.065918
0.020752,-0.0027466,0.067139
0.02121,-0.0042725,0.073242
0.021057,-0.0042725,0.065918
0.019379,-0.0041199,3.5693
0.0177,-0.0057983,4.8462
0.016479,-0.010529,4.9133
0.0177,-0.014648,4.9219
0.018921,-0.018158,4.9231
0.019531,-0.016632,4.9194
0.020447,-0.014038,4.9219
0.020294,-0.0091553,4.9182
0.020294,-0.0068665,4.9146
0.021057,-0.0062561,4.9133
0.021667,-0.0080872,4.9158
0.023651,-0.010834,4.9097
0.024261,-0.011597,4.9121
0.024414,-0.0082397,4.9146
0.023499,-0.0067139,4.9158
0.022888,-0.0035095,4.906
0.021515,-0.0047302,4.9133
0.021057,-0.010834,4.9207
0.020905,-0.014648,4.9072
0.02243,-0.020447,4.9182
0.021515,-0.021057,4.906
0.02121,-0.01297,4.9011
0.019684,-0.0053406,4.9072
0.019531,0.00030518,4.9097
0.020752,0.00076294,4.9109
0.021973,-0.0036621,4.9109
0.023193,-0.007782,4.8962
0.022278,-0.0080872,4.9182
0.020294,-0.0045776,4.9158
0.019073,-0.00061035,4.9243
0.016937,0.0033569,4.9219
0.017853,0.0024414,4.9292
0.019226,0.00045776,4.9268
0.023193,-0.00015259,4.9316
0.023499,0.0013733,4.9402
0.023499,0.00015259,4.9353
0.020142,0.0010681,4.9329
0.01709,0.0019836,4.9353
0.016022,0.00091553,4.9341
0.015869,-0.00015259,4.9292
0.017853,-0.0010681,4.9231
0.020905,-0.0016785,4.9341
0.022583,0,4.9329
0.023651,0.0030518,4.9329
0.021667,0.0061035,4.9377
0.020142,0.0067139,4.9365
0.019684,0.0056458,4.9365
0.022888,0.0022888,4.9207
0.024567,-0.0028992,4.9365
0.027161,-0.0059509,4.9304
0.02594,-0.010986,4.9292
0.022583,-0.016022,4.9268
0.02182,-0.019073,4.9365
0.021362,-0.021515,4.9316
0.020905,-0.019531,4.9219
0.018311,-0.014954,4.928
0.021057,-0.010681,4.9219
0.020599,-0.0083923,4.9036
0.020905,-0.0085449,4.9219
0.020752,-0.0065613,4.9109
0.019684,-0.0059509,4.9109
0.019379,-0.0056458,4.9146
0.019226,-0.0059509,4.9072
0.018005,-0.0085449,4.9109
0.020447,-0.0099182,4.9097
0.018921,-0.010223,4.9109
0.016479,-0.0093079,4.9084
0.015106,-0.0053406,4.9121
0.016022,0.0021362,4.9133
0.018005,0.0057983,4.9023
0.020447,0.010986,4.9133
0.022125,0.0056458,4.9121
0.024261,0.0050354,4.9109
0.027466,0.0045776,0.043945
0.03067,0.0097656,0.042725
0.034485,0.0091553,0.043945
0.037689,0.0064087,0.037842
0.040131,0.00045776,0.05249
0.040894,-0.0068665,0.053711
0.039215,-0.011139,0.050049
0.033722,-0.011444,0.054932
0.028534,-0.0097656,0.057373
0.023651,-0.0079346,0.061035
0.020905,-0.0071716,0.059814
0.021973,-0.010986,0.063477
0.022125,-0.013885,0.063477
0.020447,-0.01236,0.063477
0.018158,-0.0067139,0.057373
0.016785,-0.002594,0.064697
0.016632,0.0053406,0.073242
0.016785,0.007782,0.048828
0.018311,0.0054932,0.070801
0.019989,0.0042725,0.065918
0.021057,-0.0016785,0.046387
0.020905,-0.005188,0.063477
0.020294,-0.007019,0.070801
0.0177,-0.007782,0.062256
0.016174,-0.0067139,0.059814
0.016937,-0.0076294,0.056152
0.020752,-0.0083923,0.057373
0.023651,-0.009613,0.047607
0.026703,-0.0076294,0.054932
0.027466,-0.0050354,0.048828
0.028687,-0.0028992,0.050049
0.03067,-0.00091553,0.050049
0.033417,-0.0021362,0.048828
0.036011,-0.0041199,0.050049
0.03891,-0.0059509,0.046387
0.037994,-0.007019,0.043945
0.036469,-0.0065613,0.043945
0.034027,-0.0028992,0.031738
0.030212,0.0010681,0.039063
0.027008,0.0067139,0.036621
0.023651,0.0099182,0.040283
0.023041,0.0093079,0.041504
0.022888,0.0071716,0.037842
0.023651,0.0047302,0.039063
0.02182,0.0033569,0.036621
0.017853,0.0039673,0.042725
0.014343,0.0099182,0.037842
0.011139,0.012207,0.042725
0.0086975,0.01358,0.041504
0.0064087,0.016022,0.048828
0.0013733,0.021057,0.042725
0.00015259,0.032043,0.048828
0.0021362,0.04303,0.056152
0.0061035,0.052795,0.053711
0.010223,0.056458,0.067139
0.014801,0.051575,0.056152
0.018768,0.041351,0.047607
0.023804,0.030823,0.061035
0.028534,0.023346,0.058594
0.033112,0.017853,0.058594
0.040588,0.015259,0.061035
0.043182,0.010834,0.057373
0.043182,0.007019,0.062256
0.039215,0.0062561,0.059814
0.032349,0.0062561,0.064697
0.021973,0.0086975,0.061035
0.0097656,0.011444,0.065918
-0.0056458,0.010071,0.065918
-0.0177,0.0022888,0.068359
-0.025177,-0.0094604,0.068359
-0.027466,-0.020599,0.061035
-0.027771,-0.030518,0.065918
-0.024261,-0.035706,0.061035
-0.024414,-0.0383,0.06958
-0.027008,-0.035706,0.056152
-0.023346,-0.028076,0.063477
-0.019836,-0.017395,0.05127
-0.013275,-0.0030518,2.5232
-0.0041199,0.010529,4.7742
0.0059509,0.022125,4.9084
0.010986,0.02533,4.9133
0.017242,0.024567,4.917
0.023041,0.01709,4.9146
0.029907,0.011139,4.9146
0.037231,0.0088501,4.9121
0.04364,0.0093079,4.9146
0.043945,0.010834,4.9133
0.040436,0.013733,4.9133
0.031281,0.015564,4.9207
0.028229,0.017395,4.9133
0.022125,0.02121,4.9109
0.019226,0.02594,4.9133
0.018463,0.030518,4.8987
0.02182,0.033112,4.9109
0.020905,0.031281,4.9097
0.022888,0.02655,4.9097
0.02182,0.020599,4.9109
0.019989,0.015869,4.8975
0.017853,0.012817,4.9133
0.015106,0.011444,4.917
0.012207,0.0097656,4.9207
0.0080872,0.0045776,4.917
0.0042725,-0.00015259,4.9146
0.00030518,-0.0039673,4.9268
-0.00076294,-0.0062561,4.9292
-0.0036621,-0.0088501,4.9255
-0.0019836,-0.013275,4.9292
0.00045776,-0.019531,4.9353
0.0057983,-0.026398,4.9353
0.011902,-0.031738,4.9438
0.017242,-0.033417,4.9304
0.02182,-0.031433,4.9182
0.024567,-0.02655,4.9304
0.025787,-0.02243,4.9219
0.027618,-0.018616,4.9304
0.028534,-0.014191,4.9353
0.033722,-0.010223,4.9341
0.038147,-0.0073242,4.9353
0.042419,-0.0042725,4.9133
0.04715,-0.0053406,4.9377
0.04715,-0.007782,4.9304
0.045929,-0.012207,4.9316
0.042877,-0.016174,4.9292
0.039368,-0.018463,4.9292
0.038605,-0.019836,4.9207
0.034637,-0.018921,4.9231
0.035553,-0.017395,4.9194
0.034943,-0.016632,4.9194
0.03418,-0.016479,4.9097
0.035553,-0.016632,4.9097
0.033569,-0.014343,4.9146
0.031128,-0.011597,4.9121
0.025635,-0.01236,4.9158
0.019226,-0.0090027,4.9097
0.011749,-0.0091553,4.9146
0.0047302,-0.0065613,4.9084
-0.00091553,-0.0039673,4.9109
-0.0028992,0.0024414,4.906
-0.0010681,0.0068665,4.9097
0.0047302,0.010834,4.9133
0.012207,0.013885,4.9146
0.019684,0.014648,4.9084
0.022278,0.013123,4.9109
0.023041,0.010681,4.9158
0.020142,0.0065613,4.9097
0.014954,0.004425,4.9207
0.0088501,0.00030518,4.9182
0.0059509,-0.0016785,4.9023
0.0079346,-0.0024414,4.917
0.012665,-0.0021362,4.9182
0.021057,-0.0019836,0.05127
0.032043,-0.00045776,0.054932
0.042572,-0.0010681,0.053711
0.049133,-0.0027466,0.059814
0.050049,-0.007019,0.061035
0.049744,-0.011749,0.062256
0.04303,-0.016785,0.056152
0.031891,-0.018158,0.063477
0.019531,-0.01709,0.061035
0.0094604,-0.014954,0.064697
0.0041199,-0.010986,0.073242
0.002594,-0.0093079,0.062256
0.0062561,-0.0074768,0.062256
0.014801,-0.0059509,0.067139
0.02121,-0.0033569,0.062256
0.028839,0.00061035,0.058594
0.033417,0.0032043,0.063477
0.035706,0.0047302,0.056152
0.033264,0.0028992,0.062256
0.028687,0.0010681,0.056152
0.023804,-0.0012207,0.058594
0.018768,-0.0013733,0.05127
0.014648,0.0054932,0.054932
0.011597,0.011597,0.047607
0.010681,0.021057,0.05127
0.014191,0.029297,0.048828
0.018768,0.032654,0.047607
0.02594,0.031891,0.043945
0.033417,0.028381,0.047607
0.0354,0.024719,0.054932
0.030975,0.019531,0.042725
0.026093,0.013733,0.056152
0.02121,0.005188,0.05127
0.015717,-0.0039673,0.0354
0.011444,-0.012207,0.040283
0.0085449,-0.016479,0.039063
0.0071716,-0.018005,0.037842
0.0067139,-0.016937,0.041504
0.0036621,-0.016174,0.037842
0.0071716,-0.017548,0.037842
0.0091553,-0.019989,0.039063
0.01297,-0.024414,0.041504
0.01709,-0.030518,0.039063
0.019989,-0.033569,0.045166
0.025635,-0.036163,0.047607
0.025482,-0.037384,0.050049
0.02533,-0.036163,0.056152
0.026093,-0.034943,0.054932
0.026703,-0.032501,0.058594
0.028992,-0.029144,0.057373
0.029297,-0.020294,0.053711
0.030365,-0.018616,0.061035
0.031891,-0.01236,0.067139
0.036163,-0.0057983,0.061035
0.041046,-0.0032043,0.061035
0.045776,-0.0019836,0.061035
0.050507,-0.0038147,0.063477
0.05249,-0.0056458,0.057373
0.053711,-0.0053406,0.063477
0.05188,-0.0015259,0.061035
0.050354,0.005188,0.064697
0.047455,0.011597,0.064697
0.047302,0.017548,0.068359
0.046234,0.021973,0.062256
0.045319,0.023499,0.067139
0.046997,0.02121,0.074463
0.046234,0.023193,0.062256
0.046234,0.02243,0.065918
0.04303,0.025787,0.058594
0.037994,0.021515,0.040283
0.030518,0.020142,0.05127
0.024872,0.020905,0.054932
0.018311,0.018463,0.047607
0.012665,0.014648,0.048828
0.0085449,0.012817,0.043945
0.0074768,0.0094604,0.050049
0.0086975,0.0057983,0.046387
0.011902,0.0018311,2.8516
0.015717,-0.0010681,4.7827
0.019226,-0.0050354,4.9036
0.021057,-0.010071,4.9084
0.02121,-0.010986,4.9097
0.018616,-0.012817,4.9158
0.016174,-0.014954,4.9084
0.0099182,-0.014954,4.906
0.0061035,-0.014648,4.9133
0.0024414,-0.014038,4.9011
0.0019836,-0.012665,4.9084
0.0038147,-0.0094604,4.8999
0.0079346,-0.0067139,4.9109
0.01297,-0.0073242,4.9109
0.019836,0.00015259,4.9158
0.026093,0.002594,4.9133
0.028839,0.0050354,4.9109
0.030365,0.0048828,4.9207
0.029602,0.0050354,4.9182
0.027618,0.0059509,4.9255
0.023041,0.0059509,4.9255
0.019226,0.0067139,4.9304
0.0177,0.007019,4.928
0.017395,0.0062561,4.9329
0.020752,0.0042725,4.9377
0.024872,0.0024414,4.9316
0.027466,0.0013733,4.9377
0.027313,0.0012207,4.9329
0.023956,0.0033569,4.9207
0.022278,0.005188,4.9292
0.017853,0.0065613,4.9304
0.01358,0.0076294,4.9329
0.0099182,0.0085449,4.9341
0.0061035,0.010681,4.9353
0.0042725,0.013123,4.9365
0.0042725,0.015106,4.9329
0.0059509,0.01709,4.9316
0.0085449,0.016327,4.928
0.013123,0.011292,4.9304
0.016174,0.0048828,4.928
0.019073,-0.00076294,4.9292
0.021515,-0.0030518,4.9255
0.023956,-0.002594,4.9255
0.023956,-0.0016785,4.9243
0.025482,-0.002594,4.9219
0.025024,-0.004425,4.9243
0.02533,-0.0090027,4.9194
0.025635,-0.01236,4.9194
0.028534,-0.015411,4.9133
0.026398,-0.016022,4.9109
0.025787,-0.014648,4.9133
0.024872,-0.012512,4.9268
0.023651,-0.0099182,4.906
0.022888,-0.0080872,4.9146
0.02243,-0.0042725,4.9048
0.021362,-0.00045776,4.9109
0.021362,0.0054932,4.9109
0.02182,0.012207,4.9011
0.022125,0.015259,4.9109
0.025482,0.016785,4.9146
0.027466,0.015564,4.9255
0.029755,0.01297,4.9133
0.029907,0.0091553,4.9182
0.030365,0.0082397,4.9182
0.027771,0.0082397,4.9011
0.024414,0.0090027,4.9207
0.020905,0.011292,4.9194
0.01709,0.01358,4.9219
0.012665,0.015106,4.9207
0.009613,0.016937,4.9255
0.007019,0.016632,4.9304
0.0073242,0.01709,4.9329
0.0074768,0.016632,4.9329
0.009613,0.016174,4.9292
0.012512,0.015411,0.063477
0.015869,0.014191,0.061035
0.018005,0.012512,0.064697
0.018768,0.0062561,0.068359
0.019684,0.005188,0.059814
0.0177,0.0010681,0.05127
0.014954,-0.00091553,0.065918
0.012512,-0.0015259,0.080566
0.010681,-0.002594,0.067139
0.010834,-0.0030518,0.068359
0.01236,-0.0061035,0.062256
0.014191,-0.010071,0.062256
0.018616,-0.012817,0.056152
0.022278,-0.013885,0.057373
0.029755,-0.012207,0.053711
0.035706,-0.010681,0.050049
0.039673,-0.0099182,0.050049
0.041656,-0.010529,0.05249
0.041046,-0.013885,0.050049
0.03952,-0.016479,0.05127
0.037537,-0.016937,0.046387
0.032043,-0.015717,0.048828
0.032806,-0.013428,0.05249
0.031586,-0.010986,0.045166
0.031891,-0.011597,0.047607
0.032349,-0.013733,0.039063
0.033722,-0.014496,0.028076
0.03418,-0.013885,0.040283
0.033569,-0.012817,0.039063
0.030823,-0.011749,0.040283
0.026855,-0.0093079,0.040283
0.023651,-0.0059509,0.036621
0.020447,-0.0036621,0.042725
0.019073,-0.0012207,0.037842
0.018616,0.0013733,0.041504
0.019989,0.0053406,0.036621
0.021515,0.0097656,0.042725
0.023651,0.013885,0.045166
0.025482,0.016632,0.050049
0.027466,0.016174,0.050049
0.030823,0.012207,0.05127
0.031281,0.0064087,0.053711
0.031433,0.00030518,0.053711
0.029144,-0.0032043,0.064697
0.02594,-0.007782,0.059814
0.024567,-0.0099182,0.048828
0.023041,-0.0099182,0.059814
0.021973,-0.011292,0.059814
0.022736,-0.011292,0.061035
0.02243,-0.010071,0.061035
0.023651,-0.010223,0.057373
0.023041,-0.011292,0.065918
0.019989,-0.011597,0.059814
0.019226,-0.01236,0.064697
0.018005,-0.012512,0.058594
0.016785,-0.01236,0.068359
0.014954,-0.01236,0.064697
0.015106,-0.011902,0.067139
0.014343,-0.0099182,0.080566
0.013123,-0.0074768,0.063477
0.014191,-0.0030518,0.057373
0.013123,0.0021362,0.059814
0.012665,0.0068665,0.040283
0.01236,0.0074768,0.05249
0.011749,0.0073242,0.054932
0.010834,0.0022888,0.047607
0.0099182,-0.0030518,0.048828
0.0076294,-0.0067139,0.046387
0.0067139,-0.007782,0.046387
0.0071716,-0.0028992,0.043945
0.0086975,-0.0048828,0.047607
0.011139,-0.0038147,0.039063
0.01358,-0.0039673,0.042725
0.015259,-0.0050354,0.042725
0.016937,-0.0061035,0.040283
0.018921,-0.0071716,0.041504
0.019379,-0.0067139,0.040283
0.02182,-0.0064087,4.4287
0.022125,-0.0064087,4.8779
0.023804,-0.0047302,4.9109
0.024872,-0.0035095,4.906
0.025482,-0.0041199,4.9023
0.02533,-0.0032043,4.9109
0.025787,-0.0030518,4.9109
0.024567,-0.0039673,4.9072
0.023804,-0.0030518,4.9133
0.023499,-0.0027466,4.9158
0.02182,-0.00076294,4.9158
0.024567,0.0022888,4.9207
0.027466,0.0048828,4.9255
0.031281,0.0073242,4.9231
0.0354,0.0088501,4.928
0.038757,0.0097656,4.9292
0.040436,0.010071,4.9329
0.042877,0.010834,4.9377
0.043182,0.011444,4.9329
0.04364,0.010529,4.9329
0.040741,0.0093079,4.9341
0.034332,0.0041199,4.9316
0.03418,0.00091553,4.9304
0.032501,-0.0056458,4.9292
0.032196,-0.0091553,4.928
0.029449,-0.0083923,4.9316
0.027618,-0.0080872,4.9329
0.02655,-0.0076294,4.9377
0.022888,-0.0086975,4.9341
0.019531,-0.010681,4.9353
0.016937,-0.009613,4.9329
0.015259,-0.0059509,4.9341
0.014343,-0.0016785,4.928
0.014343,0.002594,4.9316
0.015717,0.0047302,4.9255
0.017548,0.0038147,4.9255
0.019836,0.00076294,4.9329
0.021973,-0.0022888,4.9231
0.023499,-0.0036621,4.9255
0.024719,-0.0032043,4.9207
0.024872,-0.0021362,4.9097
0.024567,-0.0013733,4.9109
0.023499,-0.0024414,4.9109
0.020599,-0.0050354,4.9158
0.018005,-0.0022888,4.9109
0.015717,0.00091553,4.9084
0.015106,0.0067139,4.9084
0.015106,0.014496,4.9109
0.013733,0.020447,4.9097
0.01709,0.025177,4.9084
0.017242,0.02533,4.9072
0.01709,0.023804,4.9084
0.01709,0.021973,4.9109
0.018311,0.019989,4.9207
0.019684,0.018616,4.9133
0.020752,0.018005,4.9121
0.02243,0.016632,4.9121
0.022736,0.014038,4.9023
0.022125,0.010071,4.9158
0.020294,0.0050354,4.9219
0.019379,-0.00030518,4.9146
0.0177,-0.0065613,4.928
0.015869,-0.010986,4.9231
0.015564,-0.013733,4.928
0.011902,-0.013885,4.9243
0.0036621,-0.015564,4.9316
0.00045776,-0.014191,4.928
-0.0018311,-0.016479,4.9329
-0.00076294,-0.018768,4.9292
0.0012207,-0.018311,4.9304
0.0053406,-0.015106,4.9292
0.010223,-0.0038147,4.9304
0.013733,-0.00076294,4.9377
0.015411,0.0056458,0.064697
0.021667,0.010834,0.074463
0.027313,0.014801,0.065918
0.034637,0.018768,0.056152
0.042572,0.021515,0.064697
0.046844,0.024109,0.054932
0.050812,0.026245,0.061035
0.050049,0.02594,0.062256
0.046387,0.023346,0.056152
0.04425,0.018311,0.056152
0.042267,0.014191,0.05249
0.039215,0.011139,0.056152
0.036011,0.010071,0.043945
0.031128,0.0091553,0.05127
0.025787,0.0093079,0.050049
0.019531,0.0090027,0.048828
0.016022,0.0083923,0.047607
0.013123,0.011292,0.045166
0.011139,0.015411,0.042725
0.0086975,0.020447,0.029297
0.007019,0.022583,0.03418
0.0013733,0.018768,0.040283
-0.00061035,0.010223,0.037842
-0.0027466,0.0013733,0.0354
-0.0018311,-0.0074768,0.039063
-0.00076294,-0.012512,0.040283
0.0019836,-0.014191,0.036621
0.0033569,-0.014954,0.037842
0.0054932,-0.016327,0.041504
0.0059509,-0.016327,0.039063
0.0053406,-0.016632,0.042725
0.0048828,-0.016022,0.043945
0.0048828,-0.013885,0.046387
0.0073242,-0.010223,0.045166
0.011902,-0.0079346,0.05127
0.017395,-0.0053406,0.059814
0.022125,-0.0064087,0.054932
0.025024,-0.007019,0.064697
0.028229,-0.007019,0.058594
0.031433,-0.0065613,0.042725
0.035095,-0.0057983,0.058594
0.037842,-0.0054932,0.058594
0.038757,-0.0071716,0.062256
0.037994,-0.0079346,0.061035
0.035095,-0.0085449,0.058594
0.032043,-0.0099182,0.063477
0.03067,-0.012054,0.058594
0.028687,-0.014801,0.063477
0.027618,-0.019379,0.059814
0.027924,-0.021515,0.065918
0.031128,-0.021667,0.065918
0.027618,-0.019226,0.068359
0.028381,-0.015869,0.076904
0.029297,-0.012054,0.06958
0.031738,-0.0093079,0.057373
0.033417,-0.007019,0.059814
0.034943,-0.004425,0.062256
0.032501,-0.0041199,0.05249
0.030975,0.0010681,0.05249
0.027771,0.0047302,0.05127
0.02533,0.007782,0.047607
0.024567,0.0094604,0.046387
0.025482,0.011597,0.048828
0.026703,0.01236,0.042725
0.027924,0.011444,0.047607
0.027924,0.01236,0.042725
0.026855,0.012665,0.042725
0.027313,0.012817,0.037842
0.02533,0.013733,0.043945
0.027161,0.014038,0.037842
0.029449,0.013885,0.043945
0.032196,0.013733,0.047607
0.03479,0.013123,0.040283
0.035858,0.010529,0.053711
0.034943,0.0067139,0.039063
0.033722,0.0013733,0.029297
0.031738,-0.0047302,0.037842
0.03006,-0.010071,2.9199
0.027313,-0.014496,4.7839
0.022736,-0.015869,4.8999
0.018311,-0.017395,4.9097
0.012665,-0.018158,4.9133
0.0091553,-0.018463,4.9121
0.0080872,-0.0177,4.9207
0.009613,-0.016632,4.9231
0.011444,-0.013123,4.9219
0.012817,-0.010071,4.9292
0.014343,-0.0073242,4.9292
0.015564,-0.0050354,4.9292
0.014343,-0.0083923,4.9304
0.016632,-0.0042725,4.928
0.018311,-0.0036621,4.9304
0.022125,-0.00091553,4.9353
0.023651,0.0016785,4.9316
0.023346,0.0032043,4.9146
0.024109,0.0048828,4.928
0.024109,0.005188,4.9329
0.027466,0.0050354,4.9329
0.031738,0.0064087,4.9341
0.036316,0.0076294,4.9329
0.039978,0.010223,4.9377
0.041046,0.012207,4.9133
0.041962,0.011444,4.9329
0.040131,0.010529,4.9255
0.037842,0.0050354,4.9304
0.036163,0.0012207,4.9243
0.033722,-0.0016785,4.928
0.029602,-0.0033569,4.9341
0.024567,-0.0042725,4.9304
0.018158,-0.0065613,4.9182
0.015411,-0.0068665,4.9207
0.012512,-0.0086975,4.8987
0.013885,-0.010681,4.9121
0.015564,-0.010681,4.9133
0.017395,-0.0085449,4.9158
0.019684,-0.0068665,4.906
0.019226,-0.0061035,4.9097
0.020142,-0.0094604,4.9109
0.019684,-0.013123,4.9072
0.020447,-0.017395,4.9072
0.020447,-0.020142,4.906
0.021667,-0.021515,4.9097
0.024109,-0.021362,4.9097
0.025024,-0.020752,4.9097
0.027466,-0.020294,4.9084
0.029297,-0.014801,4.9109
0.033722,-0.011444,4.9146
0.036469,-0.0057983,4.9158
0.041962,-0.00061035,4.917
0.045929,0.0035095,4.9158
0.048523,0.0059509,4.9097
0.048065,0.0079346,4.9182
0.048676,0.010223,4.9243
0.046082,0.012512,4.9243
0.044403,0.015869,4.9243
0.042267,0.019073,4.9255
0.042114,0.020294,4.9316
0.041046,0.021057,4.9255
0.0383,0.021515,4.9353
0.035553,0.022125,4.9304
0.031433,0.021973,4.9329
0.028076,0.021667,4.9268
0.025177,0.020447,4.9292
0.023499,0.018311,4.939
0.021667,0.016174,4.9377
0.018005,0.01358,4.9377
0.015564,0.010834,4.9377
0.011444,0.0076294,4.9304
0.0079346,0.0024414,4.939
0.0056458,-0.0018311,4.9329
0.0041199,-0.0041199,0.061035
0.0050354,-0.002594,0.063477
0.0054932,0.00091553,0.057373
0.007019,0.0036621,0.045166
0.007782,0.0032043,0.048828
0.0059509,-0.0012207,0.053711
0.0065613,-0.0068665,0.048828
0.0074768,-0.011597,0.05127
0.0097656,-0.013275,0.050049
0.013885,-0.011597,0.05127
0.015106,-0.0085449,0.045166
0.015106,-0.0048828,0.045166
0.014496,-0.0038147,0.054932
0.014801,-0.0036621,0.042725
0.017242,-0.0010681,0.053711
0.020905,0.002594,0.039063
0.026703,0.0085449,0.032959
0.031738,0.015106,0.03418
0.034332,0.018768,0.039063
0.036469,0.018005,0.039063
0.036774,0.016174,0.040283
0.038147,0.0094604,0.037842
0.040131,0.0039673,0.040283
0.040588,0.0024414,0.037842
0.03952,0.0016785,0.040283
0.036011,0.0032043,0.040283
0.032654,0.0054932,0.047607
0.027618,0.0027466,0.045166
0.024414,0.00091553,0.05127
0.024414,0.00045776,0.064697
0.020599,0.00030518,0.05127
0.018311,0.0027466,0.054932
0.014801,0.0090027,0.056152
0.0094604,0.011292,0.050049
0.0045776,0.01297,0.058594
0.0024414,0.012207,0.057373
0.0032043,0.010376,0.062256
0.0041199,0.014343,0.061035
0.0080872,0.0079346,0.058594
0.012207,0.0082397,0.054932
0.015259,0.0079346,0.059814
0.017395,0.0057983,0.062256
0.019073,0.004425,0.062256
0.021973,-0.0013733,0.067139
0.024719,-0.0012207,0.063477
0.026398,-0.0033569,0.065918
0.025635,-0.0027466,0.06958
0.024261,-0.0012207,0.063477
0.020447,0.002594,0.06958
0.016632,0.0041199,0.061035
0.01709,0.0042725,0.070801
0.018768,0.0038147,0.054932
0.022278,0.0033569,0.050049
0.025482,0.0027466,0.05249
0.027771,0.0035095,0.05249
0.029144,0.0047302,0.046387
0.029755,0.005188,0.047607
0.028992,0.0039673,0.043945
0.028381,0.0012207,0.047607
0.02655,-0.0012207,0.043945
0.024414,-0.0033569,0.043945
0.021057,-0.0035095,0.039063
0.016174,-0.0016785,0.042725
0.012054,-0.0021362,0.041504
0.0090027,0,0.043945
0.0094604,0.0013733,0.045166
0.01236,0.0022888,0.040283
0.015717,0.0010681,0.040283
0.018463,0.0013733,0.036621
0.018616,-0.00015259,0.032959
0.017242,0.00091553,0.039063
0.016327,0.0019836,0.036621
0.016174,0.0022888,0.0354
0.017853,0.0021362,0.042725
0.019379,0.0012207,0.041504
0.02182,0.0061035,0.042725
0.022125,0.0097656,0.046387
0.024261,0.012207,0.048828
0.023651,0.01297,4.3677
0.024567,0.010986,4.8865
0.025635,0.007019,4.9231
0.026245,0.0022888,4.928
0.02655,-0.00015259,4.9268
0.025482,-0.0036621,4.9304
0.025024,-0.002594,4.9365
0.022888,-0.0033569,4.9316
0.021362,-0.0041199,4.9377
0.021667,-0.0062561,4.9341
0.023499,-0.0082397,4.9097
0.02655,-0.010376,4.9304
0.029907,-0.010986,4.9353
0.030823,-0.010529,4.9304
0.031738,-0.0088501,4.9341
0.030975,-0.0082397,4.9292
0.031891,-0.0080872,4.9365
0.033264,-0.0085449,4.9341
0.034485,-0.0099182,4.9341
0.033569,-0.011444,4.9255
0.030823,-0.011597,4.9304
0.026855,-0.011292,4.9194
0.024872,-0.0099182,4.928
0.023346,-0.0083923,4.9292
0.024414,-0.007019,4.9255
0.02655,-0.005188,4.9207
0.026855,-0.0054932,4.9207
0.028229,-0.0045776,4.917
0.02655,-0.005188,4.9158
0.024414,-0.0012207,4.9084
0.02243,0.0013733,4.9146
0.021515,0.005188,4.9109
0.02182,0.0073242,4.9097
0.023346,0.0086975,4.9133
0.024872,0.0073242,4.9097
0.023499,0.0054932,4.9109
0.025482,0.0033569,4.9072
0.024567,0.0015259,4.9109
0.024261,0.00045776,4.9121
0.025024,-0.00015259,4.9109
0.026398,-0.0016785,4.9109
0.02655,-0.0033569,4.9133
0.026093,-0.0056458,4.9207
0.024567,-0.007782,4.9146
0.0177,-0.0076294,4.9219
0.013885,-0.0068665,4.9146
0.012054,-0.0064087,4.9084
0.012665,-0.0059509,4.9182
0.019684,-0.0062561,4.9219
0.016785,-0.0079346,4.9207
0.019836,-0.011597,4.9304
0.020599,-0.0097656,4.9255
0.02121,-0.0079346,4.9268
0.023346,-0.0047302,4.9341
0.024719,-0.0030518,4.9341
0.021667,-0.0012207,4.9292
0.025024,-0.0024414,4.9329
0.023651,-0.0016785,4.9304
0.019379,-0.0048828,4.9365
0.015717,-0.0030518,4.9329
0.013275,-0.0010681,4.9365
0.014343,0.00030518,4.9341
0.016937,0.0015259,4.9365
0.021057,0.0016785,4.9463
0.022583,0.0030518,4.9341
0.023651,0.004425,4.9426
0.02182,0.0054932,4.9304
0.020599,0.0068665,4.9329
0.021057,0.0085449,4.9292
0.023193,0.0093079,4.9268
0.02594,0.0099182,4.9243
0.02655,0.0074768,4.9268
0.026093,0.0062561,0.048828
0.026703,0.002594,0.050049
0.027008,0.00045776,0.039063
0.027466,-0.0016785,0.050049
0.027924,-0.0013733,0.043945
0.028076,-0.0019836,0.045166
0.027161,-0.0018311,0.058594
0.025482,-0.0033569,0.043945
0.021515,-0.0048828,0.046387
0.020447,-0.0050354,0.041504
0.019836,-0.0045776,0.024414
0.021362,-0.0041199,0.037842
0.024109,-0.0032043,0.037842
0.027466,-0.0036621,0.03418
0.029297,-0.0041199,0.039063
0.031433,-0.0041199,0.0354
0.033264,-0.002594,0.041504
0.034943,0.00061035,0.039063
0.036163,0.0033569,0.040283
0.038452,0.0053406,0.039063
0.039825,0.0061035,0.045166
0.040131,0.0053406,0.047607
0.039215,0.0042725,0.047607
0.037689,0.0054932,0.056152
0.035248,0.0082397,0.05127
0.032806,0.0099182,0.05127
0.030975,0.011444,0.058594
0.029755,0.011597,0.064697
0.027924,0.0090027,0.058594
0.024261,0.007019,0.061035
0.016937,0.0054932,0.058594
0.018158,0.0054932,0.062256
0.016174,0.007782,0.061035
0.018158,0.010834,0.062256
0.019531,0.012512,0.057373
0.020294,0.011444,0.059814
0.023651,0.0071716,0.059814
0.023956,0.00091553,0.067139
0.022278,-0.0038147,0.062256
0.02121,-0.0064087,0.068359
0.019989,-0.0053406,0.065918
0.019073,-0.0030518,0.068359
0.018768,-0.0010681,0.073242
0.016174,0.00076294,0.064697
0.014038,-0.0013733,0.058594
0.01236,-0.0035095,0.054932
0.007782,-0.0038147,0.040283
0.0061035,-0.0035095,0.054932
0.0068665,-0.0019836,0.05127
0.009613,0.00045776,0.048828
0.012512,0.002594,0.046387
0.015259,0.0036621,0.047607
0.014801,0.004425,0.047607
0.016479,0.0045776,0.041504
0.014648,0.0062561,0.045166
0.012817,0.0080872,0.039063
0.013733,0.010376,0.039063
0.014496,0.012817,0.043945
0.016022,0.014954,0.043945
0.017395,0.015411,0.036621
0.01709,0.014496,0.041504
0.016022,0.01297,0.042725
0.015564,0.011139,0.041504
0.016327,0.0086975,0.042725
0.018158,0.010834,0.040283
0.018311,0.0080872,0.030518
0.020142,0.0073242,0.03418
0.018158,0.0065613,0.040283
0.015564,0.0061035,0.042725
0.012512,0.0059509,0.045166
0.011444,0.0064087,0.043945
0.012054,0.0074768,0.058594
0.013885,0.010376,0.05127
0.015411,0.011902,0.056152
0.016937,0.013123,0.053711
0.0177,0.012817,0.061035
0.017395,0.012665,0.059814
0.016937,0.012665,0.062256
0.0177,0.01297,3.7561
0.015411,0.013885,4.8596
0.018158,0.013275,4.9255
0.017242,0.01297,4.9329
0.016327,0.0094604,4.9219
0.015106,0.011139,4.9304
0.014496,0.010834,4.9329
0.015564,0.010376,4.9341
0.016937,0.011597,4.9341
0.018158,0.0062561,4.9207
0.018158,0.0035095,4.9377
0.017853,0.0027466,4.9341
0.017242,0.0015259,4.9341
0.016479,0.0030518,4.928
0.016327,0.0050354,4.9329
0.016479,0.0054932,4.9255
0.016174,0.0054932,4.928
0.015869,0.0036621,4.9255
0.014954,0.0019836,4.9243
0.014954,-0.00076294,4.928
0.014648,0.00030518,4.9158
0.014038,0,4.928
0.014343,-0.0010681,4.9158
0.015869,-0.0018311,4.9072
0.016327,-0.0041199,4.9133
0.01709,-0.0061035,4.9133
0.017548,-0.007019,4.9146
0.016785,-0.0071716,4.9121
0.017242,-0.0068665,4.9109
0.018311,-0.0054932,4.9109
0.02121,-0.0061035,4.9072
0.023041,-0.0067139,4.9036
0.024719,-0.0080872,4.9084
0.023804,-0.010376,4.9097
0.024414,-0.010986,4.9109
0.025177,-0.0090027,4.9133
0.027466,-0.0068665,4.917
0.029907,-0.0045776,4.9109
0.032196,-0.0035095,4.9146
0.031891,-0.0027466,4.9133
0.028687,-0.0030518,4.9158
0.024872,-0.0022888,4.9133
0.021973,-0.0015259,4.9048
0.020905,0.00091553,4.9219
0.021362,0.0021362,4.9268
0.022583,0.002594,4.9292
0.024567,0.0012207,4.9304
0.025482,-0.00015259,4.9292
0.027008,-0.0018311,4.9353
0.028992,-0.0038147,4.9329
0.030823,-0.0033569,4.9329
0.032959,-0.002594,4.9304
0.034027,-0.0038147,4.9268
0.032959,-0.002594,4.9292
0.031891,-0.0056458,4.9316
0.031433,-0.0086975,4.9402
0.029297,-0.010529,4.9353
0.028839,-0.010529,4.9414
0.027924,-0.0071716,4.9402
0.028381,-0.0032043,4.9182
0.029907,-0.00091553,4.9316
0.029907,0.0022888,4.939
0.030975,0.0012207,4.9304
0.031128,0.00061035,4.9304
0.032501,-0.00061035,4.9231
0.031128,0.00045776,4.9268
0.030823,0.00091553,4.9207
0.030212,0.0024414,4.9207
0.03006,0.0027466,4.9182
0.029297,0.0021362,4.9219
0.027924,0.0019836,4.917
0.026398,0.0019836,4.9194
0.026703,0.00015259,0.05127
0.026855,0.0042725,0.046387
0.027313,0.0048828,0.041504
0.028534,0.0038147,0.042725
0.027008,0.0035095,0.028076
0.025787,0.0036621,0.039063
0.024567,0.0041199,0.040283
0.023499,0.0041199,0.040283
0.023804,0.0032043,0.040283
0.024567,0.0027466,0.0354
0.024109,0.00091553,0.040283
0.024261,-0.00076294,0.037842
0.024414,-0.0015259,0.040283
0.023804,-0.0039673,0.041504
0.022278,-0.0039673,0.046387
0.024414,-0.0053406,0.043945
0.025635,-0.0061035,0.050049
0.025787,-0.007019,0.045166
0.024261,-0.0071716,0.053711
0.023041,-0.0080872,0.059814
0.019836,-0.0080872,0.056152
0.018463,-0.0076294,0.070801
0.019226,-0.0071716,0.058594
0.02182,-0.0054932,0.047607
0.024719,-0.002594,0.061035
0.027924,0.0015259,0.062256
0.030212,0.0036621,0.059814
0.030975,0.0045776,0.062256
0.031281,0.0042725,0.059814
0.031433,0.0047302,0.062256
0.032196,0.0061035,0.059814
0.032501,0.0073242,0.064697
0.033112,0.0041199,0.061035
0.033112,0.0059509,0.065918
0.032654,0.0028992,0.063477
0.032196,0.00015259,0.067139
0.031281,-0.0013733,0.068359
0.03006,-0.0019836,0.062256
0.029144,0.0033569,0.061035
0.027924,0.0064087,0.056152
0.025787,0.0082397,0.058594
0.023346,0.0048828,0.05127
0.02182,0,0.05249
0.020599,-0.0045776,0.046387
0.022736,-0.007019,0.054932
0.023651,-0.0068665,0.046387
0.023651,-0.00061035,0.047607
0.025482,0.0010681,0.041504
0.02243,0.002594,0.047607
0.021057,0.0041199,0.040283
0.021667,0.0035095,0.042725
0.023651,0.0018311,0.042725
0.027313,0.0061035,0.041504
0.030365,0.0088501,0.037842
0.031891,0.010834,0.042725
0.032501,0.0090027,0.053711
0.033875,0.0076294,0.039063
0.034637,0.0048828,0.048828
0.036163,0.0047302,0.041504
0.036011,0.0054932,0.024414
0.036163,0.007019,0.037842
0.034485,0.0094604,0.043945
0.032043,0.0085449,0.043945
0.030212,0.0071716,0.042725
0.028534,0.0061035,0.042725
0.028229,0.0079346,0.048828
0.028076,0.011139,0.048828
0.027924,0.014648,0.056152
0.025787,0.014496,0.05249
0.022736,0.010986,0.061035
0.018768,0.007019,0.061035
0.015564,0.0035095,0.061035
0.01297,0.0021362,0.072021
0.012054,0.0032043,0.05127
0.012054,0.005188,0.059814
0.011292,0.005188,0.062256
0.0097656,0.0041199,0.070801
0.007019,0.00091553,0.059814
0.0057983,-0.0033569,4.071
0.0057983,-0.0056458,4.8767
0.007782,-0.0059509,4.9255
0.011444,-0.0067139,4.9341
0.01358,-0.0047302,4.9377
0.014496,-0.0048828,4.9341
0.01236,-0.0057983,4.9329
0.012665,-0.0045776,4.9292
0.01236,-0.0027466,4.9304
0.014038,-0.00030518,4.9109
0.01358,0.0013733,4.9255
0.014038,0.0030518,4.9255
0.015411,0.0027466,4.9255
0.013428,0.0016785,4.928
0.016785,0.0019836,4.9182
0.019379,0.00091553,4.9219
0.021667,0.0021362,4.9158
0.023041,0.0021362,4.9048
0.02182,-0.00076294,4.9121
0.019684,-0.00045776,4.9084
0.016479,0.0010681,4.9084
0.012665,0.0013733,4.9133
0.010986,0.0039673,4.9084
0.012054,0.0059509,4.9109
0.014496,0.0065613,4.9084
0.016022,0.0067139,4.9109
0.016632,0.0053406,4.9084
0.014954,0.0053406,4.9121
0.01236,0.0050354,4.9109
0.01236,0.0048828,4.9146
0.011902,0.0039673,4.906
0.012054,0.0019836,4.9133
0.011444,0,4.9146
0.0090027,-0.00091553,4.9133
0.0090027,0.0015259,4.9243
0.0082397,0.0048828,4.9219
0.007019,0.0059509,4.9133
0.0088501,0.005188,4.9219
0.010529,0.0024414,4.9255
0.012817,-0.0012207,4.9292
0.010986,-0.0033569,4.928
0.0097656,-0.0035095,4.9255
0.0083923,0.00045776,4.9316
0.0085449,0.0054932,4.9341
0.0065613,0.010071,4.9329
0.0056458,0.010834,4.9292
0.0047302,0.0086975,4.9353
0.0022888,0.0053406,4.9329
0.0032043,0.0045776,4.9329
0.0067139,0.007019,4.9463
0.013123,0.010071,4.9377
0.022125,0.010529,4.9329
0.028229,0.0056458,4.9365
0.03067,-0.0038147,4.9243
0.027924,-0.015259,4.9292
0.018616,-0.022736,4.9316
0.007782,-0.022888,4.928
-0.0021362,-0.016785,4.9304
-0.0097656,-0.0064087,4.9231
-0.01297,0.00045776,4.9231
-0.013123,0.0019836,4.9194
-0.0086975,-0.00015259,4.9194
-0.0027466,0.0013733,4.8999
0.0038147,0.0033569,4.9219
0.016785,0.010223,4.9182
0.028076,0.015106,4.9158
0.037689,0.017242,4.9146
0.042877,0.014343,4.8987
0.041504,0.0088501,4.9207
0.035706,0.0039673,4.9133
0.026093,0.0015259,4.9207
0.01709,0.0019836,0.036621
0.010376,0.0047302,0.0354
0.0053406,0.0071716,0.042725
0.0050354,0.007782,0.037842
0.007019,0.0086975,0.040283
0.011597,0.0099182,0.040283
0.0177,0.0090027,0.036621
0.022125,0.007782,0.041504
0.026398,0.0064087,0.040283
0.028687,0.0030518,0.047607
0.029144,-0.00076294,0.041504
0.026703,-0.0042725,0.048828
0.022888,-0.0076294,0.053711
0.018158,-0.010376,0.054932
0.014648,-0.012665,0.067139
0.011902,-0.011139,0.057373
0.01236,-0.0076294,0.064697
0.015869,-0.0028992,0.057373
0.022736,0.0032043,0.058594
0.029755,0.0088501,0.061035
0.035553,0.01236,0.061035
0.040131,0.012512,0.058594
0.041351,0.010834,0.062256
0.040588,0.0090027,0.061035
0.039368,0.0056458,0.059814
0.03418,0.0030518,0.061035
0.031281,-0.00091553,0.065918
0.029144,-0.00076294,0.063477
0.027924,-0.0021362,0.065918
0.026855,-0.002594,0.068359
0.028229,-0.0016785,0.067139
0.028687,-0.00030518,0.063477
0.028076,0.0032043,0.064697
0.032501,0.0062561,0.068359
0.033264,0.0083923,0.057373
0.03418,0.010529,0.064697
0.033875,0.010071,0.053711
0.03067,0.010376,0.047607
0.029144,0.0086975,0.046387
0.024109,0.0082397,0.046387
0.022278,0.010376,0.048828
0.02121,0.014496,0.045166
0.021362,0.018463,0.039063
0.021515,0.020905,0.043945
0.023956,0.02182,0.031738
0.025024,0.014648,0.040283
0.025177,0.020447,0.041504
0.023193,0.019531,0.042725
0.023499,0.018768,0.039063
0.024109,0.018463,0.040283
0.025787,0.018158,0.047607
0.027924,0.018158,0.042725
0.031281,0.011749,0.039063
0.032959,0.0079346,0.040283
0.033569,0.0035095,0.025635
0.030975,-0.0010681,0.031738
0.029602,-0.0048828,0.032959
0.026398,-0.0076294,0.041504
0.024414,-0.010223,0.046387
0.021667,-0.011444,0.042725
0.016174,-0.011749,0.053711
0.011444,-0.014038,0.05127
0.0059509,-0.01297,0.056152
0.0053406,-0.014343,0.056152
0.0067139,-0.011139,0.059814
0.011597,-0.0056458,0.056152
0.019073,0,0.057373
0.024719,0.0064087,0.062256
0.03006,0.010223,0.062256
0.036469,0.011444,0.065918
0.037231,0.01236,0.062256
0.037079,0.013428,0.070801
0.033722,0.01358,0.062256
0.029602,0.015869,0.05127
0.024261,0.016022,0.063477
0.015717,0.012207,0.064697
0.014191,0.0071716,0.063477
0.011292,0.0030518,0.063477
0.010986,-0.00015259,0.062256
0.013885,-0.0012207,4.5789
0.018921,-0.0013733,4.9048
0.023193,-0.002594,4.928
0.03006,-0.005188,4.9219
0.031586,-0.0093079,4.9255
0.031281,-0.010223,4.9231
0.024567,-0.010529,4.9243
0.017242,-0.0091553,4.9219
0.010681,-0.0071716,4.917
0.0054932,0.0015259,4.9194
0.002594,-0.0021362,4.9146
0.0028992,0.0041199,4.9194
0.0071716,0.0079346,4.9146
0.013123,0.010834,4.9109
0.019379,0.012207,4.9121
0.026398,0.011749,4.9121
0.033569,0.011444,4.9097
0.037537,0.0083923,4.9084
0.03891,0.011292,4.9048
0.037231,0.0086975,4.9097
0.03479,0.0047302,4.9084
0.031128,-0.0012207,4.9109
0.030365,-0.0059509,4.9109
0.028839,-0.0067139,4.9146
0.032043,-0.0045776,4.8962
0.037689,-0.0010681,4.9133
0.042877,0.00076294,4.9243
0.049286,0.0013733,4.9146
0.054474,-0.00045776,4.9219
0.054779,-0.00076294,4.9182
0.054626,-0.0059509,4.9036
0.052643,-0.0067139,4.9207
0.049591,-0.0073242,4.9219
0.044861,-0.0082397,4.9255
0.040436,-0.009613,4.906
0.036621,-0.011902,4.9231
0.03418,-0.012207,4.9353
0.031433,-0.012207,4.9329
0.031891,-0.011292,4.9316
0.029449,-0.0086975,4.9268
0.028381,-0.0057983,4.9451
0.026855,-0.0027466,4.9304
0.024414,-0.00061035,4.9316
0.021362,0.0019836,4.9377
0.017548,0.0033569,4.9341
0.015106,0.002594,4.9365
0.012817,0.0030518,4.9402
0.01297,0.0030518,4.9475
0.013275,0.0045776,4.9353
0.016327,0.0032043,4.9341
0.018921,0.0022888,4.9304
0.022736,-0.00061035,4.9304
0.025024,-0.0041199,4.9231
0.026093,-0.007782,4.9243
0.025787,-0.0086975,4.9207
0.023651,-0.0094604,4.9207
0.021057,-0.0085449,4.9194
0.017853,-0.007019,4.9182
0.016479,-0.0068665,4.9146
0.0177,-0.0082397,4.9194
0.014038,-0.0097656,4.9146
0.014496,-0.010223,4.9158
0.016327,-0.0088501,4.9231
0.018768,-0.0064087,4.9133
0.021515,-0.0042725,4.9158
0.021362,-0.0028992,4.9097
0.020294,-0.00061035,4.8987
0.020142,0.00061035,4.9121
0.016327,0.0056458,4.9097
0.014038,0.0088501,4.9097
0.012207,0.0093079,4.9097
0.010071,0.0085449,0.041504
0.0091553,0.0061035,0.041504
0.0090027,0.0048828,0.040283
0.0079346,0.0042725,0.046387
0.009613,0.005188,0.042725
0.011444,0.0050354,0.045166
0.015869,0.0048828,0.048828
0.016632,0.0042725,0.053711
0.020447,0.0019836,0.047607
0.020294,0.00076294,0.058594
0.021973,0.0042725,0.054932
0.022888,0.0022888,0.058594
0.020599,0.0042725,0.068359
0.017242,0.0059509,0.061035
0.01236,0.0053406,0.05127
0.007782,0.0050354,0.059814
0.0056458,0.0035095,0.059814
0.0028992,0.0047302,0.062256
0.0027466,0.0079346,0.061035
0.0028992,0.010376,0.059814
0.0047302,0.012512,0.068359
0.0059509,0.012665,0.062256
0.0091553,0.010834,0.064697
0.011292,0.0099182,0.062256
0.013123,0.0053406,0.068359
0.01236,0.0035095,0.062256
0.010071,0.0015259,0.065918
0.0061035,0,0.092773
0.0018311,-0.0022888,0.057373
-0.0015259,-0.004425,0.057373
-0.0021362,-0.0053406,0.05127
-0.00076294,-0.0067139,0.03418
0.00045776,-0.0080872,0.05127
0.0035095,-0.0094604,0.053711
0.0073242,-0.011139,0.048828
0.010223,-0.013275,0.046387
0.012665,-0.016022,0.042725
0.014801,-0.018005,0.047607
0.015259,-0.018158,0.043945
0.014801,-0.018921,0.041504
0.012665,-0.019836,0.037842
0.012207,-0.02121,0.043945
0.011749,-0.023193,0.040283
0.011597,-0.024567,0.040283
0.012207,-0.023041,0.036621
0.012207,-0.022736,0.039063
0.014038,-0.02182,0.041504
0.015717,-0.019989,0.040283
0.018005,-0.023346,0.046387
0.020142,-0.026398,0.0354
0.023041,-0.027618,0.032959
0.026093,-0.028229,0.041504
0.028992,-0.024567,0.042725
0.031281,-0.021362,0.043945
0.031586,-0.02182,0.045166
0.031586,-0.022736,0.037842
0.031433,-0.022888,0.05249
0.031281,-0.021667,0.054932
0.031128,-0.017242,0.057373
0.029907,-0.01358,0.056152
0.028381,-0.013123,0.061035
0.02594,-0.014801,0.062256
0.022583,-0.017395,0.063477
0.021667,-0.018921,0.072021
0.019379,-0.016785,0.061035
0.018311,-0.012665,0.061035
0.016327,-0.0082397,0.058594
0.014648,-0.0056458,0.058594
0.013275,-0.004425,0.062256
0.012665,-0.0057983,0.064697
0.01236,-0.0073242,0.061035
0.01236,-0.0068665,0.064697
0.013123,-0.0057983,0.065918
0.01358,-0.0022888,0.064697
0.011902,0.00045776,0.063477
0.010376,-0.00015259,0.061035
0.0079346,-0.0010681,0.050049
0.0053406,-0.005188,0.057373
0.0056458,-0.0074768,4.1394
0.0064087,-0.0073242,4.873
0.0085449,-0.0033569,4.9158
0.010529,0.0010681,4.9207
0.01236,0.0047302,4.9292
0.015106,0.0045776,4.9158
0.016327,0.002594,4.9268
0.019836,0.0024414,4.917
0.022125,0.0054932,4.9084
0.024872,0.0094604,4.9146
0.027924,0.017548,4.9133
0.027466,0.021973,4.9121
0.02533,0.024109,4.9121
0.023651,0.021362,4.9048
0.022888,0.014038,4.9109
0.021515,0.010376,4.9097
0.021667,0.0079346,4.9109
0.021362,0.0093079,4.9084
0.021057,0.011139,4.9146
0.020599,0.011749,4.9121
0.017242,0.013275,4.9097
0.016479,0.012054,4.9207
0.015717,0.011139,4.9158
0.015869,0.012207,4.9158
0.014954,0.015106,4.9207
0.013428,0.018158,4.9146
0.012054,0.019531,4.9207
0.010681,0.02243,4.917
0.010376,0.022278,4.9255
0.012054,0.023193,4.9268
0.016174,0.02243,4.9304
0.019684,0.023651,4.9292
0.020447,0.027313,4.9304
0.020142,0.029144,4.9341
0.018768,0.034943,4.928
0.020142,0.032654,4.9353
0.023346,0.029602,4.9341
0.019989,0.024872,4.9316
0.019379,0.020294,4.9329
0.018616,0.015869,4.9329
0.016785,0.012054,4.9426
0.016479,0.0094604,4.9341
0.012512,0.0082397,4.9438
0.012207,0.0053406,4.9353
0.011749,0.0041199,4.9219
0.011597,0.0022888,4.9316
0.012054,0.0013733,4.9304
0.011902,0.0021362,4.9268
0.011444,0.0059509,4.9268
0.01236,0.007019,4.9243
0.014954,0.0093079,4.9231
0.018158,0.009613,4.9158
0.022888,0.010529,4.9194
0.027618,0.012665,4.9158
0.030823,0.015717,4.9158
0.033569,0.019989,4.917
0.033722,0.023499,4.917
0.034485,0.027618,4.917
0.035553,0.028992,4.9133
0.036926,0.027313,4.9121
0.03891,0.024109,4.9109
0.038757,0.020447,4.9072
0.037384,0.017548,4.8987
0.030975,0.016174,4.9084
0.031433,0.015869,4.9097
0.034637,0.015106,4.9084
0.035858,0.015106,4.9109
0.036316,0.015564,4.9109
0.035706,0.015564,4.906
0.033569,0.015411,4.9109
0.030823,0.019073,4.9097
0.027618,0.018616,4.9182
0.025635,0.018768,0.043945
0.024567,0.01709,0.050049
0.024261,0.014496,0.05127
0.024261,0.010681,0.054932
0.023651,0.0088501,0.068359
0.021667,0.0080872,0.056152
0.018768,0.0080872,0.063477
0.014496,0.0090027,0.063477
0.012054,0.011749,0.043945
0.0091553,0.0057983,0.059814
0.007019,0.0021362,0.062256
0.0057983,-0.0016785,0.064697
0.0050354,-0.0032043,0.061035
0.0067139,-0.005188,0.058594
0.0059509,-0.007782,0.062256
0.0080872,-0.0086975,0.061035
0.0094604,-0.011292,0.067139
0.013885,-0.013123,0.064697
0.015564,-0.013275,0.068359
0.0177,-0.010223,0.064697
0.017242,-0.0065613,0.067139
0.015259,-0.0021362,0.073242
0.01297,0.00076294,0.058594
0.012512,0.0021362,0.058594
0.013123,0.0024414,0.056152
0.016174,0.0036621,0.061035
0.020142,0.0057983,0.05127
0.022736,0.0082397,0.05127
0.025787,0.01297,0.047607
0.02655,0.011139,0.048828
0.027313,0.0090027,0.046387
0.026093,0.0085449,0.046387
0.024719,0.002594,0.041504
0.02243,0.00015259,0.045166
0.019684,-0.0018311,0.040283
0.015717,-0.00045776,0.046387
0.012054,0.00015259,0.039063
0.0093079,-0.00061035,0.041504
0.0083923,-0.0015259,0.040283
0.0091553,-0.0028992,0.041504
0.011444,-0.0028992,0.05127
0.012665,-0.002594,0.036621
0.013123,-0.0016785,0.053711
0.012207,-0.00076294,0.037842
0.0099182,-0.0016785,0.029297
0.0083923,-0.0032043,0.039063
0.0086975,-0.0042725,0.040283
0.010986,-0.0074768,0.042725
0.01236,-0.0073242,0.046387
0.014343,-0.0053406,0.047607
0.014801,0,0.05127
0.016022,0.0035095,0.050049
0.01709,0.0065613,0.056152
0.018921,0.0094604,0.054932
0.020752,0.0097656,0.059814
0.026855,0.0086975,0.062256
0.025482,0.0064087,0.063477
0.026703,0.0041199,0.067139
0.025787,0.0016785,0.063477
0.024567,-0.00091553,0.059814
0.02182,-0.0016785,0.063477
0.019989,-0.0027466,0.070801
0.019989,-0.0036621,0.062256
0.018768,-0.0022888,0.058594
0.018311,-0.0010681,0.061035
0.017548,0.0019836,0.064697
0.015564,0.0038147,0.065918
0.014191,0.004425,0.067139
0.015259,0.0039673,0.059814
0.0177,0.0010681,0.063477
0.019379,-0.0013733,0.059814
0.021667,-0.0053406,0.059814
0.020294,-0.0024414,0.056152
0.017548,-0.00045776,0.056152
0.012665,0.0010681,0.048828
0.009613,0.00045776,0.048828
0.0079346,-0.0010681,0.062256
0.0080872,-0.004425,0.048828
0.009613,-0.0059509,3.6646
0.011139,-0.0062561,4.8438
0.012207,-0.0045776,4.8865
0.014496,-0.0039673,4.9097
0.018005,-0.0042725,4.9097
0.023193,-0.0062561,4.9133
0.028076,-0.0090027,4.9097
0.031433,-0.011139,4.906
0.033875,-0.010834,4.9097
0.033875,-0.0074768,4.9072
0.034485,-0.0033569,4.9109
0.034027,-0.0015259,4.906
0.034332,-0.0027466,4.9146
0.036469,-0.0057983,4.9121
0.036316,-0.0099182,4.9109
0.038757,-0.010834,4.9109
0.037079,-0.012054,4.9133
0.037079,-0.0068665,4.9097
0.035706,-0.0054932,4.9158
0.034332,-0.007019,4.9243
0.034332,-0.0099182,4.9182
0.034332,-0.015411,4.9133
0.03418,-0.011597,4.9231
0.03418,-0.0086975,4.928
0.033417,-0.0033569,4.9243
0.031891,0.00015259,4.9304
0.028992,0.0013733,4.928
0.027618,-0.00030518,4.9304
0.025635,-0.0032043,4.9292
0.025024,-0.0041199,4.9329
0.024261,-0.0035095,4.928
0.023346,-0.0015259,4.9329
0.020599,0.00076294,4.9304
0.018616,0.0013733,4.9329
0.019379,-0.00045776,4.9426
0.02182,-0.0027466,4.9377
0.024414,-0.0035095,4.9353
0.026703,-0.004425,4.9377
0.028839,-0.0033569,4.928
0.024719,-0.0028992,4.9341
0.021973,-0.0016785,4.9316
0.019073,-0.0010681,4.9255
0.018616,0,4.9304
0.017548,0.00045776,4.9268
0.017395,0.00015259,4.9243
0.017395,-0.0012207,4.9194
0.016479,-0.0015259,4.9231
0.015869,-0.002594,4.9158
0.016022,-0.0022888,4.9158
0.017395,-0.0019836,4.9207
0.019226,-0.0016785,4.9194
0.018005,-0.0035095,4.9158
0.016937,-0.0074768,4.9133
0.01297,-0.0099182,4.9182
0.0074768,-0.010834,4.9133
0.0028992,-0.0090027,4.9158
-0.00030518,-0.0067139,4.9109
0.0010681,-0.0038147,4.9084
0.00015259,-0.0028992,4.9109
0.0076294,-0.0041199,4.9084
0.011292,-0.0048828,4.9097
0.014191,-0.0073242,4.9084
0.015717,-0.0067139,4.906
0.0177,-0.0054932,4.9109
0.020599,-0.0027466,4.9097
0.023499,-0.0038147,4.9146
0.027313,-0.0033569,4.9097
0.028381,-0.002594,4.9207
0.026703,-0.0015259,4.9219
0.025787,0.0019836,4.9243
0.024261,0.0054932,4.9158
0.023651,0.0073242,4.9292
0.024261,0.007019,4.928
0.02655,0.0041199,0.061035
0.026703,0.0021362,0.050049
0.027924,-0.00015259,0.059814
0.029144,-0.0024414,0.061035
0.029755,-0.0016785,0.058594
0.029297,-0.0024414,0.062256
0.030518,-0.002594,0.057373
0.031128,-0.0056458,0.062256
0.031586,-0.0057983,0.062256
0.03067,-0.007782,0.065918
0.028992,-0.0094604,0.058594
0.026093,-0.010681,0.065918
0.023651,-0.011597,0.065918
0.020752,-0.011444,0.067139
0.02121,-0.013733,0.068359
0.023956,-0.014954,0.063477
0.024567,-0.015411,0.065918
0.026093,-0.013123,0.057373
0.027466,-0.0099182,0.06958
0.027313,-0.0054932,0.05249
0.027771,-0.0022888,0.057373
0.029297,-0.0015259,0.048828
0.03067,-0.0033569,0.047607
0.031433,-0.0048828,0.046387
0.031128,-0.0064087,0.047607
0.029297,-0.0054932,0.043945
0.028076,-0.0041199,0.045166
0.027008,-0.0015259,0.041504
0.027771,0.00091553,0.043945
0.029449,0.0088501,0.040283
0.032196,0.0028992,0.040283
0.032196,0.0030518,0.040283
0.030518,0.0035095,0.040283
0.031433,0.0042725,0.046387
0.029297,0.0050354,0.042725
0.030975,0.0050354,0.048828
0.032806,0.0047302,0.042725
0.035553,0.0041199,0.028076
0.034027,0.0028992,0.040283
0.030212,0.0027466,0.040283
0.026703,0.0030518,0.040283
0.02182,0.0038147,0.042725
0.019073,0.0045776,0.045166
0.020142,0.0065613,0.047607
0.020752,0.0041199,0.047607
0.018921,0.0013733,0.058594
0.015717,-0.0036621,0.05249
0.013123,-0.0086975,0.059814
0.009613,-0.011597,0.059814
0.0082397,-0.011292,0.065918
0.0079346,-0.0097656,0.061035
0.0091553,-0.0079346,0.063477
0.007019,-0.0062561,0.062256
0.0057983,-0.0076294,0.061035
0.0047302,-0.0082397,0.06958
0.0032043,-0.0082397,0.062256
0.0035095,-0.0080872,0.046387
0.0035095,-0.0062561,0.059814
0.0059509,-0.0054932,0.063477
0.0065613,-0.0041199,0.05127
0.0074768,-0.0045776,0.065918
0.010681,-0.004425,0.061035
0.012054,-0.0053406,0.067139
0.013428,-0.002594,0.061035
0.013733,0.00076294,0.061035
0.014191,0.004425,0.05249
0.016479,0.0065613,0.054932
0.018616,0.0079346,0.054932
0.020599,0.0073242,0.05249
0.021667,0.0061035,0.061035
0.020752,0.0056458,0.048828
0.020752,0.0057983,0.047607
0.019684,0.0041199,0.043945
0.019226,0.0030518,0.03418
0.020294,-0.0013733,0.042725
0.022125,0.0015259,0.042725
0.021057,0.0013733,0.041504
0.02121,0.0019836,2.6587
0.019684,0.0036621,4.7717
0.016632,0.004425,4.8987
0.014648,0.0050354,4.9048
0.015259,0.0053406,4.9072
0.012512,0.0054932,4.9048
0.011749,0.0045776,4.9133
0.0086975,0.0018311,4.9146
0.0068665,0.0018311,4.9109
0.0039673,0.0012207,4.9072
0.0030518,0.00061035,4.9133
0.0016785,0.0022888,4.9194
0.0016785,0.0013733,4.9182
0.0010681,-0.0013733,4.9255
0.0012207,-0.0054932,4.9158
0.0013733,-0.0088501,4.9133
0.00091553,-0.0082397,4.9243
0.0010681,-0.0042725,4.9243
0.0016785,0.00045776,4.9255
0.0013733,0.0028992,4.9316
0.0028992,0.0035095,4.928
0.0035095,0.00045776,4.9316
0.004425,-0.0041199,4.928
0.0065613,-0.0061035,4.9353
0.0079346,-0.0068665,4.9231
0.010071,-0.0067139,4.9353
0.014648,-0.007019,4.9341
0.017853,-0.007782,4.9316
0.018921,-0.0086975,4.9353
0.018158,-0.0082397,4.9341
0.018463,-0.0064087,4.9353
0.016632,-0.002594,4.939
0.016632,-0.00045776,4.9426
0.017242,0.00030518,4.9341
0.016479,-0.00015259,4.9353
0.018616,-0.002594,4.928
0.020905,-0.004425,4.9292
0.022125,-0.0041199,4.9255
0.023346,-0.004425,4.9255
0.023956,-0.002594,4.9182
0.026245,-0.0021362,4.9243
0.026245,-0.00030518,4.8975
0.02594,-0.0010681,4.9158
0.024261,-0.00076294,4.9158
0.022125,-0.00045776,4.9194
0.020447,-0.00061035,4.9158
0.017853,0.00091553,4.9146
0.018463,0.00045776,4.9255
0.02121,0.0010681,4.9146
0.023193,0.0016785,4.9207
0.025635,0.00061035,4.9109
0.027313,-0.00015259,4.8914
0.028992,-0.00045776,4.9084
0.030365,-0.00091553,4.9121
0.031738,0.00030518,4.8987
0.032654,0.00045776,4.917
0.033722,0.00091553,4.906
0.033417,0.00061035,4.9109
0.033417,-0.0016785,4.9084
0.033875,-0.0028992,4.9133
0.034943,-0.0015259,4.9109
0.0354,0.00030518,4.9255
0.036316,0.0027466,4.9207
0.036163,0.0054932,4.9243
0.035858,0.0062561,4.9268
0.035553,0.0041199,4.9268
0.034943,0.00091553,4.9036
0.0354,-0.002594,4.9353
0.033875,-0.0013733,4.9341
0.033112,-0.00091553,4.9292
0.032806,0.0041199,4.9255
0.032196,0.0067139,4.9304
0.033569,0.0062561,4.9329
0.032806,0.0057983,0.070801
0.034637,0.0047302,0.064697
0.032043,0.0016785,0.063477
0.029907,0.0036621,0.064697
0.028229,0.0064087,0.063477
0.024872,0.0091553,0.067139
0.02533,0.011444,0.061035
0.024414,0.011292,0.065918
0.025024,0.010223,0.064697
0.024567,0.0090027,0.065918
0.023956,0.0094604,0.070801
0.023346,0.0099182,0.058594
0.021057,0.011292,0.059814
0.020294,0.011292,0.053711
0.018311,0.011139,0.036621
0.016479,0.0093079,0.050049
0.013123,0.0074768,0.050049
0.010223,0.0050354,0.042725
0.012054,0.0030518,0.048828
0.011292,0.0022888,0.041504
0.012054,0.0022888,0.037842
0.01358,0.002594,0.042725
0.015411,0.0035095,0.043945
0.016174,0.0045776,0.039063
0.018311,0.0027466,0.045166
0.019836,0.0057983,0.041504
0.021057,0.0056458,0.039063
0.022278,0.0056458,0.039063
0.022278,0.0053406,0.040283
0.025024,0.0050354,0.040283
0.025177,0.004425,0.036621
0.025787,0.0032043,0.040283
0.025635,0.0035095,0.040283
0.02594,0.0018311,0.032959
0.025177,0.0047302,0.040283
0.023346,0.0048828,0.042725
0.020905,0.0036621,0.047607
0.018311,0.0013733,0.047607
0.016174,-0.0015259,0.050049
0.015564,-0.0038147,0.057373
0.016022,-0.0039673,0.05249
0.018616,-0.0027466,0.058594
0.019836,-0.0010681,0.057373
0.021667,0.00030518,0.064697
0.02182,0.00061035,0.061035
0.02182,0.00030518,0.063477
0.022278,0.0015259,0.074463
0.02243,0.0021362,0.061035
0.020905,0.0039673,0.063477
0.019836,0.0042725,0.062256
0.018616,0.0027466,0.05249
0.018463,-0.00091553,0.061035
0.018768,-0.0047302,0.061035
0.019836,-0.0012207,0.064697
0.023804,-0.0061035,0.068359
0.024872,-0.004425,0.062256
0.027161,-0.0030518,0.063477
0.027771,-0.0013733,0.058594
0.029297,-0.0022888,0.061035
0.03067,-0.0033569,0.056152
0.03067,-0.0028992,0.056152
0.031128,-0.0033569,0.05249
0.029907,-0.0010681,0.050049
0.028229,-0.00015259,0.047607
0.023956,0.00091553,0.050049
0.022125,0.00061035,0.05249
0.02121,0.00045776,0.047607
0.020599,0.00045776,0.057373
0.021973,0.00061035,0.043945
0.024261,0.00076294,0.031738
0.026093,0.0018311,0.037842
0.027771,0.0022888,0.041504
0.028076,0.0015259,0.036621
0.028992,0.00076294,0.037842
0.028381,-0.00045776,0.0354
0.026398,-0.0010681,0.03418
0.026093,-0.00045776,0.036621
0.018616,-0.00061035,2.0215
0.013123,0.0010681,4.7363
0.0097656,-0.0015259,4.8975
0.0071716,-0.0027466,4.9084
0.0059509,-0.004425,4.9133
0.0062561,-0.0050354,4.9194
0.0079346,-0.0062561,4.906
0.0097656,-0.0035095,4.9231
0.013428,-0.0018311,4.9182
0.015259,-0.00045776,4.9146
0.017242,0,4.9231
0.018463,-0.00015259,4.9158
0.0177,-0.00076294,4.9255
0.017548,-0.0012207,4.928
0.016632,-0.0016785,4.9304
0.016174,-0.0018311,4.9292
0.016937,-0.00061035,4.9304
0.016632,-0.0010681,4.9158
0.018158,-0.00015259,4.9292
0.020142,0.0018311,4.9316
0.02243,0.0022888,4.9304
0.02533,0.0013733,4.9329
0.026245,0.0015259,4.9304
0.027771,0.0012207,4.9365
0.026093,0.00061035,4.9426
0.024567,-0.00015259,4.9402
0.024567,0.00045776,4.9414
0.025024,0.0012207,4.9353
0.025787,0.0024414,4.9158
0.025635,0.004425,4.9268
0.025635,0.0057983,4.9231
0.026093,0.0068665,4.9255
0.025177,0.0068665,4.9243
0.025177,0.0061035,4.9207
0.024719,0.0065613,4.9231
0.024719,0.007019,4.9194
0.023956,0.0073242,4.9194
0.023193,0.0086975,4.9133
0.022583,0.0079346,4.9207
0.020905,0.0099182,4.9084
0.020294,0.0085449,4.9182
0.020447,0.007019,4.9194
0.020294,0.0057983,4.9133
0.020447,0.0047302,4.9097
0.019684,0.0056458,4.9133
0.019226,0.0064087,4.8987
0.018616,0.0067139,4.9109
0.018158,0.0053406,4.9158
0.018311,0.0032043,4.9109
0.018463,0.0019836,4.906
0.018616,0.0021362,4.9072
0.018768,0.0032043,4.9084
0.018005,0.0057983,4.9084
0.017242,0.009613,4.9109
0.016937,0.0068665,4.9121
0.016327,0.0045776,4.9194
0.016327,0.0030518,4.9158
0.016937,0.0036621,4.928
0.016327,0.004425,4.9231
0.015411,0.0067139,4.9243
0.015259,0.0079346,4.9353
0.014496,0.0056458,4.9329
0.014343,0.0016785,4.9426
0.015106,-0.00076294,4.9304
0.015717,-0.0013733,4.9231
0.01709,0.0010681,4.9304
0.018005,0.0048828,4.9316
0.018921,0.0071716,4.928
0.019073,0.0091553,4.9316
0.019684,0.0074768,4.9316
0.019073,0.0050354,4.9402
0.019073,0.0032043,4.9341
0.017395,0.0010681,4.9377
0.016022,-0.0013733,4.9316
0.015717,-0.004425,0.065918
0.016022,-0.0074768,0.065918
0.016937,-0.0094604,0.063477
0.019073,-0.011292,0.067139
0.020294,-0.011444,0.057373
0.021973,-0.010223,0.056152
0.023193,-0.0083923,0.05249
0.023956,-0.0074768,0.037842
0.024109,-0.0073242,0.05127
0.023956,-0.0050354,0.048828
0.024261,-0.0035095,0.043945
0.025482,-0.0010681,0.047607
0.027466,0.00030518,0.046387
0.029602,0.0013733,0.045166
0.03418,-0.00030518,0.039063
0.037994,-0.0015259,0.041504
0.042419,0.00061035,0.037842
0.045624,0.0022888,0.041504
0.046844,0.004425,0.040283
0.046692,0.0027466,0.042725
0.04425,0.00091553,0.037842
0.041351,-0.0028992,0.041504
0.03891,-0.0059509,0.053711
0.035095,-0.0065613,0.037842
0.032959,-0.0056458,0.05127
0.030212,-0.0038147,0.040283
0.028534,-0.0050354,0.029297
0.027466,-0.0067139,0.040283
0.027924,-0.0094604,0.045166
0.028687,-0.0097656,0.050049
0.029602,-0.0080872,0.048828
0.029144,-0.0053406,0.047607
0.027924,-0.0030518,0.054932
0.025177,-0.0016785,0.053711
0.02243,-0.0010681,0.058594
0.019531,-0.0027466,0.057373
0.018158,-0.0036621,0.062256
0.018768,0.00030518,0.063477
0.020142,0.0032043,0.064697
0.018311,0.005188,0.072021
0.024872,0.0059509,0.063477
0.027161,0.0054932,0.057373
0.028381,0.0036621,0.062256
0.030212,0.0016785,0.06958
0.029297,0.0012207,0.063477
0.029297,0.0019836,0.047607
0.028687,-0.00015259,0.065918
0.027771,-0.00091553,0.062256
0.02655,-0.00076294,0.063477
0.025482,-0.0012207,0.063477
0.023193,-0.00091553,0.062256
0.023956,0.00076294,0.059814
0.023804,0,0.058594
0.024109,-0.00076294,0.059814
0.023041,-0.0018311,0.043945
0.025635,-0.0030518,0.053711
0.026245,-0.0038147,0.05249
0.027466,-0.0030518,0.050049
0.027771,-0.0042725,0.059814
0.02655,-0.0032043,0.047607
0.023956,-0.0018311,0.053711
0.023651,-0.0022888,0.046387
0.023193,-0.00076294,0.0354
0.022278,0.00045776,0.039063
0.022736,0.00076294,0.041504
0.023499,-0.00045776,0.039063
0.028687,-0.0018311,0.040283
0.024414,-0.0030518,0.036621
0.024261,-0.0041199,0.039063
0.023804,-0.0050354,0.039063
0.025024,-0.0053406,0.037842
0.025177,-0.0062561,0.03418
0.023804,-0.0076294,0.041504
0.024719,-0.0088501,0.040283
0.023804,-0.0093079,0.041504
0.02243,-0.0094604,0.039063
0.023193,-0.007782,0.042725
0.023499,-0.012817,4.4519
0.024414,-0.014801,4.8853
0.024414,-0.017242,4.9182
0.023651,-0.018921,4.9194
0.024719,-0.015259,4.9219
0.026093,-0.016632,4.9231
0.02655,-0.015717,4.9243
0.027466,-0.012512,4.9268
0.027771,-0.0091553,4.928
0.026245,-0.0068665,4.9255
0.026093,-0.0074768,4.9255
0.02594,-0.002594,4.9304
0.027008,-0.0028992,4.9316
0.028229,-0.0019836,4.9292
0.031586,-0.0016785,4.9341
0.03479,-0.0012207,4.9292
0.033569,-0.0015259,4.9329
0.032349,-0.0013733,4.9451
0.030975,-0.0032043,4.9377
0.03006,-0.0056458,4.939
0.027313,-0.0076294,4.9121
0.025024,-0.009613,4.9158
0.021973,-0.0080872,4.9304
0.019836,-0.0074768,4.9268
0.019226,-0.0057983,4.9292
0.016174,-0.0050354,4.9255
0.020294,-0.0067139,4.9243
0.022583,-0.0061035,4.9194
0.023041,-0.0064087,4.9182
0.023651,-0.0073242,4.9194
0.023651,-0.0053406,4.9109
0.022583,-0.0042725,4.9182
0.020752,-0.0028992,4.9158
0.019073,-0.0022888,4.9207
0.016632,-0.0012207,4.9133
0.014191,-0.0010681,4.9146
0.01236,-0.0012207,4.9146
0.011444,-0.0010681,4.9011
0.0091553,-0.00091553,4.9158
0.0097656,-0.0021362,4.9084
0.0099182,-0.0038147,4.9109
0.010223,-0.0041199,4.9097
0.009613,-0.0053406,4.9109
0.0088501,-0.0064087,4.9084
0.0076294,-0.0074768,4.9097
0.0065613,-0.010223,4.9109
0.004425,-0.012207,4.9109
0.0024414,-0.013275,4.9048
0.0039673,-0.013733,4.9231
0.007782,-0.0099182,4.9158
0.0093079,-0.0054932,4.9207
0.010681,-0.0022888,4.9207
0.010376,-0.0013733,4.9231
0.013275,-0.0015259,4.9377
0.014343,-0.0021362,4.928
0.015564,-0.0032043,4.9341
0.016937,-0.00030518,4.9329
0.018616,0.0042725,4.928
0.019989,0.0085449,4.9414
0.02121,0.010529,4.9304
0.021667,0.0093079,4.9304
0.023041,0.0085449,4.9304
0.02182,0.0090027,4.9316
0.022583,0.0094604,4.9316
0.024567,0.010986,4.9316
0.02533,0.012512,4.9402
0.021667,0.010834,4.9329
0.021973,0.0079346,4.9377
0.021057,0.0048828,4.9353
0.019379,0.0041199,4.9341
0.02121,0.0045776,4.9341
0.023346,0.0057983,4.9316
0.02243,0.0067139,4.9329
0.022583,0.0062561,0.057373
0.021515,0.0057983,0.065918
0.019531,0.0050354,0.05249
0.017395,0.0048828,0.05249
0.016479,0.0067139,0.048828
0.01709,0.0088501,0.046387
0.018005,0.011902,0.036621
0.018768,0.01358,0.042725
0.019684,0.015564,0.042725
0.019989,0.014648,0.045166
0.019226,0.01358,0.039063
0.019531,0.011902,0.041504
0.020752,0.010376,0.040283
0.020599,0.0091553,0.043945
0.020294,0.0091553,0.037842
0.018311,0.0079346,0.042725
0.015717,0.0080872,0.054932
0.011597,0.0061035,0.037842
0.0071716,0.0015259,0.043945
0.0073242,-0.00076294,0.040283
0.0083923,-0.002594,0.024414
0.010529,-0.0012207,0.039063
0.013733,0.00015259,0.043945
0.016174,0.00076294,0.042725
0.0177,-0.00045776,0.046387
0.017853,-0.0022888,0.046387
0.019379,-0.0041199,0.053711
0.020599,-0.0047302,0.05249
0.021362,-0.0022888,0.05249
0.021057,0.0019836,0.05249
0.020447,0.0062561,0.062256
0.019531,0.0085449,0.059814
0.019531,0.0088501,0.063477
0.020599,0.0065613,0.063477
0.023651,0.0045776,0.063477
0.025177,0.0033569,0.061035
0.027008,0.0035095,0.062256
0.028534,0.0036621,0.074463
0.028839,0.0028992,0.061035
0.028839,0.0022888,0.053711
0.02655,0.00061035,0.064697
0.027924,-0.00091553,0.065918
0.027924,0.00015259,0.063477
0.028229,0.0016785,0.068359
0.027924,0.0024414,0.061035
0.027618,0.00045776,0.063477
0.027771,-0.00061035,0.057373
0.028381,-0.0038147,0.063477
0.03006,-0.0047302,0.05249
0.032959,-0.0054932,0.057373
0.035248,-0.0027466,0.05249
0.037231,-0.00045776,0.05127
0.038452,0.0010681,0.056152
0.037384,0.0027466,0.048828
0.03479,0.0024414,0.048828
0.032501,0.0010681,0.046387
0.030518,0.00076294,0.0354
0.028992,0.00076294,0.042725
0.028076,0.0016785,0.042725
0.027161,0.0024414,0.037842
0.030212,0.0028992,0.040283
0.028381,0.0030518,0.036621
0.028839,0.0022888,0.041504
0.029297,0.0012207,0.037842
0.028687,-0.00076294,0.041504
0.028381,-0.00030518,0.036621
0.028687,0.00091553,0.042725
0.028534,0.0056458,0.042725
0.027313,0.0039673,0.043945
0.024261,0.0048828,0.037842
0.022888,0.0030518,0.041504
0.02182,0.0022888,0.047607
0.022888,0.0024414,0.046387
0.026703,0.0032043,0.057373
0.029144,0.0050354,0.050049
0.03006,0.0073242,0.037842
0.029449,0.0091553,0.054932
0.027008,0.011139,3.0237
0.026245,0.0083923,4.812
0.024872,0.007782,4.9158
0.024719,0.0068665,4.9243
0.023193,0.0073242,4.9353
0.018463,0.0086975,4.9304
0.015869,0.0094604,4.9316
0.01236,0.0067139,4.928
0.012512,0.0080872,4.9316
0.014496,0.0067139,4.9292
0.017548,0.0050354,4.9353
0.020599,0.0050354,4.9451
0.02182,0.0057983,4.939
0.02243,0.005188,4.9377
0.020599,0.0033569,4.9377
0.018768,0.00045776,4.9377
0.018311,-0.0036621,4.9329
0.016937,-0.0038147,4.9255
0.015869,-0.0013733,4.928
0.014801,0.0021362,4.9243
0.014191,0.0041199,4.9231
0.015564,0.0059509,4.9255
0.018158,0.0048828,4.9207
0.023041,0.0030518,4.9219
0.028381,0.0028992,4.9158
0.032196,0.004425,4.9182
0.035553,0.007019,4.9133
0.035553,0.0088501,4.917
0.036163,0.0083923,4.9133
0.034027,0.0064087,4.9158
0.032959,0.0048828,4.9219
0.030823,0.0050354,4.9158
0.029297,0.0059509,4.9207
0.02594,0.0079346,4.9097
0.02182,0.0086975,4.9011
0.018921,0.0074768,4.9109
0.017853,0.0027466,4.9084
0.018463,-0.0028992,4.906
0.018921,-0.0074768,4.9097
0.019989,-0.010223,4.906
0.021362,-0.011444,4.9084
0.022278,-0.0093079,4.9097
0.02182,-0.0088501,4.9194
0.021667,-0.0076294,4.9133
0.021667,-0.0071716,4.9158
0.021515,-0.0080872,4.9243
0.022583,-0.0076294,4.9231
0.024567,-0.0065613,4.928
0.025787,-0.0018311,4.9268
0.026855,0.0015259,4.928
0.028381,0.0047302,4.9304
0.031281,0.0062561,4.9377
0.034027,0.0065613,4.9316
0.036774,0.0068665,4.9255
0.040131,0.0079346,4.9292
0.041656,0.0091553,4.9304
0.041656,0.011139,4.9304
0.03952,0.011292,4.9292
0.035706,0.011292,4.9341
0.033875,0.0074768,4.9341
0.030365,0.0032043,4.9353
0.027924,0.00091553,4.9365
0.025482,-0.00045776,4.9341
0.023651,-0.00061035,4.9329
0.021667,0.00091553,4.9304
0.02243,0.0019836,4.9329
0.022736,0.0018311,4.9414
0.024872,0.0013733,4.9292
0.027313,-0.0013733,4.9255
0.029602,-0.0030518,4.9219
0.029144,-0.0030518,4.9011
0.026398,-0.0016785,4.9182
0.02182,0.0039673,4.9182
0.016937,0.0022888,0.046387
0.013275,0.0024414,0.047607
0.010681,0.0010681,0.041504
0.009613,-0.0010681,0.043945
0.0085449,-0.0015259,0.040283
0.0090027,-0.00030518,0.039063
0.010071,0.00091553,0.039063
0.010529,0.0012207,0.042725
0.012207,0.00015259,0.040283
0.014648,-0.0032043,0.041504
0.017242,-0.0071716,0.042725
0.019226,-0.0093079,0.039063
0.020599,-0.0074768,0.037842
0.019684,-0.0045776,0.042725
0.019531,-0.0022888,0.036621
0.020447,0.0012207,0.039063
0.019531,0.0010681,0.041504
0.021057,0.0012207,0.043945
0.02182,0.00061035,0.047607
0.023346,0.0021362,0.045166
0.022278,-0.00015259,0.053711
0.020294,-0.0022888,0.057373
0.018921,-0.0033569,0.056152
0.018921,-0.0047302,0.056152
0.020447,-0.0047302,0.062256
0.019989,-0.0039673,0.056152
0.019379,0.0013733,0.064697
0.018311,0.0047302,0.063477
0.01709,0.0061035,0.063477
0.016327,0.0073242,0.06958
0.015869,0.0059509,0.063477
0.017548,0.004425,0.070801
0.019531,0.0033569,0.067139
0.021667,0.0013733,0.05249
0.02121,0.00061035,0.065918
0.019684,-0.00030518,0.064697
0.0177,-0.0012207,0.063477
0.015564,-0.00045776,0.067139
0.015411,-0.00076294,0.065918
0.014343,-0.0015259,0.062256
0.015564,0.00015259,0.061035
0.015717,0.0015259,0.061035
0.016479,0.0041199,0.05249
0.017242,0.005188,0.054932
0.018158,0.0065613,0.054932
0.019836,0.0064087,0.05127
0.023041,0.0048828,0.047607
0.026703,0.0038147,0.05127
0.028687,0.0027466,0.054932
0.028229,0.0032043,0.046387
0.02533,0.0045776,0.050049
0.020599,0.0047302,0.045166
0.01709,0.0050354,0.05127
0.014343,0.0053406,0.0354
0.013123,0.0045776,0.040283
0.012665,0.0041199,0.039063
0.013275,0.0027466,0.037842
0.012512,0.0050354,0.036621
0.012054,0.0061035,0.040283
0.013885,0.0054932,0.026855
0.01709,0.0033569,0.041504
0.021362,0.00091553,0.039063
0.02533,-0.0015259,0.039063
0.028076,-0.0028992,0.039063
0.028992,-0.0028992,0.046387
0.028076,-0.0022888,0.058594
0.025024,-0.0021362,0.047607
0.02243,-0.0022888,0.053711
0.022736,-0.0019836,0.05249
0.024872,-0.0012207,0.032959
0.028076,0.00030518,0.05127
0.030365,0.0010681,0.054932
0.031281,0.0015259,0.057373
0.031128,0,0.061035
0.031281,-0.0027466,0.059814
0.032959,-0.0048828,0.062256
0.034485,-0.0062561,0.061035
0.033875,-0.0073242,0.093994
0.036774,-0.0064087,4.6265
0.03479,-0.0076294,4.9133
0.031738,-0.0076294,4.9268
0.028839,-0.0074768,4.9304
0.027924,-0.0071716,4.9377
0.030365,-0.0047302,4.9353
0.032501,-0.0010681,4.9365
0.034637,0.0018311,4.9377
0.036774,0.0032043,4.9438
0.037079,0.0030518,4.9341
0.037384,0.0028992,4.9243
0.0383,0.0010681,4.9292
0.040588,0.0013733,4.9255
0.042725,0.0019836,4.9243
0.04425,0.0010681,4.9255
0.042267,0.00061035,4.9219
0.0383,-0.00061035,4.9207
0.032806,-0.0019836,4.9146
0.029907,-0.0024414,4.9207
0.028839,-0.00091553,4.9158
0.030365,0.00015259,4.917
0.030975,0.0010681,4.9158
0.030365,0.002594,4.9158
0.031433,0.0030518,4.9146
0.028992,0.0035095,4.9011
0.027008,0.0024414,4.9121
0.026855,0.0022888,4.9121
0.027466,0.0010681,4.8987
0.026245,0.00045776,4.9097
0.023041,0.00030518,4.9084
0.021515,0.0012207,4.9084
0.019226,0.0038147,4.9084
0.017395,0.0065613,4.9097
0.017548,0.0094604,4.9109
0.019531,0.011292,4.9023
0.022125,0.010376,4.9182
0.024414,0.0088501,4.9158
0.029144,0.007019,4.9194
0.030365,0.005188,4.9207
0.030365,0.005188,4.9207
0.030212,0.0059509,4.9219
0.028076,0.007782,4.928
0.028839,0.007782,4.9304
0.029144,0.0033569,4.928
0.028229,0.0041199,4.9402
0.025787,0.004425,4.9353
0.022125,0.0019836,4.9133
0.019836,0.00015259,4.9268
0.018921,0.0015259,4.9329
0.019989,0.0015259,4.9292
0.022278,-0.0013733,4.9133
0.023499,-0.0045776,4.928
0.023499,-0.0080872,4.9353
0.019989,-0.0086975,4.9341
0.018005,-0.0074768,4.9353
0.015717,-0.0050354,4.9341
0.014648,-0.0012207,4.9414
0.018005,0.00061035,4.9329
0.016327,0.00030518,4.9341
0.021973,-0.0010681,4.939
0.023346,-0.0015259,4.9304
0.024109,-0.0038147,4.9219
0.024414,-0.002594,4.9255
0.024872,-0.00061035,4.9158
0.026703,0.00045776,4.9194
0.028381,-0.00030518,4.9194
0.030212,-0.002594,4.9158
0.029755,-0.0057983,4.9158
0.02655,-0.0082397,4.9146
0.023041,-0.009613,4.9109
0.018921,-0.0094604,4.9097
0.017242,-0.010529,4.9182
0.016785,-0.010223,0.0354
0.017242,-0.01358,0.042725
0.019073,-0.018005,0.039063
0.019073,-0.020752,0.041504
0.018616,-0.021973,0.039063
0.018463,-0.020447,0.037842
0.019226,-0.018311,0.047607
0.022278,-0.014648,0.041504
0.024567,-0.014496,0.05249
0.025482,-0.014191,0.039063
0.02594,-0.013123,0.029297
0.025787,-0.0099182,0.043945
0.026398,-0.0048828,0.045166
0.028381,0.0013733,0.045166
0.032959,0.0068665,0.048828
0.038757,0.007782,0.053711
0.043182,0.007019,0.05249
0.045776,0.0042725,0.056152
0.046539,0.0015259,0.061035
0.046234,0,0.057373
0.044098,0,0.061035
0.041199,0.002594,0.064697
0.037537,0.0041199,0.062256
0.03479,0.0048828,0.070801
0.03067,0.0041199,0.062256
0.027161,0.0013733,0.061035
0.025635,-0.0024414,0.061035
0.024719,-0.0045776,0.067139
0.025024,-0.0054932,0.063477
0.026245,-0.0065613,0.065918
0.026093,-0.0065613,0.063477
0.026245,-0.0065613,0.065918
0.024414,-0.0068665,0.064697
0.020447,-0.007019,0.062256
0.017395,-0.0045776,0.057373
0.013428,-0.0016785,0.063477
0.010834,0.0021362,0.054932
0.0093079,0.0047302,0.056152
0.010376,0.0054932,0.053711
0.010529,0.0053406,0.054932
0.01236,0.0054932,0.047607
0.011292,0.0050354,0.053711
0.012207,0.0050354,0.057373
0.013733,0.0042725,0.048828
0.01709,0.0027466,0.053711
0.018768,0.0016785,0.045166
0.019836,0.00015259,0.032959
0.018463,-0.0016785,0.037842
0.013428,0.00076294,0.040283
0.014191,0.0035095,0.036621
0.012054,0.0056458,0.039063
0.012817,0.0050354,0.03418
0.014343,0.0033569,0.039063
0.017395,0.0010681,0.037842
0.016479,-0.00076294,0.039063
0.016785,-0.00015259,0.040283
0.016479,-0.00015259,0.041504
0.016632,0.0030518,0.041504
0.01709,0.0059509,0.043945
0.018158,0.0090027,0.05127
0.017242,0.0080872,0.043945
0.015869,0.007019,0.045166
0.01297,0.0061035,0.047607
0.010986,0.0064087,0.050049
0.0091553,0.0097656,0.05249
0.0085449,0.014801,0.056152
0.0090027,0.018921,0.057373
0.010376,0.020905,0.058594
0.011749,0.020294,0.058594
0.013428,0.020447,0.058594
0.01297,0.018768,0.062256
0.012207,0.015106,0.062256
0.011292,0.016632,0.058594
0.0099182,0.016174,0.062256
0.0088501,0.015106,0.056152
0.0079346,0.010223,0.065918
0.0067139,0.0079346,0.063477
0.0053406,0.0048828,0.063477
0.0045776,0.0033569,4.198
0.0042725,0.0042725,4.8889
0.0048828,0.005188,4.9292
0.0067139,0.0073242,4.9316
0.007782,0.0090027,4.9207
0.0099182,0.0086975,4.9292
0.010681,0.0088501,4.9268
0.010376,0.0090027,4.9133
0.0097656,0.0099182,4.9243
0.0086975,0.011749,4.9231
0.0080872,0.013275,4.9219
0.007782,0.014801,4.9158
0.0079346,0.013733,4.9231
0.0088501,0.013275,4.9133
0.0085449,0.010681,4.9194
0.0093079,0.009613,4.9158
0.010986,0.0093079,4.9158
0.012665,0.0094604,4.9097
0.013275,0.0091553,4.9146
0.016479,0.0082397,4.9146
0.017853,0.0053406,4.9109
0.019226,0.0028992,4.9146
0.019836,0.0016785,4.9109
0.020142,0.0018311,4.9097
0.019684,0.0041199,4.9133
0.022125,0.0082397,4.9084
0.024109,0.010681,4.9072
0.024719,0.010834,4.9109
0.026855,0.0091553,4.9036
0.027161,0.0086975,4.9158
0.027161,0.0094604,4.9133
0.026398,0.011139,4.9207
0.027008,0.011444,4.9158
0.028534,0.010529,4.9231
0.028076,0.0057983,4.9194
0.027466,0.0033569,4.9292
0.025787,0,4.9377
0.022583,-0.00030518,4.9292
0.020294,0,4.9329
0.018158,0.0012207,4.9365
0.016937,0.0016785,4.9255
0.014496,0.00045776,4.9304
0.013885,-0.0015259,4.9292
0.013123,-0.0028992,4.9316
0.016022,-0.0030518,4.9304
0.017242,-0.0015259,4.9353
0.018768,-0.00015259,4.9341
0.021515,0.00076294,4.9329
0.023499,-0.00061035,4.9353
0.02594,0.00030518,4.9304
0.025177,-0.00076294,4.9365
0.030518,-0.0012207,4.9329
0.032196,-0.0013733,4.9353
0.034637,-0.00015259,4.9353
0.034637,0.0016785,4.9304
0.037842,0.002594,4.9304
0.037842,0.0022888,4.9268
0.038605,0.0027466,4.9341
0.037231,0.0024414,4.9207
0.039215,0.0032043,4.9036
0.0354,0.0064087,4.9182
0.03418,0.0082397,4.9194
0.033875,0.010223,4.9146
0.03418,0.010529,4.917
0.033112,0.0082397,4.9133
0.032501,0.0059509,4.9121
0.032196,0.0047302,4.9084
0.03006,0.0047302,4.9109
0.029755,0.007019,4.9097
0.028992,0.009613,4.9133
0.026398,0.010376,4.9109
0.02533,0.0086975,4.9158
0.023956,0.0068665,0.048828
0.023956,0.0057983,0.041504
0.026855,0.0057983,0.047607
0.027008,0.007782,0.041504
0.025787,0.010376,0.028076
0.027008,0.011749,0.040283
0.026703,0.011139,0.045166
0.027313,0.0093079,0.043945
0.027313,0.0079346,0.048828
0.02655,0.0039673,0.050049
0.026398,0.0071716,0.05127
0.025635,0.0090027,0.054932
0.023041,0.011139,0.057373
0.023956,0.011597,0.057373
0.02121,0.010223,0.062256
0.019989,0.0061035,0.063477
0.019684,0.0018311,0.064697
0.018311,-0.0030518,0.062256
0.020752,-0.0057983,0.063477
0.02121,-0.0053406,0.065918
0.020599,-0.0065613,0.061035
0.020294,-0.004425,0.074463
0.020142,-0.0035095,0.064697
0.020905,-0.0042725,0.056152
0.02121,-0.00061035,0.062256
0.02243,-0.0039673,0.067139
0.023499,-0.0010681,0.064697
0.023956,0.0019836,0.065918
0.025024,0.0050354,0.058594
0.026398,0.0050354,0.062256
0.027313,0.0035095,0.058594
0.029907,0.00045776,0.057373
0.031891,-0.0015259,0.05127
0.030975,-0.0019836,0.053711
0.028992,-0.0010681,0.048828
0.027008,0.0016785,0.05249
0.02121,0.0028992,0.059814
0.019531,0.00076294,0.047607
0.018005,-0.0027466,0.046387
0.018158,-0.0068665,0.043945
0.016937,-0.0086975,0.024414
0.019531,-0.0099182,0.030518
0.020294,-0.011292,0.041504
0.020599,-0.014038,0.037842
0.022125,-0.017548,0.040283
0.022888,-0.019836,0.036621
0.024261,-0.02121,0.042725
0.024872,-0.016174,0.037842
0.02594,-0.011749,0.040283
0.026093,-0.0039673,0.037842
0.025787,0.0018311,0.042725
0.026855,0.0059509,0.041504
0.030365,0.0073242,0.042725
0.034943,0.0057983,0.042725
0.040741,0.0045776,0.047607
0.044098,0.0062561,0.048828
0.045471,0.0045776,0.046387
0.044098,0.002594,0.059814
0.040894,-0.0022888,0.05127
0.036469,-0.0059509,0.046387
0.032654,-0.007782,0.056152
0.028992,-0.0076294,0.057373
0.026093,-0.0033569,0.057373
0.023346,-0.00091553,0.062256
0.016785,-0.0024414,0.059814
0.016327,-0.00015259,0.064697
0.014954,-0.0016785,0.059814
0.016785,-0.0050354,0.062256
0.019226,-0.0053406,0.056152
0.022736,-0.0048828,0.063477
0.024109,-0.0010681,0.063477
0.023346,0.00076294,0.068359
0.019684,0.00091553,0.074463
0.017395,-0.0012207,0.068359
0.015717,-0.0024414,0.067139
0.016022,-0.0027466,0.063477
0.016937,-0.0010681,0.057373
0.016785,0.00061035,0.062256
0.015259,0.0015259,4.2932
0.013733,0,4.8804
0.012665,-0.0032043,4.9207
0.015259,-0.0047302,4.9207
0.019073,-0.0050354,4.9194
0.02243,-0.0032043,4.9158
0.023956,-0.0019836,4.9109
0.023193,-0.00015259,4.9133
0.020905,0,4.9133
0.017548,0.00091553,4.9182
0.016327,0.0016785,4.917
0.015411,0.0048828,4.9109
0.014191,0.0079346,4.917
0.013275,0.0097656,4.9207
0.010834,0.0085449,4.9121
0.010376,0.0045776,4.9207
0.0097656,-0.00030518,4.9097
0.011292,-0.005188,4.8975
0.012665,-0.0074768,4.9084
0.013733,-0.0074768,4.9048
0.014191,-0.0056458,4.906
0.012207,-0.0027466,4.9097
0.010529,-0.00091553,4.9048
0.0076294,0.0021362,4.9109
0.007019,0.0027466,4.9109
0.0076294,0.0047302,4.9194
0.010376,0.0062561,4.9158
0.014038,0.007782,4.9219
0.017853,0.010071,4.9207
0.021362,0.012207,4.9255
0.024872,0.01358,4.9365
0.026703,0.01358,4.9292
0.028076,0.011902,4.9329
0.028076,0.0097656,4.9316
0.028229,0.0062561,4.9341
0.026245,0.0041199,4.9304
0.022888,0.0036621,4.9255
0.019531,0.0045776,4.9341
0.015411,0.0064087,4.9365
0.01358,0.0079346,4.9255
0.011444,0.0090027,4.9377
0.011902,0.0088501,4.9353
0.013733,0.007782,4.9377
0.015717,0.0073242,4.9341
0.015717,0.0068665,4.9353
0.014954,0.0064087,4.9304
0.014191,0.0093079,4.9353
0.013123,0.010681,4.9304
0.012817,0.010986,4.9304
0.012512,0.0091553,4.9365
0.011444,0.005188,4.9268
0.010529,0.0074768,4.9182
0.0074768,0.0086975,4.9207
0.0071716,0.010071,4.9109
0.0073242,0.010376,4.9194
0.0074768,0.0085449,4.917
0.0091553,0.0050354,4.9133
0.010529,0.0016785,4.9182
0.011902,-0.00015259,4.9109
0.012512,-0.0012207,4.9121
0.013275,-0.0010681,4.9097
0.014496,-0.00076294,4.9121
0.015564,-0.0015259,4.9048
0.017242,-0.00091553,4.9133
0.019226,-0.0015259,4.9109
0.019836,-0.0019836,4.9109
0.021515,-0.0019836,4.9097
0.021057,-0.0030518,4.9109
0.023956,-0.0018311,4.9097
0.024567,-0.0018311,4.9097
0.02533,-0.0010681,4.9072
0.02655,0,0.042725
0.027161,0.00030518,0.032959
0.027618,0.00045776,0.043945
0.027466,0.0012207,0.046387
0.027466,0.00076294,0.048828
0.028076,0.00045776,0.05249
0.028229,-0.00061035,0.05249
0.028076,-0.00030518,0.059814
0.027771,-0.00030518,0.056152
0.027313,-0.0013733,0.058594
0.027161,-0.0019836,0.058594
0.027771,-0.002594,0.065918
0.027618,-0.0042725,0.057373
0.027771,-0.0065613,0.065918
0.028687,-0.0086975,0.070801
0.028229,-0.010681,0.061035
0.025177,-0.01236,0.065918
0.024261,-0.011902,0.063477
0.026093,-0.010986,0.045166
0.027313,-0.0085449,0.065918
0.027618,-0.0054932,0.063477
0.028839,-0.0030518,0.067139
0.031433,0.00015259,0.067139
0.033417,0.0016785,0.061035
0.035248,0.002594,0.063477
0.037231,0.0030518,0.057373
0.039063,0.0013733,0.059814
0.031586,0.0019836,0.050049
0.033875,0.00061035,0.05249
0.031281,0.0013733,0.05249
0.028381,0.00061035,0.047607
0.027161,-0.00015259,0.05127
0.024261,-0.00061035,0.047607
0.023956,-0.0032043,0.048828
0.024567,-0.0036621,0.043945
0.024872,-0.0042725,0.041504
0.026703,-0.0048828,0.043945
0.027618,-0.0047302,0.030518
0.028992,-0.005188,0.039063
0.029755,-0.0047302,0.036621
0.030212,-0.0039673,0.036621
0.029907,-0.0038147,0.040283
0.024872,-0.0033569,0.036621
0.026855,-0.0033569,0.039063
0.02533,-0.00091553,0.036621
0.023041,0.0013733,0.039063
0.022583,0.0030518,0.041504
0.023193,0.0045776,0.041504
0.023804,0.0057983,0.041504
0.025177,0.0042725,0.043945
0.027466,0.0028992,0.053711
0.028687,0.0021362,0.050049
0.03006,0.0012207,0.058594
0.029755,0.00061035,0.05127
0.027924,-0.00015259,0.042725
0.025177,-0.0015259,0.058594
0.021667,-0.0036621,0.057373
0.017395,-0.0064087,0.057373
0.015106,-0.0085449,0.057373
0.013275,-0.010071,0.059814
0.015259,-0.0094604,0.061035
0.013275,-0.0073242,0.058594
0.013885,-0.0045776,0.063477
0.014343,-0.0022888,0.058594
0.018768,-0.00091553,0.063477
0.02243,-0.0016785,0.065918
0.02594,-0.0016785,0.064697
0.028076,-0.0015259,0.067139
0.028992,-0.0024414,0.067139
0.028381,-0.002594,0.067139
0.029602,-0.0027466,0.065918
0.028381,-0.0033569,0.074463
0.025787,-0.0021362,0.062256
0.023804,-0.0015259,0.050049
0.019684,-0.0016785,0.053711
0.019379,0.0013733,0.056152
0.018463,-0.005188,0.050049
0.017548,-0.0085449,0.05127
0.016174,-0.010376,1.3672
0.016937,-0.011597,4.707
0.017548,-0.010223,4.9011
0.018616,-0.0088501,4.9121
0.020294,-0.0080872,4.9121
0.022736,-0.0059509,4.9158
0.02533,-0.0015259,4.9121
0.025787,-0.0016785,4.9109
0.02655,0.00045776,4.9243
0.02594,0.0047302,4.9109
0.025635,0.0061035,4.9121
0.025177,0.004425,4.9109
0.028381,-0.00076294,4.8877
0.02655,-0.0042725,4.9097
0.027161,-0.0059509,4.9084
0.026093,-0.0048828,4.9072
0.025482,-0.00061035,4.9072
0.026398,0.0027466,4.9097
0.026703,0.0035095,4.9133
0.028687,0.0042725,4.9109
0.030212,0.0047302,4.9158
0.032501,0.0050354,4.9146
0.033722,0.0061035,4.9219
0.033722,0.0061035,4.9255
0.034332,0.0048828,4.9255
0.032654,0.0036621,4.9255
0.027008,0.0012207,4.9255
0.023193,-0.00030518,4.928
0.020294,-0.00045776,4.9329
0.0177,-0.00061035,4.9451
0.013885,0.00061035,4.9304
0.011139,0.0012207,4.9194
0.0082397,0.0012207,4.9304
0.0082397,0.0012207,4.9329
0.0086975,0.0022888,4.928
0.010681,0.0028992,4.9353
0.013275,0.0019836,4.9329
0.013733,0,4.9353
0.013275,-0.0010681,4.9353
0.012512,-0.0027466,4.9365
0.0090027,-0.0027466,4.9329
0.0064087,-0.002594,4.9341
0.0041199,-0.0018311,4.9304
0.002594,-0.0013733,4.9316
0.0028992,-0.0019836,4.9365
0.0035095,-0.0013733,4.9243
0.005188,0.004425,4.9231
0.0083923,0.0027466,4.9219
0.010529,0.0035095,4.9133
0.015106,0.0035095,4.9194
0.018921,0.0036621,4.9182
0.021362,0.0056458,4.917
0.022125,0.0085449,4.9158
0.020599,0.011597,4.9097
0.019226,0.012665,4.9158
0.016937,0.010223,4.9097
0.013733,0.005188,4.9121
0.012817,0.0053406,4.906
0.01297,0.0057983,4.9097
0.013885,0.007782,4.9109
0.015259,0.0091553,4.9158
0.015411,0.0088501,4.9097
0.016022,0.007782,4.9121
0.015411,0.0068665,4.9182
0.016479,0.007782,4.9109
0.016632,0.0093079,4.9146
0.016479,0.011749,4.9121
0.015717,0.012665,4.9036
0.01297,0.012054,4.9133
0.0099182,0.011139,4.9158
0.0062561,0.0097656,4.9182
0.0033569,0.0094604,4.9231
0.0019836,0.010986,0.054932
0.0013733,0.01297,0.057373
0.00045776,0.014801,0.057373
0.00091553,0.015717,0.062256
0.0019836,0.014954,0.05127
0.0010681,0.012054,0.054932
0.0019836,0.0099182,0.062256
0.0036621,0.007782,0.062256
0.0035095,0.0082397,0.076904
0.0028992,0.010834,0.062256
0.0016785,0.012054,0.058594
-0.00045776,0.012207,0.063477
-0.0018311,0.010986,0.064697
-0.0041199,0.0086975,0.062256
-0.0048828,0.0061035,0.065918
-0.004425,0.005188,0.067139
-0.0015259,0.0076294,0.064697
0.0022888,0.0097656,0.061035
0.0059509,0.011749,0.064697
0.0099182,0.012207,0.057373
0.012665,0.012665,0.058594
0.014648,0.011139,0.05249
0.0177,0.011902,0.053711
0.019531,0.013733,0.05249
0.021362,0.015717,0.05249
0.021667,0.016937,0.048828
0.020905,0.016937,0.045166
0.018158,0.016632,0.059814
0.016632,0.014496,0.046387
0.014954,0.013428,0.059814
0.015869,0.01236,0.042725
0.017853,0.0099182,0.0354
0.020447,0.0082397,0.040283
0.022583,0.0061035,0.039063
0.023956,0.0036621,0.03418
0.023651,0.002594,0.040283
0.022888,0.0018311,0.03418
0.02243,0.0028992,0.036621
0.021057,0.0045776,0.039063
0.019684,0.0054932,0.041504
0.017242,0.0047302,0.0354
0.015717,0.0021362,0.042725
0.013885,-0.00045776,0.042725
0.014954,-0.0035095,0.043945
0.015564,-0.0039673,0.05127
0.0177,-0.0027466,0.048828
0.021362,-0.00076294,0.05127
0.024109,0,0.048828
0.025787,0,0.05249
0.026093,-0.00091553,0.056152
0.025787,-0.0018311,0.063477
0.026093,-0.0028992,0.057373
0.027161,-0.0027466,0.061035
0.028381,-0.00061035,0.062256
0.030518,0.0015259,0.062256
0.030212,-0.00045776,0.058594
0.030823,0.00091553,0.063477
0.028839,0.00015259,0.056152
0.028992,-0.0013733,0.062256
0.027466,-0.002594,0.063477
0.028687,-0.0024414,0.064697
0.029755,-0.00091553,0.064697
0.028992,0.00015259,0.068359
0.028381,0.0015259,0.075684
0.028687,0.0018311,0.065918
0.028534,-0.0035095,0.068359
0.029449,-0.0015259,0.063477
0.030212,-0.002594,0.039063
0.031891,-0.0022888,0.054932
0.032043,-0.00076294,0.054932
0.029907,0.0013733,0.05249
0.028839,0.0027466,0.050049
0.02655,0.00076294,0.047607
0.025177,-0.002594,0.050049
0.021973,-0.0041199,0.043945
0.020294,-0.0045776,0.047607
0.019531,-0.0021362,0.042725
0.018311,0.0022888,0.045166
0.018463,0.0057983,4.0149
0.018768,0.007019,4.8547
0.019684,0.0047302,4.906
0.023193,0.0024414,4.9097
0.025177,0.0018311,4.9084
0.027313,0.0028992,4.9097
0.028076,0.0038147,4.9048
0.027466,0.0038147,4.9084
0.026703,0.0022888,4.9182
0.025482,-0.0012207,4.9097
0.024872,-0.0027466,4.9097
0.024109,-0.0021362,4.9072
0.023956,-0.00076294,4.9072
0.023804,0.00061035,4.9109
0.02243,0.0028992,4.9146
0.022125,0.0013733,4.9121
0.023804,-0.00091553,4.9255
0.024872,-0.0048828,4.9182
0.027313,-0.0071716,4.928
0.026703,-0.0067139,4.9231
0.025482,-0.0056458,4.9292
0.023956,-0.0016785,4.939
0.023193,0.002594,4.928
0.022583,0.0018311,4.939
0.023651,0.00061035,4.9329
0.023193,-0.0012207,4.9231
0.024414,-0.00076294,4.9292
0.024567,0.0018311,4.9304
0.024414,0.0057983,4.9304
0.024719,0.0080872,4.9353
0.027924,0.0074768,4.9341
0.030518,0.0024414,4.9353
0.032196,0.00015259,4.9341
0.03418,-0.0016785,4.9426
0.034943,0.0010681,4.9329
0.033417,0.0032043,4.9341
0.031586,0.0022888,4.9353
0.028076,0.00015259,4.9316
0.025787,-0.004425,4.9268
0.025177,-0.010834,4.9304
0.023346,-0.014954,4.9316
0.024109,-0.016327,4.9219
0.024567,-0.015869,4.9292
0.024109,-0.014038,4.9182
0.023651,-0.013733,4.9146
0.021515,-0.012665,4.9133
0.021362,-0.011902,4.917
0.020447,-0.0085449,4.9133
0.021973,-0.0062561,4.9121
0.022888,-0.0032043,4.9084
0.023041,-0.0019836,4.9158
0.02121,-0.00076294,4.9084
0.024567,-0.00091553,4.9109
0.022278,0.00030518,4.9109
0.024261,0.00045776,4.9158
0.027161,0.00091553,4.9109
0.03006,0.0016785,4.9146
0.030518,0.0032043,4.9231
0.029602,0.0073242,4.9109
0.028381,0.0099182,4.9158
0.028839,0.012512,4.9133
0.029602,0.012512,4.8962
0.029297,0.0097656,4.9146
0.030365,0.0053406,4.9158
0.030365,0.0010681,4.917
0.03006,0.00091553,4.906
0.028534,0.0035095,4.917
0.027161,0.0056458,4.9243
0.02655,0.0085449,4.9255
0.026703,0.0057983,4.928
0.026703,0.002594,4.9255
0.02655,0.00030518,4.9365
0.02655,-0.00076294,0.065918
0.024109,0.0030518,0.064697
0.021667,0.0048828,0.065918
0.017548,0.0039673,0.062256
0.015717,0.0013733,0.064697
0.014648,-0.0015259,0.065918
0.013885,-0.0045776,0.078125
0.012512,-0.00076294,0.063477
0.011139,-0.00015259,0.057373
0.007782,0.0024414,0.067139
0.0057983,0.0022888,0.067139
0.0041199,0.0018311,0.061035
0.0057983,-0.0019836,0.061035
0.0074768,-0.00076294,0.059814
0.0097656,-0.0059509,0.043945
0.012665,-0.0053406,0.054932
0.014191,-0.0036621,0.056152
0.014648,-0.0036621,0.048828
0.013123,-0.004425,0.053711
0.016022,-0.0065613,0.048828
0.017242,-0.0038147,0.050049
0.018768,-0.0012207,0.05249
0.018616,0.00061035,0.048828
0.018311,0.0035095,0.047607
0.016632,0.0036621,0.041504
0.016022,0.0021362,0.023193
0.016479,0.0015259,0.040283
0.017548,0.0021362,0.040283
0.017853,0.0024414,0.036621
0.01709,0.0019836,0.041504
0.014648,0.0018311,0.037842
0.012512,0.00076294,0.039063
0.010681,0.00015259,0.037842
0.0097656,0.0010681,0.040283
0.010223,0.0030518,0.037842
0.010376,0.0032043,0.045166
0.0093079,0.002594,0.039063
0.0065613,0.00045776,0.046387
0.0057983,0,0.042725
0.0028992,-0.00045776,0.050049
0.0027466,0.00076294,0.05127
0.0035095,0.002594,0.050049
0.0057983,0.0027466,0.059814
0.0067139,0.00076294,0.054932
0.0079346,-0.0024414,0.047607
0.0054932,-0.0042725,0.056152
0.0041199,-0.0045776,0.05249
0.0019836,-0.0027466,0.058594
0.0027466,-0.00015259,0.061035
0.0053406,0.0013733,0.057373
0.0090027,-0.002594,0.064697
0.012665,0.0012207,0.059814
0.014496,0.0019836,0.063477
0.015259,0.0032043,0.059814
0.014801,0.0048828,0.065918
0.014191,0.004425,0.064697
0.015869,0.0013733,0.065918
0.018005,-0.0021362,0.074463
0.020447,-0.0050354,0.065918
0.020599,-0.0054932,0.062256
0.019073,-0.0039673,0.063477
0.015869,-0.0010681,0.05127
0.013275,-0.00045776,0.057373
0.012817,0,0.054932
0.015411,-0.00045776,0.05127
0.019531,-0.00015259,0.05249
0.022125,0.0015259,0.050049
0.022125,0.004425,0.047607
0.021515,0.0073242,0.041504
0.021057,0.0059509,0.048828
0.022583,0.0061035,0.041504
0.025024,0.0039673,0.047607
0.027008,0.0021362,0.046387
0.027771,0.00015259,0.042725
0.026703,-0.00061035,0.040283
0.024872,-0.0013733,0.041504
0.022125,-0.0021362,0.050049
0.019989,-0.0030518,0.041504
0.020142,-0.0041199,3.9832
0.020447,-0.005188,4.8462
0.021362,-0.0059509,4.895
0.02182,-0.0073242,4.906
0.019684,-0.0085449,4.9072
0.017853,-0.0082397,4.8999
0.014954,-0.0080872,4.9109
0.015106,-0.0082397,4.9109
0.016479,-0.0076294,4.9146
0.018311,-0.0057983,4.9133
0.020447,-0.0047302,4.9231
0.019379,-0.0030518,4.9072
0.020905,-0.002594,4.9219
0.022278,-0.0024414,4.9243
0.024414,-0.0015259,4.928
0.027313,-0.0013733,4.9353
0.030518,-0.0024414,4.9292
0.032959,-0.002594,4.9341
0.033569,-0.0045776,4.9329
0.031891,-0.0056458,4.9365
0.030212,-0.0047302,4.9329
0.028381,-0.0041199,4.9402
0.026703,-0.0035095,4.9268
0.027313,-0.0030518,4.9316
0.031891,-0.0036621,4.9304
0.028229,-0.0056458,4.9353
0.029449,-0.0064087,4.9304
0.028381,-0.0054932,4.9414
0.027466,-0.0032043,4.9329
0.028229,-0.0016785,4.9365
0.030212,-0.00015259,4.9304
0.028229,-0.00061035,4.9329
0.031738,-0.0015259,4.9097
0.03006,-0.0080872,4.9292
0.028839,0.0021362,4.9365
0.02594,0.0062561,4.9219
0.023499,0.0097656,4.9255
0.023499,0.012665,4.9231
0.023956,0.011139,4.9036
0.026093,0.007019,4.9146
0.026245,0.0042725,4.9207
0.027161,0.0039673,4.9158
0.025024,0.0064087,4.9158
0.023193,0.0091553,4.9097
0.02243,0.0099182,4.9121
0.022278,0.0076294,4.9097
0.022888,0.0041199,4.9097
0.020905,0.00061035,4.906
0.019684,-0.0039673,4.8901
0.01709,-0.002594,4.9109
0.014038,-0.0021362,4.9109
0.012817,-0.0013733,4.9146
0.013275,-0.0010681,4.9097
0.016327,-0.0035095,4.9084
0.018463,-0.0042725,4.9133
0.019379,-0.0048828,4.9048
0.018616,-0.0036621,4.9146
0.017853,-0.00091553,4.9182
0.015411,0,4.9182
0.015564,-0.0015259,4.9194
0.01709,-0.0024414,4.9182
0.019073,-0.004425,4.9255
0.020142,-0.0056458,4.9255
0.019226,-0.0064087,4.9304
0.016785,-0.0073242,4.9158
0.01297,-0.0093079,4.9341
0.012817,-0.0093079,4.9304
0.013885,-0.0091553,4.9329
0.015106,-0.009613,4.928
0.016327,-0.009613,4.9109
0.016785,-0.0099182,4.9414
0.014954,-0.010986,4.9329
0.014954,-0.010834,4.9414
0.015717,-0.0093079,0.065918
0.019226,-0.0053406,0.053711
0.024109,-0.00045776,0.068359
0.027466,0.00076294,0.063477
0.028229,0.00091553,0.063477
0.028229,-0.00045776,0.064697
0.027924,-0.0012207,0.058594
0.028076,-0.0015259,0.056152
0.03006,0.00015259,0.056152
0.033569,0.0018311,0.056152
0.034943,0.00091553,0.050049
0.036163,-0.0028992,0.050049
0.032806,-0.0088501,0.047607
0.028381,-0.010834,0.050049
0.025024,-0.0094604,0.047607
0.020447,-0.0064087,0.048828
0.019226,-0.0032043,0.046387
0.017395,-0.0015259,0.041504
0.016327,-0.0074768,0.039063
0.013885,-0.011902,0.041504
0.0099182,-0.016327,0.039063
0.013428,-0.017395,0.037842
0.014496,-0.016174,0.039063
0.017853,-0.014038,0.039063
0.022125,-0.01236,0.040283
0.023499,-0.012207,0.036621
0.024719,-0.012665,0.041504
0.021515,-0.010834,0.037842
0.023499,-0.0067139,0.039063
0.022278,-0.00076294,0.040283
0.022278,0.0018311,0.046387
0.02243,0.002594,0.045166
0.026398,0.00045776,0.047607
0.023499,-0.0015259,0.061035
0.02182,-0.0019836,0.047607
0.020752,-0.0027466,0.057373
0.0177,-0.00076294,0.056152
0.016022,-0.00045776,0.041504
0.016632,-0.0021362,0.056152
0.018463,-0.0050354,0.059814
0.019379,-0.0068665,0.059814
0.023346,-0.0064087,0.059814
0.024719,-0.0028992,0.057373
0.026245,0.0021362,0.064697
0.025787,0.0071716,0.059814
0.023956,0.0090027,0.065918
0.020294,0.0090027,0.062256
0.014343,0.007782,0.065918
0.0083923,0.0057983,0.064697
0.0062561,0.004425,0.067139
-0.0016785,0.0021362,0.073242
-0.0057983,-0.00076294,0.068359
-0.0065613,-0.0045776,0.063477
-0.0048828,-0.0099182,0.062256
-0.00030518,-0.014496,0.072021
0.0042725,-0.017548,0.057373
0.0071716,-0.016327,0.036621
0.009613,-0.013428,0.05249
0.009613,-0.0047302,0.05249
0.007782,0.0038147,0.048828
0.0061035,0.011139,0.048828
0.0057983,0.019379,0.045166
0.0080872,0.018311,0.046387
0.011749,0.019989,0.045166
0.017242,0.019226,0.043945
0.021667,0.016632,0.041504
0.025635,0.013733,0.043945
0.030365,0.013275,0.040283
0.033417,0.011597,0.041504
0.035248,0.0099182,0.050049
0.032501,0.0067139,0.039063
0.027924,0.0042725,0.047607
0.019684,0.0013733,0.039063
0.0088501,0.0022888,0.026855
0.00061035,0.0045776,0.037842
-0.0041199,0.0065613,0.039063
-0.0038147,0.0071716,0.036621
0.00061035,0.0065613,3.324
0.0062561,0.0053406,4.8145
0.012512,0.0030518,4.9036
0.016632,0.0015259,4.9072
0.017548,0.0021362,4.9207
0.017548,0.0028992,4.9207
0.016022,0.004425,4.9231
0.01236,0.0061035,4.928
0.0071716,0.0057983,4.9329
-0.00015259,0.0039673,4.928
-0.0039673,0.0019836,4.9329
-0.010071,0.0013733,4.928
-0.012054,0.002594,4.9329
-0.010834,0.0045776,4.9377
-0.0071716,0.0050354,4.9316
-0.0015259,0.005188,4.9109
0.0038147,0.0053406,4.9304
0.0088501,0.0054932,4.9316
0.014191,0.0074768,4.9329
0.016479,0.011749,4.9304
0.019684,0.014954,4.9353
0.021667,0.018311,4.9353
0.023651,0.020142,4.9365
0.025177,0.020294,4.9329
0.025635,0.017242,4.928
0.02655,0.013275,4.9329
0.024567,0.0083923,4.9255
0.023346,0.0045776,4.9292
0.022736,0.0015259,4.9353
0.022125,0.0016785,4.9243
0.022278,0.00061035,4.9231
0.02121,0.00015259,4.917
0.019989,-0.0022888,4.9036
0.018616,-0.0038147,4.9133
0.016632,-0.0033569,4.9133
0.016479,-0.0024414,4.9158
0.015717,-0.0012207,4.9036
0.016174,0.0015259,4.9109
0.015869,0.00061035,4.9133
0.015259,-0.00091553,4.9084
0.014648,-0.0016785,4.9109
0.01358,-0.00091553,4.906
0.013885,0.0012207,4.9182
0.015259,0.0056458,4.9097
0.016785,0.0071716,4.9121
0.019684,0.0061035,4.906
0.020599,0.0048828,4.9121
0.023346,0.0024414,4.9146
0.024567,0.0042725,4.9133
0.026703,0.0030518,4.9231
0.029602,0.0039673,4.9133
0.028839,0.005188,4.9072
0.032654,0.0053406,4.9207
0.031738,0.0057983,4.9158
0.031891,0.007019,4.9194
0.031586,0.0071716,4.9292
0.031281,0.0085449,4.9231
0.031586,0.0082397,4.928
0.031128,0.0068665,4.9304
0.032349,0.0036621,4.9341
0.032043,-0.0012207,4.928
0.032043,-0.004425,4.9304
0.032806,-0.0059509,4.9304
0.03006,-0.0038147,4.9316
0.029755,0.00045776,4.9426
0.027924,0.0038147,4.9341
0.027924,0.0056458,4.9329
0.028381,0.005188,4.9341
0.028839,0.0038147,4.9353
0.029755,0.0019836,4.9353
0.03006,0,4.9316
0.030518,-0.00076294,4.9292
0.030823,-0.0028992,4.9329
0.028381,-0.0038147,4.9304
0.027313,-0.0048828,0.058594
0.026703,-0.0045776,0.054932
0.026398,-0.0056458,0.054932
0.02655,-0.0032043,0.048828
0.026703,-0.00030518,0.05249
0.026398,0.0035095,0.050049
0.026703,0.0035095,0.05127
0.027771,0.010681,0.046387
0.03006,0.011444,0.046387
0.032501,0.011444,0.058594
0.034332,0.0090027,0.041504
0.034485,0.0047302,0.053711
0.03418,0.005188,0.040283
0.032501,0.0039673,0.032959
0.029449,0.0032043,0.037842
0.027161,0.0013733,0.042725
0.026703,-0.00061035,0.039063
0.02594,-0.0038147,0.039063
0.026245,-0.0057983,0.0354
0.025177,-0.0047302,0.041504
0.02533,-0.00045776,0.040283
0.029297,0.0010681,0.041504
0.027161,0.0045776,0.037842
0.028381,0.0035095,0.045166
0.03006,0.00045776,0.042725
0.029755,-0.0067139,0.047607
0.028839,-0.0061035,0.061035
0.026703,-0.0071716,0.047607
0.024719,-0.0068665,0.05127
0.023041,-0.0064087,0.056152
0.022125,-0.0057983,0.05127
0.022125,-0.0062561,0.056152
0.022736,-0.0091553,0.061035
0.022125,-0.010681,0.058594
0.023041,-0.0099182,0.061035
0.024261,-0.007782,0.061035
0.024719,-0.0065613,0.063477
0.02533,-0.0045776,0.061035
0.025787,-0.0039673,0.062256
0.026398,-0.0059509,0.057373
0.026093,-0.010376,0.065918
0.02533,-0.0091553,0.063477
0.023041,-0.007019,0.067139
0.022888,-0.005188,0.064697
0.020752,-0.0016785,0.065918
0.023804,0.00061035,0.072021
0.025482,0.00045776,0.065918
0.028381,-0.00061035,0.070801
0.031128,-0.00091553,0.056152
0.031586,-0.0030518,0.046387
0.032349,-0.0032043,0.054932
0.031128,-0.0035095,0.050049
0.030823,-0.0042725,0.048828
0.030212,-0.0045776,0.050049
0.030518,-0.0062561,0.047607
0.030518,-0.009613,0.045166
0.029907,-0.0076294,0.045166
0.029907,-0.0071716,0.046387
0.029297,-0.0065613,0.039063
0.028534,-0.007019,0.043945
0.028534,-0.0083923,0.043945
0.027618,-0.010529,0.041504
0.02655,-0.012665,0.040283
0.023956,-0.01236,0.042725
0.021667,-0.010376,0.041504
0.017853,-0.0065613,0.037842
0.018768,-0.0035095,0.03418
0.020447,-0.002594,0.037842
0.022278,-0.0016785,0.03418
0.02594,-0.002594,0.037842
0.028534,-0.0027466,0.039063
0.029907,0.00015259,0.041504
0.030518,0.0050354,0.043945
0.029755,0.0024414,0.042725
0.028076,0.002594,0.05127
0.026703,0.00015259,0.048828
0.023956,-0.002594,0.19775
0.020905,-0.0024414,4.6497
0.018616,-0.0018311,4.9084
0.015869,-0.00076294,4.9194
0.01358,-0.00045776,4.9316
0.013885,-0.0018311,4.9365
0.015564,-0.0036621,4.9329
0.015717,-0.0057983,4.9377
0.01709,-0.007019,4.9316
0.013428,-0.0073242,4.917
0.016785,-0.0080872,4.9304
0.015259,-0.007019,4.9304
0.012512,-0.0090027,4.9304
0.010223,-0.0099182,4.9329
0.0086975,-0.0099182,4.9329
0.0071716,-0.010223,4.9402
0.007782,-0.01297,4.9329
0.0091553,-0.0082397,4.9341
0.010529,-0.0062561,4.9255
0.012817,-0.0050354,4.9329
0.013275,-0.0035095,4.9158
0.014343,-0.0041199,4.9292
0.016937,-0.0028992,4.9304
0.018463,-0.0022888,4.9182
0.020752,-0.0015259,4.9219
0.021667,-0.00015259,4.9207
0.024872,0.002594,4.9219
0.022125,0.0041199,4.9182
0.02182,0.0047302,4.8999
0.021515,0.0045776,4.9146
0.022125,0.0038147,4.9158
0.023804,0.0032043,4.9109
0.023193,0.0033569,4.9121
0.023956,0.0027466,4.9036
0.023956,0.0035095,4.9109
0.024109,0.0038147,4.906
0.024261,0.0038147,4.9121
0.024261,0.0024414,4.9097
0.024261,0.0010681,4.9133
0.022583,-0.00091553,4.9084
0.019989,-0.0021362,4.9133
0.016937,-0.002594,4.9207
0.013733,-0.0015259,4.9121
0.010223,-0.00015259,4.9194
0.007782,0.0018311,4.9146
0.007019,0.0027466,4.906
0.0068665,0.0018311,4.9182
0.007782,0.00030518,4.9194
0.010986,-0.0019836,4.9207
0.0099182,-0.0027466,4.9255
0.010986,-0.0021362,4.9243
0.012512,-0.00076294,4.928
0.013733,0.002594,4.9292
0.015106,0.0032043,4.9341
0.014801,0.0038147,4.9304
0.013733,0.0039673,4.9329
0.011749,0.0033569,4.9329
0.011292,0.0024414,4.9329
0.010834,0.0028992,4.9353
0.012207,0.0035095,4.9329
0.014496,0.0032043,4.9329
0.0177,0.0027466,4.9353
0.020599,0.0039673,4.9451
0.023956,0.0054932,4.9377
0.026855,0.0062561,4.9255
0.029907,0.0065613,4.9316
0.032043,0.0071716,4.9329
0.032501,0.0067139,4.9292
0.032196,0.0061035,4.9304
0.03067,0.0059509,4.9255
0.028534,0.0059509,4.9268
0.027313,0.0047302,4.9231
0.023499,0.0012207,4.9207
0.020599,-0.0033569,4.9109
0.018768,-0.0093079,0.047607
0.018921,-0.011292,0.046387
0.017242,-0.010834,0.046387
0.019684,-0.009613,0.057373
0.020905,-0.0074768,0.042725
0.021667,-0.0067139,0.045166
0.023193,-0.007019,0.042725
0.023041,-0.0071716,0.024414
0.022125,-0.0068665,0.036621
0.021515,-0.0038147,0.040283
0.020599,0.00015259,0.039063
0.019684,0.0039673,0.040283
0.019531,0.004425,0.037842
0.0177,0.0032043,0.043945
0.018311,0.0018311,0.039063
0.020142,0.0012207,0.043945
0.022736,0.0030518,0.036621
0.024414,0.0064087,0.045166
0.028076,0.0038147,0.043945
0.031738,0.0082397,0.047607
0.035095,0.0068665,0.05127
0.037384,0.0039673,0.05127
0.039215,0.0021362,0.05127
0.039215,0.00061035,0.056152
0.037689,0.0027466,0.065918
0.035095,-0.00030518,0.057373
0.031891,-0.0030518,0.05127
0.030975,-0.0053406,0.061035
0.028076,-0.007782,0.062256
0.027771,-0.0088501,0.059814
0.026703,-0.0085449,0.064697
0.026398,-0.0067139,0.057373
0.02655,-0.0054932,0.053711
0.027008,-0.0032043,0.059814
0.028381,-0.0042725,0.065918
0.029907,-0.0035095,0.063477
0.030518,-0.00091553,0.067139
0.030212,0.0027466,0.065918
0.028687,0.0056458,0.067139
0.02594,0.007782,0.074463
0.024872,0.0093079,0.063477
0.024567,0.0097656,0.064697
0.025787,0.010376,0.054932
0.02594,0.010681,0.046387
0.026398,0.011139,0.054932
0.027008,0.010529,0.05127
0.027618,0.0093079,0.045166
0.028076,0.0082397,0.05249
0.027161,0.0067139,0.046387
0.028229,0.0047302,0.047607
0.027466,0.0030518,0.041504
0.025635,0.00076294,0.050049
0.023346,-0.0013733,0.037842
0.021515,-0.0035095,0.042725
0.017548,-0.0050354,0.040283
0.018921,-0.0022888,0.041504
0.0177,-0.007019,0.037842
0.018005,-0.0080872,0.042725
0.016937,-0.011444,0.046387
0.016785,-0.0080872,0.040283
0.018616,-0.0091553,0.046387
0.020447,-0.0079346,0.037842
0.024261,-0.0068665,0.030518
0.024872,-0.0019836,0.029297
0.026093,0.00061035,0.040283
0.026398,0.0010681,0.041504
0.026398,0.00061035,0.043945
0.026703,-0.0016785,0.041504
0.027771,-0.0042725,0.050049
0.028076,-0.0064087,0.045166
0.028687,-0.0015259,0.05249
0.028687,-0.00061035,0.053711
0.028534,-0.0019836,0.057373
0.027161,-0.0036621,0.059814
0.024872,-0.0071716,0.057373
0.023804,-0.011139,0.075684
0.024872,-0.0099182,0.061035
0.024414,-0.0091553,3.8538
0.024719,-0.0088501,4.8645
0.024109,-0.0090027,4.9316
0.026093,-0.010376,4.928
0.025635,-0.010681,4.9304
0.027313,-0.012665,4.9304
0.028992,-0.011902,4.9329
0.030212,-0.0085449,4.9316
0.030365,-0.0047302,4.9255
0.028839,-0.0019836,4.9341
0.028839,-0.0019836,4.9353
0.027618,-0.0013733,4.9292
0.026245,-0.0027466,4.9353
0.025177,-0.0036621,4.9292
0.026855,-0.0019836,4.9255
0.028687,0.00091553,4.9268
0.030975,0.0018311,4.9255
0.032654,0.0016785,4.9316
0.032654,0.00030518,4.9207
0.031891,-0.0027466,4.9268
0.029449,-0.004425,4.9182
0.027618,-0.0065613,4.9109
0.02594,-0.0061035,4.9133
0.023346,-0.0068665,4.9084
0.018921,-0.0074768,4.9146
0.016632,-0.0082397,4.9133
0.017242,-0.010376,4.9097
0.016479,-0.010986,4.9109
0.016479,-0.010529,4.9097
0.018463,-0.0085449,4.9109
0.021362,-0.004425,4.906
0.024109,0.00076294,4.9121
0.025177,0.005188,4.9109
0.025177,0.0085449,4.9158
0.024567,0.0085449,4.9146
0.022125,0.0068665,4.9133
0.019073,0.0042725,4.9109
0.015869,0.0021362,4.9133
0.012512,0.00015259,4.9109
0.010681,-0.00030518,4.9194
0.007019,-0.0010681,4.9292
0.0050354,-0.00045776,4.917
0.0038147,-0.00045776,4.9243
0.0050354,-0.00045776,4.9243
0.0076294,0.00015259,4.928
0.0097656,0.0016785,4.9268
0.011597,0.00061035,4.9341
0.012817,-0.00045776,4.9329
0.01297,-0.002594,4.9341
0.012207,-0.0042725,4.9316
0.014038,-0.0067139,4.9255
0.014038,-0.0093079,4.9329
0.013885,-0.0079346,4.9341
0.012665,-0.0073242,4.9402
0.010834,-0.0071716,4.9341
0.0080872,-0.0071716,4.9414
0.0059509,-0.0064087,4.939
0.0038147,-0.0065613,4.917
0.0032043,-0.0030518,4.9341
0.0047302,0.00091553,4.9341
0.0076294,0.0061035,4.9304
0.011444,0.0086975,4.9377
0.016174,0.010986,4.9231
0.018311,0.01236,4.9255
0.019684,0.011597,4.9231
0.02121,0.012665,4.9207
0.020752,0.013275,4.9182
0.020752,0.013733,4.9231
0.018768,0.014191,4.9182
0.015717,0.014954,4.9219
0.01236,0.010834,4.9207
0.0091553,0.0074768,4.9182
0.007782,0.0033569,4.9146
0.0091553,0.0010681,4.9158
0.011139,0.00045776,0.031738
0.013275,0.00091553,0.036621
0.014038,0.0016785,0.041504
0.014038,0.0015259,0.039063
0.014191,0.00061035,0.039063
0.01358,-0.00015259,0.037842
0.014191,0.00091553,0.040283
0.015106,0.0036621,0.036621
0.014954,0.0083923,0.042725
0.013275,0.011902,0.036621
0.011902,0.012665,0.043945
0.0097656,0.011902,0.041504
0.007782,0.011597,0.047607
0.0079346,0.010681,0.046387
0.0086975,0.012207,0.05249
0.011749,0.014191,0.058594
0.013123,0.014801,0.053711
0.013733,0.013885,0.06958
0.013275,0.011902,0.057373
0.012054,0.010681,0.048828
0.012817,0.0082397,0.057373
0.014343,0.0076294,0.061035
0.016785,0.0079346,0.059814
0.017853,0.0090027,0.063477
0.017853,0.0073242,0.059814
0.018463,0.0041199,0.061035
0.017395,0.0028992,0.059814
0.018463,0.0012207,0.064697
0.018158,-0.00015259,0.059814
0.019531,0.00015259,0.068359
0.020599,0.0012207,0.065918
0.021515,0.0018311,0.06958
0.022125,0.0015259,0.072021
0.022125,0.00091553,0.064697
0.021667,-0.0021362,0.059814
0.021362,-0.0056458,0.059814
0.020294,-0.0074768,0.057373
0.020905,-0.0083923,0.053711
0.020447,-0.0061035,0.05127
0.020294,-0.0030518,0.047607
0.02121,0.00076294,0.048828
0.020752,0.0027466,0.048828
0.018768,0.0015259,0.046387
0.020142,-0.00015259,0.041504
0.021667,-0.00076294,0.047607
0.024261,0.0028992,0.041504
0.028076,0.0057983,0.043945
0.029907,0.0067139,0.042725
0.030518,0.0057983,0.042725
0.030212,0.0048828,0.0354
0.03067,-0.00045776,0.040283
0.032349,-0.0022888,0.054932
0.034027,-0.0013733,0.039063
0.034943,0.00030518,0.050049
0.034637,0.0039673,0.039063
0.033722,0.0032043,0.024414
0.032501,0.0022888,0.037842
0.031281,0.00045776,0.039063
0.032959,-0.0016785,0.037842
0.033264,-0.0010681,0.043945
0.034485,0.0010681,0.041504
0.035248,0.0032043,0.050049
0.033875,0.0038147,0.046387
0.034027,0.0027466,0.053711
0.032501,-0.002594,0.05127
0.030975,-0.0016785,0.057373
0.03006,-0.0012207,0.059814
0.030212,0.0013733,0.061035
0.028992,0.002594,0.072021
0.028687,0.0016785,0.059814
0.024567,-0.0018311,0.058594
0.020599,-0.007019,0.062256
0.018616,-0.0079346,0.070801
0.019989,-0.0053406,0.059814
0.023499,-0.0013733,0.054932
0.028381,0.0038147,0.062256
0.031891,0.0048828,0.063477
0.03479,0.0062561,4.6045
0.03418,0.004425,4.9109
0.035248,0.0018311,4.9304
0.036621,0.00030518,4.9353
0.037384,0.00076294,4.928
0.037537,0.0024414,4.9329
0.036011,0.0045776,4.928
0.033417,0.0071716,4.928
0.029449,0.0068665,4.9231
0.024261,0.0056458,4.9268
0.026093,0.0045776,4.9316
0.025177,0.0033569,4.9255
0.025787,0.0012207,4.9231
0.026703,-0.00030518,4.9182
0.029602,-0.0013733,4.9036
0.028076,-0.0016785,4.917
0.027313,-0.0027466,4.9133
0.027313,-0.0054932,4.9109
0.027618,-0.0093079,4.9146
0.027924,-0.010376,4.9109
0.028534,-0.0090027,4.9121
0.026855,-0.0073242,4.9084
0.02655,-0.0010681,4.895
0.02533,0.00076294,4.906
0.025787,0.0013733,4.9084
0.027161,0.00091553,4.9121
0.030212,-0.00015259,4.9121
0.035553,0.00015259,4.9084
0.0383,0.0024414,4.9121
0.041809,0.0042725,4.9097
0.041962,0.0064087,4.9133
0.041046,0.0061035,4.9207
0.039368,0.0030518,4.9207
0.037079,0.00045776,4.9158
0.035858,-0.002594,4.9194
0.034332,-0.0041199,4.9316
0.030365,-0.0035095,4.9255
0.025482,-0.0042725,4.9268
0.02533,-0.0062561,4.9219
0.023651,-0.0090027,4.9292
0.023041,-0.011139,4.9329
0.024261,-0.012512,4.9329
0.025024,-0.010986,4.9231
0.025482,-0.0091553,4.9341
0.02533,-0.0042725,4.9304
0.024872,-0.0010681,4.9341
0.026093,0.00091553,4.9304
0.028687,0.0028992,4.9365
0.031738,0.0053406,4.9377
0.034332,0.0064087,4.939
0.036011,0.0088501,4.9219
0.035858,0.0094604,4.9329
0.035706,0.0091553,4.9292
0.036469,0.0047302,4.9329
0.037994,0.0059509,4.9304
0.037689,0.0036621,4.9243
0.037994,0.0015259,4.9268
0.0354,0,4.9219
0.032196,-0.00030518,4.9219
0.026703,-0.0019836,4.9158
0.02243,-0.00091553,4.9109
0.02121,-0.00015259,4.917
0.022125,0.00030518,4.9207
0.024872,-0.00015259,4.9133
0.026398,-0.00061035,4.9158
0.027161,-0.0033569,4.9194
0.026245,0.00045776,4.9158
0.023346,0.0024414,4.9158
0.021973,0.0027466,4.9109
0.020752,0.0024414,4.9011
0.02182,0.00061035,4.9133
0.02243,-0.0019836,4.9109
0.018463,-0.004425,0.028076
0.014648,-0.004425,0.039063
0.013275,-0.0042725,0.0354
0.013428,-0.0045776,0.040283
0.015869,-0.0036621,0.040283
0.018463,-0.0015259,0.042725
0.020294,-0.00045776,0.037842
0.020752,0.00045776,0.047607
0.019073,-0.00030518,0.05127
0.015411,-0.0019836,0.05249
0.012665,-0.004425,0.063477
0.012054,-0.007782,0.056152
0.01297,-0.0093079,0.063477
0.014191,-0.0083923,0.058594
0.015564,-0.0079346,0.053711
0.015717,-0.0067139,0.061035
0.014191,-0.0047302,0.061035
0.016174,-0.0041199,0.062256
0.018616,-0.0030518,0.05249
0.02243,-0.0013733,0.058594
0.029144,-0.00030518,0.062256
0.033264,0.00091553,0.059814
0.033722,0.00030518,0.065918
0.031738,-0.0016785,0.063477
0.026703,-0.0010681,0.064697
0.021362,-0.0019836,0.070801
0.016632,-0.0036621,0.06958
0.01358,-0.004425,0.064697
0.0085449,-0.004425,0.062256
0.0083923,-0.0038147,0.070801
0.0053406,-0.0012207,0.05127
0.0036621,0.0010681,0.068359
0.0032043,0.0048828,0.054932
0.0056458,0.007019,0.047607
0.0093079,0.007782,0.048828
0.013123,0.0067139,0.050049
0.015869,0.004425,0.047607
0.016022,0.0038147,0.05127
0.01358,0.0022888,0.042725
0.011749,0.0022888,0.047607
0.0099182,0.0019836,0.041504
0.0091553,0.0015259,0.042725
0.0085449,-0.00045776,0.039063
0.010071,-0.0021362,0.040283
0.007782,-0.0030518,0.039063
0.007019,-0.002594,0.041504
0.0065613,-0.00076294,0.05127
0.007782,0.00045776,0.040283
0.010986,0.0016785,0.039063
0.016479,0.0028992,0.045166
0.022125,0.004425,0.023193
0.025787,0.0065613,0.036621
0.02655,0.0088501,0.039063
0.024872,0.009613,0.040283
0.022278,0.0083923,0.045166
0.019989,0.0064087,0.043945
0.02121,0.0038147,0.048828
0.021362,0.0018311,0.048828
0.021362,0.0012207,0.053711
0.019989,0.00045776,0.046387
0.018005,0.00045776,0.057373
0.015106,-0.00045776,0.056152
0.015411,-0.0012207,0.05127
0.017548,-0.0022888,0.062256
0.020447,-0.0019836,0.063477
0.02243,-0.00076294,0.061035
0.026245,0.0012207,0.062256
0.02655,0.0022888,0.076904
0.02655,0.0036621,0.061035
0.02655,0.0036621,0.050049
0.028381,0.0022888,0.062256
0.031891,0.00061035,0.064697
0.034027,0.00015259,0.062256
0.0354,-0.00015259,0.065918
0.032196,0.00076294,0.061035
0.027924,0.00091553,0.063477
0.024719,0.0018311,0.062256
0.023804,0.00061035,0.064697
0.024567,-0.0013733,3.291
0.026245,-0.0036621,4.8291
0.027618,-0.0048828,4.917
0.027008,-0.0054932,4.9243
0.024719,-0.0035095,4.9268
0.025177,-0.0012207,4.9231
0.025482,0.00015259,4.9182
0.02655,0.00076294,4.9194
0.028992,-0.00015259,4.9109
0.031586,-0.0018311,4.9158
0.033569,-0.0028992,4.9109
0.035248,0.00091553,4.9121
0.031738,-0.00030518,4.9121
0.030212,0.00030518,4.9109
0.029602,0.0012207,4.9109
0.030975,0.00045776,4.9084
0.031738,-0.0010681,4.9109
0.031891,-0.0019836,4.906
0.029602,-0.0062561,4.9133
0.027618,-0.0033569,4.9097
0.024414,-0.0022888,4.9109
0.024414,-0.00076294,4.9072
0.024872,0.00091553,4.9121
0.026703,0.0028992,4.9207
0.028534,0.0024414,4.9036
0.027008,0.0019836,4.9243
0.024414,0.0018311,4.9194
0.022736,0.00076294,4.906
0.024414,0.0012207,4.9231
0.026093,0.0019836,4.9194
0.028229,0.0024414,4.9268
0.028687,0.0030518,4.9255
0.030975,0.0035095,4.9243
0.030518,0.0057983,4.9316
0.029602,0.0065613,4.9316
0.027924,0.007019,4.9341
0.025482,0.0082397,4.9292
0.025482,0.0080872,4.9304
0.026398,0.0050354,4.9304
0.027618,0.0027466,4.9329
0.027924,0.0015259,4.9402
0.02655,0.00076294,4.9353
0.024872,0.0021362,4.9341
0.023956,0.0027466,4.9377
0.023346,0.0024414,4.9451
0.024719,0.00091553,4.9353
0.023651,-0.00045776,4.9451
0.024872,-0.0018311,4.9316
0.023193,-0.0030518,4.9329
0.019531,-0.0018311,4.9243
0.0177,-0.0024414,4.9268
0.017395,-0.004425,4.9243
0.018616,-0.0067139,4.9231
0.021515,-0.010071,4.9158
0.023651,-0.0080872,4.9231
0.024719,-0.0056458,4.917
0.024109,-0.0032043,4.9182
0.024109,-0.00076294,4.9194
0.023651,0.0015259,4.9182
0.024872,0.0024414,4.9219
0.02594,0.0021362,4.9121
0.027313,0.0018311,4.9194
0.027924,0.0010681,4.9097
0.028839,-0.00015259,4.8987
0.027618,-0.0013733,4.9109
0.027771,-0.0024414,4.9109
0.027771,-0.004425,4.9072
0.028992,-0.0056458,4.9097
0.03067,-0.0074768,4.9084
0.029907,-0.0079346,4.9121
0.028992,-0.0074768,4.906
0.025635,-0.0085449,4.9109
0.02121,-0.0083923,0.042725
0.018616,-0.0080872,0.046387
0.016785,-0.0073242,0.048828
0.017548,-0.0036621,0.053711
0.017853,-0.0090027,0.050049
0.018616,-0.0086975,0.057373
0.018463,-0.009613,0.056152
0.017853,-0.0093079,0.058594
0.017853,-0.0073242,0.061035
0.018311,-0.0059509,0.062256
0.022278,-0.0030518,0.05249
0.02533,-0.0013733,0.059814
0.028229,-0.0024414,0.062256
0.028381,-0.0035095,0.062256
0.030823,-0.0035095,0.062256
0.030212,-0.0015259,0.058594
0.03067,0.00076294,0.064697
0.032501,0.0035095,0.063477
0.035706,0.0030518,0.065918
0.038605,-0.00015259,0.065918
0.041656,0.0022888,0.068359
0.041962,-0.0022888,0.061035
0.037079,-0.0024414,0.065918
0.032806,-0.00015259,0.076904
0.029144,0.0016785,0.061035
0.027924,-0.0021362,0.057373
0.027924,0.0010681,0.057373
0.028687,-0.0016785,0.03418
0.026855,-0.0019836,0.05127
0.023804,-0.0015259,0.047607
0.02121,0.00061035,0.045166
0.019836,0.0027466,0.048828
0.021667,0.0030518,0.042725
0.024261,0.0024414,0.046387
0.026093,0.00015259,0.045166
0.027008,-0.0016785,0.042725
0.024719,-0.0016785,0.040283
0.02243,0,0.045166
0.018463,0.0022888,0.041504
0.016785,0.004425,0.041504
0.02182,0.005188,0.042725
0.020599,0.0036621,0.040283
0.017853,-0.00015259,0.040283
0.01709,-0.002594,0.037842
0.015564,-0.0038147,0.037842
0.014648,-0.004425,0.037842
0.015259,-0.0018311,0.031738
0.018616,0.00061035,0.039063
0.020752,-0.00061035,0.039063
0.02182,0.0018311,0.043945
0.019684,0.0038147,0.045166
0.018005,0.0045776,0.047607
0.016174,0.0065613,0.05127
0.015259,0.0080872,0.05249
0.015564,0.0090027,0.050049
0.017395,0.0082397,0.054932
0.017853,0.0064087,0.062256
0.017548,0.0047302,0.061035
0.015411,0.0022888,0.061035
0.014191,0.0061035,0.070801
0.01236,0.0080872,0.063477
0.012207,0.010834,0.065918
0.012665,0.01297,0.058594
0.011749,0.01297,0.057373
0.010529,0.012817,0.067139
0.0088501,0.011902,0.063477
0.0073242,0.010681,0.063477
0.0073242,0.010529,0.065918
0.0076294,0.011444,0.065918
0.009613,0.014648,0.063477
0.011139,0.014191,0.063477
0.011597,0.010834,0.063477
0.010681,0.010986,0.053711
0.009613,0.0080872,0.058594
0.0079346,0.0099182,0.057373
0.0061035,0.011902,0.057373
0.0057983,0.013123,0.05127
0.0038147,0.012817,0.05127
0.0048828,0.010834,1.9666
0.0038147,0.0068665,4.7437
0.0030518,0.0042725,4.9133
0.0030518,0.0041199,4.9146
0.0032043,0.0065613,4.9097
0.0030518,0.009613,4.9109
0.0022888,0.011597,4.9121
0.0039673,0.011139,4.9109
0.004425,0.0085449,4.9109
0.0057983,0.0064087,4.9072
0.0067139,0.0057983,4.9146
0.0062561,0.0073242,4.9097
0.0067139,0.010681,4.9109
0.0071716,0.013428,4.9109
0.0094604,0.013885,4.9133
0.010376,0.011749,4.906
0.012817,0.0083923,4.9133
0.015259,0.0062561,4.917
0.016022,0.005188,4.9133
0.016327,0.0054932,4.9146
0.016022,0.0054932,4.917
0.015869,0.0065613,4.9109
0.015717,0.0039673,4.9194
0.016937,0.0016785,4.9194
0.018005,0.00061035,4.9255
0.019226,0.00045776,4.9255
0.020599,0.0016785,4.9255
0.020599,0.0042725,4.928
0.019989,0.0053406,4.9304
0.020294,0.0036621,4.9329
0.021057,0.005188,4.9304
0.020599,0.0039673,4.939
0.020447,0.0024414,4.9329
0.018311,0.0032043,4.9316
0.016479,0.0015259,4.9316
0.015106,0.00061035,4.9341
0.014191,-0.00045776,4.9451
0.015717,-0.0016785,4.9353
0.016632,-0.0032043,4.9426
0.018005,-0.0039673,4.9329
0.019379,-0.0033569,4.9194
0.019531,-0.0012207,4.9487
0.021362,0.0010681,4.9341
0.02243,0.0033569,4.9243
0.024261,0.0032043,4.9292
0.024719,0.00015259,4.9231
0.026398,-0.0038147,4.9231
0.027161,-0.0062561,4.917
0.028076,-0.0080872,4.9219
0.028229,-0.0065613,4.9158
0.028381,-0.0047302,4.9219
0.027618,-0.0024414,4.917
0.027313,-0.0018311,4.9207
0.027008,-0.002594,4.9158
0.027618,-0.0035095,4.9146
0.028381,-0.0027466,4.9109
0.028534,-0.00030518,4.9121
0.029144,0.002594,4.9036
0.029297,0.0036621,4.9146
0.029907,0.0050354,4.906
0.030212,0.0032043,4.9097
0.030518,0.00091553,4.9084
0.03067,0,4.9084
0.029755,0.00030518,4.9121
0.032043,0.0021362,4.9084
0.031281,0.0056458,4.9121
0.030365,0.0035095,4.9097
0.03067,0.0028992,4.917
0.030212,0.002594,4.9158
0.031738,0.0024414,4.9121
0.032501,0.0024414,4.9158
0.034027,0.0067139,4.9268
0.034027,0.0083923,0.076904
0.032501,0.0083923,0.05127
0.032501,0.0068665,0.065918
0.032654,0.0050354,0.059814
0.032349,0.0036621,0.046387
0.032043,0.0048828,0.058594
0.032043,0.0054932,0.061035
0.033264,0.010529,0.056152
0.032654,0.007782,0.061035
0.033417,0.0068665,0.057373
0.032196,0.0053406,0.067139
0.032959,0.0038147,0.061035
0.031433,0.0024414,0.06958
0.03006,0.0022888,0.062256
0.029297,0.0024414,0.06958
0.028076,0.0016785,0.065918
0.026398,0.00091553,0.064697
0.024719,-0.00061035,0.075684
0.023804,-0.0018311,0.059814
0.024261,-0.0027466,0.054932
0.022888,-0.0038147,0.058594
0.025482,-0.0047302,0.05127
0.028076,-0.0038147,0.05249
0.029755,-0.0032043,0.048828
0.032043,-0.00061035,0.048828
0.033875,0.0035095,0.050049
0.035095,0.0076294,0.043945
0.036011,0.013885,0.048828
0.036469,0.010376,0.040283
0.035706,0.010529,0.042725
0.034637,0.0064087,0.036621
0.034332,0.0021362,0.042725
0.033264,-0.00091553,0.037842
0.032196,-0.0047302,0.042725
0.030823,-0.0064087,0.040283
0.028076,-0.0061035,0.041504
0.027924,-0.0012207,0.05127
0.025787,0.002594,0.041504
0.024567,0.0053406,0.05127
0.022278,0.0047302,0.036621
0.020142,0.0019836,0.030518
0.018921,-0.0022888,0.041504
0.016479,-0.0057983,0.041504
0.016022,-0.0079346,0.042725
0.015564,-0.0080872,0.047607
0.015411,-0.0085449,0.046387
0.014191,-0.0068665,0.05249
0.015259,-0.0045776,0.048828
0.018005,-0.00076294,0.058594
0.021515,0.0012207,0.05249
0.027924,0.0024414,0.064697
0.027008,0.0041199,0.058594
0.030212,0.0061035,0.063477
0.032196,0.0082397,0.068359
0.03479,0.0080872,0.063477
0.0383,0.0067139,0.062256
0.039215,0.0048828,0.062256
0.040588,0.0042725,0.06958
0.038147,0.00015259,0.062256
0.036011,0.0012207,0.047607
0.031433,0.0041199,0.062256
0.028076,0.0067139,0.065918
0.026093,0.0071716,0.064697
0.025787,0.0039673,0.063477
0.026398,-0.00015259,0.062256
0.026245,-0.0039673,0.065918
0.025482,-0.0050354,0.057373
0.02243,-0.0047302,0.057373
0.019684,-0.0028992,0.056152
0.016632,-0.0021362,0.056152
0.015717,-0.0035095,0.050049
0.015411,-0.0048828,0.050049
0.016479,-0.0061035,0.062256
0.015411,-0.0062561,0.047607
0.014038,0.00061035,0.047607
0.012054,0.00045776,0.047607
0.011749,0.0027466,0.026855
0.012665,0.002594,0.041504
0.015259,0.0018311,3.1445
0.016937,0.0010681,4.8035
0.019073,-0.00030518,4.8987
0.018768,0.00030518,4.9036
0.019226,-0.00030518,4.9084
0.017548,-0.0019836,4.9048
0.0177,-0.0039673,4.9109
0.018921,-0.0050354,4.906
0.021362,-0.0053406,4.9121
0.02243,-0.0030518,4.9084
0.022125,-0.00076294,4.9133
0.019684,0.00045776,4.9109
0.018311,0.00030518,4.9146
0.018463,-0.0015259,4.9109
0.019684,-0.0033569,4.917
0.02121,-0.0048828,4.9146
0.02121,-0.0067139,4.9194
0.019989,-0.007019,4.9158
0.018921,-0.0057983,4.9243
0.016785,-0.0064087,4.9268
0.016022,-0.004425,4.9268
0.016174,-0.0010681,4.928
0.016937,0.0018311,4.9316
0.016479,0.0032043,4.9329
0.015717,0.0038147,4.9292
0.014801,0.0041199,4.9316
0.014496,0.0039673,4.9268
0.014648,0.0050354,4.9353
0.016022,0.0047302,4.9316
0.017242,0.005188,4.9341
0.019989,0.0047302,4.9438
0.020294,0.0030518,4.939
0.021362,0.0021362,4.9353
0.02121,0.002594,4.9353
0.021057,0.0039673,4.9304
0.020599,0.0059509,4.9353
0.020599,0.0085449,4.9304
0.020447,0.0094604,4.9255
0.019531,0.007782,4.928
0.019226,0.0030518,4.9243
0.019073,-0.0010681,4.9231
0.019226,-0.0021362,4.9182
0.019836,0.00076294,4.9207
0.020447,0.0045776,4.9158
0.020905,0.0088501,4.9182
0.020294,0.0088501,4.9158
0.018768,0.0061035,4.9194
0.0177,0.0015259,4.9109
0.015564,-0.00076294,4.9146
0.013428,0.0013733,4.9219
0.012665,0.0047302,4.9109
0.01297,0.0067139,4.9194
0.014648,0.0071716,4.906
0.015106,0.0033569,4.9048
0.016327,-0.00015259,4.9084
0.016022,-0.0018311,4.9084
0.017242,-0.0015259,4.9109
0.015106,0.00015259,4.9048
0.015411,0.00091553,4.906
0.015106,0.00030518,4.9133
0.015106,-0.00076294,4.9084
0.014801,-0.0033569,4.9133
0.016022,-0.0042725,4.9146
0.0177,-0.0032043,4.9182
0.019989,-0.0012207,4.9219
0.021667,0.00076294,4.9231
0.023804,0.0028992,4.939
0.025177,0.0028992,4.9231
0.027313,0.0021362,4.9207
0.027618,0.0021362,4.9329
0.024872,0.0018311,4.928
0.024414,0.0015259,4.9304
0.026703,0.0015259,0.057373
0.026245,0.00076294,0.062256
0.025635,0.0012207,0.062256
0.025635,0.0010681,0.058594
0.025482,0.00045776,0.062256
0.023804,0.0013733,0.062256
0.022125,0.0012207,0.065918
0.020599,-0.0013733,0.061035
0.019379,-0.0022888,0.067139
0.020447,-0.004425,0.064697
0.021362,-0.0039673,0.068359
0.023499,-0.0083923,0.067139
0.022888,-0.0045776,0.062256
0.021667,-0.0036621,0.068359
0.020447,-0.0042725,0.057373
0.020752,-0.005188,0.070801
0.022125,-0.0057983,0.05127
0.02182,-0.0059509,0.041504
0.023346,-0.0053406,0.050049
0.02243,-0.0033569,0.050049
0.022736,-0.0019836,0.042725
0.02243,0.00045776,0.047607
0.021667,0.00076294,0.042725
0.022125,-0.00045776,0.042725
0.022888,-0.0015259,0.043945
0.024261,-0.0021362,0.043945
0.024872,-0.0010681,0.037842
0.024719,-0.00030518,0.042725
0.022125,0.00061035,0.041504
0.019226,0,0.041504
0.018616,-0.00076294,0.043945
0.017548,-0.0021362,0.041504
0.017548,-0.00076294,0.041504
0.018311,-0.0024414,0.036621
0.018921,0.00076294,0.031738
0.023651,0.0024414,0.041504
0.019684,0.0035095,0.040283
0.021362,0.0022888,0.040283
0.02182,-0.00015259,0.043945
0.021057,-0.0033569,0.045166
0.020905,-0.0038147,0.048828
0.023346,-0.0024414,0.048828
0.019073,-0.00061035,0.056152
0.018005,0.00091553,0.054932
0.015869,0.0019836,0.058594
0.017395,0.0027466,0.062256
0.017548,0.0035095,0.063477
0.018158,0.0041199,0.054932
0.019684,0.0061035,0.063477
0.020905,0.0097656,0.065918
0.021362,0.0068665,0.062256
0.022278,0.0048828,0.06958
0.020599,0.0012207,0.063477
0.019379,-0.0013733,0.045166
0.017242,-0.0035095,0.059814
0.016174,-0.0045776,0.063477
0.018463,-0.0013733,0.062256
0.019836,-0.0033569,0.064697
0.02121,-0.0036621,0.062256
0.021057,-0.0028992,0.065918
0.021667,-0.0019836,0.061035
0.020599,-0.00045776,0.061035
0.02121,-0.00030518,0.053711
0.021973,0.00045776,0.058594
0.021057,0.00061035,0.05127
0.021515,0.00045776,0.054932
0.021667,-0.00091553,0.056152
0.019531,-0.0030518,0.050049
0.021515,-0.0064087,0.047607
0.021973,-0.0056458,0.048828
0.023804,-0.0035095,0.036621
0.027466,0.00030518,0.042725
0.028992,0.0039673,0.042725
0.028992,0.0054932,0.041504
0.028229,0.0053406,0.040283
0.025787,0.00061035,0.036621
0.023956,-0.0047302,0.039063
0.020752,-0.0086975,0.036621
0.021973,-0.012512,3.8489
0.02243,-0.011597,4.8389
0.020752,-0.0094604,4.906
0.020752,-0.0082397,4.9011
0.018768,-0.0079346,4.9121
0.017548,-0.0079346,4.9097
0.015564,-0.007782,4.9109
0.016479,-0.0035095,4.9207
0.018311,-0.00045776,4.9146
0.019684,0.0035095,4.928
0.021973,0.0064087,4.917
0.025482,0.0053406,4.9109
0.027924,0.0054932,4.9255
0.029907,0.0053406,4.9231
0.033569,0.005188,4.9255
0.036621,0.0074768,4.928
0.037079,0.010376,4.928
0.0354,0.011749,4.9304
0.032349,0.012054,4.9304
0.029144,0.010986,4.9341
0.02533,0.0086975,4.928
0.023499,0.0041199,4.9329
0.021973,0.00030518,4.9329
0.021515,-0.0013733,4.9316
0.019989,-0.00045776,4.9353
0.018005,0.0016785,4.9402
0.015564,0.0027466,4.9365
0.013428,0.0050354,4.9377
0.010834,0.0080872,4.9451
0.010376,0.0059509,4.9365
0.011444,0.0065613,4.9207
0.012512,0.0073242,4.9304
0.013885,0.0071716,4.9304
0.014954,0.0083923,4.9255
0.015869,0.0086975,4.9255
0.018463,0.0076294,4.9219
0.0177,0.0064087,4.9194
0.018311,0.004425,4.9207
0.017395,0.0039673,4.9194
0.014801,0.0047302,4.9194
0.010376,0.0047302,4.9194
0.0094604,0.0041199,4.9158
0.0073242,0.0028992,4.917
0.0064087,0.0018311,4.9255
0.0074768,0.0028992,4.9146
0.010223,0.0047302,4.9121
0.013275,0.0080872,4.9146
0.016632,0.010986,4.8901
0.018311,0.011597,4.9109
0.018921,0.010986,4.9109
0.019226,0.007782,4.9097
0.019073,0.0053406,4.8999
0.019531,0.0022888,4.906
0.017853,0.0018311,4.9109
0.015869,0.0027466,4.9109
0.014191,0.0050354,4.9146
0.012665,0.007019,4.9084
0.012512,0.0071716,4.9072
0.011902,0.0057983,4.9182
0.014343,0.0038147,4.9207
0.014801,0.0042725,4.9207
0.016022,0.0065613,4.9268
0.013123,0.0088501,4.928
0.010834,0.011139,4.9329
0.0093079,0.010529,4.9255
0.0059509,0.0085449,4.9304
0.0062561,0.0071716,4.928
0.0073242,0.0067139,4.9255
0.0067139,0.0079346,4.9304
0.0093079,0.01236,4.9292
0.0093079,0.013275,4.9329
0.009613,0.012054,4.9316
0.010223,0.0085449,0.064697
0.010834,0.0053406,0.061035
0.012512,0.0038147,0.068359
0.013428,0.0048828,0.063477
0.014496,0.0054932,0.06958
0.014496,0.0041199,0.064697
0.012665,0.0022888,0.067139
0.01236,-0.00091553,0.068359
0.011597,-0.0047302,0.061035
0.011444,-0.0057983,0.058594
0.010834,-0.0042725,0.05249
0.010223,-0.0010681,0.041504
0.010986,0.0015259,0.05127
0.012054,0.0033569,0.048828
0.011597,0.0041199,0.046387
0.012054,0.004425,0.050049
0.011902,0.0047302,0.045166
0.013123,0.0045776,0.046387
0.013275,0.0050354,0.046387
0.015259,0.005188,0.045166
0.015411,0.0053406,0.037842
0.016327,0.007019,0.042725
0.016327,0.0076294,0.041504
0.016022,0.007019,0.043945
0.015564,0.0068665,0.037842
0.015717,0.007019,0.041504
0.015869,0.0086975,0.040283
0.016785,0.0099182,0.036621
0.018311,0.009613,0.042725
0.019379,0.007019,0.041504
0.019989,0.0027466,0.039063
0.021667,-0.002594,0.039063
0.022736,-0.0057983,0.043945
0.023346,-0.0045776,0.045166
0.023499,-0.0018311,0.048828
0.023804,0.00045776,0.047607
0.02243,0.00015259,0.054932
0.019379,-0.0036621,0.053711
0.017853,-0.0076294,0.056152
0.017242,-0.010223,0.054932
0.016174,-0.010071,0.062256
0.016174,-0.0080872,0.059814
0.015106,-0.0047302,0.063477
0.015564,-0.0048828,0.076904
0.015259,-0.007019,0.064697
0.0177,-0.0088501,0.061035
0.018768,-0.010986,0.061035
0.020447,-0.010529,0.053711
0.021973,-0.0088501,0.058594
0.022278,-0.0065613,0.064697
0.021667,-0.0050354,0.062256
0.02182,-0.0047302,0.065918
0.021057,-0.0032043,0.061035
0.024414,-0.0068665,0.067139
0.026398,-0.0085449,0.057373
0.028229,-0.0094604,0.063477
0.028534,-0.0056458,0.054932
0.02594,-0.0033569,0.059814
0.027466,-0.00076294,0.053711
0.026855,-0.0016785,0.05249
0.028076,0.00015259,0.056152
0.027008,0.00015259,0.05127
0.028534,0.00045776,0.057373
0.027924,0.0035095,0.050049
0.025177,0.0048828,0.059814
0.024261,0.0056458,0.043945
0.020752,0.0056458,0.047607
0.019226,0.0053406,0.041504
0.020752,0.0013733,0.040283
0.021515,0.0012207,0.037842
0.023346,0.0016785,0.036621
0.023041,0.0032043,0.0354
0.023193,0.0016785,0.040283
0.023956,0.00015259,0.036621
0.022583,-0.0033569,0.043945
0.024872,-0.0065613,0.036621
0.025787,-0.0067139,0.040283
0.025177,-0.0064087,0.043945
0.023956,-0.004425,4.5483
0.023041,-0.0018311,4.8914
0.021515,-0.00045776,4.9109
0.022888,-0.0015259,4.9158
0.024261,-0.0010681,4.9158
0.026245,-0.00091553,4.9146
0.028229,0,4.9231
0.029297,0.0015259,4.9097
0.028992,-0.0013733,4.9231
0.028534,0.0039673,4.928
0.027618,0.0021362,4.928
0.028534,-0.00030518,4.928
0.027924,-0.0018311,4.928
0.028381,-0.0022888,4.9304
0.028229,-0.0048828,4.928
0.026703,-0.0038147,4.9341
0.025177,-0.0028992,4.9304
0.023499,-0.0030518,4.9353
0.022583,-0.0030518,4.9292
0.02243,-0.0048828,4.9341
0.022583,-0.007019,4.9438
0.021667,-0.0062561,4.9365
0.020599,-0.0038147,4.9402
0.021515,0.00030518,4.939
0.018311,0.0047302,4.9158
0.018768,0.0056458,4.9329
0.021362,0.0042725,4.9341
0.024261,0.002594,4.928
0.027313,0.0013733,4.928
0.029297,0.0010681,4.9231
0.030212,-0.00030518,4.9231
0.030823,0.0045776,4.9207
0.030518,0.0062561,4.9182
0.032959,0.0039673,4.9158
0.030518,0.0015259,4.9182
0.030365,0.00061035,4.9158
0.030365,0,4.9207
0.028534,0.0010681,4.917
0.02655,0.0018311,4.9146
0.025482,0.0010681,4.9109
0.023651,-0.004425,4.9158
0.023956,-0.0062561,4.9023
0.023651,-0.0094604,4.9072
0.022736,-0.010223,4.9109
0.020142,-0.0079346,4.906
0.016327,-0.0047302,4.9097
0.014801,-0.0061035,4.9121
0.01297,-0.0018311,4.906
0.01297,-0.0035095,4.9109
0.015106,-0.0074768,4.9109
0.016937,-0.0053406,4.9084
0.017548,-0.002594,4.9207
0.018616,0.00076294,4.9158
0.019989,0.0054932,4.9207
0.02182,0.0067139,4.9207
0.024872,0.0076294,4.9255
0.028229,0.007782,4.9268
0.030823,0.0094604,4.9304
0.032349,0.011292,4.939
0.03006,0.014038,4.928
0.03006,0.011597,4.9231
0.02655,0.01358,4.9341
0.028076,0.0097656,4.9316
0.024109,0.007019,4.9304
0.023193,0.0047302,4.9304
0.022278,0.0035095,4.9304
0.02182,0.0056458,4.9353
0.020599,0.007019,4.939
0.020447,0.0099182,4.9377
0.018616,0.011292,4.9341
0.019836,0.011749,4.9377
0.02182,0.009613,4.9329
0.022736,0.0068665,0.067139
0.023041,0.0041199,0.072021
0.020447,0.00015259,0.062256
0.016327,-0.002594,0.061035
0.010529,-0.0057983,0.059814
0.0056458,-0.0097656,0.054932
0.002594,-0.01297,0.05127
0.0024414,-0.014038,0.05127
0.0030518,-0.013275,0.046387
0.004425,-0.0093079,0.050049
0.0065613,-0.0045776,0.046387
0.0083923,0.00015259,0.047607
0.010681,0.0021362,0.042725
0.014496,0.0027466,0.046387
0.018311,0.0021362,0.040283
0.022583,-0.00045776,0.041504
0.02533,-0.0027466,0.040283
0.025482,-0.0027466,0.040283
0.023651,-0.0021362,0.037842
0.02182,-0.0010681,0.042725
0.020905,0,0.054932
0.021515,-0.00015259,0.040283
0.022888,0.00045776,0.050049
0.024872,0.0013733,0.037842
0.02533,0.0050354,0.026855
0.026245,0.0093079,0.036621
0.026093,0.012817,0.043945
0.026398,0.013428,0.041504
0.02655,0.012665,0.042725
0.025635,0.0094604,0.045166
0.024414,0.0068665,0.05249
0.02182,0.0048828,0.068359
0.017242,0.0015259,0.056152
0.011749,0.0028992,0.054932
0.0059509,0.0024414,0.059814
0.0019836,0.0033569,0.063477
0.00015259,0.0032043,0.063477
-0.00030518,0.0027466,0.073242
0.0015259,0.0038147,0.062256
0.0015259,0.0039673,0.061035
0.0028992,0.004425,0.062256
0.0032043,0.0047302,0.070801
0.0050354,0.0041199,0.062256
0.0076294,0.0022888,0.061035
0.010223,0.00045776,0.064697
0.013885,-0.0027466,0.062256
0.014496,-0.004425,0.063477
0.014648,-0.0036621,0.068359
0.011597,-0.002594,0.062256
0.0097656,0.00015259,0.063477
0.0088501,0.0019836,0.058594
0.011749,0.0030518,0.061035
0.011292,0.0038147,0.054932
0.018158,0.0013733,0.057373
0.019836,0.00015259,0.054932
0.020599,-0.00045776,0.05127
0.020142,-0.00030518,0.058594
0.021057,0.0012207,0.048828
0.022888,0.0024414,0.056152
0.024872,0.0032043,0.050049
0.025482,0.0032043,0.03418
0.023499,0.0024414,0.041504
0.020905,0.0018311,0.040283
0.016632,0.0012207,0.039063
0.015106,0.0013733,0.040283
0.016327,0.0016785,0.036621
0.018616,0.0024414,0.042725
0.020447,0.0036621,0.036621
0.020447,0.0030518,0.043945
0.019379,0.0019836,0.0354
0.018616,0.00015259,0.039063
0.018311,-0.0019836,0.041504
0.020142,-0.002594,0.042725
0.022125,-0.00091553,0.040283
0.023956,-0.00015259,0.041504
0.021973,-0.00045776,0.040283
0.020142,-0.0028992,0.047607
0.018768,-0.0048828,0.05249
0.017853,-0.0057983,4.5142
0.018158,-0.0064087,4.8816
0.018311,-0.0073242,4.8987
0.018158,-0.0056458,4.9255
0.019073,-0.0057983,4.9255
0.018921,-0.0083923,4.9292
0.019379,-0.0064087,4.9255
0.018158,-0.010376,4.9353
0.018921,-0.0090027,4.9316
0.021667,-0.0030518,4.9329
0.022888,-0.0027466,4.9268
0.023499,-0.0045776,4.9329
0.025787,-0.010986,4.9316
0.026093,-0.015717,4.9377
0.026245,-0.01709,4.9451
0.023193,-0.01358,4.9353
0.023346,-0.010376,4.9329
0.025635,-0.0088501,4.9353
0.027008,-0.012054,4.9255
0.028229,-0.011444,4.9329
0.026093,-0.011139,4.9304
0.022583,-0.0068665,4.9304
0.019379,0.0012207,4.928
0.0177,0.0042725,4.9231
0.018616,0.0073242,4.9182
0.018921,0.0024414,4.9255
0.019379,-0.0033569,4.9194
0.020599,-0.005188,4.9133
0.018463,-0.0067139,4.9194
0.0177,-0.0054932,4.9158
0.015717,-0.0053406,4.9182
0.016479,-0.0010681,4.9158
0.019531,0.0016785,4.9158
0.018768,0.0039673,4.9194
0.021362,0.0059509,4.895
0.021515,0.0024414,4.9231
0.018921,0.0010681,4.9084
0.017242,-0.00030518,4.9048
0.01709,-0.0036621,4.9109
0.0177,-0.0039673,4.9121
0.019379,-0.007019,4.9072
0.019836,-0.0033569,4.9097
0.020447,-0.0016785,4.9084
0.018158,-0.00030518,4.9109
0.016022,0.0013733,4.9109
0.014954,0.0024414,4.9243
0.016174,0.0035095,4.9158
0.018158,0.0035095,4.9243
0.019379,0.0036621,4.9194
0.019379,0.0027466,4.9231
0.020599,-0.00091553,4.9329
0.019379,-0.0035095,4.9255
0.019531,-0.0086975,4.9304
0.019073,-0.0099182,4.9304
0.019531,-0.010223,4.9304
0.019531,-0.009613,4.9316
0.017395,-0.0082397,4.9292
0.015717,-0.0076294,4.9304
0.01236,-0.0062561,4.9304
0.010376,-0.0032043,4.9292
0.010376,-0.0021362,4.9316
0.011292,0.00061035,4.9304
0.014954,-0.0012207,4.9292
0.0177,-0.0042725,4.9329
0.020294,-0.0038147,4.9377
0.014801,-0.0028992,4.9353
0.019531,0.00076294,4.9377
0.018005,0.0028992,4.9316
0.018616,0.0032043,4.9341
0.018005,0.0038147,4.9377
0.019073,0.0028992,4.928
0.019379,0.0032043,4.9304
0.021667,0.0048828,4.9268
0.020752,0.0061035,0.046387
0.021667,0.007019,0.048828
0.022736,0.0074768,0.047607
0.02655,0.0050354,0.047607
0.029602,0.0021362,0.047607
0.031738,0.00076294,0.041504
0.031433,-0.00061035,0.043945
0.03006,-0.00061035,0.041504
0.027161,0.00015259,0.041504
0.023956,0.00015259,0.040283
0.022583,-0.0021362,0.042725
0.020294,-0.0016785,0.037842
0.019684,-0.0050354,0.041504
0.016632,-0.0061035,0.050049
0.014343,-0.0082397,0.041504
0.011292,-0.011902,0.040283
0.0099182,-0.010223,0.040283
0.0093079,-0.0082397,0.024414
0.010071,-0.0061035,0.037842
0.011444,-0.0038147,0.042725
0.014191,-0.007019,0.043945
0.015869,-0.010529,0.043945
0.013885,-0.01358,0.046387
0.013428,-0.010986,0.050049
0.011749,-0.0062561,0.054932
0.01236,0.00076294,0.054932
0.014648,0.0056458,0.056152
0.018921,0.0033569,0.061035
0.020142,-0.00076294,0.058594
0.020905,-0.0038147,0.064697
0.02121,-0.0036621,0.064697
0.022583,-0.00030518,0.063477
0.021973,0.005188,0.063477
0.025635,0.0074768,0.061035
0.029144,0.0039673,0.073242
0.032501,-0.00076294,0.062256
0.033722,-0.0053406,0.050049
0.034637,-0.0045776,0.065918
0.03479,-0.0010681,0.065918
0.033875,0.0045776,0.064697
0.032654,0.0080872,0.067139
0.031586,0.0068665,0.061035
0.031586,0.0053406,0.064697
0.031586,0.0035095,0.057373
0.028992,0.0033569,0.062256
0.024872,0.0033569,0.054932
0.019836,0.0038147,0.054932
0.013733,0.0041199,0.053711
0.0093079,0.0045776,0.05127
0.0062561,0.007782,0.053711
0.0033569,0.015564,0.05127
0.0021362,0.027161,0.046387
0.0032043,0.039368,0.043945
0.007019,0.049591,0.0354
0.013275,0.052948,0.040283
0.020752,0.049438,0.041504
0.026093,0.042419,0.037842
0.032196,0.034027,0.040283
0.036774,0.026093,0.037842
0.041046,0.018158,0.037842
0.043945,0.010681,0.037842
0.044556,0.0041199,0.040283
0.042572,0.0019836,0.036621
0.036469,0.0048828,0.041504
0.027771,0.0094604,0.041504
0.016785,0.01297,0.042725
0.0045776,0.017853,0.040283
-0.0062561,0.0074768,0.042725
-0.012054,-0.0041199,0.050049
-0.016022,-0.019073,0.043945
-0.01709,-0.034943,0.057373
-0.018158,-0.038147,0.047607
-0.019684,-0.039215,0.037842
-0.020752,-0.042725,0.05127
-0.019531,-0.038452,0.053711
-0.013733,-0.032806,0.054932
-0.0073242,-0.019836,0.061035
0.00076294,-0.0030518,4.1736
0.0080872,0.014038,4.8865
0.015564,0.023041,4.9255
0.026093,0.026703,4.9329
0.033722,0.018005,4.9243
0.041656,0.0062561,4.9316
0.045013,-0.0018311,4.9304
0.046692,-0.0035095,4.9341
0.043335,-0.0010681,4.9438
0.039368,0.0033569,4.939
0.032959,0.010223,4.9341
0.027618,0.011749,4.9365
0.023804,0.014496,4.939
0.025177,0.016632,4.9304
0.023499,0.019379,4.9304
0.024872,0.02243,4.9304
0.028229,0.023956,4.928
0.029449,0.023651,4.9219
0.029144,0.019379,4.9255
0.026093,0.01358,4.9207
0.022125,0.0082397,4.9194
0.017242,0.0065613,4.9158
0.011749,0.0068665,4.917
0.0054932,0.004425,4.917
-0.00030518,-0.00015259,4.9146
-0.0041199,-0.0074768,4.9133
-0.0085449,-0.016632,4.9133
-0.010071,-0.022125,4.9207
-0.013885,-0.027008,4.9109
-0.014648,-0.029449,4.9231
-0.011292,-0.031281,4.9072
-0.0045776,-0.031891,4.9011
0.0056458,-0.029907,4.9121
0.014496,-0.026855,4.9084
0.025482,-0.020599,4.9097
0.028839,-0.01358,4.9084
0.031891,-0.011292,4.906
0.037689,-0.010223,4.9109
0.040588,-0.010986,4.9084
0.046082,-0.011139,4.9158
0.051727,-0.011597,4.9146
0.056,-0.014648,4.9194
0.056458,-0.016632,4.9207
0.052338,-0.021515,4.9194
0.047302,-0.02533,4.9255
0.041046,-0.028229,4.939
0.039978,-0.030365,4.9268
0.039825,-0.028534,4.9133
0.041504,-0.02533,4.9353
0.044861,-0.020142,4.9329
0.045776,-0.0177,4.9146
0.042572,-0.016022,4.928
0.040894,-0.014801,4.9365
0.0383,-0.014191,4.9292
0.030975,-0.01236,4.9304
0.023499,-0.0093079,4.9304
0.014038,-0.0041199,4.9365
0.0053406,0.0013733,4.9329
-0.0018311,0.0062561,4.9365
-0.0068665,0.0097656,4.9353
-0.0083923,0.013428,4.9377
-0.0085449,0.01709,4.9304
-0.0038147,0.020142,4.9353
0.0038147,0.020905,4.9438
0.010681,0.02121,4.9304
0.017395,0.02182,4.9207
0.020294,0.024109,4.9243
0.021515,0.016327,4.9023
0.02121,0.015106,4.9158
0.021667,0.011902,4.917
0.02121,0.0085449,4.9182
0.024414,0.0045776,4.9158
0.028992,0.002594,4.9109
0.034485,-0.0010681,4.9146
0.038605,-0.0039673,0.042725
0.040588,-0.007782,0.041504
0.040436,-0.012207,0.036621
0.036163,-0.016174,0.039063
0.030975,-0.019836,0.042725
0.026398,-0.021515,0.037842
0.017548,-0.020294,0.043945
0.0085449,-0.016327,0.041504
0.0057983,-0.010529,0.037842
0.0036621,-0.0057983,0.040283
0.0056458,0.00030518,0.041504
0.010681,0.0042725,0.039063
0.017853,0.0071716,0.041504
0.023804,0.0085449,0.043945
0.030518,0.0093079,0.039063
0.031433,0.0076294,0.042725
0.030518,0.0062561,0.048828
0.027008,0.002594,0.05127
0.024261,-0.00030518,0.057373
0.02243,0,0.053711
0.021667,0.0059509,0.059814
0.022583,0.0088501,0.053711
0.02243,0.018158,0.065918
0.023804,0.026703,0.061035
0.025024,0.03479,0.063477
0.027924,0.040436,0.072021
0.031128,0.041656,0.059814
0.031891,0.042725,0.065918
0.029755,0.033569,0.058594
0.026398,0.025482,0.05249
0.020752,0.016937,0.064697
0.015869,0.0064087,0.064697
0.013428,-0.0021362,0.063477
0.010986,-0.0086975,0.065918
0.011139,-0.010986,0.064697
0.011597,-0.0094604,0.063477
0.011292,-0.0065613,0.059814
0.010376,-0.004425,0.061035
0.012207,-0.0027466,0.056152
0.012512,-0.0057983,0.045166
0.013123,-0.013123,0.054932
0.015106,-0.019836,0.05249
0.016327,-0.028534,0.05127
0.017853,-0.032959,0.050049
0.017242,-0.036163,0.05249
0.017853,-0.038605,0.046387
0.018463,-0.03952,0.048828
0.019989,-0.038605,0.045166
0.022736,-0.036469,0.040283
0.024567,-0.030823,0.032959
0.027161,-0.022888,0.041504
0.029602,-0.013733,0.039063
0.032501,-0.0041199,0.040283
0.038757,0.0016785,0.036621
0.043793,0.0048828,0.042725
0.049591,0.007782,0.037842
0.053558,0.009613,0.042725
0.055542,0.01236,0.039063
0.055542,0.012817,0.041504
0.054016,0.014191,0.040283
0.050812,0.018616,0.045166
0.04837,0.020905,0.059814
0.045776,0.020905,0.043945
0.042725,0.021057,0.05127
0.039673,0.018768,0.05127
0.035248,0.018463,0.037842
0.031128,0.0177,0.053711
0.025177,0.017242,0.056152
0.021362,0.017548,0.054932
0.017395,0.015869,0.059814
0.012817,0.014038,0.056152
0.010376,0.012817,0.059814
0.010071,0.010071,0.061035
0.010834,0.0088501,0.062256
0.012207,0.0073242,0.058594
0.012665,0.0065613,0.064697
0.01236,0.0050354,3.1946
0.013275,0.0013733,4.8254
0.015106,-0.0012207,4.9255
0.015564,-0.0039673,4.9341
0.015869,-0.0064087,4.9365
0.013275,-0.0042725,4.9316
0.010071,-0.002594,4.9524
0.0071716,-0.0015259,4.9329
0.0039673,-0.0059509,4.9207
0.002594,-0.01297,4.9292
0.0028992,-0.017548,4.9243
0.0057983,-0.018616,4.9219
0.012512,-0.014648,4.9255
0.017853,-0.011749,4.9219
0.023193,-0.0088501,4.9207
0.026245,-0.0090027,4.917
0.027924,-0.01297,4.9182
0.028229,-0.014191,4.9109
0.026855,-0.015411,4.917
0.024567,-0.012665,4.9146
0.022125,-0.009613,4.917
0.02243,-0.0039673,4.9121
0.022736,-0.0012207,4.9146
0.024414,0,4.9109
0.025482,0.0013733,4.9097
0.025482,0.0015259,4.9023
0.025787,0.0042725,4.9109
0.02533,0.0068665,4.9097
0.022736,0.0073242,4.9084
0.018921,0.0083923,4.9084
0.014343,0.0082397,4.9109
0.010071,0.007019,4.9121
0.0071716,0.0073242,4.9097
0.0059509,0.010376,4.917
0.0054932,0.014191,4.9133
0.0056458,0.016174,4.9194
0.0074768,0.017395,4.9194
0.010223,0.014801,4.9255
0.014801,0.010376,4.9219
0.017548,0.0054932,4.9255
0.020294,-0.0024414,4.9316
0.020752,-0.010986,4.9146
0.019836,-0.017548,4.939
0.018463,-0.022888,4.9329
0.016174,-0.024261,4.9146
0.014496,-0.021667,4.9268
0.013885,-0.017548,4.9304
0.01358,-0.014191,4.9329
0.016327,-0.012207,4.9329
0.019531,-0.0099182,4.917
0.022278,-0.0079346,4.9377
0.025787,-0.0041199,4.9329
0.029144,-0.00045776,4.9329
0.032043,0.0024414,4.9341
0.033264,0.0047302,4.939
0.032349,0.0033569,4.928
0.031128,0.0018311,4.9365
0.029144,0.00045776,4.9414
0.028839,-0.0012207,4.9304
0.029144,-0.002594,4.9255
0.029602,-0.0033569,4.9255
0.029907,-0.0041199,4.9219
0.025177,-0.0073242,4.9182
0.027161,-0.0088501,4.917
0.028076,-0.010071,4.9194
0.028534,-0.0094604,4.9182
0.028381,-0.0053406,4.917
0.027618,-0.00091553,4.9121
0.02655,0.0039673,4.9146
0.025024,0.009613,4.9133
0.022888,0.010834,4.9072
0.02121,0.011139,4.9146
0.020752,0.010681,4.9133
0.014496,0.010529,4.9121
0.015106,0.0099182,0.039063
0.013733,0.010834,0.039063
0.011902,0.012054,0.048828
0.009613,0.011749,0.041504
0.0082397,0.010834,0.05249
0.0090027,0.0065613,0.037842
0.0086975,0.0048828,0.031738
0.0094604,0.0016785,0.042725
0.010223,-0.0021362,0.040283
0.01236,-0.0061035,0.045166
0.016785,-0.010986,0.050049
0.018921,-0.014343,0.047607
0.023956,-0.015717,0.054932
0.027466,-0.01709,0.053711
0.028534,-0.0177,0.062256
0.033112,-0.018768,0.054932
0.034485,-0.019379,0.062256
0.034637,-0.018921,0.062256
0.035095,-0.018311,0.068359
0.036163,-0.014648,0.06958
0.037537,-0.012054,0.064697
0.03952,-0.0088501,0.061035
0.041351,-0.0071716,0.062256
0.042572,-0.0082397,0.065918
0.044403,-0.0091553,0.064697
0.042725,-0.0093079,0.063477
0.040131,-0.007782,0.063477
0.036163,-0.0056458,0.064697
0.030518,-0.0039673,0.064697
0.025787,-0.0033569,0.064697
0.020905,-0.0033569,0.059814
0.017242,-0.0030518,0.061035
0.018158,-0.00076294,0.056152
0.014343,0.0053406,0.053711
0.014801,0.010376,0.054932
0.016174,0.015106,0.054932
0.019836,0.017853,0.050049
0.021973,0.016022,0.05127
0.025024,0.014343,0.062256
0.023499,0.013275,0.046387
0.022888,0.012512,0.056152
0.022125,0.013123,0.045166
0.020752,0.010834,0.028076
0.018005,0.0048828,0.039063
0.016632,0,0.040283
0.014954,-0.0054932,0.039063
0.01236,-0.0088501,0.040283
0.015717,-0.0050354,0.036621
0.018768,-0.0064087,0.041504
0.02182,-0.0039673,0.037842
0.020599,-0.0013733,0.041504
0.019531,-0.0012207,0.036621
0.016632,-0.0013733,0.042725
0.014496,-0.0015259,0.039063
0.011292,-0.0028992,0.046387
0.0085449,-0.0024414,0.050049
0.0068665,-0.0021362,0.045166
0.0061035,-0.0015259,0.046387
0.0056458,-0.00061035,0.048828
0.0073242,0.0059509,0.053711
0.010834,0.0053406,0.05127
0.01297,0.0068665,0.048828
0.019989,0.0068665,0.054932
0.020142,0.0079346,0.058594
0.021667,0.0079346,0.058594
0.022736,0.0068665,0.061035
0.022736,0.0068665,0.061035
0.021515,0.0057983,0.061035
0.019379,0.0039673,0.059814
0.018921,0.0022888,0.063477
0.019531,0.0035095,0.057373
0.022888,0.0038147,0.062256
0.022736,0.0061035,0.063477
0.024567,0.0079346,0.067139
0.026855,0.0093079,0.074463
0.028076,0.010223,0.068359
0.028534,0.0082397,0.065918
0.027771,0.0053406,4.4092
0.027313,0.0032043,4.884
0.02533,0.0018311,4.9255
0.022736,0.00091553,4.9255
0.018005,0.00030518,4.9243
0.012665,-0.0010681,4.9268
0.0086975,-0.0032043,4.9231
0.0093079,-0.0068665,4.9219
0.0093079,-0.0068665,4.9158
0.01358,-0.0050354,4.9231
0.0177,-0.00061035,4.9109
0.021973,0.0039673,4.917
0.027771,0.0067139,4.9146
0.030518,0.009613,4.9158
0.035248,0.011902,4.9109
0.038605,0.013885,4.9133
0.040894,0.015717,4.9146
0.041046,0.017853,4.9109
0.040436,0.018463,4.9146
0.039673,0.017395,4.9097
0.038757,0.0097656,4.9023
0.036469,0.0022888,4.9097
0.033722,-0.005188,4.9133
0.031128,-0.0079346,4.9109
0.029449,-0.0088501,4.906
0.027771,-0.0086975,4.906
0.02533,-0.0082397,4.9133
0.023346,-0.0088501,4.9121
0.023193,-0.011139,4.9158
0.023499,-0.01236,4.9158
0.02121,-0.010529,4.9231
0.021362,-0.0059509,4.9182
0.021362,0,4.9255
0.02182,0.0039673,4.939
0.022125,0.0033569,4.928
0.024109,0.00030518,4.9304
0.024414,-0.0057983,4.9316
0.02594,-0.0088501,4.9219
0.026398,-0.0099182,4.928
0.026398,-0.0071716,4.9304
0.026855,-0.0035095,4.9304
0.027924,-0.00045776,4.9292
0.027008,0,4.9158
0.02594,0.00015259,4.9365
0.026245,0.0015259,4.9377
0.026703,0.0048828,4.9377
0.027771,0.0082397,4.9316
0.027924,0.016327,4.9402
0.028534,0.021362,4.9341
0.027313,0.022888,4.9353
0.024261,0.022583,4.9353
0.020752,0.018921,4.9316
0.018005,0.014191,4.9304
0.017853,0.010834,4.9268
0.018311,0.011292,4.9353
0.019989,0.011444,4.9194
0.021973,0.012512,4.9194
0.021973,0.011749,4.9207
0.020294,0.0091553,4.9146
0.017853,0.0057983,4.917
0.015106,0.00076294,4.9158
0.012207,-0.0036621,4.9121
0.0086975,-0.0068665,4.9146
0.0038147,-0.010529,4.9072
-0.0013733,-0.013123,4.9109
-0.007782,-0.015106,4.9097
-0.011749,-0.019379,4.9109
-0.012054,-0.023193,4.9121
-0.011444,-0.02533,4.9121
-0.0090027,-0.023956,4.917
-0.0057983,-0.019379,4.9097
-0.00061035,-0.014954,4.9146
0.0039673,-0.0091553,4.9109
0.0093079,-0.0027466,0.031738
0.0177,0.0027466,0.042725
0.027008,0.0079346,0.043945
0.034943,0.012817,0.043945
0.041656,0.016022,0.048828
0.044403,0.019531,0.05249
0.045471,0.017853,0.053711
0.045166,0.016327,0.053711
0.044403,0.013123,0.061035
0.043488,0.0094604,0.056152
0.042114,0.0076294,0.062256
0.040436,0.0080872,0.058594
0.038757,0.0090027,0.063477
0.035248,0.0093079,0.063477
0.030212,0.009613,0.062256
0.025787,0.0097656,0.065918
0.021362,0.010986,0.062256
0.017853,0.01297,0.073242
0.01358,0.016479,0.063477
0.009613,0.019684,0.056152
0.0064087,0.019684,0.062256
0.004425,0.015259,0.065918
0.0027466,0.0091553,0.064697
0.0030518,0.0019836,0.063477
0.004425,-0.0053406,0.061035
0.0057983,-0.011292,0.061035
0.0054932,-0.015106,0.057373
0.0062561,-0.020447,0.057373
0.0048828,-0.019836,0.053711
0.0056458,-0.020905,0.05127
0.0064087,-0.019684,0.047607
0.0068665,-0.017242,0.05249
0.0093079,-0.014191,0.061035
0.012512,-0.012512,0.045166
0.018158,-0.0086975,0.042725
0.024414,-0.0085449,0.045166
0.029144,-0.010986,0.025635
0.030518,-0.01236,0.040283
0.036316,-0.014648,0.041504
0.038757,-0.014496,0.037842
0.042725,-0.014496,0.041504
0.04364,-0.012817,0.036621
0.042572,-0.011292,0.041504
0.039215,-0.010223,0.036621
0.034027,-0.009613,0.039063
0.03006,-0.011749,0.03418
0.027313,-0.013275,0.043945
0.026245,-0.015259,0.039063
0.027924,-0.016174,0.042725
0.028839,-0.018005,0.039063
0.031433,-0.019379,0.045166
0.032196,-0.021667,0.042725
0.033417,-0.019226,0.050049
0.036163,-0.020294,0.062256
0.037384,-0.017242,0.050049
0.038757,-0.011902,0.045166
0.037079,-0.0059509,0.056152
0.034027,-0.00076294,0.056152
0.030823,0.0032043,0.059814
0.025787,0.0045776,0.058594
0.024261,0.0036621,0.059814
0.023804,0.0036621,0.063477
0.024567,0.005188,0.059814
0.025635,0.0086975,0.065918
0.02655,0.013733,0.058594
0.027313,0.014191,0.063477
0.027313,0.01297,0.063477
0.027161,0.0056458,0.065918
0.028687,0.0042725,0.072021
0.031738,0.0010681,0.067139
0.034332,0.0022888,0.064697
0.035248,0.0054932,0.063477
0.035095,0.010376,0.064697
0.034332,0.0088501,0.058594
0.033112,0.0041199,0.054932
0.031128,-0.0012207,0.053711
0.030518,-0.0057983,0.056152
0.028687,-0.007782,0.61279
0.026703,-0.0080872,4.6692
0.022583,-0.007782,4.8975
0.020752,-0.009613,4.9146
0.018311,-0.010376,4.9158
0.016327,-0.012512,4.917
0.015717,-0.015106,4.9146
0.016022,-0.014496,4.9182
0.016327,-0.010223,4.9109
0.016174,-0.007019,4.917
0.016022,-0.0033569,4.9207
0.016022,-0.0022888,4.9133
0.016479,-0.002594,4.917
0.018616,-0.00061035,4.9109
0.021362,0.0028992,4.8987
0.024872,0.007019,4.9097
0.027466,0.0085449,4.9109
0.027618,0.0067139,4.9109
0.027466,0.0027466,4.9097
0.030212,-0.00091553,4.906
0.031433,-0.00030518,4.9109
0.03479,0.0035095,4.9133
0.037689,0.0094604,4.917
0.037537,0.014343,4.9158
0.03479,0.015411,4.9219
0.034637,0.013123,4.9194
0.028076,0.010529,4.9255
0.026398,0.0050354,4.9341
0.025177,0.00061035,4.928
0.024719,-0.0035095,4.9255
0.023956,-0.0071716,4.9243
0.019226,-0.009613,4.9353
0.016632,-0.013123,4.9329
0.012817,-0.011139,4.9158
0.010986,-0.009613,4.928
0.010681,-0.0062561,4.9304
0.010681,-0.0065613,4.9292
0.011749,-0.0056458,4.9353
0.011902,-0.0047302,4.9365
0.011597,-0.0042725,4.9341
0.011444,-0.0048828,4.9329
0.012512,-0.0062561,4.9268
0.01297,-0.010681,4.9316
0.01709,-0.014343,4.9329
0.020294,-0.020447,4.9304
0.020752,-0.023804,4.9316
0.02121,-0.024414,4.9365
0.021667,-0.018463,4.928
0.022888,-0.01358,4.9292
0.026855,-0.0085449,4.9207
0.032806,-0.0057983,4.9097
0.037384,-0.0045776,4.917
0.043335,0.00030518,4.9255
0.046692,0.0028992,4.9133
0.046844,0.0083923,4.9158
0.046082,0.014343,4.9146
0.044708,0.018921,4.9133
0.045013,0.020905,4.9109
0.044098,0.024261,4.9121
0.043488,0.017548,4.906
0.042877,0.016022,4.9133
0.039673,0.017395,4.9146
0.035706,0.019226,4.9109
0.031586,0.018311,4.9097
0.030518,0.016327,4.9121
0.028839,0.014496,4.9072
0.029755,0.013428,4.9097
0.030212,0.012665,4.9109
0.027924,0.013885,4.9146
0.023956,0.013275,4.9133
0.020142,0.011749,4.9146
0.01709,0.0091553,4.9146
0.016327,0.0057983,4.9194
0.015564,0.0013733,0.046387
0.013733,-0.0013733,0.05249
0.011444,-0.0018311,0.058594
0.0086975,-0.0027466,0.054932
0.0062561,-0.002594,0.061035
0.007019,-0.002594,0.059814
0.0086975,-0.0030518,0.063477
0.010223,-0.0033569,0.061035
0.010529,-0.0042725,0.063477
0.0093079,-0.005188,0.074463
0.0082397,-0.0053406,0.063477
0.0064087,-0.0057983,0.062256
0.0062561,-0.0041199,0.062256
0.0082397,-0.0021362,0.045166
0.011902,-0.0016785,0.063477
0.014954,0.00061035,0.064697
0.020599,0.0036621,0.065918
0.025024,0.0065613,0.067139
0.028229,0.0082397,0.062256
0.029602,0.010223,0.063477
0.031738,0.011139,0.058594
0.034332,0.010071,0.057373
0.0354,0.0097656,0.05249
0.035706,0.0083923,0.056152
0.035095,0.0062561,0.05127
0.033569,0.0047302,0.048828
0.030823,0.0022888,0.054932
0.027313,0.0022888,0.046387
0.025177,0.0035095,0.046387
0.023499,0.0054932,0.045166
0.02243,0.0080872,0.041504
0.021057,0.0093079,0.042725
0.019531,0.0093079,0.037842
0.016785,0.010071,0.037842
0.013733,0.0090027,0.040283
0.013123,0.0099182,0.036621
0.014038,0.009613,0.039063
0.016327,0.0090027,0.036621
0.01709,0.0076294,0.036621
0.015411,0.0059509,0.039063
0.013123,0.0042725,0.039063
0.010223,0.0012207,0.037842
0.009613,-0.00045776,0.039063
0.011139,-0.00076294,0.036621
0.014954,-0.0021362,0.045166
0.018616,-0.0028992,0.057373
0.019836,-0.0033569,0.047607
0.019226,-0.0016785,0.062256
0.01709,0.00061035,0.05127
0.017395,0.0035095,0.043945
0.018311,0.007019,0.056152
0.02182,0.0082397,0.056152
0.025024,0.0079346,0.058594
0.026245,0.0068665,0.058594
0.02533,0.0062561,0.056152
0.023804,0.0061035,0.063477
0.022583,0.0068665,0.058594
0.02243,0.0082397,0.064697
0.023651,0.0074768,0.057373
0.02594,0.0050354,0.064697
0.026855,0.0015259,0.064697
0.022278,-0.0015259,0.065918
0.022583,-0.0015259,0.067139
0.018768,-0.00030518,0.067139
0.016785,0.0010681,0.072021
0.015411,0.0030518,0.067139
0.015717,0.0021362,0.075684
0.01709,-0.00030518,0.064697
0.016632,-0.0033569,0.048828
0.014343,-0.004425,0.053711
0.013123,-0.0038147,0.053711
0.013123,-0.0024414,0.05127
0.014801,0.00091553,0.053711
0.017242,0.0039673,0.043945
0.024719,0.0062561,0.05127
0.022583,0.0090027,0.042725
0.022888,0.010529,0.047607
0.021362,0.0099182,0.047607
0.019989,0.0085449,4.2664
0.019989,0.0068665,4.8706
0.020752,0.0068665,4.8999
0.022278,0.0071716,4.9207
0.023346,0.0022888,4.9097
0.022888,-0.0053406,4.9084
0.021973,-0.0030518,4.9109
0.020142,-0.0054932,4.8865
0.019836,-0.0080872,4.9121
0.019684,-0.0067139,4.9109
0.02243,-0.0057983,4.9097
0.026093,-0.0054932,4.906
0.029297,-0.0050354,4.9036
0.031738,-0.0059509,4.9109
0.032654,-0.0062561,4.9121
0.032501,-0.0065613,4.9146
0.033417,-0.0057983,4.9133
0.035095,-0.0038147,4.9207
0.040436,-0.0045776,4.9207
0.036011,-0.0045776,4.9255
0.033875,-0.0076294,4.9255
0.030365,-0.0061035,4.9255
0.027924,-0.0047302,4.9292
0.027161,-0.0035095,4.9329
0.028229,-0.0016785,4.9438
0.031281,-0.0016785,4.9316
0.033417,-0.0019836,4.9231
0.03479,-0.0019836,4.9304
0.034027,-0.00076294,4.9304
0.032959,0.0018311,4.9182
0.029755,0.0047302,4.9304
0.03067,0.0067139,4.9316
0.031281,0.0064087,4.9329
0.032043,0.0045776,4.9316
0.03006,0.0030518,4.9365
0.028534,0.0013733,4.9329
0.025787,0.00061035,4.9341
0.022736,0.00076294,4.9329
0.021667,0.0012207,4.9353
0.021667,0.00091553,4.9353
0.02243,-0.00076294,4.9292
0.021667,-0.0024414,4.9255
0.020599,-0.0050354,4.9231
0.017853,-0.0064087,4.9158
0.014496,-0.0071716,4.9194
0.011902,-0.0057983,4.9146
0.010376,-0.0039673,4.9158
0.011902,-0.0041199,4.9182
0.012665,-0.0032043,4.9158
0.013428,-0.0041199,4.9158
0.013123,-0.0054932,4.9084
0.011902,-0.0030518,4.9146
0.01236,-0.0038147,4.9072
0.014496,-0.0018311,4.9109
0.0177,-0.00076294,4.9109
0.018768,-0.00076294,4.9146
0.020294,-0.00076294,4.9072
0.019989,-0.00061035,4.9121
0.019379,-0.00091553,4.9194
0.019684,-0.00015259,4.9109
0.020447,0.0018311,4.9182
0.021362,0.0028992,4.9121
0.023956,0.0030518,4.9036
0.02533,0.0022888,4.9146
0.025177,0.0016785,4.9158
0.022278,0.00045776,4.9182
0.023193,0.0012207,4.9231
0.023041,0.00091553,4.9219
0.024567,0.0019836,4.9243
0.028229,0.0035095,4.928
0.029602,0.0064087,4.9304
0.03067,0.0080872,4.9255
0.029144,0.0088501,0.064697
0.029602,0.0083923,0.063477
0.028534,0.0074768,0.063477
0.026703,0.0065613,0.075684
0.024872,0.005188,0.058594
0.025024,0.0039673,0.059814
0.02182,0.00045776,0.062256
0.020752,-0.0010681,0.065918
0.021973,-0.005188,0.062256
0.019989,-0.0057983,0.067139
0.020752,-0.005188,0.062256
0.02121,-0.004425,0.065918
0.024261,-0.0030518,0.061035
0.02594,-0.0024414,0.064697
0.029907,-0.0027466,0.057373
0.032654,-0.0036621,0.057373
0.034027,-0.00076294,0.053711
0.035248,0.0021362,0.056152
0.036774,0.0038147,0.048828
0.03891,0.0047302,0.054932
0.040588,0.0041199,0.05127
0.039978,0.00091553,0.047607
0.042114,0.00015259,0.057373
0.038147,0.00061035,0.046387
0.037079,0.0032043,0.061035
0.034637,0.0057983,0.041504
0.032806,0.0090027,0.037842
0.030518,0.0090027,0.040283
0.028534,0.0082397,0.041504
0.025635,0.0065613,0.036621
0.02243,0.0041199,0.041504
0.019989,0.005188,0.03418
0.018616,0.0056458,0.036621
0.018463,0.0074768,0.039063
0.019836,0.0073242,0.041504
0.019073,0.0048828,0.037842
0.019684,0.00030518,0.042725
0.018463,-0.0048828,0.041504
0.017853,-0.0094604,0.042725
0.018005,-0.010529,0.050049
0.0177,-0.0086975,0.047607
0.016174,-0.0061035,0.050049
0.014648,-0.0047302,0.050049
0.014038,-0.0042725,0.047607
0.013885,-0.0042725,0.054932
0.014038,-0.0053406,0.047607
0.013275,-0.0028992,0.054932
0.012665,0,0.058594
0.012817,0.0030518,0.061035
0.014801,0.0041199,0.062256
0.016785,0.0027466,0.058594
0.017853,0.0022888,0.064697
0.018158,0.0012207,0.061035
0.016479,0.0018311,0.057373
0.015869,0.004425,0.061035
0.015106,0.0076294,0.065918
0.016022,0.0094604,0.062256
0.018311,0.0091553,0.06958
0.020142,0.0080872,0.076904
0.021362,0.0071716,0.065918
0.022125,0.0068665,0.070801
0.02243,0.0076294,0.064697
0.021973,0.0083923,0.042725
0.022125,0.0091553,0.057373
0.02243,0.0083923,0.054932
0.020294,0.005188,0.05249
0.019379,0.0021362,0.05249
0.01709,-0.00015259,0.046387
0.014038,-0.00091553,0.050049
0.011597,0.0010681,0.047607
0.010834,0.0048828,0.047607
0.011292,0.0091553,0.042725
0.01297,0.007782,0.046387
0.014954,0.010986,0.042725
0.01709,0.010223,0.039063
0.018921,0.0090027,0.045166
0.021057,0.0097656,0.043945
0.021057,0.010223,0.040283
0.020447,0.011444,3.3813
0.021057,0.010986,4.812
0.018158,0.007019,4.9036
0.016632,0.0062561,4.8962
0.014648,0.0030518,4.9109
0.011444,0.002594,4.9109
0.010223,0.0032043,4.9072
0.0088501,0.0045776,4.9133
0.010986,0.0050354,4.9109
0.013123,0.0054932,4.9146
0.014496,0.004425,4.9133
0.015564,0.0033569,4.9219
0.015564,0.0042725,4.9182
0.015564,0.0057983,4.9207
0.015564,0.0097656,4.9231
0.014648,0.0082397,4.9292
0.014038,0.007782,4.9377
0.012207,0.0045776,4.9255
0.010071,0.0024414,4.9353
0.0059509,0.00045776,4.9341
0.007782,-0.00030518,4.9231
0.0088501,-0.0036621,4.9304
0.010529,-0.0047302,4.9341
0.0091553,-0.0061035,4.9304
0.011749,-0.0071716,4.9304
0.013733,-0.0085449,4.9329
0.015411,-0.0086975,4.9341
0.017242,-0.0062561,4.9341
0.019531,-0.0039673,4.9377
0.021515,-0.00015259,4.9304
0.020599,0.002594,4.9365
0.021973,-0.00015259,4.9304
0.02121,-0.0030518,4.9316
0.022583,-0.007019,4.9231
0.023651,-0.0097656,4.9304
0.02533,-0.010223,4.9304
0.027924,-0.0071716,4.9255
0.029144,-0.0038147,4.9304
0.030212,-0.0015259,4.9207
0.029907,-0.0018311,4.9109
0.030975,-0.0024414,4.9158
0.030518,-0.004425,4.9182
0.028839,-0.0038147,4.9146
0.028381,-0.0013733,4.9133
0.03067,0.00030518,4.9109
0.027924,0.002594,4.9146
0.027466,0.0027466,4.9097
0.026398,0.0018311,4.9109
0.027008,0.00015259,4.9121
0.029144,-0.0015259,4.9097
0.027924,-0.0018311,4.9072
0.028534,-0.0022888,4.9133
0.028839,-0.0056458,4.9207
0.028687,-0.0028992,4.9097
0.028381,-0.0028992,4.9121
0.029907,-0.0039673,4.9121
0.030365,-0.0045776,4.8962
0.032043,-0.0042725,4.9146
0.033112,-0.00015259,4.9133
0.033264,0.0021362,4.9182
0.034637,0.004425,4.9158
0.034943,0.0045776,4.9133
0.03418,0.0019836,4.9219
0.03479,-0.00061035,4.9243
0.035095,-0.0027466,4.9292
0.034332,-0.0036621,4.928
0.033112,-0.0019836,4.9329
0.03418,-0.0024414,4.9304
0.030975,-0.00091553,4.9341
0.029449,-0.00015259,4.9353
0.028839,-0.00045776,4.9341
0.028687,-0.004425,4.9426
0.027618,0.0010681,0.062256
0.027924,0.0038147,0.076904
0.02655,0.005188,0.062256
0.026703,0.0082397,0.057373
0.027161,0.0076294,0.064697
0.026855,0.0068665,0.065918
0.026855,0.0053406,0.063477
0.02594,0.0059509,0.065918
0.025787,0.0059509,0.061035
0.024872,0.0071716,0.054932
0.021973,0.0071716,0.056152
0.023346,0.0067139,0.058594
0.022736,0.0062561,0.048828
0.022888,0.0038147,0.05249
0.022278,0.00015259,0.05127
0.023651,-0.0010681,0.047607
0.023804,-0.0027466,0.057373
0.019989,-0.0032043,0.047607
0.02182,-0.0035095,0.05127
0.020905,-0.0045776,0.042725
0.019836,-0.0062561,0.031738
0.020294,-0.0064087,0.039063
0.020447,-0.0062561,0.039063
0.021515,-0.0068665,0.036621
0.024109,-0.0039673,0.039063
0.02243,-0.0027466,0.05249
0.023804,-0.00061035,0.041504
0.024261,0.0018311,0.037842
0.026093,0.002594,0.041504
0.028534,0.0021362,0.036621
0.030518,0.0033569,0.043945
0.031433,0.0036621,0.041504
0.030975,0.0050354,0.041504
0.031433,0.0050354,0.041504
0.029144,0.0056458,0.047607
0.029297,0.005188,0.043945
0.028381,0.0048828,0.053711
0.024261,0.0042725,0.059814
0.022736,0.0033569,0.054932
0.019226,0.0032043,0.046387
0.020447,0.0024414,0.056152
0.019531,0.0010681,0.062256
0.018616,0.00015259,0.057373
0.018921,-0.0019836,0.062256
0.020599,-0.0054932,0.058594
0.023041,-0.0071716,0.062256
0.024719,-0.0065613,0.058594
0.024261,-0.0062561,0.062256
0.022125,-0.0048828,0.061035
0.019989,-0.0022888,0.067139
0.018616,-0.00015259,0.061035
0.019836,0.0024414,0.064697
0.023041,0.0045776,0.084229
0.025635,0.0064087,0.067139
0.02594,0.0068665,0.062256
0.027313,0.0056458,0.064697
0.028992,0.0047302,0.048828
0.031281,0.0035095,0.057373
0.03479,0.0041199,0.057373
0.034027,0.0048828,0.053711
0.037994,0.0059509,0.05127
0.036011,0.010376,0.05127
0.032349,0.0073242,0.048828
0.027924,0.0056458,0.043945
0.025024,0.004425,0.050049
0.023804,0.00076294,0.041504
0.022736,-0.0027466,0.046387
0.023041,0.00061035,0.043945
0.021515,0.0022888,0.045166
0.022125,0.0038147,0.041504
0.020447,0.0047302,0.042725
0.019226,0.0045776,0.047607
0.019073,0.0030518,0.040283
0.018158,0.0010681,0.046387
0.016174,-0.0010681,0.039063
0.014496,-0.0019836,0.030518
0.010986,-0.0021362,0.040283
0.0068665,-0.0018311,0.039063
0.0047302,-0.0027466,3.2776
0.0036621,-0.004425,4.8083
0.0053406,-0.0057983,4.8987
0.0080872,-0.0076294,4.9121
0.011597,-0.0080872,4.9146
0.013123,-0.0071716,4.9158
0.01297,-0.0059509,4.9109
0.013428,-0.0039673,4.9231
0.014191,-0.0022888,4.9243
0.015564,-0.0016785,4.928
0.016479,-0.00061035,4.9329
0.016022,-0.00045776,4.9304
0.015564,-0.0012207,4.9304
0.013885,-0.002594,4.9353
0.01358,-0.0033569,4.9341
0.015717,-0.004425,4.9316
0.018005,-0.0038147,4.9207
0.018921,-0.004425,4.9304
0.022736,-0.0028992,4.9304
0.022888,-0.0032043,4.9316
0.020752,-0.0015259,4.9329
0.020905,0.0010681,4.9316
0.020599,0.0035095,4.9414
0.019836,0.0057983,4.9353
0.019379,0.0071716,4.9377
0.018768,0.0076294,4.9329
0.016937,0.0076294,4.9329
0.014496,0.0039673,4.9243
0.01236,0.0048828,4.9304
0.012512,0.0039673,4.9377
0.013428,0.0038147,4.9255
0.014191,0.0038147,4.9243
0.014648,0.0039673,4.9207
0.014343,0.0042725,4.9036
0.014038,0.0045776,4.9158
0.012665,0.0050354,4.9146
0.011597,0.0053406,4.9182
0.011444,0.0065613,4.9121
0.012665,0.0079346,4.9084
0.015411,0.0083923,4.9121
0.015869,0.0088501,4.9097
0.016327,0.0088501,4.9121
0.015564,0.0088501,4.9084
0.014496,0.0099182,4.9133
0.013428,0.010986,4.9121
0.013885,0.011139,4.9121
0.014343,0.010834,4.9109
0.014191,0.0094604,4.9097
0.010376,0.0088501,4.9084
0.010834,0.0073242,4.9121
0.010681,0.0068665,4.9072
0.011292,0.0042725,4.9133
0.011444,0.0024414,4.917
0.010986,0.00091553,4.9194
0.0099182,-0.0015259,4.917
0.0065613,-0.0018311,4.9207
0.0054932,-0.00015259,4.9231
0.0053406,0.0028992,4.9243
0.0054932,0.0073242,4.9292
0.0068665,0.010223,4.9255
0.0085449,0.011902,4.9341
0.0099182,0.010681,4.9304
0.011292,0.0085449,4.9329
0.012665,0.0050354,4.928
0.015869,-0.0032043,4.9329
0.019684,-0.00045776,4.9377
0.022583,0.00045776,4.9353
0.024567,0.004425,4.9414
0.02655,0.0076294,4.9341
0.025635,0.0079346,4.9243
0.025024,0.0086975,4.9353
0.025024,0.0038147,0.084229
0.024872,0.0027466,0.063477
0.026703,0.002594,0.065918
0.024567,0.0024414,0.058594
0.025635,0.0016785,0.059814
0.026093,-0.00015259,0.056152
0.025024,-0.00061035,0.05127
0.02533,-0.0010681,0.050049
0.025024,-0.00030518,0.05249
0.025482,-0.00015259,0.05127
0.024109,0.00061035,0.053711
0.023193,0.00076294,0.047607
0.020752,0.0012207,0.047607
0.018768,0.0012207,0.046387
0.018463,0.0016785,0.045166
0.019379,0.0030518,0.037842
0.02121,0.0045776,0.041504
0.026855,0.005188,0.040283
0.024109,0.0045776,0.039063
0.025787,0.0038147,0.037842
0.025635,0.0013733,0.040283
0.027313,0.00091553,0.040283
0.027618,0.00076294,0.037842
0.025482,0.0012207,0.041504
0.026245,0.0024414,0.037842
0.025482,0.0018311,0.042725
0.025787,0.00030518,0.040283
0.024261,-0.00061035,0.043945
0.023041,-0.00030518,0.040283
0.021057,0.0030518,0.047607
0.023041,0.0068665,0.058594
0.023193,0.0076294,0.046387
0.023346,0.0093079,0.059814
0.022736,0.0073242,0.053711
0.023956,0.005188,0.037842
0.023499,0.0032043,0.057373
0.023499,0.0033569,0.057373
0.023651,0.0036621,0.059814
0.02182,0.0057983,0.056152
0.020142,0.0053406,0.057373
0.014801,0.0030518,0.062256
0.018158,0.0015259,0.061035
0.018005,0.00061035,0.063477
0.018768,0.0013733,0.056152
0.020142,0.00061035,0.065918
0.020447,0.0062561,0.062256
0.020599,0.0059509,0.065918
0.020752,0.0064087,0.074463
0.02121,0.0047302,0.067139
0.019684,0.0038147,0.063477
0.020142,0.0015259,0.062256
0.020142,0.0024414,0.070801
0.021515,0.0039673,0.057373
0.021973,0.0047302,0.05249
0.021362,0.0045776,0.056152
0.021515,0.0035095,0.053711
0.021057,0.0036621,0.046387
0.019989,0.00015259,0.05249
0.019073,-0.0010681,0.046387
0.019531,-0.0019836,0.046387
0.018768,-0.0032043,0.045166
0.019684,-0.0050354,0.046387
0.019989,-0.0074768,0.043945
0.020447,-0.0073242,0.045166
0.018921,-0.0073242,0.041504
0.0177,-0.0059509,0.041504
0.020142,-0.0027466,0.043945
0.021515,0.00091553,0.039063
0.023346,0.0038147,0.042725
0.024719,0.0050354,0.037842
0.026703,0.0047302,0.029297
0.027313,0.005188,0.039063
0.027618,0.0062561,0.039063
0.029602,0.0053406,0.032959
0.030518,0.0050354,0.039063
0.030518,0.0035095,0.040283
0.030365,0.0019836,0.042725
0.030975,-0.0013733,0.040283
0.026855,-0.0038147,0.048828
0.024567,-0.0061035,4.0857
0.023499,-0.0068665,4.8669
0.024872,-0.0074768,4.917
0.025177,-0.0062561,4.9219
0.025635,-0.0047302,4.9231
0.02594,-0.0035095,4.9316
0.025024,-0.0036621,4.928
0.027161,-0.0039673,4.9292
0.023346,-0.0047302,4.9402
0.024414,-0.0035095,4.9329
0.026093,-0.00045776,4.9146
0.027313,0.0028992,4.928
0.030365,0.0047302,4.9304
0.030212,0.0045776,4.9304
0.029297,0.0030518,4.9316
0.029297,0.0021362,4.9329
0.030518,0.0035095,4.9353
0.032806,0.0071716,4.9255
0.034637,0.0097656,4.9377
0.035706,0.010834,4.9316
0.036316,0.0079346,4.9329
0.03418,0.0018311,4.9268
0.031128,-0.0032043,4.928
0.030975,-0.0065613,4.939
0.031281,-0.0071716,4.9255
0.031891,-0.0053406,4.9158
0.030823,-0.0041199,4.9207
0.029755,-0.0022888,4.8999
0.025635,-0.0024414,4.917
0.022125,-0.0021362,4.917
0.020447,0.0013733,4.9158
0.022125,0.0053406,4.9133
0.024261,0.0074768,4.9084
0.025482,0.0088501,4.9121
0.024109,0.0074768,4.9121
0.022736,0.0059509,4.9097
0.020599,0.0032043,4.9133
0.019836,0.0016785,4.9146
0.018005,0.00030518,4.9097
0.016785,-0.0018311,4.9146
0.01358,-0.0036621,4.9084
0.010376,-0.0041199,4.9097
0.0080872,-0.0038147,4.9194
0.0079346,-0.002594,4.9158
0.0080872,-0.0015259,4.9182
0.010223,-0.00045776,4.9109
0.013123,0.00030518,4.9048
0.016632,0.0013733,4.9158
0.018768,0.0022888,4.9182
0.021362,0.0036621,4.9182
0.021667,0.0028992,4.9231
0.020905,0.0015259,4.9231
0.018768,-0.00015259,4.9255
0.017242,0.00030518,4.9255
0.015717,0.00061035,4.9329
0.014343,0.0027466,4.9268
0.014038,0.0030518,4.9329
0.014343,0.002594,4.9316
0.01358,0.0019836,4.9329
0.014191,0.00076294,4.9402
0.016174,-0.00030518,4.9414
0.017242,0.00061035,4.9341
0.0177,0.0024414,4.9353
0.016632,0.0053406,4.9341
0.014343,0.0080872,4.9329
0.012054,0.0086975,4.9316
0.0099182,0.0067139,4.9329
0.0083923,0.004425,4.9365
0.0074768,0.0035095,4.9377
0.0088501,0.0038147,4.9329
0.010071,0.0054932,4.9268
0.011444,0.0073242,0.058594
0.013275,0.0099182,0.05127
0.013885,0.009613,0.057373
0.014801,0.0085449,0.050049
0.014038,0.0064087,0.05249
0.012665,0.005188,0.046387
0.010834,0.0041199,0.050049
0.0090027,0.004425,0.059814
0.0065613,0.0054932,0.043945
0.0067139,0.0057983,0.053711
0.0056458,0.004425,0.042725
0.007019,0.0028992,0.0354
0.0088501,0.0018311,0.036621
0.009613,0.0019836,0.037842
0.010834,0.0041199,0.040283
0.0090027,0.0065613,0.040283
0.0094604,0.0086975,0.036621
0.0080872,0.0082397,0.045166
0.0074768,0.0065613,0.039063
0.0090027,0.0042725,0.039063
0.010223,0.0039673,0.03418
0.011597,0.0059509,0.043945
0.013733,0.0094604,0.042725
0.015564,0.011444,0.045166
0.018768,0.011292,0.057373
0.020447,0.012207,0.048828
0.02182,0.0064087,0.050049
0.02182,0.0053406,0.050049
0.019989,0.0062561,0.045166
0.018463,0.0057983,0.053711
0.016632,0.0033569,0.047607
0.016632,0.00076294,0.057373
0.015106,-0.0047302,0.061035
0.014801,-0.010071,0.058594
0.015869,-0.011749,0.059814
0.016479,-0.011139,0.063477
0.015564,-0.010681,0.059814
0.016937,-0.0062561,0.058594
0.016022,-0.0045776,0.063477
0.019531,-0.004425,0.061035
0.019989,-0.0067139,0.064697
0.020294,-0.0073242,0.068359
0.018616,-0.0090027,0.065918
0.018616,-0.0083923,0.072021
0.018158,-0.0073242,0.067139
0.016632,-0.0042725,0.074463
0.018768,-0.0027466,0.062256
0.019379,-0.0042725,0.050049
0.020752,-0.0048828,0.058594
0.024109,-0.0056458,0.056152
0.026398,-0.004425,0.050049
0.027466,-0.0015259,0.05127
0.029144,-0.00015259,0.048828
0.030365,-0.00045776,0.047607
0.029755,-0.0036621,0.050049
0.030365,-0.0074768,0.047607
0.032043,-0.010071,0.043945
0.033417,-0.011292,0.043945
0.033112,-0.0088501,0.045166
0.031281,-0.0061035,0.042725
0.029144,-0.007019,0.043945
0.02655,-0.004425,0.041504
0.022736,-0.007019,0.042725
0.02182,-0.0094604,0.041504
0.020294,-0.0091553,0.037842
0.019379,-0.0074768,0.039063
0.018768,-0.004425,0.040283
0.0177,-0.0019836,0.036621
0.017548,0.00015259,0.037842
0.017242,0.0038147,0.039063
0.018616,0.0013733,0.037842
0.020294,0.00091553,0.041504
0.021515,0.00076294,0.045166
0.021515,0.00030518,0.042725
0.019836,0.00091553,0.048828
0.018616,0.0021362,0.05127
0.017853,0.0010681,0.045166
0.019226,0.00045776,0.053711
0.019836,-0.00061035,2.699
0.022888,-0.0012207,4.801
0.024567,-0.0019836,4.9158
0.025787,-0.0016785,4.9329
0.025635,0.00015259,4.9304
0.025787,0.0033569,4.9146
0.025024,0.0065613,4.9329
0.02655,0.0064087,4.9304
0.026855,0.0039673,4.9304
0.027466,0.0019836,4.9292
0.024872,0.0012207,4.9292
0.022888,0.00015259,4.9377
0.016785,0.00015259,4.9377
0.016785,-0.0016785,4.9353
0.014801,-0.0030518,4.9365
0.013733,-0.0042725,4.9353
0.015411,-0.004425,4.9329
0.017548,-0.0027466,4.9329
0.018463,-0.0018311,4.9353
0.016785,0.0015259,4.9304
0.016785,0.0016785,4.928
0.016327,0.0010681,4.9255
0.016785,-0.00076294,4.9304
0.017548,-0.00076294,4.917
0.019989,0.00045776,4.9316
0.019989,0.0033569,4.9158
0.020447,0.0054932,4.9182
0.020905,0.005188,4.9036
0.018768,0.002594,4.917
0.02182,0.0030518,4.9109
0.025177,0.0012207,4.9097
0.028992,0.0027466,4.906
0.030975,0.0033569,4.9097
0.030518,0.0053406,4.9084
0.029297,0.0047302,4.9109
0.028076,0.0032043,4.9048
0.028229,0.00091553,4.9121
0.029449,-0.0024414,4.9182
0.030365,-0.0054932,4.9109
0.03006,-0.0074768,4.9146
0.026703,-0.0059509,4.9097
0.023346,-0.005188,4.9036
0.018768,-0.0041199,4.9146
0.017548,-0.0076294,4.9146
0.017853,-0.0097656,4.9158
0.021057,-0.01358,4.9194
0.021667,-0.010681,4.9219
0.019836,-0.0085449,4.9255
0.018005,-0.0039673,4.9268
0.0177,-0.00076294,4.9353
0.018921,-0.00015259,4.9292
0.020294,0.0033569,4.9316
0.024109,0.00061035,4.9304
0.026245,0.0012207,4.9365
0.028381,0.00076294,4.9353
0.028992,0.0022888,4.9329
0.028534,0.0032043,4.9304
0.027771,0.005188,4.9341
0.029755,0.0065613,4.9438
0.031738,0.007782,4.9365
0.034332,0.0085449,4.9255
0.034485,0.0068665,4.9365
0.032349,0.0062561,4.9329
0.03006,0.007019,4.9329
0.029449,0.0085449,4.9194
0.029144,0.0090027,4.928
0.029602,0.010223,4.9304
0.029907,0.010834,4.9243
0.030365,0.0099182,4.9243
0.029907,0.01236,4.9231
0.027466,0.013885,4.9292
0.025024,0.014801,4.9194
0.021973,0.013885,0.047607
0.021362,0.011597,0.061035
0.021057,0.0079346,0.042725
0.018463,0.0057983,0.047607
0.0177,0.004425,0.043945
0.014038,0.0032043,0.028076
0.0099182,0.00015259,0.039063
0.0057983,-0.0038147,0.037842
0.0024414,-0.007019,0.036621
0.0018311,-0.0091553,0.032959
0.0021362,-0.0094604,0.036621
0.0041199,-0.0086975,0.041504
0.0047302,-0.0071716,0.037842
0.0068665,-0.0053406,0.041504
0.007019,-0.0038147,0.036621
0.0093079,-0.004425,0.042725
0.011292,-0.0032043,0.041504
0.014191,-0.0030518,0.043945
0.016632,-0.0013733,0.047607
0.018768,0.0016785,0.048828
0.018158,0.0050354,0.045166
0.016785,0.0091553,0.056152
0.016022,0.011444,0.059814
0.018616,0.011749,0.05249
0.02121,0.011597,0.05249
0.025024,0.010223,0.058594
0.026855,0.0090027,0.059814
0.02594,0.0086975,0.059814
0.023651,0.0085449,0.062256
0.019531,0.0088501,0.062256
0.016327,0.0067139,0.058594
0.015106,0.0053406,0.057373
0.014954,0.0041199,0.065918
0.014038,0.0024414,0.059814
0.011902,0.0038147,0.064697
0.0079346,0.0067139,0.064697
0.0032043,0.0093079,0.067139
0.0018311,0.010529,0.076904
0.0027466,0.009613,0.067139
0.0048828,0.0080872,0.068359
0.0059509,0.0053406,0.05249
0.0064087,0.0024414,0.050049
0.0038147,0.0028992,0.059814
0.00076294,0.0045776,0.057373
-0.0028992,0.0048828,0.05249
-0.0038147,0.0048828,0.05249
-0.00091553,0.0045776,0.046387
0.0028992,0.002594,0.050049
0.0067139,0.0047302,0.046387
0.011749,0.0050354,0.046387
0.011292,0.0067139,0.042725
0.010834,0.0068665,0.045166
0.010834,0.0065613,0.047607
0.010376,0.005188,0.045166
0.010834,0.0038147,0.025635
0.010834,0.0030518,0.042725
0.010529,0.0021362,0.050049
0.0091553,0.0022888,0.041504
0.0088501,0.0036621,0.046387
0.0088501,0.0047302,0.039063
0.011444,0.0068665,0.036621
0.015411,0.0079346,0.037842
0.016327,0.0088501,0.039063
0.022583,0.0073242,0.036621
0.025787,0.0094604,0.040283
0.024719,0.0062561,0.037842
0.021667,0.0074768,0.045166
0.020599,0.0086975,0.042725
0.019531,0.0093079,0.050049
0.019073,0.0074768,0.045166
0.019379,0.0038147,0.054932
0.019073,0.00061035,0.054932
0.017242,-0.00076294,0.05249
0.015259,-0.00091553,0.073242
0.013123,0.00045776,0.057373
0.012207,0.00015259,0.062256
0.013885,-0.0015259,0.062256
0.017853,-0.0047302,0.056152
0.019531,-0.0091553,0.4895
0.018921,-0.011749,4.6753
0.019684,-0.011597,4.9084
0.0177,-0.0091553,4.928
0.017395,-0.0054932,4.928
0.019073,-0.0032043,4.9304
0.018311,-0.0035095,4.9329
0.022278,-0.002594,4.9353
0.022583,-0.0094604,4.9304
0.023193,-0.0073242,4.9377
0.023346,-0.0068665,4.9316
0.025787,-0.0053406,4.9329
0.028839,-0.0042725,4.9304
0.032043,-0.0054932,4.9304
0.035248,-0.0074768,4.9341
0.036316,-0.009613,4.9268
0.033417,-0.012665,4.9365
0.032501,-0.010986,4.9207
0.030212,-0.0086975,4.9084
0.029297,-0.0048828,4.9158
0.029449,-0.0027466,4.9158
0.027618,-0.0033569,4.9133
0.029297,-0.0050354,4.9158
0.028839,-0.007019,4.9146
0.027618,-0.010071,4.9109
0.026398,-0.010376,4.9084
0.02594,-0.009613,4.9072
0.025787,-0.0076294,4.9084
0.026703,-0.0085449,4.9146
0.026855,-0.0057983,4.9097
0.026093,-0.0041199,4.9109
0.024719,-0.0024414,4.9109
0.02182,0.00091553,4.9146
0.021973,0.0033569,4.9097
0.023651,0.004425,4.9097
0.027008,0.0042725,4.9072
0.029907,0.0019836,4.9146
0.031433,-0.00030518,4.9084
0.030975,-0.0033569,4.9146
0.029144,-0.0018311,4.9146
0.026245,-0.00045776,4.9207
0.023651,0.0019836,4.9207
0.021515,0.0038147,4.9146
0.02182,0.0028992,4.9304
0.018463,0.0041199,4.928
0.016785,0.0032043,4.9316
0.015106,0.0027466,4.9292
0.014496,0.002594,4.9353
0.016479,0.0021362,4.928
0.018311,0.0012207,4.9316
0.021973,0.0021362,4.939
0.025177,-0.0036621,4.9316
0.024719,-0.0074768,4.9353
0.022888,-0.0097656,4.9341
0.017853,-0.0085449,4.9158
0.014343,-0.0067139,4.9353
0.012207,-0.0035095,4.9365
0.011749,-0.0024414,4.9377
0.011902,-0.0021362,4.9353
0.013733,-0.0027466,4.9316
0.014191,-0.0057983,4.9341
0.016785,-0.0071716,4.9292
0.019073,-0.0071716,4.9268
0.021515,-0.0056458,4.9194
0.024261,-0.0045776,4.9243
0.02533,-0.002594,4.9194
0.028839,-0.0024414,4.9243
0.028839,0,4.9243
0.028839,-0.0018311,4.9207
0.022125,0.00091553,4.9146
0.018768,0.0027466,4.9146
0.016632,0.0039673,4.9084
0.016632,0.0012207,4.9097
0.0177,0.0053406,0.037842
0.020905,0.0035095,0.043945
0.023651,0.0038147,0.039063
0.025635,0.0038147,0.039063
0.027924,0.0032043,0.041504
0.029755,0.0022888,0.037842
0.031891,-0.0024414,0.039063
0.031738,-0.005188,0.03418
0.030823,-0.010834,0.040283
0.027466,-0.01358,0.039063
0.019531,-0.014954,0.041504
0.016022,-0.014648,0.043945
0.011444,-0.01358,0.047607
0.010529,-0.01297,0.056152
0.016479,-0.012665,0.050049
0.014343,-0.011902,0.067139
0.017548,-0.0080872,0.05127
0.020599,-0.0030518,0.043945
0.023346,-0.0035095,0.057373
0.025787,-0.0039673,0.061035
0.028534,-0.0059509,0.061035
0.030975,-0.0064087,0.061035
0.032196,-0.0086975,0.056152
0.032501,-0.0042725,0.062256
0.029907,-0.0012207,0.061035
0.028381,-0.0012207,0.064697
0.023651,-0.0015259,0.059814
0.022125,-0.002594,0.065918
0.02243,-0.0038147,0.062256
0.024719,-0.0036621,0.065918
0.027618,-0.00061035,0.070801
0.030518,0.0028992,0.067139
0.032196,0.0035095,0.064697
0.032959,0.0054932,0.063477
0.033417,0.0048828,0.067139
0.034332,0.0036621,0.058594
0.032654,0.0047302,0.056152
0.03067,0.0045776,0.050049
0.027313,0.0053406,0.05249
0.023193,0.0048828,0.047607
0.019684,0.0032043,0.046387
0.01709,0.0019836,0.045166
0.015106,0.0012207,0.05127
0.015106,0.0021362,0.043945
0.015259,0.0012207,0.046387
0.015259,-0.00061035,0.046387
0.013275,-0.0022888,0.046387
0.011749,-0.0050354,0.040283
0.009613,-0.0041199,0.042725
0.0085449,-0.0024414,0.056152
0.0067139,0,0.031738
0.0054932,0.0012207,0.048828
0.0056458,-0.0010681,0.037842
0.0016785,-0.0047302,0.025635
0.00045776,-0.0079346,0.0354
0.00045776,-0.0079346,0.039063
0.0018311,-0.0062561,0.039063
0.0042725,-0.0024414,0.039063
0.0073242,0.0010681,0.037842
0.011444,0.00091553,0.041504
0.01358,-0.00061035,0.039063
0.013733,-0.0015259,0.046387
0.013885,0.00045776,0.045166
0.014191,0.0038147,0.053711
0.014648,0.0088501,0.057373
0.016632,0.012512,0.056152
0.0177,0.014801,0.065918
0.018768,0.014648,0.057373
0.019684,0.013428,0.056152
0.020142,0.013123,0.062256
0.02121,0.012665,0.072021
0.020447,0.011902,0.058594
0.020905,0.012512,0.048828
0.019531,0.014496,0.061035
0.0177,0.0091553,0.062256
0.016479,0.0074768,0.061035
0.015869,0.0074768,0.063477
0.016327,0.0090027,1.1047
0.017395,0.011597,4.7119
0.016632,0.016479,4.9158
0.016327,0.014191,4.9329
0.016327,0.014343,4.9329
0.016479,0.012512,4.9304
0.015106,0.0097656,4.928
0.01236,0.0068665,4.9292
0.010834,0.0013733,4.9329
0.0080872,0.0022888,4.9255
0.0057983,0.00076294,4.9231
0.0018311,0.0010681,4.9207
0.004425,0.0012207,4.9084
0.0053406,0.0022888,4.9158
0.0059509,0.0038147,4.9158
0.0065613,0.0045776,4.9158
0.007019,0.0083923,4.9109
0.0067139,0.0082397,4.9133
0.0071716,0.009613,4.9109
0.0074768,0.0080872,4.9084
0.007782,0.0047302,4.9109
0.0080872,0.0018311,4.9084
0.0085449,-0.00061035,4.9121
0.010376,-0.0016785,4.9109
0.011139,-0.0024414,4.9146
0.013275,-0.0036621,4.9097
0.013733,-0.0038147,4.9084
0.016937,-0.0054932,4.9146
0.018311,-0.0053406,4.9084
0.019531,-0.0050354,4.9146
0.021057,-0.0047302,4.9121
0.02243,-0.0045776,4.9084
0.023956,-0.004425,4.9146
0.022736,-0.0041199,4.9158
0.022125,-0.0036621,4.9231
0.023193,-0.002594,4.9243
0.023193,-0.0032043,4.917
0.02655,-0.002594,4.9292
0.02243,-0.0015259,4.9316
0.023041,0.00015259,4.9304
0.022888,0.0042725,4.928
0.02182,-0.0010681,4.9329
0.021515,-0.0039673,4.9304
0.021973,-0.0071716,4.9353
0.021667,-0.0093079,4.9426
0.02182,-0.011139,4.9353
0.022125,-0.0083923,4.9304
0.021667,-0.0061035,4.9414
0.023041,-0.004425,4.9329
0.022125,-0.0038147,4.9329
0.024261,-0.004425,4.9341
0.024719,-0.0067139,4.9341
0.023193,-0.0088501,4.9329
0.02655,-0.0094604,4.9304
0.027771,-0.0076294,4.9329
0.028687,-0.0094604,4.928
0.032043,-0.0074768,4.9255
0.034485,-0.0061035,4.9194
0.035858,-0.007019,4.928
0.039825,-0.0030518,4.9219
0.040283,-0.0042725,4.9219
0.039978,-0.0027466,4.9182
0.040131,-0.0019836,4.9158
0.039215,-0.002594,4.9268
0.037842,-0.0032043,4.9158
0.037994,-0.0050354,4.9268
0.037231,-0.0065613,4.9109
0.036621,-0.007782,4.906
0.038757,-0.0083923,4.9121
0.039673,-0.0068665,4.9048
0.038757,-0.0074768,4.9084
0.039368,-0.0079346,4.9097
0.037689,-0.0079346,4.906
0.036163,-0.010223,4.9109
0.033264,-0.0073242,0.037842
0.030518,-0.010681,0.041504
0.026245,-0.0074768,0.040283
0.023804,-0.004425,0.041504
0.021515,-0.0030518,0.043945
0.02121,-0.00076294,0.037842
0.02121,0.00076294,0.056152
0.025635,0.0047302,0.05127
0.028229,0.0080872,0.053711
0.031891,0.010071,0.05249
0.03418,0.010986,0.053711
0.034485,0.010071,0.056152
0.034943,0.0047302,0.056152
0.031281,-0.0012207,0.058594
0.027161,-0.0074768,0.062256
0.02243,-0.012054,0.061035
0.017242,-0.01236,0.057373
0.012665,-0.010986,0.058594
0.010681,-0.0091553,0.064697
0.0083923,-0.0090027,0.062256
0.0085449,-0.0061035,0.064697
0.0088501,-0.0036621,0.063477
0.011139,-0.00030518,0.067139
0.013123,0.0024414,0.067139
0.016327,0.0039673,0.068359
0.023346,0.0048828,0.072021
0.024261,0.0035095,0.062256
0.026245,0.0038147,0.068359
0.026703,0.0067139,0.062256
0.027618,0.007782,0.045166
0.028076,0.011444,0.053711
0.029449,0.0082397,0.056152
0.030823,0.0067139,0.048828
0.030823,0.0047302,0.050049
0.030518,0.0024414,0.047607
0.028992,0.00061035,0.048828
0.025482,-0.0010681,0.042725
0.02182,-0.0030518,0.05127
0.018921,-0.0036621,0.042725
0.016632,-0.0054932,0.046387
0.015411,-0.0059509,0.041504
0.01236,-0.0082397,0.040283
0.0093079,-0.0094604,0.047607
0.0068665,-0.010986,0.039063
0.0048828,-0.012665,0.0354
0.0083923,-0.012054,0.042725
0.0080872,-0.012207,0.026855
0.010986,-0.0079346,0.036621
0.013733,-0.0065613,0.03418
0.016174,-0.0033569,0.036621
0.019684,-0.00030518,0.040283
0.022125,0.0022888,0.037842
0.024567,0.0056458,0.042725
0.027771,0.0079346,0.045166
0.030212,0.011139,0.047607
0.033112,0.015259,0.043945
0.03479,0.016327,0.053711
0.036621,0.015717,0.05249
0.037537,0.012054,0.056152
0.037994,0.0074768,0.05249
0.037994,0.0035095,0.061035
0.039215,0.00015259,0.064697
0.037689,-0.0019836,0.062256
0.035706,-0.004425,0.074463
0.033112,-0.0082397,0.058594
0.032349,-0.010834,0.048828
0.032196,-0.012665,0.062256
0.032806,-0.013123,0.058594
0.032043,-0.009613,0.059814
0.030975,-0.0056458,0.064697
0.030365,0.00061035,0.061035
0.028992,0.0047302,0.065918
0.028839,0.0071716,0.064697
0.027161,0.0083923,0.068359
0.025024,0.0079346,0.061035
0.020599,0.009613,0.063477
0.015259,0.013123,0.061035
0.0091553,0.016632,4.3713
0.0041199,0.019379,4.8938
0.00076294,0.020294,4.9231
0.00030518,0.018311,4.9219
0.0013733,0.015106,4.9207
0.004425,0.011444,4.9219
0.0062561,0.0094604,4.9207
0.0093079,0.0083923,4.9097
0.01236,0.0065613,4.9158
0.015259,0.0048828,4.917
0.018005,0.0027466,4.9158
0.018921,0.0010681,4.9146
0.018158,-0.0010681,4.9072
0.014954,-0.002594,4.9133
0.012665,-0.0012207,4.906
0.010986,-0.0013733,4.9121
0.0099182,0,4.9121
0.011139,0.0013733,4.9133
0.012817,0.0021362,4.9084
0.014496,0.0012207,4.9121
0.0177,0.00076294,4.9219
0.019379,0.00076294,4.9121
0.020447,0.0016785,4.9158
0.020142,0.0032043,4.9133
0.019531,0.0053406,4.8975
0.018158,0.0074768,4.9109
0.016479,0.0086975,4.9158
0.014801,0.010529,4.9207
0.013733,0.010986,4.9194
0.01358,0.012207,4.9207
0.014954,0.012054,4.9231
0.013428,0.010986,4.928
0.014038,0.010223,4.9304
0.015259,0.0094604,4.9268
0.016937,0.010071,4.9353
0.019531,0.011444,4.9292
0.02182,0.01358,4.9329
0.024261,0.015106,4.9365
0.025787,0.014038,4.9329
0.026093,0.011292,4.9329
0.026855,0.0073242,4.9365
0.027008,0.0042725,4.9463
0.026398,0.0033569,4.9316
0.02594,0.0028992,4.9268
0.022278,0.0032043,4.9353
0.020447,0.0022888,4.9353
0.020752,-0.00015259,4.9316
0.017395,-0.0018311,4.9341
0.015106,-0.0028992,4.9292
0.012054,-0.0015259,4.9255
0.010986,0.002594,4.9219
0.0080872,0.0057983,4.9255
0.0071716,0.0073242,4.9207
0.0068665,0.0062561,4.9219
0.0074768,0.0050354,4.9194
0.0090027,0.0035095,4.9219
0.011139,0.0041199,4.9109
0.014038,0.00045776,4.917
0.017548,0.0059509,4.917
0.022278,0.0080872,4.9121
0.024109,0.0082397,4.9011
0.030823,0.0079346,4.9121
0.036011,0.0067139,4.9109
0.038452,0.0045776,4.9109
0.039368,0.0019836,4.9109
0.040131,-0.00015259,4.9084
0.038147,-0.0032043,4.9109
0.035858,-0.0056458,4.9048
0.03418,-0.0085449,4.9109
0.031433,-0.010986,4.9072
0.029297,-0.013123,4.9133
0.027466,-0.014648,4.9133
0.027313,-0.015259,4.9182
0.028839,-0.019073,0.046387
0.029144,-0.019379,0.05127
0.03067,-0.020752,0.048828
0.032349,-0.020599,0.053711
0.032196,-0.018921,0.063477
0.031281,-0.016785,0.061035
0.028839,-0.015259,0.05249
0.026855,-0.012817,0.057373
0.028839,-0.010834,0.061035
0.024414,-0.0076294,0.058594
0.024414,-0.0038147,0.062256
0.024872,-0.00076294,0.061035
0.027924,0.00061035,0.064697
0.031738,0.00030518,0.059814
0.040588,-0.0016785,0.061035
0.042419,-0.0039673,0.063477
0.047302,-0.0064087,0.064697
0.049438,-0.0091553,0.064697
0.051117,-0.0085449,0.070801
0.049896,-0.011292,0.080566
0.047913,-0.013275,0.065918
0.044098,-0.014496,0.063477
0.039978,-0.013275,0.061035
0.038147,-0.015564,0.042725
0.036774,-0.015564,0.053711
0.035248,-0.016022,0.05249
0.033569,-0.016174,0.050049
0.036011,-0.014954,0.050049
0.035706,-0.014648,0.045166
0.037994,-0.010986,0.041504
0.037537,-0.011749,0.047607
0.035706,-0.011292,0.047607
0.032196,-0.0099182,0.041504
0.028534,-0.0080872,0.043945
0.027924,-0.007019,0.046387
0.023956,-0.0036621,0.042725
0.023651,-0.00076294,0.032959
0.023804,0.0022888,0.040283
0.024719,0.0054932,0.043945
0.025482,0.004425,0.041504
0.02655,0.0015259,0.042725
0.028687,-0.0010681,0.040283
0.029449,-0.0065613,0.036621
0.028992,-0.007782,0.039063
0.028839,-0.0062561,0.042725
0.027618,-0.0036621,0.037842
0.025787,-0.0022888,0.043945
0.022888,0.00030518,0.041504
0.020752,-0.0019836,0.043945
0.019836,-0.0018311,0.047607
0.018616,-0.0018311,0.053711
0.018311,0.00045776,0.05127
0.018311,0.0030518,0.056152
0.017395,0.004425,0.057373
0.016327,0.004425,0.058594
0.015411,0.002594,0.06958
0.013275,0.00045776,0.063477
0.010986,-0.00045776,0.065918
0.009613,0.00091553,0.057373
0.0068665,0.0016785,0.056152
0.0053406,0.00076294,0.062256
0.0033569,-0.00061035,0.059814
0.002594,-0.0019836,0.059814
0.0038147,-0.0022888,0.063477
0.004425,-0.00061035,0.062256
0.0062561,0.00045776,0.068359
0.007019,0.0018311,0.061035
0.0076294,0.00076294,0.067139
0.007782,0.00030518,0.058594
0.0073242,-0.0024414,0.061035
0.0079346,-0.005188,0.062256
0.0076294,-0.0068665,0.061035
0.0076294,-0.0088501,0.053711
0.0068665,-0.010071,0.05249
0.0061035,-0.011139,0.063477
0.0064087,-0.011749,0.050049
0.0079346,-0.012207,0.058594
0.0099182,-0.013123,3.3875
0.011597,-0.012665,4.8169
0.012207,-0.010681,4.8853
0.01297,-0.0091553,4.9158
0.015717,-0.0059509,4.9109
0.018463,-0.0036621,4.9109
0.021667,-0.0030518,4.9072
0.023804,-0.0032043,4.9109
0.025177,-0.002594,4.9109
0.023651,-0.0038147,4.9097
0.023193,-0.0035095,4.9097
0.023041,-0.002594,4.9146
0.023956,-0.0013733,4.9097
0.025787,-0.00076294,4.9121
0.02655,0.00015259,4.917
0.027161,-0.00076294,4.9097
0.026703,-0.0028992,4.9084
0.025787,-0.0050354,4.9146
0.024719,-0.0059509,4.8999
0.024109,-0.0071716,4.9158
0.023041,-0.0057983,4.9023
0.021667,-0.0036621,4.9219
0.022278,-0.0032043,4.9219
0.021515,-0.002594,4.9207
0.021973,-0.0033569,4.9231
0.022278,-0.0019836,4.9243
0.023193,0.00045776,4.9292
0.025024,0.0013733,4.928
0.024872,0.0028992,4.9146
0.023499,0.0021362,4.9304
0.021515,0.0038147,4.9329
0.018616,0.0035095,4.9304
0.016785,0.0030518,4.9353
0.016785,0.0036621,4.939
0.017853,0.0054932,4.9341
0.018768,0.0061035,4.9414
0.017548,0.0054932,4.9402
0.016479,0.0030518,4.9243
0.013885,0.00076294,4.9377
0.011902,-0.0022888,4.9353
0.012665,-0.0038147,4.9304
0.014191,-0.0033569,4.9304
0.015717,-0.0028992,4.9304
0.016937,-0.0027466,4.9268
0.016632,-0.0030518,4.9268
0.015564,-0.0045776,4.9243
0.012512,-0.0045776,4.917
0.011139,-0.0045776,4.9194
0.0091553,-0.0024414,4.9207
0.0074768,0.0012207,4.9219
0.0071716,0.0059509,4.9036
0.0071716,0.0093079,4.9158
0.0093079,0.012207,4.9158
0.011292,0.012054,4.9146
0.014801,0.011292,4.906
0.018005,0.011292,4.9097
0.020599,0.013123,4.9097
0.022125,0.016632,4.9121
0.023956,0.019836,4.9109
0.024872,0.020142,4.9109
0.02533,0.018158,4.9133
0.024567,0.014496,4.9048
0.023804,0.01358,4.9109
0.023193,0.013885,4.9097
0.024261,0.017242,4.9146
0.026245,0.02121,4.9133
0.028534,0.023041,4.9231
0.031128,0.023193,4.9158
0.031433,0.022583,4.9194
0.032349,0.02121,4.928
0.03418,0.020905,4.9219
0.03479,0.021057,4.9329
0.035706,0.02243,4.928
0.035248,0.023346,0.041504
0.034027,0.022736,0.058594
0.030212,0.02182,0.061035
0.026855,0.019379,0.061035
0.025482,0.017548,0.063477
0.024109,0.017395,0.056152
0.023804,0.019684,0.064697
0.024261,0.023804,0.062256
0.025177,0.027161,0.063477
0.023651,0.028992,0.061035
0.021973,0.02594,0.067139
0.019684,0.02121,0.067139
0.017242,0.015717,0.067139
0.015869,0.011444,0.075684
0.015411,0.0099182,0.059814
0.01358,0.011902,0.059814
0.011444,0.013123,0.062256
0.0086975,0.012054,0.061035
0.004425,0.0091553,0.056152
0.0065613,0.005188,0.05249
0.007782,0.0018311,0.05127
0.010834,0.00045776,0.047607
0.012207,0.0019836,0.047607
0.015106,0.0033569,0.050049
0.016022,0.0041199,0.042725
0.01709,0.0059509,0.045166
0.020905,0.0035095,0.041504
0.022888,0.0016785,0.043945
0.022888,0.0024414,0.042725
0.021667,0.0027466,0.042725
0.016785,0.0033569,0.041504
0.015564,0.0027466,0.045166
0.014496,-0.00091553,0.05249
0.014343,-0.0027466,0.042725
0.018311,-0.0053406,0.054932
0.021362,-0.0068665,0.037842
0.025787,-0.0076294,0.023193
0.028534,-0.0074768,0.036621
0.033112,-0.0090027,0.039063
0.032349,-0.011292,0.037842
0.032501,-0.012207,0.042725
0.031586,-0.014343,0.041504
0.029755,-0.015106,0.046387
0.028687,-0.014191,0.046387
0.027313,-0.01236,0.05127
0.026855,-0.012054,0.05127
0.027618,-0.010223,0.05249
0.029297,-0.010681,0.053711
0.031433,-0.010376,0.061035
0.031891,-0.0094604,0.063477
0.034485,-0.0085449,0.061035
0.036011,-0.007019,0.064697
0.036469,-0.0068665,0.062256
0.037079,-0.0085449,0.06958
0.037231,-0.011597,0.061035
0.037384,-0.014191,0.053711
0.037384,-0.014801,0.062256
0.036621,-0.015564,0.063477
0.036621,-0.013275,0.059814
0.034485,-0.015259,0.065918
0.032959,-0.010986,0.061035
0.031586,-0.012207,0.065918
0.029449,-0.013123,0.067139
0.027008,-0.013733,0.063477
0.025635,-0.014648,0.059814
0.025482,-0.016937,0.061035
0.025177,-0.018921,0.054932
0.024414,-0.020447,0.056152
0.024567,-0.021362,0.064697
0.025635,-0.019684,0.05249
0.027771,-0.017853,0.050049
0.030518,-0.016785,0.047607
0.033722,-0.013885,0.029297
0.036926,-0.012512,0.042725
0.041046,-0.010529,0.045166
0.036926,-0.0091553,0.042725
0.034637,-0.0083923,0.042725
0.032501,-0.0079346,0.037842
0.030518,-0.0057983,4.541
0.027771,-0.004425,4.8865
0.02655,-0.0035095,4.9048
0.023193,-0.0067139,4.9023
0.021667,-0.0064087,4.9109
0.020294,-0.007782,4.8999
0.02182,-0.010223,4.9121
0.02121,-0.011902,4.9084
0.02243,-0.012054,4.9109
0.02243,-0.011444,4.9121
0.02243,-0.010376,4.9048
0.02182,-0.010834,4.9194
0.02243,-0.010071,4.9158
0.021057,-0.0082397,4.906
0.02121,-0.0080872,4.9194
0.02121,-0.0074768,4.9194
0.021057,-0.0061035,4.917
0.022278,-0.0030518,4.9243
0.021362,0.00030518,4.9268
0.023956,0.00015259,4.9316
0.025482,0.0053406,4.9207
0.027618,0.0030518,4.9365
0.031433,0,4.9292
0.034943,-0.0019836,4.9304
0.037079,-0.0010681,4.9316
0.037537,0.002594,4.9329
0.037231,0.0088501,4.939
0.035248,0.012665,4.9182
0.035095,0.013123,4.9329
0.033875,0.010986,4.9353
0.035095,0.0079346,4.9341
0.035706,0.0053406,4.9377
0.033417,0.0053406,4.9304
0.032501,0.0010681,4.9365
0.028381,0.002594,4.9353
0.029907,-0.00061035,4.9304
0.025635,-0.0021362,4.928
0.024872,-0.0038147,4.9231
0.023499,-0.0012207,4.9255
0.022736,0.0012207,4.9207
0.019379,0.0010681,4.9231
0.016174,0.0012207,4.9194
0.014343,0.0016785,4.9207
0.015106,0.0027466,4.9048
0.016785,0.0045776,4.9207
0.022736,0.0054932,4.9255
0.026093,0.011139,4.9158
0.027313,0.014343,4.9194
0.02655,0.016632,4.9146
0.02594,0.0177,4.9048
0.025787,0.018005,4.9084
0.027466,0.019836,4.9084
0.029297,0.016327,4.9109
0.032043,0.015564,4.9097
0.034027,0.016327,4.9109
0.035248,0.0177,4.9109
0.03479,0.020599,4.9097
0.033722,0.021515,4.9121
0.034332,0.022125,4.9109
0.033722,0.021515,4.9158
0.033112,0.020142,4.9158
0.03067,0.018768,4.9182
0.027313,0.018311,4.9268
0.024109,0.018463,4.9207
0.020905,0.018768,4.9231
0.019989,0.018768,4.9268
0.02121,0.016479,4.9207
0.022888,0.013123,4.928
0.024872,0.010681,4.9231
0.024414,0.010986,4.9316
0.020905,0.012817,4.9304
0.016022,0.015717,4.9292
0.010834,0.016937,0.063477
0.0079346,0.016022,0.061035
0.0059509,0.011597,0.061035
0.0056458,0.0091553,0.059814
0.0041199,0.0091553,0.065918
0.004425,0.0048828,0.062256
0.0028992,0.005188,0.068359
0.0027466,0.0047302,0.06958
0.0068665,0.0028992,0.063477
0.011749,-0.00061035,0.073242
0.017395,-0.0030518,0.064697
0.021057,-0.0036621,0.075684
0.021973,-0.0021362,0.054932
0.019989,0.00045776,0.045166
0.017853,0.0033569,0.05249
0.016937,0.0048828,0.054932
0.017395,0.0041199,0.047607
0.019684,0.0036621,0.05127
0.021057,0.0024414,0.045166
0.022125,-0.00015259,0.046387
0.021667,0.00015259,0.045166
0.019226,-0.0012207,0.045166
0.018005,-0.0033569,0.043945
0.018463,-0.004425,0.043945
0.019379,-0.0054932,0.042725
0.018158,-0.0057983,0.041504
0.0177,-0.0050354,0.046387
0.014648,-0.0050354,0.041504
0.011597,-0.0038147,0.042725
0.010071,-0.0027466,0.039063
0.010376,-0.0012207,0.029297
0.012665,0,0.039063
0.015259,0.0030518,0.040283
0.01709,-0.0012207,0.037842
0.016174,-0.004425,0.0354
0.014343,-0.0068665,0.039063
0.011139,-0.0088501,0.043945
0.0099182,-0.010223,0.043945
0.010223,-0.009613,0.05249
0.013123,-0.0097656,0.046387
0.014648,-0.0079346,0.053711
0.016022,-0.0057983,0.056152
0.016785,-0.0033569,0.059814
0.016479,-0.00015259,0.057373
0.016937,0.0035095,0.059814
0.019073,0.0050354,0.063477
0.023041,0.0050354,0.063477
0.027466,0.0041199,0.073242
0.03067,0.0013733,0.061035
0.029907,-0.0021362,0.046387
0.028992,-0.0024414,0.058594
0.02655,-0.0036621,0.065918
0.023956,-0.0041199,0.061035
0.020142,-0.0039673,0.064697
0.018311,-0.0045776,0.061035
0.015564,-0.0036621,0.068359
0.013733,-0.0028992,0.063477
0.011597,-0.00076294,0.063477
0.0093079,0.00061035,0.063477
0.011139,0.002594,0.063477
0.014496,0.0028992,0.057373
0.020142,0.0013733,0.054932
0.026398,-0.0010681,0.065918
0.029602,-0.0035095,0.05249
0.032196,-0.005188,0.048828
0.029907,-0.0048828,0.050049
0.028229,-0.0035095,0.0354
0.027008,-0.0022888,0.047607
0.026855,-0.0012207,0.043945
0.024719,-0.0038147,0.043945
0.027008,-0.0021362,0.042725
0.02594,-0.00091553,0.041504
0.024261,-0.0018311,0.040283
0.024261,-0.0010681,0.037842
0.025482,-0.002594,0.041504
0.029144,-0.0028992,0.036621
0.032806,-0.0068665,0.041504
0.035706,-0.011292,0.037842
0.036316,-0.014648,4.0222
0.034027,-0.016174,4.8547
0.03006,-0.015564,4.9036
0.026703,-0.012207,4.9084
0.025024,-0.0097656,4.9109
0.025787,-0.0067139,4.9219
0.026703,-0.004425,4.9121
0.031586,-0.0035095,4.9036
0.034332,-0.0019836,4.917
0.035553,-0.0018311,4.9158
0.037231,-0.00030518,4.928
0.039673,0.0016785,4.9219
0.042419,0.0010681,4.9231
0.043793,0.00015259,4.928
0.043182,-0.0022888,4.928
0.040283,-0.005188,4.9353
0.03479,-0.0068665,4.9304
0.030823,-0.0057983,4.9316
0.027924,-0.0038147,4.9292
0.027771,-0.0010681,4.9329
0.030365,0.00045776,4.9304
0.031738,0.0016785,4.9341
0.033417,0.00091553,4.9353
0.033722,-0.00045776,4.9341
0.033417,-0.0030518,4.9402
0.031738,-0.0030518,4.9353
0.030212,-0.002594,4.9219
0.028992,-0.0012207,4.9329
0.032043,-0.00030518,4.9109
0.026703,-0.00030518,4.9304
0.024261,-0.0019836,4.9292
0.018921,0.0021362,4.9219
0.014954,0.0048828,4.928
0.012817,0.0083923,4.9219
0.013733,0.011902,4.9219
0.018158,0.013733,4.9194
0.022888,0.013733,4.9231
0.026398,0.011597,4.9146
0.023804,0.0086975,4.9194
0.028076,0.0071716,4.928
0.027771,0.0068665,4.9158
0.028534,0.0076294,4.9194
0.029144,0.0090027,4.9146
0.028229,0.0086975,4.895
0.024872,0.0074768,4.9072
0.023193,0.0057983,4.9109
0.016632,0.0038147,4.9109
0.015106,0.0036621,4.9084
0.016022,0.0033569,4.9048
0.018005,0.0038147,4.9121
0.02121,0.0021362,4.9084
0.02243,0.00076294,4.9109
0.021667,-0.0013733,4.9084
0.0177,-0.002594,4.9158
0.015869,-0.0021362,4.9182
0.012817,-0.0013733,4.9194
0.010529,0,4.9219
0.0099182,0.004425,4.9207
0.010529,0.0027466,4.917
0.011749,0.0033569,4.9109
0.012054,0.0033569,4.9329
0.01236,0.0065613,4.9243
0.013428,0.0088501,4.9243
0.016022,0.010223,4.9329
0.019226,0.011444,4.9304
0.020752,0.010834,4.928
0.022736,0.0076294,4.9316
0.021667,0.0024414,4.9304
0.01709,-0.0013733,4.9329
0.016632,-0.0030518,4.9292
0.01358,-0.0045776,4.9158
0.011902,-0.0061035,4.928
0.011597,-0.0082397,0.065918
0.0091553,-0.010681,0.065918
0.011597,-0.01358,0.068359
0.012207,-0.016937,0.073242
0.013733,-0.017853,0.063477
0.015564,-0.016937,0.063477
0.017853,-0.015411,0.054932
0.020142,-0.01358,0.045166
0.022583,-0.010834,0.056152
0.023346,-0.010681,0.05127
0.023041,-0.0079346,0.047607
0.024109,-0.0053406,0.047607
0.025635,-0.0015259,0.045166
0.028381,0.0015259,0.047607
0.033417,0.0041199,0.043945
0.037537,0.007019,0.046387
0.041656,0.0090027,0.039063
0.04364,0.0099182,0.045166
0.042725,0.009613,0.045166
0.043335,0.007782,0.043945
0.042419,0.0065613,0.036621
0.039368,0.0045776,0.041504
0.038452,0.0035095,0.040283
0.0354,0.0032043,0.040283
0.031891,0.0027466,0.036621
0.028229,-0.00015259,0.039063
0.027161,-0.002594,0.037842
0.027008,-0.0067139,0.036621
0.028687,-0.0080872,0.039063
0.029297,-0.0080872,0.041504
0.029907,-0.0068665,0.043945
0.029297,-0.0039673,0.041504
0.028687,-0.0021362,0.05127
0.028076,-0.00030518,0.047607
0.02594,0.00091553,0.054932
0.023956,0.0038147,0.054932
0.021973,0.0064087,0.057373
0.019226,0.0083923,0.047607
0.017242,0.0083923,0.061035
0.017853,0.0074768,0.073242
0.020142,0.0050354,0.062256
0.02121,0.0027466,0.064697
0.023041,0.0010681,0.059814
0.023193,-0.00015259,0.046387
0.024567,-0.0015259,0.057373
0.024261,-0.0028992,0.062256
0.023651,-0.0048828,0.063477
0.024109,-0.0054932,0.064697
0.023956,-0.0047302,0.061035
0.023804,-0.0012207,0.068359
0.021667,0.0018311,0.063477
0.021057,0.0039673,0.064697
0.020447,0.0041199,0.061035
0.02121,0.0019836,0.062256
0.023193,0.00045776,0.058594
0.023956,-0.0010681,0.054932
0.025635,-0.00015259,0.058594
0.023956,0.0012207,0.053711
0.024414,0.0033569,0.054932
0.024872,0.0033569,0.05127
0.023193,0.0018311,0.058594
0.020447,-0.00045776,0.047607
0.018158,-0.0019836,0.046387
0.015564,-0.00061035,0.045166
0.015411,0.0035095,0.043945
0.01236,0.0067139,0.040283
0.011902,0.0086975,0.041504
0.01297,0.0088501,0.037842
0.013275,0.0064087,0.041504
0.015106,0.0064087,0.037842
0.017395,0.0071716,0.042725
0.016937,0.0085449,0.036621
0.018463,0.009613,0.040283
0.019531,0.0094604,0.040283
0.018921,0.0068665,0.042725
0.018158,0.0038147,0.048828
0.016479,0.0010681,0.041504
0.014038,0.00030518,0.046387
0.011444,0.0016785,2.7271
0.009613,0.0042725,4.7742
0.0088501,0.0068665,4.9084
0.0091553,0.0047302,4.9133
0.0097656,0.0027466,4.9146
0.010376,0.00030518,4.9231
0.0097656,-0.00076294,4.9255
0.010834,-0.00045776,4.9255
0.0079346,0.0021362,4.9255
0.007019,0.0028992,4.9329
0.0067139,0.0038147,4.9255
0.0045776,0.0045776,4.9341
0.0047302,0.0039673,4.9316
0.0035095,0.0035095,4.9316
0.0024414,0.0041199,4.928
0.0032043,0.0062561,4.9304
0.0045776,0.0091553,4.9414
0.0090027,0.012817,4.9365
0.013275,0.015259,4.9426
0.016785,0.013885,4.9353
0.019531,0.011902,4.9207
0.021667,0.0088501,4.9329
0.023651,0.0045776,4.939
0.024567,0.002594,4.9316
0.021667,0.0016785,4.9292
0.020599,0.0012207,4.928
0.019379,0.00076294,4.9304
0.017548,0.00076294,4.9219
0.01709,0.00045776,4.9207
0.016632,0.00091553,4.917
0.016937,0.0047302,4.9207
0.018463,0.0030518,4.9158
0.019073,0.0048828,4.9207
0.020752,0.0061035,4.9231
0.019684,0.0065613,4.9182
0.020142,0.0059509,4.9097
0.020142,0.0042725,4.9084
0.019684,0.0027466,4.9011
0.018768,0.0038147,4.906
0.016479,0.0061035,4.906
0.014801,0.0079346,4.9109
0.013733,0.0097656,4.9109
0.013733,0.0090027,4.906
0.014648,0.0062561,4.9109
0.016785,0.0032043,4.9097
0.018158,0.0013733,4.9084
0.020294,0.00091553,4.906
0.022278,0.0028992,4.917
0.024261,0.0024414,4.9133
0.027618,0.0016785,4.9158
0.028381,0.00061035,4.917
0.03067,0.00045776,4.9207
0.032349,0.0018311,4.928
0.033722,0.004425,4.9255
0.03479,0.0050354,4.9377
0.036163,0.0080872,4.9292
0.036316,0.0074768,4.9219
0.036469,0.0064087,4.9329
0.037231,0.0057983,4.9304
0.03891,0.0041199,4.9304
0.040436,0.0088501,4.9292
0.040741,0.01236,4.9292
0.040894,0.014343,4.9353
0.039368,0.016022,4.9304
0.03952,0.015869,4.9353
0.037231,0.015259,4.9316
0.035553,0.014954,4.9365
0.032654,0.017853,4.9377
0.031738,0.016022,4.9219
0.029297,0.018616,4.9426
0.02655,0.018005,4.9377
0.024261,0.01709,4.9341
0.023651,0.014343,0.059814
0.024261,0.011749,0.061035
0.026093,0.011749,0.054932
0.028381,0.0097656,0.05127
0.03067,0.0099182,0.047607
0.030975,0.010834,0.050049
0.032501,0.012207,0.047607
0.032654,0.01358,0.047607
0.033722,0.014648,0.042725
0.033569,0.015869,0.047607
0.031281,0.019226,0.039063
0.032654,0.019836,0.043945
0.030823,0.018921,0.045166
0.028076,0.019073,0.042725
0.026703,0.015717,0.036621
0.025787,0.012054,0.043945
0.026093,0.0090027,0.053711
0.026398,0.0045776,0.041504
0.026245,0.002594,0.048828
0.025177,-0.0012207,0.040283
0.02243,-0.0045776,0.026855
0.021515,-0.0067139,0.037842
0.019684,-0.0065613,0.041504
0.019379,-0.0061035,0.040283
0.018921,-0.0041199,0.041504
0.019379,-0.00030518,0.041504
0.020905,0.0022888,0.050049
0.022125,0.005188,0.048828
0.024261,0.007782,0.053711
0.027924,0.0093079,0.05249
0.030823,0.0093079,0.057373
0.032501,0.0088501,0.061035
0.033264,0.0088501,0.063477
0.033417,0.0082397,0.073242
0.033722,0.0012207,0.057373
0.031586,0.0045776,0.058594
0.029297,0.0030518,0.064697
0.025024,0.00076294,0.068359
0.020599,-0.002594,0.058594
0.015717,-0.0048828,0.063477
0.011292,-0.0088501,0.064697
0.0085449,-0.01358,0.063477
0.0068665,-0.017548,0.061035
0.0065613,-0.019531,0.068359
0.0068665,-0.019531,0.068359
0.0068665,-0.019226,0.067139
0.0073242,-0.017242,0.061035
0.0082397,-0.014648,0.062256
0.010986,-0.011597,0.056152
0.012512,-0.0073242,0.059814
0.014648,-0.002594,0.05249
0.015869,0.0024414,0.056152
0.020294,0.0065613,0.059814
0.023956,0.0074768,0.048828
0.029144,0.0076294,0.053711
0.03418,0.007019,0.046387
0.038605,0.0059509,0.0354
0.040741,0.0045776,0.045166
0.040436,0.002594,0.043945
0.039063,0.00091553,0.039063
0.036774,-0.00045776,0.042725
0.035248,-0.0024414,0.039063
0.031891,-0.0038147,0.040283
0.029907,-0.0050354,0.036621
0.027161,-0.0071716,0.042725
0.023346,-0.0093079,0.036621
0.019836,-0.011902,0.043945
0.017548,-0.013733,0.041504
0.016174,-0.014343,0.041504
0.017548,-0.014343,0.036621
0.018921,-0.011749,0.037842
0.018158,-0.0088501,0.042725
0.015411,-0.0083923,0.042725
0.014038,-0.0090027,0.050049
0.012207,-0.0088501,0.046387
0.012817,-0.0073242,0.043945
0.01358,-0.0045776,0.043945
0.014038,-0.0021362,0.053711
0.015564,0.00015259,3.3435
0.014648,-0.0013733,4.8279
0.014191,-0.0050354,4.9146
0.014801,-0.0094604,4.9329
0.016479,-0.010223,4.9292
0.018005,-0.0099182,4.9316
0.019531,-0.0090027,4.9304
0.019684,-0.0065613,4.9329
0.017548,-0.0050354,4.9243
0.015106,-0.0048828,4.9292
0.015106,-0.0047302,4.9426
0.014801,-0.004425,4.9353
0.016479,-0.0038147,4.9341
0.016327,-0.0041199,4.9377
0.016785,-0.0047302,4.9121
0.016937,-0.0071716,4.9316
0.017242,-0.0080872,4.9304
0.018158,-0.0086975,4.9304
0.018768,-0.0086975,4.9292
0.019531,-0.0073242,4.9231
0.018463,-0.0079346,4.9304
0.018616,-0.0068665,4.9231
0.016937,-0.0071716,4.917
0.014648,-0.0048828,4.9158
0.012512,-0.0022888,4.917
0.011749,0.00076294,4.917
0.012665,0.002594,4.9219
0.014343,0.0038147,4.9182
0.016022,0.0039673,4.9158
0.019379,0.0041199,4.9219
0.020599,0.0050354,4.9146
0.021973,0.0048828,4.9219
0.02121,0.0053406,4.906
0.020294,0.0050354,4.8999
0.021667,0.0042725,4.9146
0.019073,0.0038147,4.9097
0.019379,0.0016785,4.9084
0.020447,-0.00015259,4.9109
0.018768,-0.00045776,4.9097
0.017853,-0.00030518,4.9084
0.017548,0.00091553,4.9084
0.018005,0.0024414,4.9146
0.019836,0.0061035,4.9084
0.021973,0.007019,4.9194
0.023041,0.0091553,4.9182
0.024414,0.011139,4.9207
0.019989,0.012665,4.9316
0.022583,0.012817,4.9243
0.020294,0.011902,4.9304
0.018311,0.0099182,4.9304
0.014954,0.0086975,4.928
0.011749,0.0079346,4.9316
0.0088501,0.0061035,4.9255
0.0074768,0.0047302,4.9304
0.0059509,0.0041199,4.9329
0.0056458,0.0022888,4.928
0.0059509,0.0016785,4.9329
0.0080872,0.0022888,4.9292
0.0074768,0.00091553,4.9329
0.0091553,0.0053406,4.9304
0.0099182,0.0053406,4.9353
0.0088501,0.0053406,4.9377
0.012054,0.0041199,4.9377
0.014038,0.0024414,4.9292
0.015259,0.0013733,4.9365
0.018616,0.0022888,4.9402
0.021515,0.0054932,4.9316
0.023804,0.0071716,4.9353
0.026703,0.0082397,4.9268
0.027618,0.0076294,4.9097
0.028534,0.0061035,4.9194
0.029297,0.0041199,-0.010986
0.030365,0.0027466,0.048828
0.028534,0.0036621,0.053711
0.030823,0.0036621,0.042725
0.027924,0.0035095,0.048828
0.02655,0.0024414,0.040283
0.023956,0.00076294,0.046387
0.023193,-0.0015259,0.041504
0.02533,-0.0032043,0.043945
0.022125,-0.0036621,0.041504
0.022125,-0.0032043,0.041504
0.021515,-0.0039673,0.050049
0.022278,-0.0047302,0.040283
0.022736,-0.0042725,0.040283
0.023193,-0.0041199,0.039063
0.023804,-0.0036621,0.025635
0.023193,-0.0028992,0.036621
0.023346,-0.00045776,0.037842
0.024261,0.00061035,0.037842
0.024109,0.0028992,0.043945
0.024872,0.0068665,0.040283
0.02655,0.009613,0.047607
0.026703,0.010071,0.047607
0.028687,0.010834,0.048828
0.028229,0.0045776,0.046387
0.027466,0.0036621,0.057373
0.027313,0.0035095,0.054932
0.025635,0.0057983,0.062256
0.025177,0.007782,0.061035
0.023651,0.0071716,0.061035
0.023499,0.0039673,0.065918
0.023346,0.0018311,0.061035
0.02243,-0.00015259,0.075684
0.020599,0.00061035,0.059814
0.020142,0.00091553,0.05127
0.017548,0.0062561,0.059814
0.01709,0.0015259,0.065918
0.015564,0.00030518,0.062256
0.020752,-0.0012207,0.064697
0.019989,0.00045776,0.062256
0.021057,0.0027466,0.062256
0.022125,0.0068665,0.061035
0.022888,0.0086975,0.065918
0.023193,0.010529,0.054932
0.022888,0.0091553,0.058594
0.02243,0.0085449,0.048828
0.023041,0.009613,0.054932
0.024261,0.010376,0.057373
0.024872,0.009613,0.048828
0.025482,0.0088501,0.047607
0.024872,0.0054932,0.048828
0.024567,0.004425,0.039063
0.023804,0.0035095,0.046387
0.022888,0.0036621,0.043945
0.022736,0.004425,0.039063
0.021515,0.0030518,0.040283
0.019836,0.00030518,0.031738
0.016937,-0.0033569,0.040283
0.015259,-0.0064087,0.039063
0.015259,-0.007782,0.041504
0.01709,-0.0054932,0.036621
0.019073,-0.0013733,0.042725
0.02121,0.0013733,0.040283
0.024261,0.0015259,0.040283
0.023804,0.0012207,0.039063
0.024719,-0.0022888,0.040283
0.025024,-0.0038147,0.046387
0.023041,-0.0035095,0.042725
0.025787,-0.0028992,0.053711
0.02655,-0.00015259,0.048828
0.02594,0.0016785,0.031738
0.025482,0.0013733,0.048828
0.024261,-0.0035095,0.050049
0.022888,-0.0042725,0.056152
0.020142,-0.0056458,0.057373
0.021057,-0.0064087,0.053711
0.022888,-0.0068665,0.061035
0.023193,-0.0083923,0.057373
0.024719,-0.010834,0.062256
0.024872,-0.012817,4.541
0.027466,-0.01358,4.9048
0.028687,-0.01297,4.9255
0.032043,-0.011139,4.9304
0.028381,-0.0079346,4.939
0.029297,-0.0057983,4.9353
0.028992,-0.0042725,4.9329
0.03067,-0.0038147,4.939
0.03067,-0.0033569,4.9414
0.031738,-0.0039673,4.9341
0.030212,-0.0068665,4.9402
0.028229,-0.0068665,4.9329
0.027924,-0.0073242,4.928
0.028992,-0.0073242,4.9255
0.029755,-0.0050354,4.9255
0.031891,-0.0016785,4.9231
0.031738,0.00076294,4.9231
0.030823,0.0024414,4.917
0.029907,0.0016785,4.9219
0.028534,0.0021362,4.9243
0.029755,0.00091553,4.9207
0.030212,0.0022888,4.9146
0.031281,0.0019836,4.9158
0.031891,0.0013733,4.9207
0.031128,0,4.895
0.027924,-0.0027466,4.9207
0.027466,-0.004425,4.9109
0.027008,-0.0039673,4.8999
0.027771,-0.0024414,4.9121
0.026703,-0.00045776,4.9121
0.023651,-0.00061035,4.906
0.019379,-0.0022888,4.906
0.014496,-0.0047302,4.9097
0.012054,-0.0059509,4.9084
0.010681,-0.0057983,4.9048
0.012512,-0.0038147,4.9158
0.01236,-0.0013733,4.9109
0.012665,-0.00076294,4.9182
0.011749,0.00015259,4.9182
0.010529,0.00015259,4.9194
0.0097656,0.00030518,4.9219
0.010681,0.0019836,4.9255
0.01236,0.0036621,4.9255
0.013733,0.0045776,4.9255
0.014343,0.0053406,4.9353
0.016022,0.0042725,4.9304
0.015869,0.0015259,4.917
0.016479,0.00015259,4.9304
0.016479,0.00015259,4.9316
0.017548,0.0018311,4.9304
0.019989,0.0041199,4.9304
0.02182,0.0064087,4.9304
0.021515,0.0064087,4.9353
0.020752,0.0082397,4.9353
0.019226,0.0064087,4.9353
0.017242,0.004425,4.9341
0.016174,0.0042725,4.939
0.017242,0.0045776,4.9353
0.018616,0.0048828,4.9365
0.019379,0.0054932,4.9463
0.018768,0.0039673,4.9316
0.017395,0.0022888,4.928
0.014801,0.00061035,4.928
0.012054,0.00045776,4.906
0.010223,0.0027466,4.9207
0.0091553,0.0064087,4.917
0.0085449,0.0091553,4.917
0.007019,0.010529,4.9219
0.0061035,0.009613,4.9133
0.0047302,0.0064087,4.917
0.0042725,0.0039673,4.9133
0.0048828,0.0038147,0.043945
0.0061035,0.0064087,0.036621
0.0071716,0.0088501,0.041504
0.0080872,0.007782,0.040283
0.0085449,0.011444,0.040283
0.0083923,0.0099182,0.042725
0.0091553,0.0068665,0.043945
0.0074768,0.0054932,0.041504
0.0068665,0.0053406,0.042725
0.0059509,0.0068665,0.043945
0.0050354,0.0071716,0.0354
0.0045776,0.0076294,0.032959
0.0056458,0.0065613,0.042725
0.0047302,0.0028992,0.039063
0.0068665,0.0016785,0.043945
0.0073242,0.0016785,0.047607
0.0082397,0.0045776,0.047607
0.0086975,0.0085449,0.053711
0.0088501,0.012665,0.05127
0.011292,0.014038,0.056152
0.012665,0.017395,0.057373
0.014801,0.012054,0.061035
0.016174,0.012817,0.061035
0.016632,0.014648,0.059814
0.016937,0.018311,0.070801
0.016327,0.025635,0.063477
0.015564,0.024414,0.068359
0.016327,0.023346,0.058594
0.016632,0.020294,0.05249
0.019531,0.015564,0.062256
0.019684,0.012512,0.062256
0.019379,0.010986,0.064697
0.018005,0.0094604,0.067139
0.0177,0.0080872,0.063477
0.016937,0.005188,0.062256
0.017242,0.0030518,0.062256
0.017395,-0.00030518,0.061035
0.016174,0.0018311,0.056152
0.013885,0.0032043,0.059814
0.010529,0.0048828,0.057373
0.0038147,0.0033569,0.056152
0.0073242,0.002594,0.05127
0.0068665,0.00015259,0.05127
0.011444,-0.0038147,0.058594
0.015717,-0.0018311,0.046387
0.019989,0.00015259,0.053711
0.022888,0.0010681,0.046387
0.023193,0.00015259,0.041504
0.022125,0.00091553,0.040283
0.020447,-0.00015259,0.036621
0.019836,0.0012207,0.029297
0.019379,0.0047302,0.037842
0.020599,0.0071716,0.0354
0.021667,0.0065613,0.041504
0.021515,0.0030518,0.040283
0.021057,-0.0030518,0.0354
0.019989,-0.0057983,0.037842
0.021362,-0.0068665,0.041504
0.023956,-0.0054932,0.039063
0.02655,-0.0041199,0.041504
0.029602,-0.0022888,0.05249
0.030212,-0.0010681,0.043945
0.029297,-0.00030518,0.045166
0.027618,0.0016785,0.047607
0.026398,0.0035095,0.040283
0.02594,0.0038147,0.047607
0.026093,0.0045776,0.039063
0.026093,0.0039673,0.05249
0.026245,0.004425,0.057373
0.025024,0.0091553,0.056152
0.023651,0.0074768,0.063477
0.021515,0.0073242,0.058594
0.02121,0.004425,0.063477
0.020447,0.0016785,0.059814
0.020752,-0.00061035,0.061035
0.02182,-0.00015259,0.061035
0.022125,0.0022888,0.058594
0.02121,0.004425,0.064697
0.021362,0.0041199,3.8965
0.019073,0.00061035,4.8718
0.018158,-0.0039673,4.9292
0.019226,-0.0048828,4.9414
0.020447,-0.0027466,4.9329
0.021515,0.002594,4.9194
0.018921,0.0071716,4.9353
0.02121,0.010986,4.9304
0.02182,0.0068665,4.9243
0.023193,0.0024414,4.9329
0.025635,-0.00045776,4.9207
0.028381,-0.0027466,4.9255
0.030365,-0.0010681,4.917
0.031586,0.0016785,4.9207
0.031586,0.0015259,4.9133
0.029144,-0.00076294,4.9194
0.028076,-0.0042725,4.9158
0.026703,-0.010223,4.9194
0.026245,-0.010834,4.9133
0.025024,-0.011902,4.9121
0.024261,-0.0080872,4.9097
0.022125,-0.0024414,4.9133
0.020752,-0.00091553,4.9048
0.019836,0.00030518,4.9109
0.019989,-0.00045776,4.8987
0.023346,-0.0021362,4.906
0.023041,-0.0042725,4.9109
0.025024,-0.0024414,4.9084
0.025787,-0.002594,4.9109
0.025024,0.00076294,4.9072
0.025787,0.0030518,4.9121
0.027618,0.0045776,4.9121
0.03006,0.0036621,4.917
0.030975,0.0054932,4.9146
0.030365,-0.00076294,4.9182
0.028381,-0.0022888,4.9182
0.021362,-0.0033569,4.928
0.022125,-0.0050354,4.9304
0.018921,-0.0068665,4.9268
0.019836,-0.0091553,4.9341
0.019531,-0.011292,4.9341
0.022125,-0.013275,4.9158
0.02243,-0.015106,4.9304
0.022583,-0.016174,4.9304
0.021362,-0.016785,4.9292
0.019836,-0.015869,4.9268
0.021667,-0.014038,4.9292
0.02243,-0.010529,4.9353
0.025635,-0.0065613,4.9316
0.027618,-0.0042725,4.9341
0.028534,-0.0027466,4.9329
0.028229,-0.002594,4.9414
0.027466,-0.0012207,4.9353
0.027161,0.00030518,4.9353
0.028534,0.0022888,4.9414
0.03067,0.0042725,4.9329
0.032501,0.004425,4.9292
0.033112,0.0035095,4.9292
0.034332,0.0028992,4.9329
0.032959,0.0038147,4.9207
0.032654,0.004425,4.9182
0.033722,0.004425,4.9182
0.033722,0.002594,4.9243
0.034485,0.0016785,4.9158
0.035095,0.0012207,4.917
0.033264,0.0015259,4.9121
0.030212,0.0048828,4.9121
0.025787,0.007019,4.9097
0.024261,0.007019,4.9121
0.023346,0.0050354,4.9097
0.024567,0.0024414,4.9146
0.024872,0.002594,4.9109
0.024261,0.0035095,0.042725
0.023346,0.0062561,0.054932
0.020905,0.0076294,0.041504
0.018158,0.0067139,0.05249
0.016632,0.0033569,0.040283
0.015411,-0.00061035,0.028076
0.015411,-0.0028992,0.039063
0.012512,-0.0038147,0.039063
0.010834,-0.0015259,0.041504
0.007782,0.00076294,0.046387
0.0068665,0.0013733,0.047607
0.007782,-0.00061035,0.048828
0.010681,-0.0047302,0.048828
0.015564,-0.0076294,0.058594
0.018768,-0.0090027,0.057373
0.019989,-0.0068665,0.058594
0.018921,-0.002594,0.065918
0.01709,0.00045776,0.063477
0.015259,0.0019836,0.067139
0.015106,0.0013733,0.064697
0.016174,0.0016785,0.062256
0.016937,0.0035095,0.061035
0.016785,0.0061035,0.068359
0.016327,0.0090027,0.063477
0.013733,0.0097656,0.054932
0.01358,0.0080872,0.063477
0.016479,0.0065613,0.065918
0.019684,0.0061035,0.064697
0.023499,0.0062561,0.067139
0.021973,0.0068665,0.064697
0.019379,0.0057983,0.064697
0.01358,0.0050354,0.059814
0.0090027,0.0035095,0.059814
0.007019,0.0021362,0.054932
0.0079346,0.0054932,0.05249
0.0090027,0.0085449,0.05127
0.0091553,0.0093079,0.05127
0.0024414,0.0094604,0.064697
0.0038147,0.0079346,0.048828
0.0016785,0.0062561,0.047607
0.0010681,0.0054932,0.048828
0.0033569,0.0054932,0.029297
0.0062561,0.005188,0.042725
0.0088501,0.0022888,0.043945
0.0080872,-0.00091553,0.040283
0.0047302,-0.0035095,0.040283
0.0028992,-0.0038147,0.036621
0.0027466,-0.0012207,0.039063
0.0047302,0.0035095,0.037842
0.009613,0.0062561,0.041504
0.014801,0.0083923,0.037842
0.015564,0.0079346,0.043945
0.017242,0.0057983,0.039063
0.015259,0.0062561,0.042725
0.013885,0.0061035,0.040283
0.011139,0.0056458,0.040283
0.014191,0.0045776,0.043945
0.013885,0.0036621,0.046387
0.01358,-0.0030518,0.05249
0.011749,-0.0083923,0.05127
0.010834,-0.0042725,0.046387
0.0099182,-0.0016785,0.053711
0.010223,0.0024414,0.057373
0.01236,0.005188,0.056152
0.015869,0.0057983,0.061035
0.019836,0.0041199,0.058594
0.023346,0.0036621,0.061035
0.024261,0.0059509,0.059814
0.022125,0.010071,0.063477
0.019836,0.013123,0.057373
0.017853,0.014801,0.062256
0.019073,0.013275,0.062256
0.025024,0.009613,0.063477
0.02121,0.0059509,0.074463
0.02182,0.0019836,0.063477
0.020599,0.0018311,0.06958
0.018768,0.0016785,0.067139
0.018463,0.00061035,0.057373
0.019379,-0.0012207,3.7268
0.021057,-0.0047302,4.8511
0.022125,-0.0083923,4.9158
0.02243,-0.010986,4.9243
0.020294,-0.011597,4.9255
0.016937,-0.010529,4.9219
0.012817,-0.0093079,4.9158
0.011444,-0.0086975,4.9207
0.013275,-0.0067139,4.9194
0.016479,-0.0062561,4.917
0.018616,-0.0057983,4.917
0.019989,-0.0054932,4.9207
0.020905,-0.0027466,4.9084
0.020142,-0.00015259,4.9048
0.02182,0.0012207,4.9207
0.02655,0.0024414,4.9121
0.030518,0.00030518,4.9194
0.033569,-0.00091553,4.9097
0.034943,-0.0022888,4.9048
0.033417,-0.0042725,4.9109
0.031738,-0.0028992,4.9084
0.029449,-0.0021362,4.9097
0.028687,-0.0021362,4.9084
0.029907,-0.0045776,4.9036
0.030823,-0.0083923,4.9109
0.029449,-0.010223,4.9109
0.028229,-0.011444,4.917
0.026398,-0.0082397,4.9146
0.024567,-0.0048828,4.9219
0.024567,-0.0012207,4.917
0.026093,0.0010681,4.9219
0.029297,0.00061035,4.9353
0.029755,-0.0012207,4.9268
0.030365,-0.0016785,4.9255
0.028381,-0.00076294,4.9292
0.02655,0.0027466,4.9304
0.025024,0.007019,4.9329
0.02655,0.0093079,4.9341
0.028534,0.0067139,4.9304
0.030823,0.0045776,4.9304
0.031433,0.0010681,4.9109
0.027466,-0.0010681,4.9353
0.029449,0.00030518,4.9329
0.027313,0.0032043,4.9329
0.026398,0.0047302,4.9316
0.027008,0.0038147,4.9377
0.027008,0.00061035,4.9353
0.025787,-0.0045776,4.9365
0.024109,-0.0086975,4.9353
0.023041,-0.011139,4.9353
0.020142,-0.009613,4.939
0.020142,-0.0073242,4.9341
0.023346,-0.0061035,4.9353
0.025787,-0.005188,4.9207
0.027618,-0.0068665,4.9072
0.028687,-0.0064087,4.9194
0.028076,-0.0080872,4.9146
0.025635,-0.0056458,4.917
0.023193,-0.0033569,4.917
0.022736,-0.0027466,4.9133
0.022888,-0.005188,4.9146
0.022583,-0.0062561,4.9084
0.023041,-0.011749,4.9109
0.021515,-0.015106,4.9097
0.019073,-0.015564,4.9121
0.016632,-0.014954,4.9109
0.013733,-0.014038,4.9109
0.013275,-0.01236,4.9146
0.012512,-0.013428,4.9109
0.012054,-0.015717,4.9109
0.011902,-0.017853,4.9097
0.013275,-0.019379,4.9048
0.015717,-0.019684,4.9158
0.018311,-0.013885,0.045166
0.022583,-0.0091553,0.042725
0.027008,-0.0059509,0.046387
0.029907,-0.0045776,0.046387
0.032654,-0.005188,0.05127
0.033112,-0.0048828,0.053711
0.033722,-0.0028992,0.057373
0.033569,-0.00015259,0.057373
0.034485,0.0019836,0.061035
0.0354,0.0022888,0.062256
0.036011,-0.0027466,0.059814
0.035248,-0.0082397,0.057373
0.034027,-0.014038,0.065918
0.032654,-0.017395,0.06958
0.029602,-0.016937,0.061035
0.023651,-0.013428,0.072021
0.019531,-0.011139,0.063477
0.015106,-0.0094604,0.050049
0.01358,-0.012054,0.064697
0.01297,-0.016022,0.065918
0.013885,-0.020752,0.065918
0.015259,-0.02243,0.064697
0.015717,-0.023346,0.059814
0.016785,-0.02182,0.064697
0.017242,-0.018158,0.059814
0.017242,-0.015717,0.057373
0.01709,-0.011597,0.05127
0.016937,-0.0059509,0.056152
0.016022,-0.0012207,0.05127
0.014496,0.0030518,0.053711
0.013885,0.0061035,0.057373
0.014343,0.0065613,0.047607
0.015717,0.0062561,0.045166
0.017853,0.0030518,0.047607
0.019989,0.0015259,0.032959
0.021515,0.0018311,0.043945
0.022125,0.00061035,0.041504
0.021362,0,0.040283
0.021057,-0.0015259,0.039063
0.020599,-0.0028992,0.037842
0.020142,-0.0033569,0.037842
0.021057,-0.0039673,0.039063
0.02121,-0.0015259,0.036621
0.02121,0.0016785,0.0354
0.020905,0.0033569,0.042725
0.018311,0.0045776,0.039063
0.014801,0.0061035,0.041504
0.0090027,0.0053406,0.040283
0.0036621,0.0083923,0.042725
0,0.0082397,0.053711
-0.0033569,0.004425,0.046387
-0.0050354,-0.00030518,0.063477
-0.0048828,-0.0053406,0.048828
-0.0028992,-0.010529,0.028076
0.0010681,-0.012054,0.056152
0.0045776,-0.01358,0.058594
0.0071716,-0.011902,0.056152
0.0093079,-0.0088501,0.062256
0.0090027,-0.0036621,0.057373
0.0079346,0.0042725,0.063477
0.0065613,0.015411,0.061035
0.0056458,0.026093,0.064697
0.0056458,0.031128,0.058594
0.0071716,0.032806,0.061035
0.010986,0.030365,0.065918
0.015869,0.024261,0.063477
0.023041,0.019073,0.06958
0.03006,0.014648,0.067139
0.034943,0.011749,0.058594
0.036621,0.009613,0.065918
0.034637,0.0062561,0.072021
0.027771,0.004425,0.064697
0.021667,0.0032043,0.056152
0.010071,0.0053406,0.053711
0.0018311,0.0068665,0.05249
-0.0030518,0.0088501,0.05127
-0.0074768,0.011139,0.05127
-0.0047302,0.0093079,2.8833
-0.0019836,0.0065613,4.7949
0.0024414,0.0050354,4.906
0.0061035,0.0053406,4.9133
0.0085449,0.0083923,4.9158
0.010376,0.01297,4.917
0.0099182,0.016022,4.9109
0.0071716,0.016327,4.9146
0.0035095,0.015411,4.9255
-0.00045776,0.012817,4.9133
0.00076294,0.010986,4.9146
-0.0041199,0.0082397,4.9097
-0.0035095,0.0073242,4.895
0.00015259,0.0053406,4.9109
0.0038147,0.0048828,4.9097
0.007782,0.0036621,4.9133
0.0099182,0.0028992,4.9084
0.013123,0.0038147,4.9084
0.015869,0.0062561,4.9023
0.015717,0.011292,4.9133
0.02182,0.016022,4.9133
0.019073,0.019836,4.9109
0.02182,0.021057,4.9219
0.023956,0.019989,4.9194
0.026245,0.018005,4.928
0.027924,0.016327,4.9268
0.031433,0.013428,4.9268
0.030212,0.010681,4.928
0.03067,0.0071716,4.9341
0.030212,0.0045776,4.9341
0.029755,0.0024414,4.9329
0.027924,0.0015259,4.9255
0.025635,0.0018311,4.9304
0.02243,0.0024414,4.9292
0.018463,0.00091553,4.9292
0.014496,-0.00091553,4.9304
0.012207,-0.0016785,4.9329
0.010376,-0.0022888,4.9353
0.010071,0.00091553,4.9316
0.010223,0.00015259,4.9377
0.01297,-0.00030518,4.9243
0.012054,-0.00030518,4.9341
0.013885,0.00091553,4.9304
0.015717,-0.0010681,4.9329
0.020294,-0.00015259,4.9402
0.024567,0.0012207,4.9304
0.027924,0.0022888,4.9231
0.03067,0.0036621,4.9231
0.033112,0.0041199,4.9109
0.029907,0.005188,4.9219
0.028687,0.0050354,4.9194
0.028076,0.0076294,4.9158
0.028229,0.0091553,4.917
0.028534,0.0097656,4.9146
0.031281,0.0086975,4.9121
0.033264,0.0041199,4.9097
0.034332,0.0019836,4.9133
0.03479,-0.00015259,4.9036
0.033722,-0.0038147,4.9158
0.033417,-0.0045776,4.9133
0.032806,-0.0056458,4.9109
0.030365,-0.0062561,4.9097
0.027618,-0.0064087,4.9146
0.02533,-0.0065613,4.9158
0.024261,-0.0048828,4.9072
0.02182,-0.0028992,4.9158
0.023041,-0.0024414,4.9121
0.025177,-0.0021362,4.9048
0.027466,-0.0030518,4.9146
0.030823,-0.0033569,4.9133
0.032959,-0.0038147,4.9182
0.033569,-0.002594,4.9194
0.03479,0.00091553,4.9194
0.029602,-0.0022888,0.057373
0.027313,-0.00045776,0.054932
0.024719,-0.00030518,0.062256
0.023651,0.00030518,0.058594
0.023651,0.0027466,0.063477
0.023499,0.0053406,0.061035
0.024719,0.0080872,0.063477
0.026398,0.0097656,0.075684
0.028839,0.011139,0.062256
0.031738,0.010376,0.062256
0.034027,0.010376,0.063477
0.035248,0.010223,0.042725
0.033722,0.0082397,0.063477
0.034485,0.0050354,0.064697
0.030823,0.00061035,0.063477
0.03006,-0.0048828,0.067139
0.027008,-0.007782,0.063477
0.024872,-0.0082397,0.065918
0.024261,-0.0057983,0.059814
0.023499,0,0.059814
0.024261,0.0016785,0.053711
0.026245,0.0035095,0.058594
0.027008,0.0042725,0.053711
0.027313,0.0042725,0.053711
0.028687,0.0030518,0.05249
0.031281,0.0012207,0.05127
0.031281,-0.00015259,0.048828
0.032501,-0.0022888,0.047607
0.031738,-0.0045776,0.054932
0.029449,-0.0057983,0.042725
0.027771,-0.0065613,0.031738
0.025177,-0.0059509,0.039063
0.023499,-0.0065613,0.041504
0.02243,-0.0076294,0.037842
0.02121,-0.0080872,0.040283
0.020294,-0.0091553,0.036621
0.019379,-0.004425,0.040283
0.019531,-0.005188,0.039063
0.018768,-0.005188,0.041504
0.018463,-0.0062561,0.037842
0.019989,-0.0088501,0.041504
0.021057,-0.011292,0.041504
0.022583,-0.010223,0.043945
0.022736,-0.0067139,0.05249
0.023804,-0.0022888,0.047607
0.024414,0.0015259,0.057373
0.025024,0.0039673,0.048828
0.025635,0.0032043,0.043945
0.027008,0.0012207,0.05249
0.028534,0.00076294,0.054932
0.029144,0.00030518,0.053711
0.029907,0.0010681,0.059814
0.030212,0.00015259,0.057373
0.030518,-0.00045776,0.062256
0.031433,-0.00076294,0.061035
0.031891,-0.0024414,0.063477
0.033569,-0.0045776,0.061035
0.033722,-0.005188,0.061035
0.033112,-0.0080872,0.063477
0.032196,-0.010986,0.064697
0.029602,-0.012665,0.064697
0.028839,-0.014191,0.064697
0.026855,-0.013733,0.072021
0.025482,-0.013428,0.067139
0.022888,-0.01236,0.075684
0.020294,-0.011444,0.065918
0.018005,-0.0094604,0.05249
0.016632,-0.007019,0.058594
0.017548,-0.0047302,0.057373
0.019073,-0.0015259,0.05249
0.02182,0.0012207,0.050049
0.024719,0.0019836,0.047607
0.026703,0.0035095,0.050049
0.025482,0.004425,0.045166
0.02655,0.0064087,0.048828
0.025024,0.0071716,0.042725
0.023956,0.0083923,0.047607
0.022278,0.0062561,2.0923
0.019836,0.0036621,4.7498
0.017853,0.00091553,4.9097
0.015717,-0.0048828,4.9097
0.014801,-0.0036621,4.9097
0.014343,-0.0048828,4.9097
0.015411,-0.0059509,4.8926
0.016327,-0.007782,4.906
0.016632,-0.012207,4.9084
0.016632,-0.01297,4.9097
0.015411,-0.014648,4.9072
0.013428,-0.014343,4.9084
0.012054,-0.013123,4.9109
0.010834,-0.011749,4.906
0.010376,-0.011139,4.9121
0.0097656,-0.011597,4.9109
0.010529,-0.011597,4.9207
0.01236,-0.012054,4.9194
0.013885,-0.010376,4.9231
0.015259,-0.0085449,4.9231
0.014496,-0.0073242,4.928
0.015717,-0.0057983,4.928
0.015869,-0.0036621,4.9316
0.016479,-0.0033569,4.9463
0.013885,0,4.9329
0.014496,0.0024414,4.9207
0.014648,0.0053406,4.9304
0.014038,0.0073242,4.9304
0.015411,0.007782,4.9304
0.017242,0.0073242,4.9329
0.019226,0.0038147,4.9316
0.02243,0.0045776,4.9329
0.024261,0.0033569,4.9329
0.024567,0.0018311,4.9377
0.026855,0.0016785,4.9304
0.029449,0.00015259,4.9377
0.029907,0.00045776,4.9341
0.028839,0.00045776,4.928
0.028076,0.00030518,4.9365
0.022888,0.00030518,4.9304
0.020447,-0.00061035,4.9084
0.016479,-0.0010681,4.928
0.014191,-0.0021362,4.9207
0.012207,-0.0027466,4.9194
0.011292,-0.0027466,4.9158
0.0082397,-0.0033569,4.9182
0.011139,-0.0057983,4.9146
0.01236,-0.0045776,4.9121
0.01297,-0.0050354,4.9158
0.011902,-0.004425,4.9097
0.014191,-0.0045776,4.9146
0.014191,-0.0013733,4.906
0.014191,0.0036621,4.9097
0.014191,0.0039673,4.9194
0.014191,0.0067139,4.9097
0.014496,0.0083923,4.9084
0.015869,0.0079346,4.9133
0.017395,0.0064087,4.9207
0.018158,0.005188,4.9109
0.020752,0.0041199,4.917
0.022888,0.004425,4.9133
0.026703,0.0062561,4.8999
0.03067,0.0076294,4.9109
0.03418,0.0079346,4.9146
0.038757,0.0071716,4.917
0.036774,0.0054932,4.9194
0.035553,0.0042725,4.9109
0.029297,0.0047302,4.9268
0.030975,0.0074768,4.9243
0.03006,0.0085449,4.9292
0.027618,0.0076294,4.9255
0.026245,0.0042725,4.9377
0.024261,0,4.9341
0.023193,-0.0036621,4.9329
0.020752,-0.0065613,0.074463
0.022125,-0.007019,0.062256
0.020752,-0.0056458,0.059814
0.019836,-0.0047302,0.065918
0.019073,-0.0067139,0.06958
0.018158,-0.0059509,0.062256
0.016632,-0.0082397,0.065918
0.016937,-0.0090027,0.067139
0.014191,-0.0071716,0.065918
0.013733,-0.0022888,0.064697
0.015259,0.0028992,0.067139
0.015717,0.0085449,0.061035
0.018768,0.011139,0.059814
0.019073,0.010376,0.054932
0.027008,0.0082397,0.058594
0.031586,0.0056458,0.048828
0.036469,0.0048828,0.05249
0.040131,0.005188,0.05249
0.042419,0.0053406,0.048828
0.04364,0.0024414,0.058594
0.042877,0.0018311,0.050049
0.041962,-0.00061035,0.059814
0.038605,-0.0028992,0.039063
0.037079,-0.005188,0.036621
0.035858,-0.0053406,0.041504
0.033112,-0.0059509,0.037842
0.031586,-0.0071716,0.037842
0.030365,-0.0079346,0.037842
0.03067,-0.0090027,0.031738
0.029755,-0.011139,0.037842
0.029297,-0.0079346,0.040283
0.029755,-0.010834,0.041504
0.030365,-0.009613,0.037842
0.029297,-0.007782,0.040283
0.026703,-0.0061035,0.029297
0.023499,-0.0039673,0.043945
0.020905,-0.00015259,0.046387
0.019379,0,0.047607
0.019226,0.00091553,0.047607
0.019989,0.0016785,0.046387
0.021515,0.0036621,0.045166
0.022125,0.0047302,0.054932
0.023193,0.0054932,0.058594
0.025177,0.0061035,0.054932
0.02594,0.0050354,0.059814
0.025635,0.0027466,0.063477
0.029449,0.0028992,0.062256
0.03006,0.0028992,0.058594
0.028992,0.0028992,0.064697
0.02655,0.002594,0.058594
0.02655,0.00015259,0.061035
0.02243,-0.0021362,0.062256
0.02121,-0.0050354,0.065918
0.022583,-0.0071716,0.061035
0.021667,-0.0080872,0.067139
0.023804,-0.0093079,0.080566
0.024567,-0.010529,0.067139
0.025635,-0.012817,0.068359
0.025635,-0.01236,0.050049
0.02121,-0.012512,0.042725
0.024567,-0.010529,0.061035
0.023499,-0.0079346,0.058594
0.022736,-0.0054932,0.053711
0.02243,-0.0032043,0.054932
0.021362,-0.0016785,0.046387
0.019531,-0.0027466,0.05127
0.019836,-0.0032043,0.045166
0.019684,-0.0048828,0.048828
0.021515,-0.0057983,0.041504
0.024414,-0.0059509,0.048828
0.026855,-0.0045776,0.041504
0.027008,-0.0057983,0.043945
0.027008,-0.0065613,0.043945
0.025482,-0.007782,0.039063
0.023499,-0.0082397,0.042725
0.021362,-0.010071,0.040283
0.019989,-0.0097656,0.039063
0.019379,-0.0079346,4.1553
0.019989,-0.0071716,4.8584
0.02121,-0.0076294,4.906
0.022736,-0.0079346,4.9036
0.023346,-0.0082397,4.906
0.023956,-0.0068665,4.9084
0.024414,-0.0054932,4.9109
0.025482,-0.0035095,4.9121
0.02655,-0.0039673,4.9109
0.02655,-0.0039673,4.9219
0.026093,-0.0045776,4.9158
0.024414,-0.002594,4.9158
0.02243,-0.00030518,4.9243
0.021667,0.0032043,4.928
0.023041,0.0050354,4.9365
0.024567,0.0039673,4.9304
0.026398,0.0021362,4.9426
0.027313,-0.0018311,4.9292
0.027161,-0.0053406,4.928
0.026398,-0.0061035,4.9304
0.025635,-0.0065613,4.9304
0.024109,-0.0064087,4.928
0.023346,-0.0065613,4.9292
0.02182,-0.0064087,4.9292
0.019684,-0.0053406,4.939
0.016479,-0.0036621,4.9304
0.014343,-0.00015259,4.9304
0.01358,0.0010681,4.9329
0.014191,0.0030518,4.9353
0.016174,0.004425,4.9329
0.018616,0.007782,4.9377
0.021515,0.010681,4.9304
0.020599,0.01358,4.9304
0.02243,0.014038,4.9304
0.02182,0.010986,4.9243
0.021057,0.0064087,4.9292
0.019836,0.0010681,4.9231
0.017853,0.00076294,4.9158
0.015106,0.0018311,4.9158
0.010834,0.0038147,4.9146
0.0079346,0.0061035,4.9158
0.0048828,0.0076294,4.9158
0.0039673,0.0062561,4.9072
0.0036621,0.004425,4.9133
0.0053406,0.0039673,4.9084
0.007019,0.0047302,4.9109
0.0085449,0.0067139,4.9097
0.011292,0.0064087,4.9133
0.012817,0.0041199,4.9109
0.014954,0.00076294,4.8999
0.014496,-0.0030518,4.9182
0.014954,-0.0061035,4.9121
0.014801,-0.0056458,4.9109
0.012665,-0.0039673,4.9109
0.010376,-0.0027466,4.8962
0.007782,-0.0013733,4.9133
0.0065613,-0.0012207,4.9146
0.0068665,0,4.9194
0.0085449,0.0012207,4.9219
0.010986,0.0039673,4.9219
0.013275,0.007019,4.9255
0.014801,0.0094604,4.9255
0.016937,0.011139,4.9304
0.017548,0.010986,4.9255
0.016785,0.011444,4.9365
0.020142,0.012817,4.9329
0.02182,0.01236,4.9341
0.022888,0.01236,4.9329
0.023346,0.011597,4.9316
0.021362,0.011749,4.9365
0.018158,0.010681,4.9353
0.018768,0.0079346,4.9451
0.015564,0.0065613,4.9353
0.015717,0.0054932,0.058594
0.016785,0.0039673,0.06958
0.017548,0.0032043,0.067139
0.016479,0.0024414,0.062256
0.016937,0.0015259,0.065918
0.014496,0.00030518,0.059814
0.01358,-0.00061035,0.057373
0.013885,0.00045776,0.05127
0.014954,0.0012207,0.056152
0.015259,0.0042725,0.05127
0.014954,0.0064087,0.050049
0.01358,0.0071716,0.048828
0.013275,0.0073242,0.05127
0.013275,0.0074768,0.054932
0.01358,0.0086975,0.043945
0.015259,0.010681,0.047607
0.016327,0.01358,0.043945
0.017395,0.015717,0.032959
0.017242,0.016174,0.039063
0.018005,0.014648,0.039063
0.019379,0.010681,0.037842
0.018768,0.0074768,0.040283
0.020294,0.0054932,0.042725
0.021973,0.0053406,0.041504
0.02182,0.0067139,0.037842
0.02121,0.0068665,0.040283
0.020599,0.0038147,0.036621
0.018158,-0.00030518,0.042725
0.017242,-0.0076294,0.040283
0.016785,-0.0080872,0.040283
0.01709,-0.0056458,0.042725
0.016479,-0.00045776,0.047607
0.018463,0.0038147,0.05127
0.019836,0.0030518,0.050049
0.020447,0.0041199,0.062256
0.020599,0,0.054932
0.023193,-0.0041199,0.041504
0.023804,-0.0064087,0.056152
0.02533,-0.007019,0.059814
0.026245,-0.0061035,0.063477
0.025635,-0.0036621,0.061035
0.02655,-0.0028992,0.057373
0.026093,-0.0050354,0.064697
0.026245,-0.005188,0.061035
0.026093,-0.0061035,0.063477
0.02655,-0.0054932,0.059814
0.027008,-0.0042725,0.065918
0.026703,-0.002594,0.062256
0.027313,0,0.068359
0.027008,0.00030518,0.079346
0.029602,-0.00045776,0.065918
0.030518,-0.0021362,0.063477
0.033112,-0.0038147,0.065918
0.034332,-0.0042725,0.053711
0.034943,-0.004425,0.058594
0.034027,-0.0045776,0.050049
0.032196,-0.0041199,0.056152
0.029907,-0.0024414,0.053711
0.029907,-0.0016785,0.047607
0.03067,-0.0018311,0.050049
0.032196,-0.00091553,0.042725
0.032959,-0.00076294,0.047607
0.032043,0.002594,0.043945
0.028534,0.0039673,0.047607
0.031586,0.0048828,0.042725
0.031433,0.0030518,0.041504
0.031281,0.0010681,0.041504
0.030365,-0.0024414,0.039063
0.031128,-0.0042725,0.05127
0.030212,-0.0059509,0.040283
0.028839,-0.0047302,0.05127
0.02655,-0.0057983,0.03418
0.023041,-0.0076294,0.028076
0.022583,-0.0093079,0.037842
0.02182,-0.010529,0.041504
0.022888,-0.010223,0.036621
0.024414,-0.0056458,0.037842
0.026398,-0.0012207,1.0583
0.028534,0.0033569,4.6899
0.03006,0.0045776,4.8962
0.033875,0.0053406,4.9182
0.0354,0.0053406,4.9182
0.037537,0.0054932,4.9207
0.037689,0.0059509,4.9243
0.03479,0.0083923,4.928
0.033722,0.0083923,4.9316
0.03067,0.0094604,4.9292
0.028839,0.0062561,4.9316
0.027618,0.0038147,4.9329
0.028381,0.00091553,4.9365
0.026398,-0.0015259,4.9316
0.025482,-0.00061035,4.9365
0.025177,-0.00045776,4.9292
0.024414,-0.00045776,4.9316
0.022736,-0.0022888,4.9304
0.022125,-0.0061035,4.9353
0.022583,-0.011902,4.9316
0.023651,-0.007782,4.9353
0.024261,-0.0067139,4.9353
0.024872,-0.0050354,4.9341
0.024567,-0.0016785,4.9329
0.024567,-0.00015259,4.9316
0.025482,0.00015259,4.928
0.028229,0.00061035,4.9304
0.030365,0.0019836,4.939
0.034027,0.0045776,4.9255
0.035858,0.0076294,4.9243
0.036011,0.0083923,4.9207
0.0354,0.0085449,4.9011
0.03479,0.007019,4.9158
0.033875,0.0050354,4.9194
0.033112,0.0035095,4.9158
0.032349,0.0027466,4.9133
0.030365,0.0018311,4.9084
0.027618,-0.00045776,4.9109
0.024109,-0.0039673,4.9097
0.021667,-0.0079346,4.9097
0.020599,-0.011902,4.9048
0.020142,-0.013885,4.9146
0.020752,-0.013428,4.9109
0.019989,-0.011292,4.9133
0.020599,-0.0079346,4.9097
0.016937,-0.0030518,4.9109
0.019684,-0.00030518,4.9097
0.022583,0.0041199,4.9072
0.027008,0.007019,4.9133
0.031586,0.009613,4.9121
0.0354,0.011902,4.9182
0.038147,0.01297,4.917
0.037842,0.013275,4.9219
0.037079,0.012665,4.9182
0.037384,0.010223,4.9219
0.037689,0.007782,4.9255
0.037689,0.0027466,4.9304
0.036469,0.0018311,4.928
0.033264,-0.00076294,4.9255
0.028229,-0.0022888,4.9292
0.024414,-0.002594,4.9341
0.020294,-0.00076294,4.9268
0.019226,0.0028992,4.9316
0.020905,0.0050354,4.9402
0.022888,0.0059509,4.9341
0.024719,0.0048828,4.9377
0.023956,0.0027466,4.9353
0.023193,0.00061035,4.9268
0.02121,0.00015259,4.9353
0.021667,0.0012207,4.9353
0.02243,0.0032043,4.9329
0.023041,0.0050354,4.9365
0.021362,0.0042725,4.9304
0.018311,0.0019836,0.064697
0.014954,0.00045776,0.053711
0.010529,-0.00030518,0.057373
0.0097656,0.00030518,0.050049
0.01236,0.0016785,0.05127
0.016479,0.0027466,0.05249
0.019989,0.0036621,0.054932
0.022125,0.0028992,0.046387
0.021515,0.002594,0.048828
0.017853,0.0015259,0.050049
0.016174,0.00030518,0.045166
0.015717,-0.00076294,0.046387
0.016785,-0.004425,0.042725
0.01709,-0.0067139,0.030518
0.016785,-0.0091553,0.036621
0.015717,-0.0086975,0.040283
0.014954,-0.0050354,0.040283
0.016479,-0.0012207,0.037842
0.018921,0.0021362,0.037842
0.023499,0.0045776,0.037842
0.027008,0.0045776,0.037842
0.028534,0.0045776,0.043945
0.02655,0.0028992,0.040283
0.02533,0.0032043,0.046387
0.022583,0.0027466,0.041504
0.020294,0.0016785,0.046387
0.019684,0.00045776,0.062256
0.018768,-0.00015259,0.047607
0.016785,-0.0024414,0.057373
0.013885,-0.0022888,0.056152
0.010071,-0.00076294,0.039063
0.0042725,0.0015259,0.058594
0.00091553,0.0030518,0.057373
0,0.0045776,0.059814
0.0027466,0.007019,0.062256
0.0019836,0.0083923,0.058594
0.010834,0.0073242,0.063477
0.014343,0.0082397,0.058594
0.011902,0.0048828,0.058594
0.010681,0.0030518,0.059814
0.011444,0.0022888,0.067139
0.013733,0.0012207,0.064697
0.017853,-0.0012207,0.068359
0.020752,0.0028992,0.073242
0.020905,0.0028992,0.065918
0.018616,0.0028992,0.067139
0.015411,0.0030518,0.065918
0.01358,0.002594,0.072021
0.014496,0.0021362,0.056152
0.016632,0.0019836,0.058594
0.020905,0.0013733,0.05127
0.022583,0.0015259,0.053711
0.019836,0.0024414,0.047607
0.02121,0.0035095,0.05127
0.019379,0.0041199,0.046387
0.019073,0.0039673,0.048828
0.019836,0.0036621,0.042725
0.021362,0.0028992,0.047607
0.022125,0.0019836,0.041504
0.019989,-0.00091553,0.043945
0.018311,0.0010681,0.040283
0.014648,0.0018311,0.042725
0.014496,0.00061035,0.047607
0.016022,-0.0019836,0.042725
0.019684,-0.0038147,0.043945
0.022278,-0.0047302,0.037842
0.023041,-0.0038147,0.015869
0.022736,-0.0010681,0.039063
0.023651,0.002594,0.039063
0.023804,0.0054932,0.037842
0.026245,0.0074768,0.036621
0.03006,0.007019,0.040283
0.029755,0.0045776,0.041504
0.03418,-0.00030518,0.042725
0.033264,-0.0033569,0.048828
0.032654,-0.0071716,0.046387
0.030212,-0.0090027,0.056152
0.028839,-0.0091553,0.054932
0.028229,-0.009613,4.3542
0.026855,-0.013123,4.8877
0.02655,-0.01358,4.9219
0.024109,-0.014038,4.9316
0.023499,-0.011749,4.9316
0.022125,-0.007782,4.939
0.023041,-0.0032043,4.9316
0.024872,0.0013733,4.9146
0.027618,0.0024414,4.906
0.029449,-0.00015259,4.9243
0.031586,-0.0022888,4.9316
0.031891,-0.005188,4.9341
0.033112,-0.0053406,4.9316
0.033264,-0.004425,4.9377
0.035553,-0.0032043,4.9365
0.036621,-0.0035095,4.9353
0.037384,-0.0057983,4.928
0.033264,-0.0079346,4.9329
0.029449,-0.007782,4.928
0.025635,-0.0083923,4.9304
0.023041,-0.0054932,4.9377
0.02243,-0.002594,4.9243
0.023041,-0.0010681,4.9207
0.025635,-0.0035095,4.9219
0.025635,-0.0041199,4.8962
0.023956,-0.0065613,4.9133
0.024567,-0.0054932,4.917
0.023804,-0.0039673,4.9133
0.024109,-0.0010681,4.9133
0.026093,-0.00015259,4.9121
0.027618,0.00061035,4.9133
0.028229,0.00015259,4.9097
0.029144,0.00061035,4.9109
0.030518,-0.00030518,4.9072
0.027618,0.0019836,4.9133
0.027924,0.0053406,4.917
0.027466,0.0065613,4.9146
0.028229,0.0065613,4.9072
0.028229,0.0047302,4.9109
0.030365,0.0016785,4.9219
0.030365,-0.0019836,4.9097
0.032196,-0.0030518,4.9231
0.025635,-0.0032043,4.9146
0.024261,-0.002594,4.9048
0.023804,-0.0022888,4.9182
0.024414,-0.0050354,4.9121
0.02121,-0.0048828,4.9231
0.023804,-0.0080872,4.9268
0.022583,-0.0099182,4.9219
0.021362,-0.011597,4.9268
0.020599,-0.0086975,4.9304
0.021515,-0.0056458,4.9329
0.023956,-0.0021362,4.9292
0.025482,-0.0013733,4.9353
0.027924,-0.002594,4.9304
0.027924,-0.0047302,4.9316
0.024414,-0.0057983,4.9292
0.024872,-0.0036621,4.9353
0.022888,0.00076294,4.9304
0.02182,0.0038147,4.9341
0.024872,0.0047302,4.9414
0.022736,0.0028992,4.9182
0.022888,-0.0010681,4.9353
0.023346,-0.0047302,4.9329
0.024414,-0.0045776,4.9316
0.025177,-0.0033569,4.9329
0.027008,-0.0018311,4.9304
0.029755,0.00015259,4.9109
0.028076,-0.0053406,4.9292
0.029449,-0.0053406,4.9207
0.027771,-0.0082397,4.9243
0.02594,-0.0093079,4.9207
0.023499,-0.0093079,0.05249
0.021362,-0.0090027,0.043945
0.019836,-0.0083923,0.047607
0.018463,-0.0073242,0.062256
0.017853,-0.0064087,0.043945
0.018005,-0.0064087,0.05127
0.018768,-0.007782,0.043945
0.019836,-0.0068665,0.029297
0.020905,-0.0053406,0.036621
0.023651,-0.0033569,0.040283
0.025177,-0.00015259,0.039063
0.026703,0.0015259,0.041504
0.028076,0.0015259,0.037842
0.029297,0.00045776,0.041504
0.030975,-0.0015259,0.036621
0.031433,-0.0016785,0.041504
0.031128,-0.00076294,0.036621
0.031433,0.00091553,0.043945
0.030975,0.0018311,0.046387
0.032043,0.0013733,0.045166
0.029449,-0.00061035,0.057373
0.031738,-0.00015259,0.05127
0.03006,0.0022888,0.05127
0.027771,0.0056458,0.056152
0.027924,0.0085449,0.054932
0.027771,0.0088501,0.057373
0.027161,0.0074768,0.05127
0.028992,0.0045776,0.054932
0.027466,0.0012207,0.061035
0.027008,0,0.061035
0.025024,-0.00015259,0.061035
0.023499,0.00076294,0.058594
0.021515,0.0024414,0.061035
0.020447,0.0045776,0.061035
0.018158,0.0059509,0.064697
0.015717,0.0059509,0.063477
0.014343,0.0061035,0.068359
0.013733,0.0045776,0.067139
0.013885,0.0056458,0.064697
0.015869,0.0080872,0.075684
0.018616,0.0094604,0.064697
0.019684,0.0090027,0.076904
0.018311,0.0099182,0.058594
0.017853,0.0050354,0.041504
0.016937,0.0010681,0.056152
0.016174,-0.0012207,0.047607
0.016479,-0.00076294,0.048828
0.016174,0.0027466,0.05249
0.016479,0.0016785,0.047607
0.015106,0.0024414,0.046387
0.013733,0.0018311,0.045166
0.013123,0.0010681,0.046387
0.013733,0.0024414,0.041504
0.014801,0.0022888,0.045166
0.016632,0.0093079,0.043945
0.018005,0.011902,0.042725
0.018463,0.012512,0.039063
0.018158,0.011444,0.041504
0.015259,0.0097656,0.041504
0.012665,0.0057983,0.037842
0.011597,0.010223,0.037842
0.011597,0.011139,0.039063
0.014191,0.012817,0.045166
0.010529,0.013733,0.03418
0.0091553,0.013733,0.042725
0.0079346,0.012817,0.037842
0.0076294,0.01297,0.042725
0.0083923,0.01358,0.040283
0.0088501,0.014954,0.047607
0.010223,0.01297,0.043945
0.010986,0.01358,0.053711
0.012054,0.01236,0.053711
0.012512,0.010223,0.057373
0.010223,0.0094604,0.058594
0.01236,0.010681,0.061035
0.013428,0.011444,0.075684
0.013123,0.011292,0.065918
0.011749,0.009613,0.061035
0.0099182,0.007782,2.9944
0.0086975,0.0056458,4.7986
0.0068665,0.0041199,4.917
0.007019,0.0041199,4.9268
0.0074768,0.0041199,4.9304
0.007019,0.005188,4.9316
0.0050354,0.0065613,4.9304
0.0064087,0.0067139,4.9377
0.0074768,0.0068665,4.9365
0.0091553,0.0080872,4.9353
0.014954,0.0068665,4.9304
0.011444,0.007782,4.9341
0.013885,0.0080872,4.9292
0.015106,0.01358,4.9365
0.015106,0.0083923,4.9316
0.013123,0.0074768,4.9255
0.015411,0.0062561,4.9304
0.016174,0.0042725,4.9207
0.017853,0.002594,4.928
0.018768,0.0032043,4.9182
0.019684,0.0027466,4.9084
0.019226,0.0015259,4.9182
0.018921,0.00091553,4.9146
0.019989,0.0012207,4.9036
0.020294,0.0015259,4.9146
0.020599,0.0033569,4.9121
0.023346,0.0039673,4.9109
0.023499,0.0061035,4.9072
0.019379,0.0030518,4.9158
0.021973,0.0021362,4.9084
0.021057,0.0015259,4.9133
0.020447,0.0010681,4.9109
0.019684,0.00030518,4.9133
0.019531,0.00061035,4.917
0.018768,0,4.9109
0.018463,-0.0016785,4.9146
0.016937,-0.0053406,4.9109
0.016022,-0.007019,4.9072
0.016785,-0.0065613,4.9121
0.017548,-0.004425,4.8987
0.017548,-0.0018311,4.9194
0.019684,-0.00015259,4.9207
0.019989,0.0015259,4.9219
0.020447,-0.00076294,4.9255
0.019684,-0.0016785,4.9255
0.020599,-0.0041199,4.9316
0.02182,-0.0053406,4.9304
0.023651,-0.0042725,4.9316
0.02533,-0.0067139,4.9304
0.027008,-0.0053406,4.9341
0.031738,-0.0042725,4.9304
0.028839,-0.0036621,4.9329
0.030212,-0.0022888,4.939
0.030823,-0.00061035,4.9353
0.031891,0.0010681,4.9426
0.031586,0.0024414,4.9365
0.032654,0.0056458,4.928
0.032806,0.0061035,4.9365
0.032043,0.0048828,4.9329
0.032654,0.002594,4.9329
0.031433,-0.00045776,4.9329
0.030365,-0.0027466,4.9255
0.029449,-0.0045776,4.928
0.029144,-0.0024414,4.9255
0.029449,0,4.9219
0.028076,0.0012207,4.9207
0.027466,0.0016785,4.9182
0.025177,0.0013733,4.9207
0.025177,0.0015259,4.9194
0.025177,0.0024414,4.9255
0.025787,0.004425,4.9158
0.028229,0.0073242,4.9109
0.029144,0.010223,0.045166
0.029755,0.011139,0.024414
0.029449,0.011749,0.039063
0.029602,0.011749,0.036621
0.030823,0.011902,0.042725
0.031891,0.015717,0.037842
0.031433,0.011292,0.036621
0.031586,0.011597,0.041504
0.030518,0.010071,0.036621
0.029907,0.0074768,0.041504
0.029144,0.0041199,0.037842
0.028992,0.0016785,0.045166
0.029602,0.00045776,0.037842
0.029297,-0.00030518,0.047607
0.028687,-0.00030518,0.045166
0.028381,-0.00091553,0.05127
0.027618,-0.0019836,0.054932
0.027313,-0.0028992,0.05249
0.02655,-0.0035095,0.068359
0.027466,-0.0041199,0.056152
0.028229,-0.0041199,0.048828
0.026703,-0.0028992,0.059814
0.025787,-0.0013733,0.062256
0.024872,0.00045776,0.058594
0.025024,0.0032043,0.061035
0.026703,0.005188,0.061035
0.028839,0.0068665,0.061035
0.029907,0.012054,0.056152
0.029297,0.0091553,0.067139
0.028687,0.0097656,0.061035
0.028687,0.0090027,0.065918
0.029907,0.0088501,0.085449
0.030975,0.0076294,0.067139
0.032806,0.0057983,0.075684
0.032349,0.0059509,0.065918
0.03067,0.0067139,0.062256
0.028534,0.0065613,0.062256
0.026093,0.0053406,0.05249
0.023041,0.0036621,0.053711
0.020905,0.0013733,0.054932
0.017853,-0.0015259,0.046387
0.016174,-0.0038147,0.05127
0.014954,-0.0062561,0.048828
0.014038,-0.007782,0.047607
0.014801,-0.0083923,0.045166
0.015411,-0.0064087,0.050049
0.016937,-0.0048828,0.040283
0.018158,-0.00015259,0.041504
0.020905,0.0050354,0.043945
0.025482,0.009613,0.043945
0.028839,0.012054,0.039063
0.031891,0.01358,0.037842
0.033875,0.012207,0.050049
0.034943,0.011902,0.041504
0.034943,0.010681,0.050049
0.035553,0.0067139,0.036621
0.035706,0.0036621,0.028076
0.035858,0.0010681,0.036621
0.036774,0.00045776,0.042725
0.035248,0.0032043,0.037842
0.033112,0.005188,0.042725
0.03006,0.0061035,0.037842
0.026398,0.0053406,0.048828
0.02594,0.0035095,0.045166
0.026703,0.00045776,0.054932
0.028992,-0.0016785,0.048828
0.028687,-0.0024414,0.059814
0.026398,-0.0010681,0.057373
0.021362,-0.0013733,0.057373
0.0177,-0.0021362,0.070801
0.014648,-0.0024414,0.059814
0.013885,-0.0019836,0.058594
0.013885,-0.0012207,0.063477
0.014496,0.0012207,0.067139
0.014191,0.0028992,0.061035
0.01297,0.0018311,0.054932
0.013733,-0.00015259,0.058594
0.014496,-0.0019836,0.061035
0.016937,-0.0030518,3.2703
0.019226,-0.0030518,4.8352
0.020905,-0.0018311,4.9133
0.019989,-0.0010681,4.9353
0.017853,0,4.9304
0.015869,-0.0012207,4.9353
0.016327,-0.0028992,4.9133
0.018158,-0.0027466,4.928
0.020447,-0.0016785,4.9255
0.02182,0.00015259,4.9304
0.022278,0,4.9316
0.022125,-0.0013733,4.9207
0.022278,-0.0039673,4.9243
0.022278,-0.0064087,4.9194
0.022736,-0.0073242,4.9011
0.023041,-0.0073242,4.9133
0.023193,-0.0067139,4.9109
0.022736,-0.0057983,4.9158
0.020294,-0.0045776,4.9109
0.019226,-0.0028992,4.9146
0.017853,-0.0013733,4.9097
0.01709,0.0013733,4.9084
0.016479,0.0030518,4.9121
0.015717,0.0030518,4.9023
0.016785,0.0028992,4.9146
0.013885,0.0013733,4.9121
0.013123,-0.00045776,4.9109
0.01236,-0.0012207,4.906
0.010681,-0.00091553,4.9133
0.01236,0.0027466,4.9084
0.014038,0.0061035,4.9109
0.016937,0.0053406,4.9194
0.019836,0.0073242,4.9182
0.020294,0.005188,4.9048
0.02243,0.0018311,4.9182
0.02243,-0.00061035,4.9243
0.021057,-0.002594,4.9243
0.021515,-0.004425,4.9219
0.02182,-0.0065613,4.9231
0.024109,-0.0093079,4.9329
0.022278,-0.010681,4.9304
0.019836,-0.010681,4.9329
0.015411,-0.0082397,4.9292
0.011444,-0.004425,4.9329
0.009613,-0.0018311,4.9329
0.0099182,0.0021362,4.9304
0.010376,0.0035095,4.9451
0.012207,0.0039673,4.9341
0.013275,0.002594,4.9365
0.016479,0.002594,4.9377
0.019684,0.0010681,4.9219
0.022278,0.0010681,4.9316
0.024261,0.00015259,4.9316
0.024261,-0.00015259,4.9329
0.022125,-0.0019836,4.9316
0.020294,-0.0057983,4.9341
0.011749,-0.010681,4.9316
0.0053406,-0.014191,4.9231
0.0016785,-0.013275,4.9231
0.0021362,-0.0086975,4.917
0.0053406,-0.0015259,4.9207
0.015717,0.0048828,4.9182
0.020294,0.0073242,4.9243
0.025177,0.0079346,4.9194
0.030975,0.0010681,4.9194
0.031433,-0.0050354,4.9146
0.03006,-0.0093079,4.9146
0.027466,-0.012207,4.9158
0.022278,-0.011139,4.9097
0.015564,-0.007782,4.9109
0.0088501,-0.0080872,4.9133
0.0028992,-0.0067139,0.9668
-0.0015259,-0.0068665,0.036621
-0.0035095,-0.0027466,0.039063
-0.0012207,0.0024414,0.036621
0.0050354,0.0093079,0.037842
0.01236,0.02121,0.03418
0.019226,0.019989,0.043945
0.02533,0.019531,0.039063
0.028992,0.010376,0.041504
0.028992,0.0019836,0.047607
0.027771,-0.0050354,0.046387
0.023041,-0.0099182,0.058594
0.020905,-0.010986,0.05249
0.019226,-0.011444,0.064697
0.017853,-0.010376,0.05249
0.017853,-0.010529,0.050049
0.016937,-0.010529,0.058594
0.019836,-0.010223,0.061035
0.023346,-0.0061035,0.061035
0.028076,-0.0015259,0.063477
0.033722,0.0035095,0.062256
0.038605,0.0073242,0.062256
0.041351,0.0091553,0.061035
0.04303,0.0062561,0.063477
0.041199,-0.002594,0.061035
0.037537,-0.0093079,0.063477
0.031891,-0.013733,0.062256
0.025787,-0.01236,0.067139
0.021973,-0.007019,0.068359
0.016785,0.00076294,0.067139
0.01358,0.0073242,0.070801
0.012207,0.0099182,0.062256
0.011139,0.0097656,0.072021
0.01358,0.0085449,0.057373
0.015717,0.010223,0.064697
0.0177,0.012512,0.05127
0.019836,0.015717,0.053711
0.02121,0.018311,0.047607
0.018158,0.02121,0.047607
0.023956,0.018311,0.043945
0.022583,0.014954,0.048828
0.021515,0.011597,0.043945
0.019531,0.010834,0.043945
0.018768,0.01358,0.046387
0.021057,0.017395,0.045166
0.02121,0.020142,0.041504
0.022583,0.016327,0.042725
0.022583,0.0097656,0.05249
0.027161,0.002594,0.041504
0.027466,0.00076294,0.040283
0.027008,0.0048828,0.042725
0.028687,0.012207,0.023193
0.03006,0.016327,0.036621
0.031738,0.015106,0.036621
0.032196,0.0091553,0.039063
0.03067,0.00045776,0.037842
0.027313,-0.0059509,0.040283
0.022125,-0.0080872,0.043945
0.01709,-0.007019,0.042725
0.011902,-0.0042725,0.046387
0.0057983,-0.0027466,0.047607
0.0021362,-0.0024414,0.056152
0.00061035,-0.0030518,0.053711
0.0024414,-0.002594,0.057373
0.0079346,0.00045776,0.062256
0.016785,0.0042725,0.059814
0.021973,0.0067139,0.059814
0.027008,0.0071716,0.062256
0.031128,0.0054932,0.074463
0.033875,-0.00030518,0.059814
0.03479,0.00015259,0.05127
0.034637,0.0015259,0.062256
0.033569,0.0038147,0.058594
0.03006,0.0053406,0.062256
0.024414,0.0057983,0.063477
0.018311,0.0042725,0.064697
0.015869,0.0030518,0.063477
0.013275,0.0030518,0.063477
0.016479,0.0042725,0.067139
0.023041,0.0064087,4.2249
0.029602,0.0088501,4.884
0.033875,0.0090027,4.9207
0.035248,0.0076294,4.9255
0.034332,0.0073242,4.9316
0.029297,0.0064087,4.9243
0.020599,0.0047302,4.9207
0.012512,0.0030518,4.9207
0.004425,0.0016785,4.9097
-0.002594,0.00030518,4.917
-0.0068665,-0.00045776,4.9158
-0.0067139,0.00015259,4.9109
-0.0035095,0.0036621,4.9243
0.00076294,0.007019,4.9121
0.0071716,0.010681,4.9097
0.015717,0.014648,4.9072
0.022125,0.017242,4.9109
0.028076,0.016785,4.906
0.031281,0.014954,4.9109
0.033875,0.011597,4.9097
0.033569,0.0067139,4.9109
0.032654,0.00030518,4.9072
0.030212,-0.0045776,4.917
0.031128,-0.0067139,4.9231
0.032349,-0.0047302,4.9109
0.033417,-0.0013733,4.9207
0.034943,0.0028992,4.9158
0.035858,0.0047302,4.9011
0.037689,0.0053406,4.9194
0.040131,0.004425,4.9231
0.045013,0.0028992,4.9231
0.049438,0.00061035,4.9243
0.053711,-0.0030518,4.9219
0.055389,-0.007019,4.9304
0.054169,-0.0099182,4.9304
0.051117,-0.012665,4.9292
0.045929,-0.014191,4.9292
0.040436,-0.014343,4.9341
0.034485,-0.012817,4.9329
0.027618,-0.0099182,4.9329
0.019379,-0.0065613,4.9414
0.01236,-0.002594,4.9365
0.0059509,0.00091553,4.9316
0.0032043,0.0027466,4.9341
0.0028992,0.0047302,4.9438
0.0036621,0.0054932,4.9353
0.0054932,0.0061035,4.9475
0.0071716,0.0079346,4.9365
0.0080872,0.0094604,4.9316
0.0090027,0.010223,4.928
0.011444,0.0091553,4.9292
0.013428,0.0068665,4.9243
0.015106,0.0045776,4.9231
0.015869,0.0027466,4.9182
0.015411,0.0012207,4.9207
0.015259,0.00030518,4.9207
0.012665,-0.00015259,4.917
0.01358,-0.0016785,4.9158
0.016632,-0.0035095,4.9182
0.019989,-0.0056458,4.9255
0.024414,-0.0073242,4.9158
0.027466,-0.0074768,4.9243
0.029297,-0.0061035,4.9133
0.03006,-0.0047302,4.9011
0.029144,-0.0033569,4.9133
0.026855,-0.002594,4.9097
0.027466,-0.0016785,4.9084
0.026093,0.00015259,4.9121
0.023804,0.0019836,4.9084
0.020447,0.0024414,4.9109
0.018005,0.0036621,4.9084
0.014496,0.0041199,0.043945
0.012512,0.0057983,0.036621
0.014191,0.0033569,0.043945
0.014954,0.0021362,0.045166
0.016174,-0.00015259,0.05249
0.015717,-0.0022888,0.05127
0.013733,-0.004425,0.056152
0.012665,-0.0056458,0.054932
0.010376,-0.0067139,0.058594
0.0085449,-0.0041199,0.061035
0.009613,-0.002594,0.061035
0.0086975,0.00045776,0.057373
0.0074768,0.0033569,0.059814
0.0056458,0.0074768,0.062256
0.0059509,0.007782,0.059814
0.004425,0.0091553,0.063477
0.0053406,0.011139,0.059814
0.0080872,0.0091553,0.063477
0.011139,0.0093079,0.062256
0.013275,0.0083923,0.064697
0.014191,0.007019,0.067139
0.014648,0.0064087,0.068359
0.013123,0.0024414,0.064697
0.013275,-0.0012207,0.068359
0.011139,-0.0030518,0.076904
0.009613,-0.0045776,0.062256
0.0079346,-0.0041199,0.064697
0.0062561,-0.0027466,0.059814
0.0010681,-0.0027466,0.040283
0.0012207,-0.0050354,0.050049
0.00061035,-0.0080872,0.056152
0.0024414,-0.010071,0.050049
0.0042725,-0.012817,0.046387
0.0074768,-0.014496,0.043945
0.0091553,-0.014954,0.047607
0.0082397,-0.016327,0.043945
0.0076294,-0.015869,0.043945
0.0062561,-0.018311,0.040283
0.0065613,-0.019684,0.045166
0.0079346,-0.019379,0.040283
0.011597,-0.018005,0.041504
0.013733,-0.014343,0.043945
0.014801,-0.010986,0.041504
0.016022,-0.0099182,0.039063
0.017242,-0.0090027,0.041504
0.019989,-0.0091553,0.030518
0.024567,-0.011902,0.036621
0.029449,-0.013733,0.046387
0.033264,-0.016022,0.039063
0.035095,-0.019226,0.042725
0.033875,-0.022583,0.041504
0.033417,-0.027161,0.046387
0.031128,-0.032043,0.043945
0.030518,-0.035706,0.05249
0.029144,-0.037537,0.050049
0.028687,-0.036469,0.054932
0.027924,-0.033722,0.042725
0.024872,-0.030823,0.062256
0.023346,-0.023651,0.058594
0.020447,-0.018921,0.061035
0.020447,-0.016174,0.068359
0.017853,-0.014038,0.063477
0.01709,-0.0097656,0.072021
0.017853,-0.0056458,0.063477
0.016937,-0.0018311,0.050049
0.015564,0.0012207,0.062256
0.012665,0.0019836,0.063477
0.010376,0.0041199,0.062256
0.0093079,0.0015259,0.065918
0.0097656,0.0021362,0.064697
0.011902,0.0022888,0.067139
0.012512,0.0028992,0.063477
0.011444,0.002594,0.064697
0.013275,-0.002594,0.056152
0.012665,-0.0018311,0.058594
0.014496,-0.0048828,0.054932
0.015564,-0.007019,0.057373
0.018158,-0.0076294,0.054932
0.019379,-0.0094604,1.2427
0.019989,-0.0099182,4.707
0.016937,-0.010376,4.9036
0.016785,-0.012207,4.9231
0.016479,-0.011444,4.9146
0.015411,-0.0094604,4.8975
0.019379,-0.0056458,4.9109
0.02182,-0.00045776,4.9121
0.022736,0.0053406,4.9133
0.024261,0.010223,4.9097
0.024414,0.014954,4.9084
0.026855,0.015869,4.9121
0.025177,0.019073,4.906
0.027008,0.014191,4.9097
0.027771,0.014191,4.9097
0.029755,0.015564,4.9121
0.030212,0.015259,4.9023
0.028381,0.016022,4.9121
0.027924,0.016479,4.9243
0.02594,0.015411,4.9133
0.024719,0.013733,4.9182
0.022278,0.011292,4.9146
0.019684,0.015564,4.9011
0.017548,0.018005,4.9146
0.012817,0.021057,4.9194
0.011749,0.020447,4.9243
0.011139,0.019073,4.9231
0.01236,0.014648,4.9194
0.013885,0.015869,4.9304
0.016632,0.019226,4.9255
0.0177,0.021515,4.9341
0.019073,0.026855,4.928
0.018768,0.027161,4.9341
0.01709,0.025635,4.9316
0.015869,0.022888,4.9329
0.015869,0.020599,4.9341
0.01709,0.020447,4.9329
0.014343,0.021515,4.9353
0.013428,0.020752,4.9365
0.011292,0.018616,4.9561
0.0071716,0.013123,4.9365
0.0074768,0.0074768,4.9304
0.0083923,0.0048828,4.9341
0.011597,0.0042725,4.9304
0.014954,0.0048828,4.9304
0.016022,0.0059509,4.9353
0.0177,0.0059509,4.9268
0.016327,0.0056458,4.9243
0.016327,0.005188,4.9194
0.019836,0.0042725,4.9231
0.023804,0.0041199,4.9158
0.028076,0.0054932,4.9194
0.030975,0.0022888,4.9207
0.032043,0.0085449,4.9182
0.032501,0.01236,4.9182
0.033112,0.016937,4.9158
0.034637,0.021667,4.9146
0.0354,0.024567,4.9194
0.037689,0.024872,4.9011
0.03891,0.025177,4.9109
0.038147,0.023651,4.9121
0.035858,0.023193,4.9084
0.032043,0.022888,4.9121
0.028992,0.022888,4.9146
0.026855,0.02243,4.9084
0.025635,0.020905,4.9084
0.02533,0.020294,4.9109
0.023956,0.019989,4.9097
0.02121,0.021667,4.9146
0.016174,0.023499,4.9121
0.014496,0.023804,4.9097
0.013733,0.023041,4.9133
0.017242,0.019684,0.058594
0.021515,0.015869,0.057373
0.025177,0.010376,0.05127
0.02655,0.0050354,0.068359
0.025482,0.00091553,0.061035
0.02243,-0.0022888,0.042725
0.019226,-0.0041199,0.061035
0.016632,-0.0041199,0.058594
0.016327,-0.00015259,0.062256
0.016327,-0.0022888,0.064697
0.015717,-0.0019836,0.057373
0.014954,-0.0012207,0.063477
0.01358,-0.00045776,0.062256
0.014496,0.0010681,0.065918
0.016785,0.0018311,0.064697
0.020905,0.0018311,0.072021
0.023651,-0.00015259,0.068359
0.025177,-0.0030518,0.06958
0.027313,-0.0061035,0.076904
0.023804,-0.0068665,0.068359
0.020752,-0.0057983,0.058594
0.019073,-0.0033569,0.057373
0.017853,-0.00045776,0.050049
0.018463,0.0022888,0.05249
0.018463,0.0033569,0.05249
0.019684,0.0013733,0.046387
0.017548,0.0053406,0.048828
0.01709,0.0076294,0.047607
0.018158,0.0071716,0.046387
0.019836,0.0054932,0.043945
0.022125,0.0022888,0.043945
0.02243,-0.0035095,0.039063
0.020294,-0.0071716,0.043945
0.016479,-0.0071716,0.040283
0.011292,-0.0038147,0.042725
0.007782,-0.00091553,0.040283
0.0041199,0.0015259,0.040283
0.0047302,0.0028992,0.046387
0.0047302,0.0039673,0.041504
0.0073242,0.0032043,0.05127
0.0090027,0.0035095,0.037842
0.010834,0.002594,0.031738
0.011597,0.0010681,0.040283
0.013885,-0.0015259,0.039063
0.016479,-0.0041199,0.040283
0.015411,-0.0062561,0.047607
0.020142,-0.0056458,0.036621
0.019531,-0.0039673,0.047607
0.017395,-0.0061035,0.050049
0.014954,-0.0057983,0.056152
0.01297,-0.005188,0.05127
0.014648,-0.0033569,0.061035
0.017853,-0.0018311,0.061035
0.020905,-0.0015259,0.063477
0.023956,-0.0038147,0.06958
0.024414,-0.0064087,0.063477
0.02533,-0.007782,0.062256
0.025177,-0.007019,0.057373
0.026245,-0.0045776,0.063477
0.026245,-0.00030518,0.061035
0.025024,0.0027466,0.058594
0.02243,0.0038147,0.061035
0.018311,0.0045776,0.065918
0.014648,0.0021362,0.068359
0.011292,0.0019836,0.064697
0.0099182,0.0021362,0.062256
0.011292,0.0028992,0.065918
0.014954,0.0050354,0.059814
0.016785,0.0019836,0.061035
0.018463,0.00076294,0.056152
0.017853,-0.00030518,0.057373
0.018005,0.00030518,0.05127
0.017548,0.00091553,0.05249
0.020294,0.0010681,0.062256
0.022583,-0.00015259,0.045166
0.022125,-0.002594,0.05249
0.020752,-0.0053406,0.046387
0.018921,-0.0088501,0.031738
0.018311,-0.0099182,1.4832
0.018616,-0.010376,4.7021
0.018311,-0.010223,4.8962
0.019989,-0.010986,4.9072
0.020294,-0.012512,4.9036
0.019684,-0.01297,4.9097
0.018158,-0.010986,4.9109
0.018311,-0.010681,4.9084
0.0177,-0.0079346,4.906
0.018768,-0.0071716,4.9146
0.019684,-0.0074768,4.9084
0.022736,-0.010071,4.8987
0.024719,-0.014954,4.9109
0.027924,-0.0177,4.9109
0.029449,-0.020905,4.9097
0.028839,-0.019073,4.9109
0.028229,-0.018616,4.9146
0.026703,-0.016327,4.9158
0.027466,-0.013733,4.9194
0.02655,-0.012054,4.9243
0.02594,-0.011292,4.9219
0.026703,-0.0093079,4.9243
0.021362,-0.0083923,4.9329
0.02121,-0.0065613,4.9292
0.021515,-0.0064087,4.9316
0.025177,-0.0064087,4.9292
0.028839,-0.0061035,4.9353
0.031281,-0.0068665,4.9109
0.030518,-0.0094604,4.9329
0.027618,-0.004425,4.9292
0.023956,-0.002594,4.9329
0.020599,-0.0010681,4.9438
0.018311,0.00030518,4.9377
0.017548,0.007782,4.9329
0.016327,0.0015259,4.9377
0.015564,0.00030518,4.9243
0.014496,-0.0012207,4.9353
0.013885,-0.0024414,4.9329
0.01358,-0.0018311,4.9304
0.01358,-0.00045776,4.9304
0.014496,0.00045776,4.928
0.015411,0.00076294,4.9243
0.016479,0.00045776,4.9207
0.016327,0.00091553,4.9207
0.011139,0.00061035,4.9194
0.012817,0.0019836,4.9194
0.011444,0.0028992,4.9207
0.011444,0.0024414,4.9207
0.013428,-0.00030518,4.9011
0.016022,-0.0041199,4.9158
0.020905,-0.0076294,4.9182
0.022125,-0.010681,4.9109
0.023956,-0.011292,4.9158
0.02243,-0.0094604,4.9097
0.021362,-0.0080872,4.9023
0.019379,-0.007019,4.9084
0.020599,-0.010071,4.9121
0.021667,-0.013123,4.9084
0.019531,-0.015411,4.906
0.019684,-0.016327,4.9097
0.017853,-0.014496,4.9097
0.017853,-0.010986,4.9109
0.019073,-0.0080872,4.9121
0.021057,-0.0065613,4.9121
0.023651,-0.0054932,4.9109
0.024567,-0.0064087,4.9219
0.025787,-0.0027466,4.9219
0.027008,0.002594,4.9353
0.027313,0.0079346,4.9219
0.028076,0.010376,4.9292
0.028839,0.011139,4.9304
0.030365,0.0091553,4.9207
0.031891,0.0065613,4.9292
0.034027,0.0048828,0.059814
0.036163,0.0047302,0.061035
0.037384,0.0054932,0.062256
0.0383,0.0085449,0.058594
0.039063,0.010529,0.063477
0.038605,0.0090027,0.059814
0.037384,0.004425,0.063477
0.033875,-0.00091553,0.059814
0.029755,-0.0061035,0.067139
0.027771,-0.0080872,0.068359
0.024872,-0.0074768,0.065918
0.025635,-0.0067139,0.070801
0.025177,-0.0061035,0.065918
0.024109,-0.0064087,0.064697
0.023651,-0.004425,0.059814
0.019836,-0.0041199,0.06958
0.018463,-0.00030518,0.056152
0.016327,0.0016785,0.056152
0.015564,0.0019836,0.050049
0.014343,0.0021362,0.05127
0.015717,-0.0013733,0.047607
0.01709,-0.0036621,0.047607
0.018616,-0.0057983,0.046387
0.019684,-0.0064087,0.043945
0.019836,-0.0061035,0.041504
0.022583,-0.0036621,0.042725
0.025635,-0.00045776,0.040283
0.027924,0.00061035,0.042725
0.029449,0.0013733,0.040283
0.030975,-0.0016785,0.037842
0.032501,-0.0073242,0.05127
0.034485,-0.010986,0.041504
0.035553,-0.013733,0.047607
0.037384,-0.01358,0.039063
0.037231,-0.010071,0.030518
0.037537,-0.0079346,0.037842
0.036011,-0.0062561,0.039063
0.036011,-0.0054932,0.037842
0.034485,-0.005188,0.041504
0.031433,-0.0018311,0.042725
0.029602,0.0013733,0.048828
0.027313,0.0067139,0.048828
0.026245,0.0088501,0.05249
0.025787,0.0079346,0.05249
0.023651,0.0062561,0.061035
0.020905,0.0022888,0.058594
0.018311,0.0022888,0.061035
0.01358,0.00015259,0.059814
0.0074768,0.0047302,0.063477
0.0016785,0.011597,0.062256
-0.0039673,0.020294,0.064697
-0.0071716,0.03006,0.068359
-0.0065613,0.037079,0.062256
-0.0032043,0.040588,0.048828
0.0042725,0.040741,0.062256
0.011749,0.037689,0.059814
0.019379,0.028534,0.064697
0.024719,0.020752,0.067139
0.029144,0.013885,0.064697
0.033722,0.0073242,0.065918
0.038147,0.00015259,0.065918
0.040588,-0.0062561,0.061035
0.039978,-0.0088501,0.058594
0.036316,-0.0080872,0.057373
0.028534,-0.0022888,0.053711
0.017853,0.0038147,0.053711
0.007782,0.007782,0.062256
-0.00015259,0.0039673,0.05127
-0.0088501,-0.0073242,0.047607
-0.01358,-0.019989,0.048828
-0.015717,-0.031281,0.030518
-0.016632,-0.038605,0.041504
-0.017853,-0.040741,0.042725
-0.019073,-0.039673,0.041504
-0.019836,-0.036011,0.037842
-0.019836,-0.030212,0.036621
-0.016327,-0.020447,0.039063
-0.012817,-0.0059509,0.79712
-0.0057983,0.0088501,4.6704
0.00030518,0.019531,4.8889
0.0065613,0.019836,4.9109
0.013123,0.015411,4.9097
0.019073,0.0041199,4.9097
0.024567,0.00045776,4.9097
0.028381,-0.005188,4.9109
0.033112,-0.0024414,4.9158
0.031433,0.0041199,4.9158
0.031128,0.012054,4.9243
0.029144,0.016022,4.9158
0.028534,0.015106,4.9109
0.02594,0.01297,4.9255
0.027466,0.012512,4.9194
0.027924,0.013885,4.917
0.026703,0.0177,4.9243
0.02533,0.019531,4.928
0.023346,0.017242,4.9304
0.020752,0.011597,4.9316
0.016479,0.0050354,4.9341
0.010681,0.00076294,4.9292
0.0042725,-0.00030518,4.9304
-0.0033569,-0.00061035,4.9304
-0.0056458,-0.0016785,4.9329
-0.0080872,-0.0057983,4.9353
-0.0064087,-0.013885,4.9341
-0.0050354,-0.021973,4.9304
-0.00076294,-0.027161,4.9402
-0.004425,-0.03067,4.9402
-0.0048828,-0.036011,4.9353
-0.005188,-0.034637,4.928
-0.0041199,-0.033875,4.9341
0.00091553,-0.027924,4.9304
0.0057983,-0.019836,4.928
0.012512,-0.010071,4.9255
0.019226,-0.0088501,4.9207
0.025024,-0.007019,4.9231
0.031586,-0.0071716,4.9207
0.039063,-0.0065613,4.9194
0.047913,-0.0071716,4.9207
0.057526,-0.007782,4.9182
0.064392,-0.010834,4.9133
0.066833,-0.015106,4.9121
0.062714,-0.021362,4.9255
0.055389,-0.024719,4.9158
0.046082,-0.025482,4.9182
0.037689,-0.024261,4.9097
0.032349,-0.025787,4.895
0.028076,-0.024109,4.9084
0.027313,-0.015717,4.9121
0.025177,-0.019836,4.9097
0.026093,-0.016022,4.9084
0.026093,-0.011444,4.9023
0.028076,-0.010376,4.9097
0.028076,-0.00015259,4.9084
0.027618,0.0088501,4.9097
0.024719,0.0097656,4.9109
0.021515,0.011902,4.9194
0.013885,0.014648,4.917
0.0097656,0.018158,4.9207
0.0032043,0.029602,4.9304
0.0022888,0.040741,4.9255
0.0048828,0.042877,4.9243
0.0091553,0.039368,4.9353
0.016327,0.028534,4.9353
0.019226,0.021515,4.9304
0.017853,0.017548,4.9353
0.014038,0.0177,4.9316
0.01236,0.013275,4.9316
0.015106,0.0093079,4.928
0.019531,0.0030518,4.9316
0.024109,-0.0065613,4.9316
0.027008,-0.0082397,4.9329
0.028839,-0.0048828,0.05249
0.03006,-0.0028992,0.065918
0.032959,-0.00076294,0.064697
0.033417,-0.0010681,0.068359
0.030975,-0.0030518,0.065918
0.026245,-0.0064087,0.067139
0.020905,-0.0065613,0.070801
0.014496,-0.0080872,0.061035
0.0065613,-0.011139,0.064697
-0.0019836,-0.00061035,0.05249
-0.0039673,0.0035095,0.043945
-0.0027466,0.0083923,0.047607
0.0050354,0.01236,0.048828
0.013123,0.014038,0.046387
0.019531,0.01709,0.048828
0.023804,0.016785,0.047607
0.024719,0.012665,0.043945
0.028076,0.0057983,0.045166
0.029907,-0.0019836,0.045166
0.031433,-0.0061035,0.037842
0.029449,-0.005188,0.043945
0.024109,0.0010681,0.042725
0.019379,0.0088501,0.040283
0.019531,0.0177,0.040283
0.022736,0.027466,0.041504
0.026093,0.033875,0.040283
0.030975,0.037079,0.037842
0.033112,0.039215,0.037842
0.032959,0.037079,0.037842
0.029755,0.031891,0.030518
0.025635,0.023193,0.039063
0.019226,0.014954,0.042725
0.013733,0.007782,0.042725
0.011597,0.0033569,0.042725
0.0097656,0.0021362,0.048828
0.0085449,-0.002594,0.05127
0.0064087,-0.0024414,0.05127
0.0045776,-0.0045776,0.056152
0.0038147,-0.0082397,0.054932
0.0050354,-0.010529,0.061035
0.0076294,-0.016479,0.057373
0.0094604,-0.022736,0.063477
0.01236,-0.031586,0.072021
0.014191,-0.037537,0.067139
0.01709,-0.042267,0.067139
0.018311,-0.043793,0.063477
0.018616,-0.038605,0.045166
0.020294,-0.033417,0.058594
0.020905,-0.025482,0.061035
0.023499,-0.020905,0.065918
0.023041,-0.018616,0.065918
0.023041,-0.015259,0.064697
0.022888,-0.011139,0.064697
0.024414,-0.0062561,0.061035
0.030365,-0.00045776,0.064697
0.038757,0.0039673,0.056152
0.046844,0.0056458,0.061035
0.05188,0.0032043,0.056152
0.054779,0.0042725,0.05249
0.053864,0.010223,0.057373
0.052032,0.01709,0.047607
0.048218,0.026855,0.053711
0.044861,0.029907,0.048828
0.041656,0.028229,0.050049
0.037537,0.023346,0.045166
0.03418,0.015869,0.05127
0.030212,0.011749,0.043945
0.026398,0.010834,0.040283
0.022583,0.014038,0.039063
0.018158,0.0177,0.039063
0.016937,0.020752,0.036621
0.014191,0.022278,0.041504
0.012817,0.020447,0.036621
0.012207,0.02121,0.041504
0.015411,0.023346,0.039063
0.018463,0.024872,0.039063
0.020752,0.025177,0.039063
0.021515,0.02121,4.104
0.021973,0.016479,4.8694
0.021515,0.010223,4.906
0.019684,0.004425,4.9207
0.017242,0.00076294,4.917
0.014038,-0.0033569,4.9097
0.010376,-0.005188,4.9219
0.0071716,-0.0061035,4.9194
0.0053406,-0.0053406,4.9243
0.0057983,-0.0057983,4.9268
0.0093079,-0.0067139,4.9255
0.01236,-0.0076294,4.9292
0.018768,-0.0088501,4.928
0.023804,-0.010223,4.9329
0.029602,-0.0094604,4.9329
0.031891,-0.0073242,4.9304
0.033112,-0.0045776,4.9304
0.032196,-0.0032043,4.9353
0.029144,-0.004425,4.9304
0.027771,0.00091553,4.9353
0.025482,0.0038147,4.9451
0.022583,0.0057983,4.939
0.027161,0.0050354,4.9463
0.030212,0.0030518,4.9377
0.030975,0.00076294,4.9194
0.030975,-0.0015259,4.9329
0.030975,-0.0013733,4.9292
0.029602,0.00030518,4.928
0.028229,-0.00045776,4.9243
0.025482,-0.00076294,4.9207
0.021515,-0.00076294,4.9146
0.015411,-0.00091553,4.9207
0.012817,-0.0015259,4.9207
0.009613,-0.0015259,4.9158
0.0091553,0.0010681,4.917
0.0094604,0.0024414,4.9121
0.0088501,0.002594,4.9194
0.013123,0.00015259,4.9207
0.014343,-0.0033569,4.9121
0.015106,-0.0085449,4.9097
0.016479,-0.010529,4.9121
0.019073,-0.010681,4.9011
0.020447,-0.010376,4.9084
0.024719,-0.0093079,4.9097
0.027771,-0.0099182,4.9072
0.028839,-0.011292,4.9097
0.028534,-0.011139,4.9072
0.027924,-0.010834,4.9109
0.025787,-0.0085449,4.9097
0.027313,-0.0064087,4.9109
0.027161,-0.004425,4.9097
0.025177,-0.0027466,4.9146
0.024414,-0.0027466,4.9158
0.023651,-0.00061035,4.9194
0.023041,-0.00030518,4.9158
0.024567,-0.00076294,4.9255
0.028076,0,4.9255
0.029144,0.0013733,4.9341
0.031281,0.0016785,4.9402
0.031891,0.00045776,4.9304
0.031891,-0.0032043,4.9207
0.029449,-0.0062561,4.9304
0.027771,-0.0094604,4.9316
0.02243,-0.010834,4.928
0.018005,-0.0090027,4.9304
0.014496,-0.0074768,4.9292
0.011597,-0.0036621,4.9304
0.0093079,-0.00030518,4.9353
0.0093079,0.0038147,4.9377
0.0083923,0.0073242,4.9329
0.010834,0.013885,4.939
0.013733,0.020294,4.9353
0.016632,0.024872,4.9377
0.020599,0.027161,4.9426
0.021667,0.025177,0.061035
0.021667,0.02243,0.058594
0.019684,0.018158,0.056152
0.0177,0.014648,0.05127
0.016937,0.010376,0.05249
0.015106,0.0047302,0.048828
0.013733,-0.002594,0.046387
0.013123,-0.0048828,0.047607
0.01297,-0.014038,0.048828
0.014191,-0.017548,0.042725
0.015717,-0.018158,0.03418
0.021057,-0.017395,0.046387
0.026093,-0.01358,0.039063
0.03006,-0.012665,0.041504
0.035553,-0.014038,0.046387
0.037994,-0.01358,0.042725
0.038757,-0.014954,0.037842
0.039215,-0.014648,0.041504
0.038605,-0.01358,0.05249
0.039063,-0.010986,0.039063
0.038452,-0.010223,0.048828
0.037842,-0.0091553,0.039063
0.036469,-0.009613,0.028076
0.03479,-0.0094604,0.036621
0.033417,-0.0086975,0.041504
0.032349,-0.0085449,0.042725
0.030365,-0.0073242,0.046387
0.027924,-0.0071716,0.043945
0.025024,-0.007019,0.05249
0.022583,-0.0074768,0.05249
0.021515,-0.0057983,0.056152
0.02121,-0.0028992,0.047607
0.021667,-0.00091553,0.061035
0.025482,0.0038147,0.061035
0.029907,0.0065613,0.062256
0.034027,0.0099182,0.078125
0.037384,0.011902,0.061035
0.040436,0.011902,0.061035
0.038757,0.012817,0.064697
0.037994,0.011749,0.062256
0.037842,0.0094604,0.058594
0.036163,0.0057983,0.057373
0.034637,0.0015259,0.061035
0.032043,-0.002594,0.063477
0.029755,-0.0080872,0.062256
0.027771,-0.009613,0.067139
0.02655,-0.011292,0.063477
0.02533,-0.011444,0.062256
0.024872,-0.010529,0.059814
0.024109,-0.0083923,0.061035
0.023956,-0.0073242,0.056152
0.020294,-0.0050354,0.059814
0.019989,-0.004425,0.040283
0.016327,-0.005188,0.05127
0.014954,-0.0056458,0.058594
0.013275,-0.0053406,0.050049
0.013733,-0.0039673,0.058594
0.015411,-0.00061035,0.046387
0.0177,0.0042725,0.037842
0.018158,0.0085449,0.045166
0.023499,0.0090027,0.042725
0.02533,0.0085449,0.039063
0.027161,0.0054932,0.042725
0.027924,0.0022888,0.039063
0.026093,0,0.039063
0.023041,-0.00030518,0.037842
0.019226,-0.0019836,0.039063
0.013733,-0.0035095,0.039063
0.0099182,-0.0068665,0.041504
0.0086975,-0.010529,0.041504
0.010071,-0.010834,0.039063
0.014038,-0.0093079,0.043945
0.01709,-0.0039673,0.042725
0.020294,0.0013733,0.041504
0.021667,0.0041199,0.041504
0.022125,0.0057983,0.047607
0.02182,0.0028992,2.0813
0.020294,-0.0013733,4.7498
0.018616,-0.0042725,4.9072
0.016785,-0.0064087,4.9194
0.014038,-0.0067139,4.9268
0.011902,-0.0071716,4.9255
0.010986,-0.0068665,4.9268
0.011292,-0.0065613,4.9341
0.013885,-0.0076294,4.9292
0.016022,-0.0079346,4.9316
0.018616,-0.007019,4.928
0.019531,-0.0068665,4.9329
0.020294,-0.0053406,4.9255
0.022278,-0.005188,4.9304
0.024872,-0.0047302,4.9475
0.026703,-0.0036621,4.9353
0.028839,-0.002594,4.939
0.03006,-0.00091553,4.9377
0.030975,0.00015259,4.9194
0.030975,-0.00015259,4.9207
0.029602,-0.0028992,4.9329
0.030365,-0.0054932,4.9304
0.028534,-0.0082397,4.928
0.02655,-0.011597,4.9231
0.024261,-0.011902,4.9268
0.023193,-0.012665,4.9219
0.022125,-0.013885,4.9207
0.020142,-0.015869,4.9182
0.017395,-0.015869,4.917
0.014038,-0.014496,4.9158
0.010681,-0.011292,4.9182
0.0086975,-0.0080872,4.9158
0.0086975,-0.0061035,4.9158
0.012207,-0.0057983,4.9146
0.015411,-0.0064087,4.9109
0.018768,-0.0065613,4.9146
0.021515,-0.005188,4.9084
0.024414,-0.0038147,4.8926
0.02594,-0.0039673,4.9121
0.026703,-0.0059509,4.9097
0.027008,-0.0080872,4.8901
0.024872,-0.011444,4.9109
0.023499,-0.012207,4.9084
0.020447,-0.012512,4.9084
0.017548,-0.010376,4.9084
0.015411,-0.0088501,4.9194
0.014954,-0.0053406,4.9109
0.016174,-0.00076294,4.9219
0.0177,0.0061035,4.9194
0.018768,0.010986,4.9243
0.020294,0.020905,4.9353
0.018158,0.024109,4.9292
0.016937,0.025177,4.9329
0.017242,0.023651,4.9292
0.017242,0.02121,4.9231
0.018311,0.019531,4.9292
0.018768,0.018311,4.9304
0.0177,0.016479,4.9316
0.015259,0.014191,4.9292
0.011292,0.0099182,4.9304
0.011444,0.004425,4.9316
0.011902,0.00061035,4.9268
0.011444,-0.0016785,4.9377
0.010681,-0.0028992,4.9316
0.009613,-0.002594,4.9353
0.0067139,-0.0042725,4.939
0.0033569,-0.0050354,4.9341
0.00076294,-0.0074768,4.9341
0.0010681,-0.0091553,4.9353
-0.00030518,-0.0094604,4.9353
-0.00030518,-0.007782,4.928
0,-0.0028992,4.9353
0.002594,-0.0035095,4.9329
0.0038147,-0.00015259,4.9243
0.0067139,0.0059509,0.048828
0.011902,0.0071716,0.048828
0.018311,0.011902,0.046387
0.023651,0.017395,0.046387
0.028687,0.020905,0.040283
0.032806,0.020599,0.046387
0.035248,0.020294,0.042725
0.041199,0.016937,0.041504
0.041656,0.016327,0.042725
0.044403,0.015717,0.043945
0.046234,0.015411,0.036621
0.046387,0.015259,0.042725
0.044861,0.013885,0.054932
0.038757,0.0085449,0.039063
0.031586,0.0042725,0.043945
0.025024,0.0019836,0.041504
0.021515,0.0035095,0.021973
0.018311,0.007782,0.039063
0.01709,0.011444,0.040283
0.014648,0.014038,0.042725
0.013428,0.016327,0.047607
0.011749,0.012665,0.043945
0.012665,0.0088501,0.05127
0.013428,0.0048828,0.050049
0.015564,-0.00061035,0.053711
0.016937,-0.0048828,0.053711
0.016327,-0.0082397,0.059814
0.015106,-0.011292,0.061035
0.012817,-0.01358,0.063477
0.010376,-0.014191,0.06958
0.0099182,-0.012512,0.057373
0.010376,-0.011139,0.057373
0.01358,-0.0073242,0.062256
0.018463,-0.0056458,0.075684
0.022125,-0.0059509,0.059814
0.027313,-0.0083923,0.056152
0.029144,-0.011139,0.065918
0.033569,-0.012512,0.063477
0.037842,-0.012512,0.064697
0.041199,-0.011292,0.065918
0.04364,-0.0094604,0.062256
0.044098,-0.0062561,0.062256
0.042267,-0.010376,0.061035
0.040436,-0.011444,0.061035
0.039368,-0.015259,0.053711
0.036774,-0.016937,0.056152
0.036163,-0.019226,0.05249
0.035095,-0.019073,0.054932
0.034943,-0.018463,0.057373
0.032959,-0.017395,0.05127
0.033417,-0.016632,0.050049
0.031281,-0.016174,0.042725
0.032349,-0.015259,0.032959
0.032349,-0.011749,0.042725
0.033417,-0.0067139,0.041504
0.032959,-0.00061035,0.039063
0.033417,0.0042725,0.037842
0.026093,0.010223,0.039063
0.022888,0.0091553,0.037842
0.021057,0.0091553,0.039063
0.019836,0.0086975,0.041504
0.021362,0.0091553,0.037842
0.021973,0.011902,0.040283
0.022583,0.016327,0.041504
0.023193,0.018768,0.042725
0.022583,0.019989,0.037842
0.024261,0.018005,0.043945
0.027466,0.015259,0.05127
0.027924,0.010986,0.043945
0.028381,0.0086975,0.056152
0.029144,0.0079346,0.047607
0.026703,0.01297,0.039063
0.025024,0.009613,0.05127
0.024719,0.0088501,0.05127
0.024567,0.0065613,0.056152
0.02533,0.0039673,0.059814
0.024872,0.00091553,0.058594
0.025177,-0.00091553,4.137
0.022888,-0.0024414,4.8816
0.019073,-0.0038147,4.928
0.016174,-0.005188,4.9243
0.013733,-0.0048828,4.9341
0.016632,-0.005188,4.9292
0.014191,-0.0041199,4.928
0.014648,-0.0039673,4.9414
0.014343,-0.0016785,4.9353
0.011139,0.0013733,4.9329
0.011292,0.0018311,4.9365
0.010071,0.0038147,4.939
0.011292,0.0047302,4.9329
0.01358,0.0045776,4.9255
0.016785,0.0050354,4.9304
0.019379,0.0061035,4.9292
0.022125,0.0071716,4.9255
0.024872,0.0088501,4.9231
0.028687,0.0093079,4.9207
0.033264,0.010529,4.9207
0.037689,0.0099182,4.9133
0.040741,0.010071,4.9207
0.041199,0.010223,4.9048
0.03952,0.010071,4.9194
0.036774,0.0099182,4.9158
0.033875,0.0094604,4.917
0.033264,0.0094604,4.9243
0.033264,0.007019,4.9133
0.033875,0.0050354,4.9255
0.033875,0.00076294,4.9109
0.031281,-0.0030518,4.9011
0.027161,-0.0054932,4.9109
0.022736,-0.0073242,4.9109
0.017395,-0.0073242,4.9084
0.013275,-0.0082397,4.9097
0.010681,-0.0094604,4.9084
0.0093079,-0.010529,4.9084
0.0074768,-0.010071,4.9084
0.007019,-0.0080872,4.9194
0.0074768,-0.0068665,4.9109
0.0080872,-0.0079346,4.9207
0.011749,-0.0097656,4.9194
0.016937,-0.013428,4.9231
0.020599,-0.016632,4.9255
0.024109,-0.019989,4.9207
0.023956,-0.019989,4.9255
0.023956,-0.016785,4.9292
0.023956,-0.013885,4.9377
0.023956,-0.010834,4.9329
0.027313,-0.007782,4.9109
0.030518,-0.0064087,4.9292
0.034637,-0.0042725,4.9292
0.037537,-0.0013733,4.9292
0.040131,0.0030518,4.9304
0.042267,0.007019,4.9316
0.042419,0.009613,4.9377
0.043945,0.012512,4.9329
0.044556,0.01358,4.9377
0.046082,0.015259,4.9341
0.04303,0.017395,4.9365
0.040283,0.019226,4.9304
0.035553,0.020294,4.9365
0.032501,0.018616,4.9451
0.028992,0.015411,4.9304
0.027618,0.012665,4.9304
0.027008,0.010376,4.9243
0.026398,0.010529,4.9048
0.025177,0.011139,4.9158
0.022888,0.010529,4.9243
0.020142,0.0097656,4.9207
0.018311,0.007019,4.917
0.0177,0.0047302,4.9133
0.018158,0.0021362,4.9158
0.018158,0.0012207,0.042725
0.017395,-0.0012207,0.040283
0.013885,-0.0024414,0.037842
0.010529,-0.004425,0.043945
0.0068665,-0.0059509,0.037842
0.0056458,-0.0065613,0.045166
0.0047302,-0.0067139,0.042725
0.005188,-0.0071716,0.041504
0.0053406,-0.0050354,0.036621
0.00076294,-0.0062561,0.041504
0.0039673,-0.0045776,0.0354
0.0028992,-0.0047302,0.037842
0.0038147,-0.0038147,0.047607
0.0059509,-0.0016785,0.039063
0.0097656,0.00061035,0.045166
0.014648,0.00015259,0.043945
0.0177,-0.0013733,0.050049
0.020599,-0.0032043,0.048828
0.021057,-0.0022888,0.053711
0.020599,-0.0016785,0.053711
0.025177,0.0028992,0.059814
0.028534,0.0050354,0.053711
0.032349,0.0057983,0.062256
0.031586,0.0030518,0.062256
0.028992,-0.00091553,0.063477
0.025482,-0.0024414,0.06958
0.02121,-0.0028992,0.062256
0.018921,-0.0015259,0.070801
0.018768,0.0013733,0.061035
0.020599,0.0048828,0.05127
0.022583,0.0036621,0.065918
0.022888,0.00061035,0.065918
0.021667,0.0068665,0.062256
0.018768,0.010071,0.068359
0.017242,0.011749,0.063477
0.015869,0.011444,0.064697
0.015564,0.0097656,0.062256
0.014496,0.0057983,0.063477
0.014496,0.0022888,0.054932
0.013275,-0.00015259,0.057373
0.012207,-0.0016785,0.053711
0.011139,-0.0030518,0.054932
0.01358,-0.0042725,0.05127
0.016174,-0.0053406,0.05127
0.025635,-0.0062561,0.050049
0.022888,-0.0045776,0.047607
0.024872,-0.0045776,0.047607
0.024719,-0.00015259,0.045166
0.024109,0.002594,0.045166
0.023651,0.0038147,0.037842
0.023804,0.0045776,0.042725
0.024872,0.002594,0.039063
0.026398,0.0056458,0.039063
0.027618,0.0071716,0.037842
0.027313,0.0076294,0.041504
0.026398,0.0086975,0.036621
0.024719,0.0076294,0.040283
0.024261,0.0064087,0.040283
0.025635,0.005188,0.039063
0.025787,0.0041199,0.039063
0.026093,0.0016785,0.041504
0.025787,0.00076294,0.056152
0.021973,-0.00015259,0.041504
0.019379,-0.0013733,0.05249
0.018158,-0.00091553,0.048828
0.019836,-0.00091553,0.036621
0.016174,0.00030518,0.05249
0.02182,0.0016785,0.05249
0.021362,0.0061035,0.061035
0.019836,0.0045776,0.058594
0.018616,0.007019,0.056152
0.018463,0.0090027,0.062256
0.020294,0.0099182,0.059814
0.022736,0.011597,0.061035
0.023193,0.010986,0.059814
0.023346,0.0094604,0.063477
0.023804,0.0071716,0.059814
0.023346,0.007782,0.064697
0.024414,0.007782,4.6082
0.026093,0.007782,4.9255
0.029602,0.0071716,4.9341
0.031281,0.0038147,4.9365
0.031891,0.00045776,4.95
0.028839,-0.0030518,4.9304
0.028534,-0.0065613,4.9219
0.026093,-0.007019,4.9292
0.024872,-0.0074768,4.9255
0.02533,-0.0080872,4.9255
0.026855,-0.0088501,4.9255
0.029449,-0.0091553,4.9255
0.030975,-0.0097656,4.9207
0.029144,-0.0094604,4.9158
0.030365,-0.0074768,4.9207
0.030823,-0.0054932,4.917
0.033569,-0.0021362,4.917
0.036316,-0.0010681,4.917
0.038147,-0.0016785,4.917
0.03891,-0.0030518,4.9182
0.037537,-0.0054932,4.9133
0.034027,-0.0062561,4.9109
0.03067,-0.0039673,4.9084
0.028992,-0.0013733,4.8999
0.028229,0.0013733,4.9133
0.028229,0.0041199,4.9097
0.026398,0.0035095,4.9072
0.026093,0.0024414,4.9084
0.026855,0.00015259,4.9097
0.026398,-0.00015259,4.9109
0.028076,0.0024414,4.9072
0.029907,0.0033569,4.9121
0.031891,0.0045776,4.9146
0.031738,0.0036621,4.9194
0.032959,0.0012207,4.9194
0.032959,-0.0018311,4.9231
0.031586,-0.0024414,4.9194
0.029602,-0.0015259,4.9255
0.027313,-0.00045776,4.928
0.025024,0.00061035,4.9292
0.024719,-0.00091553,4.9414
0.023956,-0.0039673,4.9304
0.024261,-0.0065613,4.9146
0.02243,-0.0076294,4.9292
0.019684,-0.0068665,4.9316
0.017242,-0.0059509,4.9316
0.015869,-0.0061035,4.9292
0.016022,-0.0064087,4.9304
0.016785,-0.0068665,4.9353
0.016022,-0.0061035,4.9353
0.015717,-0.0038147,4.9377
0.015106,-0.0012207,4.9304
0.015564,0.00091553,4.939
0.015717,0.00076294,4.9329
0.01709,-0.00030518,4.9353
0.019379,-0.0010681,4.9426
0.021667,-0.0036621,4.9341
0.02243,-0.004425,4.9243
0.022278,-0.0035095,4.9255
0.022125,-0.0021362,4.9158
0.021515,-0.0010681,4.9194
0.021362,-0.00015259,4.9207
0.021362,0.0016785,4.9207
0.02182,0.002594,4.917
0.023651,0.00091553,4.9158
0.023956,0.0013733,4.9158
0.025482,0.0015259,4.9146
0.027161,0.0045776,4.9146
0.028839,0.0047302,4.9084
0.031891,0.0057983,4.9146
0.032806,0.0041199,4.9109
0.032654,0.00061035,4.9121
0.03067,-0.0036621,0.040283
0.027924,-0.0067139,0.041504
0.026398,-0.007019,0.046387
0.025024,-0.0047302,0.042725
0.024567,-0.0028992,0.05127
0.023804,-0.0024414,0.037842
0.024109,-0.0048828,0.031738
0.024414,-0.0082397,0.042725
0.02533,-0.0097656,0.042725
0.027008,-0.012054,0.045166
0.028534,-0.009613,0.048828
0.030212,-0.0064087,0.050049
0.031281,-0.004425,0.053711
0.032654,-0.0035095,0.054932
0.032349,-0.0050354,0.061035
0.032501,-0.0032043,0.054932
0.032654,-0.0013733,0.061035
0.034027,-0.00030518,0.062256
0.036163,0.0035095,0.064697
0.038452,0.0061035,0.073242
0.040436,0.0065613,0.061035
0.039215,0.0059509,0.063477
0.03952,0.0042725,0.061035
0.037689,0.0033569,0.064697
0.036774,0.0028992,0.063477
0.033722,0.0038147,0.062256
0.030365,0.0057983,0.064697
0.025787,0.0076294,0.065918
0.02121,0.0082397,0.063477
0.018005,0.0080872,0.064697
0.017395,0.0056458,0.063477
0.016785,0.002594,0.061035
0.017853,0.0027466,0.054932
0.020447,0.0028992,0.056152
0.021515,0.0036621,0.056152
0.022278,0.0021362,0.054932
0.022278,-0.00045776,0.047607
0.021362,-0.0039673,0.05127
0.021515,-0.0071716,0.058594
0.020142,-0.0071716,0.047607
0.017548,-0.0042725,0.057373
0.013428,-0.0019836,0.043945
0.010223,-0.00045776,0.037842
0.0079346,-0.0012207,0.040283
0.0074768,-0.0019836,0.042725
0.0090027,-0.0024414,0.037842
0.0099182,-0.00045776,0.041504
0.010681,0.0018311,0.0354
0.011139,0.0041199,0.040283
0.01297,0.0054932,0.03418
0.01297,0.0050354,0.040283
0.01297,0.0033569,0.039063
0.01236,0.0028992,0.042725
0.011292,0.0035095,0.040283
0.0097656,0.0053406,0.041504
0.0088501,0.0099182,0.053711
0.0088501,0.013275,0.040283
0.0097656,0.016632,0.046387
0.011597,0.017853,0.046387
0.014648,0.016632,0.042725
0.019684,0.012817,0.048828
0.018463,0.0093079,0.0354
0.019989,0.0082397,0.054932
0.019684,0.0074768,0.054932
0.018311,0.0086975,0.059814
0.016022,0.0085449,0.059814
0.013123,0.0071716,0.059814
0.010986,0.004425,0.062256
0.010071,0.0028992,0.058594
0.007782,0.0036621,0.063477
0.010834,0.0067139,0.057373
0.0094604,0.011292,0.062256
0.013275,0.016327,0.064697
0.01709,0.018463,0.064697
0.019531,0.01709,0.072021
0.021515,0.013733,0.064697
0.019073,0.011139,0.075684
0.018768,0.0083923,0.064697
0.017242,0.0082397,4.3164
0.016327,0.0094604,4.8914
0.015564,0.010376,4.9255
0.014954,0.010223,4.9231
0.015106,0.009613,4.9329
0.015106,0.010376,4.9255
0.015411,0.0074768,4.9219
0.016022,0.0071716,4.9182
0.017853,0.0068665,4.9207
0.019379,0.0059509,4.9146
0.018768,0.0056458,4.9158
0.017853,0.004425,4.9109
0.013733,0.0035095,4.9207
0.01297,0.0030518,4.9109
0.0093079,0.0016785,4.9133
0.0093079,0.0027466,4.9109
0.0097656,0.0027466,4.9146
0.010834,0.0030518,4.9048
0.011139,0.002594,4.9109
0.011444,0.0028992,4.9048
0.01358,0.0028992,4.9072
0.011597,0.0022888,4.9133
0.012054,-0.0010681,4.9084
0.012817,-0.00030518,4.9084
0.013885,-0.0022888,4.9048
0.015259,-0.0036621,4.9109
0.016632,-0.0045776,4.9146
0.016327,-0.0038147,4.9158
0.017242,-0.0018311,4.9158
0.018921,-0.00030518,4.9207
0.019379,-0.00076294,4.9194
0.02121,-0.0028992,4.9255
0.023193,-0.005188,4.939
0.024719,-0.0074768,4.9292
0.02533,-0.010834,4.9292
0.026245,-0.0080872,4.9316
0.026093,-0.0056458,4.9207
0.02655,-0.0036621,4.9304
0.026703,-0.0015259,4.9292
0.024872,-0.0010681,4.9292
0.024719,-0.0015259,4.9292
0.023956,-0.0019836,4.9304
0.022583,-0.0016785,4.9329
0.023041,0.00061035,4.9353
0.023499,0.0015259,4.9353
0.024414,0.0021362,4.9304
0.025635,0.0016785,4.939
0.026093,0.0021362,4.9353
0.028381,0.0022888,4.9353
0.029755,0.0033569,4.9377
0.03006,0.00045776,4.9341
0.030975,-0.0015259,4.9304
0.03067,-0.004425,4.9292
0.031586,-0.0068665,4.9341
0.03067,-0.0076294,4.9207
0.031128,-0.0080872,4.9036
0.031281,-0.007019,4.917
0.030823,-0.004425,4.9158
0.031738,-0.0028992,4.9194
0.030365,-0.0010681,4.9207
0.033264,-0.0010681,4.9146
0.033264,-0.0024414,4.9146
0.031738,-0.0018311,4.9084
0.029907,-0.0013733,4.9133
0.028687,0.00030518,4.9097
0.027313,0.0027466,4.9097
0.027466,0.0041199,4.9121
0.028534,0.0039673,4.9109
0.030975,0.0035095,4.9194
0.030975,0.0033569,4.9133
0.032043,0.0027466,4.9219
0.032043,0.0038147,4.8962
0.033112,0.0047302,0.030518
0.03479,0.0054932,0.041504
0.034485,0.0054932,0.042725
0.033264,0.0039673,0.041504
0.031586,0.0030518,0.048828
0.028839,0.0018311,0.045166
0.027466,-0.00015259,0.05127
0.025482,0.00045776,0.053711
0.026093,0.00091553,0.059814
0.026398,0.0039673,0.053711
0.026398,0.0015259,0.062256
0.026703,0.00061035,0.057373
0.026703,-0.0021362,0.065918
0.027924,-0.0032043,0.063477
0.027466,-0.0039673,0.063477
0.027313,-0.0041199,0.063477
0.02655,-0.0032043,0.061035
0.023956,-0.0027466,0.06958
0.021362,-0.0028992,0.067139
0.019684,-0.0050354,0.053711
0.017242,-0.0059509,0.062256
0.018005,-0.0059509,0.064697
0.019073,-0.0053406,0.065918
0.020599,-0.0032043,0.065918
0.022125,-0.0024414,0.058594
0.022583,-0.00061035,0.062256
0.025177,0.0010681,0.058594
0.026245,0.0015259,0.059814
0.027618,0.0021362,0.054932
0.028534,0.0013733,0.056152
0.027924,0.004425,0.050049
0.028687,0.005188,0.05127
0.027618,0.0061035,0.059814
0.028076,0.0053406,0.050049
0.028229,0.0047302,0.045166
0.028381,0.0039673,0.045166
0.027771,0.0032043,0.025635
0.026855,0.0030518,0.043945
0.024719,0.0033569,0.043945
0.022736,0.0032043,0.039063
0.02182,0.0018311,0.040283
0.02182,0.00015259,0.037842
0.02121,-0.0022888,0.041504
0.020905,-0.0045776,0.039063
0.022125,-0.0061035,0.039063
0.023804,-0.0076294,0.036621
0.024109,-0.0079346,0.042725
0.023346,-0.0076294,0.028076
0.022278,-0.007019,0.040283
0.021515,-0.0030518,0.040283
0.02182,-0.0015259,0.043945
0.022278,0.00076294,0.047607
0.023193,0.0022888,0.046387
0.023804,0.0033569,0.058594
0.02533,0.0056458,0.05127
0.027313,0.0047302,0.045166
0.030823,0.0047302,0.05249
0.033417,0.0059509,0.057373
0.036316,0.0050354,0.056152
0.037537,0.0067139,0.059814
0.037689,0.007019,0.053711
0.036774,0.0065613,0.057373
0.034485,0.0061035,0.059814
0.032043,0.0071716,0.065918
0.028076,0.0093079,0.059814
0.024719,0.010834,0.059814
0.020752,0.01236,0.062256
0.0177,0.013275,0.064697
0.015717,0.012665,0.070801
0.015411,0.012054,0.065918
0.015259,0.010529,0.065918
0.016174,0.0097656,0.068359
0.01709,0.007782,0.068359
0.018158,0.0056458,0.063477
0.016785,0.0042725,0.061035
0.01709,0.0028992,0.059814
0.014496,0.0012207,0.054932
0.010376,-0.0013733,0.05249
0.0047302,-0.0035095,4.0088
0.00076294,-0.0064087,4.8621
-0.0021362,-0.0099182,4.9146
-0.0024414,-0.0067139,4.9048
-0.0021362,-0.0062561,4.9207
-0.0010681,-0.0047302,4.9158
0.0036621,-0.0018311,4.9158
0.0053406,0.00015259,4.9109
0.0094604,0.0033569,4.9207
0.013733,0.0064087,4.9255
0.016174,0.0093079,4.9133
0.015411,0.010376,4.9194
0.015411,0.010986,4.9121
0.012054,0.0059509,4.8962
0.010529,0.0028992,4.9084
0.010529,0.0013733,4.9084
0.011597,0.0016785,4.9097
0.010071,0.0022888,4.9097
0.012054,0.00045776,4.906
0.013123,0.0015259,4.9109
0.012665,0.0012207,4.9121
0.011139,0.0021362,4.9158
0.014496,0.0039673,4.9133
0.015717,0.0068665,4.9194
0.016327,0.010071,4.9219
0.015869,0.0094604,4.9158
0.015106,0.0090027,4.9316
0.015106,0.0073242,4.9268
0.014496,0.0054932,4.9268
0.015411,0.0050354,4.9316
0.017548,0.0073242,4.9377
0.019379,0.009613,4.9268
0.020294,0.011292,4.9182
0.019989,0.012207,4.9316
0.019836,0.012207,4.9292
0.019684,0.011444,4.928
0.02121,0.011444,4.9377
0.019836,0.011749,4.9341
0.019226,0.013123,4.9353
0.014954,0.01358,4.9329
0.018768,0.012817,4.939
0.018921,0.0067139,4.9255
0.020142,0.010986,4.9353
0.020905,0.011902,4.9329
0.019989,0.012054,4.9341
0.019836,0.012207,4.9402
0.018768,0.010681,4.9207
0.016174,0.0082397,4.9304
0.012817,0.0073242,4.9219
0.0090027,0.004425,4.9097
0.0053406,0.0012207,4.9207
0.0035095,0.0012207,4.9011
0.0013733,0.00015259,4.9133
0.004425,-0.00015259,4.917
0.00076294,-0.00015259,4.9133
0.00091553,0.00061035,4.9146
0.0035095,0.0024414,4.9133
0.0030518,0.0042725,4.9133
0.0059509,0.004425,4.906
0.010223,0.0021362,4.9121
0.0079346,-0.00015259,4.9121
0.0094604,-0.0013733,4.9097
0.011444,-0.0018311,4.9109
0.011902,0.0010681,4.9133
0.014496,0.0024414,4.9097
0.016022,0.0012207,4.9109
0.017853,0.00076294,4.9121
0.020447,-0.00091553,4.906
0.019531,-0.0045776,4.9072
0.02121,-0.0048828,4.9133
0.022583,-0.002594,4.9097
0.024567,-0.00091553,0.042725
0.027161,0.00045776,0.048828
0.028992,-0.00045776,0.050049
0.030365,-0.0032043,0.054932
0.03006,-0.0045776,0.053711
0.029755,-0.002594,0.061035
0.028992,-0.0057983,0.058594
0.028839,-0.0054932,0.061035
0.027924,-0.0056458,0.059814
0.027771,-0.0068665,0.064697
0.027466,-0.0094604,0.075684
0.02594,-0.0099182,0.058594
0.023804,-0.010681,0.062256
0.023193,-0.0099182,0.064697
0.023651,-0.0093079,0.047607
0.024414,-0.007782,0.062256
0.027313,-0.0064087,0.065918
0.029449,-0.0068665,0.068359
0.032501,-0.0071716,0.064697
0.033569,-0.0074768,0.062256
0.030518,-0.0086975,0.065918
0.033264,-0.0091553,0.061035
0.032806,-0.0097656,0.059814
0.032043,-0.009613,0.056152
0.032349,-0.0093079,0.058594
0.033722,-0.011444,0.054932
0.030975,-0.011902,0.05127
0.029144,-0.011749,0.053711
0.026855,-0.010834,0.047607
0.029297,-0.0073242,0.05249
0.030823,-0.0050354,0.047607
0.032959,-0.0028992,0.05249
0.033722,-0.00015259,0.042725
0.032959,-0.0027466,0.025635
0.028229,-0.0028992,0.041504
0.028687,-0.002594,0.039063
0.027618,-0.002594,0.037842
0.02655,-0.0032043,0.040283
0.026855,-0.0038147,0.0354
0.026855,-0.0050354,0.042725
0.026398,-0.0061035,0.0354
0.025177,-0.0062561,0.042725
0.024109,-0.0068665,0.037842
0.022583,-0.0061035,0.041504
0.023041,-0.0053406,0.037842
0.02243,-0.0035095,0.042725
0.023346,-0.0018311,0.05249
0.023346,-0.0010681,0.046387
0.024261,-0.0018311,0.056152
0.024414,-0.0019836,0.050049
0.023193,-0.0050354,0.041504
0.024414,-0.0045776,0.050049
0.024872,-0.0024414,0.053711
0.027466,-0.00045776,0.054932
0.028381,0.0010681,0.061035
0.026398,0.00045776,0.057373
0.025024,-0.0030518,0.062256
0.023499,-0.0062561,0.058594
0.024261,-0.007782,0.064697
0.026245,-0.007019,0.061035
0.027008,-0.0042725,0.061035
0.027466,-0.0022888,0.065918
0.024261,-0.0024414,0.064697
0.022888,-0.0041199,0.064697
0.020599,-0.0059509,0.064697
0.020905,-0.0065613,0.06958
0.021973,-0.0042725,0.065918
0.022888,0.00015259,0.075684
0.024109,0.0062561,0.064697
0.025482,0.0091553,0.05249
0.025787,0.010834,0.059814
0.026398,0.0079346,0.056152
0.028534,0.0039673,0.053711
0.029755,0.0028992,0.05249
0.030365,0.0042725,0.048828
0.030212,0.0057983,0.048828
0.028839,0.0071716,0.05127
0.027008,0.0059509,0.046387
0.026398,0.0022888,0.074463
0.02594,-0.0010681,4.6204
0.026245,-0.0030518,4.895
0.026245,-0.0032043,4.9097
0.027008,-0.0022888,4.917
0.02594,-0.0010681,4.9121
0.024261,-0.0010681,4.906
0.02182,-0.002594,4.9097
0.020142,-0.0047302,4.8926
0.018921,-0.0042725,4.9072
0.019836,-0.0018311,4.9109
0.021057,0.0019836,4.9121
0.023193,0.0065613,4.9097
0.02533,0.0094604,4.9072
0.027618,0.010223,4.9048
0.029144,0.0080872,4.9097
0.030823,0.0085449,4.9121
0.033722,0.0080872,4.9109
0.035095,0.010376,4.9207
0.0354,0.012054,4.9219
0.033112,0.011902,4.9231
0.028381,0.0091553,4.9207
0.024719,0.0048828,4.9219
0.021515,0.0028992,4.9304
0.019989,0.0032043,4.9304
0.020142,0.0048828,4.9414
0.020905,0.0073242,4.9304
0.020447,0.0080872,4.9207
0.02121,0.007019,4.9304
0.022278,0.0067139,4.928
0.022278,0.0068665,4.9231
0.023193,0.0093079,4.9304
0.023651,0.01236,4.9304
0.022888,0.01358,4.9353
0.019989,0.012665,4.9353
0.015411,0.010681,4.9377
0.011597,0.0054932,4.9207
0.0079346,0.0015259,4.9365
0.0056458,0.00045776,4.9365
0.0042725,0.00015259,4.9353
0.0036621,-0.00045776,4.9353
0.0024414,-0.0015259,4.9329
0.0027466,-0.0021362,4.928
0.0035095,-0.0012207,4.9255
0.0057983,-0.0013733,4.928
0.009613,-0.0010681,4.9194
0.0093079,-0.00015259,4.9146
0.011444,0.00061035,4.9158
0.012207,0.0021362,4.917
0.01236,0.0028992,4.9133
0.012512,0.0045776,4.9133
0.01236,0.0062561,4.9097
0.011444,0.0062561,4.9133
0.010529,0.0093079,4.9084
0.01358,0.0097656,4.9121
0.014801,0.010071,4.9146
0.016937,0.010071,4.9146
0.01709,0.0042725,4.9097
0.014496,0.0085449,4.9146
0.01709,0.0068665,4.9243
0.015717,0.0050354,4.9109
0.016174,0.0056458,4.9207
0.016022,0.0047302,4.9097
0.014648,0.0053406,4.8938
0.011902,0.0065613,4.9109
0.0082397,0.007782,4.9121
0.0057983,0.0083923,4.9158
0.004425,0.0071716,4.917
0.0038147,0.0067139,4.9146
0.0054932,0.0062561,4.9158
0.007019,0.0065613,4.9243
0.0083923,0.0080872,4.9292
0.0085449,0.010834,0.057373
0.0086975,0.011139,0.062256
0.0082397,0.010986,0.063477
0.0083923,0.010986,0.064697
0.0085449,0.0093079,0.073242
0.007782,0.0093079,0.063477
0.0059509,0.010223,0.056152
0.004425,0.011139,0.058594
0.0016785,0.0094604,0.070801
0.0013733,0.010681,0.062256
0.0010681,0.0086975,0.072021
0.0035095,0.0065613,0.067139
0.0056458,0.0057983,0.067139
0.007019,0.0062561,0.064697
0.0086975,0.0076294,0.065918
0.0085449,0.0099182,0.062256
0.0080872,0.010834,0.061035
0.007019,0.0099182,0.048828
0.0076294,0.0061035,0.061035
0.0082397,0.0062561,0.054932
0.0091553,0.0039673,0.054932
0.0099182,0.0041199,0.05249
0.010071,0.004425,0.053711
0.011292,0.0065613,0.059814
0.013123,0.0059509,0.048828
0.015717,0.0061035,0.065918
0.017853,0.0062561,0.046387
0.019684,0.0064087,0.032959
0.019989,0.0062561,0.039063
0.018921,0.0057983,0.039063
0.017242,0.0057983,0.037842
0.015106,0.0041199,0.041504
0.01358,0.0013733,0.036621
0.014801,-0.0021362,0.037842
0.016022,-0.0032043,0.039063
0.018921,-0.004425,0.041504
0.020599,-0.0050354,0.036621
0.020599,-0.0042725,0.043945
0.018768,-0.0035095,0.03418
0.022278,-0.0050354,0.042725
0.023041,-0.0056458,0.043945
0.023651,-0.0083923,0.042725
0.026245,-0.011139,0.043945
0.028229,-0.011749,0.050049
0.029144,-0.010529,0.050049
0.029907,-0.0088501,0.053711
0.030212,-0.0071716,0.050049
0.029755,-0.0074768,0.056152
0.031128,-0.0086975,0.056152
0.033722,-0.0088501,0.061035
0.035095,-0.007782,0.059814
0.03479,-0.0047302,0.059814
0.03418,-0.00061035,0.064697
0.032959,0.0013733,0.058594
0.031281,-0.00030518,0.061035
0.031738,-0.0018311,0.061035
0.032501,-0.0050354,0.065918
0.033417,-0.0056458,0.059814
0.033264,-0.0062561,0.064697
0.031433,-0.0045776,0.078125
0.028534,-0.0057983,0.067139
0.028839,-0.0062561,0.064697
0.02594,-0.0082397,0.067139
0.024567,-0.0093079,0.043945
0.025024,-0.0090027,0.058594
0.021362,-0.01236,0.056152
0.018158,-0.004425,0.056152
0.014954,-0.0030518,0.054932
0.014496,-0.0024414,0.05127
0.015564,-0.0045776,0.05127
0.017395,-0.0047302,0.046387
0.023346,-0.0080872,0.056152
0.026245,-0.0027466,0.040283
0.027618,-0.00091553,0.047607
0.027771,0.0013733,0.046387
0.02655,0.0016785,0.045166
0.027161,-0.00015259,0.042725
0.027924,-0.0024414,0.042725
0.026703,-0.0039673,3.7317
0.02655,-0.0047302,4.8376
0.024719,-0.0033569,4.9023
0.023804,-0.00076294,4.9072
0.022278,0.0019836,4.9023
0.02182,0.0033569,4.9109
0.022583,0.002594,4.9072
0.023346,0.00091553,4.9072
0.02533,0,4.9097
0.026093,0.00015259,4.9084
0.024872,0.0010681,4.9109
0.023193,0.0019836,4.9109
0.021362,0,4.9182
0.020905,-0.0021362,4.9182
0.020905,-0.0045776,4.9194
0.020905,-0.0056458,4.9219
0.02121,-0.0038147,4.9255
0.020294,-0.0016785,4.9353
0.018616,0.0022888,4.928
0.017242,0.0041199,4.9341
0.0177,0.0042725,4.9316
0.020447,0.0041199,4.9304
0.022125,0.0030518,4.9329
0.024414,0.0022888,4.9292
0.024872,0.0010681,4.9304
0.023804,0.00091553,4.9304
0.021515,0.00015259,4.9304
0.020599,-0.00030518,4.9329
0.020905,0.00015259,4.9304
0.023041,0.00045776,4.9377
0.026398,0.0045776,4.9316
0.028534,0.0064087,4.9353
0.029755,0.0083923,4.9353
0.030212,0.0094604,4.9341
0.029449,0.0091553,4.9304
0.032043,0.0065613,4.9292
0.032654,0.0028992,4.9365
0.034027,-0.0013733,4.9255
0.033569,-0.004425,4.9329
0.031586,-0.0071716,4.9231
0.027161,-0.0068665,4.9146
0.023193,-0.0068665,4.9158
0.019531,-0.0082397,4.917
0.016632,-0.0091553,4.917
0.016937,-0.0099182,4.917
0.016479,-0.0091553,4.9097
0.017395,-0.0079346,4.9023
0.015564,-0.0059509,4.9097
0.017395,-0.004425,4.9109
0.018158,-0.0039673,4.906
0.019989,-0.0038147,4.9146
0.022125,-0.0036621,4.9109
0.025177,-0.0016785,4.9133
0.026703,0.0021362,4.9182
0.027161,0.0048828,4.9109
0.026093,0.0067139,4.9097
0.024719,0.0088501,4.9084
0.025177,0.0091553,4.895
0.026703,0.010529,4.9109
0.030518,0.011444,4.9097
0.034485,0.011749,4.9133
0.035706,0.01236,4.9146
0.035858,0.011292,4.9158
0.035095,0.0093079,4.9231
0.03479,0.009613,4.9219
0.0354,0.010986,4.9268
0.036163,0.010834,4.9207
0.036316,0.01236,4.928
0.034027,0.010986,4.928
0.031738,0.010376,4.9329
0.028076,0.010681,4.9292
0.025177,0.012665,4.9316
0.024261,0.013123,0.061035
0.024872,0.011292,0.064697
0.025024,0.0083923,0.072021
0.023499,0.0022888,0.062256
0.020599,-0.0022888,0.05127
0.016327,-0.0041199,0.067139
0.011597,-0.0028992,0.061035
0.007019,-0.00061035,0.065918
0.005188,0.00091553,0.067139
0.0033569,0.00030518,0.062256
-0.00045776,-0.002594,0.062256
0.0033569,-0.0059509,0.058594
0.00076294,-0.0080872,0.061035
0.0035095,-0.0074768,0.05249
0.004425,-0.0042725,0.053711
0.0071716,-0.00091553,0.056152
0.010223,0.00076294,0.05249
0.014343,-0.002594,0.053711
0.017395,-0.00076294,0.05249
0.017395,-0.0010681,0.045166
0.016479,-0.0018311,0.045166
0.014648,0.00091553,0.036621
0.015106,0.0054932,0.045166
0.016937,0.0097656,0.041504
0.020294,0.011292,0.037842
0.023956,0.011597,0.040283
0.02655,0.010681,0.039063
0.025787,0.0099182,0.042725
0.024567,0.010071,0.037842
0.021515,0.0090027,0.041504
0.017242,0.0097656,0.037842
0.014191,0.0085449,0.037842
0.010834,0.0073242,0.041504
0.0093079,0.0033569,0.042725
0.0064087,-0.00076294,0.039063
0.0019836,-0.00015259,0.042725
-0.00076294,0.00045776,0.05127
-0.0018311,0.0021362,0.047607
-0.00076294,0.0028992,0.056152
0.0018311,0.0039673,0.05127
0.0041199,0.0042725,0.037842
0.0048828,0.0039673,0.053711
0.0042725,0.0033569,0.056152
0.0036621,0.0019836,0.057373
0.0018311,0.00076294,0.059814
0,-0.0013733,0.058594
0.00061035,-0.0035095,0.063477
0.00030518,-0.0035095,0.061035
0.0021362,-0.0036621,0.061035
0.0035095,-0.0016785,0.054932
0.0038147,0.0010681,0.063477
0.0039673,0.0047302,0.058594
0.0054932,0.0073242,0.067139
0.0076294,0.0080872,0.076904
0.01236,0.0071716,0.067139
0.015259,0.0047302,0.064697
0.017395,0.0016785,0.058594
0.017853,-0.0013733,0.068359
0.0177,-0.0010681,0.061035
0.016785,0.00015259,0.05249
0.017548,0.00030518,0.056152
0.017395,0.0012207,0.056152
0.015717,-0.0013733,0.048828
0.013885,-0.0038147,0.05249
0.010834,-0.0062561,0.046387
0.0094604,-0.0038147,0.047607
0.0086975,0.00091553,0.046387
0.0099182,0.0054932,0.048828
0.013123,0.0079346,0.045166
0.019073,0.0067139,0.048828
0.020142,0.0048828,0.040283
0.022125,0.0028992,0.040283
0.023193,0.0021362,0.050049
0.022125,0.00076294,0.037842
0.021515,0,0.05127
0.020599,-0.0010681,0.037842
0.020447,-0.0042725,0.030518
0.019836,-0.0056458,0.036621
0.018463,-0.0083923,3.3411
0.019684,-0.011139,4.8132
0.014801,-0.01297,4.8987
0.015564,-0.01297,4.906
0.0177,-0.010834,4.9121
0.020599,-0.0090027,4.9072
0.023651,-0.0073242,4.9158
0.026398,-0.0074768,4.9146
0.029144,-0.0076294,4.9207
0.03006,-0.0073242,4.9207
0.031128,-0.0073242,4.9255
0.031433,-0.0074768,4.9243
0.031738,-0.0082397,4.9268
0.030975,-0.0094604,4.9268
0.031891,-0.010529,4.9304
0.031891,-0.010223,4.9402
0.033417,-0.009613,4.9316
0.027161,-0.0083923,4.9182
0.02533,-0.0065613,4.9292
0.023651,-0.0059509,4.9292
0.024414,-0.0064087,4.9304
0.023346,-0.0054932,4.9304
0.027161,-0.0074768,4.9304
0.029297,-0.0079346,4.9353
0.028839,-0.0074768,4.9341
0.028534,-0.0054932,4.9353
0.027466,-0.0030518,4.9304
0.027618,-0.00045776,4.9316
0.027313,0.00091553,4.928
0.028534,0.00076294,4.9341
0.025787,0.0010681,4.9402
0.026703,0.0010681,4.9304
0.026855,0.0016785,4.9219
0.02594,0.0024414,4.9255
0.027161,0.0027466,4.8999
0.030518,0.0027466,4.9158
0.032501,0.0021362,4.9182
0.033875,0.0018311,4.917
0.034485,0.0030518,4.917
0.032959,0.0032043,4.9109
0.030365,0.005188,4.9146
0.02594,0.0076294,4.9121
0.022888,0.0088501,4.9109
0.021057,0.010681,4.906
0.020905,0.0085449,4.9121
0.019989,0.0067139,4.9121
0.019226,0.0028992,4.9109
0.017853,0.00015259,4.9072
0.016785,-0.0015259,4.9097
0.017242,-0.0022888,4.9146
0.017853,-0.0021362,4.9109
0.018768,-0.0032043,4.9146
0.017242,-0.0048828,4.9109
0.014801,-0.0065613,4.9048
0.010223,-0.0065613,4.9158
0.0073242,-0.0054932,4.9194
0.0064087,-0.002594,4.9158
0.007782,-0.00030518,4.9207
0.0097656,0,4.9194
0.013428,0.00076294,4.9255
0.016479,-0.00015259,4.9243
0.019226,-0.0013733,4.9341
0.02121,-0.0015259,4.9268
0.022888,-0.00030518,4.9316
0.025024,0.00061035,4.9316
0.025482,0.00091553,4.9341
0.026245,0.00015259,4.939
0.02243,-0.00061035,4.9304
0.022125,-0.00045776,4.9329
0.018768,0.0024414,4.9304
0.017548,0.0057983,4.928
0.018158,0.0076294,4.9377
0.019226,0.0083923,4.9353
0.020294,0.0065613,0.062256
0.022278,0.0035095,0.065918
0.023346,0.0021362,0.063477
0.025024,0.00061035,0.063477
0.025177,0.0010681,0.059814
0.026093,0.0015259,0.059814
0.027618,-0.0018311,0.053711
0.027161,-0.0061035,0.056152
0.026093,-0.011749,0.057373
0.023193,-0.015411,0.045166
0.019226,-0.016937,0.047607
0.014801,-0.014954,0.05249
0.01236,-0.011902,0.056152
0.011597,-0.0086975,0.045166
0.011749,-0.0067139,0.054932
0.01297,-0.009613,0.041504
0.014496,-0.007782,0.0354
0.0177,-0.0074768,0.039063
0.02182,-0.0071716,0.036621
0.025787,-0.0061035,0.042725
0.028839,-0.0042725,0.039063
0.031433,-0.0019836,0.0354
0.032806,-0.0045776,0.041504
0.033112,-0.0057983,0.037842
0.032349,-0.0067139,0.037842
0.029755,-0.0079346,0.031738
0.027313,-0.0067139,0.042725
0.026398,-0.0079346,0.039063
0.026093,-0.0016785,0.045166
0.027313,0.00076294,0.058594
0.028076,0.0013733,0.047607
0.029755,0.0022888,0.05249
0.03067,0.0024414,0.05127
0.032349,-0.00015259,0.039063
0.032043,0.0032043,0.05249
0.033112,0.0032043,0.05249
0.036011,0.0033569,0.057373
0.031891,0.0022888,0.059814
0.030365,0.00045776,0.058594
0.027008,-0.00076294,0.063477
0.023041,-0.0013733,0.057373
0.019073,0.00045776,0.062256
0.016632,0.0015259,0.057373
0.014191,0.0012207,0.067139
0.012665,0.0021362,0.061035
0.010071,0,0.065918
0.007782,-0.0024414,0.067139
0.0038147,-0.0054932,0.065918
0.0054932,-0.0062561,0.070801
0.0053406,-0.005188,0.06958
0.0053406,-0.0041199,0.078125
0.0062561,-0.0050354,0.062256
0.0065613,-0.0062561,0.05127
0.0067139,-0.0079346,0.061035
0.0065613,-0.0083923,0.059814
0.0065613,-0.0079346,0.05249
0.0068665,-0.0041199,0.054932
0.005188,-0.0012207,0.047607
0.0067139,0.0016785,0.046387
0.0076294,0.0030518,0.047607
0.0083923,0.0024414,0.050049
0.010223,0.0010681,0.042725
0.016479,-0.00030518,0.046387
0.014954,0.00091553,0.046387
0.018158,0.0033569,0.043945
0.019989,0.010681,0.043945
0.02121,0.0088501,0.042725
0.023193,0.0093079,0.039063
0.023499,0.009613,0.039063
0.024109,0.0088501,0.031738
0.023041,0.0086975,0.039063
0.02121,0.010834,0.040283
0.020294,0.01297,0.03418
0.016327,0.014496,0.040283
0.015717,0.014801,0.039063
0.017242,0.013885,0.039063
0.018463,0.011749,0.040283
0.019226,0.0083923,3.5718
0.02121,0.0073242,4.8315
0.020599,0.0067139,4.9084
0.016632,0.007019,4.9158
0.018768,0.0054932,4.9207
0.017548,0.0057983,4.9194
0.015411,0.0064087,4.9268
0.013123,0.0068665,4.9341
0.010071,0.0068665,4.9304
0.007782,0.0065613,4.9377
0.0056458,0.007782,4.9329
0.0041199,0.0057983,4.9133
0.0042725,0.0062561,4.9304
0.0045776,0.0073242,4.9304
0.0067139,0.007782,4.9329
0.0057983,0.0073242,4.9304
0.0067139,0.0054932,4.9304
0.0064087,0.0061035,4.9316
0.0054932,0.005188,4.9353
0.0042725,0.0048828,4.9341
0.0042725,0.005188,4.9304
0.0045776,0.0032043,4.9365
0.0064087,0.0010681,4.9341
0.0088501,-0.0019836,4.928
0.0097656,-0.0035095,4.9341
0.016022,-0.0035095,4.9304
0.013733,-0.0028992,4.928
0.016174,-0.0018311,4.9255
0.017395,-0.0012207,4.9292
0.018311,-0.002594,4.9207
0.019226,-0.0041199,4.9036
0.019684,-0.0027466,4.9194
0.018768,-0.0019836,4.9158
0.018311,0.00015259,4.9158
0.017853,0.00061035,4.9146
0.019836,0.00015259,4.9121
0.02243,-0.0033569,4.9121
0.025635,-0.00091553,4.906
0.027466,-0.0061035,4.9133
0.028992,-0.0045776,4.9133
0.029297,-0.0024414,4.9146
0.027161,-0.002594,4.9097
0.025177,-0.0028992,4.9109
0.024261,-0.0042725,4.9207
0.022736,-0.0050354,4.906
0.021515,-0.0038147,4.9207
0.02182,-0.0013733,4.9097
0.022736,0.00045776,4.9011
0.023804,0.0010681,4.9133
0.025635,-0.0010681,4.9146
0.028687,-0.0038147,4.9121
0.03006,-0.0067139,4.9207
0.031586,-0.0059509,4.9182
0.031891,-0.007019,4.9207
0.031738,-0.0045776,4.9231
0.030518,-0.0041199,4.9304
0.029602,-0.0022888,4.9219
0.028687,-0.0018311,4.9329
0.029297,-0.0013733,4.9341
0.031128,-0.00076294,4.9341
0.033875,-0.00030518,4.917
0.03479,0.0015259,4.9316
0.037384,0.0016785,4.9316
0.036316,0.0010681,4.9341
0.036621,-0.00091553,4.9414
0.035553,-0.0030518,4.9353
0.034943,-0.004425,4.9341
0.032654,-0.004425,4.9341
0.033112,-0.0035095,4.9329
0.032501,-0.0036621,4.9353
0.030365,-0.0019836,4.9353
0.029449,-0.0016785,4.9255
0.029449,-0.0022888,4.9329
0.029755,-0.0015259,4.928
0.029755,-0.0016785,0.057373
0.030212,0.00030518,0.056152
0.029144,0.0013733,0.050049
0.028229,0.002594,0.042725
0.027618,0.0030518,0.05127
0.028839,0.0045776,0.061035
0.029907,0.0061035,0.047607
0.03067,0.0068665,0.050049
0.030823,0.0064087,0.042725
0.030365,0.0050354,0.028076
0.028839,0.0030518,0.037842
0.026398,0.0041199,0.041504
0.025482,0.0047302,0.040283
0.024261,0.0057983,0.042725
0.023041,0.0054932,0.0354
0.021515,0.0030518,0.041504
0.019989,0.00030518,0.039063
0.017853,-0.002594,0.041504
0.016327,-0.0016785,0.040283
0.016327,-0.0010681,0.041504
0.018311,-0.00015259,0.041504
0.020447,-0.00045776,0.042725
0.023193,-0.0022888,0.042725
0.023499,-0.0035095,0.045166
0.024872,-0.0039673,0.037842
0.024719,-0.0027466,0.047607
0.02594,0.00015259,0.056152
0.026855,0.0019836,0.05249
0.028381,0.0015259,0.045166
0.028534,0,0.057373
0.027008,-0.0030518,0.057373
0.025024,-0.0039673,0.057373
0.023651,-0.0050354,0.062256
0.021515,-0.0032043,0.059814
0.021667,-0.0016785,0.059814
0.02182,0.00015259,0.05249
0.022888,0.00076294,0.064697
0.023956,0.0010681,0.057373
0.02655,-0.00030518,0.064697
0.027313,-0.0012207,0.062256
0.027008,-0.00076294,0.068359
0.026398,-0.0018311,0.074463
0.02533,-0.0027466,0.068359
0.023651,-0.0041199,0.065918
0.02182,-0.0053406,0.064697
0.020142,-0.0064087,0.053711
0.017853,-0.0073242,0.059814
0.017853,-0.0057983,0.057373
0.017853,-0.0039673,0.053711
0.019684,-0.0028992,0.05249
0.022736,-0.0030518,0.045166
0.024872,-0.0042725,0.05127
0.027008,-0.004425,0.046387
0.028839,-0.005188,0.050049
0.028839,-0.0038147,0.041504
0.029755,-0.0024414,0.048828
0.028839,-0.0024414,0.043945
0.029297,-0.0015259,0.046387
0.028992,-0.00030518,0.039063
0.027771,0.00076294,0.041504
0.028992,0.0022888,0.047607
0.027008,0.0022888,0.040283
0.026398,0.00091553,0.046387
0.02594,0.00015259,0.040283
0.025482,-0.00045776,0.0354
0.026855,0.0012207,0.037842
0.027008,0.0036621,0.037842
0.028534,0.0033569,0.039063
0.028229,0.0035095,0.041504
0.029449,0.0015259,0.036621
0.028687,-0.00045776,0.041504
0.027924,-0.0012207,0.042725
0.026398,-0.0028992,0.047607
0.023346,-0.0027466,0.046387
0.020294,-0.0032043,0.053711
0.01709,-0.0028992,0.053711
0.012207,0.00045776,3.5754
0.0085449,-0.0019836,4.8511
0.0045776,-0.0027466,4.9243
0.0050354,-0.0024414,4.9292
0.0053406,-0.0035095,4.9329
0.0071716,-0.0050354,4.9231
0.0080872,-0.00045776,4.9341
0.010223,-0.0010681,4.9292
0.012054,0.00091553,4.9316
0.014343,0.0016785,4.9304
0.014954,0.00015259,4.928
0.015106,-0.0030518,4.9353
0.01236,-0.0050354,4.9292
0.010529,-0.0056458,4.9365
0.0088501,-0.0027466,4.9316
0.0079346,-0.00015259,4.9365
0.0090027,0.0016785,4.9341
0.011597,0.00045776,4.9353
0.015106,-0.00076294,4.9316
0.019073,-0.0024414,4.9316
0.021057,-0.0045776,4.9341
0.022125,-0.0047302,4.9255
0.023804,-0.0024414,4.9304
0.023956,-0.00091553,4.9219
0.022125,0.0010681,4.9133
0.022278,0.0015259,4.9182
0.020905,0.0024414,4.9158
0.019989,0.0030518,4.9182
0.019989,0.0045776,4.9182
0.020142,0.0056458,4.9121
0.02243,0.0064087,4.9121
0.021973,0.0059509,4.9072
0.021515,0.0057983,4.9109
0.020905,0.0056458,4.8975
0.019531,0.0057983,4.9158
0.016632,0.0050354,4.9121
0.019226,0.005188,4.9133
0.020294,0.0057983,4.9109
0.019073,0.0086975,4.9133
0.017853,0.0054932,4.9109
0.016479,0.005188,4.9097
0.014954,0.0048828,4.9084
0.013123,0.0027466,4.9146
0.01297,0.0022888,4.9158
0.012054,0.0033569,4.9133
0.01236,0.0032043,4.9194
0.013275,0.0053406,4.9207
0.013275,0.0056458,4.9207
0.013885,0.0057983,4.9219
0.014496,0.0041199,4.9304
0.015717,0.0048828,4.928
0.016327,0.0059509,4.9329
0.016785,0.0079346,4.928
0.0177,0.011292,4.9353
0.01709,0.0097656,4.928
0.016327,0.0067139,4.9329
0.015869,0.0032043,4.939
0.012054,-0.00045776,4.9341
0.011444,-0.0010681,4.939
0.0099182,0,4.9365
0.009613,0.0018311,4.9133
0.010376,0.0016785,4.9341
0.010681,0.0010681,4.939
0.01297,0.0024414,4.9353
0.015106,-0.0035095,4.9353
0.017548,0.00061035,4.9316
0.020294,0.0045776,4.9329
0.022583,0.0090027,4.9268
0.025787,0.010223,4.9292
0.026398,0.0094604,4.9207
0.026703,0.0047302,4.9231
0.026093,0.0012207,4.9207
0.024109,-0.0021362,4.9182
0.024567,-0.0033569,4.9255
0.023956,-0.0041199,0.048828
0.022583,-0.0057983,0.042725
0.02182,-0.0086975,0.048828
0.020142,-0.011444,0.032959
0.020142,-0.014954,0.041504
0.021362,-0.015717,0.039063
0.02182,-0.015411,0.040283
0.023346,-0.01297,0.040283
0.025024,-0.0099182,0.036621
0.026398,-0.0080872,0.041504
0.022583,-0.0035095,0.037842
0.027771,-0.0030518,0.040283
0.028229,-0.00030518,0.036621
0.029449,0.0016785,0.041504
0.031738,0.0019836,0.037842
0.032806,0.0028992,0.043945
0.033875,0.0027466,0.041504
0.034943,0.0024414,0.046387
0.036316,0.0010681,0.053711
0.036621,-0.00076294,0.047607
0.035858,-0.0010681,0.065918
0.034637,-0.0012207,0.05127
0.034485,-0.00061035,0.046387
0.034485,0.0010681,0.058594
0.034637,0.0016785,0.058594
0.033417,0.0012207,0.056152
0.032654,-0.00076294,0.062256
0.031281,-0.0042725,0.058594
0.028992,-0.007019,0.062256
0.028839,-0.0088501,0.061035
0.028381,-0.0088501,0.062256
0.027924,-0.0073242,0.058594
0.02655,-0.0061035,0.064697
0.024719,-0.0059509,0.065918
0.02243,-0.0045776,0.067139
0.02121,-0.0035095,0.075684
0.02121,-0.0013733,0.067139
0.023499,0.0021362,0.064697
0.026398,0.0048828,0.063477
0.028381,0.0062561,0.061035
0.029755,0.007019,0.059814
0.029907,0.0059509,0.053711
0.028839,0.0054932,0.05249
0.027313,0.0042725,0.054932
0.026398,0.0033569,0.048828
0.025177,0.0027466,0.05127
0.024261,0.0019836,0.045166
0.020905,0.00030518,0.050049
0.020447,-0.0010681,0.042725
0.019379,-0.0019836,0.046387
0.018768,-0.0021362,0.045166
0.019531,-0.00061035,0.045166
0.020447,0.0012207,0.040283
0.02121,0.0018311,0.043945
0.021667,-0.00045776,0.05249
0.02182,-0.00045776,0.042725
0.020752,-0.0016785,0.050049
0.020447,-0.0019836,0.040283
0.021057,-0.0022888,0.031738
0.021515,-0.0019836,0.036621
0.02182,-0.0016785,0.037842
0.022125,-0.0010681,0.037842
0.023041,-0.0015259,0.039063
0.023651,-0.0028992,0.0354
0.023499,-0.0035095,0.043945
0.023651,-0.0035095,0.042725
0.024261,-0.0035095,0.047607
0.023804,-0.0018311,0.043945
0.023956,-0.0018311,0.05127
0.021362,-0.0018311,0.053711
0.022736,-0.0010681,0.056152
0.023193,-0.0016785,0.070801
0.023804,-0.002594,0.058594
0.024414,-0.0036621,0.057373
0.025177,-0.0039673,0.063477
0.027161,-0.0038147,0.065918
0.029449,-0.002594,0.062256
0.031128,-0.004425,4.4946
0.03006,-0.0079346,4.8999
0.028076,-0.012054,4.9268
0.027008,-0.014648,4.9268
0.027161,-0.015411,4.9316
0.029449,-0.01297,4.9304
0.030975,-0.010681,4.9353
0.031128,-0.0083923,4.9329
0.031433,-0.0080872,4.939
0.032196,-0.0086975,4.9304
0.032959,-0.0086975,4.9329
0.035095,-0.007019,4.928
0.037689,-0.0038147,4.9304
0.040131,-0.00015259,4.9353
0.041656,0.0030518,4.9072
0.041656,0.0039673,4.9316
0.040283,0.0024414,4.9231
0.03891,-0.00030518,4.9072
0.037384,-0.0027466,4.9146
0.036011,-0.0048828,4.9158
0.032959,-0.0033569,4.9097
0.028839,-0.0013733,4.9194
0.026093,0.0015259,4.9146
0.024109,0.00061035,4.9133
0.024261,-0.0024414,4.9072
0.026093,-0.0050354,4.9109
0.028687,-0.0065613,4.906
0.032501,-0.0065613,4.9133
0.034027,-0.004425,4.9084
0.035858,-0.002594,4.9097
0.034332,-0.00091553,4.906
0.032959,-0.0013733,4.9109
0.028229,-0.00076294,4.9084
0.02533,-0.0013733,4.9109
0.021667,-0.0027466,4.9133
0.016937,-0.0015259,4.917
0.011902,-0.0013733,4.9109
0.0083923,-0.0018311,4.9133
0.0057983,-0.0028992,4.9219
0.005188,-0.0035095,4.9182
0.009613,-0.0032043,4.9194
0.013885,-0.0016785,4.9207
0.017853,-0.0021362,4.9304
0.019989,-0.00061035,4.9255
0.020447,0.00015259,4.9304
0.016937,-0.0016785,4.9292
0.012512,-0.0032043,4.9329
0.009613,-0.0047302,4.9268
0.005188,-0.0053406,4.9304
0.0036621,-0.0062561,4.9438
0.00091553,-0.005188,4.9341
0.00076294,-0.005188,4.9377
0.0019836,-0.0039673,4.939
0.0038147,-0.0028992,4.9182
0.0065613,-0.0015259,4.9329
0.011902,0.00061035,4.9341
0.016022,0.0018311,4.9329
0.020142,0.0022888,4.9329
0.022736,0.0048828,4.928
0.025482,0.0065613,4.9353
0.025482,0.0091553,4.9304
0.025024,0.012207,4.9304
0.024719,0.014648,4.9207
0.023651,0.014648,4.9231
0.022583,0.01358,4.9219
0.020294,0.012054,4.9231
0.018616,0.012207,4.9194
0.016327,0.010681,4.9231
0.016327,0.011292,4.9219
0.016022,0.0099182,4.917
0.015717,0.0083923,4.9097
0.016937,0.0068665,4.9133
0.017853,0.0068665,4.9207
0.016937,0.0082397,0.039063
0.01709,0.011292,0.041504
0.015564,0.013275,0.037842
0.012817,0.0061035,0.040283
0.010986,0.0088501,0.037842
0.0097656,0.0073242,0.040283
0.0086975,0.0086975,0.039063
0.0082397,0.0094604,0.042725
0.0080872,0.012207,0.039063
0.007782,0.012665,0.042725
0.0086975,0.010986,0.045166
0.009613,0.0090027,0.047607
0.013885,0.0068665,0.057373
0.016632,0.0088501,0.05249
0.018311,0.012054,0.058594
0.016632,0.016022,0.048828
0.012207,0.015869,0.045166
0.0086975,0.014191,0.058594
0.0059509,0.0067139,0.056152
0.0053406,0.0048828,0.061035
0.0059509,0.0028992,0.059814
0.0073242,0.004425,0.062256
0.0071716,0.0062561,0.061035
0.0090027,0.0064087,0.061035
0.0099182,0.0048828,0.065918
0.012207,0.0022888,0.053711
0.016022,0.00091553,0.061035
0.019073,0.0012207,0.065918
0.020599,0.004425,0.072021
0.018768,0.0074768,0.067139
0.016785,0.0074768,0.068359
0.014191,0.0062561,0.070801
0.013123,0.0038147,0.065918
0.017853,-0.0012207,0.070801
0.022125,-0.00076294,0.056152
0.024719,-0.0012207,0.058594
0.025787,-0.00015259,0.053711
0.025024,0.00015259,0.054932
0.023346,-0.00061035,0.048828
0.023346,0.00045776,0.048828
0.024261,-0.0021362,0.050049
0.02594,-0.0012207,0.047607
0.027313,-0.00015259,0.046387
0.027466,0.00030518,0.045166
0.026245,0.0010681,0.043945
0.027161,0.00015259,0.043945
0.028381,0.0028992,0.037842
0.031281,0.0027466,0.040283
0.033569,0.002594,0.053711
0.032349,0.0024414,0.040283
0.035706,0.00030518,0.041504
0.03479,-0.00045776,0.036621
0.032196,-0.0010681,0.020752
0.032806,-0.0030518,0.037842
0.032196,-0.0038147,0.040283
0.031128,-0.0042725,0.036621
0.034027,-0.004425,0.039063
0.03479,-0.0041199,0.040283
0.035248,-0.0036621,0.043945
0.034027,-0.0024414,0.041504
0.031433,-0.00015259,0.048828
0.029144,0.0012207,0.047607
0.028076,0.0021362,0.053711
0.028992,0.0022888,0.053711
0.029755,0.0021362,0.054932
0.030365,0.002594,0.059814
0.028076,0.0027466,0.061035
0.02655,0.0033569,0.061035
0.025482,0.0030518,0.062256
0.026093,0.0032043,0.073242
0.029297,0.0021362,0.058594
0.03067,-0.00015259,0.050049
0.032196,0.0021362,0.062256
0.031586,0.0041199,0.058594
0.030212,0.0056458,0.057373
0.029297,0.0059509,0.063477
0.028992,0.0042725,0.065918
0.028229,0.0013733,2.2375
0.027924,0.00015259,4.7717
0.025787,0.0010681,4.9231
0.024567,0.0045776,4.928
0.023346,0.0065613,4.928
0.021973,0.007782,4.9304
0.021515,0.0073242,4.9353
0.022278,0.0032043,4.9329
0.023346,-0.0013733,4.9255
0.027161,-0.0030518,4.9207
0.026093,-0.0022888,4.9182
0.026703,0.00015259,4.9182
0.024567,0.004425,4.9146
0.022583,0.0047302,4.9158
0.020599,0.0030518,4.9133
0.019531,-0.00061035,4.9146
0.019226,-0.0032043,4.9097
0.018768,-0.0053406,4.9133
0.018463,-0.0050354,4.9072
0.017548,-0.0022888,4.9133
0.017548,0.00045776,4.9072
0.018158,0.0016785,4.9097
0.020905,0.00015259,4.9133
0.024109,-0.0033569,4.9158
0.027924,-0.0057983,4.9036
0.029449,-0.0088501,4.9121
0.029144,-0.0067139,4.9207
0.027618,-0.0045776,4.9109
0.027161,-0.0015259,4.9207
0.028839,0.00030518,4.9146
0.03006,0.0012207,4.8975
0.032501,0.0013733,4.9158
0.034485,0.00015259,4.9182
0.034027,-0.00076294,4.9194
0.032654,-0.00091553,4.9219
0.029144,-0.0022888,4.928
0.027008,-0.0035095,4.928
0.02533,-0.0048828,4.928
0.024414,-0.0076294,4.9316
0.022736,-0.010376,4.9255
0.021057,-0.012817,4.9353
0.020294,-0.01358,4.9268
0.018005,-0.01358,4.928
0.017548,-0.012512,4.9377
0.019989,-0.011444,4.9329
0.023651,-0.012207,4.9292
0.026245,-0.010834,4.9353
0.028839,-0.010986,4.9414
0.028381,-0.010376,4.9329
0.028076,-0.0073242,4.9524
0.027161,-0.0039673,4.9353
0.030212,-0.00061035,4.9329
0.033722,0.0018311,4.9316
0.036926,0.0036621,4.9377
0.040283,0.0033569,4.928
0.041962,0.0024414,4.928
0.042114,0.0028992,4.9219
0.041656,0.004425,4.9243
0.039978,0.0054932,4.8962
0.040283,0.0059509,4.9219
0.038757,0.007019,4.9207
0.035858,0.0039673,4.9182
0.032349,0.0021362,4.9292
0.028229,0.00030518,4.9182
0.023499,0.00091553,4.9231
0.021667,0.00030518,4.9109
0.022583,0.00061035,4.8999
0.026093,0.00015259,4.9219
0.029449,0.00030518,4.9109
0.031281,-0.0018311,4.9084
0.029907,-0.0061035,4.9109
0.025482,-0.0030518,4.9084
0.021057,-0.0039673,4.9109
0.016937,-0.0028992,0.031738
0.015564,-0.0021362,0.040283
0.014343,-0.0013733,0.0354
0.013123,-0.0019836,0.040283
0.011749,-0.0022888,0.043945
0.010376,-0.0036621,0.048828
0.010376,-0.0047302,0.046387
0.011292,-0.005188,0.048828
0.014954,-0.0042725,0.05127
0.019379,-0.0045776,0.050049
0.02243,-0.0050354,0.059814
0.024109,-0.0041199,0.059814
0.024109,-0.0019836,0.048828
0.021057,-0.00045776,0.059814
0.019379,0.0016785,0.062256
0.019836,0.004425,0.059814
0.021667,0.0057983,0.061035
0.024567,0.0067139,0.059814
0.02655,0.0041199,0.063477
0.026703,0.0062561,0.058594
0.025177,0.0013733,0.062256
0.023804,0.00045776,0.063477
0.023193,0.00076294,0.062256
0.023499,0.00030518,0.061035
0.024414,-0.00045776,0.068359
0.024109,-0.0015259,0.080566
0.023041,-0.0024414,0.067139
0.018463,-0.0024414,0.067139
0.014648,-0.00015259,0.061035
0.011902,0.0035095,0.040283
0.011902,0.0067139,0.053711
0.014648,0.0099182,0.054932
0.016174,0.009613,0.048828
0.019379,0.0074768,0.048828
0.019684,0.007782,0.043945
0.018463,0.0042725,0.050049
0.01709,0.0041199,0.046387
0.016937,0.0064087,0.046387
0.0177,0.0080872,0.042725
0.017853,0.0099182,0.047607
0.017395,0.0067139,0.041504
0.014343,0.004425,0.045166
0.012054,0.002594,0.040283
0.0093079,0.002594,0.041504
0.011292,0.0061035,0.037842
0.015564,0.0091553,0.043945
0.019226,0.011749,0.041504
0.023804,0.010834,0.036621
0.02533,0.0080872,0.039063
0.025177,0.0048828,0.040283
0.023346,0.0041199,0.040283
0.02182,0.0041199,0.036621
0.019989,0.0053406,0.042725
0.018311,0.0074768,0.040283
0.016479,0.0093079,0.046387
0.012665,0.0082397,0.042725
0.010681,0.0065613,0.05249
0.0079346,0.0085449,0.050049
0.0074768,0.0090027,0.056152
0.0080872,0.010376,0.056152
0.010529,0.010071,0.061035
0.015106,0.0093079,0.070801
0.019531,0.005188,0.061035
0.021973,0.0016785,0.06958
0.02182,-0.0010681,0.056152
0.020142,-0.0019836,0.056152
0.018768,-0.0013733,0.059814
0.018921,0.00015259,0.061035
0.020599,0.0010681,0.061035
0.02182,0.0022888,0.064697
0.023346,0.0024414,0.062256
0.027008,0.0019836,0.065918
0.024719,0.0021362,0.064697
0.025482,0.0033569,0.068359
0.028381,0.0015259,0.062256
0.033264,-0.00091553,0.064697
0.033875,-0.0027466,0.061035
0.038452,-0.0047302,0.061035
0.038147,-0.0093079,4.5178
0.033264,-0.0067139,4.8962
0.030975,-0.0059509,4.9084
0.027771,-0.0050354,4.9207
0.026398,-0.0038147,4.9292
0.027313,0.0033569,4.9219
0.027924,-0.00015259,4.9084
0.028839,0,4.9158
0.029144,0.00015259,4.9109
0.028534,-0.00015259,4.9146
0.03006,-0.00015259,4.9097
0.031586,-0.00076294,4.9072
0.034943,-0.0012207,4.9109
0.037231,-0.0018311,4.9097
0.037994,-0.0021362,4.9097
0.037231,-0.0022888,4.9084
0.032654,-0.0010681,4.9133
0.029449,0.0012207,4.9109
0.027161,0.0042725,4.9182
0.026703,0.0064087,4.9182
0.022125,0.0057983,4.9109
0.027924,0.0036621,4.9097
0.029297,0.0016785,4.9133
0.029907,0.00045776,4.8999
0.028076,-0.00061035,4.9133
0.026855,0.00045776,4.9243
0.02655,0.0012207,4.9207
0.02655,0.00015259,4.9207
0.025024,0.002594,4.9194
0.023651,-0.00015259,4.9219
0.021057,-0.00091553,4.9255
0.018463,-0.0010681,4.9304
0.017395,0.0035095,4.9292
0.01709,0.0065613,4.9341
0.019531,0.0079346,4.9304
0.023346,0.0083923,4.9365
0.025177,0.0065613,4.9292
0.026855,0.0045776,4.9316
0.028381,0.0047302,4.9377
0.028534,0.0038147,4.9353
0.028381,0.0067139,4.9316
0.026398,0.0082397,4.9329
0.026245,0.0091553,4.9255
0.025024,0.0073242,4.9353
0.023041,0.0048828,4.9353
0.022888,0.0022888,4.9316
0.022583,0.0024414,4.9341
0.022888,0.0021362,4.9292
0.023193,0.0024414,4.9268
0.023956,0.00045776,4.9255
0.024261,-0.00045776,4.9243
0.023804,-0.004425,4.917
0.023193,-0.0083923,4.9207
0.020905,-0.010681,4.917
0.019531,-0.0093079,4.9243
0.017395,-0.0065613,4.917
0.016632,-0.0041199,4.917
0.017395,-0.0019836,4.9133
0.018768,-0.0024414,4.9121
0.019836,-0.0035095,4.9048
0.021057,-0.004425,4.9109
0.022888,-0.0038147,4.9036
0.025024,-0.00076294,4.9097
0.027618,0.0032043,4.9109
0.028076,0.0059509,4.9072
0.030212,0.0067139,4.9097
0.029907,0.0047302,4.9072
0.028687,0.00091553,4.9097
0.027161,-0.00076294,4.9084
0.025787,-0.0038147,4.9146
0.022736,-0.0062561,4.9109
0.02121,-0.0085449,4.9158
0.016785,-0.011292,0.045166
0.016785,-0.015106,0.048828
0.015717,-0.018158,0.061035
0.014648,-0.021973,0.05127
0.014191,-0.022888,0.064697
0.014648,-0.022278,0.059814
0.016327,-0.02121,0.039063
0.018768,-0.018005,0.059814
0.021362,-0.015259,0.059814
0.024719,-0.012817,0.059814
0.027466,-0.010223,0.065918
0.030212,-0.0071716,0.057373
0.031433,-0.0038147,0.065918
0.032654,-0.00091553,0.061035
0.035095,0.0016785,0.068359
0.037384,0.0041199,0.058594
0.039825,0.0050354,0.065918
0.042419,0.004425,0.067139
0.042877,0.0045776,0.068359
0.043335,0.0071716,0.078125
0.043335,0.0053406,0.065918
0.042572,0.005188,0.062256
0.041962,0.0071716,0.059814
0.039673,0.0057983,0.059814
0.036469,0.0036621,0.053711
0.032349,0.00015259,0.053711
0.028992,-0.0038147,0.050049
0.02655,-0.0057983,0.05249
0.024261,-0.0074768,0.048828
0.023193,-0.007019,0.048828
0.021667,-0.0090027,0.042725
0.019989,-0.010376,0.045166
0.018311,-0.0099182,0.041504
0.01709,-0.010986,0.045166
0.015869,-0.0086975,0.041504
0.015259,-0.0030518,0.043945
0.015564,0.0018311,0.042725
0.015106,0.0059509,0.040283
0.015869,0.0074768,0.05127
0.018158,0.0061035,0.039063
0.020294,0.0039673,0.056152
0.022888,0.0032043,0.040283
0.023804,0.0032043,0.023193
0.024872,0.0035095,0.037842
0.027466,0.0038147,0.040283
0.021973,0.0028992,0.039063
0.019836,0.00076294,0.042725
0.018005,-0.0012207,0.031738
0.014954,-0.0022888,0.045166
0.017853,-0.00091553,0.046387
0.016022,0.0013733,0.056152
0.015869,0.004425,0.046387
0.016174,0.0053406,0.057373
0.018616,0.0045776,0.059814
0.021057,0.0033569,0.058594
0.022736,0.0016785,0.065918
0.022888,0.0021362,0.059814
0.022888,-0.00091553,0.061035
0.02182,0.00076294,0.059814
0.020294,0.0018311,0.06958
0.017395,0.005188,0.062256
0.015106,0.007019,0.062256
0.012817,0.0082397,0.057373
0.012817,0.0088501,0.056152
0.010681,0.011444,0.058594
0.010071,0.010986,0.064697
0.010376,0.018158,0.064697
0.011139,0.020905,0.065918
0.01236,0.021973,0.063477
0.013123,0.020752,0.064697
0.013123,0.018921,0.059814
0.012665,0.017548,0.062256
0.010681,0.016479,0.053711
0.0085449,0.017853,0.056152
0.0073242,0.013428,0.065918
0.0057983,0.010223,0.054932
0.0039673,0.0065613,0.048828
0.0028992,0.0030518,0.048828
0.0045776,0.0021362,4.0283
0.0027466,0.0035095,4.8572
0.0042725,0.0062561,4.9072
0.0059509,0.011292,4.9121
0.0079346,0.01358,4.9146
0.0097656,0.01358,4.9048
0.011902,0.010376,4.9109
0.012512,0.0094604,4.9072
0.013123,0.0082397,4.9109
0.010834,0.0097656,4.9097
0.0088501,0.014038,4.9146
0.0068665,0.016174,4.9121
0.0050354,0.017242,4.9121
0.0047302,0.018005,4.9097
0.0059509,0.015411,4.9121
0.0090027,0.015106,4.9121
0.010986,0.01297,4.9084
0.01358,0.014496,4.917
0.016632,0.014648,4.9194
0.018463,0.013275,4.9084
0.019531,0.01236,4.9207
0.021362,0.0079346,4.917
0.020752,0.0065613,4.9207
0.019073,0.004425,4.9231
0.017548,0.0041199,4.928
0.015717,0.0048828,4.9292
0.015869,0.0050354,4.928
0.017395,0.0061035,4.9377
0.019531,0.0071716,4.9329
0.023499,0.007782,4.9353
0.027313,0.0086975,4.9341
0.029297,0.010223,4.9329
0.033875,0.010529,4.9402
0.030823,0.010681,4.9365
0.03067,0.0093079,4.9353
0.028534,0.0083923,4.9353
0.02655,0.007019,4.9329
0.023346,0.0036621,4.9365
0.019989,0.0050354,4.9353
0.017395,0.0039673,4.9292
0.014954,0.0030518,4.9341
0.013428,0.0019836,4.9304
0.012817,0.00091553,4.9292
0.014191,-0.00015259,4.9219
0.014648,0.00015259,4.9219
0.016174,-0.0012207,4.9207
0.017853,-0.0013733,4.9207
0.019531,-0.0013733,4.9231
0.02243,-0.0018311,4.9219
0.024872,-0.0021362,4.9182
0.027924,-0.0030518,4.9146
0.030212,-0.0030518,4.9243
0.030518,-0.0018311,4.9133
0.032196,-0.0015259,4.9243
0.032959,0.00015259,4.9121
0.034943,0.00091553,4.8987
0.035858,0.0021362,4.9084
0.036621,0.0028992,4.9084
0.037079,0.0030518,4.9097
0.036926,0.0022888,4.9097
0.036163,0.0036621,4.9109
0.035095,0.0038147,4.8999
0.032196,0.0056458,4.9109
0.030212,0.007782,4.9109
0.028229,0.0083923,4.9109
0.026703,0.0082397,4.9133
0.027008,0.0064087,4.9146
0.026093,0.0057983,4.9194
0.026398,0.0057983,4.9316
0.024719,0.0033569,4.9194
0.024261,0.0054932,4.9231
0.023804,0.0056458,4.9182
0.024109,0.0048828,0.048828
0.02594,0.0050354,0.056152
0.026855,0.0045776,0.056152
0.028687,0.0035095,0.059814
0.029907,0.002594,0.067139
0.029755,0.0019836,0.058594
0.031281,0.0021362,0.061035
0.030975,0.0033569,0.058594
0.031128,0.0045776,0.062256
0.029755,0.0073242,0.061035
0.027924,0.010529,0.063477
0.02655,0.012207,0.054932
0.025635,0.011902,0.068359
0.024567,0.011749,0.067139
0.02243,0.0091553,0.067139
0.023651,0.0054932,0.068359
0.024414,0.0010681,0.065918
0.024414,-0.0032043,0.073242
0.025635,-0.0054932,0.057373
0.02655,-0.0071716,0.039063
0.02533,-0.0091553,0.05127
0.024872,-0.011749,0.042725
0.020752,-0.012665,0.047607
0.017853,-0.013123,0.050049
0.016327,-0.01236,0.045166
0.015717,-0.0091553,0.047607
0.018158,-0.004425,0.043945
0.019836,0.00030518,0.043945
0.024109,0.0036621,0.040283
0.028839,0.0061035,0.043945
0.033569,0.0065613,0.040283
0.039215,0.005188,0.042725
0.043335,0.0041199,0.042725
0.045776,0.0036621,0.042725
0.044403,0.0035095,0.041504
0.040436,0.0024414,0.039063
0.03418,0.0012207,0.028076
0.026703,-0.0013733,0.041504
0.019989,-0.0039673,0.039063
0.014191,-0.0074768,0.036621
0.010529,-0.010376,0.041504
0.0067139,-0.01297,0.040283
0.0057983,-0.015869,0.040283
0.0073242,-0.020142,0.042725
0.010681,-0.023041,0.05127
0.014038,-0.024414,0.046387
0.017548,-0.023346,0.053711
0.021057,-0.018921,0.056152
0.025024,-0.011139,0.061035
0.026093,-0.0028992,0.056152
0.027618,0.0028992,0.062256
0.027008,0.0068665,0.065918
0.027924,0.0079346,0.059814
0.030365,0.007019,0.065918
0.033112,0.007019,0.061035
0.036621,0.0068665,0.042725
0.042877,0.0062561,0.057373
0.040131,0.004425,0.062256
0.039673,0.0016785,0.063477
0.03891,-0.00015259,0.062256
0.038605,-0.00091553,0.062256
0.0383,-0.00061035,0.068359
0.035248,0.0012207,0.065918
0.034027,0.0016785,0.064697
0.030823,0.00030518,0.061035
0.027313,-0.0028992,0.061035
0.023499,-0.0057983,0.058594
0.02121,-0.0086975,0.057373
0.019684,-0.010681,0.065918
0.019073,-0.014496,0.05127
0.019073,-0.010223,0.048828
0.017242,-0.0085449,0.050049
0.016937,-0.0082397,0.041504
0.016632,-0.0067139,0.046387
0.016327,-0.0045776,0.042725
0.01709,-0.00061035,0.042725
0.018311,0.0036621,0.041504
0.019684,0.0073242,0.040283
0.019684,0.0082397,4.0857
0.019226,0.005188,4.8535
0.019226,0.0036621,4.9048
0.019684,0.0016785,4.906
0.020905,0.0024414,4.9121
0.022125,0.0015259,4.9072
0.022736,-0.00015259,4.9097
0.022888,-0.0015259,4.9048
0.019989,-0.0035095,4.9109
0.019379,-0.0045776,4.9207
0.017395,-0.002594,4.9097
0.017242,-0.00030518,4.9011
0.017548,0.0013733,4.9133
0.017395,0.0015259,4.9048
0.0177,-0.00030518,4.917
0.015259,-0.0039673,4.9194
0.020294,-0.0061035,4.9207
0.021973,-0.0056458,4.9255
0.023193,-0.0053406,4.9207
0.023346,-0.0045776,4.9255
0.02243,-0.0035095,4.9292
0.017853,-0.0021362,4.9316
0.019531,-0.00045776,4.9292
0.015869,0.0033569,4.9353
0.014496,0.0036621,4.9268
0.014191,0.0061035,4.9316
0.014496,0.0079346,4.9365
0.014038,0.0076294,4.9316
0.015411,0.0082397,4.9414
0.019226,0.0076294,4.9365
0.018158,0.0088501,4.9438
0.019684,0.0076294,4.9365
0.019684,0.0065613,4.9353
0.018768,0.0054932,4.9316
0.018921,0.005188,4.9316
0.019226,0.0042725,4.9329
0.016327,0.002594,4.9304
0.015564,0.0033569,4.9231
0.014648,0.0048828,4.9304
0.015564,0.0050354,4.9243
0.016174,0.0062561,4.9243
0.0177,0.0083923,4.917
0.021057,0.0083923,4.9194
0.022125,0.0088501,4.9146
0.023346,0.0079346,4.9207
0.022278,0.007782,4.9292
0.021973,0.0079346,4.9158
0.020905,0.007782,4.9158
0.0177,0.0085449,4.9146
0.014954,0.0086975,4.8865
0.011139,0.0074768,4.9097
0.010223,0.0064087,4.9109
0.0076294,0.0053406,4.9109
0.007019,0.0067139,4.9084
0.0071716,0.0035095,4.9072
0.0080872,0.0028992,4.9097
0.0091553,0.0028992,4.9097
0.010529,0.0018311,4.9097
0.01236,0.0022888,4.9084
0.014343,0.0035095,4.9158
0.015411,0.0048828,4.9036
0.016785,0.0047302,4.9158
0.01709,0.0059509,4.9158
0.018463,0.0048828,4.9194
0.018158,0.0062561,4.9158
0.019684,0.0057983,4.9243
0.022278,0.0065613,4.9353
0.024567,0.0061035,4.9268
0.02655,0.004425,4.9182
0.027618,0.0054932,4.9304
0.028687,0.0048828,4.9292
0.028687,0.005188,0.061035
0.029297,0.0047302,0.063477
0.029144,0.0035095,0.057373
0.027313,0.0013733,0.061035
0.024719,-0.00030518,0.058594
0.02121,-0.00091553,0.064697
0.019684,-0.0010681,0.061035
0.018158,0.00015259,0.068359
0.017548,0.00045776,0.067139
0.017548,0.00091553,0.06958
0.019836,-0.00030518,0.070801
0.02182,0.00045776,0.063477
0.022583,0.00045776,0.064697
0.022278,-0.0018311,0.059814
0.023041,-0.0019836,0.047607
0.023499,-0.0024414,0.056152
0.023651,-0.0010681,0.053711
0.023499,0.00091553,0.050049
0.024567,0.0022888,0.05127
0.025482,0.0035095,0.045166
0.025635,0.0033569,0.047607
0.02594,0.0035095,0.042725
0.025787,0.0021362,0.050049
0.027771,0.0018311,0.041504
0.028534,0.0018311,0.043945
0.028992,0.0016785,0.043945
0.029449,0.0010681,0.042725
0.028229,0.00045776,0.037842
0.025635,-0.0022888,0.042725
0.024567,-0.0038147,0.045166
0.023193,-0.0036621,0.039063
0.02121,-0.0021362,0.048828
0.019531,0.0016785,0.040283
0.018311,0.0039673,0.031738
0.018158,0.0047302,0.037842
0.015564,0.0038147,0.039063
0.019073,0.00076294,0.040283
0.018463,0.00061035,0.040283
0.020294,-0.0016785,0.040283
0.022125,-0.0018311,0.050049
0.023499,-0.00030518,0.047607
0.024567,0.0013733,0.050049
0.025024,0.0013733,0.05127
0.024261,0.0065613,0.056152
0.023499,0.0080872,0.057373
0.022583,0.0085449,0.062256
0.02182,0.0090027,0.075684
0.021362,0.0091553,0.058594
0.02182,0.009613,0.063477
0.022278,0.0093079,0.063477
0.023499,0.0068665,0.053711
0.023956,0.0048828,0.058594
0.02533,0.0013733,0.058594
0.024109,0,0.057373
0.023193,-0.0010681,0.061035
0.022125,-0.0013733,0.061035
0.021667,-0.0016785,0.067139
0.019989,-0.0022888,0.065918
0.018005,-0.005188,0.065918
0.016632,-0.0045776,0.061035
0.016327,-0.0053406,0.065918
0.018158,-0.0047302,0.059814
0.019836,-0.004425,0.057373
0.021973,-0.0041199,0.058594
0.025024,-0.0045776,0.053711
0.025177,-0.0054932,0.058594
0.024567,-0.0071716,0.050049
0.024109,-0.0068665,0.062256
0.023651,-0.0054932,0.043945
0.022736,-0.0024414,0.045166
0.021057,0,0.045166
0.021057,0.00015259,0.045166
0.020752,-0.00091553,0.039063
0.021667,-0.0028992,0.041504
0.022125,-0.0057983,0.0354
0.022278,-0.007019,0.039063
0.023804,-0.0080872,0.037842
0.024872,-0.010223,0.040283
0.026093,-0.012817,0.71777
0.026398,-0.013275,4.6692
0.027008,-0.012207,4.8926
0.026398,-0.010986,4.9097
0.026398,-0.0088501,4.9121
0.026245,-0.0082397,4.9097
0.026093,-0.0067139,4.9121
0.024872,-0.0053406,4.8975
0.021515,-0.0024414,4.9084
0.02182,0.0010681,4.917
0.02121,0.0019836,4.9072
0.02243,0.00076294,4.9194
0.024414,-0.0015259,4.9207
0.027466,-0.0042725,4.9255
0.030975,-0.0047302,4.9243
0.032043,-0.0027466,4.9268
0.032043,-0.00076294,4.9329
0.032196,0.00061035,4.9268
0.03067,0.00061035,4.9304
0.028992,-0.0021362,4.9292
0.028229,-0.0019836,4.9304
0.027313,0.0010681,4.9255
0.02655,0.0045776,4.9341
0.026703,0.0080872,4.9414
0.025177,0.007019,4.9353
0.02594,0.002594,4.9365
0.025482,-0.0019836,4.9365
0.025024,-0.0038147,4.9158
0.025024,-0.0032043,4.928
0.025482,-0.00076294,4.9304
0.022583,0.0016785,4.9316
0.020294,0.0013733,4.9316
0.016327,-0.0010681,4.9243
0.012054,-0.0018311,4.9304
0.011444,-0.0028992,4.9255
0.011444,-0.0013733,4.9231
0.012207,0.0013733,4.9182
0.012512,0.0036621,4.9194
0.011292,0.0047302,4.9207
0.010376,0.0048828,4.9243
0.010986,0.0042725,4.9231
0.013428,0.0010681,4.9158
0.013733,-0.00045776,4.9121
0.014496,-0.00045776,4.9121
0.014496,0.00076294,4.9036
0.01297,0.0045776,4.9097
0.013123,0.0059509,4.9133
0.012817,0.0067139,4.9133
0.013885,0.007782,4.9084
0.014954,0.0041199,4.906
0.01709,0.0015259,4.9084
0.019226,0.00030518,4.9084
0.020294,0.0024414,4.9084
0.020294,0.0047302,4.9072
0.019684,0.0079346,4.9194
0.020905,0.009613,4.9133
0.019073,0.0099182,4.9182
0.016937,0.010071,4.9146
0.016785,0.009613,4.9207
0.016327,0.010071,4.9304
0.017853,0.010986,4.9243
0.016174,0.010681,4.9353
0.015411,0.010071,4.928
0.015564,0.0080872,4.9194
0.015411,0.0090027,4.9316
0.016174,0.010223,4.9255
0.015259,0.010681,4.9304
0.01358,0.010834,4.9292
0.0099182,0.010223,4.928
0.0067139,0.010681,4.9304
0.004425,0.0094604,4.9304
0.0028992,0.0076294,4.9377
0.0032043,0.0085449,0.062256
0.0047302,0.0091553,0.067139
0.0048828,0.010986,0.070801
0.0061035,0.011597,0.070801
0.0071716,0.010681,0.068359
0.0079346,0.0079346,0.065918
0.0093079,0.0068665,0.064697
0.011444,0.0042725,0.062256
0.011749,0.0053406,0.067139
0.010376,0.0071716,0.054932
0.0065613,0.0086975,0.047607
0.0039673,0.0085449,0.050049
0.0015259,0.0068665,0.05127
0.00061035,0.0050354,0.047607
0.00061035,0.0035095,0.048828
0.0028992,0.0035095,0.042725
0.0057983,0.0054932,0.048828
0.0083923,0.012817,0.043945
0.011597,0.01236,0.043945
0.013885,0.015259,0.043945
0.018158,0.014801,0.045166
0.020752,0.015106,0.037842
0.024109,0.014038,0.041504
0.024719,0.014801,0.058594
0.024414,0.017242,0.041504
0.021362,0.019073,0.05127
0.017548,0.018921,0.042725
0.017548,0.015717,0.024414
0.017548,0.012054,0.037842
0.019073,0.0086975,0.037842
0.021667,0.007019,0.040283
0.024261,0.0073242,0.042725
0.027466,0.0083923,0.039063
0.025177,0.010071,0.047607
0.023346,0.0061035,0.047607
0.022888,0.0028992,0.06958
0.020905,0.0012207,0.050049
0.019073,0.0012207,0.050049
0.018005,0.002594,0.057373
0.014496,0.0038147,0.062256
0.010071,0.0045776,0.067139
0.0094604,0.00015259,0.057373
0.009613,0,0.057373
0.014496,-0.0021362,0.063477
0.014954,-0.0030518,0.072021
0.018921,-0.0033569,0.058594
0.02243,-0.0022888,0.047607
0.023804,0.0035095,0.061035
0.023499,-0.00045776,0.061035
0.02182,0.00091553,0.064697
0.023193,0.0018311,0.065918
0.023651,0.0021362,0.063477
0.023956,0.00091553,0.065918
0.024567,-0.0033569,0.062256
0.023651,-0.0021362,0.063477
0.023956,-0.0032043,0.057373
0.025177,-0.0032043,0.061035
0.026398,-0.0022888,0.057373
0.031738,-0.0013733,0.056152
0.032501,-0.00030518,0.059814
0.033417,-0.0030518,0.045166
0.031738,-0.0036621,0.05127
0.029602,-0.0030518,0.048828
0.025635,-0.00076294,0.03418
0.024261,0.0013733,0.043945
0.024567,0.0016785,0.043945
0.02533,0.0013733,0.029297
0.024719,-0.00030518,0.042725
0.023346,-0.0010681,0.037842
0.02182,-0.00030518,0.041504
0.020294,0.0016785,0.039063
0.019073,0.0028992,0.040283
0.021057,0.0018311,0.03418
0.021362,0.00015259,0.036621
0.023804,-0.002594,0.040283
0.023804,-0.0021362,0.041504
0.022888,0.00045776,0.036621
0.021515,0.0022888,0.040283
0.018921,0.0039673,4.3823
0.018768,0.0016785,4.8755
0.019379,-0.0024414,4.917
0.021515,-0.0033569,4.9146
0.023346,-0.0033569,4.906
0.022278,-0.0018311,4.9182
0.023041,0.0013733,4.9207
0.020905,0.002594,4.9219
0.020752,0.0032043,4.9255
0.022736,0.0027466,4.9231
0.025024,0.0016785,4.9329
0.027771,0.00091553,4.9316
0.027771,0.00061035,4.9353
0.02594,0.00076294,4.928
0.023651,0.00015259,4.9329
0.022583,-0.0018311,4.9304
0.023346,-0.0041199,4.9341
0.025177,-0.0062561,4.939
0.02655,-0.0059509,4.9353
0.02594,-0.0064087,4.9329
0.022125,-0.0056458,4.9353
0.018005,-0.0047302,4.9353
0.015411,-0.0038147,4.9341
0.015106,-0.0012207,4.9329
0.018921,0,4.9353
0.022278,0.0013733,4.9316
0.026093,0.0016785,4.9255
0.027466,0.0013733,4.9304
0.028229,0.0012207,4.9182
0.026855,0.0012207,4.9243
0.026703,0.0032043,4.9194
0.027771,0.0041199,4.9207
0.028229,0.005188,4.9182
0.030212,0.0032043,4.9182
0.02594,0.00061035,4.9158
0.021973,-0.0010681,4.9182
0.018768,-0.0024414,4.9243
0.015564,-0.0036621,4.9182
0.015564,-0.004425,4.9219
0.017395,-0.0057983,4.9084
0.019684,-0.0099182,4.9036
0.021667,-0.010529,4.9097
0.020294,-0.012207,4.9097
0.019379,-0.012512,4.9084
0.017242,-0.011444,4.9072
0.016632,-0.0097656,4.906
0.016937,-0.0090027,4.9109
0.018005,-0.0071716,4.906
0.019379,-0.007782,4.9146
0.019531,-0.009613,4.9097
0.016632,-0.011139,4.917
0.019226,-0.0097656,4.9146
0.020294,-0.007019,4.9207
0.023041,-0.002594,4.9231
0.026245,0.0015259,4.9207
0.030518,0.0039673,4.9292
0.032959,0.0041199,4.928
0.030823,0.0036621,4.9292
0.03418,0.0038147,4.9316
0.032349,0.004425,4.9402
0.032196,0.0054932,4.9304
0.031891,0.0057983,4.9316
0.031738,0.0048828,4.9304
0.031891,0.0027466,4.9329
0.029755,0.00091553,4.9292
0.027161,0.00061035,4.9341
0.023499,0.0021362,4.9316
0.021667,0.0028992,4.9353
0.021362,0.0045776,4.9353
0.02243,0.0041199,4.9341
0.024719,0.0028992,4.9329
0.024414,0.0018311,4.9377
0.024872,0.00076294,0.073242
0.023651,0.00015259,0.061035
0.020752,-0.00076294,0.067139
0.016937,-0.00076294,0.057373
0.014191,-0.0018311,0.042725
0.011749,-0.0013733,0.05127
0.010529,-0.0028992,0.046387
0.0073242,-0.0039673,0.05127
0.0048828,-0.0033569,0.047607
0.0021362,-0.0035095,0.046387
0.0016785,-0.0032043,0.046387
0.0041199,-0.0030518,0.043945
0.0090027,-0.0028992,0.046387
0.014191,-0.002594,0.042725
0.018311,-0.0036621,0.043945
0.020447,-0.0041199,0.042725
0.020294,-0.0050354,0.041504
0.02121,-0.005188,0.047607
0.02121,-0.0041199,0.040283
0.023956,-0.0012207,0.037842
0.027924,0.0016785,0.042725
0.025024,0.0039673,0.026855
0.023499,0.0024414,0.037842
0.02121,0.0047302,0.041504
0.018311,0.0027466,0.037842
0.017853,-0.00030518,0.040283
0.018463,-0.0010681,0.040283
0.020752,-0.0036621,0.046387
0.021362,0.00030518,0.047607
0.021362,0.0019836,0.040283
0.018768,0.0036621,0.046387
0.016632,0.0047302,0.05249
0.013885,0.0074768,0.056152
0.012054,0.009613,0.059814
0.011597,0.010376,0.058594
0.011749,0.0085449,0.061035
0.011292,0.0057983,0.062256
0.010071,0.0032043,0.064697
0.0079346,0.0013733,0.062256
0.0061035,0.0022888,0.061035
0.0056458,0.0045776,0.05127
0.0071716,0.0057983,0.062256
0.0048828,0.0039673,0.064697
0.0094604,0.00061035,0.062256
0.0080872,-0.0050354,0.065918
0.007019,-0.0033569,0.061035
0.005188,-0.00061035,0.067139
0.0054932,0.0030518,0.063477
0.0067139,0.0062561,0.067139
0.010071,0.0064087,0.057373
0.013275,0.0039673,0.05249
0.015106,0.0015259,0.057373
0.017242,0.0015259,0.058594
0.016632,0.0019836,0.056152
0.016174,0.0047302,0.05249
0.015717,0.007019,0.05249
0.016937,0.0067139,0.048828
0.018463,0.0036621,0.047607
0.019989,-0.0013733,0.048828
0.020447,-0.004425,0.043945
0.018616,-0.0053406,0.039063
0.018158,-0.0024414,0.041504
0.017242,0.0024414,0.039063
0.018768,0.0062561,0.039063
0.021515,0.0067139,0.0354
0.025024,0.0067139,0.041504
0.027618,0.0071716,0.039063
0.026398,0.0041199,0.037842
0.023956,0.0054932,0.039063
0.021667,0.0074768,0.041504
0.020294,0.0082397,0.036621
0.02182,0.0073242,0.042725
0.023499,0.0056458,0.054932
0.025635,0.0033569,0.042725
0.026855,0.002594,0.05127
0.025482,0.0033569,0.041504
0.024261,0.0042725,0.028076
0.023804,0.0041199,0.050049
0.025635,0.0022888,4.4995
0.025787,-0.0012207,4.8926
0.026093,-0.0056458,4.8999
0.023499,-0.0093079,4.9194
0.021515,-0.011444,4.9304
0.016174,-0.0099182,4.9292
0.01358,-0.0085449,4.9304
0.013733,-0.0068665,4.9268
0.015869,-0.0054932,4.9255
0.018921,-0.0054932,4.9304
0.019684,-0.0045776,4.9255
0.020752,-0.0032043,4.9353
0.021667,-0.0024414,4.9341
0.023804,-0.0021362,4.9365
0.02655,-0.0033569,4.9341
0.029602,-0.004425,4.9463
0.03067,-0.0056458,4.9341
0.032196,-0.007019,4.9365
0.032349,-0.0067139,4.9329
0.032501,-0.0061035,4.9268
0.031433,-0.0039673,4.9219
0.029602,-0.0032043,4.928
0.028534,-0.0027466,4.9255
0.028229,-0.0027466,4.9231
0.028534,-0.0033569,4.917
0.029297,-0.005188,4.9243
0.029755,-0.0076294,4.9097
0.030212,-0.010681,4.9207
0.030365,-0.010071,4.9158
0.029602,-0.0079346,4.9182
0.03067,-0.0039673,4.9207
0.029907,-0.00091553,4.9158
0.030518,0.00091553,4.9121
0.029297,0.00076294,4.9133
0.028687,0.0021362,4.8987
0.025482,0.0036621,4.9084
0.02243,0.0050354,4.9109
0.02243,0.0057983,4.9072
0.022736,0.0054932,4.9048
0.023956,0.0047302,4.9109
0.024414,0.0028992,4.9109
0.025024,0.0032043,4.9072
0.025635,0.0024414,4.9097
0.024109,0.005188,4.9109
0.023193,0.0071716,4.917
0.02121,0.0080872,4.917
0.021057,0.0068665,4.9182
0.019073,0.0021362,4.917
0.0177,-0.002594,4.9243
0.015717,-0.0057983,4.9231
0.015869,-0.0064087,4.9146
0.016327,-0.0067139,4.9353
0.018311,-0.0039673,4.928
0.019836,-0.0030518,4.9182
0.019531,-0.004425,4.9292
0.019073,-0.004425,4.9292
0.018463,-0.0030518,4.928
0.017395,-0.0039673,4.9316
0.016022,-0.0035095,4.9304
0.014343,-0.0032043,4.9353
0.012665,-0.0033569,4.9316
0.011139,-0.007019,4.9341
0.010986,-0.010986,4.9304
0.011292,-0.014038,4.9377
0.011292,-0.014801,4.9353
0.011292,-0.012054,4.9377
0.010834,-0.0088501,4.9487
0.014648,-0.004425,4.9353
0.016785,-0.0027466,4.928
0.018768,-0.0036621,4.9292
0.021973,-0.0059509,4.9146
0.023956,-0.0085449,4.9219
0.024567,-0.0079346,4.9194
0.025635,-0.0064087,0.05127
0.027313,-0.0033569,0.046387
0.027618,-0.00076294,0.047607
0.027008,0,0.046387
0.025787,-0.0019836,0.043945
0.025177,-0.005188,0.043945
0.023651,-0.0048828,0.037842
0.022736,-0.0033569,0.042725
0.024261,-0.00030518,0.040283
0.025635,0.0021362,0.042725
0.028381,0.00045776,0.040283
0.03006,-0.0038147,0.039063
0.029449,-0.007782,0.045166
0.026703,-0.010834,0.041504
0.023651,-0.0091553,0.048828
0.018768,-0.0067139,0.037842
0.014648,-0.0036621,0.036621
0.011597,-0.0021362,0.042725
0.0091553,-0.0010681,0.040283
0.007782,-0.0030518,0.037842
0.0073242,-0.0054932,0.048828
0.0085449,-0.0074768,0.047607
0.013123,-0.0062561,0.05249
0.018768,-0.0062561,0.05249
0.023804,-0.0054932,0.057373
0.026703,-0.0047302,0.054932
0.027771,-0.0019836,0.061035
0.027771,0.00015259,0.061035
0.026398,0.0018311,0.062256
0.023804,0.0016785,0.06958
0.021515,0.00061035,0.064697
0.018005,-0.0035095,0.063477
0.015106,-0.007019,0.062256
0.013733,-0.0085449,0.057373
0.01358,-0.007782,0.061035
0.014496,-0.0045776,0.062256
0.019379,-0.0021362,0.064697
0.017548,0.00061035,0.068359
0.018921,0.0010681,0.064697
0.020142,0.0013733,0.063477
0.021057,0.0028992,0.062256
0.02243,0.0035095,0.065918
0.023041,0.0079346,0.058594
0.022736,0.010529,0.059814
0.021973,0.013428,0.057373
0.021515,0.015106,0.054932
0.013733,0.015717,0.05127
0.0093079,0.014343,0.05249
0.0033569,0.012207,0.061035
-0.0013733,0.0091553,0.050049
-0.0042725,0.0047302,0.056152
-0.0062561,-0.00015259,0.045166
-0.0057983,-0.005188,0.039063
-0.002594,-0.010529,0.040283
0.00076294,-0.013428,0.042725
0.0053406,-0.014954,0.040283
0.0093079,-0.015259,0.037842
0.011292,-0.01297,0.036621
0.011444,-0.0064087,0.041504
0.011139,0.0021362,0.036621
0.010681,0.01297,0.025635
0.010376,0.02182,0.037842
0.01297,0.028076,0.042725
0.015564,0.029449,0.039063
0.020294,0.026703,0.042725
0.027618,0.022736,0.05127
0.031586,0.019684,0.041504
0.0354,0.017853,0.045166
0.037842,0.014801,0.046387
0.036926,0.01236,0.040283
0.033417,0.0097656,0.047607
0.026245,0.0076294,0.030518
0.018158,0.0048828,0.054932
0.010071,0.0039673,0.057373
-0.00015259,0.0035095,0.045166
-0.0059509,0.0019836,0.059814
-0.0083923,0.0013733,0.059814
-0.0062561,-0.0012207,4.3335
-0.0019836,-0.0013733,4.8877
0.0057983,-0.0027466,4.9048
0.01297,-0.0016785,4.9268
0.015717,-0.0012207,4.9353
0.016937,0.0021362,4.9268
0.013885,0.0047302,4.9353
0.012665,0.0074768,4.9414
0.007782,0.0085449,4.939
0.0035095,0.0080872,4.9438
-0.0015259,0.0068665,4.9329
-0.0068665,0.007019,4.9207
-0.010223,0.0071716,4.9329
-0.010071,0.0061035,4.9292
-0.0068665,0.0048828,4.9219
-0.0010681,0.0036621,4.9255
0.0059509,0.0024414,4.9243
0.012665,0.0035095,4.9231
0.015564,0.0057983,4.9182
0.020294,0.0080872,4.9182
0.021973,0.010834,4.917
0.022125,0.012207,4.9182
0.022583,0.011597,4.9194
0.023041,0.010223,4.9207
0.023346,0.007782,4.9121
0.02182,0.0065613,4.9146
0.021667,0.0015259,4.9121
0.022125,0.00061035,4.906
0.021515,-0.0013733,4.9097
0.022125,-0.0032043,4.9109
0.023346,-0.0041199,4.9036
0.024872,-0.0032043,4.8926
0.02594,-0.0018311,4.9097
0.025177,0.00030518,4.9121
0.024261,0.0028992,4.9097
0.019836,0.0035095,4.906
0.019226,0.0018311,4.9109
0.016632,0.00030518,4.9048
0.014191,-0.0028992,4.9182
0.012207,-0.0035095,4.9121
0.010986,-0.0019836,4.9182
0.010071,-0.0021362,4.9207
0.0099182,-0.0016785,4.9255
0.011292,-0.0021362,4.9365
0.013885,-0.0048828,4.9268
0.016479,-0.0064087,4.9353
0.020142,-0.0076294,4.9304
0.024109,-0.0057983,4.9109
0.026855,-0.0024414,4.9292
0.029144,0.00076294,4.9329
0.030975,0.002594,4.9292
0.03006,0.0030518,4.928
0.031128,0.0027466,4.928
0.031738,0.0015259,4.9353
0.033417,0.002594,4.9353
0.03479,0.0033569,4.9353
0.036011,0.0041199,4.9316
0.036926,0.0032043,4.9365
0.037689,0.0027466,4.9353
0.039368,0.00076294,4.9341
0.039825,-0.0028992,4.9402
0.039368,-0.0064087,4.9316
0.037537,-0.0086975,4.9304
0.033722,-0.0071716,4.928
0.030975,-0.0057983,4.9329
0.026703,-0.0028992,4.9207
0.024567,-0.0018311,4.9207
0.023041,-0.0024414,4.9194
0.022888,-0.0045776,4.9207
0.023651,-0.0057983,4.9207
0.025024,-0.0065613,4.9158
0.026245,-0.0038147,4.9158
0.027313,-0.0036621,4.9121
0.028381,-0.0036621,0.25513
0.028839,-0.0057983,0.042725
0.028992,-0.0071716,0.041504
0.028839,-0.0065613,0.042725
0.029144,-0.0032043,0.040283
0.028839,0.0030518,0.041504
0.029755,0.0097656,0.05249
0.03006,0.014038,0.029297
0.030823,0.016174,0.05249
0.031738,0.015717,0.037842
0.034027,0.014343,0.030518
0.03479,0.011597,0.040283
0.034637,0.0080872,0.041504
0.033875,0.004425,0.043945
0.030212,0.00030518,0.046387
0.027618,-0.0038147,0.046387
0.024872,-0.0064087,0.050049
0.023499,-0.0056458,0.050049
0.023193,-0.0041199,0.057373
0.024261,0.00015259,0.054932
0.025787,0.0027466,0.059814
0.025482,0.0061035,0.059814
0.025635,0.0074768,0.059814
0.026703,0.0073242,0.065918
0.027161,0.0068665,0.064697
0.028381,0.0039673,0.062256
0.029297,-0.00015259,0.059814
0.029755,-0.0041199,0.068359
0.028381,-0.0076294,0.058594
0.026855,-0.0064087,0.063477
0.02594,-0.0048828,0.062256
0.027161,-0.0018311,0.065918
0.027771,-0.00015259,0.064697
0.027313,0.00015259,0.065918
0.026245,-0.0015259,0.057373
0.024567,-0.0035095,0.062256
0.023651,-0.0027466,0.057373
0.02243,-0.0022888,0.059814
0.021362,-0.0021362,0.057373
0.021515,-0.0033569,0.056152
0.019684,-0.0061035,0.050049
0.018921,-0.0071716,0.05127
0.019073,-0.0080872,0.063477
0.020447,-0.0071716,0.050049
0.022736,-0.0047302,0.050049
0.02533,-0.0013733,0.042725
0.027618,0.0012207,0.028076
0.03006,0.0016785,0.041504
0.031128,0.0024414,0.041504
0.029602,0.0027466,0.041504
0.034943,0.0019836,0.037842
0.035553,0.0018311,0.037842
0.036011,0.0019836,0.040283
0.036926,0.00061035,0.037842
0.036163,-0.0015259,0.042725
0.03479,-0.0073242,0.039063
0.033875,-0.007782,0.041504
0.033264,-0.010376,0.040283
0.029907,-0.011139,0.042725
0.031281,-0.0099182,0.042725
0.025024,-0.0099182,0.043945
0.02594,-0.0080872,0.042725
0.024414,-0.0079346,0.047607
0.023956,-0.0083923,0.053711
0.021515,-0.0071716,0.048828
0.020294,-0.0038147,0.046387
0.018463,-0.0039673,0.054932
0.0177,-0.0032043,0.056152
0.019226,-0.0036621,0.056152
0.020447,-0.004425,0.061035
0.020599,-0.0038147,0.056152
0.023956,-0.0045776,0.059814
0.024567,0.00045776,0.063477
0.02594,0.0028992,0.062256
0.025482,0.0041199,0.058594
0.026245,0.0035095,0.063477
0.025482,0.0027466,0.061035
0.022888,0.00015259,3.7671
0.020752,0.00015259,4.8718
0.018616,0.00076294,4.9292
0.016785,0.00030518,4.9341
0.016937,-0.0015259,4.9341
0.016937,-0.0022888,4.9268
0.018005,-0.0036621,4.9329
0.018005,-0.004425,4.928
0.01709,-0.0057983,4.9268
0.016632,-0.007019,4.9255
0.015106,-0.010223,4.9255
0.013733,-0.011902,4.9231
0.014496,-0.01236,4.9182
0.010834,-0.010376,4.9207
0.0097656,-0.0097656,4.9158
0.0093079,-0.0094604,4.9182
0.0099182,-0.0088501,4.9158
0.013885,-0.012512,4.9182
0.014038,-0.0079346,4.9109
0.015717,-0.007019,4.9158
0.01709,-0.0050354,4.9207
0.018311,-0.0035095,4.9109
0.017548,-0.0021362,4.9231
0.017395,-0.00030518,4.9109
0.016479,0.0018311,4.9036
0.015717,0.0039673,4.9036
0.014648,0.0038147,4.9146
0.016479,0.0054932,4.9109
0.017242,0.005188,4.9097
0.014496,0.0041199,4.906
0.019684,0.0013733,4.9109
0.021515,0.0019836,4.9109
0.023804,0.0027466,4.9158
0.024261,0.0033569,4.9121
0.024567,0.0030518,4.9207
0.026855,0.00091553,4.9194
0.022888,-0.0028992,4.9158
0.02182,-0.0048828,4.9365
0.019836,-0.0056458,4.9268
0.018768,-0.0038147,4.9243
0.017548,-0.0013733,4.9316
0.014801,-0.00091553,4.9268
0.013428,-0.0012207,4.9341
0.011444,-0.0015259,4.9451
0.009613,-0.004425,4.9316
0.0090027,-0.0062561,4.9304
0.010223,-0.0065613,4.928
0.011902,-0.0054932,4.9316
0.011597,-0.0039673,4.9329
0.012207,-0.0028992,4.9341
0.011902,-0.0018311,4.9329
0.01236,-0.002594,4.9377
0.012817,-0.00030518,4.9353
0.013885,-0.0018311,4.9365
0.014801,0.0013733,4.9365
0.014343,0.0032043,4.9341
0.015106,0.0036621,4.9377
0.017548,0.0021362,4.9304
0.018921,0.00076294,4.9353
0.02121,-0.00061035,4.9231
0.023346,-0.0021362,4.9133
0.025177,-0.0012207,4.9194
0.027618,0.0010681,4.917
0.028839,0.0030518,4.9182
0.029602,0.0039673,4.9182
0.031281,0.004425,4.9146
0.031586,0.0047302,4.9158
0.029144,0.0042725,4.9121
0.031433,0.0047302,4.9072
0.030975,0.0059509,4.9121
0.029907,0.005188,4.9109
0.028687,0.0032043,4.9133
0.028992,-0.0010681,4.9097
0.02655,-0.0053406,4.9036
0.023193,-0.010986,0.042725
0.020294,-0.011597,0.040283
0.017853,-0.012207,0.039063
0.014191,-0.010376,0.0354
0.012054,-0.0082397,0.040283
0.010986,-0.0048828,0.037842
0.010376,-0.0064087,0.041504
0.0074768,-0.0047302,0.043945
0.011597,-0.0033569,0.047607
0.012665,-0.0013733,0.05127
0.015717,0.0013733,0.05127
0.018921,0.0036621,0.056152
0.022888,0.0064087,0.058594
0.024567,0.0062561,0.057373
0.026703,0.0059509,0.058594
0.029144,0.0045776,0.058594
0.029144,0.0032043,0.059814
0.031586,0.0036621,0.065918
0.03418,0.0036621,0.06958
0.036163,0.004425,0.062256
0.037537,0.0047302,0.070801
0.037994,0.005188,0.062256
0.037537,0.0073242,0.045166
0.037231,0.0050354,0.063477
0.038147,0.0027466,0.057373
0.037689,0.00091553,0.065918
0.036163,-0.0013733,0.063477
0.033569,-0.004425,0.059814
0.031586,-0.0071716,0.065918
0.028534,-0.011139,0.062256
0.025635,-0.013428,0.059814
0.023804,-0.014648,0.054932
0.023041,-0.013275,0.059814
0.022125,-0.0076294,0.05249
0.021667,-0.0015259,0.05249
0.02121,0.0035095,0.061035
0.019989,0.007782,0.047607
0.020142,0.0093079,0.041504
0.018158,0.0094604,0.043945
0.021515,0.010376,0.036621
0.024109,0.011444,0.042725
0.026093,0.012817,0.042725
0.027618,0.010986,0.040283
0.028076,0.0083923,0.041504
0.026855,0.0047302,0.039063
0.026245,0.0033569,0.039063
0.025482,0.0030518,0.036621
0.023499,0.0022888,0.041504
0.02182,0.0056458,0.037842
0.02182,0.0067139,0.043945
0.022278,0.0053406,0.037842
0.021515,0.002594,0.045166
0.020142,-0.00076294,0.039063
0.019226,-0.0033569,0.042725
0.020447,-0.0059509,0.05127
0.021515,-0.0067139,0.045166
0.02121,-0.0074768,0.062256
0.019684,-0.0079346,0.047607
0.019379,-0.0074768,0.042725
0.016632,-0.0071716,0.05127
0.015869,-0.0061035,0.054932
0.015259,-0.004425,0.056152
0.016327,-0.0028992,0.058594
0.018616,-0.0021362,0.057373
0.020599,-0.00015259,0.062256
0.023346,0.00061035,0.061035
0.024414,0.0022888,0.062256
0.02594,0.0027466,0.059814
0.028076,0.002594,0.062256
0.03006,0.00045776,0.058594
0.031281,-0.0015259,0.061035
0.030212,-0.0035095,0.068359
0.028229,-0.0056458,0.065918
0.025482,-0.0061035,0.065918
0.022736,-0.0065613,0.064697
0.020905,-0.0067139,0.072021
0.020142,-0.0083923,0.064697
0.019073,-0.010071,4.5264
0.018616,-0.011444,4.8999
0.019531,-0.011597,4.9194
0.019531,-0.010223,4.9304
0.020294,-0.0067139,4.9243
0.021515,-0.0038147,4.917
0.024109,-0.00076294,4.9207
0.02655,0.00076294,4.9146
0.027924,0.0024414,4.9207
0.028076,0.0074768,4.917
0.028229,0.0048828,4.9194
0.027771,0.0056458,4.9146
0.030212,0.0056458,4.917
0.028534,0.0068665,4.917
0.029602,0.0065613,4.9121
0.03067,0.0059509,4.9121
0.03006,0.0047302,4.9097
0.028839,0.0021362,4.8914
0.027313,-0.0012207,4.9084
0.027771,-0.0050354,4.9072
0.024414,-0.0082397,4.9109
0.024109,-0.0099182,4.9084
0.023499,-0.0099182,4.9072
0.022736,-0.0093079,4.9097
0.020599,-0.0082397,4.9048
0.018768,-0.0088501,4.9133
0.018005,-0.0099182,4.9084
0.018921,-0.007782,4.9182
0.020905,-0.0053406,4.9182
0.023193,-0.0012207,4.9219
0.024261,0.0045776,4.9231
0.023041,0.0048828,4.9255
0.02121,0.010071,4.9255
0.02243,0.0090027,4.9292
0.020447,0.0022888,4.9414
0.020447,0.0050354,4.9329
0.020447,0.004425,4.917
0.019226,0.0054932,4.9329
0.01709,0.0065613,4.9304
0.013885,0.007019,4.9268
0.011444,0.0047302,4.9316
0.011139,0.0030518,4.9341
0.0097656,-0.00015259,4.9353
0.012207,-0.0010681,4.9329
0.013733,-0.00076294,4.9377
0.013885,0.0012207,4.9341
0.014648,0.00091553,4.9377
0.011902,-0.00076294,4.9304
0.011139,-0.0057983,4.9365
0.0097656,-0.010223,4.9402
0.009613,-0.01297,4.9292
0.010223,-0.01358,4.9268
0.011292,-0.011444,4.9231
0.012054,-0.0083923,4.9133
0.011139,-0.0067139,4.9207
0.010071,-0.0028992,4.9207
0.0097656,-0.0016785,4.9219
0.01236,-0.00030518,4.9194
0.011902,0.0015259,4.9146
0.01358,0.0054932,4.9133
0.015411,0.0091553,4.9097
0.016632,0.012207,4.917
0.0177,0.013275,4.9084
0.018463,0.01236,4.9121
0.019989,0.010681,4.9121
0.022736,0.011902,4.9146
0.025024,0.011139,4.9036
0.024414,0.0097656,4.9158
0.023193,0.0090027,4.9146
0.019684,0.0090027,4.9109
0.016327,0.0073242,4.9158
0.015717,0.0047302,4.9121
0.016632,0.0021362,4.8999
0.015869,-0.0016785,0.041504
0.016479,-0.0041199,0.042725
0.016327,-0.0073242,0.047607
0.015259,-0.0016785,0.048828
0.014496,0.0016785,0.043945
0.010223,0.0041199,0.054932
0.013885,0.0065613,0.057373
0.014954,0.0048828,0.058594
0.014954,0.0028992,0.058594
0.014954,0.0041199,0.063477
0.01236,0.0062561,0.059814
0.0090027,0.009613,0.064697
0.010834,0.014191,0.075684
0.010681,0.015564,0.063477
0.010986,0.014801,0.061035
0.011292,0.010681,0.061035
0.012665,0.0083923,0.05249
0.011139,0.0076294,0.062256
0.012817,0.0068665,0.064697
0.013123,0.007019,0.063477
0.01297,0.0065613,0.067139
0.014343,0.004425,0.061035
0.016022,0.0024414,0.064697
0.017548,0.00076294,0.061035
0.018768,-0.00045776,0.061035
0.019684,0.0018311,0.05127
0.019531,0.0022888,0.053711
0.020142,0.0027466,0.05249
0.021057,0.0015259,0.053711
0.021973,0.0016785,0.05249
0.020294,0.0010681,0.050049
0.019836,0.0027466,0.053711
0.021667,0.0032043,0.048828
0.021057,0.0024414,0.056152
0.020905,0.00061035,0.042725
0.020599,-0.0028992,0.029297
0.02121,-0.0054932,0.040283
0.023651,-0.0059509,0.041504
0.023346,-0.0085449,0.037842
0.023041,-0.0016785,0.039063
0.020752,0.00076294,0.036621
0.019226,-0.00015259,0.037842
0.018616,-0.0024414,0.037842
0.016785,-0.0059509,0.041504
0.020905,-0.015411,0.036621
0.023041,-0.0090027,0.041504
0.025024,-0.0057983,0.042725
0.028076,-0.0012207,0.043945
0.029449,0.00030518,0.05249
0.030365,-0.00061035,0.045166
0.032806,-0.0021362,0.05249
0.034637,-0.0027466,0.05127
0.036621,-0.0027466,0.042725
0.03891,-0.0012207,0.054932
0.038147,0.0018311,0.054932
0.035553,0.0035095,0.054932
0.032654,0.0028992,0.059814
0.031738,0.0016785,0.056152
0.032806,-0.00061035,0.058594
0.034027,-0.0010681,0.058594
0.034943,-0.00061035,0.067139
0.034485,0.00091553,0.059814
0.032501,0.0024414,0.062256
0.029907,0.0021362,0.061035
0.027771,0.0013733,0.065918
0.028229,-0.0013733,0.059814
0.028229,-0.004425,0.067139
0.029297,-0.0065613,0.075684
0.028687,-0.0067139,0.063477
0.027924,-0.005188,0.072021
0.025635,-0.0041199,0.065918
0.023041,-0.0041199,0.047607
0.022583,-0.0047302,0.061035
0.024109,-0.005188,0.056152
0.027924,-0.0048828,0.053711
0.03006,-0.0039673,0.054932
0.031281,-0.0019836,0.047607
0.032196,0.0015259,3.6157
0.032043,0.0042725,4.8376
0.032196,0.005188,4.9146
0.036774,0.0061035,4.9158
0.039368,0.0050354,4.9182
0.041046,0.0033569,4.917
0.040436,0.0018311,4.9146
0.037994,0.0019836,4.9194
0.032806,0.0027466,4.9121
0.029297,0.0033569,4.9084
0.028534,0.002594,4.9121
0.028534,0.0010681,4.8938
0.029297,-0.0010681,4.9109
0.028839,-0.0032043,4.9036
0.027008,-0.0038147,4.9121
0.024872,-0.002594,4.9072
0.024414,-0.0018311,4.9048
0.025177,-0.0015259,4.9121
0.025635,-0.0022888,4.9097
0.026398,-0.0013733,4.9109
0.026398,-0.0038147,4.9109
0.024872,-0.0038147,4.9194
0.024719,-0.0033569,4.9182
0.024261,-0.0038147,4.9268
0.025787,-0.0013733,4.9207
0.027313,0.0012207,4.928
0.029602,0.0030518,4.9329
0.032196,0.004425,4.9268
0.034027,0.0065613,4.9451
0.03479,0.0080872,4.9316
0.034027,0.0082397,4.9219
0.033417,0.0076294,4.9316
0.033569,0.0050354,4.9268
0.03418,0.002594,4.9304
0.034637,-0.0019836,4.9292
0.034943,-0.0039673,4.9304
0.033417,-0.0053406,4.9304
0.03006,-0.0068665,4.9304
0.025177,-0.0080872,4.9365
0.022125,-0.0094604,4.9133
0.020447,-0.011597,4.9365
0.019684,-0.014191,4.9353
0.019684,-0.015106,4.9353
0.018768,-0.013733,4.9353
0.017395,-0.0083923,4.9304
0.016632,-0.002594,4.9243
0.019226,0.0035095,4.9255
0.023651,0.0076294,4.9292
0.029907,0.0094604,4.9219
0.034637,0.0085449,4.9182
0.037689,0.0073242,4.9207
0.038452,0.0085449,4.9194
0.035553,0.011139,4.9207
0.034027,0.012665,4.9146
0.032806,0.011902,4.9109
0.033264,0.0083923,4.9109
0.036163,0.0041199,4.9097
0.033112,0.00045776,4.9109
0.028992,-0.0016785,4.9097
0.027771,-0.0032043,4.9133
0.023956,-0.0030518,4.9109
0.022278,-0.0010681,4.9158
0.023499,0.00076294,4.9219
0.024872,-0.0024414,4.9097
0.026855,0,4.9182
0.025787,-0.00015259,4.9109
0.022888,-0.0013733,4.8962
0.020294,0.00091553,4.9133
0.0177,0.0021362,4.9121
0.017853,0.0032043,4.9158
0.018768,0.0027466,4.9158
0.019226,0.00076294,4.9182
0.019073,-0.0018311,4.9231
0.016174,-0.0022888,0.056152
0.015564,-0.0019836,0.058594
0.013123,0.00015259,0.056152
0.01358,0.0027466,0.061035
0.015259,0.0045776,0.058594
0.014038,0.0047302,0.064697
0.019226,0.0016785,0.06958
0.019379,-0.0016785,0.062256
0.017853,-0.002594,0.061035
0.016479,-0.0030518,0.062256
0.016022,-0.0033569,0.072021
0.016785,-0.0033569,0.062256
0.019073,-0.0074768,0.045166
0.019989,-0.0067139,0.064697
0.019989,-0.0086975,0.068359
0.019531,-0.0076294,0.065918
0.019073,-0.005188,0.067139
0.020447,-0.0024414,0.059814
0.023041,0.00045776,0.062256
0.026703,0.0028992,0.057373
0.028687,0.0024414,0.061035
0.030975,0.00015259,0.053711
0.029297,-0.00030518,0.053711
0.026703,-0.0016785,0.05127
0.022736,-0.00045776,0.05249
0.020294,-0.00045776,0.054932
0.019836,0.0015259,0.047607
0.018005,0.0018311,0.056152
0.016479,0.00030518,0.043945
0.012817,-0.0012207,0.043945
0.0097656,-0.0015259,0.040283
0.0064087,-0.00015259,0.040283
0.0053406,0.0015259,0.039063
0.0067139,0.004425,0.042725
0.010223,0.0065613,0.039063
0.013123,0.0062561,0.040283
0.015564,0.0062561,0.036621
0.01709,0.0032043,0.043945
0.01709,0.0027466,0.036621
0.018311,0.0022888,0.041504
0.019226,0.0018311,0.042725
0.021057,0.0019836,0.045166
0.021667,0.0033569,0.041504
0.021362,0.0022888,0.045166
0.019379,0.00030518,0.045166
0.016937,-0.00015259,0.045166
0.014191,0.00030518,0.054932
0.014038,0.0019836,0.05249
0.016327,0.0035095,0.047607
0.019684,0.0036621,0.053711
0.021667,0.0036621,0.057373
0.022888,0.0030518,0.061035
0.026245,0.0021362,0.061035
0.021515,0.0033569,0.059814
0.020294,0.0061035,0.061035
0.021667,0.0076294,0.059814
0.022888,0.0076294,0.062256
0.02243,0.0074768,0.057373
0.02182,0.0041199,0.064697
0.019989,0.0028992,0.062256
0.018158,0.0030518,0.063477
0.017242,0.004425,0.079346
0.018158,0.0050354,0.067139
0.020599,0.0050354,0.063477
0.022125,0.0018311,0.065918
0.024872,-0.0018311,0.050049
0.02533,-0.0065613,0.058594
0.028381,-0.0074768,0.053711
0.02594,-0.0053406,0.053711
0.026703,-0.00061035,0.053711
0.028687,0.0047302,0.050049
0.030365,0.0064087,0.050049
0.031891,0.0059509,0.047607
0.030518,0.0027466,0.050049
0.028839,-0.0016785,0.040283
0.026703,-0.0042725,0.047607
0.02594,-0.0053406,0.047607
0.025787,-0.0050354,2.3291
0.026093,-0.0035095,4.7583
0.02594,-0.0039673,4.9011
0.024109,-0.0056458,4.9097
0.020752,-0.0056458,4.9109
0.020142,-0.0059509,4.9146
0.02243,-0.0036621,4.9084
0.022125,0,4.9133
0.024109,0.0018311,4.9097
0.026703,0.0027466,4.9084
0.026245,0.0015259,4.9072
0.027466,-0.00030518,4.9097
0.028839,-0.0024414,4.9109
0.03006,-0.0032043,4.9109
0.031281,-0.0033569,4.9084
0.032959,-0.0036621,4.9207
0.033112,-0.0036621,4.9133
0.032501,-0.0045776,4.9207
0.029907,-0.005188,4.9207
0.027313,-0.0053406,4.9243
0.026398,-0.0041199,4.9365
0.025024,-0.0019836,4.9268
0.024109,-0.00030518,4.9377
0.023346,0.0019836,4.9255
0.023346,0.0032043,4.9304
0.023041,0.002594,4.9329
0.023804,0.0018311,4.928
0.024109,0.00061035,4.9292
0.023956,-0.00030518,4.9304
0.023346,0.00015259,4.9304
0.023041,0.0010681,4.9329
0.023193,0.0019836,4.9316
0.023346,0.0012207,4.9365
0.023193,0.0010681,4.9353
0.023041,0.0015259,4.9329
0.023499,0.0019836,4.9353
0.024261,0.0024414,4.9353
0.026093,0.0032043,4.928
0.029144,0.0047302,4.9268
0.030212,0.0061035,4.9377
0.029907,0.0054932,4.9292
0.027618,0.004425,4.9304
0.027161,0.0036621,4.9255
0.02594,0.0024414,4.9146
0.023499,0.00030518,4.9182
0.023651,-0.0013733,4.9121
0.022125,-0.0024414,4.9194
0.020294,-0.0042725,4.9133
0.018921,-0.0064087,4.9109
0.018158,-0.0083923,4.9121
0.018768,-0.0091553,4.9121
0.019684,-0.011444,4.9121
0.020905,-0.0065613,4.9084
0.022278,-0.0038147,4.917
0.022583,-0.00045776,4.9084
0.022583,-0.00030518,4.9194
0.023499,-0.0016785,4.9146
0.023804,-0.0021362,4.9084
0.024567,-0.0021362,4.9084
0.024567,-0.0015259,4.8987
0.025482,0.00061035,4.8987
0.02533,0.0013733,4.9109
0.026245,-0.00076294,4.8999
0.027008,0.0010681,4.9146
0.028076,-0.00091553,4.9146
0.028687,-0.00091553,4.9109
0.029907,-0.0015259,4.9207
0.030975,-0.0032043,4.9219
0.031891,-0.0061035,4.9268
0.031433,-0.0048828,4.9255
0.03067,-0.007019,4.9304
0.028381,-0.0079346,4.9304
0.025635,-0.007782,4.9353
0.02182,-0.0067139,0.061035
0.019684,-0.0079346,0.064697
0.018005,-0.0056458,0.064697
0.015869,-0.007019,0.053711
0.013885,-0.0090027,0.073242
0.016174,-0.010223,0.062256
0.016479,-0.010834,0.053711
0.019989,-0.010986,0.063477
0.022278,-0.0047302,0.063477
0.024261,-0.0016785,0.063477
0.025482,0,0.06958
0.02655,-0.00015259,0.061035
0.027618,0,0.062256
0.029907,0.0010681,0.056152
0.031738,0.0024414,0.057373
0.032043,0.0050354,0.05249
0.032959,0.0057983,0.053711
0.033875,0.0028992,0.054932
0.034332,0.0022888,0.05127
0.036011,-0.00015259,0.05249
0.036469,-0.0018311,0.050049
0.033569,-0.0027466,0.047607
0.033569,-0.00076294,0.046387
0.03067,0.0018311,0.037842
0.029449,0.0036621,0.041504
0.027313,0.0045776,0.041504
0.026855,0.0048828,0.039063
0.025787,0.0039673,0.039063
0.024261,0.0013733,0.037842
0.021362,-0.00091553,0.043945
0.018768,-0.0018311,0.037842
0.018616,-0.0018311,0.041504
0.016937,-0.00045776,0.036621
0.015106,0.0010681,0.041504
0.014954,0.0027466,0.041504
0.014038,0.0032043,0.042725
0.015869,0.0039673,0.039063
0.012817,0.0054932,0.045166
0.015259,0.007782,0.054932
0.0177,0.009613,0.047607
0.019836,0.0097656,0.059814
0.021973,0.0093079,0.05127
0.022888,0.0064087,0.037842
0.021667,0.0022888,0.054932
0.020905,-0.0019836,0.054932
0.019684,-0.0032043,0.056152
0.018158,-0.0033569,0.058594
0.017242,-0.0036621,0.058594
0.015717,-0.0035095,0.062256
0.015106,-0.0036621,0.061035
0.014038,-0.0035095,0.063477
0.013123,-0.0021362,0.059814
0.015106,0.0018311,0.064697
0.016785,0.010834,0.063477
0.017548,0.009613,0.064697
0.018921,0.010529,0.076904
0.019379,0.0091553,0.065918
0.019379,0.0071716,0.065918
0.017242,0.007019,0.064697
0.014496,0.0085449,0.072021
0.012817,0.011292,0.059814
0.01297,0.015411,0.057373
0.011444,0.01236,0.058594
0.010529,0.010681,0.054932
0.0093079,0.0094604,0.050049
0.0097656,0.0086975,0.05249
0.009613,0.0093079,0.047607
0.010223,0.011597,0.048828
0.011292,0.013428,0.045166
0.0099182,0.013123,0.048828
0.0082397,0.010986,0.046387
0.0074768,0.0082397,0.046387
0.007782,0.005188,0.043945
0.0080872,0.0038147,0.043945
0.009613,0.0059509,0.050049
0.0093079,0.0088501,0.043945
0.010834,0.010681,0.05127
0.0085449,0.011139,0.037842
0.007782,0.0088501,4.5325
0.0079346,0.0068665,4.8865
0.0082397,0.0048828,4.9048
0.0093079,0.0028992,4.9072
0.0085449,0.0056458,4.9072
0.007782,0.0099182,4.9072
0.0061035,0.007782,4.9109
0.0056458,0.0085449,4.9084
0.007019,0.0076294,4.9146
0.0083923,0.0080872,4.9133
0.011444,0.012512,4.9182
0.013123,0.0083923,4.9231
0.015106,0.0093079,4.9255
0.015564,0.007782,4.9207
0.014038,0.0048828,4.928
0.014496,0.0027466,4.9268
0.014038,0.0015259,4.9316
0.014648,0.0010681,4.9402
0.016022,0.0013733,4.9329
0.016327,0.00076294,4.9194
0.016479,0.00061035,4.928
0.016937,0.00015259,4.9353
0.017395,-0.00076294,4.9316
0.018311,-0.00030518,4.9292
0.020447,-0.00030518,4.9304
0.022278,0.0033569,4.9353
0.023956,0.0064087,4.9341
0.024872,0.010223,4.9365
0.024567,0.012817,4.9304
0.024261,0.010834,4.9377
0.022278,0.0073242,4.9316
0.021667,0.0028992,4.9341
0.021057,-0.00091553,4.9438
0.020447,-0.0019836,4.9292
0.018311,-0.0013733,4.9255
0.01709,-0.0010681,4.9243
0.013885,-0.0019836,4.9036
0.01358,-0.004425,4.9182
0.014648,-0.0071716,4.917
0.016327,-0.0071716,4.917
0.018005,-0.0061035,4.9194
0.020294,-0.0027466,4.9133
0.021515,-0.00030518,4.9158
0.022736,0.0018311,4.9109
0.023499,0.00091553,4.9133
0.024414,-0.0021362,4.9048
0.025177,-0.0053406,4.9146
0.02533,-0.007019,4.9109
0.024414,-0.0053406,4.9121
0.025177,-0.002594,4.9109
0.023956,0.00015259,4.9109
0.02533,0.0019836,4.9121
0.027313,0.0030518,4.9109
0.029602,0.005188,4.9146
0.032043,0.0057983,4.9109
0.032806,0.0064087,4.9011
0.033875,0.0064087,4.9121
0.033722,0.0047302,4.9121
0.032654,0.0027466,4.9158
0.031738,0.0010681,4.9182
0.030365,-0.0021362,4.9194
0.031281,-0.0050354,4.9243
0.030823,-0.0073242,4.9243
0.030823,-0.0067139,4.9304
0.030212,-0.0056458,4.9268
0.029449,-0.0036621,4.9304
0.028229,-0.0015259,4.9329
0.026855,0.0018311,4.9329
0.026703,0.0047302,4.9414
0.026398,0.0059509,4.9329
0.026245,0.0065613,4.9365
0.026245,0.0080872,4.9377
0.025635,0.007782,0.059814
0.027313,0.0091553,0.062256
0.028229,0.010986,0.065918
0.03006,0.012054,0.064697
0.031738,0.012665,0.063477
0.033417,0.010986,0.061035
0.034027,0.010834,0.065918
0.032501,0.0099182,0.057373
0.032806,0.0062561,0.063477
0.031891,0.0048828,0.054932
0.031433,0.0032043,0.056152
0.030518,0.0013733,0.054932
0.028839,-0.00045776,0.053711
0.027618,-0.0015259,0.048828
0.025787,-0.002594,0.05127
0.025177,-0.0045776,0.057373
0.024719,-0.0062561,0.045166
0.024872,-0.007782,0.053711
0.02655,-0.0079346,0.045166
0.027771,-0.0067139,0.032959
0.029297,-0.0062561,0.039063
0.030518,-0.004425,0.042725
0.031891,-0.0024414,0.028076
0.033417,0.00061035,0.039063
0.034637,0.0035095,0.036621
0.035553,0.007782,0.040283
0.034637,0.010071,0.0354
0.033417,0.0097656,0.040283
0.031281,0.0091553,0.040283
0.031128,0.0064087,0.041504
0.03006,0.0041199,0.040283
0.03067,0.0019836,0.041504
0.029907,0.0024414,0.058594
0.029449,0.0010681,0.043945
0.028381,0.0013733,0.053711
0.03067,0.0016785,0.048828
0.027618,0.0010681,0.036621
0.026855,0.0012207,0.053711
0.024567,0.0010681,0.054932
0.022125,-0.00061035,0.056152
0.018768,-0.0018311,0.059814
0.015106,-0.0015259,0.057373
0.014038,-0.0080872,0.062256
0.014038,-0.0088501,0.059814
0.016022,-0.009613,0.062256
0.016022,-0.0082397,0.057373
0.017242,-0.0062561,0.054932
0.018158,-0.0039673,0.061035
0.020752,-0.0012207,0.063477
0.024567,0.00045776,0.06958
0.027466,0.004425,0.067139
0.03067,0.004425,0.06958
0.032349,0.010681,0.065918
0.033417,0.010529,0.076904
0.034332,0.0085449,0.063477
0.035553,0.005188,0.056152
0.039368,0.0022888,0.061035
0.036469,0.0039673,0.054932
0.037079,0.00030518,0.048828
0.035248,0.0010681,0.05127
0.035553,0.0012207,0.048828
0.030518,0.0012207,0.050049
0.028076,0.0016785,0.046387
0.027008,0.00061035,0.048828
0.027161,0.00030518,0.042725
0.028687,0.0010681,0.047607
0.027618,0.0016785,0.042725
0.026093,0.0024414,0.042725
0.023346,0.00091553,0.047607
0.021057,-0.0016785,0.042725
0.019379,-0.0042725,0.042725
0.018921,-0.0056458,0.039063
0.018005,-0.0050354,0.030518
0.01709,-0.0021362,0.039063
0.015259,-0.00061035,0.037842
0.018158,0.00061035,0.039063
0.013885,0.00030518,0.036621
0.014496,-0.0019836,0.037842
0.015717,-0.0030518,4.5935
0.016785,-0.0016785,4.8853
0.018158,0.00015259,4.9097
0.018311,0.0022888,4.9133
0.016632,0.0010681,4.9182
0.016174,-0.0013733,4.9194
0.018463,-0.0021362,4.9243
0.019073,-0.0027466,4.9207
0.019684,-0.0027466,4.9292
0.020599,-0.0010681,4.9292
0.019989,-0.0015259,4.9158
0.018158,-0.0024414,4.9414
0.018158,-0.0045776,4.9292
0.019379,-0.0057983,4.9158
0.020294,-0.0050354,4.928
0.02121,-0.0045776,4.9341
0.021515,-0.0033569,4.9316
0.019989,-0.0032043,4.9365
0.019836,-0.0030518,4.9304
0.018158,-0.0033569,4.9341
0.013123,-0.0021362,4.9329
0.016479,0.00045776,4.9353
0.015259,0.0015259,4.9316
0.01297,0.00061035,4.9426
0.012054,0,4.928
0.011292,-0.00061035,4.9304
0.012054,0.0012207,4.939
0.013733,0.00045776,4.9304
0.015411,0.0013733,4.9243
0.0177,0.0016785,4.9243
0.015717,0.0016785,4.9219
0.016937,0.0032043,4.9194
0.017548,0.0039673,4.917
0.017853,0.0053406,4.9194
0.01709,0.0071716,4.9194
0.018921,0.0067139,4.9097
0.0177,0.0083923,4.9146
0.018005,0.0016785,4.9109
0.018311,0.004425,4.9121
0.020294,0.0033569,4.9048
0.02121,0.002594,4.9133
0.021362,0.0013733,4.9109
0.019684,0.002594,4.9146
0.018463,0.0015259,4.9084
0.016479,0.0027466,4.9121
0.014496,0.0041199,4.9194
0.01297,0.0054932,4.8975
0.011139,0.0035095,4.9243
0.0097656,0.0050354,4.9072
0.0094604,0.0033569,4.9036
0.0094604,0.0019836,4.9146
0.011292,0,4.9146
0.015869,0,4.9133
0.014801,0.00030518,4.9207
0.015411,-0.00045776,4.9207
0.015564,-0.00091553,4.9255
0.014343,-0.002594,4.9231
0.010986,-0.0041199,4.9304
0.01297,-0.004425,4.9268
0.011902,-0.0062561,4.9341
0.012054,-0.0059509,4.9341
0.012512,-0.0053406,4.9341
0.015259,-0.0045776,4.9329
0.018158,-0.0030518,4.9268
0.02121,-0.0013733,4.9292
0.024567,-0.0015259,4.9353
0.026093,0.00015259,4.9451
0.027313,-0.00045776,4.9329
0.026703,-0.00015259,4.9438
0.026245,0.00030518,4.9329
0.025024,-0.00015259,4.9341
0.023346,0.00045776,0.062256
0.021515,0.00015259,0.05249
0.019684,-0.0032043,0.058594
0.020447,-0.0042725,0.061035
0.020142,-0.0050354,0.054932
0.020905,-0.0039673,0.056152
0.022125,-0.00076294,0.056152
0.022125,0.00076294,0.054932
0.021667,0.0022888,0.046387
0.019989,0.00076294,0.05127
0.018921,-0.0015259,0.062256
0.018921,-0.0028992,0.046387
0.018311,-0.0024414,0.05249
0.018616,-0.0015259,0.03418
0.017548,-0.0024414,0.029297
0.018005,-0.00091553,0.039063
0.016632,-0.0033569,0.041504
0.015717,-0.0062561,0.039063
0.017395,-0.007019,0.041504
0.020294,-0.0068665,0.032959
0.02182,-0.0035095,0.043945
0.023193,-0.00091553,0.037842
0.023193,0.0012207,0.040283
0.023804,0.0027466,0.036621
0.023041,0.0015259,0.042725
0.022125,0.00030518,0.041504
0.02243,-0.00045776,0.043945
0.023041,-0.00091553,0.048828
0.021973,0.00030518,0.047607
0.021057,0.0021362,0.046387
0.019836,0.0033569,0.050049
0.019684,0.0033569,0.048828
0.019836,0.0030518,0.05249
0.02182,0.0022888,0.05127
0.023346,0.0012207,0.058594
0.023956,0.00045776,0.058594
0.023804,-0.00030518,0.058594
0.023041,-0.00061035,0.057373
0.021515,0.00030518,0.061035
0.02182,0.0012207,0.062256
0.02121,0.0027466,0.062256
0.020599,0.0036621,0.062256
0.020905,0.0041199,0.057373
0.020294,0.0056458,0.063477
0.019379,0.0062561,0.064697
0.017853,0.0068665,0.064697
0.019989,0.0065613,0.076904
0.020142,0.0050354,0.065918
0.020294,0.0028992,0.06958
0.02182,0.0022888,0.064697
0.023193,0.0038147,0.054932
0.021515,0.0053406,0.056152
0.018768,0.0057983,0.056152
0.01709,0.0041199,0.05127
0.014343,0.0015259,0.05249
0.014801,-0.00045776,0.048828
0.015564,-0.0018311,0.047607
0.017395,-0.00061035,0.046387
0.019989,0.00045776,0.050049
0.022125,0.00091553,0.045166
0.023041,0,0.046387
0.022583,-0.0015259,0.046387
0.019989,-0.0036621,0.046387
0.02121,-0.0048828,0.040283
0.02121,-0.0045776,0.041504
0.022278,-0.002594,0.045166
0.02243,-0.00076294,0.041504
0.024261,0,0.046387
0.022888,0.00030518,0.039063
0.022583,-0.00045776,0.037842
0.023499,-0.0012207,0.037842
0.025024,0.00030518,0.040283
0.025482,0.0022888,0.037842
0.02594,0.0038147,0.037842
0.02533,0.004425,0.040283
0.024719,0.0027466,0.045166
0.022583,-0.00015259,0.043945
0.020142,-0.0032043,0.050049
0.021515,-0.0080872,2.7429
0.02121,-0.010223,4.7937
0.020905,-0.010681,4.9146
0.019989,-0.0080872,4.9243
0.018005,-0.005188,4.9365
0.016632,-0.0024414,4.9304
0.012665,-0.00076294,4.9316
0.014801,-0.00030518,4.9329
0.016785,0.00015259,4.9255
0.019836,0.0010681,4.928
0.024261,0.0038147,4.928
0.027161,0.0056458,4.9304
0.028229,0.0067139,4.928
0.029144,0.0067139,4.928
0.029602,0.0061035,4.9353
0.032806,0.0080872,4.9329
0.033722,0.010834,4.9365
0.033112,0.012512,4.9329
0.031738,0.014801,4.9402
0.028534,0.014038,4.9329
0.027161,0.011292,4.9329
0.025635,0.0079346,4.9304
0.025787,0.0030518,4.9304
0.02594,-0.00045776,4.9341
0.024414,-0.0015259,4.9243
0.023651,-0.0015259,4.9365
0.02182,-0.00015259,4.9207
0.018921,0.0012207,4.9121
0.015411,0.0030518,4.9158
0.013275,0.0035095,4.9194
0.01236,0.0053406,4.9146
0.012207,0.0074768,4.9146
0.011749,0.0091553,4.9121
0.012665,0.011749,4.9121
0.012207,0.011292,4.906
0.015106,0.0090027,4.9109
0.0177,0.010681,4.9084
0.020294,0.0067139,4.9146
0.020905,0.0073242,4.9133
0.019379,0.0090027,4.9121
0.016937,0.0076294,4.9133
0.013733,0.0048828,4.9133
0.010986,0,4.9097
0.010376,-0.0022888,4.9109
0.010071,-0.00030518,4.9097
0.012054,0.0042725,4.9158
0.014496,0.0080872,4.9036
0.017548,0.0099182,4.9158
0.019073,0.010376,4.9207
0.020447,0.0076294,4.9219
0.020447,0.0086975,4.9231
0.021667,0.0013733,4.9243
0.022583,0.0041199,4.928
0.021667,0.0042725,4.928
0.019684,0.0050354,4.9329
0.016479,0.0036621,4.9316
0.014343,0.004425,4.9329
0.01358,0.0028992,4.928
0.013428,0.0024414,4.9329
0.014954,0.0028992,4.9377
0.015869,0.0045776,4.9329
0.014954,0.0062561,4.9365
0.01358,0.007782,4.9353
0.011749,0.0088501,4.9207
0.010376,0.007782,4.9316
0.0091553,0.0056458,4.9292
0.010071,0.0033569,4.9353
0.011597,0.0038147,4.9329
0.012512,0.0050354,4.9316
0.012207,0.0076294,4.9329
0.010223,0.011749,4.9255
0.010529,0.014648,4.9255
0.0090027,0.015869,0.050049
0.010529,0.01358,0.063477
0.012665,0.010223,0.046387
0.014343,0.0065613,0.050049
0.016937,0.0047302,0.054932
0.016785,0.0050354,0.045166
0.016479,0.0061035,0.043945
0.014496,0.0073242,0.043945
0.012665,0.0053406,0.032959
0.014343,0.0024414,0.040283
0.014496,0.00076294,0.041504
0.016479,-0.0012207,0.037842
0.016174,-0.00030518,0.041504
0.014801,0.0022888,0.0354
0.012054,0.004425,0.039063
0.010223,0.0068665,0.036621
0.010223,0.0013733,0.039063
0.012054,0.0010681,0.037842
0.012054,-0.00015259,0.042725
0.0094604,0.00061035,0.039063
0.012207,0.0027466,0.043945
0.011292,0.0053406,0.043945
0.011444,0.0065613,0.046387
0.011444,0.0076294,0.053711
0.01358,0.0085449,0.05127
0.013275,0.0094604,0.065918
0.018616,0.009613,0.05249
0.019684,0.011444,0.046387
0.019531,0.010834,0.058594
0.021057,0.0080872,0.059814
0.023041,0.0045776,0.056152
0.023041,0.00045776,0.062256
0.026245,-0.0038147,0.059814
0.026093,-0.007019,0.062256
0.024872,-0.0088501,0.061035
0.02243,-0.0071716,0.064697
0.020142,-0.007019,0.057373
0.017548,-0.0068665,0.064697
0.017395,-0.0082397,0.067139
0.018005,-0.010986,0.068359
0.017548,-0.01236,0.072021
0.018311,-0.012207,0.067139
0.015564,-0.010529,0.065918
0.014191,-0.007019,0.064697
0.01236,-0.0054932,0.067139
0.012207,-0.0053406,0.054932
0.013885,-0.007019,0.053711
0.016022,-0.0093079,0.05249
0.01709,-0.0097656,0.050049
0.017242,-0.0088501,0.048828
0.017548,-0.0053406,0.047607
0.017548,-0.002594,0.045166
0.019226,-0.0015259,0.048828
0.021362,-0.0019836,0.042725
0.024109,-0.0039673,0.047607
0.026398,-0.0056458,0.045166
0.027771,-0.0054932,0.042725
0.027313,-0.0033569,0.041504
0.026093,-0.0019836,0.042725
0.02594,-0.0012207,0.053711
0.027008,-0.002594,0.040283
0.027313,-0.0041199,0.047607
0.028839,-0.005188,0.039063
0.028381,-0.0045776,0.023193
0.026855,-0.0016785,0.037842
0.024719,0.0015259,0.041504
0.021362,0.0039673,0.036621
0.020294,0.0039673,0.039063
0.021515,0.0018311,0.037842
0.023041,-0.0013733,0.045166
0.024414,-0.0045776,0.045166
0.023193,-0.0053406,0.047607
0.02182,-0.0045776,0.046387
0.019379,-0.0016785,0.056152
0.018768,-0.00030518,0.054932
0.019989,-0.00061035,0.058594
0.022583,-0.0018311,0.065918
0.024109,-0.0022888,0.062256
0.024261,-0.0036621,4.2432
0.022736,-0.0022888,4.8865
0.020142,0.00030518,4.9353
0.019226,0.0015259,4.9194
0.020447,0.0015259,4.9194
0.023804,-0.00076294,4.9292
0.027161,-0.0035095,4.9292
0.030212,-0.0039673,4.9292
0.029449,-0.0035095,4.9329
0.028534,-0.0019836,4.9292
0.025635,-0.00045776,4.939
0.024719,0.0010681,4.9329
0.02594,0.00045776,4.9341
0.028534,-0.0016785,4.9292
0.030518,-0.0047302,4.9329
0.029449,-0.0064087,4.928
0.026855,-0.0067139,4.9292
0.022888,-0.0059509,4.9341
0.021057,-0.005188,4.9243
0.02121,-0.0036621,4.9194
0.022278,-0.0039673,4.9243
0.024261,-0.0016785,4.906
0.023193,-0.0013733,4.9158
0.020294,0.00076294,4.9158
0.017395,0.0022888,4.9133
0.01709,0.0032043,4.9146
0.018921,0.0047302,4.9121
0.023041,0.0048828,4.9109
0.027618,0.0054932,4.9097
0.029907,0.0036621,4.9109
0.030365,0.0032043,4.9011
0.029449,0.0035095,4.9084
0.027008,0.0047302,4.9109
0.027161,0.0042725,4.9109
0.027924,0.0038147,4.9084
0.028229,0.0042725,4.9133
0.029602,0.00091553,4.9121
0.028839,-0.0024414,4.9109
0.028076,-0.0038147,4.9194
0.025787,-0.0056458,4.9133
0.024567,-0.0067139,4.9036
0.025177,-0.0059509,4.9133
0.026093,-0.0059509,4.9146
0.026703,-0.0047302,4.9231
0.023804,-0.0050354,4.9207
0.016327,-0.0047302,4.9231
0.015869,-0.007019,4.9292
0.011292,-0.0071716,4.9304
0.010376,-0.0073242,4.9353
0.012054,-0.0062561,4.9268
0.015259,-0.0061035,4.9341
0.018158,-0.0053406,4.9304
0.019836,-0.0038147,4.9268
0.021362,0.00045776,4.9426
0.02121,0.0048828,4.9341
0.023499,0.009613,4.9304
0.025787,0.013733,4.9365
0.028381,0.014343,4.9316
0.028229,0.011749,4.9353
0.028992,0.007782,4.9341
0.027313,0.0045776,4.9341
0.027008,0.0050354,4.9329
0.02594,0.0091553,4.928
0.026855,0.012512,4.9341
0.027313,0.014801,4.9268
0.028534,0.014038,4.9255
0.027618,0.0083923,4.9207
0.027008,0.0045776,4.9219
0.02533,0.0061035,4.9207
0.024261,0.0093079,4.9207
0.023041,0.011597,4.9194
0.022125,0.011749,4.917
0.022736,0.0082397,0.054932
0.020142,0.00076294,0.040283
0.0177,-0.0071716,0.056152
0.013275,-0.011444,0.039063
0.010834,-0.013275,0.037842
0.0061035,-0.010681,0.041504
0.0032043,-0.0086975,0.039063
0.0022888,-0.0062561,0.037842
0.0030518,-0.0056458,0.041504
0.0053406,-0.0067139,0.037842
0.0083923,-0.0071716,0.040283
0.0094604,-0.0088501,0.037842
0.010986,-0.0076294,0.039063
0.013123,-0.0067139,0.037842
0.016327,-0.0016785,0.045166
0.019836,0.0032043,0.048828
0.021362,0.0021362,0.048828
0.021973,0.0019836,0.058594
0.020752,-0.00045776,0.05249
0.019531,-0.00061035,0.058594
0.018768,0.00030518,0.056152
0.019073,0.0030518,0.053711
0.020905,0.0062561,0.054932
0.023193,0.0080872,0.058594
0.024567,0.0083923,0.056152
0.026093,0.0064087,0.064697
0.02533,0.0074768,0.061035
0.024414,0.0082397,0.063477
0.022888,0.010376,0.061035
0.021515,0.0099182,0.063477
0.018921,0.009613,0.061035
0.017853,0.0073242,0.065918
0.014343,0.0019836,0.070801
0.0097656,-0.00076294,0.068359
0.0047302,-0.00091553,0.062256
0.00076294,0.00045776,0.068359
-0.0018311,0.0042725,0.073242
-0.0016785,0.0086975,0.062256
-0.00061035,0.0067139,0.067139
0.00045776,0.0047302,0.061035
0.0016785,0.0022888,0.042725
0.0024414,0.0013733,0.05127
0.0028992,0.0016785,0.054932
0.0042725,0.0019836,0.047607
0.0054932,0.0013733,0.050049
0.0086975,0.00030518,0.043945
0.010834,-0.00045776,0.047607
0.012512,0.00030518,0.047607
0.010986,0.0013733,0.043945
0.010223,0.0039673,0.039063
0.009613,0.0053406,0.045166
0.011139,0.0061035,0.039063
0.014648,0.0056458,0.043945
0.017548,0.0035095,0.047607
0.021057,-0.00030518,0.039063
0.026398,0.0021362,0.0354
0.025024,0.0039673,0.042725
0.024719,0.005188,0.029297
0.024567,0.0053406,0.0354
0.023804,0.0086975,0.050049
0.02182,0.0053406,0.040283
0.020447,0.0042725,0.039063
0.019531,0.0032043,0.037842
0.0177,0.0021362,0.045166
0.016937,0.0027466,0.045166
0.016327,0.0048828,0.050049
0.017548,0.0041199,0.047607
0.018311,0.0038147,0.054932
0.020447,0.0033569,0.053711
0.020599,0.0033569,0.057373
0.017242,0.0013733,0.058594
0.018616,0.0022888,0.063477
0.017242,0.0035095,0.067139
0.016022,0.005188,0.061035
0.012054,0.007019,0.06958
0.015106,0.0048828,0.063477
0.016937,0.0018311,0.046387
0.016632,-0.0027466,0.059814
0.018616,-0.005188,4.2151
0.019684,-0.0053406,4.8804
0.021667,-0.0033569,4.9292
0.022888,-0.0022888,4.9316
0.023956,-0.0015259,4.9353
0.024109,-0.0068665,4.9329
0.023193,-0.0097656,4.9365
0.02121,-0.011292,4.9292
0.020905,-0.011139,4.939
0.020294,-0.0093079,4.9304
0.019531,-0.0091553,4.9329
0.020447,-0.010223,4.9255
0.020752,-0.013123,4.9231
0.023956,-0.016937,4.928
0.024261,-0.019073,4.9194
0.025635,-0.0177,4.928
0.025787,-0.015411,4.9194
0.025482,-0.01297,4.9207
0.024109,-0.009613,4.9133
0.022278,-0.0079346,4.9146
0.021057,-0.0074768,4.9146
0.019531,-0.0073242,4.9109
0.020294,-0.0062561,4.9048
0.020447,-0.0047302,4.9109
0.02182,-0.0035095,4.9121
0.022736,-0.0079346,4.9109
0.022888,-0.0064087,4.9097
0.023041,-0.0086975,4.9109
0.023346,-0.010376,4.9097
0.02182,-0.011139,4.9146
0.021667,-0.0093079,4.9207
0.020294,-0.0067139,4.9109
0.019989,-0.005188,4.9158
0.020294,-0.0039673,4.9133
0.023499,-0.0021362,4.8987
0.023346,-0.0030518,4.9133
0.024719,-0.0022888,4.9182
0.025482,-0.0030518,4.9243
0.024414,-0.0018311,4.9207
0.023041,-0.0010681,4.9207
0.019836,0.00061035,4.9219
0.020599,0.00061035,4.9316
0.021973,-0.00015259,4.9341
0.019226,0.00015259,4.928
0.017548,-0.0018311,4.9316
0.015869,-0.0019836,4.9316
0.016174,-0.00015259,4.9316
0.017548,0.0021362,4.9365
0.016937,0.0041199,4.9329
0.019684,0.0018311,4.9353
0.019989,-0.0036621,4.9353
0.019836,-0.0093079,4.9475
0.019226,-0.013275,4.939
0.018768,-0.013885,4.9231
0.0177,-0.010223,4.9353
0.018921,-0.007019,4.9329
0.018463,-0.0050354,4.928
0.017395,-0.0062561,4.9316
0.016174,-0.0094604,4.9207
0.015259,-0.013733,4.928
0.015411,-0.012817,4.9207
0.016022,-0.010071,4.9243
0.01709,-0.0061035,4.906
0.016785,-0.0022888,4.9194
0.019226,-0.0019836,4.9182
0.019226,-0.0027466,4.9219
0.019531,-0.0018311,4.9207
0.019379,0.0028992,4.9194
0.019073,0.0042725,4.917
0.018921,0.0079346,4.9109
0.016022,0.010681,4.9011
0.019073,0.010071,4.9121
0.020599,0.0088501,0.041504
0.023193,0.007782,0.036621
0.026855,0.0062561,0.041504
0.030518,0.0061035,0.037842
0.033417,0.0062561,0.040283
0.03418,0.0080872,0.0354
0.033417,0.0032043,0.042725
0.031281,-0.00045776,0.036621
0.028229,-0.0039673,0.042725
0.025482,-0.0067139,0.042725
0.02243,-0.010071,0.046387
0.020447,-0.010376,0.043945
0.017548,-0.0091553,0.054932
0.019073,-0.0061035,0.050049
0.018616,-0.0035095,0.054932
0.018311,-0.00030518,0.061035
0.018158,0.0024414,0.057373
0.017853,0.0047302,0.05127
0.01709,0.0053406,0.058594
0.016785,0.0050354,0.062256
0.015717,0.0024414,0.061035
0.015869,-0.0019836,0.064697
0.014191,-0.0068665,0.056152
0.013275,-0.011292,0.062256
0.014954,-0.013123,0.061035
0.016174,-0.013428,0.062256
0.015717,-0.0099182,0.063477
0.017853,-0.0064087,0.067139
0.021057,-0.0042725,0.062256
0.024414,-0.0036621,0.06958
0.027924,-0.0045776,0.079346
0.032654,-0.0059509,0.065918
0.035248,-0.0048828,0.061035
0.036774,-0.0036621,0.065918
0.037842,-0.0012207,0.040283
0.036469,-0.00061035,0.053711
0.036316,0.00030518,0.05249
0.033417,0.00045776,0.05127
0.032349,-0.00091553,0.048828
0.028076,-0.00076294,0.042725
0.028687,-0.00045776,0.048828
0.027008,-0.004425,0.043945
0.026093,0.00091553,0.048828
0.024872,0.0028992,0.041504
0.02533,0.0053406,0.045166
0.024567,0.007782,0.041504
0.023804,0.0091553,0.043945
0.017853,0.0090027,0.037842
0.015869,0.0079346,0.041504
0.0099182,0.005188,0.045166
0.0047302,0.01358,0.039063
-0.00015259,0.02243,0.045166
-0.0019836,0.033875,0.039063
-0.00015259,0.04425,0.030518
0.0039673,0.049591,0.039063
0.0099182,0.048676,0.036621
0.016174,0.041199,0.039063
0.02121,0.032806,0.041504
0.026703,0.023804,0.041504
0.031433,0.019226,0.047607
0.037842,0.017548,0.043945
0.043182,0.016022,0.054932
0.045013,0.010223,0.047607
0.042419,0.0065613,0.043945
0.035095,0.0028992,0.056152
0.026703,0.0032043,0.061035
0.016937,0.010681,0.070801
0.0045776,0.012665,0.063477
-0.0054932,0.0082397,0.064697
-0.013885,0.0048828,0.056152
-0.019073,-0.0085449,0.059814
-0.020447,-0.023041,0.061035
-0.019379,-0.036316,0.058594
-0.018463,-0.045776,0.059814
-0.019073,-0.049744,0.062256
-0.021057,-0.042267,0.059814
-0.021667,-0.032806,0.063477
-0.017395,-0.0099182,0.063477
-0.0093079,0.009613,3.3545
0.00015259,0.025635,4.834
0.010071,0.03479,4.9255
0.018921,0.037689,4.9304
0.027008,0.033722,4.9304
0.034943,0.022736,4.9255
0.040131,0.014343,4.9255
0.045776,0.004425,4.9329
0.049133,-0.0010681,4.9109
0.042877,0.0032043,4.928
0.038757,0.0068665,4.9182
0.031128,0.011292,4.906
0.025635,0.012512,4.9109
0.022278,0.011444,4.917
0.021667,0.018616,4.9146
0.022736,0.023651,4.9121
0.024261,0.028534,4.9072
0.026855,0.027466,4.9121
0.027924,0.022888,4.906
0.027008,0.016937,4.9097
0.024567,0.0099182,4.9084
0.019989,0.0054932,4.9146
0.013733,0.0018311,4.9109
0.0056458,-0.00061035,4.9121
-0.0016785,-0.0028992,4.9133
-0.007782,-0.005188,4.9109
-0.011444,-0.010071,4.9084
-0.012817,-0.013733,4.9121
-0.012207,-0.017242,4.9072
-0.007019,-0.022278,4.9158
-0.0016785,-0.02594,4.9084
0.0033569,-0.028687,4.917
0.010223,-0.031128,4.9182
0.016937,-0.030518,4.9207
0.02243,-0.029144,4.9243
0.024261,-0.027466,4.9255
0.023804,-0.021667,4.9329
0.022583,-0.015106,4.9292
0.02121,-0.011444,4.9329
0.024261,-0.0086975,4.9316
0.029755,-0.010071,4.9304
0.036011,-0.010223,4.9304
0.042572,-0.012054,4.9304
0.048828,-0.013123,4.9365
0.050354,-0.015411,4.9341
0.050201,-0.019989,4.9377
0.047302,-0.019226,4.939
0.045929,-0.020142,4.9194
0.042877,-0.018311,4.9377
0.042419,-0.015869,4.9341
0.040894,-0.015259,4.9243
0.038757,-0.014648,4.9365
0.0383,-0.015869,4.9292
0.03479,-0.014801,4.9255
0.031586,-0.013275,4.9207
0.027924,-0.012817,4.9292
0.021667,-0.011444,4.9207
0.014648,-0.010071,4.9207
0.0067139,-0.0061035,4.9194
0.0019836,-0.0013733,4.9109
-0.00091553,0.0038147,4.9182
-0.0013733,0.0083923,4.9207
0.0019836,0.011597,4.9158
0.0067139,0.01358,4.9146
0.011902,0.015259,4.9109
0.016174,0.016937,4.9121
0.018005,0.021362,4.9097
0.017548,0.02243,4.9097
0.015564,0.019989,4.9121
0.014191,0.015717,4.9097
0.014191,0.010986,4.9109
0.01709,0.0062561,4.906
0.021515,0.00091553,4.9023
0.026245,-0.0042725,0.0354
0.033417,-0.0039673,0.041504
0.038605,-0.0064087,0.041504
0.041351,-0.013428,0.043945
0.041656,-0.019073,0.041504
0.03479,-0.026855,0.048828
0.027313,-0.033264,0.062256
0.017853,-0.03479,0.05249
0.010376,-0.032196,0.061035
0.0027466,-0.027313,0.059814
0.0010681,-0.02243,0.041504
-0.00015259,-0.017242,0.057373
0.0039673,-0.011292,0.061035
0.01236,-0.0048828,0.062256
0.020142,0.0054932,0.059814
0.03006,0.01297,0.057373
0.035553,0.016937,0.063477
0.038605,0.018768,0.059814
0.038605,0.011749,0.061035
0.034637,0.0054932,0.061035
0.029602,-0.00045776,0.064697
0.023041,-0.0035095,0.064697
0.018616,-0.0016785,0.067139
0.016022,0.0015259,0.079346
0.015411,0.0079346,0.068359
0.016327,0.012054,0.062256
0.019684,0.0177,0.064697
0.024414,0.02533,0.064697
0.028381,0.029449,0.057373
0.031128,0.032043,0.054932
0.030823,0.027313,0.05249
0.031128,0.018311,0.046387
0.022583,0.0071716,0.046387
0.018311,-0.0035095,0.048828
0.01358,-0.010529,0.045166
0.0090027,-0.014038,0.045166
0.0047302,-0.011597,0.041504
-0.0012207,-0.0086975,0.045166
-0.0032043,-0.0056458,0.041504
-0.0048828,-0.0041199,0.042725
-0.0035095,-0.0045776,0.039063
0.00076294,-0.002594,0.040283
0.0050354,-0.0032043,0.053711
0.0088501,-0.014954,0.040283
0.013275,-0.020447,0.053711
0.016327,-0.023804,0.039063
0.01709,-0.034027,0.029297
0.018616,-0.036774,0.037842
0.019836,-0.035858,0.039063
0.02121,-0.035706,0.036621
0.020752,-0.03006,0.041504
0.020294,-0.024872,0.040283
0.021973,-0.022736,0.042725
0.025024,-0.017395,0.045166
0.031128,-0.014648,0.048828
0.038452,-0.01236,0.048828
0.046844,-0.0088501,0.053711
0.052185,-0.004425,0.057373
0.053864,-0.0024414,0.061035
0.05249,0.002594,0.062256
0.050354,0.015106,0.059814
0.049133,0.023499,0.062256
0.048981,0.032196,0.061035
0.046387,0.039368,0.070801
0.046082,0.03891,0.061035
0.04715,0.036011,0.053711
0.050507,0.033569,0.058594
0.052032,0.028534,0.061035
0.047455,0.026093,0.061035
0.048676,0.02533,0.065918
0.045776,0.023346,0.063477
0.044098,0.018158,0.065918
0.036469,0.015259,0.064697
0.028687,0.011749,0.063477
0.021362,0.0099182,0.057373
0.01709,0.010223,0.063477
0.014343,0.009613,0.054932
0.014648,0.0015259,2.3291
0.014496,-0.002594,4.7791
0.013428,-0.010223,4.9109
0.012207,-0.015411,4.9158
0.011597,-0.016937,4.9158
0.014038,-0.016785,4.8999
0.0097656,-0.009613,4.9109
0.0073242,-0.0038147,4.9146
0.0047302,0.0018311,4.9146
0.0050354,0.0048828,4.9121
0.007782,0.0076294,4.9097
0.010223,0.0094604,4.9097
0.013123,0.0094604,4.9097
0.016022,0.010071,4.9097
0.016937,0.0090027,4.9084
0.018616,0.0042725,4.9133
0.019379,0.0010681,4.9109
0.020752,-0.0027466,4.9097
0.018158,-0.0041199,4.8962
0.017242,-0.0030518,4.9109
0.017242,0.00091553,4.9146
0.019531,0.0035095,4.9097
0.023041,0.0038147,4.9207
0.029755,0.0028992,4.9158
0.034485,0.0015259,4.9133
0.038605,0.00015259,4.9182
0.042267,-0.00015259,4.9207
0.042572,-0.00091553,4.9194
0.039368,-0.0010681,4.9231
0.034332,0.0012207,4.9255
0.027924,-0.00045776,4.9292
0.02121,0.0035095,4.928
0.01358,0.0053406,4.9329
0.0076294,0.0059509,4.928
0.0022888,0.0071716,4.9341
0.00045776,0.0093079,4.9316
-0.0012207,0.012512,4.928
0.00015259,0.014496,4.9414
0.0010681,0.015717,4.9353
0.0012207,0.013428,4.9268
0.00061035,0.0094604,4.9377
0.0032043,0.0053406,4.9377
0.0065613,0.0035095,4.9377
0.010681,0.0018311,4.9329
0.013885,-0.00061035,4.9292
0.01709,0.00045776,4.9341
0.018768,0.00045776,4.928
0.019836,-0.0015259,4.9292
0.020752,-0.0019836,4.9243
0.02182,-0.0061035,4.928
0.022736,-0.0074768,4.9243
0.023804,-0.0083923,4.9207
0.022278,-0.0091553,4.9182
0.02121,-0.0091553,4.9231
0.019684,-0.0068665,4.9121
0.020599,-0.0045776,4.9182
0.021667,-0.0016785,4.9292
0.023804,0.0016785,4.9146
0.024719,0.0030518,4.9207
0.025635,0.0030518,4.9133
0.02533,0.0015259,4.9011
0.026703,-0.00091553,4.9084
0.026703,-0.0019836,4.9097
0.026703,0.0010681,4.9109
0.02533,0.0047302,4.9084
0.025024,0.0083923,4.906
0.026093,0.011902,4.9121
0.027618,0.012207,4.9072
0.029297,0.012207,4.9133
0.031738,0.01236,4.9121
0.032806,0.013885,4.917
0.03418,0.018311,4.9133
0.036011,0.02243,4.9194
0.037384,0.023193,4.9329
0.038757,0.020294,0.053711
0.040436,0.014801,0.054932
0.040283,0.0086975,0.057373
0.039063,0.0036621,0.054932
0.037689,0,0.058594
0.036316,-0.0042725,0.054932
0.034485,-0.0091553,0.061035
0.031891,-0.013733,0.062256
0.029755,-0.015564,0.05127
0.02594,-0.018616,0.061035
0.024261,-0.018921,0.061035
0.021973,-0.019684,0.063477
0.02121,-0.02182,0.059814
0.020142,-0.022736,0.062256
0.020599,-0.022125,0.064697
0.022125,-0.021057,0.068359
0.023041,-0.018463,0.067139
0.025787,-0.015717,0.065918
0.027161,-0.013885,0.06958
0.031128,-0.012512,0.061035
0.035248,-0.010071,0.070801
0.040131,-0.0085449,0.057373
0.043793,-0.0068665,0.050049
0.046997,-0.0074768,0.053711
0.048218,-0.009613,0.05127
0.046539,-0.013733,0.047607
0.044556,-0.017242,0.050049
0.041962,-0.020142,0.046387
0.040741,-0.022736,0.047607
0.037994,-0.022888,0.041504
0.035858,-0.023956,0.043945
0.035248,-0.022736,0.040283
0.033417,-0.022125,0.041504
0.032959,-0.017395,0.043945
0.032196,-0.01236,0.042725
0.033112,-0.0053406,0.042725
0.032806,0.00076294,0.041504
0.033264,0.0053406,0.042725
0.032501,0.0064087,0.040283
0.030365,0.0045776,0.030518
0.027466,0.0012207,0.031738
0.024872,-0.0019836,0.037842
0.021057,-0.0050354,0.039063
0.018463,-0.0071716,0.041504
0.016785,-0.0090027,0.040283
0.016327,-0.010376,0.046387
0.016632,-0.011749,0.043945
0.016479,-0.012512,0.05127
0.016632,-0.012817,0.047607
0.015717,-0.010834,0.054932
0.014954,-0.0073242,0.054932
0.013275,-0.0038147,0.057373
0.011444,-0.0013733,0.057373
0.0099182,-0.00076294,0.063477
0.010529,-0.0027466,0.070801
0.010529,-0.0062561,0.062256
0.011292,-0.0082397,0.06958
0.01236,-0.007019,0.062256
0.012207,-0.0036621,0.041504
0.012054,0,0.058594
0.012207,0.002594,0.065918
0.011139,0.0033569,0.062256
0.011749,0.0016785,0.065918
0.007019,0.0015259,0.062256
0.004425,0.00091553,0.067139
0.0015259,0.0027466,0.064697
-0.0021362,0.0032043,0.064697
-0.0064087,0.002594,0.057373
-0.0065613,0.0013733,0.061035
-0.007782,0.00076294,0.054932
-0.0074768,0.00030518,0.057373
-0.0056458,0.0015259,0.061035
-0.0032043,0.0022888,0.048828
-0.00015259,0.0019836,0.048828
0.0021362,0.00045776,0.048828
0.0036621,-0.0030518,0.047607
0.0041199,-0.007782,0.043945
0.0022888,-0.012512,4.0857
0.0045776,-0.016327,4.8621
0.0047302,-0.019989,4.9084
0.0057983,-0.020752,4.9084
0.0064087,-0.019989,4.9109
0.010071,-0.016632,4.9036
0.012207,-0.014191,4.906
0.015106,-0.0094604,4.9048
0.018311,-0.0068665,4.9109
0.021515,-0.0059509,4.906
0.02533,-0.0038147,4.9109
0.027313,-0.00076294,4.9097
0.03067,0.0033569,4.9121
0.031738,0.0073242,4.9182
0.033569,0.010681,4.9133
0.033112,0.009613,4.9243
0.034637,0.0079346,4.9109
0.034943,0.005188,4.9109
0.03479,0.0047302,4.9207
0.032806,0.0045776,4.9194
0.030975,0.0053406,4.9194
0.02594,0.0042725,4.9255
0.023499,0.00076294,4.928
0.022583,-0.0048828,4.928
0.022583,-0.0088501,4.9292
0.022888,-0.010986,4.9329
0.022125,-0.009613,4.9292
0.02182,-0.0057983,4.9329
0.021362,-0.0016785,4.9304
0.024109,0.0012207,4.9341
0.023651,0.0039673,4.9341
0.024872,0.005188,4.9353
0.027008,0.0042725,4.9377
0.028534,0.0027466,4.9365
0.029755,-0.0015259,4.9451
0.027618,-0.0064087,4.939
0.025787,-0.012512,4.9377
0.024872,-0.011597,4.9341
0.025024,-0.013123,4.9329
0.025024,-0.009613,4.928
0.025177,-0.0050354,4.9292
0.024109,-0.0013733,4.9219
0.024719,-0.00030518,4.9255
0.024414,0.0015259,4.9207
0.025635,0.0013733,4.9207
0.024567,0.0048828,4.917
0.024719,0.010834,4.9194
0.02243,0.018158,4.9146
0.019531,0.024872,4.917
0.01709,0.029297,4.9255
0.014038,0.03006,4.9121
0.01236,0.027618,4.9158
0.010223,0.022888,4.9121
0.010529,0.026398,4.895
0.012207,0.027313,4.9097
0.013885,0.027771,4.9097
0.01709,0.027008,4.9109
0.017242,0.022888,4.9109
0.017548,0.01709,4.9084
0.017548,0.010223,4.9097
0.016937,0.0050354,4.9084
0.014954,-0.00061035,4.9109
0.012054,-0.004425,4.9097
0.0068665,-0.0067139,4.9158
0.0016785,-0.0090027,4.9158
-0.0035095,-0.0094604,4.9182
-0.0061035,-0.011139,4.9231
-0.0074768,-0.014801,4.917
-0.0080872,-0.0099182,4.9219
-0.0068665,-0.0054932,4.9292
-0.0047302,0.0024414,4.9329
-0.00061035,0.011749,4.9304
0.0016785,0.020752,4.9255
0.0083923,0.030823,0.061035
0.016632,0.033722,0.057373
0.024567,0.036469,0.061035
0.034637,0.036621,0.061035
0.042572,0.037384,0.061035
0.049744,0.036926,0.062256
0.050507,0.040588,0.062256
0.050812,0.036163,0.065918
0.05249,0.033112,0.062256
0.053253,0.027161,0.068359
0.053253,0.020142,0.063477
0.052948,0.013428,0.067139
0.050201,0.010529,0.072021
0.046234,0.010681,0.064697
0.040131,0.010376,0.063477
0.036011,0.014191,0.057373
0.030975,0.014648,0.043945
0.026855,0.013733,0.05127
0.02243,0.012817,0.05249
0.018921,0.013428,0.046387
0.01358,0.015869,0.050049
0.0094604,0.013428,0.042725
0.0080872,0.011749,0.046387
0.0065613,0.0076294,0.043945
0.0085449,0.0012207,0.046387
0.0080872,-0.0047302,0.040283
0.010529,-0.011749,0.042725
0.010071,-0.0086975,0.045166
0.0079346,-0.0039673,0.040283
0.0062561,0.0018311,0.037842
0.0045776,0.0073242,0.042725
0.0067139,0.0083923,0.042725
0.010834,0.0053406,0.039063
0.016327,0.0019836,0.039063
0.022278,-0.0012207,0.037842
0.029144,-0.0027466,0.031738
0.033569,-0.0042725,0.036621
0.0383,-0.0068665,0.039063
0.041046,-0.010529,0.042725
0.042725,-0.015411,0.045166
0.04303,-0.020599,0.045166
0.041656,-0.023651,0.05127
0.03952,-0.020142,0.046387
0.036011,-0.015717,0.054932
0.032196,-0.01297,0.053711
0.029602,-0.010834,0.058594
0.028992,-0.012054,0.059814
0.03006,-0.014496,0.062256
0.029907,-0.0177,0.073242
0.029449,-0.019836,0.061035
0.028076,-0.019531,0.064697
0.02594,-0.018768,0.063477
0.024414,-0.019379,0.046387
0.024109,-0.020599,0.058594
0.026245,-0.021057,0.062256
0.028076,-0.019379,0.062256
0.028992,-0.014801,0.065918
0.031586,-0.007782,0.061035
0.032196,-0.0036621,0.067139
0.033264,-0.0016785,0.063477
0.035858,-0.00091553,0.065918
0.041046,0.00076294,0.057373
0.044556,0.0019836,0.062256
0.046997,0.0013733,0.057373
0.044098,0.0018311,0.058594
0.03952,-0.0021362,0.057373
0.035858,-0.0068665,0.05127
0.031433,-0.01297,0.056152
0.030518,-0.018158,0.046387
0.030975,-0.01709,0.057373
0.030823,-0.016937,0.042725
0.029755,-0.016174,0.030518
0.029602,-0.014191,0.040283
0.029144,-0.012054,0.041504
0.028076,-0.0094604,0.040283
0.027924,-0.0056458,0.030518
0.027008,-0.0041199,0.0354
0.025787,-0.0062561,0.18188
0.023956,-0.010223,4.6326
0.016937,-0.015869,4.8914
0.014954,-0.019684,4.9048
0.010986,-0.020905,4.8987
0.0090027,-0.020905,4.9097
0.010376,-0.020294,4.9109
0.012207,-0.018921,4.9158
0.014343,-0.019379,4.9072
0.015259,-0.020905,4.9194
0.015717,-0.02121,4.9084
0.019531,-0.018616,4.9097
0.024109,-0.014801,4.9158
0.03067,-0.011444,4.9158
0.036926,-0.013733,4.9219
0.041504,-0.010681,4.9097
0.043793,-0.012207,4.9109
0.043488,-0.012054,4.9255
0.041351,-0.0079346,4.9304
0.041046,-0.0035095,4.9365
0.041351,0.00061035,4.928
0.042419,0.00015259,4.9255
0.043182,0.002594,4.928
0.042725,0.0024414,4.9353
0.040741,0.0036621,4.928
0.041656,0.0050354,4.9329
0.0383,0.007782,4.9377
0.036621,0.0082397,4.9316
0.034485,0.0065613,4.9402
0.031586,0.0016785,4.9426
0.027924,-0.0056458,4.9243
0.018005,-0.011292,4.9316
0.013885,-0.015106,4.9316
0.0057983,-0.016785,4.9304
0.0013733,-0.016479,4.9292
0.00030518,-0.016022,4.9219
0.0030518,-0.015869,4.9255
0.0068665,-0.016785,4.9231
0.0088501,-0.016479,4.9194
0.009613,-0.016022,4.9158
0.0094604,-0.015869,4.9207
0.010376,-0.014954,4.9182
0.01236,-0.014343,4.9194
0.016174,-0.012207,4.9207
0.02182,-0.010223,4.9158
0.022125,-0.007782,4.9109
0.022583,-0.0059509,4.9121
0.023804,-0.0041199,4.8962
0.025787,-0.0028992,4.9072
0.030823,0.00076294,4.9097
0.037231,0.005188,4.9109
0.04364,0.0093079,4.9109
0.046844,0.015106,4.9072
0.048065,0.016785,4.9109
0.046234,0.018616,4.9097
0.043793,0.018158,4.9109
0.040436,0.020599,4.9084
0.038147,0.024109,4.9158
0.035706,0.029297,4.9109
0.032959,0.033569,4.9194
0.031281,0.035553,4.9158
0.027313,0.035095,4.9231
0.024109,0.032196,4.9292
0.020905,0.028076,4.928
0.018463,0.024261,4.9402
0.018311,0.022736,4.928
0.017242,0.021515,4.9182
0.015869,0.020142,4.9292
0.013885,0.017395,4.9292
0.011444,0.019531,4.9329
0.0088501,0.019836,4.9304
0.0062561,0.020294,4.9292
0.0045776,0.019989,4.9329
0.0032043,0.016632,0.062256
0.0033569,0.018768,0.065918
0.0015259,0.0177,0.070801
-0.00091553,0.016479,0.053711
-0.0035095,0.013733,0.067139
-0.0038147,0.012665,0.06958
-0.0033569,0.0099182,0.072021
-0.0013733,0.007019,0.064697
0.00045776,0.0039673,0.062256
0.002594,0.00091553,0.057373
0.0041199,-0.00076294,0.056152
0.0028992,-0.00076294,0.053711
0.0022888,0.0015259,0.05127
0.0030518,0.0032043,0.046387
0.007782,0.0057983,0.050049
0.01236,0.0064087,0.045166
0.020142,0.0085449,0.045166
0.024567,0.011597,0.042725
0.028381,0.011292,0.048828
0.03006,0.012207,0.041504
0.031738,0.012665,0.042725
0.033569,0.010834,0.042725
0.036011,0.0050354,0.043945
0.035553,0.0018311,0.03418
0.034943,-0.0019836,0.041504
0.031586,-0.0035095,0.053711
0.028687,-0.0050354,0.041504
0.024109,-0.0027466,0.050049
0.022583,-0.00061035,0.037842
0.022125,0.00076294,0.023193
0.022278,0.0016785,0.039063
0.022888,0.0019836,0.039063
0.019379,0.0036621,0.039063
0.020599,0.0050354,0.042725
0.017548,0.0068665,0.040283
0.01709,0.007782,0.05127
0.016479,0.0079346,0.048828
0.019226,0.0071716,0.053711
0.018463,0.0039673,0.05249
0.020599,0.0039673,0.057373
0.020294,-0.00091553,0.058594
0.021515,-0.0028992,0.062256
0.023956,-0.0039673,0.073242
0.027771,-0.0036621,0.062256
0.033112,-0.0036621,0.062256
0.036316,-0.0053406,0.057373
0.037384,-0.0071716,0.064697
0.036316,-0.0065613,0.061035
0.033417,-0.0056458,0.063477
0.03067,-0.0032043,0.061035
0.028839,-0.00045776,0.064697
0.028229,0.002594,0.061035
0.027466,0.0041199,0.063477
0.027008,0.0028992,0.064697
0.02655,0.00030518,0.063477
0.031128,-0.0012207,0.058594
0.027313,-0.0024414,0.064697
0.028076,-0.0027466,0.056152
0.028839,-0.0021362,0.057373
0.030365,-0.00045776,0.05249
0.030975,-0.0022888,0.053711
0.028992,-0.0039673,0.061035
0.027008,-0.0056458,0.05127
0.023651,-0.0082397,0.053711
0.021515,-0.0080872,0.046387
0.019073,-0.0061035,0.036621
0.018768,-0.0045776,0.043945
0.019226,-0.0033569,0.042725
0.018921,-0.0030518,0.039063
0.018005,-0.0028992,0.042725
0.014496,-0.0027466,0.042725
0.016327,0,0.042725
0.016937,0.0036621,0.040283
0.018616,0.007019,0.041504
0.019989,0.0088501,0.036621
0.019989,0.0067139,0.039063
0.018921,0.0038147,0.041504
0.018768,0.0016785,0.041504
0.020905,0.0010681,4.1699
0.02243,0.0018311,4.8633
0.022583,0.0028992,4.9048
0.022736,0.00030518,4.9109
0.024109,-0.004425,4.9231
0.023041,-0.010223,4.9146
0.022583,-0.01358,4.9158
0.021515,-0.015411,4.9158
0.020905,-0.013275,4.9243
0.02121,-0.010223,4.9268
0.02121,-0.0071716,4.9219
0.022278,-0.0082397,4.9255
0.02243,-0.01236,4.9353
0.024261,-0.016632,4.9304
0.027924,-0.021057,4.9329
0.030518,-0.016632,4.928
0.033875,-0.011749,4.9316
0.037231,-0.0076294,4.9268
0.036316,-0.0056458,4.9329
0.036316,-0.0071716,4.9438
0.033569,-0.010986,4.9365
0.031281,-0.014191,4.9365
0.027924,-0.014801,4.9365
0.02533,-0.011139,4.9243
0.024261,-0.0067139,4.9341
0.024567,-0.0022888,4.9243
0.024872,-0.00015259,4.9304
0.02594,-0.00045776,4.928
0.027771,-0.0016785,4.9231
0.028381,-0.0035095,4.9243
0.027161,-0.0019836,4.9219
0.024872,0.0010681,4.9219
0.024109,0.002594,4.9158
0.02182,0.0036621,4.9231
0.02182,0.0028992,4.9207
0.021973,0.00091553,4.9194
0.02182,-0.0021362,4.9158
0.020905,-0.0045776,4.917
0.019989,-0.0047302,4.9194
0.018616,-0.0039673,4.9158
0.021057,-0.0038147,4.9231
0.020905,-0.0039673,4.9097
0.020447,-0.0053406,4.9133
0.018463,-0.0076294,4.9109
0.016174,-0.010681,4.9121
0.013123,-0.011444,4.9084
0.012665,-0.011292,4.9084
0.012512,-0.0097656,4.9036
0.01236,-0.0074768,4.9097
0.011902,-0.0053406,4.906
0.012512,-0.0038147,4.9146
0.01297,-0.0045776,4.9109
0.014496,-0.0033569,4.9158
0.015869,-0.0012207,4.9182
0.018921,0.00061035,4.9243
0.018768,0.0032043,4.9329
0.018463,0.0021362,4.9231
0.017548,0.0018311,4.9329
0.016937,-0.00030518,4.9292
0.016022,-0.0012207,4.9243
0.016632,0,4.9316
0.016937,0.0047302,4.9329
0.0177,0.0082397,4.9304
0.018005,0.0099182,4.9329
0.0177,0.010986,4.9304
0.017853,0.011139,4.9304
0.018311,0.0097656,4.9316
0.019531,0.0076294,4.9414
0.021973,0.010529,4.928
0.024414,0.010986,4.9353
0.025787,0.010834,4.9353
0.026093,0.0085449,4.9365
0.025482,0.0064087,0.063477
0.025024,0.0032043,0.068359
0.026703,0.0019836,0.072021
0.027466,0.0035095,0.061035
0.026398,0.0062561,0.068359
0.020447,0.0074768,0.054932
0.023041,0.0059509,0.05127
0.023193,0.0024414,0.047607
0.024109,-0.0021362,0.050049
0.025787,-0.0038147,0.046387
0.027161,-0.0041199,0.046387
0.026703,-0.0013733,0.045166
0.027618,0.00076294,0.046387
0.027924,0.002594,0.045166
0.028839,0.0038147,0.043945
0.030518,0.0041199,0.040283
0.032654,0.0057983,0.040283
0.0354,0.0074768,0.036621
0.035858,0.0093079,0.043945
0.036774,0.010529,0.047607
0.039825,0.010376,0.041504
0.040436,0.0093079,0.040283
0.040741,0.007019,0.039063
0.03891,0.0059509,0.023193
0.041046,0.007019,0.036621
0.033569,0.0091553,0.040283
0.029144,0.012817,0.040283
0.025787,0.015411,0.045166
0.022888,0.016174,0.045166
0.021057,0.014191,0.048828
0.019531,0.011902,0.047607
0.019226,0.010986,0.05127
0.019379,0.011597,0.05127
0.020905,0.012665,0.057373
0.020752,0.014801,0.054932
0.023193,0.013733,0.061035
0.023346,0.010834,0.059814
0.020905,0.0071716,0.059814
0.021515,0.0028992,0.064697
0.024261,0.00030518,0.062256
0.020447,-0.00015259,0.075684
0.019684,-0.00030518,0.061035
0.017242,0.00091553,0.05127
0.015411,0.00076294,0.062256
0.015717,0.00030518,0.059814
0.015717,-0.00061035,0.064697
0.015717,-0.0035095,0.065918
0.017548,0.00015259,0.063477
0.015411,0.0027466,0.063477
0.015106,0.0064087,0.064697
0.014191,0.0085449,0.064697
0.014801,0.009613,0.056152
0.015106,0.010071,0.059814
0.015259,0.0097656,0.056152
0.01709,0.009613,0.056152
0.015869,0.010529,0.056152
0.015869,0.012817,0.05127
0.015259,0.013123,0.046387
0.015564,0.014648,0.046387
0.018005,0.014343,0.039063
0.020599,0.012054,0.046387
0.021973,0.010834,0.043945
0.021973,0.0061035,0.041504
0.020905,0.0038147,0.042725
0.019073,0.0022888,0.042725
0.018921,0.0018311,0.039063
0.019073,0.0030518,0.037842
0.019226,0.0041199,0.039063
0.019379,0.0021362,0.036621
0.014038,0.0024414,0.039063
0.018005,0.0016785,0.039063
0.018005,0.0028992,0.042725
0.016785,0.0028992,0.037842
0.016174,0.0028992,0.042725
0.016937,0.0032043,0.054932
0.01709,0.0039673,0.045166
0.018311,0.0056458,0.053711
0.017548,0.0064087,0.047607
0.016632,0.0079346,2.8589
0.015869,0.007019,4.7974
0.014191,0.0057983,4.9097
0.014038,0.0041199,4.9194
0.01358,0.0036621,4.9268
0.014801,0.004425,4.9243
0.015259,0.0054932,4.9329
0.015717,0.0059509,4.917
0.013275,0.004425,4.9329
0.013428,0.0015259,4.9268
0.012665,-0.0010681,4.9329
0.011444,-0.0030518,4.9329
0.011139,-0.0035095,4.9316
0.011902,-0.0018311,4.9377
0.011597,-0.0012207,4.9316
0.011292,0.00015259,4.9353
0.010681,-0.0013733,4.9377
0.010529,-0.0039673,4.9463
0.011139,-0.0061035,4.9231
0.01297,-0.0074768,4.9426
0.014648,-0.0073242,4.9304
0.016785,-0.0053406,4.9304
0.0177,-0.0036621,4.9243
0.017242,-0.0032043,4.928
0.016479,-0.0048828,4.906
0.014648,-0.0091553,4.9219
0.01709,-0.013428,4.9158
0.019684,-0.016327,4.9207
0.02121,-0.016327,4.9146
0.023041,-0.014191,4.9158
0.022278,-0.010223,4.917
0.021973,-0.0074768,4.9158
0.023193,-0.007019,4.9243
0.024109,-0.0074768,4.9133
0.02533,-0.0088501,4.9121
0.026398,-0.010071,4.9109
0.026093,-0.0099182,4.9011
0.026398,-0.0082397,4.9121
0.026855,-0.007019,4.9072
0.025482,-0.0067139,4.9084
0.025177,-0.007019,4.9109
0.023804,-0.0080872,4.9097
0.024414,-0.0086975,4.9084
0.024261,-0.0074768,4.9084
0.023499,-0.0053406,4.9146
0.023346,-0.0041199,4.9133
0.023499,-0.0016785,4.9194
0.025177,-0.00076294,4.9182
0.027924,-0.0018311,4.9182
0.030365,-0.0033569,4.9231
0.031433,-0.0047302,4.9231
0.03418,-0.0022888,4.9255
0.035095,-0.00061035,4.9292
0.035553,0.00015259,4.9377
0.035553,-0.0022888,4.9316
0.036011,-0.0071716,4.9194
0.035248,-0.011444,4.9219
0.037231,-0.010834,4.9304
0.037384,-0.0067139,4.9292
0.038147,0.00045776,4.9304
0.0383,0.0056458,4.928
0.037231,0.0056458,4.9353
0.036469,0.0039673,4.9341
0.036774,0.00045776,4.9365
0.036621,-0.0012207,4.9329
0.037994,0.0016785,4.9377
0.037994,0.0065613,4.9255
0.038147,0.010223,4.9316
0.037231,0.011597,4.9451
0.03479,0.0099182,4.9316
0.033264,0.007782,4.9255
0.031586,0.0053406,4.9268
0.029144,0.0050354,0.032959
0.028534,0.0059509,0.047607
0.026245,0.0079346,0.05127
0.02594,0.010071,0.050049
0.025482,0.010529,0.046387
0.02533,0.010986,0.041504
0.026703,0.011139,0.043945
0.02655,0.010681,0.042725
0.027466,0.010071,0.045166
0.026855,0.007782,0.039063
0.026245,0.0064087,0.042725
0.026093,0.0053406,0.042725
0.02533,0.0045776,0.042725
0.025635,0.0045776,0.041504
0.026245,0.0030518,0.040283
0.025482,0.0013733,0.040283
0.02533,-0.00045776,0.040283
0.024872,-0.00091553,0.041504
0.023499,-0.0010681,0.037842
0.022888,-0.0021362,0.041504
0.020599,-0.0027466,0.040283
0.019531,-0.0028992,0.041504
0.017853,-0.0035095,0.042725
0.016785,-0.0018311,0.047607
0.020752,-0.00030518,0.048828
0.022736,0.0038147,0.05127
0.025024,0.0068665,0.05249
0.026093,0.010681,0.059814
0.026093,0.011902,0.057373
0.025787,0.011444,0.062256
0.025177,0.013275,0.061035
0.025787,0.01297,0.064697
0.026703,0.012054,0.072021
0.028534,0.0099182,0.063477
0.028839,0.0083923,0.067139
0.027924,0.0073242,0.061035
0.02533,0.0073242,0.054932
0.022736,0.0074768,0.061035
0.020447,0.0083923,0.063477
0.018768,0.010529,0.063477
0.016785,0.0074768,0.064697
0.015411,0.0036621,0.063477
0.014343,-0.00061035,0.062256
0.013733,-0.0033569,0.062256
0.013885,-0.0067139,0.063477
0.018005,-0.0062561,0.056152
0.020142,-0.004425,0.058594
0.019836,-0.0030518,0.057373
0.019531,-0.0016785,0.053711
0.018311,-0.0010681,0.046387
0.016327,0.00045776,0.05249
0.016022,0.0021362,0.058594
0.016785,0.0030518,0.047607
0.017853,0.0048828,0.058594
0.019379,0.0073242,0.047607
0.02182,0.0067139,0.040283
0.024872,0.0057983,0.040283
0.027924,0.0057983,0.043945
0.031128,0.0053406,0.037842
0.033722,0.0056458,0.039063
0.035553,0.0071716,0.036621
0.036926,0.0056458,0.040283
0.033722,0.0056458,0.039063
0.030365,0.0039673,0.039063
0.02655,0.00030518,0.036621
0.025177,-0.00061035,0.042725
0.022888,-0.0010681,0.040283
0.021667,0.0010681,0.042725
0.021362,-0.00030518,0.053711
0.019379,0.0045776,0.041504
0.020294,0.0038147,0.045166
0.019226,0.0016785,0.050049
0.019073,-0.00076294,0.040283
0.017395,-0.0028992,0.050049
0.014191,-0.0033569,0.05127
0.012665,-0.0024414,0.054932
0.010834,-0.0028992,0.056152
0.0090027,-0.007019,0.056152
0.0074768,-0.0053406,3.5278
0.007019,-0.0071716,4.8438
0.0032043,-0.009613,4.917
0.0083923,-0.0083923,4.9255
0.011139,-0.0073242,4.9304
0.013428,-0.0073242,4.9292
0.014496,-0.0082397,4.9341
0.015869,-0.0085449,4.9329
0.018005,-0.0082397,4.9353
0.016785,-0.0068665,4.9414
0.016785,-0.0050354,4.9377
0.015717,-0.0021362,4.9438
0.015564,-0.0013733,4.9329
0.015411,-0.0018311,4.917
0.015869,0.00030518,4.9329
0.0177,-0.0071716,4.9255
0.020142,-0.0028992,4.9231
0.020905,-0.0018311,4.9268
0.023346,-0.0016785,4.9219
0.023041,-0.0015259,4.9207
0.022583,-0.0021362,4.9194
0.021362,-0.0016785,4.9194
0.020447,0.00045776,4.9158
0.019073,0.0024414,4.9146
0.017853,0.0059509,4.9158
0.017395,0.0067139,4.917
0.016937,0.0061035,4.9133
0.016937,0.0041199,4.9146
0.016327,0.0019836,4.9097
0.016327,0.00015259,4.9121
0.017395,0.0012207,4.9048
0.017548,0.002594,4.9133
0.016632,0.0027466,4.9133
0.015717,0.0016785,4.9084
0.013275,0.0015259,4.9048
0.011597,0.0018311,4.9109
0.0088501,0.0036621,4.9084
0.0080872,0.0056458,4.906
0.0085449,0.0082397,4.9146
0.0097656,0.0099182,4.9146
0.010376,0.010834,4.9194
0.015564,0.011139,4.9158
0.019379,0.012054,4.9231
0.020599,0.012665,4.9207
0.02121,0.015259,4.9243
0.020294,0.015106,4.9353
0.018768,0.015106,4.928
0.018005,0.013275,4.9341
0.014801,0.01358,4.9353
0.013275,0.011444,4.9158
0.010986,0.0099182,4.9304
0.010071,0.0082397,4.9341
0.0093079,0.0088501,4.9316
0.0091553,0.0053406,4.9304
0.0064087,0.0032043,4.9268
0.0076294,0.0013733,4.9353
0.0079346,0.0013733,4.9365
0.0083923,0.0013733,4.9365
0.0080872,0.0028992,4.9329
0.0090027,0.0033569,4.939
0.0091553,0.0021362,4.9329
0.0090027,0.0015259,4.9341
0.0093079,0.0018311,4.9414
0.010071,0.0033569,4.9316
0.013428,0.0056458,4.9292
0.01709,0.007782,4.9268
0.020294,0.0088501,4.9268
0.025787,0.0091553,4.9207
0.025787,0.0080872,4.9158
0.024719,0.0074768,4.9207
0.023499,0.0059509,4.9146
0.023804,0.0056458,4.9146
0.025177,0.0059509,0.046387
0.026245,0.0050354,0.041504
0.026398,0.0050354,0.043945
0.026245,0.00045776,0.037842
0.023956,-0.0039673,0.03418
0.02243,-0.0056458,0.039063
0.024414,-0.005188,0.042725
0.02594,-0.0032043,0.040283
0.026855,0.00015259,0.042725
0.028229,0.0022888,0.05127
0.028076,0.0019836,0.041504
0.026398,0.00030518,0.05249
0.02243,-0.002594,0.040283
0.022278,-0.0050354,0.029297
0.021973,-0.0036621,0.041504
0.023346,-0.0013733,0.05127
0.025024,0.0012207,0.042725
0.025024,0.0016785,0.047607
0.027618,-0.00030518,0.046387
0.027313,-0.0061035,0.054932
0.027924,-0.0088501,0.056152
0.028381,-0.010986,0.059814
0.028687,-0.0099182,0.058594
0.028992,-0.0048828,0.061035
0.029144,-0.0012207,0.064697
0.028687,0.00015259,0.064697
0.026703,-0.00030518,0.065918
0.024261,-0.0022888,0.058594
0.024109,-0.0028992,0.061035
0.024414,-0.0016785,0.061035
0.024261,0.0019836,0.070801
0.025787,0.0054932,0.063477
0.026398,0.0074768,0.057373
0.026398,0.0065613,0.063477
0.024109,0.0048828,0.067139
0.022888,0.0021362,0.064697
0.023041,0.0019836,0.063477
0.022888,0.002594,0.063477
0.022888,0.0050354,0.063477
0.022583,0.007019,0.056152
0.022278,0.0065613,0.057373
0.021362,0.005188,0.053711
0.021057,0.0035095,0.056152
0.02121,0.0027466,0.046387
0.020294,0.0028992,0.050049
0.020294,0.0054932,0.064697
0.019836,0.0083923,0.047607
0.020447,0.0088501,0.048828
0.018768,0.0074768,0.045166
0.0177,0.0050354,0.030518
0.017395,0.0024414,0.039063
0.018768,0.00061035,0.040283
0.020294,0.0012207,0.037842
0.020599,0.0022888,0.042725
0.020142,0.0021362,0.032959
0.018768,0.00045776,0.041504
0.017242,-0.0032043,0.037842
0.018005,-0.0047302,0.041504
0.019989,-0.0057983,0.042725
0.019989,-0.0056458,0.042725
0.020447,-0.004425,0.040283
0.020599,-0.0045776,0.041504
0.020447,-0.0021362,0.041504
0.021667,-0.0021362,0.045166
0.023193,-0.0013733,0.046387
0.022888,0.00030518,0.050049
0.024414,0.0021362,0.056152
0.025787,0.0039673,0.05127
0.026855,0.0064087,0.040283
0.027313,0.0073242,0.053711
0.027161,0.0074768,0.059814
0.027008,0.0065613,0.056152
0.027618,0.0057983,0.062256
0.029449,0.0050354,0.059814
0.029755,0.0038147,0.061035
0.029907,0.0033569,0.059814
0.026093,0.002594,0.062256
0.027008,0.00030518,0.058594
0.02594,-0.0033569,4.0771
0.026093,-0.0039673,4.8743
0.025635,-0.0057983,4.9243
0.025482,-0.0067139,4.9451
0.025177,-0.0067139,4.9377
0.025177,-0.0080872,4.9341
0.021515,-0.0073242,4.9353
0.02243,-0.0088501,4.9292
0.021667,-0.014801,4.9316
0.022736,-0.011292,4.928
0.025635,-0.0080872,4.9231
0.028229,-0.0032043,4.9255
0.031738,0.0024414,4.9207
0.032501,0.0056458,4.9194
0.031891,0.0053406,4.9133
0.030975,0.0022888,4.9207
0.029907,0.0024414,4.9146
0.030365,0.0022888,4.917
0.030975,0.0035095,4.9158
0.029907,0.0032043,4.9182
0.027161,0.0019836,4.9097
0.02533,-0.0024414,4.9133
0.024872,-0.007019,4.9255
0.026703,-0.0085449,4.9109
0.028534,-0.0088501,4.9194
0.030365,-0.0065613,4.9097
0.031128,-0.0042725,4.9023
0.031128,-0.002594,4.9084
0.029602,-0.0015259,4.9084
0.026855,0.0018311,4.9121
0.024567,0.004425,4.9097
0.023804,0.005188,4.9048
0.021973,0.0061035,4.9109
0.020905,0.004425,4.9207
0.017853,0.0032043,4.9194
0.016632,0.0018311,4.9146
0.015106,0.0012207,4.9231
0.014954,0.002594,4.9231
0.015717,-0.00030518,4.928
0.015717,-0.00015259,4.9365
0.014648,-0.0024414,4.9304
0.012054,-0.0036621,4.9304
0.007782,-0.0041199,4.9329
0.0073242,-0.0021362,4.9304
0.0059509,-0.00061035,4.939
0.0079346,-0.00030518,4.9414
0.0093079,0.00015259,4.9304
0.011292,-0.00045776,4.9292
0.01236,0.00030518,4.9268
0.013733,-0.0022888,4.9316
0.014954,0.0028992,4.9316
0.016022,0.0059509,4.9365
0.015106,0.0057983,4.9329
0.019073,0.0053406,4.9353
0.019531,0.0045776,4.9329
0.018463,0.0038147,4.9329
0.016174,0.0048828,4.9353
0.015717,0.005188,4.9329
0.016632,0.0038147,4.9377
0.01358,0.0016785,4.9231
0.014648,-0.0018311,4.9353
0.015259,-0.0019836,4.9182
0.014648,0.0010681,4.9133
0.012817,0.0050354,4.9194
0.007782,0.0073242,4.9146
0.010529,0.0071716,4.917
0.010223,0.004425,4.9146
0.0091553,0.0012207,4.9109
0.010376,0.0010681,4.9121
0.011139,0.0027466,4.9097
0.011444,0.0062561,4.9121
0.010376,0.0085449,0.040283
0.010223,0.0099182,0.042725
0.0071716,0.011444,0.037842
0.0071716,0.0073242,0.042725
0.0082397,0.0059509,0.043945
0.0076294,0.0047302,0.042725
0.009613,0.0033569,0.043945
0.0073242,0.0035095,0.039063
0.0067139,0.0039673,0.0354
0.0054932,0.0041199,0.042725
0.005188,0.0045776,0.043945
0.0048828,0.0050354,0.042725
0.0064087,0.0036621,0.050049
0.0071716,0.0035095,0.050049
0.007782,0.0050354,0.05127
0.0068665,0.0065613,0.05127
0.0050354,0.0074768,0.058594
0.0028992,0.0088501,0.057373
0.0036621,0.0079346,0.062256
0.0032043,0.0054932,0.059814
0.0071716,0.0022888,0.064697
0.010071,0.0019836,0.058594
0.01236,0.0032043,0.063477
0.014648,0.0071716,0.070801
0.016022,0.011292,0.061035
0.018311,0.013885,0.068359
0.019989,0.014038,0.059814
0.020447,0.011597,0.043945
0.020294,0.0074768,0.063477
0.020294,0.0039673,0.068359
0.018158,0.0045776,0.064697
0.016632,0.0048828,0.063477
0.014496,0.0048828,0.059814
0.014496,0.0033569,0.063477
0.014038,-0.00030518,0.057373
0.016174,-0.0054932,0.056152
0.017395,-0.010376,0.05127
0.018158,-0.0099182,0.054932
0.018463,-0.0083923,0.048828
0.016479,-0.0059509,0.05127
0.016479,-0.0048828,0.056152
0.0177,-0.0056458,0.048828
0.018311,-0.0062561,0.045166
0.018921,-0.0074768,0.045166
0.019226,-0.0067139,0.0354
0.019379,-0.0028992,0.041504
0.019684,-0.00061035,0.039063
0.02121,0.0012207,0.037842
0.02243,0.0019836,0.036621
0.024414,0.00091553,0.036621
0.02655,0.00030518,0.041504
0.027466,0.0012207,0.037842
0.027924,0.0045776,0.037842
0.028076,0.0057983,0.03418
0.028534,0.0054932,0.042725
0.032043,0.0038147,0.039063
0.034485,0.00061035,0.043945
0.036469,-0.00061035,0.039063
0.036774,-0.0030518,0.040283
0.036011,-0.005188,0.056152
0.033875,-0.0042725,0.047607
0.030518,-0.0041199,0.062256
0.027924,-0.0053406,0.050049
0.02594,-0.007019,0.043945
0.025482,-0.0085449,0.053711
0.024261,-0.0082397,0.057373
0.023041,-0.0079346,0.057373
0.020142,-0.0036621,0.061035
0.018921,-0.00030518,0.058594
0.018616,0.0027466,0.063477
0.019684,0.0036621,0.058594
0.021667,0.0047302,0.063477
0.023956,0.0028992,0.057373
0.02533,0.00030518,0.065918
0.023956,0.0015259,0.062256
0.021362,0.00015259,0.065918
0.019989,0.00091553,0.070801
0.021362,0.0024414,0.067139
0.023193,0.0032043,0.19043
0.02533,0.0032043,4.6619
0.026398,0.0021362,4.9182
0.02594,0.00061035,4.9292
0.023956,0.0010681,4.9231
0.02243,0.0019836,4.9243
0.02182,0.0032043,4.9231
0.024414,0.0045776,4.9255
0.027161,0.0059509,4.9219
0.029144,0.0019836,4.917
0.028687,-0.0010681,4.9207
0.028229,-0.0033569,4.9146
0.022736,-0.0027466,4.9194
0.018616,-0.0013733,4.9109
0.016174,0.00015259,4.9182
0.015869,0.00030518,4.9133
0.0177,0.00030518,4.9146
0.019684,-0.0024414,4.9194
0.022278,-0.0036621,4.9121
0.019989,-0.0032043,4.9121
0.018616,-0.0016785,4.9109
0.018158,0.00030518,4.8889
0.019073,0.0024414,4.9097
0.021515,0.004425,4.8987
0.023499,0.0036621,4.9121
0.023804,0.0033569,4.9084
0.021973,0.0036621,4.906
0.019073,0.0048828,4.9146
0.017395,0.0059509,4.9133
0.018921,0.0073242,4.9133
0.024261,0.007782,4.917
0.029907,0.0068665,4.9219
0.034637,0.0064087,4.9207
0.034485,0.0064087,4.9292
0.03418,0.0047302,4.9231
0.033417,0.0042725,4.9268
0.031586,0.0045776,4.928
0.032043,0.0041199,4.9329
0.032349,-0.0027466,4.9451
0.032196,-0.00045776,4.9329
0.029144,-0.0045776,4.9194
0.024261,-0.0068665,4.9316
0.020142,-0.0065613,4.9304
0.016937,-0.0056458,4.9304
0.017548,-0.0032043,4.9377
0.020447,-0.00076294,4.9304
0.02182,-0.00076294,4.9353
0.023041,-0.0019836,4.9316
0.020447,-0.0035095,4.9377
0.017548,-0.0039673,4.9255
0.016174,-0.0027466,4.9353
0.018158,-0.00015259,4.9304
0.021362,0.0018311,4.9329
0.022125,0.004425,4.9402
0.027313,0.0038147,4.928
0.027466,-0.0016785,4.9121
0.025635,0.0018311,4.9231
0.026093,0.005188,4.9109
0.027466,0.007782,4.917
0.030365,0.011292,4.917
0.034027,0.011139,4.9133
0.036163,0.0094604,4.9182
0.035095,0.0053406,4.9158
0.032806,0.0019836,4.9121
0.031586,0.0012207,4.9084
0.030823,0.0030518,4.9158
0.032196,0.0074768,4.9072
0.031891,0.010529,4.9109
0.032196,0.011292,4.9121
0.030975,0.010986,4.9133
0.028229,0.010376,4.8901
0.02594,0.010071,4.9133
0.023346,0.012054,0.047607
0.022125,0.01297,0.040283
0.022125,0.011749,0.048828
0.020905,0.0064087,0.042725
0.017853,0.0018311,0.024414
0.013885,-0.0022888,0.043945
0.010834,-0.0033569,0.046387
0.0065613,-0.0010681,0.048828
0.0042725,0.0015259,0.05127
0.0030518,0.0022888,0.05127
0.0035095,-0.0010681,0.057373
0.0048828,-0.0054932,0.058594
0.0068665,-0.0088501,0.065918
0.0099182,-0.0080872,0.059814
0.01236,-0.0068665,0.063477
0.013885,-0.0047302,0.061035
0.016327,-0.0018311,0.061035
0.019379,-0.0019836,0.075684
0.02121,-0.002594,0.061035
0.02243,-0.0032043,0.061035
0.02121,-0.00061035,0.064697
0.019684,0.0048828,0.056152
0.018005,0.0099182,0.062256
0.018311,0.012512,0.065918
0.020294,0.01236,0.067139
0.023193,0.0094604,0.063477
0.025177,0.0068665,0.057373
0.025787,0.0065613,0.064697
0.02594,0.0073242,0.057373
0.023804,0.0064087,0.059814
0.021057,0.0079346,0.05249
0.018921,0.0061035,0.053711
0.017395,0.0036621,0.05249
0.014648,0.0033569,0.05127
0.011749,0.0019836,0.047607
0.0090027,0.0018311,0.05127
0.0035095,0.0016785,0.056152
0.00030518,0.0024414,0.046387
-0.0016785,0.0035095,0.056152
-0.00061035,0.0050354,0.043945
0.00015259,0.0059509,0.041504
0.0018311,0.0061035,0.041504
0.002594,0.0045776,0.037842
0.0010681,0.0013733,0.039063
-0.00076294,0.00076294,0.036621
-0.0015259,0.00061035,0.037842
0.00015259,0.00076294,0.040283
0.0038147,0.0015259,0.031738
0.0085449,0.0012207,0.041504
0.0085449,0.00030518,0.037842
0.010376,-0.0013733,0.041504
0.010071,-0.00061035,0.046387
0.0093079,0.0012207,0.045166
0.0090027,0.0036621,0.050049
0.0091553,0.0073242,0.047607
0.010223,0.007782,0.05249
0.011292,0.0041199,0.05127
0.0090027,0.00091553,0.048828
0.014191,-0.0022888,0.057373
0.010834,-0.0028992,0.059814
0.011902,-0.00030518,0.056152
0.013123,0.0027466,0.061035
0.015717,0.0048828,0.058594
0.018768,0.0033569,0.063477
0.017853,0.0024414,0.057373
0.018311,-0.0015259,0.064697
0.017853,-0.00015259,0.058594
0.017548,0.0035095,0.062256
0.017548,0.0073242,0.061035
0.0177,0.0090027,0.068359
0.018005,0.010071,0.063477
0.018463,0.0053406,0.064697
0.018311,0.0022888,0.075684
0.018463,-0.00076294,0.063477
0.017548,-0.0016785,0.070801
0.015259,-0.0033569,0.062256
0.014954,-0.0064087,0.046387
0.01236,-0.0086975,0.057373
0.011902,-0.012512,0.11108
0.013428,-0.014801,4.6411
0.014496,-0.013885,4.8987
0.016022,-0.011597,4.9133
0.017548,-0.0086975,4.9182
0.018005,-0.0064087,4.9146
0.019684,-0.0057983,4.9207
0.021515,-0.0076294,4.9109
0.023346,-0.0088501,4.9158
0.02533,-0.010376,4.9133
0.028229,-0.0097656,4.917
0.028229,-0.0088501,4.9109
0.028076,-0.0074768,4.9084
0.030365,-0.0074768,4.9084
0.031586,-0.0079346,4.9097
0.031738,-0.0090027,4.9036
0.030365,-0.0093079,4.9072
0.030365,-0.0076294,4.9194
0.029602,-0.0056458,4.9097
0.029144,-0.0047302,4.9097
0.029144,-0.0047302,4.9097
0.028381,-0.0057983,4.9109
0.028687,-0.0085449,4.9097
0.027618,-0.0097656,4.9158
0.027313,-0.010986,4.9133
0.027924,-0.010071,4.917
0.028687,-0.007019,4.9207
0.028687,-0.0036621,4.9243
0.028229,-0.00091553,4.9243
0.026093,0.00030518,4.9292
0.024261,-0.00015259,4.9353
0.024872,-0.00061035,4.9304
0.023499,-0.0010681,4.939
0.024414,-0.00061035,4.9329
0.025024,0.0015259,4.9243
0.026855,0.0028992,4.9329
0.028992,0.0039673,4.928
0.029755,0.0024414,4.9292
0.03006,0.0018311,4.9316
0.031281,0.00061035,4.9329
0.030518,-0.00076294,4.9329
0.029144,0.00091553,4.9341
0.02655,0.0028992,4.9377
0.023499,0.0047302,4.9316
0.021362,0.0045776,4.9365
0.019684,0.0042725,4.9329
0.019379,0.002594,4.9329
0.019836,0.00076294,4.9329
0.02121,0.00045776,4.9304
0.02182,-0.0039673,4.9255
0.022583,-0.0016785,4.9231
0.023804,-0.0038147,4.9292
0.023041,-0.0061035,4.9207
0.021667,-0.0073242,4.9243
0.020447,-0.0091553,4.917
0.016937,-0.0083923,4.917
0.014801,-0.0061035,4.9182
0.012512,-0.004425,4.9133
0.012817,-0.0035095,4.9084
0.014954,-0.0028992,4.9158
0.018005,-0.0019836,4.906
0.020599,-0.0027466,4.9109
0.023346,-0.0035095,4.9133
0.02533,-0.0036621,4.9133
0.027161,-0.0042725,4.9109
0.03006,-0.004425,4.9097
0.030365,-0.0024414,4.9219
0.029144,-0.0016785,4.9121
0.026398,-0.0015259,4.917
0.023193,-0.0016785,4.9121
0.016174,-0.00091553,4.8975
0.019073,0.0019836,4.9133
0.018463,0.0059509,4.9146
0.019073,0.007782,0.05127
0.019684,0.010681,0.05127
0.021667,0.007019,0.048828
0.024261,0.0012207,0.058594
0.027771,-0.0032043,0.056152
0.030975,-0.0047302,0.059814
0.032349,-0.005188,0.058594
0.033722,-0.0035095,0.063477
0.029907,-0.0030518,0.064697
0.027313,-0.0056458,0.063477
0.023956,-0.0091553,0.070801
0.020447,-0.013428,0.067139
0.018768,-0.01358,0.054932
0.015564,-0.01297,0.062256
0.015106,-0.0082397,0.072021
0.014343,-0.0071716,0.063477
0.016327,-0.0076294,0.05249
0.018921,-0.0080872,0.065918
0.022888,-0.0090027,0.063477
0.02655,-0.0085449,0.063477
0.029907,-0.0061035,0.062256
0.031586,-0.0042725,0.059814
0.031891,-0.004425,0.058594
0.031586,-0.0054932,0.053711
0.029602,-0.0079346,0.056152
0.026093,-0.010071,0.043945
0.02243,-0.010529,0.05127
0.020752,-0.0074768,0.048828
0.020294,-0.0015259,0.048828
0.021973,-0.0016785,0.058594
0.022583,-0.00045776,0.046387
0.023651,0.0012207,0.056152
0.025787,0.0021362,0.041504
0.028534,0.0033569,0.03418
0.029602,0.0036621,0.041504
0.030823,0.004425,0.040283
0.030823,0.0053406,0.036621
0.028534,0.0041199,0.030518
0.02533,0.0054932,0.037842
0.024261,0.007019,0.040283
0.022125,0.0080872,0.037842
0.022125,0.0047302,0.041504
0.0177,0.007019,0.036621
0.015717,0.0048828,0.039063
0.014496,0.0032043,0.046387
0.013428,0.0010681,0.042725
0.012207,-0.0012207,0.042725
0.012512,-0.0039673,0.047607
0.011444,-0.012207,0.041504
0.0097656,-0.0083923,0.048828
0.0067139,-0.0090027,0.059814
0.0021362,-0.0083923,0.05127
-0.0010681,-0.0068665,0.046387
-0.0028992,-0.0054932,0.054932
-0.0022888,-0.0050354,0.058594
0.00045776,-0.0039673,0.057373
0.0019836,-0.0022888,0.065918
0.0038147,-0.0015259,0.061035
0.0057983,0.0015259,0.063477
0.0076294,0.0032043,0.057373
0.0097656,0.0047302,0.063477
0.010986,0.0067139,0.059814
0.014954,0.0071716,0.063477
0.016327,0.010071,0.062256
0.017853,0.007782,0.065918
0.018463,0.0082397,0.076904
0.016327,0.0090027,0.06958
0.015106,0.011292,0.065918
0.015106,0.013885,0.061035
0.016327,0.015717,0.046387
0.018768,0.015869,0.057373
0.019684,0.014038,0.058594
0.019073,0.011292,0.053711
0.018005,0.0099182,0.050049
0.016937,0.0083923,0.046387
0.015869,0.010529,0.050049
0.016174,0.01236,0.043945
0.017242,0.011597,0.048828
0.017548,0.012817,4.4507
0.016937,0.010376,4.8853
0.016174,0.0090027,4.9109
0.014801,0.0083923,4.9146
0.01297,0.0094604,4.9097
0.011444,0.011749,4.9121
0.0091553,0.013275,4.917
0.007782,0.013123,4.9133
0.0059509,0.011444,4.9207
0.0038147,0.0088501,4.9084
0.0045776,0.007019,4.9084
0.0018311,0.0054932,4.9121
0.0027466,0.0050354,4.9097
0.0032043,0.004425,4.906
0.0048828,0.0042725,4.9084
0.0056458,0.0033569,4.9109
0.0065613,0.0028992,4.9109
0.0076294,0.0021362,4.9121
0.0079346,0.0056458,4.9219
0.0083923,0.005188,4.917
0.0099182,0.0038147,4.928
0.010986,0.0010681,4.928
0.012817,-0.0013733,4.9255
0.014648,-0.0024414,4.9353
0.016937,-0.00091553,4.9304
0.018616,0.00015259,4.9121
0.021362,-0.00076294,4.9304
0.02243,-0.0015259,4.9353
0.023041,-0.0036621,4.9316
0.023956,-0.004425,4.9304
0.025177,-0.0041199,4.9268
0.024109,-0.0016785,4.928
0.024261,-0.00015259,4.9353
0.023193,0.0012207,4.928
0.022888,-0.00015259,4.9341
0.023499,-0.0016785,4.9377
0.023651,-0.0038147,4.9316
0.024719,-0.0035095,4.9365
0.024872,-0.0021362,4.9353
0.024719,0.0013733,4.9341
0.023193,0.0021362,4.9292
0.021362,0.0012207,4.9316
0.019531,-0.0024414,4.9426
0.018768,-0.0045776,4.9219
0.018616,-0.0057983,4.928
0.018005,-0.0065613,4.9194
0.018158,-0.0062561,4.9036
0.019226,-0.0056458,4.8999
0.019531,-0.0057983,4.9133
0.023193,-0.0062561,4.9182
0.025177,-0.0061035,4.9146
0.027313,-0.0057983,4.9109
0.029449,-0.0038147,4.9133
0.030518,-0.0050354,4.9036
0.030975,-0.0047302,4.9097
0.032349,-0.0047302,4.906
0.033722,-0.0038147,4.9158
0.035553,-0.0036621,4.9084
0.036469,-0.0028992,4.9133
0.036469,-0.0035095,4.9121
0.036469,-0.0036621,4.9133
0.035553,-0.0059509,4.9084
0.035553,-0.0041199,4.9121
0.034637,-0.0036621,4.9036
0.0354,-0.0030518,4.9121
0.033569,-0.0036621,4.9023
0.033875,-0.0045776,4.9158
0.033417,-0.0071716,4.917
0.033417,-0.0079346,4.9158
0.032959,-0.0091553,4.9243
0.032501,-0.0097656,4.9255
0.032501,-0.0091553,4.9292
0.032654,-0.0057983,4.9255
0.031586,-0.0050354,0.064697
0.029449,-0.0028992,0.063477
0.028076,-0.0016785,0.062256
0.025177,-0.00015259,0.062256
0.023499,0.0032043,0.062256
0.02182,0.0074768,0.06958
0.022278,0.010529,0.064697
0.024109,0.012817,0.074463
0.026245,0.01297,0.063477
0.029144,0.010223,0.053711
0.028992,0.0080872,0.068359
0.028534,0.0059509,0.064697
0.027618,0.004425,0.05127
0.026245,0.0028992,0.065918
0.023956,0.0019836,0.062256
0.021057,0.0027466,0.061035
0.01709,0,0.054932
0.015411,-0.00030518,0.057373
0.015411,-0.00030518,0.047607
0.014038,-0.00061035,0.05249
0.016174,-0.0018311,0.05127
0.017395,-0.0010681,0.050049
0.02121,-0.0019836,0.05249
0.024414,-0.0013733,0.046387
0.027771,-0.00091553,0.046387
0.029755,-0.004425,0.042725
0.031281,-0.00030518,0.036621
0.032196,-0.0015259,0.042725
0.031738,-0.0022888,0.037842
0.030518,-0.0022888,0.037842
0.032043,-0.0015259,0.040283
0.026398,0.0028992,0.040283
0.024414,0.0027466,0.040283
0.023041,0.0038147,0.03418
0.025787,0.0016785,0.039063
0.023804,0.0016785,0.0354
0.023956,0.00045776,0.042725
0.024261,-0.0013733,0.040283
0.025177,0.00091553,0.05127
0.02594,0.0010681,0.041504
0.02655,0.00015259,0.046387
0.026398,-0.00030518,0.057373
0.024109,-0.0033569,0.050049
0.021362,-0.0050354,0.059814
0.018463,-0.0039673,0.05127
0.015869,-0.0028992,0.040283
0.016785,-0.0010681,0.054932
0.018311,0.0010681,0.059814
0.020752,0.00045776,0.062256
0.026093,-0.0018311,0.061035
0.02533,-0.0045776,0.057373
0.027008,-0.0074768,0.065918
0.027466,-0.0057983,0.059814
0.028534,-0.002594,0.063477
0.029449,0.0030518,0.062256
0.029602,0.0057983,0.063477
0.030518,0.0062561,0.064697
0.031281,0.0036621,0.065918
0.032501,0.0019836,0.072021
0.032501,-0.00091553,0.067139
0.032654,-0.0027466,0.067139
0.034485,-0.0027466,0.065918
0.035706,-0.0027466,0.070801
0.0354,-0.0019836,0.057373
0.033722,-0.005188,0.053711
0.031891,-0.0054932,0.05249
0.029755,-0.0053406,0.05127
0.027618,-0.0035095,0.048828
0.026855,-0.0012207,0.050049
0.026398,0.00015259,0.047607
0.026093,0.0019836,0.046387
0.027313,0.00076294,0.041504
0.023346,0,0.046387
0.027466,-0.0010681,0.041504
0.02655,-0.002594,0.042725
0.024872,-0.0042725,0.039063
0.02243,-0.004425,0.036621
0.018616,-0.0035095,3.6877
0.014343,-0.00030518,4.834
0.0091553,0.00061035,4.9097
0.0053406,0.0028992,4.9048
0.0050354,0.0028992,4.8987
0.0028992,0.0022888,4.9084
0.0059509,0.0019836,4.9121
0.0090027,0.0013733,4.9084
0.011444,0.0013733,4.9109
0.012665,0.0013733,4.9194
0.016479,0.00061035,4.9133
0.016785,0.0013733,4.9146
0.016632,-0.0054932,4.9194
0.015717,-0.0048828,4.9158
0.015411,-0.0050354,4.9194
0.015259,-0.0050354,4.9255
0.014801,-0.0041199,4.9255
0.013885,-0.0042725,4.928
0.014343,-0.0056458,4.928
0.011902,-0.0065613,4.928
0.011444,-0.0071716,4.9304
0.01297,-0.0061035,4.9402
0.014038,-0.0033569,4.9304
0.016022,0.0010681,4.917
0.017853,0.0045776,4.9268
0.019379,0.0057983,4.9304
0.020447,0.0047302,4.9329
0.023956,0.0041199,4.9329
0.022125,0.004425,4.9329
0.022736,0.0057983,4.939
0.022888,0.007019,4.9341
0.02182,0.0068665,4.9353
0.018921,0.007019,4.9329
0.018005,0.007019,4.9353
0.016022,0.0079346,4.928
0.014954,0.0059509,4.9316
0.015411,0.0068665,4.9377
0.016937,0.0073242,4.9243
0.016785,0.0076294,4.9255
0.016174,0.0065613,4.9231
0.015259,0.0067139,4.9011
0.017548,0.0036621,4.9207
0.015564,0.0030518,4.9121
0.016174,0.0019836,4.9182
0.016632,0.0022888,4.9133
0.017395,0.0028992,4.9097
0.01709,0.0045776,4.9121
0.017242,0.0042725,4.9097
0.017548,0.0042725,4.9121
0.017548,0.0030518,4.906
0.018311,0.002594,4.9158
0.018616,0.0042725,4.9109
0.019379,0.0071716,4.9182
0.019073,0.0090027,4.9097
0.018311,0.010834,4.9133
0.017548,0.010986,4.9146
0.016174,0.0090027,4.9146
0.015869,0.0076294,4.9182
0.016022,0.0045776,4.9133
0.016632,0.0036621,4.9072
0.018158,0.0032043,4.917
0.020142,0.0045776,4.917
0.020447,0.0050354,4.9207
0.021057,0.005188,4.9219
0.02121,0.0028992,4.9207
0.022583,0.00015259,4.9268
0.023651,-0.00061035,4.9255
0.02533,-0.00045776,4.9353
0.024872,-0.00045776,4.9304
0.023651,0.00091553,4.9341
0.021667,0.0027466,4.9316
0.019073,0.0047302,4.9329
0.018616,0.0053406,4.939
0.018768,0.0028992,4.9304
0.020294,0.00045776,0.063477
0.022125,-0.0024414,0.063477
0.023804,-0.0036621,0.064697
0.023956,-0.0061035,0.065918
0.022888,-0.007782,0.06958
0.02243,-0.0064087,0.064697
0.02243,-0.0065613,0.065918
0.023956,-0.0056458,0.061035
0.023651,-0.0048828,0.059814
0.023041,-0.0054932,0.057373
0.021973,-0.0059509,0.061035
0.022278,-0.0028992,0.054932
0.024261,-0.00045776,0.053711
0.028687,0.0018311,0.05249
0.034332,0.0036621,0.053711
0.040588,0.004425,0.045166
0.044403,0.0030518,0.047607
0.047302,0.0015259,0.058594
0.048218,-0.0016785,0.046387
0.046539,-0.0047302,0.056152
0.043793,-0.0053406,0.042725
0.041046,-0.0050354,0.037842
0.038757,-0.0032043,0.036621
0.036621,-0.0016785,0.037842
0.034485,-0.00091553,0.041504
0.033264,-0.0027466,0.039063
0.032806,-0.0057983,0.036621
0.031433,-0.0086975,0.041504
0.031128,-0.010071,0.037842
0.030975,-0.0093079,0.042725
0.029297,-0.0074768,0.039063
0.027161,-0.0064087,0.043945
0.024414,-0.0054932,0.041504
0.021057,-0.0054932,0.046387
0.018311,-0.0053406,0.057373
0.017853,-0.0053406,0.047607
0.018311,-0.0039673,0.050049
0.020142,-0.0018311,0.053711
0.021973,0.00030518,0.043945
0.026245,0.0013733,0.054932
0.025482,0.0015259,0.053711
0.026245,-0.0022888,0.057373
0.027161,-0.0024414,0.061035
0.028534,-0.0028992,0.058594
0.029144,-0.002594,0.063477
0.029755,-0.00061035,0.061035
0.028687,-0.00045776,0.062256
0.027618,-0.00015259,0.056152
0.026245,-0.0027466,0.063477
0.02533,-0.0047302,0.063477
0.025177,-0.0064087,0.065918
0.025177,-0.007019,0.06958
0.023651,-0.0057983,0.062256
0.025177,-0.0050354,0.072021
0.023193,-0.0053406,0.065918
0.020599,-0.007782,0.074463
0.013885,-0.010071,0.058594
0.016174,-0.010681,0.050049
0.015717,-0.0093079,0.056152
0.015869,-0.0068665,0.05249
0.0177,-0.005188,0.050049
0.018463,-0.002594,0.05127
0.019989,-0.0039673,0.046387
0.020752,-0.0073242,0.045166
0.018921,-0.0061035,0.046387
0.022278,-0.0053406,0.048828
0.023041,-0.0041199,0.041504
0.023956,-0.0022888,0.043945
0.023041,-0.0015259,0.043945
0.022278,-0.002594,0.043945
0.02182,-0.0041199,0.040283
0.019836,-0.0071716,0.042725
0.020599,-0.010071,0.037842
0.019226,-0.011902,0.037842
0.018921,-0.01236,0.030518
0.018921,-0.010986,0.036621
0.020599,-0.010834,0.039063
0.02121,-0.012054,4.5337
0.020905,-0.014648,4.8792
0.019989,-0.018005,4.906
0.022736,-0.017548,4.9097
0.024872,-0.015411,4.906
0.028076,-0.011749,4.9182
0.028839,-0.0073242,4.9146
0.029602,-0.0065613,4.917
0.029602,-0.0068665,4.9207
0.028534,-0.004425,4.9243
0.027771,-0.007782,4.9231
0.028381,-0.0067139,4.928
0.030212,-0.0030518,4.9353
0.032043,0.00015259,4.9329
0.03418,0.0036621,4.9377
0.034637,0.0024414,4.9316
0.035248,0.0010681,4.9146
0.035248,-0.0018311,4.928
0.034943,-0.002594,4.917
0.033569,-0.0021362,4.9316
0.032043,0,4.9304
0.028381,0.00076294,4.9304
0.026703,-0.00030518,4.9377
0.023956,-0.00030518,4.9341
0.022888,-0.0079346,4.9377
0.023041,-0.0059509,4.9304
0.024109,-0.0036621,4.9377
0.024109,0.0010681,4.9316
0.023956,0.0035095,4.9316
0.023651,0.0064087,4.9402
0.022583,0.0054932,4.9292
0.02182,0.0041199,4.9268
0.022736,0.0041199,4.9219
0.022583,0.0065613,4.9255
0.023651,0.0090027,4.8999
0.023346,0.010376,4.9182
0.021057,0.009613,4.9182
0.018311,0.0053406,4.9146
0.014496,0.0015259,4.9146
0.012512,-0.0018311,4.9109
0.011444,-0.0021362,4.9097
0.011139,-0.0016785,4.9109
0.010834,0.00045776,4.9048
0.0094604,0.0012207,4.9097
0.009613,0.00030518,4.9146
0.0068665,-0.0010681,4.9133
0.0067139,-0.0021362,4.9084
0.0074768,-0.0015259,4.9133
0.0073242,-0.00076294,4.9194
0.007782,0.0010681,4.9121
0.0079346,0.0024414,4.9207
0.0073242,0.0030518,4.9109
0.0079346,0.0045776,4.9048
0.0083923,0.005188,4.9158
0.011749,0.0050354,4.917
0.015259,0.0053406,4.9121
0.018158,0.0061035,4.9182
0.019989,0.0080872,4.9231
0.020905,0.011139,4.9255
0.020142,0.014191,4.9255
0.022278,0.015869,4.9353
0.02243,0.016327,4.928
0.023193,0.015106,4.9316
0.023956,0.012512,4.9304
0.019989,0.010986,4.9329
0.021973,0.010529,4.9316
0.020294,0.011597,4.9316
0.020447,0.011902,4.9353
0.018768,0.013275,4.9353
0.020294,0.010834,4.9438
0.018158,0.0082397,4.9365
0.02182,0.0059509,4.9402
0.021973,0.0059509,4.9341
0.019531,0.0079346,0.067139
0.017242,0.01297,0.063477
0.015411,0.013428,0.062256
0.013885,0.015106,0.057373
0.015411,0.007019,0.058594
0.015106,0.014038,0.05249
0.016327,0.013733,0.053711
0.014954,0.017242,0.053711
0.015106,0.0177,0.05127
0.015106,0.018463,0.046387
0.015717,0.016632,0.047607
0.01709,0.014038,0.062256
0.017548,0.010834,0.045166
0.017395,0.0088501,0.048828
0.014496,0.007782,0.045166
0.010681,0.0074768,0.028076
0.007019,0.0065613,0.039063
0.0059509,0.005188,0.037842
0.0050354,0.0027466,0.039063
0.009613,0.0012207,0.041504
0.01297,0.0013733,0.031738
0.014496,0.0022888,0.039063
0.015869,0.0038147,0.039063
0.015869,0.0032043,0.040283
0.016327,0.00076294,0.0354
0.016632,-0.0013733,0.042725
0.018005,-0.0024414,0.042725
0.018463,-0.0012207,0.043945
0.018616,0.00091553,0.047607
0.0177,0.0038147,0.048828
0.013885,0.0035095,0.047607
0.012512,0.0018311,0.056152
0.014496,0.00076294,0.059814
0.018768,-0.00076294,0.05249
0.024261,-0.00045776,0.053711
0.028992,-0.00015259,0.062256
0.030975,-0.00030518,0.059814
0.029907,-0.00091553,0.057373
0.028381,-0.0033569,0.064697
0.026855,-0.0054932,0.058594
0.026245,-0.0074768,0.061035
0.02655,-0.007019,0.059814
0.025635,-0.0076294,0.062256
0.023193,-0.0059509,0.059814
0.021362,-0.0042725,0.064697
0.019684,-0.0033569,0.063477
0.020752,-0.0048828,0.068359
0.024719,-0.0056458,0.072021
0.029144,-0.0062561,0.067139
0.032501,-0.0048828,0.067139
0.034637,-0.0035095,0.062256
0.035248,-0.0015259,0.053711
0.034637,0.00061035,0.053711
0.033417,0.00015259,0.053711
0.034027,-0.00076294,0.048828
0.034637,-0.0027466,0.05127
0.035553,-0.0056458,0.048828
0.0354,-0.0071716,0.047607
0.0354,-0.0065613,0.042725
0.035095,-0.0036621,0.050049
0.034027,-0.00091553,0.043945
0.034943,0.00061035,0.043945
0.034943,0.0010681,0.043945
0.034332,-0.00091553,0.042725
0.033264,-0.0038147,0.036621
0.030212,-0.0062561,0.041504
0.030365,-0.0059509,0.046387
0.028534,-0.0045776,0.040283
0.028076,-0.0018311,0.046387
0.028534,-0.00045776,0.039063
0.030365,-0.0012207,0.028076
0.030518,-0.0027466,0.037842
0.030365,-0.0035095,0.042725
0.028534,-0.0027466,0.031738
0.026093,-0.0013733,0.039063
0.026093,0.002594,0.037842
0.027008,0.0042725,0.047607
0.027008,0.0057983,3.2996
0.027161,0.004425,4.8254
0.02533,0.0021362,4.9109
0.022583,0.00091553,4.9255
0.019684,0.0018311,4.9255
0.018463,0.0033569,4.9304
0.019379,0.0042725,4.9426
0.02182,0.0047302,4.9365
0.024414,0.0061035,4.9329
0.024719,0.0053406,4.9341
0.024414,0.0048828,4.9292
0.023804,0.0048828,4.9304
0.022125,0.004425,4.9292
0.020905,0.00091553,4.9316
0.020752,-0.0027466,4.9292
0.021362,-0.0067139,4.9304
0.018768,-0.0099182,4.939
0.02121,-0.010986,4.9304
0.018005,-0.0090027,4.9341
0.019379,-0.0076294,4.9316
0.019684,-0.0041199,4.9329
0.02121,-0.0024414,4.9292
0.023499,-0.00045776,4.9353
0.026245,0.004425,4.928
0.027466,0.0033569,4.928
0.028839,0.0057983,4.9329
0.03006,0.0085449,4.9207
0.03067,0.010376,4.9304
0.031738,0.011749,4.9194
0.03479,0.011139,4.906
0.037079,0.0091553,4.9243
0.038452,0.0071716,4.9146
0.037689,0.0047302,4.9146
0.032959,0.0021362,4.9011
0.028229,-0.00061035,4.9109
0.022888,-0.0030518,4.9109
0.018005,-0.0056458,4.9109
0.015869,-0.0073242,4.9097
0.014954,-0.0088501,4.9097
0.014648,-0.011292,4.9023
0.014648,-0.011749,4.9097
0.015717,-0.012054,4.9109
0.017853,-0.010376,4.9121
0.019684,-0.0083923,4.9097
0.024261,-0.0068665,4.9097
0.028534,-0.005188,4.9121
0.032501,-0.0057983,4.9133
0.033417,-0.004425,4.9158
0.031738,-0.0032043,4.9048
0.029755,0.0015259,4.9133
0.028687,0.0059509,4.9207
0.029449,0.010071,4.9243
0.031891,0.012207,4.9243
0.034943,0.012665,4.9255
0.037842,0.01297,4.9329
0.040741,0.01236,4.9292
0.041504,0.010223,4.9341
0.041351,0.0094604,4.9304
0.040588,0.007019,4.9329
0.040283,0.0054932,4.9268
0.039368,0.0016785,4.9292
0.035858,-0.00045776,4.939
0.032043,-0.0013733,4.9377
0.027466,-0.0028992,4.9365
0.023956,-0.0027466,4.9353
0.022736,-0.0018311,4.9194
0.022888,-0.00091553,4.9353
0.02594,0.00076294,4.9377
0.027771,0.0024414,4.9353
0.028992,0.0041199,4.9329
0.028381,0.0045776,4.928
0.025024,0.0045776,4.9243
0.021667,0.0053406,4.9255
0.017395,0.0067139,0.053711
0.015411,0.0091553,0.048828
0.012665,0.011749,0.05249
0.012665,0.010071,0.046387
0.010986,0.0082397,0.047607
0.0097656,0.0050354,0.05127
0.0088501,0.0010681,0.046387
0.010529,-0.002594,0.041504
0.013885,-0.005188,0.041504
0.018616,-0.0039673,0.029297
0.022583,-0.0048828,0.037842
0.024261,-0.0032043,0.041504
0.024109,-0.0013733,0.039063
0.022125,0.00091553,0.040283
0.020294,0.0027466,0.036621
0.019989,0.002594,0.040283
0.020599,0.0032043,0.037842
0.021667,0.0059509,0.039063
0.021515,0.0028992,0.037842
0.02182,0.0032043,0.046387
0.02182,0.0047302,0.039063
0.021057,0.0050354,0.045166
0.020905,0.0050354,0.047607
0.02243,0.0035095,0.047607
0.024872,0.0033569,0.059814
0.024414,0.0027466,0.053711
0.022125,0.0010681,0.067139
0.02121,0.0038147,0.057373
0.016174,0.0059509,0.046387
0.013885,0.007782,0.058594
0.013428,0.0083923,0.063477
0.015106,0.0093079,0.061035
0.016327,0.0074768,0.062256
0.016785,0.0045776,0.061035
0.015869,0.0013733,0.062256
0.013885,-0.0019836,0.061035
0.012665,-0.0028992,0.064697
0.011597,-0.0022888,0.062256
0.011444,0.00015259,0.064697
0.010529,0.0022888,0.067139
0.010529,0.0027466,0.062256
0.0097656,0.0030518,0.06958
0.0085449,0.0053406,0.067139
0.012207,0.0079346,0.064697
0.015106,0.011444,0.062256
0.020294,0.014343,0.067139
0.025177,0.015411,0.058594
0.029755,0.013885,0.05249
0.031586,0.009613,0.050049
0.031586,0.0054932,0.05249
0.029755,0.0033569,0.047607
0.026245,0.0033569,0.046387
0.02182,0.0039673,0.042725
0.01709,0.0047302,0.048828
0.012054,0.0067139,0.042725
0.0088501,0.0030518,0.043945
0.0064087,0.002594,0.042725
0.0053406,0.0019836,0.045166
0.0056458,0.0035095,0.039063
0.0079346,0.0057983,0.041504
0.01297,0.0059509,0.054932
0.018768,0.0042725,0.040283
0.022888,0.00045776,0.047607
0.025787,-0.0032043,0.039063
0.026093,-0.0053406,0.021973
0.02533,-0.0042725,0.037842
0.023346,-0.00091553,0.039063
0.021973,0.0019836,0.041504
0.02121,0.0035095,0.040283
0.020142,0.0027466,0.039063
0.019531,0.0018311,0.047607
0.019989,-0.00030518,0.047607
0.02121,-0.00076294,0.043945
0.024567,-0.00091553,0.047607
0.027771,-0.0015259,0.057373
0.031433,-0.0032043,0.054932
0.033569,-0.0071716,0.059814
0.034637,-0.012054,0.095215
0.031586,-0.014954,4.635
0.031891,-0.016632,4.9084
0.029297,-0.015564,4.9304
0.026855,-0.011597,4.9402
0.025024,-0.0079346,4.9304
0.025482,-0.0062561,4.9194
0.028381,-0.0048828,4.9316
0.028687,-0.0048828,4.9292
0.031586,-0.0047302,4.9292
0.035706,-0.004425,4.9377
0.037842,-0.0033569,4.9353
0.040588,-0.0030518,4.9377
0.042267,-0.0027466,4.9353
0.041351,-0.0038147,4.9353
0.039825,-0.0045776,4.9268
0.037537,-0.0053406,4.9268
0.033875,-0.005188,4.9329
0.029907,-0.0048828,4.9292
0.028076,-0.0028992,4.9304
0.026093,-0.0028992,4.9207
0.025787,-0.0039673,4.9207
0.026093,-0.005188,4.9133
0.026398,-0.0073242,4.906
0.026703,-0.0068665,4.9158
0.026245,-0.0056458,4.9158
0.02533,-0.0038147,4.9121
0.023804,-0.0027466,4.9158
0.023346,-0.0027466,4.9121
0.02121,-0.0042725,4.9109
0.018616,-0.0038147,4.906
0.016632,-0.0027466,4.9084
0.016479,0,4.9084
0.017548,0.004425,4.9133
0.019989,0.0088501,4.9109
0.023193,0.0071716,4.9133
0.026245,0.0057983,4.9072
0.027313,0.0033569,4.9133
0.029907,0.0015259,4.9133
0.031586,0.00045776,4.9097
0.032196,0.0054932,4.9219
0.032806,0.0054932,4.917
0.031128,0.0080872,4.9084
0.030212,0.0085449,4.917
0.025787,0.0067139,4.9231
0.021973,0.0041199,4.9231
0.019684,0.00015259,4.9243
0.018768,-0.0024414,4.9219
0.018616,-0.0030518,4.9329
0.019073,-0.0012207,4.9292
0.019379,0.00076294,4.9304
0.019226,-0.0028992,4.9292
0.019379,-0.0064087,4.9329
0.019226,-0.010071,4.9304
0.018768,-0.012665,4.9341
0.016785,-0.011902,4.9451
0.015717,-0.0085449,4.9377
0.014496,-0.0045776,4.9316
0.014496,-0.0013733,4.9353
0.013885,0.00015259,4.9292
0.015564,0.00076294,4.9414
0.016632,0.0010681,4.9316
0.019226,0.0021362,4.9304
0.021362,0.0047302,4.9316
0.023346,0.0074768,4.9243
0.023804,0.0086975,4.9268
0.026093,0.0079346,4.9146
0.027313,0.0064087,4.9231
0.02655,0.00091553,4.9194
0.025177,-0.0032043,4.9219
0.025635,-0.0067139,4.9194
0.02121,-0.0097656,4.9207
0.018768,-0.013428,4.9158
0.015717,-0.014801,0.047607
0.015564,-0.015564,0.053711
0.015717,-0.017853,0.041504
0.016632,-0.019226,0.05249
0.017853,-0.017395,0.040283
0.018616,-0.018005,0.030518
0.020599,-0.016174,0.041504
0.021667,-0.014038,0.039063
0.023041,-0.011902,0.037842
0.024414,-0.0094604,0.040283
0.024719,-0.007019,0.036621
0.026703,-0.004425,0.040283
0.028992,0.0012207,0.037842
0.030975,0.0059509,0.041504
0.0354,0.010223,0.037842
0.037842,0.013428,0.047607
0.040741,0.014191,0.047607
0.042419,0.013123,0.048828
0.044403,0.011749,0.058594
0.041351,0.010986,0.053711
0.043488,0.010223,0.062256
0.040588,0.0065613,0.054932
0.037231,0.0091553,0.053711
0.032654,0.007019,0.063477
0.028534,0.0035095,0.058594
0.026245,-0.0010681,0.058594
0.027008,-0.0035095,0.064697
0.026093,-0.0035095,0.059814
0.027008,-0.0022888,0.061035
0.027161,0.00030518,0.058594
0.025177,0.0015259,0.064697
0.023804,-0.00030518,0.059814
0.022278,-0.0015259,0.064697
0.02182,-0.0016785,0.067139
0.021973,0.00045776,0.067139
0.019226,0.0048828,0.063477
0.014343,0.010071,0.067139
0.014191,0.01358,0.073242
0.012512,0.01358,0.059814
0.01297,0.012207,0.068359
0.014496,0.0085449,0.057373
0.01709,0.0054932,0.043945
0.017395,0.0039673,0.050049
0.018158,-0.00030518,0.047607
0.018158,0.0016785,0.047607
0.016785,0.00091553,0.043945
0.016022,-0.00045776,0.043945
0.015411,0.00015259,0.047607
0.016632,-0.0013733,0.042725
0.017548,0.005188,0.043945
0.018616,0.0080872,0.042725
0.019684,0.010376,0.046387
0.020294,0.010071,0.042725
0.021667,0.0082397,0.041504
0.023499,0.0067139,0.046387
0.024414,0.005188,0.041504
0.023499,0.0036621,0.037842
0.024109,0.0028992,0.042725
0.022278,0.0012207,0.026855
0.019226,0.0012207,0.039063
0.016479,0.0022888,0.039063
0.01358,0.0047302,0.037842
0.010529,0.0086975,0.042725
0.0086975,0.013885,0.041504
0.0083923,0.019073,0.046387
0.0093079,0.023193,0.046387
0.010376,0.025177,0.05127
0.012054,0.022278,0.05127
0.013885,0.018463,0.054932
0.015106,0.014954,0.054932
0.016785,0.012512,0.061035
0.017853,0.011292,0.057373
0.017853,0.010986,0.056152
0.014496,0.010223,0.065918
0.014343,0.0097656,0.063477
0.012512,0.0086975,0.06958
0.0099182,0.0082397,0.061035
0.0065613,0.0079346,0.050049
0.0038147,0.0080872,4.1614
0.0036621,0.0093079,4.8804
0.0047302,0.0099182,4.9243
0.007782,0.010071,4.9341
0.011444,0.0099182,4.9316
0.015106,0.007782,4.9304
0.01709,0.0057983,4.9341
0.017853,0.0024414,4.9365
0.016785,0.0038147,4.928
0.014954,0.0039673,4.9304
0.011139,0.004425,4.9292
0.0085449,0.0061035,4.928
0.0061035,0.007782,4.9255
0.0042725,0.0091553,4.9255
0.0041199,0.0099182,4.9255
0.0067139,0.010834,4.9182
0.010223,0.011139,4.9231
0.013885,0.0094604,4.917
0.018311,0.010834,4.9109
0.021057,0.010986,4.9097
0.023346,0.010376,4.9182
0.025177,0.0090027,4.9133
0.025482,0.007019,4.9109
0.025482,0.0038147,4.9084
0.024719,0.00091553,4.9109
0.023041,-0.00015259,4.906
0.020752,-0.0012207,4.8999
0.019073,-0.0010681,4.9084
0.019684,-0.00061035,4.9109
0.020905,-0.00045776,4.9109
0.021362,0.0016785,4.9109
0.024109,0.0033569,4.9255
0.025787,0.0047302,4.9133
0.027008,0.0048828,4.9194
0.027008,0.0033569,4.9182
0.025787,0.0021362,4.9011
0.024414,0.0010681,4.9146
0.022736,-0.0018311,4.9182
0.020752,0.0019836,4.9255
0.018768,0.0024414,4.9255
0.017395,0.0016785,4.9231
0.016327,-0.0019836,4.9182
0.016022,-0.0033569,4.9304
0.016479,-0.0047302,4.9341
0.019073,-0.0041199,4.9268
0.020905,-0.0021362,4.9353
0.022888,0.00015259,4.9316
0.025024,0.00030518,4.9329
0.027618,0.00045776,4.9329
0.029449,-0.0024414,4.9353
0.030823,-0.0045776,4.9353
0.032959,-0.0057983,4.9365
0.03418,-0.0048828,4.9487
0.0354,-0.0033569,4.9377
0.036316,-0.0021362,4.9353
0.036163,-0.0015259,4.9341
0.035248,-0.0016785,4.9316
0.034485,-0.00091553,4.9268
0.032806,-0.00030518,4.9207
0.032043,0.0024414,4.9255
0.031586,0.0047302,4.9243
0.031281,0.0065613,4.9194
0.031433,0.0074768,4.9207
0.031281,0.007019,4.9109
0.031891,0.0071716,4.9194
0.031738,0.007782,4.9194
0.031586,0.0088501,4.9182
0.030823,0.007782,4.9231
0.030823,0.0076294,4.9048
0.029755,0.0054932,4.9121
0.028534,0.004425,4.9121
0.025635,0.0027466,4.8987
0.023193,0.0024414,0.041504
0.02121,0.0015259,0.039063
0.019989,0.0065613,0.037842
0.020142,0.0076294,0.040283
0.023499,0.0082397,0.040283
0.021515,0.0062561,0.040283
0.023499,0.0054932,0.037842
0.025024,0.0064087,0.041504
0.027313,0.0093079,0.037842
0.028534,0.012512,0.045166
0.029449,0.015411,0.047607
0.031891,0.017853,0.050049
0.031128,0.014801,0.05249
0.029297,0.010529,0.054932
0.02655,0.0073242,0.05249
0.025177,0.0039673,0.056152
0.02243,0.0010681,0.067139
0.022888,-0.0021362,0.058594
0.022583,-0.0035095,0.05249
0.02121,-0.0047302,0.058594
0.020142,-0.0059509,0.062256
0.019226,-0.0071716,0.062256
0.017853,-0.0065613,0.062256
0.0177,-0.0062561,0.056152
0.017242,-0.0053406,0.063477
0.018311,-0.0027466,0.059814
0.020752,-0.00045776,0.064697
0.023499,0.0033569,0.063477
0.027618,0.0059509,0.067139
0.032349,0.0073242,0.065918
0.036621,0.007782,0.061035
0.03952,0.0079346,0.079346
0.040741,0.0067139,0.061035
0.03952,0.0064087,0.062256
0.036316,0.0068665,0.058594
0.032806,0.0067139,0.036621
0.027161,0.0048828,0.05249
0.022888,0.0028992,0.05249
0.018768,-0.00015259,0.048828
0.014496,-0.0035095,0.046387
0.013275,-0.0062561,0.043945
0.011902,-0.0082397,0.046387
0.013275,-0.011139,0.045166
0.013428,-0.016327,0.045166
0.014343,-0.016937,0.037842
0.014801,-0.019073,0.045166
0.015869,-0.019073,0.041504
0.018005,-0.013885,0.041504
0.02243,-0.0074768,0.041504
0.023041,0.0033569,0.042725
0.026093,0.0067139,0.046387
0.028076,0.009613,0.041504
0.03067,0.011597,0.047607
0.033264,0.010529,0.037842
0.036163,0.010834,0.036621
0.03952,0.012054,0.039063
0.042725,0.011139,0.041504
0.043488,0.010376,0.042725
0.041809,0.0071716,0.043945
0.039063,0.0032043,0.043945
0.035706,0.00076294,0.047607
0.031738,-0.0010681,0.050049
0.031586,-0.0010681,0.057373
0.029755,-0.0021362,0.05249
0.027161,-0.00076294,0.061035
0.025024,-0.0045776,0.059814
0.022583,-0.0071716,0.062256
0.021667,-0.0079346,0.072021
0.020142,-0.0085449,0.062256
0.018921,-0.0054932,0.063477
0.018616,-0.0019836,0.061035
0.017548,0.0012207,0.056152
0.014648,0.0030518,0.061035
0.01358,0.0022888,0.062256
0.010986,0.00091553,0.059814
0.011444,0.0021362,0.063477
0.013885,0.0028992,0.065918
0.016937,0.0036621,0.067139
0.017548,0.0036621,4.1541
0.017853,0.0019836,4.8853
0.01709,-0.0022888,4.9219
0.017548,-0.0028992,4.9304
0.018158,-0.0036621,4.9207
0.019836,-0.0035095,4.9268
0.020599,-0.0021362,4.9219
0.020447,-0.0016785,4.9231
0.018463,-0.0010681,4.9329
0.017548,0,4.9219
0.016479,0.00091553,4.9255
0.016632,0.0019836,4.9207
0.016937,0.0013733,4.9023
0.016327,0.00061035,4.9097
0.016937,-0.0012207,4.9109
0.017395,-0.0038147,4.9133
0.019379,-0.0071716,4.9109
0.022736,-0.0086975,4.9084
0.021057,-0.010376,4.9109
0.019531,-0.010223,4.9109
0.0177,-0.0080872,4.9084
0.016327,-0.0042725,4.9084
0.014954,0.00045776,4.9158
0.013733,0.0048828,4.9097
0.013123,0.0073242,4.9133
0.013428,0.0073242,4.917
0.01236,0.0061035,4.9109
0.012207,0.0041199,4.9109
0.01358,0.002594,4.9146
0.016327,0.0015259,4.9072
0.018158,0.0019836,4.9194
0.019989,0.0033569,4.9023
0.018311,0.0030518,4.9231
0.016785,0.0033569,4.9255
0.015564,0.0033569,4.9255
0.015564,0.0039673,4.928
0.015106,0.0032043,4.9304
0.015259,0.0016785,4.9329
0.013885,-0.002594,4.928
0.012054,-0.0056458,4.9341
0.0091553,-0.0079346,4.9316
0.0073242,-0.007019,4.9353
0.0076294,-0.0039673,4.9316
0.0085449,-0.0013733,4.9304
0.0094604,0.0019836,4.9402
0.0088501,0.0027466,4.9377
0.0082397,0.0047302,4.9426
0.0071716,0.0073242,4.9353
0.007782,0.011292,4.9255
0.010681,0.013733,4.9365
0.015869,0.014496,4.9341
0.02121,0.010986,4.928
0.023041,0.0045776,4.9304
0.022736,-0.0038147,4.9255
0.019073,-0.011139,4.9243
0.01297,-0.015869,4.9194
0.0082397,-0.017853,4.9268
0.0041199,-0.017548,4.917
0.00061035,-0.015259,4.9219
-0.0022888,-0.011139,4.9158
-0.0039673,-0.0057983,4.9219
-0.0035095,0.00015259,4.9158
0.00045776,0.0067139,4.9182
0.0054932,0.01236,4.9121
0.014191,0.017853,4.9121
0.023804,0.020447,4.9048
0.032806,0.019684,4.9109
0.03952,0.016022,4.9097
0.041809,0.010834,4.9097
0.040741,0.0059509,4.9109
0.036774,0.0019836,4.9084
0.031738,-0.00045776,0.041504
0.028839,0.00061035,0.037842
0.025787,0.0019836,0.040283
0.022583,0.0054932,0.039063
0.017548,0.0071716,0.043945
0.012054,0.0057983,0.041504
0.0083923,0.0041199,0.047607
0.0050354,-0.00030518,0.043945
0.004425,-0.0032043,0.05249
0.007019,-0.0062561,0.059814
0.011139,-0.0085449,0.056152
0.015717,-0.010834,0.065918
0.019073,-0.011749,0.059814
0.021515,-0.016632,0.041504
0.023041,-0.018768,0.058594
0.023193,-0.017853,0.062256
0.024109,-0.013275,0.062256
0.025635,-0.0048828,0.061035
0.028229,0.0048828,0.057373
0.029907,0.013428,0.064697
0.03067,0.019226,0.061035
0.030518,0.021057,0.064697
0.029907,0.018311,0.059814
0.032043,0.014038,0.06958
0.032654,0.010681,0.067139
0.0354,0.007782,0.064697
0.037537,0.0045776,0.078125
0.037689,0.0024414,0.056152
0.036774,-0.00076294,0.054932
0.033569,-0.0053406,0.059814
0.031586,-0.0061035,0.053711
0.03067,-0.0073242,0.05249
0.028534,-0.0057983,0.053711
0.027466,-0.0021362,0.050049
0.024261,0.002594,0.042725
0.021667,0.0048828,0.045166
0.019989,0.0059509,0.047607
0.020142,0.005188,0.046387
0.016174,0.0041199,0.045166
0.016174,0.0073242,0.041504
0.0177,0.01297,0.045166
0.020447,0.020447,0.042725
0.023499,0.026245,0.041504
0.025482,0.029297,0.040283
0.026398,0.027313,0.039063
0.027008,0.023804,0.050049
0.027924,0.020905,0.045166
0.028229,0.020142,0.056152
0.029602,0.02121,0.036621
0.029449,0.024414,0.029297
0.029755,0.023651,0.037842
0.031586,0.020599,0.040283
0.033112,0.015106,0.040283
0.035095,0.0090027,0.03418
0.033875,0.0013733,0.043945
0.031586,-0.0016785,0.047607
0.029449,-0.0039673,0.047607
0.02533,-0.0057983,0.054932
0.020752,-0.0071716,0.05127
0.016022,-0.0093079,0.050049
0.0094604,-0.011292,0.062256
0.0079346,-0.010529,0.063477
0.0059509,-0.0065613,0.065918
0.0079346,-0.0021362,0.062256
0.013123,0.0016785,0.067139
0.017548,0.002594,0.058594
0.026093,0.0027466,0.068359
0.032501,0.00045776,0.059814
0.037384,0.00091553,0.065918
0.039063,0.0042725,0.059814
0.037231,0.0088501,0.063477
0.033417,0.014191,0.062256
0.027924,0.016174,0.067139
0.022125,0.014038,0.065918
0.0177,0.011444,0.067139
0.014191,0.007782,0.061035
0.013733,0.0053406,0.062256
0.015564,0.0033569,0.056152
0.020294,0.0010681,0.095215
0.024719,0.00030518,4.6265
0.029297,-0.0019836,4.9023
0.033417,-0.0057983,4.9292
0.034943,-0.007782,4.9182
0.033722,-0.010376,4.917
0.030365,-0.010223,4.9219
0.025787,-0.0083923,4.8962
0.0177,-0.0067139,4.9146
0.013428,-0.0047302,4.9158
0.0083923,-0.0082397,4.9121
0.0064087,-0.0033569,4.9109
0.0065613,-0.0068665,4.9084
0.0090027,-0.0065613,4.9109
0.013275,-0.0047302,4.9097
0.015259,-0.0012207,4.9109
0.01709,0.0015259,4.8938
0.017548,0.0059509,4.9084
0.018311,0.0062561,4.9121
0.018768,0.0057983,4.9133
0.02243,0.0041199,4.9097
0.024872,0.0030518,4.9109
0.032043,0.0042725,4.9146
0.037842,0.0064087,4.9109
0.04425,0.005188,4.9243
0.051117,0.0061035,4.9182
0.05661,0.0021362,4.906
0.060883,0.0032043,4.9243
0.064392,0.0019836,4.9194
0.065918,0.0010681,4.9243
0.065155,-0.00015259,4.9243
0.058289,-0.0035095,4.9255
0.052338,-0.0090027,4.9341
0.046234,-0.014191,4.9304
0.041351,-0.019226,4.9316
0.037537,-0.021973,4.9268
0.034332,-0.021362,4.9304
0.028534,-0.018921,4.9304
0.023499,-0.014801,4.9316
0.018311,-0.011597,4.9402
0.017853,-0.0088501,4.9377
0.014343,-0.0090027,4.9377
0.011292,-0.0054932,4.9402
0.010223,-0.0015259,4.9329
0.0080872,0.0019836,4.9353
0.0062561,0.0065613,4.9316
0.0032043,0.010071,4.928
0.0042725,0.012665,4.9304
0.0048828,0.011597,4.9158
0.0079346,0.011139,4.9255
0.010834,0.005188,4.9207
0.014954,0.0042725,4.9255
0.014801,0.0035095,4.917
0.016327,0.0016785,4.906
0.019379,-0.00015259,4.9231
0.022736,-0.00015259,4.9158
0.026855,-0.0035095,4.9133
0.029144,-0.0057983,4.9158
0.034027,-0.0073242,4.9219
0.035553,-0.007019,4.9121
0.036163,-0.0048828,4.9219
0.034027,-0.0057983,4.9084
0.033569,-0.004425,4.9072
0.034485,-0.0057983,4.9109
0.032501,-0.0073242,4.9133
0.030823,-0.0080872,4.9097
0.027008,-0.007782,4.9109
0.02121,-0.0068665,4.906
0.01358,-0.0079346,4.9133
0.0079346,-0.0076294,4.906
0.0047302,-0.0068665,4.9133
0.0041199,-0.005188,4.9097
0.0027466,-0.0024414,0.047607
0.0032043,-0.0019836,0.05127
0.0022888,0.0027466,0.05127
0.0010681,0.004425,0.065918
0.00015259,0.0059509,0.054932
0.0016785,0.0062561,0.056152
0.0033569,0.0064087,0.057373
0.0064087,0.0068665,0.05249
0.0082397,0.0099182,0.053711
0.0090027,0.012207,0.058594
0.0080872,0.013733,0.059814
0.0057983,0.01358,0.058594
0.0059509,0.012054,0.058594
0.0080872,0.010376,0.063477
0.010834,0.010376,0.059814
0.014648,0.0088501,0.064697
0.015717,0.011597,0.062256
0.016022,0.010376,0.065918
0.01358,0.0062561,0.063477
0.010681,-0.00015259,0.068359
0.0093079,-0.0041199,0.06958
0.0042725,-0.0062561,0.067139
0.0059509,-0.0067139,0.067139
-0.0012207,-0.0042725,0.061035
-0.0068665,-0.0016785,0.068359
-0.011902,-0.00061035,0.053711
-0.016022,-0.0021362,0.045166
-0.017853,-0.0035095,0.05127
-0.014496,-0.0038147,0.05249
-0.0086975,-0.0016785,0.042725
-0.0022888,0.0027466,0.050049
0.0016785,0.0071716,0.045166
0.0059509,0.011444,0.047607
0.0079346,0.012665,0.041504
0.0093079,0.010986,0.045166
0.011444,0.007782,0.039063
0.013733,0.005188,0.042725
0.015717,0.0035095,0.043945
0.015411,0.0016785,0.043945
0.015106,-0.0010681,0.045166
0.01236,-0.0053406,0.041504
0.012207,-0.011444,0.042725
0.014954,-0.017548,0.040283
0.019073,-0.020294,0.032959
0.023651,-0.02182,0.039063
0.026703,-0.02121,0.041504
0.02655,-0.019836,0.039063
0.025177,-0.0177,0.041504
0.023041,-0.016479,0.043945
0.021973,-0.016937,0.046387
0.021362,-0.017548,0.047607
0.022583,-0.020905,0.053711
0.023651,-0.022583,0.048828
0.023499,-0.022125,0.054932
0.022736,-0.018921,0.057373
0.021362,-0.013733,0.061035
0.02121,-0.0083923,0.057373
0.02121,-0.005188,0.063477
0.023804,-0.007782,0.067139
0.025482,-0.0088501,0.062256
0.027313,-0.011444,0.06958
0.026245,-0.011749,0.061035
0.023193,-0.010681,0.043945
0.019379,-0.010071,0.059814
0.017242,-0.010376,0.068359
0.016937,-0.010986,0.067139
0.018158,-0.014954,0.067139
0.019073,-0.01358,0.062256
0.018768,-0.012054,0.064697
0.017242,-0.007782,0.064697
0.014648,-0.0030518,0.063477
0.012512,0.00091553,0.059814
0.015259,0.0053406,0.062256
0.016327,0.0042725,0.054932
0.017853,0.0057983,0.053711
0.017853,0.0053406,0.057373
0.016022,0.0047302,0.048828
0.015717,0.0054932,0.048828
0.013885,0.0053406,3.9026
0.013885,0.0050354,4.8438
0.013428,0.0045776,4.9072
0.015259,0.0042725,4.9097
0.016632,0.0033569,4.9109
0.019684,0.0028992,4.9133
0.019073,0.0067139,4.9048
0.018768,0.0083923,4.9109
0.02121,0.010223,4.9084
0.024261,0.010376,4.9097
0.029755,0.011597,4.906
0.033112,0.01297,4.9133
0.03479,0.012512,4.9097
0.034027,0.011902,4.9133
0.031433,0.010834,4.8999
0.028076,0.0091553,4.9146
0.027466,0.0093079,4.9207
0.026245,0.0080872,4.9133
0.026245,0.0085449,4.9243
0.023499,0.0073242,4.9182
0.02182,0.0073242,4.9109
0.017395,0.0094604,4.9231
0.015717,0.013428,4.9231
0.016632,0.018158,4.9231
0.018616,0.024414,4.9268
0.019836,0.027466,4.9304
0.02121,0.031433,4.9304
0.020142,0.032806,4.9292
0.018921,0.028687,4.9365
0.016479,0.026398,4.9268
0.015564,0.024414,4.9329
0.016327,0.023346,4.9329
0.016937,0.02243,4.9329
0.017853,0.020294,4.9341
0.016022,0.015564,4.9353
0.014191,0.011749,4.9353
0.010834,0.0091553,4.9365
0.007019,0.0057983,4.9463
0.0039673,0.004425,4.9365
0.0024414,0.0024414,4.9194
0.0024414,0.00045776,4.9316
0.0036621,-0.0022888,4.9304
0.0050354,-0.0056458,4.9292
0.0073242,-0.0038147,4.9304
0.0097656,-0.0013733,4.9207
0.01297,-0.00030518,4.9255
0.016632,0.0015259,4.9207
0.020752,0.0010681,4.917
0.023804,0.0039673,4.917
0.025787,0.0041199,4.9194
0.02655,0.0050354,4.9158
0.025024,0.0062561,4.9146
0.024719,0.0091553,4.9268
0.023956,0.012207,4.9158
0.025024,0.013275,4.9109
0.028534,0.012665,4.9133
0.030365,0.010834,4.8926
0.029449,0.0094604,4.9109
0.03006,0.010223,4.9097
0.029755,0.01236,4.9084
0.029449,0.014038,4.9109
0.030518,0.013123,4.906
0.033417,0.010376,4.9109
0.032654,0.007019,4.9084
0.031128,0.0067139,4.9133
0.028992,0.0068665,4.9109
0.025635,0.0094604,4.9207
0.023193,0.012512,4.9109
0.022736,0.013123,4.9231
0.024414,0.011749,4.9255
0.027618,0.013885,4.9219
0.027618,0.013428,4.9231
0.027313,0.014496,0.053711
0.025482,0.013885,0.06958
0.021515,0.013428,0.059814
0.018768,0.01236,0.056152
0.017853,0.010834,0.068359
0.016632,0.0088501,0.062256
0.016327,0.0074768,0.061035
0.01297,0.0067139,0.061035
0.0097656,0.0065613,0.058594
0.0054932,0.005188,0.063477
0.0038147,0.0024414,0.059814
0.0059509,-0.0021362,0.068359
0.009613,-0.0050354,0.061035
0.01358,-0.0082397,0.065918
0.017548,-0.0065613,0.068359
0.020294,-0.0090027,0.065918
0.022736,-0.0086975,0.074463
0.023651,-0.0076294,0.059814
0.025635,-0.0050354,0.061035
0.027924,-0.0024414,0.056152
0.029297,0.00061035,0.042725
0.028992,0.0028992,0.048828
0.026703,0.0042725,0.05127
0.024719,0.005188,0.045166
0.021973,0.0059509,0.050049
0.021973,0.005188,0.045166
0.023956,0.0042725,0.048828
0.02533,0.0047302,0.040283
0.02655,0.0022888,0.045166
0.026093,0.0015259,0.039063
0.029297,-0.00015259,0.043945
0.023041,-0.00015259,0.042725
0.020752,-0.00030518,0.041504
0.019989,-0.00030518,0.03418
0.018768,-0.00015259,0.040283
0.019989,0.00015259,0.042725
0.018158,0.00015259,0.039063
0.016785,0.0010681,0.042725
0.015411,0.0012207,0.031738
0.012817,0.0019836,0.036621
0.013885,0.0021362,0.039063
0.014648,0.0012207,0.042725
0.014648,0.00076294,0.043945
0.015411,-0.00076294,0.041504
0.014954,-0.0019836,0.046387
0.016479,-0.0042725,0.05249
0.015869,-0.0035095,0.05127
0.017242,-0.0028992,0.059814
0.018463,-0.0024414,0.056152
0.020447,-0.00091553,0.064697
0.021515,-0.00030518,0.057373
0.020599,-0.00015259,0.061035
0.019531,-0.00030518,0.076904
0.016785,-0.00030518,0.061035
0.014801,0.0016785,0.061035
0.013733,0.0035095,0.061035
0.013275,0.0035095,0.053711
0.013885,0,0.059814
0.015564,-0.0033569,0.065918
0.017242,-0.0071716,0.054932
0.019226,-0.0093079,0.064697
0.019531,-0.0067139,0.062256
0.021973,-0.0035095,0.065918
0.024872,0.00061035,0.061035
0.027313,0.00076294,0.065918
0.027466,0.0030518,0.054932
0.026245,0.0028992,0.058594
0.024414,0.0028992,0.05249
0.020905,0.004425,0.053711
0.018311,0.0067139,0.05249
0.018463,0.0071716,0.05127
0.019836,0.0065613,0.05249
0.022125,0.0028992,0.050049
0.023193,0,0.061035
0.023499,-0.0032043,0.041504
0.023804,-0.004425,0.03418
0.023499,-0.0042725,0.043945
0.024109,-0.0028992,0.039063
0.023956,-0.0028992,4.2688
0.02243,-0.0032043,4.8669
0.019836,-0.0054932,4.9023
0.016327,-0.0090027,4.9048
0.013123,-0.010223,4.9036
0.011139,-0.011749,4.9097
0.012512,-0.010529,4.9072
0.013885,-0.0074768,4.9121
0.015869,-0.0065613,4.9097
0.020447,-0.0056458,4.9146
0.022888,-0.0048828,4.9158
0.02533,-0.0038147,4.9146
0.028381,-0.0027466,4.917
0.030975,-0.0022888,4.9084
0.03067,-0.002594,4.9182
0.035553,-0.0015259,4.9207
0.036469,-0.0028992,4.9158
0.037994,-0.0061035,4.9219
0.035858,-0.009613,4.9268
0.034027,-0.012512,4.928
0.032349,-0.014648,4.928
0.03006,-0.015717,4.9304
0.029755,-0.014954,4.9329
0.028839,-0.011292,4.9304
0.029144,-0.0091553,4.9316
0.028381,-0.0068665,4.9292
0.026398,-0.0054932,4.9329
0.024872,-0.0050354,4.9304
0.02182,-0.0045776,4.9329
0.023499,-0.0042725,4.9451
0.024109,-0.0019836,4.9365
0.024567,-0.0016785,4.9402
0.025024,-0.00061035,4.9377
0.023346,0.00091553,4.9146
0.021515,0.0028992,4.9304
0.020142,0.0050354,4.9219
0.019226,0.0090027,4.9292
0.018921,0.0083923,4.9255
0.018768,0.0067139,4.9219
0.019073,0.0036621,4.9219
0.019531,0.00030518,4.9207
0.019531,-0.0028992,4.9194
0.020905,-0.004425,4.9146
0.022278,-0.0030518,4.9158
0.02243,-0.0018311,4.9182
0.022125,-0.0018311,4.9158
0.020142,-0.0022888,4.9158
0.019073,-0.0027466,4.9146
0.016632,-0.0018311,4.9072
0.016174,0,4.9121
0.016632,0.002594,4.9023
0.017853,0.002594,4.9109
0.015259,0.0021362,4.9011
0.019989,-0.00076294,4.9097
0.021667,-0.0039673,4.9084
0.023651,-0.0065613,4.9084
0.024414,-0.0062561,4.9048
0.024872,-0.0047302,4.9097
0.022888,-0.0015259,4.9109
0.021362,-0.00061035,4.9072
0.018616,-0.00076294,4.917
0.017242,-0.0027466,4.9158
0.015869,-0.0061035,4.9194
0.014954,-0.0086975,4.9194
0.014038,-0.0068665,4.9255
0.014038,-0.0097656,4.9292
0.011444,-0.007782,4.9243
0.014801,-0.0062561,4.9451
0.016479,-0.0067139,4.9329
0.018921,-0.0082397,4.9194
0.021667,-0.011444,4.9316
0.029144,-0.013275,4.928
0.029449,-0.013885,0.061035
0.030975,-0.010376,0.062256
0.033264,-0.0071716,0.059814
0.033112,-0.0019836,0.062256
0.034485,0.0013733,0.062256
0.03479,0.0041199,0.062256
0.034332,0.004425,0.059814
0.034332,0.0027466,0.06958
0.03418,0.002594,0.06958
0.033417,0.00076294,0.068359
0.035248,-0.0018311,0.068359
0.036621,-0.0041199,0.062256
0.037537,-0.0073242,0.061035
0.036621,-0.010681,0.058594
0.036316,-0.013885,0.057373
0.029602,-0.014801,0.054932
0.025482,-0.013275,0.048828
0.020142,-0.010834,0.045166
0.01709,-0.0080872,0.050049
0.015717,-0.0071716,0.046387
0.015259,-0.0079346,0.048828
0.016327,-0.010986,0.041504
0.018311,-0.01236,0.047607
0.019989,-0.012207,0.039063
0.023041,-0.010681,0.043945
0.024567,-0.010071,0.045166
0.025177,-0.009613,0.043945
0.024872,-0.0090027,0.036621
0.023804,-0.0079346,0.041504
0.024109,-0.0057983,0.053711
0.02243,-0.0032043,0.040283
0.02182,0.00061035,0.05249
0.020447,0.0027466,0.039063
0.020599,0.0027466,0.023193
0.021515,0.0012207,0.037842
0.023651,-0.00091553,0.042725
0.026093,-0.0024414,0.041504
0.027618,-0.0030518,0.045166
0.028839,-0.0033569,0.045166
0.026855,-0.0054932,0.05249
0.026245,-0.0068665,0.048828
0.025177,-0.0074768,0.054932
0.023956,-0.0062561,0.05249
0.022583,-0.0027466,0.061035
0.016327,0.00030518,0.059814
0.016937,0.0022888,0.061035
0.0094604,0.0039673,0.070801
0.005188,0.0010681,0.062256
-0.00045776,-0.0019836,0.059814
-0.0038147,-0.0032043,0.061035
-0.0065613,-0.005188,0.070801
-0.0068665,-0.0050354,0.058594
-0.0076294,-0.011902,0.072021
-0.0067139,-0.016479,0.062256
-0.0067139,-0.020447,0.064697
-0.0035095,-0.021973,0.062256
0.00091553,-0.020905,0.065918
0.0050354,-0.018463,0.063477
0.007019,-0.012512,0.056152
0.0053406,-0.0080872,0.058594
0.0054932,-0.0013733,0.058594
0.0015259,0.0061035,0.054932
0.0041199,0.011292,0.056152
0.0062561,0.015106,0.05249
0.0097656,0.015869,0.054932
0.016022,0.013275,0.059814
0.018311,0.009613,0.050049
0.027924,0.0042725,0.053711
0.033264,0.00045776,0.045166
0.037079,-0.0024414,0.03418
0.036316,-0.0038147,0.045166
0.032196,-0.0053406,0.042725
0.025177,-0.0057983,0.039063
0.016632,-0.005188,0.037842
0.0073242,-0.0032043,0.039063
0.00061035,-0.0013733,0.037842
-0.0030518,0,0.037842
-0.0030518,-0.00061035,0.041504
0,-0.0019836,4.0698
0.0041199,-0.0041199,4.8572
0.0094604,-0.0050354,4.8938
0.011597,-0.0048828,4.9109
0.013733,-0.0012207,4.9097
0.01358,0.0018311,4.9146
0.0085449,0.0032043,4.9133
0.0041199,0.0038147,4.9146
-0.0012207,0.0016785,4.9231
-0.0041199,-0.0015259,4.9219
-0.005188,-0.0048828,4.9097
-0.0061035,-0.0068665,4.9182
-0.0057983,-0.0076294,4.9292
-0.0038147,-0.0067139,4.9255
-0.00076294,-0.0045776,4.9255
0.0045776,-0.0038147,4.9255
0.0082397,-0.0038147,4.9316
0.012817,-0.0033569,4.9304
0.014191,-0.0010681,4.9304
0.015106,0.0022888,4.9304
0.015259,0.0062561,4.9329
0.016174,0.012207,4.9304
0.018921,0.018311,4.9353
0.02243,0.021057,4.9548
0.025482,0.021362,4.9402
0.028839,0.018463,4.9377
0.029755,0.01297,4.9377
0.030823,0.0076294,4.9231
0.029144,0.0042725,4.9316
0.027924,0.0024414,4.9292
0.026703,0.0013733,4.9316
0.025024,0.00015259,4.928
0.023041,-0.002594,4.9219
0.021057,-0.0062561,4.9243
0.018158,-0.0080872,4.9194
0.016937,-0.0093079,4.9207
0.016327,-0.0059509,4.9146
0.018005,-0.0019836,4.9182
0.017548,0.0016785,4.917
0.016937,0.0039673,4.9207
0.017548,0.0061035,4.9158
0.016022,0.0053406,4.9158
0.0177,0.0071716,4.9182
0.018921,0.0085449,4.9133
0.02121,0.0094604,4.9194
0.025177,0.010376,4.9109
0.027466,0.010681,4.8999
0.030518,0.011139,4.9109
0.033417,0.012665,4.9109
0.035248,0.014191,4.9084
0.035706,0.015411,4.9011
0.034485,0.014648,4.9097
0.033264,0.013428,4.9097
0.030518,0.012512,4.9072
0.029144,0.010986,4.917
0.029297,0.011597,4.9121
0.030518,0.011597,4.9194
0.030975,0.010681,4.9194
0.030975,0.0083923,4.9231
0.032043,0.0059509,4.9341
0.032501,0.0030518,4.9268
0.032196,0.00045776,4.9316
0.030823,0.0010681,4.9304
0.028229,0.0016785,4.928
0.023804,0.0022888,4.9329
0.023041,0.005188,4.9292
0.02182,0.0059509,4.9194
0.02243,0.0076294,4.9304
0.024109,0.0082397,4.9329
0.025177,0.007782,4.9329
0.024414,0.0083923,4.9304
0.028839,0.007782,4.9365
0.029449,0.0073242,4.9329
0.029907,0.0068665,0.065918
0.028992,0.0082397,0.068359
0.027161,0.0085449,0.067139
0.024719,0.0093079,0.062256
0.024261,0.0099182,0.062256
0.023956,0.011749,0.06958
0.024261,0.013428,0.059814
0.024872,0.015411,0.067139
0.025635,0.016479,0.05249
0.026855,0.0177,0.048828
0.027771,0.018158,0.047607
0.027924,0.016937,0.053711
0.029297,0.014343,0.046387
0.028992,0.011597,0.047607
0.028076,0.005188,0.039063
0.026093,0.0013733,0.042725
0.023651,-0.00045776,0.040283
0.021362,-0.0015259,0.045166
0.018005,0.00015259,0.041504
0.016937,0.0033569,0.042725
0.016785,0.0054932,0.040283
0.016174,0.0082397,0.042725
0.017548,0.0094604,0.05127
0.018921,0.0088501,0.041504
0.019989,0.0073242,0.040283
0.02121,0.0045776,0.040283
0.02182,0.0010681,0.019531
0.023346,-0.00091553,0.037842
0.023499,-0.0022888,0.039063
0.023499,-0.0032043,0.041504
0.023346,-0.0039673,0.046387
0.023499,-0.0035095,0.045166
0.021057,-0.0035095,0.05249
0.019684,-0.0050354,0.048828
0.018768,-0.0038147,0.057373
0.018768,-0.0047302,0.056152
0.018616,-0.0061035,0.058594
0.019836,-0.0062561,0.058594
0.019989,-0.0068665,0.062256
0.020447,-0.0054932,0.063477
0.019989,-0.0059509,0.063477
0.021515,-0.005188,0.065918
0.023346,-0.0042725,0.061035
0.02243,-0.00045776,0.074463
0.022888,0.0015259,0.062256
0.023346,0.0033569,0.05127
0.023041,0.004425,0.062256
0.023804,0.0047302,0.062256
0.024872,0.0038147,0.064697
0.026703,0.0041199,0.06958
0.028229,0.0035095,0.062256
0.028229,-0.0024414,0.061035
0.028229,0.00076294,0.059814
0.028687,-0.00015259,0.061035
0.025787,-0.0022888,0.05127
0.028534,-0.0050354,0.057373
0.027771,-0.0062561,0.05249
0.02655,-0.0068665,0.05249
0.025482,-0.0080872,0.05249
0.023956,-0.0090027,0.050049
0.023956,-0.011902,0.043945
0.023499,-0.01358,0.046387
0.023346,-0.013275,0.040283
0.023346,-0.01236,0.043945
0.02243,-0.0097656,0.040283
0.021362,-0.0073242,0.040283
0.019684,-0.0038147,0.041504
0.019531,-0.0062561,0.037842
0.018005,-0.0024414,0.039063
0.019989,0.00030518,0.037842
0.023651,0.0027466,0.041504
0.024872,0.0053406,0.037842
0.025635,0.0054932,0.041504
0.02655,0.0064087,0.040283
0.026703,0.0035095,0.040283
0.025787,0.0032043,0.037842
0.025482,0.0064087,0.043945
0.023346,0.0057983,3.197
0.021057,0.0041199,4.8096
0.019531,0.0015259,4.9146
0.0177,-0.0013733,4.9207
0.015717,-0.0041199,4.8999
0.015411,-0.0057983,4.9207
0.015411,-0.0057983,4.9084
0.015717,-0.0062561,4.9255
0.015106,-0.0093079,4.9268
0.014954,-0.012512,4.928
0.013885,-0.014343,4.9316
0.012512,-0.014343,4.9329
0.011139,-0.012207,4.9316
0.010071,-0.0088501,4.9268
0.0091553,-0.0056458,4.9304
0.0090027,-0.0045776,4.9304
0.010071,-0.0047302,4.9341
0.012665,-0.004425,4.9426
0.015564,-0.0028992,4.939
0.01709,-0.0013733,4.9341
0.01709,-0.0024414,4.9377
0.018158,-0.0024414,4.9463
0.018158,-0.0033569,4.9304
0.019836,-0.00015259,4.906
0.022278,0.0032043,4.928
0.023651,0.007782,4.928
0.02533,0.011749,4.9219
0.026093,0.014801,4.9231
0.025787,0.0091553,4.9158
0.021973,0.0035095,4.9207
0.02594,-0.0010681,4.9146
0.026855,-0.0036621,4.9207
0.028229,-0.0035095,4.9158
0.028839,-0.0019836,4.917
0.027466,-0.0012207,4.9097
0.02533,-0.0022888,4.9158
0.023499,-0.0038147,4.9194
0.021515,-0.0053406,4.9121
0.02182,-0.004425,4.9194
0.021667,-0.0024414,4.9109
0.021057,0.00030518,4.8987
0.019379,0.0019836,4.9097
0.019989,0.0012207,4.9109
0.014191,-0.00045776,4.9097
0.011139,-0.0032043,4.9011
0.0071716,-0.0050354,4.9097
0.007782,-0.0047302,4.9097
0.0076294,-0.0028992,4.9097
0.0076294,-0.0010681,4.9158
0.0080872,0.0012207,4.9072
0.0091553,-0.0024414,4.9207
0.0091553,-0.0027466,4.9182
0.010529,-0.0016785,4.9243
0.011749,-0.00091553,4.9231
0.013885,0.00091553,4.9268
0.016022,0.0015259,4.9243
0.018616,0.0024414,4.9304
0.02182,0.0032043,4.9377
0.023804,0.0030518,4.9329
0.024261,0.0035095,4.9182
0.026703,0.0035095,4.9304
0.028229,0.0050354,4.9329
0.031128,0.0056458,4.9316
0.033722,0.005188,4.9316
0.034027,0.0041199,4.9304
0.033875,0.0038147,4.9341
0.032501,0.0021362,4.9316
0.030365,0.0032043,4.9365
0.028229,0.0041199,4.9341
0.027618,0.0062561,4.9365
0.027161,0.0074768,4.9304
0.026703,0.0064087,4.9353
0.02655,0.002594,4.9475
0.024719,-0.0033569,4.9304
0.02182,-0.0088501,0.054932
0.021057,-0.012054,0.056152
0.020905,-0.011597,0.032959
0.02121,-0.0086975,0.047607
0.019073,-0.0053406,0.048828
0.016327,-0.0032043,0.047607
0.013428,-0.0030518,0.046387
0.012665,-0.0039673,0.042725
0.013428,-0.0041199,0.046387
0.015717,-0.0015259,0.041504
0.019379,0.0036621,0.042725
0.023651,0.0085449,0.037842
0.027313,0.011444,0.042725
0.029907,0.012054,0.041504
0.030823,0.0080872,0.039063
0.031281,0.0045776,0.042725
0.034332,0.002594,0.042725
0.035095,0.0024414,0.039063
0.036163,0.0053406,0.040283
0.036316,0.0076294,0.037842
0.036163,0.0099182,0.039063
0.035706,0.0093079,0.0354
0.034332,0.0062561,0.041504
0.034027,0.0012207,0.041504
0.035095,-0.0035095,0.039063
0.035858,-0.0053406,0.046387
0.036621,-0.0054932,0.047607
0.037537,-0.0047302,0.05249
0.03479,-0.0048828,0.054932
0.032654,-0.0059509,0.061035
0.03067,-0.0065613,0.057373
0.029297,-0.0068665,0.062256
0.028076,-0.0050354,0.062256
0.026398,-0.0021362,0.063477
0.025024,0.0010681,0.06958
0.024109,0.0064087,0.058594
0.022278,0.0083923,0.068359
0.024414,0.0093079,0.062256
0.022583,0.0091553,0.054932
0.024872,0.0090027,0.063477
0.027771,0.0094604,0.062256
0.029144,0.0093079,0.064697
0.030365,0.009613,0.067139
0.030823,0.0083923,0.063477
0.030212,0.0083923,0.067139
0.030365,0.007019,0.058594
0.028229,0.0062561,0.062256
0.027313,0.0082397,0.056152
0.025177,0.0088501,0.057373
0.02243,0.0088501,0.057373
0.023041,0.007019,0.054932
0.021667,0.0019836,0.050049
0.02243,0.00076294,0.050049
0.02182,-0.0032043,0.057373
0.023651,-0.0061035,0.047607
0.026703,-0.0079346,0.057373
0.028076,-0.0086975,0.03418
0.027161,-0.0099182,0.05127
0.028076,-0.011292,0.037842
0.027313,-0.012207,0.039063
0.026245,-0.011139,0.039063
0.02594,-0.0090027,0.039063
0.02655,-0.0061035,0.039063
0.025635,-0.0038147,0.039063
0.024719,-0.0022888,0.036621
0.023804,-0.0050354,0.042725
0.018311,-0.0074768,0.036621
0.021667,-0.0094604,0.040283
0.022736,-0.011139,0.040283
0.02533,-0.011597,0.041504
0.026398,-0.009613,0.053711
0.024261,-0.0093079,0.045166
0.023956,-0.0091553,0.047607
0.022888,-0.0099182,0.048828
0.020752,-0.010986,0.036621
0.019684,-0.01297,0.05127
0.019531,-0.013428,0.11108
0.02121,-0.012054,4.6375
0.022278,-0.011292,4.906
0.022888,-0.0091553,4.9207
0.023346,-0.010071,4.9268
0.023499,-0.012512,4.9304
0.025787,-0.012512,4.9329
0.026245,-0.013275,4.9292
0.028534,-0.012207,4.9341
0.028534,-0.009613,4.9304
0.028076,-0.007019,4.9329
0.02655,-0.0048828,4.9255
0.02243,-0.0039673,4.9402
0.024567,-0.0016785,4.9414
0.024719,-0.0028992,4.9365
0.027618,-0.0027466,4.9475
0.028839,-0.0024414,4.9329
0.028229,-0.0027466,4.9207
0.028992,-0.0021362,4.9341
0.027618,-0.0057983,4.9292
0.02655,-0.010223,4.9268
0.024567,-0.013275,4.9255
0.022888,-0.016785,4.917
0.019836,-0.018463,4.9243
0.016479,-0.019989,4.9158
0.014038,-0.016479,4.9194
0.011749,-0.015411,4.917
0.011902,-0.014648,4.9097
0.011597,-0.009613,4.9207
0.014496,-0.010071,4.917
0.018005,-0.0048828,4.9194
0.019684,0.00030518,4.9146
0.020294,0.0030518,4.9084
0.02182,0.0038147,4.9084
0.018311,0.0021362,4.9036
0.017548,-0.0013733,4.9084
0.016632,-0.004425,4.9072
0.016022,-0.0065613,4.9084
0.01358,-0.0065613,4.9097
0.0067139,-0.0050354,4.9097
0.0065613,-0.0050354,4.9097
0.0039673,-0.0013733,4.9097
0.0035095,-0.0038147,4.9121
0.0053406,-0.0030518,4.9109
0.0088501,-0.0024414,4.9255
0.011902,-0.0010681,4.917
0.013275,-0.00061035,4.9207
0.013885,-0.0016785,4.917
0.012207,-0.00045776,4.928
0.012207,-0.0062561,4.9292
0.016327,-0.009613,4.9255
0.015717,-0.011902,4.939
0.016174,-0.01297,4.9316
0.011902,-0.013123,4.9146
0.010071,-0.012512,4.9255
0.0067139,-0.010529,4.9316
0.0048828,-0.0091553,4.9304
0.0065613,-0.0074768,4.9255
0.0086975,-0.0045776,4.9292
0.01297,-0.0042725,4.9353
0.012665,-0.00045776,4.9341
0.013733,0.0016785,4.9353
0.013885,0.004425,4.9304
0.014801,0.0059509,4.939
0.015411,0.0079346,4.9377
0.016785,0.0083923,4.9353
0.018311,0.007019,4.9451
0.019836,0.0085449,4.9353
0.019989,0.0088501,4.9304
0.017548,0.010529,4.9292
0.0177,0.011444,4.9255
0.015869,0.011902,4.9231
0.015869,0.010223,4.9194
0.017548,0.0053406,0.048828
0.018463,0.00091553,0.048828
0.019073,-0.0013733,0.046387
0.019073,0.00030518,0.05127
0.017548,0.00076294,0.043945
0.015259,0.0018311,0.043945
0.014191,0.0016785,0.036621
0.014191,0.00030518,0.040283
0.016022,-0.00061035,0.040283
0.016022,-0.00015259,0.043945
0.015411,0.0016785,0.037842
0.01358,0.0041199,0.042725
0.011749,0.0068665,0.050049
0.011139,0.0082397,0.036621
0.011597,0.0071716,0.054932
0.013733,0.0071716,0.037842
0.014954,0.0074768,0.030518
0.01358,0.007019,0.039063
0.015869,0.0091553,0.041504
0.015411,0.0093079,0.041504
0.016174,0.0088501,0.045166
0.017395,0.0080872,0.048828
0.020294,0.007019,0.047607
0.023041,0.0068665,0.050049
0.023956,0.0059509,0.053711
0.022583,0.0047302,0.05249
0.020905,0.0059509,0.059814
0.018463,0.0054932,0.064697
0.018768,0.0047302,0.063477
0.020294,0.0041199,0.06958
0.022583,0.0030518,0.063477
0.023804,0.00030518,0.062256
0.024261,-0.0012207,0.062256
0.024567,-0.0018311,0.067139
0.024414,-0.0035095,0.057373
0.024261,-0.0048828,0.065918
0.02533,-0.004425,0.062256
0.02655,-0.004425,0.063477
0.027924,-0.0030518,0.063477
0.027771,-0.0021362,0.065918
0.02594,-0.00045776,0.062256
0.023346,0.00061035,0.067139
0.021057,0.00091553,0.058594
0.020752,0.0016785,0.061035
0.022583,0.0030518,0.057373
0.022888,0.0033569,0.058594
0.027618,0.0047302,0.047607
0.026398,0.0054932,0.053711
0.02655,0.0042725,0.065918
0.025787,0.0027466,0.047607
0.027771,0.0018311,0.053711
0.031738,0.0013733,0.047607
0.034943,0.0018311,0.031738
0.038757,0.0022888,0.040283
0.039673,0.0030518,0.042725
0.037994,0.0019836,0.039063
0.033722,0.0010681,0.040283
0.031586,0.00015259,0.03418
0.030975,-0.00030518,0.042725
0.032501,-0.00045776,0.039063
0.032806,0.0016785,0.037842
0.033112,0.002594,0.036621
0.034637,0.0048828,0.043945
0.030365,0.0076294,0.037842
0.030212,0.0085449,0.042725
0.031738,0.007782,0.043945
0.033264,0.0056458,0.039063
0.032806,0.0045776,0.039063
0.031128,0.0021362,0.046387
0.031738,0.0010681,0.048828
0.026093,0.002594,0.048828
0.022736,0.0041199,0.041504
0.021667,0.0042725,0.05249
0.020447,0.0033569,0.056152
0.021057,0.00045776,0.054932
0.02243,0.0015259,0.056152
0.023499,0.0027466,0.059814
0.024414,0.0065613,0.065918
0.025635,0.0090027,4.386
0.027618,0.0094604,4.895
0.030212,0.0082397,4.9231
0.033875,0.0062561,4.9304
0.036163,0.0042725,4.928
0.036316,0.0039673,4.9304
0.033722,0.0067139,4.939
0.031738,0.0085449,4.9377
0.026398,0.011597,4.9377
0.024261,0.012817,4.9365
0.023193,0.01236,4.9268
0.023346,0.0099182,4.9353
0.023346,0.0071716,4.9268
0.023346,0.0053406,4.928
0.023193,0.0039673,4.9292
0.023193,0.0039673,4.9268
0.022736,0.0039673,4.9231
0.024567,0.0036621,4.9207
0.02533,0.0028992,4.9243
0.026245,0.0012207,4.9158
0.025787,0.0010681,4.9194
0.023041,0.00061035,4.9158
0.021057,0.00091553,4.9243
0.018616,0.0030518,4.9133
0.019379,0.0042725,4.9158
0.023499,0.0053406,4.9207
0.026093,0.0056458,4.9109
0.032501,0.0057983,4.9182
0.035095,0.0032043,4.9097
0.034943,0.0030518,4.9036
0.034943,0.0033569,4.9097
0.034943,0.0048828,4.9146
0.035553,0.007019,4.9097
0.035706,0.009613,4.9097
0.035553,0.0086975,4.906
0.033264,0.0057983,4.9109
0.028381,0.0015259,4.9109
0.023499,-0.0033569,4.9133
0.019531,-0.0064087,4.9133
0.018463,-0.0085449,4.9207
0.018921,-0.0079346,4.9194
0.019531,-0.0082397,4.9219
0.020142,-0.007019,4.9353
0.018921,-0.0065613,4.9243
0.018463,-0.0038147,4.9268
0.017853,-0.00061035,4.9292
0.019989,0.0019836,4.9219
0.023346,0.0061035,4.9292
0.028381,0.007782,4.9316
0.032043,0.0097656,4.9316
0.034637,0.010071,4.9292
0.036011,0.0099182,4.9255
0.036621,0.0088501,4.9353
0.036316,0.0091553,4.9329
0.035248,0.011749,4.9353
0.03418,0.0048828,4.9329
0.031433,0.0071716,4.9402
0.028229,0.0047302,4.939
0.025787,0.0018311,4.9365
0.022736,0.00061035,4.9365
0.022736,-0.00015259,4.9365
0.019379,0.00061035,4.9377
0.020447,0.0013733,4.9292
0.021973,0.0021362,4.9402
0.024261,0.0012207,4.9231
0.024719,0.0012207,4.9292
0.021973,0.0018311,4.9207
0.018005,0.0022888,4.9194
0.014801,0.002594,4.9146
0.014038,0.0016785,4.9182
0.0071716,0.00061035,4.9158
0.013123,-0.0022888,4.9158
0.01236,-0.0035095,0.045166
0.011292,-0.0033569,0.043945
0.0094604,-0.0015259,0.040283
0.010071,0.00061035,0.042725
0.011597,0.002594,0.041504
0.014801,0.0035095,0.041504
0.017242,0.0033569,0.048828
0.017242,0.00045776,0.039063
0.0177,-0.0010681,0.05127
0.015106,-0.0022888,0.039063
0.013885,-0.0024414,0.029297
0.012665,-0.0032043,0.039063
0.013885,-0.0039673,0.0354
0.015106,-0.004425,0.040283
0.016327,-0.0074768,0.045166
0.016479,-0.0079346,0.043945
0.017395,-0.0093079,0.05249
0.018158,-0.0079346,0.05127
0.019989,-0.0047302,0.056152
0.02243,-0.0012207,0.053711
0.024872,0.0018311,0.058594
0.028534,0.0028992,0.061035
0.026245,-0.00015259,0.061035
0.024261,-0.0024414,0.062256
0.021515,-0.0047302,0.064697
0.019531,-0.0036621,0.062256
0.017242,-0.00030518,0.062256
0.016785,0.0032043,0.070801
0.014954,0.0056458,0.062256
0.01297,0.0047302,0.05127
0.0083923,0.0032043,0.062256
0.009613,0.00076294,0.064697
0.0062561,0,0.062256
0.0065613,0.0022888,0.068359
0.0074768,0.0050354,0.062256
0.010223,0.0067139,0.068359
0.011902,0.0062561,0.061035
0.012817,0.002594,0.059814
0.013428,0.00061035,0.054932
0.013428,-0.00091553,0.056152
0.012817,-0.0016785,0.05249
0.012665,-0.0016785,0.053711
0.012817,-0.0015259,0.062256
0.012207,-0.0021362,0.056152
0.011902,-0.00045776,0.047607
0.012207,0.0010681,0.047607
0.014496,0.0019836,0.026855
0.014648,0.0028992,0.041504
0.017242,0.0032043,0.043945
0.019073,0.0033569,0.041504
0.02121,0.0021362,0.041504
0.023346,0.0019836,0.039063
0.024261,0.0022888,0.039063
0.025482,0.0021362,0.037842
0.025482,0.0036621,0.040283
0.025024,0.005188,0.037842
0.024261,0.0056458,0.039063
0.023804,0.0057983,0.036621
0.022278,0.0027466,0.040283
0.020142,0,0.040283
0.018005,-0.0035095,0.042725
0.018768,-0.0056458,0.043945
0.018921,-0.0056458,0.042725
0.020294,-0.0047302,0.054932
0.021362,-0.0047302,0.046387
0.022125,-0.0054932,0.039063
0.023041,-0.0074768,0.05249
0.023499,-0.0071716,0.05249
0.024414,-0.0064087,0.057373
0.02594,-0.0010681,0.058594
0.027008,0.0035095,0.061035
0.028534,0.0059509,0.059814
0.029907,0.0067139,0.059814
0.030975,0.0045776,0.062256
0.031738,0.00045776,0.057373
0.032196,-0.0010681,0.057373
0.030823,-0.0021362,0.058594
0.030518,-0.0022888,0.062256
0.029907,-0.0027466,3.8538
0.028534,-0.0039673,4.8657
0.027466,-0.0065613,4.9292
0.027161,-0.0080872,4.9353
0.027771,-0.0079346,4.9353
0.028381,-0.0071716,4.9353
0.029449,-0.0041199,4.928
0.030823,-0.0015259,4.9255
0.031738,-0.00030518,4.9231
0.032501,-0.0015259,4.9255
0.032654,-0.0030518,4.9231
0.032806,-0.0050354,4.9194
0.034027,-0.0064087,4.9231
0.03479,-0.0068665,4.9194
0.035858,-0.0061035,4.9182
0.036011,-0.0053406,4.9231
0.03418,-0.0061035,4.9182
0.031738,-0.0071716,4.9133
0.029144,-0.0076294,4.9133
0.028229,-0.0062561,4.9255
0.027771,-0.0033569,4.9121
0.027924,0.00030518,4.9243
0.027618,0.0048828,4.9097
0.027618,0.0062561,4.8962
0.027618,0.005188,4.9097
0.028076,0.0027466,4.9109
0.029144,-0.00076294,4.9109
0.029449,-0.0035095,4.9048
0.03067,-0.0019836,4.906
0.03067,0,4.9097
0.030365,0.0036621,4.9097
0.028839,0.0059509,4.9146
0.029755,0.005188,4.8962
0.030518,0.0050354,4.9194
0.032959,0.0027466,4.9182
0.034027,0.00076294,4.9194
0.035553,0.0010681,4.9243
0.037689,0.0016785,4.9231
0.039673,0.0038147,4.9243
0.03952,0.0038147,4.9304
0.03891,0.002594,4.9341
0.036469,0.00045776,4.9304
0.032349,-0.00061035,4.928
0.025482,-0.0010681,4.9316
0.027161,-0.0012207,4.9304
0.02533,-0.0015259,4.9304
0.023193,-0.0022888,4.9316
0.021667,-0.0048828,4.9316
0.021057,-0.007019,4.9353
0.021515,-0.007782,4.9304
0.023346,-0.0064087,4.9353
0.02594,-0.0039673,4.9341
0.027466,-0.00076294,4.9353
0.028229,0.00091553,4.9341
0.027466,0.00091553,4.9365
0.027466,0.00030518,4.9402
0.026855,-0.0010681,4.9329
0.027161,-0.0016785,4.9353
0.028229,-0.00030518,4.9268
0.028687,-0.0015259,4.9097
0.028534,-0.0019836,4.9207
0.029144,-0.0048828,4.9182
0.030365,-0.0057983,4.9158
0.032654,-0.0039673,4.9109
0.035248,-0.002594,4.906
0.036316,-0.0024414,4.9182
0.037842,0.0018311,4.9133
0.036774,0.00061035,4.9133
0.035095,-0.0027466,4.906
0.032959,-0.0074768,4.9158
0.030975,-0.011902,4.9158
0.027924,-0.012817,4.9109
0.023041,-0.012817,0.043945
0.021362,-0.010681,0.037842
0.020294,-0.0050354,0.041504
0.020142,-0.0059509,0.037842
0.018158,-0.0062561,0.039063
0.019989,-0.0065613,0.039063
0.021515,-0.0074768,0.030518
0.023804,-0.0097656,0.039063
0.025177,-0.010834,0.045166
0.026245,-0.0090027,0.045166
0.027924,-0.007019,0.050049
0.026703,-0.0041199,0.043945
0.027466,-0.0022888,0.053711
0.028992,-0.0021362,0.05127
0.030212,-0.0015259,0.057373
0.032349,-0.0042725,0.056152
0.029755,0.00030518,0.054932
0.028687,0.0015259,0.059814
0.029144,0.0035095,0.062256
0.031281,0.0030518,0.074463
0.033264,0.00061035,0.062256
0.034637,-0.0027466,0.065918
0.034485,-0.010223,0.057373
0.032349,-0.0054932,0.045166
0.030823,-0.0027466,0.058594
0.028229,0.00015259,0.064697
0.027771,0.002594,0.062256
0.026093,0.0041199,0.067139
0.024109,0.0041199,0.057373
0.020752,0.0024414,0.065918
0.020142,0.0016785,0.063477
0.017853,0.00045776,0.062256
0.016174,0.0010681,0.058594
0.015717,0,0.059814
0.015869,-0.00091553,0.053711
0.015411,-0.0013733,0.054932
0.014954,-0.0013733,0.056152
0.013885,0.0019836,0.05127
0.013885,0.0012207,0.05127
0.014954,0.0035095,0.048828
0.014648,0.0045776,0.05127
0.015564,0.004425,0.043945
0.015411,0.0012207,0.057373
0.014496,-0.0015259,0.042725
0.014038,-0.0032043,0.041504
0.013733,-0.0041199,0.037842
0.013275,-0.0038147,0.037842
0.010071,-0.0016785,0.0354
0.011902,-0.0015259,0.041504
0.011597,0,0.037842
0.011444,0.0010681,0.040283
0.012817,0.0019836,0.036621
0.014343,0.0054932,0.040283
0.015717,0.0090027,0.039063
0.016174,0.01236,0.040283
0.0177,0.013733,0.05249
0.017853,0.011902,0.042725
0.016937,0.0099182,0.054932
0.016937,0.0076294,0.046387
0.015869,0.0062561,0.036621
0.014954,0.0064087,0.05127
0.013885,0.0071716,0.053711
0.013123,0.0086975,0.05249
0.009613,0.0093079,0.057373
0.007019,0.0088501,0.058594
0.0064087,0.0079346,0.057373
0.0065613,0.0064087,0.059814
0.007019,0.0064087,0.064697
0.007782,0.0074768,0.059814
0.0088501,0.0082397,0.062256
0.0097656,0.0099182,0.064697
0.0094604,0.010986,0.064697
0.0094604,0.011597,0.062256
0.0093079,0.011597,0.065918
0.0086975,0.011749,0.068359
0.0080872,0.011444,0.064697
0.0068665,0.011444,0.068359
0.0053406,0.011749,0.065918
0.0045776,0.011749,2.3206
0.0032043,0.010834,4.7717
0.0038147,0.010223,4.9133
0.005188,0.0086975,4.9219
0.0064087,0.0079346,4.9255
0.0079346,0.0065613,4.9207
0.0073242,0.0050354,4.9231
0.0064087,0.0038147,4.9194
0.0061035,0.0038147,4.9133
0.0062561,0.0039673,4.9194
0.0086975,0.0057983,4.9182
0.0097656,0.0076294,4.917
0.011292,0.0085449,4.9158
0.011902,0.0073242,4.9207
0.011902,0.0071716,4.9133
0.011597,0.0059509,4.9097
0.013123,0.0048828,4.9109
0.014648,0.0053406,4.8975
0.016022,0.0045776,4.9084
0.016937,0.0028992,4.9109
0.017853,0.0035095,4.9084
0.018005,0.002594,4.9109
0.018158,0.0041199,4.9072
0.018158,0.0047302,4.9109
0.019073,0.004425,4.9072
0.019226,0.0056458,4.9133
0.018768,0.005188,4.9097
0.018616,0.0035095,4.9182
0.018005,0.0035095,4.9146
0.017548,0.0035095,4.9231
0.018005,0.0056458,4.9194
0.018463,0.0050354,4.9219
0.018921,0.004425,4.9292
0.019073,0.0019836,4.9255
0.018158,-0.0018311,4.939
0.016327,-0.0030518,4.9316
0.015411,-0.0036621,4.9207
0.015259,-0.0042725,4.9329
0.014954,-0.0024414,4.9304
0.015411,-0.0016785,4.9329
0.015259,-0.00076294,4.928
0.016022,-0.00091553,4.928
0.017853,-0.0010681,4.9329
0.019836,-0.00030518,4.928
0.021362,0.00045776,4.9341
0.02243,0.00091553,4.9304
0.023346,0.00061035,4.9377
0.024414,-0.00045776,4.9365
0.025024,-0.0021362,4.9377
0.025787,-0.0030518,4.9365
0.024414,-0.0028992,4.9341
0.023956,-0.0053406,4.9207
0.023499,-0.0048828,4.9255
0.023651,-0.0038147,4.928
0.024261,-0.002594,4.9219
0.027161,-0.00076294,4.917
0.03067,0.00045776,4.9182
0.028381,0.00091553,4.917
0.029449,0.00045776,4.9207
0.03067,-0.00091553,4.9133
0.031738,-0.00091553,4.9121
0.031281,-0.0016785,4.917
0.031586,0.0021362,4.9109
0.029907,0.0015259,4.9121
0.030518,0.0021362,4.9109
0.029144,0.002594,4.9146
0.028839,0.00015259,4.9084
0.028992,0.0013733,4.9121
0.028992,0.0032043,4.9243
0.03006,0.0068665,4.9121
0.029602,0.010681,4.917
0.031128,0.01358,4.9109
0.029907,0.0097656,0.028076
0.028534,0.011139,0.040283
0.030365,0.0086975,0.043945
0.032043,0.0068665,0.041504
0.032806,0.0061035,0.046387
0.03418,0.0056458,0.043945
0.03067,0.0086975,0.05249
0.029449,0.007782,0.050049
0.027313,0.0094604,0.058594
0.02594,0.0071716,0.054932
0.025635,0.0064087,0.061035
0.025177,0.0050354,0.061035
0.024261,0.0012207,0.064697
0.023346,0.0018311,0.076904
0.022888,0.0012207,0.063477
0.023499,-0.00045776,0.058594
0.024261,-0.0012207,0.062256
0.025482,-0.0036621,0.067139
0.025787,-0.0041199,0.061035
0.026703,-0.0030518,0.058594
0.026703,-0.0021362,0.065918
0.027313,0.00030518,0.067139
0.027466,0.0024414,0.061035
0.030212,0.0047302,0.065918
0.031281,0.0053406,0.064697
0.030823,0.0074768,0.062256
0.030823,0.010529,0.057373
0.029907,0.013885,0.061035
0.029449,0.015411,0.054932
0.029602,0.014343,0.054932
0.029449,0.0068665,0.05249
0.029144,0.0010681,0.053711
0.030212,-0.0030518,0.05249
0.031281,-0.0015259,0.043945
0.031586,0.00030518,0.056152
0.032349,0.0042725,0.046387
0.031281,0.0079346,0.037842
0.028687,0.0059509,0.042725
0.027466,0.0041199,0.040283
0.025177,0.0027466,0.039063
0.024414,0.0019836,0.037842
0.023346,0.0036621,0.036621
0.022888,0.0035095,0.041504
0.023193,0.0021362,0.040283
0.023499,-0.002594,0.040283
0.022278,-0.0093079,0.037842
0.020599,-0.013733,0.039063
0.015564,-0.013275,0.042725
0.018158,-0.012512,0.043945
0.0177,-0.007782,0.042725
0.019379,-0.0030518,0.042725
0.021667,0.0021362,0.043945
0.024872,0.0059509,0.045166
0.028687,0.0054932,0.050049
0.032959,0.013428,0.048828
0.035095,0.0097656,0.047607
0.038147,0.0061035,0.054932
0.036011,0.0021362,0.058594
0.035858,0.00030518,0.058594
0.033569,0.0012207,0.057373
0.029144,0.0041199,0.059814
0.023956,0.0064087,0.062256
0.020447,0.0073242,0.059814
0.016937,0.0064087,0.062256
0.017242,0.0032043,0.058594
0.019379,0.0041199,0.064697
0.022278,0.0053406,0.061035
0.023193,0.0079346,0.064697
0.023956,0.01236,0.076904
0.025024,0.0097656,0.067139
0.024414,0.0059509,0.068359
0.023804,0.002594,0.067139
0.024109,-0.00076294,0.045166
0.023956,-0.0024414,0.059814
0.022125,-0.0022888,0.058594
0.018616,-0.0032043,0.054932
0.015259,-0.0024414,0.05249
0.011749,-0.0035095,0.048828
0.010071,-0.0067139,2.7698
0.012207,-0.0071716,4.7876
0.0097656,-0.0067139,4.9084
0.010834,-0.0036621,4.9121
0.01236,-0.0018311,4.9158
0.012512,-0.0015259,4.9158
0.015259,0.0012207,4.9158
0.015564,0.0024414,4.9158
0.016479,0.0059509,4.9207
0.021973,0.007782,4.9158
0.023041,0.0080872,4.9121
0.02182,0.0076294,4.9121
0.020752,0.0053406,4.9084
0.018921,0.00061035,4.9133
0.018921,-0.00076294,4.9097
0.021973,-0.0021362,4.9109
0.020447,-0.0028992,4.9084
0.020599,-0.002594,4.9072
0.020142,-0.0019836,4.9109
0.019531,-0.0022888,4.9109
0.020294,-0.0021362,4.9109
0.020905,-0.0022888,4.917
0.021057,-0.0024414,4.9158
0.020142,-0.0035095,4.9219
0.018311,-0.0050354,4.9207
0.016174,-0.0056458,4.9255
0.015717,-0.0041199,4.9341
0.015717,-0.0024414,4.928
0.015869,0.00030518,4.9329
0.015411,0.0033569,4.9292
0.015259,0.0022888,4.9292
0.013885,0.0033569,4.9316
0.015411,0.0039673,4.9292
0.018463,0.0056458,4.9292
0.022125,0.009613,4.9329
0.024872,0.014191,4.9316
0.025787,0.018311,4.9329
0.025482,0.018158,4.9341
0.024261,0.015259,4.9377
0.024414,0.011444,4.9353
0.025635,0.0057983,4.9353
0.024719,0.0024414,4.9365
0.023651,0.0010681,4.9377
0.018616,0.00076294,4.9316
0.010986,0.0013733,4.9329
0.0076294,0.00061035,4.939
0.0054932,-0.0018311,4.928
0.0062561,-0.0038147,4.9316
0.007782,-0.0039673,4.9255
0.010376,-0.0030518,4.9109
0.012665,0.00061035,4.9207
0.015106,0.0042725,4.9158
0.015106,0.00076294,4.9207
0.015717,0.0013733,4.9146
0.015869,-0.0024414,4.9097
0.014496,-0.0062561,4.9121
0.01358,-0.004425,4.9109
0.010071,-0.0036621,4.9121
0.0056458,-0.0016785,4.9084
0.0018311,0.0022888,4.9158
-0.0013733,0.0012207,4.9097
0,-0.0022888,4.9133
0.0036621,0,4.9158
0.010071,-0.0028992,4.9121
0.017242,-0.0015259,4.9097
0.024719,0.0015259,4.9109
0.031433,0.0012207,4.8962
0.036774,0.00030518,4.9109
0.040436,-0.0012207,4.906
0.042114,-0.005188,4.9182
0.040588,-0.0074768,4.9146
0.0383,-0.0076294,4.9158
0.034027,-0.0097656,0.054932
0.029907,-0.011597,0.05127
0.023651,-0.013885,0.056152
0.019989,-0.016174,0.053711
0.016022,-0.01709,0.061035
0.014191,-0.013885,0.058594
0.014648,-0.0088501,0.063477
0.016785,-0.0039673,0.062256
0.02121,-0.00045776,0.062256
0.024261,0,0.064697
0.026703,-0.0015259,0.059814
0.029755,-0.0022888,0.070801
0.028839,-0.0028992,0.062256
0.028839,-0.0033569,0.05249
0.026703,-0.0038147,0.063477
0.028076,-0.0059509,0.065918
0.022583,-0.007782,0.064697
0.018768,-0.010834,0.065918
0.015717,-0.013428,0.063477
0.013428,-0.014954,0.064697
0.01358,-0.014648,0.059814
0.014648,-0.012054,0.057373
0.015869,-0.0088501,0.05249
0.022888,-0.0067139,0.056152
0.027618,-0.0090027,0.05249
0.029755,-0.011444,0.05249
0.035095,-0.014496,0.056152
0.036163,-0.013885,0.05127
0.036163,-0.011139,0.045166
0.03479,-0.0074768,0.041504
0.031891,-0.0041199,0.03418
0.028687,-0.0032043,0.041504
0.02243,-0.0033569,0.03418
0.025482,-0.0057983,0.036621
0.025177,-0.0053406,0.039063
0.026093,-0.0039673,0.037842
0.02594,-0.0015259,0.041504
0.024567,0.00076294,0.039063
0.028229,0.00061035,0.041504
0.029144,-0.00045776,0.037842
0.027466,-0.0033569,0.039063
0.030518,-0.0053406,0.040283
0.029907,-0.0061035,0.040283
0.029144,-0.0045776,0.039063
0.027466,0.00045776,0.045166
0.026855,0.0022888,0.048828
0.025024,0.0030518,0.046387
0.023804,0.0010681,0.058594
0.024414,-0.0013733,0.048828
0.024261,-0.0036621,0.037842
0.02533,-0.0036621,0.054932
0.02533,-0.002594,0.053711
0.024261,-0.00030518,0.057373
0.024414,0.00015259,0.058594
0.024719,-0.0012207,0.057373
0.025787,-0.0028992,0.063477
0.027924,-0.0039673,0.059814
0.028992,-0.0028992,0.062256
0.029297,0.00061035,0.059814
0.027466,0.0048828,0.064697
0.022888,0.0071716,0.061035
0.019531,0.0061035,0.064697
0.016632,0.0064087,0.076904
0.013733,0.0012207,0.068359
0.012817,0.00030518,0.064697
0.01358,0.0015259,0.067139
0.013123,-0.0013733,0.06958
0.01297,0.0045776,0.062256
0.014954,-0.0018311,0.061035
0.018463,-0.0054932,0.056152
0.021667,-0.0064087,0.056152
0.026703,-0.0038147,0.05127
0.029144,0.0016785,0.053711
0.028687,0.0071716,0.047607
0.02655,0.0086975,0.047607
0.024414,0.0090027,0.041504
0.021057,0.0065613,0.048828
0.021362,-0.0019836,0.042725
0.02121,-0.0030518,4.3982
0.02182,-0.0045776,4.8779
0.019989,-0.0030518,4.9109
0.014648,-0.00030518,4.9207
0.015106,0.0015259,4.9121
0.013123,0.0018311,4.9219
0.013275,0.0024414,4.9084
0.016937,0.0019836,4.8962
0.018616,0.0035095,4.9109
0.02243,0.005188,4.9097
0.023956,0.0073242,4.9084
0.025482,0.0082397,4.9084
0.027466,0.0085449,4.9109
0.028839,0.0088501,4.9133
0.031586,0.009613,4.9084
0.032959,0.014343,4.9158
0.033722,0.015106,4.9121
0.030823,0.01709,4.9207
0.027771,0.016785,4.9207
0.024872,0.014801,4.9207
0.02182,0.011749,4.9243
0.019989,0.007782,4.9255
0.019226,0.0041199,4.9243
0.017548,0.00091553,4.9292
0.01709,0.0010681,4.939
0.014038,0.0038147,4.9329
0.012817,0.0068665,4.9255
0.010681,0.010223,4.928
0.0091553,0.011139,4.9255
0.0099182,0.010223,4.9304
0.011444,0.0090027,4.9329
0.01297,0.0059509,4.9304
0.013428,0.005188,4.9377
0.0079346,0.0062561,4.9255
0.010986,0.0074768,4.9377
0.0082397,0.0067139,4.9341
0.0061035,0.0038147,4.9377
0.0048828,-0.00015259,4.9304
0.0027466,-0.0038147,4.9341
-0.0010681,-0.007019,4.9451
-0.00015259,-0.0045776,4.9255
-0.0013733,-0.00045776,4.9243
-0.00045776,0.0024414,4.9243
0.0016785,0.0056458,4.9036
0.0068665,0.0064087,4.9194
0.010529,0.0071716,4.9207
0.019073,0.007782,4.9194
0.02243,0.0099182,4.9133
0.021667,0.011597,4.9146
0.019684,0.012665,4.9182
0.018768,0.01297,4.9158
0.016632,0.0094604,4.9109
0.015869,0.00076294,4.9048
0.014801,0.0033569,4.9121
0.013733,0.0021362,4.9109
0.011749,0.0030518,4.9158
0.0094604,0.0042725,4.9133
0.0097656,0.0054932,4.9109
0.012665,0.0061035,4.9097
0.016632,0.0073242,4.9109
0.020294,0.0085449,4.9133
0.021667,0.0099182,4.9011
0.020447,0.012512,4.9097
0.016174,0.012207,4.9146
0.011597,0.011902,4.9158
0.0082397,0.011292,4.9048
0.0050354,0.0099182,4.9194
0.0071716,0.007019,4.9194
0.0062561,0.0048828,4.9231
0.0056458,0.0054932,4.9255
0.0047302,0.0085449,4.9316
0.0048828,0.012665,0.047607
0.007019,0.015869,0.064697
0.011444,0.016937,0.062256
0.015564,0.014801,0.063477
0.018463,0.01297,0.073242
0.018311,0.011292,0.061035
0.015717,0.011902,0.068359
0.01358,0.011597,0.058594
0.0094604,0.010223,0.059814
0.007019,0.007019,0.063477
0.004425,0.0018311,0.063477
0.0036621,-0.0036621,0.062256
0.0024414,-0.0054932,0.064697
0.0019836,-0.0048828,0.063477
0.0022888,-0.0021362,0.064697
0.0028992,0.0015259,0.061035
0.0061035,0.0064087,0.062256
0.011292,0.0083923,0.054932
0.017853,0.010529,0.057373
0.022278,0.0088501,0.058594
0.024567,0.0064087,0.05249
0.023499,0.0050354,0.046387
0.02121,0.0041199,0.050049
0.017395,0.0038147,0.054932
0.014954,0.0038147,0.048828
0.015106,0.0042725,0.054932
0.013885,0.0057983,0.043945
0.012817,0.0065613,0.050049
0.011902,0.0086975,0.036621
0.011139,0.007019,0.039063
0.012207,0.0045776,0.041504
0.016327,0.0013733,0.040283
0.021667,-0.0010681,0.0354
0.028229,-0.0010681,0.039063
0.032043,-0.0015259,0.039063
0.032196,-0.0028992,0.041504
0.03006,-0.004425,0.039063
0.026703,-0.0062561,0.042725
0.023041,-0.0074768,0.039063
0.020447,-0.0074768,0.037842
0.018463,-0.0067139,0.058594
0.016479,-0.0076294,0.043945
0.013885,-0.0086975,0.048828
0.011749,-0.0093079,0.045166
0.0083923,-0.0094604,0.036621
0.010834,-0.007782,0.05127
0.015259,-0.0067139,0.056152
0.021667,-0.0067139,0.056152
0.027161,-0.007019,0.058594
0.030518,-0.0091553,0.054932
0.03006,-0.010223,0.062256
0.027466,-0.010071,0.059814
0.024261,-0.0080872,0.062256
0.023041,-0.007019,0.048828
0.021362,-0.0067139,0.064697
0.024261,-0.0068665,0.059814
0.024719,-0.009613,0.064697
0.023956,-0.010986,0.065918
0.023041,-0.0085449,0.065918
0.019531,-0.004425,0.068359
0.019226,-0.0013733,0.067139
0.022583,-0.00030518,0.080566
0.02655,-0.00045776,0.064697
0.030365,-0.0027466,0.056152
0.031738,-0.0045776,0.059814
0.029449,-0.0035095,0.056152
0.02655,-0.0021362,0.05127
0.022736,-0.0010681,0.053711
0.021973,-0.00076294,0.050049
0.021973,-0.0015259,0.050049
0.019379,-0.0016785,0.046387
0.022583,-0.0010681,0.05127
0.019226,0.00015259,0.043945
0.019379,0.0015259,0.047607
0.017242,0.0022888,0.045166
0.017853,0.0015259,0.046387
0.020142,-0.0015259,0.042725
0.023804,-0.0027466,0.042725
0.02533,-0.0062561,3.114
0.026093,-0.0062561,4.7974
0.024261,-0.0041199,4.8889
0.022583,-0.0021362,4.9109
0.021515,-0.0012207,4.906
0.02243,-0.00061035,4.9084
0.024567,-0.0018311,4.9048
0.026093,-0.0016785,4.9036
0.027008,-0.0015259,4.9072
0.024719,-0.00091553,4.9072
0.024261,-0.0013733,4.9146
0.023041,-0.00030518,4.9109
0.024872,-0.0018311,4.9194
0.027924,-0.0035095,4.9194
0.031891,-0.0053406,4.9219
0.033417,-0.0068665,4.9194
0.032806,-0.005188,4.9304
0.032043,-0.0041199,4.9316
0.030365,-0.00091553,4.928
0.028687,0.00061035,4.939
0.027924,0.0013733,4.9341
0.027771,-0.00030518,4.9146
0.026245,-0.0021362,4.9292
0.024567,-0.0024414,4.9292
0.022125,-0.0013733,4.9304
0.021057,0.0012207,4.928
0.021057,0.0022888,4.9304
0.023651,0.0035095,4.9365
0.026245,0.0041199,4.9353
0.03067,0.0039673,4.9377
0.033112,0.004425,4.9292
0.03418,0.0018311,4.9365
0.034943,0.0071716,4.9304
0.03418,0.0086975,4.9304
0.034332,0.0086975,4.9426
0.033875,0.0085449,4.9329
0.034027,0.0067139,4.928
0.033417,0.0059509,4.9268
0.031433,0.0039673,4.9194
0.03006,0.0013733,4.9207
0.026398,-0.0010681,4.9072
0.023956,-0.0038147,4.9158
0.023193,-0.0064087,4.917
0.023041,-0.0076294,4.9109
0.022888,-0.0090027,4.9158
0.019989,-0.0099182,4.9121
0.018005,-0.011597,4.9109
0.015564,-0.0099182,4.9084
0.013885,-0.007019,4.9121
0.015106,-0.0028992,4.9109
0.017242,0.0015259,4.9146
0.019379,0.0048828,4.9097
0.022583,0.005188,4.9121
0.023956,0.0045776,4.9207
0.025177,0.0059509,4.9109
0.02655,0.0088501,4.9023
0.028687,0.012817,4.9097
0.030518,0.016174,4.9048
0.032043,0.019989,4.9146
0.033112,0.018005,4.9158
0.033264,0.015411,4.9146
0.032196,0.013123,4.9084
0.028534,0.012207,4.9194
0.026398,0.011749,4.9231
0.023804,0.012665,4.9243
0.022888,0.012665,4.9304
0.024109,0.01236,4.9304
0.024872,0.011749,4.9329
0.025787,0.011444,4.9341
0.024872,0.01358,4.9353
0.023193,0.015564,4.9365
0.022278,0.015259,4.9255
0.020447,0.012817,0.063477
0.02243,0.011139,0.062256
0.019989,0.0053406,0.072021
0.016937,0.0012207,0.064697
0.013428,-0.0050354,0.054932
0.0079346,-0.0080872,0.062256
0.0038147,-0.0093079,0.068359
0.00061035,-0.010376,0.064697
-0.00076294,-0.007782,0.063477
0.0012207,-0.0067139,0.059814
0.0035095,-0.0062561,0.062256
0.0062561,-0.0042725,0.054932
0.0073242,-0.005188,0.058594
0.0093079,-0.0038147,0.05127
0.012512,-0.0030518,0.053711
0.015411,-0.0030518,0.043945
0.019684,-0.0027466,0.05127
0.02243,-0.0045776,0.061035
0.023956,-0.0068665,0.048828
0.02182,-0.0083923,0.05249
0.019073,-0.0064087,0.043945
0.016632,-0.0016785,0.032959
0.015106,0.0030518,0.039063
0.014343,0.0080872,0.037842
0.015106,0.0091553,0.041504
0.014648,0.0080872,0.040283
0.015869,0.0059509,0.036621
0.017242,0.0039673,0.040283
0.017853,0.0048828,0.037842
0.018616,0.0054932,0.042725
0.019379,0.004425,0.036621
0.019684,0.005188,0.039063
0.018311,0.00091553,0.037842
0.014648,0.00076294,0.042725
0.010071,0.0013733,0.047607
0.0030518,0.0038147,0.047607
-0.0019836,0.0065613,0.046387
-0.0045776,0.0061035,0.047607
-0.0062561,0.0050354,0.05249
-0.0050354,0.0018311,0.05127
-0.002594,-0.00091553,0.047607
0.0010681,-0.002594,0.056152
0.0041199,-0.0032043,0.057373
0.0074768,-0.0021362,0.061035
0.0097656,-0.0030518,0.063477
0.011597,-0.0042725,0.059814
0.012054,-0.0065613,0.062256
0.011139,-0.0067139,0.059814
0.0085449,-0.0062561,0.063477
0.0071716,-0.004425,0.058594
0.0042725,-0.002594,0.064697
0.0039673,-0.0013733,0.063477
0.0054932,-0.0016785,0.067139
0.0088501,-0.0021362,0.072021
0.01297,-0.0027466,0.067139
0.016327,-0.0021362,0.072021
0.021515,-0.0022888,0.064697
0.023041,-0.0012207,0.047607
0.024414,-0.00091553,0.058594
0.023651,-0.00045776,0.053711
0.022888,0.0012207,0.05249
0.021362,0.0018311,0.05249
0.016632,0.0021362,0.048828
0.014496,0.0018311,0.047607
0.011444,0.0015259,0.046387
0.010223,0.0021362,0.047607
0.010986,0.0027466,0.043945
0.014343,0.0032043,0.047607
0.018616,0.0042725,0.045166
0.023651,0.0033569,0.043945
0.025787,0.0013733,0.0354
0.028381,-0.0019836,0.040283
0.029297,-0.0038147,0.043945
0.030365,-0.0036621,0.039063
0.031128,-0.0027466,0.040283
0.03067,-0.00045776,0.037842
0.028076,-0.00015259,0.0354
0.02594,-0.0050354,0.037842
0.024261,-0.0086975,2.9346
0.023804,-0.010681,4.7913
0.024567,-0.007782,4.8987
0.024719,-0.0053406,4.906
0.025024,-0.0053406,4.9109
0.023041,-0.0064087,4.9146
0.02243,-0.010071,4.9182
0.023041,-0.013123,4.9182
0.022583,-0.012817,4.9243
0.023651,-0.0094604,4.9207
0.024261,-0.0032043,4.9255
0.024872,-0.0054932,4.939
0.024567,-0.0079346,4.9268
0.024872,-0.013733,4.9329
0.027313,-0.018616,4.9353
0.029144,-0.018616,4.9219
0.03006,-0.016937,4.9304
0.03067,-0.012207,4.9304
0.03006,-0.0064087,4.9316
0.028687,-0.0048828,4.9292
0.024872,-0.0054932,4.928
0.024261,-0.007019,4.9365
0.024414,-0.0071716,4.9353
0.024261,-0.007782,4.9402
0.023651,-0.0036621,4.9329
0.024261,-0.0012207,4.9402
0.026245,-0.0010681,4.9353
0.027313,-0.0057983,4.9341
0.029755,-0.0093079,4.9304
0.031586,-0.010529,4.9304
0.030212,-0.0099182,4.9304
0.027924,-0.0073242,4.9255
0.024872,-0.0030518,4.9341
0.023041,-0.00076294,4.9207
0.021362,0.00030518,4.906
0.020599,0,4.9182
0.02121,-0.00091553,4.9194
0.022125,-0.00091553,4.9158
0.021973,-0.00076294,4.9194
0.022125,-0.00030518,4.9146
0.023041,0.0015259,4.9146
0.023041,0.0047302,4.9097
0.026398,0.0062561,4.9109
0.025024,0.0059509,4.9097
0.023041,0.0039673,4.9146
0.018616,0.0015259,4.9146
0.015106,-0.0015259,4.9109
0.014191,-0.0019836,4.9158
0.015259,-0.0021362,4.9109
0.016785,0.0010681,4.917
0.018463,0.0024414,4.9109
0.019989,0.0021362,4.9011
0.02182,-0.00030518,4.9133
0.023193,-0.0012207,4.9097
0.022888,-0.0054932,4.9146
0.020599,-0.0059509,4.9158
0.019684,-0.0065613,4.9207
0.0177,-0.0074768,4.9219
0.014954,-0.007782,4.9194
0.013275,-0.010071,4.9316
0.011902,-0.010986,4.9146
0.0090027,-0.011902,4.9329
0.0099182,-0.010223,4.9304
0.0091553,-0.0054932,4.9341
0.010986,-0.0018311,4.9304
0.013275,0.0010681,4.9316
0.015259,0.0024414,4.9365
0.018158,0.002594,4.9341
0.018768,0.0027466,4.9402
0.02121,0.0035095,4.9353
0.020447,0.0015259,4.9194
0.020599,0.0062561,4.939
0.02121,0.0064087,4.9365
0.021057,0.0071716,0.068359
0.022888,0.0082397,0.062256
0.02121,0.012207,0.059814
0.026855,0.0090027,0.058594
0.028381,0.0079346,0.057373
0.029755,0.0048828,0.058594
0.030365,0.00045776,0.048828
0.03067,-0.0039673,0.053711
0.03006,-0.0068665,0.046387
0.029144,-0.0085449,0.05249
0.028687,-0.007782,0.057373
0.02594,-0.0073242,0.050049
0.020752,-0.0054932,0.043945
0.019531,-0.0038147,0.045166
0.017395,-0.0032043,0.026855
0.016327,-0.002594,0.039063
0.016174,-0.0015259,0.041504
0.018463,-0.0018311,0.039063
0.017548,-0.0032043,0.041504
0.017853,-0.007019,0.039063
0.018311,-0.0074768,0.037842
0.018158,-0.010223,0.037842
0.018005,-0.011444,0.040283
0.018005,-0.011597,0.036621
0.01709,-0.011902,0.041504
0.014954,-0.0090027,0.036621
0.013275,-0.007782,0.042725
0.012817,-0.0067139,0.042725
0.014038,-0.0053406,0.043945
0.018311,-0.0053406,0.05127
0.023499,-0.0050354,0.050049
0.028839,-0.0059509,0.059814
0.030975,-0.0074768,0.05249
0.036316,-0.0071716,0.045166
0.038757,-0.0054932,0.057373
0.03952,-0.0024414,0.059814
0.039825,0.00015259,0.058594
0.037537,0.0012207,0.061035
0.034943,0,0.057373
0.032043,-0.002594,0.064697
0.028839,-0.0019836,0.054932
0.026398,-0.0012207,0.064697
0.02533,0.00045776,0.058594
0.024414,0.0030518,0.064697
0.023956,0.0035095,0.064697
0.022278,0.0028992,0.063477
0.020752,0.0033569,0.070801
0.015869,0.0056458,0.065918
0.010681,0.011749,0.064697
0.0042725,0.018768,0.065918
-0.00076294,0.027008,0.063477
-0.0019836,0.03418,0.059814
0,0.040894,0.058594
0.0041199,0.046692,0.053711
0.010529,0.050507,0.054932
0.014648,0.05188,0.05127
0.018311,0.049591,0.05127
0.019684,0.041809,0.045166
0.022125,0.033264,0.050049
0.026398,0.02655,0.043945
0.031433,0.019073,0.047607
0.035248,0.012207,0.047607
0.035858,0.0083923,0.046387
0.032959,0.0071716,0.037842
0.028229,0.0090027,0.041504
0.02182,0.01297,0.057373
0.013428,0.016022,0.041504
0.0019836,0.014954,0.050049
-0.0080872,0.0074768,0.039063
-0.014191,-0.0047302,0.026855
-0.017242,-0.019073,0.03418
-0.019226,-0.030975,0.040283
-0.023956,-0.037537,0.036621
-0.03006,-0.041046,0.028076
-0.03418,-0.039825,0.0354
-0.032654,-0.035553,0.041504
-0.024872,-0.025482,0.041504
-0.01358,-0.009613,1.438
0.00015259,0.0071716,4.7095
0.011597,0.023956,4.906
0.020447,0.032959,4.9194
0.028229,0.033569,4.9219
0.0354,0.026245,4.9341
0.041962,0.01358,4.928
0.046539,0.0030518,4.9255
0.049286,-0.0010681,4.9365
0.045776,0.0016785,4.9365
0.040131,0.0061035,4.9316
0.031128,0.010071,4.9207
0.025482,0.010071,4.9316
0.021057,0.0080872,4.9292
0.018921,0.007782,4.9292
0.019531,0.0080872,4.9365
0.021515,0.010834,4.9329
0.021667,0.011902,4.9377
0.022125,0.012512,4.9329
0.020447,0.011292,4.9377
0.018005,0.0091553,4.9329
0.015564,0.0083923,4.9329
0.010834,0.0079346,4.9304
0.0053406,0.007019,4.9316
0.00045776,0.0053406,4.9353
-0.0032043,0.0012207,4.9268
-0.0059509,-0.0027466,4.9255
-0.0083923,-0.0067139,4.9207
-0.010529,-0.01297,4.906
-0.011597,-0.018463,4.917
-0.0093079,-0.024414,4.917
-0.0054932,-0.028992,4.9109
-0.00030518,-0.032196,4.9158
0.0054932,-0.031433,4.9146
0.010071,-0.028076,4.9133
0.014954,-0.02655,4.9097
0.018005,-0.023956,4.9109
0.022278,-0.023956,4.906
0.02594,-0.024261,4.9121
0.031738,-0.020905,4.9109
0.038757,-0.017395,4.9146
0.045776,-0.017548,4.9072
0.051117,-0.019531,4.9109
0.052338,-0.025177,4.9109
0.048676,-0.031433,4.906
0.044098,-0.033569,4.9133
0.037689,-0.032959,4.9146
0.032959,-0.028381,4.9121
0.029755,-0.020447,4.9121
0.027008,-0.013428,4.9194
0.026245,-0.014191,4.9182
0.025635,-0.0061035,4.9194
0.027466,-0.0047302,4.9231
0.030975,-0.0010681,4.9255
0.031586,0.0039673,4.9292
0.032959,0.0068665,4.9304
0.031586,0.0076294,4.928
0.026703,0.005188,4.9341
0.019379,0.0032043,4.928
0.013275,0.002594,4.9316
0.0061035,0.0015259,4.9414
0.0013733,0.00015259,4.9316
0.0010681,0.0036621,4.9365
0.0036621,0.007019,4.9341
0.0074768,0.010681,4.9182
0.007782,0.01358,4.9329
0.016632,0.01236,4.9329
0.019989,0.014191,4.9377
0.019989,0.017242,4.9268
0.018768,0.018311,4.9304
0.019073,0.019379,4.9353
0.02121,0.020447,4.9292
0.025482,0.018463,4.9268
0.029449,0.016479,4.928
0.034027,0.016022,0.054932
0.0383,0.013428,0.05249
0.03952,0.0074768,0.053711
0.038605,0.00061035,0.053711
0.035706,-0.0090027,0.048828
0.028229,-0.016174,0.048828
0.019989,-0.019836,0.037842
0.012207,-0.021515,0.050049
0.0048828,-0.018005,0.039063
0.00061035,-0.015106,0.056152
-0.0022888,-0.011444,0.041504
0.0032043,-0.0082397,0.039063
0.0097656,-0.00061035,0.031738
0.016174,0.0028992,0.040283
0.025635,0.0076294,0.039063
0.030975,0.011902,0.040283
0.034027,0.012207,0.037842
0.033112,0.011597,0.043945
0.031891,0.0082397,0.0354
0.029144,0.0090027,0.043945
0.026703,0.0083923,0.042725
0.023804,0.012207,0.045166
0.022888,0.0177,0.057373
0.022888,0.023193,0.050049
0.024109,0.032806,0.061035
0.028534,0.033875,0.050049
0.033722,0.036469,0.043945
0.037537,0.035858,0.056152
0.039825,0.032043,0.057373
0.038605,0.027313,0.056152
0.036011,0.019531,0.061035
0.032043,0.0085449,0.054932
0.026245,-0.0024414,0.063477
0.021362,-0.010681,0.058594
0.016479,-0.01709,0.062256
0.012207,-0.021057,0.059814
0.007782,-0.022736,0.062256
0.0059509,-0.023041,0.064697
0.0042725,-0.023041,0.058594
0.0045776,-0.020599,0.068359
0.0067139,-0.022278,0.067139
0.0099182,-0.024719,0.068359
0.015411,-0.026855,0.065918
0.016632,-0.029144,0.073242
0.020447,-0.029755,0.058594
0.02243,-0.029144,0.063477
0.023193,-0.028992,0.057373
0.021667,-0.026855,0.056152
0.02121,-0.024872,0.047607
0.020294,-0.024414,0.05249
0.018768,-0.0177,0.03418
0.019836,-0.014801,0.05249
0.022736,-0.010834,0.045166
0.026703,-0.0067139,0.047607
0.032043,-0.0041199,0.045166
0.039825,-0.0067139,0.046387
0.046539,-0.0059509,0.043945
0.050964,-0.0062561,0.041504
0.053558,-0.0027466,0.05249
0.054474,0.0033569,0.042725
0.052948,0.011749,0.03418
0.049133,0.021362,0.040283
0.046692,0.029144,0.024414
0.042725,0.033417,0.036621
0.038757,0.032501,0.040283
0.035248,0.029297,0.040283
0.033264,0.024567,0.037842
0.032349,0.017548,0.032959
0.030518,0.016022,0.042725
0.027618,0.013123,0.041504
0.028229,0.011292,0.046387
0.020447,0.0088501,0.046387
0.016479,0.0036621,0.05249
0.014496,0.0053406,0.050049
0.015564,0.0048828,0.053711
0.016022,0.0071716,0.057373
0.018158,0.0059509,2.4561
0.019226,0.0033569,4.7766
0.020752,0.0010681,4.9146
0.019836,-0.0050354,4.9402
0.019379,-0.0091553,4.9304
0.018463,-0.010681,4.9182
0.015717,-0.014038,4.928
0.010376,-0.015411,4.928
0.0045776,-0.014191,4.9292
-0.00045776,-0.014954,4.9304
-0.0033569,-0.016022,4.9304
-0.0062561,-0.015869,4.928
-0.00091553,-0.017395,4.9316
0.0048828,-0.018463,4.9365
0.014038,-0.016479,4.9353
0.024109,-0.011902,4.9353
0.031281,-0.0083923,4.9158
0.031891,-0.0033569,4.9341
0.033722,0.0042725,4.9353
0.033417,0.0074768,4.928
0.033417,0.010376,4.9243
0.033722,0.0093079,4.9255
0.033569,0.0048828,4.9194
0.032959,0.00061035,4.917
0.030823,-0.0021362,4.9158
0.029144,-0.0024414,4.9121
0.027924,-0.0068665,4.9207
0.027008,-0.0090027,4.9048
0.023956,-0.011902,4.9146
0.023499,-0.010986,4.906
0.021057,-0.0074768,4.9121
0.018921,-0.0010681,4.906
0.016174,0.0059509,4.9133
0.014801,0.0088501,4.9109
0.015411,0.0065613,4.917
0.016785,0.0067139,4.9084
0.020447,0.011444,4.9146
0.023193,0.014343,4.9158
0.026703,0.01297,4.9109
0.028992,0.009613,4.9207
0.027618,0.0021362,4.9146
0.026093,0.0054932,4.9011
0.023193,0.0022888,4.9146
0.020752,-0.0047302,4.9158
0.018921,-0.010376,4.9182
0.017548,-0.011139,4.9207
0.016022,-0.009613,4.9194
0.016022,-0.0073242,4.9255
0.015717,-0.0068665,4.9329
0.020447,-0.01236,4.9304
0.024109,-0.014648,4.9255
0.027618,-0.012054,4.9316
0.027313,-0.0042725,4.9292
0.027618,0.0047302,4.9365
0.024261,0.011139,4.9414
0.023041,0.0091553,4.9353
0.023193,0.0027466,4.9304
0.021667,-0.00091553,4.9329
0.018005,-0.0027466,4.9377
0.016022,-0.0012207,4.9316
0.01709,-0.00061035,4.9316
0.019684,-0.0027466,4.9365
0.020599,-0.0062561,4.9316
0.019989,-0.0082397,4.9304
0.018921,-0.0028992,4.9304
0.020294,0.00061035,4.9304
0.023193,0.0061035,4.9316
0.024109,0.0097656,4.9243
0.021362,0.010376,4.9255
0.018158,0.011292,4.9158
0.016174,0.0091553,4.9231
0.019226,0.0076294,4.9207
0.02121,0.0064087,4.9194
0.021973,0.0048828,4.9292
0.019226,0.0038147,0.05127
0.015717,0.0012207,0.057373
0.014496,-0.0019836,0.043945
0.013885,-0.0047302,0.03418
0.013733,-0.0042725,0.040283
0.01236,-0.0030518,0.040283
0.010223,-0.0019836,0.037842
0.0090027,-0.0022888,0.037842
0.0091553,-0.0038147,0.037842
0.011444,-0.0074768,0.041504
0.013885,-0.0093079,0.040283
0.015106,-0.010681,0.040283
0.018463,-0.010071,0.037842
0.022736,-0.010376,0.042725
0.026703,-0.011139,0.042725
0.028229,-0.013428,0.046387
0.028839,-0.016479,0.047607
0.028229,-0.017242,0.043945
0.027924,-0.017395,0.046387
0.030975,-0.017548,0.048828
0.032806,-0.018005,0.053711
0.03479,-0.018921,0.056152
0.03479,-0.016479,0.048828
0.036621,-0.013275,0.056152
0.038452,-0.009613,0.059814
0.039368,-0.007782,0.059814
0.035553,-0.009613,0.061035
0.038605,-0.0093079,0.056152
0.037842,-0.0082397,0.061035
0.036926,-0.0061035,0.059814
0.035248,-0.0038147,0.063477
0.033722,-0.0022888,0.062256
0.029602,-0.00015259,0.068359
0.02533,0.00076294,0.062256
0.023651,0.0030518,0.068359
0.023804,0.0064087,0.074463
0.024872,0.010376,0.068359
0.023804,0.015717,0.067139
0.022888,0.018616,0.064697
0.02121,0.0177,0.043945
0.021515,0.013275,0.057373
0.023346,0.010834,0.057373
0.023346,0.005188,0.054932
0.023804,0,0.050049
0.021973,-0.0016785,0.047607
0.020905,-0.0015259,0.05249
0.018005,0,0.045166
0.016327,0.00030518,0.050049
0.016327,-0.0035095,0.041504
0.0177,-0.0067139,0.045166
0.017548,-0.0068665,0.043945
0.017853,-0.0053406,0.042725
0.015411,-0.002594,0.043945
0.011597,0.0018311,0.041504
0.010376,-0.00045776,0.037842
0.010986,-0.002594,0.040283
0.011444,-0.0054932,0.032959
0.012512,-0.0073242,0.037842
0.012665,-0.0082397,0.045166
0.012512,-0.0057983,0.040283
0.012512,0.0013733,0.041504
0.014038,0.0048828,0.037842
0.014343,0.0065613,0.042725
0.016479,0.0053406,0.039063
0.017548,0.0071716,0.042725
0.018311,0.0035095,0.041504
0.017548,0.0013733,0.050049
0.016174,0.0032043,0.050049
0.014343,0.0013733,0.053711
0.011597,0.0018311,0.05249
0.010529,0.0022888,0.059814
0.013275,0.0038147,0.067139
0.014648,0.0057983,0.061035
0.018311,0.0082397,0.06958
0.020752,0.010986,0.059814
0.023956,0.012512,0.053711
0.02655,0.012665,0.062256
0.029449,0.010529,4.2212
0.031891,0.0061035,4.8816
0.033875,0.0065613,4.9255
0.034637,0.0028992,4.9304
0.034027,0.00045776,4.9316
0.034332,-0.00015259,4.9329
0.032043,0,4.9365
0.030823,-0.0016785,4.9304
0.031433,-0.0041199,4.9341
0.032196,-0.0056458,4.9304
0.033112,-0.0057983,4.9329
0.03479,-0.0036621,4.9316
0.036926,-0.00061035,4.9292
0.036621,0.0048828,4.9316
0.038147,0.0085449,4.9207
0.040436,0.01236,4.9316
0.041351,0.012207,4.9219
0.041656,0.014343,4.9255
0.041962,0.01358,4.9146
0.041046,0.010529,4.8987
0.038147,0.0090027,4.9158
0.032043,0.0067139,4.9133
0.026855,0.0018311,4.9072
0.021667,-0.0028992,4.9109
0.017548,-0.007782,4.9072
0.015564,-0.01236,4.9146
0.019989,-0.013885,4.9084
0.016785,-0.014343,4.9121
0.014801,-0.01297,4.9097
0.013123,-0.012512,4.9121
0.012207,-0.0097656,4.9207
0.01358,-0.0085449,4.9084
0.01358,-0.0065613,4.9121
0.018311,-0.0054932,4.9146
0.019684,-0.005188,4.895
0.02121,-0.0032043,4.9121
0.019684,-0.0057983,4.917
0.019226,-0.0042725,4.917
0.020142,-0.0062561,4.9194
0.023041,-0.0076294,4.9182
0.025482,-0.0071716,4.9219
0.028687,-0.0053406,4.9207
0.029144,-0.0030518,4.9304
0.028992,-0.0010681,4.9255
0.027771,0.00030518,4.9365
0.026093,0.0028992,4.9304
0.026703,0.0071716,4.9316
0.027924,0.01358,4.9316
0.030975,0.019989,4.9316
0.028381,0.024719,4.9329
0.026093,0.026855,4.9329
0.022736,0.026245,4.9451
0.020905,0.024109,4.9377
0.019226,0.022278,4.9304
0.020142,0.020905,4.939
0.019836,0.017395,4.9292
0.019836,0.014496,4.9329
0.017548,0.0094604,4.9353
0.014038,0.0061035,4.9292
0.010681,0.0030518,4.9316
0.0085449,0.00015259,4.9255
0.0080872,-0.0030518,4.928
0.0065613,-0.0045776,4.8987
0.0048828,-0.0057983,4.9243
0.00091553,-0.0057983,4.9182
-0.0028992,-0.0065613,4.9207
-0.007019,-0.0076294,4.9219
-0.0088501,-0.0094604,4.9158
-0.011444,-0.012054,4.9146
-0.010529,-0.011902,4.9133
-0.0099182,-0.012207,4.8999
-0.0082397,-0.010376,4.9084
-0.0038147,-0.0073242,4.9109
0.0024414,-0.0012207,0.037842
0.011292,0.0064087,0.040283
0.022125,0.013275,0.037842
0.032959,0.016937,0.037842
0.042114,0.0177,0.039063
0.048218,0.016785,0.039063
0.051575,0.013275,0.032959
0.051727,0.011444,0.040283
0.049744,0.010223,0.042725
0.04715,0.0080872,0.046387
0.04303,0.0062561,0.045166
0.036469,0.0041199,0.047607
0.030365,0.0010681,0.05127
0.022278,0.0018311,0.048828
0.014801,0.0062561,0.063477
0.0083923,0.010223,0.054932
0.0050354,0.015259,0.045166
0.0050354,0.019226,0.054932
0.0061035,0.021057,0.057373
0.0073242,0.023041,0.061035
0.0073242,0.024719,0.061035
0.0065613,0.023499,0.058594
0.004425,0.019531,0.064697
0.0019836,0.013275,0.061035
0.00045776,0.0033569,0.063477
0.00076294,-0.0079346,0.059814
-0.00091553,-0.018005,0.068359
-0.00015259,-0.024567,0.064697
0.0012207,-0.027618,0.064697
0.0041199,-0.027466,0.080566
0.007019,-0.02594,0.065918
0.011292,-0.024109,0.063477
0.01709,-0.022583,0.062256
0.023499,-0.01709,0.05127
0.030212,-0.012817,0.058594
0.034027,-0.0064087,0.057373
0.034943,-0.0032043,0.05249
0.03418,-0.00030518,0.039063
0.034637,-0.0015259,0.045166
0.036774,-0.0030518,0.048828
0.039825,-0.0056458,0.046387
0.041809,-0.0099182,0.046387
0.041504,-0.0083923,0.041504
0.039825,-0.0085449,0.046387
0.036163,-0.0076294,0.045166
0.033417,-0.0068665,0.043945
0.032043,-0.0071716,0.039063
0.031891,-0.010376,0.042725
0.032043,-0.0099182,0.046387
0.030823,-0.01297,0.036621
0.031128,-0.014191,0.05127
0.028534,-0.015106,0.040283
0.027466,-0.014954,0.030518
0.028229,-0.014496,0.037842
0.031128,-0.014038,0.040283
0.038452,-0.012054,0.036621
0.035248,-0.010986,0.040283
0.038452,-0.0091553,0.037842
0.033112,-0.0054932,0.042725
0.03067,-0.00030518,0.043945
0.029907,0.005188,0.05127
0.029755,0.010834,0.046387
0.031281,0.014496,0.05249
0.032196,0.014648,0.056152
0.032196,0.011444,0.057373
0.031738,0.0085449,0.06958
0.029602,0.005188,0.063477
0.028076,0.0039673,0.063477
0.027466,0.0035095,0.059814
0.027618,0.0041199,0.063477
0.025787,0.0033569,0.058594
0.024719,0.0022888,0.05249
0.023651,0.00015259,0.059814
0.02121,-0.0015259,0.062256
0.019379,-0.0021362,0.058594
0.019226,-0.002594,0.063477
0.021057,-0.0021362,0.062256
0.022278,-0.0032043,0.40771
0.022736,-0.0041199,4.6704
0.019226,-0.0035095,4.9146
0.015259,-0.007019,4.9255
0.009613,-0.0085449,4.9304
0.0064087,-0.0068665,4.9255
0.005188,-0.005188,4.928
0.0057983,-0.0047302,4.9353
0.0061035,-0.0054932,4.9231
0.0071716,-0.0056458,4.9255
0.0071716,-0.005188,4.9219
0.007782,-0.0045776,4.906
0.0097656,-0.0016785,4.9133
0.014496,0.0019836,4.9182
0.020752,0.0054932,4.9194
0.027924,0.0080872,4.9133
0.033112,0.0079346,4.9097
0.034637,0.007019,4.9133
0.034485,0.0085449,4.9097
0.034637,0.0099182,4.9133
0.033875,0.011444,4.9072
0.0354,0.012512,4.9146
0.0354,0.011444,4.9109
0.036163,0.011292,4.9097
0.035858,0.0094604,4.9072
0.032501,0.0068665,4.9109
0.03418,0.0073242,4.906
0.033569,0.0064087,4.9109
0.034485,0.0041199,4.9097
0.035706,0.0016785,4.8962
0.0354,-0.0030518,4.9023
0.032654,-0.0062561,4.9182
0.028229,-0.007019,4.9194
0.021973,-0.0079346,4.9194
0.016022,-0.0065613,4.9231
0.011597,-0.0050354,4.9255
0.010071,-0.0050354,4.9255
0.0088501,-0.0062561,4.9268
0.010376,-0.0091553,4.9304
0.010986,-0.011292,4.9219
0.010529,-0.014191,4.9329
0.0085449,-0.016174,4.9292
0.0076294,-0.018005,4.9329
0.0080872,-0.019379,4.9377
0.0099182,-0.020905,4.9377
0.011597,-0.019073,4.939
0.014343,-0.017853,4.9451
0.016174,-0.014954,4.9231
0.018158,-0.012054,4.9353
0.02243,-0.0088501,4.9341
0.028381,-0.0041199,4.9316
0.036163,0.00030518,4.9365
0.042572,0.0027466,4.9329
0.046539,0.0056458,4.9292
0.050049,0.0062561,4.9231
0.049744,0.0056458,4.9268
0.048218,0.0074768,4.9207
0.04715,0.011139,4.9158
0.045929,0.015869,4.9207
0.043488,0.019531,4.9243
0.04425,0.021057,4.9182
0.043945,0.021057,4.9207
0.037842,0.016479,4.9194
0.036774,0.014954,4.9158
0.035095,0.014343,4.9158
0.035248,0.014343,4.9109
0.036163,0.012817,4.9072
0.036011,0.011597,4.9084
0.03418,0.0090027,4.8987
0.030975,0.0054932,4.9109
0.02655,0.0047302,4.9084
0.022736,0.0045776,4.906
0.019684,0.004425,4.9097
0.017853,0.0032043,0.041504
0.016632,-0.00076294,0.041504
0.016632,-0.0056458,0.039063
0.016937,-0.010834,0.043945
0.01709,-0.014496,0.045166
0.014954,-0.014038,0.048828
0.013885,-0.012207,0.062256
0.010834,-0.011292,0.05127
0.0093079,-0.010834,0.058594
0.0088501,-0.011902,0.056152
0.0080872,-0.013428,0.040283
0.0082397,-0.012207,0.057373
0.0085449,-0.0085449,0.057373
0.0097656,-0.0032043,0.062256
0.012207,0.0028992,0.062256
0.017548,0.0076294,0.05249
0.022583,0.0094604,0.063477
0.029144,0.010223,0.062256
0.034332,0.0094604,0.062256
0.037384,0.0088501,0.061035
0.038757,0.0093079,0.064697
0.039673,0.0083923,0.063477
0.040283,0.0065613,0.067139
0.041962,0.0036621,0.075684
0.043335,-0.00030518,0.067139
0.041962,-0.0042725,0.065918
0.039063,-0.0071716,0.059814
0.03418,-0.0083923,0.072021
0.028839,-0.0062561,0.057373
0.024109,-0.0027466,0.039063
0.021667,0.00015259,0.053711
0.019226,0.002594,0.045166
0.015259,0.0032043,0.05127
0.011902,0.002594,0.048828
0.0074768,0.0022888,0.047607
0.0047302,0.0041199,0.046387
0.0045776,0.0064087,0.047607
0.0074768,0.0083923,0.045166
0.010834,0.0088501,0.041504
0.015106,0.0071716,0.045166
0.018005,0.0036621,0.041504
0.019379,-0.00015259,0.043945
0.020752,-0.00045776,0.047607
0.02182,0.00061035,0.041504
0.022736,0.0039673,0.048828
0.023041,0.005188,0.039063
0.021973,0.0035095,0.030518
0.019836,-0.00045776,0.039063
0.0177,-0.005188,0.039063
0.016632,-0.0076294,0.037842
0.015411,-0.007019,0.041504
0.016785,-0.0036621,0.040283
0.019226,-0.00061035,0.043945
0.021362,0.0018311,0.042725
0.025024,0.00045776,0.048828
0.02533,-0.00091553,0.045166
0.02655,-0.0019836,0.053711
0.026703,-0.00045776,0.056152
0.02594,0.0041199,0.062256
0.024261,0.0094604,0.056152
0.023956,0.011292,0.063477
0.019379,0.0090027,0.059814
0.016785,0.0045776,0.061035
0.014343,-0.0015259,0.073242
0.011597,-0.0057983,0.063477
0.0097656,-0.0048828,0.046387
0.0097656,-0.0019836,0.059814
0.013428,0.00076294,0.062256
0.016022,0.0039673,0.061035
0.018616,0.005188,0.064697
0.021515,0.0022888,0.058594
0.022125,0.00045776,0.067139
0.024261,0.0013733,0.064697
0.021515,0.0035095,0.064697
0.02243,0.0057983,0.057373
0.02182,0.0061035,0.063477
0.019684,0.0057983,0.056152
0.019379,0.0042725,0.058594
0.019836,0.0024414,4.4324
0.022278,-0.00091553,4.8865
0.024567,0.0019836,4.9121
0.026093,0.0035095,4.9182
0.028687,0.002594,4.9011
0.027313,0.00061035,4.9146
0.027161,-0.0016785,4.9158
0.026093,-0.0041199,4.9133
0.025635,-0.0050354,4.9146
0.023499,-0.005188,4.9109
0.024109,-0.0032043,4.9121
0.024109,-0.007782,4.9097
0.023804,-0.005188,4.9084
0.024414,-0.0053406,4.9048
0.026245,-0.0057983,4.9109
0.028076,-0.007019,4.9109
0.029297,-0.0074768,4.9109
0.031281,-0.0068665,4.9011
0.031281,-0.0067139,4.9121
0.031738,-0.0079346,4.917
0.031433,-0.0091553,4.9097
0.030975,-0.0093079,4.9231
0.030212,-0.0082397,4.9109
0.027008,-0.007019,4.9084
0.027618,-0.0030518,4.9194
0.027008,-0.00030518,4.9158
0.025787,0.0013733,4.9194
0.028992,0.00061035,4.9219
0.030518,-0.00076294,4.928
0.030823,-0.0010681,4.928
0.029907,0.00015259,4.9304
0.030212,0.0027466,4.9353
0.030212,0.0056458,4.9255
0.030518,0.0076294,4.9304
0.03006,0.007019,4.9365
0.029755,0.0061035,4.9341
0.028687,0.0047302,4.9377
0.028381,0.0030518,4.9329
0.028381,0.0054932,4.9146
0.028076,0.002594,4.9353
0.025635,0.0024414,4.9353
0.026245,0.00061035,4.9353
0.024414,-0.0019836,4.9329
0.021973,-0.0054932,4.9316
0.018311,-0.0088501,4.9329
0.017548,-0.0079346,4.9255
0.01236,-0.0073242,4.9292
0.011139,-0.0050354,4.9231
0.0091553,-0.002594,4.9255
0.012054,-0.0022888,4.9207
0.01358,-0.0036621,4.9231
0.014954,-0.0047302,4.9194
0.018005,-0.0053406,4.9243
0.018921,-0.0045776,4.9146
0.019836,-0.00045776,4.9219
0.019531,0.0050354,4.9207
0.018463,0.0050354,4.917
0.020142,0.0054932,4.9231
0.019836,0.0038147,4.9133
0.019531,0.0024414,4.9011
0.020905,0,4.9097
0.018005,0.00091553,4.9121
0.018616,0.0056458,4.9121
0.019684,0.0057983,4.9097
0.02121,0.0073242,4.906
0.023193,0.007782,4.9109
0.025024,0.0068665,4.9048
0.026093,0.0054932,4.9097
0.027466,0.0053406,4.9084
0.027618,0.0061035,4.9146
0.027771,0.0062561,4.9133
0.026855,0.0062561,4.9158
0.025482,0.0061035,0.058594
0.024872,0.0042725,0.048828
0.024414,0.002594,0.047607
0.024719,0.00030518,0.053711
0.024414,0.00015259,0.053711
0.024109,0.00061035,0.056152
0.022583,0.00091553,0.059814
0.021667,0.00015259,0.059814
0.021057,-0.00091553,0.061035
0.020905,-0.0028992,0.058594
0.021362,-0.0050354,0.062256
0.020905,-0.0050354,0.059814
0.022125,-0.0050354,0.062256
0.023499,-0.0047302,0.061035
0.025787,-0.0018311,0.062256
0.028381,0.0013733,0.059814
0.030365,0.0041199,0.065918
0.033417,0.0068665,0.067139
0.033112,0.009613,0.067139
0.037842,0.010529,0.073242
0.038757,0.010071,0.063477
0.038147,0.0073242,0.06958
0.037994,0.0039673,0.058594
0.036774,0.0013733,0.046387
0.035553,0.0012207,0.057373
0.034485,0.0065613,0.054932
0.032654,0.0059509,0.046387
0.030365,0.0090027,0.05127
0.027161,0.0091553,0.048828
0.025635,0.0086975,0.048828
0.024261,0.0085449,0.045166
0.023651,0.0080872,0.046387
0.023346,0.0085449,0.0354
0.022583,0.0086975,0.041504
0.021667,0.0085449,0.045166
0.015717,0.0071716,0.041504
0.020142,0.0033569,0.039063
0.019989,0.00076294,0.039063
0.020599,-0.0019836,0.039063
0.021973,-0.0019836,0.039063
0.018463,-0.0013733,0.037842
0.019836,0.00061035,0.039063
0.01709,0.0024414,0.045166
0.014954,0.0027466,0.036621
0.013885,0.0019836,0.040283
0.01358,0.0013733,0.039063
0.014496,0.00045776,0.041504
0.014191,0.00045776,0.042725
0.014343,0.0013733,0.047607
0.014496,0.0038147,0.047607
0.014038,0.0048828,0.05127
0.016479,0.005188,0.053711
0.0177,0.005188,0.059814
0.017242,0.0047302,0.054932
0.016022,0.0048828,0.061035
0.013885,0.0054932,0.074463
0.011902,0.007019,0.058594
0.011749,0.0056458,0.067139
0.010986,0.0093079,0.062256
0.011444,0.0090027,0.048828
0.011292,0.0093079,0.058594
0.012817,0.010223,0.061035
0.01358,0.011902,0.062256
0.015259,0.012817,0.062256
0.016174,0.013733,0.061035
0.016479,0.015411,0.068359
0.015717,0.014801,0.063477
0.014648,0.012054,0.065918
0.012512,0.010223,0.061035
0.011139,0.0080872,0.063477
0.0093079,0.007019,0.057373
0.009613,0.0059509,0.061035
0.0091553,0.004425,0.061035
0.009613,0.0045776,0.053711
0.010223,0.005188,0.058594
0.010986,0.0056458,0.050049
0.01236,0.0067139,0.059814
0.013428,0.0062561,0.046387
0.015564,0.0064087,3.4167
0.015869,0.0057983,4.823
0.016632,0.0032043,4.9072
0.015869,0.0021362,4.9084
0.016022,0.0032043,4.9109
0.014954,0.0047302,4.9084
0.01236,0.0059509,4.9109
0.011597,0.0068665,4.906
0.010376,0.0064087,4.9121
0.0097656,0.0062561,4.9097
0.010376,0.0059509,4.9133
0.010529,0.007019,4.9109
0.011749,0.0082397,4.9097
0.013123,0.0085449,4.9194
0.014801,0.0097656,4.9133
0.0177,0.0082397,4.9146
0.019684,0.0080872,4.9121
0.02182,0.007019,4.9084
0.021362,0.0064087,4.917
0.019684,0.0048828,4.9158
0.017395,0.0018311,4.9158
0.015259,-0.0018311,4.9207
0.013275,-0.0041199,4.9194
0.011902,-0.0074768,4.9255
0.012054,-0.0088501,4.9255
0.013275,-0.0099182,4.9329
0.014038,-0.010223,4.928
0.016632,-0.010223,4.9304
0.018311,-0.0086975,4.9304
0.020294,-0.0062561,4.9341
0.021667,-0.0042725,4.9304
0.022736,-0.0028992,4.9329
0.024719,-0.0012207,4.9365
0.024261,-0.0010681,4.9414
0.026093,0.00076294,4.9451
0.024719,0.0018311,4.9377
0.024567,0.002594,4.9194
0.024261,0.0036621,4.9341
0.021667,0.0032043,4.9377
0.025635,0.0013733,4.9329
0.02594,0.00015259,4.9329
0.023651,-0.00091553,4.9255
0.022888,-0.0021362,4.928
0.022736,-0.0022888,4.9268
0.023193,-0.00061035,4.9158
0.02533,0.00030518,4.9207
0.027008,0.00076294,4.9182
0.028076,-0.00061035,4.9158
0.029144,-0.0028992,4.9194
0.029907,-0.005188,4.9243
0.03006,-0.0068665,4.9146
0.031128,-0.0083923,4.9133
0.031128,-0.0073242,4.9146
0.031738,-0.0054932,4.8962
0.031433,-0.0050354,4.9109
0.031433,-0.0042725,4.9072
0.030365,-0.0047302,4.9109
0.031128,-0.004425,4.9121
0.031433,-0.0019836,4.9048
0.033569,0.002594,4.9084
0.03479,0.0073242,4.9109
0.035095,0.0079346,4.9097
0.033875,0.0068665,4.9072
0.032349,0.0038147,4.9146
0.030975,0.00061035,4.9109
0.026703,-0.0016785,4.9207
0.028534,-0.00045776,4.9133
0.026855,-0.00030518,4.9194
0.02655,0.00091553,4.9231
0.027008,0.00045776,4.9219
0.027466,-0.00015259,4.9231
0.028839,-0.0015259,4.9255
0.029602,-0.0021362,0.046387
0.031433,-0.0024414,0.058594
0.032806,-0.00076294,0.062256
0.03479,-0.00030518,0.054932
0.037079,0.00045776,0.057373
0.034485,0.00015259,0.061035
0.033264,-0.00061035,0.062256
0.031738,0.00076294,0.059814
0.029144,0.0019836,0.054932
0.028229,0.0041199,0.062256
0.027771,0.0042725,0.065918
0.026855,0.0047302,0.067139
0.024719,0.0028992,0.067139
0.023651,0.0012207,0.073242
0.021973,0.00015259,0.053711
0.022583,-0.0027466,0.063477
0.023193,-0.0036621,0.062256
0.025177,-0.0050354,0.059814
0.024567,-0.0080872,0.056152
0.025177,-0.010529,0.053711
0.022736,-0.011749,0.05127
0.021515,-0.010071,0.048828
0.02182,-0.0088501,0.046387
0.022583,-0.0076294,0.050049
0.024261,-0.0056458,0.043945
0.025177,-0.0038147,0.046387
0.02594,-0.0016785,0.041504
0.026398,-0.0012207,0.045166
0.027924,0.00061035,0.045166
0.02533,0.0018311,0.043945
0.029602,0.0038147,0.036621
0.030975,0.0045776,0.042725
0.032501,0.0054932,0.053711
0.032806,0.005188,0.040283
0.032043,0.0047302,0.05127
0.03006,0.0033569,0.036621
0.027771,0.0013733,0.028076
0.024414,0.00015259,0.037842
0.021515,-0.00076294,0.039063
0.019836,-0.0012207,0.036621
0.018158,-0.0021362,0.041504
0.016632,-0.0018311,0.039063
0.016174,-0.007782,0.046387
0.016174,-0.0093079,0.047607
0.016785,-0.0093079,0.05127
0.019379,-0.0090027,0.047607
0.020905,-0.0071716,0.053711
0.02121,-0.0048828,0.056152
0.021362,-0.0021362,0.062256
0.020142,0.00045776,0.078125
0.019836,0.0038147,0.062256
0.019836,0.0088501,0.061035
0.02121,0.0083923,0.063477
0.022125,0.0079346,0.062256
0.024872,0.0057983,0.061035
0.027924,0.0038147,0.045166
0.031281,0.00030518,0.062256
0.036011,0.0013733,0.063477
0.038452,0.0050354,0.058594
0.040283,0.0062561,0.065918
0.041046,0.0067139,0.065918
0.039368,0.0059509,0.068359
0.037842,0.0054932,0.061035
0.033569,0.0045776,0.067139
0.029144,0.0042725,0.058594
0.02594,0.004425,0.061035
0.023041,0.0030518,0.057373
0.020905,0.002594,0.056152
0.019836,0.0032043,0.063477
0.019684,0.002594,0.053711
0.019989,0.0024414,0.058594
0.019989,0.0030518,0.048828
0.018768,0.0024414,0.039063
0.018616,0.0027466,0.045166
0.016937,0.0027466,0.043945
0.015259,0.0022888,0.040283
0.013885,0.0024414,0.042725
0.01297,0.0024414,0.039063
0.011749,0.0010681,3.4729
0.0099182,0,4.8169
0.0083923,-0.0024414,4.9011
0.0079346,-0.0054932,4.9023
0.010071,-0.007782,4.9097
0.012665,-0.009613,4.9146
0.014038,-0.0083923,4.9109
0.016937,-0.0062561,4.9097
0.019531,-0.0027466,4.9109
0.020905,0,4.9097
0.02121,0.0019836,4.9133
0.020142,0.0035095,4.9207
0.019226,0.0018311,4.9182
0.016937,0.0013733,4.9146
0.016327,-0.0010681,4.9158
0.01709,-0.0021362,4.9194
0.019226,-0.0024414,4.9243
0.018921,-0.0015259,4.9243
0.019989,-0.0016785,4.9243
0.019989,-0.0010681,4.9304
0.021362,0.0010681,4.9304
0.02243,0.004425,4.9329
0.023346,0.0061035,4.9255
0.024414,0.010223,4.9329
0.021973,0.0083923,4.928
0.019379,0.0067139,4.9316
0.016327,0.0054932,4.9414
0.013275,0.0036621,4.9316
0.012817,0.0036621,4.9353
0.012665,0.0036621,4.9353
0.013428,0.0042725,4.9219
0.014038,0.0048828,4.9329
0.014496,0.004425,4.9341
0.014191,0.00091553,4.9377
0.016174,0.0019836,4.9292
0.01709,0.0036621,4.9268
0.019226,0.0047302,4.928
0.020142,0.007019,4.9255
0.019836,0.0074768,4.9243
0.018311,0.0080872,4.9182
0.015411,0.0085449,4.9207
0.014343,0.0080872,4.9207
0.01358,0.0091553,4.9207
0.014038,0.011749,4.9158
0.01709,0.013885,4.9194
0.017395,0.013733,4.9207
0.018768,0.012207,4.9158
0.017395,0.0099182,4.9194
0.016937,0.007782,4.9133
0.016174,0.0071716,4.9011
0.015717,0.007019,4.9121
0.015564,0.007019,4.9084
0.013733,0.0057983,4.9097
0.011444,0.0050354,4.9109
0.0088501,0.0032043,4.906
0.0056458,0.00076294,4.9109
0.0042725,-0.00015259,4.9072
0.0038147,-0.00045776,4.9146
0.0053406,-0.00045776,4.9146
0.007019,0.0012207,4.917
0.0083923,0.0024414,4.9158
0.0097656,0.0038147,4.9194
0.011292,0.0042725,4.9329
0.014496,0.0053406,4.9231
0.018463,0.004425,4.9341
0.023041,0.0048828,4.9255
0.026398,0.0059509,4.9219
0.028076,0.007019,4.9304
0.028534,0.007782,4.9292
0.027466,0.0073242,4.9121
0.02533,0.0045776,4.9341
0.025177,0.0042725,4.9329
0.026703,0.0030518,0.062256
0.027771,0.0032043,0.062256
0.027771,0.0028992,0.063477
0.026855,0.0016785,0.057373
0.026703,0.00015259,0.065918
0.024109,-0.00076294,0.068359
0.024261,-0.0027466,0.067139
0.024261,-0.0039673,0.063477
0.023041,-0.0033569,0.068359
0.023956,-0.00091553,0.070801
0.023041,0.0016785,0.062256
0.023041,0.0010681,0.070801
0.021667,0.0010681,0.057373
0.023956,-0.00045776,0.05127
0.021973,-0.0013733,0.047607
0.023193,-0.0018311,0.05249
0.02533,-0.00045776,0.050049
0.02655,0.00076294,0.046387
0.027618,0.0010681,0.046387
0.026245,-0.00061035,0.047607
0.025787,-0.0032043,0.045166
0.02594,-0.0035095,0.043945
0.027008,-0.0041199,0.041504
0.027618,-0.0019836,0.043945
0.028076,0.00045776,0.037842
0.027008,0.0021362,0.040283
0.02594,0.0022888,0.05249
0.024414,-0.00045776,0.039063
0.025787,-0.00015259,0.042725
0.025482,-0.00061035,0.041504
0.026703,0.00045776,0.024414
0.026093,0.0028992,0.036621
0.02533,0.0053406,0.040283
0.026703,0.0041199,0.040283
0.022736,0.0027466,0.040283
0.022736,0.0010681,0.040283
0.022583,0.00091553,0.046387
0.022125,0.0021362,0.046387
0.022736,0.0047302,0.046387
0.020447,0.0068665,0.046387
0.020905,0.0074768,0.057373
0.019531,0.0071716,0.054932
0.018005,0.0053406,0.061035
0.019836,0.0039673,0.061035
0.022278,0.0038147,0.062256
0.02121,0.0054932,0.061035
0.021057,0.0073242,0.062256
0.020599,0.0085449,0.074463
0.020142,0.0085449,0.061035
0.020599,0.0061035,0.05249
0.020142,0.0036621,0.062256
0.02121,0.0028992,0.062256
0.020905,0.0027466,0.062256
0.020599,0.0042725,0.065918
0.018768,0.0018311,0.062256
0.017853,0.0016785,0.067139
0.015564,-0.0018311,0.062256
0.015411,-0.0059509,0.063477
0.0177,-0.0088501,0.058594
0.018311,-0.009613,0.061035
0.019684,-0.0074768,0.056152
0.019989,-0.0053406,0.054932
0.021057,-0.0033569,0.056152
0.019989,-0.0021362,0.05127
0.019684,-0.0030518,0.050049
0.020599,-0.00030518,0.050049
0.02182,-0.0012207,0.037842
0.023651,0.0016785,0.048828
0.024719,0.0065613,0.043945
0.023193,0.0097656,0.040283
0.023956,0.010986,0.042725
0.023956,0.0091553,0.039063
0.024261,0.0067139,0.041504
0.02594,0.0041199,0.037842
0.02655,0.0036621,0.041504
0.026703,0.0032043,0.037842
0.025024,0.0038147,0.041504
0.023499,-0.00015259,0.039063
0.021515,-0.0042725,4.3542
0.019989,-0.0090027,4.8694
0.021515,-0.0097656,4.906
0.023041,-0.01297,4.9182
0.024109,-0.0099182,4.9109
0.023651,-0.0053406,4.9207
0.02243,-0.0032043,4.9194
0.021667,-0.0032043,4.9011
0.018158,-0.0062561,4.9182
0.018768,-0.0071716,4.9182
0.02121,-0.0045776,4.9268
0.023804,0.0036621,4.9231
0.02655,0.005188,4.9207
0.027771,0.0074768,4.9329
0.027466,0.0059509,4.9329
0.028687,0.0033569,4.9329
0.03067,0.00045776,4.9292
0.032654,0.0016785,4.9304
0.034332,0.0047302,4.9329
0.03479,0.0065613,4.9316
0.035248,0.0073242,4.9414
0.029449,0.0056458,4.9353
0.028229,0.004425,4.9341
0.026703,-0.0030518,4.9365
0.029755,-0.0056458,4.9402
0.027313,-0.007019,4.9353
0.027466,-0.0073242,4.9438
0.024872,-0.0039673,4.9329
0.024414,0.00015259,4.9316
0.022125,0.0036621,4.9268
0.02243,0.0071716,4.9292
0.024567,0.0086975,4.9231
0.02594,0.0091553,4.9243
0.027161,0.0094604,4.9194
0.024567,0.0073242,4.9207
0.022278,0.0079346,4.9182
0.019531,0.0068665,4.9194
0.01709,0.0041199,4.9158
0.014343,0.00045776,4.917
0.011749,-0.0030518,4.9219
0.009613,-0.0042725,4.9133
0.0073242,-0.0039673,4.9219
0.0056458,-0.00015259,4.9109
0.005188,0.0038147,4.9036
0.0073242,0.0054932,4.9121
0.010223,0.0042725,4.9097
0.013428,0.0028992,4.9097
0.016785,0.0019836,4.9097
0.019531,0.0015259,4.9084
0.020447,0.0024414,4.9097
0.020752,0.0042725,4.9084
0.019379,0.0059509,4.9158
0.01709,0.005188,4.9109
0.016022,0.0028992,4.9158
0.015259,0.0010681,4.917
0.015564,-0.00030518,4.9194
0.016022,-0.00030518,4.9255
0.016327,0.0028992,4.9255
0.016022,0.0076294,4.9243
0.015411,0.011902,4.9268
0.016022,0.01297,4.9316
0.016479,0.011597,4.9329
0.016632,0.0099182,4.9329
0.016327,0.0071716,4.9268
0.012054,0.0068665,4.9316
0.010376,0.0094604,4.928
0.0091553,0.010834,4.9304
0.0086975,0.010834,4.9292
0.010834,0.0088501,4.9353
0.01236,0.0061035,4.9329
0.013275,0.0032043,4.9377
0.01236,0.0013733,-0.064697
0.0097656,0.0015259,0.06958
0.0067139,0.0036621,0.065918
0.0047302,0.0057983,0.067139
0.0050354,0.0074768,0.078125
0.0059509,0.0079346,0.061035
0.0080872,0.0059509,0.064697
0.0090027,0.0032043,0.057373
0.0079346,0.0016785,0.037842
0.0067139,0.0018311,0.050049
0.0068665,0.0028992,0.054932
0.0062561,0.0038147,0.048828
0.007782,0.0047302,0.046387
0.0083923,0.0048828,0.041504
0.0080872,0.005188,0.048828
0.0064087,0.0053406,0.041504
0.0038147,0.0067139,0.045166
0.00091553,0.0083923,0.040283
0.0015259,0.010223,0.042725
0.0015259,0.010986,0.040283
0.0054932,0.010071,0.041504
0.0083923,0.0083923,0.045166
0.015564,0.0061035,0.041504
0.018005,0.007019,0.040283
0.019226,0.0064087,0.031738
0.018311,0.0071716,0.032959
0.018768,0.010071,0.036621
0.018921,0.007782,0.037842
0.017853,0.0053406,0.041504
0.016174,0.0021362,0.0354
0.012512,0.00091553,0.040283
0.010223,-0.0013733,0.043945
0.0073242,-0.0012207,0.045166
0.0085449,-0.0045776,0.053711
0.011292,-0.0045776,0.048828
0.015259,-0.0062561,0.057373
0.019989,-0.0065613,0.05249
0.020294,-0.0068665,0.061035
0.023651,-0.004425,0.061035
0.0177,-0.0028992,0.061035
0.014954,-0.0032043,0.070801
0.014191,-0.0048828,0.062256
0.015411,-0.0065613,0.070801
0.016632,-0.0082397,0.057373
0.018158,-0.0097656,0.05127
0.017853,-0.0076294,0.062256
0.018463,-0.0065613,0.062256
0.018616,-0.0050354,0.063477
0.020599,-0.0035095,0.068359
0.024414,-0.0053406,0.063477
0.029297,-0.0065613,0.063477
0.032501,-0.0062561,0.062256
0.03479,-0.0053406,0.065918
0.034027,-0.0028992,0.057373
0.032654,-0.00091553,0.058594
0.031281,-0.0019836,0.057373
0.031586,-0.0021362,0.05127
0.033722,-0.0030518,0.053711
0.033264,-0.0041199,0.05127
0.034943,-0.0036621,0.053711
0.03479,-0.0032043,0.048828
0.029602,-0.0033569,0.054932
0.02533,-0.0032043,0.046387
0.023346,-0.0050354,0.042725
0.022888,-0.0064087,0.040283
0.023346,-0.0068665,0.041504
0.023041,-0.0076294,0.037842
0.020599,-0.0080872,0.041504
0.018158,-0.0083923,0.031738
0.015869,-0.0062561,0.041504
0.01709,-0.0030518,0.036621
0.020599,0.0015259,0.040283
0.026398,0.0048828,0.039063
0.029755,0.005188,0.040283
0.030518,0.0042725,0.039063
0.028839,0.0010681,0.040283
0.025024,-0.0021362,0.054932
0.023193,-0.0030518,0.054932
0.022125,-0.0035095,0.90332
0.023499,-0.0024414,4.679
0.023346,-0.0010681,4.8853
0.026855,-0.0013733,4.917
0.027161,-0.0039673,4.917
0.026855,0.00030518,4.9219
0.02655,0.0032043,4.9207
0.02655,0.0045776,4.9304
0.029602,0.0067139,4.928
0.031281,0.010529,4.9304
0.032959,0.0039673,4.9329
0.029907,0.0016785,4.928
0.02655,-0.00061035,4.9341
0.019989,-0.0027466,4.9316
0.016937,-0.002594,4.9316
0.014801,-0.0033569,4.9304
0.013275,-0.0032043,4.9316
0.01709,-0.0012207,4.9377
0.018311,0.00030518,4.939
0.018158,0.0033569,4.9512
0.019531,0.0038147,4.9365
0.018616,0.0047302,4.9255
0.019226,0.0047302,4.9353
0.02121,0.0039673,4.928
0.021057,0.0032043,4.9268
0.024414,0.0022888,4.9329
0.025482,0.0019836,4.9255
0.023346,0.0018311,4.9231
0.020905,0.0036621,4.917
0.019226,0.0054932,4.9231
0.019836,0.0061035,4.917
0.024261,0.0097656,4.9243
0.028229,0.0064087,4.9084
0.029755,0.0045776,4.9194
0.03067,0.0036621,4.9194
0.028839,0.0022888,4.9158
0.02655,0.0021362,4.9121
0.025635,0.002594,4.9109
0.026703,0.0024414,4.8865
0.029144,0.0018311,4.9109
0.028534,-0.0013733,4.9084
0.029755,-0.0048828,4.906
0.023651,-0.0068665,4.9109
0.019226,-0.0067139,4.9121
0.016785,-0.0064087,4.9097
0.015717,-0.0048828,4.9072
0.013733,-0.0041199,4.9133
0.0177,-0.0061035,4.9097
0.016785,-0.0073242,4.9158
0.016937,-0.0088501,4.9158
0.018005,-0.0086975,4.9158
0.018921,-0.0061035,4.9158
0.019836,-0.0045776,4.9243
0.022583,-0.0010681,4.9243
0.025635,0.0013733,4.9268
0.027466,0.0013733,4.9341
0.029602,0.002594,4.9304
0.029602,0.002594,4.9158
0.031586,0.0062561,4.9304
0.032043,0.0091553,4.9292
0.033569,0.0091553,4.9292
0.034027,0.007782,4.9292
0.034485,0.0032043,4.9255
0.033264,0.00076294,4.9353
0.032196,-0.0013733,4.9316
0.030365,0.0010681,4.9341
0.029144,0.0064087,4.9084
0.027618,0.0086975,4.9402
0.027313,0.011597,4.9341
0.030212,0.0091553,4.9377
0.027313,0.0062561,4.9463
0.02655,0.0048828,4.9353
0.025635,0.0050354,-0.36011
0.024261,0.0064087,0.061035
0.022583,0.0071716,0.05127
0.02121,0.0021362,0.053711
0.019684,0.00091553,0.05127
0.017242,-0.0039673,0.050049
0.014648,-0.0071716,0.048828
0.011597,-0.0093079,0.047607
0.0079346,-0.0076294,0.047607
0.0056458,-0.0054932,0.045166
0.0048828,-0.0065613,0.046387
0.0050354,-0.0062561,0.041504
0.0056458,-0.0090027,0.042725
0.0067139,-0.010681,0.041504
0.0083923,-0.010986,0.037842
0.0090027,-0.010529,0.040283
0.010529,-0.0079346,0.041504
0.014038,-0.0059509,0.048828
0.018311,-0.0027466,0.043945
0.021667,0.00045776,0.053711
0.024872,0.00076294,0.036621
0.025024,0.0027466,0.030518
0.025787,0.0039673,0.039063
0.024109,0.0057983,0.039063
0.022888,0.0065613,0.041504
0.025177,0.0086975,0.046387
0.025787,0.010223,0.047607
0.026245,0.010071,0.050049
0.025482,0.010071,0.05127
0.024109,0.0086975,0.056152
0.022278,0.0074768,0.053711
0.02121,0.0073242,0.058594
0.020142,0.0067139,0.062256
0.018311,0.0062561,0.062256
0.016632,0.0054932,0.068359
0.013733,0.0041199,0.063477
0.011597,0.0038147,0.062256
0.010071,0.0036621,0.063477
0.0073242,0.0050354,0.065918
0.0065613,0.0062561,0.061035
0.0056458,0.0079346,0.057373
0.0050354,0.0076294,0.061035
0.0045776,0.0061035,0.063477
0.0042725,0.0030518,0.064697
0.0039673,0.0010681,0.068359
0.0032043,-0.00045776,0.058594
0.0030518,0.0015259,0.065918
0.0038147,0.0033569,0.061035
0.0054932,0.0047302,0.062256
0.0067139,0.0045776,0.058594
0.0086975,0.0035095,0.057373
0.0094604,0.0028992,0.05249
0.0097656,0.004425,0.056152
0.010834,0.0062561,0.064697
0.012512,0.0082397,0.05127
0.013733,0.010223,0.053711
0.014954,0.0094604,0.047607
0.015411,0.0067139,0.031738
0.016785,0.0045776,0.042725
0.016327,0.0019836,0.046387
0.015564,0.0015259,0.040283
0.015564,0.0021362,0.037842
0.015259,0.0041199,0.036621
0.014648,0.0056458,0.041504
0.01358,0.0057983,0.037842
0.014648,0.0042725,0.040283
0.014954,0.0038147,0.0354
0.016632,0.0038147,0.040283
0.01709,0.0045776,0.040283
0.018463,0.0059509,0.040283
0.019226,0.0054932,0.042725
0.019989,0.0061035,0.042725
0.020599,0.0059509,0.039063
0.020752,0.005188,0.045166
0.019836,0.0047302,0.043945
0.016022,0.0045776,0.046387
0.014038,0.0022888,0.050049
0.011749,-0.00015259,0.053711
0.010681,-0.0022888,1.9324
0.010223,-0.0048828,4.7449
0.012054,-0.0076294,4.9121
0.014496,-0.010529,4.9231
0.017853,-0.0099182,4.928
0.020447,-0.011139,4.9304
0.022888,-0.0099182,4.9329
0.02243,-0.007782,4.928
0.022278,-0.0071716,4.9341
0.021515,-0.0071716,4.9268
0.021973,-0.0094604,4.9304
0.021057,-0.010529,4.9402
0.020599,-0.009613,4.9353
0.02121,-0.0085449,4.9402
0.02243,-0.0053406,4.9353
0.023651,-0.0032043,4.9292
0.025482,-0.0022888,4.9341
0.028381,-0.0039673,4.9329
0.031281,-0.0050354,4.9268
0.028229,-0.0064087,4.9304
0.032043,-0.0047302,4.928
0.031128,-0.0021362,4.9231
0.028839,-0.0010681,4.9207
0.027008,-0.0015259,4.9207
0.02594,-0.0028992,4.9146
0.025635,-0.0068665,4.9219
0.024872,-0.013275,4.917
0.023193,-0.0093079,4.9219
0.024261,-0.0068665,4.9133
0.023346,-0.005188,4.9182
0.024414,-0.0039673,4.9194
0.024872,-0.0036621,4.9146
0.023956,-0.0041199,4.9194
0.023346,-0.0048828,4.9121
0.021973,-0.0036621,4.9048
0.021515,-0.00091553,4.9084
0.023499,0.0024414,4.9121
0.024261,0.0032043,4.9109
0.024719,0.0035095,4.9084
0.024567,0.0027466,4.9084
0.023956,0.0021362,4.9109
0.022736,0.0024414,4.9097
0.020905,0.0038147,4.9121
0.020599,0.0057983,4.9121
0.020447,0.0057983,4.9182
0.019073,0.0048828,4.9182
0.018158,0.0036621,4.9194
0.017395,0.0024414,4.9341
0.018158,-0.00061035,4.9231
0.016479,-0.0022888,4.928
0.018311,-0.0015259,4.9316
0.020142,-0.0047302,4.9207
0.019684,-0.005188,4.9304
0.018158,-0.0048828,4.9353
0.016937,-0.0056458,4.9304
0.014954,-0.0056458,4.9316
0.013885,-0.0067139,4.9268
0.010681,-0.0064087,4.9365
0.010071,-0.0068665,4.9304
0.0090027,-0.0067139,4.9341
0.011139,-0.0042725,4.9304
0.014496,-0.004425,4.939
0.019379,-0.004425,4.9353
0.025787,-0.0064087,4.9365
0.027008,-0.0032043,4.9377
0.029602,0.00045776,4.9377
0.03418,0.0036621,4.9365
0.036316,0.0062561,4.9292
0.037079,0.0074768,4.9402
0.036163,0.0056458,4.9255
0.033722,0.004425,4.9121
0.029755,0.0022888,4.9207
0.025482,0.0019836,4.9133
0.02182,0.0036621,4.9194
0.020142,0.0045776,0.045166
0.022125,0.0059509,0.046387
0.025177,0.0050354,0.046387
0.028381,0.0042725,0.043945
0.03067,0.002594,0.043945
0.032196,-0.00091553,0.037842
0.031891,-0.0036621,0.042725
0.030365,-0.0061035,0.041504
0.028229,-0.0076294,0.042725
0.025024,-0.0086975,0.047607
0.020447,-0.009613,0.037842
0.015106,-0.0047302,0.042725
0.010071,-0.0083923,0.039063
0.0068665,-0.0061035,0.029297
0.0057983,-0.0027466,0.039063
0.0086975,0.0013733,0.037842
0.01236,0.0042725,0.037842
0.0177,0.0047302,0.042725
0.022583,0.0041199,0.042725
0.027618,0.0021362,0.046387
0.029449,-0.00045776,0.047607
0.028839,0.00015259,0.057373
0.031738,0.0013733,0.048828
0.03067,0.0027466,0.058594
0.028229,0.0047302,0.059814
0.02655,0.005188,0.062256
0.027008,0.0050354,0.064697
0.02243,0.0045776,0.063477
0.024261,0.0062561,0.064697
0.025024,0.0045776,0.062256
0.026245,0.0045776,0.072021
0.028687,0.0041199,0.062256
0.030823,0.0028992,0.045166
0.033112,0.0028992,0.059814
0.033417,0.0032043,0.063477
0.033264,0.0038147,0.064697
0.03006,0.0062561,0.065918
0.028229,0.0076294,0.062256
0.024567,0.0085449,0.06958
0.019989,0.0083923,0.059814
0.016022,0.0071716,0.064697
0.013428,0.0079346,0.058594
0.012207,0.0073242,0.059814
0.012817,0.0071716,0.053711
0.012817,0.0061035,0.054932
0.012817,0.004425,0.065918
0.01297,0.0028992,0.048828
0.011139,0.0012207,0.047607
0.0093079,0.00061035,0.050049
0.0074768,-0.00015259,0.028076
0.0062561,-0.0012207,0.043945
0.004425,-0.0013733,0.043945
0.0028992,-0.0013733,0.041504
0.0021362,-0.0021362,0.03418
0.0024414,-0.0027466,0.037842
0.0039673,-0.00091553,0.037842
0.005188,-0.00061035,0.037842
0.009613,-0.00076294,0.037842
0.01236,0.00091553,0.037842
0.014343,0.00045776,0.043945
0.016327,0.0016785,0.037842
0.018921,0.002594,0.041504
0.018463,0.004425,0.040283
0.01709,0.0050354,0.040283
0.016785,0.0061035,0.050049
0.015564,0.0080872,0.043945
0.014496,0.010986,0.057373
0.015411,0.013733,0.043945
0.017242,0.016937,0.036621
0.020447,0.019379,0.05249
0.02243,0.019684,0.053711
0.024567,0.018768,0.05249
0.025787,0.017242,0.057373
0.024261,0.016022,0.056152
0.022736,0.011444,0.058594
0.020905,0.0076294,0.053711
0.019836,0.0048828,0.062256
0.018158,0.0024414,4.4214
0.014954,0.0042725,4.8987
0.013123,0.0041199,4.928
0.010376,0.0045776,4.928
0.009613,0.0056458,4.939
0.0083923,0.0057983,4.9377
0.0086975,0.0056458,4.9341
0.0093079,0.004425,4.9353
0.009613,0.0022888,4.9377
0.0088501,0.00091553,4.9365
0.0091553,0.0016785,4.9316
0.0079346,0.0024414,4.9304
0.0071716,0.002594,4.9329
0.0057983,0.0045776,4.9304
0.0039673,0.0062561,4.9268
0.0018311,0.0071716,4.9207
-0.0012207,0.007782,4.9219
-0.0027466,0.007782,4.9194
-0.0035095,0.0056458,4.9194
-0.0032043,0.0019836,4.9146
-0.00045776,-0.00091553,4.9219
0.0022888,-0.0030518,4.9109
0.0064087,-0.0056458,4.9182
0.010986,-0.0071716,4.9243
0.013885,-0.0073242,4.9121
0.016022,-0.0091553,4.9194
0.01709,-0.0099182,4.9109
0.0177,-0.010529,4.8962
0.017853,-0.010681,4.9097
0.018158,-0.010223,4.9146
0.019989,-0.0088501,4.9097
0.022278,-0.0097656,4.9097
0.018768,-0.0086975,4.906
0.019073,-0.007019,4.9109
0.020294,-0.0054932,4.9109
0.022278,-0.0041199,4.9146
0.023651,-0.0035095,4.9109
0.025787,-0.0038147,4.917
0.027313,-0.0035095,4.9158
0.028534,-0.0036621,4.9243
0.027161,-0.0038147,4.9207
0.026093,-0.0048828,4.9255
0.023956,-0.0053406,4.9243
0.02121,-0.0068665,4.9292
0.020142,-0.0091553,4.9329
0.019379,-0.009613,4.9268
0.020294,-0.011597,4.9182
0.020599,-0.013275,4.9304
0.02182,-0.010681,4.9329
0.024261,-0.011139,4.9268
0.02594,-0.012054,4.9341
0.026703,-0.013428,4.9292
0.026855,-0.014191,4.9329
0.027771,-0.012512,4.9316
0.029449,-0.0093079,4.939
0.031128,-0.0062561,4.9329
0.034332,-0.0059509,4.939
0.037079,-0.0057983,4.9329
0.038605,-0.007019,4.9353
0.040894,-0.0085449,4.9438
0.042419,-0.0061035,4.9304
0.043182,-0.0027466,4.9304
0.043182,0.00045776,4.9255
0.041199,0.00076294,4.9133
0.038452,-0.0019836,4.9194
0.032043,-0.0065613,4.9182
0.032959,-0.011597,4.9194
0.031281,-0.016022,4.9158
0.030975,-0.014954,4.9182
0.031586,-0.013123,4.9133
0.031586,-0.0099182,4.9146
0.031738,-0.0073242,4.9158
0.032196,-0.007019,4.9072
0.032349,-0.007782,0.03418
0.030518,-0.0079346,0.042725
0.029449,-0.0068665,0.040283
0.025024,0.0010681,0.040283
0.028687,-0.00091553,0.041504
0.026855,0.0018311,0.040283
0.027466,0.002594,0.037842
0.028687,0.0038147,0.040283
0.029144,0.0024414,0.039063
0.028229,0.0019836,0.046387
0.028229,0.0015259,0.036621
0.02655,0.002594,0.042725
0.024719,0.0036621,0.045166
0.023651,0.0035095,0.047607
0.021973,0.0021362,0.047607
0.021973,0.00061035,0.053711
0.018616,-0.0012207,0.05127
0.018158,-0.00030518,0.056152
0.018005,0.00045776,0.056152
0.017395,0.0016785,0.063477
0.017395,0.00045776,0.05249
0.016479,-0.0024414,0.065918
0.02121,-0.0047302,0.073242
0.023651,-0.0062561,0.061035
0.024872,-0.0048828,0.065918
0.02594,-0.00045776,0.062256
0.026703,0.0028992,0.046387
0.027771,-0.00015259,0.061035
0.028839,0.0053406,0.064697
0.029297,0.00061035,0.064697
0.030823,-0.0010681,0.067139
0.027313,-0.00076294,0.063477
0.029449,0.00076294,0.065918
0.029755,0.0027466,0.063477
0.029602,0.0041199,0.064697
0.029602,0.0028992,0.054932
0.028534,0.0019836,0.058594
0.027466,-0.00076294,0.054932
0.025482,0.00061035,0.054932
0.025177,0.00061035,0.058594
0.024567,0.00061035,0.048828
0.026245,0.0018311,0.050049
0.026855,0.0047302,0.046387
0.025482,0.0027466,0.050049
0.025482,0.0012207,0.046387
0.023499,-0.00045776,0.028076
0.02182,-0.0027466,0.041504
0.02121,-0.004425,0.039063
0.02182,-0.0045776,0.039063
0.021973,-0.0028992,0.042725
0.022736,-0.0013733,0.036621
0.024414,-0.0016785,0.041504
0.025482,-0.0010681,0.0354
0.027466,-0.0019836,0.043945
0.028076,-0.0028992,0.0354
0.028687,-0.0019836,0.041504
0.029602,-0.00091553,0.040283
0.028992,0.00061035,0.041504
0.028992,0.0039673,0.054932
0.028687,0.0036621,0.045166
0.028076,0.0016785,0.054932
0.028687,0.0021362,0.045166
0.028687,0.0010681,0.037842
0.028992,0.0010681,0.05249
0.027466,0.0018311,0.054932
0.027466,0.0012207,0.054932
0.027008,0.0032043,0.059814
0.02655,0.0033569,0.056152
0.027924,0.0018311,0.057373
0.027771,0.0022888,0.061035
0.029602,0.0030518,0.061035
0.030365,0.0035095,0.059814
0.030212,0.0035095,0.062256
0.03067,0.0012207,0.065918
0.027771,-0.0022888,0.065918
0.024109,-0.0047302,0.058594
0.020599,-0.0056458,0.063477
0.017853,-0.005188,3.1409
0.014801,-0.002594,4.8267
0.012207,0.0013733,4.9377
0.011292,0.0042725,4.9341
0.010834,0.0045776,4.9268
0.011444,0.0024414,4.9304
0.013275,0.0012207,4.928
0.016022,-0.0010681,4.9255
0.017548,-0.00030518,4.9231
0.018158,0.00076294,4.9207
0.018158,0.0018311,4.9231
0.015717,0.0035095,4.9194
0.013275,0.00076294,4.9219
0.010681,-0.00030518,4.9133
0.0088501,-0.0018311,4.9194
0.0074768,-0.0016785,4.9182
0.0079346,-0.00061035,4.917
0.010223,0.0010681,4.9207
0.01236,0.0015259,4.9133
0.014801,0.00015259,4.906
0.016785,-0.002594,4.9109
0.018463,-0.0032043,4.8926
0.020905,-0.0036621,4.9084
0.021667,-0.0013733,4.9084
0.02121,0.0015259,4.9121
0.020599,0.0028992,4.9084
0.016632,0.0047302,4.9048
0.014343,0.0047302,4.9109
0.013428,0.0042725,4.9084
0.014038,0.0053406,4.9182
0.016632,0.0061035,4.9109
0.018463,0.007019,4.917
0.019531,0.007019,4.9146
0.021057,0.0062561,4.9207
0.021362,0.0056458,4.9231
0.021515,0.0050354,4.9243
0.02182,0.0057983,4.928
0.021362,0.0064087,4.928
0.020447,0.0074768,4.9414
0.018158,0.0071716,4.928
0.016327,0.0050354,4.9194
0.012817,0.0035095,4.9316
0.010071,0.0018311,4.9292
0.0082397,0.0012207,4.9292
0.0083923,0.0010681,4.9304
0.010681,-0.00030518,4.9316
0.01358,-0.0021362,4.9329
0.016479,-0.0042725,4.9341
0.018158,-0.0036621,4.9353
0.018921,-0.00091553,4.9353
0.019379,0.0033569,4.9402
0.019379,0.007782,4.9329
0.018463,0.0085449,4.9365
0.017395,0.0076294,4.9402
0.015869,0.0047302,4.9329
0.014496,0.0016785,4.9292
0.012665,-0.00030518,4.9304
0.010681,0,4.9231
0.011597,-0.00015259,4.9219
0.013733,0.00015259,4.9194
0.016785,0.0012207,4.9207
0.019836,0.0022888,4.9231
0.020752,0.0038147,4.9194
0.024109,0.0041199,4.9121
0.023193,0.0038147,4.9133
0.021973,0.0022888,4.9158
0.021973,0.0045776,4.9109
0.021667,0.0035095,4.9133
0.022278,0.0036621,4.9133
0.021515,0.0041199,4.9121
0.019531,0.00015259,4.9109
0.01709,-0.0027466,4.9121
0.018005,-0.007019,4.9194
0.016632,-0.0086975,4.9097
0.018158,-0.0097656,0.05127
0.02121,-0.0094604,0.040283
0.022278,-0.0074768,0.024414
0.022125,-0.0074768,0.040283
0.019684,-0.0079346,0.043945
0.015717,-0.0093079,0.042725
0.016632,-0.010834,0.047607
0.017242,-0.0097656,0.046387
0.018768,-0.0062561,0.05127
0.018921,-0.0010681,0.05249
0.022278,0.0024414,0.05249
0.021057,0.0047302,0.054932
0.024414,0.0035095,0.059814
0.028229,0.0016785,0.061035
0.032043,0.0013733,0.061035
0.037079,0.0013733,0.074463
0.041351,0.00076294,0.063477
0.042114,-0.0018311,0.058594
0.041199,-0.0019836,0.059814
0.037842,-0.004425,0.057373
0.036011,-0.0057983,0.057373
0.036621,-0.0042725,0.059814
0.037231,-0.0013733,0.063477
0.037689,0.0019836,0.064697
0.036469,0.0021362,0.064697
0.032806,0.0010681,0.067139
0.029297,-0.0033569,0.062256
0.027313,-0.0083923,0.063477
0.02533,-0.011292,0.059814
0.026703,-0.011444,0.054932
0.02594,-0.0097656,0.054932
0.025024,-0.0062561,0.054932
0.022125,-0.0039673,0.05249
0.018616,-0.0019836,0.05249
0.019226,-0.00030518,0.056152
0.019684,0.002594,0.050049
0.020905,0.0045776,0.059814
0.02182,0.0085449,0.047607
0.022278,0.012054,0.0354
0.021515,0.012054,0.040283
0.021362,0.012665,0.042725
0.02182,0.0045776,0.036621
0.022583,0.00015259,0.042725
0.024261,-0.0022888,0.037842
0.024414,-0.0022888,0.040283
0.025787,-0.00091553,0.037842
0.025787,0.0013733,0.042725
0.023956,0.0012207,0.036621
0.024261,0.00045776,0.040283
0.022888,-0.00061035,0.042725
0.022736,-0.00091553,0.046387
0.023041,0.00045776,0.041504
0.022583,0.0019836,0.043945
0.023193,0.0038147,0.043945
0.021973,0.0036621,0.043945
0.019531,0.0036621,0.047607
0.0177,0.00030518,0.05127
0.016937,-0.0018311,0.045166
0.01709,-0.0036621,0.05127
0.017395,-0.0057983,0.057373
0.019379,-0.0054932,0.05249
0.020294,-0.0030518,0.058594
0.02121,-0.00045776,0.048828
0.02121,0.00076294,0.064697
0.016937,0.0024414,0.058594
0.021973,0.0028992,0.064697
0.023499,0.0016785,0.059814
0.02533,0.00015259,0.064697
0.025482,0.0012207,0.061035
0.024109,0.0038147,0.065918
0.022888,0.0050354,0.076904
0.021057,0.0039673,0.065918
0.020447,0.00061035,0.067139
0.021515,-0.0042725,0.065918
0.020905,-0.0090027,0.046387
0.02121,-0.010529,0.062256
0.02121,-0.0097656,0.059814
0.021057,-0.0074768,4.4958
0.020294,-0.0082397,4.8962
0.019989,-0.0082397,4.917
0.02121,-0.0085449,4.9219
0.023651,-0.0082397,4.9207
0.026398,-0.0057983,4.9182
0.028076,-0.0027466,4.9133
0.028229,0.00030518,4.9182
0.028229,0,4.9097
0.027924,0.0010681,4.9182
0.028534,0.00015259,4.9121
0.029144,0.00030518,4.9158
0.032654,-0.00015259,4.9146
0.032196,0.00076294,4.9109
0.033875,0.0019836,4.9121
0.032806,0.0015259,4.9097
0.032196,0.00045776,4.895
0.032349,-0.00015259,4.9084
0.032959,-0.00030518,4.9109
0.03479,-0.00076294,4.9048
0.03479,-0.00076294,4.9084
0.033417,0.0015259,4.9072
0.031433,0.0013733,4.9097
0.028839,0.0013733,4.9109
0.027618,-0.00030518,4.9146
0.023956,-0.0021362,4.9146
0.027618,-0.0091553,4.9194
0.026703,-0.0056458,4.9268
0.026245,-0.0057983,4.9268
0.024261,-0.0042725,4.9341
0.022583,-0.0015259,4.9268
0.021515,0.0016785,4.9341
0.021515,0.0039673,4.9304
0.022125,0.0061035,4.9268
0.021973,0.0082397,4.9316
0.020447,0.0079346,4.9292
0.017395,0.0065613,4.928
0.013885,0.0061035,4.9304
0.011902,0.0038147,4.9292
0.011597,0.0021362,4.9329
0.012054,0.00076294,4.9329
0.014801,0,4.9353
0.015411,-0.002594,4.9316
0.015259,-0.0042725,4.9414
0.013885,-0.0054932,4.9377
0.011292,-0.0062561,4.9365
0.010223,-0.0061035,4.9341
0.011139,-0.0056458,4.9365
0.010986,-0.004425,4.9353
0.01297,-0.0028992,4.9329
0.012207,-0.002594,4.9341
0.010986,0.00030518,4.9255
0.01236,0.0018311,4.917
0.014038,0.0028992,4.9231
0.017242,0.0035095,4.9182
0.020447,0.0024414,4.9194
0.023499,0.0018311,4.9158
0.023956,0.0013733,4.9133
0.023193,0.0022888,4.9133
0.022125,0.0054932,4.9109
0.019989,0.0067139,4.9109
0.020447,0.010223,4.9109
0.02121,0.011597,4.9146
0.022736,0.012207,4.9109
0.023346,0.012665,4.9146
0.024109,0.013275,4.9207
0.023956,0.013733,4.9109
0.023956,0.012665,4.9121
0.024261,0.0091553,4.9097
0.025482,0.0059509,4.8962
0.026093,0.0042725,4.8999
0.025482,0.0028992,4.9109
0.025177,0.0033569,4.9158
0.022583,0.0050354,0.043945
0.019073,0.0061035,0.045166
0.015259,0.0056458,0.050049
0.01358,0.0054932,0.05249
0.014496,0.0059509,0.056152
0.019073,0.0071716,0.05127
0.019226,0.0091553,0.061035
0.019836,0.010223,0.056152
0.019226,0.012512,0.063477
0.01709,0.012817,0.062256
0.018768,0.010529,0.064697
0.016479,0.0083923,0.064697
0.018158,0.0071716,0.062256
0.0177,0.0062561,0.074463
0.016022,0.0064087,0.061035
0.012207,0.0064087,0.05127
0.0074768,0.0056458,0.065918
0.0036621,0.0042725,0.064697
0.0030518,0.0024414,0.061035
0.0042725,0.0019836,0.068359
0.0073242,0.00045776,0.063477
0.0094604,-0.00015259,0.063477
0.012207,-0.00061035,0.061035
0.014191,-0.00015259,0.064697
0.016479,0,0.053711
0.019073,0.00091553,0.054932
0.02182,0.0032043,0.054932
0.022736,0.005188,0.053711
0.023346,0.0035095,0.057373
0.020294,0.00061035,0.05127
0.016632,-0.0024414,0.046387
0.01297,-0.0042725,0.046387
0.012665,-0.0042725,0.03418
0.015564,-0.002594,0.043945
0.020905,-0.004425,0.037842
0.025024,-0.0021362,0.040283
0.027618,-0.004425,0.037842
0.026703,-0.0064087,0.039063
0.024109,-0.007019,0.040283
0.021667,-0.0067139,0.0354
0.022583,-0.004425,0.042725
0.023346,-0.0033569,0.037842
0.022888,-0.0036621,0.041504
0.02594,-0.005188,0.041504
0.023041,-0.0057983,0.042725
0.023804,-0.0056458,0.040283
0.023499,-0.0030518,0.042725
0.025787,-0.0018311,0.050049
0.028992,-0.00045776,0.043945
0.032043,-0.00045776,0.058594
0.03479,-0.005188,0.046387
0.0354,-0.0054932,0.039063
0.034637,-0.004425,0.05127
0.032959,-0.0027466,0.056152
0.031586,-0.0018311,0.057373
0.032806,-0.0015259,0.061035
0.034332,-0.0033569,0.05249
0.035706,-0.005188,0.064697
0.036469,-0.0056458,0.061035
0.03418,-0.0045776,0.064697
0.032349,-0.0022888,0.058594
0.028381,-0.0013733,0.063477
0.028534,-0.00030518,0.061035
0.028839,-0.0016785,0.063477
0.031281,-0.004425,0.075684
0.029449,-0.0068665,0.064697
0.028381,-0.0033569,0.062256
0.025024,-0.005188,0.067139
0.023651,-0.0024414,0.064697
0.022888,-0.0010681,0.063477
0.025024,-0.00030518,0.062256
0.026703,-0.0018311,0.056152
0.028076,-0.0030518,0.053711
0.028229,-0.0022888,0.05127
0.026855,-0.00076294,0.057373
0.026093,0.0018311,0.047607
0.02594,0.0028992,0.050049
0.026398,0.0036621,0.44189
0.026855,0.0035095,4.6606
0.026703,0.0022888,4.8962
0.027466,0.0013733,4.917
0.022736,-0.0013733,4.9109
0.023346,0.0010681,4.9146
0.022736,0.0018311,4.9231
0.023651,0.0013733,4.9133
0.025024,0.0019836,4.9231
0.025635,0.002594,4.9109
0.025177,0.0015259,4.8962
0.024567,0,4.9158
0.023499,-0.0018311,4.9097
0.023193,-0.0024414,4.9084
0.023193,-0.0022888,4.9084
0.023041,-0.002594,4.9084
0.022583,-0.0039673,4.9121
0.021057,-0.0035095,4.9084
0.018921,-0.0059509,4.9182
0.017853,-0.0054932,4.9097
0.0177,-0.0054932,4.917
0.018768,-0.004425,4.9207
0.020599,-0.0022888,4.9219
0.023499,-0.00015259,4.9255
0.026703,0.0021362,4.9255
0.028839,0.00091553,4.9255
0.031281,0.00030518,4.9243
0.03418,0.0015259,4.9341
0.036316,0.0036621,4.9316
0.037842,0.0061035,4.9268
0.037537,0.0083923,4.9292
0.037689,0.010834,4.9341
0.037231,0.009613,4.9304
0.035553,0.0054932,4.9304
0.032196,0.0018311,4.9304
0.028229,-0.0012207,4.9341
0.024414,-0.0038147,4.9329
0.022125,-0.0045776,4.9341
0.02121,-0.0056458,4.9329
0.021515,-0.0067139,4.9377
0.023041,-0.011292,4.9304
0.022888,-0.014648,4.9341
0.024414,-0.015869,4.9438
0.023956,-0.014343,4.9316
0.023041,-0.011292,4.9268
0.022888,-0.0064087,4.9255
0.023499,-0.0018311,4.9036
0.024567,-0.00045776,4.9207
0.023499,0,4.9207
0.025024,0.00076294,4.9133
0.024261,0.0047302,4.917
0.028534,0.0082397,4.9121
0.032959,0.011444,4.9158
0.037994,0.014496,4.9146
0.042572,0.012054,4.9133
0.046387,0.010071,4.9084
0.04776,0.0082397,4.9158
0.046082,0.0083923,4.9133
0.042267,0.010223,4.9133
0.0383,0.010529,4.9097
0.035553,0.009613,4.9109
0.031281,0.0068665,4.9109
0.028229,0.0024414,4.9097
0.024261,-0.00091553,4.9084
0.023956,-0.002594,4.9109
0.023499,-0.0016785,4.9048
0.023804,-0.00030518,4.9109
0.026703,0.00076294,4.9158
0.029602,0.00076294,4.9133
0.032043,-0.00091553,4.9207
0.032043,-0.00015259,4.9158
0.029449,0.00045776,4.9207
0.024414,0.0030518,4.9243
0.019836,0.0067139,0.061035
0.016937,0.0090027,0.057373
0.014801,0.009613,0.063477
0.013275,0.007782,0.059814
0.012207,0.004425,0.062256
0.01297,0.00015259,0.070801
0.016174,-0.0041199,0.062256
0.013275,-0.0054932,0.067139
0.016327,-0.0042725,0.061035
0.017853,-0.002594,0.054932
0.019226,-0.00061035,0.063477
0.019836,-0.0015259,0.064697
0.019531,-0.0045776,0.065918
0.018768,-0.0065613,0.067139
0.018311,-0.0076294,0.065918
0.017853,-0.0045776,0.064697
0.018921,-0.00076294,0.061035
0.021362,0.0038147,0.059814
0.023499,0.0053406,0.05249
0.025177,0.0041199,0.057373
0.025482,0.0013733,0.057373
0.026093,-0.00091553,0.053711
0.025482,-0.00015259,0.048828
0.026093,0.0021362,0.050049
0.024414,0.0048828,0.053711
0.021973,0.0067139,0.047607
0.019684,0.0048828,0.05127
0.0177,0.0019836,0.047607
0.015869,-0.0012207,0.036621
0.016022,-0.0022888,0.0354
0.01709,-0.00045776,0.042725
0.016022,0.0027466,0.037842
0.016327,0.0062561,0.040283
0.016632,0.0065613,0.037842
0.015717,0.0053406,0.041504
0.016022,0.0022888,0.037842
0.015411,0,0.041504
0.015717,-0.00091553,0.039063
0.016632,-0.00015259,0.041504
0.015564,0.0010681,0.036621
0.016022,0.0035095,0.042725
0.01709,0.0059509,0.057373
0.016785,0.0067139,0.047607
0.018158,0.0062561,0.05249
0.018768,0.0080872,0.050049
0.020294,0.0099182,0.036621
0.020905,0.011444,0.05127
0.022278,0.011444,0.05249
0.02243,0.0091553,0.057373
0.02243,0.0061035,0.056152
0.022736,0.0022888,0.057373
0.021515,0.00030518,0.062256
0.020142,0.00076294,0.062256
0.018005,0.0038147,0.062256
0.016785,0.0071716,0.074463
0.014648,0.007782,0.064697
0.012054,0.0079346,0.061035
0.011139,0.0054932,0.061035
0.010681,0.0039673,0.06958
0.012817,0.0033569,0.065918
0.014801,0.00015259,0.067139
0.018158,0.0048828,0.067139
0.021667,0.0050354,0.081787
0.024109,0.0039673,0.063477
0.02594,0.0015259,0.05127
0.026703,0.00061035,0.061035
0.026703,-0.0030518,0.057373
0.026093,-0.00030518,0.05127
0.025482,0.0027466,0.054932
0.025787,0.0048828,0.05127
0.024414,0.0047302,0.050049
0.025024,0.0027466,0.048828
0.026245,0.00030518,0.046387
0.028229,-0.0013733,0.048828
0.029602,-0.002594,0.046387
0.032043,-0.0021362,0.047607
0.031128,-0.0033569,0.045166
0.031738,-0.0065613,0.045166
0.029755,-0.0074768,4.0881
0.027771,-0.0086975,4.8572
0.026093,-0.010071,4.9023
0.024261,-0.0083923,4.8999
0.023956,-0.0045776,4.9084
0.023956,-0.00076294,4.9084
0.024872,0.0010681,4.9097
0.026398,0.002594,4.9097
0.029755,0.0016785,4.9084
0.032654,-0.00045776,4.9097
0.036011,-0.0019836,4.9084
0.036621,-0.0027466,4.9133
0.037384,-0.0019836,4.9097
0.035248,-0.0016785,4.9194
0.034637,-0.0015259,4.9182
0.032654,-0.0021362,4.9194
0.030518,-0.0036621,4.9194
0.028534,-0.0030518,4.9243
0.026855,-0.0027466,4.9304
0.026093,-0.00030518,4.928
0.024872,0.0013733,4.939
0.024414,0.0027466,4.9341
0.024414,0.0036621,4.9146
0.025482,0.0027466,4.9304
0.025787,0.0021362,4.9292
0.02533,0.0032043,4.9316
0.023956,0.0012207,4.9292
0.024109,0.00045776,4.9292
0.019531,-0.00015259,4.9341
0.017853,-0.00091553,4.9341
0.0177,-0.0013733,4.9353
0.016632,-0.00015259,4.9316
0.018005,0.0021362,4.939
0.018463,0.005188,4.9353
0.019531,0.0059509,4.9353
0.018311,0.0088501,4.9438
0.019836,0.007782,4.9329
0.020905,0.0064087,4.928
0.023346,0.004425,4.9292
0.024261,0.0041199,4.9219
0.026703,0.0047302,4.9207
0.025177,0.0059509,4.917
0.024719,0.0074768,4.917
0.024414,0.0054932,4.9219
0.022583,0.0039673,4.9158
0.019989,0.0016785,4.9182
0.018463,0.00045776,4.9121
0.014191,0.0036621,4.9146
0.0177,0.0010681,4.906
0.018463,0.0018311,4.9146
0.018768,0.00061035,4.9109
0.018768,-0.00045776,4.9133
0.019226,-0.0012207,4.9084
0.018463,-0.0019836,4.9146
0.018768,-0.0019836,4.9194
0.018616,-0.0015259,4.9109
0.018005,-0.0015259,4.9207
0.016022,-0.0027466,4.9084
0.014648,-0.0035095,4.9023
0.013885,-0.0038147,4.9133
0.013885,-0.0030518,4.9133
0.014801,-0.0012207,4.9121
0.019073,0.0010681,4.9194
0.019379,0.0024414,4.9182
0.020599,0.0024414,4.9194
0.020905,0.0022888,4.9231
0.023499,0.0028992,4.9292
0.024872,0.0022888,4.9255
0.026245,0.00076294,4.9292
0.026245,-0.0028992,4.9316
0.024719,-0.0033569,4.9341
0.02243,-0.004425,4.9402
0.018768,-0.0067139,0.062256
0.0177,-0.0091553,0.063477
0.016937,-0.011902,0.062256
0.016937,-0.014038,0.065918
0.01709,-0.014801,0.064697
0.017548,-0.015411,0.062256
0.019379,-0.014954,0.065918
0.022278,-0.013733,0.065918
0.022888,-0.01297,0.065918
0.024567,-0.012817,0.065918
0.026398,-0.011444,0.061035
0.027618,-0.0091553,0.065918
0.029297,-0.0038147,0.056152
0.031128,-0.00045776,0.061035
0.033875,0.0047302,0.054932
0.036011,0.0085449,0.056152
0.037842,0.0099182,0.050049
0.03891,0.0094604,0.048828
0.040741,0.0091553,0.062256
0.041809,0.0080872,0.050049
0.043182,0.007019,0.056152
0.042572,0.007782,0.046387
0.040894,0.0085449,0.039063
0.038147,0.0085449,0.039063
0.035248,0.0088501,0.041504
0.032959,0.0074768,0.0354
0.032959,0.005188,0.036621
0.032501,0.0027466,0.039063
0.031891,0.00030518,0.040283
0.029449,-0.00091553,0.037842
0.027466,-0.0027466,0.041504
0.024567,-0.0045776,0.039063
0.023346,-0.005188,0.041504
0.02243,-0.0062561,0.041504
0.02182,-0.0059509,0.042725
0.020599,-0.005188,0.05127
0.018311,-0.0018311,0.043945
0.015717,0.0012207,0.042725
0.01358,0.0045776,0.048828
0.014343,0.0056458,0.042725
0.015411,0.0061035,0.05249
0.017853,0.0076294,0.047607
0.020447,0.0080872,0.054932
0.020447,0.007782,0.057373
0.020905,0.0074768,0.057373
0.022278,0.004425,0.059814
0.023346,0.0016785,0.059814
0.024719,0.00030518,0.063477
0.02533,0,0.059814
0.025024,0.0027466,0.062256
0.023193,0.0053406,0.05249
0.020599,0.0061035,0.063477
0.020447,0.0076294,0.062256
0.020447,0.0068665,0.067139
0.021057,0.0047302,0.074463
0.021973,0.0024414,0.065918
0.021362,0.0010681,0.072021
0.020905,-0.00015259,0.068359
0.02121,-0.00045776,0.050049
0.022125,0,0.062256
0.021973,0.0010681,0.061035
0.021057,0.0030518,0.053711
0.019379,0.004425,0.057373
0.016937,0.005188,0.050049
0.014648,0.010529,0.050049
0.012207,0.012054,0.047607
0.011292,0.015259,0.05249
0.011749,0.017548,0.045166
0.01297,0.018311,0.047607
0.014038,0.017242,0.05127
0.015869,0.016022,0.045166
0.016632,0.013885,0.041504
0.016022,0.012512,0.041504
0.017548,0.011902,0.043945
0.01709,0.011444,0.040283
0.015411,0.0088501,0.039063
0.013733,0.0059509,0.037842
0.010529,0.0033569,0.031738
0.0080872,0.0019836,3.0505
0.0064087,0.0019836,4.7986
0.0067139,0.0027466,4.8999
0.0076294,0.0028992,4.9146
0.0088501,0.0024414,4.9072
0.0097656,0.0018311,4.9109
0.010071,0.00015259,4.9084
0.010223,0.0015259,4.9146
0.010681,0.0036621,4.9146
0.011139,0.0068665,4.9207
0.010071,0.0094604,4.9194
0.0088501,0.011139,4.9255
0.007782,0.013428,4.9377
0.0079346,0.01297,4.9292
0.007782,0.012054,4.9304
0.0088501,0.010223,4.9341
0.010986,0.010071,4.9219
0.01358,0.0088501,4.9292
0.015717,0.0082397,4.9292
0.017395,0.0065613,4.9329
0.018616,0.004425,4.9304
0.018616,0.0019836,4.9341
0.018005,-0.0032043,4.9365
0.01709,0.0013733,4.9329
0.016479,0.004425,4.9353
0.014648,0.0036621,4.9316
0.017548,0.0033569,4.9402
0.019073,0.0028992,4.9329
0.020905,0.002594,4.9316
0.02243,0.0022888,4.9341
0.021973,0.0015259,4.9341
0.027924,0.0028992,4.9341
0.027771,0.004425,4.9292
0.027924,0.0038147,4.9329
0.027313,0.0024414,4.9219
0.02655,0.00091553,4.9072
0.024261,-0.0010681,4.9182
0.017242,-0.00076294,4.917
0.017242,-0.002594,4.8999
0.016022,0.0010681,4.917
0.013885,0.0024414,4.9121
0.013885,0.0012207,4.9146
0.014191,0.0015259,4.9109
0.014343,-0.00030518,4.9109
0.014954,-0.0019836,4.9097
0.015717,-0.0028992,4.9121
0.017548,-0.0021362,4.9097
0.020447,-0.0015259,4.9158
0.022125,-0.0013733,4.9133
0.024567,-0.00076294,4.9121
0.027008,-0.0012207,4.9121
0.028687,-0.00061035,4.9121
0.032196,-0.00015259,4.8962
0.034485,0.00091553,4.9109
0.040741,0.00045776,4.9072
0.039063,0.0012207,4.9109
0.039978,0.0018311,4.9158
0.039978,0.0035095,4.9158
0.038757,0.0059509,4.9109
0.037079,0.004425,4.917
0.03479,0.0039673,4.9255
0.033112,0.004425,4.9243
0.031586,0.0033569,4.928
0.030365,0.0018311,4.9255
0.031433,-0.0012207,4.9292
0.03006,0.00091553,4.9268
0.029144,0.0016785,4.9304
0.027008,0.0039673,4.9353
0.029144,0.0073242,4.9341
0.028534,0.0097656,4.9426
0.027161,0.011139,4.9329
0.025482,0.0097656,4.9182
0.023956,0.0083923,0.061035
0.022125,0.0067139,0.065918
0.021667,0.0061035,0.067139
0.023041,0.0061035,0.067139
0.025177,0.0061035,0.062256
0.026855,0.0061035,0.065918
0.028839,0.0056458,0.061035
0.033417,0.0074768,0.062256
0.031586,0.0086975,0.054932
0.031128,0.0086975,0.054932
0.029907,0.011292,0.050049
0.028229,0.01236,0.053711
0.02655,0.01358,0.061035
0.024872,0.01358,0.05127
0.023651,0.010681,0.042725
0.023041,0.0064087,0.047607
0.023804,0.0016785,0.028076
0.02121,-0.0035095,0.043945
0.021362,-0.0057983,0.041504
0.02182,-0.0068665,0.040283
0.020752,-0.0061035,0.039063
0.019836,-0.0057983,0.036621
0.019226,-0.0057983,0.039063
0.019073,-0.0093079,0.037842
0.018768,-0.0036621,0.042725
0.019836,-0.0038147,0.036621
0.022278,0,0.042725
0.024872,0.0036621,0.039063
0.029297,0.0042725,0.041504
0.031128,0.007019,0.040283
0.032959,0.0062561,0.041504
0.03418,0.0056458,0.047607
0.036621,0.0050354,0.047607
0.038452,0.0047302,0.059814
0.037537,0.0050354,0.048828
0.034637,0.0050354,0.041504
0.03006,0.0038147,0.056152
0.024567,0.00091553,0.054932
0.020447,-0.00045776,0.056152
0.014496,-0.0030518,0.059814
0.014038,-0.0061035,0.057373
0.013123,-0.0097656,0.061035
0.012054,-0.012207,0.059814
0.013733,-0.018311,0.065918
0.012054,-0.017242,0.058594
0.01358,-0.016632,0.063477
0.01358,-0.017242,0.062256
0.015106,-0.012207,0.064697
0.018158,-0.007782,0.06958
0.020447,-0.0019836,0.062256
0.022125,0.0013733,0.063477
0.023651,0.0038147,0.065918
0.026398,0.0035095,0.070801
0.029144,0.0030518,0.062256
0.030975,0.0035095,0.062256
0.034027,0.0048828,0.058594
0.036926,0.0042725,0.056152
0.037842,0.004425,0.053711
0.0383,0.0013733,0.050049
0.037689,0.00091553,0.048828
0.034485,0.00015259,0.050049
0.029755,-0.00030518,0.045166
0.030212,-0.00061035,0.046387
0.030212,-0.00030518,0.05127
0.028992,-0.0010681,0.047607
0.027313,-0.0018311,0.042725
0.024872,-0.0035095,0.043945
0.022278,-0.0056458,0.056152
0.019989,-0.0071716,0.043945
0.019989,-0.0076294,0.045166
0.019836,-0.0061035,0.040283
0.021362,-0.004425,0.025635
0.019531,-0.0012207,0.0354
0.018311,0.0015259,0.039063
0.016785,0.0039673,0.041504
0.015564,0.0057983,0.037842
0.014954,0.0047302,0.0354
0.015411,0.00076294,0.041504
0.014496,-0.0019836,2.8455
0.014191,-0.005188,4.7864
0.013733,-0.005188,4.906
0.014648,-0.0041199,4.917
0.015869,-0.0021362,4.9182
0.016327,-0.0022888,4.9219
0.018616,-0.0033569,4.928
0.019226,-0.0041199,4.9268
0.019989,-0.0028992,4.9231
0.019531,-0.00015259,4.9304
0.019836,0.0039673,4.9353
0.019684,0.0068665,4.9304
0.019226,0.0071716,4.9219
0.019684,0.0061035,4.9316
0.019073,0.0015259,4.9292
0.019531,-0.0022888,4.928
0.020752,-0.004425,4.9304
0.021057,-0.0057983,4.9329
0.021362,-0.0062561,4.9329
0.020142,-0.0059509,4.9353
0.018768,-0.0064087,4.9377
0.018311,-0.0054932,4.9329
0.018005,-0.0039673,4.9365
0.016479,-0.0012207,4.9341
0.015259,0.0028992,4.9341
0.014191,0.0045776,4.9426
0.01236,0.0048828,4.9304
0.011292,0.002594,4.9268
0.010681,0.00061035,4.9243
0.011444,-0.00015259,4.9097
0.012665,0.0013733,4.9219
0.014191,0.0035095,4.9182
0.015106,0.0016785,4.917
0.016022,0.0038147,4.9194
0.015717,0.0016785,4.917
0.014343,0.0022888,4.9109
0.013428,0.0028992,4.9133
0.013123,0.005188,4.9133
0.013275,0.0074768,4.906
0.01358,0.0088501,4.9121
0.014801,0.007782,4.9121
0.016022,0.0062561,4.917
0.016479,0.0059509,4.9084
0.017242,0.0054932,4.9109
0.018158,0.0071716,4.9133
0.018311,0.0090027,4.9109
0.01709,0.0099182,4.9133
0.012512,0.0094604,4.9109
0.01236,0.0074768,4.9011
0.0097656,0.0012207,4.9146
0.0074768,0.0022888,4.917
0.0062561,0.0010681,4.9121
0.0065613,0.0018311,4.917
0.0067139,0.0032043,4.9158
0.0073242,0.0027466,4.9219
0.0091553,0.0042725,4.9268
0.0091553,0.0030518,4.9231
0.010529,0.00061035,4.9255
0.010986,-0.00045776,4.9316
0.012207,-0.00030518,4.928
0.013123,0.0010681,4.9341
0.013885,0.0033569,4.9414
0.015717,0.0056458,4.9341
0.015717,0.0065613,4.9316
0.017853,0.0065613,4.9316
0.017853,0.0065613,4.9231
0.02121,0.0056458,4.9377
0.023804,0.0073242,4.9304
0.027924,0.0067139,4.9377
0.030365,0.0056458,4.9353
0.030212,0.0038147,4.9329
0.030823,0.0027466,4.9377
0.026855,-0.0012207,0.061035
0.030365,-0.0041199,0.061035
0.029602,-0.0030518,0.056152
0.028076,-0.0024414,0.059814
0.025787,-0.0016785,0.053711
0.024414,0.00061035,0.057373
0.023193,0.00076294,0.05127
0.023956,0.00045776,0.05249
0.02182,-0.00045776,0.054932
0.022278,-0.002594,0.05127
0.022583,-0.0035095,0.056152
0.022583,-0.0042725,0.046387
0.022125,-0.0035095,0.031738
0.02121,-0.002594,0.042725
0.020142,-0.0033569,0.039063
0.022736,-0.002594,0.040283
0.021362,-0.0019836,0.042725
0.021362,-0.0016785,0.036621
0.02243,-0.00030518,0.042725
0.023346,0.0027466,0.037842
0.024261,0.0048828,0.041504
0.027008,0.0048828,0.039063
0.028839,0.0032043,0.041504
0.030365,0.0041199,0.040283
0.031891,0.002594,0.041504
0.032196,0.0019836,0.050049
0.030823,0.0013733,0.040283
0.029144,-0.00015259,0.054932
0.027466,-0.00030518,0.043945
0.026703,-0.0013733,0.041504
0.022583,-0.0012207,0.05249
0.022736,-0.0021362,0.053711
0.02121,0.00061035,0.054932
0.020905,0.0024414,0.057373
0.019379,0.0035095,0.054932
0.020447,0.0032043,0.059814
0.021057,-0.00091553,0.062256
0.021973,-0.00091553,0.061035
0.024261,0.00030518,0.057373
0.025024,0.0013733,0.062256
0.026093,0.0033569,0.064697
0.025635,0.0057983,0.063477
0.022278,0.0083923,0.062256
0.021362,0.0088501,0.057373
0.019379,0.0080872,0.070801
0.020905,0.0071716,0.063477
0.023193,0.007019,0.076904
0.025482,0.0074768,0.063477
0.027771,0.010529,0.056152
0.028076,0.011292,0.063477
0.028687,0.010834,0.059814
0.029297,0.0079346,0.054932
0.028534,0.0028992,0.057373
0.028229,0.0021362,0.047607
0.02655,0,0.05249
0.024414,-0.00076294,0.043945
0.021973,-0.00091553,0.047607
0.018158,-0.0019836,0.047607
0.017548,-0.0041199,0.05127
0.017242,-0.0061035,0.041504
0.019073,-0.0068665,0.040283
0.020294,-0.0048828,0.053711
0.019379,-0.0022888,0.042725
0.018463,-0.0010681,0.040283
0.016785,-0.00045776,0.040283
0.017548,-0.0019836,0.023193
0.019226,-0.0033569,0.037842
0.019379,-0.0059509,0.037842
0.019684,-0.0021362,0.040283
0.020294,-0.00061035,0.036621
0.020142,0.0016785,0.0354
0.020905,0.0018311,0.041504
0.020905,0.0021362,0.039063
0.022278,0.00015259,0.040283
0.023193,0.00030518,0.036621
0.025177,-0.0021362,0.046387
0.026245,-0.004425,0.042725
0.03006,-0.0071716,0.05127
0.026855,-0.010071,4.104
0.025787,-0.010376,4.8682
0.025482,-0.010071,4.917
0.026093,-0.0080872,4.9255
0.02655,-0.007019,4.939
0.027008,-0.0061035,4.928
0.026245,-0.0064087,4.9182
0.024109,-0.0042725,4.9316
0.023041,-0.0019836,4.9292
0.020752,0.0012207,4.928
0.02121,0.0019836,4.9304
0.023499,0.00015259,4.9304
0.027771,-0.0041199,4.9316
0.030975,-0.0050354,4.9304
0.032806,-0.0033569,4.9353
0.032349,0.0012207,4.9304
0.030518,0.0059509,4.9377
0.029144,0.0080872,4.9377
0.027771,0.0061035,4.939
0.027618,0.0030518,4.9402
0.027161,0.00045776,4.9329
0.026398,0.00030518,4.928
0.024872,0.0027466,4.928
0.024414,0.004425,4.9353
0.023499,0.0028992,4.9255
0.02243,-0.0010681,4.9194
0.023804,-0.005188,4.917
0.025024,-0.007782,4.917
0.025482,-0.0074768,4.9182
0.023956,-0.0038147,4.9146
0.020905,-0.0012207,4.9133
0.016479,0.00015259,4.917
0.013733,-0.00030518,4.9084
0.01236,-0.00015259,4.9121
0.01358,-0.00091553,4.9084
0.015411,-0.00015259,4.9146
0.015717,0.0013733,4.906
0.015564,0.0030518,4.9146
0.014038,0.0032043,4.9231
0.012512,0.0016785,4.9097
0.012817,-0.00045776,4.917
0.013275,-0.0027466,4.9133
0.014496,-0.0030518,4.8914
0.015564,-0.0013733,4.9109
0.014496,-0.00030518,4.9146
0.012817,0.0027466,4.9097
0.011902,0.002594,4.917
0.012207,0.0018311,4.9146
0.014191,-0.00015259,4.917
0.01709,-0.0018311,4.9231
0.020142,-0.0030518,4.9243
0.021057,-0.002594,4.9231
0.020752,-0.00030518,4.9304
0.019531,0.0022888,4.9329
0.018005,0.004425,4.9353
0.018311,0.0065613,4.939
0.019226,0.0076294,4.9304
0.019989,0.0090027,4.9329
0.020447,0.0090027,4.9329
0.019989,0.011597,4.9377
0.019379,0.011597,4.9353
0.017395,0.010529,4.9182
0.016632,0.010223,4.9341
0.016785,0.0086975,4.9341
0.018311,0.0079346,4.9329
0.018158,0.0068665,4.9353
0.017242,0.0074768,4.9329
0.013733,0.0076294,4.9329
0.0093079,0.0076294,4.928
0.0071716,0.0073242,4.9329
0.0064087,0.0071716,4.928
0.0085449,0.0054932,0.12451
0.010681,0.0047302,0.05127
0.011597,0.0036621,0.05249
0.012054,0.0038147,0.059814
0.010834,0.0059509,0.05127
0.0097656,0.0076294,0.053711
0.010071,0.0085449,0.043945
0.011749,0.0061035,0.036621
0.012054,0.0062561,0.042725
0.011444,0.004425,0.045166
0.0093079,0.0048828,0.037842
0.0074768,0.0071716,0.039063
0.0045776,0.0091553,0.039063
0.0035095,0.010071,0.040283
0.0047302,0.0080872,0.037842
0.0056458,0.0047302,0.043945
0.0079346,0.002594,0.036621
0.0088501,0.0024414,0.041504
0.010529,0.0056458,0.042725
0.010986,0.0093079,0.041504
0.012054,0.01297,0.041504
0.014496,0.014038,0.041504
0.01709,0.010223,0.047607
0.019073,0.010834,0.046387
0.018463,0.0099182,0.05249
0.015717,0.011292,0.05127
0.013275,0.013885,0.041504
0.010986,0.015106,0.053711
0.011597,0.016174,0.056152
0.015106,0.015106,0.059814
0.023956,0.011902,0.059814
0.023956,0.0094604,0.058594
0.028229,0.0073242,0.064697
0.025024,0.0054932,0.058594
0.022888,0.0036621,0.063477
0.021057,0.0035095,0.062256
0.020752,0.0022888,0.063477
0.020599,0.0018311,0.058594
0.019379,0.00076294,0.064697
0.015869,-0.00061035,0.076904
0.011597,-0.0013733,0.065918
0.0076294,-0.0022888,0.067139
0.0068665,-0.0013733,0.064697
0.0088501,-0.00045776,0.047607
0.013733,-0.00091553,0.064697
0.017853,-0.00076294,0.061035
0.02182,-0.0024414,0.058594
0.024261,-0.0021362,0.056152
0.022125,-0.00015259,0.043945
0.020447,0.0030518,0.053711
0.020294,0.007019,0.048828
0.020752,0.0082397,0.046387
0.022583,0.0074768,0.047607
0.024261,0.0030518,0.050049
0.023651,-0.0012207,0.046387
0.023651,-0.0028992,0.048828
0.023041,-0.0041199,0.047607
0.023651,-0.0038147,0.045166
0.025787,-0.0035095,0.041504
0.029602,-0.0036621,0.041504
0.031891,-0.0036621,0.046387
0.032196,-0.0022888,0.037842
0.030212,-0.0012207,0.030518
0.025482,0.00030518,0.037842
0.02182,0.0030518,0.041504
0.018616,0.0056458,0.037842
0.019073,0.0053406,0.037842
0.018921,0.0038147,0.036621
0.022888,-0.00045776,0.037842
0.023956,-0.0056458,0.036621
0.023651,-0.0047302,0.043945
0.023041,-0.0028992,0.042725
0.023499,0,0.048828
0.024414,0.0027466,0.05249
0.026245,0.0024414,0.05249
0.027924,0.0027466,0.064697
0.026398,0.0016785,0.057373
0.025177,0.00030518,0.063477
0.020599,0.00015259,0.62378
0.018768,0.00030518,4.6777
0.016174,0.00030518,4.9133
0.017395,0.0021362,4.9268
0.019226,0.002594,4.9255
0.019836,0.0019836,4.928
0.019989,-0.0013733,4.928
0.020905,-0.00015259,4.9304
0.021667,-0.00076294,4.9316
0.022278,-0.0013733,4.9353
0.024567,0.0012207,4.9353
0.025024,0.0016785,4.9377
0.027466,0.0015259,4.9304
0.026855,-0.0013733,4.9365
0.025024,-0.0047302,4.9292
0.022125,-0.0059509,4.9329
0.020905,-0.005188,4.939
0.020905,-0.0013733,4.9255
0.022583,0.0027466,4.9353
0.023651,0.0041199,4.9243
0.023804,0.0027466,4.9109
0.023499,-0.00015259,4.9182
0.022278,-0.0041199,4.9133
0.022125,-0.0045776,4.9121
0.023346,-0.002594,4.9182
0.024261,0.00015259,4.9097
0.025482,0.0015259,4.9146
0.025024,0.0035095,4.9133
0.025482,0.0022888,4.9146
0.023499,0.0024414,4.9097
0.022888,0.0042725,4.9146
0.023804,0.0053406,4.9146
0.025482,0.0061035,4.9121
0.023956,0.0059509,4.9146
0.026703,0.0032043,4.9158
0.027466,-0.0013733,4.9084
0.026245,-0.0030518,4.9097
0.025177,-0.0054932,4.895
0.022125,-0.0061035,4.9097
0.020599,-0.0067139,4.9255
0.017853,-0.0065613,4.9133
0.016174,-0.0050354,4.9146
0.016632,-0.0048828,4.9158
0.016937,-0.0065613,4.9207
0.018158,-0.0082397,4.9121
0.017853,-0.0091553,4.9304
0.019989,-0.011292,4.9255
0.020447,-0.0099182,4.9304
0.022125,-0.0076294,4.9255
0.023651,-0.0059509,4.9304
0.024872,-0.0056458,4.9304
0.02533,-0.0054932,4.9329
0.023956,-0.0054932,4.9353
0.022736,-0.0047302,4.9353
0.022278,-0.0012207,4.9426
0.024261,0.0019836,4.9194
0.025024,0.0030518,4.9231
0.027466,0.0032043,4.9329
0.028229,0.0021362,4.9316
0.028229,0.0019836,4.9329
0.029144,0.0027466,4.939
0.030212,0.0045776,4.9365
0.030975,0.0053406,4.9353
0.032196,0.004425,4.9304
0.031586,0.0035095,4.9329
0.030518,0.0027466,4.9207
0.028839,0.0039673,4.9133
0.02533,0.0056458,4.9255
0.023499,0.0074768,4.9255
0.022736,0.0082397,4.9255
0.022278,0.0064087,4.9194
0.02243,0.0036621,4.9182
0.022736,0.0018311,0.047607
0.023499,0.0015259,0.042725
0.022125,0.0024414,0.043945
0.019226,0.0019836,0.042725
0.016022,-0.00030518,0.030518
0.011444,-0.0030518,0.040283
0.010986,-0.0053406,0.041504
0.0083923,-0.0079346,0.042725
0.0059509,-0.0090027,0.036621
0.0041199,-0.0076294,0.042725
0.0016785,-0.0065613,0.0354
0.0018311,-0.0047302,0.040283
0.0039673,-0.0032043,0.039063
0.0085449,-0.0022888,0.042725
0.013733,-0.002594,0.040283
0.017242,-0.0018311,0.041504
0.019531,-0.0018311,0.05249
0.019073,-0.0012207,0.046387
0.018158,0,0.058594
0.017395,0.0015259,0.05127
0.0177,0.0042725,0.036621
0.017242,0.0054932,0.05249
0.016785,0.0053406,0.054932
0.016632,0.0022888,0.058594
0.015411,0.00091553,0.059814
0.015564,0.00045776,0.057373
0.015869,0.0016785,0.061035
0.0177,0.0053406,0.061035
0.019073,0.0071716,0.059814
0.020294,0.0061035,0.059814
0.018311,0.0030518,0.063477
0.017853,-0.0013733,0.059814
0.015869,-0.0019836,0.065918
0.014191,0.00030518,0.074463
0.013275,0.0038147,0.065918
0.011292,0.0083923,0.063477
0.009613,0.0097656,0.068359
0.0088501,0.0080872,0.06958
0.0088501,0.0045776,0.063477
0.0082397,0.0013733,0.059814
0.0074768,0.0016785,0.059814
0.0080872,0.004425,0.058594
0.0065613,0.0079346,0.05249
0.0064087,0.0074768,0.053711
0.0061035,0.0053406,0.046387
0.0053406,0.0019836,0.05249
0.0064087,-0.00045776,0.046387
0.0082397,-0.0013733,0.048828
0.0071716,0.0010681,0.042725
0.0074768,0.0022888,0.050049
0.0091553,0.0033569,0.045166
0.010376,0.0030518,0.045166
0.012665,0.0027466,0.059814
0.014191,0.0047302,0.043945
0.015259,-0.00045776,0.05127
0.015869,0.004425,0.039063
0.017242,0.0041199,0.028076
0.018921,0.0032043,0.039063
0.020447,0.0010681,0.037842
0.022736,0.00030518,0.036621
0.024872,0.00015259,0.041504
0.025177,0.00091553,0.037842
0.024109,0.0012207,0.041504
0.024414,0.0038147,0.039063
0.024109,-0.00061035,0.045166
0.024567,0.0035095,0.041504
0.025177,0.0042725,0.045166
0.025482,0.0033569,0.05249
0.025177,0.0039673,0.05127
0.023804,0.004425,0.054932
0.023651,0.0061035,0.061035
0.023804,0.0073242,0.058594
0.023956,0.0068665,0.058594
0.024261,0.0056458,0.06958
0.024414,0.0038147,0.061035
0.024414,0.0013733,0.053711
0.023651,-0.0010681,0.059814
0.023193,-0.0021362,0.063477
0.02243,-0.0024414,0.13794
0.02243,-0.0033569,4.6509
0.02243,-0.0042725,4.906
0.022278,-0.0056458,4.9316
0.022583,-0.0073242,4.9329
0.021057,-0.0073242,4.9353
0.020294,-0.0073242,4.9402
0.018158,-0.0059509,4.9353
0.0177,-0.0027466,4.9292
0.018768,-0.0032043,4.9341
0.020752,-0.0024414,4.9438
0.022125,-0.0027466,4.9316
0.022583,-0.0028992,4.9231
0.022583,-0.0010681,4.9243
0.024261,-0.0015259,4.9036
0.023651,-0.0012207,4.9158
0.028381,-0.0027466,4.917
0.03006,-0.0032043,4.9158
0.032501,-0.0042725,4.9182
0.032196,-0.0048828,4.9158
0.032501,-0.0056458,4.9158
0.031891,-0.0076294,4.9109
0.031433,-0.0093079,4.9133
0.028992,-0.0088501,4.8975
0.028992,-0.0076294,4.9133
0.028076,-0.0053406,4.9109
0.027924,-0.0036621,4.9109
0.027161,-0.0050354,4.8914
0.027313,-0.0071716,4.9109
0.027924,-0.0083923,4.9121
0.027008,-0.002594,4.9109
0.027771,-0.0036621,4.9158
0.028687,0.00045776,4.9097
0.029144,0.0030518,4.9084
0.029449,0.0030518,4.9109
0.02655,0.0010681,4.9133
0.026245,-0.00076294,4.9109
0.023499,0.0030518,4.9194
0.021515,0.0024414,4.9219
0.021667,0.0045776,4.9243
0.023651,0.0057983,4.9243
0.02594,0.0047302,4.9304
0.026703,0.002594,4.9243
0.027313,-0.00015259,4.9329
0.024719,-0.00030518,4.9304
0.02182,0.00030518,4.9329
0.020294,0,4.9414
0.020447,-0.00061035,4.9341
0.021362,-0.0039673,4.9341
0.020294,-0.0073242,4.9329
0.019989,-0.0079346,4.9316
0.019379,-0.0068665,4.9353
0.019836,-0.0035095,4.9329
0.019531,-0.0038147,4.9341
0.021057,-0.004425,4.9353
0.023041,-0.0039673,4.9353
0.022888,-0.005188,4.9365
0.023041,-0.0073242,4.9268
0.022125,0,4.9316
0.021515,0,4.928
0.019073,-0.0010681,4.928
0.017242,-0.0039673,4.9231
0.016479,-0.0093079,4.9243
0.014496,-0.012054,4.9207
0.015259,-0.013123,4.9243
0.01297,-0.011444,4.9231
0.014343,-0.009613,4.9182
0.014343,-0.0086975,4.9255
0.01297,-0.0088501,4.9146
0.01297,-0.0099182,4.9109
0.013733,-0.011139,4.9097
0.015869,-0.010834,4.9146
0.018311,-0.0085449,4.9109
0.020905,-0.0099182,0.039063
0.023651,-0.009613,0.0354
0.024414,-0.0073242,0.045166
0.02533,-0.0047302,0.037842
0.027313,-0.0013733,0.041504
0.028839,0.0012207,0.036621
0.031586,0.002594,0.041504
0.031433,0.0033569,0.042725
0.031433,0.0030518,0.042725
0.027924,0.0027466,0.057373
0.03006,-0.00030518,0.043945
0.030518,-0.0027466,0.047607
0.030365,-0.0061035,0.05127
0.029602,-0.0093079,0.041504
0.024261,-0.010223,0.047607
0.022583,-0.010376,0.056152
0.018921,-0.007782,0.058594
0.015106,-0.007019,0.057373
0.013733,-0.0062561,0.057373
0.01297,-0.0080872,0.061035
0.013885,-0.012054,0.059814
0.015869,-0.015869,0.064697
0.016479,-0.017242,0.058594
0.018768,-0.016785,0.063477
0.018921,-0.014648,0.058594
0.019989,-0.011902,0.063477
0.018921,-0.007782,0.065918
0.017242,-0.0035095,0.064697
0.018463,0.00030518,0.072021
0.018616,0.0035095,0.06958
0.017395,0.0047302,0.078125
0.015869,0.0035095,0.063477
0.015564,0.0035095,0.05249
0.016632,0.0021362,0.059814
0.018311,0.0010681,0.054932
0.020294,0.00061035,0.048828
0.02243,0.0010681,0.05249
0.022736,0.00030518,0.050049
0.02243,-0.0012207,0.05127
0.020447,-0.0013733,0.046387
0.019836,-0.0022888,0.048828
0.020142,-0.0013733,0.043945
0.021362,-0.00015259,0.046387
0.02182,-0.00045776,0.047607
0.020752,0.0041199,0.045166
0.018463,0.0047302,0.040283
0.014801,0.0057983,0.042725
0.0093079,0.0061035,0.040283
0.0039673,0.007782,0.040283
0.00061035,0.0091553,0.031738
-0.002594,0.0090027,0.036621
-0.0028992,0.0068665,0.036621
-0.0019836,0.00091553,0.037842
0.00045776,-0.0068665,0.040283
0.0036621,-0.012817,0.037842
0.0071716,-0.017395,0.041504
0.0088501,-0.017395,0.03418
0.009613,-0.014801,0.040283
0.0091553,-0.0080872,0.043945
0.0088501,0,0.047607
0.007019,0.0086975,0.047607
0.0050354,0.017548,0.056152
0.0039673,0.022736,0.05127
0.0027466,0.025177,0.056152
0.007019,0.024109,0.064697
0.012054,0.019073,0.058594
0.019531,0.015106,0.068359
0.026855,0.011292,0.062256
0.030823,0.0086975,0.042725
0.033417,0.0057983,0.061035
0.033112,0.0057983,0.059814
0.028534,0.0061035,0.062256
0.021973,0.0071716,0.061035
0.013428,0.0079346,0.053711
0.0057983,0.0079346,0.063477
-0.0010681,0.0090027,0.062256
-0.0038147,0.007782,0.064697
-0.002594,0.0059509,1.3025
0.0010681,0.0039673,4.7205
0.0050354,0.0012207,4.9158
0.0076294,-0.0016785,4.9304
0.01297,0.00030518,4.9377
0.014954,0.0024414,4.9292
0.012512,0.0065613,4.9292
0.0080872,0.010529,4.9292
0.0030518,0.012817,4.9255
-0.0024414,0.011902,4.9194
-0.0067139,0.0097656,4.9182
-0.0086975,0.0082397,4.917
-0.007782,0.004425,4.9146
-0.0088501,0.0018311,4.9121
0.00015259,0.00015259,4.9158
0.0073242,-0.0015259,4.9121
0.014191,-0.00076294,4.9109
0.018158,0.002594,4.9109
0.020294,0.0068665,4.9121
0.020447,0.01236,4.9097
0.018921,0.017242,4.9146
0.017395,0.018463,4.8999
0.016479,0.016632,4.8999
0.017548,0.014343,4.9182
0.019531,0.013733,4.9121
0.022583,0.013428,4.9194
0.025635,0.010376,4.9084
0.028229,0.010834,4.9011
0.031891,0.0071716,4.9121
0.031586,0.0030518,4.9109
0.031586,-0.00076294,4.9121
0.029907,-0.0018311,4.9158
0.026398,0.00061035,4.917
0.023193,-0.002594,4.9182
0.019226,-0.0027466,4.9231
0.016785,-0.002594,4.9268
0.014496,-0.0045776,4.9231
0.012512,-0.004425,4.9292
0.012512,-0.0027466,4.9316
0.012665,-0.0010681,4.9329
0.011902,0.0010681,4.9353
0.011444,0.0038147,4.9304
0.012512,0.0035095,4.9329
0.013733,0.0030518,4.9316
0.015564,0.0013733,4.9414
0.019379,0,4.9341
0.02243,0.00076294,4.9268
0.02533,-0.00076294,4.9292
0.027618,0.00045776,4.9329
0.030365,0.0033569,4.9353
0.032654,0.007019,4.9365
0.035706,0.0097656,4.9329
0.035095,0.010071,4.9316
0.034637,0.007019,4.9292
0.034332,0.0047302,4.9182
0.033417,0.00091553,4.9243
0.033417,-0.00045776,4.9231
0.033112,-0.00015259,4.9194
0.033875,-0.00061035,4.9231
0.033875,-0.00015259,4.9341
0.033417,-0.0028992,4.9194
0.033264,-0.0059509,4.9182
0.032349,-0.0028992,4.9158
0.030365,-0.0067139,4.895
0.029602,-0.004425,4.9036
0.029297,-0.0027466,4.9084
0.029755,0.00015259,4.9133
0.03006,-0.00030518,4.9072
0.030518,0,4.906
0.031433,-0.0010681,4.9097
0.031128,-0.0019836,4.9072
0.031586,-0.0024414,4.9097
0.032196,-0.0035095,4.9084
0.030823,-0.0047302,4.9146
0.030365,-0.0057983,0.041504
0.027771,-0.0076294,0.042725
0.023956,-0.0082397,0.042725
0.027313,-0.0076294,0.043945
0.020752,-0.005188,0.045166
0.020142,-0.0012207,0.047607
0.020142,0.002594,0.061035
0.02182,0.0053406,0.05249
0.022125,0.0061035,0.047607
0.025482,0.004425,0.054932
0.028229,0.0013733,0.056152
0.029449,-0.00015259,0.057373
0.031128,0.0021362,0.058594
0.031281,0.0033569,0.059814
0.032196,0.0068665,0.062256
0.032654,0.0045776,0.059814
0.032349,0.0010681,0.063477
0.029602,-0.002594,0.056152
0.027771,-0.0038147,0.063477
0.026398,-0.0021362,0.063477
0.026093,0.0019836,0.067139
0.025177,0.0050354,0.076904
0.025177,0.0056458,0.064697
0.026093,0.0012207,0.068359
0.026398,-0.0039673,0.063477
0.024872,-0.012054,0.054932
0.024109,-0.01709,0.061035
0.02182,-0.016022,0.058594
0.019226,-0.013885,0.053711
0.015869,-0.0097656,0.054932
0.013123,-0.0064087,0.05249
0.011902,-0.0064087,0.05127
0.010681,-0.0054932,0.046387
0.010681,-0.0088501,0.050049
0.01297,-0.0061035,0.040283
0.014648,-0.0016785,0.048828
0.017853,0.0028992,0.047607
0.020142,0.0059509,0.047607
0.023041,0.0071716,0.041504
0.025177,0.0062561,0.045166
0.024414,0.0050354,0.048828
0.025177,0.0028992,0.039063
0.024414,0.0022888,0.046387
0.023804,0.00061035,0.040283
0.023804,0.00045776,0.028076
0.022583,-0.0022888,0.036621
0.022736,-0.0057983,0.040283
0.023804,-0.0086975,0.042725
0.025024,-0.011292,0.036621
0.02655,-0.012665,0.03418
0.02655,-0.01358,0.042725
0.024872,-0.014038,0.042725
0.024109,-0.014496,0.046387
0.024261,-0.013123,0.045166
0.023041,-0.011902,0.05127
0.024414,-0.0099182,0.050049
0.024261,-0.0093079,0.056152
0.024567,-0.0085449,0.06958
0.025482,-0.0090027,0.056152
0.024872,-0.0090027,0.061035
0.026093,-0.0059509,0.062256
0.025787,-0.0015259,0.053711
0.025482,0.0024414,0.059814
0.025177,0.0050354,0.063477
0.025482,0.0071716,0.061035
0.025787,0.0079346,0.061035
0.026703,0.0071716,0.057373
0.028839,0.0062561,0.059814
0.029907,0.0041199,0.063477
0.032196,-0.00076294,0.062256
0.035706,-0.0024414,0.063477
0.037842,-0.0056458,0.067139
0.03891,-0.0071716,0.062256
0.037842,-0.0065613,0.065918
0.034637,-0.0047302,0.067139
0.034485,-0.0030518,0.062256
0.029602,-0.00015259,0.064697
0.025024,-0.0013733,4.4958
0.020905,0.00091553,4.9084
0.017395,0.0033569,4.9182
0.015106,0.0050354,4.9097
0.013733,0.0067139,4.9182
0.014191,0.0076294,4.9194
0.014801,0.0074768,4.917
0.01709,0.007019,4.9133
0.018921,0.0074768,4.9109
0.020294,0.007019,4.9146
0.019073,0.0071716,4.9097
0.015717,0.0059509,4.9109
0.011139,0.0039673,4.9084
0.0079346,0.0012207,4.9121
0.004425,-0.0030518,4.9109
0.0035095,-0.0045776,4.9146
0.0035095,-0.0056458,4.9121
0.005188,-0.0047302,4.9109
0.0090027,-0.0036621,4.9109
0.010834,-0.0033569,4.9072
0.013733,-0.0024414,4.9036
0.015259,-0.0047302,4.9133
0.015869,-0.0071716,4.917
0.016785,-0.0080872,4.9109
0.018158,-0.0057983,4.9146
0.020142,-0.00076294,4.9182
0.021057,0.005188,4.9207
0.022125,0.0097656,4.9207
0.02182,0.010529,4.928
0.021515,0.010986,4.9255
0.02243,0.0099182,4.9292
0.024414,0.010834,4.9292
0.027466,0.014343,4.9329
0.029449,0.01709,4.9268
0.030518,0.019684,4.9353
0.030365,0.019989,4.9402
0.028687,0.017242,4.9329
0.027313,0.012054,4.939
0.025635,0.0059509,4.9341
0.022736,0.00076294,4.9133
0.019073,-0.0035095,4.9341
0.013885,-0.0056458,4.9353
0.0088501,-0.0076294,4.9365
0.0045776,-0.0094604,4.9304
0.0016785,-0.012207,4.9329
0.0021362,-0.01297,4.9353
0.0021362,-0.012207,4.9292
0.0039673,-0.010071,4.9219
0.0047302,-0.0083923,4.9304
0.0061035,-0.0047302,4.9243
0.0071716,-0.0013733,4.9231
0.0076294,0.0012207,4.9243
0.0091553,0.002594,4.9268
0.010376,0.0042725,4.9243
0.011749,0.0054932,4.9158
0.013885,0.0062561,4.9121
0.015717,0.0088501,4.9072
0.017853,0.0093079,4.9146
0.019531,0.010681,4.9109
0.022583,0.010986,4.9133
0.026703,0.011139,4.9146
0.032043,0.012207,4.9084
0.036469,0.011749,4.9109
0.039673,0.011139,4.9097
0.041962,0.012054,4.9097
0.04303,0.0065613,4.9048
0.041809,0.0019836,4.9158
0.041504,-0.0036621,4.9048
0.039215,-0.0099182,4.9121
0.039368,-0.014801,4.9109
0.038757,-0.019226,4.9133
0.038452,-0.021362,4.9207
0.037842,-0.021362,4.9207
0.037842,-0.019836,0.062256
0.037994,-0.021667,0.05249
0.036621,-0.019531,0.040283
0.035858,-0.016632,0.056152
0.035553,-0.01297,0.054932
0.033417,-0.0091553,0.058594
0.033112,-0.005188,0.059814
0.027161,-0.0036621,0.059814
0.024567,-0.0042725,0.061035
0.022583,-0.0018311,0.059814
0.022125,-0.00076294,0.064697
0.022888,0.0010681,0.064697
0.023346,0.0036621,0.064697
0.024872,0.0062561,0.062256
0.024719,0.0071716,0.067139
0.023956,0.0045776,0.072021
0.026703,0.00030518,0.068359
0.031891,-0.0032043,0.065918
0.035858,-0.0047302,0.056152
0.039978,-0.0065613,0.073242
0.042877,-0.0068665,0.062256
0.045166,-0.007782,0.059814
0.046844,-0.0099182,0.054932
0.047455,-0.011902,0.053711
0.046844,-0.013733,0.042725
0.046234,-0.012817,0.05249
0.045624,-0.0099182,0.048828
0.043793,-0.011139,0.050049
0.040588,-0.0083923,0.042725
0.036469,-0.012207,0.050049
0.034027,-0.014191,0.046387
0.031281,-0.013733,0.047607
0.032501,-0.011749,0.041504
0.033112,-0.0083923,0.042725
0.031586,-0.0048828,0.056152
0.029449,-0.0021362,0.036621
0.02594,0.00030518,0.048828
0.024261,0.0013733,0.040283
0.022736,0.0039673,0.028076
0.021362,0.0027466,0.037842
0.021362,0.0035095,0.037842
0.019836,0.0041199,0.037842
0.016174,0.0033569,0.036621
0.015717,0.0016785,0.03418
0.016022,-0.00045776,0.042725
0.018616,-0.0010681,0.039063
0.021057,0,0.043945
0.02533,0.0021362,0.042725
0.027313,0.0028992,0.05127
0.027466,0.0050354,0.053711
0.026398,0.0061035,0.054932
0.024261,0.0067139,0.067139
0.02182,0.0071716,0.059814
0.021973,0.0079346,0.059814
0.019836,0.0032043,0.058594
0.018158,0.0018311,0.062256
0.015869,0.00030518,0.059814
0.013428,-0.0015259,0.063477
0.012054,-0.0013733,0.061035
0.0080872,-0.0022888,0.061035
0.0053406,-0.0041199,0.058594
0.0047302,-0.0048828,0.061035
0.002594,-0.0054932,0.062256
0.0038147,-0.0039673,0.064697
0.0048828,-0.0027466,0.062256
0.0062561,-0.002594,0.068359
0.0071716,-0.0019836,0.061035
0.0080872,-0.0045776,0.070801
0.0093079,-0.0064087,0.063477
0.010376,-0.0076294,0.062256
0.011902,-0.009613,0.06958
0.012665,-0.010681,0.058594
0.010834,-0.010529,0.058594
0.011902,-0.0083923,0.05127
0.010834,-0.010986,0.040283
0.010529,-0.011902,0.05127
0.011902,-0.010834,0.046387
0.012054,-0.010223,3.158
0.01297,-0.0093079,4.8071
0.01358,-0.0074768,4.9036
0.012512,-0.0061035,4.8999
0.011292,-0.0047302,4.9097
0.011749,-0.0053406,4.9146
0.01236,-0.0047302,4.906
0.01358,-0.0056458,4.9146
0.013428,-0.0053406,4.9109
0.013428,-0.0032043,4.9011
0.012665,-0.0019836,4.9072
0.01297,-0.0010681,4.9084
0.014801,-0.0010681,4.9109
0.016785,-0.0015259,4.9097
0.020752,-0.002594,4.9158
0.023956,-0.0018311,4.9121
0.02594,0.00076294,4.9036
0.02594,0.0013733,4.9109
0.025482,0.0015259,4.9146
0.025024,-0.0010681,4.9146
0.023956,-0.0048828,4.9158
0.024109,-0.0093079,4.9194
0.023651,-0.013123,4.9231
0.02121,-0.012054,4.9231
0.017853,-0.010376,4.9121
0.013428,-0.0067139,4.9255
0.011292,-0.0047302,4.9329
0.011444,-0.0036621,4.9292
0.012512,-0.0033569,4.9341
0.011902,-0.0024414,4.9426
0.01709,0.00015259,4.917
0.015717,0.002594,4.9329
0.015869,0.0071716,4.9353
0.014191,0.0091553,4.9268
0.015411,0.0065613,4.9304
0.016479,0.0033569,4.9353
0.018311,-0.00015259,4.9353
0.018005,-0.002594,4.9341
0.016632,-0.0042725,4.9329
0.012665,-0.0033569,4.9365
0.0099182,-0.0018311,4.9329
0.0080872,0.0010681,4.9292
0.0093079,0.0028992,4.9219
0.01297,0.0057983,4.9292
0.016479,0.0080872,4.9231
0.019073,0.010071,4.9231
0.02121,0.011444,4.906
0.022125,0.010376,4.9243
0.021515,0.0090027,4.9255
0.022736,0.0057983,4.9194
0.023651,0.0027466,4.9292
0.024872,0.00076294,4.9097
0.023804,-0.0013733,4.9133
0.021362,-0.0027466,4.9109
0.0177,-0.0033569,4.9121
0.01297,-0.0036621,4.906
0.011139,-0.0022888,4.9109
0.010071,0.0010681,4.9109
0.011292,0.0039673,4.9084
0.011749,0.0074768,4.906
0.011139,0.0082397,4.9109
0.0097656,0.0083923,4.9097
0.0097656,0.0076294,4.9182
0.010071,0.010834,4.9084
0.013275,0.015717,4.9133
0.017548,0.019836,4.9207
0.020294,0.02182,4.917
0.023499,0.022583,4.9255
0.023041,0.024567,4.9207
0.021667,0.023346,4.917
0.021057,0.024567,4.9255
0.020294,0.026245,4.9243
0.022583,0.025635,4.9268
0.023956,0.027466,0.062256
0.027313,0.020142,0.058594
0.027008,0.01709,0.064697
0.026093,0.014038,0.058594
0.024567,0.013733,0.063477
0.025024,0.014038,0.059814
0.02533,0.01358,0.062256
0.027161,0.012054,0.064697
0.028076,0.012207,0.064697
0.027924,0.010223,0.062256
0.027313,0.0093079,0.065918
0.023651,0.010986,0.06958
0.020599,0.012665,0.067139
0.020142,0.014648,0.075684
0.020294,0.015259,0.068359
0.021362,0.014038,0.057373
0.020599,0.012665,0.058594
0.018921,0.012512,0.059814
0.015411,0.010376,0.053711
0.013428,0.010223,0.05127
0.010376,0.0094604,0.048828
0.010223,0.0086975,0.047607
0.010834,0.0094604,0.042725
0.011444,0.010681,0.05127
0.012512,0.012054,0.045166
0.013885,0.012817,0.048828
0.015106,0.012817,0.040283
0.017395,0.012665,0.042725
0.019836,0.011902,0.05127
0.024872,0.010529,0.040283
0.028381,0.0082397,0.040283
0.03067,0.0039673,0.040283
0.031586,0,0.018311
0.028534,-0.0048828,0.036621
0.025482,-0.0085449,0.040283
0.024109,-0.011139,0.037842
0.025024,-0.012817,0.039063
0.027161,-0.013123,0.036621
0.028076,-0.013733,0.041504
0.028839,-0.015717,0.037842
0.027924,-0.013885,0.043945
0.027618,-0.01358,0.040283
0.027466,-0.011597,0.043945
0.028992,-0.0099182,0.042725
0.03067,-0.0079346,0.053711
0.031433,-0.0074768,0.053711
0.031433,-0.0083923,0.056152
0.030212,-0.0088501,0.059814
0.029602,-0.0086975,0.059814
0.028381,-0.0062561,0.073242
0.029907,-0.0032043,0.061035
0.033112,-0.00015259,0.05127
0.032959,0.00045776,0.063477
0.035858,-0.0018311,0.059814
0.0354,-0.0067139,0.057373
0.03418,-0.0067139,0.061035
0.032959,-0.0076294,0.059814
0.033112,-0.0080872,0.064697
0.035095,-0.007782,0.065918
0.037384,-0.010529,0.065918
0.037079,-0.011444,0.064697
0.037231,-0.014496,0.06958
0.036469,-0.016632,0.062256
0.033722,-0.016937,0.062256
0.032959,-0.017242,0.059814
0.032196,-0.016327,0.054932
0.033112,-0.016785,0.053711
0.032654,-0.018616,0.05127
0.030975,-0.018463,0.05127
0.03006,-0.017548,0.050049
0.028534,-0.016022,0.046387
0.02655,-0.014648,0.042725
0.025482,-0.013885,0.046387
0.024719,-0.012207,0.042725
0.023041,-0.011597,0.045166
0.023956,-0.009613,0.042725
0.023651,-0.010376,0.040283
0.023804,-0.0074768,0.037842
0.024261,-0.0054932,4.4604
0.026855,-0.0045776,4.8804
0.030365,-0.0033569,4.9097
0.034943,0.00061035,4.9072
0.037231,-0.0022888,4.9097
0.040131,-0.0018311,4.9207
0.039978,-0.0016785,4.9109
0.038757,-0.0027466,4.917
0.036621,-0.0035095,4.9109
0.035095,-0.0045776,4.8975
0.033569,-0.0059509,4.9121
0.031433,-0.0067139,4.9133
0.029755,-0.0086975,4.917
0.030212,-0.0088501,4.9158
0.026703,-0.0076294,4.9158
0.025635,-0.0068665,4.9255
0.024109,-0.0048828,4.9243
0.024719,-0.0030518,4.9292
0.022736,-0.0015259,4.9268
0.02594,-0.0012207,4.9329
0.026093,-0.0024414,4.9316
0.024567,-0.00030518,4.9329
0.023804,0.0018311,4.9377
0.022736,0.0032043,4.9304
0.022888,0.0054932,4.9304
0.024872,0.007019,4.9341
0.026093,0.0068665,4.9426
0.03067,0.0053406,4.9316
0.033722,0.0045776,4.9414
0.03479,0.0039673,4.9304
0.0354,0.004425,4.9353
0.036011,0.0048828,4.9316
0.036316,0.0061035,4.9329
0.035858,0.0047302,4.9329
0.034332,0.00045776,4.9304
0.031738,-0.0021362,4.9255
0.028687,-0.0056458,4.928
0.02243,-0.005188,4.9243
0.018311,-0.0033569,4.9231
0.016479,-0.0012207,4.9231
0.018311,0,4.9182
0.017395,0.00030518,4.928
0.015259,-0.00030518,4.9182
0.016632,-0.00091553,4.9219
0.016937,0.00061035,4.8914
0.017395,0.0038147,4.9023
0.01709,0.0094604,4.9121
0.018005,0.014954,4.9109
0.019073,0.020447,4.9109
0.018463,0.02243,4.9109
0.018005,0.021057,4.9133
0.02121,0.019836,4.9109
0.019989,0.019073,4.906
0.02121,0.018463,4.9109
0.023041,0.017242,4.9084
0.026245,0.014954,4.9011
0.028381,0.012512,4.9121
0.029449,0.0073242,4.9146
0.029297,0.0038147,4.9109
0.028839,0.0018311,4.9182
0.024872,0.0035095,4.9158
0.022583,0.0073242,4.9158
0.020294,0.010834,4.9316
0.019226,0.013885,4.9268
0.018005,0.015411,4.9133
0.016937,0.015106,4.9292
0.017548,0.015411,4.9292
0.016022,0.014801,4.9292
0.016785,0.014954,4.9292
0.016937,0.014801,4.9255
0.016174,0.014191,4.9353
0.015259,0.012512,4.9304
0.012207,0.009613,0.057373
0.0093079,0.0061035,0.061035
0.0053406,0.0050354,0.064697
0.0041199,0.0048828,0.059814
0.004425,0.0068665,0.06958
0.0057983,0.009613,0.079346
0.0079346,0.010529,0.068359
0.0088501,0.010834,0.067139
0.0094604,0.0086975,0.068359
0.011749,0.0048828,0.043945
0.013123,0.0022888,0.058594
0.014954,-0.00076294,0.056152
0.01709,-0.0022888,0.057373
0.017242,-0.0038147,0.054932
0.018005,-0.0050354,0.047607
0.0177,-0.0059509,0.05249
0.017242,-0.0048828,0.046387
0.018463,-0.0036621,0.047607
0.019836,0.00045776,0.042725
0.022736,0.0030518,0.047607
0.025177,0.0047302,0.043945
0.027008,0.0039673,0.042725
0.028381,0.002594,0.043945
0.029144,0.00030518,0.041504
0.027466,-0.00045776,0.042725
0.025177,-0.00061035,0.039063
0.024261,-0.00076294,0.039063
0.021362,-0.0016785,0.037842
0.018616,-0.0038147,0.028076
0.015259,-0.0067139,0.037842
0.012512,-0.0097656,0.039063
0.0097656,-0.010223,0.037842
0.0071716,-0.0064087,0.040283
0.007782,-0.002594,0.039063
0.0094604,0.0012207,0.039063
0.011749,0.0012207,0.042725
0.014038,-0.0033569,0.050049
0.015869,-0.007019,0.047607
0.017853,-0.010071,0.053711
0.020294,-0.0082397,0.05249
0.02121,-0.0039673,0.057373
0.023956,-0.00091553,0.06958
0.020752,-0.00015259,0.061035
0.024872,0.00045776,0.067139
0.024414,-0.0019836,0.061035
0.023346,-0.0032043,0.054932
0.02243,-0.0028992,0.062256
0.02121,-0.0018311,0.061035
0.022278,0.00091553,0.059814
0.023651,0.0030518,0.062256
0.025787,0.00015259,0.062256
0.027924,-0.0018311,0.062256
0.028687,-0.0035095,0.061035
0.028839,-0.005188,0.063477
0.028381,-0.0022888,0.062256
0.027618,-0.0015259,0.067139
0.027924,-0.00091553,0.067139
0.025635,-0.00091553,0.064697
0.024872,-0.0027466,0.056152
0.022125,-0.0056458,0.059814
0.024109,-0.007782,0.058594
0.025482,-0.0090027,0.05249
0.027161,-0.0085449,0.061035
0.029144,-0.0086975,0.0354
0.03067,-0.0085449,0.05127
0.030365,-0.0061035,0.043945
0.030212,-0.0047302,0.046387
0.029297,-0.0041199,0.046387
0.028992,-0.0019836,0.046387
0.025482,-0.00061035,0.040283
0.029297,0.00091553,0.043945
0.029449,0.0074768,0.037842
0.029755,0.0041199,0.041504
0.029449,0.0041199,0.037842
0.030823,0.00076294,0.043945
0.030518,-0.0039673,0.041504
0.031281,-0.012817,0.039063
0.031433,-0.011139,0.048828
0.03006,-0.01297,4.0125
0.028534,-0.014191,4.8511
0.025482,-0.013885,4.906
0.023499,-0.015106,4.895
0.022125,-0.014648,4.9109
0.023041,-0.013428,4.9158
0.023804,-0.0097656,4.9109
0.026093,-0.0062561,4.917
0.031586,-0.00076294,4.9158
0.030975,0.00015259,4.9219
0.032349,-0.00076294,4.9194
0.034637,-0.002594,4.9268
0.037537,-0.0059509,4.9255
0.037537,-0.0068665,4.9329
0.037689,-0.005188,4.9292
0.034943,-0.0028992,4.9329
0.032501,-0.0028992,4.9304
0.029602,-0.0050354,4.9341
0.028687,-0.0068665,4.9329
0.028381,-0.0080872,4.9341
0.028534,-0.007019,4.9402
0.03006,-0.0041199,4.9316
0.030823,-0.0018311,4.9207
0.030365,0.00045776,4.9341
0.028534,-0.00061035,4.9341
0.027313,-0.0024414,4.9353
0.026245,-0.0033569,4.9365
0.026398,-0.0039673,4.9341
0.02655,-0.0027466,4.9292
0.025482,0.00061035,4.928
0.02533,0.0028992,4.9292
0.023193,0.0047302,4.9219
0.023041,0.0045776,4.9207
0.023346,0.0033569,4.9231
0.024261,0.0019836,4.9243
0.028076,-0.0010681,4.9231
0.027924,-0.00061035,4.9182
0.028839,0.00030518,4.9182
0.028076,0.00030518,4.9146
0.026703,0.0010681,4.9048
0.025024,0.0018311,4.9133
0.023956,0.0019836,4.9097
0.022736,0.0022888,4.9109
0.020599,0.00045776,4.9109
0.018768,-0.0013733,4.9097
0.017242,-0.0032043,4.9084
0.016785,-0.0054932,4.9084
0.016632,-0.0079346,4.9072
0.016632,-0.0064087,4.9097
0.01709,-0.0062561,4.9048
0.019226,-0.005188,4.9109
0.019684,-0.0048828,4.9158
0.020294,-0.0035095,4.9072
0.019836,-0.0033569,4.9133
0.020447,-0.0019836,4.9243
0.020294,-0.00015259,4.917
0.020599,0.0027466,4.9292
0.023041,0.007019,4.9255
0.023804,0.0054932,4.906
0.025482,0.0057983,4.9268
0.022736,0.005188,4.9304
0.024109,0.0053406,4.9304
0.024261,0.0064087,4.9292
0.024872,0.0062561,4.9255
0.025635,0.0054932,4.9353
0.026398,0.0047302,4.9304
0.026093,0.0030518,4.9341
0.024719,0.0016785,4.928
0.023346,-0.00061035,4.9304
0.02243,-0.0022888,4.9329
0.020905,-0.0027466,4.9329
0.019836,-0.002594,4.9402
0.02243,-0.0016785,0.067139
0.018158,-0.0016785,0.064697
0.017548,0.00030518,0.065918
0.015869,-0.0022888,0.06958
0.016022,-0.0032043,0.059814
0.016632,-0.0038147,0.061035
0.017548,-0.0038147,0.057373
0.019073,-0.0022888,0.053711
0.020294,-0.00030518,0.05127
0.02121,0.0013733,0.053711
0.020752,0.0022888,0.043945
0.023499,0.0035095,0.048828
0.025635,0.0047302,0.047607
0.028381,0.0061035,0.047607
0.031891,0.0073242,0.046387
0.033569,0.0074768,0.045166
0.034485,0.0068665,0.043945
0.035858,0.0056458,0.041504
0.035248,0.0039673,0.053711
0.035248,0.0016785,0.040283
0.036621,-0.00030518,0.05127
0.035858,-0.00030518,0.037842
0.034943,0.0013733,0.03418
0.032196,0.0038147,0.040283
0.030365,0.0056458,0.040283
0.028534,0.007019,0.037842
0.027618,0.0062561,0.040283
0.026093,0.0050354,0.039063
0.024567,0.0024414,0.042725
0.022278,0.002594,0.041504
0.021362,0.0028992,0.050049
0.019836,0.004425,0.045166
0.019531,0.0036621,0.05249
0.019226,0.0030518,0.056152
0.019379,0.00076294,0.056152
0.018616,0,0.062256
0.018158,0.00015259,0.061035
0.016785,0.0019836,0.059814
0.016022,0.0054932,0.058594
0.016479,0.0083923,0.062256
0.016937,0.010681,0.062256
0.018616,0.011292,0.054932
0.019073,0.010681,0.056152
0.018311,0.010071,0.063477
0.019531,0.0065613,0.059814
0.020599,0.0039673,0.064697
0.02121,0.0016785,0.061035
0.023346,-0.0010681,0.068359
0.024414,-0.0028992,0.065918
0.024109,-0.0036621,0.064697
0.022278,-0.004425,0.067139
0.019684,-0.0047302,0.067139
0.018158,-0.0027466,0.058594
0.017242,-0.0019836,0.059814
0.018311,0.0016785,0.070801
0.017395,0.0053406,0.054932
0.016785,0.0083923,0.056152
0.015411,0.0091553,0.05249
0.014038,0.0085449,0.030518
0.014343,0.0054932,0.046387
0.014191,0.0047302,0.045166
0.014038,0.0042725,0.046387
0.014343,0.0053406,0.043945
0.01297,0.0067139,0.042725
0.011597,0.0080872,0.045166
0.0094604,0.0094604,0.041504
0.0079346,0.0094604,0.043945
0.0073242,0.0097656,0.037842
0.0074768,0.0093079,0.045166
0.0074768,0.0082397,0.039063
0.0083923,0.0064087,0.040283
0.0088501,0.004425,0.041504
0.010834,0.0022888,0.041504
0.0093079,0.0018311,0.039063
0.010681,0.0028992,0.039063
0.011292,0.0045776,0.040283
0.010223,0.0047302,0.037842
0.0091553,0.0042725,0.043945
0.0071716,0.0035095,3.335
0.005188,0.0013733,4.8193
0.0036621,-0.00045776,4.9072
0.0019836,-0.00076294,4.9182
0.0038147,-0.0015259,4.9207
0,-0.0010681,4.9243
0.00091553,0,4.9243
0.0018311,0.00091553,4.9304
0.00061035,0.0024414,4.9292
0.0012207,0.0041199,4.9316
0.0012207,0.0068665,4.9292
0.002594,0.010834,4.9329
0.0038147,0.014343,4.9402
0.0042725,0.015717,4.9316
0.0064087,0.014038,4.9377
0.0074768,0.010834,4.9316
0.0094604,0.0067139,4.9243
0.013428,0.0032043,4.9341
0.016022,0.00045776,4.9353
0.019379,-0.0021362,4.9341
0.019379,-0.0053406,4.9341
0.019684,-0.0054932,4.9329
0.019684,-0.0062561,4.9329
0.019836,-0.0054932,4.928
0.020294,-0.002594,4.9329
0.019073,-0.0013733,4.9243
0.019226,-0.00045776,4.9243
0.019379,0.0016785,4.9268
0.018768,0.0042725,4.9207
0.019836,0.0028992,4.9207
0.018768,0.0038147,4.9207
0.021362,0.0041199,4.9292
0.022278,0.0035095,4.9158
0.020599,0.0047302,4.9243
0.018158,0.0042725,4.9158
0.015564,0.0019836,4.9097
0.012512,0.00015259,4.9109
0.012054,0.00030518,4.9084
0.010986,-0.0021362,4.9097
0.010223,0,4.9109
0.011292,0.0012207,4.906
0.011902,0.0035095,4.9097
0.013733,0.0047302,4.906
0.017242,0.004425,4.9109
0.02182,0.0036621,4.9109
0.02594,0.0022888,4.9133
0.028687,0.0019836,4.9146
0.029144,-0.00045776,4.917
0.029755,-0.0019836,4.9219
0.026703,-0.0035095,4.917
0.03006,-0.0042725,4.9207
0.03067,-0.0030518,4.9231
0.032043,0.00061035,4.9133
0.033722,0.0027466,4.9231
0.033264,0.004425,4.9182
0.033569,0.0047302,4.9304
0.033875,0.005188,4.928
0.035095,0.0048828,4.928
0.036316,0.0016785,4.9329
0.037689,0.0042725,4.9353
0.038147,0.002594,4.9292
0.039063,0.0028992,4.9292
0.03479,0,4.9316
0.034637,0.00061035,4.9304
0.03418,0.0010681,4.9109
0.033569,0.0032043,4.9329
0.030365,0.0064087,4.939
0.032806,0.009613,4.9426
0.031586,0.011902,4.9377
0.031433,0.012665,4.9451
0.032654,0.013885,4.928
0.03479,0.015259,4.9207
0.036011,0.015411,0.057373
0.036621,0.012817,0.054932
0.036163,0.019531,0.050049
0.036469,0.016174,0.053711
0.037994,0.015717,0.047607
0.035553,0.015259,0.050049
0.036469,0.015411,0.043945
0.035095,0.015106,0.048828
0.034637,0.013733,0.042725
0.034332,0.011444,0.041504
0.033569,0.0093079,0.046387
0.034943,0.0042725,0.043945
0.034943,0.005188,0.046387
0.033875,0.0042725,0.042725
0.032043,0.0032043,0.041504
0.029907,0.00091553,0.040283
0.028992,0,0.030518
0.028076,-0.0045776,0.039063
0.027924,-0.0056458,0.039063
0.026855,-0.0050354,0.03418
0.02594,-0.0035095,0.037842
0.025482,-0.00061035,0.040283
0.025635,0.0021362,0.041504
0.026703,0.0042725,0.040283
0.028687,0.0048828,0.045166
0.029907,0.0068665,0.046387
0.031281,0.0085449,0.047607
0.032196,0.010681,0.053711
0.032501,0.011292,0.056152
0.033417,0.010376,0.053711
0.03418,0.0076294,0.058594
0.034332,0.0035095,0.062256
0.033875,0.0018311,0.061035
0.033569,-0.00061035,0.070801
0.031281,-0.0018311,0.063477
0.028687,-0.0016785,0.045166
0.025635,-0.00045776,0.059814
0.023041,0.00045776,0.065918
0.021362,0.00076294,0.061035
0.019531,-0.00076294,0.061035
0.018005,-0.0012207,0.061035
0.016327,-0.0036621,0.063477
0.01358,-0.0057983,0.063477
0.012665,-0.0076294,0.065918
0.012665,-0.0093079,0.065918
0.01297,-0.0093079,0.065918
0.012512,-0.0074768,0.059814
0.01236,-0.0047302,0.064697
0.012665,-0.0015259,0.070801
0.01358,0.00061035,0.053711
0.016632,0.0013733,0.05249
0.020294,0.00091553,0.053711
0.024567,0.0015259,0.041504
0.026855,0.0010681,0.042725
0.029297,0.00076294,0.050049
0.03006,-0.00045776,0.042725
0.03067,-0.0024414,0.043945
0.032043,-0.002594,0.042725
0.032806,-0.0022888,0.043945
0.033264,-0.0013733,0.040283
0.031586,-0.00015259,0.041504
0.028687,0.0027466,0.036621
0.025635,0.0028992,0.041504
0.02243,0.00030518,0.039063
0.02243,-0.00061035,0.041504
0.024109,-0.0032043,0.040283
0.025024,-0.0041199,0.042725
0.025482,-0.0047302,0.048828
0.022736,-0.0048828,0.045166
0.020447,-0.004425,0.053711
0.018158,-0.0056458,0.036621
0.017242,-0.0056458,0.03418
0.017242,-0.0053406,0.040283
0.0177,-0.0056458,0.043945
0.018616,-0.0053406,0.046387
0.017395,-0.0057983,0.050049
0.016632,-0.0076294,0.047607
0.016479,-0.0083923,0.054932
0.016632,-0.007782,4.0039
0.016937,-0.0064087,4.8718
0.0177,-0.0042725,4.9194
0.018311,-0.0021362,4.928
0.018158,-0.0018311,4.9316
0.016327,-0.0033569,4.9304
0.016632,-0.0033569,4.9329
0.016937,-0.0027466,4.9304
0.018921,-0.0013733,4.9304
0.020599,0.00015259,4.9329
0.02121,-0.00045776,4.9438
0.021973,-0.0028992,4.9341
0.023346,-0.0062561,4.939
0.023956,-0.0088501,4.9329
0.025024,-0.010529,4.9353
0.025024,-0.010834,4.9329
0.024872,-0.010681,4.9194
0.02243,-0.0099182,4.9292
0.023041,-0.0088501,4.9316
0.022278,-0.0054932,4.9255
0.02182,0,4.9231
0.020142,0.0016785,4.9243
0.018768,0.0018311,4.9255
0.016937,0.0010681,4.9194
0.014648,-0.0038147,4.9207
0.014648,-0.0074768,4.9292
0.015564,-0.0033569,4.9207
0.017395,-0.00061035,4.9109
0.018005,0.0047302,4.9182
0.018005,0.009613,4.895
0.016632,0.0064087,4.9097
0.016022,0.0036621,4.9097
0.016174,0.0012207,4.9133
0.015411,-0.0015259,4.9097
0.016479,0.002594,4.906
0.018768,0.0073242,4.9121
0.019073,0.0068665,4.9097
0.019989,0.007782,4.9084
0.02121,0.0050354,4.906
0.024567,0.0013733,4.9146
0.026245,0.00045776,4.9109
0.027313,0.00076294,4.9146
0.026245,0.0015259,4.9084
0.025787,0.00045776,4.9158
0.020599,0.0019836,4.9133
0.018463,0.0024414,4.9207
0.017548,0.0045776,4.9292
0.016327,0.0057983,4.9255
0.015106,0.0057983,4.9255
0.014801,0.0067139,4.928
0.014191,0.0080872,4.9292
0.014038,0.0059509,4.9255
0.011749,0.0032043,4.9292
0.012054,0.0013733,4.9304
0.012054,-0.00076294,4.9353
0.01236,-0.0012207,4.9292
0.01297,-0.00076294,4.9353
0.014648,-0.0021362,4.9304
0.012665,-0.002594,4.9341
0.010834,-0.0022888,4.9243
0.009613,-0.0050354,4.9353
0.010986,-0.0048828,4.9451
0.011597,-0.0022888,4.9377
0.014191,0.0018311,4.9353
0.016785,0.0062561,4.9353
0.019226,0.0054932,4.9243
0.018768,0.0041199,4.9329
0.018616,0.0013733,4.9255
0.019531,0.0012207,4.9243
0.021057,0.0010681,4.9121
0.022125,0.0022888,4.9219
0.021973,0.0024414,0.046387
0.021057,0.0012207,0.045166
0.019379,-0.0010681,0.05127
0.018921,-0.0041199,0.042725
0.017548,-0.0054932,0.047607
0.018768,-0.0053406,0.048828
0.017242,-0.0033569,0.046387
0.016022,-0.00076294,0.041504
0.013733,0.00091553,0.041504
0.014496,0.00076294,0.039063
0.014343,-0.00091553,0.039063
0.015717,-0.0022888,0.046387
0.0177,-0.004425,0.041504
0.018921,-0.0053406,0.039063
0.019836,-0.0053406,0.036621
0.018463,-0.0045776,0.036621
0.018311,-0.00030518,0.040283
0.017395,-0.002594,0.041504
0.019531,-0.0041199,0.036621
0.020142,-0.0053406,0.043945
0.018311,-0.0045776,0.045166
0.019379,-0.0021362,0.048828
0.018616,0.00061035,0.048828
0.019684,0.0015259,0.05127
0.019684,0.0012207,0.05127
0.020294,-0.00045776,0.058594
0.02243,-0.0016785,0.073242
0.024567,-0.0018311,0.061035
0.02594,-0.00076294,0.062256
0.027161,0.0018311,0.062256
0.027466,0.0036621,0.047607
0.026703,0.0042725,0.057373
0.025024,0.0016785,0.063477
0.024261,-0.00045776,0.059814
0.026245,-0.0028992,0.062256
0.025024,-0.0027466,0.059814
0.025482,-0.0018311,0.064697
0.022583,0.0016785,0.065918
0.02121,0.00061035,0.065918
0.018768,0.0018311,0.064697
0.014648,0.00045776,0.067139
0.019073,-0.0022888,0.064697
0.020752,-0.0019836,0.061035
0.021057,0.0013733,0.063477
0.022583,0.0064087,0.061035
0.021362,0.010834,0.064697
0.019226,0.012665,0.054932
0.020294,0.011139,0.065918
0.021667,0.0076294,0.048828
0.024567,0.0056458,0.048828
0.024872,0.0062561,0.043945
0.025635,0.0082397,0.045166
0.024567,0.010834,0.037842
0.022736,0.010681,0.045166
0.022736,0.0053406,0.040283
0.02182,0.0028992,0.041504
0.023804,-0.00091553,0.042725
0.025482,-0.0028992,0.040283
0.026855,-0.0027466,0.036621
0.027466,-0.0015259,0.041504
0.02594,0.00045776,0.042725
0.025482,0.0022888,0.047607
0.024414,0.0033569,0.045166
0.023804,0.0019836,0.039063
0.026245,-0.00091553,0.043945
0.02655,-0.002594,0.037842
0.027008,-0.0041199,0.032959
0.023956,-0.0018311,0.041504
0.02243,-0.0027466,0.039063
0.021515,-0.0022888,0.042725
0.023499,-0.0019836,0.048828
0.025482,-0.0013733,0.047607
0.027466,-0.00030518,0.05249
0.029297,0.0041199,0.053711
0.029297,0.0036621,0.062256
0.026245,0.0050354,0.057373
0.024567,0.0047302,0.061035
0.022888,0.0016785,0.062256
0.019836,-0.0030518,0.063477
0.024261,-0.012054,4.552
0.025482,-0.010529,4.906
0.02594,-0.0097656,4.9304
0.023193,-0.0071716,4.9329
0.020905,-0.0036621,4.9377
0.019836,-0.0010681,4.9255
0.019073,0.0016785,4.9133
0.021515,0.002594,4.9329
0.024109,0.0032043,4.9304
0.027771,0.0048828,4.9341
0.028839,0.0041199,4.9341
0.028229,0.0057983,4.9292
0.028534,0.0041199,4.9304
0.029602,0.0033569,4.9268
0.03067,0.0022888,4.928
0.032806,0.0033569,4.917
0.033569,0.0050354,4.9231
0.032501,0.0083923,4.9219
0.029144,0.010834,4.9207
0.026855,0.010986,4.9255
0.024872,0.0097656,4.9133
0.023804,0.0053406,4.9158
0.023651,0.0012207,4.917
0.021515,-0.00091553,4.9036
0.016937,-0.0016785,4.9109
0.015411,0.00030518,4.9109
0.012512,0.0024414,4.9097
0.010529,0.0048828,4.9109
0.009613,0.0056458,4.9097
0.010376,0.0053406,4.9084
0.012512,0.0036621,4.9072
0.013275,0.0015259,4.9109
0.014191,0.0045776,4.9072
0.011902,0.0059509,4.9158
0.010986,0.0068665,4.9109
0.011597,0.007019,4.9121
0.013428,0.0050354,4.9109
0.016174,0.0036621,4.9158
0.016785,0.0022888,4.9268
0.015869,0.002594,4.9182
0.013123,0.0036621,4.9304
0.0085449,0.0053406,4.9243
0.0067139,0.0047302,4.9158
0.0068665,0.004425,4.928
0.0093079,0.0039673,4.9292
0.011597,0.0039673,4.928
0.011139,0.0048828,4.9316
0.0094604,0.0064087,4.9292
0.0083923,0.0065613,4.9329
0.0080872,0.0059509,4.9304
0.010681,0.0048828,4.9341
0.014496,0.0032043,4.928
0.021057,0.0019836,4.9255
0.018921,0.0010681,4.9365
0.017548,-0.00076294,4.9353
0.015411,0.0021362,4.9402
0.012207,0.0016785,4.939
0.012054,0.0028992,4.9353
0.013428,0.0042725,4.9316
0.014954,0.0042725,4.9414
0.014801,0.0030518,4.9329
0.014038,0.00045776,4.9353
0.012512,-0.0021362,4.9219
0.0097656,-0.0019836,4.9243
0.0083923,-0.00076294,4.9231
0.0090027,0.0030518,4.9231
0.010376,0.010681,4.9158
0.011139,0.0097656,4.9207
0.010681,0.010834,4.9182
0.011444,0.011597,4.917
0.010681,0.010834,4.9133
0.010681,0.011444,0.046387
0.012054,0.011749,0.041504
0.014343,0.010529,0.043945
0.017548,0.0071716,0.056152
0.018768,0.0035095,0.039063
0.018005,0.00061035,0.046387
0.014801,-0.00030518,0.040283
0.011292,0.00061035,0.024414
0.0086975,0.0015259,0.0354
0.007782,0.0022888,0.040283
0.0076294,0.00045776,0.0354
0.0079346,0.0018311,0.040283
0.0076294,0.0015259,0.036621
0.0074768,0.0019836,0.046387
0.0064087,0.0048828,0.043945
0.007019,0.0085449,0.048828
0.0090027,0.011749,0.046387
0.014038,0.01236,0.042725
0.015411,0.011597,0.05249
0.019226,0.0085449,0.056152
0.014648,0.005188,0.065918
0.015106,0.0047302,0.062256
0.013275,0.0045776,0.059814
0.012817,0.0056458,0.062256
0.013428,0.0064087,0.068359
0.015717,0.0082397,0.062256
0.016937,0.0062561,0.050049
0.0177,0.0059509,0.061035
0.018158,0.0065613,0.062256
0.0177,0.0083923,0.056152
0.019531,0.0090027,0.064697
0.02243,0.0083923,0.063477
0.025024,0.0047302,0.065918
0.027618,0.0010681,0.063477
0.027313,-0.0041199,0.067139
0.02243,-0.0079346,0.061035
0.019989,-0.0091553,0.065918
0.015564,-0.0090027,0.062256
0.013275,-0.0097656,0.061035
0.012665,-0.011292,0.065918
0.014496,-0.012207,0.054932
0.013275,-0.012665,0.05249
0.01236,-0.0076294,0.050049
0.010986,-0.0057983,0.036621
0.010376,-0.00015259,0.047607
0.011139,0.0041199,0.047607
0.013275,0.0065613,0.045166
0.017242,0.0015259,0.043945
0.019379,0.00076294,0.042725
0.021667,-0.0041199,0.041504
0.021973,-0.007019,0.040283
0.018005,-0.0074768,0.037842
0.016479,-0.0053406,0.03418
0.017853,-0.0032043,0.041504
0.02121,-0.0033569,0.039063
0.023651,-0.0047302,0.041504
0.027313,-0.0074768,0.039063
0.029144,-0.0093079,0.041504
0.024719,-0.0065613,0.041504
0.02243,-0.0028992,0.037842
0.020905,0.0016785,0.045166
0.022888,0.0056458,0.040283
0.024414,0.0067139,0.03418
0.026398,0.0068665,0.043945
0.027313,0.0021362,0.048828
0.026093,0.0041199,0.048828
0.023346,0.0035095,0.048828
0.020905,0.0033569,0.05249
0.021057,0.0028992,0.057373
0.021973,-0.0022888,0.057373
0.023041,-0.0012207,0.061035
0.023193,-0.0039673,0.057373
0.02182,-0.004425,0.063477
0.018463,-0.0061035,0.061035
0.015259,-0.0048828,0.063477
0.015106,-0.0039673,0.075684
0.01709,-0.0019836,0.063477
0.020599,0.0010681,0.062256
0.023346,0.00091553,3.822
0.024261,0.00061035,4.8523
0.026398,0.00030518,4.9255
0.02655,-0.002594,4.9329
0.024719,-0.0041199,4.9329
0.025635,-0.005188,4.9353
0.025787,-0.0053406,4.928
0.026245,-0.0050354,4.9329
0.02655,-0.0047302,4.928
0.025024,-0.0056458,4.928
0.023651,-0.0027466,4.9207
0.02243,-0.0021362,4.9255
0.023193,-0.0015259,4.9194
0.025635,-0.00061035,4.9243
0.027924,-0.0015259,4.9207
0.029907,-0.0050354,4.9194
0.031433,-0.0064087,4.9207
0.029907,-0.0076294,4.9182
0.028229,-0.0082397,4.9255
0.026093,-0.007782,4.9109
0.025482,-0.0064087,4.9109
0.02533,-0.005188,4.9133
0.024414,-0.005188,4.9097
0.024719,-0.0039673,4.906
0.024567,-0.004425,4.9109
0.024414,-0.0032043,4.9109
0.024719,-0.0019836,4.9097
0.026703,0.00091553,4.9036
0.031281,0.0042725,4.9121
0.032501,0.0057983,4.9072
0.037079,0.0057983,4.9133
0.038452,0.0048828,4.9133
0.0383,0.004425,4.9158
0.037537,0.0038147,4.9255
0.037231,0.0041199,4.9194
0.036316,0.0062561,4.9207
0.035858,0.0065613,4.9255
0.03418,0.0038147,4.9194
0.032806,-0.00045776,4.9243
0.031128,-0.0056458,4.9329
0.027924,-0.0082397,4.928
0.027008,-0.0076294,4.9304
0.027008,-0.0048828,4.9292
0.02655,-0.0028992,4.9329
0.026398,-0.0021362,4.9268
0.023956,-0.004425,4.9353
0.020294,-0.0076294,4.928
0.018921,-0.0093079,4.9341
0.018768,-0.0073242,4.9329
0.021057,-0.0035095,4.9353
0.023499,0.00076294,4.9329
0.023346,0.0033569,4.939
0.024261,0.0018311,4.9426
0.024109,0.00015259,4.9377
0.025787,0.0010681,4.9451
0.02594,0.0053406,4.9353
0.028839,0.011139,4.9158
0.032043,0.014496,4.9255
0.032654,0.016022,4.9243
0.032654,0.013885,4.9219
0.033417,0.010071,4.9219
0.033722,0.0061035,4.9158
0.033722,0.0050354,4.9207
0.033569,0.0074768,4.9194
0.032654,0.0099182,4.9097
0.03067,0.012054,4.9158
0.028687,0.013275,4.9182
0.027161,0.013733,4.9146
0.025635,0.013428,4.9133
0.024261,0.013275,4.9194
0.022736,0.013123,4.9146
0.022125,0.011597,4.9109
0.021057,0.0093079,0.037842
0.020752,0.0064087,0.026855
0.019836,0.002594,0.041504
0.017853,-0.0015259,0.039063
0.014496,-0.0053406,0.0354
0.010986,-0.0083923,0.037842
0.0074768,-0.0086975,0.042725
0.0042725,-0.0067139,0.041504
0.002594,-0.0047302,0.042725
0.0027466,-0.0030518,0.046387
0.0042725,-0.0028992,0.045166
0.0061035,-0.0035095,0.054932
0.009613,-0.0036621,0.05249
0.011597,-0.0042725,0.057373
0.014038,-0.0022888,0.057373
0.018311,0,0.061035
0.019531,0.0022888,0.061035
0.024109,0.002594,0.062256
0.023651,0.0033569,0.078125
0.022736,0.0016785,0.059814
0.022736,0.0015259,0.048828
0.022736,0.0038147,0.061035
0.022888,0.0062561,0.058594
0.023193,0.0083923,0.062256
0.022125,0.0094604,0.053711
0.021057,0.0082397,0.061035
0.021515,0.0088501,0.065918
0.019226,0.0073242,0.064697
0.017548,0.0068665,0.068359
0.014648,0.0065613,0.061035
0.014954,0.0059509,0.068359
0.013123,0.0041199,0.061035
0.010071,0.0028992,0.063477
0.0082397,0.0032043,0.063477
0.0048828,0.0039673,0.056152
0.002594,0.0047302,0.053711
-0.00030518,0.0021362,0.039063
-0.0032043,0.004425,0.046387
-0.0032043,0.0035095,0.047607
-0.004425,0.0022888,0.047607
-0.0039673,0.0024414,0.042725
-0.0021362,0.0036621,0.046387
-0.00061035,0.00045776,0.040283
0.002594,0.0021362,0.042725
0.0047302,0.00030518,0.039063
0.0082397,0,0.042725
0.0091553,-0.0032043,0.036621
0.010834,-0.0038147,0.039063
0.012512,-0.0019836,0.041504
0.013733,-0.0013733,0.042725
0.014496,0.0016785,0.0354
0.015564,0.0030518,0.042725
0.015106,0.0018311,0.053711
0.014343,-0.00076294,0.040283
0.014496,-0.0030518,0.05127
0.014801,-0.0033569,0.041504
0.016022,-0.0038147,0.029297
0.019379,-0.0022888,0.042725
0.018921,-0.00076294,0.046387
0.019226,0.00061035,0.046387
0.018005,0.0019836,0.05249
0.01709,0.0039673,0.05127
0.016479,0.004425,0.059814
0.015717,0.0036621,0.054932
0.014801,0.0015259,0.061035
0.013123,0.00030518,0.057373
0.012817,0.0010681,0.065918
0.010986,0.0022888,0.059814
0.011597,0.0032043,0.063477
0.012054,0.0035095,0.072021
0.01236,0.0018311,0.059814
0.013275,0.0019836,0.059814
0.01358,0,0.062256
0.014954,0.0010681,0.072021
0.015411,0.0039673,0.062256
0.017853,0.0033569,0.079346
0.018768,0.0019836,0.067139
0.020294,-0.0018311,0.063477
0.023193,-0.0056458,3.9526
0.024261,-0.0094604,4.8694
0.023956,-0.011597,4.9243
0.023499,-0.011292,4.9255
0.021057,-0.011139,4.9194
0.019531,-0.011139,4.9231
0.018463,-0.010529,4.9207
0.017242,-0.0099182,4.9207
0.013275,-0.0093079,4.9194
0.018158,-0.010071,4.917
0.019684,-0.014496,4.9255
0.020447,-0.013123,4.9146
0.024261,-0.015717,4.9207
0.02594,-0.017242,4.9194
0.026245,-0.017242,4.8987
0.026245,-0.014954,4.9109
0.025177,-0.012665,4.9109
0.023193,-0.0099182,4.9097
0.021362,-0.0065613,4.9109
0.019989,-0.0073242,4.9109
0.018921,-0.007782,4.9097
0.016785,-0.0073242,4.9048
0.018463,-0.0074768,4.9109
0.016632,-0.0028992,4.9048
0.02121,-0.005188,4.9109
0.023193,-0.0028992,4.9194
0.023804,-0.0033569,4.9146
0.023651,-0.0027466,4.9121
0.023041,-0.0033569,4.9158
0.02182,-0.0024414,4.9146
0.022125,-0.0018311,4.9231
0.022278,-0.00061035,4.9304
0.02243,-0.00076294,4.9255
0.020447,-0.00015259,4.9146
0.02182,-0.00076294,4.9255
0.02243,-0.0019836,4.9268
0.023956,-0.0032043,4.9316
0.025482,-0.0038147,4.9353
0.027313,-0.0030518,4.928
0.024872,-0.0035095,4.9353
0.02243,-0.0018311,4.9304
0.020905,-0.00045776,4.9329
0.019073,0.0012207,4.9304
0.018768,0.0018311,4.9365
0.018921,0.0024414,4.9329
0.019226,-0.00076294,4.9353
0.020294,0.00045776,4.9487
0.021362,-0.0012207,4.9377
0.022278,-0.0021362,4.9353
0.023804,-0.0019836,4.9341
0.025024,-0.0015259,4.9146
0.025787,-0.0042725,4.9255
0.026245,-0.0080872,4.9243
0.024261,-0.011749,4.9231
0.021362,-0.01358,4.9194
0.024414,-0.013123,4.9207
0.019684,-0.011444,4.917
0.020294,-0.010071,4.9158
0.020905,-0.0091553,4.9194
0.020905,-0.0093079,4.9109
0.020599,-0.0086975,4.9146
0.019836,-0.0079346,4.9146
0.018158,-0.0062561,4.9158
0.01709,-0.002594,4.9146
0.014648,-0.00030518,4.9109
0.015411,-0.00030518,4.9158
0.015717,-0.0013733,4.9109
0.016479,-0.0015259,4.9158
0.01709,-0.0012207,4.8975
0.015106,0.0015259,4.9097
0.016479,0.0064087,4.9109
0.017548,0.0086975,4.9109
0.020447,0.0090027,4.9097
0.024414,0.0085449,0.041504
0.028687,0.0061035,0.043945
0.031738,0.0062561,0.046387
0.033875,0.0048828,0.043945
0.035095,0.0036621,0.053711
0.034485,0.00091553,0.046387
0.034027,-0.0042725,0.058594
0.032349,-0.0067139,0.056152
0.029907,-0.0088501,0.059814
0.027466,-0.0083923,0.072021
0.025635,-0.0074768,0.064697
0.023499,-0.0062561,0.064697
0.02121,-0.0057983,0.061035
0.019073,-0.005188,0.058594
0.018005,-0.0038147,0.059814
0.018158,-0.00091553,0.059814
0.019379,0.0032043,0.059814
0.020142,0.0042725,0.062256
0.021667,0.0028992,0.062256
0.020752,-0.0012207,0.065918
0.020142,-0.0068665,0.063477
0.018463,-0.010223,0.068359
0.018463,-0.010529,0.061035
0.017242,-0.009613,0.064697
0.0177,-0.0091553,0.063477
0.016785,-0.0086975,0.063477
0.016632,-0.0079346,0.058594
0.017853,-0.0067139,0.058594
0.018311,-0.0050354,0.058594
0.020905,-0.002594,0.05249
0.025787,-0.00076294,0.059814
0.030212,-0.00045776,0.050049
0.034485,-0.00076294,0.039063
0.036621,-0.0024414,0.042725
0.037689,-0.004425,0.045166
0.037384,-0.0028992,0.043945
0.034943,-0.0010681,0.042725
0.031738,0.00015259,0.042725
0.028076,0.00045776,0.040283
0.023651,0.0013733,0.036621
0.021515,0.0012207,0.042725
0.021667,0.0021362,0.040283
0.021362,0.0039673,0.042725
0.021973,0.0045776,0.036621
0.021667,0.0062561,0.043945
0.021057,0.0065613,0.053711
0.019836,0.0059509,0.041504
0.016327,0.0064087,0.043945
0.011292,0.0094604,0.039063
0.004425,0.018311,0.026855
-0.0021362,0.028992,0.043945
-0.0045776,0.040894,0.046387
-0.0032043,0.049438,0.05127
0.00091553,0.053253,0.05249
0.0068665,0.053406,0.05127
0.012665,0.047913,0.056152
0.017853,0.040588,0.048828
0.023346,0.032806,0.058594
0.029144,0.027313,0.058594
0.035858,0.023041,0.062256
0.042725,0.016937,0.059814
0.044708,0.0099182,0.062256
0.042877,0.0045776,0.062256
0.0354,0.0021362,0.061035
0.027924,0.0045776,0.064697
0.017395,0.010529,0.064697
0.0047302,0.01297,0.074463
-0.0064087,0.0091553,0.065918
-0.014191,-0.00091553,0.053711
-0.019226,-0.014648,0.065918
-0.019836,-0.028992,0.065918
-0.020752,-0.036774,0.058594
-0.02243,-0.040741,0.058594
-0.023956,-0.040436,0.057373
-0.023956,-0.034332,0.054932
-0.020447,-0.024567,0.05127
-0.014648,-0.011292,0.053711
-0.0056458,0.0047302,4.0759
0.0019836,0.018921,4.8645
0.011292,0.027008,4.9146
0.018158,0.030823,4.9158
0.025177,0.027161,4.9207
0.031128,0.017853,4.9146
0.037079,0.0083923,4.9109
0.042114,0.0021362,4.9133
0.042419,0.0027466,4.9036
0.040588,0.0036621,4.9097
0.035858,0.0067139,4.9121
0.029297,0.0083923,4.9072
0.024567,0.009613,4.9084
0.020905,0.0085449,4.9084
0.020447,0.0067139,4.9146
0.020752,0.01236,4.9084
0.02121,0.01297,4.9109
0.022736,0.015106,4.9097
0.023651,0.016174,4.9133
0.023041,0.014801,4.9121
0.021057,0.013733,4.9146
0.017395,0.012207,4.9133
0.012665,0.01236,4.9207
0.0090027,0.012665,4.9316
0.0039673,0.010681,4.9231
0.00061035,0.0071716,4.928
-0.0032043,0.0013733,4.928
-0.0041199,-0.002594,4.9109
-0.0047302,-0.0085449,4.9255
-0.0030518,-0.013428,4.9255
0.0050354,-0.020599,4.9304
0.0062561,-0.026245,4.9292
0.013275,-0.030212,4.928
0.018768,-0.032501,4.9353
0.023499,-0.030518,4.9304
0.025787,-0.031738,4.9329
0.026245,-0.029144,4.9304
0.026855,-0.026245,4.9353
0.027771,-0.022583,4.9341
0.030975,-0.018463,4.9353
0.035248,-0.015106,4.9426
0.040741,-0.013428,4.9414
0.044403,-0.014801,4.9329
0.045319,-0.015411,4.9341
0.044098,-0.017853,4.9365
0.041199,-0.02182,4.9243
0.037689,-0.021667,4.9268
0.036926,-0.022125,4.9231
0.034637,-0.020142,4.9194
0.034332,-0.013275,4.9194
0.032806,-0.0068665,4.9158
0.032501,-0.0016785,4.9194
0.033264,0.0028992,4.917
0.032196,0.0061035,4.9146
0.031433,0.0067139,4.9158
0.031586,0.0042725,4.9133
0.023041,0.0016785,4.917
0.01709,-0.0032043,4.9121
0.0086975,-0.004425,4.9133
0.0035095,-0.0036621,4.9182
0.00061035,-0.0032043,4.9146
0.0010681,0.0015259,4.9207
0.0053406,0.0045776,4.9084
0.010986,0.0091553,4.8987
0.018005,0.013885,4.9121
0.020599,0.0177,4.9097
0.022583,0.02243,4.9084
0.021515,0.022125,4.9072
0.018311,0.020599,4.9121
0.013275,0.017242,4.9158
0.010986,0.012512,4.9133
0.011749,0.0086975,4.9182
0.015259,0.0053406,4.9194
0.02243,0.0045776,0.057373
0.031128,0.004425,0.058594
0.038605,0.0018311,0.061035
0.043335,-0.0035095,0.063477
0.044098,-0.0065613,0.061035
0.041809,-0.01236,0.053711
0.036926,-0.019226,0.061035
0.030212,-0.022888,0.06958
0.023041,-0.024872,0.063477
0.015411,-0.024567,0.053711
0.011444,-0.020752,0.057373
0.0090027,-0.0177,0.064697
0.011444,-0.014801,0.061035
0.016785,-0.012512,0.067139
0.02182,-0.0083923,0.063477
0.028839,-0.0033569,0.068359
0.032806,0.00076294,0.063477
0.034332,0.0030518,0.064697
0.032654,0.0019836,0.062256
0.02594,0.002594,0.059814
0.022583,0.0022888,0.056152
0.0177,0.0015259,0.057373
0.014954,0.0088501,0.067139
0.01358,0.016632,0.05249
0.014191,0.02533,0.056152
0.016174,0.033722,0.036621
0.019684,0.038605,0.031738
0.024414,0.039215,0.03418
0.027313,0.035553,0.043945
0.028839,0.028687,0.041504
0.027618,0.019379,0.043945
0.02533,0.007782,0.031738
0.021667,-0.0042725,0.041504
0.018463,-0.018311,0.041504
0.014496,-0.023041,0.039063
0.010529,-0.028839,0.037842
0.007782,-0.029449,0.041504
0.0064087,-0.022278,0.031738
0.0062561,-0.019226,0.039063
0.0076294,-0.014191,0.041504
0.0076294,-0.01358,0.043945
0.012207,-0.018158,0.037842
0.015717,-0.022888,0.043945
0.019226,-0.030823,0.043945
0.024414,-0.034027,0.042725
0.027618,-0.038757,0.046387
0.028534,-0.039368,0.050049
0.028534,-0.036926,0.048828
0.028076,-0.0383,0.047607
0.027466,-0.028992,0.056152
0.026093,-0.02243,0.056152
0.025635,-0.016937,0.061035
0.02655,-0.0024414,0.058594
0.028839,0.00030518,0.063477
0.034637,-0.0016785,0.058594
0.039978,-0.0010681,0.062256
0.045776,-0.0045776,0.062256
0.04837,-0.0027466,0.062256
0.049896,-0.0074768,0.067139
0.049133,-0.0039673,0.062256
0.047607,0.0015259,0.068359
0.046387,0.007782,0.063477
0.044098,0.021973,0.057373
0.041962,0.02533,0.064697
0.040894,0.031433,0.062256
0.039215,0.030518,0.061035
0.037537,0.026703,0.061035
0.036316,0.029755,0.056152
0.035248,0.024567,0.053711
0.033112,0.027008,0.05249
0.027771,0.029449,0.053711
0.019989,0.027618,0.043945
0.01297,0.027618,0.050049
0.0059509,0.021362,0.05127
0.0041199,0.021057,0.047607
0.005188,0.016479,0.046387
0.010223,0.012817,0.047607
0.015411,0.011902,3.7659
0.020905,0.0073242,4.8413
0.024414,0.0064087,4.9133
0.024261,-0.0035095,4.9072
0.021515,-0.010834,4.9048
0.019226,-0.016327,4.9072
0.015869,-0.022278,4.9084
0.010986,-0.020599,4.9084
0.0065613,-0.021515,4.9084
0.0027466,-0.019531,4.9072
0.0018311,-0.017853,4.9084
0.0061035,-0.018463,4.9084
0.011597,-0.013275,4.9133
0.020752,-0.012207,4.9109
0.027924,-0.0067139,4.917
0.032959,-0.00076294,4.9182
0.0354,0.0042725,4.917
0.032501,0.0094604,4.9316
0.030975,0.010223,4.9097
0.026703,0.011749,4.9243
0.023041,0.012054,4.9316
0.022125,0.012665,4.9182
0.018768,0.013885,4.928
0.018768,0.011597,4.9402
0.02182,0.0094604,4.9255
0.024109,0.0035095,4.9304
0.028076,-0.0019836,4.9268
0.028992,-0.0061035,4.9304
0.028839,-0.0090027,4.9304
0.02533,-0.0079346,4.9329
0.019989,-0.0056458,4.9292
0.016479,0.0012207,4.9377
0.010223,0.0057983,4.9353
0.0083923,0.0097656,4.9377
0.0071716,0.015106,4.9365
0.009613,0.018311,4.9426
0.012817,0.019226,4.9414
0.014801,0.016479,4.9341
0.018616,0.011444,4.9414
0.018463,0.0039673,4.9255
0.017242,-0.0033569,4.917
0.016785,-0.0088501,4.9231
0.016174,-0.012512,4.9194
0.017395,-0.01297,4.9158
0.017853,-0.012665,4.9207
0.021515,-0.01236,4.9146
0.022583,-0.012054,4.9109
0.024109,-0.0080872,4.9121
0.022736,-0.010834,4.9109
0.028687,-0.0088501,4.9109
0.032349,-0.005188,4.9109
0.034485,-0.0015259,4.9146
0.034943,0.0010681,4.9121
0.034332,0.0010681,4.9146
0.029755,0.00076294,4.9084
0.027313,-0.0028992,4.9109
0.023651,-0.0041199,4.895
0.023041,-0.0041199,4.9011
0.022736,-0.0016785,4.9109
0.022888,0.0015259,4.9133
0.024109,0.0048828,4.9084
0.022125,0.0033569,4.9133
0.02243,0.0018311,4.9121
0.023499,0,4.9146
0.023041,-0.0024414,4.9121
0.023651,0.0021362,4.9231
0.021973,0.0094604,4.9207
0.020599,0.014801,4.9329
0.018616,0.019226,4.9231
0.015259,0.019684,4.9304
0.011444,0.015259,4.9255
0.0088501,0.012207,4.9316
0.007782,0.011139,4.9353
0.0093079,0.011139,4.9341
0.010681,0.016937,0.070801
0.01297,0.012817,0.062256
0.014343,0.014038,0.042725
0.016632,0.0076294,0.059814
0.017242,0.005188,0.063477
0.016937,0.0024414,0.063477
0.016174,-0.0016785,0.065918
0.014191,-0.0041199,0.062256
0.01297,-0.0071716,0.068359
0.013275,-0.009613,0.065918
0.014648,-0.011292,0.065918
0.018768,-0.010376,0.062256
0.024872,-0.016022,0.063477
0.031586,-0.021362,0.057373
0.036621,-0.019836,0.058594
0.04303,-0.016327,0.064697
0.0383,-0.0093079,0.053711
0.037079,-0.0035095,0.046387
0.036926,-0.0080872,0.05249
0.038605,-0.015717,0.039063
0.037842,-0.023651,0.046387
0.036163,-0.029297,0.047607
0.031433,-0.025787,0.041504
0.028839,-0.017395,0.042725
0.029144,-0.011749,0.040283
0.030212,-0.0094604,0.040283
0.031586,-0.011597,0.039063
0.031281,-0.013885,0.040283
0.030518,-0.016937,0.036621
0.028687,-0.01358,0.040283
0.025635,-0.0074768,0.039063
0.021057,-0.0015259,0.041504
0.016937,0.0036621,0.039063
0.016022,0.0053406,0.041504
0.019073,0.0053406,0.050049
0.022583,0.0039673,0.040283
0.026703,0.0032043,0.054932
0.028229,0.0045776,0.042725
0.028381,0.0099182,0.03418
0.028229,0.012817,0.048828
0.029602,0.013885,0.045166
0.030365,0.0059509,0.05249
0.029144,0.0041199,0.054932
0.027313,-0.0039673,0.053711
0.022583,-0.0076294,0.058594
0.020294,-0.0068665,0.058594
0.019989,-0.012054,0.062256
0.021362,-0.01236,0.057373
0.024414,-0.0090027,0.062256
0.02594,-0.0083923,0.063477
0.025482,-0.0076294,0.064697
0.027161,-0.0041199,0.065918
0.021667,-0.007782,0.065918
0.019989,-0.011444,0.061035
0.018005,-0.0099182,0.065918
0.015869,-0.0094604,0.072021
0.016022,-0.007019,0.064697
0.013275,-0.00015259,0.065918
0.018158,-0.00030518,0.062256
0.018463,-0.0012207,0.063477
0.019073,0.0028992,0.059814
0.018005,0.0030518,0.057373
0.018768,0.0057983,0.056152
0.020294,0.0086975,0.054932
0.020294,0.0071716,0.050049
0.01709,0.0013733,0.05127
0.013123,-0.0027466,0.047607
0.009613,-0.0035095,0.054932
0.007782,-0.0039673,0.042725
0.0085449,-0.0033569,0.048828
0.010681,-0.0010681,0.059814
0.01358,-0.0016785,0.046387
0.015106,0.0021362,0.048828
0.018616,0.0010681,0.042725
0.020447,0.00030518,0.026855
0.020447,0.0013733,0.036621
0.020142,-0.00015259,0.039063
0.020447,-0.00076294,4.574
0.019989,-0.0032043,4.8853
0.021667,-0.0076294,4.9011
0.022125,-0.010071,4.9072
0.020752,-0.0090027,4.9036
0.018158,-0.0059509,4.9097
0.016632,-0.0036621,4.9084
0.015106,-0.00091553,4.917
0.015869,-0.0012207,4.9133
0.017853,-0.0033569,4.9182
0.019684,-0.0036621,4.9182
0.023346,-0.0032043,4.9243
0.026093,0.00015259,4.9194
0.03006,0.0050354,4.9243
0.033722,0.0088501,4.9304
0.036316,0.011597,4.928
0.037994,0.010376,4.9194
0.040894,0.0094604,4.9304
0.040588,0.0082397,4.9316
0.03952,0.0057983,4.9292
0.036469,0.005188,4.9304
0.032043,0.0012207,4.9268
0.028992,-0.00030518,4.9365
0.027466,-0.00045776,4.9146
0.028534,-0.0065613,4.9316
0.028229,-0.0059509,4.9292
0.028076,-0.0068665,4.939
0.024414,-0.0062561,4.9329
0.020599,-0.0053406,4.9377
0.0177,-0.0039673,4.9426
0.014801,-0.0028992,4.9353
0.014801,-0.0035095,4.9341
0.013885,-0.00030518,4.928
0.013885,-0.00076294,4.9146
0.01297,0.0018311,4.9255
0.014343,0.0016785,4.9231
0.016937,-0.00091553,4.917
0.019836,-0.0032043,4.9231
0.023041,-0.0036621,4.9182
0.025635,-0.0032043,4.9194
0.025635,-0.00076294,4.9133
0.025482,0.00091553,4.9194
0.022736,0.0024414,4.9109
0.019989,0.0016785,4.9146
0.017853,0.0022888,4.9207
0.01709,0.0039673,4.9158
0.016632,0.0091553,4.9097
0.015411,0.0177,4.9121
0.014343,0.024261,4.9133
0.014191,0.029449,4.9121
0.013885,0.031433,4.9158
0.013275,0.029907,4.9097
0.013275,0.028076,4.9109
0.013123,0.025482,4.906
0.014954,0.02243,4.9036
0.016022,0.018616,4.8975
0.017853,0.0177,4.9158
0.018616,0.015717,4.9109
0.017242,0.013428,4.917
0.016327,0.013275,4.9158
0.016022,0.010529,4.9255
0.014343,0.0038147,4.9231
0.011902,-0.0028992,4.928
0.0083923,-0.0085449,4.9231
0.0038147,-0.012665,4.9329
0.00076294,-0.011749,4.9414
-0.0022888,-0.010681,4.9304
-0.0015259,-0.0093079,4.9329
0.00076294,-0.0074768,4.9329
0.0030518,-0.013123,4.9207
0.0048828,-0.013123,4.9268
0.0059509,-0.010071,4.9304
0.009613,-0.002594,4.9341
0.013123,0.0067139,0.063477
0.019379,0.015106,0.063477
0.027466,0.019073,0.067139
0.039673,0.020599,0.068359
0.042114,0.019073,0.065918
0.048828,0.020142,0.059814
0.046692,0.02182,0.064697
0.045624,0.023346,0.058594
0.044403,0.023804,0.058594
0.043488,0.023041,0.059814
0.041809,0.014801,0.053711
0.042114,0.012665,0.057373
0.039215,0.0082397,0.05127
0.035095,0.0061035,0.062256
0.029297,0.0080872,0.042725
0.024261,0.011749,0.054932
0.021973,0.016022,0.042725
0.020447,0.018616,0.043945
0.018616,0.017853,0.041504
0.016022,0.017242,0.040283
0.012665,0.014496,0.040283
0.0047302,0.011902,0.041504
0.0012207,0.0076294,0.037842
-0.00076294,0.00030518,0.040283
-0.00045776,-0.007782,0.037842
0.00091553,-0.016632,0.040283
0,-0.02243,0.041504
0.00030518,-0.02594,0.041504
0.0010681,-0.025482,0.048828
0.0019836,-0.023041,0.037842
0.0033569,-0.020142,0.05127
0.0062561,-0.016937,0.041504
0.0094604,-0.014191,0.0354
0.01358,-0.013123,0.048828
0.018463,-0.011902,0.050049
0.022125,-0.011597,0.048828
0.025482,-0.010223,0.053711
0.028381,-0.0085449,0.053711
0.033417,-0.0074768,0.058594
0.037689,-0.0048828,0.056152
0.04303,-0.0050354,0.064697
0.046234,-0.0045776,0.059814
0.04776,-0.0042725,0.065918
0.046234,-0.0076294,0.062256
0.044403,-0.0097656,0.063477
0.041504,-0.011902,0.059814
0.040131,-0.014801,0.064697
0.038605,-0.019073,0.065918
0.036774,-0.02121,0.063477
0.034027,-0.025482,0.074463
0.031586,-0.028687,0.065918
0.027771,-0.029602,0.058594
0.026855,-0.027618,0.062256
0.027924,-0.022125,0.063477
0.03067,-0.016327,0.059814
0.031433,-0.010529,0.058594
0.032349,-0.0061035,0.05249
0.03006,-0.0024414,0.053711
0.026093,0.0028992,0.050049
0.024872,0.0082397,0.05249
0.023956,0.014191,0.050049
0.027008,0.018768,0.05127
0.02655,0.019836,0.047607
0.027924,0.019684,0.050049
0.027161,0.016937,0.056152
0.025482,0.01297,0.043945
0.025177,0.011292,0.041504
0.024719,0.010681,0.042725
0.026093,0.0085449,0.023193
0.027466,0.0067139,0.037842
0.028229,0.0010681,0.039063
0.029144,-0.0042725,0.037842
0.028839,-0.0057983,0.039063
0.028076,-0.0071716,0.036621
0.029297,-0.0047302,0.040283
0.03006,-0.0032043,0.039063
0.031891,-0.005188,0.039063
0.032196,-0.01297,3.8586
0.028229,-0.018921,4.8376
0.025177,-0.024414,4.906
0.019684,-0.023956,4.9109
0.015717,-0.019989,4.9133
0.013885,-0.014191,4.9207
0.014038,-0.007782,4.9255
0.012817,-0.0041199,4.9231
0.013123,-0.004425,4.9377
0.012665,-0.0064087,4.9304
0.01236,-0.0076294,4.917
0.01236,-0.007019,4.9268
0.014038,-0.0048828,4.9304
0.016632,-0.0024414,4.9292
0.020294,-0.0019836,4.928
0.023956,-0.0016785,4.9292
0.026093,-0.0036621,4.9353
0.027771,-0.0041199,4.9329
0.028534,-0.0036621,4.9329
0.028534,-0.0018311,4.9316
0.028992,0.00091553,4.9377
0.030212,0.0047302,4.9377
0.032196,0.0074768,4.9365
0.033875,0.0088501,4.9402
0.035553,0.0091553,4.9353
0.037079,0.0090027,4.9316
0.036163,0.0083923,4.9292
0.034943,0.0080872,4.9304
0.033875,0.0085449,4.9268
0.032806,0.0079346,4.9219
0.029297,0.0059509,4.9182
0.028229,0.0013733,4.9182
0.024414,-0.0036621,4.9146
0.020599,-0.0073242,4.9158
0.015717,-0.0099182,4.9109
0.013123,-0.011902,4.9194
0.01236,-0.011597,4.9109
0.013428,-0.011292,4.9121
0.014801,-0.014191,4.9133
0.015411,-0.017395,4.9158
0.015869,-0.021973,4.9097
0.016174,-0.024414,4.9109
0.019989,-0.025635,4.9207
0.022583,-0.024872,4.9158
0.025787,-0.023041,4.9182
0.02533,-0.021057,4.9084
0.024567,-0.019226,4.895
0.024261,-0.016937,4.9084
0.025787,-0.01236,4.9109
0.030518,-0.0061035,4.9133
0.036163,0.0018311,4.9121
0.041962,0.0085449,4.9133
0.046234,0.011597,4.9158
0.048828,0.014191,4.9194
0.051117,0.012665,4.9219
0.050964,0.013275,4.9243
0.053711,0.01709,4.928
0.052948,0.021362,4.9292
0.051117,0.024567,4.9304
0.04776,0.024872,4.9353
0.043945,0.022888,4.9329
0.039215,0.019531,4.9304
0.037079,0.015106,4.9353
0.033722,0.013733,4.939
0.030365,0.014343,4.9207
0.023499,0.014648,4.9402
0.020142,0.016327,4.9341
0.014801,0.015106,4.9304
0.012207,0.012054,4.9329
0.010223,0.007019,4.9304
0.0094604,0.0039673,4.9365
0.0076294,0.0022888,4.9365
0.0059509,0.0024414,4.9316
0.0059509,0.0033569,0.065918
0.0068665,0.0035095,0.054932
0.0086975,0.0028992,0.054932
0.0085449,0.00061035,0.054932
0.0079346,-0.00091553,0.054932
0.007782,-0.0024414,0.061035
0.0065613,-0.0019836,0.047607
0.0064087,-0.0024414,0.056152
0.0057983,-0.0033569,0.046387
0.0061035,-0.004425,0.037842
0.0068665,-0.0048828,0.043945
0.0073242,-0.0030518,0.043945
0.0093079,-0.0024414,0.040283
0.012054,0.00091553,0.037842
0.016022,0.0038147,0.039063
0.019836,0.0064087,0.041504
0.023193,0.0071716,0.037842
0.028534,0.0080872,0.042725
0.032501,0.009613,0.040283
0.035858,0.01236,0.041504
0.039825,0.014496,0.041504
0.037994,0.015869,0.042725
0.038147,0.015106,0.041504
0.037994,0.011902,0.046387
0.037079,0.0097656,0.040283
0.036316,0.0079346,0.043945
0.033875,0.0076294,0.046387
0.030212,0.0030518,0.050049
0.027313,0.0073242,0.05127
0.024109,0.0082397,0.048828
0.02121,0.009613,0.054932
0.015717,0.0099182,0.058594
0.010529,0.011749,0.057373
0.0057983,0.011444,0.062256
0.0022888,0.010681,0.063477
-0.00045776,0.010223,0.056152
-0.00030518,0.010376,0.062256
0.0010681,0.0094604,0.062256
0.0048828,0.0067139,0.063477
0.0073242,0.0054932,0.059814
0.011139,0.0036621,0.065918
0.014648,0.0016785,0.076904
0.017853,0.00015259,0.062256
0.020752,0.00061035,0.068359
0.022583,0.0012207,0.065918
0.023041,0.0021362,0.042725
0.021057,0.002594,0.061035
0.019684,0.0028992,0.062256
0.018158,0.0036621,0.058594
0.01709,0.0047302,0.059814
0.018158,0.0047302,0.05249
0.019379,0.0059509,0.053711
0.019226,0.0068665,0.050049
0.022888,0.0062561,0.05127
0.023804,0.0062561,0.045166
0.024872,0.007019,0.046387
0.024872,0.0073242,0.043945
0.025787,0.0067139,0.046387
0.024719,0.0061035,0.046387
0.024414,0.0053406,0.046387
0.02121,0.0010681,0.046387
0.018311,-0.0032043,0.041504
0.014496,-0.0061035,0.042725
0.012207,-0.0076294,0.039063
0.011749,-0.0042725,0.029297
0.013275,-0.0027466,0.039063
0.013275,0.00015259,0.039063
0.015869,0.0013733,0.039063
0.016327,-0.00030518,0.039063
0.01709,-0.0015259,0.037842
0.018158,0.00015259,0.041504
0.019073,0.0035095,0.041504
0.019684,0.0086975,0.045166
0.020447,0.012207,0.041504
0.019684,0.013733,0.048828
0.023346,0.011139,0.048828
0.024872,0.0086975,0.05127
0.028687,0.0064087,2.0654
0.031891,0.0050354,4.7485
0.0354,0.0047302,4.9182
0.033417,0.0068665,4.9255
0.031586,0.0079346,4.9207
0.029297,0.0056458,4.9316
0.027618,0.0018311,4.9292
0.026245,-0.0027466,4.928
0.027466,-0.0071716,4.9304
0.027313,-0.011139,4.9304
0.028534,-0.010529,4.928
0.029755,-0.0074768,4.9292
0.030518,-0.010376,4.9353
0.032959,-0.010071,4.9304
0.034332,-0.011749,4.9341
0.035858,-0.014648,4.9414
0.036469,-0.015717,4.9377
0.036163,-0.015106,4.9341
0.035553,-0.013428,4.9353
0.030975,-0.010223,4.9402
0.03067,-0.0080872,4.9329
0.028534,-0.0065613,4.9329
0.026855,-0.0067139,4.9255
0.024719,-0.0068665,4.9084
0.022888,-0.0064087,4.9182
0.024414,-0.0056458,4.9219
0.024719,-0.0028992,4.9182
0.024414,-0.0033569,4.9182
0.024261,-0.0012207,4.9133
0.024414,-0.0010681,4.9146
0.024414,-0.00015259,4.8962
0.023499,-0.00076294,4.9146
0.023651,0.0036621,4.9109
0.023346,0.0038147,4.9158
0.023956,0.0047302,4.9133
0.024872,0.0030518,4.9121
0.026093,0.0013733,4.917
0.027313,-0.0012207,4.8865
0.029297,-0.004425,4.9084
0.028534,-0.0042725,4.9084
0.029602,-0.0045776,4.8987
0.027161,-0.0045776,4.9084
0.024872,-0.0045776,4.9109
0.021362,-0.0059509,4.9097
0.018005,-0.0080872,4.9109
0.014038,-0.010986,4.9109
0.011597,-0.010529,4.9182
0.0097656,-0.012665,4.917
0.010986,-0.010834,4.9231
0.011444,-0.0073242,4.9219
0.01358,-0.0056458,4.9304
0.014954,-0.0061035,4.928
0.016174,-0.0073242,4.9329
0.016937,-0.0076294,4.9194
0.01709,-0.0068665,4.9316
0.019989,-0.0035095,4.9341
0.017548,-0.0013733,4.9365
0.019836,0.00015259,4.9426
0.018463,-0.0012207,4.9304
0.017548,-0.004425,4.9207
0.01709,-0.005188,4.9329
0.016327,-0.0047302,4.9341
0.018463,-0.00015259,4.9304
0.020142,0.0053406,4.9377
0.021667,0.0093079,4.9426
0.023651,0.010376,4.9353
0.024261,0.011444,4.9316
0.025177,0.010223,4.9329
0.026855,0.0085449,4.9255
0.027313,0.0080872,4.9194
0.028381,0.0079346,4.9243
0.028076,0.0079346,4.9255
0.028839,0.0071716,0.081787
0.029755,0.0054932,0.048828
0.031128,0.0024414,0.048828
0.032043,0.00015259,0.05127
0.032043,-0.00030518,0.037842
0.029907,-0.00045776,0.046387
0.027618,-0.0018311,0.043945
0.02533,-0.0024414,0.037842
0.024567,-0.0045776,0.042725
0.023346,-0.0048828,0.039063
0.023956,-0.0059509,0.041504
0.024719,-0.0065613,0.037842
0.026093,-0.0048828,0.042725
0.026855,-0.0053406,0.031738
0.026093,-0.0045776,0.041504
0.029755,-0.0016785,0.039063
0.032349,0.00061035,0.041504
0.034027,0.0018311,0.039063
0.035248,0.00045776,0.040283
0.036316,0.0050354,0.05127
0.036621,0.0045776,0.046387
0.035706,0.0036621,0.053711
0.035553,0.0012207,0.046387
0.034637,0.0015259,0.037842
0.035553,0.002594,0.048828
0.035095,0.0039673,0.053711
0.034332,0.0057983,0.056152
0.032806,0.0086975,0.057373
0.027618,0.009613,0.056152
0.026398,0.009613,0.063477
0.023804,0.010986,0.061035
0.021667,0.011749,0.062256
0.02121,0.011749,0.057373
0.019989,0.011444,0.064697
0.023193,0.009613,0.058594
0.023346,0.007019,0.061035
0.023956,0.0065613,0.074463
0.024414,0.0018311,0.062256
0.025024,-0.00045776,0.061035
0.025177,-0.0028992,0.067139
0.02533,-0.0062561,0.067139
0.023651,-0.0065613,0.063477
0.022125,-0.0062561,0.063477
0.019531,-0.0061035,0.063477
0.016174,-0.0053406,0.062256
0.013275,-0.0039673,0.054932
0.011597,-0.0024414,0.054932
0.010376,-0.0016785,0.05249
0.0097656,-0.00045776,0.050049
0.011292,0.00061035,0.046387
0.012512,0.0030518,0.050049
0.015259,0.0047302,0.046387
0.016785,0.0064087,0.048828
0.016937,0.0074768,0.046387
0.016785,0.0073242,0.045166
0.011902,0.0067139,0.054932
0.013733,0.0082397,0.042725
0.013885,0.0099182,0.05249
0.015411,0.011902,0.041504
0.016632,0.01297,0.030518
0.018463,0.012054,0.040283
0.018921,0.011139,0.039063
0.018921,0.0090027,0.03418
0.018616,0.0088501,0.037842
0.018311,0.0085449,0.037842
0.018768,0.0093079,0.040283
0.018768,0.0064087,0.037842
0.0177,0.0073242,0.043945
0.015717,0.0056458,0.040283
0.013885,0.0032043,0.046387
0.011139,0.0035095,0.047607
0.0082397,0.004425,0.050049
0.0093079,0.0071716,0.054932
0.0094604,0.010071,0.053711
0.010681,0.010986,0.05249
0.012512,0.011597,0.054932
0.012665,0.01236,0.062256
0.01297,0.012817,0.058594
0.01297,0.010376,2.157
0.012817,0.012054,4.7632
0.01236,0.010223,4.917
0.013123,0.0073242,4.9268
0.01297,0.0054932,4.9304
0.012054,0.0054932,4.9304
0.012207,0.0079346,4.9341
0.010986,0.0056458,4.9329
0.011597,0.005188,4.9353
0.01297,0.0059509,4.9353
0.014191,0.0050354,4.939
0.014496,0.0047302,4.9316
0.014496,0.0061035,4.9365
0.015411,0.0067139,4.9451
0.015411,0.0056458,4.9316
0.016327,0.0050354,4.9304
0.016022,0.0022888,4.9292
0.015411,0.0021362,4.9036
0.014038,0.00015259,4.9219
0.012207,0.00015259,4.9194
0.013428,0,4.9194
0.014954,-0.0012207,4.9194
0.016937,-0.0024414,4.9121
0.019379,-0.0047302,4.9207
0.019989,-0.0053406,4.9133
0.018463,-0.0067139,4.9146
0.019684,-0.0076294,4.9097
0.019531,-0.0080872,4.9146
0.020599,-0.007782,4.9133
0.019684,-0.0057983,4.9133
0.019379,-0.0042725,4.9097
0.019836,-0.002594,4.9109
0.020447,-0.002594,4.9133
0.021515,-0.0033569,4.9109
0.024109,-0.0038147,4.9121
0.025635,-0.0041199,4.906
0.027313,-0.0013733,4.9023
0.028229,-0.0030518,4.9109
0.03067,-0.0024414,4.9146
0.030823,-0.0019836,4.9109
0.029755,-0.0015259,4.9158
0.028687,-0.0021362,4.917
0.027008,-0.00091553,4.9182
0.02533,-0.00061035,4.9182
0.023804,-0.00030518,4.9268
0.023651,0.0013733,4.9231
0.02533,0.00061035,4.9304
0.026398,0.0021362,4.9304
0.027618,0.0022888,4.9329
0.030212,0.0018311,4.9377
0.028534,0.00061035,4.9329
0.030212,-0.0018311,4.9377
0.031128,-0.0036621,4.9329
0.031586,-0.0054932,4.9231
0.032654,-0.007019,4.9341
0.031281,-0.0071716,4.9304
0.030212,-0.0062561,4.9329
0.029755,-0.0042725,4.9353
0.029602,-0.0030518,4.9365
0.028839,-0.0010681,4.9353
0.030212,0,4.9353
0.030212,0.0016785,4.9353
0.03067,0.0019836,4.9243
0.030365,0.00015259,4.9316
0.028992,0.0016785,4.928
0.027771,0.0012207,4.9304
0.027618,0.0010681,4.9255
0.028229,0.0019836,4.9243
0.03006,0.0027466,4.9231
0.030212,0.0042725,4.9207
0.030823,0.0061035,4.9231
0.028839,0.007019,4.9194
0.027008,0.0085449,0.056152
0.026855,0.0071716,0.041504
0.027313,0.0057983,0.041504
0.028839,0.0057983,0.041504
0.028687,0.0054932,0.040283
0.027618,0.0045776,0.036621
0.027313,0.0056458,0.042725
0.02533,0.0064087,0.021973
0.024414,0.0091553,0.043945
0.02533,0.0047302,0.041504
0.026093,0.0028992,0.040283
0.026093,0.00045776,0.039063
0.025482,-0.0016785,0.041504
0.025635,-0.0033569,0.056152
0.02655,-0.0047302,0.045166
0.026093,-0.0064087,0.050049
0.02594,-0.0067139,0.043945
0.024719,-0.0067139,0.032959
0.022736,-0.0062561,0.048828
0.02182,-0.0062561,0.05127
0.020294,-0.0062561,0.053711
0.019531,-0.0062561,0.054932
0.019226,-0.005188,0.053711
0.018921,-0.0030518,0.061035
0.020905,-0.0010681,0.059814
0.023499,0.0016785,0.061035
0.02594,0.0050354,0.061035
0.028839,0.0062561,0.061035
0.030365,0.0065613,0.062256
0.030212,0.0068665,0.065918
0.028992,0.0067139,0.068359
0.029449,0.0071716,0.062256
0.030212,0.0076294,0.064697
0.031433,0.0082397,0.065918
0.033112,0.0086975,0.075684
0.032806,0.007782,0.064697
0.030823,0.0079346,0.065918
0.027161,0.0071716,0.062256
0.023651,0.0064087,0.059814
0.021973,0.0059509,0.05249
0.02121,0.0054932,0.054932
0.02121,0.0035095,0.05127
0.020599,0.00045776,0.053711
0.019073,-0.0021362,0.048828
0.019684,-0.0039673,0.05249
0.019379,-0.005188,0.045166
0.020142,-0.0054932,0.048828
0.020599,-0.0035095,0.046387
0.020294,-0.0015259,0.048828
0.021057,0.0010681,0.050049
0.020599,0.0032043,0.043945
0.02121,0.0053406,0.042725
0.021973,0.0048828,0.040283
0.023499,0.0097656,0.031738
0.025482,0.010834,0.040283
0.028534,0.011139,0.037842
0.031586,0.0083923,0.036621
0.033112,0.0067139,0.039063
0.03418,0.0056458,0.0354
0.03479,0.0056458,0.040283
0.035095,0.0071716,0.0354
0.034027,0.0082397,0.042725
0.032959,0.0090027,0.039063
0.032043,0.0090027,0.045166
0.031128,0.0076294,0.047607
0.030518,0.0067139,0.05249
0.028992,0.0067139,0.045166
0.025482,0.0067139,0.056152
0.024414,0.009613,0.057373
0.023041,0.0099182,0.054932
0.020447,0.0097656,0.068359
0.019684,0.007782,0.059814
0.016937,0.0056458,0.045166
0.015106,0.0059509,0.058594
0.012207,0.0047302,0.058594
0.0099182,0.0038147,0.061035
0.0086975,0.0035095,0.059814
0.0085449,0.0010681,0.057373
0.007782,-0.0012207,1.6455
0.0086975,-0.0033569,4.74
0.0099182,-0.0048828,4.9182
0.011902,-0.0056458,4.9219
0.013428,-0.0054932,4.9377
0.013885,-0.0059509,4.9304
0.013275,-0.0057983,4.9353
0.013275,-0.0054932,4.9426
0.012512,-0.0033569,4.9316
0.013275,-0.00076294,4.928
0.014038,0.0016785,4.9292
0.013733,0.0036621,4.9194
0.014648,0.0016785,4.9207
0.015717,-0.00061035,4.9182
0.018768,-0.0024414,4.9194
0.022278,-0.0033569,4.9158
0.024872,0.00091553,4.9158
0.026398,0.0015259,4.9146
0.02594,0.0013733,4.9109
0.022583,0,4.9146
0.019226,-0.0012207,4.9097
0.016632,-0.0018311,4.9109
0.015106,-0.00061035,4.9109
0.015564,0.0018311,4.9146
0.016022,0.0047302,4.9109
0.015717,0.0059509,4.9097
0.015717,0.0064087,4.9194
0.016022,0.0048828,4.9072
0.015564,0.0042725,4.9231
0.015717,0.0047302,4.9048
0.015411,0.0041199,4.9011
0.013885,0.0036621,4.9133
0.013123,0.0022888,4.9121
0.011139,0,4.9133
0.0083923,-0.0016785,4.9182
0.0059509,-0.0010681,4.9109
0.0057983,-0.00076294,4.9194
0.0073242,0.00076294,4.9194
0.0094604,-0.0013733,4.9255
0.012665,-0.0032043,4.9255
0.013733,-0.0076294,4.9353
0.013123,-0.0080872,4.928
0.011139,-0.0039673,4.9353
0.0097656,0.0036621,4.9365
0.0090027,0.010986,4.9341
0.0086975,0.013275,4.9316
0.0082397,0.010071,4.9304
0.0053406,0.0022888,4.939
0.0038147,-0.0021362,4.9329
0.0071716,-0.0013733,4.9231
0.010223,0.0059509,4.9304
0.019379,0.012665,4.9329
0.028076,0.012207,4.9365
0.031891,0.0035095,4.9341
0.032196,-0.011902,4.9329
0.02243,-0.025635,4.9341
0.011139,-0.031586,4.9304
0.00030518,-0.026245,4.9329
-0.0059509,-0.014343,4.9231
-0.0082397,-0.0022888,4.9255
-0.0079346,0.0028992,4.9182
-0.0054932,0.002594,4.9243
-0.0028992,0.00061035,4.9329
0.00045776,0.00061035,4.9219
0.011292,0.0041199,4.9207
0.023193,0.0099182,4.9158
0.035858,0.015869,4.8999
0.043488,0.01709,4.9133
0.043945,0.012512,4.9121
0.037384,0.0054932,4.9121
0.027618,-0.00015259,4.9121
0.017548,0.00045776,4.9072
0.011139,-0.0018311,0.041504
0.0079346,0.0036621,0.037842
0.0082397,0.0086975,0.040283
0.0093079,0.011902,0.039063
0.011597,0.010834,0.042725
0.014648,0.0097656,0.042725
0.020294,0.0048828,0.039063
0.02243,0.00076294,0.045166
0.02594,-0.0019836,0.042725
0.028381,-0.0038147,0.041504
0.026093,-0.0039673,0.043945
0.022278,-0.0042725,0.039063
0.014801,-0.0073242,0.048828
0.011597,-0.0094604,0.045166
0.0088501,-0.011902,0.05249
0.011139,-0.011597,0.056152
0.015564,-0.0080872,0.053711
0.020752,-0.0010681,0.059814
0.028839,0.0074768,0.062256
0.033112,0.01236,0.064697
0.037079,0.012817,0.058594
0.039063,0.010376,0.064697
0.038147,0.0067139,0.059814
0.039063,0.0030518,0.062256
0.035706,0.0010681,0.061035
0.032196,0.00076294,0.064697
0.028839,0.0015259,0.074463
0.027466,0.00076294,0.065918
0.026093,-0.0013733,0.070801
0.028992,-0.0032043,0.065918
0.031128,-0.004425,0.053711
0.033264,-0.0042725,0.064697
0.032654,0.00091553,0.061035
0.032349,0.0073242,0.05249
0.030365,0.010681,0.058594
0.03006,0.012512,0.053711
0.027771,0.011597,0.054932
0.027161,0.010834,0.05127
0.027161,0.0091553,0.050049
0.025177,0.010681,0.042725
0.023956,0.014343,0.047607
0.021515,0.018158,0.047607
0.021973,0.019989,0.046387
0.023346,0.020905,0.041504
0.024719,0.019531,0.039063
0.030823,0.016174,0.042725
0.028229,0.013885,0.041504
0.02594,0.014801,0.041504
0.022888,0.016937,0.040283
0.018616,0.018768,0.030518
0.019836,0.018311,0.037842
0.022583,0.015106,0.041504
0.028076,0.010986,0.037842
0.033112,0.0059509,0.040283
0.033264,0.0032043,0.037842
0.032196,0.0024414,0.042725
0.028381,-0.00015259,0.040283
0.023956,-0.0033569,0.043945
0.023041,-0.007019,0.045166
0.020752,-0.010376,0.050049
0.018158,-0.01358,0.047607
0.011597,-0.013275,0.05249
0.0059509,-0.011902,0.070801
0.0035095,-0.0080872,0.057373
0.0047302,-0.0042725,0.063477
0.010223,-0.0010681,0.056152
0.018768,0.00061035,0.046387
0.027771,0.0019836,0.061035
0.033875,0.0048828,0.048828
0.036621,0.0064087,0.061035
0.036011,0.010681,0.062256
0.034332,0.015106,0.058594
0.029449,0.01709,0.064697
0.025024,0.016632,0.062256
0.019989,0.014954,0.064697
0.014496,0.0083923,0.062256
0.010071,0.0056458,0.063477
0.0082397,0.0048828,0.064697
0.010376,0.0056458,3.5291
0.015564,0.0061035,4.8474
0.021057,0.0042725,4.9255
0.029755,0.0010681,4.9341
0.031738,-0.0038147,4.9268
0.034485,-0.0074768,4.9353
0.03006,-0.0083923,4.9219
0.023804,-0.0083923,4.9109
0.014954,-0.0071716,4.9194
0.0071716,-0.0062561,4.9109
0.002594,-0.0035095,4.917
0.0027466,-0.00045776,4.9146
0.0054932,0.0030518,4.9133
0.009613,0.0056458,4.9133
0.015411,0.009613,4.9133
0.020294,0.013275,4.9133
0.025482,0.015259,4.906
0.031281,0.015717,4.9109
0.035553,0.014954,4.9109
0.036621,0.011749,4.9109
0.035248,0.0076294,4.9146
0.031891,0.0030518,4.9109
0.027924,-0.0013733,4.9109
0.026245,-0.0035095,4.9072
0.028381,-0.0035095,4.9048
0.033722,-0.0016785,4.9121
0.042114,0.00030518,4.9048
0.047302,0.00091553,4.9133
0.051117,0.00045776,4.9146
0.052643,0.00030518,4.917
0.050964,-0.00045776,4.9231
0.05127,0.00015259,4.9207
0.050354,0.00030518,4.9268
0.049744,-0.0022888,4.9243
0.046844,-0.0056458,4.928
0.042725,-0.010834,4.9292
0.037537,-0.012817,4.9353
0.034637,-0.013275,4.928
0.032654,-0.011902,4.9329
0.030365,-0.010529,4.9365
0.029144,-0.0093079,4.9329
0.02655,-0.0061035,4.9426
0.023956,-0.0041199,4.9316
0.019531,-0.0012207,4.9121
0.016479,0.0035095,4.9329
0.01297,0.0068665,4.9316
0.011292,0.0080872,4.9353
0.011749,0.0082397,4.9341
0.013428,0.010834,4.9341
0.01709,0.0053406,4.9353
0.019379,0.0032043,4.9292
0.020905,0.00045776,4.9158
0.021057,-0.0015259,4.9255
0.023499,-0.002594,4.9255
0.024261,-0.0035095,4.9207
0.02533,-0.005188,4.9292
0.024872,-0.0039673,4.928
0.02182,-0.005188,4.9255
0.019226,-0.0062561,4.9133
0.017242,-0.0074768,4.9194
0.016479,-0.007782,4.9036
0.017395,-0.0085449,4.9109
0.020142,-0.0071716,4.9182
0.020752,-0.0056458,4.9133
0.023804,-0.0056458,4.9084
0.024109,-0.0032043,4.9084
0.022125,-0.0032043,4.9084
0.019684,-0.00076294,4.8914
0.016785,0.00091553,4.9097
0.014648,0.0054932,4.906
0.013123,0.0067139,4.9158
0.011749,0.007782,4.9097
0.010223,0.0061035,0.042725
0.0086975,0.005188,0.039063
0.0071716,0.0047302,0.043945
0.0071716,0.0057983,0.05249
0.0093079,0.0074768,0.047607
0.012817,0.0073242,0.064697
0.015717,0.0053406,0.05127
0.0177,0.0022888,0.043945
0.019073,0.00045776,0.054932
0.017853,0.00091553,0.054932
0.016632,0.0047302,0.058594
0.015717,0.0079346,0.058594
0.015717,0.0091553,0.059814
0.014648,0.0073242,0.063477
0.011597,0.0027466,0.061035
0.0068665,-0.00030518,0.062256
0.0019836,-0.0021362,0.057373
-0.00076294,0.0016785,0.064697
-0.0016785,0.0056458,0.063477
0.00045776,0.0085449,0.065918
0.0054932,0.0085449,0.070801
0.0085449,0.0071716,0.067139
0.010376,0.0047302,0.067139
0.010986,0.0033569,0.065918
0.0086975,0.0036621,0.06958
0.0067139,0.0035095,0.063477
0.0042725,0.0024414,0.061035
0.0021362,0.00061035,0.057373
-0.00076294,-0.0027466,0.056152
-0.0015259,-0.0048828,0.05127
-0.0024414,-0.0045776,0.053711
-0.0033569,-0.0074768,0.047607
-0.002594,-0.0091553,0.047607
-0.00045776,-0.010529,0.031738
0.0035095,-0.012512,0.047607
0.0091553,-0.014038,0.046387
0.014038,-0.015106,0.050049
0.015869,-0.01709,0.042725
0.015564,-0.019684,0.041504
0.013275,-0.020599,0.056152
0.010834,-0.021973,0.043945
0.0097656,-0.022125,0.05127
0.011139,-0.020142,0.036621
0.012512,-0.019226,0.024414
0.014954,-0.019073,0.036621
0.017395,-0.020142,0.039063
0.018921,-0.02121,0.039063
0.020752,-0.023346,0.037842
0.024109,-0.023346,0.032959
0.027618,-0.023804,0.042725
0.031281,-0.023651,0.039063
0.033722,-0.023651,0.043945
0.034637,-0.026245,0.042725
0.033264,-0.027771,0.047607
0.031586,-0.027008,0.043945
0.029297,-0.025024,0.053711
0.03067,-0.02243,0.064697
0.032196,-0.015869,0.057373
0.033112,-0.016785,0.054932
0.032654,-0.015869,0.061035
0.031586,-0.014343,0.065918
0.028534,-0.016632,0.062256
0.025024,-0.015717,0.05127
0.020142,-0.014496,0.062256
0.017853,-0.013885,0.058594
0.016479,-0.01236,0.054932
0.016022,-0.01236,0.062256
0.016785,-0.011444,0.065918
0.014038,-0.010834,0.063477
0.01236,-0.007019,0.061035
0.010681,-0.0033569,0.067139
0.011749,-0.0019836,0.064697
0.014496,-0.0013733,0.063477
0.013275,-0.0030518,0.062256
0.013428,-0.0032043,0.064697
0.011749,-0.0076294,0.065918
0.0099182,-0.0074768,0.056152
0.0074768,-0.0059509,0.058594
0.0068665,-0.0047302,4.4348
0.0074768,-0.0022888,4.8743
0.0090027,-0.0036621,4.9036
0.011902,-0.0045776,4.9146
0.013733,-0.0030518,4.9158
0.015717,-0.00045776,4.9194
0.0177,0.0036621,4.9109
0.019226,0.0082397,4.9158
0.022278,0.012207,4.9084
0.023499,0.014801,4.9146
0.024719,0.016022,4.9072
0.024414,0.017395,4.9121
0.023041,0.017395,4.9121
0.02182,0.016632,4.9109
0.019989,0.016937,4.9084
0.019836,0.016479,4.9121
0.020294,0.015411,4.9109
0.021057,0.012817,4.9109
0.02121,0.010986,4.9158
0.021667,0.010071,4.9133
0.019684,0.0083923,4.9048
0.016632,0.010529,4.9121
0.014954,0.012207,4.9097
0.014343,0.014038,4.917
0.01358,0.016785,4.917
0.012817,0.016022,4.917
0.01236,0.015106,4.9268
0.011597,0.016174,4.928
0.011902,0.017548,4.9292
0.012207,0.02182,4.9243
0.015411,0.026245,4.9341
0.018463,0.03067,4.9316
0.021667,0.032196,4.9341
0.023041,0.030212,4.9438
0.021667,0.028381,4.9304
0.021057,0.026855,4.9341
0.019226,0.024414,4.9353
0.018158,0.022888,4.9255
0.016327,0.021057,4.9329
0.014954,0.019073,4.9353
0.012817,0.012512,4.9353
0.0099182,0.0068665,4.9341
0.0085449,0.002594,4.9304
0.0083923,-0.00030518,4.9341
0.0090027,-0.00045776,4.9304
0.010681,-0.0013733,4.9304
0.010834,0.0030518,4.9231
0.010986,0.0021362,4.9255
0.012512,0.0010681,4.9255
0.013123,0.00015259,4.9231
0.016479,0.0015259,4.9255
0.019073,0.0056458,4.9231
0.022736,0.012207,4.928
0.025787,0.019989,4.9182
0.027771,0.02533,4.928
0.03067,0.02655,4.9133
0.032349,0.026093,4.917
0.036926,0.025482,4.9133
0.040131,0.026245,4.9084
0.041962,0.026855,4.9097
0.041656,0.026398,4.9109
0.039215,0.021515,4.9011
0.037231,0.013885,4.9109
0.034637,0.011902,4.9072
0.033112,0.010223,4.9121
0.033112,0.013123,4.906
0.032959,0.016327,4.9146
0.032501,0.018921,4.9109
0.03006,0.018921,4.9146
0.03067,0.015869,4.9231
0.029449,0.013275,4.9182
0.029144,0.011749,4.9207
0.029297,0.014343,0.042725
0.029449,0.016022,0.047607
0.03006,0.016479,0.056152
0.026245,0.016022,0.053711
0.02182,0.014954,0.058594
0.018768,0.013123,0.061035
0.015411,0.010986,0.058594
0.013428,0.0090027,0.062256
0.011444,0.0076294,0.059814
0.0093079,0.004425,0.065918
0.0065613,0.00061035,0.037842
0.0033569,-0.0024414,0.063477
0.004425,-0.0061035,0.064697
0.0056458,-0.0074768,0.065918
0.0085449,-0.0079346,0.062256
0.0097656,-0.0090027,0.064697
0.012054,-0.0090027,0.070801
0.014191,-0.0071716,0.067139
0.010681,-0.0042725,0.075684
0.01358,-0.0022888,0.064697
0.013733,-0.00061035,0.05249
0.013275,-0.00015259,0.053711
0.012817,0.00030518,0.056152
0.011902,0.0018311,0.053711
0.013885,0.0032043,0.05249
0.016327,0.012054,0.047607
0.020599,0.010071,0.05127
0.025177,0.012817,0.047607
0.028381,0.013733,0.048828
0.03067,0.014191,0.043945
0.030823,0.012665,0.048828
0.030212,0.010376,0.042725
0.028076,0.0083923,0.046387
0.02594,0.0065613,0.050049
0.021362,0.0030518,0.042725
0.0177,0.00015259,0.040283
0.013123,-0.0027466,0.048828
0.010376,-0.0039673,0.023193
0.0091553,-0.0035095,0.039063
0.0090027,-0.002594,0.039063
0.010071,0,0.039063
0.010681,0.0012207,0.037842
0.011139,0.00091553,0.037842
0.011444,-0.00015259,0.042725
0.010376,-0.0027466,0.040283
0.012207,-0.005188,0.043945
0.012817,-0.0054932,0.040283
0.013123,-0.0050354,0.047607
0.013733,-0.0039673,0.050049
0.014191,-0.0022888,0.05249
0.014496,-0.00045776,0.05249
0.016937,0.0019836,0.059814
0.017242,0.00061035,0.062256
0.019379,0.0073242,0.057373
0.02121,0.0090027,0.072021
0.023193,0.0083923,0.061035
0.024261,0.0064087,0.05127
0.025482,0.0039673,0.059814
0.026093,0.0016785,0.063477
0.026398,-0.00045776,0.054932
0.025635,-0.0013733,0.063477
0.024261,-0.0012207,0.061035
0.026398,-0.00076294,0.063477
0.020599,0.0021362,0.064697
0.019531,0.0036621,0.067139
0.019531,0.0073242,0.061035
0.019226,0.0076294,0.068359
0.018463,0.0064087,0.065918
0.017853,0.0039673,0.064697
0.017853,0.0010681,0.065918
0.019073,-0.0021362,0.057373
0.019531,-0.0028992,0.056152
0.019379,-0.0028992,0.05249
0.018005,-0.0021362,0.05127
0.014801,-0.0013733,0.048828
0.012512,-0.0038147,0.039063
0.010529,-0.0038147,0.042725
0.009613,-0.0064087,0.045166
0.010681,-0.0067139,4.3713
0.011749,-0.0056458,4.8743
0.014648,-0.0042725,4.906
0.016174,-0.0028992,4.9121
0.018005,-0.0042725,4.9048
0.020752,-0.0064087,4.9097
0.024719,-0.0083923,4.9109
0.027924,-0.010223,4.9084
0.031738,-0.010071,4.9097
0.034637,-0.0090027,4.9133
0.037079,-0.0073242,4.9207
0.034943,-0.0050354,4.9097
0.038757,-0.0059509,4.917
0.040741,-0.0065613,4.9109
0.040131,-0.0083923,4.8962
0.039215,-0.010986,4.9097
0.036926,-0.012817,4.917
0.03479,-0.013428,4.9158
0.032043,-0.012207,4.9084
0.029449,-0.011749,4.9182
0.028992,-0.010376,4.9219
0.027924,-0.0080872,4.9243
0.028381,-0.0071716,4.9292
0.028687,-0.0068665,4.9255
0.030823,-0.0064087,4.9341
0.032043,-0.0065613,4.9329
0.030823,-0.0061035,4.9329
0.029449,-0.0048828,4.9402
0.026398,-0.0022888,4.9243
0.022736,-0.0013733,4.9329
0.019836,0.00091553,4.9353
0.015717,0.00061035,4.9426
0.014954,-0.00045776,4.9304
0.014496,-0.0012207,4.9353
0.01709,-0.0027466,4.9377
0.020752,-0.002594,4.9329
0.022736,-0.002594,4.9316
0.024261,-0.0041199,4.9365
0.024719,-0.0056458,4.9304
0.025482,-0.0073242,4.9316
0.02594,-0.0057983,4.9268
0.023804,-0.0047302,4.9268
0.02121,-0.0028992,4.9231
0.019379,-0.00091553,4.9219
0.016479,-0.00076294,4.9194
0.015869,-0.00091553,4.9243
0.016327,-0.0012207,4.928
0.018311,-0.0027466,4.9231
0.023346,-0.0028992,4.9207
0.018158,-0.0027466,4.9146
0.018005,-0.0027466,4.9023
0.014496,-0.0041199,4.9109
0.011139,-0.0054932,4.9097
0.0082397,-0.0074768,4.9097
0.0059509,-0.0088501,4.9097
0.0036621,-0.0093079,4.9084
0.0015259,-0.0068665,4.9097
0.0016785,-0.0053406,4.906
0.0010681,-0.0038147,4.9109
0.0056458,-0.0048828,4.9072
0.0094604,-0.0057983,4.9084
0.013428,-0.0082397,4.9109
0.016937,-0.0080872,4.9158
0.019989,-0.0073242,4.9121
0.02121,-0.0050354,4.9158
0.024261,-0.0018311,4.9121
0.025177,0.00076294,4.9194
0.02533,0.0019836,4.9268
0.025635,0.0035095,4.928
0.025635,0.0032043,4.9133
0.024719,0.0038147,4.9243
0.026093,0.0057983,4.9121
0.025024,0.0054932,0.061035
0.02533,0.0086975,0.063477
0.025482,0.0059509,0.058594
0.027618,0.0022888,0.063477
0.030365,0.00030518,0.061035
0.033417,-0.0019836,0.062256
0.034943,-0.0033569,0.061035
0.037384,-0.0032043,0.065918
0.036011,-0.0036621,0.062256
0.033264,-0.0045776,0.064697
0.029755,-0.0061035,0.080566
0.026093,-0.0093079,0.067139
0.023956,-0.011139,0.068359
0.022125,-0.011749,0.065918
0.02121,-0.010986,0.047607
0.020752,-0.009613,0.058594
0.020447,-0.0085449,0.057373
0.022583,-0.010529,0.056152
0.024414,-0.011292,0.05249
0.028076,-0.010376,0.048828
0.03067,-0.0090027,0.046387
0.032043,-0.0056458,0.046387
0.033264,-0.0016785,0.05127
0.032501,-0.00045776,0.043945
0.032043,-0.0013733,0.046387
0.029907,-0.0028992,0.046387
0.028839,-0.0035095,0.046387
0.029297,-0.00091553,0.045166
0.027313,-0.0027466,0.041504
0.029907,0.0019836,0.042725
0.029907,0.0039673,0.040283
0.030975,0.0045776,0.040283
0.030823,0.0059509,0.0354
0.031128,0.0067139,0.047607
0.031433,0.0073242,0.039063
0.030975,0.0073242,0.039063
0.031891,0.0062561,0.0354
0.030823,0.007019,0.040283
0.03067,0.0059509,0.036621
0.028992,0.0050354,0.042725
0.027771,0.0053406,0.041504
0.024719,0.0041199,0.047607
0.023041,0.0018311,0.047607
0.019836,-0.0016785,0.050049
0.017242,-0.0038147,0.056152
0.014954,-0.0041199,0.054932
0.01358,-0.0041199,0.06958
0.010071,-0.005188,0.059814
0.007019,-0.0068665,0.06958
0.0050354,-0.010681,0.059814
0.0047302,-0.013123,0.056152
0.0041199,-0.012817,0.062256
0.0039673,-0.01236,0.057373
0.002594,-0.0091553,0.061035
0.0032043,-0.0068665,0.061035
0.0021362,-0.007019,0.061035
0.0021362,-0.0090027,0.058594
0.0022888,-0.011902,0.062256
0.0016785,-0.013275,0.064697
0.0056458,-0.011902,0.063477
0.007019,-0.0085449,0.067139
0.0083923,-0.0038147,0.067139
0.0088501,-0.0016785,0.062256
0.010223,-0.0018311,0.058594
0.011597,-0.00091553,0.056152
0.013428,-0.0021362,0.063477
0.016174,-0.0021362,0.053711
0.015869,0,0.062256
0.018921,0.0016785,0.05127
0.020905,0.0042725,0.048828
0.023804,0.0041199,0.042725
0.024414,0.00076294,0.046387
0.023651,0.002594,0.045166
0.022583,0.0019836,0.042725
0.019379,0.00091553,0.037842
0.017242,0.0038147,0.045166
0.01709,0.0047302,0.039063
0.016785,0.0042725,0.041504
0.017242,0.0028992,4.2419
0.015564,0.0016785,4.8706
0.016479,-0.0012207,4.9048
0.015411,0.00091553,4.9097
0.013885,0.0015259,4.9194
0.013428,0.0012207,4.9084
0.01297,0.0022888,4.9084
0.011749,-0.0019836,4.9158
0.0083923,-0.00045776,4.895
0.0036621,-0.0013733,4.9109
0.002594,-0.00076294,4.9158
0.00015259,-0.002594,4.9146
0.00076294,-0.0033569,4.9146
-0.00076294,-0.0041199,4.9194
-0.00091553,-0.0056458,4.9194
-0.00061035,-0.0062561,4.9231
0.00030518,-0.0061035,4.928
0.0022888,-0.0035095,4.9292
0.0054932,-0.0013733,4.9341
0.002594,-0.00076294,4.9268
0.0033569,0.0010681,4.9316
0.0035095,0.00091553,4.9292
0.0071716,-0.00045776,4.9304
0.0091553,-0.0027466,4.9353
0.010529,-0.0041199,4.9329
0.013275,-0.0062561,4.9438
0.013428,-0.007782,4.9341
0.014191,-0.0093079,4.9243
0.016479,-0.0073242,4.9414
0.018768,-0.005188,4.9316
0.019836,-0.0028992,4.9304
0.019531,0.00076294,4.9353
0.020447,0.0013733,4.9316
0.021057,-0.00061035,4.9304
0.019379,-0.0062561,4.9268
0.020447,-0.0041199,4.9292
0.02182,-0.0045776,4.9231
0.024261,-0.004425,4.9219
0.026703,-0.0039673,4.9194
0.028381,-0.002594,4.9243
0.030365,-0.0019836,4.9255
0.029144,-0.0019836,4.9158
0.03006,-0.0012207,4.9146
0.029297,0,4.9146
0.026245,0.0010681,4.9097
0.025177,0.00045776,4.9133
0.024109,-0.00045776,4.9097
0.024872,0.00061035,4.9109
0.02594,0.0010681,4.9133
0.027771,0.00061035,4.8914
0.029907,0.0054932,4.9109
0.031128,0.0035095,4.9097
0.033112,0.0030518,4.9109
0.032654,0.0015259,4.9084
0.03479,0.0015259,4.9158
0.036011,0.0032043,4.9109
0.036621,0.0047302,4.9133
0.036621,0.005188,4.9109
0.036469,0.0032043,4.917
0.036163,-0.0013733,4.9231
0.036926,-0.00091553,4.917
0.036774,-0.0019836,4.9268
0.037689,0.0012207,4.9231
0.037689,0.0057983,4.906
0.037994,0.010834,4.9255
0.037537,0.0085449,4.9255
0.036469,0.0053406,4.9304
0.036621,0.0019836,4.9304
0.035553,0,4.928
0.036163,0.00045776,4.9353
0.036774,0.002594,4.9304
0.038452,0.0047302,4.9341
0.037231,0.0059509,4.9292
0.034943,0.0065613,0.067139
0.032654,0.0054932,0.065918
0.028839,0.0056458,0.064697
0.028839,0.0067139,0.075684
0.027466,0.010071,0.068359
0.027466,0.01297,0.065918
0.027466,0.012817,0.067139
0.026855,0.012665,0.068359
0.025635,0.010986,0.057373
0.024261,0.010223,0.059814
0.02533,0.0093079,0.056152
0.025635,0.0085449,0.05249
0.025635,0.0091553,0.05127
0.024414,0.0088501,0.05249
0.02121,0.0091553,0.048828
0.0177,0.0080872,0.047607
0.01297,0.0064087,0.046387
0.010223,0.0061035,0.046387
0.010681,0.0053406,0.046387
0.011292,0.0039673,0.046387
0.014496,0.0048828,0.042725
0.016022,0.0045776,0.041504
0.018158,0.0056458,0.054932
0.018768,0.0065613,0.041504
0.020142,0.0065613,0.054932
0.021362,0.0061035,0.039063
0.022278,0.004425,0.029297
0.023041,0.0041199,0.039063
0.023193,0.0048828,0.037842
0.021667,0.0048828,0.0354
0.02121,0.004425,0.039063
0.018921,0.0032043,0.037842
0.018768,0.0012207,0.039063
0.019684,0.0010681,0.043945
0.020447,0.0010681,0.043945
0.020752,0.0018311,0.043945
0.019836,0.0021362,0.050049
0.018158,0.0039673,0.054932
0.016479,0.0030518,0.054932
0.015411,0.0018311,0.063477
0.015411,-0.00015259,0.056152
0.016174,-0.0010681,0.061035
0.015869,0.00076294,0.059814
0.015411,0.0016785,0.063477
0.01358,0.0021362,0.064697
0.012512,0.0016785,0.048828
0.01236,0.00061035,0.059814
0.01297,-0.00030518,0.061035
0.015564,-0.00030518,0.062256
0.017548,0.00061035,0.063477
0.017853,0.0019836,0.061035
0.018311,0.0021362,0.065918
0.017395,0.0010681,0.065918
0.016479,-0.0015259,0.067139
0.018005,-0.0012207,0.065918
0.019836,-0.002594,0.068359
0.022125,-0.0027466,0.057373
0.023651,-0.0042725,0.059814
0.025482,-0.004425,0.072021
0.027161,-0.0039673,0.053711
0.027161,-0.0016785,0.053711
0.027008,0.0010681,0.05127
0.026093,0.0036621,0.030518
0.025635,0.0042725,0.045166
0.024414,0.0035095,0.048828
0.022583,0.0027466,0.046387
0.021362,0.0021362,0.045166
0.020599,0.00091553,0.037842
0.020905,0.00061035,0.043945
0.022125,0.00091553,0.040283
0.025482,0.0013733,0.037842
0.028076,0.0012207,0.037842
0.028534,0.00076294,0.042725
0.028229,-0.00015259,0.037842
0.025482,-0.00015259,0.041504
0.022125,-0.0010681,0.039063
0.017395,-0.0018311,0.041504
0.015869,-0.0024414,3.6682
0.013733,-0.0019836,4.8328
0.010986,-0.0010681,4.9023
0.0094604,-0.0013733,4.9072
0.0091553,-0.0010681,4.9011
0.0097656,-0.0021362,4.9158
0.011139,-0.0022888,4.9097
0.014343,-0.00015259,4.9182
0.0177,-0.00030518,4.9194
0.020752,0.0010681,4.9243
0.02243,0.0022888,4.9255
0.023651,0.0024414,4.9231
0.022278,0.0028992,4.9329
0.020752,-0.00091553,4.928
0.020447,-0.0027466,4.9341
0.020752,-0.0036621,4.9304
0.022736,-0.0045776,4.9268
0.023346,-0.0050354,4.9451
0.02594,-0.0032043,4.9341
0.024872,-0.0016785,4.9304
0.02533,-0.0015259,4.9316
0.025635,-0.0021362,4.9146
0.02655,-0.0021362,4.9353
0.027924,-0.0016785,4.9353
0.028839,0.0018311,4.9329
0.028839,0.005188,4.9353
0.029297,0.0064087,4.9329
0.028381,0.0057983,4.9316
0.028229,0.0036621,4.9231
0.029144,0.0021362,4.9304
0.030518,0.0018311,4.9231
0.031586,0.0035095,4.9219
0.030365,0.0067139,4.9207
0.029297,0.009613,4.9243
0.025024,0.013123,4.917
0.022278,0.012665,4.9231
0.02182,0.0085449,4.9243
0.021515,0.0045776,4.9207
0.021057,0.0035095,4.9255
0.020905,0.0057983,4.9133
0.021515,0.0062561,4.8999
0.020599,0.0071716,4.9109
0.020905,0.0059509,4.9109
0.020905,0.0041199,4.9109
0.020905,0.002594,4.9097
0.02121,0.00045776,4.906
0.020905,0.0021362,4.9121
0.019684,0.004425,4.906
0.018463,0.0041199,4.9084
0.016785,0.0057983,4.9084
0.014496,0.0054932,4.9158
0.01709,0.0035095,4.9146
0.016022,0.0036621,4.9146
0.016174,0.005188,4.9304
0.016479,0.0068665,4.917
0.015564,0.0062561,4.9207
0.016022,0.0038147,4.9255
0.015564,0.0021362,4.9158
0.015564,0.0013733,4.9243
0.016632,0.00045776,4.9268
0.015869,0.0016785,4.928
0.014496,0.0024414,4.9304
0.013733,0.0059509,4.9268
0.013428,0.0056458,4.9304
0.01297,0.0039673,4.9329
0.014954,0.002594,4.9341
0.014648,0.0057983,4.9292
0.019379,0.0073242,4.9353
0.021667,0.007019,4.9341
0.021667,0.0067139,4.9377
0.02121,0.005188,4.9353
0.018158,0.0012207,4.9377
0.019226,-0.0016785,4.9414
0.018463,-0.0030518,4.9353
0.0177,-0.0071716,0.076904
0.018158,-0.0094604,0.061035
0.018005,-0.0097656,0.047607
0.020905,-0.0099182,0.058594
0.0177,-0.010376,0.048828
0.01709,-0.011902,0.047607
0.0177,-0.013123,0.050049
0.017395,-0.012817,0.043945
0.021973,-0.009613,0.050049
0.024261,-0.0050354,0.043945
0.026245,-0.0019836,0.048828
0.027618,0.0024414,0.037842
0.029144,0.0021362,0.047607
0.026398,0.0013733,0.046387
0.032043,0.0018311,0.042725
0.035858,-0.0038147,0.045166
0.039063,-0.0036621,0.041504
0.041199,-0.002594,0.039063
0.040894,-0.00091553,0.040283
0.038605,-0.00061035,0.030518
0.037842,-0.0021362,0.037842
0.035095,-0.0041199,0.037842
0.033417,-0.0061035,0.040283
0.033112,-0.0080872,0.041504
0.033722,-0.0071716,0.039063
0.032806,-0.0067139,0.045166
0.032654,-0.0057983,0.043945
0.032196,-0.0067139,0.046387
0.030518,-0.0053406,0.047607
0.029297,-0.0076294,0.05249
0.027924,-0.0091553,0.053711
0.027161,-0.0093079,0.057373
0.023956,-0.0086975,0.053711
0.024567,-0.0048828,0.058594
0.018005,-0.0013733,0.063477
0.017242,0.0022888,0.062256
0.017395,0.002594,0.070801
0.019379,0.0028992,0.062256
0.022736,0.0027466,0.043945
0.027008,0.0030518,0.057373
0.027771,0.0059509,0.064697
0.029144,0.0067139,0.059814
0.028839,0.0062561,0.063477
0.029755,0.0018311,0.058594
0.029602,-0.0022888,0.068359
0.029144,-0.0061035,0.065918
0.028992,-0.0067139,0.065918
0.02594,-0.0038147,0.063477
0.024261,0.00045776,0.067139
0.021515,0.0038147,0.059814
0.021057,0.0036621,0.059814
0.021057,0.0019836,0.06958
0.02243,-0.0039673,0.053711
0.023804,-0.0053406,0.050049
0.024872,-0.0054932,0.05249
0.025787,-0.0036621,0.041504
0.02533,-0.0024414,0.045166
0.025635,-0.0028992,0.050049
0.02533,-0.0036621,0.042725
0.025635,-0.0036621,0.05249
0.026093,-0.0039673,0.042725
0.025635,-0.0016785,0.043945
0.025024,0.0012207,0.040283
0.023041,0.005188,0.039063
0.021057,0.0047302,0.037842
0.021515,0.0032043,0.041504
0.022736,0.0010681,0.0354
0.024719,-0.00091553,0.041504
0.026093,-0.0022888,0.040283
0.026703,-0.0028992,0.041504
0.027008,-0.0030518,0.050049
0.025635,-0.0057983,0.040283
0.025787,-0.0079346,0.05127
0.024872,-0.0085449,0.039063
0.024872,-0.0085449,0.036621
0.024261,-0.0071716,0.043945
0.023651,-0.0080872,0.046387
0.023193,-0.009613,4.4434
0.021362,-0.012665,4.8889
0.019836,-0.015411,4.9182
0.021362,-0.016937,4.9243
0.022583,-0.014954,4.9243
0.025787,-0.01358,4.9316
0.028992,-0.01297,4.928
0.029755,-0.010986,4.9329
0.030212,-0.010834,4.9329
0.028534,-0.0099182,4.9353
0.027771,-0.0073242,4.9353
0.027618,-0.0048828,4.9329
0.028229,-0.0036621,4.9304
0.029297,-0.0016785,4.9341
0.03067,-0.0022888,4.9438
0.030975,-0.0018311,4.9365
0.031128,-0.0024414,4.9304
0.030975,-0.0032043,4.9329
0.031586,-0.004425,4.9329
0.031586,-0.007019,4.9341
0.03006,-0.0088501,4.9329
0.027771,-0.010681,4.9255
0.024109,-0.011139,4.9304
0.020905,-0.0085449,4.9231
0.017548,-0.0067139,4.9243
0.017242,-0.0038147,4.9219
0.019379,-0.0038147,4.9207
0.023956,-0.0042725,4.9182
0.023651,-0.0048828,4.9194
0.023956,-0.007019,4.9268
0.022583,-0.00076294,4.9182
0.020142,0.0018311,4.9109
0.018005,0.0042725,4.9158
0.018005,0.0048828,4.8962
0.016327,0.0038147,4.9097
0.016785,0.00015259,4.9109
0.014343,-0.0045776,4.9121
0.011139,-0.0048828,4.9084
0.0074768,-0.0056458,4.9084
0.005188,-0.0036621,4.9097
0.0057983,-0.0015259,4.9097
0.0074768,0.00015259,4.9084
0.010071,-0.004425,4.9097
0.010986,-0.0091553,4.9109
0.0076294,-0.01236,4.9121
0.0062561,-0.014038,4.9146
0.004425,-0.012817,4.9182
0.0028992,-0.010376,4.9194
0.0047302,-0.0074768,4.9158
0.0079346,-0.0061035,4.9255
0.0094604,-0.005188,4.9243
0.010376,-0.0062561,4.928
0.011292,-0.0035095,4.9268
0.012054,-0.0019836,4.9316
0.013275,0.0010681,4.9304
0.016327,0.0024414,4.928
0.018616,0.0021362,4.9341
0.02121,0.0062561,4.9304
0.022278,0.0061035,4.9329
0.022125,0.0057983,4.928
0.020905,0.0068665,4.9365
0.019836,0.0080872,4.9243
0.021057,0.010071,4.9365
0.023804,0.01297,4.9329
0.026398,0.014191,4.939
0.027466,0.013275,4.9451
0.024567,0.010223,4.9402
0.023956,0.0083923,4.9377
0.021362,0.0068665,4.9316
0.019531,0.007019,4.917
0.019836,0.007782,4.9255
0.02243,0.0074768,4.9219
0.023346,0.0068665,4.917
0.023041,0.0056458,0.046387
0.020599,0.0042725,0.047607
0.016785,0.0071716,0.048828
0.014648,0.009613,0.042725
0.014648,0.01236,0.047607
0.016479,0.012207,0.042725
0.018616,0.011139,0.046387
0.017853,0.0088501,0.045166
0.016937,0.0091553,0.043945
0.017853,0.010071,0.039063
0.017242,0.011597,0.042725
0.019684,0.013885,0.041504
0.02182,0.014648,0.041504
0.025177,0.01297,0.040283
0.021057,0.009613,0.037842
0.018463,0.0083923,0.039063
0.014801,0.0039673,0.036621
0.010986,0.0038147,0.042725
0.0094604,0.0039673,0.041504
0.010376,0.0042725,0.042725
0.012512,0.0039673,0.041504
0.014954,-0.0012207,0.046387
0.017242,-0.0024414,0.046387
0.019531,-0.0030518,0.05127
0.018311,-0.0028992,0.045166
0.018005,-0.00061035,0.057373
0.019073,0.0021362,0.056152
0.020447,0.0041199,0.061035
0.020905,0.0035095,0.072021
0.020599,0.0032043,0.062256
0.019073,0.0032043,0.063477
0.019531,0.0039673,0.063477
0.020752,0.0056458,0.050049
0.022583,0.0067139,0.058594
0.026093,0.0065613,0.059814
0.031738,0.0042725,0.057373
0.031738,0.0015259,0.061035
0.032043,-0.0022888,0.062256
0.030823,-0.0013733,0.065918
0.027924,-0.00091553,0.064697
0.027618,-0.00061035,0.068359
0.027924,-0.00015259,0.062256
0.029602,-0.0047302,0.064697
0.030975,-0.0021362,0.058594
0.030823,-0.0035095,0.059814
0.029907,-0.0024414,0.062256
0.027313,-0.0033569,0.056152
0.03006,-0.0027466,0.057373
0.032196,-0.0021362,0.050049
0.033875,-0.0015259,0.064697
0.036469,0.0021362,0.046387
0.037384,-0.00091553,0.056152
0.034332,-0.0012207,0.043945
0.036469,-0.0021362,0.043945
0.034332,-0.0012207,0.042725
0.033264,0,0.043945
0.032654,0.0010681,0.039063
0.032501,0.0012207,0.041504
0.031891,0.00091553,0.036621
0.031433,-0.0010681,0.042725
0.030823,-0.0013733,0.036621
0.028839,-0.0010681,0.040283
0.027008,0.00030518,0.040283
0.025635,0.0021362,0.040283
0.02594,0.0059509,0.047607
0.02655,0.0010681,0.043945
0.027313,-0.0016785,0.046387
0.028381,-0.005188,0.045166
0.027618,-0.007019,0.0354
0.026245,-0.0064087,0.046387
0.025177,-0.0033569,0.042725
0.025024,0.0019836,0.046387
0.026245,0.0065613,0.053711
0.027924,0.0076294,0.053711
0.029144,0.0056458,0.057373
0.028534,0.0027466,0.057373
0.027618,0.0015259,0.063477
0.026398,0.0032043,3.1836
0.025787,0.0054932,4.8242
0.020905,0.0083923,4.9231
0.024567,0.010071,4.9292
0.022736,0.0079346,4.9243
0.018768,0.0048828,4.9329
0.018921,0.0024414,4.9353
0.016937,0.0030518,4.9353
0.016937,0.0048828,4.9414
0.017395,0.0073242,4.9353
0.0177,0.0083923,4.9207
0.0177,0.0064087,4.9329
0.016632,0.0033569,4.9304
0.018463,-0.00015259,4.9329
0.014954,-0.00076294,4.9292
0.014343,-0.0015259,4.9243
0.014496,-0.0016785,4.928
0.015259,-0.0022888,4.9243
0.016479,-0.0038147,4.9243
0.015564,-0.0057983,4.9182
0.015869,-0.0024414,4.9219
0.016785,0.0022888,4.9182
0.019531,0.0062561,4.9207
0.023346,0.0088501,4.9243
0.026093,0.0088501,4.9182
0.028839,0.0056458,4.9133
0.030212,0.0015259,4.9146
0.031433,0.00015259,4.9023
0.033417,0.0021362,4.9072
0.033875,0.0065613,4.9109
0.033264,0.0094604,4.9109
0.031586,0.010834,4.9097
0.029144,0.0091553,4.9097
0.025177,0.0054932,4.9109
0.021362,0.0015259,4.9084
0.019073,0.00061035,4.9121
0.0177,-0.0016785,4.9097
0.018005,-0.0019836,4.9158
0.017548,-0.0024414,4.9097
0.018921,-0.0038147,4.9133
0.020142,-0.0064087,4.9109
0.02121,-0.0090027,4.917
0.023499,-0.010071,4.9268
0.023651,-0.010376,4.9243
0.023804,-0.0085449,4.9341
0.02182,-0.0053406,4.9268
0.021362,-0.0013733,4.9158
0.020599,0.0018311,4.9292
0.022278,0.0042725,4.9304
0.024567,0.005188,4.9304
0.028381,0.0045776,4.9304
0.032654,0.0048828,4.9316
0.035858,0.0054932,4.9329
0.037842,0.0082397,4.9292
0.040283,0.010681,4.9341
0.041962,0.011444,4.928
0.042877,0.010681,4.9353
0.041199,0.0080872,4.9329
0.037079,0.0061035,4.9341
0.033264,0.0053406,4.9402
0.029449,0.0041199,4.9365
0.026703,0.0073242,4.9316
0.024109,0.0035095,4.9316
0.023193,0.0015259,4.9353
0.023041,0,4.9292
0.023956,-0.0012207,4.9219
0.025787,-0.0012207,4.9231
0.028229,0.00061035,4.9158
0.028992,0.0015259,4.9255
0.03006,0.0041199,4.9207
0.027008,0.0057983,4.9158
0.023041,0.0047302,4.917
0.018158,0.0057983,4.9133
0.014191,0.0047302,0.046387
0.012054,0.0042725,0.043945
0.010834,0.0041199,0.045166
0.015717,0.0036621,0.040283
0.011444,0.002594,0.041504
0.013733,0.0013733,0.05127
0.014648,-0.0010681,0.041504
0.015564,-0.0027466,0.050049
0.016785,-0.0030518,0.040283
0.0177,-0.0073242,0.028076
0.018005,-0.0062561,0.040283
0.018005,-0.007019,0.039063
0.0177,-0.0074768,0.039063
0.0177,-0.0067139,0.040283
0.018005,-0.0038147,0.040283
0.019226,-0.0039673,0.046387
0.019531,0.0018311,0.042725
0.021667,0.0033569,0.047607
0.023651,0.0048828,0.05127
0.023804,0.0042725,0.058594
0.023651,0.0016785,0.056152
0.023041,-0.00091553,0.058594
0.021973,-0.0018311,0.072021
0.02243,-0.0016785,0.061035
0.021515,0.00030518,0.059814
0.019836,0.00030518,0.063477
0.0177,-0.00061035,0.065918
0.015259,-0.00045776,0.059814
0.015106,0.0013733,0.068359
0.015717,0.0032043,0.062256
0.019836,0.007782,0.063477
0.018158,0.010986,0.065918
0.018768,0.0079346,0.065918
0.019226,0.0079346,0.064697
0.018921,0.0033569,0.067139
0.018311,-0.00076294,0.062256
0.016785,-0.0027466,0.068359
0.016327,-0.0027466,0.059814
0.015106,-0.00076294,0.058594
0.014496,0.0013733,0.059814
0.01236,0.0019836,0.053711
0.012512,0.0010681,0.064697
0.014038,0.0019836,0.05249
0.016785,0.0028992,0.057373
0.019531,0.0057983,0.047607
0.022583,0.0082397,0.036621
0.023956,0.010223,0.047607
0.025177,0.010071,0.045166
0.026093,0.0057983,0.042725
0.025177,0.0030518,0.042725
0.024109,0.00045776,0.041504
0.022278,-0.00076294,0.040283
0.020447,0,0.037842
0.017395,0.002594,0.041504
0.015259,0.0048828,0.037842
0.010986,0.0054932,0.042725
0.0097656,0.0053406,0.042725
0.0093079,0.0061035,0.042725
0.010376,0.0062561,0.0354
0.007019,0.0045776,0.037842
0.015717,0.0032043,0.041504
0.019379,0.0022888,0.040283
0.023041,0,0.046387
0.024872,-0.0010681,0.042725
0.02533,-0.0012207,0.043945
0.02533,-0.0021362,0.045166
0.023651,-0.0028992,0.05249
0.023956,-0.0018311,0.05249
0.023041,-0.00091553,0.053711
0.02243,0.00030518,0.05249
0.023346,0.0019836,0.062256
0.024261,0.0024414,0.059814
0.025482,0.0022888,0.062256
0.027771,0.00061035,0.059814
0.028992,0.00030518,0.063477
0.033875,-0.0039673,0.058594
0.0354,-0.005188,0.062256
0.0354,-0.0079346,0.075684
0.033875,-0.010071,4.4543
0.031281,-0.009613,4.8987
0.029144,-0.0085449,4.9329
0.028381,-0.0054932,4.9194
0.028687,-0.00015259,4.9316
0.029755,0.0032043,4.928
0.029907,0.0041199,4.9329
0.031281,0.0033569,4.9341
0.032654,0.00091553,4.928
0.0354,-0.00015259,4.9304
0.038147,-0.00030518,4.9255
0.039673,-0.00030518,4.9243
0.042877,-0.00015259,4.9219
0.042267,-0.00091553,4.9121
0.039978,-0.0018311,4.9207
0.036774,-0.0042725,4.9207
0.032959,-0.0039673,4.9194
0.029449,-0.0030518,4.917
0.028534,-0.0038147,4.9255
0.028229,0.0013733,4.9158
0.028381,0.0030518,4.9243
0.027771,0.0030518,4.9097
0.028534,0.0022888,4.9133
0.028381,0.00045776,4.906
0.028992,-0.00045776,4.9121
0.029297,-0.00015259,4.9084
0.029449,0.0010681,4.9084
0.028534,0.0022888,4.9072
0.025787,0.0033569,4.9097
0.022583,0.005188,4.906
0.019989,0.005188,4.9121
0.018005,0.0047302,4.9097
0.018311,0.0053406,4.9146
0.019226,0.0059509,4.9133
0.02182,0.007019,4.9146
0.024872,0.0082397,4.9255
0.02594,0.0083923,4.9207
0.027618,0.0076294,4.9243
0.028839,0.0064087,4.9255
0.030365,0.0045776,4.9231
0.031586,0.0033569,4.9304
0.031738,0.0027466,4.9304
0.031281,0.0036621,4.9268
0.029297,0.004425,4.9292
0.027466,0.004425,4.9231
0.023651,0.0035095,4.9329
0.023499,0.0030518,4.9292
0.023499,0.0021362,4.9329
0.024567,0,4.9292
0.024872,-0.0016785,4.9329
0.024261,-0.002594,4.9353
0.023193,-0.0048828,4.9329
0.02182,-0.007019,4.9353
0.019226,-0.0080872,4.9377
0.020905,-0.0088501,4.9426
0.02121,-0.0079346,4.9377
0.021362,-0.0053406,4.9353
0.02121,-0.0038147,4.9304
0.020599,-0.0028992,4.9182
0.020905,-0.0028992,4.9219
0.022125,-0.0013733,4.9182
0.024567,-0.0015259,4.9231
0.026245,0.00045776,4.9207
0.027924,0.0012207,4.917
0.028839,0.00091553,4.9207
0.028076,0.0010681,4.9133
0.027771,-0.0024414,4.917
0.026855,-0.0036621,4.9109
0.026093,-0.0054932,4.917
0.024719,-0.0079346,4.9121
0.023346,-0.0091553,4.9158
0.021515,-0.010986,4.917
0.019989,-0.013275,0.045166
0.017548,-0.015717,0.037842
0.017242,-0.018311,0.040283
0.016479,-0.020142,0.024414
0.017395,-0.020905,0.032959
0.018616,-0.019684,0.0354
0.020599,-0.01709,0.039063
0.023041,-0.014648,0.040283
0.024261,-0.014038,0.037842
0.024261,-0.013275,0.042725
0.024414,-0.013123,0.043945
0.024719,-0.011597,0.047607
0.026093,-0.0090027,0.046387
0.028839,-0.0045776,0.05249
0.032501,-0.00030518,0.053711
0.035858,0.0032043,0.050049
0.037537,0.0047302,0.057373
0.039825,0.0050354,0.061035
0.041046,0.0042725,0.062256
0.041962,0.0019836,0.062256
0.041504,0.00030518,0.076904
0.040283,0,0.061035
0.038452,-0.00015259,0.05127
0.035095,0.0016785,0.061035
0.031586,0.0015259,0.058594
0.027313,0.00091553,0.063477
0.025024,-0.00030518,0.061035
0.022583,-0.0024414,0.063477
0.023346,-0.0038147,0.067139
0.023651,-0.0039673,0.063477
0.023346,-0.0050354,0.06958
0.022888,-0.0057983,0.062256
0.02121,-0.0054932,0.065918
0.019989,-0.0050354,0.061035
0.018616,-0.0050354,0.061035
0.015564,-0.0039673,0.062256
0.013428,-0.0021362,0.054932
0.011139,-0.00045776,0.05249
0.0088501,0.0019836,0.048828
0.0086975,0.0041199,0.043945
0.009613,0.0057983,0.048828
0.011444,0.0064087,0.047607
0.011139,0.0053406,0.041504
0.01236,0.0045776,0.043945
0.016327,0.0019836,0.041504
0.016785,-0.00076294,0.041504
0.017548,-0.0021362,0.040283
0.016174,-0.0032043,0.039063
0.015564,-0.0016785,0.036621
0.015259,0.0016785,0.040283
0.013885,0.002594,0.040283
0.012665,0.0042725,0.042725
0.011292,0.0053406,0.039063
0.013885,0.0059509,0.040283
0.015869,0.0065613,0.050049
0.01709,0.0059509,0.037842
0.0177,0.0036621,0.05127
0.018158,0.0018311,0.041504
0.019379,0.00045776,0.028076
0.020294,-0.0019836,0.042725
0.018311,0.0032043,0.047607
0.017395,0.0062561,0.048828
0.014343,0.0094604,0.054932
0.011444,0.010834,0.050049
0.0091553,0.011292,0.058594
0.0071716,0.011444,0.056152
0.0074768,0.015869,0.062256
0.0083923,0.017395,0.058594
0.010071,0.0177,0.062256
0.011749,0.018616,0.057373
0.012512,0.017853,0.063477
0.014191,0.018005,0.072021
0.014954,0.01358,0.053711
0.014343,0.01236,0.061035
0.014496,0.010529,0.062256
0.0090027,0.0093079,0.072021
0.0093079,0.0085449,0.065918
0.0068665,0.0088501,0.05249
0.0050354,0.0076294,3.5828
0.0048828,0.0071716,4.8462
0.0062561,0.0059509,4.9231
0.011444,0.005188,4.9292
0.0097656,0.0053406,4.9268
0.011902,0.0057983,4.9255
0.013123,0.0074768,4.9194
0.014038,0.009613,4.9255
0.014496,0.0090027,4.9194
0.013428,0.010834,4.9219
0.011749,0.013733,4.917
0.010071,0.014648,4.9243
0.0062561,0.016479,4.9268
0.0093079,0.016632,4.9158
0.0099182,0.015564,4.9194
0.010376,0.014496,4.9133
0.011749,0.012207,4.9011
0.014496,0.010529,4.9097
0.016632,0.0093079,4.9109
0.018005,0.0080872,4.9084
0.019684,0.0071716,4.9109
0.020447,0.0068665,4.9097
0.020599,0.0061035,4.9084
0.019684,0.0094604,4.9048
0.019379,0.0080872,4.9133
0.020752,0.007782,4.9072
0.02243,0.007782,4.9121
0.025024,0.007019,4.9158
0.029907,0.0068665,4.9158
0.029449,0.0076294,4.9121
0.027924,0.0091553,4.9194
0.030975,0.0091553,4.9182
0.032043,0.0090027,4.9194
0.032196,0.0086975,4.9207
0.030823,0.0036621,4.9304
0.029449,0.0076294,4.9146
0.02594,0.0076294,4.9268
0.022278,0.0074768,4.928
0.019836,0.0048828,4.9329
0.016327,0.0027466,4.9316
0.015411,-0.00076294,4.9292
0.014801,-0.0027466,4.9341
0.015106,-0.0035095,4.9329
0.014954,-0.0035095,4.9329
0.015411,-0.0019836,4.9353
0.017548,0.00045776,4.9377
0.019531,0.00061035,4.9341
0.023041,0.0015259,4.9377
0.026855,0.00030518,4.9487
0.028687,0.0013733,4.9292
0.030365,-0.0033569,4.9341
0.029907,-0.0030518,4.9329
0.030518,-0.0028992,4.9146
0.032501,-0.0019836,4.9255
0.035095,0.00045776,4.9194
0.036469,0.0018311,4.9194
0.037384,0.0028992,4.9231
0.037079,0.0041199,4.917
0.036011,0.0038147,4.9158
0.034332,0.0042725,4.917
0.032196,0.0068665,4.9182
0.032349,0.0079346,4.9121
0.032654,0.0080872,4.9146
0.034027,0.0071716,4.9146
0.034332,0.0041199,4.9146
0.031891,0.005188,4.9158
0.030975,0.0059509,4.9109
0.030975,0.0071716,4.9133
0.030823,0.0076294,4.9109
0.030365,0.0083923,4.9146
0.03006,0.0090027,4.8999
0.028381,0.0090027,4.9133
0.026245,0.011139,0.039063
0.024567,0.0097656,0.039063
0.022583,0.0083923,0.036621
0.022125,0.0083923,0.043945
0.023651,0.0067139,0.039063
0.025024,0.0057983,0.045166
0.027466,0.0062561,0.045166
0.028992,0.0076294,0.053711
0.030212,0.0093079,0.047607
0.029144,0.012207,0.057373
0.028992,0.014191,0.059814
0.027008,0.014496,0.059814
0.026093,0.01297,0.072021
0.024414,0.010223,0.061035
0.023041,0.007019,0.070801
0.018158,0.0024414,0.063477
0.018616,-0.00061035,0.056152
0.016785,-0.0027466,0.061035
0.01709,-0.0047302,0.059814
0.019226,-0.0050354,0.057373
0.020294,-0.004425,0.062256
0.02182,-0.0038147,0.063477
0.02182,-0.0027466,0.067139
0.021973,-0.0024414,0.067139
0.021667,-0.0012207,0.068359
0.02243,-0.00045776,0.063477
0.024872,0.00015259,0.063477
0.026855,0.0015259,0.064697
0.028687,0.0033569,0.061035
0.030365,0.0028992,0.056152
0.029755,0.00076294,0.056152
0.03006,-0.00045776,0.059814
0.029144,-0.0022888,0.05249
0.027924,-0.0024414,0.061035
0.026855,-0.00015259,0.048828
0.025787,0.0019836,0.050049
0.024414,0.0024414,0.040283
0.022125,0.0013733,0.042725
0.020752,-0.0012207,0.043945
0.018768,-0.0039673,0.042725
0.018005,-0.0054932,0.036621
0.019531,-0.0071716,0.042725
0.020905,-0.0080872,0.036621
0.02243,-0.009613,0.040283
0.023041,-0.012665,0.039063
0.02182,-0.017242,0.043945
0.019989,-0.019379,0.0354
0.018768,-0.018921,0.041504
0.02182,-0.013885,0.05127
0.024109,-0.0064087,0.040283
0.027161,0.00091553,0.042725
0.028839,0.0059509,0.042725
0.030975,0.0071716,0.029297
0.033722,0.0062561,0.042725
0.0354,0.0041199,0.046387
0.038452,0.0048828,0.048828
0.041656,0.0047302,0.050049
0.042419,0.0048828,0.056152
0.041504,0.0035095,0.057373
0.036774,0.00076294,0.056152
0.031891,-0.0015259,0.061035
0.027313,-0.0028992,0.056152
0.024109,-0.0030518,0.063477
0.021973,-0.0027466,0.061035
0.020142,-0.0019836,0.063477
0.017242,-0.00030518,0.063477
0.015869,-0.00045776,0.062256
0.013123,0.00015259,0.065918
0.013275,-0.00015259,0.063477
0.015717,0.00030518,0.074463
0.018005,0.00015259,0.065918
0.019989,-0.00091553,0.053711
0.019989,-0.0028992,0.064697
0.018311,-0.0056458,0.061035
0.016937,-0.0071716,0.061035
0.014191,-0.007019,0.063477
0.01236,-0.0061035,0.053711
0.011292,-0.004425,0.059814
0.010223,-0.002594,3.667
0.0093079,-0.0021362,4.8474
0.0097656,-0.0018311,4.9109
0.011597,-0.0035095,4.917
0.015411,0.0010681,4.9182
0.0177,0.0022888,4.9207
0.019684,0.002594,4.9207
0.02243,0.002594,4.917
0.023041,0.0013733,4.9109
0.021973,0.0015259,4.9133
0.020142,0.0028992,4.9036
0.018311,0.0035095,4.9158
0.015564,0.0065613,4.9048
0.01358,0.0054932,4.9109
0.0094604,0.0033569,4.9109
0.0091553,0.0010681,4.9097
0.010223,-0.00076294,4.9084
0.011139,-0.00091553,4.906
0.010071,-0.0010681,4.9097
0.012054,-0.0027466,4.9097
0.011902,-0.0041199,4.9109
0.0099182,-0.0062561,4.9109
0.01297,-0.0047302,4.9133
0.01297,-0.0027466,4.9097
0.012512,0.0012207,4.9182
0.01236,0.002594,4.928
0.011749,0.0080872,4.9207
0.01297,0.0083923,4.9255
0.013428,0.0091553,4.9268
0.016632,0.009613,4.9109
0.019836,0.0094604,4.9268
0.022888,0.010529,4.9304
0.025482,0.010529,4.9304
0.026703,0.011139,4.9304
0.027008,0.010071,4.928
0.025482,0.0068665,4.9329
0.023193,0.005188,4.9304
0.022125,0.0027466,4.9353
0.019684,0.0018311,4.9304
0.016632,0.0035095,4.9365
0.014343,0.0062561,4.9329
0.014343,0.007019,4.9365
0.011444,0.0085449,4.9438
0.011902,0.0074768,4.9377
0.012817,0.0054932,4.9341
0.015411,0.0056458,4.9353
0.017395,0.007019,4.939
0.0177,0.011597,4.9292
0.016785,0.0091553,4.9231
0.014801,0.011749,4.9231
0.013733,0.0094604,4.9231
0.011292,0.0071716,4.9207
0.010223,0.0057983,4.9194
0.0097656,0.0048828,4.9158
0.009613,0.0059509,4.9182
0.009613,0.0071716,4.9097
0.0097656,0.0062561,4.9158
0.010071,0.0027466,4.9121
0.011444,0.00091553,4.9072
0.01358,-0.0018311,4.9109
0.014954,-0.0041199,4.9146
0.01709,-0.0038147,4.9194
0.015411,-0.0039673,4.9146
0.016937,-0.0038147,4.9194
0.016937,-0.004425,4.8999
0.017395,-0.0068665,4.9036
0.021362,-0.0047302,4.9121
0.022278,-0.0024414,4.9084
0.024261,-0.00076294,4.9072
0.023804,0.0013733,4.9109
0.023041,0.0036621,4.9121
0.02243,0.0019836,0.050049
0.025024,0.0012207,0.045166
0.027771,0,0.05127
0.03006,0.00015259,0.045166
0.031586,0.0019836,0.058594
0.031586,0.0039673,0.05249
0.029449,0.0042725,0.059814
0.025177,0.0030518,0.063477
0.026398,0.00015259,0.061035
0.025787,-0.0021362,0.063477
0.027924,-0.0041199,0.061035
0.028381,-0.0056458,0.070801
0.028839,-0.005188,0.063477
0.027771,-0.0064087,0.061035
0.027618,-0.007782,0.058594
0.024872,-0.01236,0.059814
0.024872,-0.01297,0.064697
0.024872,-0.014191,0.064697
0.02594,-0.013428,0.062256
0.026703,-0.011749,0.068359
0.026398,-0.0067139,0.063477
0.027313,-0.0021362,0.065918
0.028229,0.0019836,0.063477
0.030365,0.0035095,0.061035
0.034027,0.0035095,0.05249
0.037079,0.0033569,0.054932
0.03891,0.0022888,0.056152
0.039825,0.0013733,0.05127
0.034485,-0.0015259,0.054932
0.03067,0.0016785,0.047607
0.026703,0,0.031738
0.024414,-0.0015259,0.043945
0.022888,-0.0027466,0.043945
0.021515,-0.0039673,0.042725
0.024261,-0.0050354,0.043945
0.023346,-0.0041199,0.03418
0.022583,-0.0030518,0.036621
0.019989,-0.0038147,0.039063
0.02243,-0.0042725,0.041504
0.025177,-0.0068665,0.036621
0.027313,-0.0048828,0.043945
0.029297,-0.0093079,0.039063
0.029297,-0.0071716,0.041504
0.026703,-0.002594,0.042725
0.024719,0.0018311,0.041504
0.02182,0.005188,0.039063
0.021973,0.0061035,0.041504
0.024109,0.0053406,0.039063
0.025482,0.0032043,0.041504
0.027161,0.0012207,0.037842
0.027618,0.0021362,0.048828
0.028076,0.0018311,0.05249
0.027924,0.0018311,0.048828
0.028076,-0.00015259,0.056152
0.024719,-0.0024414,0.054932
0.025635,-0.0053406,0.062256
0.02243,-0.0076294,0.054932
0.018768,-0.0080872,0.062256
0.015259,-0.0065613,0.054932
0.012817,-0.0048828,0.063477
0.012512,-0.0045776,0.061035
0.01297,-0.005188,0.061035
0.016327,-0.0053406,0.070801
0.019836,-0.0057983,0.061035
0.022583,-0.0042725,0.065918
0.025482,-0.0012207,0.064697
0.025787,0.0012207,0.057373
0.027008,0.0016785,0.064697
0.029602,0.00061035,0.073242
0.033264,-0.0016785,0.062256
0.034637,-0.0030518,0.063477
0.034943,-0.004425,0.058594
0.032043,-0.0032043,0.057373
0.026855,-0.0021362,0.054932
0.021667,-0.0012207,0.054932
0.017853,-0.0024414,0.047607
0.016785,-0.0062561,0.048828
0.017242,-0.011597,0.047607
0.018616,-0.013428,0.05249
0.019226,-0.013275,4.2761
0.020294,-0.011597,4.8718
0.019531,-0.007782,4.917
0.020905,-0.0045776,4.9109
0.024414,-0.0035095,4.9158
0.028992,-0.0036621,4.9121
0.031128,-0.0021362,4.9121
0.031433,-0.00045776,4.9097
0.028534,0.0022888,4.9072
0.026703,0.0053406,4.9097
0.025635,0.0059509,4.9048
0.025787,0.0022888,4.9048
0.028839,-0.0024414,4.9109
0.029602,-0.0054932,4.9072
0.029755,-0.007782,4.9084
0.028534,-0.004425,4.9097
0.028076,0.00030518,4.917
0.026855,0.004425,4.9146
0.027771,0.007019,4.9194
0.03006,0.0067139,4.9316
0.032806,0.0053406,4.9207
0.034943,0.0033569,4.9158
0.036316,0.0032043,4.9268
0.035553,0.0045776,4.9182
0.032959,0.0057983,4.928
0.028687,0.0062561,4.9292
0.024109,0.005188,4.9316
0.021515,0.0038147,4.9304
0.018921,0.0022888,4.928
0.01709,0.0010681,4.9329
0.013275,-0.00015259,4.9292
0.009613,-0.0019836,4.9316
0.0057983,0.00045776,4.928
0.0065613,0.0015259,4.9365
0.0091553,0.0022888,4.9341
0.013428,0.0030518,4.9353
0.015869,0.00091553,4.9341
0.017395,-0.0016785,4.9402
0.013733,-0.002594,4.9414
0.0093079,-0.0028992,4.9353
0.0053406,-0.0024414,4.9451
0.0027466,-0.0016785,4.928
0.0021362,0.0013733,4.9207
0.0022888,-0.00091553,4.917
0.002594,-0.00091553,4.9207
0.0027466,0.00045776,4.9194
0.0045776,0.0032043,4.9207
0.007019,0.0048828,4.8987
0.011139,0.0065613,4.9158
0.017242,0.007019,4.9146
0.024261,0.0065613,4.9146
0.024261,0.0061035,4.9109
0.024261,0.0064087,4.9146
0.02243,0.007019,4.9133
0.018616,0.0094604,4.9146
0.015717,0.011444,4.9146
0.013275,0.01236,4.9109
0.013885,0.010681,4.9109
0.014496,0.010834,4.9084
0.014496,0.0090027,4.9036
0.014648,0.0082397,4.9109
0.014038,0.0090027,4.9084
0.014191,0.0099182,4.9109
0.014343,0.011444,4.9097
0.015869,0.012665,4.9011
0.016632,0.011749,4.9158
0.016022,0.011597,4.9121
0.014343,0.0091553,4.9207
0.0082397,0.010223,4.9219
0.0032043,0.011749,4.9255
-0.0012207,0.013428,4.9243
-0.0036621,0.014343,0.061035
-0.0065613,0.016174,0.056152
-0.0028992,0.014954,0.061035
-0.0013733,0.013123,0.065918
-0.00015259,0.011139,0.059814
0.00045776,0.010986,0.070801
0.0022888,0.011139,0.061035
0.0042725,0.01236,0.045166
0.0062561,0.013428,0.057373
0.0068665,0.01236,0.064697
0.0057983,0.011597,0.063477
0.0012207,0.0099182,0.064697
-0.00015259,0.0076294,0.061035
-0.0028992,0.0061035,0.067139
-0.0041199,0.0059509,0.063477
-0.0027466,0.0065613,0.063477
-0.0010681,0.0083923,0.059814
0.0018311,0.0097656,0.064697
0.0050354,0.0091553,0.058594
0.0067139,0.010834,0.057373
0.010071,0.010223,0.064697
0.01297,0.011292,0.053711
0.01709,0.013733,0.048828
0.020905,0.014496,0.048828
0.023041,0.017853,0.040283
0.022583,0.02121,0.046387
0.020599,0.016785,0.042725
0.018005,0.014496,0.043945
0.015259,0.013428,0.042725
0.014038,0.013123,0.040283
0.015411,0.014038,0.040283
0.017853,0.011597,0.037842
0.019226,0.010681,0.040283
0.021057,0.0042725,0.036621
0.020599,0.0027466,0.042725
0.021057,0.0032043,0.0354
0.021973,0.0039673,0.040283
0.024109,0.005188,0.041504
0.023651,0.0036621,0.043945
0.023804,0.0024414,0.05127
0.020142,-0.00091553,0.046387
0.016174,-0.0048828,0.056152
0.013885,-0.0071716,0.043945
0.012207,-0.0053406,0.036621
0.013885,-0.0028992,0.05127
0.0177,0.00045776,0.05127
0.021515,0,0.05127
0.026703,0.00091553,0.057373
0.026855,-0.00030518,0.056152
0.026855,-0.0015259,0.058594
0.026855,0.00030518,0.059814
0.027771,0.0024414,0.063477
0.03006,0.0039673,0.058594
0.032043,0.0032043,0.063477
0.032349,0.0015259,0.063477
0.030975,-0.0019836,0.062256
0.029449,-0.0038147,0.06958
0.026398,-0.0038147,0.061035
0.023956,-0.0028992,0.063477
0.024872,-0.00061035,0.063477
0.025635,-0.00061035,0.070801
0.028992,-0.0030518,0.065918
0.029144,-0.005188,0.068359
0.028534,-0.005188,0.061035
0.028687,-0.0035095,0.063477
0.028534,0.00015259,0.057373
0.029144,0.0033569,0.057373
0.030212,0.0045776,0.045166
0.030212,0.0024414,0.053711
0.029144,0.0010681,0.050049
0.027924,-0.0010681,0.056152
0.02594,-0.0027466,0.048828
0.025024,-0.0016785,0.048828
0.023499,-0.0016785,0.043945
0.023193,-0.00091553,0.048828
0.023041,-0.0012207,0.057373
0.02243,-0.0015259,0.045166
0.022278,-0.00015259,0.047607
0.021362,0,1.1218
0.020447,-0.00061035,4.6765
0.018463,-0.00076294,4.8889
0.019531,0.00061035,4.906
0.021362,0.0013733,4.9084
0.023804,0.0027466,4.9084
0.025024,0.0038147,4.906
0.025787,0.0032043,4.9097
0.024261,0.0010681,4.9084
0.024109,-0.00076294,4.9097
0.024109,-0.0015259,4.9048
0.024567,0,4.9219
0.025177,0.0028992,4.9158
0.023651,0.0010681,4.917
0.02243,-0.00015259,4.9194
0.02243,-0.0035095,4.9207
0.020752,-0.0064087,4.9243
0.02121,-0.0067139,4.9255
0.023041,-0.0067139,4.9365
0.023956,-0.0045776,4.928
0.024567,-0.0050354,4.9255
0.023956,-0.0053406,4.9316
0.023041,-0.0048828,4.9231
0.02121,-0.0038147,4.9292
0.021515,-0.0018311,4.9304
0.021515,0.0013733,4.9316
0.021667,0.0039673,4.9329
0.02243,0.004425,4.9329
0.021515,0.0033569,4.9377
0.022125,0.0018311,4.9316
0.023041,0.00030518,4.9377
0.025787,0.0015259,4.9329
0.029297,0.0024414,4.9255
0.032043,0.0047302,4.9451
0.033875,0.005188,4.9316
0.034332,0.002594,4.9304
0.032349,-0.00061035,4.9292
0.029144,-0.0054932,4.9158
0.026855,-0.0071716,4.9268
0.025024,-0.0099182,4.9194
0.023956,-0.010223,4.9207
0.023041,-0.0088501,4.9182
0.021973,-0.010529,4.9207
0.021515,-0.013733,4.917
0.021515,-0.016479,4.9146
0.020294,-0.018616,4.9109
0.019684,-0.01709,4.9109
0.019684,-0.012512,4.9121
0.019226,-0.0059509,4.9133
0.020294,-0.0013733,4.917
0.021973,-0.0015259,4.906
0.022125,-0.0047302,4.9109
0.02243,-0.0080872,4.9158
0.023346,-0.0079346,4.9072
0.023956,-0.0028992,4.9146
0.025177,0.0030518,4.9121
0.026093,0.0073242,4.8962
0.027008,0.0083923,4.906
0.028076,0.0071716,4.9084
0.029144,0.0080872,4.9133
0.030365,0.0056458,4.9133
0.03067,0.007019,4.9109
0.031891,0.0073242,4.9182
0.030212,0.005188,4.9121
0.029907,0.0033569,4.9255
0.03006,0.0022888,4.9182
0.029907,0.0021362,4.9304
0.028229,0.0033569,4.928
0.027313,0.0057983,4.9329
0.027008,0.0061035,4.9438
0.025787,0.0065613,4.9341
0.024567,0.0048828,4.9329
0.024109,0.0024414,0.064697
0.024719,0.0012207,0.056152
0.024567,0.00076294,0.058594
0.02243,-0.0041199,0.059814
0.019531,-0.00015259,0.061035
0.015869,0.00045776,0.064697
0.012665,0.0010681,0.059814
0.011444,0.00045776,0.067139
0.0088501,0.0010681,0.065918
0.0071716,0.0013733,0.067139
0.0056458,0.00061035,0.064697
0.0048828,0.0019836,0.064697
0.0064087,0.002594,0.058594
0.0080872,0.00045776,0.056152
0.010376,-0.0032043,0.058594
0.0094604,-0.0054932,0.05127
0.012817,-0.0068665,0.057373
0.01358,-0.0074768,0.05249
0.014343,-0.0035095,0.065918
0.015411,-0.00061035,0.047607
0.015717,0.0032043,0.05249
0.015564,0.0056458,0.045166
0.015106,0.0061035,0.041504
0.014801,0.0050354,0.040283
0.015717,0.0021362,0.045166
0.016937,-0.00061035,0.037842
0.01709,-0.0019836,0.041504
0.018463,-0.00015259,0.037842
0.018158,0.0012207,0.041504
0.016632,0.0027466,0.032959
0.014038,0.0038147,0.042725
0.01236,0.0033569,0.040283
0.010376,0.0042725,0.041504
0.010681,0.0045776,0.050049
0.0094604,0.0050354,0.045166
0.0091553,0.0073242,0.046387
0.0083923,0.0050354,0.042725
0.0079346,0.0035095,0.039063
0.007782,0.00091553,0.047607
0.0079346,-0.00061035,0.047607
0.007782,-0.0022888,0.05127
0.0062561,0.0012207,0.056152
0.0045776,0.0041199,0.057373
0.0032043,0.0050354,0.057373
0.0022888,0.0035095,0.056152
0.0010681,0.0010681,0.063477
0.0013733,-0.0016785,0.058594
0.0027466,-0.0030518,0.064697
0.004425,-0.0039673,0.063477
0.0071716,-0.0030518,0.062256
0.011139,-0.0018311,0.062256
0.012817,-0.00061035,0.063477
0.014648,-0.00015259,0.06958
0.015259,0.0012207,0.064697
0.016174,0.0028992,0.073242
0.0177,0.0050354,0.065918
0.015259,0.0062561,0.056152
0.01358,0.0045776,0.064697
0.012817,0.0024414,0.061035
0.011902,-0.0019836,0.056152
0.01236,-0.0053406,0.057373
0.01297,-0.0071716,0.05249
0.010529,-0.010529,0.054932
0.015411,-0.0047302,0.05249
0.017853,0.00015259,0.05249
0.019226,0.00091553,0.047607
0.020905,0.0028992,0.050049
0.02121,0.0041199,0.045166
0.021667,0.0053406,0.047607
0.023193,0.0061035,0.045166
0.022736,0.0059509,0.046387
0.023804,0.0062561,0.039063
0.024414,0.0041199,0.039063
0.023346,0.0021362,0.025635
0.023804,-0.00015259,0.036621
0.023956,-0.0021362,0.039063
0.025024,-0.0035095,0.039063
0.025482,-0.0033569,0.040283
0.024872,-0.0041199,2.3364
0.023804,-0.005188,4.7571
0.022125,-0.0065613,4.8926
0.021057,-0.0080872,4.906
0.019684,-0.0088501,4.9084
0.018768,-0.0088501,4.9158
0.018616,-0.0091553,4.9158
0.018768,-0.0088501,4.9182
0.019989,-0.0088501,4.9146
0.019989,-0.0074768,4.9207
0.021667,-0.0061035,4.928
0.022888,-0.004425,4.9255
0.023193,-0.0019836,4.9402
0.025482,-0.00076294,4.928
0.028076,0.00015259,4.9207
0.029907,-0.00015259,4.9329
0.030365,-0.0013733,4.9304
0.030975,-0.0027466,4.9268
0.032501,-0.0036621,4.9304
0.032959,-0.0047302,4.9292
0.03479,-0.0056458,4.9329
0.03479,-0.0045776,4.9304
0.034943,-0.0064087,4.9353
0.033417,-0.0062561,4.9304
0.030365,-0.0061035,4.9353
0.028076,-0.0059509,4.9353
0.02655,-0.0045776,4.9365
0.026703,-0.0045776,4.9414
0.027924,-0.0032043,4.9329
0.030518,-0.0018311,4.9304
0.032043,-0.0016785,4.928
0.028687,0.00061035,4.9255
0.032349,0.00091553,4.9243
0.032806,0.0012207,4.9207
0.032959,0.0015259,4.9194
0.032654,0.0021362,4.9219
0.031128,0.0045776,4.9182
0.029449,0.0074768,4.9146
0.027313,0.0090027,4.9121
0.025482,0.010223,4.917
0.025635,0.0097656,4.9109
0.025787,0.0083923,4.9133
0.026855,0.0064087,4.9097
0.028076,0.0057983,4.9158
0.027618,0.0042725,4.9097
0.026855,0.0042725,4.9146
0.025024,0.0032043,4.9231
0.023804,0.0016785,4.9133
0.023041,-0.00045776,4.9121
0.022125,-0.0028992,4.9109
0.020752,-0.0047302,4.895
0.019531,-0.0045776,4.9097
0.019989,-0.0039673,4.9109
0.020142,-0.0027466,4.9133
0.019684,-0.002594,4.9146
0.020294,-0.002594,4.9121
0.020447,-0.0027466,4.9158
0.020294,-0.002594,4.9182
0.020294,-0.0021362,4.9255
0.020599,-0.0019836,4.9255
0.021515,-0.0012207,4.9292
0.020752,-0.0019836,4.928
0.020447,-0.0039673,4.9304
0.020294,-0.0054932,4.9377
0.019836,-0.0074768,4.9329
0.018768,-0.0083923,4.9377
0.0177,-0.0082397,4.9341
0.017853,-0.0076294,4.9365
0.016327,-0.0082397,4.9304
0.015869,-0.0082397,4.9414
0.015106,-0.0094604,4.9316
0.015717,-0.011139,4.9353
0.016937,-0.011597,4.928
0.018311,-0.01236,0.072021
0.02182,-0.0079346,0.064697
0.020905,-0.0041199,0.065918
0.025177,-0.00015259,0.062256
0.026703,0.002594,0.064697
0.028687,0.0036621,0.050049
0.029602,0.0021362,0.059814
0.032043,0.0013733,0.056152
0.032349,0.0016785,0.054932
0.034637,0.0022888,0.058594
0.035553,0.0028992,0.05249
0.035248,0.0012207,0.05249
0.035858,-0.0016785,0.046387
0.03418,-0.0056458,0.0354
0.030212,-0.0083923,0.042725
0.025787,-0.011444,0.043945
0.021515,-0.011749,0.037842
0.017853,-0.010376,0.043945
0.014801,-0.0086975,0.03418
0.013428,-0.0076294,0.039063
0.01297,-0.007782,0.037842
0.014343,-0.010834,0.042725
0.015106,-0.014343,0.032959
0.016785,-0.015411,0.042725
0.018768,-0.014954,0.039063
0.019989,-0.014801,0.041504
0.021515,-0.0097656,0.041504
0.022583,-0.0082397,0.042725
0.022736,-0.0068665,0.041504
0.021515,-0.0038147,0.041504
0.021362,-0.0022888,0.047607
0.021667,-0.00030518,0.05127
0.019836,0,0.043945
0.019226,-0.00045776,0.050049
0.0177,-0.00061035,0.057373
0.016174,-0.00091553,0.054932
0.015564,-0.00061035,0.057373
0.015717,-0.0019836,0.057373
0.016785,-0.0030518,0.062256
0.019379,-0.0038147,0.062256
0.019073,-0.007019,0.064697
0.020599,-0.0050354,0.05249
0.020752,-0.0048828,0.065918
0.022736,-0.00091553,0.058594
0.022583,0.0032043,0.064697
0.019989,0.0067139,0.075684
0.01709,0.0064087,0.064697
0.011597,0.0085449,0.064697
0.0053406,0.0059509,0.067139
0.0012207,0.0047302,0.047607
-0.0022888,0.0024414,0.062256
-0.0027466,-0.0012207,0.062256
-0.0032043,-0.0016785,0.058594
-0.0024414,-0.0088501,0.061035
-0.00015259,-0.012817,0.053711
0.0013733,-0.015411,0.053711
0.0042725,-0.014038,0.050049
0.0068665,-0.009613,0.05127
0.0074768,-0.0047302,0.046387
0.0082397,0.0021362,0.05127
0.0071716,0.0079346,0.047607
0.0068665,0.016022,0.047607
0.0076294,0.018463,0.042725
0.0080872,0.019989,0.045166
0.013885,0.019989,0.046387
0.021362,0.0177,0.041504
0.027161,0.016327,0.046387
0.033417,0.010834,0.031738
0.032043,0.0083923,0.028076
0.03418,0.0086975,0.039063
0.030365,0.0093079,0.040283
0.02243,0.010681,0.037842
0.016022,0.0091553,0.040283
0.007019,0.0073242,0.0354
0.00015259,0.0054932,0.041504
-0.0042725,0.004425,0.037842
-0.0061035,0.0057983,0.042725
-0.0038147,0.0067139,0.065918
0.0016785,0.0079346,4.6191
0.0074768,0.0053406,4.8901
0.012512,0.0032043,4.9182
0.016022,0.0012207,4.9268
0.0177,0.0016785,4.9255
0.016022,0.0042725,4.9329
0.012817,0.0065613,4.9292
0.0079346,0.0085449,4.9219
0.0015259,0.0076294,4.9304
-0.0050354,0.0047302,4.928
-0.0093079,0.0038147,4.928
-0.0097656,0.00045776,4.928
-0.0080872,0.00045776,4.9292
-0.0048828,0.0015259,4.9207
-0.00030518,0.0039673,4.9304
0.0047302,0.0057983,4.9353
0.0091553,0.0071716,4.9316
0.013123,0.0083923,4.9316
0.015869,0.010681,4.9207
0.018768,0.01297,4.928
0.020447,0.017242,4.9341
0.019989,0.020294,4.939
0.023346,0.021515,4.9414
0.024261,0.019836,4.9304
0.023499,0.015717,4.9341
0.023651,0.010223,4.9255
0.023346,0.0056458,4.9121
0.023041,0.0021362,4.9182
0.02182,0.00045776,4.9146
0.019226,-0.0012207,4.9158
0.016632,-0.0018311,4.9194
0.015259,-0.0039673,4.9133
0.014496,-0.0050354,4.9146
0.012512,-0.0071716,4.9097
0.014038,-0.0056458,4.9121
0.015106,-0.0030518,4.895
0.015869,-0.0015259,4.9146
0.016785,-0.0010681,4.9097
0.016785,0.00030518,4.9158
0.015564,0.00061035,4.9158
0.014954,0.00015259,4.9146
0.015259,0.0016785,4.9097
0.015717,0.0036621,4.9133
0.015869,0.0062561,4.8975
0.018463,0.0065613,4.9084
0.020294,0.0056458,4.9182
0.022583,0.0030518,4.9158
0.024872,0.0038147,4.9121
0.028381,0.0030518,4.9133
0.031586,0.0033569,4.917
0.032501,0.004425,4.9194
0.032654,0.0067139,4.9231
0.034943,0.0047302,4.9219
0.032043,0.0042725,4.9268
0.031281,0.0097656,4.9268
0.031586,0.0073242,4.9316
0.030975,0.0080872,4.9329
0.03067,0.007782,4.9304
0.031281,0.0056458,4.9365
0.030975,0.0019836,4.9316
0.031128,-0.0016785,4.9438
0.028992,-0.0045776,4.9329
0.027466,-0.0050354,4.9219
0.02655,-0.0038147,4.9341
0.025787,-0.0013733,4.9341
0.025787,0.002594,4.9304
0.027161,0.0045776,4.9377
0.027618,0.0057983,4.9377
0.028076,0.0053406,4.9377
0.028839,0.0030518,4.9304
0.028076,0.00076294,4.9341
0.028076,-0.00076294,4.9255
0.027924,-0.0010681,4.9268
0.027771,-0.0012207,0.057373
0.026855,-0.0024414,0.054932
0.025787,-0.0042725,0.054932
0.023346,-0.0054932,0.05249
0.025177,-0.0062561,0.047607
0.026093,-0.0018311,0.046387
0.028229,0.0047302,0.039063
0.030975,0.010529,0.045166
0.032501,0.014954,0.041504
0.033417,0.016022,0.037842
0.03418,0.014496,0.039063
0.034027,0.010071,0.039063
0.03418,0.0067139,0.040283
0.032501,0.0039673,0.037842
0.031586,0.0028992,0.041504
0.029602,0.00030518,0.03418
0.027924,-0.002594,0.045166
0.026703,-0.004425,0.040283
0.024872,-0.0050354,0.042725
0.023956,-0.0041199,0.037842
0.023346,-0.0019836,0.043945
0.024261,-0.00030518,0.048828
0.023499,0.0013733,0.043945
0.02655,0.0018311,0.058594
0.026855,0.0010681,0.047607
0.02655,-0.0016785,0.036621
0.026703,-0.004425,0.050049
0.026703,-0.007019,0.054932
0.026398,-0.0080872,0.056152
0.026093,-0.007782,0.059814
0.024567,-0.0067139,0.056152
0.024261,-0.0076294,0.062256
0.023346,-0.0080872,0.058594
0.022583,-0.009613,0.062256
0.023346,-0.010681,0.057373
0.024109,-0.0088501,0.064697
0.024414,-0.0056458,0.058594
0.02533,-0.0027466,0.064697
0.02594,-0.0022888,0.075684
0.02655,-0.0039673,0.067139
0.02533,-0.0068665,0.063477
0.025787,-0.0080872,0.064697
0.025024,-0.0076294,0.067139
0.024261,-0.0050354,0.062256
0.02594,-0.00061035,0.059814
0.026093,0.00045776,0.063477
0.026093,0.0016785,0.057373
0.026245,-0.00030518,0.053711
0.027466,-0.0022888,0.053711
0.029755,-0.0042725,0.048828
0.031738,-0.0047302,0.050049
0.032959,-0.0033569,0.047607
0.031891,-0.0032043,0.053711
0.032501,-0.0036621,0.046387
0.031586,-0.0054932,0.048828
0.030212,-0.0073242,0.045166
0.030365,-0.0082397,0.045166
0.030823,-0.0080872,0.05249
0.030975,-0.0076294,0.041504
0.030212,-0.007019,0.053711
0.029449,-0.0079346,0.039063
0.027466,-0.0094604,0.032959
0.024872,-0.011749,0.037842
0.022278,-0.011902,0.0354
0.020294,-0.011444,0.03418
0.020447,-0.0088501,0.037842
0.020142,-0.0067139,0.037842
0.020447,-0.0027466,0.041504
0.021515,-0.0028992,0.037842
0.022888,-0.0028992,0.042725
0.025177,-0.0022888,0.040283
0.027618,-0.0018311,0.047607
0.029144,-0.0015259,0.05127
0.03006,-0.00015259,0.05127
0.028839,0.00076294,0.053711
0.026703,0.00045776,0.057373
0.024261,0.0018311,0.058594
0.020905,0.00091553,4.4678
0.017395,-0.00015259,4.9023
0.014954,-0.0013733,4.928
0.014343,-0.0022888,4.9231
0.015106,-0.0033569,4.9292
0.016022,-0.005188,4.9292
0.017242,-0.0065613,4.9304
0.016937,-0.0080872,4.9304
0.016785,-0.0097656,4.9182
0.016174,-0.0093079,4.9353
0.014954,-0.0093079,4.9329
0.013885,-0.0082397,4.9353
0.01236,-0.0080872,4.9316
0.010529,-0.0079346,4.9377
0.0068665,-0.0097656,4.9304
0.0057983,-0.011597,4.9377
0.0054932,-0.010986,4.9438
0.0071716,-0.010681,4.9304
0.011139,-0.0090027,4.9268
0.014648,-0.0065613,4.9329
0.01709,-0.0057983,4.9036
0.017548,-0.0048828,4.9194
0.018005,-0.0042725,4.9194
0.020752,-0.0039673,4.906
0.019073,-0.0016785,4.917
0.019531,0.0012207,4.9133
0.020294,0.0033569,4.9182
0.019226,0.005188,4.9133
0.020752,0.0054932,4.9133
0.019226,0.0039673,4.9023
0.020599,0.0024414,4.9158
0.023041,0.0012207,4.9109
0.025482,0.0012207,4.9133
0.027161,0.0019836,4.9097
0.026093,0.0022888,4.9133
0.026245,0.0030518,4.9109
0.024109,0.0028992,4.9121
0.020905,0.00076294,4.9133
0.019531,-0.0018311,4.906
0.018463,-0.0041199,4.9109
0.016937,-0.004425,4.9011
0.013733,-0.0048828,4.9097
0.0099182,-0.0028992,4.9133
0.0074768,-0.00091553,4.9158
0.0053406,0.002594,4.9158
0.0048828,-0.00076294,4.9194
0.0059509,-0.00091553,4.9231
0.0083923,-0.002594,4.9316
0.011139,-0.0021362,4.9243
0.01236,-0.00045776,4.9304
0.01297,0.00076294,4.9292
0.011749,0.0013733,4.9316
0.013275,0.00045776,4.9402
0.011444,-0.00045776,4.9341
0.014496,-0.00045776,4.9353
0.016327,0.00061035,4.9329
0.016174,0.0028992,4.9243
0.014648,0.0056458,4.9341
0.013428,0.0071716,4.9329
0.013275,0.0071716,4.9329
0.015564,0.0062561,4.9353
0.019531,0.0035095,4.9414
0.023499,0.0032043,4.9341
0.026703,0.0045776,4.9329
0.028992,0.0071716,4.9329
0.029449,0.0065613,4.9268
0.029755,0.0067139,4.9292
0.031128,0.0053406,4.928
0.03006,0.0032043,4.9268
0.031586,0.0015259,4.9231
0.030365,0.00076294,4.9243
0.028839,0.00030518,4.9268
0.027161,-0.00015259,4.9194
0.024414,-0.0012207,0.061035
0.022888,-0.0062561,0.046387
0.023651,-0.010681,0.046387
0.024567,-0.014954,0.039063
0.025482,-0.013275,0.041504
0.025787,-0.010223,0.040283
0.023804,-0.0082397,0.042725
0.020905,-0.0057983,0.036621
0.019989,-0.0061035,0.042725
0.019836,-0.0064087,0.039063
0.021362,-0.0050354,0.042725
0.022278,-0.004425,0.041504
0.019989,0.00015259,0.042725
0.022278,0.0039673,0.040283
0.021057,0.0068665,0.041504
0.020294,0.007782,0.054932
0.023651,0.0068665,0.047607
0.027313,0.0050354,0.05127
0.034943,0.0042725,0.048828
0.03418,0.0045776,0.032959
0.034943,0.0050354,0.050049
0.034485,0.005188,0.05249
0.033112,0.0047302,0.058594
0.032196,0.0032043,0.056152
0.034027,0.0016785,0.056152
0.0354,-0.00015259,0.080566
0.035095,-0.0015259,0.061035
0.033264,-0.0021362,0.062256
0.029755,-0.002594,0.059814
0.026398,-0.0050354,0.064697
0.024872,-0.0067139,0.061035
0.025787,-0.0099182,0.063477
0.028229,-0.010529,0.067139
0.029602,-0.010223,0.067139
0.031281,-0.007019,0.067139
0.030365,-0.0013733,0.067139
0.029144,0.0027466,0.081787
0.027008,0.0059509,0.064697
0.02655,0.007782,0.053711
0.026703,0.0062561,0.061035
0.027466,0.0047302,0.058594
0.028076,0.0053406,0.054932
0.028076,0.0074768,0.062256
0.026703,0.0094604,0.05127
0.026398,0.010986,0.05249
0.027008,0.011444,0.047607
0.028992,0.010681,0.05249
0.03006,0.0093079,0.042725
0.030975,0.0065613,0.047607
0.031281,0.0041199,0.046387
0.028992,0.0042725,0.046387
0.02594,0.0035095,0.048828
0.022278,0.0027466,0.041504
0.019989,0.0016785,0.043945
0.016479,-0.0018311,0.037842
0.016632,-0.0056458,0.028076
0.018616,-0.0091553,0.041504
0.017242,-0.010071,0.039063
0.015259,-0.010071,0.040283
0.013733,-0.007782,0.040283
0.015106,-0.0053406,0.037842
0.018158,-0.0045776,0.042725
0.021515,-0.0062561,0.037842
0.02533,-0.0033569,0.045166
0.027161,-0.0021362,0.039063
0.026703,0.00091553,0.047607
0.02594,0.0028992,0.047607
0.025177,0.0024414,0.05127
0.026093,0,0.050049
0.026703,-0.0038147,0.056152
0.030823,-0.0067139,0.057373
0.031433,-0.0076294,0.057373
0.030365,-0.0064087,0.068359
0.027313,-0.0035095,0.061035
0.02533,-0.0042725,0.046387
0.023956,-0.0059509,0.061035
0.024567,-0.009613,0.062256
0.026703,-0.013123,1.5564
0.027161,-0.015564,4.7314
0.025787,-0.016174,4.9109
0.023804,-0.01358,4.9316
0.023041,-0.011749,4.9304
0.023346,-0.010071,4.9353
0.02533,-0.0079346,4.9329
0.028534,-0.0071716,4.9304
0.03067,-0.0050354,4.9341
0.029907,-0.0015259,4.9341
0.029449,0.0015259,4.9426
0.027008,0.0045776,4.9304
0.026093,0.005188,4.9268
0.027313,0.0048828,4.9292
0.030212,0.0036621,4.9207
0.032806,0.0015259,4.9207
0.034027,0.00045776,4.9207
0.032959,-0.0024414,4.9182
0.029602,-0.0032043,4.917
0.027618,-0.0024414,4.9146
0.026398,-0.0035095,4.917
0.026855,-0.0033569,4.9121
0.02655,-0.0013733,4.9121
0.025787,-0.0064087,4.9048
0.023346,-0.0086975,4.9133
0.019379,-0.010986,4.9097
0.015717,-0.010529,4.9158
0.013885,-0.0091553,4.9084
0.013885,-0.0061035,4.917
0.017242,-0.0036621,4.9084
0.020294,-0.0027466,4.9121
0.022888,-0.0013733,4.9194
0.024567,0.00061035,4.9084
0.024261,0.0035095,4.8999
0.023346,0.0062561,4.9146
0.022583,0.007782,4.9133
0.021973,0.0083923,4.9097
0.016327,0.0067139,4.9158
0.016632,0.002594,4.9146
0.011749,-0.0018311,4.9146
0.0061035,-0.0036621,4.9219
0.0032043,-0.0027466,4.928
0.0019836,-0.00015259,4.9231
0.0039673,0.0018311,4.9304
0.007782,0.0042725,4.9316
0.011139,0.0016785,4.9353
0.013123,-0.00030518,4.9353
0.013275,-0.0013733,4.9341
0.012512,-0.0015259,4.9329
0.01236,-0.0016785,4.9329
0.013428,-0.0027466,4.9414
0.015717,-0.0032043,4.9292
0.01709,-0.0050354,4.9243
0.014801,-0.0067139,4.9292
0.013428,-0.007019,4.9329
0.0057983,-0.0059509,4.9365
0.0019836,-0.0036621,4.9353
0.00091553,-0.0016785,4.9329
0.0021362,0.00015259,4.9341
0.0048828,0.0018311,4.9292
0.0082397,0.0030518,4.9255
0.011292,0.0028992,4.9243
0.01297,0.0042725,4.928
0.014954,0.0074768,4.9207
0.016632,0.011902,4.9243
0.018616,0.016479,4.9353
0.020142,0.018311,4.9207
0.020599,0.016937,4.9219
0.018463,0.014343,4.9182
0.014496,0.011749,4.8987
0.011444,0.0088501,4.9121
0.0067139,0.0086975,4.9036
0.004425,0.0080872,4.9158
0.0056458,0.007782,4.9097
0.0076294,0.0054932,0.037842
0.011292,0.0015259,0.042725
0.01297,0.0045776,0.039063
0.01358,-0.0016785,0.039063
0.01297,-0.00030518,0.0354
0.013123,0.0028992,0.042725
0.013428,0.0065613,0.040283
0.014648,0.0076294,0.040283
0.014038,0.0076294,0.045166
0.012207,0.007782,0.045166
0.010071,0.007019,0.043945
0.0079346,0.0076294,0.048828
0.0068665,0.010376,0.050049
0.0073242,0.013123,0.050049
0.0097656,0.015869,0.042725
0.0097656,0.017548,0.057373
0.011292,0.017853,0.056152
0.010986,0.017242,0.056152
0.010071,0.01358,0.054932
0.0094604,0.010223,0.057373
0.010986,0.0080872,0.064697
0.013275,0.0083923,0.059814
0.016632,0.0085449,0.061035
0.018463,0.010376,0.061035
0.019379,0.0091553,0.061035
0.018463,0.0085449,0.062256
0.0177,0.0056458,0.064697
0.017242,0.0032043,0.073242
0.016632,0.0012207,0.065918
0.018616,0.0019836,0.070801
0.018616,0.0010681,0.065918
0.019226,0.0010681,0.05127
0.019073,0.0030518,0.063477
0.018921,-0.00045776,0.058594
0.019226,-0.00091553,0.05249
0.020752,-0.0015259,0.057373
0.022736,-0.00061035,0.05127
0.024567,-0.00045776,0.05249
0.024414,-0.00045776,0.048828
0.024872,-0.00076294,0.05249
0.022583,-0.0018311,0.041504
0.021057,-0.00030518,0.048828
0.02121,0.0013733,0.047607
0.022736,0.0027466,0.046387
0.024719,0.0035095,0.043945
0.027466,0.002594,0.042725
0.028229,0.0047302,0.043945
0.028229,-0.00030518,0.037842
0.028687,0.0010681,0.041504
0.029602,0.0013733,0.039063
0.031433,0.0015259,0.032959
0.033569,0.0039673,0.03418
0.035095,0.00030518,0.039063
0.036621,-0.0018311,0.041504
0.036011,-0.0035095,0.041504
0.035248,-0.0038147,0.0354
0.033264,-0.0015259,0.041504
0.033112,0.0024414,0.040283
0.032806,0.0056458,0.046387
0.032959,0.0062561,0.043945
0.033722,0.0039673,0.050049
0.034332,0.0016785,0.05127
0.033875,0.00076294,0.05249
0.033722,0.00076294,0.072021
0.033417,0.0021362,0.056152
0.032043,0.002594,0.062256
0.030212,0.0012207,0.058594
0.027618,-0.0019836,0.047607
0.027924,-0.0050354,0.058594
0.025635,-0.0061035,0.057373
0.023651,-0.0053406,0.062256
0.021667,-0.0035095,0.061035
0.020599,-0.0012207,0.058594
0.022278,-0.0013733,0.061035
0.023804,-0.00091553,0.061035
0.026855,-0.0030518,0.067139
0.029144,-0.0018311,0.061035
0.032196,-0.0015259,4.3591
0.033112,-0.00091553,4.8962
0.034027,0.00061035,4.9329
0.034943,0.0016785,4.9365
0.037384,0.002594,4.9329
0.037537,0.0022888,4.9341
0.037384,0.0022888,4.9353
0.035095,0.002594,4.9377
0.032501,0.0022888,4.9207
0.029297,0.002594,4.9243
0.028076,0.0030518,4.9194
0.028839,0.002594,4.9194
0.029602,0.0012207,4.9158
0.03067,-0.00076294,4.9219
0.030365,-0.0033569,4.9133
0.029144,-0.0059509,4.9158
0.026245,-0.007019,4.8999
0.024719,-0.007019,4.9146
0.023956,-0.0042725,4.9084
0.024872,-0.0027466,4.9133
0.026398,-0.002594,4.9109
0.026093,-0.0038147,4.9109
0.026703,-0.0054932,4.9158
0.026398,-0.0062561,4.9084
0.026855,-0.0048828,4.9109
0.029144,-0.0024414,4.9084
0.032043,0.0013733,4.9036
0.035095,0.0027466,4.9121
0.037994,0.0032043,4.9146
0.03952,0.00045776,4.9097
0.040131,-0.00076294,4.9146
0.039063,-0.0013733,4.9158
0.038757,-0.00030518,4.9207
0.037994,0.0018311,4.9182
0.037079,0.0019836,4.9255
0.036316,-0.0015259,4.9255
0.032959,-0.0054932,4.9292
0.028381,-0.0094604,4.9268
0.023651,-0.011139,4.9292
0.020752,-0.009613,4.9255
0.020294,-0.0080872,4.9304
0.021362,-0.0083923,4.9365
0.023193,-0.010681,4.9329
0.023499,-0.012207,4.9377
0.02594,-0.01236,4.9341
0.026245,-0.0079346,4.9121
0.029144,-0.0013733,4.9316
0.033264,0.0035095,4.9353
0.033722,0.0061035,4.9353
0.036011,0.0053406,4.9365
0.036469,0.002594,4.9329
0.037079,0.00045776,4.9365
0.037537,0.0013733,4.928
0.037231,0.005188,4.9304
0.0383,0.0079346,4.928
0.038605,0.0091553,4.928
0.037537,0.0068665,4.9207
0.034637,0.0015259,4.9231
0.031586,-0.0035095,4.9292
0.027466,-0.0067139,4.917
0.024261,-0.0012207,4.9158
0.02182,-0.002594,4.9182
0.021973,0.0012207,4.9048
0.019379,0.0030518,4.9121
0.023346,0.0033569,4.9084
0.024414,0.0028992,4.9146
0.025635,0.0016785,4.9158
0.025024,0.00045776,4.9072
0.024109,-0.00015259,4.9109
0.024414,-0.0018311,4.9023
0.023956,0,4.906
0.02243,-0.0027466,4.9084
0.019226,-0.0038147,4.9133
0.01709,-0.0054932,0.036621
0.014496,-0.0041199,0.043945
0.013123,-0.0045776,0.037842
0.012817,-0.0018311,0.0354
0.015717,0.0022888,0.05249
0.018005,0.0041199,0.047607
0.019073,0.0045776,0.058594
0.020142,0.0021362,0.036621
0.017395,-0.002594,0.043945
0.019073,-0.0061035,0.053711
0.019073,-0.0086975,0.056152
0.018616,-0.0093079,0.054932
0.018616,-0.0097656,0.059814
0.015564,-0.0099182,0.059814
0.013885,-0.0093079,0.062256
0.013123,-0.0083923,0.062256
0.015564,-0.007019,0.062256
0.019989,-0.0039673,0.058594
0.024109,-0.00061035,0.056152
0.02594,0.0021362,0.063477
0.028839,0.0028992,0.062256
0.029449,0.0010681,0.072021
0.027313,-0.0016785,0.068359
0.02533,-0.0053406,0.067139
0.023041,-0.0099182,0.065918
0.019684,-0.0050354,0.06958
0.011902,-0.002594,0.064697
0.011749,-0.00045776,0.061035
0.0074768,0.00091553,0.057373
0.0050354,0.0021362,0.053711
0.0045776,0.0032043,0.053711
0.0053406,0.0042725,0.050049
0.0083923,0.0079346,0.047607
0.010529,0.011139,0.05127
0.015717,0.010223,0.046387
0.014343,0.0079346,0.050049
0.015717,0.0047302,0.046387
0.01709,0.0015259,0.047607
0.017395,0.00015259,0.042725
0.016174,0.00076294,0.042725
0.01358,0.00076294,0.056152
0.011444,-0.0010681,0.040283
0.0080872,-0.0012207,0.05249
0.0067139,-0.0018311,0.041504
0.0068665,-0.0021362,0.032959
0.0093079,-0.0016785,0.036621
0.012512,0.00076294,0.039063
0.015564,0.0041199,0.040283
0.019073,0.0076294,0.036621
0.02121,0.0065613,0.036621
0.023651,0.0057983,0.040283
0.024567,0.0053406,0.039063
0.024414,0.0047302,0.043945
0.024109,0.0048828,0.042725
0.02182,0.005188,0.048828
0.021057,0.005188,0.050049
0.020752,0.0036621,0.057373
0.017242,0.0019836,0.064697
0.015869,0.00015259,0.057373
0.014648,-0.00045776,0.056152
0.015106,0.00076294,0.062256
0.01297,0.0028992,0.064697
0.019073,0.0035095,0.061035
0.021515,0.004425,0.056152
0.022736,0.0027466,0.059814
0.024567,0.00061035,0.062256
0.025635,-0.0010681,0.059814
0.027313,-0.0013733,0.062256
0.029449,-0.00045776,0.062256
0.031128,0.00015259,0.064697
0.031281,0.0033569,0.063477
0.03067,0.004425,0.064697
0.030518,0.0032043,0.064697
0.030212,0.0032043,0.067139
0.030212,0.0022888,0.062256
0.029602,0.00045776,0.059814
0.031281,-0.00091553,0.067139
0.029449,-0.0018311,2.6221
0.028381,-0.0028992,4.79
0.026703,-0.0038147,4.9097
0.025787,-0.0041199,4.9048
0.024567,-0.0038147,4.9207
0.024567,-0.0032043,4.9109
0.026093,-0.0048828,4.9182
0.026703,-0.0032043,4.9146
0.029144,-0.0018311,4.9133
0.028687,-0.0022888,4.9121
0.029907,-0.0021362,4.9109
0.029907,-0.0016785,4.9109
0.031128,-0.002594,4.9084
0.032043,-0.0035095,4.9121
0.032349,-0.004425,4.9146
0.031738,-0.0028992,4.9097
0.032959,-0.0013733,4.9048
0.029297,-0.00045776,4.9097
0.027313,0.00045776,4.9109
0.027466,-0.00030518,4.9097
0.027008,0,4.9158
0.027618,0.00015259,4.9146
0.026093,0.00091553,4.9084
0.026093,0.0012207,4.9146
0.026093,0.0018311,4.9133
0.026703,0.0012207,4.9182
0.026093,0.0012207,4.9084
0.026245,0.0015259,4.917
0.027618,0.0021362,4.9243
0.028076,0.0042725,4.9255
0.028229,0.0062561,4.928
0.027161,0.0061035,4.9219
0.02655,0.0053406,4.9341
0.02655,0.0039673,4.9304
0.027618,0.0027466,4.9341
0.029449,0.002594,4.9402
0.030518,0.002594,4.9341
0.029297,0.0032043,4.9292
0.028992,0.0032043,4.9353
0.027313,0.0028992,4.9268
0.026398,0.0018311,4.9316
0.024567,0.0019836,4.9341
0.024261,0.00076294,4.9353
0.023346,0.0012207,4.9341
0.02243,0.00061035,4.9304
0.021667,-0.0024414,4.9341
0.020752,-0.0024414,4.9304
0.020599,-0.0039673,4.9194
0.019531,-0.0068665,4.9255
0.02121,-0.0068665,4.928
0.020447,-0.0061035,4.9219
0.019989,-0.0039673,4.9231
0.018616,-0.002594,4.9182
0.018005,-0.0030518,4.9231
0.016785,-0.0036621,4.9243
0.017548,-0.0047302,4.9194
0.018616,-0.0048828,4.9268
0.02243,-0.0032043,4.9097
0.02533,-0.0015259,4.9133
0.028381,0.0012207,4.9133
0.029449,0.0032043,4.9109
0.029297,0.0045776,4.9084
0.028992,0.0045776,4.9109
0.028839,0.0032043,4.9133
0.029602,-0.0012207,4.9097
0.030365,-0.0035095,4.9084
0.029755,-0.0057983,4.9121
0.029907,-0.0068665,4.9084
0.028076,-0.0056458,4.9133
0.026703,-0.0061035,4.9109
0.02533,-0.0056458,4.9158
0.024261,-0.0067139,4.9207
0.022888,-0.0082397,4.9182
0.021515,-0.0099182,0.056152
0.020752,-0.0091553,0.05249
0.019684,-0.0079346,0.047607
0.018463,-0.0073242,0.056152
0.018311,-0.0068665,0.056152
0.018158,-0.0068665,0.057373
0.019073,-0.0067139,0.062256
0.020447,-0.0064087,0.062256
0.021667,-0.0054932,0.061035
0.023193,-0.0036621,0.059814
0.024719,-0.00030518,0.063477
0.025787,-0.0016785,0.057373
0.027924,-0.0016785,0.062256
0.030365,-0.0018311,0.064697
0.035553,-0.0021362,0.065918
0.034027,-0.00030518,0.065918
0.03418,0.0035095,0.067139
0.035553,0.0048828,0.073242
0.036011,0.0045776,0.062256
0.036163,0,0.075684
0.035858,-0.0028992,0.063477
0.0354,-0.0045776,0.05127
0.033569,-0.002594,0.057373
0.031281,0.0015259,0.056152
0.031281,0.0047302,0.05249
0.02655,0.0082397,0.053711
0.024872,0.0038147,0.046387
0.022888,0.00015259,0.054932
0.020599,-0.0016785,0.042725
0.019073,-0.0010681,0.047607
0.018921,0.0013733,0.047607
0.020294,0.0033569,0.047607
0.019836,0.0047302,0.042725
0.021667,0.0035095,0.046387
0.02121,0.0012207,0.05249
0.020447,-0.00030518,0.039063
0.019379,0.00015259,0.041504
0.018311,0.0010681,0.040283
0.018311,0.0039673,0.023193
0.017853,0.0057983,0.0354
0.018311,0.0083923,0.037842
0.017548,0.005188,0.039063
0.017242,0.0038147,0.040283
0.016937,-0.0013733,0.041504
0.016174,-0.0010681,0.043945
0.01709,-0.0018311,0.040283
0.018158,-0.0035095,0.043945
0.018768,-0.00076294,0.043945
0.019989,0.0021362,0.050049
0.020752,0.0045776,0.047607
0.02121,0.0059509,0.053711
0.018768,0.0067139,0.056152
0.017242,0.0064087,0.059814
0.0177,0.0094604,0.058594
0.016785,0.0094604,0.064697
0.016022,0.009613,0.074463
0.016174,0.0090027,0.059814
0.013275,0.0047302,0.050049
0.011749,0.0068665,0.061035
0.010529,0.0062561,0.062256
0.011749,0.0079346,0.057373
0.012665,0.0079346,0.062256
0.013885,0.010376,0.062256
0.011902,0.012054,0.064697
0.0090027,0.014038,0.064697
0.0064087,0.014496,0.06958
0.0039673,0.014191,0.062256
0.0042725,0.014954,0.068359
0.005188,0.014954,0.062256
0.0056458,0.013733,0.063477
0.007019,0.01236,0.063477
0.0074768,0.010834,0.057373
0.0074768,0.0094604,0.054932
0.007019,0.0082397,0.05249
0.0083923,0.0099182,0.05127
0.0093079,0.011749,0.047607
0.0088501,0.012512,0.047607
0.007019,0.013275,0.2002
0.0047302,0.012207,4.6448
0.0039673,0.010071,4.895
0.002594,0.0074768,4.9097
0.002594,0.0057983,4.9036
0.0045776,0.0053406,4.9121
0.0047302,0.0061035,4.9084
0.0047302,0.0068665,4.9109
0.0045776,0.0079346,4.9121
0.0057983,0.0083923,4.9133
0.0068665,0.0085449,4.906
0.0074768,0.0082397,4.9133
0.0090027,0.0091553,4.9255
0.010223,0.009613,4.9109
0.011139,0.0097656,4.9194
0.011444,0.0090027,4.9048
0.013275,0.0082397,4.8962
0.012665,0.0085449,4.9133
0.015106,0.0071716,4.9146
0.016632,0.0067139,4.9182
0.017853,0.0056458,4.917
0.018005,0.004425,4.9158
0.018005,0.0027466,4.9243
0.0177,0.0038147,4.9268
0.016937,0.0012207,4.9304
0.016479,0.0019836,4.9243
0.016174,0.0022888,4.9341
0.0177,0.0042725,4.9316
0.018768,0.0048828,4.9341
0.019836,0.0053406,4.9377
0.021973,0.004425,4.9268
0.023041,0.0039673,4.9304
0.023041,0.002594,4.9353
0.021667,0.0048828,4.9438
0.021057,0.0048828,4.9341
0.019836,0.0042725,4.9329
0.018921,0.0028992,4.9304
0.018158,0.00076294,4.9329
0.0177,-0.0012207,4.9292
0.016785,-0.0016785,4.9329
0.017395,-0.0019836,4.9292
0.018311,-0.0019836,4.9292
0.019531,-0.00015259,4.9243
0.022125,-0.00015259,4.9292
0.024414,-0.0015259,4.9207
0.026703,-0.0035095,4.9231
0.027008,-0.0050354,4.9219
0.02655,-0.0062561,4.9207
0.02594,-0.0059509,4.9255
0.027161,-0.005188,4.9194
0.028229,-0.0041199,4.917
0.028534,-0.0047302,4.9109
0.028687,-0.0074768,4.9036
0.027771,-0.0061035,4.9121
0.027008,-0.0057983,4.9109
0.027008,-0.0050354,4.9084
0.027466,-0.0021362,4.9109
0.029449,0.00030518,4.9133
0.032196,0.0035095,4.9109
0.031738,0.0054932,4.9097
0.03067,0.0050354,4.9097
0.028839,0.0050354,4.9072
0.027161,0.0033569,4.9133
0.027771,0.0013733,4.9146
0.029755,-0.00015259,4.9133
0.030823,0.00076294,4.9109
0.031586,0.0010681,4.9158
0.031281,0.002594,4.9146
0.030212,0.0036621,4.9146
0.031128,0.0045776,4.9268
0.032196,0.005188,4.9255
0.033417,0.0054932,4.9133
0.033112,0.0065613,4.9207
0.032349,0.0067139,0.061035
0.03067,0.0071716,0.062256
0.028229,0.0071716,0.062256
0.028839,0.0065613,0.057373
0.028839,0.0057983,0.064697
0.030212,0.0062561,0.062256
0.031281,0.0056458,0.058594
0.031128,0.0059509,0.059814
0.032806,0.007019,0.065918
0.032806,0.0064087,0.062256
0.032959,0.0059509,0.067139
0.032043,0.004425,0.083008
0.03067,0.0030518,0.065918
0.028687,0.0013733,0.067139
0.026703,-0.00045776,0.062256
0.025635,-0.0018311,0.046387
0.025024,-0.0032043,0.056152
0.024872,-0.0036621,0.063477
0.023956,-0.0050354,0.053711
0.023041,-0.0056458,0.053711
0.023499,-0.0056458,0.050049
0.025787,-0.0039673,0.05249
0.028687,-0.00091553,0.047607
0.032501,0.0024414,0.047607
0.033569,0.0059509,0.045166
0.034332,0.0079346,0.046387
0.034027,0.0062561,0.045166
0.032806,0.0053406,0.037842
0.031281,0.0028992,0.045166
0.033112,0.0010681,0.042725
0.034637,0,0.040283
0.034027,-0.00015259,0.039063
0.032654,0,0.041504
0.029449,-0.0013733,0.037842
0.025787,-0.0022888,0.043945
0.023499,-0.0019836,0.039063
0.021973,-0.00091553,0.041504
0.021973,0.00030518,0.037842
0.020599,0.0016785,0.046387
0.018921,0.0022888,0.039063
0.017395,0.00015259,0.041504
0.015106,-0.0048828,0.042725
0.014343,-0.0085449,0.048828
0.015564,-0.011444,0.047607
0.015869,-0.010986,0.05249
0.015869,-0.0080872,0.05249
0.014191,-0.0041199,0.056152
0.014343,-0.0012207,0.072021
0.014801,-0.0015259,0.058594
0.01709,-0.0024414,0.067139
0.022278,-0.0018311,0.061035
0.027924,0.00015259,0.057373
0.033264,0.005188,0.062256
0.036926,0.0090027,0.061035
0.038452,0.0090027,0.061035
0.039368,0.0054932,0.058594
0.038757,-0.00061035,0.061035
0.036316,-0.0028992,0.063477
0.035553,-0.0027466,0.062256
0.033417,0.00015259,0.067139
0.030975,0.0028992,0.063477
0.028076,0.0039673,0.067139
0.024719,0.0016785,0.065918
0.022278,-0.0015259,0.065918
0.022583,-0.0048828,0.059814
0.023651,-0.0050354,0.061035
0.023651,-0.0027466,0.062256
0.022888,0.00030518,0.05249
0.020599,0.0016785,0.062256
0.018768,-0.00015259,0.048828
0.016937,-0.0028992,0.047607
0.016327,-0.0064087,0.047607
0.016327,-0.0065613,0.046387
0.016785,-0.0047302,0.043945
0.017242,-0.0024414,0.046387
0.016174,-0.00030518,0.040283
0.016785,0.0019836,0.042725
0.016327,0.0013733,1.1169
0.01709,0.00061035,4.6887
0.018768,0.00045776,4.8914
0.020599,-0.00030518,4.9072
0.021057,-0.00076294,4.9109
0.020599,-0.00091553,4.9109
0.020294,-0.00030518,4.9194
0.019989,0.00030518,4.9133
0.020447,0.00015259,4.9109
0.019379,-0.00045776,4.9097
0.022888,-0.0030518,4.8962
0.022736,-0.0062561,4.9146
0.02243,-0.007782,4.9097
0.021515,-0.0071716,4.9158
0.017853,-0.0054932,4.9158
0.019684,-0.0048828,4.9207
0.019073,-0.0050354,4.9194
0.019836,-0.005188,4.9231
0.020447,-0.0062561,4.9316
0.020142,-0.0079346,4.9255
0.020142,-0.0065613,4.9316
0.019836,-0.0024414,4.9316
0.018463,0.0015259,4.9365
0.018158,0.0050354,4.9304
0.019073,0.004425,4.9329
0.017853,0.0033569,4.9341
0.017395,0.0024414,4.9353
0.017548,0.0024414,4.9438
0.015869,0.0042725,4.9341
0.017242,0.0057983,4.9231
0.015869,0.005188,4.9377
0.016785,0.0033569,4.9353
0.018311,0.0028992,4.9316
0.021362,0.0024414,4.9341
0.022278,0.0019836,4.9304
0.022736,0.0022888,4.9304
0.02182,0.0053406,4.9255
0.020294,0.0016785,4.928
0.019684,0.0016785,4.9207
0.019989,0.0019836,4.9231
0.02243,0.0028992,4.9219
0.023193,0.0039673,4.9207
0.023346,0.0053406,4.9219
0.021973,0.0068665,4.9182
0.019836,0.0074768,4.9146
0.018311,0.0053406,4.9146
0.017853,0.0065613,4.9036
0.019531,0.0013733,4.9146
0.019684,0.00015259,4.9109
0.019379,0.00091553,4.9109
0.019073,0.0028992,4.9109
0.016785,0.0042725,4.9109
0.016327,0.0048828,4.9097
0.016022,0.0033569,4.9084
0.0177,0.0013733,4.9097
0.019836,-0.00015259,4.9084
0.020447,-0.00061035,4.9121
0.018768,-0.00076294,4.9109
0.0177,0.0012207,4.9133
0.015869,0.00076294,4.9121
0.013123,-0.00091553,4.917
0.016785,0.00030518,4.9219
0.019226,-0.0036621,4.9133
0.023346,-0.0059509,4.9329
0.02182,-0.0015259,4.9292
0.022125,0.002594,4.9109
0.022278,0.0059509,4.9255
0.023346,0.0079346,4.9243
0.024261,0.0062561,4.9268
0.026245,0.0053406,4.9365
0.027618,0.0021362,4.9255
0.028229,0.00061035,4.9365
0.026703,0.0012207,0.063477
0.025024,0.0018311,0.059814
0.024109,0.00076294,0.054932
0.021515,0.0016785,0.067139
0.02121,0.00091553,0.065918
0.020599,0.00061035,0.06958
0.019684,0.00015259,0.079346
0.018158,0.0013733,0.067139
0.017242,0.0018311,0.063477
0.01709,0.00015259,0.062256
0.0177,-0.0015259,0.057373
0.020142,-0.0059509,0.059814
0.02121,-0.007782,0.056152
0.023193,-0.0079346,0.054932
0.024109,-0.0085449,0.050049
0.022125,-0.0061035,0.042725
0.019684,-0.005188,0.047607
0.018463,-0.0050354,0.046387
0.019226,-0.0048828,0.050049
0.020905,-0.0041199,0.043945
0.020599,-0.0012207,0.046387
0.021973,0.0019836,0.045166
0.02182,0.004425,0.045166
0.02121,0.0028992,0.040283
0.020905,0.00091553,0.042725
0.022888,-0.0013733,0.050049
0.02533,-0.0054932,0.042725
0.027771,-0.005188,0.05127
0.026855,-0.0022888,0.036621
0.024567,-0.0010681,0.030518
0.021667,0.0018311,0.040283
0.0177,0.0015259,0.040283
0.015869,-0.0010681,0.037842
0.017548,-0.00015259,0.040283
0.019989,-0.0021362,0.037842
0.02182,-0.002594,0.045166
0.024261,-0.00061035,0.043945
0.024719,-0.00015259,0.048828
0.024414,0,0.047607
0.023041,0.00030518,0.053711
0.022888,0.00015259,0.048828
0.021667,-0.00030518,0.058594
0.023041,0.0015259,0.067139
0.021515,0.0016785,0.062256
0.018921,0.0030518,0.063477
0.016937,0.0047302,0.061035
0.015717,0.0074768,0.063477
0.016937,0.0090027,0.061035
0.019531,0.0097656,0.062256
0.02182,0.007019,0.059814
0.023193,0.0047302,0.059814
0.024414,0.0032043,0.059814
0.022278,0.002594,0.065918
0.020752,0.0013733,0.061035
0.018463,-0.00091553,0.067139
0.017395,-0.0035095,0.063477
0.017853,-0.0074768,0.065918
0.019836,-0.0088501,0.065918
0.023193,-0.0080872,0.062256
0.022583,-0.0056458,0.056152
0.020447,-0.0010681,0.056152
0.019531,0.0030518,0.067139
0.0177,0.0038147,0.05249
0.018921,0.0032043,0.054932
0.020142,0.00061035,0.046387
0.022125,0,0.03418
0.023193,-0.00015259,0.042725
0.023041,-0.00061035,0.042725
0.022125,-0.0013733,0.042725
0.02121,-0.0010681,0.042725
0.024261,-0.00015259,0.039063
0.028687,-0.00061035,0.041504
0.029907,-0.00061035,0.040283
0.029602,-0.00015259,0.037842
0.026703,-0.0022888,0.037842
0.022583,-0.0024414,0.046387
0.020752,-0.0027466,0.039063
0.019989,-0.0054932,0.041504
0.022125,-0.0068665,3.7427
0.023193,-0.0086975,4.8389
0.021515,-0.011139,4.8987
0.019684,-0.010834,4.9072
0.016632,-0.0094604,4.9072
0.014801,-0.007019,4.9121
0.014648,-0.0028992,4.9146
0.016174,-0.00061035,4.9158
0.01709,0,4.9158
0.019684,0.0015259,4.9219
0.022888,0.0033569,4.9219
0.024414,0.0059509,4.9194
0.026855,0.0090027,4.9304
0.029907,0.010376,4.9292
0.03479,0.010376,4.9329
0.037689,0.013123,4.9084
0.038147,0.0091553,4.9304
0.035858,0.0074768,4.9292
0.033569,0.0067139,4.9304
0.028839,0.0079346,4.9402
0.026855,0.0085449,4.9341
0.024872,0.0073242,4.9365
0.023804,0.0042725,4.9341
0.023804,0.00076294,4.9304
0.02243,-0.0027466,4.9377
0.020905,-0.005188,4.9329
0.018158,-0.00061035,4.9316
0.013123,0.0030518,4.9353
0.0090027,0.0061035,4.9231
0.0076294,0.0076294,4.9353
0.0093079,0.0056458,4.9255
0.01236,0.0074768,4.9255
0.014496,0.0054932,4.9194
0.015869,0.0057983,4.9207
0.015259,0.007782,4.9243
0.014801,0.0090027,4.9231
0.015106,0.0097656,4.9207
0.016632,0.0088501,4.917
0.018005,0.0074768,4.9219
0.015411,0.0059509,4.9146
0.012512,0.0042725,4.9219
0.0082397,0.0045776,4.9121
0.0050354,0.0045776,4.9097
0.0028992,0.0056458,4.9084
0.0048828,0.0073242,4.9109
0.0090027,0.007019,4.9121
0.012054,0.0085449,4.9097
0.014801,0.0080872,4.906
0.014496,0.0079346,4.9084
0.01236,0.0082397,4.9084
0.012207,0.0076294,4.9109
0.013123,0.0065613,4.9109
0.016327,0.0053406,4.9109
0.015717,0.0032043,4.9146
0.015717,0.0015259,4.9194
0.012207,0.00061035,4.9304
0.011139,0.0024414,4.9194
0.010681,0.0048828,4.928
0.010986,0.0068665,4.9182
0.011749,0.0082397,4.9182
0.014496,0.0091553,4.9243
0.010681,0.0082397,4.928
0.0090027,0.0083923,4.9316
0.0071716,0.0090027,4.9304
0.0057983,0.010529,4.9219
0.005188,0.012054,4.9341
0.0067139,0.011902,4.9304
0.010376,0.010834,4.9329
0.013123,0.0093079,4.928
0.014496,0.0080872,4.9341
0.016022,0.0083923,4.9255
0.012665,0.0097656,4.9414
0.011902,0.011597,0.06958
0.012207,0.012207,0.068359
0.012817,0.011139,0.074463
0.015106,0.0086975,0.063477
0.016022,0.004425,0.072021
0.015106,0.005188,0.054932
0.01297,-0.0012207,0.042725
0.010681,-0.00015259,0.05127
0.0088501,0.0016785,0.05249
0.0090027,0.0035095,0.048828
0.012512,0.0041199,0.05127
0.010071,0.0035095,0.046387
0.0097656,0.00045776,0.047607
0.0091553,0.0024414,0.042725
0.0080872,0.0045776,0.048828
0.0080872,0.0073242,0.041504
0.010376,0.0090027,0.042725
0.013885,0.0057983,0.040283
0.016174,0.0088501,0.042725
0.018463,0.0067139,0.043945
0.018921,0.0062561,0.041504
0.017548,0.0041199,0.062256
0.016022,0.0057983,0.039063
0.014191,0.007782,0.031738
0.014191,0.0086975,0.041504
0.015106,0.011597,0.041504
0.016327,0.0064087,0.0354
0.014954,0.0036621,0.037842
0.019379,0.00091553,0.039063
0.019684,0.0010681,0.043945
0.021667,0.0013733,0.045166
0.025024,0.0021362,0.043945
0.029297,0.0028992,0.047607
0.029297,0.00076294,0.056152
0.028076,-0.0016785,0.058594
0.025787,-0.0073242,0.061035
0.021362,-0.0067139,0.059814
0.017242,-0.0056458,0.062256
0.015869,-0.0036621,0.067139
0.015869,-0.00061035,0.062256
0.015717,-0.005188,0.070801
0.015717,-0.0076294,0.062256
0.016327,-0.0097656,0.042725
0.016174,-0.0094604,0.059814
0.015717,-0.0068665,0.065918
0.016632,-0.0036621,0.064697
0.017548,-0.00015259,0.065918
0.019836,-0.0018311,0.063477
0.021362,-0.0067139,0.068359
0.022278,-0.010681,0.062256
0.02243,-0.01358,0.064697
0.023193,-0.012817,0.058594
0.024567,-0.0088501,0.062256
0.025635,-0.0054932,0.057373
0.028534,-0.0039673,0.057373
0.029449,-0.0050354,0.062256
0.03067,-0.0074768,0.05127
0.029449,-0.007019,0.047607
0.028229,-0.0036621,0.048828
0.027924,0.0016785,0.037842
0.025787,0.004425,0.041504
0.025482,0.0054932,0.046387
0.02533,0.0022888,0.042725
0.025024,-0.0015259,0.040283
0.025177,-0.0022888,0.037842
0.024719,-0.0013733,0.041504
0.023804,0.00091553,0.037842
0.023041,0.0010681,0.039063
0.023193,0.0028992,0.0354
0.023804,0.0028992,0.045166
0.023804,0.0035095,0.040283
0.022278,0.0024414,0.041504
0.021362,0.00076294,0.040283
0.020142,-0.00015259,0.040283
0.02182,-0.0021362,0.050049
0.02182,-0.002594,0.042725
0.024414,-0.0015259,0.057373
0.02533,-0.00030518,0.045166
0.025635,-0.00076294,4.5654
0.025177,-0.0019836,4.8938
0.024109,-0.0042725,4.9121
0.024719,-0.0045776,4.9207
0.025787,-0.0010681,4.9219
0.027924,0.0018311,4.9243
0.028076,0.004425,4.9292
0.027161,0.0036621,4.9316
0.027313,0.00045776,4.9365
0.026398,-0.0035095,4.928
0.027008,-0.0039673,4.9353
0.027924,-0.0019836,4.9329
0.028229,0.00076294,4.9304
0.03006,0.0028992,4.9243
0.027924,0.00091553,4.9329
0.026093,-0.0028992,4.9353
0.025635,-0.0064087,4.9353
0.023956,-0.0085449,4.9414
0.024109,-0.0073242,4.9353
0.022888,-0.0033569,4.9341
0.022583,-0.00076294,4.9304
0.021362,-0.00045776,4.9316
0.020142,-0.0015259,4.9304
0.020142,-0.0042725,4.9268
0.019684,-0.0061035,4.9231
0.021057,-0.002594,4.9243
0.023651,-0.00045776,4.9158
0.025787,0.0028992,4.9207
0.027924,0.0059509,4.9194
0.029297,0.0068665,4.9219
0.030365,0.0073242,4.9146
0.031586,0.0053406,4.917
0.032349,0.0053406,4.9268
0.032196,0.0042725,4.9133
0.031738,0.0033569,4.9158
0.031281,0.0039673,4.9109
0.030518,0.00015259,4.8962
0.031128,-0.00015259,4.9072
0.031738,-0.00045776,4.9097
0.030823,-0.0022888,4.906
0.026093,-0.0036621,4.9109
0.026093,-0.0041199,4.9072
0.023499,-0.0054932,4.9097
0.021515,-0.0050354,4.9097
0.018158,-0.0064087,4.9109
0.015411,-0.0080872,4.9133
0.013123,-0.012665,4.9158
0.012207,-0.010071,4.9146
0.013733,-0.0085449,4.9182
0.014191,-0.0074768,4.9207
0.021362,-0.0074768,4.9219
0.021057,-0.007019,4.9243
0.023041,-0.0067139,4.928
0.024261,-0.0054932,4.9341
0.025482,-0.002594,4.9329
0.027771,0.0032043,4.9243
0.028534,0.0082397,4.9329
0.029602,0.013428,4.9304
0.029602,0.014343,4.9304
0.028381,0.013885,4.9316
0.027618,0.012207,4.9304
0.026093,0.0091553,4.9341
0.02533,0.0090027,4.9316
0.025482,0.010681,4.9353
0.02533,0.010529,4.9329
0.02533,0.0099182,4.9377
0.023956,0.0062561,4.9353
0.022278,0.0062561,4.9341
0.022125,0.0057983,4.9414
0.021057,0.0062561,4.9316
0.021667,0.007782,4.9316
0.022278,0.0097656,4.9268
0.021057,0.0086975,0.043945
0.020599,0.0048828,0.053711
0.017853,0.00045776,0.050049
0.015717,-0.004425,0.045166
0.013123,-0.0086975,0.047607
0.0067139,-0.010986,0.048828
0.0050354,-0.011292,0.047607
0.00091553,-0.01358,0.043945
-0.0010681,-0.0094604,0.045166
-0.0012207,-0.0071716,0.039063
0.0022888,-0.0062561,0.042725
0.0059509,-0.0057983,0.040283
0.010529,-0.0035095,0.043945
0.014648,-0.0045776,0.036621
0.019226,-0.0050354,0.040283
0.021973,-0.0048828,0.037842
0.024567,-0.0045776,0.037842
0.024719,-0.0042725,0.042725
0.023499,-0.0048828,0.040283
0.022125,-0.0038147,0.029297
0.020447,-0.0039673,0.037842
0.019531,-0.0030518,0.037842
0.018158,-0.00015259,0.045166
0.02121,0.0033569,0.043945
0.02243,0.0073242,0.045166
0.023956,0.0090027,0.05249
0.025635,0.010223,0.05127
0.027618,0.0085449,0.057373
0.027924,0.0090027,0.056152
0.028229,0.009613,0.061035
0.025635,0.009613,0.057373
0.022125,0.0083923,0.064697
0.018158,0.0061035,0.076904
0.012665,0.0038147,0.063477
0.0091553,0.0016785,0.064697
0.0041199,0.0021362,0.063477
0.0013733,0.0041199,0.047607
-0.00015259,0.0064087,0.061035
-0.0010681,0.0065613,0.059814
-0.00061035,0.0045776,0.062256
0.0021362,0.0024414,0.064697
0.0057983,0.00045776,0.062256
0.0099182,0.00030518,0.067139
0.011139,0.0016785,0.064697
0.011444,0.0012207,0.063477
0.011902,0.0024414,0.058594
0.010376,0.0010681,0.063477
0.0099182,-0.0013733,0.053711
0.0088501,-0.0018311,0.056152
0.01236,-0.0010681,0.057373
0.010681,0.0024414,0.053711
0.010986,0.0035095,0.056152
0.011902,0.0045776,0.048828
0.014343,0.0024414,0.059814
0.017242,0.00061035,0.043945
0.02121,-0.00045776,0.056152
0.024261,-0.00015259,0.041504
0.02533,0.00076294,0.043945
0.025635,0.0016785,0.040283
0.023041,0.0012207,0.041504
0.019684,0.0035095,0.037842
0.01709,0.0036621,0.040283
0.015106,0.0036621,0.037842
0.013885,0.0035095,0.043945
0.01358,0.0041199,0.039063
0.014496,0.0035095,0.039063
0.014801,0.0035095,0.041504
0.014343,0.0042725,0.037842
0.014801,0.0048828,0.048828
0.015564,0.0042725,0.042725
0.01709,0.0021362,0.05127
0.019379,0.00091553,0.045166
0.021362,0.00015259,0.036621
0.02182,0.00030518,0.050049
0.020599,0.0012207,0.048828
0.018768,0.0016785,0.05127
0.017548,0.00076294,0.053711
0.016937,-0.0019836,0.054932
0.018311,-0.005188,4.5837
0.019684,-0.0068665,4.8999
0.019379,-0.007782,4.9255
0.018158,-0.0082397,4.928
0.016327,-0.0086975,4.9304
0.014954,-0.0083923,4.9292
0.015411,-0.0090027,4.9341
0.016632,-0.0094604,4.9292
0.018158,-0.0085449,4.9316
0.02243,-0.0082397,4.939
0.023499,-0.0068665,4.9353
0.024109,-0.0079346,4.9402
0.024261,-0.010529,4.9377
0.024414,-0.014038,4.9207
0.024414,-0.01709,4.9341
0.024872,-0.018616,4.928
0.025024,-0.0177,4.9292
0.023804,-0.015106,4.928
0.024109,-0.012512,4.9219
0.021362,-0.010681,4.9255
0.021667,-0.0093079,4.9231
0.022888,-0.0085449,4.9219
0.024719,-0.0079346,4.917
0.025787,-0.0073242,4.9036
0.024567,-0.0074768,4.9182
0.024719,-0.0064087,4.917
0.023346,-0.0050354,4.9158
0.022278,-0.0035095,4.9158
0.020905,-0.0027466,4.9121
0.019989,-0.0028992,4.9133
0.020599,-0.004425,4.8975
0.020294,-0.0061035,4.9084
0.019379,-0.0082397,4.9109
0.019531,-0.0048828,4.9048
0.018158,-0.0038147,4.9133
0.02121,0.00045776,4.9084
0.022125,0.0015259,4.9109
0.023804,0.00091553,4.9084
0.024109,-0.0024414,4.9084
0.021362,-0.0028992,4.9048
0.019684,-0.0016785,4.917
0.017853,-0.0022888,4.9133
0.018616,-0.00045776,4.9207
0.017242,0.0024414,4.9158
0.016327,0.0024414,4.917
0.015717,0.00091553,4.9304
0.01709,-0.00015259,4.9255
0.018616,-0.0013733,4.9377
0.018921,-0.0021362,4.928
0.021515,-0.0027466,4.9182
0.021667,-0.0027466,4.9304
0.02182,-0.0036621,4.9329
0.022125,-0.0047302,4.9292
0.02243,-0.0053406,4.9329
0.022125,-0.0054932,4.9304
0.02121,-0.0068665,4.9353
0.018616,-0.004425,4.9304
0.016937,-0.0041199,4.9365
0.015106,-0.0041199,4.9304
0.015717,-0.0061035,4.9377
0.016632,-0.0090027,4.9377
0.018158,-0.0054932,4.9365
0.019531,-0.0035095,4.9426
0.019379,-0.0015259,4.9341
0.019531,-0.00076294,4.9292
0.019836,-0.00045776,4.928
0.019684,-0.00030518,4.9194
0.019989,0,4.9255
0.019836,0.0024414,4.9182
0.019989,0.0027466,4.9194
0.019836,0.0056458,4.917
0.02121,0.0071716,4.9207
0.023193,0.007782,4.9158
0.025482,0.0086975,0.042725
0.027466,0.0082397,0.047607
0.028839,0.0083923,0.039063
0.030365,0.0083923,0.048828
0.031433,0.007019,0.045166
0.032501,0.0054932,0.043945
0.031128,0.0033569,0.036621
0.030823,0.0015259,0.042725
0.029755,-0.00045776,0.053711
0.027924,-0.0038147,0.039063
0.027313,-0.0042725,0.048828
0.027466,-0.0064087,0.042725
0.026703,-0.0067139,0.026855
0.025177,-0.0042725,0.037842
0.02182,-0.0018311,0.036621
0.018616,0.00045776,0.042725
0.015564,0.0024414,0.046387
0.015106,0.0019836,0.043945
0.013733,0.00015259,0.05127
0.014343,-0.0032043,0.05127
0.015717,-0.007782,0.057373
0.016632,-0.0099182,0.05127
0.017242,-0.010681,0.059814
0.01709,-0.0083923,0.061035
0.016022,-0.007019,0.058594
0.014954,-0.0036621,0.073242
0.014496,-0.00091553,0.063477
0.014801,-0.0012207,0.059814
0.015259,-0.00061035,0.061035
0.015411,-0.0019836,0.064697
0.017242,-0.0021362,0.061035
0.019226,-0.00076294,0.065918
0.022583,0.00030518,0.063477
0.028534,0.0010681,0.064697
0.032501,0.002594,0.062256
0.035858,0.0028992,0.068359
0.037079,0.0036621,0.064697
0.037231,0.0036621,0.065918
0.036469,0.0041199,0.059814
0.033875,0.0022888,0.061035
0.031433,0.0045776,0.047607
0.030518,0.0041199,0.056152
0.028992,0.0030518,0.053711
0.027008,0.0033569,0.053711
0.026855,0.002594,0.057373
0.024872,0.0024414,0.05249
0.022125,0.0027466,0.054932
0.01709,0.0057983,0.045166
0.010834,0.010681,0.0354
0.0018311,0.018158,0.042725
0.00045776,0.02655,0.040283
-0.00061035,0.036621,0.037842
0,0.045624,0.042725
0.0038147,0.05188,0.039063
0.0088501,0.053711,0.040283
0.0177,0.051422,0.039063
0.018921,0.045013,0.041504
0.022278,0.036774,0.036621
0.024567,0.028229,0.042725
0.030212,0.02121,0.042725
0.035553,0.016785,0.041504
0.038757,0.013275,0.042725
0.038452,0.010529,0.041504
0.035248,0.0093079,0.042725
0.026703,0.0086975,0.043945
0.02182,0.0094604,0.047607
0.010529,0.010986,0.05249
-0.00076294,0.0094604,0.048828
-0.011444,0.0024414,0.05127
-0.016174,-0.0093079,0.056152
-0.018005,-0.021515,0.056152
-0.017853,-0.032806,0.059814
-0.018463,-0.041962,0.058594
-0.021515,-0.045471,0.063477
-0.023346,-0.045471,0.059814
-0.022125,-0.03952,0.061035
-0.016632,-0.026398,0.058594
-0.0062561,-0.0090027,4.1467
0.0056458,0.0094604,4.8767
0.014343,0.02243,4.928
0.024109,0.028992,4.9451
0.02533,0.027771,4.9353
0.028076,0.02121,4.9341
0.030975,0.013885,4.9353
0.035248,0.0085449,4.9207
0.037384,0.0067139,4.9329
0.037689,0.0045776,4.9304
0.03479,0.0064087,4.9304
0.030975,0.0071716,4.9255
0.025482,0.0054932,4.9194
0.023804,0.0042725,4.9268
0.02243,0.005188,4.9231
0.021515,0.0094604,4.9231
0.02121,0.013428,4.9109
0.023193,0.016022,4.9194
0.02182,0.015106,4.9158
0.018768,0.011292,4.9207
0.016327,0.0088501,4.9146
0.013428,0.0057983,4.9146
0.0094604,0.0057983,4.9207
0.0056458,0.0074768,4.9097
0.0013733,0.007019,4.9158
-0.0013733,0.0018311,4.9072
-0.0041199,-0.0028992,4.8975
-0.0061035,-0.0064087,4.8987
-0.0091553,-0.013885,4.9084
-0.0099182,-0.020142,4.9084
-0.0086975,-0.024719,4.9097
-0.004425,-0.027618,4.9084
0.0030518,-0.028992,4.9097
0.009613,-0.027924,4.9084
0.016937,-0.027924,4.9182
0.022278,-0.02533,4.9121
0.028534,-0.023804,4.9182
0.033417,-0.022888,4.9182
0.036926,-0.020599,4.9243
0.041199,-0.018616,4.9353
0.045471,-0.017548,4.9243
0.050507,-0.018463,4.9329
0.052338,-0.020905,4.9292
0.051727,-0.027466,4.9243
0.047455,-0.028687,4.9365
0.041504,-0.030518,4.9292
0.035706,-0.028534,4.9292
0.032654,-0.020752,4.928
0.031281,-0.021057,4.9268
0.031281,-0.015411,4.9316
0.030823,-0.01236,4.9329
0.032654,-0.0067139,4.9353
0.035706,-0.0050354,4.9353
0.037079,-0.0042725,4.9365
0.036316,0.00015259,4.9316
0.033569,-0.0024414,4.9353
0.028229,-0.0028992,4.9341
0.021973,-0.004425,4.9341
0.011444,-0.0090027,4.9377
0.0030518,-0.0045776,4.9292
-0.0042725,-0.00045776,4.9329
-0.0062561,0.0027466,4.9231
-0.0074768,0.0071716,4.9146
-0.0012207,0.0056458,4.917
0.0042725,0.0073242,4.9207
0.0094604,0.0076294,4.9182
0.01709,0.0093079,4.917
0.022125,0.014954,4.9109
0.024261,0.014343,4.917
0.02594,0.017548,4.9097
0.025024,0.015869,4.9146
0.025482,0.01297,4.9121
0.027466,0.013275,4.9158
0.030518,0.0065613,4.9097
0.034943,0.0067139,0.042725
0.037384,0.00076294,0.050049
0.038605,-0.0068665,0.039063
0.038147,-0.011597,0.041504
0.035248,-0.021515,0.040283
0.031128,-0.025024,0.026855
0.026398,-0.029449,0.040283
0.021057,-0.027618,0.040283
0.016937,-0.023041,0.042725
0.014496,-0.019379,0.043945
0.014038,-0.0099182,0.043945
0.017395,-0.0064087,0.050049
0.021362,-0.0041199,0.05127
0.025024,0.0012207,0.054932
0.027924,0.00076294,0.053711
0.027924,0.0050354,0.061035
0.027466,0.002594,0.057373
0.024261,0.0030518,0.062256
0.02182,0.0028992,0.065918
0.019379,0.0012207,0.062256
0.016022,0.0027466,0.062256
0.016327,0.0032043,0.064697
0.016022,0.010376,0.073242
0.019989,0.022888,0.059814
0.022583,0.032959,0.054932
0.026703,0.043182,0.064697
0.03006,0.04364,0.062256
0.030518,0.040131,0.064697
0.030365,0.031738,0.068359
0.028381,0.020599,0.063477
0.025482,0.011139,0.064697
0.022583,0.0010681,0.062256
0.0177,-0.0057983,0.062256
0.015564,-0.013428,0.05249
0.011139,-0.019073,0.053711
0.0093079,-0.021362,0.054932
0.0083923,-0.018616,0.054932
0.0083923,-0.01358,0.056152
0.009613,-0.010681,0.047607
0.010681,-0.0083923,0.046387
0.011444,-0.0085449,0.047607
0.014343,-0.014648,0.03418
0.01709,-0.019073,0.043945
0.020905,-0.02121,0.041504
0.02243,-0.028381,0.043945
0.023346,-0.026855,0.042725
0.022736,-0.028229,0.037842
0.022736,-0.027771,0.039063
0.024567,-0.022125,0.039063
0.024109,-0.021057,0.040283
0.026398,-0.015259,0.0354
0.029602,-0.0082397,0.040283
0.035095,-0.0041199,0.040283
0.042267,0.0018311,0.042725
0.045776,-0.00061035,0.037842
0.052185,0.0035095,0.03418
0.054474,0.0027466,0.048828
0.056152,0.0032043,0.042725
0.056305,0.0083923,0.056152
0.052948,0.011139,0.047607
0.050201,0.017853,0.0354
0.045776,0.023193,0.047607
0.041809,0.024567,0.057373
0.038147,0.026245,0.056152
0.034943,0.022278,0.059814
0.033264,0.020905,0.054932
0.031891,0.021057,0.062256
0.029907,0.021057,0.059814
0.026703,0.024414,0.063477
0.019684,0.024109,0.057373
0.017853,0.023956,0.065918
0.01358,0.019531,0.062256
0.010834,0.016479,0.064697
0.010986,0.014954,0.075684
0.011444,0.012665,0.063477
0.01358,0.012665,0.062256
0.014954,0.009613,4.2993
0.015259,0.0079346,4.8914
0.015259,0.0015259,4.928
0.013275,-0.0067139,4.9292
0.011139,-0.012207,4.9255
0.010834,-0.016785,4.9292
0.0086975,-0.018158,4.9231
0.007019,-0.016174,4.9243
0.005188,-0.014496,4.9219
0.0038147,-0.013885,4.9182
0.0061035,-0.014343,4.9121
0.0093079,-0.01358,4.9194
0.015259,-0.0099182,4.9133
0.023346,-0.007019,4.9194
0.027924,-0.0022888,4.9133
0.032806,0.00061035,4.9146
0.033112,0.0012207,4.9109
0.028687,0.00015259,4.9146
0.027008,-0.0021362,4.9219
0.023499,-0.002594,4.9084
0.022736,-0.0036621,4.9036
0.022583,-0.0028992,4.9023
0.021667,-0.00015259,4.9133
0.024872,-0.0035095,4.9097
0.02533,0.0013733,4.9084
0.028076,0.00015259,4.906
0.033417,-0.0010681,4.8877
0.031586,-0.0016785,4.9084
0.031433,-0.0022888,4.917
0.028687,-0.0024414,4.9121
0.024414,-0.0012207,4.9194
0.019531,-0.0012207,4.9194
0.013275,-0.0015259,4.9158
0.0093079,0.00091553,4.9268
0.0059509,0.0033569,4.928
0.0048828,0.0062561,4.9255
0.0042725,0.010223,4.9316
0.0036621,0.01297,4.9377
0.0071716,0.011902,4.9341
0.0091553,0.014343,4.9243
0.012665,0.0083923,4.9304
0.016479,0.0016785,4.9304
0.015564,0.0016785,4.9304
0.016327,-0.0056458,4.9304
0.017395,-0.011597,4.9304
0.018158,-0.0050354,4.9329
0.018158,-0.005188,4.9329
0.021362,-0.010376,4.9341
0.019989,-0.014038,4.9304
0.022888,-0.018158,4.939
0.025177,-0.019989,4.9316
0.025635,-0.01297,4.9353
0.026855,-0.0062561,4.9463
0.025482,-0.0028992,4.9207
0.030365,-0.0021362,4.9304
0.03067,-0.0041199,4.9268
0.028992,-0.0041199,4.906
0.027924,-0.0019836,4.917
0.026855,0.0035095,4.9243
0.027618,0.0042725,4.9182
0.025482,0.005188,4.9182
0.021362,0.0015259,4.9121
0.018768,-0.0019836,4.9158
0.020905,-0.00076294,4.9121
0.026245,0.00045776,4.9109
0.029144,0.00030518,4.906
0.028076,0.0022888,4.9133
0.023956,0.0064087,4.9109
0.023499,0.01358,4.9133
0.021973,0.018005,4.9109
0.020905,0.021515,4.9146
0.018768,0.019379,4.9084
0.018463,0.016327,4.9109
0.017853,0.014038,4.9097
0.015106,0.0068665,0.036621
0.012512,0.0057983,0.039063
0.009613,0.0010681,0.042725
0.0088501,-0.0022888,0.041504
0.010223,-0.0032043,0.043945
0.0097656,-0.005188,0.05249
0.011444,-0.0093079,0.048828
0.010376,-0.010223,0.048828
0.010529,-0.0085449,0.054932
0.010376,-0.0068665,0.061035
0.013123,-0.005188,0.056152
0.015259,-0.0036621,0.059814
0.020294,-0.010071,0.054932
0.023651,-0.0091553,0.063477
0.028381,-0.012665,0.070801
0.031586,-0.014191,0.062256
0.032501,-0.013733,0.072021
0.03479,-0.013123,0.059814
0.037994,-0.01297,0.05127
0.042572,-0.014801,0.063477
0.044708,-0.016479,0.063477
0.045929,-0.015106,0.063477
0.044708,-0.011749,0.067139
0.04364,-0.0088501,0.063477
0.041962,-0.0074768,0.065918
0.040741,-0.0076294,0.061035
0.03952,-0.0080872,0.065918
0.037994,-0.010376,0.056152
0.036011,-0.012207,0.064697
0.032806,-0.01297,0.057373
0.03006,-0.01297,0.056152
0.026855,-0.010071,0.05127
0.023804,-0.0065613,0.053711
0.023956,-0.0030518,0.050049
0.022888,-0.00076294,0.047607
0.024109,0.0045776,0.050049
0.024109,0.0088501,0.042725
0.025177,0.012665,0.048828
0.02243,0.017242,0.0354
0.022125,0.016937,0.042725
0.022278,0.015259,0.040283
0.022888,0.012207,0.040283
0.022278,0.007019,0.036621
0.020905,0.0015259,0.037842
0.017853,-0.0027466,0.03418
0.015259,-0.0041199,0.040283
0.013275,-0.0059509,0.041504
0.012665,-0.0085449,0.042725
0.013733,-0.010223,0.041504
0.014954,-0.0094604,0.042725
0.015869,-0.0099182,0.056152
0.016327,-0.010681,0.047607
0.013885,-0.012512,0.050049
0.010986,-0.013428,0.047607
0.0088501,-0.0099182,0.019531
0.0079346,-0.007019,0.05127
0.010223,-0.004425,0.053711
0.010681,-0.0024414,0.054932
0.010986,-0.0030518,0.058594
0.0099182,-0.0018311,0.057373
0.010223,0.0012207,0.062256
0.010529,0.0061035,0.062256
0.014038,0.0073242,0.062256
0.0177,0.0082397,0.059814
0.021667,0.0068665,0.064697
0.023804,0.0028992,0.058594
0.02121,0.0048828,0.061035
0.016327,0.0065613,0.06958
0.010681,0.0079346,0.065918
0.007782,0.0093079,0.068359
0.0090027,0.0085449,0.064697
0.013885,0.0056458,0.083008
0.016479,0.0030518,0.063477
0.020752,0.0021362,0.062256
0.024567,0.00091553,0.062256
0.027924,0.0012207,0.058594
0.031738,0.0041199,1.001
0.033875,0.0033569,4.6973
0.033722,0.0022888,4.9036
0.032043,-0.0015259,4.917
0.029755,-0.0062561,4.917
0.025482,-0.0083923,4.9194
0.019379,-0.0085449,4.917
0.014648,-0.0093079,4.9182
0.014038,-0.009613,4.9158
0.016937,-0.0094604,4.9158
0.020905,-0.0091553,4.9158
0.025177,-0.0048828,4.9146
0.027466,0.0019836,4.9121
0.029144,0.0091553,4.9097
0.031281,0.015564,4.8999
0.036011,0.019684,4.9097
0.039215,0.019989,4.9097
0.041351,0.020905,4.9084
0.040436,0.016479,4.9097
0.0383,0.013885,4.9084
0.036011,0.011139,4.9121
0.031891,0.0079346,4.9084
0.029297,0.005188,4.9133
0.028076,0.00030518,4.9109
0.028534,-0.0054932,4.9182
0.028839,-0.011139,4.9158
0.030518,-0.0177,4.9219
0.029144,-0.019684,4.9182
0.024414,-0.01709,4.9304
0.019531,-0.01358,4.9304
0.017242,-0.011139,4.9268
0.016327,-0.0074768,4.9438
0.019531,-0.0045776,4.9304
0.020142,-0.0024414,4.9194
0.020905,0.0018311,4.9292
0.020599,0.0041199,4.9292
0.020294,0.0038147,4.9304
0.02121,0.0030518,4.9304
0.022583,-0.0012207,4.9292
0.024872,-0.0050354,4.9341
0.026703,-0.0033569,4.9341
0.028076,-0.0036621,4.9377
0.03067,-0.0048828,4.9304
0.026703,-0.0047302,4.939
0.023804,-0.0047302,4.9304
0.02182,-0.00061035,4.9353
0.020142,0.0099182,4.9414
0.01709,0.019226,4.9304
0.02182,0.023651,4.9292
0.02182,0.025787,4.9255
0.020905,0.023346,4.9146
0.018158,0.018921,4.9207
0.017242,0.018005,4.9182
0.016937,0.016785,4.9182
0.018005,0.013733,4.9207
0.01709,0.016022,4.9146
0.0177,0.01358,4.9146
0.015717,0.011749,4.9146
0.016022,0.01236,4.9146
0.014801,0.011444,4.9084
0.012665,0.012207,4.9109
0.013123,0.011292,4.9109
0.012512,0.0085449,4.9109
0.011749,0.0041199,4.906
0.0073242,-0.0018311,4.906
0.0021362,-0.0065613,4.9182
-0.0035095,-0.009613,4.9097
-0.0050354,-0.0099182,4.9182
-0.005188,-0.01236,4.9072
-0.0079346,-0.015869,4.9048
-0.0041199,-0.020905,4.9133
-0.002594,-0.021057,4.9097
0.00045776,-0.02182,4.9146
0.007782,-0.014343,4.9194
0.013123,-0.0047302,0.053711
0.021973,0.0024414,0.056152
0.028992,0.0094604,0.054932
0.036621,0.013733,0.061035
0.041962,0.016327,0.057373
0.04425,0.020447,0.061035
0.04364,0.023804,0.065918
0.042572,0.025177,0.063477
0.042267,0.023956,0.072021
0.042725,0.019836,0.063477
0.043488,0.014038,0.061035
0.041809,0.0094604,0.063477
0.04303,0.0074768,0.068359
0.039978,0.0083923,0.063477
0.035248,0.011139,0.065918
0.029449,0.016022,0.063477
0.023651,0.018005,0.064697
0.018921,0.019379,0.065918
0.013733,0.019836,0.062256
0.009613,0.018616,0.059814
0.0056458,0.018616,0.061035
0.00045776,0.014191,0.05249
-0.0021362,0.0093079,0.053711
-0.0033569,0.00091553,0.053711
-0.00061035,-0.016174,0.053711
0.00030518,-0.018311,0.046387
0.00091553,-0.027008,0.05127
-0.0010681,-0.029144,0.062256
-0.0022888,-0.026855,0.046387
-0.002594,-0.023193,0.056152
-0.0016785,-0.018768,0.045166
0.0015259,-0.014496,0.031738
0.0053406,-0.010071,0.040283
0.011444,-0.0080872,0.042725
0.017242,-0.0073242,0.040283
0.022888,-0.0068665,0.040283
0.028229,-0.0047302,0.0354
0.033112,-0.0015259,0.042725
0.037384,0.0021362,0.037842
0.042572,0.0033569,0.041504
0.043182,0.0030518,0.037842
0.044098,-0.0015259,0.041504
0.041351,-0.0062561,0.041504
0.038605,-0.0099182,0.042725
0.035248,-0.012817,0.05249
0.032806,-0.01358,0.043945
0.031128,-0.014801,0.043945
0.029449,-0.015564,0.047607
0.028687,-0.017853,0.045166
0.029297,-0.019836,0.05127
0.030823,-0.020447,0.063477
0.032043,-0.019684,0.058594
0.032501,-0.0177,0.059814
0.033112,-0.014496,0.057373
0.034332,-0.010834,0.062256
0.034485,-0.0086975,0.059814
0.033569,-0.004425,0.063477
0.031738,-0.00030518,0.062256
0.029755,0.0067139,0.063477
0.028992,0.013885,0.059814
0.027008,0.019684,0.063477
0.025177,0.023346,0.064697
0.023041,0.025482,0.062256
0.020447,0.023041,0.073242
0.019226,0.02121,0.068359
0.021973,0.018311,0.074463
0.023041,0.015717,0.063477
0.025787,0.011902,0.05249
0.027618,0.0061035,0.059814
0.03006,0.0038147,0.057373
0.032806,0.00076294,0.05127
0.033417,-0.00076294,0.053711
0.033722,-0.00076294,0.048828
0.033417,-0.0013733,0.05127
0.031738,-0.0021362,0.046387
0.030365,-0.0042725,0.047607
0.029297,-0.0086975,0.043945
0.028381,-0.01358,3.9294
0.025635,-0.017242,4.8535
0.024414,-0.019989,4.9084
0.021362,-0.019073,4.9109
0.018463,-0.015717,4.9121
0.01709,-0.011444,4.9097
0.013885,-0.0071716,4.9084
0.013733,-0.0061035,4.906
0.01358,-0.0065613,4.9097
0.013123,-0.0065613,4.9084
0.013275,-0.007019,4.9084
0.013885,-0.0064087,4.9109
0.015106,-0.0045776,4.9097
0.017853,-0.0038147,4.9084
0.02121,-0.0038147,4.906
0.02243,-0.0054932,4.9121
0.024109,-0.007782,4.9146
0.024872,-0.0079346,4.917
0.026703,-0.0073242,4.9158
0.027313,-0.0038147,4.9255
0.029144,0.00045776,4.9207
0.029907,0.0047302,4.9292
0.030823,0.0067139,4.9377
0.031586,0.0064087,4.9268
0.033112,0.004425,4.9341
0.034332,0.0018311,4.9329
0.033569,0.00076294,4.9158
0.032501,-0.00030518,4.9292
0.030365,-0.00061035,4.928
0.028534,-0.0022888,4.9329
0.025177,-0.004425,4.9292
0.021515,-0.0076294,4.928
0.017853,-0.009613,4.9365
0.013885,-0.010223,4.9341
0.012054,-0.0079346,4.9377
0.0093079,-0.0047302,4.9304
0.012665,-0.0041199,4.9414
0.014343,-0.005188,4.9341
0.015411,-0.0090027,4.9341
0.016479,-0.01358,4.9365
0.017395,-0.01709,4.9304
0.016327,-0.017242,4.9304
0.018005,-0.015411,4.9255
0.0177,-0.0177,4.9304
0.018158,-0.018158,4.9207
0.018311,-0.020599,4.9011
0.019531,-0.021362,4.9158
0.022736,-0.019073,4.917
0.027466,-0.017242,4.9133
0.034332,-0.0097656,4.917
0.041656,-0.0030518,4.9121
0.047455,0.0013733,4.9158
0.049438,0.0074768,4.9084
0.050201,0.010986,4.9121
0.049438,0.013123,4.9109
0.049438,0.015869,4.9146
0.048523,0.017548,4.9109
0.04715,0.020142,4.9133
0.044708,0.020294,4.9194
0.040131,0.018463,4.9133
0.035553,0.015564,4.9219
0.031586,0.013275,4.9109
0.027924,0.011292,4.8999
0.025024,0.013123,4.9121
0.023346,0.016022,4.9109
0.022278,0.016937,4.9133
0.021667,0.015259,4.9182
0.020447,0.011597,4.9207
0.019531,0.007019,4.9219
0.019226,0.0064087,4.9243
0.019379,0.0053406,4.9304
0.018768,0.0053406,4.928
0.0177,0.0027466,4.9316
0.014954,-0.0035095,0.063477
0.013275,-0.0093079,0.065918
0.010071,-0.010529,0.064697
0.0090027,-0.0093079,0.062256
0.0088501,-0.0045776,0.061035
0.0093079,-0.00061035,0.065918
0.0090027,0.0018311,0.075684
0.0073242,0.00091553,0.065918
0.0059509,-0.0018311,0.05127
0.0071716,-0.0054932,0.063477
0.010529,-0.007782,0.065918
0.014496,-0.0080872,0.06958
0.016937,-0.0083923,0.057373
0.0177,-0.004425,0.061035
0.018158,-0.00015259,0.061035
0.020142,0.0024414,0.057373
0.023193,0.0039673,0.059814
0.027771,0.0038147,0.053711
0.030823,0.0027466,0.05127
0.033112,0.0027466,0.050049
0.03479,0.0027466,0.05127
0.037079,0.0036621,0.061035
0.039673,0.0028992,0.047607
0.041351,0.0018311,0.047607
0.04364,0.0024414,0.046387
0.043793,0.0016785,0.029297
0.042114,0.0018311,0.037842
0.041199,0.0018311,0.041504
0.034485,0.0030518,0.040283
0.028992,0.0045776,0.039063
0.024719,0.0071716,0.036621
0.019531,0.0080872,0.042725
0.016479,0.0076294,0.039063
0.014038,0.0057983,0.041504
0.010834,0.00076294,0.037842
0.012512,0.0021362,0.040283
0.013275,-0.00030518,0.039063
0.015717,0.0048828,0.042725
0.01709,0.0048828,0.046387
0.01709,0.0041199,0.045166
0.018768,0.0012207,0.043945
0.018158,-0.00076294,0.043945
0.0177,-0.0016785,0.056152
0.018005,0,0.05127
0.018311,0.0032043,0.046387
0.0177,0.0050354,0.054932
0.017853,0.0054932,0.059814
0.018768,0.0045776,0.057373
0.020294,0.002594,0.062256
0.02243,0.0015259,0.056152
0.024261,0.0015259,0.063477
0.025787,0.0012207,0.057373
0.025482,0.0042725,0.064697
0.024567,0.0065613,0.059814
0.023193,0.0067139,0.065918
0.023193,0.0053406,0.061035
0.020905,0.0045776,0.067139
0.019989,0.0033569,0.075684
0.019379,0.0032043,0.065918
0.017548,0.0030518,0.064697
0.018463,0.0018311,0.064697
0.017242,0.00076294,0.058594
0.016174,-0.0024414,0.061035
0.015869,-0.0036621,0.057373
0.015869,-0.005188,0.053711
0.013885,-0.0042725,0.05249
0.01236,-0.0038147,0.05127
0.011444,-0.002594,0.048828
0.011902,-0.0012207,0.047607
0.01297,-0.0012207,0.050049
0.014496,0,0.046387
0.015259,0.0032043,0.047607
0.016785,0.0041199,0.048828
0.019226,0.0068665,0.041504
0.019684,0.0080872,0.040283
0.021515,0.0094604,0.040283
0.022583,0.010223,0.046387
0.023499,0.0099182,1.0974
0.024567,0.010071,4.6875
0.024567,0.0082397,4.8975
0.024719,0.0065613,4.8962
0.024567,0.0045776,4.9072
0.023346,0.0021362,4.9072
0.022583,0.00045776,4.9097
0.020905,-0.00030518,4.9072
0.020294,-0.00030518,4.9048
0.020294,-0.0018311,4.9121
0.02182,-0.0028992,4.9109
0.023956,-0.0054932,4.9194
0.02594,-0.0065613,4.9133
0.028381,-0.007019,4.9255
0.030212,-0.0062561,4.9231
0.032349,-0.0035095,4.9255
0.034332,-0.002594,4.9377
0.034485,-0.0024414,4.928
0.03418,-0.0035095,4.9304
0.034637,-0.0048828,4.917
0.032654,-0.0053406,4.9329
0.032043,-0.0041199,4.9292
0.030975,-0.0022888,4.9353
0.029755,-0.0012207,4.9329
0.028992,0.00030518,4.9292
0.029755,0.0010681,4.9268
0.030212,0.00030518,4.939
0.030212,0.00045776,4.9353
0.03006,0.0021362,4.9365
0.028534,0.0021362,4.9341
0.027924,0.0028992,4.9377
0.027161,0.0032043,4.9329
0.026703,0.0041199,4.9377
0.026398,0.0054932,4.9304
0.023956,0.0054932,4.9341
0.025024,0.0059509,4.9365
0.02533,0.0062561,4.9255
0.02533,0.0053406,4.9316
0.025635,0.004425,4.9207
0.025024,0.0033569,4.9084
0.024872,0.0038147,4.9182
0.024567,0.00091553,4.9194
0.023193,0.0039673,4.9158
0.021667,0.002594,4.9158
0.018768,-0.00076294,4.9146
0.014343,-0.0038147,4.9097
0.011444,-0.0064087,4.906
0.0094604,-0.0067139,4.9097
0.0085449,-0.0065613,4.9097
0.010071,-0.0056458,4.9121
0.01236,-0.0056458,4.9146
0.01358,-0.004425,4.9133
0.015869,-0.0018311,4.9121
0.016937,0.00061035,4.9121
0.018616,0.0028992,4.9084
0.020142,0.002594,4.9084
0.020905,0.0041199,4.906
0.021362,0.0021362,4.9158
0.022125,0.0010681,4.9194
0.023346,0.00061035,4.9133
0.024719,0.0013733,4.917
0.026093,0.0035095,4.9194
0.027008,0.0054932,4.9304
0.027466,0.005188,4.9231
0.027466,0.0035095,4.9292
0.027618,0.0042725,4.9268
0.027466,0.0048828,4.9304
0.027771,0.0080872,4.928
0.028534,0.0061035,4.9377
0.028992,0.0091553,4.9268
0.03006,0.0079346,4.9316
0.031738,0.0050354,4.9377
0.032654,0.0054932,4.9341
0.033264,0.0045776,0.068359
0.033417,0.0038147,0.063477
0.032196,0.0041199,0.046387
0.030365,0.0056458,0.064697
0.027313,0.0047302,0.063477
0.024261,0.0036621,0.064697
0.021973,0.0015259,0.064697
0.019226,-0.0028992,0.062256
0.019379,-0.0053406,0.062256
0.019073,-0.0064087,0.057373
0.020447,-0.0061035,0.058594
0.022278,-0.0032043,0.05249
0.024872,-0.00076294,0.053711
0.02655,-0.00091553,0.05127
0.028839,0.0015259,0.050049
0.030975,0.0015259,0.054932
0.032959,0.0018311,0.048828
0.034485,0.002594,0.047607
0.03418,0.0036621,0.048828
0.035858,0.0082397,0.036621
0.03479,0.0041199,0.039063
0.033722,0.0018311,0.042725
0.032501,0.00076294,0.039063
0.032349,0.00061035,0.039063
0.033722,0.0016785,0.0354
0.029755,0.007782,0.040283
0.029297,0.0074768,0.037842
0.027313,0.010223,0.040283
0.025787,0.0085449,0.037842
0.024261,0.0097656,0.042725
0.023651,0.0097656,0.03418
0.023193,0.0086975,0.043945
0.023041,0.0080872,0.039063
0.022278,0.0062561,0.047607
0.022125,0.004425,0.056152
0.020294,0.0021362,0.048828
0.019531,-0.002594,0.063477
0.018921,-0.0065613,0.05249
0.019379,-0.0086975,0.042725
0.018158,-0.0076294,0.057373
0.017853,-0.0064087,0.054932
0.015411,-0.0033569,0.057373
0.014801,-0.0013733,0.062256
0.013428,-0.0018311,0.059814
0.013123,-0.0047302,0.047607
0.014343,-0.0056458,0.061035
0.015411,-0.0042725,0.064697
0.015106,-0.0019836,0.058594
0.014648,0.0028992,0.064697
0.014496,0.0053406,0.064697
0.016022,0.0053406,0.064697
0.014801,0.0015259,0.067139
0.015411,0.0019836,0.054932
0.015411,0.002594,0.067139
0.016632,0.0045776,0.064697
0.016632,0.0086975,0.076904
0.0177,0.01236,0.061035
0.018616,0.01358,0.070801
0.02121,0.01297,0.053711
0.022736,0.011597,0.056152
0.023651,0.011597,0.050049
0.024567,0.014343,0.05127
0.025024,0.013733,0.047607
0.025177,0.013885,0.050049
0.025024,0.010986,0.046387
0.019379,0.0079346,0.048828
0.015717,0.0038147,0.048828
0.015564,0.0015259,0.046387
0.011902,0.00015259,0.040283
0.0090027,0.0012207,0.043945
0.0082397,0.0042725,0.054932
0.0091553,0.0071716,0.040283
0.011597,0.0099182,0.042725
0.013428,0.011444,0.03418
0.015106,0.01236,0.020752
0.015106,0.013123,0.036621
0.017853,0.012665,0.037842
0.019226,0.01236,0.040283
0.019836,0.011139,4.5203
0.020447,0.0083923,4.8804
0.02121,0.0065613,4.9097
0.01709,0.0042725,4.9097
0.013275,0.0035095,4.9146
0.0094604,0.0038147,4.9133
0.0079346,0.0032043,4.917
0.0082397,0.0045776,4.9207
0.011597,0.005188,4.9243
0.014191,0.00091553,4.9255
0.013885,0.0048828,4.9255
0.016937,0.0053406,4.9304
0.0177,0.0053406,4.9329
0.0177,0.0048828,4.9414
0.018005,0.0036621,4.9304
0.016785,0.0024414,4.9207
0.015564,-0.00015259,4.9316
0.01236,-0.002594,4.928
0.012207,-0.0041199,4.9268
0.009613,-0.0062561,4.9292
0.0090027,-0.0050354,4.9329
0.009613,-0.0056458,4.9365
0.010681,-0.0054932,4.9341
0.01236,-0.0062561,4.9353
0.014648,-0.0059509,4.9329
0.018005,-0.0062561,4.9353
0.018921,-0.0067139,4.9329
0.019684,-0.0036621,4.9243
0.018921,-0.0083923,4.9402
0.020905,-0.0061035,4.9292
0.021515,-0.004425,4.9231
0.023041,-0.0036621,4.9207
0.023499,-0.0021362,4.9146
0.025177,-0.0056458,4.9219
0.025482,-0.0085449,4.9146
0.026093,-0.010529,4.9182
0.027161,-0.011444,4.917
0.029297,-0.011444,4.9158
0.031433,-0.0088501,4.9109
0.030975,-0.0074768,4.9084
0.03006,-0.0047302,4.9121
0.027771,-0.0039673,4.9048
0.027313,-0.0036621,4.9109
0.02533,-0.0038147,4.9158
0.026093,-0.002594,4.9109
0.026703,-0.0010681,4.9097
0.02655,0.00091553,4.9146
0.025177,0.0016785,4.9182
0.024872,0.00045776,4.9146
0.022736,-0.0021362,4.9158
0.023956,-0.0064087,4.9146
0.026398,-0.0076294,4.8999
0.029449,-0.007019,4.9121
0.031586,-0.0045776,4.9146
0.030823,-0.0030518,4.9182
0.030212,-0.0027466,4.9207
0.028992,-0.0030518,4.9194
0.029449,-0.0041199,4.9268
0.032043,-0.0016785,4.9255
0.034027,0.00091553,4.9329
0.035248,0.0028992,4.928
0.034027,0.0030518,4.9329
0.031891,0.0013733,4.9316
0.029602,-0.0010681,4.9304
0.027618,-0.0033569,4.9426
0.028839,-0.0035095,4.9329
0.029449,-0.0030518,4.9329
0.029755,-0.00091553,4.9341
0.029907,0.00091553,4.9341
0.028381,0.0015259,4.9329
0.027618,0.0030518,4.9414
0.025482,0.0039673,0.067139
0.025024,0.0047302,0.065918
0.025482,0.005188,0.062256
0.026093,0.0053406,0.065918
0.026703,0.0047302,0.057373
0.027008,0.0030518,0.061035
0.027466,0.0030518,0.053711
0.027008,0.0035095,0.054932
0.024872,0.0045776,0.05127
0.024872,0.0054932,0.05127
0.024261,0.0065613,0.05249
0.02533,0.0057983,0.047607
0.025482,0.0053406,0.058594
0.027161,0.0041199,0.050049
0.026398,0.0016785,0.058594
0.025024,-0.00091553,0.042725
0.024109,-0.0030518,0.03418
0.023193,-0.0050354,0.037842
0.023499,-0.0065613,0.041504
0.024261,-0.0068665,0.037842
0.023346,-0.0064087,0.039063
0.023346,-0.007019,0.032959
0.021667,-0.0071716,0.039063
0.02121,-0.0080872,0.037842
0.023499,-0.0097656,0.042725
0.025024,-0.0071716,0.036621
0.028839,-0.0041199,0.042725
0.029297,0.0010681,0.045166
0.028687,0.0053406,0.042725
0.028534,0.0076294,0.053711
0.025787,0.0079346,0.050049
0.027008,0.0079346,0.053711
0.027771,0.0082397,0.048828
0.029144,0.0088501,0.050049
0.029907,0.010376,0.056152
0.028229,0.010376,0.047607
0.028534,0.0099182,0.054932
0.025177,0.0071716,0.058594
0.023499,0.0032043,0.057373
0.02182,0.0010681,0.062256
0.021362,0.0018311,0.062256
0.02121,0.004425,0.063477
0.020599,0.0067139,0.054932
0.019989,0.0032043,0.059814
0.019684,-0.00045776,0.063477
0.020752,-0.0050354,0.064697
0.021667,-0.0067139,0.063477
0.021362,-0.0064087,0.067139
0.022278,-0.0032043,0.076904
0.020294,0.0013733,0.063477
0.018463,0.0047302,0.072021
0.01709,0.0057983,0.062256
0.015411,0.005188,0.043945
0.018311,0.0035095,0.058594
0.020599,0.0033569,0.05249
0.024567,0.0032043,0.05249
0.028229,0.0041199,0.05127
0.030212,0.005188,0.046387
0.033417,0.0064087,0.048828
0.034485,0.0074768,0.043945
0.037384,0.0074768,0.047607
0.034332,0.0085449,0.045166
0.033264,0.0079346,0.048828
0.031738,0.0082397,0.042725
0.029297,0.010681,0.042725
0.027161,0.0064087,0.046387
0.025024,0.0056458,0.041504
0.024109,0.0048828,0.037842
0.023346,0.0048828,0.041504
0.022888,0.0056458,0.032959
0.023346,0.0065613,0.036621
0.023193,0.0082397,0.053711
0.023041,0.007782,0.036621
0.020905,0.0064087,0.037842
0.018005,0.0039673,0.039063
0.017548,0.0021362,0.040283
0.013275,0.00030518,0.041504
0.011292,0.00061035,0.045166
0.010223,-0.0019836,1.3525
0.0076294,-0.0024414,4.707
0.0038147,-0.002594,4.9011
0.0065613,-0.0039673,4.9231
0.0074768,-0.0054932,4.9207
0.010223,-0.0073242,4.9304
0.011292,-0.0082397,4.9329
0.013428,-0.007782,4.9304
0.013885,-0.0047302,4.9402
0.014954,-0.0013733,4.9316
0.014954,0.00076294,4.9231
0.01297,0.0016785,4.9109
0.014343,-0.00061035,4.928
0.014038,-0.002594,4.928
0.014496,-0.0041199,4.9304
0.015564,-0.004425,4.9341
0.017242,-0.0030518,4.9353
0.018311,0.00030518,4.9341
0.019684,0.0032043,4.9377
0.019836,0,4.9329
0.020599,-0.00061035,4.9329
0.021973,0.00015259,4.9329
0.020905,0.0016785,4.9316
0.019989,0.0036621,4.9304
0.01709,0.0048828,4.9292
0.016174,0.0056458,4.9304
0.015411,0.0054932,4.9243
0.013428,0.0059509,4.9292
0.014038,0.0045776,4.9268
0.012665,0.0050354,4.9048
0.010529,0.0083923,4.9133
0.0094604,0.0053406,4.9158
0.0079346,0.0053406,4.917
0.0079346,0.0030518,4.9146
0.007782,-0.00091553,4.9097
0.0076294,-0.0028992,4.9146
0.009613,-0.0027466,4.9084
0.010681,0.0012207,4.9121
0.011597,0.0068665,4.9097
0.011139,0.011139,4.9109
0.012207,0.013733,4.9097
0.01297,0.013733,4.9109
0.012817,0.010223,4.9219
0.015411,0.0079346,4.8877
0.01709,0.0061035,4.9121
0.016632,0.0082397,4.9109
0.015869,0.0099182,4.8962
0.012054,0.013428,4.9121
0.013275,0.0099182,4.9158
0.01358,0.0074768,4.9207
0.014038,0.0039673,4.9182
0.014496,0.0033569,4.917
0.014648,0.0035095,4.9255
0.012207,0.004425,4.9255
0.0097656,0.0035095,4.9304
0.0082397,0.0018311,4.928
0.0061035,-0.0012207,4.9341
0.0067139,-0.002594,4.9316
0.0076294,-0.0027466,4.9329
0.004425,-0.0010681,4.9341
0.0080872,0.0041199,4.9316
0.0099182,0.0039673,4.9304
0.010681,0.0057983,4.9341
0.013275,0.0061035,4.9451
0.016022,0.0057983,4.9341
0.020142,0.0054932,4.9255
0.022888,0.005188,4.9365
0.024109,0.0054932,4.9365
0.025177,0.0045776,4.9316
0.024567,0.0030518,4.9353
0.025177,0.0015259,4.9329
0.026245,-0.00015259,4.9304
0.028076,-0.0012207,0.058594
0.029755,-0.0015259,0.057373
0.029755,-0.0019836,0.048828
0.030365,-0.0033569,0.050049
0.026703,-0.002594,0.048828
0.024872,-0.0028992,0.05249
0.024872,-0.002594,0.053711
0.02533,-0.0024414,0.046387
0.02533,-0.0024414,0.048828
0.024872,-0.0016785,0.042725
0.024414,-0.00045776,0.031738
0.023499,0.00030518,0.042725
0.02182,0.00015259,0.040283
0.022278,-0.00061035,0.036621
0.023193,-0.0024414,0.037842
0.024567,-0.004425,0.039063
0.026093,-0.0045776,0.03418
0.02533,-0.0032043,0.039063
0.026093,-0.0012207,0.042725
0.025177,-0.0010681,0.037842
0.022888,-0.0015259,0.043945
0.025787,-0.0036621,0.042725
0.027924,-0.0062561,0.045166
0.030365,-0.0074768,0.041504
0.029297,-0.007019,0.047607
0.029755,-0.0053406,0.047607
0.028992,-0.0039673,0.05127
0.027466,-0.0028992,0.059814
0.027618,-0.0018311,0.056152
0.024567,-0.0010681,0.046387
0.028534,-0.00061035,0.056152
0.029602,0.00015259,0.062256
0.028381,0.0022888,0.062256
0.026245,0.0048828,0.062256
0.022888,0.0054932,0.061035
0.02182,0.0036621,0.065918
0.022736,0.0010681,0.061035
0.025177,-0.00091553,0.062256
0.027161,-0.0032043,0.062256
0.027161,-0.0033569,0.067139
0.025635,-0.0013733,0.061035
0.022736,0.0018311,0.068359
0.02121,0.0045776,0.078125
0.020599,0.0061035,0.067139
0.021667,0.0064087,0.064697
0.023651,0.0056458,0.062256
0.023346,0.0035095,0.046387
0.022583,0.0027466,0.057373
0.019379,0.0033569,0.057373
0.018005,0.0038147,0.053711
0.019531,0.0064087,0.05127
0.02182,0.0086975,0.046387
0.024414,0.0086975,0.05249
0.025177,0.0053406,0.042725
0.022736,-0.0018311,0.048828
0.019684,-0.0038147,0.041504
0.016479,-0.0047302,0.042725
0.015411,-0.0030518,0.042725
0.017242,-0.0010681,0.041504
0.018768,-0.00076294,0.041504
0.020447,-0.0019836,0.041504
0.02182,-0.0021362,0.048828
0.02121,-0.0073242,0.041504
0.020447,-0.007782,0.047607
0.019836,-0.0048828,0.037842
0.020599,-0.00076294,0.030518
0.02243,0.0022888,0.036621
0.023346,0.0039673,0.037842
0.024109,0.002594,0.039063
0.024261,0.0019836,0.043945
0.023651,0.0036621,0.040283
0.023346,0.0059509,0.043945
0.023651,0.0086975,0.043945
0.02533,0.0093079,0.046387
0.026703,0.011292,0.050049
0.028534,0.0059509,0.054932
0.028076,0.00076294,0.057373
0.025635,-0.0012207,0.057373
0.023499,-0.002594,2.8894
0.023041,-0.0071716,4.8059
0.023346,-0.0083923,4.9231
0.025024,-0.010986,4.9292
0.025635,-0.0094604,4.9353
0.024567,-0.0065613,4.9329
0.023041,-0.0035095,4.9329
0.019379,-0.0010681,4.928
0.0177,-0.00076294,4.9304
0.018311,-0.00091553,4.9304
0.022125,-0.0019836,4.9341
0.021667,-0.0018311,4.9341
0.028992,-0.00091553,4.9377
0.029297,0.0018311,4.9341
0.028839,0.0041199,4.9365
0.027466,0.0062561,4.9329
0.028229,0.0071716,4.9304
0.029907,0.010223,4.928
0.032196,0.013275,4.9316
0.034332,0.010376,4.9341
0.033875,0.0079346,4.9219
0.032501,0.0042725,4.9231
0.03067,0.00030518,4.9219
0.029755,-0.0018311,4.9011
0.030212,-0.0027466,4.9146
0.032043,-0.002594,4.9109
0.033112,-0.0030518,4.9182
0.030823,-0.0036621,4.9121
0.030212,-0.0045776,4.9109
0.023651,-0.0019836,4.9109
0.021515,0.0041199,4.9109
0.021057,0.0090027,4.9084
0.022125,0.013123,4.906
0.023956,0.014343,4.9146
0.023804,0.010529,4.9133
0.023956,0.0065613,4.9121
0.022278,0.0039673,4.9097
0.019226,0.0036621,4.9133
0.020142,0.0035095,4.9084
0.017242,0.0033569,4.9109
0.016022,0.00045776,4.9097
0.012665,-0.002594,4.9133
0.0099182,-0.0041199,4.9158
0.0057983,-0.0033569,4.9158
0.0064087,-0.00045776,4.9243
0.0073242,0.0027466,4.9182
0.010071,0.0036621,4.9255
0.014648,0.0033569,4.9243
0.018005,0.0030518,4.9329
0.020752,0.0022888,4.9219
0.02121,0.0074768,4.9304
0.019379,0.0036621,4.9304
0.016937,0.0038147,4.9341
0.014648,0.0039673,4.9304
0.01297,0.0039673,4.9329
0.013885,0.0050354,4.9402
0.01358,0.0038147,4.9353
0.014191,0.0042725,4.939
0.01358,0.004425,4.9365
0.014954,0.0036621,4.9255
0.015717,0.0041199,4.9341
0.016022,0.004425,4.9353
0.016785,0.0056458,4.9316
0.016174,0.0080872,4.9353
0.015869,0.0086975,4.9304
0.01358,0.009613,4.9304
0.0099182,0.009613,4.9268
0.0073242,0.0090027,4.928
0.0064087,0.0074768,4.9231
0.0083923,0.0073242,4.9219
0.011749,0.0064087,4.9084
0.012817,0.0064087,4.9255
0.015411,0.0067139,0.047607
0.015259,0.0073242,0.047607
0.014954,0.007782,0.05127
0.012512,0.0091553,0.046387
0.011444,0.0090027,0.047607
0.010071,0.0079346,0.042725
0.0073242,0.0053406,0.05249
0.0057983,0.0027466,0.039063
0.0039673,0.0041199,0.037842
0.002594,0.0028992,0.039063
0.002594,0.005188,0.039063
0.0041199,0.0065613,0.036621
0.0064087,0.0062561,0.041504
0.0079346,0.0068665,0.036621
0.007782,0.0056458,0.043945
0.0064087,0.0062561,0.040283
0.0068665,0.0082397,0.047607
0.0057983,0.010376,0.042725
0.0053406,0.012054,0.047607
0.0071716,0.011749,0.061035
0.0088501,0.010376,0.048828
0.011749,0.0086975,0.059814
0.014648,0.0094604,0.056152
0.016479,0.0064087,0.042725
0.017548,0.0085449,0.059814
0.019226,0.010223,0.061035
0.019531,0.010223,0.057373
0.018768,0.010986,0.061035
0.018311,0.0039673,0.059814
0.017853,-0.00015259,0.062256
0.017242,-0.0032043,0.062256
0.014648,-0.0045776,0.059814
0.013123,-0.004425,0.059814
0.012665,-0.0032043,0.065918
0.013885,-0.0022888,0.064697
0.014343,-0.0027466,0.068359
0.015717,-0.0042725,0.073242
0.016479,-0.0047302,0.065918
0.016022,-0.0048828,0.067139
0.014801,-0.0039673,0.064697
0.014191,-0.0036621,0.06958
0.014801,-0.0039673,0.053711
0.016022,-0.0047302,0.058594
0.015717,-0.0062561,0.05249
0.018005,-0.0073242,0.05249
0.019073,-0.0064087,0.041504
0.019379,-0.0050354,0.046387
0.019989,-0.002594,0.046387
0.020142,-0.0010681,0.045166
0.022125,-0.0010681,0.043945
0.023651,-0.0028992,0.046387
0.026093,-0.004425,0.037842
0.027924,-0.0053406,0.042725
0.029755,-0.0057983,0.041504
0.03067,-0.0056458,0.039063
0.032959,-0.0041199,0.047607
0.03479,-0.0032043,0.040283
0.035248,-0.0016785,0.047607
0.034485,-0.0035095,0.040283
0.033264,-0.0062561,0.026855
0.03067,-0.0083923,0.037842
0.027618,-0.009613,0.040283
0.023499,-0.0099182,0.039063
0.021362,-0.007019,0.041504
0.019836,-0.0050354,0.042725
0.019073,-0.005188,0.043945
0.018463,-0.0061035,0.045166
0.018616,-0.0074768,0.048828
0.019684,-0.0062561,0.047607
0.019836,-0.0035095,0.05249
0.020447,0.00030518,0.057373
0.02182,0.0024414,0.061035
0.021057,0.0015259,0.054932
0.021057,-0.00091553,0.059814
0.018463,-0.0030518,0.061035
0.017242,-0.0041199,0.061035
0.018005,0.0016785,0.072021
0.018768,0.0018311,0.061035
0.020905,0.0024414,4.3201
0.023193,0.0015259,4.8877
0.025787,-0.00045776,4.9255
0.026855,-0.0016785,4.9329
0.027618,-0.002594,4.9329
0.027161,0.0027466,4.9255
0.028229,0.0045776,4.9377
0.028076,0.0050354,4.9353
0.027466,0.002594,4.9353
0.02533,-0.0019836,4.9304
0.02182,-0.0059509,4.9316
0.020447,-0.0071716,4.9268
0.017395,-0.0067139,4.9292
0.016937,-0.0042725,4.9341
0.016937,-0.0010681,4.9219
0.018158,0.00061035,4.9182
0.019531,0.0010681,4.9255
0.019073,0.0013733,4.9084
0.018005,0.00015259,4.9146
0.016632,-0.0021362,4.9121
0.015411,-0.0015259,4.9133
0.015106,-0.00091553,4.9146
0.017395,0.00091553,4.9109
0.018768,0.0010681,4.9133
0.020294,0.0041199,4.9084
0.020905,0.0015259,4.9109
0.021515,0.0016785,4.9011
0.02121,0,4.9146
0.019836,0.0010681,4.9121
0.023956,0.0045776,4.9109
0.026398,0.007019,4.9109
0.027924,0.0079346,4.9133
0.027924,0.0057983,4.9194
0.026398,0.0018311,4.9121
0.025635,-0.00091553,4.9231
0.025482,0.0039673,4.9133
0.026855,0.002594,4.9072
0.028381,0.0041199,4.9182
0.026855,0.0048828,4.9194
0.02655,0.00091553,4.9207
0.025024,-0.0047302,4.9243
0.024567,-0.0094604,4.9231
0.022278,-0.01236,4.9292
0.023346,-0.010681,4.928
0.02243,-0.009613,4.9353
0.019989,-0.0076294,4.9304
0.018463,-0.0068665,4.9329
0.016632,-0.0074768,4.9329
0.015869,-0.009613,4.9353
0.017548,-0.0065613,4.939
0.019531,-0.0039673,4.9341
0.02121,-0.0015259,4.9329
0.023499,0.0010681,4.9341
0.025482,0.0028992,4.9438
0.027008,0.002594,4.9353
0.029755,0.0019836,4.9353
0.029907,0.0016785,4.9329
0.030823,0.0016785,4.9316
0.03006,0.0032043,4.9316
0.029602,0.0062561,4.9255
0.030823,0.0064087,4.9231
0.03006,0.0054932,4.9255
0.030365,0.0065613,4.9194
0.031891,0.0061035,4.9219
0.032043,0.0067139,4.9231
0.032349,0.0080872,4.9194
0.029907,0.010986,4.917
0.028229,0.010376,4.917
0.027771,0.010834,4.928
0.026245,0.0099182,4.9158
0.025635,0.0093079,4.9231
0.024872,0.0090027,4.9072
0.024872,0.0082397,0.028076
0.023499,0.0085449,0.037842
0.018311,0.0064087,0.040283
0.018921,0.0039673,0.040283
0.016632,0.00091553,0.040283
0.014648,-0.0019836,0.03418
0.012665,-0.0050354,0.041504
0.010071,-0.0067139,0.039063
0.0074768,-0.0074768,0.040283
0.0064087,-0.0079346,0.039063
0.0082397,-0.009613,0.046387
0.0054932,-0.010529,0.043945
0.0059509,-0.010071,0.050049
0.0073242,-0.0086975,0.057373
0.009613,-0.0059509,0.054932
0.010681,-0.0033569,0.053711
0.014954,-0.0015259,0.056152
0.018463,0,0.057373
0.018921,0.00076294,0.057373
0.020599,0.002594,0.046387
0.021515,0.004425,0.061035
0.022583,0.0067139,0.061035
0.02655,0.0083923,0.061035
0.02594,0.0086975,0.062256
0.027008,0.0091553,0.058594
0.027466,0.0080872,0.061035
0.027466,0.0083923,0.059814
0.027466,0.0090027,0.067139
0.027161,0.0086975,0.063477
0.025635,0.0083923,0.065918
0.023651,0.0085449,0.063477
0.02121,0.0080872,0.068359
0.018463,0.0083923,0.072021
0.014801,0.0067139,0.063477
0.013733,0.0061035,0.068359
0.012207,0.0041199,0.057373
0.011292,0.002594,0.045166
0.0083923,0.0016785,0.05249
0.010071,0.0021362,0.050049
0.0086975,0.0036621,0.047607
0.0059509,0.0061035,0.05127
0.0042725,0.0059509,0.043945
0.0019836,0.004425,0.046387
0.00091553,0.0024414,0.045166
-0.00015259,0.00030518,0.045166
0,0.00076294,0.041504
0.0016785,0.0012207,0.036621
0.0039673,0.0028992,0.043945
0.0074768,0.0028992,0.042725
0.011444,0.002594,0.039063
0.012512,0.0013733,0.030518
0.015564,0.00091553,0.037842
0.015869,0.0039673,0.041504
0.013428,0.0080872,0.037842
0.011597,0.010834,0.040283
0.0097656,0.010071,0.039063
0.0093079,0.0071716,0.036621
0.010986,0.0028992,0.039063
0.013275,0.0010681,0.040283
0.016174,0.0024414,0.042725
0.018463,0.002594,0.043945
0.020599,0.0047302,0.050049
0.021362,0.0035095,0.046387
0.021515,0.0010681,0.054932
0.022278,0.0019836,0.057373
0.02182,0.0041199,0.058594
0.022278,0.0074768,0.058594
0.020294,0.011292,0.062256
0.019073,0.012665,0.070801
0.020294,0.010071,0.062256
0.016022,0.0054932,0.067139
0.016327,0.0015259,0.062256
0.01709,-0.0030518,0.042725
0.018005,-0.0045776,0.058594
0.018921,-0.0045776,0.062256
0.019379,-0.0056458,0.062256
0.018616,-0.0047302,0.065918
0.016632,-0.0041199,0.059814
0.016937,-0.005188,4.3066
0.016785,-0.0061035,4.8914
0.017853,-0.0083923,4.9304
0.018005,-0.007782,4.9255
0.018616,-0.007019,4.9304
0.019684,-0.0050354,4.9268
0.021362,-0.0027466,4.928
0.022888,-0.0015259,4.9304
0.023956,-0.00091553,4.9243
0.028076,-0.0032043,4.9243
0.029297,-0.0047302,4.9194
0.029755,-0.0068665,4.9304
0.03006,-0.0080872,4.9158
0.030823,-0.0073242,4.9023
0.030518,-0.0059509,4.9146
0.029449,-0.0056458,4.9194
0.028839,-0.0039673,4.906
0.027924,-0.0036621,4.9097
0.026398,-0.0048828,4.9097
0.026703,-0.0074768,4.9097
0.025787,-0.0091553,4.906
0.02655,-0.0067139,4.9109
0.026855,-0.007019,4.9109
0.027924,-0.007019,4.9109
0.029297,-0.0076294,4.9109
0.029449,-0.0094604,4.9109
0.026245,-0.0099182,4.9194
0.027008,-0.009613,4.917
0.022583,-0.0079346,4.9158
0.019531,-0.0061035,4.9146
0.017853,-0.0036621,4.906
0.016785,-0.0010681,4.9207
0.018158,0.00045776,4.9207
0.021515,0.0010681,4.9207
0.02533,0.0016785,4.9243
0.029907,0.0018311,4.9255
0.031738,0.00091553,4.9268
0.033264,0.00076294,4.9243
0.032501,0.00030518,4.9353
0.03006,0,4.928
0.02655,0.00091553,4.9316
0.02243,0.0024414,4.9316
0.019073,0.0045776,4.9329
0.015564,0.0047302,4.9304
0.014496,0.0059509,4.9304
0.014801,0.0053406,4.9402
0.016174,0.0033569,4.9341
0.019531,0.00076294,4.9426
0.022125,-0.0042725,4.9365
0.024567,-0.0065613,4.9243
0.027466,-0.0062561,4.9329
0.028381,-0.0054932,4.9329
0.026398,-0.0033569,4.9109
0.022583,-0.002594,4.9304
0.016937,-0.0038147,4.9207
0.01297,-0.0042725,4.9304
0.010834,-0.0047302,4.9231
0.010529,-0.004425,4.9219
0.010834,-0.00030518,4.9146
0.013428,-0.0021362,4.9194
0.016479,-0.00076294,4.9182
0.019684,-0.00076294,4.9158
0.026855,-0.0013733,4.9243
0.027618,-0.0038147,4.9158
0.031281,-0.0038147,4.9121
0.032654,-0.0032043,4.9133
0.032043,-0.00061035,4.8926
0.028229,0.0022888,4.906
0.023804,0.0042725,4.9146
0.020905,0.0032043,4.9109
0.018311,0.0030518,4.9121
0.017548,0.0022888,4.906
0.018921,0.0033569,0.045166
0.018768,0.0083923,0.040283
0.020905,0.0086975,0.040283
0.023193,0.011444,0.037842
0.026093,0.010223,0.045166
0.027771,0.0074768,0.041504
0.028534,0.0022888,0.043945
0.029449,-0.0021362,0.042725
0.028687,-0.0068665,0.05249
0.026093,-0.0093079,0.053711
0.021667,-0.011749,0.057373
0.0177,-0.013275,0.065918
0.012054,-0.01297,0.056152
0.0099182,-0.012207,0.050049
0.0085449,-0.010376,0.058594
0.0086975,-0.0073242,0.064697
0.011902,-0.0041199,0.062256
0.016479,-0.0048828,0.059814
0.02121,-0.0059509,0.058594
0.026398,-0.0088501,0.061035
0.028534,-0.0073242,0.059814
0.031128,-0.0062561,0.067139
0.031586,-0.007019,0.059814
0.032196,-0.0050354,0.063477
0.030365,-0.0032043,0.063477
0.027924,-0.0021362,0.06958
0.025024,-0.0015259,0.074463
0.024261,-0.0027466,0.064697
0.022278,0.0024414,0.063477
0.022888,0.0045776,0.059814
0.023956,0.0071716,0.047607
0.025635,0.0074768,0.057373
0.028992,0.0082397,0.053711
0.029449,0.0042725,0.046387
0.030823,0.0054932,0.046387
0.030212,0.0048828,0.047607
0.030823,0.0062561,0.050049
0.028992,0.0059509,0.047607
0.026245,0.0050354,0.048828
0.023804,0.0050354,0.040283
0.020142,0.004425,0.042725
0.016785,0.0033569,0.045166
0.013123,0.002594,0.045166
0.011292,0.0019836,0.0354
0.010223,0.0019836,0.042725
0.0091553,0.0013733,0.05127
0.0085449,-0.00015259,0.037842
0.0082397,-0.00076294,0.050049
0.007782,-0.0013733,0.037842
0.007019,-0.0056458,0.031738
0.0057983,-0.00061035,0.036621
0.0039673,-0.00015259,0.042725
0.00091553,-0.00045776,0.039063
-0.0016785,-0.0024414,0.043945
-0.0022888,-0.0032043,0.040283
-0.0019836,-0.0042725,0.047607
-0.0015259,-0.004425,0.045166
0.0012207,-0.0032043,0.050049
0.0053406,-0.0018311,0.05127
0.0090027,-0.00076294,0.058594
0.010071,0.00045776,0.056152
0.010681,0.00076294,0.062256
0.010834,0.0019836,0.074463
0.011749,0.0027466,0.062256
0.010071,0.0038147,0.062256
0.012054,0.0061035,0.059814
0.012054,0.0090027,0.059814
0.01236,0.011597,0.057373
0.01358,0.01236,0.059814
0.016785,0.01297,0.062256
0.016632,0.012665,0.063477
0.017548,0.009613,0.061035
0.018158,0.01236,0.065918
0.018158,0.013428,0.063477
0.0177,0.014954,0.065918
0.016174,0.012512,0.064697
0.015411,0.011444,0.064697
0.016022,0.007019,0.059814
0.015717,0.0057983,4.4031
0.015717,0.007019,4.8914
0.016479,0.009613,4.9243
0.016785,0.012512,4.9316
0.015259,0.013733,4.9231
0.014038,0.011749,4.9304
0.011749,0.0079346,4.917
0.0086975,0.007782,4.9109
0.0085449,0.0032043,4.9133
0.0050354,0.002594,4.9146
0.0050354,0.0022888,4.9121
0.004425,0.00091553,4.9121
0.0041199,-0.0013733,4.9097
0.0035095,-0.0019836,4.9097
0.0057983,-0.0024414,4.9097
0.0080872,-0.00061035,4.9084
0.0094604,0.0021362,4.9084
0.010529,0.0050354,4.9133
0.010223,0.0061035,4.9121
0.0090027,0.0061035,4.9109
0.0086975,0.0045776,4.9133
0.0080872,0.0021362,4.9109
0.0088501,-0.00061035,4.9084
0.010529,-0.0036621,4.9097
0.011902,-0.0050354,4.9133
0.014191,-0.0057983,4.9158
0.015411,-0.0053406,4.9207
0.016632,-0.0053406,4.9207
0.01709,-0.0041199,4.9219
0.018311,-0.0033569,4.9231
0.019379,-0.0047302,4.9243
0.020447,-0.0048828,4.9255
0.021362,-0.007019,4.9316
0.02243,-0.0064087,4.928
0.022736,-0.0065613,4.9329
0.023193,-0.0062561,4.9329
0.023346,-0.0056458,4.9353
0.023651,-0.0064087,4.928
0.023041,-0.0091553,4.9316
0.023193,-0.0085449,4.9402
0.024261,-0.0050354,4.9207
0.022278,-0.0042725,4.9377
0.022125,-0.0018311,4.9377
0.020294,-0.0018311,4.9182
0.020142,-0.0038147,4.9316
0.020599,-0.007782,4.9329
0.020905,-0.011444,4.9353
0.022125,-0.01236,4.9304
0.023346,-0.010986,4.9268
0.02533,-0.007782,4.9292
0.024872,-0.0056458,4.9231
0.024719,-0.004425,4.9231
0.024414,-0.0061035,4.9182
0.025635,-0.0079346,4.9194
0.027924,-0.0094604,4.9182
0.031128,-0.0086975,4.9194
0.032806,-0.0071716,4.9194
0.036469,-0.0067139,4.917
0.036774,-0.007019,4.9133
0.037079,-0.0085449,4.9146
0.040436,-0.010223,4.8962
0.041046,-0.0090027,4.9084
0.042267,-0.005188,4.9231
0.041656,-0.0015259,4.9097
0.041199,0.00030518,4.9084
0.039215,-0.0015259,4.9084
0.038605,-0.0038147,4.9109
0.036926,-0.0074768,4.906
0.036774,-0.0085449,4.9084
0.037994,-0.0068665,4.906
0.038757,-0.005188,4.9133
0.039368,-0.0053406,4.8999
0.037537,-0.0074768,4.9109
0.035553,-0.009613,0.041504
0.031586,-0.011902,0.050049
0.027771,-0.012207,0.059814
0.024719,-0.009613,0.053711
0.023651,-0.0054932,0.067139
0.023651,-0.0021362,0.056152
0.023651,0.00076294,0.046387
0.023651,0.0027466,0.061035
0.02533,0.0045776,0.062256
0.027161,0.0054932,0.058594
0.030518,0.0068665,0.062256
0.033112,0.0062561,0.05249
0.032349,0.0028992,0.062256
0.03418,0.0012207,0.056152
0.029907,-0.002594,0.065918
0.025635,-0.0067139,0.059814
0.018768,-0.011902,0.067139
0.015564,-0.013733,0.06958
0.012512,-0.014343,0.067139
0.012054,-0.012054,0.070801
0.011749,-0.0076294,0.068359
0.011444,-0.0022888,0.065918
0.013885,0.0018311,0.056152
0.015564,0.0062561,0.068359
0.018768,0.0045776,0.056152
0.020905,0.0038147,0.056152
0.02243,0.0030518,0.050049
0.023804,0.0041199,0.05127
0.024872,0.0067139,0.050049
0.025482,0.011444,0.039063
0.02655,0.013428,0.043945
0.029907,0.012512,0.047607
0.032654,0.010071,0.042725
0.034485,0.0059509,0.045166
0.036011,0.0022888,0.041504
0.034943,0.00091553,0.032959
0.03067,-0.00030518,0.037842
0.026245,-0.00076294,0.041504
0.018311,-0.0027466,0.054932
0.019073,-0.007019,0.037842
0.016632,-0.0079346,0.047607
0.014191,-0.011139,0.031738
0.011597,-0.011902,0.023193
0.0094604,-0.0086975,0.037842
0.0080872,-0.0082397,0.039063
0.0083923,-0.010376,0.040283
0.0086975,-0.011597,0.045166
0.011444,-0.011139,0.041504
0.015106,-0.0079346,0.042725
0.018005,-0.0022888,0.047607
0.019836,0.0027466,0.05249
0.022278,0.0071716,0.050049
0.024261,0.0091553,0.048828
0.028534,0.010223,0.058594
0.031738,0.012207,0.057373
0.03479,0.015564,0.064697
0.038605,0.018158,0.059814
0.039673,0.018005,0.061035
0.040588,0.013885,0.061035
0.040436,0.0083923,0.073242
0.039215,0.0021362,0.062256
0.039215,-0.0015259,0.047607
0.037842,-0.0035095,0.061035
0.0383,-0.0056458,0.062256
0.036469,-0.0073242,0.061035
0.03479,-0.010223,0.064697
0.031433,-0.010376,0.067139
0.030975,-0.010986,0.065918
0.030823,-0.0085449,0.063477
0.03006,-0.0047302,0.067139
0.030823,-0.00061035,0.058594
0.031128,0.004425,0.061035
0.028839,0.0082397,0.05249
0.026245,0.010529,0.056152
0.023804,0.014801,0.061035
0.022583,0.016785,0.053711
0.019379,0.018463,0.047607
0.015411,0.019073,4.0662
0.012512,0.019379,4.8535
0.010223,0.018768,4.9084
0.0086975,0.018311,4.9109
0.0086975,0.017242,4.9109
0.009613,0.014191,4.9146
0.011292,0.010529,4.9109
0.013428,0.0073242,4.9109
0.015259,0.0041199,4.9084
0.017242,0.0030518,4.9109
0.017395,0.0018311,4.906
0.016785,0.005188,4.9023
0.014954,0.0022888,4.9109
0.012817,-0.00030518,4.9133
0.0090027,-0.0028992,4.9036
0.009613,-0.0053406,4.9084
0.010681,-0.005188,4.9146
0.012054,-0.0036621,4.9109
0.013733,-0.0012207,4.9231
0.014648,0.0016785,4.917
0.015717,0.0042725,4.9036
0.018005,0.0038147,4.9158
0.020447,0.0042725,4.9207
0.022125,0.0053406,4.9219
0.02243,0.0073242,4.9207
0.021057,0.0097656,4.9219
0.019531,0.0094604,4.9316
0.018005,0.009613,4.9304
0.017242,0.0080872,4.9341
0.015564,0.0059509,4.9304
0.018463,0.0035095,4.9353
0.018158,0.0032043,4.9304
0.017242,0.0032043,4.9329
0.016174,0.0061035,4.9402
0.013733,0.0080872,4.9377
0.013733,0.0082397,4.9329
0.015259,0.0097656,4.9329
0.017395,0.0074768,4.9377
0.020142,0.007019,4.9316
0.022278,0.0074768,4.9329
0.023499,0.0062561,4.9329
0.022888,0.0073242,4.9304
0.02243,0.0079346,4.9268
0.02243,0.0071716,4.9304
0.02243,0.0061035,4.9231
0.023346,0.0033569,4.9255
0.022583,0.0039673,4.9182
0.019226,0.0041199,4.9207
0.015259,0.0053406,4.917
0.010834,0.0065613,4.9231
0.0091553,0.0050354,4.9158
0.0085449,0.0024414,4.9219
0.0082397,-0.00061035,4.9255
0.0090027,-0.0027466,4.9146
0.0086975,-0.002594,4.9231
0.0097656,0.00045776,4.9109
0.0094604,0.0032043,4.9011
0.011444,0.0054932,4.9036
0.014496,0.0062561,4.9097
0.019531,0.0065613,4.9072
0.025024,0.0061035,4.9084
0.031586,0.0053406,4.8914
0.03479,0.0038147,4.9109
0.037994,0.0042725,4.906
0.040131,0.0028992,4.9146
0.042114,0.00045776,4.9048
0.043182,-0.0012207,4.9158
0.043182,-0.0056458,4.9109
0.03952,-0.0079346,4.9207
0.035095,-0.011139,4.9243
0.029755,-0.012512,4.9231
0.024567,-0.014496,4.9243
0.022278,-0.016022,4.9268
0.02182,-0.018768,4.9268
0.024109,-0.021667,0.062256
0.026398,-0.023499,0.047607
0.028839,-0.022736,0.057373
0.029755,-0.020599,0.061035
0.028687,-0.017242,0.058594
0.028534,-0.015259,0.061035
0.028839,-0.01358,0.057373
0.029144,-0.011597,0.064697
0.029907,-0.011139,0.059814
0.029755,-0.0097656,0.067139
0.028839,-0.0053406,0.067139
0.028229,-0.0021362,0.067139
0.029449,0.00015259,0.065918
0.033569,-0.00045776,0.064697
0.03891,-0.0039673,0.073242
0.046082,-0.0083923,0.059814
0.049438,-0.012207,0.065918
0.051727,-0.014191,0.058594
0.050659,-0.011749,0.040283
0.048218,-0.010376,0.05249
0.046539,-0.010223,0.05127
0.043945,-0.011902,0.047607
0.041962,-0.014648,0.048828
0.039368,-0.016785,0.042725
0.039368,-0.017853,0.047607
0.034332,-0.0177,0.042725
0.032349,-0.015564,0.041504
0.030518,-0.014496,0.041504
0.031738,-0.013885,0.045166
0.032806,-0.013885,0.039063
0.033417,-0.012054,0.041504
0.031433,-0.010223,0.045166
0.028229,-0.0068665,0.041504
0.024567,-0.002594,0.037842
0.022125,0.00015259,0.041504
0.021973,0.0028992,0.026855
0.021973,0.0033569,0.037842
0.026398,0.0036621,0.036621
0.028534,0.0027466,0.041504
0.028687,0.0012207,0.041504
0.028076,-0.0013733,0.039063
0.025787,-0.0033569,0.047607
0.024414,-0.0048828,0.045166
0.024414,-0.0032043,0.050049
0.025482,-0.0054932,0.047607
0.026093,-0.0050354,0.056152
0.024109,-0.0038147,0.05127
0.021667,-0.0032043,0.057373
0.018005,-0.00091553,0.058594
0.015564,0.00091553,0.064697
0.015259,0.0041199,0.067139
0.015259,0.0053406,0.064697
0.015717,0.0061035,0.072021
0.015259,0.0047302,0.062256
0.012665,0.0036621,0.050049
0.0099182,0.0021362,0.059814
0.0071716,0.0012207,0.062256
0.0067139,0.0010681,0.058594
0.0061035,0.0015259,0.067139
0.0047302,-0.0019836,0.064697
0.0048828,0.00061035,0.064697
0.0035095,0.0010681,0.062256
0.0027466,0.0013733,0.063477
0.0015259,0.0018311,0.058594
0.00061035,0.0022888,0.062256
0.0024414,0.002594,0.059814
0.0033569,0.0012207,0.057373
0.0050354,-0.0010681,0.053711
0.0057983,-0.0039673,0.053711
0.007019,-0.0076294,0.05249
0.0064087,-0.0097656,0.048828
0.0054932,-0.010376,0.05127
0.0059509,-0.010223,0.046387
0.0054932,-0.0088501,0.040283
0.0071716,-0.0088501,0.041504
0.0068665,-0.011139,0.041504
0.007782,-0.016174,0.8374
0.0082397,-0.015564,4.6741
0.0080872,-0.015564,4.8853
0.0088501,-0.012207,4.9097
0.012054,-0.0080872,4.906
0.017242,-0.0057983,4.9097
0.023193,-0.0032043,4.9097
0.026855,-0.0036621,4.9146
0.027771,-0.0050354,4.9097
0.025482,-0.0042725,4.9109
0.024261,-0.0033569,4.9255
0.023193,-0.0015259,4.9121
0.024261,-0.00030518,4.9182
0.027466,-0.0024414,4.9207
0.028534,-0.0027466,4.8975
0.03067,-0.0036621,4.9158
0.027771,-0.0032043,4.9194
0.026398,-0.0030518,4.9194
0.024414,-0.0022888,4.9231
0.023499,-0.002594,4.9255
0.023346,-0.0061035,4.9292
0.022736,-0.0059509,4.9304
0.021362,-0.0054932,4.9329
0.018768,-0.0028992,4.9292
0.016632,0.00030518,4.9438
0.016632,0.0019836,4.9304
0.017395,0.0032043,4.9353
0.020447,0.0027466,4.9341
0.02243,0.0010681,4.9329
0.024109,0,4.9146
0.021667,0.00030518,4.9377
0.020142,0.0022888,4.9475
0.017853,0.0041199,4.9353
0.016937,0.0059509,4.9255
0.017242,0.0064087,4.9316
0.017395,0.0059509,4.9304
0.016479,0.005188,4.9292
0.014954,0.0050354,4.9304
0.013123,0.0042725,4.9255
0.010986,0.0036621,4.9023
0.010223,0.00061035,4.9194
0.011292,-0.0015259,4.9231
0.014496,-0.0015259,4.9182
0.017242,-0.0048828,4.9207
0.018921,-0.0030518,4.9182
0.017853,-0.00015259,4.9109
0.014801,0.00015259,4.9231
0.011444,0.0016785,4.9158
0.0094604,0.0013733,4.9158
0.0090027,0.0018311,4.9109
0.0093079,0.0030518,4.8987
0.0099182,0.0057983,4.9133
0.0099182,0.011749,4.9097
0.010834,0.0094604,4.906
0.011597,0.010681,4.9121
0.013733,0.012817,4.9097
0.016785,0.014343,4.9133
0.02243,0.019073,4.9072
0.023346,0.020294,4.9109
0.024414,0.021362,4.9084
0.023804,0.019836,4.9146
0.022278,0.018921,4.8962
0.020905,0.018463,4.9182
0.02182,0.019379,4.9146
0.023041,0.019836,4.9231
0.025787,0.023193,4.9231
0.027771,0.022125,4.928
0.029602,0.02243,4.9255
0.029907,0.018311,4.9329
0.031128,0.019226,4.9194
0.032654,0.021515,4.9292
0.033417,0.026398,4.9365
0.03479,0.030518,4.9316
0.034637,0.027161,4.9304
0.031128,0.023651,0.054932
0.031891,0.019073,0.063477
0.027313,0.017395,0.062256
0.025787,0.017853,0.061035
0.025177,0.019836,0.061035
0.027924,0.021515,0.068359
0.027466,0.021973,0.065918
0.028229,0.019989,0.067139
0.027771,0.018616,0.080566
0.025787,0.020142,0.064697
0.02243,0.021515,0.061035
0.019531,0.021973,0.058594
0.01709,0.020599,0.043945
0.015106,0.016327,0.05127
0.013428,0.012512,0.050049
0.013123,0.0083923,0.050049
0.012054,0.0067139,0.050049
0.010834,0.0076294,0.047607
0.011597,0.0083923,0.047607
0.012207,0.0086975,0.046387
0.014191,0.0079346,0.045166
0.015106,0.0050354,0.040283
0.017242,0.0027466,0.042725
0.019226,0.00091553,0.042725
0.019684,0.002594,0.042725
0.021667,0.0038147,0.042725
0.023346,0.0059509,0.042725
0.024109,0.007782,0.046387
0.023499,0.0086975,0.041504
0.023651,0.0082397,0.048828
0.021057,0.0073242,0.037842
0.019531,0.0056458,0.032959
0.018768,0.0047302,0.039063
0.02182,0.002594,0.039063
0.025177,-0.00015259,0.039063
0.028992,-0.0035095,0.042725
0.032654,-0.0083923,0.043945
0.033722,-0.011597,0.046387
0.034332,-0.013275,0.048828
0.032959,-0.012512,0.053711
0.032043,-0.012665,0.048828
0.032501,-0.013428,0.059814
0.03067,-0.012665,0.058594
0.030365,-0.014954,0.061035
0.029755,-0.016327,0.072021
0.029755,-0.014191,0.061035
0.030823,-0.012054,0.065918
0.032349,-0.0097656,0.062256
0.033264,-0.0061035,0.059814
0.035248,-0.0041199,0.062256
0.037537,-0.0045776,0.061035
0.03891,-0.0053406,0.059814
0.039825,-0.0079346,0.063477
0.039673,-0.010834,0.062256
0.040131,-0.011902,0.065918
0.039368,-0.010223,0.064697
0.039978,-0.011902,0.067139
0.039673,-0.011749,0.062256
0.037689,-0.014954,0.063477
0.035706,-0.017853,0.061035
0.033264,-0.019684,0.059814
0.031738,-0.018311,0.05249
0.027924,-0.015411,0.053711
0.029144,-0.012817,0.064697
0.027924,-0.013123,0.05127
0.027161,-0.015411,0.057373
0.026398,-0.018921,0.046387
0.026245,-0.024567,0.042725
0.027008,-0.024109,0.040283
0.028229,-0.021515,0.040283
0.029755,-0.017242,0.040283
0.032196,-0.013885,0.043945
0.033264,-0.0099182,0.0354
0.033569,-0.010529,0.040283
0.034027,-0.011597,0.039063
0.033417,-0.012207,0.039063
0.031891,-0.011444,0.036621
0.030823,-0.0099182,4.0942
0.027161,-0.0086975,4.8572
0.025177,-0.0048828,4.9048
0.023041,-0.0054932,4.9109
0.021515,-0.0079346,4.9084
0.020294,-0.012665,4.9084
0.019531,-0.011749,4.9109
0.019531,-0.012054,4.9072
0.019073,-0.011139,4.9158
0.017548,-0.011597,4.9207
0.017242,-0.011749,4.9207
0.017242,-0.01297,4.9194
0.018311,-0.013428,4.9194
0.019531,-0.013275,4.9219
0.019684,-0.010681,4.9268
0.021667,-0.0079346,4.9304
0.022125,-0.0054932,4.9304
0.020752,-0.0032043,4.9353
0.021515,-0.002594,4.9292
0.021667,-0.00091553,4.9341
0.02243,-0.0042725,4.9292
0.023499,-0.00015259,4.9329
0.025482,0.00061035,4.9365
0.02655,0.00045776,4.9365
0.03067,0.0016785,4.9414
0.032501,0.0021362,4.9341
0.034637,0.0036621,4.9231
0.036316,0.0042725,4.939
0.035706,0.0053406,4.9341
0.035248,0.005188,4.9304
0.034485,0.0035095,4.9341
0.033264,0.0054932,4.9268
0.031128,0.0016785,4.9255
0.029144,0.00061035,4.9231
0.026398,-0.00015259,4.9243
0.024567,-0.0010681,4.9182
0.023346,-0.004425,4.9146
0.021667,-0.0033569,4.9182
0.020599,-0.0045776,4.9243
0.018921,-0.0036621,4.9158
0.017395,-0.0027466,4.9194
0.016479,-0.0018311,4.9146
0.016174,-0.0021362,4.9146
0.015106,-0.0010681,4.9109
0.016174,0.0010681,4.9109
0.018005,0.0022888,4.9109
0.017853,0.0067139,4.9097
0.020447,0.0093079,4.9109
0.02243,0.010071,4.9097
0.024567,0.010681,4.9097
0.026855,0.010223,4.9072
0.029144,0.012054,4.9084
0.031738,0.014496,4.9084
0.033569,0.017395,4.9133
0.03418,0.018921,4.917
0.035095,0.018768,4.9207
0.03418,0.018005,4.9133
0.032806,0.016174,4.9182
0.032501,0.020599,4.9316
0.032196,0.018921,4.9158
0.031433,0.019531,4.9304
0.029755,0.020294,4.9304
0.028687,0.016937,4.9121
0.027313,0.012665,4.9268
0.02655,0.0091553,4.9292
0.026245,0.010071,4.9158
0.025024,0.011749,4.9304
0.02533,0.016785,4.9304
0.020142,0.019989,4.9341
0.022278,0.018921,4.9329
0.019379,0.015411,4.9341
0.017242,0.011902,4.9304
0.014343,0.009613,0.06958
0.012817,0.0085449,0.065918
0.010376,0.011292,0.06958
0.0083923,0.015259,0.072021
0.0054932,0.011292,0.062256
0.0047302,0.0093079,0.065918
0.0056458,0.0056458,0.062256
0.0067139,0.0035095,0.06958
0.0090027,0.0036621,0.054932
0.010681,0.0032043,0.065918
0.01297,0.00076294,0.05249
0.014648,0.0048828,0.050049
0.016479,0.0041199,0.047607
0.019379,0.0030518,0.046387
0.021362,0.0019836,0.046387
0.024414,0.0010681,0.045166
0.026398,0.0010681,0.041504
0.02594,0.00091553,0.047607
0.024414,0.00061035,0.041504
0.02533,0.00045776,0.047607
0.023651,0.00076294,0.040283
0.022125,0.0022888,0.039063
0.02121,0.0032043,0.050049
0.021057,0.0024414,0.039063
0.018768,-0.0016785,0.05249
0.018311,-0.0045776,0.042725
0.016937,-0.0080872,0.028076
0.015564,-0.0083923,0.041504
0.014343,-0.0062561,0.040283
0.015564,-0.0035095,0.036621
0.016479,0.00015259,0.042725
0.017395,0.0013733,0.041504
0.017242,0.0015259,0.047607
0.01709,0.0010681,0.045166
0.014801,-0.0013733,0.05127
0.013123,-0.0032043,0.048828
0.011444,-0.0050354,0.058594
0.010681,-0.0065613,0.056152
0.013428,-0.0082397,0.063477
0.014191,-0.0071716,0.061035
0.015411,-0.0048828,0.062256
0.016632,-0.0015259,0.059814
0.016937,0.0012207,0.061035
0.018616,0.0028992,0.073242
0.020599,0.0036621,0.058594
0.022278,0.0065613,0.054932
0.024414,0.0047302,0.062256
0.02594,0.004425,0.064697
0.025482,0.0033569,0.062256
0.027008,0.00045776,0.067139
0.027618,-0.0030518,0.063477
0.028229,-0.0068665,0.068359
0.026398,-0.007782,0.062256
0.024872,-0.0071716,0.063477
0.02243,-0.0035095,0.061035
0.019989,0,0.062256
0.01709,0.0019836,0.054932
0.014496,0.0021362,0.056152
0.014191,0.0013733,0.063477
0.013885,-0.00091553,0.05127
0.014496,-0.0022888,0.046387
0.018768,-0.0019836,0.047607
0.023193,-0.0018311,0.026855
0.026245,-0.002594,0.043945
0.028839,-0.0042725,0.045166
0.030365,-0.0065613,0.042725
0.030975,-0.0076294,0.040283
0.03006,-0.0071716,0.03418
0.027771,-0.0033569,0.041504
0.026398,0.00030518,0.037842
0.023804,0.0024414,0.039063
0.02182,0.0022888,0.037842
0.021515,0,0.042725
0.023956,-0.0038147,0.037842
0.026855,-0.0061035,0.040283
0.030212,-0.0086975,0.037842
0.031128,-0.009613,0.039063
0.033417,-0.011292,0.042725
0.033417,-0.012512,2.7747
0.033112,-0.01297,4.7888
0.031128,-0.013275,4.9036
0.030212,-0.013275,4.9097
0.026855,-0.010834,4.9194
0.026703,-0.0094604,4.9182
0.02655,-0.007019,4.9207
0.026703,-0.0053406,4.9268
0.029907,-0.0027466,4.9255
0.032959,-0.0010681,4.9304
0.036774,0.00045776,4.928
0.03891,0.00030518,4.939
0.041962,-0.0015259,4.9292
0.03952,-0.0027466,4.9329
0.038757,-0.0028992,4.9304
0.037994,-0.0033569,4.9316
0.037231,-0.0036621,4.9402
0.035553,-0.0050354,4.9353
0.032501,-0.005188,4.9341
0.029755,-0.0061035,4.9353
0.028534,-0.0056458,4.9353
0.028229,-0.0050354,4.9329
0.026703,-0.0047302,4.9304
0.027924,-0.0032043,4.9304
0.028381,-0.0021362,4.9304
0.028992,-0.0022888,4.9304
0.027771,-0.0024414,4.928
0.024567,-0.0018311,4.9097
0.024872,-0.0021362,4.9268
0.023651,-0.0016785,4.9182
0.022125,-0.00045776,4.9207
0.019226,0.0015259,4.9194
0.016174,0.0038147,4.9231
0.014038,0.0079346,4.9109
0.013275,0.0065613,4.917
0.015411,0.0097656,4.9255
0.0177,0.0097656,4.9146
0.021515,0.0094604,4.9243
0.025482,0.0091553,4.9133
0.027008,0.009613,4.8999
0.027924,0.0091553,4.9109
0.028076,0.0085449,4.9121
0.027618,0.007782,4.9109
0.026093,0.004425,4.906
0.024414,0.0056458,4.906
0.02182,0.0041199,4.9097
0.020142,0.0039673,4.9072
0.018005,0.0033569,4.9146
0.01709,0.0032043,4.9109
0.01709,0.0010681,4.9182
0.017853,0.0021362,4.917
0.017548,0.0019836,4.9194
0.019073,0.0021362,4.9316
0.018768,0.00091553,4.9255
0.018311,-0.0018311,4.9146
0.017395,-0.0047302,4.9304
0.016327,-0.005188,4.9231
0.016327,-0.0027466,4.928
0.015717,0.0021362,4.9463
0.013428,0.0094604,4.9353
0.011444,0.0083923,4.9316
0.010529,0.0091553,4.928
0.012207,0.0090027,4.9329
0.014801,0.0094604,4.9316
0.02182,0.011292,4.9292
0.02121,0.013275,4.9292
0.021973,0.012665,4.9377
0.022125,0.010071,4.9353
0.020905,0.0057983,4.9377
0.019226,-0.00045776,4.9365
0.017853,-0.0050354,4.939
0.015259,-0.0067139,4.939
0.01358,-0.0082397,0.061035
0.0099182,-0.0093079,0.068359
0.0099182,-0.0086975,0.053711
0.0097656,-0.011597,0.05127
0.010681,-0.012054,0.053711
0.01236,-0.012054,0.05249
0.014954,-0.011444,0.047607
0.017242,-0.010223,0.047607
0.02121,-0.011139,0.046387
0.022583,-0.010376,0.046387
0.024109,-0.010071,0.043945
0.024872,-0.0068665,0.043945
0.026855,-0.0022888,0.040283
0.029755,0.0035095,0.041504
0.031891,0.0086975,0.0354
0.034485,0.012512,0.043945
0.037231,0.014343,0.041504
0.03891,0.01358,0.041504
0.039368,0.011749,0.040283
0.041351,0.0093079,0.040283
0.041504,0.007019,0.032959
0.041351,0.0047302,0.037842
0.040283,0.0035095,0.039063
0.036774,0.0033569,0.037842
0.031738,0.0018311,0.041504
0.029297,-0.00030518,0.041504
0.026703,0,0.046387
0.025177,-0.0019836,0.046387
0.024872,-0.0015259,0.05127
0.02533,-0.0016785,0.05127
0.026093,-0.00091553,0.054932
0.027161,0.00076294,0.056152
0.029755,0.0027466,0.061035
0.031128,0.0045776,0.057373
0.029907,0.0042725,0.061035
0.028992,0.0074768,0.070801
0.02594,0.0091553,0.062256
0.023193,0.011902,0.06958
0.02121,0.012665,0.059814
0.019989,0.011444,0.043945
0.019989,0.0091553,0.061035
0.020142,0.007019,0.061035
0.020752,0.0039673,0.065918
0.023193,0.0013733,0.064697
0.024414,0.00045776,0.062256
0.025482,-0.0010681,0.064697
0.026245,-0.0013733,0.059814
0.026398,-0.00061035,0.061035
0.024567,0,0.057373
0.023041,0.0021362,0.061035
0.02182,0.0036621,0.054932
0.02182,0.0041199,0.053711
0.02243,0.0042725,0.059814
0.022583,0.0036621,0.05127
0.024719,0.0024414,0.048828
0.026093,0.0032043,0.047607
0.025787,0.0030518,0.042725
0.026398,0.0035095,0.041504
0.027161,0.0030518,0.043945
0.027466,0.0021362,0.042725
0.02655,0.00076294,0.041504
0.023499,-0.00030518,0.039063
0.019989,-0.0021362,0.040283
0.016174,0.0012207,0.041504
0.010529,0.0061035,0.040283
0.010376,0.0090027,0.036621
0.010529,0.01236,0.042725
0.012665,0.013275,0.040283
0.015106,0.011444,0.037842
0.017548,0.0079346,0.040283
0.019226,0.0048828,0.042725
0.020447,0.0039673,0.05127
0.019684,0.0062561,0.042725
0.017853,0.007019,0.057373
0.015564,0.0073242,0.045166
0.013428,0.0062561,0.036621
0.010986,0.0027466,0.05127
0.0088501,0.0013733,0.05127
0.007019,0.00015259,0.054932
0.0053406,0.0019836,4.6057
0.0054932,0.0041199,4.9036
0.0073242,0.0054932,4.9207
0.010986,0.0050354,4.9292
0.013123,0.0024414,4.9329
0.014038,-0.00061035,4.928
0.012054,-0.0030518,4.9304
0.0093079,-0.002594,4.9341
0.0059509,-0.00030518,4.9316
0.0035095,0.0021362,4.9353
0.0019836,0.0038147,4.9255
0.00091553,0.0039673,4.9414
0.00045776,0.0027466,4.9365
0.00015259,0.0062561,4.9451
0.00030518,0.0080872,4.9341
0.0024414,0.0094604,4.9414
0.0074768,0.0091553,4.9304
0.012512,0.010223,4.9304
0.017395,0.009613,4.9304
0.019989,0.0094604,4.9255
0.020905,0.0065613,4.9207
0.020599,0.0059509,4.9255
0.020294,0.0033569,4.9207
0.019684,0.0010681,4.9182
0.019379,-0.0015259,4.9146
0.019379,-0.0018311,4.917
0.019379,-0.0012207,4.9182
0.018463,-0.0012207,4.9182
0.016937,0,4.9243
0.015106,0.00030518,4.9133
0.014954,-0.00076294,4.9097
0.014343,-0.0015259,4.9084
0.015411,-0.00015259,4.8901
0.01709,0.0018311,4.9084
0.018463,0.0036621,4.9084
0.017548,0.0048828,4.9097
0.018616,0.004425,4.9084
0.017242,0.0036621,4.9048
0.016479,0.0016785,4.9121
0.015717,0.0019836,4.9084
0.016327,0.0028992,4.9121
0.016937,0.0036621,4.9036
0.0177,0.0019836,4.9194
0.017853,0.0030518,4.9146
0.017548,0.0016785,4.9207
0.019073,0.00015259,4.9194
0.021973,-0.00030518,4.9243
0.024719,-0.00091553,4.9255
0.028534,-0.0018311,4.9316
0.030823,-0.0024414,4.939
0.032501,-0.0036621,4.9304
0.032806,-0.005188,4.917
0.032806,-0.0064087,4.9329
0.03479,-0.005188,4.9329
0.036316,-0.0028992,4.9304
0.0383,0.00061035,4.9292
0.039673,0.0039673,4.928
0.042267,0.0059509,4.9341
0.041809,0.0067139,4.9316
0.041199,0.0047302,4.9353
0.039673,0.0073242,4.9329
0.040283,0.0086975,4.9377
0.041351,0.012054,4.9353
0.041351,0.015564,4.939
0.03952,0.017242,4.9426
0.037079,0.017395,4.9353
0.033875,0.015564,4.9316
0.03067,0.013733,4.928
0.029755,0.012512,4.9207
0.028229,0.01297,4.9268
0.027618,0.015259,4.9194
0.025024,0.016785,0.042725
0.024872,0.017242,0.05249
0.024261,0.016022,0.047607
0.026093,0.012054,0.043945
0.027618,0.0071716,0.042725
0.029907,0.0039673,0.048828
0.032806,0.0064087,0.037842
0.035706,0.0099182,0.043945
0.035706,0.016479,0.043945
0.034943,0.020447,0.041504
0.032196,0.022888,0.0354
0.030365,0.021667,0.041504
0.028992,0.019531,0.047607
0.027618,0.017548,0.041504
0.027466,0.015259,0.048828
0.026855,0.013123,0.040283
0.026703,0.009613,0.032959
0.025177,0.0054932,0.039063
0.025177,-0.00045776,0.041504
0.025482,-0.0033569,0.042725
0.024719,-0.0054932,0.046387
0.024261,-0.0056458,0.042725
0.022888,-0.0035095,0.05249
0.020599,0.00091553,0.050049
0.019836,0.0030518,0.041504
0.018768,0.0038147,0.053711
0.020447,0.0030518,0.061035
0.023193,0.0021362,0.059814
0.026703,0.0021362,0.063477
0.03067,0.0045776,0.075684
0.034332,0.0062561,0.062256
0.036774,0.0083923,0.062256
0.036774,0.0080872,0.061035
0.035858,0.0062561,0.058594
0.034485,0.0059509,0.057373
0.032654,0.005188,0.058594
0.030823,0.0064087,0.064697
0.027008,0.0061035,0.064697
0.023193,0.0036621,0.062256
0.018311,-0.00030518,0.067139
0.015259,-0.0064087,0.062256
0.010529,-0.011902,0.065918
0.0082397,-0.017853,0.061035
0.0079346,-0.019989,0.062256
0.0074768,-0.019836,0.054932
0.0064087,-0.018311,0.047607
0.005188,-0.015869,0.054932
0.0061035,-0.016022,0.05127
0.0080872,-0.012665,0.058594
0.011292,-0.0091553,0.050049
0.014038,-0.0041199,0.061035
0.016785,0.0021362,0.046387
0.020599,0.0053406,0.037842
0.024872,0.0099182,0.042725
0.028687,0.010376,0.042725
0.032959,0.0085449,0.039063
0.037231,0.0071716,0.040283
0.040588,0.0047302,0.036621
0.041351,0.0028992,0.040283
0.040588,0.002594,0.0354
0.037994,0.0015259,0.042725
0.034943,0.00030518,0.0354
0.030518,-0.0030518,0.040283
0.029297,-0.0071716,0.041504
0.025635,-0.010223,0.042725
0.023193,-0.01236,0.043945
0.020599,-0.012817,0.0354
0.021057,-0.01297,0.046387
0.019226,-0.011292,0.045166
0.017548,-0.010834,0.043945
0.018158,-0.011444,0.05127
0.0177,-0.010986,0.037842
0.016632,-0.010834,0.050049
0.014496,-0.0099182,0.058594
0.01236,-0.0097656,0.056152
0.011902,-0.0073242,0.061035
0.011749,-0.0036621,0.058594
0.011902,-0.0039673,0.063477
0.014954,-0.0019836,0.64087
0.012665,-0.0027466,4.6826
0.013123,-0.0056458,4.9109
0.015106,-0.0065613,4.9292
0.019226,-0.0053406,4.9255
0.018921,-0.0042725,4.9329
0.020447,-0.0047302,4.9414
0.019684,-0.005188,4.9365
0.018616,-0.0074768,4.939
0.017242,-0.0083923,4.9341
0.018311,-0.0079346,4.9158
0.017853,-0.004425,4.9292
0.018921,-0.0012207,4.9329
0.018158,-0.0018311,4.928
0.016632,-0.0033569,4.9255
0.018921,-0.0071716,4.9243
0.018463,-0.010071,4.9255
0.022583,-0.011139,4.9219
0.024261,-0.0085449,4.9194
0.023499,-0.0083923,4.917
0.021057,-0.0079346,4.9097
0.02121,-0.0073242,4.9194
0.015259,-0.0079346,4.9207
0.013733,-0.0033569,4.9146
0.011749,-0.00076294,4.9133
0.014343,0.0028992,4.9146
0.013885,0.0038147,4.9109
0.013123,0.0054932,4.9097
0.011902,0.0035095,4.9097
0.014801,0.00091553,4.9146
0.018463,0.0016785,4.9121
0.021362,0.0019836,4.9121
0.024719,0.0028992,4.9097
0.023651,0.0038147,4.9084
0.021667,0.0028992,4.9084
0.018463,0,4.9097
0.0177,0.0010681,4.9084
0.016632,0.00045776,4.917
0.015869,0.0030518,4.9158
0.015259,0.0050354,4.9207
0.016174,0.007782,4.9194
0.015869,0.0088501,4.9255
0.018005,0.0090027,4.9329
0.019531,0.0085449,4.9292
0.021667,0.0085449,4.9365
0.023651,0.010376,4.9292
0.024414,0.01236,4.9231
0.025787,0.013885,4.9329
0.021667,0.013275,4.9268
0.018005,0.013123,4.9292
0.012817,0.010834,4.9304
0.0090027,0.0080872,4.9292
0.0071716,0.0065613,4.9377
0.0068665,0.0057983,4.9329
0.0067139,0.0062561,4.9353
0.0065613,0.0067139,4.9329
0.0068665,0.0054932,4.9365
0.0062561,0.0035095,4.9365
0.0057983,0.00076294,4.9353
0.0068665,-0.0015259,4.9341
0.007782,-0.0036621,4.9353
0.010376,0.00030518,4.9365
0.011139,0.0041199,4.928
0.01236,0.0085449,4.9414
0.013123,0.011139,4.928
0.014038,0.010986,4.9146
0.017548,0.0093079,4.9182
0.02243,0.0061035,4.9207
0.027924,0.0035095,4.8987
0.030518,0.0036621,4.9194
0.030975,0.0062561,4.9109
0.029449,0.0082397,4.917
0.027924,0.0094604,0.041504
0.027313,0.0080872,0.041504
0.027313,0.0054932,0.042725
0.026398,0.002594,0.043945
0.025177,0.00091553,0.03418
0.023346,0.0013733,0.042725
0.021515,0.0030518,0.053711
0.019379,0.0022888,0.041504
0.018005,0.00091553,0.048828
0.019531,-0.0019836,0.037842
0.021667,-0.0050354,0.025635
0.024109,-0.0064087,0.039063
0.024261,-0.0057983,0.037842
0.023193,-0.0039673,0.042725
0.022583,-0.00061035,0.043945
0.021362,0.00030518,0.045166
0.021973,0.00061035,0.050049
0.022278,0.00091553,0.05127
0.025482,0.0016785,0.056152
0.028229,0.0036621,0.05249
0.029449,0.0056458,0.059814
0.028839,0.0088501,0.059814
0.028229,0.0088501,0.062256
0.028534,0.0073242,0.06958
0.029755,0.0050354,0.063477
0.030823,0.0016785,0.057373
0.030365,0.0019836,0.064697
0.028076,0.0027466,0.073242
0.02533,0.0035095,0.057373
0.022125,0.0041199,0.053711
0.019989,0.0032043,0.062256
0.019379,0.0016785,0.064697
0.020447,0,0.059814
0.020752,-0.00030518,0.065918
0.020752,-0.004425,0.063477
0.020599,0,0.063477
0.019073,0.002594,0.059814
0.018311,0.0019836,0.062256
0.019073,0.0032043,0.054932
0.021515,0.0024414,0.056152
0.020599,0.0033569,0.053711
0.022888,0.004425,0.053711
0.023041,0.0061035,0.058594
0.023041,0.0094604,0.050049
0.021973,0.010529,0.047607
0.02243,0.011292,0.048828
0.024109,0.010986,0.032959
0.028687,0.0076294,0.045166
0.028381,0.0054932,0.041504
0.028534,0.0019836,0.037842
0.027313,0.0021362,0.042725
0.025177,0.0036621,0.037842
0.02243,0.0053406,0.040283
0.02121,0.0061035,0.0354
0.020905,0.0016785,0.041504
0.019989,-0.0010681,0.0354
0.019226,-0.0053406,0.041504
0.015717,-0.0083923,0.039063
0.017242,-0.0088501,0.040283
0.016785,-0.007019,0.037842
0.019531,-0.0056458,0.042725
0.022278,-0.0036621,0.042725
0.024872,-0.0042725,0.043945
0.027161,-0.0045776,0.054932
0.028076,-0.0062561,0.048828
0.026855,-0.0071716,0.040283
0.02594,-0.0038147,0.05249
0.024719,-0.00076294,0.053711
0.025482,0.002594,0.053711
0.027008,0.0056458,0.059814
0.028229,0.0010681,0.056152
0.028687,-0.0030518,0.059814
0.027313,-0.0071716,0.061035
0.025787,-0.007782,0.062256
0.023651,-0.0064087,0.058594
0.023346,-0.0042725,0.062256
0.024261,-0.0041199,0.058594
0.026093,-0.0074768,0.063477
0.028076,-0.013275,4.0356
0.024109,-0.016785,4.8804
0.027161,-0.016479,4.9255
0.025635,-0.011444,4.9341
0.025024,-0.0071716,4.9255
0.026703,-0.0042725,4.9304
0.029297,-0.0028992,4.9316
0.031586,-0.0059509,4.9304
0.032196,-0.0065613,4.9292
0.031128,-0.0053406,4.9243
0.029907,-0.0036621,4.928
0.028229,-0.0028992,4.9207
0.028534,-0.0036621,4.9231
0.028992,-0.0073242,4.9146
0.030212,-0.009613,4.9194
0.030823,-0.0088501,4.9182
0.030365,-0.005188,4.9194
0.027313,0.00030518,4.9146
0.025635,0.0033569,4.9182
0.024261,0.0045776,4.9219
0.025177,0.0032043,4.9146
0.022278,-0.00015259,4.9194
0.027924,-0.0028992,4.9084
0.029297,-0.005188,4.9011
0.028229,-0.0064087,4.9121
0.026245,-0.0059509,4.9084
0.024109,-0.0053406,4.9097
0.023651,-0.0050354,4.9084
0.023804,-0.0079346,4.9072
0.023956,-0.0056458,4.9109
0.02182,-0.005188,4.906
0.016479,-0.0053406,4.917
0.011749,-0.0047302,4.9109
0.0088501,-0.0035095,4.9182
0.0074768,-0.0032043,4.9182
0.0090027,-0.0030518,4.9219
0.0097656,-0.0030518,4.9304
0.011597,-0.0041199,4.9243
0.011749,-0.0038147,4.9292
0.0082397,-0.002594,4.9316
0.0065613,0,4.928
0.0065613,0.0030518,4.9353
0.0076294,0.0050354,4.9365
0.0054932,0.0053406,4.9304
0.011139,0.0033569,4.9304
0.012817,0.0022888,4.9292
0.014954,-0.00091553,4.9304
0.015106,-0.00091553,4.9304
0.015717,0.00015259,4.9353
0.016174,0.0021362,4.9329
0.018005,0.0027466,4.9377
0.019531,0.0032043,4.9365
0.021515,0.0030518,4.9353
0.021515,0.0016785,4.9316
0.019379,0.0050354,4.9353
0.018463,0.0065613,4.9414
0.016022,0.007019,4.9292
0.016937,0.0079346,4.9329
0.018768,0.0068665,4.9268
0.019989,0.0065613,4.9072
0.02182,0.005188,4.917
0.018921,0.0035095,4.9231
0.016479,0.0021362,4.906
0.012665,0.00045776,4.917
0.010986,0.0015259,4.9072
0.0094604,0.002594,4.9158
0.0074768,0.0053406,4.9133
0.0065613,0.0085449,4.9146
0.0047302,0.011902,4.9133
0.0027466,0.011139,4.9243
0.002594,0.011444,4.9133
0.002594,0.010223,0.037842
0.0054932,0.007019,0.050049
0.0083923,0.011902,0.040283
0.010834,0.010529,0.039063
0.011597,0.009613,0.0354
0.011444,0.0090027,0.030518
0.0093079,0.0071716,0.037842
0.0059509,0.0065613,0.037842
0.0036621,0.0062561,0.043945
0.0028992,0.0067139,0.042725
0.0021362,0.0065613,0.043945
0.0027466,0.0056458,0.05127
0.0033569,0.0048828,0.05127
0.0039673,0.0048828,0.057373
0.0059509,0.0062561,0.053711
0.0082397,0.0080872,0.062256
0.012665,0.009613,0.058594
0.012054,0.010071,0.061035
0.014343,0.0099182,0.063477
0.012817,0.010223,0.062256
0.013885,0.010834,0.067139
0.014038,0.01236,0.063477
0.014801,0.01358,0.074463
0.016022,0.016632,0.064697
0.0177,0.019684,0.048828
0.0177,0.020905,0.063477
0.017548,0.023041,0.068359
0.018463,0.023651,0.062256
0.017853,0.023651,0.067139
0.020142,0.02243,0.064697
0.021667,0.017853,0.064697
0.023041,0.013885,0.062256
0.023651,0.010071,0.063477
0.022888,0.007782,0.050049
0.02243,0.0041199,0.056152
0.021057,0.0033569,0.054932
0.018616,0.0038147,0.05249
0.016937,0.004425,0.054932
0.014343,0.0062561,0.050049
0.011749,0.007019,0.047607
0.0099182,0.0047302,0.043945
0.0093079,0.0032043,0.03418
0.0093079,0.0012207,0.046387
0.012817,0.0022888,0.040283
0.016937,0.0045776,0.040283
0.022583,0.0047302,0.041504
0.027008,0.0045776,0.039063
0.028992,0.0022888,0.030518
0.028534,0,0.036621
0.02594,-0.0033569,0.039063
0.022583,0,0.036621
0.020294,0.0027466,0.039063
0.019379,0.0041199,0.040283
0.018005,0.004425,0.042725
0.016479,0.0024414,0.040283
0.015564,-0.0019836,0.042725
0.016632,-0.0045776,0.054932
0.020447,-0.0047302,0.043945
0.025024,-0.0012207,0.054932
0.030365,0.0039673,0.048828
0.033875,0.0074768,0.030518
0.034027,0.0076294,0.05249
0.032349,0.007019,0.056152
0.029755,0.0036621,0.058594
0.028687,0.0012207,0.058594
0.027313,0.00076294,0.059814
0.027924,0.0016785,0.050049
0.02655,0.0019836,0.061035
0.025482,0.0010681,0.062256
0.024261,-0.00045776,0.056152
0.022278,-0.0027466,0.064697
0.021515,-0.0039673,0.061035
0.021515,-0.0033569,0.058594
0.021057,-0.0019836,0.072021
0.020752,-0.0010681,0.065918
0.020905,-0.0013733,0.065918
0.019684,-0.0012207,0.065918
0.019531,-0.0018311,0.073242
0.017395,-0.0027466,0.063477
0.017853,-0.0032043,4.4995
0.018158,-0.0022888,4.8999
0.018921,0.0012207,4.9231
0.020599,0.0035095,4.9231
0.02121,0.0059509,4.9219
0.022888,0.0045776,4.917
0.023041,0.0027466,4.9194
0.023499,0.0021362,4.9158
0.024872,0.0015259,4.9194
0.027618,0.0019836,4.9158
0.029297,0.0030518,4.9158
0.031128,0.0041199,4.9146
0.031586,0.002594,4.9146
0.031891,0.00061035,4.9194
0.030518,-0.0015259,4.9109
0.028687,-0.0039673,4.9146
0.028229,-0.0053406,4.9121
0.027771,-0.002594,4.8987
0.026703,-0.0074768,4.9121
0.023804,-0.0097656,4.9109
0.02121,-0.012817,4.906
0.019073,-0.01297,4.9097
0.019379,-0.012817,4.9084
0.020447,-0.0073242,4.9084
0.020905,-0.0022888,4.9072
0.022583,0.00091553,4.9133
0.022888,0.0039673,4.9146
0.024261,0.0064087,4.9097
0.026093,0.007019,4.9109
0.027771,0.007019,4.9255
0.031586,0.0068665,4.9219
0.033264,0.0038147,4.928
0.032654,0.0012207,4.928
0.03067,-0.0030518,4.9329
0.028229,-0.0041199,4.9353
0.025482,-0.0057983,4.9341
0.023193,-0.0067139,4.9146
0.021515,-0.0073242,4.928
0.023499,-0.0085449,4.9292
0.018921,-0.007782,4.9329
0.018311,-0.0079346,4.9219
0.018616,-0.0085449,4.9304
0.02243,-0.0090027,4.9365
0.026093,-0.011292,4.9341
0.029297,-0.013123,4.9316
0.03006,-0.012512,4.9329
0.029144,-0.0091553,4.9304
0.026855,-0.0042725,4.9353
0.02594,0.00061035,4.9353
0.025482,0.0019836,4.9463
0.025482,0,4.9329
0.026245,-0.0019836,4.9255
0.027924,-0.00061035,4.9268
0.028534,0.0019836,4.9133
0.030823,0.0067139,4.9207
0.031586,0.0086975,4.9194
0.033417,0.0074768,4.9158
0.035095,0.0048828,4.917
0.036621,0.0027466,4.9048
0.037994,0.0018311,4.9146
0.036774,0.0028992,4.9146
0.034332,0.0057983,4.9133
0.030365,0.0027466,4.9072
0.03006,0.0018311,4.9146
0.029144,-0.00015259,4.9133
0.029144,0.00061035,4.9146
0.028229,0.0021362,4.9097
0.026703,0.0048828,4.9109
0.025635,0.0073242,4.917
0.024414,0.0082397,4.9109
0.022888,0.0082397,4.917
0.022583,0.0085449,0.047607
0.022583,0.0088501,0.031738
0.02243,0.0074768,0.042725
0.020294,0.0059509,0.042725
0.016327,0.0027466,0.046387
0.011902,0.00015259,0.048828
0.0086975,-0.0012207,0.05127
0.0083923,0.0010681,0.053711
0.0073242,0.0036621,0.053711
0.007782,0.0035095,0.058594
0.0071716,0.0019836,0.057373
0.0073242,-0.00061035,0.063477
0.0079346,-0.0061035,0.059814
0.010071,-0.011444,0.062256
0.013123,-0.0065613,0.072021
0.015717,-0.0033569,0.063477
0.016632,0.0010681,0.062256
0.016632,0.0022888,0.062256
0.016022,0.00091553,0.064697
0.014191,-0.00030518,0.063477
0.013885,0.00030518,0.064697
0.014954,0.0032043,0.062256
0.014496,0.007782,0.067139
0.014191,0.010529,0.061035
0.015259,0.0093079,0.065918
0.016022,0.0053406,0.062256
0.019836,0.0021362,0.064697
0.019073,-0.0010681,0.054932
0.019684,-0.0018311,0.056152
0.018616,0.0027466,0.056152
0.015869,0.0042725,0.056152
0.013275,0.004425,0.048828
0.010223,0.0030518,0.048828
0.0090027,0.0027466,0.059814
0.0071716,0.0032043,0.043945
0.0061035,0.0054932,0.061035
0.0039673,0.0065613,0.046387
0.0024414,0.0050354,0.040283
0.00091553,0.0028992,0.043945
0.00061035,0.0010681,0.040283
0.00015259,0.0019836,0.040283
0.0012207,0.004425,0.039063
0.0018311,0.0071716,0.037842
0.0024414,0.0080872,0.042725
0.0022888,0.0048828,0.032959
0.00091553,0.0010681,0.039063
0.0016785,-0.00091553,0.037842
0.0028992,-0.00076294,0.039063
0.0050354,0.0019836,0.037842
0.0076294,0.0048828,0.042725
0.010223,0.0050354,0.05127
0.011444,0.0032043,0.042725
0.012512,0.00030518,0.046387
0.012207,-0.0013733,0.047607
0.011597,-0.0015259,0.043945
0.011444,0.0010681,0.050049
0.0097656,0.0035095,0.037842
0.010223,0.0030518,0.062256
0.010223,0.0012207,0.059814
0.011292,-0.0019836,0.058594
0.011749,-0.0048828,0.061035
0.013275,-0.0068665,0.061035
0.014648,-0.0059509,0.062256
0.016327,-0.0071716,0.061035
0.01709,-0.0048828,0.063477
0.019531,-0.002594,0.056152
0.020599,0.00045776,0.061035
0.021362,0.0039673,0.063477
0.022125,0.0067139,0.067139
0.020599,0.0083923,0.072021
0.019531,0.0088501,0.067139
0.020752,0.0082397,0.075684
0.02121,0.0079346,0.064697
0.023651,0.0073242,0.05127
0.022888,0.0054932,0.057373
0.022736,0.0035095,0.057373
0.021973,0.00015259,0.050049
0.02243,-0.0012207,0.05249
0.023193,-0.0022888,0.05127
0.023041,-0.0028992,4.5752
0.02182,-0.0022888,4.8901
0.020447,-0.0041199,4.9146
0.018921,-0.0064087,4.9133
0.018005,-0.0093079,4.9158
0.016937,-0.010071,4.9182
0.016632,-0.0094604,4.9158
0.016632,-0.0079346,4.9109
0.017395,-0.0061035,4.9097
0.0177,-0.0048828,4.9109
0.019379,-0.0053406,4.9109
0.021515,-0.0050354,4.9048
0.023499,-0.0036621,4.9097
0.025635,-0.0019836,4.9207
0.027008,0.00091553,4.9084
0.03006,0.0035095,4.9072
0.032196,0.0018311,4.9084
0.033264,0.0021362,4.9097
0.032806,-0.0016785,4.9072
0.032501,-0.0056458,4.9133
0.030823,-0.0093079,4.9109
0.028992,-0.010986,4.9146
0.028076,-0.010376,4.917
0.026703,-0.0076294,4.9231
0.026703,-0.0061035,4.9194
0.025482,-0.0042725,4.9255
0.02533,-0.0028992,4.9377
0.026093,-0.0028992,4.928
0.026855,-0.0032043,4.9353
0.028076,-0.0033569,4.9255
0.03067,-0.0045776,4.9194
0.030518,0.00015259,4.9304
0.030365,0.0013733,4.9304
0.029144,0.0030518,4.9316
0.028229,0.0048828,4.9316
0.027924,0.0059509,4.928
0.027008,0.0067139,4.9365
0.027008,0.0073242,4.9353
0.027161,0.0076294,4.9353
0.027313,0.007019,4.9292
0.027618,0.0028992,4.9377
0.028992,0.0019836,4.9353
0.030365,0.00045776,4.9353
0.031433,-0.0015259,4.9353
0.031281,-0.0018311,4.9316
0.029907,-0.00091553,4.9316
0.028839,-0.0041199,4.9255
0.027008,-0.0041199,4.9353
0.024719,-0.0053406,4.9219
0.023041,-0.0068665,4.9329
0.022736,-0.007019,4.9146
0.021973,-0.0082397,4.917
0.024109,-0.0083923,4.9133
0.026855,-0.010223,4.917
0.028687,-0.012207,4.9109
0.028839,-0.014801,4.9109
0.028229,-0.013428,4.9097
0.026703,-0.012512,4.9133
0.026093,-0.0094604,4.9097
0.025635,-0.0062561,4.9158
0.026245,-0.0050354,4.9084
0.023499,-0.0065613,4.9146
0.02243,-0.0088501,4.9194
0.019684,-0.011444,4.9121
0.016937,-0.013885,4.9194
0.014801,-0.015259,4.9084
0.011902,-0.015564,4.9011
0.012665,-0.011597,4.9133
0.012817,-0.016022,4.9109
0.012512,-0.015564,4.9109
0.013733,-0.016174,4.9146
0.015717,-0.015411,4.9158
0.020447,-0.015869,0.046387
0.023956,-0.010376,0.047607
0.027161,-0.010071,0.057373
0.028839,-0.0045776,0.054932
0.030212,-0.00076294,0.058594
0.032043,0.0035095,0.063477
0.034332,0.0032043,0.063477
0.035095,0.00091553,0.064697
0.036469,-0.0012207,0.063477
0.037689,-0.0050354,0.064697
0.037689,-0.0048828,0.061035
0.037384,-0.0047302,0.070801
0.0354,-0.0067139,0.063477
0.032959,-0.0086975,0.053711
0.029755,-0.011444,0.063477
0.025787,-0.01297,0.068359
0.021515,-0.014191,0.068359
0.015106,-0.014191,0.067139
0.015259,-0.012665,0.062256
0.013885,-0.01236,0.063477
0.014648,-0.012207,0.058594
0.016022,-0.015717,0.058594
0.017395,-0.016937,0.054932
0.018005,-0.018768,0.056152
0.018768,-0.019531,0.048828
0.016937,-0.016937,0.05127
0.014191,-0.01297,0.063477
0.015869,-0.0086975,0.047607
0.015717,-0.0010681,0.042725
0.016174,0.0024414,0.047607
0.017548,0.0041199,0.029297
0.018158,0.0057983,0.041504
0.020142,0.0057983,0.040283
0.02121,0.0045776,0.040283
0.022125,0.0039673,0.040283
0.02243,0.0035095,0.037842
0.02243,0.0028992,0.042725
0.021973,0.0013733,0.037842
0.022125,-0.00030518,0.039063
0.021973,-0.0018311,0.037842
0.022736,-0.0032043,0.043945
0.019379,-0.0024414,0.039063
0.018616,-0.0010681,0.041504
0.02182,0.00076294,0.041504
0.018616,0.0024414,0.042725
0.017548,0.0042725,0.045166
0.014801,0.0056458,0.046387
0.0086975,0.0061035,0.056152
0.0021362,0.0067139,0.050049
-0.0036621,0.0064087,0.048828
-0.0079346,0.0056458,0.053711
-0.011444,0.0021362,0.058594
-0.0074768,-0.002594,0.058594
-0.0062561,-0.0090027,0.061035
-0.00076294,-0.012207,0.058594
0.0030518,-0.014801,0.064697
0.0086975,-0.013885,0.061035
0.0088501,-0.010071,0.064697
0.0099182,-0.0019836,0.057373
0.0088501,0.0032043,0.063477
0.0076294,0.010529,0.062256
0.005188,0.018158,0.064697
0.0050354,0.024872,0.074463
0.0054932,0.024567,0.064697
0.007782,0.029755,0.065918
0.01358,0.028076,0.064697
0.020752,0.02243,0.059814
0.026855,0.016022,0.061035
0.032349,0.0097656,0.057373
0.0354,0.0071716,0.054932
0.03479,0.0053406,0.05249
0.029144,0.0048828,0.05249
0.022583,0.0054932,0.05127
0.013428,0.0035095,0.047607
0.0039673,0.0021362,0.05249
-0.0033569,0.0039673,0.040283
-0.0071716,0.0045776,0.046387
-0.007019,0.0061035,0.12573
-0.004425,0.0064087,4.6375
-0.0010681,0.0074768,4.8853
0.00045776,0.0071716,4.9097
0.0027466,0.0079346,4.9207
0.0057983,0.0091553,4.9109
0.0071716,0.010681,4.9194
0.0064087,0.014496,4.9097
0.0042725,0.016479,4.8865
0.0010681,0.013733,4.9121
-0.00045776,0.013123,4.9072
-0.0021362,0.0091553,4.9072
-0.0021362,0.0045776,4.9084
-0.00061035,0.0028992,4.9072
0.0021362,0.002594,4.9109
0.0050354,0.0045776,4.9133
0.0080872,0.0062561,4.9158
0.010376,0.007019,4.9158
0.01358,0.0073242,4.9207
0.015869,0.0088501,4.9207
0.016785,0.011292,4.9268
0.018311,0.015717,4.9353
0.019684,0.019073,4.9268
0.021667,0.020294,4.9304
0.024261,0.018463,4.9353
0.02655,0.016937,4.9329
0.027924,0.013885,4.9304
0.028229,0.010376,4.9475
0.028381,0.0083923,4.9304
0.027313,0.0053406,4.9304
0.026398,0.0030518,4.9231
0.02533,0.00091553,4.9329
0.023804,-0.0013733,4.9329
0.023041,-0.0030518,4.9353
0.020294,-0.0033569,4.9329
0.018158,-0.0035095,4.939
0.016174,-0.0024414,4.9341
0.014343,-0.0016785,4.9353
0.01297,-0.00091553,4.9341
0.011444,-0.00030518,4.9341
0.010376,0,4.9414
0.0093079,0.00091553,4.9292
0.011292,0.00045776,4.9341
0.01358,0.0010681,4.9231
0.016937,0.00015259,4.9109
0.021057,-0.00015259,4.9207
0.024719,0.00015259,4.9158
0.027771,0.0022888,4.917
0.029907,0.0039673,4.9158
0.03006,0.005188,4.9146
0.031891,0.0057983,4.9084
0.032196,0.0076294,4.9109
0.032043,0.009613,4.9133
0.031586,0.011292,4.906
0.031281,0.012207,4.9133
0.031891,0.010529,4.895
0.032043,0.0067139,4.9133
0.033112,0.0018311,4.9109
0.03418,-0.0024414,4.9121
0.034485,-0.0053406,4.9084
0.034027,-0.0065613,4.9097
0.032043,-0.005188,4.9084
0.028229,-0.0053406,4.9097
0.024414,-0.0062561,4.9194
0.02182,-0.0067139,4.9097
0.02182,-0.0056458,4.9158
0.022736,-0.0038147,4.906
0.025024,-0.00030518,4.9182
0.026245,0.0019836,4.9231
0.028381,0.0013733,4.928
0.030212,0.00061035,4.9243
0.031281,-0.0028992,4.9292
0.031738,-0.0068665,4.9304
0.032349,-0.0056458,4.9316
0.030823,-0.0032043,0.058594
0.027771,0.00091553,0.062256
0.025024,0.004425,0.072021
0.022278,0.0080872,0.062256
0.019989,0.010529,0.067139
0.021515,0.009613,0.061035
0.024261,0.011292,0.046387
0.028687,0.01358,0.063477
0.033112,0.014801,0.065918
0.035248,0.01358,0.062256
0.036926,0.012665,0.064697
0.037537,0.0086975,0.059814
0.037079,0.0039673,0.065918
0.035706,0.00091553,0.061035
0.032959,-0.00091553,0.058594
0.029907,-0.0022888,0.05249
0.02533,-0.00015259,0.057373
0.022736,-0.0050354,0.05249
0.021973,-0.0062561,0.05249
0.020905,-0.0041199,0.054932
0.022278,-0.0010681,0.047607
0.023804,0.0027466,0.047607
0.027161,0.0061035,0.047607
0.029602,0.0083923,0.037842
0.031281,0.007019,0.040283
0.033112,0.0028992,0.039063
0.033417,-0.0018311,0.041504
0.03479,-0.0057983,0.040283
0.033417,-0.0083923,0.0354
0.031891,-0.0085449,0.040283
0.029449,-0.0071716,0.032959
0.029144,-0.0067139,0.039063
0.024719,-0.0083923,0.037842
0.023041,-0.0076294,0.042725
0.021515,-0.011597,0.048828
0.021515,-0.009613,0.041504
0.021362,-0.0074768,0.041504
0.021667,-0.0045776,0.045166
0.021515,-0.0012207,0.054932
0.020905,-0.0045776,0.048828
0.02182,-0.0064087,0.059814
0.023041,-0.0085449,0.041504
0.024261,-0.0086975,0.041504
0.02533,-0.0067139,0.056152
0.026703,-0.002594,0.059814
0.027771,0.0024414,0.062256
0.028076,0.005188,0.061035
0.029297,0.005188,0.058594
0.028992,0.0042725,0.063477
0.030212,0.0021362,0.059814
0.030975,-0.00015259,0.061035
0.031586,-0.00045776,0.054932
0.032043,-0.00076294,0.062256
0.030212,-0.00015259,0.065918
0.030518,-0.00015259,0.063477
0.031433,-0.0018311,0.06958
0.032349,-0.0042725,0.064697
0.033569,-0.0062561,0.068359
0.034637,-0.010071,0.064697
0.034637,-0.01297,0.074463
0.032806,-0.015106,0.062256
0.030823,-0.016022,0.045166
0.027466,-0.015869,0.050049
0.025024,-0.015717,0.054932
0.022125,-0.014191,0.050049
0.020905,-0.012512,0.05127
0.020905,-0.0097656,0.043945
0.020599,-0.005188,0.05249
0.020905,-0.00015259,0.043945
0.020752,0.0019836,0.047607
0.022888,0.0048828,0.047607
0.025635,0.0018311,0.046387
0.027924,0.0024414,0.041504
0.029144,0.0039673,0.045166
0.029297,0.0065613,0.056152
0.027618,0.0091553,0.040283
0.025482,0.010834,0.045166
0.021515,0.0086975,4.2493
0.018005,0.0050354,4.8523
0.016785,0.00045776,4.9036
0.014954,-0.0036621,4.9072
0.014648,-0.0054932,4.9072
0.015717,-0.0056458,4.9084
0.015259,-0.0048828,4.906
0.014038,-0.0053406,4.9109
0.013733,-0.0071716,4.9109
0.013428,-0.011444,4.9133
0.013275,-0.015869,4.9133
0.01236,-0.017242,4.9109
0.011292,-0.015869,4.9207
0.010681,-0.01236,4.9243
0.0094604,-0.0088501,4.928
0.0067139,-0.0073242,4.9243
0.0097656,-0.0068665,4.9304
0.011139,-0.011749,4.9402
0.013733,-0.014801,4.9438
0.013885,-0.013123,4.9292
0.014496,-0.0085449,4.917
0.013885,-0.0024414,4.9329
0.010071,0.0064087,4.9304
0.011597,0.0050354,4.9292
0.012054,0.0041199,4.9329
0.01297,0.00091553,4.9329
0.014191,0.0016785,4.9353
0.015717,0.0032043,4.9329
0.0177,0.0047302,4.9353
0.018158,0.007019,4.9353
0.019531,0.007019,4.9341
0.020905,0.0068665,4.9292
0.022278,0.0039673,4.9329
0.023804,0.0015259,4.9377
0.021515,0.0010681,4.928
0.025482,0.0057983,4.9231
0.024261,0.0024414,4.9219
0.022736,0.0021362,4.9109
0.021973,-0.00015259,4.9158
0.020447,-0.0013733,4.9133
0.017853,-0.0027466,4.9146
0.017548,-0.0024414,4.917
0.014343,-0.0016785,4.9158
0.011597,-0.0016785,4.9109
0.0093079,-0.0010681,4.9109
0.0085449,-0.00091553,4.9146
0.0088501,-0.0015259,4.906
0.010223,-0.00045776,4.9109
0.011139,-0.0030518,4.9133
0.01236,-0.0032043,4.9133
0.012665,-0.002594,4.9048
0.0091553,-0.0010681,4.9109
0.0099182,0.0010681,4.917
0.010376,0.0045776,4.9097
0.012817,0.0067139,4.9109
0.015259,0.0062561,4.9146
0.016632,0.0050354,4.9036
0.018005,0.0045776,4.9109
0.018311,0.0053406,4.9158
0.019684,0.0071716,4.9207
0.023041,0.009613,4.9231
0.026398,0.009613,4.9219
0.03067,0.0088501,4.9255
0.034027,0.0056458,4.9316
0.035095,0.0050354,4.9207
0.034943,0.0045776,4.9304
0.031891,0.0068665,4.9341
0.030365,0.007782,4.9304
0.027771,0.0080872,4.9329
0.027618,0.0054932,4.9438
0.027161,0.0010681,4.9255
0.02533,-0.0033569,4.9304
0.022736,-0.0039673,4.9316
0.019836,-0.0041199,4.9292
0.016479,-0.004425,0.064697
0.016632,-0.0056458,0.064697
0.0177,-0.0068665,0.065918
0.018158,-0.0083923,0.064697
0.019989,-0.0088501,0.062256
0.018768,-0.010223,0.065918
0.01709,-0.0067139,0.056152
0.014496,-0.0033569,0.062256
0.013275,-0.0019836,0.05249
0.013885,0.0013733,0.054932
0.018158,0.0021362,0.05127
0.022736,0.0071716,0.056152
0.027008,0.0086975,0.05249
0.027924,0.0086975,0.048828
0.030975,0.0080872,0.057373
0.032501,0.0071716,0.047607
0.036316,0.0061035,0.057373
0.040588,0.0048828,0.039063
0.043182,0.0041199,0.030518
0.044556,0.0022888,0.040283
0.044403,0.00076294,0.041504
0.039825,-0.00076294,0.036621
0.036926,-0.002594,0.040283
0.034943,-0.0041199,0.037842
0.035248,-0.0067139,0.039063
0.034637,-0.0080872,0.036621
0.034332,-0.010986,0.041504
0.032654,-0.012207,0.039063
0.030365,-0.01236,0.041504
0.027924,-0.011597,0.041504
0.026093,-0.0094604,0.043945
0.025482,-0.0073242,0.05127
0.028076,-0.0061035,0.046387
0.02594,-0.0042725,0.05249
0.024109,-0.0010681,0.05249
0.022125,-0.0019836,0.050049
0.020294,-0.00061035,0.056152
0.020905,0.0015259,0.05127
0.021973,0.0036621,0.056152
0.023804,0.0038147,0.059814
0.02655,0.0032043,0.059814
0.025482,0.0024414,0.067139
0.024567,0.0019836,0.059814
0.022888,0.002594,0.064697
0.022583,0.0057983,0.057373
0.023804,0.0076294,0.063477
0.026398,0.0085449,0.064697
0.029907,0.0067139,0.064697
0.030212,0.004425,0.064697
0.029297,0.00061035,0.068359
0.027313,0,0.076904
0.023956,-0.002594,0.064697
0.021667,-0.004425,0.070801
0.021973,-0.0059509,0.063477
0.023956,-0.0053406,0.048828
0.025024,-0.011292,0.057373
0.024567,-0.01236,0.053711
0.024109,-0.012054,0.05127
0.021362,-0.0094604,0.050049
0.020142,-0.0083923,0.046387
0.020294,-0.0073242,0.047607
0.021057,-0.0065613,0.043945
0.023804,-0.0057983,0.047607
0.022278,-0.005188,0.043945
0.02121,-0.0048828,0.046387
0.020142,-0.0041199,0.042725
0.019379,-0.0042725,0.042725
0.020447,-0.0062561,0.047607
0.021057,-0.0073242,0.039063
0.025177,-0.0079346,0.039063
0.027313,-0.009613,0.040283
0.027924,-0.010529,0.026855
0.026703,-0.0099182,0.0354
0.023804,-0.0083923,0.024414
0.02121,-0.0076294,0.037842
0.018463,-0.0074768,0.036621
0.019073,-0.0080872,0.74097
0.021057,-0.0099182,4.6716
0.02121,-0.010986,4.8914
0.024414,-0.011902,4.9097
0.020142,-0.0091553,4.9121
0.019989,-0.0071716,4.9255
0.020752,-0.0038147,4.9158
0.024261,-0.0036621,4.9255
0.030975,-0.0032043,4.9207
0.028992,-0.0045776,4.9255
0.029907,-0.0054932,4.9353
0.025787,-0.0056458,4.9316
0.023651,-0.002594,4.9414
0.021667,0.00061035,4.9329
0.02243,0.004425,4.9231
0.025482,0.0048828,4.9316
0.027466,0.004425,4.9304
0.028839,0.00061035,4.928
0.026398,-0.002594,4.9304
0.025635,-0.0062561,4.9304
0.024261,-0.0076294,4.9353
0.022736,-0.0076294,4.9341
0.023346,-0.007782,4.9377
0.023041,-0.0083923,4.9353
0.019989,-0.009613,4.9353
0.01709,-0.0059509,4.9329
0.013275,-0.0083923,4.9329
0.011292,-0.0048828,4.9329
0.010986,-0.00030518,4.9304
0.014343,0.0050354,4.928
0.02182,0.009613,4.9231
0.02182,0.012054,4.9304
0.022888,0.011902,4.9219
0.021057,0.011444,4.9109
0.021362,0.0083923,4.9109
0.020752,0.0054932,4.9207
0.019379,0.0030518,4.9158
0.018921,0.0024414,4.9158
0.016174,0.0013733,4.9036
0.013428,0,4.9158
0.0091553,0.0012207,4.9097
0.0068665,0.0036621,4.9109
0.0054932,0.0071716,4.9121
0.0062561,0.0093079,4.9146
0.0083923,0.0097656,4.9097
0.011292,0.0094604,4.9109
0.013123,0.0067139,4.9219
0.013123,0.0042725,4.9109
0.012207,0.0032043,4.9207
0.01358,0.002594,4.9158
0.013275,0.0015259,4.895
0.014496,0,4.9133
0.015106,-0.002594,4.9133
0.013275,-0.005188,4.9194
0.01236,-0.0067139,4.9207
0.0097656,-0.0068665,4.9207
0.0086975,-0.005188,4.9255
0.007782,-0.0010681,4.928
0.0093079,0.0019836,4.9304
0.011139,0.0054932,4.9292
0.012817,0.005188,4.9329
0.01358,0.0059509,4.9329
0.013885,0.0076294,4.9341
0.014648,0.0097656,4.9353
0.015411,0.012512,4.9329
0.017242,0.014648,4.9316
0.020599,0.013733,4.9353
0.022583,0.013428,4.9475
0.024261,0.012207,4.9329
0.024261,0.013275,4.9243
0.02243,0.0093079,4.9329
0.020142,0.0085449,4.9329
0.017548,0.0091553,4.9316
0.015717,0.007782,4.9329
0.016479,0.0057983,0.057373
0.016327,0.0039673,0.056152
0.016479,0.0024414,0.05249
0.01709,0.00015259,0.046387
0.016937,-0.0019836,0.047607
0.016785,-0.0021362,0.05127
0.016022,-0.00030518,0.043945
0.016327,0.0028992,0.05249
0.016632,0.0062561,0.053711
0.016632,0.0086975,0.048828
0.016174,0.0097656,0.05127
0.014191,0.009613,0.041504
0.012665,0.0099182,0.032959
0.011749,0.011139,0.040283
0.01236,0.01358,0.039063
0.014648,0.014954,0.039063
0.016937,0.015106,0.039063
0.016327,0.011749,0.037842
0.018768,0.0073242,0.040283
0.019379,0.0039673,0.039063
0.019989,0.0033569,0.041504
0.020752,0.0057983,0.036621
0.020599,0.0093079,0.040283
0.021057,0.009613,0.043945
0.019073,0.0067139,0.046387
0.017395,0.0018311,0.042725
0.015717,-0.0028992,0.050049
0.014801,-0.005188,0.047607
0.015411,-0.0042725,0.054932
0.016479,-0.0016785,0.059814
0.018311,-0.00045776,0.056152
0.019684,-0.0015259,0.047607
0.02121,-0.0036621,0.056152
0.022583,-0.0054932,0.061035
0.022583,-0.0061035,0.059814
0.023041,-0.0047302,0.061035
0.023346,-0.0022888,0.059814
0.023041,-0.00015259,0.062256
0.023651,-0.0019836,0.056152
0.022278,-0.004425,0.058594
0.024261,-0.0061035,0.059814
0.023041,-0.0088501,0.064697
0.023346,-0.0088501,0.064697
0.023041,-0.011139,0.064697
0.023041,-0.005188,0.080566
0.023804,-0.0038147,0.065918
0.024567,-0.0045776,0.063477
0.026398,-0.0053406,0.063477
0.027161,-0.0059509,0.045166
0.026703,-0.005188,0.054932
0.029755,-0.005188,0.054932
0.031281,-0.0045776,0.05249
0.033875,-0.0028992,0.048828
0.0354,-0.002594,0.050049
0.036163,-0.002594,0.05127
0.0354,-0.0032043,0.042725
0.033722,-0.002594,0.048828
0.032043,-0.0038147,0.040283
0.031281,-0.0041199,0.047607
0.030518,-0.0027466,0.042725
0.030518,-0.00030518,0.041504
0.030518,0.0019836,0.040283
0.030518,0.0035095,0.041504
0.030518,0.0036621,0.045166
0.03067,0.0021362,0.039063
0.031738,-0.00015259,0.047607
0.031281,-0.002594,0.037842
0.032043,-0.0035095,0.030518
0.030975,-0.0053406,0.040283
0.03006,-0.0064087,0.039063
0.027313,-0.0054932,0.03418
0.025024,-0.0079346,0.039063
0.024567,-0.0076294,0.039063
0.02655,-0.0076294,0.043945
0.02533,-0.0056458,0.046387
0.025787,-0.0039673,0.048828
0.026093,-0.0030518,0.047607
0.027161,-0.0015259,4.292
0.028076,-0.00030518,4.8828
0.029755,0.0035095,4.9231
0.03479,0.0064087,4.9377
0.036469,0.0093079,4.928
0.038605,0.0094604,4.9353
0.036926,0.0076294,4.9329
0.035858,0.004425,4.9316
0.033569,0.0045776,4.9304
0.031281,0.0074768,4.9255
0.029755,0.0065613,4.9304
0.028381,0.0093079,4.9329
0.025482,0.0083923,4.9316
0.024109,0.0047302,4.9353
0.023956,-0.0015259,4.9329
0.023804,-0.0076294,4.9365
0.023804,-0.0099182,4.9353
0.024261,-0.0071716,4.9341
0.025635,-0.0038147,4.9316
0.026398,0.00076294,4.9304
0.026855,0.0042725,4.928
0.026703,0.002594,4.9292
0.027771,-0.00076294,4.9353
0.026703,-0.0041199,4.9243
0.025024,-0.0047302,4.928
0.023651,-0.0036621,4.928
0.022888,0.0019836,4.9023
0.024719,0.0065613,4.9133
0.028534,0.0097656,4.9146
0.033417,0.010376,4.9146
0.037994,0.0097656,4.9158
0.03952,0.0085449,4.9097
0.038452,0.0073242,4.9133
0.036316,0.0071716,4.9097
0.036316,0.0061035,4.9109
0.033112,0.005188,4.9072
0.032654,0.0028992,4.9146
0.029755,0.00030518,4.9084
0.026093,-0.0032043,4.9109
0.022278,-0.0067139,4.9121
0.020142,-0.0085449,4.9097
0.019684,-0.0091553,4.9097
0.021057,-0.0076294,4.9109
0.022278,-0.0065613,4.9084
0.024414,-0.004425,4.9109
0.024567,-0.002594,4.917
0.025177,0,4.9121
0.026703,0.0032043,4.9146
0.027313,0.007782,4.9219
0.033875,0.011444,4.9219
0.038605,0.013733,4.9243
0.040436,0.015717,4.9268
0.041504,0.013428,4.9292
0.042114,0.011749,4.9329
0.041809,0.010834,4.9304
0.042114,0.009613,4.9329
0.03891,0.007782,4.9304
0.034943,0.0053406,4.9231
0.029755,0.0021362,4.939
0.025482,0.00091553,4.9341
0.022736,0.00091553,4.9402
0.018311,0.0016785,4.9353
0.021667,0.002594,4.9146
0.022888,0.0047302,4.9353
0.023499,0.005188,4.9365
0.023651,0.0053406,4.9329
0.023346,0.0047302,4.9341
0.022736,0.004425,4.9316
0.02533,0.0038147,4.9255
0.020905,0.0039673,4.9255
0.019684,0.0035095,4.9255
0.01709,0.0024414,4.9182
0.014954,0.0016785,4.7937
0.013123,0.00045776,0.05249
0.012817,0.00076294,0.050049
0.013733,0.002594,0.047607
0.016174,0.0033569,0.046387
0.017853,0.004425,0.043945
0.019226,0.0045776,0.042725
0.018005,0.0035095,0.041504
0.017853,0.0022888,0.040283
0.016632,0.0015259,0.040283
0.015564,0.0016785,0.039063
0.012665,0.00045776,0.039063
0.015411,-0.00015259,0.039063
0.015259,-0.0056458,0.040283
0.015411,-0.0064087,0.036621
0.015717,-0.0085449,0.039063
0.016632,-0.0093079,0.037842
0.018463,-0.0074768,0.043945
0.02121,-0.0039673,0.041504
0.023651,0.00091553,0.043945
0.025787,0.0045776,0.039063
0.026398,0.005188,0.046387
0.026093,0.0035095,0.061035
0.025177,-0.00015259,0.047607
0.022888,-0.0030518,0.059814
0.02121,-0.0036621,0.053711
0.019073,-0.0022888,0.041504
0.017242,0.00030518,0.058594
0.013428,0.004425,0.062256
0.010834,0.0030518,0.061035
0.0073242,0.002594,0.061035
0.0047302,0.00076294,0.058594
0.0018311,-0.00015259,0.063477
0.00076294,0.0021362,0.061035
0.0015259,0.0064087,0.063477
0.0036621,0.0086975,0.056152
0.0061035,0.010071,0.067139
0.0079346,0.0085449,0.065918
0.0093079,0.0050354,0.067139
0.011139,0.0024414,0.076904
0.012817,0.00076294,0.067139
0.015869,0.00045776,0.063477
0.018005,0.0019836,0.064697
0.019073,0.0042725,0.068359
0.018768,0.0059509,0.056152
0.018768,0.0056458,0.05127
0.018311,0.0048828,0.054932
0.018005,0.0028992,0.05127
0.017853,0.00091553,0.047607
0.018463,-0.0013733,0.05127
0.019073,-0.0015259,0.046387
0.019989,-0.0015259,0.046387
0.020599,0.0013733,0.043945
0.02121,0.0030518,0.047607
0.022125,0.0047302,0.043945
0.022583,0.0053406,0.043945
0.022125,0.0045776,0.039063
0.020447,0.0039673,0.040283
0.019379,0.0028992,0.05127
0.01709,0.0018311,0.041504
0.015869,0,0.050049
0.015259,-0.00076294,0.039063
0.016632,-0.0018311,0.029297
0.018158,-0.002594,0.039063
0.020294,-0.0028992,0.039063
0.020752,-0.0022888,0.037842
0.021667,0,0.041504
0.022125,0.0021362,0.039063
0.022583,0.0030518,0.042725
0.025177,0.0039673,0.043945
0.027313,0.0028992,0.048828
0.029449,0.002594,0.047607
0.029755,0.0024414,0.056152
0.029449,0.0013733,0.057373
0.031433,0,0.059814
0.032501,-0.0022888,0.061035
0.033264,-0.0048828,0.061035
0.034637,-0.0086975,0.062256
0.032043,-0.010986,3.2629
0.032196,-0.012512,4.8376
0.029144,-0.012817,4.9243
0.026093,-0.013275,4.9219
0.024567,-0.01297,4.9268
0.023193,-0.010529,4.9292
0.023041,-0.0088501,4.9329
0.023346,-0.0057983,4.9329
0.025482,-0.0033569,4.9304
0.027008,-0.0021362,4.939
0.030823,-0.0016785,4.9353
0.035095,-0.0018311,4.9353
0.037689,-0.0022888,4.9304
0.03952,-0.002594,4.9316
0.03952,-0.0033569,4.9292
0.037994,-0.0042725,4.9304
0.037384,-0.0061035,4.9377
0.035553,-0.0062561,4.9268
0.031738,-0.0097656,4.9207
0.029755,-0.010071,4.9243
0.026855,-0.0079346,4.8987
0.02655,-0.004425,4.9146
0.026093,-0.0038147,4.9182
0.026398,-0.0016785,4.9182
0.02655,-0.00061035,4.9158
0.025177,-0.00045776,4.9109
0.025635,-0.00076294,4.9133
0.025177,-0.00061035,4.9097
0.025635,-0.00045776,4.9109
0.02594,0,4.9072
0.025787,0.00076294,4.9133
0.024872,0.00045776,4.9109
0.02594,0.002594,4.9133
0.026093,0.0015259,4.9097
0.026703,0.0022888,4.9121
0.026855,0.0036621,4.9109
0.026855,0.005188,4.9109
0.027313,0.0048828,4.917
0.028839,0.0062561,4.9133
0.028992,0.0050354,4.9048
0.028687,0.0036621,4.9194
0.028839,0.0016785,4.9207
0.028076,-0.00045776,4.9182
0.027008,-0.00076294,4.9231
0.024414,-0.0039673,4.9243
0.022125,-0.005188,4.928
0.020447,-0.0068665,4.9268
0.019531,-0.0080872,4.9329
0.018768,-0.007782,4.9292
0.019379,-0.007782,4.9341
0.019226,-0.0073242,4.9304
0.019226,-0.0071716,4.9316
0.021057,-0.0061035,4.9414
0.021362,-0.0047302,4.9353
0.023041,-0.0030518,4.9341
0.024567,-0.0013733,4.9341
0.02533,-0.00045776,4.928
0.026093,0.00076294,4.9377
0.023956,0.00076294,4.9341
0.024872,-0.0010681,4.9329
0.023956,0.0012207,4.9329
0.023041,0.0012207,4.9316
0.022125,0.002594,4.9304
0.022736,0.00030518,4.9255
0.022736,-0.0013733,4.9268
0.023956,0,4.9219
0.025482,-0.002594,4.9255
0.027161,-0.0028992,4.9231
0.029755,-0.0035095,4.9207
0.029449,-0.0045776,4.9182
0.027313,-0.0048828,4.9182
0.026855,-0.0050354,4.9231
0.024719,-0.0062561,4.917
0.024719,-0.0094604,0.053711
0.023193,-0.0071716,0.040283
0.021515,-0.0071716,0.040283
0.018463,-0.0073242,0.036621
0.017242,-0.007782,0.036621
0.018158,-0.0082397,0.041504
0.020294,-0.011749,0.040283
0.021973,-0.0082397,0.036621
0.023346,-0.0056458,0.040283
0.024719,-0.0019836,0.037842
0.025482,-0.00030518,0.041504
0.02655,0.0015259,0.039063
0.027771,0.0035095,0.043945
0.028229,0.00030518,0.037842
0.028687,0.00015259,0.046387
0.026398,0,0.062256
0.028687,0.0013733,0.05127
0.028381,0.0015259,0.053711
0.029297,0.00091553,0.053711
0.03006,-0.00045776,0.03418
0.029755,-0.00076294,0.056152
0.028687,-0.00076294,0.059814
0.026245,0.0022888,0.061035
0.025787,0.0039673,0.061035
0.026398,0.0057983,0.059814
0.026703,0.0065613,0.061035
0.029144,0.0059509,0.056152
0.025635,0.0035095,0.061035
0.024261,0.0021362,0.056152
0.022736,0,0.067139
0.021362,-0.0012207,0.065918
0.021973,-0.0016785,0.065918
0.020447,-0.0013733,0.062256
0.018921,-0.0010681,0.067139
0.017395,0.00045776,0.072021
0.014496,0.0016785,0.063477
0.014191,0.0035095,0.075684
0.012207,0.0053406,0.054932
0.012512,0.007782,0.053711
0.015717,0.0090027,0.056152
0.017395,0.0093079,0.053711
0.014954,0.0082397,0.048828
0.017853,0.0062561,0.050049
0.015564,0.0042725,0.046387
0.014801,0.0013733,0.041504
0.014343,0.00076294,0.043945
0.017853,-0.00015259,0.047607
0.018311,-0.0013733,0.041504
0.017548,-0.0018311,0.045166
0.016327,-0.00045776,0.042725
0.014801,-0.00091553,0.043945
0.01297,0.0016785,0.039063
0.013885,0.0042725,0.041504
0.016174,0.0086975,0.045166
0.018768,0.011444,0.040283
0.020294,0.011749,0.0354
0.020752,0.010071,0.040283
0.018921,0.0091553,0.039063
0.017242,0.011444,0.037842
0.016022,0.010529,0.041504
0.016785,0.012054,0.036621
0.01709,0.012207,0.045166
0.0177,0.012817,0.042725
0.015106,0.013733,0.050049
0.012665,0.0073242,0.046387
0.0090027,0.0065613,0.057373
0.0079346,0.007019,0.053711
0.0074768,0.0099182,0.059814
0.009613,0.014191,0.053711
0.011597,0.015106,0.059814
0.012054,0.014343,0.065918
0.012207,0.010223,0.062256
0.012665,0.0094604,0.073242
0.012207,0.007782,0.063477
0.01358,0.0088501,0.045166
0.01236,0.0085449,0.057373
0.011292,0.0085449,0.058594
0.010376,0.0076294,2.0728
0.0082397,0.0061035,4.7632
0.0073242,0.0050354,4.9182
0.0059509,0.0041199,4.9341
0.0054932,0.0032043,4.9341
0.0056458,0.0024414,4.9353
0.0074768,0.0021362,4.9292
0.0093079,0.0024414,4.9329
0.011139,0.0033569,4.9292
0.012207,0.007019,4.9292
0.01297,0.0093079,4.9353
0.012207,0.011139,4.9255
0.011444,0.010834,4.9207
0.012054,0.0090027,4.9219
0.011749,0.0067139,4.9158
0.014496,0.0048828,4.917
0.014801,0.0033569,4.9158
0.016327,0.0030518,4.9146
0.016022,0.0038147,4.9146
0.017242,0.0033569,4.9097
0.018005,0.0015259,4.9146
0.019531,0.0010681,4.9084
0.019684,-0.00076294,4.9109
0.019226,0.00045776,4.9048
0.020294,0.0013733,4.9121
0.021667,0.0035095,4.9011
0.02243,0.0033569,4.9158
0.023499,0.0035095,4.906
0.023193,0.0022888,4.9109
0.022736,0.0015259,4.9207
0.021057,0.0018311,4.9133
0.020599,0.0012207,4.9243
0.019836,0.0015259,4.9146
0.018311,0.0035095,4.895
0.016479,-0.00076294,4.9207
0.014496,-0.0019836,4.9194
0.014038,-0.0021362,4.9182
0.015106,-0.0024414,4.9243
0.016785,-0.0018311,4.9231
0.019531,-0.0018311,4.9304
0.020599,-0.0013733,4.928
0.020294,-0.0021362,4.9329
0.021057,-0.0019836,4.928
0.022125,-0.0015259,4.9109
0.023346,-0.00045776,4.9292
0.023651,0.00030518,4.9316
0.026398,-0.00015259,4.9341
0.02655,-0.0015259,4.9341
0.026093,-0.0053406,4.9329
0.027924,-0.0073242,4.9353
0.028687,-0.0073242,4.9475
0.031738,-0.0064087,4.9365
0.032959,-0.0039673,4.9207
0.033417,-0.00030518,4.9316
0.033875,0.0013733,4.9329
0.032959,0.002594,4.9292
0.031891,0.002594,4.9292
0.032196,0.0033569,4.9243
0.033722,0.0032043,4.9255
0.034943,0.0038147,4.9219
0.034485,0.0042725,4.9182
0.032959,0.0027466,4.906
0.031128,0.0027466,4.928
0.028992,-0.00076294,4.9158
0.027924,-0.0013733,4.9194
0.028381,-0.0024414,4.9268
0.030212,-0.0028992,4.917
0.030518,-0.00076294,4.9158
0.030365,0.00091553,4.9231
0.027008,0.0028992,4.8938
0.024414,0.0073242,4.9097
0.024872,0.0065613,4.9109
0.02533,0.007782,0.039063
0.027618,0.0090027,0.041504
0.029297,0.0097656,0.037842
0.031128,0.011292,0.0354
0.030518,0.012512,0.037842
0.029907,0.012512,0.046387
0.029449,0.010071,0.039063
0.029144,0.010529,0.045166
0.029144,0.0099182,0.045166
0.029449,0.0090027,0.042725
0.028687,0.0076294,0.054932
0.028229,0.0073242,0.05127
0.026855,0.0027466,0.050049
0.023499,0.00030518,0.057373
0.02594,-0.0013733,0.064697
0.027466,-0.0021362,0.056152
0.028076,0,0.054932
0.027618,0.0018311,0.062256
0.027771,0.0021362,0.062256
0.028839,0.0015259,0.059814
0.028839,-0.00061035,0.057373
0.028534,-0.0036621,0.059814
0.027466,-0.0038147,0.063477
0.027313,-0.0015259,0.056152
0.028076,0.0019836,0.065918
0.029144,0.0039673,0.061035
0.030365,0.0094604,0.068359
0.030518,0.011139,0.063477
0.030212,0.010681,0.070801
0.029755,0.0090027,0.074463
0.030823,0.007019,0.063477
0.032806,0.0073242,0.061035
0.034637,0.0073242,0.059814
0.035095,0.0076294,0.046387
0.033112,0.0076294,0.054932
0.030212,0.0059509,0.050049
0.025787,0.0059509,0.046387
0.023651,0.0064087,0.047607
0.022583,0.0057983,0.047607
0.020599,0.0047302,0.046387
0.016022,0.0038147,0.042725
0.014191,0.0021362,0.045166
0.012054,-0.0018311,0.039063
0.011139,-0.0059509,0.041504
0.012207,-0.009613,0.041504
0.014343,-0.009613,0.042725
0.016632,-0.0064087,0.037842
0.016022,-0.00076294,0.040283
0.018311,0.0059509,0.041504
0.019836,0.011444,0.040283
0.024261,0.013275,0.045166
0.027466,0.01236,0.037842
0.029907,0.010376,0.032959
0.033569,0.0090027,0.039063
0.035248,0.007782,0.040283
0.035553,0.0073242,0.041504
0.033875,0.0062561,0.042725
0.032501,0.0021362,0.041504
0.031128,0.0013733,0.043945
0.03067,0.0013733,0.048828
0.03006,0.0030518,0.05127
0.029144,0.004425,0.056152
0.02594,0.0050354,0.061035
0.023499,0.0074768,0.062256
0.021973,0.0030518,0.063477
0.023193,-0.00030518,0.075684
0.023193,-0.0038147,0.063477
0.023804,-0.0038147,0.062256
0.022125,-0.0018311,0.062256
0.018768,-0.005188,0.056152
0.015717,0.0013733,0.054932
0.012817,0.00091553,0.062256
0.012665,0.00045776,0.063477
0.012817,-0.0012207,0.061035
0.013885,-0.00076294,0.062256
0.014191,-0.00061035,0.068359
0.015411,0.0010681,0.065918
0.015411,0.0012207,0.064697
0.016632,0.0024414,0.94604
0.01709,0.0018311,4.7021
0.016632,0.00061035,4.9109
0.018616,-0.0010681,4.9231
0.019379,-0.00091553,4.9243
0.019989,0.00061035,4.9243
0.018005,0.00076294,4.928
0.018158,0.0010681,4.9207
0.018616,0.0015259,4.9304
0.019684,0.00091553,4.9146
0.021973,-0.00091553,4.9036
0.02121,-0.0036621,4.9146
0.02243,-0.0053406,4.9097
0.022278,-0.0062561,4.9084
0.022736,-0.0068665,4.9109
0.022125,-0.0062561,4.9084
0.021362,-0.0071716,4.9109
0.020447,-0.0076294,4.9011
0.020599,-0.0064087,4.9109
0.020142,-0.0067139,4.9084
0.019531,-0.0048828,4.9109
0.0177,-0.0016785,4.9121
0.014954,0.00091553,4.9109
0.012665,0.0035095,4.9231
0.011292,0.0036621,4.9133
0.010834,0.0021362,4.9121
0.0090027,-0.00030518,4.9121
0.011749,-0.00061035,4.9133
0.012054,-0.00015259,4.9194
0.011597,0.0015259,4.9231
0.010071,0.0033569,4.9194
0.011139,0.0038147,4.9231
0.014191,0.002594,4.9255
0.018311,0.0018311,4.9268
0.021362,0.0012207,4.928
0.022583,0.0018311,4.9329
0.021667,0.00061035,4.9316
0.020447,-0.00076294,4.9329
0.018311,-0.0042725,4.9292
0.018463,-0.010071,4.9353
0.017853,-0.014954,4.928
0.0177,-0.016937,4.9329
0.016785,-0.015564,4.9426
0.014954,-0.0088501,4.9353
0.011902,-0.0024414,4.9365
0.0088501,0.00045776,4.9414
0.0088501,0.002594,4.9194
0.010223,0.0028992,4.9329
0.01358,0.0022888,4.9353
0.018158,0.004425,4.9304
0.02182,0.0061035,4.9292
0.024109,0.0071716,4.9255
0.023651,0.0061035,4.9268
0.022125,0.0028992,4.9207
0.021362,-0.002594,4.9207
0.019531,-0.0082397,4.9146
0.016632,-0.013275,4.9194
0.010071,-0.014801,4.9158
0.0048828,-0.013733,4.9182
0.0013733,-0.0093079,4.9158
0.0012207,-0.0030518,4.9158
0.0094604,0.0028992,4.9121
0.019379,0.0068665,4.9109
0.032196,0.0074768,4.9023
0.035553,0.0028992,4.9109
0.037079,-0.0024414,4.9097
0.035248,-0.0064087,4.9072
0.030518,-0.010223,4.906
0.025787,-0.010376,4.906
0.020447,-0.010834,4.9109
0.014191,-0.011902,4.9084
0.0067139,-0.010529,4.9097
0.00030518,-0.010223,0.041504
-0.0045776,-0.0064087,0.042725
-0.0047302,0.0015259,0.043945
0.00015259,0.0097656,0.048828
0.0079346,0.01236,0.05249
0.016785,0.018463,0.053711
0.026093,0.02182,0.062256
0.031433,0.012512,0.057373
0.032501,0.0090027,0.072021
0.029755,0.0024414,0.061035
0.024567,-0.012054,0.048828
0.02121,-0.01236,0.064697
0.018921,-0.010986,0.061035
0.019836,-0.016632,0.061035
0.019226,-0.0079346,0.061035
0.018768,-0.0080872,0.058594
0.018921,-0.013123,0.061035
0.018768,-0.0050354,0.061035
0.02533,-0.0062561,0.065918
0.031891,-0.0068665,0.062256
0.038452,0.0032043,0.068359
0.043793,0.0042725,0.06958
0.045776,0.0038147,0.068359
0.044708,0.005188,0.070801
0.040741,-0.0016785,0.063477
0.036469,-0.010071,0.061035
0.031586,-0.010071,0.057373
0.028229,-0.010834,0.061035
0.023956,-0.0088501,0.054932
0.019531,-0.0010681,0.05127
0.015106,0.0027466,0.048828
0.011444,0.0033569,0.050049
0.012512,0.0079346,0.046387
0.015259,0.010376,0.047607
0.018463,0.0080872,0.041504
0.019531,0.0071716,0.048828
0.023499,0.011597,0.03418
0.024872,0.010071,0.043945
0.027466,0.018158,0.042725
0.027008,0.019684,0.043945
0.026093,0.019073,0.037842
0.025177,0.017242,0.042725
0.025635,0.011292,0.058594
0.025482,0.0085449,0.037842
0.026093,0.0090027,0.047607
0.02594,0.010376,0.041504
0.025024,0.012054,0.024414
0.024414,0.011444,0.036621
0.02533,0.010071,0.039063
0.027924,0.0085449,0.041504
0.031738,0.011139,0.042725
0.035095,0.013275,0.043945
0.036926,0.013275,0.047607
0.036621,0.012054,0.050049
0.033875,0.0080872,0.054932
0.029144,0.0027466,0.05249
0.024872,-0.00061035,0.059814
0.019684,-0.0039673,0.058594
0.014801,-0.0067139,0.063477
0.010834,-0.0067139,0.065918
0.0053406,-0.004425,0.063477
0.0027466,-0.0015259,0.059814
0.0019836,0.0012207,0.062256
0.0064087,0.0030518,0.070801
0.012207,0.0033569,0.059814
0.018463,0.0047302,0.062256
0.024567,0.0042725,0.061035
0.028534,0.0027466,0.064697
0.032043,0.0038147,0.058594
0.035553,0.00091553,0.067139
0.037231,0.0024414,0.064697
0.037842,0.004425,0.065918
0.034943,0.0032043,0.058594
0.030365,0.0059509,0.063477
0.024567,0.007782,0.053711
0.018311,0.0057983,0.058594
0.013885,0.0059509,0.05249
0.011749,0.0065613,0.053711
0.015564,0.007019,3.0786
0.02182,0.0099182,4.8059
0.027313,0.013123,4.9072
0.033417,0.011597,4.9158
0.0354,0.010223,4.9011
0.031281,0.0080872,4.9133
0.027008,0.0036621,4.9109
0.019379,0.0018311,4.9109
0.012207,0.0012207,4.9146
0.0038147,0.00061035,4.9109
0,0.00030518,4.9109
-0.0032043,0.00015259,4.906
-0.0054932,0.0012207,4.917
-0.0038147,0.004425,4.906
-0.00030518,0.010223,4.9121
0.0083923,0.015564,4.9109
0.017853,0.021973,4.9133
0.027313,0.022125,4.9084
0.0354,0.019531,4.9158
0.036316,0.019226,4.9158
0.037994,0.015106,4.9146
0.037079,0.0094604,4.9219
0.035706,0.0048828,4.9158
0.034332,-0.00061035,4.906
0.033112,-0.0053406,4.9207
0.033722,-0.0067139,4.9194
0.033112,-0.0013733,4.9255
0.033722,-0.00045776,4.9243
0.033722,0.0053406,4.928
0.036316,0.0093079,4.9341
0.041351,0.010376,4.9316
0.048981,0.0090027,4.9329
0.054474,0.0047302,4.9268
0.059052,0.00030518,4.9329
0.057373,-0.0039673,4.9304
0.056,-0.0074768,4.9304
0.050964,-0.011444,4.9438
0.04715,-0.014191,4.9377
0.041199,-0.016327,4.9329
0.032654,-0.015259,4.9377
0.025024,-0.013733,4.9316
0.015106,-0.010071,4.9341
0.0065613,-0.0082397,4.9316
0.00015259,-0.0033569,4.9292
-0.0021362,0.0018311,4.9268
-0.0024414,0.0059509,4.9231
-0.00091553,0.011902,4.9243
0.0012207,0.010376,4.9219
0.0042725,0.0094604,4.9219
0.0054932,0.0059509,4.9146
0.0068665,0.0047302,4.9219
0.009613,0.0047302,4.917
0.012054,0.0059509,4.9194
0.014496,0.0067139,4.9146
0.012512,0.0047302,4.9036
0.010986,0.0012207,4.928
0.010681,-0.002594,4.9146
0.0093079,-0.0036621,4.9207
0.0094604,-0.0053406,4.9109
0.011902,-0.0048828,4.9023
0.015717,-0.0054932,4.9133
0.019531,-0.0050354,4.9109
0.023499,-0.004425,4.9084
0.025787,-0.0059509,4.9109
0.026703,-0.0054932,4.9072
0.027313,-0.0048828,4.9133
0.028076,-0.002594,4.9084
0.027008,-0.0012207,4.9146
0.025635,0.00015259,4.9133
0.022125,0.0013733,4.9182
0.018768,0.0021362,4.9219
0.014648,0.0030518,4.9207
0.011749,0.0036621,0.061035
0.0088501,0.0056458,0.057373
0.007782,0.0042725,0.058594
0.007782,0.0018311,0.056152
0.0086975,-0.0018311,0.059814
0.011292,-0.0073242,0.061035
0.010376,-0.0091553,0.065918
0.0085449,-0.0093079,0.059814
0.0071716,-0.0068665,0.063477
0.0062561,-0.0027466,0.061035
0.0061035,0.0010681,0.062256
0.0065613,0.002594,0.061035
0.0061035,0.00091553,0.064697
0.0050354,0.0021362,0.062256
0.0041199,0.0021362,0.063477
0.0033569,0.0045776,0.06958
0.0047302,0.0079346,0.068359
0.0065613,0.010376,0.064697
0.0067139,0.011444,0.065918
0.010529,0.010376,0.073242
0.011292,0.007019,0.059814
0.011444,0.0047302,0.067139
0.010376,0.0022888,0.056152
0.0088501,0.00045776,0.039063
0.0068665,-0.0010681,0.047607
0.0062561,-0.0022888,0.050049
0.0035095,-0.0038147,0.045166
0.00091553,-0.0057983,0.043945
-0.00076294,-0.0097656,0.043945
-0.0022888,-0.013275,0.046387
-0.0022888,-0.014191,0.041504
-0.00015259,-0.014191,0.042725
0.0019836,-0.014038,0.040283
0.004425,-0.015411,0.045166
0.0045776,-0.018768,0.037842
0.005188,-0.023193,0.040283
0.0057983,-0.027008,0.042725
0.0073242,-0.027618,0.041504
0.0082397,-0.025787,0.036621
0.0099182,-0.02121,0.040283
0.011749,-0.017242,0.026855
0.013885,-0.016479,0.039063
0.015564,-0.015564,0.0354
0.018005,-0.017395,0.041504
0.019836,-0.01358,0.042725
0.023804,-0.010376,0.042725
0.028076,-0.0093079,0.047607
0.030975,-0.0097656,0.050049
0.033722,-0.01297,0.05249
0.033722,-0.018463,0.05249
0.0354,-0.024109,0.057373
0.035248,-0.029602,0.056152
0.035858,-0.033112,0.062256
0.03418,-0.034485,0.062256
0.033569,-0.0354,0.062256
0.031281,-0.03418,0.067139
0.029755,-0.032959,0.064697
0.026245,-0.028687,0.06958
0.022583,-0.027161,0.061035
0.019531,-0.021973,0.05249
0.018463,-0.017548,0.062256
0.016785,-0.013733,0.062256
0.017548,-0.010834,0.063477
0.017395,-0.0054932,0.068359
0.017853,-0.0012207,0.063477
0.018616,0.0027466,0.067139
0.018768,0.0045776,0.059814
0.021362,0.004425,0.061035
0.016937,0.0024414,0.05127
0.016632,0.0013733,0.057373
0.014496,0.0010681,0.056152
0.012512,0,0.05127
0.011902,-0.00030518,0.05249
0.011139,-0.005188,0.047607
0.012054,-0.0047302,0.05127
0.01358,-0.0062561,0.047607
0.014648,-0.007782,0.046387
0.016785,-0.0083923,0.043945
0.018616,-0.0086975,4.3323
0.018921,-0.0088501,4.8669
0.018158,-0.0083923,4.906
0.020447,-0.0068665,4.9084
0.020447,-0.0032043,4.906
0.020752,0.0015259,4.9036
0.02121,0.0047302,4.9109
0.020294,0.0076294,4.906
0.019379,0.010376,4.9109
0.019073,0.01297,4.9109
0.019379,0.016632,4.9133
0.020599,0.016479,4.9084
0.022736,0.018616,4.9121
0.025177,0.0177,4.928
0.025482,0.017395,4.9146
0.026703,0.015106,4.9194
0.026093,0.013428,4.9194
0.024872,0.010834,4.9048
0.023193,0.0094604,4.9207
0.022583,0.0090027,4.9243
0.021973,0.009613,4.9268
0.018463,0.011902,4.928
0.018158,0.014191,4.9243
0.016327,0.014801,4.9316
0.014496,0.017548,4.9329
0.014801,0.019226,4.9316
0.015106,0.020905,4.928
0.017548,0.023804,4.9341
0.021057,0.027161,4.9329
0.022278,0.027924,4.9329
0.025024,0.030518,4.9353
0.026093,0.032043,4.9353
0.026398,0.030823,4.939
0.025787,0.029755,4.939
0.022888,0.025177,4.9487
0.019531,0.02182,4.9353
0.015411,0.019073,4.9219
0.011444,0.018005,4.928
0.0074768,0.015869,4.9304
0.0048828,0.012665,4.9255
0.004425,0.0094604,4.9329
0.0065613,0.0061035,4.9207
0.0088501,0.0047302,4.9231
0.0086975,0.004425,4.9182
0.014954,0.0076294,4.9146
0.018005,0.0088501,4.917
0.019836,0.0079346,4.9182
0.022278,0.0056458,4.917
0.026093,0.0028992,4.9158
0.026093,0.0033569,4.9207
0.025482,0.0057983,4.9146
0.024414,0.007782,4.9146
0.023193,0.011139,4.9097
0.023804,0.013275,4.9011
0.02594,0.015564,4.9109
0.029449,0.017853,4.9097
0.033112,0.020447,4.9097
0.035706,0.020447,4.9084
0.036469,0.027008,4.9072
0.038147,0.027161,4.9084
0.039215,0.027008,4.9072
0.03952,0.024719,4.9133
0.038605,0.023651,4.9133
0.03479,0.023346,4.9182
0.030518,0.022736,4.9146
0.023346,0.023041,4.9231
0.020599,0.021973,4.9194
0.01709,0.02121,4.9268
0.01709,0.02182,4.9255
0.017395,0.022278,4.9255
0.020142,0.023804,4.939
0.020905,0.024414,4.9329
0.023804,0.023651,0.047607
0.026703,0.021057,0.061035
0.028076,0.016327,0.063477
0.028992,0.011139,0.053711
0.027924,0.0053406,0.063477
0.026703,0.0021362,0.058594
0.02243,-0.00076294,0.063477
0.019226,-0.0010681,0.065918
0.016632,-0.00061035,0.067139
0.014496,0.00076294,0.065918
0.014038,0.0022888,0.070801
0.014648,0.0021362,0.064697
0.014954,0.0019836,0.065918
0.016327,0.0015259,0.076904
0.017853,0.00030518,0.061035
0.019836,-0.0016785,0.054932
0.021362,-0.0018311,0.054932
0.023651,-0.0019836,0.039063
0.024414,-0.00030518,0.050049
0.02533,0.00045776,0.05249
0.025024,0.0038147,0.047607
0.023499,0.0028992,0.048828
0.022583,0.0018311,0.041504
0.019836,0.00061035,0.047607
0.018158,-0.00015259,0.041504
0.017548,0.00061035,0.037842
0.017548,0.0024414,0.039063
0.019379,0.0036621,0.041504
0.019073,0.0039673,0.040283
0.019226,0.0028992,0.041504
0.0177,-0.00030518,0.036621
0.016174,-0.002594,0.040283
0.015259,-0.0036621,0.045166
0.013885,-0.0028992,0.041504
0.01236,-0.0021362,0.047607
0.010529,-0.0021362,0.039063
0.0099182,-0.00091553,0.0354
0.0080872,-0.00091553,0.042725
0.0068665,0.0013733,0.043945
0.0059509,0.0036621,0.042725
0.007019,0.0056458,0.047607
0.0085449,0.0053406,0.048828
0.011749,0.0018311,0.05127
0.014191,-0.0019836,0.050049
0.016479,-0.0073242,0.058594
0.018768,-0.010834,0.053711
0.0177,-0.012207,0.062256
0.018311,-0.010986,0.064697
0.018616,-0.0090027,0.062256
0.019226,-0.0085449,0.070801
0.018463,-0.0080872,0.063477
0.018158,-0.007782,0.062256
0.017395,-0.0076294,0.062256
0.016785,-0.0054932,0.062256
0.01709,-0.0038147,0.062256
0.017548,-0.002594,0.063477
0.019226,-0.0027466,0.062256
0.02121,-0.0048828,0.059814
0.021057,-0.0068665,0.062256
0.021057,-0.011139,0.067139
0.019073,-0.0068665,0.061035
0.016327,-0.004425,0.062256
0.012665,0.00015259,0.057373
0.010376,0.0022888,0.057373
0.0086975,0.002594,0.056152
0.0086975,0.0021362,0.053711
0.0082397,0.0012207,0.039063
0.0083923,0.00076294,0.05249
0.0086975,0.00091553,0.062256
0.0094604,0.00045776,0.046387
0.010529,-0.00015259,0.057373
0.012512,-0.0032043,0.041504
0.015259,-0.0057983,0.031738
0.0177,-0.0067139,0.037842
0.019073,-0.007782,0.039063
0.018463,-0.0068665,0.039063
0.017548,-0.0076294,0.037842
0.016174,-0.0097656,0.036621
0.015411,-0.013428,4.364
0.015411,-0.014191,4.8718
0.016174,-0.014648,4.9036
0.016174,-0.014648,4.9023
0.015717,-0.013885,4.9109
0.014343,-0.014648,4.9109
0.014801,-0.015411,4.9133
0.015259,-0.014496,4.917
0.016022,-0.014038,4.9133
0.016937,-0.014648,4.9146
0.017242,-0.0094604,4.9207
0.019226,-0.0097656,4.9158
0.021515,-0.013275,4.9219
0.024719,-0.01709,4.906
0.028839,-0.020752,4.9243
0.029907,-0.022278,4.9243
0.029907,-0.023041,4.9255
0.029907,-0.019989,4.9292
0.028229,-0.019226,4.9304
0.02655,-0.014648,4.9353
0.024414,-0.013428,4.9292
0.022278,-0.01358,4.9353
0.02243,-0.011749,4.9255
0.02182,-0.009613,4.9341
0.023651,-0.0099182,4.9304
0.024719,-0.0071716,4.9329
0.024872,-0.0065613,4.9463
0.027618,-0.0061035,4.939
0.027466,-0.0067139,4.9414
0.028229,-0.007019,4.9341
0.026855,-0.0041199,4.9231
0.023651,-0.0061035,4.9316
0.02121,-0.0036621,4.928
0.016479,-0.0022888,4.9207
0.013733,0.0021362,4.9255
0.01236,-0.0013733,4.9231
0.012054,-0.0013733,4.9207
0.012054,-0.00030518,4.9182
0.014648,0,4.9219
0.019531,0.0012207,4.9133
0.01709,0.0041199,4.917
0.018463,0.0039673,4.9182
0.020142,0.0024414,4.917
0.02182,0.0019836,4.9109
0.020447,0.0016785,4.9158
0.021057,0.0019836,4.9109
0.019073,0.002594,4.9097
0.018158,0.0022888,4.8962
0.015106,0.002594,4.9109
0.016479,0.00076294,4.9084
0.018158,-0.0013733,4.9084
0.019989,-0.0030518,4.9097
0.02121,-0.0038147,4.9109
0.022888,-0.0073242,4.9084
0.022583,-0.009613,4.906
0.024261,-0.010681,4.9133
0.024414,-0.011444,4.9133
0.024414,-0.012665,4.9182
0.023346,-0.011139,4.9158
0.019379,-0.0076294,4.9231
0.020447,-0.0045776,4.9194
0.019684,-0.0042725,4.9255
0.020905,-0.0030518,4.9365
0.020447,-0.00015259,4.9292
0.021973,0.0018311,4.9377
0.02121,0.0018311,4.9329
0.025024,0.0039673,4.917
0.025482,0.002594,4.9292
0.028229,0.0035095,4.9304
0.03067,0.0050354,4.9316
0.032959,0.0093079,4.9304
0.032654,0.012054,4.9292
0.035553,0.011444,-0.51636
0.036163,0.012207,0.063477
0.036621,0.011139,0.067139
0.036469,0.0086975,0.064697
0.037689,0.0057983,0.06958
0.039063,0.0033569,0.064697
0.037689,0.0013733,0.064697
0.036011,-0.00045776,0.068359
0.03418,-0.0019836,0.062256
0.031128,-0.0050354,0.057373
0.028992,-0.005188,0.058594
0.027466,-0.0062561,0.061035
0.027008,-0.0071716,0.050049
0.025177,-0.0071716,0.043945
0.022125,-0.0056458,0.046387
0.020447,-0.0059509,0.048828
0.017853,-0.0035095,0.042725
0.016327,-0.0013733,0.048828
0.015717,0,0.039063
0.017242,-0.00061035,0.045166
0.018463,-0.0021362,0.036621
0.020294,-0.0050354,0.042725
0.02243,-0.0076294,0.041504
0.023804,-0.011139,0.041504
0.026093,-0.012054,0.040283
0.025482,-0.011292,0.041504
0.025635,-0.0073242,0.050049
0.027161,-0.0035095,0.041504
0.027924,-0.0016785,0.054932
0.029297,-0.0018311,0.039063
0.032806,-0.0045776,0.028076
0.035095,-0.0094604,0.043945
0.037079,-0.0074768,0.042725
0.038452,-0.011292,0.043945
0.039978,-0.0093079,0.045166
0.03891,-0.0068665,0.048828
0.039825,-0.0042725,0.05127
0.037689,-0.0038147,0.053711
0.035858,-0.0028992,0.058594
0.031281,-0.0038147,0.054932
0.029602,-0.0041199,0.061035
0.026703,-0.0021362,0.062256
0.027618,0.00061035,0.064697
0.026398,0.004425,0.064697
0.027008,0.0056458,0.063477
0.023651,0.0056458,0.058594
0.019989,0.0032043,0.062256
0.010834,0.0024414,0.072021
0.0079346,0.0045776,0.064697
0.0012207,0.011139,0.05249
-0.0047302,0.02121,0.059814
-0.0090027,0.031433,0.064697
-0.010681,0.041809,0.063477
-0.0086975,0.045929,0.063477
-0.0021362,0.045166,0.059814
0.0054932,0.03891,0.062256
0.014038,0.029907,0.054932
0.020752,0.021973,0.058594
0.026703,0.016937,0.053711
0.032806,0.013428,0.053711
0.039063,0.0079346,0.050049
0.042419,0.00091553,0.048828
0.044708,-0.0027466,0.062256
0.040283,-0.0035095,0.047607
0.033875,-0.00045776,0.048828
0.024719,0.004425,0.043945
0.013123,0.0018311,0.024414
0.0018311,0,0.041504
-0.0083923,-0.011597,0.042725
-0.013428,-0.025787,0.040283
-0.014648,-0.03891,0.037842
-0.014801,-0.046539,0.0354
-0.013733,-0.049286,0.042725
-0.017242,-0.04776,0.039063
-0.019684,-0.042877,0.036621
-0.021515,-0.035858,0.036621
-0.018158,-0.025482,0.041504
-0.012207,-0.010376,0.039063
-0.0057983,0.0041199,4.5093
0.0012207,0.016479,4.8828
0.0061035,0.021973,4.9109
0.013275,0.019073,4.9109
0.019989,0.011292,4.895
0.027161,0.0028992,4.9292
0.033569,-0.0019836,4.9207
0.038147,-0.0018311,4.9158
0.040588,0.002594,4.9268
0.039978,0.0082397,4.9243
0.037994,0.010681,4.9316
0.033417,0.010223,4.9268
0.030518,0.0083923,4.928
0.025482,0.0068665,4.9329
0.025024,0.0080872,4.9304
0.023499,0.0099182,4.9341
0.023193,0.012054,4.9304
0.020905,0.011292,4.9329
0.018005,0.0082397,4.9329
0.011292,0.0085449,4.9365
0.0053406,0.0064087,4.9451
0.00030518,0.0054932,4.9353
-0.0033569,0.0048828,4.9353
-0.004425,0.0036621,4.9341
-0.0050354,0.0018311,4.9304
-0.0048828,-0.0019836,4.9316
-0.0042725,-0.0068665,4.928
-0.0041199,-0.01358,4.9231
-0.0048828,-0.02121,4.9255
-0.0041199,-0.029297,4.9219
-0.0018311,-0.035248,4.9194
0.0027466,-0.0383,4.9121
0.0079346,-0.039978,4.9207
0.014648,-0.032654,4.9133
0.017242,-0.028229,4.9158
0.018463,-0.027618,4.9146
0.021667,-0.024414,4.9097
0.026245,-0.021973,4.9109
0.035095,-0.019684,4.9158
0.044861,-0.01358,4.9231
0.055084,-0.0080872,4.9109
0.059662,-0.0074768,4.9194
0.059662,-0.010071,4.906
0.053864,-0.015106,4.9036
0.046844,-0.021515,4.9048
0.039368,-0.023499,4.9109
0.033569,-0.019836,4.9097
0.029907,-0.013123,4.9109
0.026398,-0.0054932,4.9072
0.023804,0.00045776,4.9109
0.022583,0.0012207,4.9146
0.023956,0.00091553,4.9182
0.027618,0.00076294,4.9121
0.031281,0.0015259,4.9231
0.033264,0.0053406,4.9268
0.031433,0.0085449,4.9243
0.027466,0.011749,4.939
0.019531,0.014038,4.9304
0.012207,0.014954,4.9292
0.0057983,0.016632,4.9365
0.0022888,0.018921,4.9292
0.0013733,0.022736,4.9304
0.0022888,0.02533,4.917
0.0048828,0.027771,4.9304
0.0071716,0.027313,4.9316
0.010071,0.023804,4.928
0.01236,0.020599,4.9341
0.013885,0.015717,4.9329
0.014496,0.011902,4.9353
0.014191,0.0090027,4.9353
0.014191,0.0091553,4.9353
0.017395,0.0086975,4.9341
0.020905,0.0085449,4.9316
0.02533,0.0076294,0.065918
0.029602,0.0053406,0.059814
0.033417,0.0024414,0.067139
0.03418,-0.00091553,0.056152
0.032196,-0.0057983,0.063477
0.028687,-0.0080872,0.05249
0.02182,-0.010376,0.042725
0.014648,-0.013123,0.048828
0.0074768,-0.013733,0.045166
0.0010681,-0.012817,0.045166
-0.0010681,-0.0094604,0.047607
-0.0019836,-0.004425,0.040283
0.0010681,0.0019836,0.043945
0.0071716,0.0079346,0.040283
0.014191,0.009613,0.042725
0.020905,0.010071,0.037842
0.025177,0.0090027,0.039063
0.028076,0.0082397,0.042725
0.027008,0.0091553,0.041504
0.024872,0.0097656,0.041504
0.023193,0.012054,0.040283
0.021057,0.01358,0.039063
0.020294,0.018311,0.040283
0.020294,0.024109,0.032959
0.022888,0.032501,0.043945
0.026703,0.041351,0.046387
0.031586,0.045624,0.043945
0.03418,0.047302,0.047607
0.035095,0.042572,0.046387
0.03418,0.032806,0.053711
0.031433,0.022736,0.05127
0.027008,0.013123,0.061035
0.022736,0.0039673,0.05249
0.017242,-0.0015259,0.062256
0.010834,-0.0059509,0.062256
0.0054932,-0.0090027,0.064697
0.0021362,-0.0097656,0.058594
0.0024414,-0.0099182,0.063477
0.0015259,-0.0093079,0.067139
0.0028992,-0.010986,0.061035
0.0048828,-0.014954,0.070801
0.0080872,-0.021057,0.062256
0.0094604,-0.028076,0.047607
0.0097656,-0.033569,0.063477
0.012817,-0.035858,0.058594
0.015869,-0.035095,0.064697
0.018463,-0.033112,0.064697
0.019379,-0.029144,0.061035
0.020447,-0.024719,0.062256
0.020447,-0.018768,0.058594
0.020447,-0.012817,0.057373
0.022278,-0.0080872,0.053711
0.027618,-0.0035095,0.053711
0.031738,-0.0016785,0.050049
0.037842,-0.00030518,0.05127
0.042877,-0.00030518,0.056152
0.047607,-0.00061035,0.050049
0.049744,-0.00015259,0.042725
0.049744,0.0045776,0.047607
0.050201,0.0083923,0.031738
0.049438,0.014343,0.040283
0.048981,0.018616,0.037842
0.048218,0.020905,0.039063
0.045013,0.022125,0.040283
0.041656,0.021973,0.0354
0.037537,0.02121,0.040283
0.034943,0.020752,0.039063
0.034332,0.021973,0.039063
0.031738,0.020142,0.037842
0.028687,0.019531,0.041504
0.023499,0.021057,0.039063
0.018616,0.019836,0.037842
0.01297,0.020599,0.042725
0.010681,0.020905,0.043945
0.013275,0.019836,0.05127
0.016022,0.020905,0.050049
0.021362,0.014801,0.058594
0.024261,0.011597,4.1125
0.024567,0.0071716,4.8608
0.023346,0.0033569,4.9194
0.019531,-0.0021362,4.9231
0.018463,-0.0088501,4.9255
0.016479,-0.011902,4.9304
0.014038,-0.014648,4.9292
0.011902,-0.016022,4.9304
0.0091553,-0.016022,4.9292
0.0079346,-0.016479,4.9316
0.0082397,-0.017853,4.9243
0.010681,-0.01709,4.9341
0.015411,-0.016632,4.9353
0.021973,-0.014801,4.9329
0.028076,-0.011139,4.9365
0.033112,-0.007019,4.9353
0.033722,-0.0036621,4.939
0.031586,-0.0024414,4.9365
0.028534,-0.0019836,4.9414
0.026093,-0.0010681,4.9316
0.025482,0.0010681,4.9329
0.02594,0.0030518,4.9231
0.027313,0.0035095,4.9268
0.028534,0.0035095,4.928
0.028381,0.0015259,4.9194
0.028076,-0.0036621,4.9182
0.028687,-0.0074768,4.917
0.029144,-0.0086975,4.9133
0.029144,-0.0090027,4.9133
0.027008,-0.0042725,4.9146
0.024261,-0.00076294,4.917
0.018616,0.0042725,4.9146
0.01297,0.0099182,4.9158
0.0099182,0.01358,4.9255
0.0090027,0.013733,4.9121
0.011444,0.011902,4.9158
0.014801,0.013428,4.9146
0.017853,0.011292,4.8962
0.02121,0.010071,4.9097
0.020599,0.0079346,4.9097
0.020447,0.0042725,4.9109
0.022888,-0.00030518,4.906
0.02533,-0.0050354,4.8999
0.029907,-0.0099182,4.9109
0.032043,-0.010681,4.9133
0.032654,-0.0091553,4.9182
0.031891,-0.0067139,4.9146
0.030518,-0.0039673,4.9268
0.031128,-0.002594,4.9219
0.032501,-0.0038147,4.9268
0.033417,-0.0050354,4.9304
0.032349,-0.007019,4.928
0.028839,-0.0088501,4.9268
0.024719,-0.007782,4.9341
0.021667,-0.0068665,4.9353
0.020294,-0.0074768,4.9329
0.02243,-0.0050354,4.9243
0.026093,-0.0041199,4.9304
0.029144,-0.0038147,4.9292
0.03006,-0.002594,4.9292
0.030518,-0.00015259,4.9329
0.028687,0.0010681,4.9365
0.027466,0.0016785,4.9353
0.02594,0.0033569,4.9341
0.025024,0.0048828,4.9365
0.024414,0.0071716,4.9329
0.021515,0.0093079,4.9353
0.018005,0.010223,4.9341
0.014954,0.01358,4.9341
0.013123,0.015717,4.9377
0.013428,0.015717,4.928
0.015259,0.016022,4.9255
0.017853,0.01358,4.9219
0.019684,0.011597,4.9084
0.019836,0.0090027,0.047607
0.018921,0.0062561,0.046387
0.016479,0.004425,0.043945
0.013428,0.002594,0.043945
0.013123,0,0.042725
0.013885,-0.004425,0.041504
0.012665,-0.007782,0.039063
0.01297,-0.014191,0.042725
0.012512,-0.01236,0.037842
0.013123,-0.012512,0.041504
0.014648,-0.010223,0.045166
0.018463,-0.0094604,0.041504
0.023804,-0.0094604,0.037842
0.027008,-0.010529,0.040283
0.034637,-0.01297,0.041504
0.036163,-0.014343,0.040283
0.037231,-0.014038,0.043945
0.036163,-0.012512,0.040283
0.03479,-0.009613,0.040283
0.036316,-0.0083923,0.042725
0.03952,-0.007019,0.05127
0.038605,-0.0085449,0.048828
0.039215,-0.0080872,0.05127
0.037689,-0.0083923,0.05127
0.036011,-0.0067139,0.059814
0.033417,-0.0064087,0.056152
0.031891,-0.0064087,0.059814
0.03067,-0.0083923,0.058594
0.029144,-0.010529,0.061035
0.026093,-0.011749,0.057373
0.021515,-0.0086975,0.063477
0.018158,-0.0030518,0.074463
0.014801,0.002594,0.062256
0.015259,0.005188,0.063477
0.017548,0.011902,0.062256
0.021057,0.01297,0.056152
0.02594,0.011902,0.062256
0.028076,0.016937,0.064697
0.029144,0.014648,0.064697
0.029449,0.012512,0.065918
0.029907,0.016785,0.058594
0.03067,0.016022,0.058594
0.030365,0.0083923,0.056152
0.03006,0,0.059814
0.027313,-0.0079346,0.048828
0.023499,-0.012512,0.054932
0.017853,-0.0079346,0.053711
0.01297,-0.0033569,0.053711
0.014343,-0.0027466,0.047607
0.016479,-0.007782,0.048828
0.021515,-0.014038,0.05127
0.019226,-0.020142,0.046387
0.011749,-0.019073,0.05249
0.010376,-0.011139,0.040283
0.010681,-0.007782,0.01709
0.012207,-0.002594,0.039063
0.01297,-0.002594,0.039063
0.013885,-0.0033569,0.039063
0.017853,-0.0035095,0.039063
0.022736,-0.00045776,0.036621
0.024719,0.0042725,0.040283
0.021973,0.004425,0.039063
0.020905,0.0083923,0.039063
0.019989,0.010986,0.029297
0.019226,0.010376,0.042725
0.018158,0.0076294,0.045166
0.012665,-0.0016785,0.045166
0.0088501,-0.0065613,0.054932
0.0028992,-0.0086975,0.050049
0.0038147,-0.0094604,0.059814
0.007019,-0.0079346,0.05249
0.01236,-0.0067139,0.050049
0.016327,-0.0038147,0.058594
0.021973,-0.0021362,0.057373
0.02533,-0.0015259,0.054932
0.026703,-0.0041199,0.058594
0.027008,-0.0064087,0.06958
0.027161,-0.0065613,4.6179
0.02655,-0.0057983,4.9072
0.024261,-0.0074768,4.9268
0.019989,-0.0024414,4.928
0.016937,-0.0038147,4.9353
0.013885,-0.0038147,4.9316
0.014191,-0.005188,4.9353
0.016022,-0.0068665,4.9316
0.018616,-0.0057983,4.9365
0.023041,-0.0042725,4.9451
0.027313,-0.0024414,4.9341
0.031128,-0.0024414,4.9377
0.03479,-0.0053406,4.9304
0.033264,0.00045776,4.9109
0.032806,0.0018311,4.9231
0.032349,0.005188,4.928
0.032043,0.0033569,4.9219
0.028687,0.00045776,4.9194
0.03067,-0.0021362,4.9255
0.028992,-0.0048828,4.9182
0.025482,-0.0062561,4.9146
0.023804,-0.0086975,4.9133
0.02243,-0.011139,4.9097
0.022125,-0.01236,4.9133
0.022278,-0.011292,4.9133
0.021667,-0.014648,4.9133
0.019684,-0.016327,4.9146
0.015411,-0.019226,4.9121
0.012207,-0.015106,4.9072
0.0093079,-0.01236,4.9109
0.0076294,-0.009613,4.8987
0.0091553,-0.0076294,4.9109
0.011444,-0.0074768,4.9084
0.014801,-0.007019,4.9109
0.020599,-0.0088501,4.9072
0.019226,-0.0097656,4.9097
0.020294,-0.0091553,4.9121
0.021667,-0.0083923,4.9109
0.02121,-0.010071,4.917
0.019836,-0.012207,4.9097
0.021057,-0.016174,4.928
0.020905,-0.018311,4.9231
0.018616,-0.015106,4.9268
0.016785,-0.016479,4.9243
0.014954,-0.01236,4.9329
0.013885,-0.0030518,4.9353
0.014954,0.0048828,4.9353
0.016174,0.01358,4.9451
0.019226,0.016937,4.9316
0.020752,0.017242,4.9194
0.02121,0.016327,4.9316
0.020599,0.019684,4.9304
0.019073,0.022278,4.9316
0.021515,0.021515,4.9341
0.024414,0.018921,4.9353
0.028381,0.011749,4.9365
0.028534,0.0035095,4.9341
0.025482,-0.00030518,4.9377
0.019989,-0.0033569,4.9292
0.014954,-0.0022888,4.9377
0.0099182,0.0016785,4.9304
0.007782,-0.0022888,4.9304
0.0038147,-0.0073242,4.9316
0.0019836,-0.012665,4.9243
0.0018311,-0.015106,4.9231
0.0028992,-0.013123,4.9207
0.0042725,-0.0097656,4.895
0.0071716,-0.0076294,4.9194
0.0083923,-0.0061035,4.9133
0.0083923,-0.0036621,4.9146
0.0086975,-0.00061035,4.9158
0.0097656,0.0028992,4.9109
0.012817,0.0085449,4.9121
0.016022,0.010376,0.039063
0.021973,0.010071,0.042725
0.027008,0.010681,0.041504
0.032196,0.010986,0.040283
0.036469,0.014038,0.040283
0.042114,0.019073,0.042725
0.046234,0.022736,0.037842
0.049591,0.020599,0.042725
0.050354,0.016327,0.054932
0.048523,0.012207,0.039063
0.045471,0.010223,0.05249
0.041504,0.013123,0.043945
0.036163,0.016022,0.028076
0.028839,0.010834,0.048828
0.021667,0.010071,0.048828
0.016327,0.010223,0.050049
0.01358,0.0028992,0.053711
0.011597,0.0048828,0.05249
0.010986,0.0071716,0.061035
0.009613,0.010681,0.058594
0.0086975,0.016022,0.058594
0.0082397,0.015106,0.059814
0.0082397,0.0079346,0.063477
0.0090027,0.0073242,0.062256
0.0097656,0.007782,0.064697
0.010529,0.0021362,0.072021
0.011597,0.0013733,0.062256
0.0099182,0.0018311,0.062256
0.01358,-0.0099182,0.064697
0.014343,-0.010986,0.072021
0.014343,-0.010376,0.064697
0.012207,-0.011749,0.053711
0.010376,-0.0019836,0.063477
0.012207,0.0028992,0.064697
0.016632,-0.0015259,0.058594
0.023651,-0.0094604,0.062256
0.028381,-0.016022,0.054932
0.032806,-0.015869,0.054932
0.036011,-0.0093079,0.040283
0.040436,-0.00030518,0.05249
0.044861,0.0012207,0.05127
0.047302,-0.0021362,0.047607
0.047607,-0.0076294,0.048828
0.042877,-0.015869,0.048828
0.037842,-0.0177,0.056152
0.031281,-0.011902,0.041504
0.027008,-0.0071716,0.056152
0.024872,-0.0079346,0.042725
0.023804,-0.0048828,0.029297
0.024261,-0.012512,0.039063
0.027313,-0.018616,0.039063
0.031586,-0.019379,0.036621
0.036621,-0.01297,0.037842
0.040741,-0.0047302,0.039063
0.043182,0.0019836,0.039063
0.045776,0.0073242,0.037842
0.046539,0.0090027,0.041504
0.045319,0.0080872,0.037842
0.041199,0.004425,0.043945
0.034485,0.0065613,0.043945
0.027161,0.0068665,0.047607
0.021362,0.0068665,0.050049
0.017242,0.0090027,0.043945
0.023804,0.0073242,0.050049
0.02533,0.0090027,0.053711
0.027161,0.010834,0.063477
0.026398,0.010986,0.056152
0.026855,0.011139,0.053711
0.028839,0.0094604,0.059814
0.031891,0.0073242,0.061035
0.032501,0.0088501,0.062256
0.030823,0.011444,0.061035
0.026855,0.013275,0.058594
0.022125,0.0079346,0.058594
0.018768,0.0073242,0.061035
0.016632,0.0061035,0.064697
0.017548,0.0022888,0.063477
0.017853,-0.00015259,3.2397
0.017548,-0.0019836,4.8071
0.015869,-0.0018311,4.928
0.015259,-0.0039673,4.9463
0.013733,-0.0076294,4.9316
0.014038,-0.010376,4.9304
0.015106,-0.012665,4.9292
0.014801,-0.010223,4.9072
0.016479,-0.0093079,4.9194
0.014496,-0.0071716,4.9231
0.013275,-0.0067139,4.9231
0.012512,-0.0047302,4.9182
0.015717,-0.0056458,4.9207
0.013733,-0.0048828,4.9158
0.014801,-0.0019836,4.9158
0.017395,0.00061035,4.9158
0.019379,0.0039673,4.9084
0.021362,0.0073242,4.9109
0.025482,0.0073242,4.9109
0.030365,0.010071,4.9146
0.034027,0.012054,4.9097
0.036926,0.014954,4.9109
0.037537,0.019226,4.9158
0.037079,0.020142,4.9133
0.037537,0.019836,4.9182
0.036774,0.015869,4.9109
0.035095,0.013885,4.8999
0.031586,0.0093079,4.9109
0.027313,0.0056458,4.917
0.022888,0.0033569,4.9097
0.018768,-0.0013733,4.9109
0.015106,-0.0059509,4.9109
0.01358,-0.010834,4.917
0.012054,-0.012512,4.9182
0.011902,-0.012665,4.9292
0.011749,-0.0091553,4.9207
0.009613,-0.010986,4.9292
0.011749,-0.0062561,4.9292
0.011902,-0.0083923,4.9304
0.012665,-0.011139,4.9426
0.014343,-0.013123,4.9316
0.013885,-0.012054,4.9329
0.014648,-0.011902,4.9329
0.01297,-0.010223,4.9292
0.012512,-0.0062561,4.9292
0.012512,-0.0080872,4.9304
0.013275,-0.0088501,4.9329
0.016632,-0.0088501,4.9329
0.020294,-0.0088501,4.9353
0.024872,-0.0064087,4.9353
0.027924,-0.0042725,4.9329
0.032043,-0.00091553,4.9377
0.035858,0.0027466,4.9292
0.040131,0.0050354,4.9329
0.044098,0.0074768,4.9097
0.046387,0.0083923,4.9304
0.044861,0.011292,4.9231
0.041962,0.011597,4.928
0.037384,0.012054,4.9316
0.033417,0.016937,4.9207
0.031128,0.017242,4.9304
0.029907,0.018616,4.9182
0.029755,0.016785,4.9072
0.028992,0.016785,4.9133
0.028992,0.015869,4.9109
0.028839,0.015106,4.917
0.030365,0.015411,4.9109
0.028534,0.014191,4.9072
0.027313,0.012665,4.9097
0.024719,0.010223,4.9109
0.021057,0.0080872,4.9109
0.016632,0.0047302,4.9133
0.010986,0.00045776,4.9146
0.0057983,-0.005188,0.039063
0.0035095,-0.0083923,0.040283
0.0024414,-0.010071,0.050049
0.0024414,-0.011749,0.039063
0.0035095,-0.012512,0.041504
0.0039673,-0.014648,0.046387
0.0032043,-0.013275,0.036621
0.0038147,-0.01297,0.048828
0.0042725,-0.011902,0.042725
0.0061035,-0.010681,0.053711
0.0061035,-0.0085449,0.05127
0.0068665,-0.0064087,0.054932
0.007782,-0.0048828,0.057373
0.009613,-0.0038147,0.059814
0.012207,-0.0038147,0.062256
0.015869,0.0019836,0.059814
0.018921,0.0053406,0.064697
0.023041,0.007782,0.058594
0.027161,0.0094604,0.063477
0.030365,0.0085449,0.062256
0.034943,0.007019,0.064697
0.035858,0.0050354,0.06958
0.037689,0.0027466,0.063477
0.037689,0.00061035,0.080566
0.036163,-0.0013733,0.058594
0.034637,-0.0041199,0.054932
0.031586,-0.0061035,0.063477
0.028229,-0.0079346,0.059814
0.02594,-0.0073242,0.054932
0.023651,-0.005188,0.058594
0.021057,-0.0012207,0.045166
0.015106,0.0016785,0.05127
0.013428,0.0047302,0.05249
0.01236,0.0062561,0.05127
0.01236,0.0079346,0.047607
0.013123,0.0088501,0.048828
0.014038,0.0099182,0.05249
0.013733,0.0091553,0.046387
0.017548,0.0083923,0.047607
0.019226,0.0062561,0.042725
0.020905,0.0045776,0.041504
0.020447,0.0056458,0.037842
0.019836,0.0048828,0.032959
0.019531,0.0059509,0.039063
0.019531,0.0061035,0.039063
0.020905,0.0045776,0.031738
0.022278,0.0033569,0.039063
0.023193,0.0016785,0.037842
0.025177,-0.00015259,0.037842
0.026855,-0.00061035,0.037842
0.029755,-0.0013733,0.042725
0.030212,-0.0030518,0.036621
0.028687,-0.0030518,0.045166
0.027466,-0.0010681,0.045166
0.025482,-0.00045776,0.05127
0.023651,0.0010681,0.050049
0.021973,0.0016785,0.053711
0.020599,0.0012207,0.062256
0.018768,0.00015259,0.057373
0.018158,-0.0013733,0.063477
0.018158,-0.0028992,0.059814
0.020142,-0.0028992,0.042725
0.020294,-0.0024414,0.062256
0.021057,-0.0024414,0.058594
0.020599,-0.0018311,0.061035
0.02182,-0.00076294,0.061035
0.022888,-0.00091553,0.058594
0.023041,0.00061035,0.063477
0.023041,0.0021362,0.061035
0.022736,0.0036621,0.065918
0.023041,0.0059509,0.062256
0.023041,0.0068665,0.068359
0.023956,0.0057983,0.065918
0.024109,0.0038147,0.063477
0.024109,0.0021362,0.072021
0.024719,0.0016785,0.062256
0.026398,0.0038147,0.059814
0.027771,0.007019,0.27344
0.03067,0.009613,4.6619
0.033569,0.009613,4.9011
0.037079,0.0074768,4.9133
0.039368,0.0024414,4.9182
0.039825,-0.00091553,4.9158
0.040588,-0.0039673,4.917
0.039673,-0.0062561,4.9109
0.038605,-0.0062561,4.9133
0.036621,-0.0067139,4.9121
0.0354,-0.0054932,4.9072
0.032654,-0.005188,4.9146
0.030518,-0.0057983,4.9109
0.030975,-0.0059509,4.9146
0.029755,-0.0041199,4.9097
0.031433,-0.0045776,4.9133
0.033722,-0.0050354,4.9219
0.034485,-0.0048828,4.9097
0.036316,-0.0065613,4.9194
0.037384,-0.0059509,4.9072
0.03891,-0.0059509,4.8975
0.038757,-0.0056458,4.9109
0.038757,-0.0053406,4.9097
0.037537,-0.0039673,4.9109
0.035706,-0.0032043,4.9133
0.032959,-0.0016785,4.9146
0.030975,0.0027466,4.9207
0.028839,0.0048828,4.9207
0.030365,0.0048828,4.9353
0.028687,0.004425,4.9255
0.029297,0.0028992,4.9304
0.030518,0.0010681,4.9316
0.032349,0.0039673,4.9158
0.035248,0.0056458,4.9316
0.03418,0.0085449,4.9329
0.0354,0.0036621,4.9316
0.0354,0.007782,4.9316
0.035248,0.0056458,4.9414
0.033722,0.0041199,4.9329
0.030975,0.0015259,4.9182
0.027008,0.0012207,4.9304
0.02533,0.0053406,4.9341
0.022583,-0.00045776,4.9329
0.02121,-0.0036621,4.9353
0.0177,-0.0073242,4.9329
0.015869,-0.010834,4.9353
0.015869,-0.01236,4.9304
0.014954,-0.007782,4.9292
0.015869,-0.0088501,4.9243
0.016479,-0.0039673,4.928
0.017242,-0.002594,4.9255
0.014038,-0.0035095,4.9243
0.018005,-0.0056458,4.9304
0.018463,-0.0073242,4.9207
0.018768,-0.0074768,4.917
0.019226,-0.0080872,4.9194
0.018616,-0.0039673,4.8962
0.016632,-0.0038147,4.9133
0.019684,-0.0056458,4.9121
0.020752,-0.0073242,4.9097
0.022278,-0.0076294,4.906
0.023193,-0.0050354,4.9084
0.024261,-0.0018311,4.9109
0.025024,0.0016785,4.9097
0.024567,0.0041199,4.9084
0.023651,0.0038147,4.906
0.023956,0.0019836,4.9121
0.023804,0.00061035,4.9109
0.024719,-0.00015259,4.9121
0.025177,0.00015259,4.9109
0.029144,0.00076294,4.9048
0.028381,0.0021362,4.9158
0.026093,0.0032043,4.917
0.027618,0,0.056152
0.027466,-0.00061035,0.048828
0.02655,-0.0030518,0.043945
0.02655,-0.0048828,0.056152
0.024872,-0.0056458,0.053711
0.023804,-0.0054932,0.056152
0.022278,-0.0042725,0.059814
0.02121,-0.0039673,0.058594
0.020294,-0.0039673,0.063477
0.021057,-0.0061035,0.059814
0.020142,-0.0083923,0.064697
0.02121,-0.0086975,0.058594
0.022583,-0.007782,0.062256
0.022278,-0.0056458,0.061035
0.019226,-0.0018311,0.063477
0.017548,0.0012207,0.075684
0.021362,0.0032043,0.065918
0.022583,0.0024414,0.068359
0.02594,0.0010681,0.058594
0.030212,-0.00045776,0.05249
0.033569,0.0018311,0.063477
0.036011,0.0048828,0.061035
0.036926,0.0057983,0.057373
0.037384,0.0082397,0.057373
0.0354,0.0074768,0.05127
0.03418,0.0054932,0.053711
0.029755,0.004425,0.047607
0.024414,0.0045776,0.05249
0.018616,0.0064087,0.045166
0.015259,0.007782,0.043945
0.011292,0.0073242,0.048828
0.011444,0.0099182,0.047607
0.01358,0.005188,0.040283
0.016022,0.0048828,0.045166
0.018463,0.0047302,0.048828
0.019684,0.0047302,0.037842
0.020905,0.0038147,0.045166
0.02121,0.0019836,0.040283
0.020905,-0.0010681,0.037842
0.018158,-0.0021362,0.040283
0.015717,-0.0016785,0.031738
0.012512,-0.0013733,0.037842
0.0094604,-0.00061035,0.039063
0.0076294,-0.00091553,0.036621
0.0057983,-0.0019836,0.042725
0.0059509,-0.0021362,0.040283
0.0062561,-0.0024414,0.042725
0.0076294,-0.00091553,0.043945
0.0076294,0.00030518,0.05249
0.0086975,0.0015259,0.050049
0.0099182,0.0022888,0.05249
0.010376,0.0042725,0.072021
0.011902,0.0059509,0.059814
0.0094604,0.0083923,0.043945
0.0082397,0.010376,0.061035
0.0068665,0.01236,0.05249
0.0085449,0.011902,0.061035
0.010834,0.012512,0.062256
0.013885,0.01297,0.061035
0.017853,0.01358,0.059814
0.020294,0.014191,0.057373
0.021515,0.013885,0.05249
0.02182,0.010681,0.063477
0.021515,0.0068665,0.065918
0.02182,0.0059509,0.063477
0.019684,0.0050354,0.068359
0.016785,0.0048828,0.068359
0.013428,0.0064087,0.067139
0.0099182,0.0071716,0.063477
0.0090027,0.0073242,0.062256
0.0074768,0.0073242,0.067139
0.0093079,0.0080872,0.057373
0.013275,0.010223,0.062256
0.015564,0.012665,0.05127
0.018463,0.015869,0.047607
0.01709,0.017395,0.048828
0.011902,0.016632,0.047607
0.012512,0.014343,0.047607
0.011292,0.01236,4.4275
0.011749,0.0094604,4.8792
0.012512,0.0085449,4.9097
0.01236,0.0083923,4.9109
0.01236,0.012207,4.9109
0.011444,0.013733,4.9036
0.011597,0.015106,4.9146
0.013885,0.014038,4.9109
0.016937,0.012207,4.9121
0.020599,0.010529,4.9048
0.022125,0.0074768,4.9133
0.020599,0.0054932,4.9109
0.018158,0.0042725,4.9109
0.012665,0.0030518,4.9048
0.010681,0.0036621,4.9133
0.009613,0.0042725,4.9207
0.0099182,0.0053406,4.9109
0.010223,0.0071716,4.9146
0.011139,0.0073242,4.917
0.010986,0.0059509,4.9158
0.010529,0.0022888,4.9194
0.011444,-0.0016785,4.9243
0.012665,-0.0024414,4.9243
0.014801,-0.0036621,4.9304
0.015717,-0.0030518,4.928
0.015717,-0.0022888,4.9329
0.014648,-0.0028992,4.9329
0.01297,-0.0019836,4.9353
0.012665,-0.0019836,4.9365
0.014191,-0.0013733,4.9329
0.017548,-0.00061035,4.9365
0.023193,-0.00015259,4.9304
0.023193,0.00045776,4.9146
0.023041,0.0012207,4.9304
0.023346,0.0024414,4.9329
0.02243,0.0018311,4.9341
0.023804,-0.0015259,4.9341
0.024567,-0.0054932,4.9316
0.02594,-0.0079346,4.9341
0.024872,-0.007782,4.9304
0.024109,-0.0048828,4.9329
0.022278,-0.00045776,4.9231
0.02182,0.0022888,4.928
0.023041,0.0033569,4.9231
0.025482,0.0022888,4.9255
0.028839,0.00045776,4.9255
0.031128,-0.00030518,4.9194
0.031433,0.00061035,4.9109
0.032043,0.0032043,4.9182
0.031891,0.004425,4.9121
0.03067,0.0050354,4.9121
0.031433,0.0013733,4.9084
0.031433,-0.0022888,4.9097
0.031738,-0.005188,4.9146
0.030518,-0.0076294,4.9072
0.03006,-0.0085449,4.9109
0.029297,-0.0062561,4.9097
0.029144,-0.005188,4.9109
0.029449,-0.0054932,4.906
0.03067,-0.0047302,4.9109
0.032349,-0.0027466,4.9072
0.034332,0.00015259,4.9109
0.035248,0.0016785,4.9084
0.034332,0.0019836,4.9158
0.033264,0.0010681,4.9219
0.032043,0.00076294,4.9158
0.030975,-0.00015259,4.928
0.031281,0.00061035,4.9207
0.032806,0.0022888,4.9158
0.033875,0.0045776,4.9243
0.034332,0.0048828,4.9255
0.033112,0.004425,4.9255
0.031891,0.0041199,0.059814
0.032959,0.0041199,0.059814
0.033875,0.0039673,0.063477
0.03479,0.0045776,0.061035
0.034027,0.004425,0.064697
0.034027,0.0035095,0.061035
0.030365,0.0018311,0.063477
0.028687,0.0021362,0.057373
0.027771,-0.0039673,0.064697
0.029144,-0.0024414,0.06958
0.031281,-0.0021362,0.065918
0.031891,0.00091553,0.068359
0.031738,0.0048828,0.067139
0.029907,0.0036621,0.074463
0.027618,0.0019836,0.065918
0.026703,-0.0018311,0.058594
0.026703,-0.0053406,0.057373
0.026245,-0.0083923,0.059814
0.026703,-0.0090027,0.05249
0.025482,-0.0076294,0.053711
0.023041,-0.0061035,0.046387
0.02121,-0.0053406,0.05249
0.020447,-0.0059509,0.046387
0.022583,-0.007782,0.050049
0.024261,-0.0067139,0.047607
0.027924,-0.0033569,0.050049
0.029755,0.0015259,0.042725
0.027618,0.0053406,0.043945
0.028229,0.0065613,0.056152
0.029755,0.0045776,0.041504
0.030212,0.0016785,0.050049
0.031128,0,0.040283
0.031891,0.00045776,0.028076
0.032501,0.002594,0.036621
0.031738,0.0050354,0.039063
0.029449,0.0047302,0.036621
0.027313,0.0033569,0.041504
0.025482,0.0012207,0.037842
0.021515,0.00015259,0.042725
0.022125,0.00091553,0.039063
0.022583,0.0013733,0.041504
0.021515,0.0022888,0.043945
0.020752,0.0019836,0.048828
0.02121,-0.0010681,0.047607
0.022583,-0.0041199,0.054932
0.025024,-0.0091553,0.059814
0.026245,-0.011292,0.056152
0.02594,-0.0097656,0.057373
0.024414,-0.007019,0.061035
0.022583,-0.0041199,0.065918
0.018616,-0.0022888,0.059814
0.018311,-0.00045776,0.061035
0.019226,-0.00061035,0.061035
0.020905,-0.00091553,0.059814
0.025787,-0.0012207,0.059814
0.030212,-0.00076294,0.062256
0.033722,0.00061035,0.061035
0.036163,0.004425,0.067139
0.037842,0.0064087,0.063477
0.037384,0.0080872,0.067139
0.036621,0.0067139,0.062256
0.034943,0.0053406,0.068359
0.030365,0.0048828,0.063477
0.028992,0.0054932,0.064697
0.026855,0.0086975,0.067139
0.02243,0.0090027,0.058594
0.020142,0.0091553,0.057373
0.01709,0.009613,0.05249
0.015869,0.0048828,0.039063
0.015564,0.0033569,0.050049
0.016327,0.0035095,0.046387
0.016632,0.0053406,0.041504
0.016785,0.0079346,0.047607
0.014954,0.0094604,0.043945
0.016327,0.004425,0.037842
0.016174,-0.00015259,0.040283
0.014191,-0.0045776,0.040283
0.011597,-0.0074768,0.037842
0.0068665,-0.0088501,4.375
0.0027466,-0.0086975,4.8767
-0.0019836,-0.007019,4.9072
-0.0024414,-0.0057983,4.9023
-0.0013733,-0.0071716,4.9097
0.0022888,-0.0065613,4.9133
0.0053406,-0.0061035,4.9097
0.0076294,-0.0035095,4.9158
0.012665,0.0012207,4.9109
0.016937,0.0057983,4.8999
0.016632,0.0085449,4.9133
0.016937,0.0083923,4.9146
0.016327,0.0054932,4.9158
0.014801,0.0027466,4.9158
0.015106,0.00045776,4.9072
0.014648,0.00061035,4.9207
0.013733,0.0018311,4.9268
0.012817,0.0033569,4.928
0.012054,0.0032043,4.9255
0.012665,0.0016785,4.9365
0.013733,0.0032043,4.9316
0.014496,0.0027466,4.9329
0.016022,0.004425,4.9426
0.017242,0.0071716,4.9316
0.016632,0.0091553,4.9304
0.015106,0.0091553,4.9329
0.014496,0.0076294,4.928
0.014191,0.0053406,4.9341
0.014801,0.0045776,4.9329
0.015259,0.0050354,4.9341
0.016327,0.0054932,4.9341
0.016479,0.0074768,4.9341
0.015717,0.0083923,4.9365
0.014496,0.0085449,4.9304
0.015411,0.0083923,4.928
0.018768,0.0085449,4.9231
0.020905,0.0093079,4.9194
0.022583,0.0097656,4.9207
0.021667,0.011597,4.9243
0.019531,0.012817,4.9194
0.017242,0.011749,4.9207
0.016479,0.011444,4.9255
0.017853,0.010986,4.9182
0.021057,0.011139,4.9255
0.020447,0.011139,4.9158
0.019073,0.011444,4.9036
0.017242,0.0094604,4.9133
0.014191,0.0086975,4.9109
0.012207,0.0057983,4.9109
0.010529,0.0032043,4.9133
0.010529,0.0018311,4.9084
0.0093079,0.00091553,4.9109
0.007019,0.00091553,4.9084
0.0038147,0.0041199,4.9146
0.00015259,0.005188,4.9097
-0.0016785,0.004425,4.9121
-0.0013733,0.0033569,4.9097
0.00076294,0.002594,4.9048
0.0045776,0.0012207,4.9194
0.0074768,0.0016785,4.917
0.010223,0.0028992,4.9194
0.010376,0.0042725,4.9207
0.011597,0.0042725,4.9023
0.01297,0.0038147,4.9243
0.016327,0.0021362,4.9243
0.019836,0,4.9268
0.021515,-0.00091553,4.9304
0.023804,-0.0015259,4.9292
0.02121,-0.0018311,4.9341
0.020142,-0.0018311,4.9304
0.020599,-0.0013733,4.9329
0.023499,-0.0013733,0.061035
0.028076,-0.0013733,0.063477
0.031128,-0.0024414,0.062256
0.030975,-0.0039673,0.067139
0.03067,-0.0036621,0.064697
0.026093,-0.0038147,0.065918
0.026093,-0.0047302,0.074463
0.025787,-0.0059509,0.067139
0.026093,-0.0064087,0.073242
0.027313,-0.0080872,0.065918
0.025482,-0.0064087,0.047607
0.023346,-0.0076294,0.057373
0.020294,-0.0071716,0.058594
0.018158,-0.0050354,0.05249
0.018768,-0.0030518,0.05249
0.02182,-0.0013733,0.048828
0.027008,-0.0015259,0.05127
0.029144,-0.0027466,0.045166
0.031891,-0.0035095,0.046387
0.031433,-0.0036621,0.042725
0.029449,-0.0053406,0.050049
0.028839,-0.0059509,0.042725
0.030365,-0.0082397,0.045166
0.034027,-0.0093079,0.046387
0.032654,-0.011444,0.042725
0.031586,-0.013428,0.037842
0.029755,-0.011292,0.042725
0.026855,-0.0082397,0.025635
0.026093,-0.0064087,0.0354
0.026855,-0.0016785,0.041504
0.029755,0.00015259,0.039063
0.031281,-0.0010681,0.036621
0.031738,-0.00091553,0.036621
0.030518,-0.00091553,0.041504
0.027771,-0.00076294,0.039063
0.024567,-0.00076294,0.042725
0.023956,-0.0018311,0.043945
0.024567,-0.002594,0.050049
0.027466,-0.004425,0.047607
0.028076,-0.0047302,0.05127
0.027161,-0.0054932,0.048828
0.024414,-0.0038147,0.056152
0.023651,-0.0035095,0.063477
0.023346,-0.0039673,0.062256
0.023804,-0.0028992,0.075684
0.025482,-0.0032043,0.058594
0.025635,-0.0033569,0.05127
0.025635,-0.0038147,0.062256
0.023956,-0.0030518,0.062256
0.022888,-0.0013733,0.062256
0.022125,-0.00045776,0.059814
0.022888,0.00045776,0.056152
0.024872,0.0010681,0.064697
0.027161,0.0010681,0.063477
0.027161,-0.00091553,0.068359
0.030212,-0.0022888,0.061035
0.025177,-0.002594,0.067139
0.023041,-0.0028992,0.064697
0.023956,-0.0042725,0.063477
0.024109,-0.0045776,0.064697
0.028534,-0.0065613,0.058594
0.02655,-0.0082397,0.048828
0.023804,-0.0093079,0.05127
0.022888,-0.0083923,0.05249
0.020142,-0.0056458,0.048828
0.019073,-0.0021362,0.046387
0.020447,0.0012207,0.045166
0.023193,0.004425,0.046387
0.025635,0.0038147,0.045166
0.02655,0.0035095,0.041504
0.025482,0.0035095,0.040283
0.026398,0.0048828,0.037842
0.02655,0.0056458,0.037842
0.028229,0.0071716,0.042725
0.03006,0.0073242,0.041504
0.030518,0.0061035,0.043945
0.030365,0.0036621,0.037842
0.029144,0.0018311,0.041504
0.026398,0.00091553,1.9336
0.024261,0.00091553,4.7327
0.023651,-0.00030518,4.9036
0.024261,-0.0010681,4.9084
0.027313,-0.0013733,4.8926
0.025177,-0.0016785,4.9109
0.025024,-0.0056458,4.9133
0.022278,-0.0019836,4.9158
0.021362,-0.0028992,4.9194
0.018158,-0.0028992,4.9194
0.018463,-0.0018311,4.9255
0.020294,0.0013733,4.928
0.022278,0.0050354,4.9304
0.02533,0.0076294,4.9268
0.028076,0.0076294,4.9316
0.027771,0.007782,4.9377
0.03006,0.0083923,4.9329
0.031433,0.0091553,4.9341
0.032349,0.011902,4.9316
0.033569,0.013275,4.9292
0.032806,0.011597,4.9353
0.030518,0.0086975,4.9426
0.026398,0.0054932,4.9341
0.022125,0.004425,4.9377
0.018616,0.0059509,4.9365
0.018463,0.0071716,4.9353
0.020599,0.0079346,4.9341
0.021057,0.0086975,4.9377
0.022736,0.0056458,4.9304
0.022888,0.0079346,4.9304
0.021973,0.0061035,4.9268
0.022583,0.0085449,4.9292
0.023499,0.011139,4.9231
0.024719,0.011597,4.9231
0.022278,0.0090027,4.9194
0.018616,0.005188,4.9219
0.014038,0.0021362,4.9268
0.010681,0.00076294,4.9158
0.0068665,0.0018311,4.917
0.0039673,0.0039673,4.9133
0.0028992,0.0041199,4.9011
0.0027466,0.0019836,4.9133
0.0028992,-0.0027466,4.9097
0.0053406,-0.0045776,4.9097
0.0083923,-0.0057983,4.9109
0.011292,-0.00030518,4.9097
0.01236,0.0054932,4.9109
0.01358,0.0068665,4.906
0.012665,0.0042725,4.9121
0.012054,-0.0019836,4.906
0.011749,-0.0047302,4.9133
0.011597,-0.0035095,4.9146
0.011902,0.0010681,4.917
0.012054,0.0071716,4.9109
0.011749,0.010529,4.917
0.013885,0.011139,4.9182
0.015411,0.0091553,4.9207
0.016479,0.0065613,4.9329
0.016937,0.0067139,4.9268
0.019073,0.0073242,4.9158
0.018616,0.0086975,4.9255
0.017242,0.0094604,4.9243
0.015259,0.0086975,4.9304
0.012665,0.0073242,4.9292
0.0091553,0.0059509,4.9292
0.0082397,0.005188,4.9329
0.0071716,0.0050354,4.9304
0.0079346,0.0048828,4.9341
0.0061035,0.0065613,4.9292
0.0064087,0.0090027,4.9365
0.0056458,0.010071,4.9341
0.0056458,0.0088501,4.9365
0.0073242,0.0083923,0.081787
0.0088501,0.0062561,0.067139
0.0094604,0.0047302,0.063477
0.0083923,0.0054932,0.062256
0.0064087,0.0090027,0.047607
0.0050354,0.012665,0.057373
0.0038147,0.014801,0.054932
0.0030518,0.013885,0.053711
0.0035095,0.010376,0.048828
0.0035095,0.0059509,0.047607
0.0035095,0.0033569,0.05249
0.0039673,0.0041199,0.045166
0.005188,0.0057983,0.047607
0.0047302,0.0088501,0.045166
0.005188,0.0090027,0.046387
0.0042725,0.0097656,0.043945
0.0045776,0.0082397,0.045166
0.005188,0.0064087,0.041504
0.0048828,0.0067139,0.042725
0.0056458,0.0076294,0.043945
0.0079346,0.0093079,0.042725
0.0094604,0.0093079,0.045166
0.01236,0.0083923,0.039063
0.013275,0.0083923,0.042725
0.014954,0.0065613,0.039063
0.015869,0.0071716,0.040283
0.016327,0.0068665,0.036621
0.016174,0.0065613,0.040283
0.016022,0.005188,0.041504
0.016327,0.0032043,0.045166
0.015106,0.00061035,0.045166
0.015106,-0.0012207,0.048828
0.015411,-0.0042725,0.047607
0.015411,-0.0047302,0.053711
0.016479,-0.0050354,0.056152
0.017853,-0.0042725,0.058594
0.019684,-0.0050354,0.06958
0.021362,-0.0047302,0.062256
0.023346,-0.005188,0.070801
0.023041,-0.0057983,0.061035
0.023041,-0.007019,0.056152
0.022736,-0.0086975,0.061035
0.02182,-0.0091553,0.059814
0.022583,-0.009613,0.061035
0.023804,-0.0091553,0.062256
0.026093,-0.0093079,0.061035
0.028534,-0.010071,0.064697
0.030518,-0.0099182,0.062256
0.029907,-0.0091553,0.070801
0.034027,-0.0062561,0.062256
0.032349,-0.0032043,0.064697
0.033264,-0.0010681,0.063477
0.03479,-0.00061035,0.064697
0.035858,-0.0021362,0.058594
0.034485,-0.0047302,0.056152
0.032043,-0.005188,0.063477
0.033112,-0.0054932,0.054932
0.031281,-0.0045776,0.062256
0.029602,-0.0036621,0.050049
0.027313,-0.0045776,0.0354
0.025024,-0.0056458,0.042725
0.023956,-0.0074768,0.047607
0.021667,-0.0068665,0.042725
0.020142,-0.0074768,0.042725
0.020905,-0.0064087,0.036621
0.020447,-0.0056458,0.043945
0.020905,-0.0054932,0.036621
0.020447,-0.0054932,0.042725
0.021362,-0.0064087,0.037842
0.020905,-0.0071716,0.040283
0.021515,-0.0047302,0.037842
0.022125,-0.0041199,0.041504
0.023346,-0.0012207,0.05127
0.023804,-0.00015259,0.041504
0.024261,-0.00076294,0.040283
0.02594,-0.0021362,0.040283
0.027008,-0.0010681,0.029297
0.027313,-0.0048828,0.041504
0.027771,-0.0039673,4.2273
0.028076,-0.0019836,4.8718
0.027466,0,4.9146
0.027771,0.002594,4.9182
0.028076,0.004425,4.9231
0.029297,0.0050354,4.928
0.028687,0.0042725,4.9304
0.027008,0.0030518,4.9268
0.025177,0.0016785,4.9329
0.025024,0,4.9304
0.024719,0.00015259,4.9353
0.025177,0.00045776,4.9316
0.024719,-0.00015259,4.9329
0.027466,-0.00091553,4.9353
0.024719,-0.0021362,4.9365
0.023651,-0.0024414,4.9426
0.022736,-0.00076294,4.9341
0.021515,0.0010681,4.9207
0.02243,0.0022888,4.9341
0.021515,0.0035095,4.9329
0.020599,0.0022888,4.9329
0.019684,0.0010681,4.9341
0.018005,-0.00015259,4.9292
0.0177,-0.00045776,4.9304
0.02182,0.00076294,4.9231
0.024261,0.0018311,4.928
0.027008,0.002594,4.9146
0.027008,0.0028992,4.9207
0.026398,0.0056458,4.9194
0.025177,0.0050354,4.9219
0.026093,0.0074768,4.9207
0.026093,0.0088501,4.9194
0.029297,0.0099182,4.9146
0.030518,0.0093079,4.9182
0.031281,0.007782,4.9023
0.031738,0.0048828,4.9146
0.029297,0.00091553,4.9097
0.032654,-0.0032043,4.9084
0.033264,-0.0050354,4.9109
0.030975,-0.0073242,4.9109
0.028076,-0.0068665,4.9048
0.024414,-0.0059509,4.9084
0.020142,-0.0050354,4.9084
0.017395,-0.0068665,4.906
0.015106,-0.0091553,4.9146
0.013885,-0.0086975,4.9084
0.012512,-0.010223,4.906
0.012512,-0.0090027,4.9146
0.013733,-0.007019,4.9182
0.017395,-0.0053406,4.9243
0.02182,-0.0024414,4.9207
0.025177,0.00076294,4.9353
0.028229,0.0038147,4.9109
0.027924,0.0061035,4.9109
0.027161,0.0067139,4.9268
0.026398,0.0079346,4.9292
0.025635,0.0079346,4.9316
0.026245,0.0079346,4.9304
0.02533,0.010071,4.928
0.028992,0.011139,4.9329
0.03006,0.011292,4.9304
0.029449,0.012054,4.9329
0.030823,0.010376,4.9292
0.032196,0.011139,4.9353
0.035095,0.0097656,4.9341
0.036774,0.011292,4.9365
0.036621,0.014038,4.9426
0.034943,0.015259,4.939
0.030975,0.015106,4.9341
0.027924,0.014038,4.9365
0.025482,0.014038,4.9146
0.024109,0.011902,4.9292
0.024567,0.010529,0.053711
0.024567,0.0082397,0.05127
0.02243,0.0061035,0.05249
0.019379,0.0062561,0.061035
0.016479,0.0042725,0.050049
0.013428,0.004425,0.042725
0.011597,0.0047302,0.047607
0.009613,0.002594,0.042725
0.0073242,-0.00076294,0.046387
0.0036621,-0.0050354,0.043945
0.0016785,-0.0082397,0.046387
0.00045776,-0.0088501,0.042725
-0.00061035,-0.0082397,0.041504
0.0024414,-0.004425,0.050049
0.0061035,-0.0013733,0.039063
0.010071,0.0018311,0.05127
0.013123,0.0038147,0.037842
0.015717,0.0041199,0.031738
0.017242,0.0030518,0.037842
0.0177,0.00076294,0.039063
0.018768,-0.00045776,0.037842
0.019379,0.00045776,0.041504
0.019989,0.002594,0.0354
0.020294,0.0045776,0.042725
0.022583,0.0080872,0.047607
0.023499,0.010529,0.05249
0.024414,0.011597,0.047607
0.024719,0.011749,0.058594
0.024261,0.012054,0.058594
0.022736,0.012207,0.062256
0.019226,0.011902,0.065918
0.015106,0.0097656,0.063477
0.010681,0.0056458,0.061035
0.0062561,0.0018311,0.061035
0.0035095,-0.0018311,0.057373
0.00030518,-0.0027466,0.064697
0.00030518,-0.00030518,0.06958
0.00045776,0.0033569,0.059814
0.00076294,0.0061035,0.061035
0.0016785,0.0067139,0.063477
0.0030518,0.007019,0.065918
0.004425,0.0050354,0.062256
0.0054932,0.0024414,0.06958
0.0061035,0.00015259,0.063477
0.0064087,-0.0022888,0.063477
0.004425,-0.0039673,0.062256
0.0042725,-0.0067139,0.061035
0.0027466,-0.0064087,0.05127
0.0010681,-0.0048828,0.057373
0.0036621,-0.0024414,0.070801
0.0047302,-0.00061035,0.05249
0.0074768,0.0013733,0.054932
0.0083923,0.0030518,0.047607
0.0088501,0.0022888,0.03418
0.013428,0.0053406,0.047607
0.015717,0.0059509,0.043945
0.016937,0.0045776,0.043945
0.018463,0.0021362,0.040283
0.018921,-0.00091553,0.037842
0.018005,-0.0039673,0.041504
0.016479,-0.005188,0.037842
0.014191,-0.005188,0.039063
0.010986,-0.002594,0.036621
0.0099182,0.00061035,0.042725
0.0091553,0.002594,0.039063
0.0099182,0.0027466,0.037842
0.010681,0.0018311,0.041504
0.010834,0.0012207,0.041504
0.013428,0.00030518,0.039063
0.015259,-0.00015259,0.040283
0.0177,0.0019836,0.039063
0.021515,-0.00045776,0.040283
0.023193,-0.00030518,0.042725
0.023041,-0.0015259,0.05127
0.021362,-0.0035095,0.050049
0.018921,-0.0054932,0.05127
0.015564,-0.0082397,0.054932
0.013885,-0.0097656,0.053711
0.01358,-0.01297,3.8342
0.015564,-0.013733,4.8584
0.017395,-0.013275,4.9268
0.018463,-0.01297,4.9255
0.019836,-0.011749,4.9353
0.021515,-0.011902,4.9304
0.022583,-0.013123,4.9316
0.024109,-0.0086975,4.9402
0.027008,-0.0091553,4.9329
0.029144,-0.0065613,4.9365
0.030518,-0.0045776,4.9341
0.030518,-0.0057983,4.9255
0.03006,-0.0073242,4.9377
0.030365,-0.010223,4.9316
0.030365,-0.01236,4.9292
0.03006,-0.012665,4.9304
0.03067,-0.012512,4.9219
0.027618,-0.011597,4.9316
0.028229,-0.0080872,4.9255
0.027618,-0.0094604,4.9243
0.026398,-0.0093079,4.9182
0.025024,-0.010071,4.9194
0.026093,-0.0085449,4.9207
0.02594,-0.0099182,4.9243
0.027771,-0.0080872,4.9158
0.027161,-0.0076294,4.9158
0.027008,-0.0065613,4.9231
0.027924,-0.005188,4.9109
0.024414,-0.0054932,4.9207
0.024109,-0.0021362,4.9084
0.025787,-0.00076294,4.9109
0.027313,0.0010681,4.9109
0.028687,0.00015259,4.9133
0.028992,-0.00076294,4.9084
0.031128,-0.0019836,4.9097
0.033417,-0.00030518,4.9084
0.03418,0.0032043,4.9072
0.036011,0.0050354,4.9084
0.035553,0.0036621,4.9133
0.033112,0.0033569,4.9097
0.029755,0.0022888,4.9158
0.024719,0.0028992,4.9158
0.022736,0.0082397,4.9194
0.020294,0.0094604,4.9316
0.019684,0.010681,4.9219
0.020447,0.0093079,4.9243
0.021057,0.0064087,4.928
0.022125,0.002594,4.9182
0.022736,-0.0016785,4.928
0.022736,-0.0013733,4.9268
0.022736,-0.00091553,4.9316
0.020599,-0.0012207,4.9292
0.018463,-0.0032043,4.9268
0.015717,-0.0028992,4.9329
0.012054,-0.00091553,4.9329
0.0079346,0.00030518,4.9341
0.0056458,0.0018311,4.9292
0.0054932,0.0038147,4.9329
0.0062561,0.0039673,4.9353
0.010376,0.0027466,4.9377
0.015717,0.0033569,4.9353
0.020752,-0.00045776,4.9353
0.023956,-0.0016785,4.9414
0.023346,-0.0022888,4.9329
0.025635,-0.0010681,4.9438
0.025482,0,4.9268
0.023499,0,4.9133
0.022583,0.00030518,4.9194
0.019531,0.0010681,4.9194
0.018158,0.0027466,4.9194
0.016632,0.0047302,4.9194
0.017242,0.0059509,4.9182
0.019073,0.0076294,0.1123
0.020905,0.0091553,0.043945
0.026245,0.0086975,0.043945
0.026245,0.0074768,0.041504
0.027771,0.0061035,0.046387
0.029144,0.0024414,0.041504
0.028687,-0.0013733,0.039063
0.028839,-0.0041199,0.042725
0.026398,-0.0059509,0.041504
0.023499,-0.0079346,0.046387
0.019684,-0.0090027,0.039063
0.016327,-0.009613,0.029297
0.016327,-0.010986,0.041504
0.009613,-0.011597,0.040283
0.010529,-0.010529,0.036621
0.011444,-0.007019,0.043945
0.014038,-0.0045776,0.040283
0.014496,-0.0027466,0.045166
0.021667,-0.0035095,0.046387
0.024567,-0.0067139,0.054932
0.027618,-0.0097656,0.047607
0.030212,-0.010834,0.057373
0.032501,-0.0090027,0.057373
0.034332,-0.0057983,0.063477
0.032654,-0.0024414,0.058594
0.030212,-0.00061035,0.063477
0.028687,-0.00061035,0.064697
0.027771,-0.0016785,0.062256
0.027008,-0.0019836,0.068359
0.027771,-0.0010681,0.061035
0.030518,0.00045776,0.045166
0.030823,0.0027466,0.059814
0.033112,0.0028992,0.063477
0.031433,0.0033569,0.064697
0.032196,0.0048828,0.063477
0.032806,0.0028992,0.062256
0.035095,0.0027466,0.067139
0.036469,0.002594,0.05127
0.034637,0.0028992,0.059814
0.031586,0.0059509,0.058594
0.026093,0.0035095,0.058594
0.02121,0.0035095,0.054932
0.016022,0.0019836,0.056152
0.013275,0.0022888,0.062256
0.010681,0.0013733,0.05127
0.0088501,0.0013733,0.047607
0.0080872,0.00030518,0.047607
0.007019,-0.0010681,0.032959
0.0068665,-0.0028992,0.042725
0.0065613,-0.0061035,0.041504
0.0054932,-0.0074768,0.042725
0.005188,-0.0076294,0.041504
0.0050354,-0.0056458,0.037842
0.005188,-0.0028992,0.039063
0.0035095,-0.0024414,0.037842
0.0033569,-0.0038147,0.039063
0.0019836,-0.0042725,0.037842
0.0019836,-0.0054932,0.043945
0.004425,-0.0039673,0.040283
0.007019,-0.0015259,0.040283
0.0094604,0.0024414,0.037842
0.011597,0.005188,0.043945
0.014496,0.005188,0.047607
0.016174,0.0042725,0.045166
0.017853,0.0010681,0.057373
0.019531,0.00015259,0.045166
0.020905,0.0018311,0.036621
0.022583,0.0062561,0.050049
0.023041,0.012054,0.05249
0.023651,0.016174,0.053711
0.022125,0.017548,0.056152
0.019226,0.015259,0.059814
0.017395,0.012054,0.061035
0.016937,0.010681,0.058594
0.016022,0.011139,0.063477
0.016632,0.01358,0.057373
0.017242,0.015717,0.062256
0.018005,0.015106,0.063477
0.019379,0.012817,3.7268
0.020142,0.0088501,4.8633
0.021362,0.0059509,4.9304
0.021057,0.0054932,4.928
0.019226,0.0065613,4.9353
0.017242,0.0088501,4.9414
0.012817,0.0093079,4.9365
0.0097656,0.010376,4.939
0.0059509,0.0079346,4.9329
0.004425,0.0054932,4.9304
0.004425,0.0041199,4.928
0.0047302,0.0045776,4.928
0.0057983,0.0056458,4.9207
0.0064087,0.0062561,4.9109
0.0068665,0.0064087,4.9194
0.0076294,0.0065613,4.9207
0.0074768,0.0054932,4.9182
0.0067139,0.0045776,4.9255
0.0059509,0.0047302,4.9133
0.0042725,0.005188,4.917
0.0042725,0.0057983,4.928
0.0047302,0.0059509,4.9146
0.0053406,0.0048828,4.9158
0.0073242,0.00045776,4.9109
0.0093079,0.00030518,4.8914
0.012054,-0.0012207,4.9084
0.014343,-0.0016785,4.9109
0.016022,-0.0012207,4.9133
0.016632,-0.00030518,4.9097
0.016937,-0.00076294,4.9048
0.016327,-0.0019836,4.9109
0.014801,-0.0042725,4.9084
0.016327,-0.0050354,4.9109
0.01709,-0.0048828,4.9097
0.018921,-0.004425,4.9207
0.020447,-0.0010681,4.9146
0.021057,-0.00015259,4.9207
0.023346,-0.00061035,4.9207
0.022888,-0.0022888,4.9231
0.025635,-0.005188,4.9158
0.026703,-0.0059509,4.9292
0.025787,-0.0050354,4.9365
0.024261,-0.0033569,4.9304
0.025024,-0.002594,4.9219
0.021057,-0.0024414,4.9292
0.020905,-0.0015259,4.9146
0.020294,-0.0050354,4.928
0.023651,-0.0056458,4.9304
0.025482,-0.0053406,4.9292
0.026855,-0.0039673,4.9329
0.028076,-0.0048828,4.9316
0.028229,-0.0012207,4.9377
0.030365,-0.0028992,4.9316
0.03067,-0.0054932,4.9402
0.031433,-0.0059509,4.9316
0.032043,-0.0073242,4.9329
0.032959,-0.0062561,4.9402
0.032501,-0.002594,4.9304
0.032196,-0.00076294,4.9304
0.032806,-0.0027466,4.9292
0.03067,-0.0024414,4.9121
0.034332,-0.0038147,4.9243
0.036163,-0.0015259,4.9207
0.036469,0.00015259,4.9194
0.036163,0.0024414,4.9207
0.034485,0.0032043,4.9158
0.033112,0.00061035,4.9231
0.031433,-0.0016785,4.9097
0.030823,-0.0048828,4.9146
0.030823,-0.0067139,4.9097
0.032043,-0.0073242,4.9121
0.032196,-0.0064087,4.9146
0.032654,-0.0059509,4.9146
0.030365,-0.00045776,0.039063
0.027466,0.0016785,0.042725
0.027466,0.002594,0.042725
0.025787,0.00076294,0.040283
0.025787,-0.00030518,0.045166
0.026855,-0.0013733,0.037842
0.026703,-0.00091553,0.039063
0.027161,0.00091553,0.039063
0.027618,0.002594,0.039063
0.028229,0.0038147,0.042725
0.029602,0.0030518,0.046387
0.029144,0.0018311,0.045166
0.028992,0.0012207,0.05127
0.027618,0.0016785,0.053711
0.023041,0.0047302,0.05249
0.020447,0.0061035,0.057373
0.018921,0.0061035,0.063477
0.017395,0.0038147,0.059814
0.016022,-0.00045776,0.065918
0.016174,-0.0032043,0.075684
0.019226,-0.0045776,0.061035
0.018463,-0.0022888,0.063477
0.020294,-0.00061035,0.062256
0.022125,-0.00030518,0.047607
0.023956,-0.0012207,0.062256
0.025177,-0.0032043,0.063477
0.026855,-0.0048828,0.062256
0.029297,-0.002594,0.064697
0.030212,0.00045776,0.067139
0.029755,0.0028992,0.067139
0.028229,0.0032043,0.065918
0.02594,-0.0013733,0.064697
0.024719,-0.0067139,0.057373
0.024872,-0.011902,0.061035
0.024109,-0.011749,0.054932
0.023651,-0.0083923,0.056152
0.022583,-0.0038147,0.056152
0.020142,0.0021362,0.05249
0.019379,0.00091553,0.054932
0.019684,-0.0022888,0.050049
0.022736,-0.0045776,0.056152
0.026245,-0.0056458,0.045166
0.028381,-0.0036621,0.053711
0.028687,-0.0062561,0.042725
0.02655,-0.0018311,0.037842
0.023651,-0.0033569,0.040283
0.020752,-0.0057983,0.039063
0.019989,-0.0099182,0.0354
0.021362,-0.010834,0.040283
0.022736,-0.0083923,0.037842
0.022888,-0.0047302,0.043945
0.022583,-0.0013733,0.037842
0.02243,-0.00061035,0.041504
0.026093,-0.0021362,0.042725
0.026245,-0.0015259,0.042725
0.03006,-0.0035095,0.05127
0.033875,-0.0036621,0.041504
0.036316,-0.0022888,0.048828
0.03479,-0.0033569,0.041504
0.033264,-0.0032043,0.039063
0.030212,-0.0019836,0.05127
0.028839,0.0010681,0.050049
0.028992,0.0030518,0.05249
0.028992,0.0041199,0.054932
0.028687,0.0041199,0.054932
0.027313,0.0032043,0.059814
0.025635,0.00076294,0.057373
0.024567,0,0.064697
0.024567,0.00030518,0.054932
0.02594,-0.0010681,0.058594
0.029449,0.00030518,0.064697
0.031738,-0.00076294,0.061035
0.03067,-0.0024414,0.063477
0.029449,-0.0062561,0.061035
0.024872,-0.0041199,0.067139
0.021057,-0.0041199,0.067139
0.016785,-0.0033569,0.068359
0.012817,-0.0041199,2.8943
0.0086975,-0.005188,4.8035
0.0064087,-0.0057983,4.9097
0.004425,-0.0054932,4.9304
0.004425,-0.0039673,4.9255
0.0048828,-0.0016785,4.9243
0.0073242,0.00061035,4.9207
0.011444,0.00061035,4.928
0.014648,-0.00076294,4.9207
0.018311,-0.0030518,4.9194
0.018921,-0.0036621,4.9158
0.016174,-0.0022888,4.9182
0.01236,-0.00076294,4.9268
0.0091553,0.00061035,4.9194
0.0074768,0.00030518,4.9194
0.0080872,-0.00091553,4.9121
0.011597,-0.0027466,4.9072
0.014191,-0.0033569,4.9146
0.016785,-0.0018311,4.895
0.017853,-0.00030518,4.9072
0.018311,0.00030518,4.9097
0.020599,-0.00091553,4.9109
0.022888,-0.0036621,4.9084
0.02533,-0.0061035,4.906
0.025635,-0.007019,4.9109
0.024261,-0.0048828,4.9097
0.023041,-0.00015259,4.9097
0.020599,0.0035095,4.9097
0.020599,0.0057983,4.9194
0.02121,0.0061035,4.9158
0.022583,0.0045776,4.9207
0.023804,0.0028992,4.9194
0.02243,0.0022888,4.9231
0.02121,0.0036621,4.9268
0.018921,0.0050354,4.9304
0.018616,0.0056458,4.9414
0.018768,0.0053406,4.9292
0.019989,0.0048828,4.9207
0.02182,0.0054932,4.9316
0.02121,0.0059509,4.9292
0.019073,0.0062561,4.9304
0.015717,0.0057983,4.9304
0.011292,0.005188,4.9316
0.010376,0.0033569,4.9341
0.010529,0.0041199,4.9365
0.012512,0.0045776,4.9402
0.01358,0.0036621,4.9329
0.01236,0.0030518,4.9377
0.01358,0.0030518,4.9341
0.013275,0.0038147,4.9268
0.014496,0.0045776,4.9402
0.015869,0.0054932,4.9353
0.018158,0.0062561,4.9292
0.019684,0.0062561,4.9255
0.019226,0.0059509,4.9255
0.016785,0.0059509,4.9255
0.012512,0.0059509,4.9182
0.0083923,0.0047302,4.9158
0.0065613,0.0039673,4.9158
0.0073242,0.0024414,4.9194
0.010071,-0.00045776,4.9158
0.011902,-0.0013733,4.9133
0.01297,-0.0012207,4.917
0.01358,0.0016785,4.9097
0.01358,0.0054932,4.9121
0.016022,0.0076294,4.9084
0.019836,0.0076294,4.9146
0.022888,0.0050354,4.9109
0.026093,0.0027466,4.9109
0.026703,0.0019836,4.9243
0.025482,0.0016785,4.9121
0.02243,0.0036621,4.9207
0.020294,0.0036621,4.9097
0.020294,0.0021362,4.8962
0.02121,-0.0038147,0.037842
0.023651,-0.0094604,0.041504
0.022736,-0.015717,0.039063
0.021973,-0.016937,0.043945
0.019531,-0.016632,0.045166
0.018463,-0.013123,0.048828
0.018311,-0.0080872,0.050049
0.020142,-0.0059509,0.054932
0.025024,-0.0036621,0.054932
0.023956,-0.0054932,0.063477
0.024261,-0.0050354,0.062256
0.024414,-0.0021362,0.064697
0.024719,0.0013733,0.075684
0.025787,0.0045776,0.059814
0.028534,0.0068665,0.059814
0.033722,0.0076294,0.062256
0.037689,0.0068665,0.068359
0.040588,0.0053406,0.056152
0.042419,0.0030518,0.045166
0.041046,0.0019836,0.064697
0.039215,0.0013733,0.064697
0.0383,0.0015259,0.061035
0.036469,0.0015259,0.068359
0.037842,0.00030518,0.058594
0.035248,-0.0022888,0.063477
0.033722,-0.005188,0.057373
0.031433,-0.0059509,0.059814
0.028839,-0.0062561,0.056152
0.027771,-0.0065613,0.056152
0.027618,-0.0054932,0.054932
0.028534,-0.01297,0.053711
0.029755,-0.0068665,0.057373
0.027466,-0.0064087,0.05249
0.025635,-0.0042725,0.054932
0.022278,-0.0016785,0.05127
0.020294,0.0018311,0.039063
0.018768,0.0050354,0.042725
0.020599,0.0068665,0.046387
0.023346,0.0073242,0.039063
0.024414,0.0074768,0.040283
0.024109,0.007782,0.037842
0.02655,0.0083923,0.040283
0.025635,0.0082397,0.037842
0.025482,0.0079346,0.042725
0.025635,0.0061035,0.037842
0.027618,0.0032043,0.041504
0.027008,-0.00045776,0.040283
0.024872,-0.0022888,0.042725
0.022736,-0.0022888,0.041504
0.018768,-0.0016785,0.042725
0.016632,-0.00091553,0.043945
0.015717,0.00061035,0.045166
0.017242,0.00076294,0.047607
0.020294,0.00015259,0.05127
0.022125,-0.0010681,0.036621
0.024261,-0.0019836,0.056152
0.021667,-0.0024414,0.056152
0.020294,-0.0019836,0.057373
0.018921,-0.00045776,0.059814
0.019989,0,0.058594
0.021515,-0.00061035,0.065918
0.023499,-0.0024414,0.061035
0.023651,-0.0053406,0.062256
0.023346,-0.0018311,0.061035
0.022888,0.00030518,0.065918
0.022278,0.0030518,0.059814
0.022888,0.004425,0.062256
0.023956,0.0030518,0.076904
0.024872,0.0010681,0.065918
0.025024,-0.0019836,0.063477
0.024109,-0.0041199,0.067139
0.023956,-0.0041199,0.048828
0.023499,-0.0038147,0.061035
0.024261,-0.0036621,0.058594
0.025787,-0.004425,0.059814
0.026398,-0.0068665,0.056152
0.028839,-0.010681,0.05127
0.028687,-0.010223,4.3909
0.028381,-0.014648,4.8853
0.027313,-0.013123,4.9133
0.027161,-0.011444,4.9121
0.028534,-0.0085449,4.9158
0.030975,-0.0073242,4.9182
0.032654,-0.007782,4.9194
0.034332,-0.0090027,4.9133
0.034485,-0.0082397,4.9133
0.034332,-0.0056458,4.9158
0.032959,-0.0041199,4.9146
0.033875,-0.0010681,4.9194
0.0354,-0.0021362,4.9072
0.037079,-0.00076294,4.9109
0.041351,-0.0012207,4.9084
0.042877,-0.00015259,4.9109
0.042725,-0.0010681,4.906
0.041199,-0.00061035,4.9109
0.03891,-0.0012207,4.9084
0.037231,-0.0019836,4.9109
0.034637,-0.0056458,4.9084
0.03067,-0.0038147,4.9219
0.029449,-0.0038147,4.9158
0.024872,-0.004425,4.9194
0.02243,-0.0036621,4.9207
0.022583,-0.0036621,4.9268
0.025177,-0.0028992,4.917
0.030975,-0.0022888,4.9292
0.033875,-0.0019836,4.9304
0.036316,-0.0038147,4.9304
0.036163,-0.0041199,4.9292
0.033417,-0.0019836,4.9341
0.028534,-0.0013733,4.9268
0.022583,-0.00030518,4.9268
0.017548,0.00030518,4.9329
0.012054,-0.0010681,4.9255
0.007782,-0.0033569,4.9341
0.0050354,-0.0042725,4.9304
0.0033569,-0.0062561,4.9377
0.0045776,-0.0032043,4.9341
0.0065613,-0.0010681,4.939
0.011749,0,4.9365
0.015717,-0.00061035,4.9365
0.019531,-0.0021362,4.9329
0.019073,-0.0047302,4.9341
0.017395,-0.0064087,4.9377
0.01358,-0.0064087,4.9255
0.0090027,-0.0048828,4.9304
0.0054932,-0.0035095,4.9231
0.0024414,-0.0033569,4.9121
-0.0015259,-0.0039673,4.917
0.00061035,-0.0054932,4.9182
0.0032043,-0.0074768,4.9207
0.007019,-0.0064087,4.9158
0.011749,-0.0039673,4.9084
0.016022,0.00015259,4.9133
0.019989,0.0054932,4.9109
0.022736,0.007782,4.9121
0.023651,0.0073242,4.9109
0.024261,0.0064087,4.9182
0.023651,0.0053406,4.9109
0.021667,0.0074768,4.9109
0.020447,0.010986,4.9207
0.018768,0.014191,4.9146
0.018158,0.015717,4.9097
0.017242,0.013123,4.9109
0.016632,0.009613,4.8987
0.016327,0.0071716,4.9097
0.016174,0.0068665,4.917
0.016479,0.0086975,4.9158
0.015869,0.012054,4.917
0.016479,0.013275,4.9146
0.017395,0.012665,4.9194
0.01709,0.010071,0.047607
0.017395,0.0065613,0.057373
0.015717,0.0041199,0.053711
0.013885,0.0050354,0.064697
0.012512,0.0082397,0.059814
0.011444,0.011139,0.065918
0.010834,0.012817,0.062256
0.011902,0.011597,0.063477
0.009613,0.010529,0.067139
0.0097656,0.0082397,0.062256
0.011749,0.0071716,0.075684
0.012817,0.010071,0.063477
0.014648,0.013428,0.046387
0.015564,0.016785,0.065918
0.016479,0.017548,0.067139
0.015259,0.015717,0.063477
0.013885,0.011444,0.067139
0.010834,0.0099182,0.062256
0.0082397,0.0079346,0.065918
0.0071716,0.0082397,0.061035
0.0074768,0.0082397,0.062256
0.0083923,0.007782,0.053711
0.009613,0.0064087,0.054932
0.010986,0.0036621,0.054932
0.011749,0.0012207,0.05249
0.013428,-0.00061035,0.053711
0.014648,0,0.050049
0.016785,0.00076294,0.043945
0.017548,0.0022888,0.048828
0.018311,0.004425,0.0354
0.018158,0.0056458,0.045166
0.018158,0.0021362,0.040283
0.019226,0.0036621,0.037842
0.019836,0.0015259,0.039063
0.021515,0.0012207,0.026855
0.022278,0.00091553,0.042725
0.023651,0.0016785,0.037842
0.024109,0.0010681,0.039063
0.024872,-0.00076294,0.036621
0.024414,-0.002594,0.041504
0.028229,-0.0047302,0.042725
0.026855,-0.0048828,0.041504
0.027924,-0.0036621,0.037842
0.028229,0.00015259,0.045166
0.029449,0.0035095,0.050049
0.029602,0.0045776,0.047607
0.031281,0.00030518,0.058594
0.031281,-0.0021362,0.050049
0.031586,-0.0013733,0.036621
0.03006,-0.0018311,0.05249
0.031891,-0.00030518,0.054932
0.031433,0.00061035,0.058594
0.031738,0.00045776,0.058594
0.032043,-0.0016785,0.058594
0.033722,-0.0045776,0.063477
0.032043,-0.0048828,0.05127
0.033722,-0.0036621,0.059814
0.034027,-0.00045776,0.056152
0.03418,0.0010681,0.064697
0.03418,0.0019836,0.061035
0.032806,0.00045776,0.063477
0.033112,-0.0016785,0.076904
0.031586,-0.0021362,0.065918
0.030212,-0.00030518,0.063477
0.029449,0.0012207,0.067139
0.029144,0.0021362,0.06958
0.028839,0.0013733,0.05127
0.028992,0,0.062256
0.029907,-0.0013733,0.056152
0.029755,0.00015259,0.054932
0.03067,0.0027466,0.047607
0.030823,0.0048828,0.05127
0.029297,0.0071716,0.048828
0.030518,0.0048828,0.05127
0.031738,0.0033569,0.043945
0.030823,0.00061035,0.048828
0.031281,0.00030518,0.037842
0.03067,0.00030518,2.8638
0.029755,0.002594,4.7888
0.028229,0.0047302,4.9023
0.027618,0.0028992,4.9194
0.025177,0.0021362,4.9121
0.024414,0.00091553,4.9207
0.022125,0.00091553,4.9084
0.02121,0.00076294,4.8987
0.020905,0.0018311,4.9109
0.02243,0.0016785,4.9097
0.021362,0.0015259,4.9121
0.023041,0,4.9097
0.023651,-0.0016785,4.906
0.024719,-0.0027466,4.9084
0.024719,-0.0015259,4.9084
0.022736,-0.0018311,4.9158
0.02182,-0.0021362,4.9158
0.020447,-0.0030518,4.9194
0.016937,-0.0030518,4.9207
0.016785,-0.004425,4.928
0.01709,-0.0047302,4.9219
0.018768,-0.0042725,4.9329
0.022583,-0.0050354,4.9255
0.022888,-0.0042725,4.9304
0.024719,-0.0036621,4.9402
0.026398,-0.0041199,4.9316
0.028839,-0.004425,4.917
0.030975,-0.0053406,4.928
0.033569,-0.0064087,4.9316
0.03479,-0.0057983,4.9304
0.033264,-0.0047302,4.9329
0.032654,-0.0018311,4.9365
0.031586,-0.00015259,4.939
0.029755,0.0019836,4.9329
0.028687,0.0013733,4.9353
0.027008,-0.0010681,4.9329
0.026703,-0.0027466,4.9353
0.02533,-0.0050354,4.9316
0.024567,-0.0065613,4.9341
0.023193,-0.0080872,4.9414
0.023193,-0.010529,4.928
0.023041,-0.011902,4.9243
0.023041,-0.014496,4.9292
0.024109,-0.014038,4.9011
0.029144,-0.012512,4.9194
0.026093,-0.010834,4.9146
0.026855,-0.0041199,4.9182
0.026245,-0.0057983,4.9146
0.026398,-0.0039673,4.9146
0.028381,-0.0033569,4.9121
0.03067,-0.0015259,4.9109
0.034943,0.00030518,4.9133
0.037231,0.00091553,4.9048
0.039063,0.0028992,4.9109
0.041046,0.0042725,4.9121
0.041656,0.0048828,4.9109
0.043488,0.0053406,4.9097
0.04425,0.0053406,4.9048
0.04303,0.0064087,4.9133
0.041046,0.0068665,4.9133
0.037994,0.0073242,4.9109
0.03418,0.0061035,4.9133
0.029907,0.0053406,4.9023
0.026703,0.0021362,4.9133
0.024872,-0.0010681,4.9146
0.025177,-0.00076294,4.9146
0.025635,0.0016785,4.9219
0.025787,0.0038147,4.9231
0.02655,0.0057983,4.9268
0.026398,0.0041199,4.9268
0.02655,0.00091553,4.9329
0.024719,-0.0016785,4.9292
0.02243,-0.0057983,4.9329
0.019379,-0.0065613,0.062256
0.015717,-0.0053406,0.05249
0.011597,-0.0027466,0.06958
0.010681,0,0.062256
0.0091553,-0.00030518,0.065918
0.0097656,-0.00015259,0.061035
0.011139,-0.00091553,0.057373
0.012817,-0.0015259,0.064697
0.014954,-0.0016785,0.064697
0.0177,-0.0016785,0.065918
0.019836,-0.00015259,0.067139
0.021362,0.00015259,0.059814
0.023651,-0.00015259,0.057373
0.024261,0.0010681,0.059814
0.025635,0.0010681,0.059814
0.02655,0.0021362,0.054932
0.026703,0.0030518,0.056152
0.027313,0.0033569,0.053711
0.025787,0.0033569,0.053711
0.025482,0.0032043,0.048828
0.024109,0.002594,0.050049
0.021973,0.00061035,0.057373
0.02182,-0.00091553,0.045166
0.023041,-0.0019836,0.05127
0.023956,-0.0027466,0.043945
0.023651,-0.0016785,0.029297
0.022583,-0.0010681,0.037842
0.021515,-0.00015259,0.042725
0.019684,0.0022888,0.040283
0.019379,0.0042725,0.037842
0.0177,0.005188,0.036621
0.017548,0.0067139,0.042725
0.016632,0.007782,0.040283
0.014648,0.0083923,0.037842
0.014496,0.0086975,0.039063
0.015259,0.0085449,0.043945
0.015106,0.0073242,0.039063
0.016937,0.0039673,0.045166
0.01709,0.0024414,0.057373
0.017548,0.0028992,0.056152
0.016022,0.0050354,0.05127
0.014343,0.0067139,0.05249
0.014191,0.0073242,0.039063
0.01297,0.0079346,0.053711
0.013123,0.0068665,0.057373
0.014648,0.0061035,0.059814
0.015717,0.0068665,0.062256
0.019073,0.0079346,0.057373
0.019836,0.0073242,0.064697
0.02182,0.0068665,0.062256
0.022583,0.0064087,0.061035
0.02182,0.004425,0.059814
0.018768,0.004425,0.062256
0.017853,0.0059509,0.062256
0.014648,0.0073242,0.063477
0.012817,0.0086975,0.06958
0.01236,0.0083923,0.065918
0.0085449,0.0093079,0.070801
0.007782,0.0091553,0.064697
0.009613,0.0065613,0.080566
0.012054,0.0059509,0.059814
0.015869,0.0068665,0.045166
0.019073,0.0042725,0.057373
0.021362,0.00076294,0.057373
0.020752,-0.0024414,0.047607
0.020599,-0.0038147,0.05127
0.019379,-0.0021362,0.042725
0.019073,0.00045776,0.048828
0.018616,0.0032043,0.045166
0.020599,0.0024414,0.048828
0.021973,0.0053406,0.042725
0.024261,0.00015259,0.045166
0.027008,-0.0019836,0.041504
0.029755,-0.0033569,0.043945
0.031586,-0.0036621,0.042725
0.034485,-0.0047302,0.040283
0.035858,-0.0048828,0.032959
0.035553,-0.005188,0.073242
0.033569,-0.0061035,4.6069
0.031738,-0.0065613,4.8865
0.028076,-0.0053406,4.9036
0.025482,-0.00076294,4.906
0.023346,-0.0028992,4.9084
0.024261,-0.0018311,4.9109
0.020294,-0.00091553,4.9097
0.026703,0.0022888,4.9109
0.027771,0.00015259,4.9255
0.030365,-0.00091553,4.9182
0.032501,-0.0015259,4.9194
0.034943,-0.0021362,4.9194
0.041351,-0.0032043,4.9255
0.0383,-0.0013733,4.9243
0.036774,0.00015259,4.9304
0.036316,0.0021362,4.9377
0.032196,0.0033569,4.9329
0.029144,0.0036621,4.939
0.028381,0.0010681,4.9329
0.027466,-0.0019836,4.9109
0.028839,-0.0028992,4.9292
0.027313,-0.0028992,4.9316
0.028992,-0.0012207,4.9304
0.028992,0.0012207,4.9316
0.028839,0.0024414,4.9109
0.028839,0.0042725,4.9365
0.027771,0.0022888,4.9353
0.027008,0.0012207,4.9353
0.02594,0.00015259,4.9329
0.022888,0.00061035,4.9341
0.019836,0.0015259,4.9341
0.0177,0.0021362,4.9316
0.015564,0.0032043,4.9329
0.017242,0.0054932,4.9255
0.019836,0.0039673,4.9109
0.023193,0.004425,4.9243
0.023651,0.0061035,4.9231
0.025024,0.0062561,4.9158
0.023956,0.0053406,4.9146
0.025482,0.0076294,4.9158
0.025787,0.0042725,4.9219
0.025482,0.004425,4.9146
0.025177,0.0073242,4.9109
0.023651,0.0065613,4.9109
0.022278,0.0059509,4.9121
0.02121,0.0073242,4.906
0.020905,0.0042725,4.9121
0.02121,0.0027466,4.9097
0.023956,0.0021362,4.9121
0.024261,0.0010681,4.9084
0.023956,0.00015259,4.9121
0.023346,-0.0018311,4.9194
0.02243,-0.0047302,4.9109
0.021667,-0.0073242,4.9194
0.019989,-0.010681,4.9097
0.019226,-0.011139,4.9036
0.018616,-0.009613,4.9158
0.0177,-0.0068665,4.9158
0.016479,-0.0050354,4.917
0.016022,-0.0028992,4.9231
0.016632,-0.00091553,4.9231
0.018463,0,4.9292
0.021057,0.0012207,4.9255
0.023804,0.0015259,4.9329
0.026398,0.002594,4.9292
0.027924,0.0021362,4.9316
0.029602,0.0013733,4.9329
0.028534,-0.00045776,4.9329
0.027924,-0.0027466,4.9341
0.02655,-0.0057983,4.9329
0.02243,-0.0085449,4.9316
0.019531,-0.0099182,4.9341
0.0177,-0.012207,0.073242
0.015411,-0.01358,0.067139
0.014343,-0.015411,0.056152
0.013733,-0.016632,0.064697
0.01236,-0.01709,0.067139
0.012512,-0.014954,0.063477
0.015411,-0.018921,0.062256
0.019989,-0.018616,0.057373
0.023499,-0.016632,0.058594
0.026093,-0.01358,0.053711
0.027466,-0.0099182,0.054932
0.027466,-0.0028992,0.05249
0.027466,0.00015259,0.053711
0.029755,0.0021362,0.045166
0.031891,0.0024414,0.048828
0.035095,0.0039673,0.061035
0.038452,0.0045776,0.045166
0.042877,0.0057983,0.05249
0.041504,0.0059509,0.043945
0.042419,0.0027466,0.026855
0.039063,0.0027466,0.036621
0.041351,0.0013733,0.042725
0.039978,0.0021362,0.040283
0.036316,0.0035095,0.041504
0.032959,0.0050354,0.032959
0.028992,0.0042725,0.042725
0.025635,0.00091553,0.040283
0.023346,-0.0036621,0.039063
0.022125,-0.0071716,0.037842
0.02182,-0.010071,0.040283
0.022125,-0.010529,0.042725
0.02182,-0.010071,0.045166
0.02243,-0.0083923,0.050049
0.020294,-0.007019,0.050049
0.018158,-0.0050354,0.05127
0.016022,-0.0012207,0.05249
0.015106,0.0010681,0.059814
0.014648,0.0030518,0.054932
0.015106,0.0041199,0.047607
0.016327,0.0042725,0.059814
0.017242,0.0068665,0.061035
0.018921,0.007782,0.057373
0.019379,0.0082397,0.064697
0.020752,0.0074768,0.058594
0.022125,0.0057983,0.063477
0.022888,0.0041199,0.059814
0.023041,0.0038147,0.062256
0.021973,0.0035095,0.061035
0.019836,0.0041199,0.064697
0.016632,0.0035095,0.065918
0.013733,0.0024414,0.068359
0.01358,0.0019836,0.074463
0.016022,0.0024414,0.064697
0.019379,0.0022888,0.067139
0.02182,0.0030518,0.061035
0.022278,0.0032043,0.048828
0.02182,0.0022888,0.056152
0.020294,0.0028992,0.054932
0.019073,0.0030518,0.050049
0.018616,0.0028992,0.053711
0.017853,0.0042725,0.046387
0.016174,0.005188,0.050049
0.013428,0.0071716,0.041504
0.011139,0.0093079,0.048828
0.007019,0.012512,0.040283
0.0091553,0.016174,0.045166
0.011292,0.020142,0.045166
0.014496,0.021362,0.042725
0.016937,0.020905,0.037842
0.018158,0.018463,0.042725
0.016937,0.017395,0.042725
0.014801,0.015564,0.040283
0.012665,0.013885,0.041504
0.010376,0.013275,0.040283
0.0080872,0.012207,0.037842
0.0061035,0.010834,0.037842
0.0033569,0.0093079,0.040283
0.0022888,0.0074768,0.039063
-0.00030518,0.0071716,4.5325
-0.00015259,0.0057983,4.8816
0.0012207,0.0062561,4.9121
0.004425,0.0053406,4.9146
0.0074768,0.0057983,4.9194
0.0097656,0.0062561,4.9207
0.012665,0.0082397,4.9255
0.012207,0.010681,4.9243
0.010529,0.011597,4.9304
0.009613,0.013123,4.9426
0.0080872,0.014038,4.9316
0.007019,0.014801,4.9341
0.007019,0.01709,4.9329
0.0088501,0.016022,4.9231
0.010681,0.018005,4.9304
0.011749,0.0177,4.9316
0.013123,0.014801,4.9329
0.016174,0.012817,4.9329
0.019073,0.010529,4.9304
0.021667,0.0097656,4.9377
0.022583,0.010681,4.9365
0.023193,0.0093079,4.9365
0.02121,0.010223,4.9304
0.019226,0.0086975,4.9353
0.017853,0.005188,4.9329
0.018616,0.0027466,4.9316
0.020142,0.0015259,4.9304
0.023499,0.0022888,4.9292
0.023651,0.0047302,4.9304
0.02655,0.0076294,4.9231
0.027924,0.0073242,4.9329
0.029755,0.009613,4.9158
0.032196,0.010071,4.9194
0.034027,0.0086975,4.9146
0.034027,0.0080872,4.9158
0.031433,0.007782,4.9133
0.028229,0.0071716,4.9133
0.023804,0.0065613,4.9109
0.020599,0.0042725,4.9121
0.018158,0.0039673,4.9084
0.016479,0.0028992,4.9097
0.015106,0.0022888,4.9036
0.01358,0.0021362,4.9097
0.014038,0.0015259,4.9084
0.015411,0.0022888,4.9133
0.018005,0.00030518,4.9036
0.021362,-0.0027466,4.9109
0.024719,-0.0048828,4.9121
0.027313,-0.0061035,4.9146
0.029907,-0.0064087,4.9048
0.03067,-0.0054932,4.9182
0.032654,-0.0050354,4.9158
0.031738,-0.0042725,4.9146
0.030975,-0.0054932,4.9182
0.031281,-0.0039673,4.9207
0.032959,-0.0016785,4.9219
0.033722,0.0010681,4.9207
0.036316,0.005188,4.9316
0.036316,0.011597,4.9292
0.035858,0.014191,4.9329
0.034485,0.013428,4.9292
0.034332,0.0099182,4.9353
0.034027,0.0035095,4.9292
0.033569,-0.0010681,4.9316
0.032806,-0.0016785,4.9353
0.030975,0.0012207,4.9329
0.029449,0.0057983,4.9304
0.026093,0.0090027,4.9353
0.024414,0.0088501,4.9194
0.024109,0.0053406,4.9341
0.024414,0.0021362,4.9341
0.024872,0.0015259,4.9329
0.026398,0.0047302,0.063477
0.027618,0.0085449,0.058594
0.027008,0.010071,0.05249
0.026855,0.0085449,0.054932
0.028076,0.0042725,0.056152
0.03006,0.00061035,0.050049
0.031891,-0.00076294,0.053711
0.031281,0.0024414,0.046387
0.029449,0.0064087,0.046387
0.02594,0.0099182,0.057373
0.024109,0.011749,0.046387
0.024567,0.011749,0.043945
0.024261,0.011749,0.042725
0.02594,0.010529,0.024414
0.02655,0.0093079,0.03418
0.026398,0.007019,0.039063
0.026093,0.0028992,0.039063
0.022888,-0.0013733,0.037842
0.022736,-0.0056458,0.039063
0.02243,-0.0082397,0.037842
0.02243,-0.010986,0.0354
0.021515,-0.011139,0.041504
0.018158,-0.010834,0.036621
0.015869,-0.011139,0.045166
0.013428,-0.0090027,0.040283
0.013733,-0.007019,0.047607
0.019989,-0.0047302,0.045166
0.022278,-0.0019836,0.046387
0.02594,0.0019836,0.05249
0.030365,0.0047302,0.05249
0.033875,0.0061035,0.065918
0.036621,0.0064087,0.056152
0.040894,0.0065613,0.047607
0.04364,0.0042725,0.061035
0.044098,0.0035095,0.061035
0.042114,0.0021362,0.058594
0.036469,0.00045776,0.062256
0.028381,-0.002594,0.058594
0.021362,-0.0047302,0.061035
0.014038,-0.009613,0.061035
0.009613,-0.014038,0.063477
0.0088501,-0.018768,0.059814
0.0076294,-0.022125,0.064697
0.0079346,-0.021667,0.064697
0.0097656,-0.020905,0.065918
0.011292,-0.018616,0.073242
0.01358,-0.01709,0.064697
0.016937,-0.013123,0.063477
0.020752,-0.0094604,0.064697
0.024261,-0.00091553,0.061035
0.027618,0.00061035,0.056152
0.029144,0.0045776,0.05249
0.029907,0.0071716,0.048828
0.030518,0.0082397,0.050049
0.031586,0.0071716,0.047607
0.03479,0.0056458,0.047607
0.03891,0.0053406,0.0354
0.041656,0.0019836,0.046387
0.043488,0.00061035,0.041504
0.042114,0.00015259,0.043945
0.039368,-0.00015259,0.046387
0.037537,-0.00030518,0.043945
0.035553,0.00061035,0.040283
0.032959,0.00015259,0.039063
0.032196,0,0.053711
0.028229,-0.0027466,0.041504
0.024719,-0.0041199,0.050049
0.020905,-0.007019,0.041504
0.019226,-0.0091553,0.025635
0.018921,-0.009613,0.036621
0.019684,-0.0099182,0.039063
0.019836,-0.010376,0.041504
0.018311,-0.009613,0.042725
0.017242,-0.0085449,0.041504
0.015869,-0.004425,0.046387
0.016785,0.00076294,0.046387
0.017395,0.0048828,0.05249
0.018921,0.0068665,0.05249
0.020599,0.0065613,4.3665
0.022125,0.0039673,4.8865
0.02182,0.0012207,4.9255
0.021515,0.0018311,4.939
0.021362,0.0035095,4.9304
0.020599,0.0027466,4.9304
0.020599,0.00076294,4.9316
0.019989,-0.0035095,4.9365
0.019989,-0.0057983,4.9316
0.018463,-0.0057983,4.9329
0.017395,-0.0028992,4.9316
0.016174,0.0018311,4.9292
0.016022,0.0050354,4.9304
0.015564,0.0032043,4.9414
0.016785,-0.0016785,4.9304
0.017853,-0.0068665,4.939
0.02243,-0.0085449,4.9304
0.024567,-0.0080872,4.9365
0.023804,-0.0045776,4.928
0.022583,-0.0019836,4.9304
0.019531,-0.0016785,4.9268
0.01709,-0.0028992,4.9255
0.016479,-0.0041199,4.9341
0.015259,-0.0027466,4.9231
0.014954,0.00030518,4.9243
0.01358,0.0038147,4.9219
0.013123,0.0083923,4.8962
0.012665,0.0094604,4.9146
0.013733,0.0088501,4.9133
0.015411,0.0076294,4.9109
0.017853,0.0059509,4.9133
0.019836,0.0056458,4.9133
0.019836,0.0050354,4.9084
0.018158,0.0048828,4.9097
0.016022,0.0039673,4.9109
0.013428,0.0024414,4.9072
0.012207,0.0015259,4.9133
0.011444,0.0010681,4.9097
0.013885,0.0013733,4.9133
0.015411,0.0019836,4.9072
0.01709,0.0030518,4.9121
0.018158,0.0056458,4.9097
0.018768,0.0067139,4.9146
0.020294,0.0079346,4.9194
0.020599,0.0080872,4.9158
0.021057,0.0085449,4.9121
0.020294,0.0088501,4.9207
0.017548,0.0083923,4.9231
0.01358,0.0088501,4.9255
0.010223,0.0079346,4.9268
0.0074768,0.0082397,4.928
0.0068665,0.0057983,4.9329
0.0065613,0.0053406,4.9292
0.0064087,0.0042725,4.9316
0.0071716,0.0032043,4.928
0.0071716,0.0027466,4.9341
0.0085449,0.0033569,4.9304
0.0083923,0.0028992,4.9304
0.0097656,0.0028992,4.9426
0.010834,0.0028992,4.9341
0.010986,0.0030518,4.9365
0.014954,0.0041199,4.9402
0.015106,0.0045776,4.9231
0.016632,0.0074768,4.9341
0.01709,0.0088501,4.9341
0.019684,0.0090027,4.9329
0.02243,0.0079346,4.9292
0.02655,0.0097656,4.9268
0.028381,0.0036621,4.9207
0.028992,0.0041199,4.9255
0.029297,0.0035095,4.9231
0.027618,0.0039673,0.048828
0.027313,0.0048828,0.047607
0.026398,0.0054932,0.046387
0.025482,0.004425,0.05249
0.025024,0.0010681,0.047607
0.024109,0.0012207,0.042725
0.023499,0.0012207,0.050049
0.019836,0.0027466,0.043945
0.016632,0.0042725,0.047607
0.016327,0.0039673,0.037842
0.018158,0.0032043,0.029297
0.020447,0.0010681,0.031738
0.023041,-0.0010681,0.040283
0.023956,-0.00015259,0.040283
0.023346,-0.0015259,0.040283
0.02243,0.00045776,0.039063
0.02243,0.0024414,0.039063
0.023193,0.0047302,0.039063
0.026093,0.0074768,0.043945
0.028381,0.0050354,0.041504
0.028687,0.0036621,0.046387
0.028229,0.0018311,0.050049
0.026093,0.0021362,0.050049
0.02655,0.0039673,0.064697
0.027618,0.0061035,0.057373
0.029755,0.0064087,0.063477
0.032349,0.0042725,0.058594
0.031586,0.00091553,0.056152
0.029297,-0.0021362,0.061035
0.026245,-0.0041199,0.059814
0.022736,-0.0033569,0.061035
0.02121,0.00076294,0.062256
0.019531,0.0041199,0.057373
0.019836,0.0065613,0.061035
0.020294,0.0042725,0.061035
0.018768,0.0035095,0.065918
0.018311,-0.00045776,0.061035
0.017548,0.00015259,0.065918
0.019836,0.0030518,0.068359
0.022583,0.0062561,0.067139
0.026703,0.0085449,0.064697
0.027161,0.0086975,0.065918
0.028992,0.0074768,0.067139
0.03006,0.0065613,0.059814
0.026245,0.007782,0.065918
0.023956,0.010071,0.054932
0.022736,0.01297,0.043945
0.023499,0.014191,0.047607
0.022736,0.012665,0.050049
0.025177,0.0090027,0.047607
0.024261,0.0048828,0.046387
0.023499,0.0018311,0.041504
0.022583,0.0013733,0.046387
0.022583,0.002594,0.042725
0.023193,0.0038147,0.042725
0.023346,0.0015259,0.040283
0.022583,-0.00015259,0.042725
0.020752,-0.0024414,0.040283
0.021362,-0.0056458,0.041504
0.01709,-0.0057983,0.048828
0.01709,-0.0045776,0.040283
0.018463,-0.0027466,0.040283
0.019989,-0.0015259,0.040283
0.02243,-0.0015259,0.023193
0.022278,-0.0038147,0.0354
0.023346,-0.0061035,0.031738
0.021973,-0.0082397,0.040283
0.021973,-0.0073242,0.042725
0.02243,-0.0061035,0.042725
0.022736,-0.0035095,0.047607
0.022736,-0.0010681,0.048828
0.022583,-0.0016785,0.05127
0.022278,-0.0035095,0.050049
0.022736,-0.0048828,0.059814
0.020752,-0.004425,0.05249
0.020599,-0.0039673,0.058594
0.021515,-0.004425,0.058594
0.021667,-0.0068665,0.063477
0.025635,-0.011902,1.6626
0.026855,-0.015259,4.74
0.027161,-0.016479,4.9255
0.027313,-0.012665,4.9292
0.025635,-0.0082397,4.9194
0.025635,-0.0057983,4.9316
0.024109,-0.004425,4.9377
0.022583,-0.0067139,4.9231
0.020142,-0.0057983,4.9365
0.018158,-0.0041199,4.9329
0.019684,-0.002594,4.9329
0.020142,-0.0013733,4.9329
0.02243,-0.0027466,4.9329
0.024872,-0.0032043,4.9268
0.028381,-0.0047302,4.928
0.032196,-0.0065613,4.9268
0.032196,-0.0056458,4.9268
0.032501,-0.0048828,4.9255
0.029907,-0.0036621,4.9268
0.027924,-0.0013733,4.9158
0.025787,0,4.9207
0.024719,0.0059509,4.9158
0.024567,0.0030518,4.9146
0.023956,0.0012207,4.9097
0.024109,-0.00061035,4.9121
0.023651,-0.002594,4.9109
0.022888,-0.0038147,4.9109
0.022278,-0.0036621,4.9109
0.023956,-0.0027466,4.9011
0.025024,-0.00061035,4.9097
0.023651,-0.00076294,4.9072
0.02121,-0.0019836,4.9084
0.016632,-0.0047302,4.9097
0.013885,-0.0057983,4.9121
0.010834,-0.005188,4.9084
0.010223,-0.0028992,4.9133
0.011902,-0.00045776,4.9243
0.013275,0.00045776,4.9146
0.014496,0.00076294,4.9231
0.014038,-0.0016785,4.9207
0.014038,-0.0036621,4.9036
0.014191,-0.0022888,4.9182
0.014496,-0.0012207,4.9207
0.015259,0.0016785,4.9268
0.015106,0.0041199,4.9268
0.014954,0.0039673,4.9255
0.014648,0.0041199,4.9316
0.014801,0.0035095,4.9316
0.016327,0.0042725,4.9329
0.017853,0.0048828,4.928
0.020599,0.0035095,4.9341
0.022888,0.0032043,4.9304
0.023956,0.0021362,4.9341
0.023651,0.00076294,4.9402
0.022125,0.002594,4.9377
0.019836,0.002594,4.9341
0.017395,0.0033569,4.939
0.015717,0.0033569,4.9451
0.016174,0.0045776,4.9353
0.016785,0.0067139,4.9097
0.018463,0.007782,4.9304
0.019073,0.0082397,4.9255
0.019531,0.0082397,4.9268
0.019684,0.0097656,4.928
0.019226,0.01297,4.9231
0.018005,0.015717,4.9194
0.017395,0.01709,4.9207
0.015106,0.015869,4.9207
0.01236,0.011749,4.9194
0.007782,0.0080872,4.9182
0.0057983,0.0067139,4.917
0.0028992,0.0079346,4.9207
0.0027466,0.0086975,0.053711
0.0027466,0.0083923,0.041504
0.0032043,0.0053406,0.05127
0.0036621,0.0024414,0.040283
0.0064087,0.00091553,0.032959
0.0074768,0.0022888,0.040283
0.0085449,0.0067139,0.040283
0.010376,0.010834,0.039063
0.010834,0.01358,0.031738
0.010071,0.013428,0.036621
0.0082397,0.010376,0.041504
0.0062561,0.0085449,0.039063
0.0039673,0.0059509,0.043945
0.0030518,0.0048828,0.040283
0.0019836,0.0057983,0.045166
0.0018311,0.0059509,0.05127
0.0022888,0.0079346,0.05127
0.0047302,0.0091553,0.05127
0.007782,0.011139,0.054932
0.011902,0.013428,0.054932
0.016022,0.013123,0.058594
0.018921,0.014496,0.062256
0.021515,0.016174,0.063477
0.023193,0.013428,0.05127
0.023804,0.017853,0.059814
0.023956,0.017853,0.062256
0.02182,0.01709,0.062256
0.018616,0.014343,0.061035
0.013123,0.011902,0.058594
0.015564,0.010223,0.063477
0.016479,0.0090027,0.059814
0.018311,0.0086975,0.067139
0.020142,0.0094604,0.065918
0.02243,0.0068665,0.068359
0.02243,0.0010681,0.062256
0.02243,0.0018311,0.065918
0.022278,0.0010681,0.075684
0.019379,0.0027466,0.058594
0.017242,0.0047302,0.056152
0.016479,0.0048828,0.056152
0.013123,0.004425,0.032959
0.010681,0.00045776,0.050049
0.010834,-0.0036621,0.042725
0.0085449,-0.0048828,0.046387
0.011139,-0.0013733,0.046387
0.014496,-0.0038147,0.042725
0.0177,-0.00015259,0.046387
0.019989,-0.00015259,0.043945
0.021667,-0.00076294,0.043945
0.022736,-0.0016785,0.037842
0.02182,-0.00030518,0.043945
0.020447,0.0016785,0.042725
0.019836,0.0033569,0.041504
0.019379,0.0028992,0.041504
0.022125,0.00076294,0.041504
0.02182,-0.0016785,0.039063
0.023956,-0.0042725,0.040283
0.024719,-0.0053406,0.042725
0.027313,-0.0038147,0.037842
0.028687,-0.0032043,0.031738
0.033264,-0.00061035,0.043945
0.03067,-0.00015259,0.041504
0.029755,-0.00045776,0.046387
0.027924,-0.00091553,0.0354
0.025787,-0.002594,0.047607
0.027313,0.00015259,0.05249
0.02243,0.0012207,0.05249
0.020599,-0.00061035,0.057373
0.020599,0.0019836,0.058594
0.02121,0.0018311,0.061035
0.021667,0.0019836,0.063477
0.022736,0.0018311,0.064697
0.024261,-0.0027466,0.06958
0.02533,0.00045776,0.063477
0.024872,0.00015259,0.064697
0.026398,0.00091553,0.058594
0.026703,0.0018311,0.058594
0.026245,0.0027466,0.063477
0.025024,0.002594,4.4836
0.023804,0.0027466,4.8987
0.021057,0.0010681,4.9316
0.021362,0.0015259,4.9329
0.022278,0.0016785,4.9329
0.023651,0.0027466,4.9304
0.02533,0.0027466,4.9329
0.02594,0.0013733,4.9182
0.026703,-0.00015259,4.9292
0.026245,-0.0013733,4.9231
0.027313,-0.00061035,4.9243
0.02594,-0.0016785,4.9207
0.029602,0.0033569,4.9243
0.030212,0.0042725,4.928
0.029755,0.0035095,4.9207
0.028839,0.00076294,4.9268
0.027008,-0.0013733,4.9146
0.025482,-0.0028992,4.8865
0.023651,-0.0036621,4.9097
0.023041,-0.0028992,4.9084
0.022278,-0.0030518,4.9097
0.020447,-0.0028992,4.9097
0.019379,-0.0050354,4.9097
0.018921,-0.0059509,4.9109
0.020447,-0.0054932,4.9084
0.021973,-0.0033569,4.9097
0.025787,0.0018311,4.9072
0.026855,0.0057983,4.9109
0.03006,0.0080872,4.8987
0.029602,0.0073242,4.9146
0.031891,0.0048828,4.9207
0.034485,0.004425,4.9146
0.03067,0.0018311,4.9268
0.029144,0.00076294,4.9194
0.024414,0.0032043,4.9133
0.021515,0.0022888,4.9207
0.019836,0.0010681,4.9121
0.018463,-0.002594,4.9243
0.019379,-0.0057983,4.9231
0.019836,-0.007782,4.9243
0.020447,-0.0082397,4.9304
0.021667,-0.0076294,4.9316
0.021362,-0.0083923,4.9304
0.02243,-0.0091553,4.928
0.022888,-0.010834,4.9341
0.022736,-0.011749,4.9304
0.024719,-0.012054,4.9341
0.020599,-0.010071,4.9329
0.019379,-0.0071716,4.9353
0.018311,-0.0059509,4.9475
0.018616,-0.0047302,4.9353
0.019684,-0.004425,4.9438
0.023346,-0.0042725,4.9341
0.027008,0.00076294,4.9207
0.030518,0.0016785,4.9316
0.032196,0.004425,4.9194
0.032349,0.0048828,4.9255
0.033417,0.0041199,4.928
0.034027,0.0036621,4.9219
0.03479,0.0042725,4.9231
0.03479,0.0061035,4.9036
0.032043,0.0059509,4.9207
0.028687,0.0042725,4.917
0.025482,0.0027466,4.9158
0.023041,0,4.9194
0.02243,-0.00061035,4.9182
0.022888,-0.00015259,4.917
0.022888,0.0021362,4.9133
0.025787,0.0030518,4.9109
0.024109,0.0021362,4.9109
0.023193,0.00045776,4.9048
0.022736,-0.00015259,4.906
0.023041,0.00015259,0.036621
0.022736,0.0012207,0.03418
0.02182,0.00045776,0.040283
0.018158,0.00091553,0.040283
0.013885,-0.0027466,0.039063
0.010376,-0.005188,0.040283
0.0091553,-0.0056458,0.045166
0.0048828,-0.0048828,0.042725
0.0042725,-0.0028992,0.045166
0.0042725,-0.0015259,0.05127
0.0061035,-0.0032043,0.05127
0.0085449,-0.0068665,0.050049
0.011139,-0.0093079,0.057373
0.01297,-0.0086975,0.065918
0.016479,-0.0053406,0.058594
0.018158,-0.0012207,0.06958
0.019684,0.00030518,0.062256
0.020752,-0.00091553,0.045166
0.020599,-0.0027466,0.058594
0.020599,-0.0033569,0.063477
0.018616,-0.0027466,0.059814
0.019989,0.0015259,0.062256
0.016937,0.0032043,0.059814
0.017242,0.0036621,0.063477
0.016022,0.0024414,0.063477
0.016479,0,0.065918
0.015259,0.00076294,0.062256
0.015411,0.0030518,0.06958
0.014496,0.0064087,0.064697
0.014496,0.0064087,0.065918
0.014954,0.0065613,0.072021
0.015106,0.0042725,0.058594
0.014038,0.0019836,0.057373
0.013428,0.0027466,0.056152
0.011597,0.0048828,0.05249
0.009613,0.0071716,0.05127
0.0080872,0.007782,0.047607
0.0064087,0.0054932,0.047607
0.005188,0.0036621,0.047607
0.0042725,0.0021362,0.043945
0.0021362,0.0036621,0.045166
0.0042725,0.0059509,0.042725
0.0047302,0.0064087,0.042725
0.0059509,0.0050354,0.039063
0.0062561,0.0016785,0.042725
0.0074768,-0.00015259,0.039063
0.0076294,0.00030518,0.040283
0.0086975,0.0021362,0.040283
0.0085449,0.0048828,0.041504
0.009613,0.0057983,0.05249
0.009613,0.0047302,0.041504
0.011597,0.0030518,0.050049
0.01236,0.002594,0.0354
0.013885,0.0027466,0.030518
0.014191,0.0050354,0.045166
0.014343,0.0057983,0.041504
0.014801,0.0039673,0.041504
0.015411,0.0016785,0.046387
0.016022,-0.0013733,0.045166
0.016632,-0.0027466,0.05249
0.016327,-0.002594,0.05249
0.01709,-0.0010681,0.058594
0.016479,0.00015259,0.05249
0.016174,0.00061035,0.063477
0.0177,0.0019836,0.065918
0.018158,0.0035095,0.063477
0.021515,0.0053406,0.064697
0.023041,0.007782,0.063477
0.024109,0.009613,0.061035
0.024414,0.0059509,0.059814
0.023651,0.0094604,0.06958
0.025177,0.0071716,0.061035
0.025024,0.0057983,0.048828
0.02655,0.0016785,0.058594
0.026093,0.0035095,0.067139
0.027008,0.0035095,0.064697
0.025024,0.0027466,0.065918
0.023346,0.0012207,0.059814
0.022125,-0.00091553,4.4446
0.02182,-0.0018311,4.8938
0.021057,-0.0030518,4.9255
0.020294,-0.0054932,4.9207
0.018768,-0.0082397,4.9243
0.016937,-0.010681,4.9194
0.014496,-0.012817,4.9255
0.015259,-0.011902,4.9292
0.015106,-0.0093079,4.9194
0.015564,-0.0050354,4.9158
0.017395,-0.004425,4.9146
0.019073,-0.00030518,4.8743
0.020752,-0.00076294,4.9109
0.023499,-0.0016785,4.9146
0.025177,-0.0024414,4.9097
0.027161,-0.0019836,4.9109
0.03006,0.0018311,4.9109
0.031586,-0.00030518,4.9133
0.032501,-0.0018311,4.9097
0.032196,-0.0048828,4.9097
0.032349,-0.0067139,4.906
0.030365,-0.0094604,4.9121
0.028839,-0.0099182,4.9097
0.027924,-0.0088501,4.9121
0.025787,-0.0054932,4.9097
0.026245,-0.004425,4.9158
0.025024,-0.0045776,4.9121
0.028229,-0.0064087,4.9194
0.028687,-0.009613,4.9268
0.029144,-0.0091553,4.9207
0.029449,-0.009613,4.9121
0.028839,-0.0041199,4.9231
0.024414,-0.00030518,4.928
0.027924,0.0033569,4.928
0.02655,0.0061035,4.9304
0.023956,0.0064087,4.928
0.021973,0.005188,4.9329
0.020905,0.0059509,4.9292
0.021973,0.005188,4.9231
0.022583,0.0039673,4.9268
0.024567,0.0039673,4.9329
0.025177,0.0032043,4.9304
0.024872,0.0010681,4.9341
0.023804,0.0018311,4.9219
0.022125,0.0024414,4.939
0.02121,0.0039673,4.9377
0.019531,0.0047302,4.9353
0.015717,0.002594,4.928
0.017242,-0.0021362,4.9292
0.015564,-0.0057983,4.928
0.015869,-0.0076294,4.9255
0.014801,-0.0079346,4.9255
0.01709,-0.0071716,4.9219
0.019073,-0.0056458,4.9243
0.020599,-0.005188,4.9182
0.022125,-0.0050354,4.9219
0.02182,-0.0064087,4.9146
0.020447,-0.0068665,4.917
0.018616,-0.0071716,4.9182
0.017395,-0.0062561,4.9182
0.017395,-0.004425,4.9109
0.016479,-0.0054932,4.9133
0.015106,-0.0086975,4.9194
0.011749,-0.011597,4.9109
0.015106,-0.014954,4.9243
0.014496,-0.016022,4.9121
0.016022,-0.014801,4.9084
0.019073,-0.011292,4.9097
0.021667,-0.0074768,4.9097
0.024109,-0.0050354,4.9109
0.025787,-0.007019,4.9072
0.027008,-0.0062561,4.9048
0.027008,-0.0074768,4.9109
0.029755,-0.0086975,0.040283
0.028992,-0.0068665,0.045166
0.028687,-0.0042725,0.046387
0.027771,-0.0032043,0.050049
0.028229,-0.002594,0.048828
0.02533,-0.0019836,0.053711
0.026093,-0.0015259,0.070801
0.026703,-0.0013733,0.05127
0.026398,-0.0012207,0.059814
0.029602,-0.0028992,0.061035
0.030823,-0.0065613,0.05249
0.032043,-0.010071,0.061035
0.031433,-0.010986,0.059814
0.027618,-0.0090027,0.062256
0.024872,-0.0059509,0.061035
0.018768,-0.0024414,0.057373
0.014191,-0.0010681,0.065918
0.011292,-0.00076294,0.065918
0.0085449,0.00030518,0.063477
0.0076294,-0.004425,0.063477
0.0086975,-0.0065613,0.068359
0.010834,-0.010529,0.065918
0.016479,-0.010071,0.064697
0.021667,-0.010986,0.06958
0.027618,-0.0090027,0.061035
0.028839,-0.0067139,0.063477
0.030365,-0.0036621,0.057373
0.029755,-0.00091553,0.06958
0.027924,-0.00015259,0.05127
0.024872,-0.0022888,0.036621
0.023041,-0.0042725,0.048828
0.020447,-0.0065613,0.047607
0.018616,-0.0073242,0.045166
0.018005,-0.0065613,0.046387
0.01709,-0.0054932,0.042725
0.0177,-0.0019836,0.043945
0.018616,-0.00061035,0.040283
0.019989,0.00015259,0.041504
0.021515,0.00091553,0.037842
0.022736,0.0039673,0.040283
0.023956,0.0074768,0.03418
0.024719,0.0099182,0.041504
0.025482,0.012665,0.047607
0.024261,0.01358,0.042725
0.022736,0.012207,0.046387
0.020447,0.01297,0.039063
0.0177,0.01358,0.029297
0.012665,0.014496,0.040283
0.0074768,0.014496,0.041504
0.0047302,0.01297,0.042725
-0.0015259,0.0071716,0.045166
-0.0045776,-0.0019836,0.047607
-0.0036621,-0.0099182,0.048828
-0.0012207,-0.016632,0.050049
0.0021362,-0.019836,0.058594
0.0054932,-0.019531,0.053711
0.0080872,-0.020905,0.059814
0.010223,-0.012054,0.061035
0.012207,-0.0057983,0.064697
0.01236,0.0032043,0.058594
0.012817,0.012817,0.062256
0.015411,0.022736,0.06958
0.017853,0.029144,0.059814
0.020599,0.032654,0.06958
0.024567,0.031586,0.063477
0.027924,0.027618,0.059814
0.031281,0.02182,0.059814
0.034027,0.015869,0.064697
0.036163,0.01297,0.065918
0.035858,0.011597,0.063477
0.031586,0.010681,0.063477
0.024719,0.0090027,0.054932
0.016327,0.0071716,0.056152
0.0071716,0.0050354,0.061035
-0.00015259,0.0041199,0.05127
-0.0050354,0.0047302,0.053711
-0.0057983,0.0054932,0.053711
-0.0030518,0.0047302,4.1602
0.0010681,0.0018311,4.8767
0.0057983,-0.0013733,4.9133
0.010071,-0.0039673,4.9109
0.012207,-0.0041199,4.9146
0.014648,0.00045776,4.9036
0.014648,0.0065613,4.9097
0.012512,0.012054,4.9097
0.0073242,0.013885,4.9109
0.0022888,0.011597,4.9097
-0.0035095,0.0088501,4.906
-0.0083923,0.0041199,4.9097
-0.010986,0.0016785,4.906
-0.009613,0.0019836,4.9097
-0.0054932,0.0053406,4.906
0.00091553,0.0076294,4.9146
0.0071716,0.0088501,4.9097
0.013885,0.0074768,4.9146
0.0177,0.0073242,4.9133
0.019989,0.009613,4.9158
0.022583,0.01297,4.9243
0.023041,0.014038,4.9194
0.023193,0.01358,4.9292
0.02243,0.012207,4.9219
0.02121,0.0097656,4.9158
0.020294,0.0067139,4.9255
0.019836,0.0032043,4.9268
0.021515,-0.0012207,4.9255
0.022888,-0.0030518,4.9292
0.025635,-0.0042725,4.928
0.027771,-0.005188,4.9304
0.03006,-0.0032043,4.9304
0.027771,-0.0010681,4.9353
0.026245,0.00076294,4.928
0.024414,-0.00015259,4.9329
0.022888,0.00030518,4.9353
0.020447,0.00045776,4.9365
0.0177,0.0032043,4.9377
0.013885,0.0035095,4.9353
0.009613,0.0048828,4.939
0.0079346,0.0021362,4.9353
0.0076294,-0.0019836,4.9426
0.010071,-0.0068665,4.9341
0.013885,-0.0082397,4.939
0.018005,-0.007019,4.9268
0.020599,-0.0039673,4.9255
0.021973,-0.0013733,4.9243
0.024567,0.00091553,4.9231
0.027008,-0.00015259,4.917
0.027161,-0.0010681,4.9194
0.028687,0.00030518,4.9133
0.029297,0.0028992,4.9158
0.030212,0.0059509,4.9158
0.030975,0.0074768,4.9182
0.03067,0.0059509,4.9146
0.031738,0.0045776,4.9133
0.03418,-0.0018311,4.9243
0.036774,-0.0028992,4.9109
0.038147,-0.0036621,4.9133
0.037994,-0.0035095,4.9072
0.037079,-0.0028992,4.8914
0.0354,-0.002594,4.9109
0.032959,-0.002594,4.9084
0.03006,-0.0045776,4.9109
0.027313,-0.0054932,4.9097
0.024109,-0.0054932,4.9072
0.022888,-0.0036621,4.9146
0.021362,-0.0021362,4.9121
0.02121,-0.0028992,4.917
0.022125,-0.0039673,4.9146
0.022278,-0.007782,4.9219
0.023499,-0.010529,4.9231
0.025635,-0.011597,4.9255
0.026398,-0.010223,0.062256
0.027618,-0.0073242,0.059814
0.025024,-0.0038147,0.058594
0.024414,-0.00076294,0.062256
0.024414,0.0016785,0.072021
0.025482,0.0038147,0.061035
0.028687,0.0071716,0.057373
0.030518,0.011292,0.058594
0.033569,0.014496,0.061035
0.034027,0.015106,0.061035
0.034943,0.015564,0.063477
0.033264,0.012512,0.067139
0.032501,0.0074768,0.068359
0.033875,0.002594,0.063477
0.029144,-0.00030518,0.068359
0.028229,-0.0018311,0.063477
0.02655,-0.0021362,0.065918
0.023041,-0.0019836,0.062256
0.020905,-0.0019836,0.061035
0.020294,-0.0039673,0.065918
0.022125,-0.0019836,0.056152
0.025024,0.0012207,0.058594
0.028534,0.0038147,0.048828
0.030365,0.0068665,0.036621
0.029297,0.0080872,0.047607
0.028381,0.0059509,0.046387
0.027161,0.0028992,0.041504
0.027008,-0.0018311,0.041504
0.029449,-0.0065613,0.041504
0.028076,-0.009613,0.041504
0.027924,-0.0086975,0.037842
0.027466,-0.0079346,0.040283
0.026398,-0.0032043,0.039063
0.025024,-0.0013733,0.045166
0.025482,-0.00091553,0.040283
0.026703,-0.0015259,0.043945
0.028229,-0.0039673,0.037842
0.026703,-0.0010681,0.041504
0.023956,-0.00076294,0.042725
0.020599,-0.0012207,0.037842
0.016022,-0.0012207,0.045166
0.015717,-0.0032043,0.043945
0.015564,-0.0053406,0.039063
0.017853,-0.0073242,0.043945
0.021362,-0.0076294,0.05249
0.024567,-0.0054932,0.05249
0.027618,-0.002594,0.054932
0.028381,0.0018311,0.05127
0.029907,0.0056458,0.058594
0.031891,0.007019,0.057373
0.033569,0.0059509,0.061035
0.034027,0.0028992,0.062256
0.033722,0.0019836,0.062256
0.033112,0.0012207,0.058594
0.032196,0.0012207,0.063477
0.029144,0.00015259,0.074463
0.029144,-0.0022888,0.062256
0.029297,-0.0088501,0.062256
0.03067,-0.014191,0.064697
0.031281,-0.018158,0.053711
0.03006,-0.018005,0.063477
0.028839,-0.014954,0.062256
0.024872,-0.0086975,0.065918
0.021667,-0.0039673,0.063477
0.019073,-0.0032043,0.054932
0.018005,-0.0036621,0.061035
0.019226,-0.0053406,0.054932
0.018616,-0.004425,0.054932
0.018921,-0.0039673,0.050049
0.019379,-0.0019836,0.05127
0.02121,0.00030518,0.050049
0.023041,0.0012207,0.046387
0.025482,-0.00030518,0.048828
0.030212,0.00015259,0.047607
0.031128,-0.0012207,0.05127
0.030975,0.00030518,0.045166
0.027771,0.0036621,0.053711
0.023804,0.0053406,3.6353
0.019684,0.0057983,4.8279
0.016937,0.0033569,4.9023
0.016174,0.00030518,4.9097
0.016479,-0.002594,4.9072
0.017853,-0.0042725,4.9048
0.017395,-0.0038147,4.906
0.016785,-0.0041199,4.9097
0.016022,-0.0033569,4.9048
0.015411,-0.004425,4.9097
0.015869,-0.0067139,4.9109
0.015411,-0.0079346,4.9121
0.014648,-0.010681,4.9146
0.011597,-0.010223,4.9182
0.0090027,-0.011139,4.9231
0.0061035,-0.011139,4.9182
0.0059509,-0.010834,4.9219
0.0068665,-0.010834,4.9255
0.010223,-0.010529,4.9243
0.011902,-0.0091553,4.9292
0.013275,-0.0079346,4.9182
0.014343,-0.0050354,4.9304
0.013733,-0.0024414,4.9304
0.013885,-0.0013733,4.9304
0.014496,-0.00015259,4.9304
0.015259,0.00045776,4.928
0.017242,0.00091553,4.9341
0.01709,0.0012207,4.9316
0.016174,0.0024414,4.9329
0.016327,0.0032043,4.9329
0.015869,0.004425,4.9341
0.016937,0.0054932,4.9353
0.019226,0.0057983,4.9402
0.020905,0.0022888,4.9451
0.02121,0.00030518,4.9329
0.022888,-0.0018311,4.9402
0.022125,-0.002594,4.9268
0.020752,-0.0045776,4.9146
0.020905,-0.0036621,4.9243
0.020447,-0.0022888,4.9207
0.020599,-0.0024414,4.9243
0.018616,-0.0022888,4.9219
0.015869,-0.0021362,4.9182
0.012512,-0.0022888,4.9158
0.0093079,-0.00076294,4.9194
0.0062561,0.00015259,4.9158
0.0054932,-0.00015259,4.9121
0.0067139,-0.0015259,4.917
0.012054,-0.0036621,4.9146
0.012665,-0.0042725,4.9121
0.014191,-0.0039673,4.9158
0.015564,-0.0019836,4.9097
0.014496,0.00076294,4.9072
0.014343,0.0033569,4.9121
0.016174,0.0048828,4.8975
0.021667,0.0028992,4.906
0.020447,0.0012207,4.9109
0.02121,-0.00030518,4.9109
0.019226,-0.0041199,4.9109
0.017548,-0.002594,4.906
0.017242,-0.00045776,4.9133
0.019379,0.0013733,4.9121
0.024261,0.0016785,4.9182
0.029297,0.0021362,4.917
0.032806,0.0013733,4.9231
0.037384,0.0016785,4.9207
0.035248,0.0035095,4.928
0.03418,0.0047302,4.9255
0.032806,0.0064087,4.9304
0.033875,0.0083923,4.9353
0.034027,0.007782,4.9329
0.032654,0.0048828,4.9438
0.029449,0.00045776,4.9329
0.024719,-0.0022888,4.9194
0.018768,-0.0059509,0.063477
0.018463,-0.0083923,0.059814
0.018005,-0.0086975,0.063477
0.018616,-0.0071716,0.065918
0.019073,-0.0068665,0.063477
0.017395,-0.0059509,0.070801
0.016327,-0.0054932,0.064697
0.013733,-0.0056458,0.067139
0.013123,-0.0050354,0.062256
0.013428,-0.0021362,0.064697
0.016022,0.002594,0.061035
0.020905,0.0050354,0.059814
0.023041,0.0082397,0.063477
0.024872,0.0088501,0.054932
0.02594,0.0094604,0.05249
0.026398,0.0071716,0.047607
0.028229,0.0064087,0.042725
0.030823,0.0054932,0.047607
0.03418,0.0033569,0.045166
0.037994,0.004425,0.041504
0.040283,0.0054932,0.045166
0.041199,0.0062561,0.041504
0.040588,0.0071716,0.042725
0.039215,0.0079346,0.039063
0.039368,0.0074768,0.042725
0.03952,0.0041199,0.036621
0.038757,-0.0015259,0.040283
0.036316,-0.007019,0.040283
0.035248,-0.011139,0.042725
0.026855,-0.01236,0.037842
0.02182,-0.011597,0.041504
0.020905,-0.009613,0.045166
0.02182,-0.0068665,0.039063
0.022278,-0.0061035,0.053711
0.02533,-0.0048828,0.043945
0.025787,-0.0032043,0.032959
0.023651,0,0.047607
0.021667,0.0045776,0.050049
0.020447,0.0085449,0.048828
0.021362,0.011444,0.056152
0.023956,0.014801,0.053711
0.025482,0.010529,0.061035
0.026093,0.0086975,0.059814
0.025177,0.0076294,0.062256
0.024567,0.007782,0.062256
0.024261,0.0086975,0.063477
0.024567,0.0099182,0.059814
0.026398,0.0099182,0.062256
0.027313,0.0076294,0.076904
0.027008,0.002594,0.064697
0.025177,-0.0019836,0.061035
0.02121,-0.0056458,0.064697
0.017853,-0.0053406,0.065918
0.016632,-0.0048828,0.067139
0.016937,-0.0038147,0.065918
0.022583,-0.0041199,0.063477
0.019226,-0.0061035,0.062256
0.018921,-0.013275,0.057373
0.01709,-0.010071,0.061035
0.016327,-0.0090027,0.05249
0.016479,-0.0079346,0.056152
0.016937,-0.0048828,0.048828
0.020142,-0.0053406,0.05249
0.02121,-0.0033569,0.045166
0.024719,-0.0042725,0.048828
0.026093,-0.0093079,0.046387
0.026093,-0.0041199,0.047607
0.027924,-0.0028992,0.054932
0.028992,-0.0021362,0.045166
0.031586,-0.0012207,0.047607
0.032959,-0.0019836,0.039063
0.032501,-0.0050354,0.031738
0.03006,-0.007782,0.037842
0.026245,-0.0085449,0.036621
0.023651,-0.0079346,0.037842
0.02121,-0.0079346,0.03418
0.020905,-0.0094604,0.036621
0.023956,-0.009613,4.5251
0.022125,-0.011902,4.8767
0.022888,-0.014191,4.9072
0.023346,-0.01297,4.906
0.023651,-0.015564,4.9133
0.021057,-0.012817,4.9194
0.021973,-0.0067139,4.9182
0.023651,-0.0012207,4.9182
0.025482,0.0021362,4.9194
0.027618,0.0027466,4.9194
0.029602,0.0027466,4.9243
0.028687,0.0033569,4.9304
0.028839,0.007019,4.928
0.028687,0.010376,4.9268
0.030518,0.012054,4.9255
0.032806,0.0094604,4.9292
0.034943,0.005188,4.9084
0.035095,-0.00015259,4.928
0.033264,-0.0086975,4.9292
0.029755,-0.010986,4.9329
0.02594,-0.011749,4.9304
0.022278,-0.011444,4.9341
0.020905,-0.011139,4.9316
0.019379,-0.011749,4.939
0.019226,-0.013123,4.9329
0.018005,-0.013733,4.939
0.0177,-0.011902,4.95
0.018616,-0.0074768,4.9365
0.020905,-0.0022888,4.9316
0.024109,0.0022888,4.9341
0.027313,0.005188,4.9084
0.028839,0.0057983,4.9243
0.028229,0.0059509,4.9182
0.025482,0.0059509,4.9207
0.023193,0.0061035,4.9207
0.020142,0.0073242,4.9146
0.018005,0.0079346,4.9158
0.014801,0.0061035,4.9158
0.011902,0.0033569,4.9194
0.010986,0.00030518,4.9084
0.010529,-0.00015259,4.9158
0.011902,0.00045776,4.9146
0.013428,0.0032043,4.9158
0.015717,0.0047302,4.9097
0.015106,0.0047302,4.9109
0.016022,0.0028992,4.9097
0.015106,-0.002594,4.9109
0.013123,-0.0071716,4.9121
0.011139,-0.010834,4.9048
0.0099182,-0.011749,4.9023
0.0086975,-0.010986,4.9121
0.0090027,-0.0091553,4.9084
0.010376,-0.007782,4.9097
0.010529,-0.0057983,4.9109
0.011444,-0.0041199,4.9146
0.012665,-0.0024414,4.9194
0.013275,-0.00091553,4.9194
0.01358,0.00015259,4.9255
0.012817,0.0036621,4.9194
0.013733,0.0080872,4.9255
0.013885,0.0085449,4.9268
0.015106,0.0099182,4.9329
0.017242,0.010529,4.9377
0.018921,0.0097656,4.9316
0.020447,0.0097656,4.9377
0.021057,0.010223,4.9402
0.020752,0.01236,4.9231
0.021362,0.012665,4.9353
0.021515,0.011749,4.9304
0.020599,0.0088501,4.9329
0.018463,0.0048828,4.9316
0.016785,0.0016785,4.9377
0.015259,-0.0013733,4.9255
0.014343,-0.0010681,0.062256
0.014343,-0.00061035,0.067139
0.015106,0.00030518,0.059814
0.015106,0.00076294,0.063477
0.015869,0,0.061035
0.014801,-0.00061035,0.053711
0.014648,0.0018311,0.053711
0.014038,0.0050354,0.053711
0.014191,0.0090027,0.056152
0.01297,0.011292,0.050049
0.011749,0.011749,0.057373
0.010681,0.012207,0.05127
0.0091553,0.011444,0.030518
0.0080872,0.011597,0.042725
0.0080872,0.01297,0.043945
0.0093079,0.013885,0.039063
0.0097656,0.014038,0.041504
0.010834,0.01297,0.039063
0.011292,0.0090027,0.039063
0.012054,0.0057983,0.037842
0.01297,0.0041199,0.039063
0.01358,0.0041199,0.040283
0.015564,0.0059509,0.045166
0.014648,0.0065613,0.039063
0.015106,0.0053406,0.040283
0.015411,0.0036621,0.056152
0.016632,0.0015259,0.041504
0.0177,0.00061035,0.050049
0.019073,0.0021362,0.046387
0.018921,0.0039673,0.028076
0.019531,0.0032043,0.048828
0.019073,0.0048828,0.048828
0.020294,0.002594,0.050049
0.02182,-0.00045776,0.05249
0.022278,-0.0064087,0.05127
0.023041,-0.00030518,0.061035
0.021667,-0.00030518,0.061035
0.02182,0.0012207,0.063477
0.020142,0.00091553,0.058594
0.019379,-0.00061035,0.063477
0.019531,-0.0021362,0.062256
0.018768,-0.0035095,0.063477
0.018463,-0.0036621,0.058594
0.017853,-0.0019836,0.062256
0.019226,0.00045776,0.063477
0.02121,0.0015259,0.065918
0.024414,0.00091553,0.079346
0.027161,-0.00030518,0.058594
0.028076,-0.0018311,0.057373
0.030212,0.0018311,0.067139
0.029144,-0.0012207,0.061035
0.031891,0.0021362,0.057373
0.033722,0.0041199,0.059814
0.034485,0.0035095,0.056152
0.0354,0.0027466,0.056152
0.034637,0.0022888,0.050049
0.034485,0.00076294,0.053711
0.032654,0.0013733,0.046387
0.031738,0.0032043,0.050049
0.03067,0.0035095,0.042725
0.028992,0.005188,0.050049
0.029755,0.0047302,0.050049
0.029297,0.0032043,0.045166
0.029755,0.0010681,0.042725
0.029907,0.00091553,0.041504
0.028992,-0.0016785,0.030518
0.029297,-0.0021362,0.041504
0.028534,-0.0024414,0.037842
0.028229,-0.0024414,0.032959
0.026398,-0.0035095,0.040283
0.02533,-0.0035095,0.041504
0.023956,-0.0045776,0.041504
0.02243,-0.005188,0.036621
0.02182,-0.0056458,0.039063
0.021362,-0.0030518,0.036621
0.024719,-0.0013733,0.041504
0.028076,0.00015259,0.043945
0.031891,0.0018311,2.1655
0.03418,0.0024414,4.751
0.036011,0.0050354,4.9084
0.0383,0.0047302,4.9231
0.039215,0.0062561,4.9194
0.039215,0.0071716,4.9329
0.038605,0.0074768,4.9304
0.036774,0.0073242,4.8938
0.033875,0.0048828,4.9304
0.030975,0.0036621,4.9292
0.026093,0.0019836,4.9329
0.02655,0,4.9292
0.024872,-0.0019836,4.9304
0.025177,-0.0041199,4.9304
0.024567,-0.0053406,4.9329
0.02594,-0.0057983,4.9329
0.026398,-0.0054932,4.9304
0.026855,-0.0064087,4.9377
0.025635,-0.0015259,4.9353
0.024261,-0.0024414,4.9353
0.023499,0.00061035,4.9451
0.02243,-0.00045776,4.9341
0.02243,-0.0028992,4.9329
0.023804,-0.0047302,4.9304
0.025482,-0.0027466,4.9304
0.027618,-0.0013733,4.9219
0.029144,0.0018311,4.9182
0.031433,0.0028992,4.9207
0.033722,0.0032043,4.9158
0.03479,0.002594,4.917
0.037384,0.002594,4.9194
0.037384,0.004425,4.9133
0.032806,0.0056458,4.9146
0.035706,0.0062561,4.9109
0.033112,0.0027466,4.9158
0.031281,-0.00015259,4.9109
0.027924,-0.0050354,4.9133
0.02655,-0.0097656,4.9097
0.024872,-0.012665,4.9121
0.025177,-0.01297,4.9207
0.023499,-0.012054,4.9109
0.022125,-0.011292,4.9231
0.019379,-0.010223,4.9109
0.018921,-0.010071,4.8999
0.020142,-0.0085449,4.9121
0.022278,-0.0080872,4.9109
0.025024,-0.0038147,4.9097
0.027313,0.0012207,4.9133
0.028992,0.0062561,4.9158
0.03067,0.009613,4.9158
0.032349,0.011444,4.9194
0.03479,0.010681,4.9255
0.036621,0.0099182,4.9243
0.037384,0.0083923,4.9292
0.037537,0.0065613,4.9304
0.035706,0.0056458,4.9255
0.033417,0.0041199,4.9353
0.031891,0.0013733,4.9329
0.03006,-0.0015259,4.9304
0.029449,-0.0036621,4.9316
0.028381,-0.0047302,4.9402
0.025787,-0.0036621,4.9365
0.024872,-0.00091553,4.9158
0.023804,0.0018311,4.9316
0.024261,0.0035095,4.9316
0.024261,0.005188,4.9353
0.023956,0.0045776,4.9451
0.023651,0.0048828,4.9353
0.020447,0.0033569,4.9341
0.019226,0.002594,4.9316
0.018768,0.002594,4.9316
0.018921,0.002594,4.9255
0.019226,0.0015259,4.9292
0.017242,0,0.05249
0.016022,-0.002594,0.053711
0.014496,-0.0027466,0.063477
0.013428,-0.0013733,0.048828
0.013885,0.0015259,0.045166
0.012512,0.0041199,0.047607
0.014343,0.0045776,0.031738
0.013275,0.0032043,0.040283
0.012665,0.0010681,0.043945
0.013428,-0.0015259,0.039063
0.014954,-0.002594,0.041504
0.017548,-0.0030518,0.036621
0.019379,-0.0036621,0.041504
0.019989,-0.0056458,0.037842
0.019989,-0.0082397,0.041504
0.019531,-0.010376,0.03418
0.019836,-0.010223,0.041504
0.02182,-0.0085449,0.039063
0.023041,-0.0032043,0.041504
0.024567,0.002594,0.043945
0.02533,0.0061035,0.041504
0.024414,0.0056458,0.042725
0.023041,0.0039673,0.047607
0.021362,-0.00015259,0.043945
0.019836,-0.0039673,0.047607
0.019379,-0.0057983,0.048828
0.016632,-0.0039673,0.05249
0.01709,-0.00091553,0.056152
0.014648,0.0015259,0.056152
0.011902,0.0022888,0.058594
0.0086975,0.0027466,0.058594
0.0054932,0.0010681,0.062256
0.0045776,0.0015259,0.058594
0.0041199,0.0035095,0.065918
0.0050354,0.0062561,0.058594
0.007019,0.0076294,0.067139
0.0091553,0.0076294,0.065918
0.013428,0.0059509,0.057373
0.016174,0.0035095,0.072021
0.018463,0.00091553,0.067139
0.020599,0.00015259,0.073242
0.021515,-0.0010681,0.062256
0.020905,0.0015259,0.056152
0.018616,0.0010681,0.064697
0.016785,0.0015259,0.061035
0.015869,0.0024414,0.053711
0.014954,0.0030518,0.053711
0.014038,0.0028992,0.054932
0.015869,0.0028992,0.053711
0.017395,0.0030518,0.048828
0.019073,0.0038147,0.053711
0.019379,0.004425,0.047607
0.021515,0.005188,0.047607
0.021973,0.0061035,0.05127
0.02121,0.0062561,0.047607
0.022888,0.0054932,0.046387
0.021362,0.0056458,0.045166
0.02243,0.0050354,0.047607
0.020599,0.0039673,0.039063
0.018921,0.0028992,0.042725
0.017395,0.0022888,0.040283
0.017242,0.0012207,0.043945
0.019836,0.00015259,0.037842
0.022736,-0.00076294,0.03418
0.024872,-0.00091553,0.036621
0.026398,-0.0010681,0.040283
0.025482,-0.0012207,0.036621
0.027008,0.00045776,0.041504
0.027924,0.00076294,0.037842
0.028839,0.0039673,0.045166
0.029755,0.0013733,0.042725
0.030365,0.0018311,0.050049
0.031433,0.0019836,0.048828
0.029602,0.0018311,0.050049
0.029144,0.0012207,0.070801
0.029297,-0.00030518,0.053711
0.028534,-0.0033569,0.059814
0.028229,-0.0061035,0.10376
0.029449,-0.007019,4.6167
0.025482,-0.012207,4.9084
0.023804,-0.007019,4.9255
0.020905,-0.0048828,4.928
0.020905,-0.0035095,4.9268
0.02182,-0.0032043,4.9243
0.024261,-0.0032043,4.9316
0.026093,-0.0054932,4.9329
0.028839,0.00030518,4.9341
0.030365,-0.002594,4.9304
0.032196,-0.0016785,4.9365
0.03418,-0.0022888,4.9365
0.033875,-0.0033569,4.9365
0.034943,-0.004425,4.9365
0.034485,-0.0062561,4.9341
0.03479,-0.0038147,4.9353
0.033112,-0.0061035,4.9304
0.030823,-0.0064087,4.9414
0.028687,-0.0057983,4.9243
0.028687,-0.005188,4.9158
0.028381,-0.0048828,4.9207
0.03067,-0.002594,4.9207
0.032043,-0.00076294,4.9207
0.031281,0.0015259,4.9146
0.028534,0.0028992,4.9158
0.026855,0.0027466,4.9146
0.02594,0.0015259,4.9097
0.02655,0.00091553,4.9146
0.026093,-0.0018311,4.9121
0.02655,-0.0016785,4.9146
0.027161,-0.00045776,4.9133
0.026093,0.0013733,4.9109
0.028381,0.0024414,4.9133
0.025787,0.0045776,4.9097
0.027161,0.0019836,4.9097
0.028992,0.0015259,4.9084
0.029602,0.0013733,4.9036
0.032043,0.002594,4.9133
0.031738,0.0035095,4.9133
0.03067,0.0033569,4.9084
0.03006,0.0022888,4.9146
0.028534,-0.00045776,4.9133
0.027771,-0.0028992,4.9146
0.025787,-0.0057983,4.9048
0.023193,-0.0080872,4.9231
0.02243,-0.0082397,4.9207
0.020752,-0.0094604,4.9268
0.017853,-0.009613,4.9268
0.02182,-0.0091553,4.9304
0.020142,-0.0071716,4.9268
0.021057,-0.0057983,4.9316
0.02182,-0.0053406,4.9365
0.023193,-0.0056458,4.9304
0.023499,-0.0062561,4.9402
0.024414,-0.0064087,4.9316
0.023956,-0.0047302,4.9109
0.024872,-0.0030518,4.9316
0.027771,-0.00015259,4.9353
0.025024,0.0010681,4.9353
0.026093,0.0013733,4.9377
0.026703,0.00061035,4.9341
0.02655,0.00030518,4.9365
0.025482,-0.00030518,4.9316
0.028229,-0.0012207,4.9316
0.028381,-0.0033569,4.928
0.029297,-0.0042725,4.9207
0.030212,-0.0074768,4.9243
0.031128,-0.0073242,4.9255
0.031586,-0.0074768,4.9292
0.032043,-0.0057983,4.9207
0.029449,-0.0050354,4.9182
0.025787,-0.0054932,4.9207
0.02243,-0.0062561,0.036621
0.019073,-0.007019,0.043945
0.017853,-0.0067139,0.043945
0.017242,-0.007782,0.030518
0.016327,-0.0090027,0.041504
0.018158,-0.0080872,0.037842
0.019989,-0.0088501,0.041504
0.020294,-0.0065613,0.036621
0.019226,-0.0056458,0.039063
0.022888,-0.0035095,0.037842
0.024719,-0.0012207,0.041504
0.027466,0.00045776,0.040283
0.029144,0.0016785,0.040283
0.031281,0.0021362,0.040283
0.030823,0.0012207,0.042725
0.030975,-0.00030518,0.046387
0.031891,0.0012207,0.045166
0.033417,0.0016785,0.058594
0.034943,0.0018311,0.047607
0.036926,0.0016785,0.040283
0.037079,0.0016785,0.05249
0.036011,0.00030518,0.056152
0.034027,0.0013733,0.05249
0.031586,0.0036621,0.061035
0.030212,0.007019,0.056152
0.029755,0.0090027,0.058594
0.029144,0.010223,0.059814
0.027466,0.0071716,0.062256
0.024414,0.0053406,0.059814
0.021362,0.0015259,0.061035
0.01709,-0.0010681,0.061035
0.016632,-0.0021362,0.063477
0.016785,-0.0018311,0.072021
0.01709,-0.00030518,0.067139
0.016937,0.00091553,0.065918
0.015717,0.0018311,0.063477
0.014191,0.0047302,0.067139
0.014191,0.0045776,0.064697
0.01297,0.007782,0.062256
0.016022,0.0091553,0.058594
0.019989,0.010376,0.056152
0.022278,0.011139,0.057373
0.022278,0.0097656,0.05249
0.021515,0.0074768,0.048828
0.019684,0.0033569,0.053711
0.018158,-0.00091553,0.045166
0.016785,-0.0038147,0.047607
0.016174,-0.004425,0.048828
0.016479,-0.0032043,0.047607
0.016479,-0.0018311,0.042725
0.015106,0.00091553,0.043945
0.014343,0.0032043,0.053711
0.014038,0.005188,0.042725
0.015106,0.0086975,0.047607
0.017548,0.011902,0.042725
0.019531,0.014038,0.029297
0.021057,0.01358,0.03418
0.019379,0.011444,0.0354
0.016937,0.0093079,0.040283
0.013275,0.0083923,0.037842
0.011749,0.0074768,0.036621
0.011139,0.009613,0.041504
0.011139,0.01236,0.037842
0.010681,0.014496,0.045166
0.0088501,0.015717,0.040283
0.0073242,0.015717,0.048828
0.0061035,0.014648,0.047607
0.0059509,0.012817,0.05249
0.0073242,0.01358,0.059814
0.0090027,0.013275,0.057373
0.010834,0.014038,0.053711
0.011444,0.013428,0.058594
0.011139,0.012665,0.079346
0.0099182,0.011749,0.059814
0.0094604,0.0064087,0.05249
0.0091553,0.0076294,0.061035
0.0083923,0.0061035,0.062256
0.0086975,0.0064087,0.059814
0.0086975,0.007782,3.9258
0.0085449,0.0097656,4.8657
0.0080872,0.010376,4.9255
0.007782,0.010071,4.9292
0.0076294,0.0083923,4.9353
0.0080872,0.0074768,4.9329
0.0076294,0.0071716,4.9353
0.0065613,0.0091553,4.9133
0.0047302,0.011139,4.9365
0.0036621,0.01297,4.9402
0.0048828,0.012207,4.9329
0.0065613,0.011597,4.9316
0.0094604,0.007782,4.9268
0.011902,0.0062561,4.9109
0.014801,0.005188,4.9231
0.016327,0.0050354,4.9182
0.018616,0.0038147,4.9194
0.017242,0.0032043,4.9182
0.016479,0.0035095,4.9194
0.016937,0.0016785,4.9146
0.016479,0.0016785,4.9121
0.015869,0.0024414,4.9121
0.014648,0.0038147,4.9084
0.014648,0.0028992,4.9109
0.016174,0.0041199,4.9109
0.017548,0.0033569,4.9146
0.019684,0.0041199,4.9072
0.020905,0.0041199,4.9121
0.02243,0.005188,4.9146
0.023804,0.0059509,4.9097
0.024414,0.0057983,4.9121
0.023193,0.004425,4.9133
0.021057,0.00061035,4.9048
0.016479,-0.0018311,4.9097
0.014038,-0.004425,4.9097
0.013733,-0.0065613,4.9133
0.01358,-0.0076294,4.9194
0.015717,-0.0076294,4.9121
0.01709,-0.0062561,4.9231
0.016327,-0.0041199,4.9207
0.017242,-0.0056458,4.9292
0.01709,-0.0030518,4.9255
0.019226,-0.0018311,4.9329
0.021057,-0.0022888,4.9365
0.021973,-0.0010681,4.9329
0.021362,-0.0036621,4.9426
0.020752,0.00061035,4.9329
0.019073,0.00061035,4.9329
0.019836,-0.0019836,4.9341
0.022125,-0.0050354,4.9255
0.025482,-0.0065613,4.9304
0.029144,-0.0054932,4.9329
0.031128,-0.00015259,4.9329
0.032349,0.0033569,4.9292
0.031128,0.0067139,4.9329
0.030823,0.0073242,4.939
0.029907,0.0057983,4.9353
0.030212,0.0032043,4.9353
0.030518,-0.0018311,4.9292
0.03006,-0.0032043,4.9329
0.033264,-0.0030518,4.9255
0.027618,-0.0030518,4.9268
0.028229,-0.0035095,4.9243
0.029297,-0.0054932,4.9255
0.028992,-0.0062561,4.9133
0.027161,-0.0062561,4.9207
0.028381,-0.0035095,4.928
0.027771,-0.0021362,4.9158
0.027313,0.0032043,4.9109
0.02533,0.0061035,4.9158
0.025482,0.0065613,4.9121
0.025024,0.0071716,4.9084
0.02655,0.0083923,0.041504
0.027924,0.0091553,0.039063
0.028992,0.009613,0.043945
0.030518,0.0094604,0.039063
0.031738,0.010529,0.041504
0.031281,0.0062561,0.036621
0.031281,0.0054932,0.042725
0.031433,0.0042725,0.041504
0.031433,0.0057983,0.043945
0.031586,0.007019,0.050049
0.027924,0.0099182,0.042725
0.027466,0.0080872,0.053711
0.025024,0.0067139,0.042725
0.023499,0.00091553,0.040283
0.022278,-0.0041199,0.05249
0.026703,-0.007019,0.053711
0.028534,-0.0073242,0.05127
0.028839,-0.0059509,0.057373
0.027313,-0.0041199,0.061035
0.026245,-0.004425,0.059814
0.025482,-0.0050354,0.061035
0.025787,-0.0073242,0.064697
0.028229,-0.0059509,0.058594
0.035858,-0.0027466,0.061035
0.032196,0.0028992,0.062256
0.033569,0.0065613,0.063477
0.033722,0.012207,0.064697
0.034943,0.012207,0.061035
0.032806,0.013733,0.06958
0.032959,0.007019,0.065918
0.032349,0.0048828,0.078125
0.031891,0.004425,0.065918
0.030212,0.0027466,0.05127
0.027313,0.002594,0.061035
0.027161,0,0.059814
0.025635,0.0019836,0.054932
0.027008,0.0019836,0.057373
0.028229,0.0028992,0.053711
0.028992,0.0024414,0.05249
0.028076,0.0035095,0.050049
0.025635,0.0022888,0.047607
0.020752,-0.00045776,0.048828
0.017548,-0.0038147,0.046387
0.015869,-0.0080872,0.046387
0.016632,-0.011597,0.045166
0.018463,-0.012665,0.054932
0.020294,-0.0097656,0.040283
0.018921,-0.0097656,0.039063
0.020447,-0.00091553,0.042725
0.02182,0.0033569,0.023193
0.024872,0.0053406,0.047607
0.027466,0.0056458,0.039063
0.02594,0.0061035,0.039063
0.033417,0.0065613,0.036621
0.03418,0.0073242,0.036621
0.0354,0.007782,0.039063
0.035248,0.0068665,0.036621
0.034943,0.005188,0.041504
0.036163,0.0039673,0.041504
0.036011,0.0033569,0.046387
0.036163,0.0033569,0.042725
0.033569,0.0035095,0.048828
0.027924,0.0028992,0.048828
0.025787,0.0015259,0.05249
0.025177,-0.00030518,0.058594
0.026245,-0.0016785,0.057373
0.027466,-0.0015259,0.068359
0.027313,-0.00076294,0.059814
0.025177,0.00061035,0.050049
0.021973,0.0027466,0.061035
0.018463,0.0032043,0.062256
0.016937,-0.00076294,0.057373
0.017548,-0.00030518,0.062256
0.018921,-0.0028992,0.058594
0.020447,-0.0064087,0.063477
0.019684,-0.0057983,0.061035
0.017548,-0.0053406,0.064697
0.015411,-0.0016785,0.058594
0.014038,0.0039673,3.6841
0.013885,0.0047302,4.856
0.015106,0.0054932,4.928
0.017242,0.0041199,4.9365
0.018311,-0.0010681,4.9451
0.016937,-0.0038147,4.9292
0.016479,-0.0024414,4.9268
0.016937,-0.0016785,4.928
0.018005,0.00045776,4.9243
0.020294,0.0013733,4.9194
0.022125,-0.00030518,4.9048
0.022583,-0.0032043,4.917
0.023956,-0.0053406,4.9182
0.022736,-0.0056458,4.9146
0.021515,-0.0068665,4.9109
0.019989,-0.007782,4.9194
0.020142,-0.0067139,4.9109
0.019684,-0.0071716,4.9121
0.020905,-0.0067139,4.9133
0.019226,-0.0074768,4.9158
0.014191,-0.0061035,4.9036
0.01358,-0.00076294,4.9146
0.013428,0.0053406,4.9243
0.012665,0.0068665,4.9109
0.01297,0.0057983,4.917
0.013123,0.00091553,4.8914
0.013428,-0.0030518,4.8962
0.014191,-0.0045776,4.9072
0.013733,-0.002594,4.9133
0.01236,0.0015259,4.9146
0.012054,0.0036621,4.9158
0.011597,0.0035095,4.9182
0.013428,0.00045776,4.9182
0.014038,-0.00091553,4.9182
0.015259,0.0012207,4.9231
0.016327,0.0062561,4.9231
0.0177,0.0068665,4.9304
0.018311,0.0073242,4.9304
0.019226,0.0039673,4.9329
0.020294,0.0015259,4.9365
0.018616,-0.00015259,4.9304
0.02182,-0.00061035,4.9292
0.022736,0.0028992,4.9304
0.021667,0.00061035,4.9402
0.019226,0.00061035,4.9316
0.016022,0.00091553,4.9292
0.013885,0.0015259,4.9329
0.013275,0.00045776,4.9353
0.01297,0.0024414,4.9341
0.012512,0.0024414,4.9377
0.011749,0.0019836,4.9329
0.011597,0.0021362,4.9341
0.010223,0.0027466,4.9207
0.010834,0.0013733,4.9329
0.013428,0.00076294,4.9255
0.016937,-0.00015259,4.9255
0.015259,-0.004425,4.9231
0.014496,-0.007019,4.9304
0.013885,-0.0056458,4.9292
0.01236,-0.0035095,4.9194
0.012665,-0.0022888,4.9255
0.013885,-0.00061035,4.9133
0.015869,-0.0028992,4.9023
0.019379,-0.00045776,4.9133
0.022125,-0.00076294,4.9048
0.023499,-0.0019836,4.9097
0.023346,-0.0018311,4.9097
0.023193,-0.0015259,4.9097
0.024872,-0.0015259,4.9011
0.026093,-0.00045776,4.9072
0.028381,-0.0016785,4.9121
0.026245,-0.0022888,4.9084
0.025024,-0.0041199,0.041504
0.023041,-0.0042725,0.040283
0.019836,-0.0045776,0.042725
0.019684,-0.0032043,0.040283
0.020294,-0.0013733,0.043945
0.019684,-0.0050354,0.042725
0.020599,0.0019836,0.045166
0.020599,0.00015259,0.05249
0.019379,-0.0019836,0.050049
0.018005,-0.002594,0.050049
0.017395,-0.0032043,0.05127
0.018921,-0.0041199,0.057373
0.020905,-0.004425,0.057373
0.022888,-0.005188,0.057373
0.022278,-0.0059509,0.057373
0.021057,-0.0059509,0.065918
0.020447,-0.0061035,0.059814
0.018768,-0.0062561,0.062256
0.019073,-0.0054932,0.058594
0.019989,-0.0041199,0.064697
0.021667,-0.0028992,0.058594
0.022583,0.0010681,0.064697
0.023041,0.002594,0.076904
0.023499,0.0021362,0.063477
0.022278,0.0032043,0.068359
0.023804,0.0019836,0.067139
0.025024,0.002594,0.047607
0.027466,0.00061035,0.062256
0.027771,0.0030518,0.062256
0.02594,0.0015259,0.054932
0.023804,0.00076294,0.054932
0.021515,0.00076294,0.05127
0.02121,0.0015259,0.054932
0.023346,0.0021362,0.048828
0.024261,0.0030518,0.048828
0.027618,0.0019836,0.043945
0.027771,0.0010681,0.05127
0.024261,-0.00015259,0.045166
0.026245,-0.0018311,0.047607
0.023804,-0.0019836,0.047607
0.024719,-0.0015259,0.043945
0.023041,0.00045776,0.042725
0.023041,0.0016785,0.043945
0.022736,0.0030518,0.037842
0.020905,0.0033569,0.03418
0.018768,0.0030518,0.026855
0.019226,0.0036621,0.039063
0.020599,0.0042725,0.040283
0.022736,0.0065613,0.037842
0.023956,0.0097656,0.041504
0.024414,0.0099182,0.0354
0.025482,0.007019,0.042725
0.022736,0.0016785,0.039063
0.019226,-0.0015259,0.045166
0.016174,-0.0039673,0.043945
0.015869,-0.0032043,0.050049
0.016937,-0.0015259,0.050049
0.018463,-0.0012207,0.056152
0.02121,-0.0013733,0.067139
0.02121,-0.0032043,0.059814
0.020905,-0.0038147,0.065918
0.021057,-0.0035095,0.059814
0.021667,-0.0019836,0.05249
0.021667,0.00045776,0.061035
0.02182,0.0018311,0.059814
0.021973,0.0013733,0.058594
0.022583,-0.00045776,0.057373
0.022278,-0.0013733,0.057373
0.02182,-0.0027466,0.061035
0.021667,-0.00030518,0.062256
0.021973,0.0022888,0.068359
0.024109,0.0028992,0.062256
0.025787,-0.00091553,0.068359
0.026703,0,0.068359
0.026093,-0.0028992,0.063477
0.024261,-0.0056458,0.062256
0.019531,-0.0064087,0.062256
0.019379,-0.0061035,0.063477
0.019073,-0.0053406,4.3921
0.019836,-0.004425,4.8962
0.018768,-0.0053406,4.9182
0.018005,-0.007019,4.9036
0.016785,-0.0059509,4.9133
0.016632,-0.0073242,4.9207
0.015717,-0.0032043,4.917
0.017853,0,4.917
0.019531,0.002594,4.9133
0.022125,0.0032043,4.9255
0.024872,0.0035095,4.9158
0.026855,0.0030518,4.9109
0.028534,0.0050354,4.9097
0.029449,0.007782,4.9121
0.029602,0.0099182,4.9084
0.03067,0.011902,4.9146
0.031433,0.012207,4.9194
0.03067,0.01236,4.9121
0.03006,0.012054,4.9072
0.028534,0.011139,4.9084
0.027313,0.0086975,4.8926
0.025482,0.0062561,4.9109
0.024567,0.0016785,4.9084
0.024414,-0.0016785,4.9146
0.021515,-0.0033569,4.9121
0.021515,-0.0030518,4.9158
0.018463,-0.0013733,4.9158
0.015564,0.0012207,4.9182
0.012665,0.0061035,4.9292
0.0099182,0.0071716,4.9231
0.0099182,0.0082397,4.9219
0.0091553,0.0086975,4.9329
0.01297,0.010681,4.9353
0.014801,0.012512,4.9304
0.016174,0.011292,4.9316
0.018005,0.011292,4.9341
0.018463,0.009613,4.9329
0.020447,0.0062561,4.9414
0.019989,0.0047302,4.9304
0.018311,0.0024414,4.9207
0.015106,0.00061035,4.9329
0.01297,-0.00061035,4.9316
0.011444,-0.0015259,4.9255
0.011902,-0.00076294,4.9365
0.012207,0.0019836,4.9329
0.014648,0.0050354,4.9341
0.017242,0.0080872,4.928
0.019073,0.0088501,4.9341
0.019684,0.0088501,4.9268
0.020599,0.0074768,4.9268
0.020752,0.0061035,4.9243
0.020905,0.0035095,4.928
0.02121,0.004425,4.9292
0.021057,0.0048828,4.9219
0.018616,0.004425,4.9146
0.016937,0.0050354,4.917
0.014954,0.0047302,4.9084
0.016022,0.0019836,4.9146
0.016479,0.0042725,4.9146
0.016937,0.0056458,4.9109
0.017395,0.0080872,4.9109
0.016632,0.0085449,4.906
0.015717,0.0091553,4.9109
0.014191,0.007019,4.9023
0.01358,0.0061035,4.9097
0.013123,0.0056458,4.906
0.012817,0.0067139,4.9109
0.012207,0.010376,4.9109
0.011597,0.012054,4.9158
0.011444,0.0091553,4.9097
0.010681,0.0074768,4.9158
0.011139,0.0083923,0.056152
0.012512,0.0067139,0.047607
0.014343,0.0071716,0.061035
0.016785,0.010529,0.05249
0.017242,0.0090027,0.0354
0.016785,0.0094604,0.05249
0.015717,0.010376,0.058594
0.014954,0.0064087,0.058594
0.014954,0.005188,0.059814
0.013733,0.0050354,0.057373
0.014191,0.0035095,0.063477
0.013885,0.0065613,0.061035
0.013275,0.0054932,0.063477
0.012512,0.00045776,0.057373
0.011749,0.0015259,0.062256
0.012054,0.0010681,0.063477
0.011902,0.0022888,0.065918
0.010376,0.0057983,0.074463
0.010223,0.0061035,0.065918
0.0090027,0.0042725,0.064697
0.009613,0.0038147,0.068359
0.010223,0.0038147,0.065918
0.012054,0.0059509,0.062256
0.012207,0.0080872,0.058594
0.011444,0.01236,0.056152
0.010529,0.012512,0.057373
0.013123,0.011444,0.05127
0.015259,0.0099182,0.054932
0.018311,0.0076294,0.05127
0.021057,0.0068665,0.048828
0.023651,0.0073242,0.043945
0.023956,0.0068665,0.047607
0.024261,0.0080872,0.046387
0.024872,0.0016785,0.045166
0.023651,-0.0028992,0.041504
0.022278,-0.0073242,0.041504
0.020752,-0.010681,0.053711
0.017853,-0.01358,0.042725
0.015259,-0.011444,0.053711
0.013123,-0.0090027,0.037842
0.012512,-0.0073242,0.031738
0.01297,-0.0073242,0.039063
0.012817,-0.009613,0.039063
0.012054,-0.011292,0.037842
0.010223,-0.0093079,0.039063
0.0085449,-0.007019,0.0354
0.0085449,-0.0059509,0.039063
0.0091553,-0.0056458,0.040283
0.011597,-0.005188,0.043945
0.012054,-0.007782,0.043945
0.014801,-0.0094604,0.047607
0.016327,-0.010223,0.05249
0.019073,-0.012512,0.056152
0.020447,-0.0057983,0.057373
0.020447,-0.00091553,0.059814
0.02182,0.0028992,0.057373
0.024261,0.004425,0.061035
0.02533,0.0028992,0.067139
0.027008,-0.00091553,0.059814
0.027618,-0.0041199,0.041504
0.027466,-0.0097656,0.057373
0.028076,-0.009613,0.061035
0.03067,-0.0074768,0.059814
0.026245,-0.0042725,0.061035
0.025482,-0.0016785,0.062256
0.023041,-0.0012207,0.064697
0.021667,-0.0030518,0.056152
0.018921,-0.0059509,0.067139
0.019989,-0.0028992,0.065918
0.020752,-0.00091553,0.067139
0.020142,0.0019836,0.061035
0.019531,0.0030518,0.059814
0.020447,0.0024414,0.074463
0.020447,0,0.058594
0.020752,-0.0027466,0.056152
0.024719,-0.0048828,0.054932
0.02121,-0.0042725,0.031738
0.022736,-0.0032043,0.043945
0.02182,0.00015259,2.7112
0.021515,0.0015259,4.7839
0.020905,0.0018311,4.9023
0.020905,0.00045776,4.9084
0.02243,0.0012207,4.9146
0.024261,-0.00061035,4.9109
0.025024,-0.0019836,4.9109
0.025177,-0.0033569,4.9084
0.025024,-0.0036621,4.9133
0.025787,-0.0022888,4.9097
0.02533,-0.0016785,4.9084
0.026245,-0.00076294,4.9072
0.027771,0.00061035,4.9121
0.026245,0.00030518,4.9097
0.027924,-0.00076294,4.9109
0.025024,-0.0027466,4.9133
0.024719,-0.0054932,4.9109
0.025024,-0.0065613,4.9084
0.024719,-0.0071716,4.9158
0.023193,-0.0048828,4.9133
0.02243,-0.0019836,4.9194
0.020294,0.0016785,4.9207
0.017395,0.00015259,4.9182
0.015869,0.0010681,4.9219
0.016327,0.0035095,4.9231
0.016785,0.0061035,4.9304
0.018616,0.0061035,4.928
0.02121,0.0064087,4.9329
0.023346,0.0047302,4.9329
0.02533,0.0022888,4.9341
0.028229,0.0022888,4.9414
0.031281,0.0028992,4.9255
0.032196,0.0028992,4.9341
0.033112,0.0032043,4.9353
0.031891,0.0021362,4.9292
0.029602,0.00045776,4.9341
0.027313,-0.0013733,4.9365
0.02655,-0.0013733,4.9304
0.026703,-0.0019836,4.9365
0.028534,-0.0022888,4.9353
0.029602,-0.0047302,4.9353
0.030365,-0.0054932,4.9207
0.028534,-0.0062561,4.9341
0.028839,-0.0053406,4.9255
0.027161,-0.0032043,4.9243
0.024261,-0.0035095,4.9219
0.021667,-0.0045776,4.9255
0.018005,-0.0062561,4.9194
0.015411,-0.0091553,4.9231
0.015717,-0.0099182,4.928
0.014954,-0.0086975,4.9158
0.015869,-0.0059509,4.9268
0.015717,-0.0035095,4.9158
0.016632,-0.00061035,4.9011
0.018158,0.0021362,4.9109
0.022583,0.004425,4.9084
0.026398,0.0073242,4.9109
0.029907,0.011902,4.9109
0.03067,0.014191,4.9072
0.030365,0.015717,4.9109
0.029907,0.01358,4.9084
0.029144,0.011139,4.9109
0.029144,0.009613,4.9084
0.029602,0.0059509,4.9146
0.029449,0.0048828,4.9109
0.028687,0.0050354,4.9146
0.027008,0.0056458,4.9255
0.024872,0.0073242,4.917
0.023956,0.0086975,4.9182
0.024261,0.010223,4.9219
0.02533,0.010376,4.9084
0.025482,0.0094604,4.9231
0.024872,0.0090027,0.050049
0.021973,0.0065613,0.057373
0.019073,0.0032043,0.059814
0.015869,-0.00076294,0.057373
0.01297,-0.0042725,0.062256
0.0099182,-0.0073242,0.061035
0.0071716,-0.007019,0.062256
0.0041199,-0.0088501,0.059814
0.0027466,-0.0086975,0.063477
0.00076294,-0.0086975,0.061035
0.0035095,-0.0093079,0.064697
0.0062561,-0.0090027,0.06958
0.0099182,-0.0080872,0.067139
0.012817,-0.007782,0.070801
0.015564,-0.0064087,0.067139
0.018768,-0.0047302,0.083008
0.019684,-0.0035095,0.063477
0.020294,-0.0028992,0.054932
0.020447,-0.0024414,0.059814
0.020599,-0.0022888,0.057373
0.020599,-0.0018311,0.05127
0.020599,-0.00076294,0.056152
0.02121,0.0010681,0.048828
0.022583,0.0030518,0.05127
0.022278,0.0054932,0.045166
0.024414,0.0083923,0.05249
0.026093,0.010071,0.043945
0.026398,0.010681,0.043945
0.024872,0.010071,0.045166
0.022888,0.0085449,0.041504
0.020142,0.007782,0.047607
0.01709,0.0042725,0.042725
0.014801,0.005188,0.045166
0.012207,0.0041199,0.040283
0.010834,0.0022888,0.029297
0.007782,0.0024414,0.039063
0.0057983,-0.0010681,0.037842
0.0036621,0.0041199,0.037842
0.0013733,0.0067139,0.040283
0.0010681,0.007782,0.037842
0.0022888,0.0065613,0.040283
0.0041199,0.0042725,0.040283
0.0047302,0.00045776,0.046387
0.0064087,-0.0019836,0.042725
0.007019,-0.0016785,0.048828
0.0083923,-0.00091553,0.050049
0.0086975,0.005188,0.054932
0.0093079,0.002594,0.053711
0.010681,0.0027466,0.058594
0.010376,0.0021362,0.059814
0.010986,0.0021362,0.058594
0.010986,0.0039673,0.072021
0.012512,0.0071716,0.062256
0.014496,0.0086975,0.046387
0.016174,0.0080872,0.057373
0.018768,0.0050354,0.064697
0.020447,0.00076294,0.061035
0.021667,-0.0015259,0.061035
0.022583,-0.002594,0.063477
0.022736,-0.00030518,0.065918
0.020447,0.0022888,0.064697
0.020752,0.0059509,0.064697
0.020294,0.0035095,0.063477
0.019836,0.0036621,0.067139
0.019379,0.002594,0.063477
0.019379,0.0024414,0.061035
0.018311,0.0038147,0.072021
0.018768,0.0045776,0.056152
0.0177,0.0050354,0.050049
0.018463,0.0053406,0.05127
0.018768,0.0042725,0.036621
0.020142,0.0035095,0.047607
0.023346,0.0032043,0.047607
0.021667,0.0041199,0.046387
0.021667,0.0045776,0.043945
0.018616,0.004425,0.040283
0.018463,0.0048828,0.042725
0.019226,0.00076294,0.039063
0.020752,-0.0013733,3.1726
0.02243,-0.0068665,4.7986
0.023804,-0.010223,4.9023
0.023804,-0.0067139,4.9158
0.023346,-0.010376,4.9109
0.022278,-0.010529,4.9084
0.020294,-0.0093079,4.9109
0.020599,-0.009613,4.9158
0.018158,-0.010223,4.9243
0.019989,-0.0085449,4.9231
0.019836,-0.010376,4.9072
0.021973,-0.011444,4.9011
0.022125,-0.011444,4.9146
0.024414,-0.012207,4.9109
0.02533,-0.013428,4.9146
0.028687,-0.018921,4.9231
0.028687,-0.018463,4.9109
0.028381,-0.020599,4.9243
0.028076,-0.018158,4.9255
0.026398,-0.015411,4.9316
0.024414,-0.011139,4.9268
0.023499,-0.0067139,4.9329
0.021973,-0.0047302,4.9304
0.021362,-0.0027466,4.9329
0.023651,-0.0028992,4.9353
0.023041,-0.0018311,4.9329
0.024872,-0.0021362,4.9292
0.024567,-0.0047302,4.9365
0.024872,-0.007782,4.9365
0.02533,-0.009613,4.9353
0.025482,-0.01236,4.9219
0.025635,-0.013275,4.9353
0.023804,-0.0097656,4.9353
0.023651,-0.005188,4.9158
0.021515,-0.0016785,4.9329
0.020599,0.0012207,4.928
0.021515,0.0030518,4.9304
0.02182,0.0033569,4.9268
0.022278,0.00091553,4.9255
0.021973,-0.0021362,4.9207
0.023346,-0.0027466,4.9207
0.023804,-0.0036621,4.9158
0.022736,-0.0035095,4.9219
0.02243,-0.0022888,4.9292
0.021362,-0.0030518,4.9207
0.019073,-0.0036621,4.9182
0.01709,-0.0038147,4.9182
0.014191,-0.0022888,4.8962
0.013733,-0.00076294,4.9084
0.013733,0,4.9133
0.013733,-0.00076294,4.9097
0.019226,-0.0039673,4.9072
0.021667,-0.0061035,4.9036
0.023804,-0.0065613,4.9121
0.023346,-0.011597,4.906
0.022888,-0.012207,4.9109
0.021667,-0.011292,4.9084
0.019226,-0.0083923,4.9133
0.018005,-0.0088501,4.9109
0.016632,-0.0064087,4.9182
0.016632,-0.0068665,4.9158
0.014496,-0.0083923,4.9158
0.013275,-0.0083923,4.9133
0.014343,-0.0082397,4.9243
0.016022,-0.0061035,4.9255
0.021362,-0.0057983,4.9255
0.022736,-0.0039673,4.9243
0.023346,-0.0019836,4.9292
0.022736,-0.0027466,4.9292
0.020447,-0.00076294,4.9255
0.019684,0.0018311,4.9316
0.019531,0.0045776,4.9304
0.019989,0.0028992,4.9341
0.019836,0.0061035,0.063477
0.020599,0.0054932,0.064697
0.02243,0.007782,0.057373
0.025787,0.0071716,0.065918
0.028229,0.0062561,0.062256
0.029907,0.0041199,0.068359
0.029755,0.00061035,0.075684
0.029907,-0.0028992,0.067139
0.028229,-0.0064087,0.070801
0.025482,-0.010834,0.057373
0.022888,-0.012665,0.05127
0.022125,-0.010376,0.057373
0.020905,-0.007782,0.057373
0.019531,-0.0045776,0.05127
0.017548,-0.0024414,0.05249
0.016022,-0.00045776,0.047607
0.015259,0,0.053711
0.014038,0,0.045166
0.016937,0,0.05249
0.018005,0.00030518,0.043945
0.019379,-0.0013733,0.046387
0.020599,-0.0047302,0.048828
0.019379,-0.0082397,0.046387
0.019684,-0.0099182,0.039063
0.016632,-0.010223,0.040283
0.013123,-0.0079346,0.040283
0.01297,-0.0045776,0.037842
0.015411,-0.00076294,0.039063
0.018158,0.00091553,0.041504
0.022125,0.0013733,0.043945
0.025177,0.0019836,0.039063
0.028839,0.0019836,0.040283
0.031433,0.00045776,0.039063
0.034943,-0.0018311,0.037842
0.036774,-0.0028992,0.041504
0.038605,-0.0021362,0.043945
0.036469,-0.0013733,0.043945
0.033264,0.0012207,0.05127
0.029297,0.0032043,0.05127
0.025177,0.0053406,0.058594
0.023651,0.0059509,0.050049
0.02182,0.0047302,0.043945
0.022888,0.0053406,0.070801
0.022888,0.0059509,0.061035
0.024109,0.0071716,0.065918
0.023956,0.0094604,0.061035
0.021667,0.0093079,0.046387
0.016785,0.0074768,0.061035
0.010986,0.009613,0.061035
0.0050354,0.015717,0.062256
-0.00045776,0.026093,0.058594
-0.0035095,0.039063,0.057373
-0.0032043,0.049591,0.067139
-0.00076294,0.056458,0.067139
0.0048828,0.055695,0.067139
0.010223,0.048828,0.059814
0.017242,0.041046,0.068359
0.024109,0.034637,0.062256
0.030365,0.029755,0.063477
0.034637,0.025482,0.065918
0.040741,0.020294,0.053711
0.041351,0.013885,0.057373
0.041809,0.0085449,0.053711
0.037994,0.0074768,0.062256
0.031281,0.0097656,0.046387
0.019684,0.013428,0.061035
0.0053406,0.014496,0.046387
-0.0080872,0.012054,0.046387
-0.01709,0.0035095,0.040283
-0.019684,-0.0080872,0.041504
-0.0177,-0.020905,0.03418
-0.015411,-0.030518,0.040283
-0.015411,-0.036163,0.037842
-0.019531,-0.039063,0.041504
-0.020142,-0.037842,0.036621
-0.019379,-0.032501,0.040283
-0.014648,-0.024109,0.039063
-0.0086975,-0.0042725,1.8054
-0.00045776,0.012817,4.7351
0.0061035,0.026093,4.8962
0.012665,0.032501,4.9158
0.015259,0.029449,4.906
0.02594,0.02121,4.9048
0.033417,0.0065613,4.9109
0.041351,-0.00061035,4.9146
0.045929,-0.0042725,4.9146
0.046082,-0.0019836,4.9194
0.04303,0.0024414,4.9219
0.036011,0.0062561,4.9304
0.029755,0.011597,4.9207
0.024261,0.014038,4.9353
0.020599,0.017853,4.9316
0.019379,0.02182,4.9329
0.020294,0.022888,4.9304
0.021057,0.021515,4.9329
0.021667,0.018005,4.9304
0.022125,0.013123,4.9304
0.018311,0.0074768,4.9353
0.016479,0.005188,4.9353
0.010834,0.0041199,4.9414
0.0053406,0.0032043,4.9329
0,0.0028992,4.9219
-0.0057983,0.0016785,4.9316
-0.0090027,0.00030518,4.9329
-0.011139,-0.0028992,4.9341
-0.013123,-0.0065613,4.9292
-0.013123,-0.013885,4.9255
-0.010071,-0.020142,4.9304
-0.0039673,-0.02594,4.9268
0.0032043,-0.029144,4.9231
0.011902,-0.029602,4.9194
0.018463,-0.027313,4.9255
0.02243,-0.026398,4.9207
0.025177,-0.025024,4.9194
0.027313,-0.021667,4.9255
0.030212,-0.018311,4.9158
0.033112,-0.01358,4.9109
0.036469,-0.0076294,4.9146
0.03952,-0.0062561,4.895
0.041809,-0.0093079,4.9084
0.042419,-0.018005,4.9072
0.041809,-0.024261,4.9084
0.041809,-0.031891,4.8999
0.042267,-0.031586,4.9072
0.04303,-0.027924,4.9084
0.041962,-0.020905,4.9084
0.039978,-0.014038,4.9084
0.0383,-0.0094604,4.906
0.036774,-0.0068665,4.9036
0.034943,-0.0045776,4.9097
0.034637,-0.0039673,4.9146
0.031738,-0.0028992,4.9158
0.02533,-0.0019836,4.9158
0.019379,-0.0024414,4.9231
0.012817,-0.0035095,4.9255
0.007019,-0.0050354,4.9316
0.0041199,-0.004425,4.9304
0.0019836,-0.0019836,4.9182
0.0016785,0.0015259,4.9304
0.0028992,0.0068665,4.9243
0.0056458,0.013123,4.9292
0.010834,0.017395,4.9316
0.013885,0.015411,4.9292
0.016479,0.014038,4.9341
0.019226,0.010376,4.9329
0.020447,0.0059509,4.9353
0.021667,0.0041199,4.9304
0.022278,0.004425,4.9341
0.022278,0.0016785,4.9353
0.023651,0.002594,4.9414
0.027313,0.00076294,4.9451
0.031433,-0.00045776,0.067139
0.036774,-0.0041199,0.063477
0.040283,-0.0097656,0.062256
0.039978,-0.014648,0.059814
0.036621,-0.020905,0.057373
0.03006,-0.02594,0.056152
0.023804,-0.029297,0.05127
0.016632,-0.029602,0.050049
0.011292,-0.02655,0.050049
0.0094604,-0.022278,0.048828
0.010986,-0.014648,0.043945
0.013733,-0.0085449,0.048828
0.018311,-0.0021362,0.041504
0.021057,0.0010681,0.047607
0.028839,0.0015259,0.045166
0.034943,0.0041199,0.045166
0.037994,0.0039673,0.036621
0.03891,0.0047302,0.042725
0.036011,0.0022888,0.050049
0.029907,-0.00030518,0.037842
0.024109,-0.0019836,0.050049
0.019226,-0.00076294,0.040283
0.018005,0.0033569,0.028076
0.016785,0.014191,0.039063
0.019989,0.020599,0.046387
0.024261,0.028381,0.040283
0.028381,0.033875,0.042725
0.030975,0.032654,0.041504
0.031586,0.028687,0.043945
0.029907,0.019226,0.048828
0.026398,0.013733,0.043945
0.022888,0.0022888,0.050049
0.0177,-0.0054932,0.056152
0.013275,-0.011749,0.059814
0.0074768,-0.015259,0.058594
0.0030518,-0.015411,0.075684
0.0019836,-0.012817,0.061035
0.0027466,-0.0091553,0.061035
0.0054932,-0.0056458,0.062256
0.0080872,-0.0039673,0.063477
0.0097656,-0.0028992,0.058594
0.0080872,-0.0053406,0.063477
0.010071,-0.0090027,0.061035
0.010834,-0.015411,0.062256
0.013885,-0.023346,0.061035
0.016022,-0.029907,0.065918
0.017853,-0.033417,0.065918
0.0177,-0.033417,0.064697
0.018158,-0.031738,0.062256
0.017853,-0.027924,0.067139
0.0177,-0.025024,0.061035
0.020294,-0.022888,0.053711
0.022736,-0.022736,0.056152
0.027313,-0.020599,0.05249
0.031586,-0.016632,0.062256
0.035858,-0.012512,0.053711
0.040283,-0.007019,0.061035
0.041351,-0.00030518,0.045166
0.042572,0.0062561,0.040283
0.043488,0.011749,0.045166
0.044403,0.019379,0.045166
0.044708,0.024414,0.039063
0.044708,0.030518,0.029297
0.04364,0.034332,0.037842
0.045166,0.037079,0.041504
0.046082,0.036621,0.037842
0.049133,0.032959,0.040283
0.051422,0.027008,0.0354
0.053253,0.020142,0.040283
0.050201,0.016174,0.042725
0.045166,0.015106,0.041504
0.037689,0.016174,0.039063
0.029449,0.016022,0.037842
0.023804,0.014496,0.031738
0.020752,0.012054,0.039063
0.019684,0.0080872,0.041504
0.019989,0.0054932,0.048828
0.019836,0.0041199,4.4519
0.018921,0.002594,4.8877
0.017242,0.00030518,4.9146
0.015717,-0.0035095,4.9194
0.013885,-0.0068665,4.9255
0.011597,-0.0088501,4.9231
0.007782,-0.010376,4.9292
0.0012207,-0.007782,4.9268
-0.00076294,-0.0039673,4.9304
-0.0048828,-0.0012207,4.9255
-0.0050354,0.00030518,4.9341
-0.0016785,0.0028992,4.928
0.0050354,0.0064087,4.9329
0.01297,0.0088501,4.9426
0.019226,0.0086975,4.9341
0.021057,0.007019,4.9353
0.020905,0.0045776,4.9365
0.018158,-0.00030518,4.9231
0.016632,-0.0015259,4.9304
0.018005,-0.00030518,4.9329
0.021667,0.0018311,4.9329
0.025635,0.0042725,4.9304
0.028229,0.0048828,4.906
0.031891,0.0045776,4.9292
0.033875,0.0032043,4.9255
0.036621,0.0012207,4.9231
0.040436,0.00015259,4.9194
0.043335,-0.00061035,4.9207
0.044098,-0.0013733,4.9207
0.040283,-0.0042725,4.9219
0.033264,-0.0019836,4.9146
0.023956,0.00061035,4.9207
0.015717,0.0053406,4.917
0.0097656,0.011444,4.9146
0.0057983,0.016327,4.9158
0.0024414,0.019531,4.9097
0.0028992,0.019226,4.9231
0.00076294,0.016327,4.9121
0.0013733,0.015259,4.9121
0.0021362,0.01297,4.9023
0.0045776,0.0099182,4.9109
0.009613,0.0050354,4.9084
0.01297,-0.0033569,4.906
0.019531,-0.0076294,4.8816
0.022125,-0.011139,4.9158
0.022888,-0.013428,4.9109
0.02182,-0.011444,4.9158
0.020905,-0.0082397,4.9158
0.019226,-0.0059509,4.9182
0.019836,-0.005188,4.9329
0.02121,-0.0073242,4.9207
0.02243,-0.0091553,4.9255
0.023956,-0.0091553,4.928
0.023041,-0.0074768,4.9182
0.023193,-0.0041199,4.9304
0.024719,-0.0021362,4.9304
0.026855,-0.0021362,4.928
0.026855,-0.002594,4.9304
0.032043,-0.0035095,4.9329
0.031891,-0.0012207,4.9316
0.029907,-0.00091553,4.9304
0.02655,0.0021362,4.9329
0.024414,0.0048828,4.9304
0.024414,0.0065613,4.9353
0.026245,0.011139,4.9365
0.030365,0.0062561,4.9353
0.033722,0.0073242,4.9365
0.036316,0.0090027,4.9377
0.039215,0.011139,4.9402
0.039978,0.01297,4.9353
0.040131,0.011902,4.939
0.040894,0.0085449,4.9304
0.041351,0.0032043,4.9292
0.039978,-0.0018311,4.9219
0.037689,-0.0057983,0.05249
0.03418,-0.0086975,0.05127
0.030365,-0.0099182,0.046387
0.027618,-0.01297,0.045166
0.027313,-0.016327,0.05127
0.028229,-0.018158,0.043945
0.028839,-0.022278,0.045166
0.028687,-0.024567,0.043945
0.025787,-0.024719,0.042725
0.021057,-0.023346,0.037842
0.018463,-0.02121,0.041504
0.016937,-0.018158,0.05249
0.019531,-0.016785,0.037842
0.02121,-0.017242,0.045166
0.022888,-0.018005,0.040283
0.024567,-0.019073,0.023193
0.021973,-0.018311,0.036621
0.023193,-0.015869,0.039063
0.02655,-0.012512,0.036621
0.031281,-0.010223,0.039063
0.037079,-0.0085449,0.039063
0.042877,-0.010834,0.046387
0.044861,-0.013275,0.042725
0.044556,-0.016174,0.048828
0.043182,-0.0177,0.048828
0.041962,-0.018311,0.056152
0.041962,-0.018921,0.056152
0.040283,-0.016937,0.059814
0.039215,-0.017548,0.062256
0.036621,-0.018005,0.053711
0.036011,-0.018005,0.058594
0.032043,-0.01709,0.062256
0.030975,-0.014343,0.074463
0.031281,-0.0085449,0.058594
0.032501,-0.00091553,0.05127
0.035553,0.0062561,0.061035
0.035858,0.011597,0.063477
0.036926,0.011292,0.061035
0.034637,0.012512,0.065918
0.032196,0.010834,0.058594
0.028534,0.0076294,0.065918
0.027618,0.0061035,0.065918
0.027008,0.0032043,0.065918
0.023651,-0.0013733,0.059814
0.022888,-0.0073242,0.063477
0.022125,-0.011749,0.058594
0.019836,-0.013733,0.057373
0.019073,-0.013428,0.062256
0.017548,-0.010223,0.054932
0.01709,-0.0061035,0.05127
0.018768,-0.0065613,0.048828
0.0177,-0.0065613,0.036621
0.016632,-0.009613,0.045166
0.014038,-0.0056458,0.046387
0.010529,-0.002594,0.042725
0.007782,0.00061035,0.041504
0.0067139,0.0038147,0.041504
0.0068665,0.0062561,0.040283
0.0074768,0.0062561,0.039063
0.0054932,0.0067139,0.040283
0.0057983,0.0079346,0.041504
0.004425,0.011902,0.041504
0.0027466,0.014801,0.041504
0.00091553,0.015564,0.042725
-0.00045776,0.014648,0.036621
-0.00091553,0.010071,0.043945
-0.0024414,0.0071716,0.042725
-0.0032043,0.0027466,0.040283
-0.0042725,-0.00030518,0.05127
-0.0041199,0.00015259,0.045166
-0.0032043,0.00015259,0.032959
-0.0013733,0.00015259,0.041504
0,-0.0010681,0.047607
0.0019836,-0.0048828,0.05249
0.0027466,-0.0079346,0.053711
0.0028992,-0.0093079,0.053711
0.0036621,-0.0094604,2.5598
0.0039673,-0.007782,4.7876
0.005188,-0.0071716,4.9207
0.0056458,-0.0080872,4.928
0.0057983,-0.010529,4.9329
0.0068665,-0.011902,4.9292
0.0071716,-0.01236,4.9304
0.0086975,-0.010529,4.9438
0.010223,-0.0073242,4.9329
0.011292,-0.0038147,4.9341
0.013123,-0.00045776,4.9353
0.014648,0.0010681,4.9353
0.017242,0.0030518,4.9353
0.019989,0.005188,4.9341
0.023804,0.0076294,4.9329
0.026855,0.010071,4.9316
0.028381,0.012665,4.9268
0.03006,0.013275,4.9316
0.029297,0.012054,4.9219
0.029297,0.0093079,4.9231
0.027618,0.0057983,4.9182
0.02594,0.0010681,4.9207
0.024261,-0.0030518,4.917
0.022736,-0.0045776,4.9194
0.02243,-0.0056458,4.9194
0.020752,-0.0056458,4.9194
0.020599,-0.0056458,4.9255
0.018616,-0.0068665,4.906
0.01709,-0.005188,4.9255
0.016937,-0.0042725,4.9097
0.017242,-0.0015259,4.9036
0.017853,0.0035095,4.9109
0.019379,0.0042725,4.9109
0.020294,0.0086975,4.9097
0.02121,0.0030518,4.9097
0.021515,-0.0048828,4.9072
0.021973,-0.0042725,4.9097
0.02121,-0.0068665,4.9084
0.02121,-0.0065613,4.9133
0.019684,-0.005188,4.9084
0.019073,-0.0048828,4.9133
0.019073,-0.007782,4.917
0.019684,-0.0062561,4.9158
0.020599,-0.0056458,4.9219
0.022278,-0.0038147,4.9207
0.023956,0.0015259,4.9231
0.024567,0.0086975,4.928
0.023804,0.013733,4.9292
0.021362,0.021973,4.9292
0.018921,0.029144,4.9158
0.016632,0.029907,4.9304
0.01358,0.034027,4.9329
0.010986,0.035858,4.9304
0.010681,0.034027,4.9304
0.012817,0.038147,4.9329
0.017242,0.036011,4.9341
0.02243,0.035248,4.9329
0.025787,0.029602,4.9341
0.027466,0.024719,4.9329
0.029449,0.019531,4.9438
0.026703,0.014191,4.9316
0.022125,0.010681,4.9365
0.016632,0.0013733,4.9463
0.010376,-0.0050354,4.9329
0.0045776,-0.0086975,4.9329
0.00091553,-0.013275,4.9304
-0.0032043,-0.014648,4.9097
-0.0059509,-0.014648,4.9219
-0.0067139,-0.010986,4.9182
-0.0045776,-0.0038147,4.9231
-0.0015259,0.0021362,4.9182
0.0010681,0.0085449,4.9182
0.0047302,0.013275,4.917
0.007782,0.02121,4.9158
0.011597,0.028229,0.045166
0.021515,0.035248,0.041504
0.027771,0.041046,0.043945
0.034485,0.04364,0.041504
0.040741,0.04425,0.042725
0.045624,0.040436,0.042725
0.049286,0.033112,0.040283
0.05188,0.028687,0.036621
0.053101,0.024414,0.041504
0.055542,0.021515,0.031738
0.056458,0.019684,0.037842
0.053864,0.016937,0.037842
0.050507,0.016022,0.039063
0.044556,0.014648,0.042725
0.040741,0.014954,0.040283
0.034332,0.016022,0.042725
0.031281,0.020142,0.045166
0.028534,0.017853,0.050049
0.024567,0.018158,0.046387
0.020599,0.016022,0.054932
0.018158,0.0099182,0.056152
0.015259,0.00045776,0.061035
0.011597,-0.0047302,0.057373
0.0088501,-0.0099182,0.058594
0.0057983,-0.010834,0.068359
0.0028992,-0.012054,0.062256
0.0016785,-0.010223,0.074463
0.0012207,-0.0093079,0.059814
0.0010681,-0.0068665,0.048828
0.0012207,-0.0028992,0.062256
0.0033569,0.0016785,0.062256
0.0053406,0.0054932,0.059814
0.01236,0.0091553,0.067139
0.015717,0.0083923,0.062256
0.02243,0.0041199,0.067139
0.028076,-0.0013733,0.064697
0.032959,-0.0054932,0.067139
0.040131,-0.0085449,0.061035
0.03952,-0.011139,0.059814
0.040588,-0.014801,0.059814
0.040894,-0.016022,0.057373
0.040588,-0.015717,0.054932
0.039368,-0.019989,0.05249
0.0383,-0.021667,0.048828
0.037537,-0.026245,0.046387
0.036621,-0.022125,0.050049
0.036621,-0.020142,0.048828
0.035706,-0.021362,0.042725
0.034943,-0.028381,0.041504
0.034027,-0.031738,0.043945
0.033417,-0.033417,0.040283
0.031891,-0.03067,0.037842
0.029755,-0.023346,0.036621
0.029755,-0.016785,0.040283
0.029907,-0.014038,0.036621
0.030518,-0.012665,0.037842
0.032654,-0.011749,0.039063
0.03479,-0.010529,0.041504
0.036011,-0.0021362,0.026855
0.036316,0.0065613,0.041504
0.036774,0.0085449,0.054932
0.036621,0.0074768,0.042725
0.0383,0.0041199,0.048828
0.037994,-0.005188,0.045166
0.037384,-0.012207,0.026855
0.037079,-0.018921,0.048828
0.036469,-0.022583,0.047607
0.034943,-0.024567,0.054932
0.033112,-0.02243,0.056152
0.031433,-0.02121,0.056152
0.029755,-0.020599,0.059814
0.030518,-0.020447,0.054932
0.030518,-0.021515,0.062256
0.030365,-0.019836,0.061035
0.029907,-0.0177,0.063477
0.026703,-0.016937,0.062256
0.026703,-0.016327,0.062256
0.022278,-0.016785,4.4067
0.019989,-0.016479,4.8962
0.018768,-0.01709,4.9292
0.015259,-0.0177,4.9353
0.017548,-0.018005,4.9487
0.01236,-0.016479,4.9304
0.01236,-0.013428,4.9219
0.012817,-0.010834,4.9329
0.014038,-0.0099182,4.928
0.014496,-0.011902,4.9255
0.018005,-0.016479,4.9304
0.022736,-0.021515,4.9207
0.027924,-0.024872,4.9231
0.033264,-0.025787,4.9194
0.037231,-0.024261,4.9182
0.03891,-0.020752,4.9207
0.040131,-0.018616,4.9207
0.039215,-0.017395,4.9158
0.03891,-0.017548,4.9158
0.039673,-0.016632,4.9219
0.037537,-0.011749,4.9109
0.036774,-0.0079346,4.9158
0.036774,0.00045776,4.9109
0.037079,0.0036621,4.8999
0.036926,0.0053406,4.9133
0.037384,0.0062561,4.9011
0.035095,0.007019,4.9146
0.035095,0.0064087,4.9109
0.030823,0.007019,4.9097
0.025787,0.0085449,4.9109
0.020447,0.010834,4.9084
0.015564,0.0047302,4.9109
0.011139,-0.0013733,4.9097
0.0082397,-0.0053406,4.917
0.0059509,-0.01297,4.9146
0.0045776,-0.013123,4.9207
0.0036621,-0.014038,4.9146
0.0019836,-0.018768,4.9231
0.0035095,-0.018158,4.9231
0.0047302,-0.02182,4.9231
0.0064087,-0.024261,4.9353
0.0076294,-0.020752,4.9304
0.0086975,-0.01358,4.9158
0.010376,-0.010223,4.928
0.013428,-0.0071716,4.928
0.0177,-0.005188,4.9304
0.023346,-0.0071716,4.9292
0.029602,-0.0022888,4.9158
0.034027,0.0047302,4.9353
0.041962,0.0088501,4.9329
0.046387,0.015259,4.9353
0.04776,0.018005,4.9329
0.046844,0.021362,4.9414
0.046387,0.026398,4.9316
0.044556,0.029907,4.9377
0.042267,0.031891,4.9487
0.037994,0.03418,4.9353
0.033875,0.035248,4.9243
0.030212,0.035248,4.9304
0.029144,0.033722,4.9158
0.029297,0.032501,4.9243
0.029907,0.028839,4.9231
0.028229,0.02533,4.9194
0.026703,0.023956,4.9207
0.024261,0.022278,4.9182
0.022278,0.022125,4.9182
0.019684,0.02243,4.9146
0.016327,0.019684,4.9133
0.01358,0.020447,4.9084
0.009613,0.019073,4.9133
0.007019,0.018158,4.9121
0.0061035,0.018768,4.9146
0.0047302,0.019836,0.037842
0.0042725,0.020599,0.045166
0.0038147,0.021362,0.047607
0.0024414,0.021667,0.041504
0.002594,0.019226,0.048828
0.0022888,0.014954,0.040283
0.0022888,0.011444,0.03418
0.00061035,0.0067139,0.0354
-0.00061035,0.0054932,0.041504
-0.0053406,0.0035095,0.042725
-0.0056458,0.0028992,0.046387
-0.0057983,0.0027466,0.047607
-0.0045776,0.0021362,0.047607
-0.002594,0.0033569,0.05249
0.004425,0.0036621,0.058594
0.010834,0.0062561,0.053711
0.017395,0.0086975,0.058594
0.023041,0.0094604,0.062256
0.028229,0.013733,0.068359
0.032043,0.013885,0.072021
0.0354,0.011749,0.063477
0.037689,0.010376,0.064697
0.038605,0.0054932,0.061035
0.037842,0.0022888,0.061035
0.036316,0.00076294,0.063477
0.031738,0.00076294,0.062256
0.028687,0.0024414,0.063477
0.02594,0.0033569,0.06958
0.02243,0.0033569,0.061035
0.020599,0.0021362,0.063477
0.017853,0.0027466,0.062256
0.016785,0.0030518,0.064697
0.015564,0.002594,0.058594
0.014801,0.0048828,0.058594
0.015717,0.0067139,0.056152
0.015411,0.0050354,0.058594
0.013733,0.0053406,0.050049
0.01297,0.00076294,0.050049
0.011597,-0.0015259,0.061035
0.012665,-0.0038147,0.046387
0.013428,-0.00091553,0.056152
0.015869,0.0019836,0.045166
0.020142,-0.00091553,0.037842
0.026245,0.0053406,0.042725
0.032654,0.0045776,0.037842
0.036774,0.0047302,0.040283
0.039368,0.007019,0.040283
0.040131,0.0054932,0.036621
0.03952,0.0039673,0.041504
0.036469,0.0013733,0.036621
0.033722,-0.0033569,0.040283
0.028687,-0.0050354,0.037842
0.027771,-0.0027466,0.042725
0.024872,0.0013733,0.040283
0.025482,0.0032043,0.042725
0.022888,0.0042725,0.05249
0.023041,0.0032043,0.043945
0.022278,0,0.043945
0.024109,-0.0013733,0.046387
0.025635,-0.0038147,0.039063
0.026245,-0.0054932,0.046387
0.027771,-0.0085449,0.041504
0.027466,-0.0068665,0.053711
0.026703,-0.0057983,0.056152
0.026093,-0.0050354,0.057373
0.02594,-0.004425,0.058594
0.025787,-0.0035095,0.058594
0.02533,-0.0057983,0.064697
0.023041,-0.0054932,0.057373
0.021515,-0.0064087,0.063477
0.020905,-0.0067139,0.058594
0.025635,-0.0057983,0.063477
0.024414,-0.0068665,0.061035
0.025482,-0.0048828,0.064697
0.025482,-0.0054932,0.072021
0.024719,-0.0033569,0.065918
0.024261,-0.0022888,0.073242
0.022736,-0.00015259,0.067139
0.024719,0.0012207,2.0251
0.02533,0.0019836,4.7607
0.02594,0.00091553,4.9109
0.025787,-0.0028992,4.9243
0.02594,-0.0038147,4.9316
0.025787,-0.0076294,4.9194
0.02655,-0.015717,4.9255
0.02533,-0.011292,4.9182
0.023956,-0.012512,4.9194
0.023956,-0.013885,4.9109
0.023499,-0.013733,4.9194
0.023956,-0.013428,4.917
0.024567,-0.011597,4.9207
0.027771,-0.010986,4.9158
0.03067,-0.011292,4.9207
0.033569,-0.011597,4.9109
0.035095,-0.014343,4.9097
0.036163,-0.016022,4.9072
0.037689,-0.017242,4.9097
0.0383,-0.016785,4.9207
0.037384,-0.016174,4.9097
0.036011,-0.014038,4.9084
0.031433,-0.012817,4.906
0.027313,-0.011597,4.9133
0.024261,-0.011444,4.9048
0.025177,-0.0088501,4.9158
0.027313,-0.0083923,4.9097
0.028534,-0.0054932,4.9182
0.029907,-0.0035095,4.9133
0.029144,-0.0016785,4.9182
0.028992,-0.0012207,4.9207
0.028687,0.00015259,4.9243
0.03067,0,4.9365
0.031281,0.00045776,4.9255
0.029907,0.0013733,4.9353
0.027313,0.0036621,4.9316
0.022736,0.0047302,4.9207
0.019531,0.0035095,4.9292
0.018311,0.0016785,4.9304
0.018005,0.002594,4.9304
0.019226,0.00076294,4.9304
0.019379,-0.0022888,4.9268
0.019684,-0.0067139,4.9353
0.018463,-0.013733,4.9329
0.016022,-0.014496,4.9341
0.012054,-0.014038,4.9329
0.010071,-0.013733,4.9268
0.0067139,-0.011749,4.9353
0.0086975,-0.0099182,4.9329
0.0086975,-0.0086975,4.9377
0.0099182,-0.0062561,4.9353
0.0073242,-0.004425,4.9316
0.0079346,-0.0024414,4.9268
0.0086975,0,4.9329
0.010986,0.00015259,4.9207
0.013123,0,4.8987
0.015411,0.00045776,4.917
0.017395,0.0010681,4.9194
0.018921,0.0022888,4.917
0.019379,0.0027466,4.9158
0.019226,0.0028992,4.9146
0.019684,0.0027466,4.9133
0.019836,0.0041199,4.9072
0.020752,0.0071716,4.9146
0.021362,0.0094604,4.9109
0.020752,0.011749,4.9146
0.019226,0.011444,4.9097
0.017853,0.0085449,4.9133
0.018158,0.0064087,4.9194
0.019226,0.0035095,4.9146
0.022125,0.0015259,4.917
0.026398,0.0027466,4.9097
0.030212,0.0038147,0.025635
0.031891,0.0064087,0.041504
0.03067,0.0076294,0.05127
0.028076,0.0090027,0.043945
0.026855,0.0083923,0.045166
0.026093,0.007019,0.048828
0.025635,0.0054932,0.045166
0.024414,0.0035095,0.054932
0.024567,0.0021362,0.058594
0.023346,0.0019836,0.053711
0.024261,0.0015259,0.061035
0.025024,0.0013733,0.062256
0.026398,0.0012207,0.065918
0.027771,0.0015259,0.064697
0.028992,0.002594,0.063477
0.031128,0.0045776,0.063477
0.031586,0.0059509,0.061035
0.030212,0.0059509,0.06958
0.029907,0.0053406,0.062256
0.031738,0.0035095,0.062256
0.033875,0.0024414,0.063477
0.036621,0.004425,0.067139
0.038605,0.0062561,0.064697
0.03891,0.0091553,0.064697
0.036163,0.011597,0.061035
0.032349,0.011749,0.063477
0.03067,0.013733,0.058594
0.028076,0.013733,0.056152
0.025482,0.014191,0.053711
0.023499,0.015259,0.053711
0.021515,0.015411,0.048828
0.019836,0.015717,0.05249
0.018311,0.016785,0.062256
0.018921,0.017395,0.047607
0.020599,0.016937,0.046387
0.022278,0.016632,0.046387
0.024109,0.015411,0.024414
0.024261,0.011902,0.039063
0.024567,0.0071716,0.041504
0.023346,0.002594,0.037842
0.022125,-0.0018311,0.040283
0.017548,-0.0039673,0.037842
0.015717,-0.0053406,0.041504
0.014648,-0.0065613,0.036621
0.015106,-0.0056458,0.040283
0.016174,-0.0057983,0.037842
0.016022,-0.0039673,0.039063
0.016022,-0.00061035,0.041504
0.014801,0.0019836,0.042725
0.014191,0.005188,0.037842
0.013733,0.0080872,0.045166
0.015869,0.0099182,0.045166
0.017395,0.0086975,0.047607
0.016937,0.010986,0.058594
0.015717,0.011139,0.048828
0.01297,0.010986,0.046387
0.012207,0.010834,0.053711
0.01297,0.010681,0.057373
0.014954,0.011292,0.057373
0.017853,0.013275,0.058594
0.018921,0.014648,0.057373
0.019684,0.013885,0.061035
0.019684,0.011139,0.058594
0.018768,0.0076294,0.064697
0.018158,0.0036621,0.061035
0.018158,0.00076294,0.063477
0.017395,0.00045776,0.063477
0.016174,0.0013733,0.064697
0.015106,0.0016785,0.074463
0.013885,-0.00015259,0.06958
0.013275,-0.00061035,0.067139
0.012665,-0.00061035,0.063477
0.013275,0.00015259,0.061035
0.014496,0.0028992,0.061035
0.016479,0.0057983,0.057373
0.017242,0.0076294,0.056152
0.017242,0.007782,0.05249
0.01709,0.0073242,0.05127
0.016022,0.0054932,0.085449
0.014801,0.0047302,4.6228
0.014496,0.0041199,4.8987
0.013275,0.0068665,4.9072
0.012054,0.0076294,4.9133
0.010681,0.0073242,4.9182
0.010071,0.0059509,4.9182
0.0093079,0.0032043,4.9109
0.010223,0.00045776,4.9121
0.012054,-0.0010681,4.9243
0.012817,-0.0012207,4.9121
0.011749,-0.0022888,4.9182
0.0091553,-0.00061035,4.9133
0.0068665,-0.0013733,4.8914
0.0053406,-0.0021362,4.9072
0.0056458,-0.0028992,4.9097
0.0083923,-0.0028992,4.9084
0.011139,-0.0015259,4.9097
0.01236,0.00091553,4.9072
0.014038,0.0019836,4.9109
0.014191,0.0027466,4.9097
0.016937,0.00061035,4.9158
0.0177,-0.0030518,4.9146
0.018921,-0.0059509,4.9219
0.021057,-0.0085449,4.928
0.020294,-0.0091553,4.9194
0.019531,-0.011292,4.9329
0.018005,-0.01297,4.9255
0.016479,-0.01297,4.928
0.016479,-0.014343,4.9304
0.017395,-0.010834,4.9329
0.019531,-0.0097656,4.9329
0.021515,-0.0088501,4.9133
0.02243,-0.0085449,4.9304
0.023651,-0.0086975,4.9292
0.023956,-0.010376,4.9158
0.02533,-0.011597,4.9304
0.02655,-0.009613,4.9353
0.027313,-0.0082397,4.9341
0.026093,-0.0050354,4.9316
0.024414,-0.0016785,4.9304
0.023041,0.00091553,4.9341
0.023041,0.0021362,4.9341
0.023499,0.0035095,4.9316
0.022125,0.0036621,4.9329
0.027771,0.004425,4.939
0.030365,0.0056458,4.928
0.032043,0.0068665,4.9304
0.034485,0.0064087,4.9231
0.032806,0.0048828,4.9084
0.034027,0.0018311,4.9194
0.033112,-0.0021362,4.9158
0.032806,-0.004425,4.9194
0.034027,-0.0057983,4.9146
0.035553,-0.0059509,4.9146
0.036316,-0.0067139,4.9109
0.037384,-0.0050354,4.9084
0.037994,-0.0021362,4.9109
0.039978,-0.0015259,4.9072
0.042267,-0.00061035,4.9121
0.042114,0,4.9109
0.042877,0.0021362,4.9121
0.043793,0.0053406,4.9097
0.042419,0.0093079,4.9133
0.041046,0.011292,4.9084
0.039825,0.010986,4.9097
0.041199,0.010376,4.9109
0.042419,0.0091553,4.9133
0.043945,0.007782,4.9158
0.04364,0.0094604,4.9121
0.041199,0.010834,4.9158
0.03891,0.011292,4.9182
0.03479,0.010071,0.054932
0.033569,0.0085449,0.050049
0.033569,0.0050354,0.058594
0.032501,0.0035095,0.057373
0.031891,0.0012207,0.061035
0.029297,0.0083923,0.061035
0.028381,0.011902,0.063477
0.023804,0.014954,0.057373
0.023804,0.013885,0.064697
0.024261,0.010834,0.06958
0.028229,0.0035095,0.059814
0.030365,0.0041199,0.06958
0.028992,0.0030518,0.061035
0.028687,0.0027466,0.045166
0.025635,0.0045776,0.062256
0.026398,0.0038147,0.063477
0.024872,0.0036621,0.067139
0.024567,0.00030518,0.065918
0.023956,-0.0019836,0.057373
0.022736,-0.0016785,0.063477
0.020599,-0.0021362,0.061035
0.018158,-0.0018311,0.059814
0.016937,-0.002594,0.050049
0.017548,-0.0032043,0.054932
0.020599,-0.0042725,0.05249
0.022888,-0.0041199,0.05249
0.024719,-0.0010681,0.05249
0.025024,0.0028992,0.050049
0.024567,0.0065613,0.043945
0.023651,0.0090027,0.046387
0.023651,0.009613,0.03418
0.024872,0.0080872,0.041504
0.025024,0.0065613,0.040283
0.026398,0.0042725,0.037842
0.027008,0.0050354,0.037842
0.026093,0.0088501,0.0354
0.024109,0.011902,0.039063
0.020447,0.012207,0.037842
0.018768,0.010681,0.040283
0.016937,0.0053406,0.036621
0.018768,0.0016785,0.042725
0.017242,0.00030518,0.039063
0.016479,0.0015259,0.039063
0.014038,0.0038147,0.041504
0.011902,0.0042725,0.043945
0.012512,0.0019836,0.05249
0.014343,-0.0032043,0.047607
0.016632,-0.0048828,0.061035
0.017548,-0.0083923,0.05249
0.017853,-0.0061035,0.042725
0.016022,0,0.058594
0.014496,0.0048828,0.057373
0.014191,0.0083923,0.057373
0.015564,0.0080872,0.059814
0.019379,0.005188,0.064697
0.023346,0.0022888,0.062256
0.026398,0.0010681,0.058594
0.028381,0.00091553,0.061035
0.028076,0.0032043,0.058594
0.029144,0.005188,0.059814
0.029297,0.0056458,0.064697
0.031433,0.0050354,0.064697
0.032654,0.0035095,0.06958
0.032654,0.0012207,0.06958
0.03067,-0.00030518,0.067139
0.027771,-0.00091553,0.065918
0.024414,-0.00091553,0.070801
0.02182,0.00045776,0.063477
0.020294,0.0015259,0.058594
0.020599,0.00091553,0.056152
0.019989,-0.00015259,0.054932
0.018616,-0.0018311,0.05249
0.016937,-0.0019836,0.05127
0.012665,-0.002594,0.046387
0.010223,-0.0027466,0.047607
0.0093079,-0.0032043,0.045166
0.010223,-0.004425,0.046387
0.011292,-0.0061035,0.046387
0.011597,-0.0093079,0.14648
0.011139,-0.012512,4.635
0.0097656,-0.013123,4.8914
0.011139,-0.013733,4.9207
0.012512,-0.011902,4.9084
0.015106,-0.010986,4.9158
0.016632,-0.010376,4.9109
0.016632,-0.0093079,4.8938
0.016327,-0.0080872,4.9072
0.016022,-0.0064087,4.9097
0.016174,-0.0039673,4.9109
0.016174,-0.0030518,4.9109
0.017242,-0.0038147,4.9048
0.019531,-0.0050354,4.9121
0.020905,-0.0068665,4.9109
0.022278,-0.0073242,4.917
0.023193,-0.0064087,4.9146
0.024261,-0.0032043,4.9207
0.024414,-0.0022888,4.9219
0.023499,-0.0018311,4.9255
0.023499,-0.0032043,4.9329
0.026245,-0.0039673,4.9268
0.022736,-0.0030518,4.928
0.020905,-0.0013733,4.9341
0.019379,0.0013733,4.9438
0.016937,0.004425,4.9219
0.015717,0.0061035,4.9231
0.014496,0.0047302,4.9329
0.016479,0.0024414,4.9304
0.014954,0.00061035,4.9268
0.014801,-0.0018311,4.9329
0.014038,-0.00091553,4.9329
0.013428,0.00015259,4.9365
0.011902,0.0015259,4.9329
0.010834,0.0028992,4.9377
0.010834,0.0028992,4.9329
0.012207,0.0028992,4.9377
0.01297,0.0038147,4.9316
0.01358,0.0036621,4.9353
0.010529,0.0056458,4.9353
0.010986,0.0076294,4.928
0.011597,0.0083923,4.9243
0.014191,0.0091553,4.906
0.016174,0.010834,4.9084
0.017395,0.010223,4.9158
0.016327,0.012054,4.9194
0.014343,0.010376,4.9158
0.012054,0.010376,4.917
0.010681,0.0097656,4.9146
0.011444,0.0091553,4.9158
0.012817,0.007782,4.9109
0.013123,0.0062561,4.9146
0.013275,0.0045776,4.906
0.010986,0.0041199,4.9121
0.007782,0.0033569,4.9109
0.0050354,0.0028992,4.9109
0.0022888,0.002594,4.9097
0.0032043,0.0033569,4.9133
0.0062561,0.0030518,4.9121
0.0068665,0.0030518,4.9097
0.0074768,0.0015259,4.9146
0.0062561,0.00091553,4.9121
0.0068665,-0.0015259,4.9084
0.007782,0.0022888,4.9133
0.011292,0.0053406,4.9158
0.016785,0.0065613,4.917
0.020294,0.007782,4.9219
0.022888,0.0071716,4.9146
0.022736,0.0042725,4.9255
0.02121,0.004425,4.9292
0.021362,0.0039673,4.9316
0.023041,0.0045776,4.928
0.026703,0.0054932,0.067139
0.029144,0.0035095,0.056152
0.029449,-0.00030518,0.064697
0.029602,-0.0032043,0.076904
0.027618,-0.0054932,0.061035
0.026245,-0.0057983,0.062256
0.025635,-0.0047302,0.062256
0.026398,-0.002594,0.053711
0.02594,-0.0012207,0.064697
0.028839,0,0.065918
0.027313,-0.00045776,0.065918
0.025482,-0.0013733,0.064697
0.022278,-0.0010681,0.058594
0.021667,-0.00091553,0.063477
0.022278,0,0.057373
0.024261,0.0059509,0.057373
0.027466,-0.00045776,0.05127
0.027771,-0.0013733,0.054932
0.029449,-0.0021362,0.05127
0.029449,-0.0030518,0.050049
0.028229,-0.0024414,0.050049
0.027924,-0.0022888,0.048828
0.027466,-0.0018311,0.053711
0.028839,-0.0021362,0.045166
0.030212,-0.0027466,0.053711
0.029907,-0.0035095,0.032959
0.026703,-0.0050354,0.037842
0.026398,-0.0022888,0.040283
0.024872,0,0.040283
0.024261,0.0024414,0.039063
0.029144,0.0038147,0.041504
0.026855,0.0042725,0.0354
0.026855,0.0024414,0.037842
0.025024,0.0047302,0.039063
0.024414,0.0054932,0.040283
0.022278,0.007019,0.039063
0.021973,0.0082397,0.041504
0.022888,0.0064087,0.040283
0.023193,0.007782,0.048828
0.026093,0.0047302,0.056152
0.026093,0,0.050049
0.024414,0.0032043,0.053711
0.022736,0.0047302,0.045166
0.022125,0.0057983,0.041504
0.020905,0.007019,0.063477
0.021362,0.0085449,0.059814
0.020905,0.0094604,0.058594
0.018463,0.0085449,0.061035
0.018158,0.0074768,0.062256
0.018768,0.0056458,0.062256
0.019073,0.0048828,0.056152
0.018463,0.0050354,0.064697
0.023193,0.0065613,0.058594
0.021515,0.0071716,0.063477
0.020752,0.0068665,0.065918
0.021057,0.0079346,0.065918
0.020142,0.0024414,0.068359
0.019684,-0.00045776,0.067139
0.018463,-0.0021362,0.074463
0.0177,-0.0057983,0.065918
0.019379,-0.0021362,0.072021
0.019836,-0.00091553,0.062256
0.021362,-0.00061035,0.045166
0.02182,-0.00091553,0.05249
0.023193,-0.0013733,0.056152
0.023499,-0.00015259,0.05127
0.023041,0.0028992,0.048828
0.023804,0.004425,0.048828
0.024719,0.0053406,0.05127
0.025482,0.0057983,0.032959
0.025482,0.0032043,0.046387
0.026245,0.0054932,0.042725
0.026093,0.0079346,0.048828
0.026703,0.0094604,0.041504
0.02655,0.0091553,0.039063
0.028229,0.0053406,0.041504
0.028229,0.0015259,0.042725
0.028229,-0.0021362,0.037842
0.028229,-0.0042725,3.5583
0.028229,-0.004425,4.8132
0.027466,-0.0038147,4.8987
0.028076,-0.0042725,4.9194
0.027924,-0.0027466,4.9084
0.027008,-0.0038147,4.906
0.024261,-0.004425,4.9048
0.023804,-0.0062561,4.9121
0.021362,-0.0059509,4.9109
0.02182,-0.0035095,4.9146
0.023651,-0.0013733,4.9133
0.026855,0.002594,4.9219
0.028687,0.004425,4.9231
0.029602,0.0059509,4.9255
0.031128,0.0028992,4.9255
0.030212,0.0012207,4.9304
0.030212,0.0019836,4.9377
0.028687,0.0030518,4.9329
0.027618,0.0045776,4.9414
0.027466,0.005188,4.9329
0.02655,0.00030518,4.9182
0.025787,-0.0036621,4.9329
0.02533,-0.0068665,4.928
0.02594,-0.0059509,4.9268
0.026703,-0.0022888,4.9304
0.028992,0.0019836,4.9353
0.030823,0.0047302,4.9329
0.03006,0.004425,4.9377
0.028992,0.0032043,4.9377
0.025177,0.0019836,4.9329
0.024414,0.002594,4.9341
0.02182,0.0035095,4.9329
0.018616,0.0024414,4.9329
0.018158,0.0050354,4.9292
0.015259,0.0032043,4.9255
0.014343,0.00091553,4.9255
0.013885,-0.00045776,4.9207
0.015106,-0.0027466,4.9255
0.015106,-0.0028992,4.9243
0.015564,-0.0032043,4.9243
0.014038,-0.0036621,4.9121
0.012054,-0.0038147,4.9158
0.0088501,-0.0038147,4.9146
0.0068665,-0.0027466,4.917
0.0053406,-0.0032043,4.9133
0.0074768,-0.0018311,4.9109
0.0080872,-0.0010681,4.9084
0.0085449,0.00015259,4.9109
0.0094604,0.002594,4.9084
0.012207,0.0036621,4.9133
0.014648,0.005188,4.9084
0.018005,0.0050354,4.9048
0.019531,0.0050354,4.9219
0.021362,0.0047302,4.9133
0.020447,0.004425,4.9182
0.019989,0.0035095,4.9133
0.017853,0.0030518,4.8987
0.016785,0.0027466,4.9182
0.015564,0.0015259,4.9133
0.011292,-0.00076294,4.9158
0.013123,-0.00015259,4.9219
0.012512,-0.00061035,4.9207
0.012512,-0.00030518,4.9292
0.012665,0.0013733,4.9292
0.012207,0.00015259,4.9341
0.012665,0.00030518,4.9316
0.012817,0.0019836,4.9255
0.01358,0.0016785,4.9304
0.013428,0.0035095,4.9341
0.014648,0.0054932,4.9365
0.011902,0.0062561,4.9292
0.010681,0.0050354,0.065918
0.0094604,0.0045776,0.063477
0.007782,0.0050354,0.083008
0.0074768,0.004425,0.064697
0.0053406,0.0062561,0.054932
0.0068665,0.0064087,0.064697
0.0074768,0.0067139,0.061035
0.0090027,0.0068665,0.062256
0.0093079,0.0047302,0.062256
0.0099182,0.0019836,0.057373
0.010223,-0.0050354,0.059814
0.009613,-0.00091553,0.05249
0.0088501,-0.0018311,0.056152
0.0085449,0.0015259,0.048828
0.0067139,0.0053406,0.05127
0.0059509,0.0074768,0.046387
0.0050354,0.0082397,0.05127
0.0056458,0.0071716,0.05249
0.0042725,0.0042725,0.046387
0.0057983,0.0033569,0.05127
0.0074768,0.0041199,0.042725
0.0091553,0.0041199,0.028076
0.013123,0.0054932,0.041504
0.015869,0.0062561,0.040283
0.018616,0.007019,0.036621
0.020294,0.009613,0.041504
0.017395,0.0074768,0.036621
0.020599,0.0079346,0.025635
0.018616,0.0068665,0.037842
0.0177,0.0053406,0.042725
0.015717,0.0039673,0.039063
0.015869,0.0016785,0.041504
0.015869,-0.00061035,0.043945
0.015717,0.00015259,0.046387
0.016937,-0.0035095,0.042725
0.016022,-0.0054932,0.043945
0.018463,-0.0074768,0.050049
0.019989,-0.010376,0.053711
0.019989,-0.010681,0.063477
0.019684,-0.010529,0.056152
0.019684,-0.0074768,0.05249
0.017853,-0.0054932,0.056152
0.018311,-0.0036621,0.057373
0.017853,-0.004425,0.063477
0.018463,-0.0050354,0.062256
0.018768,-0.0061035,0.057373
0.019531,-0.0067139,0.064697
0.020294,-0.0053406,0.058594
0.020752,-0.0038147,0.061035
0.021973,-0.0035095,0.059814
0.022583,-0.002594,0.067139
0.023804,-0.002594,0.065918
0.024567,-0.0019836,0.067139
0.025635,0.00030518,0.081787
0.027466,0.0010681,0.067139
0.029144,0.0016785,0.059814
0.029755,0.00091553,0.061035
0.030823,-0.00030518,0.046387
0.031433,-0.00091553,0.050049
0.031586,-0.0018311,0.05249
0.031586,-0.0028992,0.05127
0.03006,-0.0039673,0.048828
0.028992,-0.0056458,0.05249
0.029144,-0.0073242,0.046387
0.025482,-0.007782,0.042725
0.022583,-0.0073242,0.046387
0.020142,-0.0062561,0.041504
0.017548,-0.0045776,0.046387
0.016785,-0.0028992,0.041504
0.017242,-0.0028992,0.042725
0.018768,-0.0053406,0.040283
0.018921,-0.0019836,0.040283
0.020447,-0.0027466,0.046387
0.019989,-0.0013733,0.041504
0.020447,-0.0013733,0.047607
0.021057,-0.0012207,0.037842
0.022125,-0.0010681,0.030518
0.023956,0.00030518,0.036621
0.024414,0.0021362,0.041504
0.024414,0.0041199,4.5215
0.023041,0.0061035,4.884
0.022583,0.0064087,4.9084
0.022125,0.0061035,4.9146
0.023651,0.0050354,4.9146
0.025024,0.0036621,4.9231
0.02533,0.0022888,4.9219
0.027924,0.0028992,4.9255
0.027313,0.0016785,4.928
0.026245,0.0021362,4.9292
0.024872,0,4.9377
0.024109,-0.0022888,4.9231
0.021362,-0.0047302,4.9329
0.02121,-0.0074768,4.9341
0.019226,-0.0032043,4.9341
0.017242,-0.0024414,4.9341
0.016174,-0.00061035,4.9341
0.015411,-0.00076294,4.9316
0.016327,-0.00076294,4.9329
0.017853,-0.00091553,4.9341
0.019073,-0.0013733,4.9341
0.020447,-0.0010681,4.9304
0.020752,0.00061035,4.9402
0.024109,0.0032043,4.9316
0.02182,0.0045776,4.9353
0.022583,0.0050354,4.9316
0.022888,0.0048828,4.9292
0.02182,0.0048828,4.9243
0.023956,0.004425,4.928
0.02533,0.005188,4.9353
0.027466,0.0073242,4.9207
0.029602,0.0083923,4.9243
0.030975,0.0083923,4.9207
0.032349,0.0067139,4.8975
0.032654,0.0047302,4.9109
0.033417,0.0036621,4.9133
0.033722,0.0022888,4.9158
0.033722,0.0022888,4.9109
0.033112,0.0024414,4.9109
0.029449,0.0012207,4.9121
0.024719,0.00030518,4.9084
0.02121,-0.0021362,4.9084
0.019226,-0.0039673,4.9109
0.019379,-0.0039673,4.9084
0.020142,-0.0027466,4.9084
0.017853,-0.00015259,4.9133
0.020294,0.0015259,4.9146
0.019226,0.0010681,4.9109
0.019531,-0.0012207,4.9121
0.020905,-0.0028992,4.9109
0.023346,-0.0021362,4.9121
0.024567,0.00030518,4.9158
0.026245,0.0039673,4.9255
0.027161,0.0071716,4.9231
0.027618,0.0083923,4.9194
0.029449,0.0097656,4.9219
0.03067,0.0097656,4.9255
0.033417,0.010223,4.9268
0.0354,0.012207,4.9316
0.036621,0.011444,4.9121
0.036469,0.010223,4.9341
0.035248,0.0086975,4.9304
0.034485,0.0067139,4.9353
0.034332,0.0057983,4.9292
0.034485,0.0054932,4.9341
0.03418,0.0071716,4.9353
0.033875,0.010834,4.9365
0.032196,0.01358,4.939
0.030365,0.015869,4.9353
0.028687,0.016327,4.9243
0.026703,0.014954,4.9341
0.025177,0.012665,0.065918
0.023956,0.0091553,0.056152
0.024109,0.0061035,0.063477
0.020142,0.0039673,0.054932
0.017242,0.0028992,0.053711
0.015106,0.002594,0.048828
0.011902,0.0018311,0.054932
0.0097656,0.00061035,0.048828
0.0064087,-0.0012207,0.050049
0.0033569,-0.0033569,0.050049
0.00091553,-0.0033569,0.046387
0.00091553,-0.0050354,0.047607
0.0022888,-0.0061035,0.046387
0.0056458,-0.0065613,0.046387
0.009613,-0.0062561,0.042725
0.013885,-0.0068665,0.037842
0.017548,-0.0059509,0.037842
0.018768,-0.0039673,0.037842
0.020447,-0.00061035,0.037842
0.021362,-0.00015259,0.039063
0.021667,0.0019836,0.039063
0.022278,0.0045776,0.041504
0.02182,0.0064087,0.036621
0.021667,0.0061035,0.040283
0.02182,0.0068665,0.039063
0.021973,0.0068665,0.040283
0.021515,0.0068665,0.039063
0.021973,0.0067139,0.045166
0.023651,0.0080872,0.045166
0.024414,0.010071,0.05127
0.024261,0.010681,0.062256
0.021515,0.010681,0.046387
0.019379,0.0091553,0.065918
0.014801,0.0076294,0.057373
0.010681,0.004425,0.041504
0.0079346,0.0010681,0.058594
0.0053406,0.0019836,0.059814
0.0038147,0.0024414,0.065918
0.0030518,0.0030518,0.061035
0.0033569,0.0048828,0.057373
0.0033569,0.0045776,0.063477
0.0028992,0.0056458,0.057373
0.0022888,0.0054932,0.061035
0.0015259,0.0050354,0.059814
0.0018311,0.0038147,0.068359
0.00076294,0.00045776,0.067139
0.0016785,-0.0018311,0.065918
0.0030518,-0.0024414,0.074463
0.0062561,-0.002594,0.064697
0.0068665,-0.0018311,0.064697
0.0097656,-0.0010681,0.062256
0.010986,0.0013733,0.06958
0.012054,0.002594,0.053711
0.012054,0.0038147,0.063477
0.013428,0.0054932,0.05127
0.012512,0.0018311,0.048828
0.011597,0.0073242,0.046387
0.010681,0.0071716,0.047607
0.0091553,0.0065613,0.042725
0.011139,0.0030518,0.045166
0.012665,0.0013733,0.041504
0.01297,0.0021362,0.043945
0.014801,0.0035095,0.037842
0.016479,0.004425,0.042725
0.016022,0.0064087,0.041504
0.020294,0.0064087,0.040283
0.0177,0.0056458,0.05127
0.018005,0.0045776,0.042725
0.016785,0.0041199,0.047607
0.017242,0.0071716,0.0354
0.016174,0.0050354,0.028076
0.015411,0.004425,0.037842
0.014191,0.0036621,0.040283
0.013428,0.0016785,0.039063
0.013733,-0.00076294,0.042725
0.011139,-0.0024414,0.041504
0.012054,-0.0039673,0.046387
0.012512,-0.0041199,0.047607
0.01297,-0.0048828,0.054932
0.014954,-0.007019,4.563
0.014954,-0.0090027,4.9011
0.017548,-0.0090027,4.9255
0.017853,-0.010376,4.9292
0.018463,-0.0091553,4.9268
0.020294,-0.0083923,4.9304
0.020599,-0.0074768,4.9329
0.024109,-0.0064087,4.9341
0.022583,-0.0053406,4.939
0.02594,-0.0054932,4.9341
0.028229,-0.0042725,4.9207
0.029449,-0.0056458,4.9243
0.031738,-0.0062561,4.9329
0.033112,-0.0076294,4.9292
0.033417,-0.007782,4.9329
0.032349,-0.0074768,4.9316
0.031586,-0.0057983,4.9365
0.030518,-0.0032043,4.9341
0.029602,-0.0042725,4.9353
0.027924,-0.0038147,4.9292
0.028381,-0.0057983,4.9292
0.027161,-0.0064087,4.9219
0.027466,-0.0065613,4.9268
0.031891,-0.0053406,4.9329
0.029602,-0.004425,4.9207
0.03006,-0.0042725,4.9194
0.029144,-0.0038147,4.9158
0.028229,-0.0041199,4.9023
0.025482,-0.0021362,4.9146
0.023499,-0.00015259,4.9146
0.022583,0.0021362,4.9158
0.022125,0.0030518,4.9121
0.025635,0.0019836,4.9036
0.024414,0.0018311,4.9133
0.027008,0.00076294,4.9072
0.030365,-0.00015259,4.9084
0.031586,0,4.9036
0.029755,0.00045776,4.9146
0.031586,0.0018311,4.9109
0.028839,0.0022888,4.9121
0.026093,0.0033569,4.9109
0.02243,0.002594,4.9158
0.020905,0.0024414,4.9158
0.018463,0.00076294,4.917
0.017548,0.002594,4.9231
0.017548,0.0027466,4.917
0.019379,0.0010681,4.9109
0.02182,-0.00076294,4.9207
0.023804,-0.0019836,4.9255
0.024872,-0.0027466,4.9207
0.025635,-0.0039673,4.9255
0.023956,-0.0056458,4.928
0.020447,-0.0088501,4.928
0.017548,-0.010223,4.9255
0.01358,-0.0094604,4.9292
0.011902,-0.010223,4.928
0.010376,-0.0056458,4.9329
0.011292,-0.0012207,4.9304
0.012512,0.0010681,4.9146
0.015106,0.0010681,4.939
0.019226,-0.0027466,4.9377
0.020599,-0.0073242,4.9341
0.023041,-0.011139,4.9353
0.024872,-0.012817,4.9353
0.027313,-0.013428,4.9402
0.028381,-0.010071,4.9292
0.027008,-0.0074768,4.9329
0.023193,-0.0045776,4.9304
0.020447,-0.0048828,4.9292
0.017242,-0.0042725,4.9231
0.016479,-0.0033569,4.9231
0.016632,-0.0013733,4.9268
0.018158,0.0028992,0.046387
0.019836,0.0053406,0.05127
0.021515,0.002594,0.05249
0.023804,0.0022888,0.050049
0.027161,-0.00030518,0.042725
0.028839,-0.0045776,0.046387
0.031128,-0.0088501,0.057373
0.03067,-0.010681,0.042725
0.030365,-0.011139,0.05249
0.027313,-0.0094604,0.042725
0.024261,-0.0093079,0.036621
0.020752,-0.010834,0.037842
0.017395,-0.012665,0.039063
0.015869,-0.016937,0.037842
0.016327,-0.01709,0.037842
0.016479,-0.016785,0.0354
0.018921,-0.014343,0.040283
0.021362,-0.010834,0.037842
0.024414,-0.010071,0.043945
0.026703,-0.010986,0.040283
0.029144,-0.012054,0.043945
0.030975,-0.010834,0.046387
0.031891,-0.0085449,0.05127
0.032196,-0.0062561,0.064697
0.031586,-0.004425,0.05249
0.028992,-0.0056458,0.054932
0.026245,-0.0071716,0.058594
0.025482,-0.0079346,0.05249
0.023499,-0.0074768,0.058594
0.024414,-0.0035095,0.059814
0.026093,0.00061035,0.062256
0.028229,0.0035095,0.061035
0.029602,0.0048828,0.056152
0.029755,0.0035095,0.062256
0.029602,0.00061035,0.058594
0.028381,-0.0021362,0.065918
0.028534,-0.00015259,0.062256
0.029144,0.002594,0.067139
0.028381,0.0054932,0.065918
0.027008,0.0071716,0.067139
0.025177,0.0054932,0.067139
0.022278,0.0036621,0.065918
0.019073,0.0012207,0.06958
0.016937,-0.00076294,0.061035
0.016174,0.00045776,0.072021
0.015259,0.00091553,0.05249
0.014496,0,0.032959
0.01236,-0.0013733,0.05127
0.0097656,-0.0036621,0.047607
0.0059509,-0.0080872,0.048828
0.0033569,-0.0074768,0.046387
0.0016785,-0.007019,0.043945
0.0016785,-0.0062561,0.046387
0.00061035,-0.0047302,0.042725
0,-0.0013733,0.046387
-0.00015259,-0.00045776,0.037842
0,0.00015259,0.045166
0.0018311,-0.00030518,0.041504
0.0033569,-0.0018311,0.042725
0.0076294,-0.0038147,0.042725
0.010376,-0.0033569,0.040283
0.011597,0,0.041504
0.01297,0.0054932,0.037842
0.013275,0.0097656,0.0354
0.014801,0.012512,0.039063
0.015564,0.012054,0.047607
0.017853,0.011444,0.039063
0.019684,0.013123,0.043945
0.019226,0.014648,0.039063
0.019989,0.017242,0.046387
0.018463,0.018158,0.045166
0.017395,0.019226,0.050049
0.01709,0.013885,0.047607
0.016479,0.011444,0.053711
0.016174,0.01236,0.057373
0.016479,0.015106,0.061035
0.015717,0.01709,0.059814
0.016022,0.017853,0.059814
0.016327,0.015106,4.469
0.015869,0.013428,4.9011
0.014801,0.010681,4.9316
0.014191,0.011597,4.9304
0.013123,0.013123,4.9158
0.010986,0.015106,4.9268
0.007782,0.016632,4.9329
0.0050354,0.01358,4.9316
0.0045776,0.010376,4.9341
0.0015259,0.0093079,4.9341
0.0019836,0.0094604,4.9353
0.0039673,0.010376,4.9329
0.0059509,0.010071,4.9341
0.0073242,0.0090027,4.9255
0.0073242,0.007019,4.9329
0.0083923,0.0041199,4.906
0.0088501,0.0054932,4.928
0.009613,0.0079346,4.9292
0.011597,0.0093079,4.9255
0.009613,0.0097656,4.9255
0.0091553,0.0047302,4.9182
0.007782,0.0050354,4.9194
0.0093079,0.0022888,4.9158
0.010834,-0.00076294,4.8962
0.013885,-0.0032043,4.9133
0.017242,-0.0033569,4.9109
0.020752,-0.0036621,4.9109
0.023193,-0.002594,4.9109
0.02243,-0.0010681,4.9072
0.02243,-0.00045776,4.9121
0.021057,0.00045776,4.906
0.020142,0.0012207,4.9158
0.021973,0.0010681,4.9084
0.02121,0.00045776,4.9133
0.021057,0.0015259,4.9097
0.023956,0.0022888,4.9121
0.019226,0.0024414,4.9048
0.021667,0.0024414,4.9121
0.022583,0.00091553,4.9194
0.024109,-0.00076294,4.9133
0.025635,-0.0028992,4.906
0.025482,-0.0048828,4.9231
0.024719,-0.007019,4.9194
0.021667,-0.0061035,4.9194
0.020142,-0.0053406,4.9268
0.019073,-0.0048828,4.9255
0.018005,-0.0039673,4.9304
0.018921,-0.002594,4.9304
0.020142,-0.0022888,4.9329
0.022888,-0.0021362,4.9329
0.024261,-0.0038147,4.9329
0.02533,-0.0048828,4.9304
0.026703,-0.0048828,4.9341
0.028534,-0.0073242,4.9194
0.030823,-0.0080872,4.9353
0.035248,-0.0076294,4.9353
0.036469,-0.0068665,4.9329
0.035248,-0.005188,4.9463
0.0354,-0.0050354,4.9353
0.033875,-0.0021362,4.9353
0.033569,-0.00045776,4.9316
0.031891,0.00015259,4.9329
0.035706,0.00015259,4.9304
0.036011,-0.00015259,4.9255
0.036163,0.00015259,4.9231
0.034637,-0.0021362,4.9268
0.033722,-0.0042725,4.9207
0.033112,-0.0074768,4.9219
0.033264,-0.0099182,4.9158
0.035248,-0.012665,4.9207
0.036469,-0.011597,4.9182
0.035553,-0.0083923,4.917
0.03418,-0.0071716,4.9268
0.030365,-0.0015259,0.046387
0.029144,-0.0013733,0.028076
0.02533,-0.00061035,0.042725
0.025635,-0.0027466,0.021973
0.025482,-0.0024414,0.036621
0.02655,0.0010681,0.041504
0.025787,0.005188,0.03418
0.024567,0.0086975,0.039063
0.027466,0.011902,0.037842
0.025177,0.01236,0.041504
0.029297,0.010681,0.037842
0.030212,0.0076294,0.039063
0.030975,0.0061035,0.041504
0.028992,0.0036621,0.045166
0.024719,0.0030518,0.047607
0.021057,0.0012207,0.048828
0.01709,-0.0012207,0.050049
0.015411,-0.0035095,0.05249
0.016327,-0.0048828,0.053711
0.018158,-0.0053406,0.057373
0.02121,-0.0032043,0.068359
0.018768,-0.0038147,0.058594
0.018768,0.0021362,0.056152
0.019226,0.0030518,0.062256
0.02182,0.0016785,0.063477
0.026703,-0.00015259,0.059814
0.029449,-0.0018311,0.061035
0.032043,-0.0024414,0.058594
0.032196,-0.0036621,0.064697
0.030212,-0.0032043,0.059814
0.028076,-0.002594,0.065918
0.02655,-0.002594,0.063477
0.02594,-0.00076294,0.068359
0.025177,0,0.062256
0.025177,0.00015259,0.065918
0.024261,0.0010681,0.074463
0.020599,0.0013733,0.058594
0.020599,0.0010681,0.061035
0.020599,0,0.056152
0.02243,-0.0012207,0.046387
0.024567,-0.002594,0.053711
0.025635,-0.0038147,0.048828
0.025177,-0.0056458,0.047607
0.023193,-0.0062561,0.048828
0.020142,-0.0071716,0.045166
0.018616,-0.0065613,0.043945
0.018158,-0.0068665,0.042725
0.019226,-0.0064087,0.046387
0.020599,-0.0047302,0.037842
0.023499,-0.0024414,0.039063
0.023956,-0.00015259,0.043945
0.02533,0.0013733,0.040283
0.025024,0.002594,0.036621
0.02533,0.0022888,0.041504
0.027313,0.0019836,0.043945
0.029449,0.00030518,0.039063
0.032501,-0.00091553,0.046387
0.032959,-0.00015259,0.037842
0.032806,0.00030518,0.032959
0.031128,0,0.037842
0.03006,-0.00045776,0.042725
0.03006,-0.0019836,0.041504
0.030518,-0.0027466,0.046387
0.030365,-0.0030518,0.042725
0.029907,-0.0038147,0.05249
0.028534,0.00015259,0.047607
0.026855,0,0.057373
0.024109,-0.00015259,0.05249
0.024872,-0.0010681,0.059814
0.026245,-0.0021362,0.059814
0.028687,-0.0021362,0.062256
0.029907,-0.0021362,0.075684
0.027466,-0.0010681,0.063477
0.027924,0.0016785,0.061035
0.026245,0.0038147,0.062256
0.025024,0.0030518,0.057373
0.022736,0.0018311,0.062256
0.019989,-0.0028992,4.5361
0.015717,-0.0048828,4.9048
0.012512,-0.0061035,4.9292
0.0080872,-0.0042725,4.9304
0.007019,-0.00045776,4.9353
0.0065613,0.0030518,4.9353
0.0085449,0.0050354,4.9341
0.012512,0.0047302,4.9316
0.016479,0.0035095,4.9316
0.019379,0.0012207,4.928
0.020142,0.0022888,4.9194
0.018158,0.00091553,4.9231
0.015106,0.0010681,4.9207
0.01358,-0.00076294,4.928
0.01236,-0.0039673,4.917
0.012665,-0.0079346,4.9292
0.014801,-0.0099182,4.9146
0.014954,-0.0082397,4.9048
0.014648,-0.0083923,4.9146
0.01236,-0.004425,4.9109
0.010834,-0.0018311,4.9036
0.011444,0.00015259,4.9109
0.01297,0.00076294,4.9109
0.015717,0.0012207,4.9109
0.0177,0.0030518,4.9084
0.018158,0.0048828,4.9084
0.019531,0.0065613,4.9097
0.019226,0.0067139,4.9146
0.019684,0.0048828,4.9097
0.020294,0.0028992,4.9133
0.023651,0.0030518,4.9121
0.02121,0.002594,4.9109
0.020905,0.0050354,4.9109
0.018921,0.0079346,4.9146
0.016022,0.0085449,4.9158
0.015259,0.0079346,4.9219
0.016327,0.0061035,4.9109
0.018311,0.0045776,4.9207
0.020752,0.0036621,4.9243
0.021362,0.0041199,4.9219
0.020447,0.0045776,4.9292
0.017853,0.004425,4.9268
0.015564,0.0048828,4.9353
0.014343,0.0032043,4.9316
0.014648,0.0018311,4.9329
0.017548,0.0018311,4.9304
0.017395,0.0018311,4.9353
0.017548,0.0015259,4.9292
0.017242,0.0045776,4.9329
0.016785,0.0061035,4.9426
0.01709,0.007782,4.9377
0.01709,0.0093079,4.9402
0.0177,0.0057983,4.9353
0.017395,0.0068665,4.9158
0.016479,0.0054932,4.9329
0.014343,0.0057983,4.9255
0.011597,0.0067139,4.9292
0.010376,0.009613,4.9084
0.011444,0.011597,4.9231
0.01358,0.011444,4.9255
0.017395,0.0082397,4.9207
0.019836,0.0027466,4.9207
0.018158,-0.0015259,4.9146
0.021362,-0.0013733,4.9255
0.021362,0,4.9182
0.020599,0.0030518,4.9182
0.021973,0.0056458,4.9182
0.025635,0.0047302,4.9133
0.023041,0.0019836,4.9097
0.022888,-0.00015259,4.9158
0.021362,-0.0015259,4.8999
0.019836,0.00030518,4.9097
0.019226,0.0024414,4.9207
0.019073,0.0027466,0.041504
0.021667,0.002594,0.040283
0.023346,-0.0021362,0.036621
0.024261,-0.0073242,0.03418
0.026093,-0.010986,0.039063
0.024719,-0.013123,0.041504
0.023193,-0.0094604,0.040283
0.021973,-0.007019,0.045166
0.02243,-0.0035095,0.043945
0.023346,-0.0021362,0.048828
0.024567,-0.0024414,0.050049
0.022888,-0.0022888,0.056152
0.027924,-0.00076294,0.061035
0.028992,0.00091553,0.057373
0.031891,0.0030518,0.06958
0.036163,0.0042725,0.058594
0.042114,0.0035095,0.054932
0.046997,0.0012207,0.061035
0.049286,-0.0010681,0.058594
0.04715,-0.002594,0.059814
0.043793,-0.0035095,0.062256
0.039063,-0.0030518,0.058594
0.036011,-0.002594,0.062256
0.0354,-0.0056458,0.062256
0.034637,-0.0033569,0.065918
0.035095,-0.0064087,0.057373
0.033722,-0.0076294,0.067139
0.032806,-0.0083923,0.067139
0.031281,-0.0079346,0.067139
0.032196,-0.0074768,0.068359
0.032043,-0.0059509,0.062256
0.032501,-0.0064087,0.061035
0.031586,-0.007782,0.056152
0.027313,-0.0086975,0.056152
0.022278,-0.0079346,0.05127
0.018921,-0.0062561,0.05127
0.016785,-0.0035095,0.046387
0.016937,-0.00030518,0.050049
0.021362,0.0015259,0.046387
0.021667,0.0024414,0.047607
0.023193,0.00030518,0.042725
0.02655,-0.0038147,0.043945
0.027924,-0.0028992,0.039063
0.029755,-0.0045776,0.039063
0.030365,-0.002594,0.037842
0.030975,-0.00030518,0.041504
0.030365,-0.0022888,0.039063
0.028687,-0.0021362,0.041504
0.028229,-0.0050354,0.053711
0.026398,-0.0056458,0.040283
0.024261,-0.0054932,0.05127
0.02243,-0.0035095,0.040283
0.02121,-0.00015259,0.024414
0.020142,0.0038147,0.039063
0.019684,0.0018311,0.039063
0.019531,-0.0019836,0.041504
0.019531,-0.0028992,0.043945
0.019226,-0.011292,0.046387
0.019073,-0.011597,0.05249
0.018463,-0.0097656,0.048828
0.017548,-0.0068665,0.057373
0.016937,-0.0045776,0.054932
0.015564,-0.0039673,0.054932
0.016937,-0.0036621,0.062256
0.018311,-0.0036621,0.062256
0.018921,-0.0019836,0.068359
0.019531,-0.0013733,0.061035
0.020599,-0.0022888,0.059814
0.021515,-0.00076294,0.063477
0.02182,-0.0013733,0.072021
0.023041,-0.0035095,0.058594
0.024567,-0.004425,0.054932
0.024872,-0.0064087,0.064697
0.023651,-0.0073242,0.064697
0.021667,-0.0076294,0.062256
0.020905,-0.0097656,0.067139
0.018005,-0.010376,0.061035
0.020142,-0.013428,3.3301
0.021362,-0.016022,4.8303
0.021057,-0.016174,4.9207
0.020447,-0.014343,4.9219
0.020599,-0.011292,4.9255
0.023346,-0.0088501,4.9207
0.02533,-0.007782,4.9268
0.027313,-0.0083923,4.9292
0.028381,-0.009613,4.9207
0.027161,-0.0093079,4.9255
0.027161,-0.0064087,4.9146
0.025635,-0.0036621,4.9023
0.02655,-0.0012207,4.9146
0.028687,0.00015259,4.9121
0.031738,0,4.9109
0.034027,-0.00076294,4.9109
0.0354,-0.00061035,4.9084
0.035248,-0.00015259,4.9109
0.034485,0.0012207,4.9084
0.033569,0.0015259,4.9097
0.031281,0.00045776,4.9036
0.029755,-0.0016785,4.9109
0.026703,-0.0036621,4.9109
0.024261,-0.0050354,4.9146
0.021362,-0.004425,4.9048
0.018768,-0.0035095,4.9158
0.02121,-0.0036621,4.9109
0.023499,-0.0016785,4.9133
0.025024,-0.00076294,4.9255
0.026093,0.00030518,4.9207
0.025177,0.0024414,4.906
0.023193,0.0038147,4.9231
0.023193,0.0053406,4.9255
0.022125,0.0097656,4.928
0.022125,0.01236,4.9268
0.022888,0.012817,4.9268
0.019684,0.011139,4.9365
0.017242,0.0082397,4.9329
0.015106,0.0036621,4.9329
0.012512,0.00045776,4.9292
0.011749,-0.00061035,4.9316
0.012207,-0.00030518,4.928
0.013275,0.0016785,4.9304
0.01297,0.0024414,4.9475
0.011597,0.0015259,4.9377
0.0091553,-0.00030518,4.9341
0.0059509,-0.0028992,4.9377
0.0056458,-0.0033569,4.9268
0.0048828,-0.0010681,4.9316
0.0056458,0.0012207,4.9304
0.0061035,0.0033569,4.9304
0.0085449,0.0024414,4.9292
0.010376,0.00030518,4.9231
0.012512,-0.0024414,4.9255
0.014801,-0.0019836,4.9219
0.016937,-0.00061035,4.9207
0.020599,0.0059509,4.9182
0.020905,0.010834,4.9194
0.021515,0.011902,4.9146
0.021667,0.012054,4.9207
0.021515,0.012512,4.9158
0.021057,0.014343,4.9158
0.021515,0.016632,4.917
0.02182,0.018921,4.9121
0.022583,0.020447,4.9207
0.022888,0.018768,4.9097
0.023041,0.014801,4.9121
0.02243,0.010681,4.9109
0.022583,0.007019,4.9109
0.022278,0.0041199,4.9084
0.022736,0.0067139,4.9097
0.022125,0.0080872,4.9072
0.02243,0.0086975,4.9109
0.020905,0.0079346,0.040283
0.020447,0.007019,0.045166
0.018463,0.0085449,0.042725
0.017853,0.010071,0.048828
0.015259,0.013428,0.05249
0.014954,0.016174,0.053711
0.014496,0.016327,0.064697
0.014343,0.014801,0.056152
0.014343,0.013733,0.065918
0.015259,0.012512,0.059814
0.015411,0.0097656,0.056152
0.016022,0.012817,0.064697
0.015717,0.012512,0.059814
0.015259,0.010986,0.061035
0.014038,0.007782,0.062256
0.012817,0.0041199,0.061035
0.010681,0.0022888,0.063477
0.0093079,0.0016785,0.059814
0.0083923,0.00091553,0.065918
0.0088501,0.0019836,0.063477
0.0091553,0.0030518,0.068359
0.010986,0.0041199,0.067139
0.011902,0.0036621,0.068359
0.013428,0.0019836,0.062256
0.014954,-0.00030518,0.063477
0.01709,-0.0045776,0.065918
0.017242,-0.0030518,0.058594
0.016785,-0.0018311,0.065918
0.016479,0.0010681,0.05249
0.015564,0.0035095,0.053711
0.015411,0.0047302,0.045166
0.014496,0.0030518,0.050049
0.015106,0.00061035,0.042725
0.016632,-0.0038147,0.045166
0.018768,-0.0024414,0.039063
0.022125,-0.0013733,0.045166
0.024109,0,0.041504
0.025787,-0.0012207,0.041504
0.027161,-0.0047302,0.041504
0.027313,-0.0088501,0.041504
0.026703,-0.01358,0.041504
0.026093,-0.013123,0.041504
0.025635,-0.011902,0.053711
0.024261,-0.0088501,0.041504
0.02243,-0.0071716,0.043945
0.021973,-0.0076294,0.040283
0.022125,-0.0083923,0.023193
0.023804,-0.0099182,0.042725
0.03006,-0.009613,0.041504
0.028687,-0.0071716,0.041504
0.03067,-0.0042725,0.046387
0.032959,-0.0021362,0.042725
0.035706,-0.0010681,0.05127
0.037384,-0.0018311,0.05127
0.038147,-0.0036621,0.053711
0.039215,-0.0028992,0.053711
0.0383,-0.0036621,0.058594
0.037079,-0.0021362,0.059814
0.034637,-0.002594,0.062256
0.033569,-0.0010681,0.063477
0.034027,-0.0019836,0.062256
0.032043,-0.0016785,0.064697
0.032043,-0.0016785,0.062256
0.032196,-0.0015259,0.076904
0.031281,-0.0024414,0.058594
0.030823,-0.0028992,0.05249
0.029449,-0.0045776,0.062256
0.029297,-0.0054932,0.065918
0.029602,-0.0053406,0.063477
0.029907,-0.0045776,0.067139
0.031891,-0.0035095,0.056152
0.031586,-0.0038147,0.062256
0.030975,-0.0012207,0.059814
0.029907,-0.0039673,0.062256
0.028229,-0.0038147,0.053711
0.028687,-0.0018311,0.053711
0.029297,-0.00045776,0.05249
0.029297,0.0016785,0.05249
0.028992,0.0036621,4.4287
0.026855,0.0041199,4.8889
0.025177,0.0048828,4.9097
0.022888,0.0041199,4.9158
0.021515,0.0038147,4.9036
0.02121,0.0030518,4.9182
0.023041,0.0036621,4.9133
0.023956,0.0053406,4.9097
0.023651,0.0061035,4.9109
0.023651,0.0056458,4.9109
0.023041,0.0045776,4.906
0.023804,0.0022888,4.9121
0.024567,-0.0010681,4.9097
0.024567,-0.0033569,4.906
0.024872,-0.0045776,4.9109
0.023651,-0.0054932,4.9084
0.02182,-0.0053406,4.9109
0.019073,-0.0048828,4.9097
0.017395,-0.0053406,4.9133
0.016327,-0.0039673,4.9207
0.016937,-0.0030518,4.9121
0.019684,-0.00076294,4.9243
0.021973,0.00091553,4.9231
0.024719,0.0027466,4.9072
0.026855,0.0050354,4.9255
0.028839,0.0061035,4.9243
0.030823,0.0082397,4.928
0.033569,0.0090027,4.9268
0.036316,0.009613,4.9219
0.036621,0.0090027,4.9353
0.036926,0.0094604,4.9329
0.035553,0.0090027,4.9329
0.032959,0.0080872,4.928
0.031281,0.0050354,4.9329
0.028839,0.0024414,4.9304
0.026093,-0.0013733,4.9329
0.023956,-0.0048828,4.9414
0.021973,-0.0064087,4.939
0.021057,-0.0071716,4.9353
0.019684,-0.0073242,4.9377
0.019531,-0.007019,4.9365
0.019836,-0.0076294,4.9377
0.021362,-0.0079346,4.9402
0.022736,-0.0086975,4.9304
0.024414,-0.0082397,4.9268
0.026245,-0.0059509,4.9207
0.026855,-0.0045776,4.9268
0.026398,-0.0015259,4.9268
0.027771,0.00061035,4.9207
0.029144,0.0038147,4.9182
0.031128,0.0065613,4.917
0.032959,0.0090027,4.917
0.034332,0.012665,4.9158
0.036774,0.014801,4.9219
0.037537,0.015564,4.9158
0.041046,0.015106,4.9219
0.042114,0.012817,4.9109
0.040436,0.0097656,4.9207
0.038605,0.007019,4.9084
0.035248,0.0035095,4.9036
0.032196,0.0022888,4.9146
0.029297,-0.00015259,4.9084
0.027618,-0.0027466,4.9072
0.026245,-0.0042725,4.9097
0.024872,-0.0041199,4.9109
0.022736,-0.0032043,4.9146
0.023041,0.0010681,4.9048
0.024567,0.0030518,4.917
0.027161,0.004425,4.9146
0.026703,0.0035095,4.917
0.025635,0.0032043,4.9194
0.022888,0.0033569,4.9255
0.019073,0.0047302,0.047607
0.015259,0.0064087,0.057373
0.014496,0.0076294,0.059814
0.012665,0.0090027,0.061035
0.011444,0.0091553,0.068359
0.010223,0.0082397,0.062256
0.0099182,0.007782,0.053711
0.0085449,0.0054932,0.059814
0.010986,0.0033569,0.061035
0.013885,-0.0041199,0.059814
0.020294,-0.0032043,0.063477
0.023346,-0.004425,0.058594
0.025177,-0.005188,0.064697
0.025635,-0.0042725,0.061035
0.023499,-0.0021362,0.067139
0.022125,-0.0015259,0.065918
0.020752,0.00045776,0.067139
0.020752,0.0033569,0.062256
0.021057,0.0056458,0.064697
0.021973,0.0041199,0.073242
0.022583,0.0038147,0.054932
0.02243,0.0027466,0.057373
0.024567,0.0019836,0.053711
0.026703,0.0024414,0.03418
0.026855,0.0028992,0.048828
0.027466,0.0056458,0.047607
0.025177,0.007019,0.045166
0.021362,0.0080872,0.046387
0.018158,0.0065613,0.042725
0.014648,0.0061035,0.046387
0.012207,0.0062561,0.042725
0.011749,0.007782,0.042725
0.011749,0.0093079,0.036621
0.0093079,0.0093079,0.045166
0.011749,0.0067139,0.040283
0.012665,0.0024414,0.041504
0.01297,-0.0010681,0.041504
0.010681,-0.002594,0.042725
0.012665,-0.0027466,0.037842
0.011139,-0.00076294,0.041504
0.013275,0.0010681,0.037842
0.011597,0.0027466,0.036621
0.012207,0.0047302,0.042725
0.013123,0.0061035,0.043945
0.014038,0.0090027,0.046387
0.018768,0.011292,0.046387
0.02121,0.01358,0.048828
0.026093,0.013428,0.047607
0.029144,0.012207,0.05127
0.031281,0.010071,0.054932
0.030975,0.0083923,0.062256
0.028992,0.007782,0.057373
0.025482,0.007019,0.061035
0.021515,0.0065613,0.058594
0.016022,0.0082397,0.063477
0.013123,0.0064087,0.072021
0.0094604,0.005188,0.063477
0.0080872,0.0048828,0.065918
0.0068665,0.0032043,0.063477
0.007782,0.0030518,0.058594
0.011902,0.0036621,0.062256
0.017242,0.0015259,0.064697
0.02182,0.00015259,0.063477
0.024567,-0.0021362,0.068359
0.025482,-0.0033569,0.061035
0.027161,-0.0038147,0.063477
0.025024,-0.0054932,0.058594
0.023956,0.0010681,0.062256
0.022583,0.002594,0.053711
0.021973,0.0048828,0.056152
0.021667,0.0048828,0.053711
0.02182,0.0033569,0.05249
0.023651,0.0024414,0.048828
0.024567,0.00015259,0.048828
0.028839,-0.0013733,0.056152
0.03479,-0.0024414,0.045166
0.035095,-0.0036621,0.053711
0.037079,-0.0054932,0.042725
0.037231,-0.0080872,3.9587
0.035706,-0.010376,4.8523
0.033264,-0.01236,4.8987
0.031128,-0.013885,4.9097
0.028687,-0.013428,4.9097
0.027313,-0.011444,4.9023
0.028381,-0.010681,4.906
0.029297,-0.0091553,4.9048
0.033112,-0.0074768,4.9097
0.033264,-0.004425,4.906
0.036774,-0.0013733,4.9146
0.037689,-0.00076294,4.9097
0.03891,-0.00076294,4.9133
0.039673,-0.002594,4.9243
0.037537,-0.0041199,4.9158
0.035706,-0.0050354,4.9194
0.032196,-0.0048828,4.9207
0.03067,-0.0056458,4.9182
0.025635,-0.0050354,4.9207
0.026855,-0.0057983,4.9133
0.02594,-0.0061035,4.9243
0.02655,-0.0059509,4.9292
0.027008,-0.0061035,4.9255
0.025482,-0.0056458,4.9316
0.027008,-0.0056458,4.9304
0.025024,-0.0041199,4.9304
0.022583,-0.0036621,4.9304
0.020599,-0.0047302,4.9304
0.019531,-0.004425,4.9182
0.018158,-0.0042725,4.9316
0.018616,-0.002594,4.9316
0.01709,0.00045776,4.9365
0.016785,0.00091553,4.9426
0.018463,0.0016785,4.9365
0.019989,0.0036621,4.9463
0.023651,0.0050354,4.9329
0.028076,0.0057983,4.917
0.032349,0.0064087,4.9292
0.036469,0.0068665,4.9207
0.034943,0.0062561,4.9231
0.032654,0.0045776,4.9268
0.03067,0.0032043,4.9194
0.027771,0.0015259,4.9207
0.026398,0.0015259,4.917
0.024719,0.0019836,4.9219
0.02243,0.0024414,4.9133
0.019836,0.0024414,4.9182
0.019226,0.00091553,4.9158
0.018463,0.00015259,4.9158
0.019073,-0.0041199,4.9146
0.021057,-0.0068665,4.9109
0.02121,-0.0086975,4.9084
0.021667,-0.010071,4.9109
0.019531,-0.0097656,4.9011
0.017242,-0.010071,4.9097
0.015411,-0.010223,4.9097
0.014038,-0.0086975,4.9084
0.015259,-0.0068665,4.9097
0.016632,-0.0032043,4.9097
0.017548,0.00061035,4.9109
0.018311,0.0041199,4.9084
0.019989,0.0056458,4.9158
0.021515,0.0059509,4.9158
0.021667,0.0059509,4.9194
0.024719,0.0057983,4.9207
0.027161,0.0056458,4.9011
0.029144,0.0032043,4.9243
0.028992,-0.00015259,4.9255
0.027924,-0.0042725,4.9316
0.02533,-0.0097656,4.9304
0.020905,-0.012665,4.9438
0.017242,-0.013275,4.9329
0.014496,-0.013733,0.042725
0.014191,-0.013733,0.059814
0.014954,-0.014343,0.063477
0.016327,-0.01709,0.063477
0.016632,-0.018921,0.062256
0.01709,-0.019836,0.059814
0.0177,-0.020599,0.064697
0.019836,-0.018158,0.067139
0.023041,-0.014954,0.067139
0.025482,-0.012665,0.062256
0.027008,-0.0090027,0.065918
0.028839,-0.0061035,0.061035
0.028839,-0.0019836,0.062256
0.03067,0.0022888,0.06958
0.033569,0.0071716,0.056152
0.036621,0.011597,0.05127
0.039825,0.014954,0.054932
0.042267,0.015869,0.043945
0.043793,0.013733,0.047607
0.043335,0.010223,0.05127
0.041656,0.0056458,0.043945
0.039825,0.0038147,0.046387
0.037384,0.0041199,0.042725
0.03418,0.0053406,0.043945
0.03067,0.0074768,0.042725
0.026703,0.0076294,0.042725
0.023804,0.0053406,0.039063
0.022125,0.0012207,0.042725
0.022736,-0.0033569,0.040283
0.022888,-0.0062561,0.042725
0.023499,-0.007019,0.039063
0.024567,-0.0050354,0.037842
0.024261,-0.0013733,0.048828
0.023346,0.0018311,0.040283
0.02121,0.0048828,0.053711
0.018158,0.0067139,0.037842
0.015717,0.0083923,0.031738
0.013123,0.010986,0.043945
0.013275,0.011902,0.043945
0.014191,0.012817,0.045166
0.015106,0.01236,0.05127
0.016022,0.010071,0.047607
0.014954,0.0059509,0.057373
0.017395,0.0035095,0.056152
0.019073,0.0010681,0.061035
0.019836,-0.00030518,0.054932
0.020447,0.00015259,0.063477
0.019073,0.0015259,0.065918
0.017242,0.0039673,0.062256
0.016022,0.0065613,0.067139
0.015411,0.0048828,0.063477
0.014343,0.0091553,0.059814
0.017853,0.0079346,0.059814
0.020294,0.0074768,0.06958
0.023804,0.0067139,0.065918
0.020905,0.0059509,0.063477
0.023804,0.005188,0.063477
0.02182,0.00045776,0.065918
0.020294,0.002594,0.063477
0.019989,0.0027466,0.061035
0.019226,0.0035095,0.057373
0.01709,0.0062561,0.063477
0.013123,0.011597,0.047607
0.0085449,0.013428,0.054932
0.0050354,0.015869,0.05249
0.0045776,0.015717,0.056152
0.0061035,0.018158,0.047607
0.0094604,0.017548,0.050049
0.01358,0.018311,0.062256
0.016785,0.018768,0.046387
0.018616,0.019684,0.05127
0.018616,0.018005,0.042725
0.020905,0.014801,0.025635
0.017242,0.012054,0.025635
0.015564,0.0085449,0.039063
0.014343,0.0085449,0.039063
0.011597,0.0083923,0.039063
0.0062561,0.0079346,0.0354
0.0061035,0.0071716,3.7512
0.0038147,0.0064087,4.8364
0.004425,0.0036621,4.8999
0.007019,0.004425,4.906
0.010834,0.0050354,4.9158
0.014343,0.0073242,4.9109
0.016479,0.011444,4.9036
0.016937,0.010071,4.9084
0.016479,0.0065613,4.917
0.013123,0.0057983,4.9133
0.01236,0.0042725,4.9207
0.010376,0.0047302,4.9255
0.0090027,0.0064087,4.9231
0.0073242,0.0086975,4.9158
0.0054932,0.010529,4.928
0.0039673,0.011139,4.9292
0.0035095,0.0097656,4.9292
0.0059509,0.010071,4.9304
0.010986,0.0094604,4.9304
0.016479,0.0088501,4.9353
0.021973,0.0085449,4.9304
0.02533,0.0082397,4.9316
0.028381,0.0073242,4.9292
0.026245,0.005188,4.9341
0.025482,0.0038147,4.9316
0.025024,0.0024414,4.9353
0.02533,0.0012207,4.9475
0.024872,0.00030518,4.9402
0.024261,0.0036621,4.9377
0.02243,0.0033569,4.9341
0.020599,0.0053406,4.9243
0.019684,0.0054932,4.9304
0.022736,0.0056458,4.928
0.025482,0.0035095,4.9243
0.028076,0.0028992,4.9243
0.028381,0.0028992,4.9219
0.027008,0.0035095,4.9194
0.025635,0.0028992,4.9146
0.022583,0.00030518,4.9109
0.019989,-0.0018311,4.9109
0.020294,-0.0032043,4.9158
0.019989,-0.0039673,4.9146
0.018616,-0.0030518,4.917
0.01709,-0.00045776,4.8975
0.01709,0.0022888,4.9133
0.016937,-0.00091553,4.9158
0.019989,-0.0030518,4.9109
0.02243,-0.005188,4.9158
0.025482,-0.007019,4.9146
0.029449,-0.0056458,4.9072
0.030518,-0.0042725,4.9097
0.030975,-0.0010681,4.906
0.030212,0.00015259,4.9097
0.029602,0.00091553,4.8889
0.030823,-0.002594,4.9097
0.032043,-0.0042725,4.9146
0.03418,-0.0061035,4.9158
0.036316,-0.0061035,4.9182
0.035553,-0.0016785,4.9182
0.034332,-0.00045776,4.9207
0.029144,0.0022888,4.9243
0.030823,0.0016785,4.9316
0.031128,0.0056458,4.9414
0.031281,0.0054932,4.9292
0.031738,0.0071716,4.9316
0.029449,0.0080872,4.9329
0.027313,0.010529,4.9255
0.025787,0.011597,4.9304
0.025482,0.01236,4.9304
0.026245,0.010681,4.9329
0.027924,0.010223,4.9207
0.027466,0.0036621,4.9329
0.027008,0.00061035,0.064697
0.020447,0,0.063477
0.019836,-0.00030518,0.065918
0.017548,0.0010681,0.063477
0.01709,-0.0012207,0.067139
0.018311,0.0027466,0.065918
0.021515,0.0027466,0.061035
0.023804,0.0045776,0.062256
0.023804,0.0079346,0.046387
0.025787,0.011139,0.061035
0.026093,0.015106,0.054932
0.029449,0.015411,0.065918
0.031128,0.014038,0.048828
0.033417,0.011444,0.05127
0.032501,0.0080872,0.048828
0.029755,0.0053406,0.046387
0.026245,0.0039673,0.043945
0.02182,0.0022888,0.043945
0.019684,-0.00030518,0.039063
0.019073,-0.0033569,0.040283
0.018463,-0.0057983,0.03418
0.018768,-0.0068665,0.041504
0.018311,-0.0068665,0.040283
0.019073,-0.0045776,0.041504
0.018616,-0.002594,0.042725
0.020142,-0.00091553,0.041504
0.024261,-0.00045776,0.046387
0.026855,0.00045776,0.042725
0.031128,0.0024414,0.045166
0.033569,0.0045776,0.041504
0.035248,0.0082397,0.030518
0.036926,0.011597,0.042725
0.036774,0.011597,0.043945
0.037537,0.010529,0.046387
0.036926,0.0076294,0.05127
0.036011,0.005188,0.05127
0.033264,0.0027466,0.053711
0.028381,0.0030518,0.054932
0.023804,0.0036621,0.061035
0.018005,0.0028992,0.057373
0.014038,0.00045776,0.061035
0.012512,-0.0036621,0.058594
0.012665,-0.0091553,0.062256
0.014648,-0.01358,0.059814
0.017548,-0.017242,0.062256
0.016479,-0.016937,0.065918
0.016479,-0.015869,0.061035
0.016785,-0.013275,0.073242
0.020294,-0.010223,0.063477
0.023956,-0.0048828,0.053711
0.028534,0.00076294,0.064697
0.03006,0.0053406,0.065918
0.033112,0.0093079,0.064697
0.034027,0.011902,0.061035
0.034943,0.013275,0.058594
0.037231,0.01358,0.057373
0.039825,0.013885,0.05249
0.043945,0.014191,0.056152
0.044098,0.013885,0.050049
0.041962,0.0099182,0.05249
0.038147,0.0067139,0.048828
0.032959,0.002594,0.047607
0.029602,0.00015259,0.05249
0.029144,-0.00091553,0.050049
0.028839,-0.00076294,0.042725
0.028839,-0.0015259,0.045166
0.02655,-0.0042725,0.026855
0.023956,-0.0064087,0.036621
0.02121,-0.0079346,0.036621
0.020294,-0.0065613,0.037842
0.020294,-0.0032043,0.040283
0.019989,0.00076294,0.036621
0.019684,0.0030518,0.0354
0.018311,0.0024414,0.039063
0.016937,-0.00061035,0.039063
0.015259,0.0030518,0.036621
0.014496,0.0041199,0.042725
0.014496,0.0054932,0.040283
0.015869,0.0057983,3.7256
0.016479,0.0028992,4.8389
0.016937,-0.0010681,4.9097
0.018158,-0.0097656,4.9243
0.018311,-0.0054932,4.9182
0.019226,-0.005188,4.9304
0.018616,-0.002594,4.9255
0.018311,-0.00076294,4.9158
0.018158,-0.00030518,4.9255
0.017548,0.00091553,4.928
0.018005,0.0012207,4.9255
0.018005,0.0013733,4.9316
0.016174,0.0028992,4.9304
0.014496,0.0022888,4.9341
0.01358,0.00061035,4.9304
0.015259,-0.0021362,4.9341
0.015717,-0.0076294,4.9255
0.020905,-0.0085449,4.9341
0.021973,-0.0074768,4.9353
0.020905,-0.0082397,4.9353
0.018158,-0.0062561,4.9451
0.014343,-0.0061035,4.939
0.012207,-0.0042725,4.9341
0.011749,-0.0027466,4.9341
0.011444,0.00015259,4.9353
0.013123,0.0032043,4.9316
0.013428,0.0065613,4.9219
0.013428,0.0088501,4.9219
0.012207,0.0071716,4.9243
0.012512,0.0050354,4.9207
0.013733,0.0035095,4.9194
0.013275,0.00061035,4.9097
0.017395,-0.00091553,4.9219
0.016785,0.00091553,4.9146
0.015106,0.00076294,4.9133
0.012512,0.0016785,4.9158
0.011139,0.0016785,4.917
0.011444,-0.00045776,4.9084
0.011139,-0.002594,4.9121
0.012207,-0.0083923,4.9243
0.010529,-0.010223,4.9121
0.0099182,-0.0091553,4.9158
0.0079346,-0.0039673,4.895
0.0074768,-0.00030518,4.8914
0.0079346,0.0010681,4.9109
0.0093079,0.0010681,4.9146
0.0094604,0.00030518,4.9097
0.0090027,0.0021362,4.9097
0.009613,0.0065613,4.9146
0.01236,0.012512,4.9146
0.015564,0.016174,4.9146
0.020447,0.013885,4.9194
0.023956,0.007019,4.917
0.024261,-0.0028992,4.9243
0.020752,-0.01236,4.9231
0.015564,-0.018158,4.928
0.0082397,-0.018921,4.9353
0.0019836,-0.015411,4.9304
-0.0028992,-0.013275,4.928
-0.0062561,-0.0093079,4.9353
-0.0068665,-0.0076294,4.9426
-0.0050354,-0.0039673,4.928
-0.0010681,0.0018311,4.917
0.0082397,0.0083923,4.9353
0.013428,0.016022,4.9341
0.022278,0.020294,4.9316
0.030518,0.019989,4.9365
0.0383,0.015869,4.9353
0.041046,0.0088501,4.9377
0.041962,0.0039673,4.9292
0.039215,-0.0010681,4.9365
0.033112,-0.0012207,0.063477
0.029144,0.00061035,0.062256
0.02533,0.0032043,0.058594
0.022125,0.0053406,0.054932
0.019836,0.0068665,0.064697
0.016174,0.0057983,0.05249
0.013123,0.0039673,0.05249
0.011139,0.0019836,0.046387
0.0086975,-0.00015259,0.0354
0.0099182,-0.002594,0.045166
0.013733,-0.0065613,0.045166
0.018158,-0.010834,0.043945
0.023651,-0.014954,0.043945
0.023346,-0.018005,0.039063
0.02533,-0.019684,0.037842
0.024109,-0.018158,0.041504
0.025482,-0.01297,0.040283
0.027313,-0.0048828,0.036621
0.030212,0.0038147,0.042725
0.033417,0.012054,0.036621
0.032654,0.015717,0.040283
0.033112,0.017853,0.039063
0.033722,0.016937,0.040283
0.030975,0.014648,0.041504
0.032043,0.012512,0.039063
0.034637,0.0097656,0.045166
0.036774,0.0067139,0.043945
0.037537,0.0030518,0.036621
0.036011,-0.0016785,0.046387
0.034332,-0.0056458,0.050049
0.031738,-0.0067139,0.05127
0.028687,-0.0050354,0.054932
0.027161,-0.0021362,0.057373
0.026245,0.0018311,0.063477
0.025482,0.0059509,0.059814
0.023804,0.0035095,0.064697
0.020599,0.0030518,0.062256
0.019836,0.0038147,0.064697
0.018311,0.0067139,0.061035
0.016937,0.011139,0.063477
0.016937,0.015717,0.072021
0.019684,0.019073,0.056152
0.021667,0.019226,0.062256
0.023804,0.018158,0.067139
0.026245,0.019226,0.05127
0.025787,0.020752,0.064697
0.025024,0.023041,0.064697
0.023499,0.023804,0.062256
0.022736,0.024567,0.062256
0.023041,0.023041,0.056152
0.024872,0.019989,0.059814
0.027008,0.016632,0.05127
0.030365,0.013733,0.056152
0.031586,0.011139,0.045166
0.030212,0.0085449,0.05249
0.028839,0.0047302,0.050049
0.027008,0.00076294,0.050049
0.024261,-0.0041199,0.047607
0.021057,-0.0073242,0.047607
0.018768,-0.010223,0.05127
0.01297,-0.010376,0.042725
0.0083923,-0.0086975,0.05249
0.0047302,-0.0068665,0.037842
0.0042725,-0.0048828,0.026855
0.0079346,-0.0038147,0.039063
0.014648,-0.0036621,0.036621
0.023651,-0.0036621,0.039063
0.029297,-0.0022888,0.041504
0.033569,0.00030518,0.036621
0.035095,0.0041199,0.039063
0.035248,0.0091553,0.0354
0.033417,0.011902,0.042725
0.030212,0.012054,0.040283
0.02594,0.010834,0.037842
0.019836,0.0086975,0.043945
0.015106,0.009613,0.050049
0.013428,0.0097656,0.058594
0.013275,0.010223,0.05127
0.017395,0.0080872,0.056152
0.023041,0.0045776,4.3738
0.028839,-0.00030518,4.8865
0.033569,-0.0028992,4.9207
0.035248,-0.005188,4.9255
0.034027,-0.0050354,4.9194
0.03067,-0.0054932,4.9329
0.026245,-0.0041199,4.9292
0.020905,-0.0038147,4.9304
0.015411,-0.0064087,4.9268
0.010834,-0.0071716,4.917
0.0073242,-0.0071716,4.9304
0.0035095,-0.0068665,4.9329
0.0082397,-0.0047302,4.9329
0.011139,-0.0035095,4.939
0.014648,-0.0015259,4.9329
0.017548,-0.00015259,4.9377
0.020142,0.002594,4.9426
0.020294,0.0042725,4.9353
0.021057,0.0076294,4.9377
0.022125,0.0094604,4.9316
0.025024,0.0090027,4.917
0.029144,0.0085449,4.9255
0.035248,0.0062561,4.9292
0.042877,0.0050354,4.9219
0.049896,0.0041199,4.9194
0.054779,0.0035095,4.917
0.059509,0.0036621,4.9158
0.063324,0.0038147,4.9158
0.065308,0.0033569,4.9158
0.065002,0.0022888,4.9109
0.061798,0,4.9158
0.057526,-0.0054932,4.9121
0.051117,-0.011597,4.9121
0.046539,-0.014801,4.917
0.041351,-0.016937,4.9109
0.037994,-0.016937,4.9109
0.031891,-0.014648,4.9011
0.028687,-0.014191,4.9036
0.026093,-0.011597,4.9084
0.022278,-0.010376,4.9011
0.019379,-0.0080872,4.9109
0.016785,-0.004425,4.9146
0.014648,0.00076294,4.9097
0.011597,0.0050354,4.9133
0.0091553,0.0054932,4.9133
0.0085449,0.0045776,4.9207
0.007782,0.0088501,4.9207
0.0074768,0.011902,4.928
0.0064087,0.014954,4.9207
0.011749,0.015106,4.9292
0.013275,0.013275,4.9255
0.015106,0.0074768,4.9292
0.01709,0.00076294,4.9353
0.019379,-0.0033569,4.9353
0.022583,-0.0053406,4.9426
0.026093,-0.0080872,4.9341
0.028534,-0.0028992,4.9194
0.032654,-0.0021362,4.9304
0.033417,-0.0013733,4.9365
0.034637,-0.0033569,4.9292
0.034332,-0.0033569,4.9341
0.035248,-0.0048828,4.9341
0.035858,-0.007019,4.9341
0.032654,-0.0062561,4.9341
0.031586,-0.0033569,4.9365
0.027618,-0.0064087,4.9329
0.023346,-0.0042725,4.9329
0.018768,-0.0062561,4.9304
0.013123,-0.0074768,4.9316
0.0083923,-0.0093079,4.9231
0.0041199,-0.0090027,4.9268
0.00045776,-0.0065613,0.054932
-0.0015259,-0.0022888,0.05127
-0.0032043,0.00061035,0.048828
-0.002594,0.0028992,0.047607
-0.0018311,0.0039673,0.043945
-0.00015259,0.0045776,0.042725
0.00061035,0.0048828,0.046387
0.0036621,0.0059509,0.042725
0.0056458,0.0064087,0.041504
0.0091553,0.0083923,0.036621
0.0085449,0.0099182,0.042725
0.0097656,0.011292,0.039063
0.010529,0.011292,0.040283
0.011444,0.0085449,0.040283
0.011902,0.007782,0.040283
0.012512,0.0057983,0.036621
0.012054,0.0045776,0.042725
0.012207,0.0054932,0.05127
0.012207,0.0038147,0.041504
0.010071,0.0018311,0.05127
0.010071,-0.00091553,0.039063
0.0073242,-0.0064087,0.030518
0.0050354,-0.0054932,0.045166
0.0016785,-0.0048828,0.05127
-0.0038147,-0.0036621,0.048828
-0.0085449,-0.0022888,0.053711
-0.01236,-0.0013733,0.05249
-0.015259,-0.00091553,0.059814
-0.015564,-0.0019836,0.056152
-0.013123,-0.00015259,0.056152
-0.0091553,0.0024414,0.058594
-0.004425,0.0053406,0.062256
0.0018311,0.0088501,0.063477
0.0061035,0.010376,0.063477
0.010834,0.0091553,0.073242
0.014343,0.0073242,0.061035
0.017242,0.0039673,0.059814
0.019226,0.0016785,0.064697
0.0177,-0.002594,0.074463
0.017548,-0.0050354,0.064697
0.016022,-0.011139,0.063477
0.014038,-0.017548,0.064697
0.014038,-0.021057,0.065918
0.014496,-0.021057,0.057373
0.01709,-0.020905,0.059814
0.019226,-0.019073,0.057373
0.020447,-0.017395,0.053711
0.02182,-0.017853,0.05127
0.022888,-0.019226,0.054932
0.023651,-0.021057,0.046387
0.024719,-0.022736,0.05249
0.025482,-0.02243,0.046387
0.024414,-0.022583,0.046387
0.023499,-0.022278,0.054932
0.019226,-0.020599,0.045166
0.018616,-0.018463,0.054932
0.019073,-0.014954,0.036621
0.020142,-0.01236,0.031738
0.021667,-0.010223,0.039063
0.023346,-0.0056458,0.039063
0.025024,-0.0057983,0.037842
0.025787,-0.0039673,0.036621
0.023956,-0.0065613,0.037842
0.022583,-0.0094604,0.040283
0.020447,-0.012054,0.036621
0.018768,-0.013885,0.045166
0.01709,-0.01358,0.036621
0.015869,-0.010986,0.043945
0.015411,-0.0090027,0.046387
0.014648,-0.0054932,0.047607
0.014496,-0.0028992,0.046387
0.014038,-0.0012207,0.05127
0.014954,0.00076294,0.046387
0.015411,0.0028992,0.05249
0.015106,0.0048828,0.063477
0.015106,0.004425,0.058594
0.014648,0.0071716,0.053711
0.014496,0.0093079,0.057373
0.014343,0.012054,2.6343
0.014954,0.013123,4.7925
0.014191,0.014038,4.917
0.014801,0.011139,4.9255
0.014801,0.009613,4.9341
0.015411,0.007019,4.9207
0.016022,0.0047302,4.9365
0.018463,0.004425,4.9304
0.021362,0.0041199,4.9353
0.024872,0.0047302,4.9329
0.027466,0.005188,4.939
0.030365,0.0073242,4.9475
0.032501,0.0079346,4.9365
0.031738,0.0091553,4.9329
0.030975,0.0090027,4.9329
0.029449,0.0085449,4.9084
0.027161,0.0079346,4.9231
0.026398,0.0076294,4.9219
0.02533,0.0085449,4.9219
0.023193,0.010071,4.9207
0.019989,0.010681,4.9158
0.016479,0.011749,4.9194
0.013428,0.014648,4.9146
0.012054,0.019073,4.917
0.01358,0.024719,4.9084
0.015106,0.030212,4.917
0.018768,0.034637,4.9158
0.019531,0.035858,4.9121
0.018005,0.033875,4.9084
0.017242,0.030823,4.9109
0.016937,0.027313,4.9146
0.018158,0.023499,4.9133
0.019989,0.020447,4.917
0.019073,0.019684,4.9097
0.016174,0.018311,4.9011
0.012054,0.015717,4.9146
0.0080872,0.012665,4.9109
0.0056458,0.0090027,4.9048
0.0041199,0.0048828,4.9109
0.0056458,0.0019836,4.9133
0.0057983,0,4.9182
0.0073242,-0.0016785,4.9158
0.0079346,-0.00061035,4.9243
0.009613,-0.0018311,4.9231
0.012512,-0.0030518,4.9243
0.014191,-0.0024414,4.9255
0.016937,-0.0016785,4.9316
0.019684,0.00076294,4.9353
0.020905,0.0042725,4.9304
0.023041,0.0056458,4.9353
0.025787,0.0062561,4.9329
0.026703,0.0062561,4.9316
0.028229,0.0059509,4.9304
0.028229,0.0064087,4.9329
0.027771,0.0082397,4.9292
0.028687,0.010223,4.9316
0.029449,0.010529,4.9316
0.028076,0.0097656,4.9365
0.029755,0.0086975,4.9316
0.028076,0.0090027,4.9377
0.027161,0.010376,4.9316
0.024414,0.010681,4.9341
0.024719,0.0097656,4.9304
0.024414,0.0090027,4.9304
0.025177,0.0083923,4.9255
0.02533,0.010071,4.9292
0.026398,0.012817,4.9341
0.025787,0.014801,4.9231
0.025177,0.014343,4.928
0.023804,0.014648,4.9182
0.023804,0.012054,4.9097
0.023651,0.012665,4.9158
0.025024,0.014648,0.043945
0.023499,0.016937,0.042725
0.022888,0.017548,0.045166
0.020447,0.014648,0.040283
0.01709,0.0099182,0.042725
0.01297,0.0056458,0.039063
0.011749,0.0032043,0.040283
0.010223,-0.0010681,0.040283
0.0086975,0.0022888,0.039063
0.007019,0.0022888,0.040283
0.0062561,0.00045776,0.041504
0.0071716,-0.0039673,0.050049
0.0071716,-0.009613,0.042725
0.010223,-0.011749,0.042725
0.013428,-0.012054,0.042725
0.019684,-0.009613,0.0354
0.022125,-0.0061035,0.046387
0.026398,-0.0030518,0.05127
0.029297,-0.0039673,0.050049
0.030518,0.0010681,0.05127
0.030823,0.0032043,0.05249
0.029602,0.0048828,0.053711
0.028687,0.0050354,0.057373
0.027924,0.0042725,0.064697
0.025787,0.0057983,0.058594
0.025482,0.0050354,0.063477
0.02594,0.0038147,0.059814
0.02243,0.0035095,0.063477
0.025635,0.0033569,0.062256
0.025177,0.0018311,0.061035
0.025482,-0.00030518,0.067139
0.022583,-0.0018311,0.065918
0.021973,-0.0033569,0.078125
0.019073,-0.0033569,0.065918
0.018921,-0.00045776,0.056152
0.017853,0.002594,0.065918
0.016022,0.0045776,0.062256
0.014801,0.0012207,0.059814
0.013428,0.0030518,0.062256
0.012207,0.0010681,0.058594
0.011597,0.00015259,0.056152
0.013275,0.0019836,0.05127
0.01236,0.0033569,0.054932
0.012817,0.0047302,0.047607
0.013275,0.0038147,0.050049
0.013733,0.0019836,0.046387
0.014648,-0.0018311,0.048828
0.017395,-0.0024414,0.048828
0.017548,-0.0080872,0.045166
0.019073,-0.0024414,0.042725
0.020447,-0.0010681,0.041504
0.019684,0.00076294,0.03418
0.018311,0.00076294,0.040283
0.016937,0.0012207,0.036621
0.016937,0.00076294,0.037842
0.015717,0.00076294,0.039063
0.014801,0.00061035,0.040283
0.016022,-0.00076294,0.036621
0.016937,-0.0022888,0.036621
0.018921,-0.0053406,0.042725
0.021057,-0.010681,0.036621
0.023956,-0.0056458,0.042725
0.025635,-0.004425,0.040283
0.027313,-0.0033569,0.047607
0.028229,-0.00061035,0.045166
0.027924,0.00076294,0.05249
0.026398,0.002594,0.061035
0.025024,0.0042725,0.056152
0.022736,0.0059509,0.064697
0.021667,0.0054932,0.058594
0.02121,0.007782,0.041504
0.021515,0.007019,0.050049
0.022278,0.0062561,0.059814
0.023651,0.005188,0.062256
0.024414,0.0027466,0.061035
0.024567,0.0012207,0.057373
0.023956,-0.0015259,0.062256
0.022888,-0.002594,0.058594
0.020905,-0.0027466,3.3899
0.020294,-0.0027466,4.8352
0.019226,-0.0027466,4.9255
0.017548,-0.0041199,4.9341
0.016632,-0.0065613,4.9304
0.013885,-0.0097656,4.9414
0.014496,-0.0093079,4.9341
0.017395,-0.0083923,4.9353
0.017548,-0.0047302,4.9304
0.020905,-0.0024414,4.9353
0.022278,-0.0013733,4.9255
0.023956,-0.0013733,4.9133
0.024414,-0.0013733,4.9182
0.027466,-0.0012207,4.9207
0.028687,-0.0053406,4.9158
0.030518,-0.0038147,4.9231
0.033569,-0.0039673,4.9146
0.03479,-0.0059509,4.9146
0.035248,-0.0080872,4.9109
0.034637,-0.010376,4.9133
0.031586,-0.011139,4.9097
0.031433,-0.011749,4.917
0.028229,-0.011902,4.9097
0.027313,-0.010986,4.9133
0.027924,-0.010376,4.9207
0.026703,-0.010376,4.9109
0.027771,-0.010986,4.917
0.026245,-0.011292,4.9109
0.024261,-0.014343,4.8975
0.024719,-0.0094604,4.9097
0.024414,-0.0067139,4.9084
0.024567,-0.0045776,4.9121
0.023804,-0.0036621,4.9097
0.023193,-0.0016785,4.9146
0.021973,-0.00091553,4.9158
0.019836,0.0015259,4.9194
0.0177,0.0010681,4.9109
0.015106,0.0028992,4.9231
0.01709,0.0041199,4.9268
0.018158,0.0030518,4.9268
0.019684,0.002594,4.9304
0.020447,0.0027466,4.9304
0.022125,0.0021362,4.9304
0.021667,-0.00076294,4.9304
0.02182,-0.0016785,4.9329
0.021667,-0.0019836,4.9414
0.020447,-0.0013733,4.9329
0.020142,-0.00015259,4.9158
0.018768,-0.0012207,4.9316
0.018768,-0.0024414,4.9329
0.019379,-0.0042725,4.9329
0.018768,-0.0048828,4.9377
0.021667,-0.0062561,4.9304
0.023193,-0.0074768,4.9377
0.024261,-0.0048828,4.9353
0.024261,-0.0056458,4.9329
0.023346,-0.0057983,4.9268
0.022736,-0.0047302,4.9292
0.020599,-0.004425,4.9231
0.020294,-0.0042725,4.928
0.019989,-0.0036621,4.9341
0.019531,-0.0033569,4.9219
0.018921,-0.0054932,4.9182
0.018463,-0.0088501,4.9207
0.018311,-0.010834,4.8987
0.0177,-0.01297,4.9109
0.01709,-0.012512,4.9146
0.017548,-0.010529,4.9146
0.01709,-0.0094604,4.9146
0.018921,-0.0086975,4.906
0.020294,-0.0085449,4.9109
0.022736,-0.009613,4.9097
0.02533,-0.0091553,4.9084
0.026398,-0.0076294,0.040283
0.029297,-0.0061035,0.041504
0.032654,-0.0036621,0.037842
0.0354,-0.0018311,0.043945
0.037231,0.00061035,0.039063
0.037079,0.0028992,0.041504
0.036926,0.0019836,0.039063
0.035095,0.0022888,0.045166
0.033875,0.0015259,0.05127
0.035248,0.00030518,0.043945
0.037079,-0.0013733,0.043945
0.037842,-0.0039673,0.05249
0.035858,-0.0073242,0.057373
0.031433,-0.010529,0.054932
0.028229,-0.014191,0.058594
0.023804,-0.015564,0.057373
0.021362,-0.015869,0.062256
0.019684,-0.014648,0.058594
0.018463,-0.01297,0.063477
0.017548,-0.012512,0.059814
0.015411,-0.013733,0.063477
0.016632,-0.014954,0.062256
0.016174,-0.017548,0.063477
0.019531,-0.019684,0.070801
0.02243,-0.018463,0.064697
0.026093,-0.016937,0.06958
0.027771,-0.01358,0.065918
0.027618,-0.012054,0.054932
0.026093,-0.0074768,0.065918
0.024261,-0.0047302,0.061035
0.022736,-0.0033569,0.059814
0.022583,-0.0027466,0.059814
0.022888,-0.0012207,0.053711
0.025177,0.0010681,0.057373
0.025482,0.0042725,0.050049
0.027771,0.0047302,0.05249
0.028534,0.0041199,0.046387
0.027313,0.0021362,0.050049
0.028687,-0.0038147,0.048828
0.028992,-0.0059509,0.048828
0.029297,-0.0061035,0.043945
0.029602,-0.0038147,0.046387
0.025482,-0.00045776,0.046387
0.022583,0.0021362,0.042725
0.017548,0.0039673,0.043945
0.013428,0.0012207,0.039063
0.0091553,-0.00076294,0.037842
0.0038147,-0.0015259,0.037842
-0.00030518,-0.0027466,0.037842
-0.0047302,-0.002594,0.039063
-0.0085449,-0.0059509,0.0354
-0.009613,-0.011292,0.0354
-0.0097656,-0.017548,0.039063
-0.0064087,-0.02243,0.036621
-0.0035095,-0.023499,0.042725
0.00061035,-0.02243,0.041504
0.0030518,-0.019226,0.047607
0.004425,-0.014648,0.046387
0.0045776,-0.0093079,0.053711
0.0033569,-0.0045776,0.065918
0.0022888,0.0010681,0.054932
0.0024414,0.0068665,0.062256
0.0041199,0.010681,0.057373
0.0065613,0.014954,0.046387
0.010986,0.013428,0.059814
0.015869,0.010986,0.063477
0.022583,0.0062561,0.059814
0.029144,0.0019836,0.057373
0.032806,-0.0022888,0.057373
0.03479,-0.0032043,0.065918
0.032043,-0.0019836,0.058594
0.026093,0.00030518,0.063477
0.017395,-0.0018311,0.059814
0.0080872,-0.00061035,0.068359
0.002594,-0.0022888,0.065918
-0.0019836,-0.0019836,0.06958
-0.0021362,-0.00015259,0.067139
-0.0021362,0.0013733,2.699
0.0045776,0.0019836,4.801
0.0080872,0.0010681,4.9194
0.0099182,-0.00030518,4.9402
0.010223,0.00015259,4.9243
0.010223,-0.0027466,4.9231
0.0076294,-0.0024414,4.9207
0.0038147,-0.0027466,4.9158
-0.00076294,-0.00091553,4.9194
-0.0059509,0.0010681,4.9133
-0.0085449,0.00045776,4.9109
-0.010529,-0.0012207,4.9158
-0.007019,-0.002594,4.9109
-0.0038147,-0.0041199,4.9121
0.00061035,-0.0057983,4.9084
0.0054932,-0.0059509,4.9133
0.0094604,-0.0039673,4.9133
0.011902,-0.0016785,4.9109
0.013428,0.0013733,4.9133
0.011902,0.0041199,4.9121
0.016174,0.0067139,4.9109
0.017853,0.011292,4.9084
0.020599,0.015717,4.906
0.023651,0.020599,4.9109
0.024872,0.023193,4.9097
0.026245,0.022278,4.9133
0.027924,0.018921,4.9121
0.029297,0.013275,4.9146
0.030823,0.0082397,4.9133
0.031891,0.0042725,4.9194
0.032806,0.0022888,4.9255
0.028992,0.00061035,4.9243
0.024109,-0.00030518,4.9268
0.019073,-0.00091553,4.9268
0.015717,-0.0033569,4.917
0.015717,-0.0045776,4.9292
0.015564,-0.0033569,4.9304
0.017548,-0.00030518,4.9365
0.016937,0.0030518,4.9316
0.016022,0.0047302,4.939
0.014648,0.0057983,4.9365
0.014801,0.0065613,4.9207
0.01709,0.0082397,4.9304
0.019989,0.009613,4.9304
0.021973,0.0093079,4.9341
0.024109,0.010986,4.9353
0.024567,0.01236,4.9316
0.027771,0.012054,4.9377
0.028687,0.014343,4.9329
0.029144,0.014496,4.9329
0.030518,0.014648,4.9231
0.031433,0.013123,4.9292
0.030823,0.0090027,4.9243
0.029449,0.013123,4.9255
0.029144,0.013733,4.928
0.027771,0.014038,4.9207
0.027313,0.013428,4.917
0.028229,0.011139,4.9182
0.03006,0.0053406,4.9097
0.031433,0.0048828,4.9146
0.031586,0.0032043,4.9146
0.029602,0.0038147,4.9146
0.027008,0.0071716,4.9097
0.024109,0.0083923,4.906
0.023193,0.0099182,4.906
0.023346,0.0057983,4.9097
0.024109,0.0024414,4.9109
0.026093,0.0042725,4.906
0.027008,0.0062561,4.9146
0.026703,0.010223,4.9109
0.026855,0.01297,4.9109
0.027161,0.01236,4.9109
0.028076,0.009613,4.9146
0.028839,0.0057983,0.053711
0.029297,0.0033569,0.045166
0.027771,0.0039673,0.059814
0.025482,0.0065613,0.048828
0.023193,0.010376,0.041504
0.021667,0.013733,0.05249
0.023804,0.016479,0.057373
0.02655,0.017548,0.057373
0.029449,0.016174,0.059814
0.030518,0.014496,0.057373
0.03006,0.012207,0.064697
0.029144,0.014191,0.058594
0.027924,0.013885,0.062256
0.028076,0.013123,0.058594
0.027618,0.010223,0.062256
0.027008,0.0059509,0.064697
0.024719,0.0019836,0.058594
0.02243,-0.0012207,0.070801
0.019836,-0.0012207,0.065918
0.016022,0.00015259,0.064697
0.015259,0.0030518,0.067139
0.015869,0.0047302,0.070801
0.017395,0.0045776,0.063477
0.020294,0.0061035,0.063477
0.021515,0.0048828,0.059814
0.022125,0.0042725,0.059814
0.02121,0.0032043,0.05249
0.022125,0.0013733,0.053711
0.022583,-0.0012207,0.046387
0.023651,-0.0048828,0.0354
0.024414,-0.0068665,0.047607
0.023804,-0.0073242,0.046387
0.02243,-0.0064087,0.050049
0.020294,-0.0048828,0.048828
0.018158,-0.0039673,0.041504
0.018158,-0.0048828,0.043945
0.019684,-0.0045776,0.05249
0.021515,-0.0047302,0.041504
0.021973,-0.005188,0.054932
0.021973,-0.0048828,0.040283
0.021973,-0.0048828,0.028076
0.021973,-0.0065613,0.031738
0.022125,-0.007782,0.040283
0.024109,-0.0076294,0.039063
0.025482,-0.0054932,0.036621
0.026703,-0.0016785,0.037842
0.026703,0.0021362,0.041504
0.026703,0.0056458,0.040283
0.026093,0.0073242,0.043945
0.02594,0.0074768,0.041504
0.027161,0.0074768,0.048828
0.029297,0.0059509,0.043945
0.032349,0.0032043,0.053711
0.033264,0.00076294,0.061035
0.032196,-0.0022888,0.053711
0.030518,-0.0035095,0.053711
0.028992,-0.0056458,0.061035
0.028534,-0.0064087,0.067139
0.028992,-0.0073242,0.062256
0.030975,-0.0093079,0.061035
0.030823,-0.010834,0.062256
0.028839,-0.011749,0.061035
0.027008,-0.011902,0.059814
0.024567,-0.010681,0.064697
0.02243,-0.0091553,0.058594
0.021057,-0.0073242,0.058594
0.02121,-0.0057983,0.062256
0.02182,-0.005188,0.067139
0.022278,-0.0042725,0.065918
0.021515,-0.002594,0.067139
0.023651,-0.00015259,0.062256
0.024414,0.0033569,0.064697
0.026398,0.0054932,0.070801
0.028229,0.0071716,0.059814
0.032349,0.0083923,0.059814
0.029907,0.0085449,0.05249
0.027466,0.0086975,0.040283
0.024872,0.0074768,1.5076
0.020447,0.007019,4.7156
0.017548,0.0054932,4.8987
0.017395,0.0035095,4.9158
0.018158,-0.00030518,4.9109
0.019684,-0.005188,4.9109
0.019531,-0.011444,4.9084
0.018005,-0.011597,4.9133
0.015564,-0.01236,4.9097
0.01358,-0.010986,4.9133
0.012665,-0.0099182,4.9121
0.012512,-0.0090027,4.9109
0.012207,-0.0091553,4.9097
0.010986,-0.009613,4.9084
0.010376,-0.010376,4.906
0.0068665,-0.0091553,4.9109
0.0064087,-0.0065613,4.9133
0.0080872,-0.004425,4.9109
0.011749,-0.0021362,4.9048
0.021973,-0.0010681,4.9109
0.018158,-0.0010681,4.9121
0.018768,-0.00076294,4.9158
0.018158,-0.00045776,4.9182
0.016327,0.00076294,4.9121
0.016479,0.0019836,4.9084
0.016022,0.0035095,4.9255
0.021057,0.0042725,4.9255
0.023956,0.0028992,4.9255
0.025787,0.0010681,4.9316
0.028992,-0.0010681,4.9255
0.02655,-0.00091553,4.9365
0.026398,-0.00061035,4.9438
0.026093,-0.00045776,4.9341
0.027008,-0.0010681,4.9316
0.029755,-0.002594,4.9329
0.027008,-0.004425,4.9316
0.02594,-0.0053406,4.9304
0.023041,-0.0019836,4.9329
0.020905,0.00015259,4.9365
0.018768,0.0016785,4.9341
0.018768,0.0013733,4.9329
0.018768,-0.0010681,4.9353
0.017853,-0.0027466,4.9341
0.015869,-0.0027466,4.9329
0.012665,-0.0024414,4.9268
0.0083923,-0.00061035,4.928
0.0057983,0.00015259,4.9231
0.0059509,-0.00015259,4.9268
0.0076294,-0.0012207,4.9207
0.0093079,-0.0036621,4.9231
0.0088501,-0.004425,4.9084
0.0074768,-0.0039673,4.917
0.0083923,-0.0028992,4.9316
0.0079346,-0.002594,4.9146
0.0094604,-0.0030518,4.9146
0.011749,-0.0022888,4.9133
0.014038,-0.0013733,4.9146
0.018616,0.0015259,4.9109
0.019531,0.0039673,4.9097
0.02182,0.0061035,4.9072
0.023651,0.0061035,4.9109
0.02655,0.0057983,4.9072
0.029755,0.0042725,4.9146
0.033722,0.0035095,4.906
0.035248,0.0036621,4.9109
0.035858,0.0038147,4.9133
0.033264,0.0050354,4.9109
0.032806,0.0048828,4.9121
0.029755,0.0054932,4.9146
0.027313,0.0057983,4.9194
0.025787,0.0053406,4.9182
0.024567,0.0033569,4.9133
0.023499,0.00076294,4.9219
0.023651,-0.002594,4.9268
0.019989,-0.0057983,0.05249
0.019226,-0.0076294,0.061035
0.018616,-0.0083923,0.058594
0.019989,-0.0080872,0.058594
0.02182,-0.007019,0.053711
0.018921,-0.0074768,0.063477
0.0177,-0.0076294,0.059814
0.015869,-0.005188,0.062256
0.017548,-0.0021362,0.065918
0.01709,0.0027466,0.064697
0.019531,0.0080872,0.063477
0.019379,0.0093079,0.065918
0.024109,0.011139,0.072021
0.027008,0.0086975,0.065918
0.03006,0.0033569,0.073242
0.032501,0.0032043,0.064697
0.033875,0.0038147,0.05249
0.034943,0.0056458,0.062256
0.036621,0.0067139,0.059814
0.038605,0.0061035,0.054932
0.039825,0.0038147,0.056152
0.041656,0.00076294,0.050049
0.039825,-0.0010681,0.05249
0.037689,-0.00076294,0.047607
0.036163,-0.00015259,0.048828
0.033417,0.0012207,0.048828
0.036774,0,0.05127
0.035248,-0.0024414,0.042725
0.035248,-0.0048828,0.046387
0.035858,-0.0036621,0.053711
0.034485,-0.005188,0.041504
0.033417,-0.0028992,0.039063
0.031891,-0.0010681,0.041504
0.032196,0.0019836,0.025635
0.031128,-0.00030518,0.036621
0.030518,0.0022888,0.037842
0.030365,0.0045776,0.042725
0.028839,0.007782,0.039063
0.028076,0.010376,0.036621
0.026703,0.010223,0.039063
0.027313,0.010834,0.0354
0.028534,0.009613,0.043945
0.029449,0.0090027,0.039063
0.03067,0.0090027,0.046387
0.03067,0.0091553,0.048828
0.03006,0.010223,0.05249
0.028534,0.010986,0.05127
0.027618,0.0088501,0.056152
0.026703,0.0057983,0.061035
0.02655,0.002594,0.059814
0.02594,0,0.074463
0.024719,-0.0013733,0.059814
0.022888,-0.0016785,0.05127
0.02182,-0.0016785,0.059814
0.021057,-0.0038147,0.063477
0.021667,-0.0057983,0.059814
0.023499,-0.0086975,0.061035
0.024719,-0.012054,0.058594
0.026093,-0.011902,0.064697
0.026093,-0.010376,0.064697
0.025787,-0.0086975,0.067139
0.025024,-0.0061035,0.063477
0.025787,-0.005188,0.067139
0.025177,-0.0033569,0.064697
0.025635,-0.0036621,0.067139
0.024872,-0.009613,0.065918
0.023193,-0.0068665,0.059814
0.02243,-0.0094604,0.057373
0.023346,-0.0094604,0.056152
0.023346,-0.0091553,0.05249
0.025177,-0.0083923,0.05127
0.025787,-0.0076294,0.048828
0.026398,-0.012054,0.043945
0.026855,-0.015564,0.047607
0.026093,-0.016785,0.046387
0.02594,-0.015259,0.050049
0.02594,-0.012665,0.040283
0.025177,-0.010071,4.2493
0.024414,-0.0080872,4.8645
0.023499,-0.0097656,4.9048
0.023041,-0.012207,4.9084
0.020599,-0.014191,4.9097
0.022888,-0.01358,4.9084
0.022736,-0.011139,4.9121
0.023956,-0.007782,4.9231
0.024567,-0.0082397,4.9097
0.024567,-0.0047302,4.9158
0.024567,-0.0062561,4.9097
0.024567,-0.0065613,4.8987
0.023956,-0.0056458,4.9084
0.023499,-0.0035095,4.9109
0.025024,-0.0021362,4.9146
0.02533,-0.0010681,4.9158
0.026398,-0.0030518,4.917
0.026855,-0.0061035,4.9219
0.02655,-0.0080872,4.9243
0.025635,-0.0099182,4.9268
0.024719,-0.0099182,4.9219
0.02243,-0.010834,4.9219
0.019379,-0.012207,4.9231
0.015106,-0.014496,4.939
0.01358,-0.016022,4.9377
0.010681,-0.015259,4.9316
0.010223,-0.014343,4.9304
0.010223,-0.0099182,4.9329
0.01236,-0.0057983,4.939
0.014801,-0.0030518,4.9329
0.017853,-0.00061035,4.939
0.020294,-0.0012207,4.9365
0.020447,-0.0013733,4.9329
0.018768,-0.0022888,4.9292
0.014496,-0.0027466,4.9365
0.014496,-0.0019836,4.9316
0.01236,-0.0027466,4.9304
0.009613,-0.0032043,4.928
0.0071716,-0.0045776,4.928
0.0050354,-0.0053406,4.9243
0.0038147,-0.004425,4.9231
0.0036621,-0.0013733,4.9243
0.004425,0,4.9231
0.0068665,0.0018311,4.9292
0.010376,0.0016785,4.9255
0.0085449,0.00061035,4.9194
0.010223,-0.0019836,4.9109
0.011444,-0.005188,4.8999
0.012207,-0.0079346,4.9146
0.014648,-0.010071,4.9097
0.013428,-0.010834,4.9109
0.01358,-0.011597,4.9121
0.012207,-0.0071716,4.9084
0.011902,-0.010681,4.9133
0.010529,-0.009613,4.9084
0.010529,-0.0085449,4.9023
0.0094604,-0.011139,4.906
0.0097656,-0.0032043,4.9109
0.010376,-0.0032043,4.9109
0.010071,-0.00015259,4.9121
0.012665,0.0015259,4.9121
0.01358,0.0024414,4.9158
0.017548,0.0035095,4.9158
0.018158,0.005188,4.9182
0.018005,0.0071716,4.9231
0.019684,0.0090027,4.9182
0.019989,0.011139,4.9146
0.01709,0.011444,4.9255
0.020752,0.011597,4.9255
0.020599,0.010376,4.928
0.020142,0.0091553,4.9268
0.019073,0.0093079,4.9292
0.015106,0.0056458,4.9341
0.018311,0.0045776,0.059814
0.019531,0.00091553,0.061035
0.019836,-0.0013733,0.061035
0.021057,-0.0053406,0.063477
0.020294,-0.0076294,0.057373
0.018616,-0.0074768,0.065918
0.0177,-0.00030518,0.078125
0.016174,0.00076294,0.067139
0.014496,0.0039673,0.062256
0.012207,0.0065613,0.068359
0.010681,0.0056458,0.047607
0.010681,0.0038147,0.061035
0.010529,0.0041199,0.058594
0.011902,0.0062561,0.056152
0.012665,0.0071716,0.056152
0.01358,0.0085449,0.048828
0.01236,0.0094604,0.05249
0.014648,0.0073242,0.050049
0.015717,0.0036621,0.05127
0.016937,0.0015259,0.043945
0.018005,0.0010681,0.050049
0.017853,0.0024414,0.047607
0.018311,0.0047302,0.046387
0.016785,0.007782,0.045166
0.017853,0.0079346,0.039063
0.016479,0.0067139,0.043945
0.018158,0.0061035,0.043945
0.019531,0.0042725,0.040283
0.02182,0.0039673,0.037842
0.021973,0.0022888,0.026855
0.023346,0.0010681,0.039063
0.023193,0.00015259,0.040283
0.023499,-0.0016785,0.0354
0.024414,-0.00061035,0.040283
0.025635,-0.00030518,0.037842
0.02655,-0.00015259,0.0354
0.026093,-0.00045776,0.040283
0.023346,-0.0021362,0.047607
0.022736,-0.0039673,0.045166
0.020905,-0.0048828,0.05249
0.02243,-0.0038147,0.05127
0.022888,-0.0018311,0.054932
0.024414,-0.00015259,0.067139
0.02655,-0.0019836,0.061035
0.02594,0.00076294,0.065918
0.026703,0.0010681,0.061035
0.026703,0.0021362,0.056152
0.027313,0.0030518,0.062256
0.027161,0.0048828,0.062256
0.027466,0.0056458,0.061035
0.028992,0.0053406,0.058594
0.030212,0.0048828,0.057373
0.032501,0.0036621,0.063477
0.03418,0.0033569,0.061035
0.034027,0.0028992,0.067139
0.033875,0.0016785,0.063477
0.032806,0.00045776,0.068359
0.031738,-0.00091553,0.067139
0.024261,-0.00045776,0.065918
0.03067,0.00091553,0.062256
0.027924,0.0032043,0.062256
0.028839,0.0068665,0.065918
0.027771,0.0086975,0.056152
0.028229,0.0076294,0.063477
0.028534,0.0057983,0.05127
0.030212,0.00045776,0.040283
0.030823,0.0024414,0.046387
0.030518,0.0033569,0.042725
0.028076,0.0042725,0.045166
0.026245,0.0036621,0.045166
0.024261,0.0018311,0.039063
0.021973,-0.00091553,0.043945
0.021057,-0.0030518,0.031738
0.020294,-0.0013733,0.042725
0.020447,0.00076294,0.041504
0.02121,0.0053406,0.039063
0.022583,0.0065613,0.039063
0.025024,0.0076294,3.0664
0.028839,0.0064087,4.8022
0.032043,0.0056458,4.8999
0.035706,0.0065613,4.906
0.037231,0.0080872,4.9084
0.037231,0.010986,4.895
0.035095,0.013123,4.9097
0.033112,0.012817,4.9231
0.03006,0.011597,4.9146
0.028076,0.0090027,4.9146
0.026093,0.007019,4.9158
0.025787,0.0073242,4.9219
0.025024,0.007782,4.9194
0.024719,0.0082397,4.9268
0.024872,0.007019,4.9231
0.025177,0.0064087,4.9304
0.02655,0.0041199,4.9292
0.027008,0.0024414,4.9304
0.027924,0.00091553,4.9292
0.028076,0.0015259,4.9329
0.027313,0.002594,4.9365
0.025024,0.0035095,4.9353
0.023651,0.0039673,4.9475
0.022736,0.0045776,4.9316
0.023041,0.0045776,4.9194
0.024414,0.0050354,4.9341
0.027313,0.0065613,4.9353
0.029602,0.0074768,4.9353
0.031891,0.0097656,4.9377
0.033569,0.0094604,4.9353
0.036163,0.0079346,4.9316
0.037689,0.0074768,4.928
0.039063,0.0054932,4.9329
0.03891,0.0047302,4.9292
0.036163,0.0041199,4.928
0.033569,0.0032043,4.9219
0.030212,0.00091553,4.9231
0.027924,-0.0015259,4.9231
0.024567,-0.0022888,4.9219
0.020599,-0.0035095,4.9194
0.018768,-0.005188,4.9158
0.018158,-0.0059509,4.9109
0.019684,-0.0074768,4.9133
0.020447,-0.0071716,4.9036
0.019684,-0.0054932,4.9097
0.021515,-0.0015259,4.9097
0.022583,0.0027466,4.9109
0.024261,0.0059509,4.9097
0.028839,0.0065613,4.906
0.029449,0.0083923,4.9109
0.031586,0.0090027,4.9084
0.033112,0.0094604,4.9097
0.03418,0.010376,4.9097
0.03479,0.011902,4.9146
0.03479,0.011749,4.8962
0.033569,0.0086975,4.9158
0.033264,0.0053406,4.9255
0.031738,0.0032043,4.9158
0.029297,0.00061035,4.9255
0.028534,0.00015259,4.9243
0.027008,-0.00015259,4.9036
0.02533,-0.0010681,4.9231
0.023651,-0.0016785,4.9255
0.022278,-0.0018311,4.928
0.022278,0.0010681,4.9316
0.022125,0.002594,4.9182
0.022278,0.0047302,4.9353
0.021515,0.0050354,4.9304
0.019531,0.0024414,4.9329
0.016632,0.00076294,4.928
0.014954,-0.0021362,4.9329
0.013733,-0.0021362,4.9292
0.012512,-0.0013733,4.9341
0.014343,0,0.074463
0.011597,0.0013733,0.065918
0.011139,0.0015259,0.065918
0.010986,0.0030518,0.067139
0.011292,0.0039673,0.073242
0.013275,0.0050354,0.059814
0.014343,0.0064087,0.053711
0.014954,0.0054932,0.059814
0.014191,0.0039673,0.058594
0.01297,0.00015259,0.05127
0.011597,-0.004425,0.05127
0.012512,-0.0086975,0.048828
0.01358,-0.01297,0.048828
0.014343,-0.014496,0.046387
0.015564,-0.013885,0.050049
0.016022,-0.011139,0.043945
0.015869,-0.0061035,0.046387
0.017242,-0.0010681,0.045166
0.018158,0.002594,0.043945
0.019989,0.0061035,0.053711
0.021515,0.0056458,0.041504
0.023193,0.0033569,0.05249
0.02243,-0.0039673,0.039063
0.022278,-0.0022888,0.028076
0.021515,-0.0035095,0.037842
0.019684,-0.0047302,0.040283
0.017548,-0.0035095,0.039063
0.015717,-0.00015259,0.037842
0.013123,0.0021362,0.037842
0.0076294,0.0035095,0.040283
0.004425,0.0018311,0.041504
0.0016785,0.0027466,0.045166
0.00045776,0.0032043,0.043945
0.0021362,0.004425,0.046387
0.004425,0.0059509,0.05249
0.007782,0.0065613,0.05249
0.0086975,0.002594,0.057373
0.010681,-0.0010681,0.058594
0.016327,-0.0041199,0.054932
0.014496,-0.0041199,0.057373
0.016327,-0.0013733,0.070801
0.016479,0.0015259,0.062256
0.015106,0.0024414,0.061035
0.013275,0.0032043,0.059814
0.011749,0.0024414,0.062256
0.011749,0.0016785,0.062256
0.012665,0.0018311,0.059814
0.015259,0.0013733,0.059814
0.01709,0.0012207,0.064697
0.020752,0.002594,0.063477
0.025177,0.0033569,0.067139
0.027313,0.0050354,0.065918
0.028992,0.0057983,0.068359
0.028381,0.005188,0.062256
0.025635,0.0039673,0.063477
0.023651,0.0010681,0.070801
0.022278,-0.0012207,0.056152
0.021057,-0.0012207,0.056152
0.019531,-0.00076294,0.05249
0.017395,0.00045776,0.03418
0.016022,0.00061035,0.050049
0.016785,-0.00045776,0.05249
0.018921,-0.0013733,0.045166
0.02243,-0.0022888,0.046387
0.026855,-0.0030518,0.042725
0.029907,-0.0041199,0.045166
0.028534,-0.0042725,0.036621
0.026855,-0.0045776,0.039063
0.026245,-0.0015259,0.037842
0.025635,0.00076294,0.043945
0.026855,0.0021362,0.040283
0.028992,0.0032043,0.040283
0.032349,0.0027466,0.042725
0.031891,0.002594,0.039063
0.032501,0.0015259,0.040283
0.033569,0.0016785,0.041504
0.031433,0.0022888,0.046387
0.030823,0.00045776,0.061035
0.031281,-0.0021362,4.6045
0.032043,-0.0032043,4.8889
0.031128,-0.0050354,4.9109
0.029449,-0.0053406,4.9097
0.028076,-0.0057983,4.917
0.026855,-0.0065613,4.9182
0.028992,-0.0062561,4.9219
0.029449,-0.0047302,4.9243
0.031738,-0.0036621,4.9292
0.03418,-0.002594,4.9231
0.036163,-0.002594,4.9353
0.035858,-0.0024414,4.928
0.034943,-0.0032043,4.9341
0.0354,-0.002594,4.939
0.035095,-0.0019836,4.9329
0.033722,-0.0038147,4.9353
0.031586,-0.0057983,4.9304
0.029602,-0.0073242,4.9329
0.027924,-0.0076294,4.9341
0.028381,-0.0062561,4.9316
0.029449,-0.0038147,4.9243
0.029755,-0.00015259,4.9353
0.028992,0.0030518,4.9353
0.029755,0.0039673,4.9353
0.030823,0.0036621,4.9292
0.030975,0.0042725,4.9329
0.028687,0.0032043,4.928
0.028534,0.0015259,4.9292
0.02655,0.0016785,4.9255
0.02533,0.0010681,4.9268
0.026398,0.00076294,4.9182
0.026703,0.0018311,4.9255
0.032349,0.004425,4.9304
0.035706,0.0056458,4.917
0.036774,0.0062561,4.9255
0.036774,0.0056458,4.9158
0.035706,0.002594,4.9011
0.035858,0.00030518,4.9109
0.037079,-0.0013733,4.9109
0.037384,-0.0010681,4.9121
0.037079,0.0013733,4.9121
0.033722,0.0019836,4.9072
0.03067,0.0018311,4.9011
0.02594,-0.00091553,4.9097
0.023346,-0.0045776,4.9097
0.022583,-0.0073242,4.906
0.02182,-0.0068665,4.9011
0.022125,-0.0048828,4.9109
0.022278,-0.0028992,4.9133
0.023041,-0.0012207,4.9231
0.022583,-0.002594,4.9158
0.022278,-0.0054932,4.9158
0.024261,-0.0079346,4.9207
0.025177,-0.0079346,4.9146
0.027618,-0.0056458,4.9207
0.027924,-0.0032043,4.9329
0.028687,-0.00076294,4.9255
0.026245,-0.00030518,4.9109
0.024719,-0.0027466,4.9255
0.025482,-0.0041199,4.9316
0.026398,-0.0036621,4.9304
0.028687,-0.002594,4.9353
0.03067,0.00030518,4.928
0.032806,0.0012207,4.9414
0.035248,-0.0010681,4.9316
0.03479,-0.0042725,4.9329
0.035095,-0.0079346,4.9353
0.03418,-0.0090027,4.9353
0.034637,-0.0082397,4.9414
0.034485,-0.0074768,4.9377
0.031433,-0.0067139,4.9426
0.027008,-0.0085449,4.9365
0.022125,-0.010681,0.053711
0.019379,-0.011139,0.056152
0.016937,-0.010834,0.057373
0.017395,-0.0093079,0.05127
0.018921,-0.0074768,0.054932
0.02182,-0.007782,0.050049
0.024109,-0.0088501,0.050049
0.026093,-0.009613,0.050049
0.026703,-0.010376,0.050049
0.027924,-0.011292,0.046387
0.029297,-0.0090027,0.046387
0.03067,-0.0056458,0.047607
0.031433,-0.0032043,0.050049
0.032501,-0.00061035,0.047607
0.031891,0.00045776,0.042725
0.030975,-0.00045776,0.039063
0.030365,-0.0019836,0.041504
0.031128,-0.0027466,0.030518
0.033264,-0.0013733,0.039063
0.035553,0,0.039063
0.037231,0.0010681,0.036621
0.036011,0.0021362,0.041504
0.033569,0.002594,0.039063
0.029907,-0.00091553,0.039063
0.028381,0.0024414,0.037842
0.027618,0.0032043,0.046387
0.027771,0.0047302,0.043945
0.02655,0.005188,0.046387
0.024414,0.0038147,0.048828
0.021515,0.0027466,0.053711
0.017548,0.00045776,0.050049
0.016937,-0.0019836,0.057373
0.016327,-0.0027466,0.063477
0.017853,-0.0016785,0.058594
0.019531,-0.00015259,0.067139
0.018311,0.0010681,0.063477
0.01709,0.0033569,0.045166
0.014648,0.0039673,0.059814
0.013275,0.0045776,0.062256
0.014954,0.0033569,0.061035
0.016632,0.0024414,0.061035
0.018311,0.0021362,0.058594
0.018311,0.00076294,0.063477
0.016327,0.00045776,0.063477
0.015106,-0.00091553,0.064697
0.013428,-0.0036621,0.062256
0.013275,-0.0053406,0.070801
0.013428,-0.005188,0.061035
0.014191,-0.0028992,0.063477
0.015411,0.0019836,0.073242
0.014801,0.0059509,0.061035
0.013885,0.0079346,0.054932
0.014191,0.0076294,0.054932
0.014496,0.0067139,0.047607
0.015869,0.0048828,0.048828
0.017548,0.005188,0.048828
0.019226,0.007019,0.046387
0.018158,0.010071,0.046387
0.015564,0.0099182,0.042725
0.01297,0.011139,0.046387
0.012054,0.0099182,0.0354
0.010529,0.0064087,0.042725
0.010071,0.0061035,0.036621
0.0090027,0.007019,0.040283
0.0065613,0.0088501,0.040283
0.0021362,0.010223,0.039063
0.0019836,0.010986,0.039063
0.0018311,0.0076294,0.042725
0.0041199,0.009613,0.05127
0.0061035,0.0094604,0.041504
0.0076294,0.0099182,0.056152
0.0080872,0.010681,0.037842
0.0065613,0.01236,0.030518
0.0056458,0.01358,0.041504
0.0042725,0.012817,0.046387
0.0039673,0.011749,0.045166
0.0038147,0.010529,0.046387
0.004425,0.0090027,0.048828
0.0041199,0.0090027,4.2712
0.0041199,0.010071,4.8816
0.0041199,0.010529,4.9219
0.004425,0.010223,4.9194
0.0053406,0.007782,4.9304
0.0068665,0.0054932,4.9341
0.0080872,0.0028992,4.9341
0.0091553,0.0024414,4.9329
0.0088501,0.0035095,4.9329
0.0067139,0.0050354,4.9353
0.0050354,0.0068665,4.9329
0.0065613,0.0062561,4.9414
0.0071716,0.0041199,4.9341
0.0083923,0.0018311,4.9316
0.0099182,0,4.9353
0.012817,0.0016785,4.9365
0.014496,0.005188,4.9341
0.016174,0.0093079,4.9329
0.016327,0.010681,4.9316
0.015106,0.0094604,4.9304
0.011139,0.0059509,4.928
0.013885,0.002594,4.9255
0.015106,0.0022888,4.9243
0.016937,0.0039673,4.9231
0.018768,0.0059509,4.9182
0.017853,0.0076294,4.9231
0.017395,0.0088501,4.9316
0.018311,0.004425,4.9194
0.019531,0.0016785,4.9158
0.022583,0.00015259,4.9158
0.023804,0.00091553,4.8987
0.022278,0.0041199,4.9072
0.02243,0.0035095,4.9109
0.019073,0.0033569,4.9097
0.017242,-0.0012207,4.9097
0.014801,-0.005188,4.906
0.016174,-0.0079346,4.9084
0.016632,-0.0056458,4.9048
0.016022,-0.0042725,4.9097
0.014038,-0.0010681,4.9036
0.014191,0.00030518,4.9146
0.014038,-0.00045776,4.9109
0.015259,-0.0016785,4.9146
0.018463,-0.0065613,4.9109
0.022125,-0.0047302,4.9158
0.022583,-0.0038147,4.9146
0.023956,-0.0013733,4.9207
0.023956,-0.00091553,4.9292
0.02533,-0.0013733,4.9268
0.025024,0.00015259,4.9133
0.02594,-0.0030518,4.928
0.025482,-0.004425,4.9207
0.027618,-0.0032043,4.928
0.027618,-0.0024414,4.9304
0.027466,-0.00030518,4.9292
0.026245,0.0016785,4.9329
0.025635,0.0039673,4.9292
0.027161,0.0038147,4.9353
0.026855,0.0041199,4.9316
0.028534,0.0033569,4.9329
0.030975,0.0016785,4.9316
0.029907,0.0013733,4.9353
0.032654,0.0013733,4.9536
0.032501,0.002594,4.9402
0.033264,0.0036621,4.9377
0.033112,0.0039673,4.9329
0.033722,0.0047302,4.9231
0.028076,0.0056458,4.9292
0.032501,0.0074768,4.9268
0.029907,0.0093079,4.9231
0.027466,0.010529,4.9255
0.026703,0.011292,4.9231
0.027618,0.010223,0.050049
0.030823,0.0085449,0.041504
0.030823,0.007782,0.050049
0.032043,0.0082397,0.046387
0.031433,0.0086975,0.047607
0.030212,0.0085449,0.048828
0.028839,0.0074768,0.045166
0.028839,0.0053406,0.040283
0.028839,0.0036621,0.042725
0.029144,0.0036621,0.050049
0.028381,0.0042725,0.039063
0.026398,0.005188,0.046387
0.023346,0.0050354,0.037842
0.02121,0.0042725,0.031738
0.022583,0.0016785,0.037842
0.024567,-0.00091553,0.036621
0.026855,-0.0018311,0.041504
0.027924,-0.0024414,0.040283
0.027313,-0.00015259,0.037842
0.02655,0.00091553,0.045166
0.025024,0.0028992,0.042725
0.026398,0.0032043,0.047607
0.028839,0.0016785,0.045166
0.031281,0.002594,0.050049
0.031738,0.0030518,0.054932
0.031433,0.0057983,0.058594
0.031586,0.0083923,0.070801
0.029907,0.010071,0.058594
0.029144,0.0093079,0.061035
0.030518,0.0061035,0.059814
0.031433,0.0016785,0.054932
0.032501,-0.0012207,0.058594
0.031891,-0.00091553,0.061035
0.031128,0,0.059814
0.027313,0.002594,0.062256
0.025024,0.0048828,0.059814
0.023041,0.0053406,0.067139
0.023499,0.0042725,0.063477
0.025177,0.0047302,0.065918
0.025482,0.0033569,0.062256
0.024261,0.0038147,0.068359
0.022736,0.0041199,0.063477
0.020599,0.00045776,0.064697
0.019531,-0.0033569,0.061035
0.019073,-0.0083923,0.057373
0.02121,-0.010681,0.064697
0.020905,-0.010071,0.057373
0.018463,-0.0076294,0.065918
0.018311,-0.0039673,0.05249
0.018158,-0.0012207,0.036621
0.019226,-0.00030518,0.047607
0.023041,0.0015259,0.048828
0.028229,0.0042725,0.0354
0.033417,0.0080872,0.043945
0.037079,0.010376,0.043945
0.038147,0.010529,0.040283
0.036469,0.0082397,0.039063
0.032654,0.0035095,0.039063
0.030212,0.00045776,0.039063
0.028534,0.00076294,0.040283
0.025635,0.0028992,0.041504
0.023651,0.0047302,0.039063
0.019531,0.007782,0.042725
0.016479,0.0079346,0.040283
0.014648,0.0080872,0.042725
0.016937,0.007019,0.037842
0.020752,0.0090027,0.032959
0.024872,0.0094604,0.041504
0.026093,0.010376,0.041504
0.026855,0.0022888,0.042725
0.02655,0.0053406,0.046387
0.026855,0.0016785,0.047607
0.026398,-0.0010681,0.05127
0.026093,-0.0019836,0.05127
0.024109,-0.0039673,0.059814
0.021515,-0.0047302,0.05249
0.016479,-0.0076294,0.053711
0.010986,-0.0086975,0.059814
0.010376,-0.0080872,4.2151
0.0088501,-0.0047302,4.8804
0.0097656,0.0012207,4.9292
0.011444,0.0062561,4.9377
0.016174,0.0082397,4.9341
0.017548,0.0054932,4.9377
0.019989,-0.0013733,4.9329
0.023193,-0.00091553,4.9158
0.024414,0,4.9292
0.024261,0.0047302,4.9341
0.02182,0.007782,4.9353
0.020142,0.007782,4.9365
0.019379,0.004425,4.9304
0.017853,-0.0013733,4.939
0.016785,-0.0045776,4.9292
0.015411,-0.0048828,4.9255
0.013733,-0.0028992,4.9219
0.014801,0.00030518,4.9231
0.016479,0.00061035,4.9207
0.020142,0.00015259,4.9109
0.021515,-0.0021362,4.9207
0.025177,-0.0050354,4.9194
0.023651,-0.0050354,4.9146
0.02121,-0.0047302,4.9133
0.017853,-0.0045776,4.9133
0.015717,-0.0048828,4.9084
0.014801,-0.011292,4.9097
0.014648,-0.0042725,4.9109
0.014496,-0.0032043,4.9109
0.014496,-0.00076294,4.9011
0.013275,0.0030518,4.9146
0.014496,0.007019,4.9109
0.016174,0.010071,4.9109
0.018921,0.011902,4.9048
0.023041,0.013123,4.9133
0.024872,0.014648,4.9097
0.025787,0.015411,4.9146
0.024414,0.014801,4.9133
0.022888,0.01236,4.9158
0.023651,0.0099182,4.9255
0.023804,0.0068665,4.9194
0.026245,0.0038147,4.9292
0.02182,0.0018311,4.9255
0.017242,0.00030518,4.9158
0.010986,-0.0016785,4.928
0.0061035,-0.002594,4.9268
0.0038147,-0.0039673,4.928
0.0041199,-0.0045776,4.9304
0.0065613,-0.0083923,4.9304
0.009613,-0.0042725,4.9329
0.011597,-0.0027466,4.9304
0.0090027,-0.0012207,4.9341
0.013275,0.00076294,4.9292
0.014343,0.0018311,4.9329
0.014954,0.0019836,4.9329
0.014496,0.0010681,4.9304
0.013428,0.00030518,4.939
0.010376,-0.00030518,4.939
0.0086975,-0.0015259,4.9353
0.0042725,-0.0013733,4.939
0.0021362,-0.0015259,4.9414
0.0027466,-0.0013733,4.9316
0.0061035,-0.00030518,4.9146
0.010376,0.00045776,4.9255
0.019226,0.0010681,4.9268
0.027161,0.002594,4.9255
0.029907,-0.0027466,4.9194
0.036926,-0.0045776,4.9158
0.039063,-0.0062561,4.9207
0.040131,-0.007019,4.9133
0.039215,-0.0068665,4.9182
0.035248,-0.0094604,0.046387
0.031891,-0.011597,0.043945
0.025482,-0.010681,0.040283
0.019989,-0.014801,0.042725
0.015106,-0.014191,0.056152
0.013428,-0.011902,0.040283
0.014648,-0.0093079,0.047607
0.015106,-0.0056458,0.040283
0.018616,-0.0041199,0.026855
0.02243,-0.0045776,0.037842
0.024109,-0.0053406,0.040283
0.024872,-0.0057983,0.036621
0.02533,-0.0048828,0.037842
0.02594,-0.0041199,0.039063
0.024109,-0.0033569,0.042725
0.025482,-0.005188,0.043945
0.023499,-0.0062561,0.047607
0.019684,-0.0064087,0.046387
0.017242,-0.011749,0.05249
0.015717,-0.01236,0.05249
0.014496,-0.011444,0.057373
0.016174,-0.010986,0.068359
0.018463,-0.011444,0.057373
0.021667,-0.010223,0.059814
0.026398,-0.011139,0.064697
0.028839,-0.012207,0.068359
0.033264,-0.012665,0.062256
0.035553,-0.011902,0.062256
0.036621,-0.010376,0.064697
0.036621,-0.0083923,0.059814
0.034027,-0.0074768,0.061035
0.031281,-0.005188,0.063477
0.027313,-0.0048828,0.063477
0.024261,-0.0048828,0.065918
0.023499,-0.0036621,0.064697
0.021973,-0.0030518,0.06958
0.023651,-0.0019836,0.062256
0.024719,-0.0012207,0.063477
0.027161,-0.00045776,0.061035
0.029602,-0.0015259,0.059814
0.031281,-0.0033569,0.064697
0.031586,-0.0047302,0.053711
0.030365,-0.0042725,0.057373
0.028687,-0.0057983,0.05127
0.028076,-0.0018311,0.039063
0.02655,-0.0015259,0.045166
0.024567,-0.0012207,0.046387
0.023651,-0.0024414,0.042725
0.022125,-0.0030518,0.042725
0.021667,-0.0021362,0.042725
0.022125,-0.00076294,0.042725
0.023651,0.00076294,0.040283
0.024872,0.00076294,0.040283
0.027924,-0.0012207,0.036621
0.03006,-0.0030518,0.041504
0.029602,-0.0038147,0.042725
0.030365,-0.0024414,0.042725
0.029602,-0.00015259,0.039063
0.02533,0.0021362,0.040283
0.028534,0.002594,0.039063
0.026855,0.0019836,0.039063
0.023193,0.0021362,0.043945
0.019073,0.0022888,0.042725
0.015106,0.0039673,0.032959
0.01297,0.0048828,0.042725
0.012817,0.0047302,0.050049
0.014038,0.0028992,0.047607
0.016327,-0.00076294,0.053711
0.019379,-0.0047302,0.05127
0.02182,-0.005188,0.059814
0.024414,-0.005188,0.056152
0.026245,-0.0022888,0.063477
0.026703,0.00030518,0.059814
0.02655,0.00091553,0.063477
0.02655,0.0012207,0.059814
0.024872,-0.00045776,0.064697
0.024567,-0.0010681,0.073242
0.023499,-0.0016785,0.064697
0.020752,-0.0015259,0.18188
0.020752,-0.0019836,4.6606
0.019073,-0.0012207,4.8999
0.0177,-0.0027466,4.9304
0.017395,-0.0039673,4.9341
0.017242,-0.0030518,4.9329
0.018921,-0.00091553,4.9341
0.017395,0.0018311,4.9304
0.01709,0.005188,4.9292
0.018158,0.0079346,4.9292
0.019379,0.010223,4.928
0.023346,0.010834,4.9182
0.026093,0.010986,4.9231
0.029449,0.010529,4.9207
0.031586,0.010529,4.9207
0.032654,0.012207,4.9194
0.033417,0.01358,4.9207
0.031586,0.015259,4.9219
0.029449,0.014648,4.917
0.026703,0.01236,4.9207
0.025024,0.0074768,4.9084
0.022125,0.004425,4.9146
0.019684,0.0038147,4.9109
0.016327,0.0039673,4.9121
0.014343,0.0054932,4.906
0.016632,0.0071716,4.9097
0.012512,0.0071716,4.9048
0.011292,0.0073242,4.9133
0.010834,0.007782,4.906
0.011444,0.0086975,4.9109
0.011902,0.009613,4.9097
0.012665,0.010376,4.906
0.014191,0.0097656,4.9121
0.014496,0.0091553,4.9194
0.013275,0.0065613,4.9243
0.011444,0.0039673,4.9207
0.007782,0.0016785,4.9219
0.0082397,0.00091553,4.9231
0.0062561,0.0010681,4.9231
0.0030518,-0.00076294,4.928
0.0018311,0.0010681,4.9231
0.0012207,0,4.928
0.0016785,-0.0016785,4.9292
0.0053406,0.0010681,4.9292
0.009613,-0.0024414,4.9243
0.013733,0.0039673,4.9353
0.018768,0.0073242,4.9341
0.020599,0.0093079,4.9304
0.021667,0.0080872,4.9329
0.019684,0.0059509,4.9146
0.019531,0.0032043,4.9316
0.020142,0.0030518,4.9365
0.017853,0.0048828,4.939
0.015717,0.0056458,4.9451
0.014038,0.007019,4.9353
0.012817,0.0067139,4.9402
0.012817,0.0061035,4.9316
0.014191,0.0056458,4.9133
0.016785,0.0057983,4.9243
0.019379,0.0083923,4.9268
0.020752,0.0099182,4.9207
0.020142,0.010834,4.9243
0.019073,0.011139,4.9182
0.016785,0.0099182,4.9207
0.014801,0.010223,4.9194
0.01236,0.0094604,4.9158
0.0093079,0.0088501,4.9109
0.0059509,0.0083923,4.9182
0.0027466,0.0073242,4.9133
0.00076294,0.007019,4.9146
0.00030518,0.0085449,4.9194
0.0015259,0.0097656,4.9109
0.0047302,0.011902,0.039063
0.0083923,0.011444,0.039063
0.011292,0.012665,0.026855
0.014343,0.012665,0.03418
0.015869,0.011597,0.039063
0.015869,0.011597,0.039063
0.015106,0.010529,0.039063
0.013275,0.0079346,0.039063
0.011292,0.0047302,0.041504
0.0080872,0.0010681,0.041504
0.0039673,0.00015259,0.047607
0.00076294,0.00015259,0.045166
-0.0019836,0.0010681,0.05249
-0.0021362,0.0032043,0.05249
-0.00076294,0.002594,0.057373
0.0012207,0.00045776,0.057373
0.0045776,0,0.062256
0.0091553,0.0021362,0.063477
0.013428,0.0057983,0.062256
0.015869,0.0094604,0.074463
0.019226,0.011597,0.061035
0.019379,0.012207,0.05127
0.019531,0.009613,0.058594
0.018005,0.0064087,0.062256
0.014954,0.0045776,0.061035
0.012512,0.0059509,0.063477
0.0097656,0.0067139,0.05249
0.0083923,0.0086975,0.067139
0.0097656,0.0082397,0.05127
0.013123,0.0056458,0.06958
0.017853,0.0016785,0.061035
0.022583,0.0028992,0.065918
0.025177,-0.0019836,0.059814
0.028076,0.0019836,0.062256
0.028076,-0.00076294,0.063477
0.028381,-0.00015259,0.053711
0.026245,-0.0012207,0.05249
0.023956,-0.0033569,0.05127
0.02182,-0.0061035,0.041504
0.018311,-0.0074768,0.050049
0.015259,-0.0074768,0.037842
0.012512,-0.0082397,0.042725
0.011749,-0.0086975,0.046387
0.012512,-0.0085449,0.041504
0.014038,-0.0079346,0.043945
0.016632,-0.0065613,0.03418
0.023346,-0.0050354,0.032959
0.022278,-0.0042725,0.036621
0.024719,-0.0033569,0.040283
0.026703,-0.0062561,0.042725
0.026855,-0.0074768,0.041504
0.025787,-0.0085449,0.036621
0.025024,-0.0093079,0.041504
0.023804,-0.0056458,0.050049
0.023041,-0.0099182,0.040283
0.023804,-0.0094604,0.048828
0.024109,-0.0082397,0.041504
0.023499,-0.0071716,0.028076
0.023651,-0.0050354,0.042725
0.024261,-0.0048828,0.046387
0.024719,-0.0050354,0.05127
0.026245,-0.0039673,0.05127
0.026093,-0.0035095,0.05249
0.026855,-0.0036621,0.059814
0.027771,-0.0035095,0.056152
0.027008,-0.0036621,0.062256
0.024414,-0.0035095,0.059814
0.023346,-0.0030518,0.063477
0.021667,-0.00030518,0.061035
0.021057,-0.00030518,0.059814
0.020599,-0.00061035,0.062256
0.019684,0.0013733,0.063477
0.019684,0,0.058594
0.019073,-0.0018311,0.061035
0.020905,-0.0021362,0.073242
0.022125,-0.0036621,0.062256
0.02533,-0.0045776,0.067139
0.026398,-0.0024414,0.067139
0.025482,-0.0024414,3.3777
0.024567,-0.0021362,4.8328
0.022736,-0.0019836,4.9243
0.021057,-0.0032043,4.9268
0.02121,-0.0041199,4.9207
0.02121,-0.0041199,4.9207
0.022125,-0.0045776,4.9219
0.023193,-0.0030518,4.917
0.023346,-0.0018311,4.9207
0.024414,0.00015259,4.9182
0.025024,0.0019836,4.9146
0.02655,0.004425,4.9292
0.028076,0.0027466,4.9182
0.029449,-0.00030518,4.9207
0.030212,-0.0019836,4.9109
0.028839,-0.004425,4.8914
0.030975,-0.0042725,4.9109
0.031281,-0.00015259,4.9072
0.031586,0.0022888,4.906
0.030518,0.0019836,4.9084
0.029449,0,4.906
0.026703,-0.0038147,4.9072
0.024567,-0.0038147,4.9011
0.02182,-0.0013733,4.9109
0.021057,0.0024414,4.9097
0.019684,0.0074768,4.9133
0.02121,0.0088501,4.9109
0.023651,0.0079346,4.9182
0.027466,0.0057983,4.9109
0.031433,0.0039673,4.9194
0.033417,0.0047302,4.9194
0.035553,0.0057983,4.9207
0.036163,0.0083923,4.9292
0.037231,0.010071,4.928
0.038452,0.0085449,4.9194
0.040131,0.0076294,4.9292
0.037842,0.0053406,4.9304
0.036163,0.0041199,4.9316
0.032043,0.0016785,4.9304
0.028534,-0.0013733,4.9268
0.025635,-0.0050354,4.9365
0.025177,-0.0079346,4.9304
0.024109,-0.0094604,4.9329
0.023804,-0.0099182,4.928
0.023346,-0.0082397,4.9353
0.020447,-0.0076294,4.9329
0.019531,-0.0082397,4.9341
0.018311,-0.007019,4.95
0.018311,-0.0045776,4.9365
0.019684,-0.0013733,4.9353
0.019989,0.0038147,4.9243
0.019379,0.0039673,4.9158
0.02182,0.0057983,4.9292
0.022736,0.0048828,4.9268
0.024261,0.0028992,4.9243
0.027008,0.0038147,4.9207
0.030212,0.0079346,4.9182
0.032043,0.010376,4.917
0.032654,0.019073,4.9182
0.032043,0.020142,4.9158
0.031738,0.018921,4.9109
0.031586,0.015717,4.9133
0.029602,0.012665,4.9158
0.027771,0.011444,4.9146
0.025024,0.011139,4.9097
0.024261,0.011292,4.9133
0.022125,0.012054,4.8962
0.023041,0.009613,4.9121
0.024719,0.0091553,4.9146
0.025787,0.0091553,4.9097
0.02655,0.010834,4.9097
0.025635,0.011749,4.9084
0.023956,0.012665,0.043945
0.021515,0.011597,0.037842
0.0177,0.0082397,0.041504
0.01358,0.0041199,0.040283
0.011292,-0.0015259,0.046387
0.0071716,-0.0047302,0.043945
0.0035095,-0.007019,0.053711
0.00076294,-0.0064087,0.05127
-0.0010681,-0.0038147,0.053711
-0.0036621,-0.00091553,0.054932
0.0027466,-0.0013733,0.059814
0.007019,-0.0048828,0.063477
0.010681,-0.0080872,0.062256
0.012665,-0.010071,0.065918
0.014191,-0.0093079,0.061035
0.014496,-0.0062561,0.057373
0.017548,-0.0039673,0.059814
0.018311,-0.0030518,0.061035
0.018463,-0.0038147,0.059814
0.018768,-0.0032043,0.061035
0.017242,-0.002594,0.059814
0.015564,-0.0012207,0.070801
0.014191,0.0024414,0.064697
0.014496,0.0028992,0.06958
0.01358,0.0067139,0.06958
0.014954,0.0068665,0.063477
0.016327,0.0067139,0.062256
0.016937,0.005188,0.062256
0.01709,0.0038147,0.057373
0.018616,0.002594,0.057373
0.016937,0.0028992,0.059814
0.016174,0.0012207,0.05127
0.012817,0.0021362,0.061035
0.0099182,0.0041199,0.046387
0.0057983,0.0054932,0.046387
0.0036621,0.0059509,0.042725
-0.00015259,0.0030518,0.046387
-0.0022888,0.0016785,0.045166
-0.0018311,-0.00015259,0.040283
-0.0022888,-0.00061035,0.037842
-0.0015259,-0.00061035,0.042725
0.00015259,0.00061035,0.036621
0.00030518,-0.0013733,0.03418
0.0038147,-0.0015259,0.039063
0.0068665,-0.0041199,0.043945
0.0093079,-0.0080872,0.039063
0.0094604,-0.010681,0.041504
0.0071716,-0.010223,0.053711
0.0048828,-0.010223,0.039063
0.0024414,-0.0054932,0.043945
0.002594,-0.0041199,0.041504
0.0032043,-0.0042725,0.031738
0.0068665,-0.004425,0.045166
0.0097656,-0.0038147,0.042725
0.012512,-0.0036621,0.05127
0.016327,-0.0021362,0.050049
0.019531,-0.0010681,0.05127
0.022888,-0.00061035,0.056152
0.02594,-0.0015259,0.054932
0.026245,-0.0013733,0.062256
0.026093,-0.00076294,0.059814
0.023193,0.0010681,0.063477
0.022278,0.0035095,0.061035
0.016174,0.0038147,0.062256
0.013428,0.0019836,0.056152
0.015106,0.00015259,0.061035
0.013885,-0.00061035,0.067139
0.015411,0.00015259,0.065918
0.0177,0.0010681,0.076904
0.020447,0.0010681,0.063477
0.025177,-0.0013733,0.053711
0.029602,-0.004425,0.063477
0.032196,-0.0059509,0.064697
0.034332,-0.0059509,0.058594
0.033112,-0.0036621,0.059814
0.032806,-0.00015259,0.05127
0.031128,-0.00045776,0.054932
0.026093,-0.00061035,0.053711
0.024872,-0.0038147,3.6646
0.022583,-0.0059509,4.8376
0.02182,-0.0062561,4.9146
0.021057,-0.0062561,4.9158
0.021667,-0.0076294,4.9231
0.02121,-0.0083923,4.9182
0.02121,-0.0099182,4.917
0.023499,-0.0088501,4.9084
0.025482,-0.010223,4.9146
0.029602,-0.010071,4.9048
0.027924,-0.010834,4.9109
0.027924,-0.011139,4.9109
0.027008,-0.010529,4.8877
0.026855,-0.010834,4.9109
0.028687,-0.010834,4.9097
0.027313,-0.010681,4.9097
0.02655,-0.0099182,4.9023
0.02594,-0.013275,4.9133
0.024567,-0.011139,4.8938
0.023499,-0.010071,4.9133
0.025177,-0.0068665,4.9109
0.02594,-0.0062561,4.9133
0.027466,-0.0059509,4.9109
0.025482,-0.007019,4.9207
0.024719,-0.0083923,4.9255
0.024872,-0.0076294,4.9231
0.026398,-0.0050354,4.9304
0.027924,-0.0022888,4.9316
0.028076,-0.00076294,4.9097
0.028229,-0.0021362,4.9255
0.027161,-0.0010681,4.9304
0.025635,-0.00061035,4.9304
0.024872,0.0015259,4.928
0.024109,0.0039673,4.928
0.025177,0.0036621,4.9341
0.024414,0.0041199,4.9329
0.025024,0.0021362,4.9341
0.025024,0.00015259,4.928
0.024261,-0.0012207,4.9377
0.024567,-0.0012207,4.9341
0.023651,0.00015259,4.9353
0.023956,0.0018311,4.9438
0.023346,0.002594,4.9377
0.021057,0.0035095,4.9329
0.019684,0.0033569,4.9353
0.01709,0.0042725,4.9377
0.015564,0.0050354,4.9255
0.015564,0.004425,4.9268
0.016937,0.0032043,4.9231
0.019073,0.00061035,4.9207
0.019379,-0.0012207,4.9146
0.019989,-0.0022888,4.9194
0.020599,-0.0042725,4.9158
0.020142,-0.0059509,4.9182
0.019836,-0.0067139,4.9109
0.019226,-0.0074768,4.917
0.018158,-0.0071716,4.9121
0.015564,-0.0050354,4.9158
0.011444,-0.0030518,4.9097
0.0093079,-0.0022888,4.9146
0.0073242,-0.0027466,4.9182
0.0076294,-0.0053406,4.9084
0.0079346,-0.0065613,4.9194
0.010223,-0.0056458,4.9084
0.013275,-0.0019836,4.8987
0.015869,0.0022888,4.9097
0.017853,0.0047302,4.9097
0.018768,0.0053406,4.9084
0.019531,0.0050354,4.9109
0.020447,0.0019836,4.9146
0.02121,0.0015259,4.9133
0.022125,0.0030518,4.9097
0.022278,0.0064087,4.9255
0.019989,0.0085449,0.05127
0.022278,0.0090027,0.054932
0.023804,0.0071716,0.057373
0.025024,0.0039673,0.059814
0.027313,0.0015259,0.063477
0.027771,0.00076294,0.063477
0.029144,-0.00015259,0.061035
0.027313,-0.0013733,0.062256
0.025482,-0.0035095,0.070801
0.022736,-0.0059509,0.059814
0.018768,-0.010376,0.061035
0.018158,-0.011292,0.059814
0.0177,-0.011444,0.062256
0.016632,-0.0088501,0.061035
0.016937,-0.0053406,0.065918
0.014801,-0.0022888,0.063477
0.014954,-0.00045776,0.06958
0.014648,-0.00030518,0.064697
0.016327,-0.0032043,0.065918
0.01709,-0.0056458,0.059814
0.019531,-0.0085449,0.058594
0.020294,-0.009613,0.054932
0.020599,-0.010681,0.057373
0.019684,-0.010986,0.06958
0.019226,-0.011444,0.05127
0.017395,-0.01358,0.054932
0.015564,-0.012512,0.048828
0.016022,-0.012512,0.032959
0.018311,-0.010681,0.045166
0.022736,-0.0090027,0.043945
0.023651,-0.0071716,0.042725
0.031128,-0.0061035,0.042725
0.034027,-0.0054932,0.037842
0.036621,-0.0061035,0.043945
0.036621,-0.0047302,0.037842
0.037689,-0.0035095,0.041504
0.037689,-0.0013733,0.036621
0.036011,0.0022888,0.043945
0.034637,-0.00091553,0.037842
0.029449,-0.0036621,0.042725
0.026855,-0.007019,0.043945
0.023346,-0.0083923,0.036621
0.023041,-0.0080872,0.037842
0.023651,-0.0038147,0.041504
0.024261,0.00061035,0.040283
0.022888,0.0038147,0.042725
0.020447,0.0048828,0.039063
0.01358,0.0041199,0.050049
0.010834,0.0053406,0.05127
0.0059509,0.010529,0.05249
0.0028992,0.018768,0.05249
0.0036621,0.030365,0.053711
0.0047302,0.041351,0.058594
0.0073242,0.049286,0.061035
0.010834,0.053864,0.061035
0.013885,0.047913,0.059814
0.017395,0.041809,0.067139
0.020599,0.034943,0.058594
0.023499,0.030212,0.063477
0.027466,0.031281,0.06958
0.032196,0.023804,0.063477
0.032959,0.016632,0.070801
0.03479,0.0083923,0.061035
0.032501,0.0015259,0.056152
0.029144,0.00045776,0.067139
0.023499,0.0047302,0.063477
0.014038,0.012054,0.062256
0.0028992,0.015106,0.064697
-0.010223,0.010071,0.056152
-0.020599,-0.0028992,0.059814
-0.024567,-0.0177,0.05127
-0.024261,-0.032806,0.054932
-0.024109,-0.040741,0.046387
-0.026093,-0.042725,0.043945
-0.032349,-0.039368,0.05249
-0.027008,-0.032959,0.048828
-0.025635,-0.023804,0.043945
-0.013885,-0.011292,2.1301
0.0018311,0.0033569,4.7546
0.016327,0.016479,4.9023
0.027618,0.026703,4.9194
0.032349,0.032349,4.9084
0.034485,0.023346,4.9109
0.034485,0.013885,4.8938
0.03418,0.0022888,4.9133
0.040588,-0.0010681,4.9109
0.042725,-0.0012207,4.9109
0.040741,0.00061035,4.9072
0.034485,0.0045776,4.9121
0.027466,0.0062561,4.906
0.023346,0.0074768,4.9133
0.019226,0.014038,4.9109
0.020294,0.014648,4.9158
0.020905,0.018463,4.9158
0.021515,0.018463,4.917
0.020752,0.017395,4.9329
0.019073,0.016785,4.9207
0.014038,0.014954,4.9231
0.0091553,0.010986,4.9304
0.0064087,0.0080872,4.9219
0.0042725,0.004425,4.928
0.0035095,0.00061035,4.9194
0.0024414,-0.0030518,4.9316
0.00061035,-0.0067139,4.9304
-0.0016785,-0.0062561,4.9316
-0.0053406,-0.009613,4.9194
-0.0090027,-0.016479,4.9316
-0.0073242,-0.022888,4.9329
-0.005188,-0.030518,4.928
-0.00076294,-0.034027,4.9341
0.0059509,-0.032349,4.9329
0.0099182,-0.022736,4.9365
0.012512,-0.019989,4.9353
0.011749,-0.015717,4.939
0.018616,-0.010223,4.9402
0.024719,-0.011597,4.928
0.032959,-0.012207,4.9414
0.042877,-0.0094604,4.9292
0.050049,-0.0083923,4.9158
0.053864,-0.0093079,4.9231
0.051727,-0.012817,4.9243
0.046387,-0.017853,4.9194
0.042725,-0.022125,4.9207
0.038147,-0.02121,4.917
0.035858,-0.021057,4.9133
0.034485,-0.014954,4.9158
0.032501,-0.0090027,4.9146
0.030518,-0.007019,4.9084
0.030518,-0.0053406,4.917
0.032806,-0.0073242,4.9133
0.036774,-0.0088501,4.9133
0.038605,-0.0086975,4.9158
0.036926,-0.0082397,4.9133
0.030823,-0.0045776,4.9097
0.021515,-0.0010681,4.9084
0.01297,0.0021362,4.9048
0.0056458,0.0061035,4.9133
0.0022888,0.0082397,4.9084
0.0018311,0.010986,4.9109
0.0047302,0.014191,4.9109
0.0094604,0.018158,4.9121
0.015259,0.022125,4.9121
0.018768,0.023804,4.9146
0.021515,0.023346,4.9219
0.022125,0.018463,4.9207
0.02121,0.011597,4.9243
0.019379,0.0054932,4.9255
0.0177,0.00061035,4.928
0.018158,0.00015259,4.9268
0.018463,-0.0012207,4.9329
0.023499,-0.0012207,4.9341
0.030365,-0.0030518,0.063477
0.038147,-0.0067139,0.070801
0.044098,-0.0090027,0.063477
0.045776,-0.01358,0.042725
0.042114,-0.010986,0.059814
0.033722,-0.012665,0.062256
0.022125,-0.012665,0.063477
0.010834,-0.012817,0.063477
0.0019836,-0.012817,0.062256
-0.002594,-0.011139,0.067139
-0.0022888,-0.0076294,0.063477
0.0012207,-0.0030518,0.064697
0.0079346,0.0027466,0.061035
0.016174,0.0071716,0.062256
0.024872,0.010223,0.056152
0.032501,0.010681,0.059814
0.038605,0.0091553,0.065918
0.040741,0.007019,0.05249
0.038605,0.0054932,0.046387
0.033875,0.0076294,0.05127
0.028992,0.012207,0.0354
0.023804,0.01709,0.047607
0.021973,0.022583,0.046387
0.023651,0.026398,0.042725
0.027313,0.029907,0.043945
0.034027,0.033112,0.040283
0.039215,0.034332,0.040283
0.042267,0.035248,0.037842
0.043182,0.033112,0.037842
0.041656,0.025635,0.0354
0.038757,0.015869,0.040283
0.035706,0.0064087,0.037842
0.029297,-0.0074768,0.042725
0.021057,-0.015106,0.042725
0.01236,-0.018463,0.041504
0.0056458,-0.018005,0.047607
0.00076294,-0.016632,0.043945
-0.0019836,-0.012817,0.05127
-0.00076294,-0.01236,0.040283
0.0027466,-0.015106,0.037842
0.0054932,-0.018463,0.046387
0.007782,-0.02243,0.050049
0.0097656,-0.025635,0.048828
0.011139,-0.027618,0.054932
0.01297,-0.030823,0.053711
0.015411,-0.033722,0.056152
0.018311,-0.0354,0.059814
0.019073,-0.03479,0.062256
0.018616,-0.032654,0.058594
0.0177,-0.025787,0.063477
0.017395,-0.020142,0.062256
0.019073,-0.015259,0.062256
0.022583,-0.010986,0.067139
0.03006,-0.0088501,0.061035
0.038452,-0.007019,0.061035
0.046387,-0.0099182,0.063477
0.05188,-0.0036621,0.070801
0.054321,-0.00091553,0.067139
0.054016,0.0027466,0.064697
0.053406,0.0068665,0.062256
0.053253,0.010834,0.062256
0.052338,0.015564,0.056152
0.051117,0.019989,0.059814
0.048676,0.02182,0.053711
0.043182,0.024261,0.056152
0.038147,0.023956,0.047607
0.0354,0.023193,0.050049
0.033569,0.02243,0.050049
0.031586,0.020905,0.046387
0.03067,0.019684,0.045166
0.026245,0.019226,0.047607
0.022583,0.015869,0.056152
0.018616,0.014343,0.045166
0.015564,0.014648,0.046387
0.016327,0.014648,0.043945
0.019226,0.012512,0.029297
0.023651,0.0099182,0.0354
0.025635,0.0047302,4.5715
0.02594,0.00076294,4.8853
0.023193,-0.002594,4.9048
0.019531,-0.0047302,4.9048
0.015869,-0.0071716,4.9109
0.012665,-0.0086975,4.9084
0.0083923,-0.01236,4.9097
0.0056458,-0.014801,4.9072
0.0028992,-0.0177,4.9146
0,-0.018921,4.9158
-0.0013733,-0.018311,4.9158
-0.00045776,-0.014496,4.9194
0.0030518,-0.0093079,4.9207
0.010223,-0.0032043,4.9158
0.017395,-0.0056458,4.9255
0.02243,-0.0054932,4.9341
0.02533,-0.0057983,4.928
0.024109,-0.0056458,4.9182
0.023193,-0.0038147,4.9292
0.022888,-0.0013733,4.9304
0.024719,0.00045776,4.928
0.026703,0.00030518,4.9304
0.027313,-0.00015259,4.9316
0.027924,-0.00091553,4.9329
0.026703,-0.00091553,4.9329
0.024872,-0.00030518,4.9353
0.023956,-0.00015259,4.9304
0.024414,-0.00045776,4.9341
0.02121,-0.0013733,4.9329
0.023499,-0.002594,4.9377
0.023041,-0.00091553,4.9414
0.019226,0.002594,4.9341
0.015869,0.0076294,4.9329
0.013733,0.013123,4.9255
0.014343,0.0177,4.9182
0.016632,0.019836,4.9255
0.019684,0.019073,4.9243
0.023346,0.015717,4.9182
0.026398,0.010223,4.9231
0.025177,0.0036621,4.917
0.025787,-0.0018311,4.9194
0.025482,-0.0056458,4.9109
0.025635,-0.0080872,4.917
0.025787,-0.0091553,4.9109
0.025482,-0.0097656,4.9158
0.027771,-0.011444,4.9133
0.023346,-0.012665,4.9133
0.021515,-0.013275,4.9109
0.02121,-0.012207,4.9048
0.020294,-0.010223,4.9121
0.022125,-0.0083923,4.9097
0.023651,-0.0048828,4.9133
0.02533,-0.0027466,4.9121
0.027313,-0.00061035,4.9048
0.024567,0.00030518,4.9109
0.023804,0.0022888,4.9084
0.022888,0.0035095,4.9109
0.022583,0.0045776,4.9146
0.022888,0.0053406,4.9133
0.023651,0.004425,4.9158
0.023193,0.0035095,4.9207
0.021973,0.00076294,4.9255
0.020905,0.00015259,4.9207
0.020294,0.00045776,4.9292
0.019989,0.0015259,4.928
0.021667,0.0028992,4.9316
0.022583,0.0033569,4.9438
0.021057,0.0035095,4.9353
0.021057,0.0053406,4.9341
0.018463,0.007019,4.9292
0.017395,0.0099182,4.9231
0.017548,0.01297,4.9304
0.018616,0.014496,4.9304
0.018463,0.01358,0.063477
0.018005,0.010834,0.064697
0.014496,0.0054932,0.062256
0.0097656,0.00061035,0.068359
0.0061035,-0.0016785,0.064697
0.0036621,-0.0019836,0.065918
0.0036621,-0.0032043,0.056152
0.0035095,-0.0015259,0.065918
0.0053406,-0.0062561,0.058594
0.0057983,-0.0093079,0.057373
0.0090027,-0.012817,0.058594
0.011597,-0.014648,0.057373
0.018921,-0.013428,0.058594
0.02533,-0.010834,0.048828
0.030518,-0.010223,0.063477
0.033264,-0.011139,0.046387
0.034637,-0.014038,0.057373
0.033569,-0.016479,0.039063
0.033569,-0.01709,0.045166
0.032959,-0.014801,0.040283
0.033264,-0.010223,0.041504
0.034332,-0.0064087,0.039063
0.035095,-0.0045776,0.039063
0.0354,-0.0059509,0.024414
0.036316,-0.0079346,0.042725
0.037384,-0.0099182,0.036621
0.036774,-0.0093079,0.040283
0.036621,-0.0071716,0.039063
0.033875,-0.0057983,0.042725
0.03418,-0.0050354,0.047607
0.031586,-0.0057983,0.041504
0.029449,-0.0054932,0.05127
0.027008,-0.0022888,0.041504
0.024719,0.0028992,0.03418
0.022888,0.0086975,0.048828
0.02182,0.013733,0.048828
0.02182,0.015717,0.046387
0.023499,0.016937,0.056152
0.025787,0.014038,0.05249
0.027008,0.011292,0.058594
0.028534,0.0090027,0.056152
0.028229,0.0054932,0.064697
0.02655,0.0021362,0.061035
0.025482,-0.00076294,0.062256
0.026093,-0.004425,0.062256
0.023956,-0.0079346,0.063477
0.023651,-0.0099182,0.061035
0.02182,-0.009613,0.063477
0.019989,-0.0097656,0.065918
0.0177,-0.0080872,0.065918
0.015411,-0.0068665,0.074463
0.014343,-0.0062561,0.065918
0.01358,-0.007782,0.053711
0.013885,-0.010223,0.063477
0.01297,-0.011139,0.063477
0.011292,-0.011597,0.061035
0.0099182,-0.011749,0.061035
0.0073242,-0.0088501,0.053711
0.0085449,-0.0042725,0.054932
0.0099182,-0.00015259,0.05127
0.010529,0.0016785,0.05127
0.014343,0.004425,0.047607
0.016022,0.004425,0.05127
0.015411,0.0064087,0.046387
0.017395,0.0067139,0.047607
0.016632,0.007782,0.054932
0.014343,0.007782,0.045166
0.012817,0.0056458,0.040283
0.010529,0.00015259,0.042725
0.0088501,-0.0022888,0.023193
0.0088501,-0.002594,0.0354
0.010223,-0.00030518,0.0354
0.013885,0.0016785,0.039063
0.018921,0.0041199,0.0354
0.024567,0.004425,0.036621
0.028687,0.0042725,0.040283
0.032043,0.0027466,0.036621
0.033722,0.0015259,1.6492
0.03418,0.0018311,4.7156
0.033722,0.00076294,4.8987
0.032043,-0.0015259,4.9084
0.028992,-0.0038147,4.9158
0.027008,-0.0062561,4.9133
0.024261,-0.0082397,4.9194
0.022583,-0.0088501,4.9231
0.023041,-0.0082397,4.9255
0.022736,-0.0057983,4.9329
0.023193,-0.0030518,4.9304
0.024567,0.00030518,4.9182
0.027008,0.0033569,4.9292
0.030823,0.0068665,4.9304
0.035858,0.009613,4.9304
0.039063,0.012665,4.9292
0.041504,0.015564,4.9304
0.041351,0.017242,4.9304
0.040283,0.016632,4.9292
0.039215,0.014648,4.9353
0.037079,0.010071,4.9146
0.034485,0.0041199,4.9365
0.030823,-0.00091553,4.9353
0.022125,-0.0036621,4.9377
0.020447,-0.0048828,4.9402
0.016785,-0.005188,4.9329
0.015106,-0.0062561,4.9304
0.014801,-0.0080872,4.9304
0.013428,-0.011292,4.9304
0.013885,-0.013733,4.928
0.012817,-0.01358,4.8962
0.01297,-0.009613,4.9194
0.013275,-0.0042725,4.9207
0.014038,0.00015259,4.9207
0.017242,0.0016785,4.9207
0.020447,-0.00015259,4.9109
0.022125,-0.0059509,4.9207
0.023499,-0.0085449,4.9084
0.021515,-0.010071,4.9146
0.022125,-0.012817,4.9109
0.023499,-0.0068665,4.9158
0.024567,-0.0045776,4.9084
0.025482,-0.004425,4.9133
0.026398,-0.0045776,4.9243
0.026093,-0.0038147,4.9097
0.025635,-0.00015259,4.9207
0.025177,0.0071716,4.9109
0.025635,0.014954,4.8853
0.023651,0.020447,4.9109
0.024567,0.023193,4.9097
0.023193,0.023193,4.9121
0.020142,0.021515,4.9133
0.016937,0.019684,4.9097
0.016327,0.019836,4.9182
0.015717,0.018311,4.9182
0.015717,0.016479,4.9243
0.014496,0.014343,4.9219
0.01358,0.012207,4.928
0.012665,0.0086975,4.9243
0.011292,0.005188,4.9353
0.0086975,0.0039673,4.939
0.0079346,0.0013733,4.9329
0.0057983,-0.002594,4.9304
0.0032043,-0.0039673,4.9353
0.0016785,-0.0059509,4.9377
-0.00030518,-0.0065613,4.9304
-0.0030518,-0.0086975,4.917
-0.0073242,-0.010681,4.9329
-0.010223,-0.013885,4.9194
-0.013733,-0.016785,4.9329
-0.011139,-0.016327,4.9377
-0.0076294,-0.012665,4.9329
-0.00045776,-0.0068665,4.939
0.0093079,0,0.058594
0.020599,0.0042725,0.065918
0.030823,0.010986,0.059814
0.040283,0.014343,0.058594
0.045929,0.017395,0.056152
0.052338,0.019379,0.056152
0.055084,0.020599,0.063477
0.054169,0.020142,0.05127
0.052795,0.017548,0.057373
0.045319,0.013733,0.050049
0.043335,0.010071,0.0354
0.039825,0.0065613,0.046387
0.031586,0.0057983,0.043945
0.026703,0.0053406,0.040283
0.021362,0.0062561,0.042725
0.017548,0.0073242,0.040283
0.015106,0.0083923,0.041504
0.012054,0.013733,0.03418
0.009613,0.018616,0.041504
0.0065613,0.021973,0.036621
0.0039673,0.022125,0.042725
0.0012207,0.018158,0.042725
0,0.011902,0.043945
-0.00015259,0.0028992,0.041504
-0.00076294,-0.0061035,0.042725
-0.0022888,-0.012512,0.040283
-0.0027466,-0.018005,0.042725
-0.002594,-0.020905,0.045166
-0.00045776,-0.022125,0.045166
0.002594,-0.021667,0.039063
0.0064087,-0.020447,0.048828
0.0099182,-0.016327,0.056152
0.013733,-0.0091553,0.054932
0.018616,-0.004425,0.057373
0.024261,-0.0030518,0.056152
0.030365,-0.00030518,0.064697
0.035248,-0.0041199,0.059814
0.039063,0.0013733,0.062256
0.041504,0.0028992,0.05249
0.041351,-0.0039673,0.062256
0.041046,-0.0039673,0.057373
0.03891,-0.0064087,0.063477
0.036469,-0.010834,0.073242
0.034027,-0.0073242,0.063477
0.031738,-0.0064087,0.068359
0.032196,-0.010071,0.067139
0.034332,-0.011139,0.045166
0.033569,-0.014801,0.064697
0.031738,-0.019073,0.059814
0.027771,-0.014954,0.059814
0.027771,-0.0082397,0.058594
0.029755,-0.0083923,0.053711
0.030823,-0.007782,0.056152
0.030212,-0.007782,0.05127
0.029907,-0.013275,0.047607
0.032959,-0.011444,0.047607
0.036621,-0.0057983,0.05249
0.039215,-0.0024414,0.046387
0.038757,0.0032043,0.048828
0.03952,0.0083923,0.045166
0.036469,0.012512,0.046387
0.037689,0.014343,0.046387
0.035553,0.012817,0.042725
0.031891,0.010681,0.043945
0.029907,0.0088501,0.037842
0.028229,0.0076294,0.047607
0.030212,0.0045776,0.039063
0.029297,0.0012207,0.039063
0.028229,0.00045776,0.036621
0.027618,-0.00030518,0.037842
0.027313,0.0019836,0.023193
0.026855,0.0038147,0.037842
0.026093,0.0024414,0.040283
0.025787,0.0022888,0.041504
0.026855,0.0018311,0.039063
0.02655,0.00045776,0.043945
0.025177,0.00030518,0.047607
0.02243,-0.00030518,0.05127
0.019836,-0.0024414,4.2761
0.016632,-0.0050354,4.8792
0.014191,-0.0061035,4.9255
0.012054,-0.0086975,4.9255
0.010376,-0.0088501,4.9231
0.009613,-0.0057983,4.9304
0.010223,-0.0050354,4.928
0.010834,-0.004425,4.9207
0.011597,-0.0038147,4.9292
0.013275,-0.0038147,4.9304
0.015869,-0.0030518,4.9304
0.019989,-0.0032043,4.9304
0.023956,-0.0032043,4.9341
0.027618,-0.0045776,4.9353
0.030975,-0.0012207,4.9329
0.032349,0.00045776,4.9353
0.033264,0,4.9377
0.032959,-0.00030518,4.9316
0.034332,-0.0016785,4.9377
0.032959,-0.0021362,4.9414
0.034485,0.0010681,4.9329
0.034485,0.0036621,4.9365
0.035553,0.0059509,4.928
0.036163,0.0076294,4.9109
0.037384,0.0068665,4.9194
0.037231,0.0059509,4.9219
0.036316,0.0053406,4.9194
0.036163,0.0024414,4.9182
0.033722,-0.00076294,4.9097
0.029907,-0.0041199,4.9158
0.023651,-0.0082397,4.9133
0.021057,-0.010681,4.9133
0.016632,-0.010529,4.9109
0.013733,-0.0093079,4.9158
0.010986,-0.009613,4.9109
0.011139,-0.012512,4.9133
0.010223,-0.01358,4.9158
0.009613,-0.014954,4.9133
0.0093079,-0.016479,4.9097
0.0093079,-0.018463,4.9109
0.010834,-0.022278,4.8962
0.011444,-0.022888,4.9084
0.013733,-0.020752,4.9048
0.015411,-0.025177,4.9133
0.019073,-0.02594,4.9097
0.021667,-0.023651,4.9109
0.024261,-0.019226,4.917
0.027008,-0.010986,4.917
0.029602,-0.0018311,4.9207
0.034943,0.0048828,4.9194
0.039368,0.0068665,4.928
0.044403,0.0082397,4.9255
0.047455,0.0054932,4.9304
0.049286,0.0053406,4.9304
0.050354,0.0091553,4.9304
0.051727,0.013885,4.9353
0.049744,0.019379,4.9341
0.048828,0.019989,4.9451
0.046844,0.018768,4.9329
0.045166,0.015717,4.917
0.042267,0.012665,4.9329
0.043182,0.011902,4.9329
0.040741,0.011139,4.9329
0.038605,0.01297,4.9365
0.035248,0.014038,4.9341
0.031586,0.013123,4.9353
0.028381,0.011749,4.9316
0.02655,0.0057983,4.9365
0.025177,0.00045776,4.928
0.024109,-0.002594,4.9292
0.020905,-0.0053406,4.928
0.017242,-0.0048828,4.928
0.012054,-0.0028992,0.062256
0.014801,-0.002594,0.05127
0.015717,-0.00061035,0.046387
0.015564,0.00076294,0.050049
0.014038,0.00030518,0.036621
0.010834,-0.00030518,0.048828
0.0050354,0.0013733,0.043945
0.0054932,0.0032043,0.042725
0.004425,0.00076294,0.040283
0.0042725,0.0032043,0.041504
0.004425,-0.00076294,0.040283
0.0056458,-0.0030518,0.036621
0.0067139,-0.0061035,0.042725
0.0091553,-0.011292,0.0354
0.015717,-0.012665,0.041504
0.020599,-0.0054932,0.042725
0.027008,-0.004425,0.042725
0.031586,-0.0030518,0.037842
0.033569,0.00076294,0.041504
0.033569,-0.0019836,0.045166
0.033722,0.0035095,0.043945
0.030518,0.0022888,0.05127
0.03006,0.0013733,0.047607
0.031433,0.0019836,0.036621
0.031738,0.0041199,0.043945
0.032349,0.0019836,0.053711
0.031433,0.0028992,0.05249
0.03006,0.007019,0.056152
0.028534,0.0030518,0.053711
0.028687,0.0015259,0.062256
0.028687,0.0053406,0.058594
0.026398,0.0033569,0.062256
0.02182,0.0068665,0.059814
0.01709,0.011139,0.065918
0.012512,0.011292,0.048828
0.009613,0.007019,0.063477
0.0056458,0.0039673,0.075684
0.0099182,-0.002594,0.062256
0.012665,-0.0022888,0.059814
0.016022,0.0015259,0.06958
0.020142,0.0035095,0.061035
0.020142,0.0032043,0.065918
0.020447,0.0015259,0.063477
0.020447,0.0028992,0.064697
0.021362,-0.0027466,0.061035
0.023193,-0.0035095,0.057373
0.022583,-0.0071716,0.058594
0.019379,-0.0065613,0.050049
0.016327,-0.0019836,0.05127
0.014191,-0.0039673,0.046387
0.014038,-0.0015259,0.048828
0.015717,0.0012207,0.046387
0.018311,0.0050354,0.048828
0.021362,0.011444,0.042725
0.021667,0.015411,0.042725
0.020905,0.015106,0.053711
0.02182,0.011902,0.043945
0.02243,0.010834,0.054932
0.024414,0.0091553,0.040283
0.024414,0.0059509,0.032959
0.022583,0.0041199,0.036621
0.018768,-0.0015259,0.041504
0.015411,-0.0054932,0.039063
0.0099182,-0.0086975,0.037842
0.0080872,-0.011444,0.039063
0.0062561,-0.011749,0.036621
0.007019,-0.0050354,0.036621
0.0091553,0.00015259,0.042725
0.013733,0.0038147,0.037842
0.017853,0.0045776,0.046387
0.020599,0.0074768,0.050049
0.022888,0.0068665,0.048828
0.02594,0.0090027,0.053711
0.027771,0.010376,0.056152
0.028076,0.0091553,0.053711
0.024567,0.010223,0.056152
0.021362,0.0088501,0.058594
0.02121,0.0071716,0.059814
0.017395,0.0062561,1.554
0.016937,0.0030518,4.7278
0.015259,0.0076294,4.9158
0.016937,0.0091553,4.928
0.018158,0.009613,4.9304
0.020905,0.0065613,4.9304
0.023804,0.0041199,4.9353
0.027313,0.0015259,4.9304
0.024567,-0.00076294,4.9329
0.023346,-0.0053406,4.9329
0.023193,-0.0053406,4.9353
0.023499,-0.0085449,4.9316
0.023651,-0.0093079,4.9329
0.026703,-0.0099182,4.9475
0.027618,-0.0062561,4.9341
0.028534,-0.0036621,4.9304
0.028229,-0.0015259,4.9304
0.027924,-0.00061035,4.906
0.027924,-0.0028992,4.9231
0.029755,-0.0045776,4.9207
0.030518,-0.0028992,4.9207
0.030975,0.0018311,4.9207
0.029907,0.0062561,4.9146
0.02655,0.010376,4.9207
0.027161,0.010529,4.9121
0.027008,0.0053406,4.917
0.028687,0.00045776,4.9084
0.030212,-0.0021362,4.9146
0.029755,-0.0019836,4.9109
0.028534,0.0021362,4.9146
0.026855,0.0064087,4.9097
0.024414,0.0062561,4.9121
0.024567,0.0041199,4.9109
0.022583,0.0013733,4.9121
0.021057,0.002594,4.9084
0.022583,0.0079346,4.9109
0.025482,0.013428,4.9097
0.028534,0.018768,4.9109
0.029755,0.016632,4.9146
0.030365,0.011444,4.9097
0.03067,0.0065613,4.9146
0.030365,-0.00030518,4.9182
0.028534,-0.0016785,4.9158
0.023956,-0.0042725,4.9207
0.019073,-0.0048828,4.9268
0.014191,-0.0030518,4.9255
0.010834,-0.0015259,4.9292
0.0093079,0.00076294,4.9304
0.0080872,0.0022888,4.9255
0.010223,0.0053406,4.9414
0.012054,0.0067139,4.9329
0.013885,0.0068665,4.9365
0.016937,0.0057983,4.9304
0.018158,0.0033569,4.928
0.018768,0.0028992,4.9207
0.018158,0.0016785,4.9329
0.018005,0.0016785,4.9304
0.018768,0.0019836,4.9353
0.018768,0.0015259,4.9353
0.019684,0,4.9365
0.018921,-0.0012207,4.9219
0.017853,-0.0015259,4.9341
0.01709,-0.0010681,4.9292
0.019379,0.0022888,4.9304
0.022278,0.0050354,4.928
0.023956,0.0068665,4.9292
0.025635,0.0059509,4.9207
0.024872,0.0042725,4.9255
0.02655,0.0039673,4.9292
0.028229,0.0039673,4.9207
0.030212,0.0038147,4.928
0.030975,0.0047302,4.9219
0.030365,0.0053406,4.9194
0.027618,0.0053406,0.041504
0.025482,0.0028992,0.039063
0.023651,-0.00076294,0.040283
0.021057,-0.004425,0.037842
0.019989,-0.0082397,0.03418
0.019989,-0.0076294,0.043945
0.019379,-0.0057983,0.036621
0.018768,-0.0056458,0.042725
0.019684,-0.0053406,0.045166
0.020752,-0.0064087,0.040283
0.020905,-0.0080872,0.037842
0.022888,-0.009613,0.042725
0.024261,-0.0080872,0.054932
0.025787,-0.0047302,0.041504
0.026398,-0.0012207,0.048828
0.028992,0.0015259,0.043945
0.026398,0.0032043,0.031738
0.027313,0.0048828,0.046387
0.029602,0.00015259,0.053711
0.033569,0.00030518,0.056152
0.037384,0.0018311,0.056152
0.03952,0.0038147,0.054932
0.03952,0.002594,0.059814
0.036774,0.0062561,0.059814
0.035095,0.0047302,0.065918
0.031891,0.0015259,0.056152
0.028534,0.00015259,0.062256
0.025024,0.0016785,0.061035
0.02243,0.0042725,0.063477
0.019836,0.0079346,0.065918
0.018158,0.0079346,0.061035
0.019226,0.009613,0.065918
0.019684,0.007019,0.05249
0.021667,0.0027466,0.079346
0.023041,-0.00030518,0.063477
0.023956,-0.0015259,0.054932
0.023193,-0.00045776,0.056152
0.026703,0.00015259,0.061035
0.02182,-0.00076294,0.056152
0.019684,-0.0022888,0.058594
0.018463,-0.0027466,0.053711
0.018158,-0.0054932,0.053711
0.0177,-0.0054932,0.048828
0.017548,-0.0048828,0.05249
0.016632,-0.0027466,0.046387
0.016479,-0.0016785,0.047607
0.014801,-0.00061035,0.047607
0.013428,0.00045776,0.045166
0.013885,0.0010681,0.05249
0.015411,0.0019836,0.043945
0.0177,0.0035095,0.043945
0.019226,0.0045776,0.036621
0.019684,0.0056458,0.031738
0.018311,0.0054932,0.040283
0.016937,0.0050354,0.039063
0.015106,0.0015259,0.037842
0.015106,0.0010681,0.040283
0.016785,0.00091553,0.037842
0.017242,0.0016785,0.039063
0.0177,0.0050354,0.037842
0.018005,0.0086975,0.043945
0.018005,0.010681,0.037842
0.018463,0.011597,0.043945
0.019836,0.011597,0.043945
0.02182,0.011139,0.047607
0.023956,0.0099182,0.048828
0.022888,0.007019,0.053711
0.022583,0.0090027,0.054932
0.018921,0.0062561,0.05249
0.017853,0.004425,0.067139
0.013733,0.0030518,0.061035
0.014191,0.0038147,0.045166
0.01709,0.0050354,0.061035
0.017853,0.0080872,0.059814
0.018005,0.0099182,0.059814
0.014801,0.0099182,0.061035
0.013428,0.0076294,0.058594
0.013428,0.0041199,0.064697
0.016327,0.0013733,4.3555
0.019836,-0.00061035,4.8926
0.022736,-0.00015259,4.9243
0.024567,0.0021362,4.9353
0.022125,0.004425,4.9329
0.019684,0.0045776,4.9365
0.017548,0.0030518,4.9438
0.0177,0.0018311,4.9353
0.018463,0.0022888,4.928
0.018921,0.0032043,4.9304
0.017395,0.0039673,4.9243
0.014343,0.0050354,4.9109
0.010681,0.0053406,4.9219
0.010986,0.0059509,4.9219
0.013733,0.0041199,4.9158
0.01709,0.0041199,4.917
0.020599,0.0036621,4.9194
0.020447,0.0038147,4.9146
0.02121,0.0033569,4.9146
0.020142,0.0027466,4.9084
0.018921,-0.0010681,4.9133
0.018463,-0.0056458,4.9084
0.016937,-0.0090027,4.9097
0.014496,-0.011902,4.9109
0.01358,-0.015564,4.9121
0.012512,-0.013123,4.9194
0.013275,-0.012817,4.9133
0.014648,-0.011139,4.9194
0.016479,-0.009613,4.906
0.020447,-0.0085449,4.8987
0.024261,-0.0097656,4.9121
0.027008,-0.0068665,4.9109
0.027618,-0.0068665,4.9133
0.028229,-0.0047302,4.9121
0.02655,-0.0050354,4.9146
0.025024,-0.005188,4.9158
0.024261,-0.0054932,4.9182
0.022736,-0.0048828,4.928
0.021973,-0.0041199,4.9219
0.020905,-0.0022888,4.9316
0.020752,-0.00045776,4.9304
0.020905,0.00076294,4.9353
0.019989,0.00076294,4.9341
0.02121,-0.00045776,4.9207
0.022278,-0.0035095,4.9316
0.026703,-0.0053406,4.9316
0.029144,-0.0068665,4.9402
0.029602,-0.0062561,4.9304
0.029755,-0.0073242,4.9194
0.027618,-0.0082397,4.9316
0.02655,-0.010071,4.9329
0.027161,-0.011444,4.9377
0.028992,-0.011444,4.9365
0.030518,-0.010376,4.9292
0.030518,-0.0088501,4.9341
0.029449,-0.0053406,4.9292
0.028687,-0.0039673,4.9316
0.028839,-0.0028992,4.9268
0.029755,-0.00045776,4.9292
0.031128,0.0012207,4.9219
0.033112,0.0028992,4.9255
0.032349,0.0038147,4.9329
0.029449,0.0050354,4.9219
0.026398,0.0038147,4.9219
0.023956,0.0018311,4.9011
0.024414,-0.00015259,4.9011
0.025024,-0.00045776,4.9097
0.027161,-0.0022888,4.9158
0.028839,-0.00076294,4.9146
0.028839,0.00061035,4.9121
0.028992,0.002594,4.9072
0.026855,0.0032043,0.041504
0.027618,0.0038147,0.037842
0.028687,0.0035095,0.046387
0.030365,0.0042725,0.039063
0.031738,0.0042725,0.041504
0.032196,0.0050354,0.041504
0.032501,0.0057983,0.042725
0.030365,0.0065613,0.042725
0.027618,0.0054932,0.041504
0.027618,0.0045776,0.043945
0.027618,0.0041199,0.046387
0.027161,0.0036621,0.050049
0.027924,0.0030518,0.046387
0.026093,0.0042725,0.05249
0.024872,0.005188,0.05249
0.023346,0.0050354,0.05249
0.023193,0.0036621,0.057373
0.023499,0.0019836,0.058594
0.025635,-0.00030518,0.057373
0.026245,-0.0022888,0.062256
0.025787,-0.0028992,0.061035
0.023651,-0.0027466,0.064697
0.021667,-0.0027466,0.058594
0.019989,-0.0033569,0.062256
0.020752,-0.004425,0.063477
0.021515,-0.0045776,0.062256
0.02533,-0.002594,0.070801
0.027161,0.0015259,0.065918
0.027313,0.0068665,0.070801
0.026703,0.011139,0.065918
0.027008,0.01236,0.056152
0.027618,0.012207,0.065918
0.031281,0.0099182,0.059814
0.034637,0.0082397,0.058594
0.036926,0.0053406,0.058594
0.033569,0.0047302,0.053711
0.031891,0.0050354,0.05249
0.025635,0.0068665,0.05127
0.02182,0.0071716,0.053711
0.019379,0.0067139,0.046387
0.018463,0.005188,0.047607
0.018158,0.0033569,0.050049
0.017395,0.0015259,0.048828
0.015869,0.0012207,0.043945
0.016022,0.0016785,0.045166
0.015411,0.0010681,0.045166
0.017853,0.0012207,0.042725
0.022125,0.00076294,0.043945
0.028229,0.00045776,0.039063
0.025482,0.00076294,0.029297
0.024567,0.0016785,0.039063
0.020752,0.0045776,0.040283
0.019379,0.0059509,0.040283
0.019836,0.0086975,0.039063
0.022888,0.0088501,0.03418
0.027313,0.011597,0.041504
0.032196,0.0073242,0.039063
0.035248,0.0059509,0.041504
0.038147,0.0062561,0.041504
0.040131,0.0083923,0.048828
0.040741,0.0097656,0.050049
0.041046,0.010071,0.05249
0.040283,0.0097656,0.074463
0.037384,0.0082397,0.056152
0.034485,0.0061035,0.059814
0.030518,0.0053406,0.059814
0.02533,0.0062561,0.05127
0.02182,0.0071716,0.058594
0.020447,0.0079346,0.059814
0.020142,0.0076294,0.062256
0.028992,0.0059509,0.061035
0.022583,0.0053406,0.058594
0.023041,0.004425,0.064697
0.021515,0.0028992,0.057373
0.019226,0.004425,0.064697
0.016937,0.0022888,0.061035
0.016632,0.0015259,0.065918
0.016632,-0.0018311,0.065918
0.016022,-0.0015259,0.063477
0.01358,-0.0038147,4.3042
0.01236,-0.0045776,4.8926
0.0080872,-0.0036621,4.9304
0.007782,-0.0041199,4.9268
0.0099182,-0.0054932,4.9402
0.013123,-0.0080872,4.9243
0.015869,-0.009613,4.9158
0.017395,-0.0097656,4.9219
0.017548,-0.0064087,4.9146
0.0177,-0.0018311,4.9146
0.016479,0.002594,4.9182
0.015106,0.0042725,4.9121
0.013733,0.0016785,4.9146
0.013123,-0.0028992,4.9097
0.011444,-0.005188,4.9109
0.012054,-0.0073242,4.8987
0.011749,-0.0054932,4.9121
0.012665,-0.0048828,4.9109
0.012665,-0.0036621,4.9133
0.014954,-0.0033569,4.9121
0.017548,-0.0024414,4.9121
0.020294,-0.00076294,4.8975
0.019379,0.00030518,4.9084
0.018616,0.0018311,4.9048
0.019226,0.0033569,4.9133
0.016937,0.0045776,4.9048
0.014343,0.0042725,4.9109
0.012207,0.0053406,4.9146
0.011139,0.0056458,4.9158
0.009613,0.0059509,4.917
0.010071,0.0041199,4.917
0.012054,0.0018311,4.9207
0.012512,-0.00091553,4.9268
0.015259,-0.00045776,4.9292
0.018005,0.0013733,4.9255
0.021515,0.0028992,4.9304
0.022125,0.007019,4.9268
0.020905,0.0080872,4.9329
0.020447,0.0071716,4.9353
0.016174,0.0064087,4.9329
0.012512,0.0054932,4.9377
0.010529,0.0054932,4.9341
0.010223,0.0085449,4.9146
0.013428,0.011139,4.9304
0.014496,0.014038,4.9353
0.016785,0.016174,4.9329
0.018463,0.015411,4.9316
0.018921,0.013428,4.9329
0.016327,0.010986,4.9353
0.015106,0.0073242,4.9329
0.01236,0.0053406,4.9316
0.012054,0.0035095,4.9255
0.010071,0.0022888,4.9292
0.007782,0.0027466,4.9207
0.0042725,0.0022888,4.9255
0.0012207,0.0027466,4.928
0.0010681,0.0022888,4.9219
0.0033569,0.00076294,4.9158
0.0064087,0.0022888,4.9219
0.011139,0.0022888,4.9097
0.012665,0.0012207,4.9109
0.014343,0.002594,4.9133
0.014191,0.0053406,4.9121
0.015411,0.0067139,4.9158
0.018311,0.0080872,4.9121
0.021973,0.0062561,4.9097
0.023499,0.0048828,4.9097
0.024872,0.0045776,4.9109
0.023804,0.0036621,4.9072
0.024872,0.0057983,4.9146
0.024567,0.0061035,4.9084
0.026093,0.0057983,0.045166
0.030365,0.0053406,0.041504
0.029602,0.0027466,0.042725
0.029907,0.0038147,0.053711
0.029297,-0.0019836,0.046387
0.026703,-0.00076294,0.059814
0.024567,0.00061035,0.046387
0.02182,0.0013733,0.041504
0.021667,0.0027466,0.05249
0.021362,-0.0021362,0.053711
0.02243,-0.0019836,0.054932
0.023499,-0.0036621,0.061035
0.023193,-0.0036621,0.059814
0.023499,-0.0024414,0.065918
0.023499,-0.00061035,0.058594
0.023499,-0.00030518,0.064697
0.024261,-0.00015259,0.057373
0.024414,-0.0018311,0.063477
0.026245,-0.0032043,0.063477
0.027008,-0.0047302,0.063477
0.027313,-0.0032043,0.070801
0.027313,-0.0022888,0.067139
0.027008,-0.00061035,0.065918
0.028381,0.00045776,0.065918
0.028839,0.0013733,0.072021
0.029449,0.00030518,0.064697
0.028534,-0.00076294,0.062256
0.025635,-0.0012207,0.057373
0.024567,-0.0016785,0.059814
0.024567,-0.0015259,0.056152
0.025024,-0.00030518,0.05249
0.025635,0.00030518,0.050049
0.025635,-0.00030518,0.053711
0.024414,-0.0012207,0.046387
0.024261,-0.0033569,0.046387
0.022278,-0.0016785,0.046387
0.022278,0.0010681,0.046387
0.020752,0.0036621,0.041504
0.020142,0.0064087,0.045166
0.019836,0.0062561,0.057373
0.019379,0.00015259,0.045166
0.018463,0.0021362,0.050049
0.018311,0.00015259,0.042725
0.016022,0.00091553,0.025635
0.016174,0.0027466,0.0354
0.014954,0.0056458,0.039063
0.014496,0.0079346,0.036621
0.016022,0.0057983,0.036621
0.018158,0.0042725,0.036621
0.019989,0.0035095,0.041504
0.019073,0.0047302,0.039063
0.020905,0.0068665,0.042725
0.021667,0.0093079,0.041504
0.021057,0.0090027,0.048828
0.020142,0.0062561,0.047607
0.019073,0.00076294,0.05249
0.013885,-0.004425,0.056152
0.015411,-0.0082397,0.056152
0.014801,-0.009613,0.056152
0.014038,-0.0094604,0.061035
0.013885,-0.0097656,0.067139
0.014801,-0.007782,0.059814
0.014648,-0.0085449,0.054932
0.016937,-0.007782,0.062256
0.018158,-0.0067139,0.062256
0.019226,-0.0032043,0.056152
0.020294,0.0010681,0.064697
0.021973,0.005188,0.059814
0.022583,0.0067139,0.063477
0.02243,0.0061035,0.062256
0.02243,0.0053406,0.068359
0.023956,0.0042725,0.063477
0.024719,0.0047302,0.072021
0.025024,0.0050354,0.062256
0.024567,0.0048828,0.065918
0.024567,0.0041199,0.068359
0.021973,0.0016785,0.057373
0.021362,-0.0016785,0.057373
0.022888,-0.0065613,1.3574
0.024261,-0.0094604,4.6997
0.022888,-0.0094604,4.9011
0.024414,-0.0080872,4.9158
0.024261,-0.0065613,4.9097
0.024261,-0.0013733,4.917
0.024109,-0.0013733,4.9146
0.022583,-0.0027466,4.9133
0.020599,-0.0047302,4.9109
0.024414,-0.0054932,4.9133
0.024109,-0.0039673,4.9097
0.027313,-0.00091553,4.9121
0.029144,0.0018311,4.9146
0.03067,0.0039673,4.9121
0.032501,0.004425,4.906
0.033417,0.0032043,4.9109
0.033875,0.0032043,4.9109
0.036011,0.005188,4.9121
0.040131,0.0076294,4.9158
0.0354,0.0099182,4.9109
0.035706,0.0097656,4.9048
0.033569,0.0071716,4.9109
0.031281,0.0022888,4.9109
0.030975,-0.0024414,4.9158
0.028229,-0.0032043,4.9182
0.028839,-0.0045776,4.9146
0.028534,0.002594,4.9255
0.027771,0.00076294,4.9255
0.028534,0.00076294,4.9304
0.028381,0.0012207,4.9268
0.028229,0.0019836,4.9329
0.029144,0.0042725,4.9304
0.028992,0.0080872,4.9341
0.028687,0.0093079,4.9451
0.027008,0.0079346,4.9329
0.025024,0.0045776,4.9304
0.022888,0.0016785,4.9329
0.022125,0,4.9292
0.019379,0.00076294,4.9304
0.018005,0.0016785,4.9365
0.014801,0.0045776,4.9365
0.007019,0.0038147,4.9329
0.0071716,0.0030518,4.9316
0.0062561,0.0022888,4.9365
0.0085449,0.0018311,4.9329
0.011292,0.0022888,4.9329
0.012665,0.0038147,4.9255
0.016479,0.0056458,4.9146
0.018311,0.0054932,4.9231
0.019836,0.0061035,4.9255
0.020142,0.0059509,4.9243
0.021057,0.005188,4.9207
0.02121,0.0047302,4.9268
0.019531,0.010071,4.9194
0.017395,0.0059509,4.928
0.016022,0.0079346,4.9133
0.013123,0.0085449,4.9084
0.01297,0.0080872,4.9133
0.01236,0.0062561,4.9097
0.013885,0.0039673,4.9133
0.014191,0.0054932,4.9097
0.013428,0.0032043,4.9084
0.014191,0.004425,4.9109
0.01297,0.0067139,4.906
0.011292,0.007782,4.9158
0.010681,0.0088501,4.9084
0.010223,0.0097656,4.9121
0.010986,0.010223,4.9146
0.010223,0.010223,4.9121
0.012207,0.0083923,4.9207
0.012054,0.007782,4.9146
0.011597,0.0047302,4.9182
0.012054,0.0039673,0.048828
0.011749,0.0033569,0.043945
0.012054,0.0033569,0.05249
0.01236,0.0035095,0.050049
0.010986,0.0039673,0.056152
0.010223,0.0032043,0.057373
0.0076294,0.0033569,0.059814
0.0073242,0.0022888,0.063477
0.0071716,0.0022888,0.062256
0.0091553,0.00045776,0.063477
0.011139,0.0010681,0.061035
0.014038,0.00076294,0.061035
0.014801,0.0024414,0.063477
0.014038,0.0038147,0.064697
0.01297,0.0053406,0.061035
0.010071,0.0065613,0.065918
0.010376,0.0068665,0.072021
0.010223,0.0057983,0.068359
0.0090027,0.005188,0.074463
0.0080872,0.0062561,0.065918
0.0082397,0.0053406,0.048828
0.0086975,0.0039673,0.058594
0.010834,0.0021362,0.057373
0.012665,0.0030518,0.053711
0.015717,0.0030518,0.046387
0.018311,0.0042725,0.046387
0.019836,0.0053406,0.05249
0.018158,0.0059509,0.047607
0.016632,0.0042725,0.050049
0.014954,0.0021362,0.045166
0.01358,-0.00045776,0.047607
0.013428,-0.0024414,0.045166
0.01297,-0.0035095,0.043945
0.013885,-0.0047302,0.05249
0.01297,-0.0054932,0.037842
0.012054,-0.0053406,0.03418
0.012817,-0.0062561,0.041504
0.014648,-0.0057983,0.024414
0.0177,-0.0053406,0.0354
0.020599,-0.0050354,0.036621
0.021362,-0.007019,0.040283
0.021667,-0.0050354,0.039063
0.020752,-0.0053406,0.0354
0.019836,-0.0041199,0.041504
0.020905,-0.0036621,0.039063
0.021973,-0.0045776,0.045166
0.022278,-0.0056458,0.039063
0.02243,-0.007782,0.048828
0.021667,-0.011139,0.047607
0.022125,-0.011139,0.056152
0.023041,-0.0085449,0.053711
0.024414,-0.0057983,0.054932
0.027313,-0.0022888,0.063477
0.029449,-0.00015259,0.061035
0.030975,-0.00076294,0.073242
0.031586,-0.0028992,0.062256
0.032806,-0.0019836,0.05127
0.033264,-0.002594,0.058594
0.033417,-0.00091553,0.061035
0.032501,-0.00030518,0.061035
0.031128,-0.00076294,0.062256
0.029144,-0.0027466,0.056152
0.02655,-0.0059509,0.063477
0.024261,-0.0080872,0.063477
0.021973,-0.0085449,0.065918
0.019531,-0.0074768,0.062256
0.017242,-0.0059509,0.064697
0.016785,-0.0038147,0.059814
0.018311,-0.0019836,0.062256
0.021667,0.00030518,0.064697
0.023651,0.00076294,0.058594
0.025787,0.0016785,0.054932
0.027161,0.0019836,0.054932
0.02594,0.0024414,0.056152
0.025635,0.0015259,0.050049
0.025482,0.00091553,0.047607
0.025482,0.00015259,0.046387
0.024567,-0.00015259,0.037842
0.023651,-0.002594,3.7476
0.023041,-0.0022888,4.8401
0.021667,-0.0015259,4.9011
0.021667,-0.0022888,4.9121
0.023651,-0.00076294,4.9097
0.02533,0.00045776,4.9109
0.02594,0,4.9109
0.027466,0.002594,4.9133
0.027008,0.0030518,4.9097
0.02655,0.0033569,4.917
0.025482,0.0012207,4.9243
0.023804,-0.00091553,4.9109
0.022125,-0.0032043,4.9133
0.019531,-0.005188,4.9097
0.017395,-0.0056458,4.895
0.015106,-0.005188,4.9097
0.014343,-0.0045776,4.9146
0.01358,-0.0032043,4.9158
0.014648,-0.0012207,4.917
0.016327,-0.00015259,4.9194
0.018158,0.0013733,4.9243
0.020905,0.0016785,4.9304
0.020905,0.0013733,4.9316
0.020294,0.0022888,4.9243
0.02121,0.0019836,4.9304
0.02182,0.0013733,4.9231
0.022888,-0.00015259,4.9329
0.023041,0.00015259,4.9353
0.022888,-0.0010681,4.9341
0.022278,0.00061035,4.9316
0.022278,0.0038147,4.9329
0.023804,0.0053406,4.9451
0.024414,0.0068665,4.928
0.026703,0.0057983,4.9292
0.028076,0.0039673,4.9365
0.028534,0.0027466,4.9316
0.028687,0.0028992,4.9329
0.028839,0.0045776,4.9365
0.027771,0.0036621,4.9316
0.027771,0.0012207,4.9316
0.025482,-0.0035095,4.9268
0.023499,-0.0073242,4.9304
0.020294,-0.0086975,4.9219
0.018311,-0.0083923,4.9219
0.014648,-0.0038147,4.9194
0.01358,-0.0039673,4.917
0.013275,-0.0042725,4.9255
0.015411,-0.007019,4.9219
0.015411,-0.0083923,4.917
0.01709,-0.0086975,4.917
0.019379,-0.0064087,4.8999
0.021057,-0.0033569,4.9146
0.024109,-0.00045776,4.9109
0.025482,0.0041199,4.9158
0.025635,0.0035095,4.9109
0.027466,0.0047302,4.9097
0.028229,0.0056458,4.9109
0.029297,0.0068665,4.9097
0.031433,0.007782,4.9121
0.033264,0.0086975,4.9097
0.034943,0.010529,4.9133
0.034027,0.010071,4.9109
0.031281,0.0074768,4.9158
0.030365,0.0065613,4.9133
0.028229,0.0039673,4.9182
0.030365,0.0028992,4.9146
0.026703,0.0053406,4.9194
0.026093,0.0071716,4.928
0.023956,0.009613,4.9255
0.023346,0.005188,4.9194
0.022125,0.007782,4.9243
0.02182,0.0071716,4.9243
0.02182,0.0057983,0.059814
0.020142,0.0048828,0.058594
0.023804,0.0048828,0.062256
0.023651,0.0042725,0.063477
0.020294,0.0036621,0.061035
0.016785,-0.00045776,0.063477
0.013885,-0.002594,0.056152
0.011292,-0.0062561,0.065918
0.007019,-0.0090027,0.062256
0.0048828,-0.0094604,0.067139
0.0033569,-0.0091553,0.080566
0.0022888,-0.0086975,0.068359
0.002594,-0.0079346,0.064697
0.0076294,-0.0079346,0.062256
0.0079346,-0.007782,0.047607
0.011597,-0.0057983,0.063477
0.015411,-0.0042725,0.059814
0.019073,-0.0036621,0.056152
0.021057,-0.0018311,0.053711
0.022583,0.00015259,0.050049
0.023499,0.0012207,0.05249
0.023499,0.0021362,0.047607
0.024261,0.0036621,0.05127
0.023651,0.0039673,0.039063
0.024109,0.0065613,0.047607
0.026398,0.0093079,0.046387
0.027313,0.011597,0.047607
0.027618,0.012512,0.041504
0.027466,0.012665,0.043945
0.026245,0.012665,0.045166
0.025024,0.0071716,0.041504
0.024261,0.0082397,0.045166
0.021667,0.0071716,0.037842
0.018158,0.0062561,0.043945
0.014191,0.0065613,0.040283
0.011139,0.0021362,0.032959
0.0090027,0.0024414,0.03418
0.0068665,0.0021362,0.040283
0.0061035,0.0021362,0.036621
0.0067139,0.0041199,0.041504
0.0083923,0.0073242,0.040283
0.0093079,0.0097656,0.048828
0.0088501,0.0097656,0.042725
0.007782,0.0080872,0.05249
0.0048828,0.0036621,0.056152
0.0021362,0.00030518,0.053711
0.0030518,-0.0018311,0.067139
0.0036621,-0.0027466,0.059814
0.0041199,0.00076294,0.064697
0.005188,0.0039673,0.058594
0.0088501,0.0061035,0.058594
0.007782,0.0057983,0.061035
0.0082397,0.0048828,0.059814
0.0091553,0.0036621,0.059814
0.010834,0.0050354,0.062256
0.01236,0.0061035,0.053711
0.013733,0.007782,0.063477
0.015411,0.0086975,0.062256
0.016174,0.0080872,0.065918
0.012817,0.0045776,0.058594
0.015717,0.0022888,0.068359
0.015106,0.00076294,0.067139
0.014496,0.0021362,0.067139
0.014038,0.0036621,0.062256
0.011444,0.0061035,0.058594
0.014496,0.0048828,0.064697
0.015106,0.005188,0.056152
0.015869,0.0048828,0.061035
0.015106,0.0042725,0.05127
0.015411,0.0035095,0.042725
0.015106,0.0030518,0.047607
0.015869,0.0021362,0.043945
0.016479,0.0013733,0.043945
0.01709,-0.0013733,0.042725
0.016022,-0.0018311,0.039063
0.014496,-0.0041199,0.042725
0.01297,-0.0039673,0.037842
0.012207,-0.0021362,0.03418
0.01236,-0.0028992,3.6548
0.013275,-0.0039673,4.834
0.014191,-0.0050354,4.9011
0.014191,-0.0059509,4.9097
0.015411,-0.0057983,4.9133
0.016479,-0.0053406,4.9121
0.018768,-0.0041199,4.9072
0.021362,-0.0030518,4.9109
0.023956,-0.0030518,4.9011
0.025635,-0.0035095,4.9036
0.02594,-0.0048828,4.9231
0.02655,-0.0054932,4.9146
0.027618,-0.0074768,4.9146
0.028229,-0.0068665,4.9146
0.029907,-0.0061035,4.9194
0.030823,-0.0047302,4.9194
0.031281,-0.0032043,4.928
0.030212,-0.0021362,4.9255
0.028992,-0.0039673,4.9341
0.027313,-0.0059509,4.928
0.027466,-0.0080872,4.9292
0.027924,-0.0071716,4.9304
0.028229,-0.0057983,4.9304
0.028229,-0.0035095,4.9365
0.028381,-0.0018311,4.9353
0.02655,-0.0021362,4.939
0.024567,-0.0036621,4.9329
0.023346,-0.0059509,4.9243
0.022278,-0.0056458,4.9353
0.023651,-0.0027466,4.9341
0.024109,0.00091553,4.9219
0.023193,0.0016785,4.9377
0.024567,0.0015259,4.9341
0.024261,-0.0010681,4.9329
0.024872,-0.0015259,4.9255
0.026245,-0.00061035,4.9292
0.028534,0.0027466,4.9219
0.029449,0.0068665,4.9231
0.027618,0.010986,4.9231
0.025177,0.0091553,4.9243
0.021515,0.0065613,4.9194
0.0177,0.0045776,4.917
0.016022,0.0056458,4.9194
0.015259,0.0076294,4.9158
0.015717,0.010834,4.9158
0.016479,0.011444,4.9109
0.018005,0.0093079,4.9158
0.018616,0.0061035,4.9109
0.020142,0.0021362,4.9109
0.019684,-0.00030518,4.9097
0.019226,-0.00061035,4.9097
0.019684,-0.00045776,4.9097
0.019226,-0.00091553,4.9109
0.017853,-0.00045776,4.9036
0.014954,-0.0028992,4.9133
0.010986,-0.0062561,4.9084
0.0086975,-0.0065613,4.9121
0.007782,-0.0048828,4.8962
0.0090027,-0.0018311,4.9158
0.012512,-0.00015259,4.9255
0.014801,-0.00045776,4.9182
0.018768,-0.002594,4.9268
0.020447,-0.0048828,4.9255
0.023804,-0.0053406,4.9146
0.02594,-0.0047302,4.9255
0.030212,-0.00091553,4.9255
0.033417,0.0024414,4.9292
0.033417,0.0054932,4.9304
0.032654,0.0065613,4.9292
0.028839,0.0057983,4.9353
0.027924,0.0047302,4.9329
0.025635,0.0056458,4.9329
0.02594,0.0068665,4.928
0.026703,0.007019,0.061035
0.027008,0.0056458,0.063477
0.027008,0.004425,0.067139
0.02655,0.0047302,0.075684
0.026855,0.0022888,0.067139
0.027771,0.00015259,0.06958
0.028381,-0.002594,0.065918
0.028534,-0.0054932,0.073242
0.026703,-0.0071716,0.059814
0.022125,-0.0079346,0.06958
0.017548,-0.0074768,0.054932
0.01358,-0.0079346,0.054932
0.010071,-0.0054932,0.046387
0.0085449,-0.0099182,0.050049
0.0083923,-0.010529,0.045166
0.0085449,-0.0086975,0.05249
0.010223,-0.0036621,0.043945
0.012817,0.00091553,0.05249
0.019226,0.0032043,0.043945
0.024261,0.002594,0.045166
0.029907,-0.0019836,0.041504
0.033417,-0.0035095,0.039063
0.036163,-0.0033569,0.047607
0.036469,-0.0015259,0.041504
0.035095,0.0022888,0.05249
0.031738,0.0027466,0.037842
0.027924,0.0018311,0.028076
0.024414,0.00045776,0.041504
0.02243,-0.0028992,0.037842
0.023651,-0.0022888,0.037842
0.025177,0.00030518,0.040283
0.027008,0.0032043,0.039063
0.028687,0.0016785,0.03418
0.031128,0.0021362,0.042725
0.032959,0.00045776,0.047607
0.033112,-0.00076294,0.045166
0.034027,-0.00091553,0.05127
0.032501,0.0010681,0.054932
0.028839,0.004425,0.057373
0.022736,0.0065613,0.056152
0.018463,0.0074768,0.059814
0.015564,0.0071716,0.059814
0.013733,0.0032043,0.059814
0.014191,0.002594,0.072021
0.015411,0.002594,0.062256
0.015717,0.0024414,0.057373
0.014648,0.0027466,0.059814
0.012512,0.0030518,0.061035
0.010834,0.00030518,0.059814
0.011902,-0.0032043,0.061035
0.010376,-0.0050354,0.061035
0.010071,-0.0065613,0.067139
0.0094604,-0.0062561,0.065918
0.0074768,-0.0064087,0.065918
0.007019,-0.007019,0.059814
0.007019,-0.0079346,0.067139
0.0090027,-0.0091553,0.058594
0.011139,-0.0086975,0.061035
0.014191,-0.0056458,0.072021
0.016937,-0.0027466,0.056152
0.018158,0.00030518,0.05127
0.016479,0.0021362,0.05127
0.014038,0.0036621,0.030518
0.016022,0.0019836,0.046387
0.015259,0.0015259,0.053711
0.015869,0.0021362,0.045166
0.01709,0.0042725,0.046387
0.018158,0.007782,0.041504
0.019531,0.010376,0.043945
0.019989,0.012512,0.040283
0.020599,0.013275,0.039063
0.020752,0.013123,0.036621
0.022278,0.012665,0.041504
0.022888,0.01358,0.037842
0.023346,0.01358,0.041504
0.022278,0.013275,0.040283
0.020905,0.010986,0.042725
0.01709,0.007019,2.8882
0.015717,0.0033569,4.79
0.014496,-0.0015259,4.9036
0.014801,-0.0027466,4.9072
0.016174,-0.0013733,4.9072
0.016327,0.0028992,4.9158
0.014038,0.0080872,4.9146
0.01236,0.0090027,4.917
0.010529,0.0079346,4.9207
0.009613,0.0039673,4.9207
0.0088501,-0.00091553,4.9268
0.007019,-0.0028992,4.9255
0.0088501,0.0022888,4.9304
0.0083923,0.00015259,4.9292
0.0057983,0.0032043,4.9353
0.0059509,0.0062561,4.9304
0.005188,0.0076294,4.9341
0.0047302,0.0073242,4.9402
0.0065613,0.0039673,4.9341
0.0067139,0.0038147,4.9268
0.0073242,0.0024414,4.9329
0.0068665,0.0015259,4.9353
0.0065613,-0.0018311,4.9377
0.0079346,-0.004425,4.9329
0.010071,-0.007782,4.9341
0.015106,-0.011139,4.9341
0.017853,-0.013123,4.9329
0.021973,-0.011749,4.9316
0.022125,-0.0097656,4.9255
0.020447,-0.0068665,4.9304
0.019531,-0.0062561,4.9231
0.018768,-0.0071716,4.9255
0.019531,-0.0091553,4.9219
0.02243,-0.010986,4.9219
0.023499,-0.010681,4.9182
0.025635,-0.0099182,4.9219
0.024261,-0.0071716,4.9255
0.026703,-0.0067139,4.9182
0.027618,-0.0061035,4.9207
0.028839,-0.0039673,4.9158
0.030975,-0.0042725,4.8999
0.031128,-0.0041199,4.9109
0.027008,-0.004425,4.9109
0.024872,-0.0041199,4.9121
0.019684,-0.0042725,4.9084
0.016937,-0.0047302,4.906
0.016479,-0.0071716,4.9133
0.018311,-0.0090027,4.9048
0.02121,-0.011749,4.9133
0.024414,-0.014496,4.9097
0.02655,-0.014648,4.9133
0.026093,-0.012817,4.9146
0.025635,-0.010223,4.9158
0.02655,-0.0085449,4.9231
0.028076,-0.0090027,4.9194
0.031586,-0.012665,4.9207
0.033569,-0.011597,4.9231
0.033569,-0.0086975,4.9158
0.033264,-0.0056458,4.9255
0.033722,-0.0016785,4.9377
0.036011,0.00045776,4.9304
0.037994,0.00091553,4.9316
0.041809,0,4.928
0.04425,-0.0024414,4.9329
0.042877,-0.0041199,4.9316
0.040131,-0.0038147,4.9316
0.035858,-0.005188,4.9255
0.031891,-0.0071716,4.9365
0.029449,-0.0083923,4.9316
0.028839,-0.0099182,4.939
0.029755,-0.010834,4.9341
0.029602,-0.0097656,4.9353
0.029907,-0.0086975,4.9438
0.028839,-0.0057983,4.939
0.028229,-0.0042725,0.076904
0.028076,-0.0024414,0.062256
0.029602,-0.0022888,0.05249
0.030365,-0.0010681,0.057373
0.030823,-0.00015259,0.059814
0.029449,0.0015259,0.050049
0.027466,0.0038147,0.05249
0.025024,0.0053406,0.047607
0.023804,0.0062561,0.050049
0.023041,0.0071716,0.047607
0.024261,0.0076294,0.048828
0.025177,0.0071716,0.040283
0.02533,0.0074768,0.047607
0.023651,0.007782,0.043945
0.020599,0.0093079,0.045166
0.017853,0.0091553,0.043945
0.016022,0.0071716,0.042725
0.016174,0.005188,0.042725
0.016785,0.0022888,0.037842
0.018616,0.00045776,0.031738
0.019226,-0.00091553,0.040283
0.018616,-0.00045776,0.037842
0.018463,0.00061035,0.039063
0.018311,0.0018311,0.040283
0.020599,0.0018311,0.039063
0.023956,0.0013733,0.041504
0.026398,0.00030518,0.042725
0.027466,0.0012207,0.048828
0.027161,0.0028992,0.045166
0.026093,0.0048828,0.048828
0.025024,0.0062561,0.054932
0.025177,0.0064087,0.056152
0.02655,0.0048828,0.056152
0.028381,0.0030518,0.059814
0.027313,0.002594,0.062256
0.026398,0.0028992,0.061035
0.02243,0.0048828,0.072021
0.018921,0.0076294,0.063477
0.019073,0.0085449,0.047607
0.021667,0.0064087,0.058594
0.025024,0.0062561,0.058594
0.027313,0.00061035,0.061035
0.027618,-0.0056458,0.059814
0.025635,-0.00061035,0.061035
0.02243,0.0015259,0.067139
0.020142,0.0039673,0.065918
0.020447,0.0053406,0.068359
0.021515,0.0038147,0.059814
0.023193,0.0032043,0.064697
0.022736,-0.0021362,0.058594
0.020294,-0.0038147,0.061035
0.021667,-0.0030518,0.068359
0.021973,-0.00061035,0.054932
0.024261,0.0016785,0.05127
0.027313,0.0027466,0.05249
0.031128,0.00015259,0.037842
0.033112,-0.00030518,0.045166
0.032043,-0.0015259,0.046387
0.030212,0.0015259,0.046387
0.027008,0.0036621,0.042725
0.025177,0.007019,0.045166
0.02533,0.0086975,0.041504
0.02594,0.0085449,0.042725
0.026703,0.004425,0.042725
0.026398,0.0030518,0.03418
0.026398,0.0016785,0.042725
0.02533,0.0018311,0.039063
0.024414,0.0027466,0.037842
0.026398,0.0041199,0.039063
0.027313,0.0032043,0.042725
0.029297,0.0021362,0.05127
0.029297,-0.00061035,0.040283
0.027771,-0.0028992,0.053711
0.024719,-0.0022888,0.040283
0.020752,-0.0033569,0.032959
0.019073,-0.00076294,0.043945
0.018005,-0.0013733,0.050049
0.016632,-0.0045776,4.5935
0.014496,-0.0038147,4.895
0.012665,-0.0041199,4.9182
0.010376,-0.0019836,4.9243
0.0088501,0.0015259,4.9255
0.0097656,0.0050354,4.9329
0.011902,0.0079346,4.928
0.016022,0.007019,4.9329
0.018768,0.005188,4.9292
0.019684,0.0022888,4.9341
0.018311,0.00015259,4.9292
0.014954,-0.00076294,4.9316
0.010834,-0.00076294,4.9292
0.0079346,-0.00076294,4.9304
0.0071716,-0.00061035,4.9426
0.010223,-0.0022888,4.9341
0.010071,-0.0041199,4.9207
0.012054,-0.0022888,4.9329
0.012512,-0.0021362,4.9341
0.012817,-0.00076294,4.9341
0.014191,-0.00015259,4.9341
0.015869,-0.00091553,4.9292
0.017395,-0.002594,4.9292
0.018616,-0.0016785,4.9243
0.017548,-0.002594,4.9243
0.010834,-0.0012207,4.9194
0.01358,0.00061035,4.9255
0.012054,0.0018311,4.917
0.013275,0.0039673,4.9121
0.016785,0.0057983,4.9304
0.018768,0.0062561,4.9207
0.020142,0.0071716,4.9146
0.018921,0.0079346,4.9133
0.019836,0.007782,4.8938
0.019073,0.0082397,4.9084
0.018768,0.0073242,4.9097
0.019379,0.0054932,4.9121
0.017853,0.0038147,4.9097
0.018158,0.0016785,4.906
0.015106,0.00045776,4.9133
0.010681,-0.0021362,4.906
0.011292,-0.0021362,4.9072
0.0097656,-0.0027466,4.9072
0.010529,-0.0028992,4.9158
0.012665,-0.00061035,4.9146
0.011749,-0.00030518,4.9182
0.016479,0,4.9133
0.014954,0.0047302,4.9207
0.017242,0.00045776,4.917
0.017242,0.0021362,4.9231
0.017395,0.0054932,4.9255
0.018158,0.0076294,4.9304
0.019073,0.0083923,4.9243
0.016937,0.0076294,4.9292
0.015869,0.0050354,4.9304
0.012817,0.0022888,4.928
0.0097656,0.00045776,4.9329
0.010376,0.00061035,4.9304
0.012054,0.0015259,4.9341
0.013275,0.0028992,4.9316
0.018768,0.0013733,4.9341
0.019836,-0.00076294,4.9304
0.02121,-0.0027466,4.9377
0.020294,-0.0039673,4.9365
0.020142,-0.00091553,4.9365
0.020142,0.0028992,4.9414
0.019531,0.0085449,4.9365
0.019226,0.0062561,4.9329
0.019073,0.0042725,4.9316
0.018921,0.00015259,4.9182
0.016327,-0.0054932,4.9194
0.015411,-0.0082397,4.9231
0.016174,-0.0082397,4.9194
0.0177,-0.0088501,0.048828
0.020294,-0.0086975,0.047607
0.023041,-0.010376,0.047607
0.02533,-0.011749,0.047607
0.025024,-0.012207,0.047607
0.023346,-0.010681,0.042725
0.02121,-0.0082397,0.043945
0.020447,-0.0048828,0.046387
0.021057,-0.0028992,0.046387
0.021515,-0.0019836,0.036621
0.023651,-0.0018311,0.041504
0.023193,-0.0010681,0.045166
0.02533,0.00015259,0.042725
0.028076,0.0019836,0.045166
0.031281,0.0030518,0.041504
0.036163,0.00015259,0.032959
0.039215,0.00015259,0.041504
0.041046,-0.0016785,0.036621
0.040894,-0.0019836,0.039063
0.041199,-0.00015259,0.041504
0.040436,0,0.041504
0.040436,0,0.050049
0.039978,0.0012207,0.045166
0.039215,0.0012207,0.05249
0.037079,-0.00015259,0.050049
0.034485,-0.00030518,0.057373
0.032806,-0.0022888,0.054932
0.031433,-0.0047302,0.061035
0.029449,-0.0079346,0.074463
0.027313,-0.012054,0.061035
0.024872,-0.011444,0.063477
0.023499,-0.009613,0.062256
0.022736,-0.0068665,0.050049
0.022736,-0.0032043,0.05249
0.02182,-0.00045776,0.059814
0.020905,0.0024414,0.063477
0.019531,0.004425,0.063477
0.019379,0.0057983,0.061035
0.020142,0.0065613,0.06958
0.020447,0.0067139,0.06958
0.02243,0.0054932,0.067139
0.023346,0.0016785,0.064697
0.023193,-0.0010681,0.064697
0.02243,-0.0033569,0.059814
0.023651,-0.0050354,0.059814
0.024872,-0.0057983,0.053711
0.02594,-0.0022888,0.054932
0.024261,-0.0012207,0.063477
0.02182,0.00015259,0.05249
0.020599,0.00045776,0.063477
0.019379,0.0010681,0.047607
0.019684,0.0030518,0.05249
0.020752,0.0057983,0.046387
0.020752,0.005188,0.046387
0.020142,0.0030518,0.041504
0.019989,-0.0010681,0.040283
0.020599,-0.005188,0.036621
0.01709,-0.0074768,0.040283
0.015869,-0.0045776,0.037842
0.015564,-0.00061035,0.041504
0.014648,0.0030518,0.037842
0.015869,0.0036621,0.040283
0.016174,0.0015259,0.03418
0.017853,-0.00061035,0.040283
0.020599,-0.00061035,0.050049
0.023346,0,0.042725
0.025635,0.0012207,0.040283
0.028229,0.0027466,0.042725
0.029449,-0.00045776,0.037842
0.029144,-0.0030518,0.046387
0.028839,-0.0057983,0.059814
0.030212,-0.0076294,0.047607
0.024719,-0.0073242,0.05127
0.022278,-0.0056458,0.050049
0.019226,-0.0036621,0.050049
0.018463,-0.0041199,0.054932
0.018005,-0.0064087,0.063477
0.019836,-0.0088501,3.7683
0.02182,-0.010071,4.8608
0.023651,-0.010376,4.9194
0.024872,-0.0093079,4.9329
0.024261,-0.0056458,4.9255
0.029297,-0.002594,4.9329
0.03006,-0.00091553,4.9377
0.031586,-0.00015259,4.9341
0.032959,-0.00061035,4.939
0.03006,-0.00030518,4.9353
0.03067,-0.00076294,4.9158
0.030365,0,4.9316
0.031586,-0.0018311,4.939
0.032349,0.002594,4.9329
0.034943,0.0028992,4.9304
0.036163,0.0027466,4.928
0.036011,0.0042725,4.9292
0.035095,-0.00091553,4.9133
0.033264,0,4.9231
0.034485,0.00030518,4.9194
0.032959,-0.00061035,4.9207
0.032349,-0.0021362,4.9182
0.031586,-0.0035095,4.9194
0.030823,-0.0042725,4.9219
0.032654,-0.0042725,4.9158
0.029449,-0.0038147,4.9158
0.028534,-0.0041199,4.9146
0.029755,-0.0047302,4.906
0.027924,-0.0061035,4.9072
0.027313,-0.0062561,4.8987
0.027008,-0.0047302,4.9097
0.025787,-0.0028992,4.906
0.024872,0.0030518,4.906
0.023956,0.0076294,4.9097
0.023651,0.012054,4.9097
0.022736,0.0090027,4.9097
0.021515,0.0080872,4.906
0.020142,0.0062561,4.9158
0.019226,0.0022888,4.906
0.018616,0.00015259,4.917
0.017853,0.00061035,4.9133
0.016327,-0.00015259,4.9182
0.016174,-0.00061035,4.928
0.016174,-0.0022888,4.9194
0.016174,-0.0045776,4.9329
0.015869,-0.0061035,4.9268
0.016022,-0.0074768,4.9182
0.014954,-0.0028992,4.9304
0.014648,0.0013733,4.9292
0.017395,0.0041199,4.9304
0.013885,0.0042725,4.928
0.014648,0.0022888,4.9292
0.015869,-0.00061035,4.9304
0.018005,-0.0027466,4.9304
0.019684,-0.0042725,4.9365
0.020294,-0.00061035,4.9292
0.023041,0.0024414,4.9377
0.022888,0.0059509,4.9365
0.024261,0.0085449,4.9377
0.025024,0.0097656,4.9377
0.02655,0.0090027,4.939
0.027161,0.0088501,4.9365
0.026093,0.010376,4.9341
0.025024,0.012054,4.9402
0.024567,0.014038,4.928
0.025024,0.014496,4.9268
0.02655,0.014038,4.9219
0.029297,0.012817,4.9219
0.030518,0.011749,4.9182
0.030365,0.0093079,4.9194
0.028076,0.009613,4.9158
0.02533,0.0080872,4.9146
0.024109,0.0071716,4.9146
0.023041,0.0074768,0.048828
0.022278,0.007019,0.043945
0.02121,0.0064087,0.046387
0.018921,0.010223,0.040283
0.017395,0.0067139,0.040283
0.016479,0.0074768,0.056152
0.016174,0.0083923,0.039063
0.01709,0.0094604,0.047607
0.017853,0.0099182,0.040283
0.01709,0.0094604,0.023193
0.01709,0.0090027,0.037842
0.015717,0.0080872,0.040283
0.015564,0.0071716,0.039063
0.014191,0.0079346,0.041504
0.013733,0.007019,0.037842
0.012817,0.0064087,0.042725
0.010834,0.0054932,0.047607
0.0086975,0.004425,0.05249
0.0088501,0.0024414,0.050049
0.0050354,0.00061035,0.046387
0.0045776,0.0027466,0.057373
0.0053406,-0.0016785,0.058594
0.0080872,-0.0021362,0.064697
0.011597,-0.0015259,0.064697
0.014801,-0.00061035,0.061035
0.017548,0.0035095,0.063477
0.019379,-0.0013733,0.072021
0.020447,-0.0015259,0.058594
0.019836,-0.0012207,0.05127
0.018311,0.00015259,0.058594
0.016022,0.00045776,0.061035
0.014954,0.0010681,0.063477
0.014496,-0.00030518,0.065918
0.015869,-0.0027466,0.065918
0.017548,-0.0050354,0.067139
0.018616,-0.005188,0.063477
0.020294,-0.0064087,0.065918
0.022125,-0.0067139,0.059814
0.023956,-0.0065613,0.061035
0.024719,-0.0064087,0.057373
0.024261,-0.0064087,0.057373
0.026093,-0.0073242,0.058594
0.024261,-0.0086975,0.048828
0.02243,-0.0062561,0.05127
0.020752,-0.0047302,0.046387
0.020599,-0.0048828,0.037842
0.02182,-0.0038147,0.045166
0.024261,-0.0038147,0.045166
0.027161,-0.0047302,0.041504
0.028992,-0.0045776,0.043945
0.03067,-0.0054932,0.040283
0.032501,-0.0068665,0.036621
0.033722,-0.0079346,0.037842
0.034332,-0.0093079,0.040283
0.034637,-0.0097656,0.037842
0.034637,-0.0088501,0.041504
0.03418,-0.004425,0.039063
0.032806,-0.0012207,0.042725
0.032349,0.00076294,0.037842
0.031433,0.00076294,0.040283
0.030823,0.00030518,0.043945
0.031128,-0.0013733,0.037842
0.030823,-0.002594,0.05249
0.030365,-0.0019836,0.046387
0.03006,-0.0016785,0.036621
0.028839,-0.0027466,0.05127
0.027924,-0.0047302,0.047607
0.026245,-0.0064087,0.056152
0.025177,-0.0067139,0.056152
0.024109,-0.0064087,0.057373
0.024719,-0.0039673,0.061035
0.024109,-0.0018311,0.058594
0.024414,-0.00030518,0.061035
0.025177,0.00045776,0.058594
0.025177,0.00091553,0.062256
0.026093,0.00091553,0.059814
0.027313,0,0.062256
0.027313,-0.00015259,0.075684
0.028687,-0.00076294,4.53
0.028229,-0.0012207,4.9048
0.027313,-0.0010681,4.9329
0.02655,0.00030518,4.9255
0.02533,0.0015259,4.9341
0.023804,0.0035095,4.928
0.024109,0.0038147,4.9341
0.023651,0.0027466,4.9304
0.02182,0.00015259,4.9268
0.021057,-0.0019836,4.9255
0.021667,-0.0033569,4.9255
0.021973,-0.00091553,4.9243
0.023041,-0.0010681,4.9182
0.023651,-0.00091553,4.9231
0.022736,-0.0010681,4.9182
0.021362,-0.0022888,4.9231
0.019226,-0.0032043,4.917
0.015106,-0.0045776,4.917
0.013885,-0.0047302,4.9243
0.01297,-0.0047302,4.9146
0.014496,-0.0048828,4.9231
0.016174,-0.0042725,4.9097
0.017853,-0.002594,4.8999
0.021515,-0.0061035,4.9121
0.025024,0.0028992,4.9097
0.028229,0.0048828,4.9048
0.03067,0.0059509,4.906
0.032959,0.005188,4.9072
0.034027,0.005188,4.9084
0.033722,0.0045776,4.9048
0.033875,0.009613,4.9133
0.033569,0.011444,4.9109
0.029755,0.010071,4.9158
0.03067,0.007019,4.917
0.028534,0.0016785,4.9182
0.026245,-0.0033569,4.9231
0.024719,-0.0056458,4.9146
0.02182,-0.0061035,4.928
0.022125,-0.0045776,4.928
0.019989,-0.0056458,4.9268
0.019379,-0.0093079,4.9304
0.019531,-0.01358,4.9255
0.020447,-0.014954,4.9316
0.020294,-0.013123,4.9292
0.021667,-0.0088501,4.9304
0.022125,-0.00091553,4.9304
0.023651,0.0047302,4.9316
0.020599,0.0065613,4.9438
0.02655,0.007019,4.9329
0.027924,0.0064087,4.9316
0.030518,0.0061035,4.9341
0.033112,0.0079346,4.9365
0.035553,0.011597,4.9353
0.035706,0.014954,4.939
0.03952,0.015106,4.9451
0.039825,0.014038,4.9341
0.040741,0.010529,4.9353
0.03952,0.0067139,4.928
0.038605,0.0056458,4.9084
0.035706,0.0061035,4.9182
0.036163,0.0073242,4.9268
0.031433,0.0086975,4.9207
0.027313,0.0079346,4.9146
0.025024,0.0048828,4.917
0.024567,0.0016785,4.9158
0.023499,-0.0015259,4.9146
0.023956,-0.0018311,4.9158
0.026855,-0.0022888,4.9109
0.027161,0.0016785,4.9109
0.028839,0.0027466,4.9084
0.029449,0.0056458,4.9109
0.028076,0.0045776,4.9146
0.024567,0.0038147,0.039063
0.021515,0.0039673,0.039063
0.016022,0.0057983,0.042725
0.012817,0.0079346,0.029297
0.010376,0.0094604,0.036621
0.0097656,0.0085449,0.0354
0.011139,0.0042725,0.040283
0.013123,-0.0015259,0.042725
0.01358,-0.0061035,0.037842
0.016327,-0.0088501,0.047607
0.019836,-0.0091553,0.047607
0.02121,-0.0064087,0.054932
0.021973,-0.0074768,0.047607
0.021057,-0.0048828,0.057373
0.019073,-0.005188,0.056152
0.0177,-0.0018311,0.059814
0.016937,-0.00045776,0.059814
0.020294,0.0015259,0.063477
0.02182,0.0039673,0.067139
0.025177,0.0071716,0.067139
0.026703,0.0067139,0.072021
0.02655,0.0080872,0.062256
0.026245,0.0062561,0.048828
0.024414,0.0047302,0.062256
0.025024,0.0032043,0.062256
0.023956,0.0035095,0.063477
0.021973,0.0039673,0.065918
0.018158,0.0048828,0.063477
0.014801,0.0061035,0.064697
0.012817,0.0054932,0.061035
0.012665,0.0041199,0.065918
0.01297,0.0018311,0.057373
0.014801,0.0022888,0.062256
0.015106,0.0035095,0.058594
0.015869,0.0047302,0.056152
0.018768,0.0056458,0.057373
0.016022,0.0041199,0.050049
0.015411,0.0019836,0.053711
0.014801,0.00061035,0.048828
0.014496,0.0021362,0.045166
0.013275,0.0045776,0.046387
0.012207,0.0088501,0.046387
0.010834,0.010986,0.040283
0.011444,0.010834,0.041504
0.011597,0.010376,0.043945
0.016785,0.0079346,0.042725
0.020294,0.0074768,0.037842
0.024261,0.0074768,0.041504
0.02655,0.0076294,0.036621
0.02594,0.007019,0.042725
0.024109,0.0054932,0.041504
0.021973,0.004425,0.042725
0.018463,0.0033569,0.039063
0.015259,0.0035095,0.039063
0.013123,0.0041199,0.05249
0.011597,0.0059509,0.043945
0.009613,0.0068665,0.05249
0.0076294,0.0080872,0.045166
0.0061035,0.0062561,0.030518
0.0083923,0.0059509,0.046387
0.0099182,0.0041199,0.048828
0.014038,0.0027466,0.047607
0.019836,0.0021362,0.056152
0.023499,0.00091553,0.054932
0.027161,0.00045776,0.061035
0.02594,0.00030518,0.061035
0.025787,0.00076294,0.059814
0.024872,0.0016785,0.058594
0.023804,0.0019836,0.062256
0.023346,0.0019836,0.063477
0.023956,0.0018311,0.061035
0.023956,0.00091553,0.06958
0.026093,0.00015259,0.063477
0.026093,-0.0010681,0.061035
0.027771,-0.0019836,0.067139
0.031128,-0.0061035,0.078125
0.034332,-0.0085449,0.064697
0.036469,-0.0093079,0.053711
0.035706,-0.0090027,3.8367
0.032501,-0.007782,4.8621
0.028229,-0.0041199,4.9182
0.023804,-0.0018311,4.9255
0.022278,-0.00091553,4.9268
0.02243,-0.00076294,4.9243
0.025177,0.00015259,4.9182
0.028381,0,4.9231
0.032043,0.0019836,4.9182
0.034485,0.00061035,4.9207
0.036316,0.00015259,4.917
0.038147,-0.00030518,4.9182
0.038452,-0.0012207,4.9219
0.039063,-0.0019836,4.9146
0.038605,-0.0024414,4.9133
0.036469,-0.0028992,4.9146
0.033112,-0.0032043,4.895
0.027771,-0.0028992,4.9109
0.022888,-0.0021362,4.9084
0.02243,-0.0015259,4.9072
0.02243,0.00061035,4.9097
0.024719,0.0013733,4.906
0.025177,0.0021362,4.9097
0.025787,0.0024414,4.906
0.02655,0.0010681,4.9133
0.026245,-0.00045776,4.9109
0.02655,-0.0013733,4.9158
0.024872,-0.00091553,4.9133
0.024261,-0.00061035,4.9158
0.023193,0.00061035,4.9158
0.020599,0.0019836,4.9243
0.020599,0.0021362,4.9219
0.018616,0.0036621,4.9255
0.018616,0.0036621,4.9377
0.017242,0.0032043,4.9292
0.019073,0.0047302,4.9146
0.020752,0.0045776,4.9341
0.024719,0.007019,4.9292
0.027771,0.0080872,4.9304
0.028992,0.0071716,4.9304
0.027771,0.0053406,4.928
0.026093,0.0032043,4.9329
0.024414,0.0010681,4.9329
0.022888,0.00061035,4.9341
0.022583,0.00030518,4.9316
0.02121,0.00061035,4.9402
0.020599,0.0013733,4.9304
0.018921,0.0010681,4.939
0.018768,0.00091553,4.9475
0.018616,0.0010681,4.9329
0.019836,0.00076294,4.928
0.02121,-0.00015259,4.9292
0.021667,-0.0016785,4.9146
0.021667,-0.0042725,4.9231
0.020905,-0.005188,4.9219
0.019684,-0.0064087,4.9194
0.018768,-0.0053406,4.9182
0.018768,-0.0045776,4.9182
0.018158,-0.0036621,4.9158
0.018311,-0.0022888,4.917
0.018005,-0.0019836,4.9146
0.018463,-0.0012207,4.9084
0.018463,-0.0013733,4.9048
0.021057,0.00015259,4.9146
0.021057,0.0010681,4.9121
0.023041,0.00030518,4.9084
0.024261,-0.00061035,4.9133
0.025482,-0.0019836,4.9133
0.024872,-0.0028992,4.9182
0.025482,-0.0033569,4.9182
0.024109,-0.0056458,4.9072
0.023346,-0.0048828,4.9036
0.02182,-0.0062561,0.042725
0.020599,-0.0083923,0.040283
0.019073,-0.0093079,0.041504
0.0177,-0.010986,0.045166
0.017395,-0.014648,0.046387
0.017548,-0.016479,0.048828
0.019073,-0.018005,0.05127
0.021362,-0.017548,0.058594
0.022583,-0.016174,0.05249
0.024109,-0.013275,0.059814
0.025177,-0.0088501,0.062256
0.026093,-0.007782,0.063477
0.026703,-0.0059509,0.074463
0.028687,-0.0048828,0.064697
0.032043,-0.0018311,0.065918
0.035248,0.00061035,0.062256
0.037689,0.0030518,0.058594
0.039215,0.0048828,0.058594
0.039368,0.0068665,0.063477
0.040588,0.0050354,0.063477
0.03891,0.0038147,0.067139
0.042877,0.0036621,0.065918
0.04303,0.0050354,0.067139
0.041504,0.007782,0.064697
0.039825,0.0088501,0.065918
0.034943,0.011444,0.057373
0.032806,0.0097656,0.059814
0.03067,0.0083923,0.057373
0.028839,0.00030518,0.057373
0.028534,-0.0021362,0.05127
0.027008,-0.0054932,0.05127
0.026398,-0.0065613,0.059814
0.024109,-0.0086975,0.048828
0.02243,-0.0076294,0.057373
0.019531,-0.0064087,0.048828
0.018005,-0.0054932,0.03418
0.016327,-0.0018311,0.040283
0.015106,0.0013733,0.039063
0.014038,0.0054932,0.0354
0.014191,0.0085449,0.042725
0.016632,0.0099182,0.039063
0.0177,0.0088501,0.040283
0.018768,0.0062561,0.039063
0.020599,0.0062561,0.040283
0.023193,0.0041199,0.039063
0.025177,0.0042725,0.043945
0.025787,0.0042725,0.039063
0.025787,0.0033569,0.039063
0.026855,0.004425,0.05127
0.023041,0.0035095,0.040283
0.021667,0.0027466,0.036621
0.021667,0.0028992,0.045166
0.023041,0.0016785,0.036621
0.024719,0.0016785,0.046387
0.025177,0.0039673,0.041504
0.024567,0.0015259,0.053711
0.02243,0.00076294,0.056152
0.019836,-0.0010681,0.054932
0.021362,-0.0027466,0.061035
0.022278,-0.0042725,0.058594
0.022278,-0.0041199,0.061035
0.021515,0.00015259,0.057373
0.018921,0.0038147,0.064697
0.015106,0.0080872,0.058594
0.014191,0.011749,0.057373
0.013885,0.01236,0.062256
0.015259,0.013885,0.065918
0.017853,0.014648,0.06958
0.019531,0.016174,0.065918
0.021667,0.018158,0.076904
0.019379,0.020905,0.064697
0.017242,0.019684,0.05127
0.01709,0.0177,0.064697
0.017242,0.013885,0.061035
0.017242,0.0090027,0.056152
0.016632,0.005188,0.058594
0.014038,0.0021362,0.05249
0.010529,0.0010681,0.05249
0.007019,-0.0010681,3.2776
0.0059509,-0.00061035,4.8206
0.0067139,-0.002594,4.9048
0.0093079,-0.0042725,4.9109
0.011749,-0.0056458,4.9146
0.014191,-0.0030518,4.9182
0.014191,0.0041199,4.9146
0.01358,0.005188,4.9133
0.010681,0.0082397,4.9121
0.01358,0.010376,4.9109
0.014954,0.0086975,4.9084
0.015411,0.0073242,4.9097
0.015259,0.0068665,4.9048
0.013428,0.009613,4.9084
0.011139,0.011139,4.8987
0.0094604,0.011902,4.9097
0.011139,0.010986,4.9109
0.014954,0.0094604,4.906
0.0177,0.009613,4.9121
0.020447,0.0062561,4.9109
0.02182,0.0061035,4.917
0.021515,0.0054932,4.9146
0.019684,0.0038147,4.9194
0.017853,0.00091553,4.9158
0.016327,-0.0028992,4.9219
0.016022,-0.002594,4.9353
0.016785,-0.0036621,4.9255
0.017242,-0.0012207,4.9316
0.019073,0.00091553,4.9304
0.020142,0.0030518,4.9219
0.02121,0.004425,4.9329
0.023804,0.0045776,4.9304
0.026855,0.0041199,4.9329
0.030518,0.0030518,4.9292
0.030365,0.002594,4.928
0.029602,0.0027466,4.9329
0.026398,0.0038147,4.9304
0.02121,0.0027466,4.9353
0.016479,0.0024414,4.9304
0.013123,0.0018311,4.9365
0.01297,0.00045776,4.9365
0.011749,-0.00030518,4.9353
0.011597,-0.00015259,4.9402
0.010834,0.00045776,4.9353
0.0099182,0.00045776,4.9316
0.010223,-0.0012207,4.9292
0.01358,-0.0032043,4.9341
0.018158,-0.0048828,4.9207
0.02182,-0.0054932,4.9011
0.025787,-0.0045776,4.9207
0.026703,-0.0021362,4.9182
0.027466,-0.0010681,4.9207
0.028229,0.00015259,4.9158
0.030518,0.00030518,4.9146
0.033417,0.00076294,4.9133
0.036469,0.0013733,4.9097
0.037231,0.0030518,4.9072
0.035095,0.0038147,4.9084
0.034943,0.007019,4.9146
0.032196,0.0068665,4.9109
0.03067,0.0054932,4.9133
0.03006,0.0033569,4.9194
0.030212,0.0016785,4.9146
0.030975,0.0016785,4.9182
0.030975,0.0019836,4.9048
0.028534,0.0047302,4.9011
0.027313,0.0074768,4.9121
0.025482,0.0083923,4.9121
0.025635,0.0094604,4.9121
0.025635,0.0080872,4.9133
0.024261,0.0085449,4.9146
0.024567,0.0071716,4.9182
0.022125,0.007782,0.054932
0.019684,0.0076294,0.058594
0.01709,0.0071716,0.05249
0.016937,0.0061035,0.059814
0.019989,0.0059509,0.056152
0.023499,0.007019,0.063477
0.027771,0.0068665,0.062256
0.030823,0.007782,0.064697
0.030212,0.010834,0.062256
0.029602,0.013123,0.059814
0.028839,0.014801,0.06958
0.029755,0.015106,0.063477
0.029755,0.014801,0.05127
0.029907,0.013275,0.062256
0.028534,0.010529,0.063477
0.025482,0.0074768,0.065918
0.022583,0.0047302,0.064697
0.020294,0.00076294,0.062256
0.018311,-0.0019836,0.067139
0.019836,-0.0039673,0.059814
0.02182,-0.0064087,0.061035
0.023651,-0.0065613,0.054932
0.023651,-0.0090027,0.058594
0.02182,-0.0041199,0.050049
0.019073,-0.0015259,0.053711
0.017853,0.0022888,0.064697
0.020447,0.0039673,0.047607
0.024261,0.0053406,0.047607
0.029755,0.0062561,0.047607
0.032654,0.0067139,0.029297
0.034027,0.0083923,0.042725
0.033875,0.010071,0.042725
0.035706,0.010223,0.040283
0.037231,0.011292,0.042725
0.037537,0.010529,0.037842
0.034485,0.0073242,0.040283
0.030365,0.0045776,0.036621
0.024261,0.0010681,0.040283
0.016785,-0.0013733,0.0354
0.011444,-0.00030518,0.037842
0.0088501,-0.0010681,0.037842
0.0086975,-0.0039673,0.042725
0.0082397,-0.0073242,0.042725
0.012817,-0.011597,0.042725
0.014191,-0.014343,0.042725
0.014496,-0.015259,0.045166
0.013885,-0.014343,0.054932
0.015106,-0.012817,0.046387
0.017548,-0.0085449,0.039063
0.019379,-0.0039673,0.053711
0.023651,0.0010681,0.053711
0.024719,0.0045776,0.056152
0.027313,0.0082397,0.061035
0.028076,0.0099182,0.061035
0.03006,0.0099182,0.063477
0.032806,0.0093079,0.059814
0.036316,0.0074768,0.064697
0.039673,0.0041199,0.059814
0.03952,0.0019836,0.064697
0.037994,0.0010681,0.063477
0.03479,0,0.063477
0.031433,0.0019836,0.073242
0.028534,0.0032043,0.064697
0.027008,0.004425,0.067139
0.02655,0.0062561,0.068359
0.026703,0.00076294,0.061035
0.025024,-0.0016785,0.063477
0.023346,-0.0036621,0.058594
0.02121,-0.0035095,0.057373
0.020142,-0.0021362,0.056152
0.019989,-0.00091553,0.050049
0.020599,-0.00015259,0.045166
0.019531,-0.0019836,0.047607
0.017548,-0.0035095,0.050049
0.014801,-0.0050354,0.047607
0.013123,-0.0018311,0.043945
0.011902,0.0027466,0.050049
0.01236,0.0062561,0.043945
0.014038,0.0057983,2.7258
0.010223,0.0028992,4.7815
0.014038,-0.0022888,4.906
0.013275,-0.0035095,4.9097
0.014648,-0.0053406,4.917
0.015717,-0.0032043,4.9084
0.016937,-0.00091553,4.8999
0.017548,0.00030518,4.9097
0.017853,-0.00030518,4.9072
0.017395,-0.0015259,4.9084
0.018616,-0.0013733,4.9109
0.018158,0.0010681,4.9072
0.018921,0.0041199,4.9097
0.016632,0.0061035,4.9097
0.015259,0.0047302,4.9158
0.014496,0.00030518,4.9109
0.015717,-0.0041199,4.9207
0.017395,-0.0071716,4.9182
0.022736,-0.0079346,4.9255
0.019989,-0.0068665,4.9341
0.019226,-0.0061035,4.9243
0.017242,-0.0062561,4.9255
0.016632,-0.0045776,4.9316
0.015717,-0.0036621,4.9341
0.014954,-0.00076294,4.917
0.01297,0.0019836,4.9402
0.015411,0.0030518,4.9329
0.012054,0.0039673,4.9304
0.011597,0.0022888,4.9268
0.01297,0.00091553,4.9341
0.015106,0.00061035,4.9341
0.016327,-0.00045776,4.9341
0.017548,-0.00030518,4.9341
0.016785,0.00030518,4.9377
0.015869,0.00076294,4.9292
0.014343,0.0028992,4.9414
0.012817,0.0061035,4.9341
0.01358,0.0090027,4.9329
0.014191,0.0090027,4.9377
0.014648,0.0067139,4.9292
0.015411,0.005188,4.9329
0.016327,0.0032043,4.9219
0.018311,0.0032043,4.9084
0.018158,0.0035095,4.9158
0.019379,0.0041199,4.917
0.019684,0.0028992,4.9072
0.019073,0.0012207,4.9182
0.018463,-0.00091553,4.9133
0.016327,-0.0067139,4.9121
0.013885,0.0010681,4.9109
0.0099182,0.005188,4.9146
0.0067139,0.007782,4.9097
0.0053406,0.0086975,4.9158
0.0050354,0.0090027,4.9146
0.0067139,0.0010681,4.9121
0.0079346,-0.0039673,4.9121
0.012054,-0.0059509,4.9121
0.011902,-0.0010681,4.906
0.013275,0.0054932,4.9097
0.014648,0.010223,4.9084
0.015411,0.010223,4.9133
0.017395,0.0048828,4.9011
0.017853,-0.0022888,4.9121
0.017395,-0.0067139,4.9146
0.017395,-0.00061035,4.917
0.016785,0.0059509,4.9219
0.018005,0.011139,4.9182
0.021057,0.010681,4.9231
0.024261,0.0083923,4.9268
0.02655,0.0021362,4.9304
0.028229,-0.0016785,4.928
0.028839,-0.0024414,4.9219
0.030365,-0.0015259,0.061035
0.029755,0.00061035,0.063477
0.029144,0.0035095,0.072021
0.026703,0.0028992,0.061035
0.025635,0.00015259,0.067139
0.023956,-0.0027466,0.064697
0.023651,-0.0054932,0.045166
0.02182,-0.004425,0.064697
0.020905,-0.0030518,0.065918
0.020294,-0.0013733,0.067139
0.019989,0.00030518,0.064697
0.021667,0.00030518,0.058594
0.021057,-0.00030518,0.062256
0.02182,-0.002594,0.059814
0.021667,-0.0035095,0.057373
0.022125,-0.0039673,0.050049
0.023193,-0.0028992,0.050049
0.023193,-0.0012207,0.050049
0.024261,0.0019836,0.05249
0.024872,0.0036621,0.053711
0.026093,0.0041199,0.047607
0.026855,0.0036621,0.048828
0.027313,0.0033569,0.048828
0.028534,0.0035095,0.041504
0.030975,0.0027466,0.040283
0.032806,0.002594,0.039063
0.032501,0.0024414,0.040283
0.030823,0.0016785,0.040283
0.028381,0.0013733,0.036621
0.025482,0.00076294,0.041504
0.023499,0.00061035,0.037842
0.022278,0.0012207,0.043945
0.021515,0.00061035,0.037842
0.021057,0.00091553,0.041504
0.020142,0.00076294,0.039063
0.021362,0.00045776,0.040283
0.021973,-0.00045776,0.041504
0.021057,0.0010681,0.041504
0.022888,0.0013733,0.053711
0.024414,0.0028992,0.05127
0.024719,0.0041199,0.063477
0.025177,0.0036621,0.048828
0.024567,0.0045776,0.046387
0.025177,0.0047302,0.056152
0.025024,0.0039673,0.058594
0.024872,0.0074768,0.059814
0.025635,0.009613,0.061035
0.02655,0.010376,0.057373
0.027313,0.010071,0.063477
0.029297,0.0091553,0.058594
0.030975,0.0073242,0.064697
0.032349,0.005188,0.057373
0.031891,0.0038147,0.064697
0.030212,0.0030518,0.065918
0.027313,0.0015259,0.064697
0.025024,-0.00015259,0.067139
0.021973,-0.0012207,0.067139
0.020294,-0.0028992,0.067139
0.020447,-0.0050354,0.064697
0.020142,-0.0062561,0.068359
0.020142,-0.0054932,0.058594
0.020294,-0.0032043,0.062256
0.020142,-0.0024414,0.056152
0.020142,-0.0022888,0.053711
0.020447,-0.0041199,0.05127
0.02121,-0.0076294,0.05249
0.021515,-0.0099182,0.045166
0.021057,-0.0086975,0.050049
0.020294,-0.0047302,0.045166
0.020752,-0.00091553,0.047607
0.020599,0.0012207,0.042725
0.022278,0.0012207,0.046387
0.023956,0.00045776,0.041504
0.024414,-0.00045776,0.042725
0.023956,-0.00030518,0.05127
0.025024,-0.0013733,0.040283
0.024414,-0.0035095,0.039063
0.024719,-0.0068665,0.040283
0.026703,-0.010529,4.3115
0.028534,-0.011444,4.8694
0.028076,-0.010529,4.906
0.029755,-0.0091553,4.9097
0.027161,-0.007782,4.9072
0.026245,-0.0067139,4.906
0.023346,-0.0067139,4.9097
0.023193,-0.0056458,4.9121
0.022583,-0.0050354,4.917
0.023346,-0.0035095,4.9158
0.025024,-0.0027466,4.9243
0.026245,-0.0033569,4.9207
0.028229,-0.0080872,4.928
0.03006,-0.0054932,4.9194
0.031891,-0.0038147,4.9268
0.031586,0.00045776,4.9329
0.032806,0.0048828,4.9316
0.032196,0.0027466,4.9438
0.030212,0.0085449,4.9304
0.027924,0.0073242,4.9207
0.025635,0.0048828,4.9329
0.024872,0.0030518,4.9304
0.024719,0.0024414,4.9292
0.026855,0.0021362,4.9341
0.028229,0.00076294,4.9329
0.026398,-0.0019836,4.9353
0.02594,-0.0050354,4.9353
0.024414,-0.007019,4.9365
0.023346,-0.0062561,4.9316
0.022125,-0.0033569,4.9329
0.019379,-0.0018311,4.9316
0.016479,-0.0019836,4.9304
0.013733,-0.0036621,4.9341
0.011139,-0.0015259,4.9292
0.01236,-0.0010681,4.9219
0.014496,-0.0018311,4.9231
0.015411,-0.00015259,4.9121
0.016022,-0.00015259,4.9182
0.016632,-0.00061035,4.917
0.016327,0.00015259,4.9146
0.015411,0.00030518,4.9146
0.014954,0.0035095,4.9158
0.015106,0.0056458,4.9133
0.013885,0.0056458,4.9084
0.014038,0.0053406,4.9133
0.014648,0.0041199,4.906
0.017395,0.0018311,4.9133
0.019531,-0.0015259,4.9121
0.020142,-0.0013733,4.9109
0.02182,-0.0024414,4.9084
0.019836,-0.002594,4.9109
0.020599,-0.002594,4.9146
0.019226,-0.00045776,4.9084
0.017853,0.00045776,4.9207
0.01709,0.0027466,4.9146
0.018616,0.0036621,4.8999
0.015869,0.0057983,4.9158
0.019073,0.0071716,4.9194
0.016022,0.0091553,4.9158
0.016632,0.0097656,4.9255
0.018463,0.010529,4.9231
0.020294,0.0094604,4.9292
0.02182,0.011749,4.9304
0.020447,0.0097656,4.9329
0.018921,0.010986,4.928
0.015564,0.011749,4.9353
0.013123,0.010986,4.9304
0.010986,0.0094604,4.9341
0.0090027,0.0080872,4.9438
0.0083923,0.007782,4.9329
0.007782,0.0076294,4.9329
0.0076294,0.0083923,0.065918
0.010071,0.0093079,0.063477
0.009613,0.0082397,0.062256
0.011749,0.0065613,0.065918
0.013123,0.0050354,0.068359
0.01297,0.005188,0.064697
0.013123,0.0042725,0.057373
0.011597,0.0057983,0.063477
0.0093079,0.007019,0.057373
0.0067139,0.0067139,0.058594
0.0047302,0.0057983,0.05249
0.0032043,0.0061035,0.056152
0.0032043,0.0071716,0.05127
0.002594,0.0080872,0.050049
0.0035095,0.0073242,0.050049
0.0035095,0.0076294,0.050049
0.0054932,0.0082397,0.057373
0.0074768,0.0090027,0.045166
0.010834,0.011444,0.058594
0.013733,0.01297,0.042725
0.016022,0.013733,0.041504
0.016785,0.013123,0.039063
0.016785,0.010834,0.036621
0.014191,0.0079346,0.036621
0.010834,0.0086975,0.042725
0.0091553,0.0099182,0.037842
0.0083923,0.011292,0.040283
0.009613,0.012054,0.036621
0.011444,0.01297,0.040283
0.014191,0.012512,0.037842
0.0177,0.011749,0.041504
0.019226,0.011139,0.045166
0.021667,0.010071,0.043945
0.023956,0.0079346,0.053711
0.024261,0.0054932,0.050049
0.023804,0.0042725,0.056152
0.02243,0.0038147,0.05127
0.019226,0.0050354,0.048828
0.015411,0.0059509,0.057373
0.011292,0.005188,0.054932
0.0080872,0.0028992,0.056152
0.0065613,0,0.061035
0.007019,-0.0021362,0.059814
0.0091553,-0.0032043,0.062256
0.01297,0.00045776,0.058594
0.016632,0.0010681,0.062256
0.019684,-0.00030518,0.057373
0.02243,-0.0015259,0.064697
0.023041,-0.0016785,0.067139
0.023041,0.00015259,0.065918
0.021667,0.0050354,0.064697
0.021515,0.0080872,0.067139
0.019073,0.0090027,0.073242
0.017548,0.0053406,0.064697
0.018463,-0.00076294,0.070801
0.018768,-0.0045776,0.062256
0.02182,-0.0057983,0.045166
0.024414,-0.0064087,0.056152
0.027161,-0.0030518,0.050049
0.029602,-0.0027466,0.05249
0.030365,-0.0036621,0.048828
0.030365,-0.0041199,0.046387
0.028229,-0.0033569,0.048828
0.025635,-0.00061035,0.045166
0.024872,0.00076294,0.046387
0.022583,0.0022888,0.043945
0.021973,0.0018311,0.042725
0.021667,0.00030518,0.040283
0.02243,0.00015259,0.039063
0.022125,-0.00091553,0.047607
0.02243,-0.00015259,0.040283
0.023041,-0.00015259,0.037842
0.024109,-0.0012207,0.037842
0.024414,-0.0027466,0.029297
0.024414,-0.00076294,0.032959
0.023346,0.00076294,0.037842
0.021667,0.0022888,0.037842
0.021362,0.0042725,0.039063
0.018768,0.0047302,2.5757
0.018158,0.0028992,4.7742
0.017242,0.0021362,4.8999
0.016937,-0.0016785,4.9158
0.017548,0.00030518,4.9121
0.017242,0.0016785,4.9243
0.018616,0.0013733,4.9084
0.019836,0.00045776,4.9304
0.021057,0.00030518,4.9231
0.022583,-0.0013733,4.9316
0.023956,-0.0012207,4.9353
0.024567,-0.00030518,4.9353
0.024872,0.00061035,4.939
0.025177,0,4.9353
0.025024,-0.0013733,4.9133
0.02533,-0.0027466,4.9316
0.025787,-0.0041199,4.928
0.026855,-0.0018311,4.9292
0.027313,-0.0019836,4.9329
0.025482,-0.0010681,4.9353
0.027466,-0.0012207,4.9353
0.024261,-0.0015259,4.9353
0.023956,-0.0015259,4.9377
0.023346,-0.00030518,4.9292
0.023651,0.00015259,4.9207
0.023651,0.0018311,4.9316
0.023804,0.004425,4.928
0.023956,0.004425,4.9304
0.024414,0.0038147,4.9243
0.026398,0.0033569,4.928
0.027313,0.0022888,4.9231
0.026855,0.0021362,4.928
0.028229,0.0015259,4.9194
0.028076,0.0021362,4.9023
0.027161,0.0016785,4.9146
0.025635,0.0015259,4.9158
0.023804,-0.00030518,4.9121
0.019989,-0.0018311,4.9146
0.018921,-0.0036621,4.9048
0.016632,-0.0050354,4.9121
0.016022,-0.0050354,4.906
0.016479,-0.0048828,4.9084
0.017853,-0.0065613,4.9109
0.019531,-0.010071,4.9133
0.021362,-0.014343,4.9036
0.021667,-0.016632,4.9121
0.024261,-0.015869,4.9231
0.02243,-0.01236,4.9109
0.026093,-0.0080872,4.9158
0.024719,-0.0041199,4.9146
0.025482,-0.0036621,4.8962
0.024109,-0.010071,4.9158
0.023956,-0.0062561,4.9158
0.024414,-0.0067139,4.9207
0.024719,-0.0038147,4.9207
0.027924,-0.002594,4.9207
0.027924,0.0018311,4.9182
0.028381,0.0018311,4.9292
0.031738,0.00091553,4.9316
0.033264,0.00030518,4.928
0.034027,0.0024414,4.9316
0.034485,0.0053406,4.9341
0.032501,0.0033569,4.9158
0.030365,0.0086975,4.9353
0.028839,0.0062561,4.9341
0.027008,0.004425,4.9329
0.02655,0.0032043,4.9353
0.024261,0.0036621,4.9463
0.024261,0.0041199,4.939
0.022736,0.0048828,4.9207
0.021973,0.0042725,4.9353
0.021515,0.0041199,4.9243
0.021057,0.005188,0.059814
0.02121,0.0071716,0.053711
0.021515,0.0065613,0.058594
0.019531,0.0050354,0.058594
0.015717,0.00030518,0.053711
0.012054,-0.0054932,0.05127
0.0088501,-0.0086975,0.047607
0.0059509,-0.010376,0.05127
0.0041199,-0.010529,0.046387
0.0042725,-0.007019,0.053711
0.0042725,-0.0064087,0.05249
0.0039673,-0.0065613,0.046387
0.0065613,-0.0062561,0.047607
0.0091553,-0.0041199,0.045166
0.011139,-0.00045776,0.030518
0.014191,0.0019836,0.040283
0.015411,0.0038147,0.039063
0.017548,0.00015259,0.036621
0.017242,0.00076294,0.041504
0.016937,-0.0016785,0.039063
0.017853,-0.00091553,0.040283
0.016937,0.0036621,0.042725
0.018005,0.0061035,0.040283
0.01709,0.0068665,0.037842
0.016022,0.0053406,0.041504
0.015106,0.0033569,0.042725
0.015869,0.0033569,0.045166
0.016479,0.0053406,0.047607
0.015869,0.0057983,0.048828
0.016327,0.0061035,0.050049
0.015259,0.0035095,0.050049
0.014496,-0.00030518,0.063477
0.01358,-0.0013733,0.056152
0.011902,0.00045776,0.047607
0.011597,0.0053406,0.058594
0.010834,0.0090027,0.063477
0.0090027,0.011597,0.059814
0.0091553,0.010223,0.059814
0.0039673,0.007019,0.058594
0.0047302,0.0050354,0.063477
0.0048828,0.0033569,0.057373
0.004425,0.0048828,0.062256
0.005188,0.0050354,0.062256
0.0041199,0.0038147,0.067139
0.0033569,0.0016785,0.065918
0.0016785,0.00061035,0.06958
0.0018311,-0.0010681,0.079346
0.0035095,-0.0013733,0.068359
0.0053406,0.00030518,0.061035
0.0073242,0.0024414,0.063477
0.010834,0.0032043,0.045166
0.011597,0.0054932,0.05249
0.014954,0.0057983,0.054932
0.013885,0.0045776,0.05127
0.014191,0.004425,0.050049
0.014496,0.0030518,0.045166
0.016632,0.0015259,0.05127
0.018616,0.0016785,0.042725
0.020752,0.0030518,0.047607
0.022888,0.00076294,0.042725
0.026093,0.00076294,0.046387
0.023956,0.0012207,0.039063
0.023804,0.0012207,0.045166
0.024261,0.0012207,0.037842
0.024872,0.0013733,0.039063
0.026398,0.0036621,0.05127
0.026093,0.0061035,0.039063
0.025787,0.0073242,0.05127
0.024567,0.0093079,0.037842
0.024261,0.0053406,0.024414
0.022278,0.002594,0.037842
0.022736,0.0016785,0.039063
0.022278,0.0032043,0.037842
0.022888,0.0054932,0.042725
0.022736,0.0079346,0.042725
0.022278,0.0071716,0.041504
0.022125,0.0039673,0.043945
0.023651,-0.00045776,0.05249
0.023651,-0.005188,3.9673
0.025024,-0.0071716,4.8633
0.026093,-0.0067139,4.9194
0.025177,-0.005188,4.928
0.024261,-0.0039673,4.9365
0.021515,-0.0048828,4.9304
0.018616,-0.0057983,4.9304
0.017548,-0.0079346,4.9316
0.017853,-0.0074768,4.9353
0.019989,-0.0053406,4.9304
0.021057,-0.0013733,4.9146
0.022583,0.0010681,4.9292
0.023804,0.0038147,4.9304
0.024872,0.0021362,4.9341
0.027008,-0.0016785,4.9353
0.030518,-0.0057983,4.9329
0.033112,-0.007782,4.9316
0.033722,-0.0073242,4.9316
0.034027,-0.0061035,4.9329
0.032501,-0.005188,4.9304
0.031433,-0.005188,4.9304
0.028992,-0.007019,4.928
0.028076,-0.0097656,4.928
0.027466,-0.010223,4.9207
0.025635,-0.0086975,4.9219
0.026855,-0.0062561,4.9207
0.028381,-0.0045776,4.9194
0.028992,-0.0036621,4.9011
0.029297,-0.004425,4.9121
0.030212,-0.0045776,4.917
0.031586,-0.004425,4.9158
0.031738,-0.0028992,4.9109
0.031586,-0.00045776,4.9084
0.03067,0.0012207,4.9084
0.028992,0.0018311,4.9084
0.026245,0.002594,4.9097
0.024719,0.0024414,4.906
0.024872,0.002594,4.9133
0.02533,0.0045776,4.895
0.026245,0.0050354,4.9097
0.025787,0.0054932,4.9109
0.028229,0.0048828,4.9121
0.026398,0.0035095,4.9084
0.026398,0.0016785,4.9133
0.026398,-0.00015259,4.9182
0.026093,-0.0016785,4.9158
0.024719,-0.0024414,4.9194
0.023041,-0.0033569,4.9182
0.021057,-0.0022888,4.9207
0.019379,-0.0047302,4.9207
0.018158,-0.0065613,4.928
0.016327,-0.0090027,4.9255
0.019379,-0.010834,4.9316
0.021362,-0.010681,4.9292
0.022278,-0.0099182,4.9341
0.023651,-0.0082397,4.928
0.025024,-0.0059509,4.9316
0.022888,-0.0036621,4.928
0.020599,-0.0028992,4.9329
0.020447,-0.0016785,4.9402
0.020142,-0.0032043,4.9353
0.019531,-0.0083923,4.939
0.018768,-0.012054,4.9365
0.019989,-0.013428,4.9255
0.014801,-0.01358,4.9365
0.01297,-0.012665,4.9329
0.011749,-0.011444,4.9377
0.013733,-0.012207,4.9329
0.015411,-0.01297,4.9292
0.016937,-0.013428,4.9292
0.017395,-0.016022,4.9219
0.017242,-0.011597,4.9255
0.018463,-0.010529,4.9182
0.020599,-0.010376,0.05249
0.024872,-0.0094604,0.05127
0.028687,-0.0073242,0.050049
0.031433,-0.0047302,0.0354
0.029907,-0.0030518,0.046387
0.028992,-0.0015259,0.047607
0.029144,0.0030518,0.045166
0.029297,0.0036621,0.045166
0.030823,0.0036621,0.041504
0.032806,0.00061035,0.037842
0.03418,-0.0033569,0.037842
0.034027,-0.0073242,0.041504
0.034637,-0.010681,0.039063
0.028992,-0.01236,0.039063
0.024872,-0.013428,0.036621
0.02121,-0.013123,0.040283
0.018921,-0.012207,0.037842
0.016632,-0.011139,0.042725
0.014801,-0.010529,0.043945
0.012665,-0.011597,0.045166
0.012207,-0.011597,0.043945
0.013428,-0.011902,0.048828
0.016327,-0.013428,0.067139
0.019226,-0.015717,0.05249
0.021362,-0.017395,0.058594
0.022583,-0.01709,0.050049
0.022583,-0.011749,0.039063
0.021667,-0.0050354,0.057373
0.019989,0.0016785,0.058594
0.018311,0.0074768,0.062256
0.016785,0.0074768,0.061035
0.01709,0.0048828,0.058594
0.01709,0.0028992,0.063477
0.018158,0.00030518,0.057373
0.019073,0.00045776,0.064697
0.019379,0.00076294,0.067139
0.020294,0.0012207,0.067139
0.021515,-0.00091553,0.065918
0.021667,-0.0016785,0.067139
0.022583,-0.0012207,0.073242
0.022583,0.00091553,0.064697
0.022278,0.0012207,0.065918
0.021362,0.0064087,0.062256
0.019531,0.0062561,0.070801
0.019226,0.0050354,0.056152
0.015259,0.0030518,0.064697
0.013123,0.0036621,0.05127
0.0099182,0.0047302,0.05127
0.005188,0.0083923,0.048828
0.0010681,0.011139,0.050049
-0.0036621,0.0093079,0.047607
-0.0042725,0,0.046387
-0.002594,-0.0021362,0.045166
-0.00015259,-0.0082397,0.043945
0.0045776,-0.012512,0.040283
0.0073242,-0.014648,0.045166
0.0083923,-0.013275,0.039063
0.0090027,-0.010529,0.037842
0.0090027,-0.0039673,0.05127
0.0071716,0.0022888,0.042725
0.007782,0.009613,0.047607
0.0073242,0.016937,0.039063
0.007782,0.021667,0.028076
0.0079346,0.025635,0.040283
0.010376,0.02533,0.037842
0.013275,0.022278,0.036621
0.019379,0.017853,0.040283
0.026398,0.011902,0.037842
0.030365,0.0073242,0.043945
0.033722,0.0050354,0.046387
0.030823,0.0053406,0.05127
0.027008,0.0062561,0.048828
0.018921,0.009613,0.058594
0.0097656,0.010071,0.056152
0.0022888,0.0053406,0.059814
-0.00091553,0.0071716,0.056152
-0.0016785,0.0039673,0.059814
0.00030518,0.00045776,3.1177
0.0019836,-0.00015259,4.8218
0.002594,-0.00030518,4.928
0.0039673,0.00091553,4.9304
0.005188,0.0035095,4.9133
0.005188,0.0061035,4.928
0.0097656,0.0074768,4.9292
0.0056458,0.011749,4.9268
0.0022888,0.012817,4.9341
0,0.01358,4.9329
-0.0062561,0.011444,4.9353
-0.0093079,0.0080872,4.9329
-0.0079346,0.0012207,4.9353
-0.0033569,-0.0010681,4.928
0.0038147,-0.0030518,4.9304
0.0097656,-0.0022888,4.9255
0.01297,0.0015259,4.928
0.01358,0.0065613,4.9329
0.014801,0.010681,4.9255
0.014343,0.014038,4.9207
0.016479,0.014343,4.9194
0.018311,0.014191,4.9084
0.020294,0.014648,4.9158
0.022125,0.015259,4.9121
0.022583,0.015564,4.917
0.024414,0.014343,4.9121
0.024567,0.012054,4.9097
0.027771,0.0091553,4.9109
0.031128,0.0059509,4.906
0.031891,0.0021362,4.9133
0.032349,0.0032043,4.906
0.028992,0.0022888,4.9109
0.023651,0.0015259,4.9109
0.019379,-0.00030518,4.9097
0.015717,-0.0033569,4.9048
0.014191,-0.0068665,4.9109
0.01358,-0.007782,4.9182
0.014038,-0.0071716,4.9109
0.01297,-0.00076294,4.9243
0.011902,0.0032043,4.9146
0.010834,0.0053406,4.9097
0.009613,0.0059509,4.9194
0.010834,0.0028992,4.9194
0.014343,-0.00076294,4.9231
0.0177,-0.00076294,4.9146
0.021515,0.00015259,4.9231
0.023346,0.0013733,4.928
0.023804,0.0041199,4.9292
0.024719,0.0053406,4.9316
0.027618,0.0047302,4.9304
0.032043,0.0054932,4.9316
0.03479,0.0064087,4.9341
0.037384,0.007019,4.9316
0.034943,0.0071716,4.9365
0.033112,0.0064087,4.9329
0.030823,0.0047302,4.9329
0.03006,0.0028992,4.9353
0.032196,0.00015259,4.9402
0.031128,-0.0013733,4.9341
0.0354,-0.0042725,4.9292
0.03479,-0.0068665,4.9353
0.031433,-0.0079346,4.9316
0.028687,-0.0073242,4.9292
0.027008,-0.0041199,4.928
0.027618,-0.00091553,4.9231
0.028381,0.0013733,4.9243
0.029449,0.0024414,4.9194
0.029602,0.0010681,4.9219
0.028839,0.00030518,4.9194
0.028839,-0.00076294,4.9194
0.028381,0.00015259,4.9194
0.029602,0.0027466,4.9182
0.031128,0.0028992,4.928
0.031738,0.00045776,1.2097
0.031128,-0.0048828,0.050049
0.028839,-0.0099182,0.041504
0.025024,-0.010681,0.024414
0.021515,-0.0088501,0.0354
0.019836,-0.0050354,0.041504
0.019226,-0.00045776,0.0354
0.019836,0.0039673,0.041504
0.02182,0.0057983,0.03418
0.019836,0.0067139,0.040283
0.026398,0.0074768,0.040283
0.027618,0.0074768,0.041504
0.028076,0.0085449,0.039063
0.030518,0.0074768,0.046387
0.032349,0.0050354,0.042725
0.034485,0.0022888,0.05127
0.035095,0.00045776,0.061035
0.033417,-0.00045776,0.05249
0.031586,0.00015259,0.05249
0.028381,0.0010681,0.057373
0.027313,0.0024414,0.054932
0.027161,0.0030518,0.057373
0.027008,0.002594,0.050049
0.027618,0.00030518,0.059814
0.027924,-0.0030518,0.059814
0.025482,-0.0068665,0.057373
0.023651,-0.010681,0.061035
0.022583,-0.013123,0.061035
0.020905,-0.013275,0.063477
0.016632,-0.009613,0.061035
0.018768,-0.010681,0.067139
0.016174,-0.0097656,0.062256
0.013733,-0.007782,0.067139
0.011139,-0.0076294,0.065918
0.0088501,-0.0061035,0.064697
0.011749,-0.0042725,0.072021
0.015717,-0.00045776,0.068359
0.019073,0.0032043,0.06958
0.02121,0.0056458,0.058594
0.025024,0.0068665,0.046387
0.024567,0.0086975,0.056152
0.023804,0.007782,0.05127
0.022736,0.0064087,0.050049
0.023041,0.0041199,0.050049
0.030975,0.00030518,0.048828
0.026093,-0.0022888,0.043945
0.026245,-0.0053406,0.046387
0.025482,-0.0073242,0.046387
0.023499,-0.0091553,0.040283
0.022888,-0.010376,0.045166
0.022888,-0.012054,0.040283
0.024719,-0.014496,0.042725
0.025635,-0.014801,0.039063
0.024567,-0.015106,0.041504
0.026093,-0.014191,0.037842
0.024261,-0.012207,0.037842
0.02533,-0.010834,0.029297
0.024261,-0.010071,0.039063
0.028229,-0.0097656,0.029297
0.03067,-0.0094604,0.037842
0.03006,-0.0086975,0.037842
0.029449,-0.0053406,0.040283
0.026855,0.00091553,0.042725
0.025482,0.0047302,0.043945
0.025024,0.0073242,0.048828
0.02655,0.0057983,0.047607
0.028229,0.0053406,0.05249
0.030975,0.0027466,0.05127
0.033112,0.0024414,0.057373
0.034485,0.0024414,0.056152
0.035248,0.0015259,0.062256
0.036621,-0.00015259,0.072021
0.037079,-0.0033569,0.061035
0.038452,-0.0061035,0.064697
0.037384,-0.0083923,0.062256
0.03418,-0.0083923,0.046387
0.026398,-0.0053406,0.059814
0.024567,-0.0015259,3.4705
0.020447,0.0016785,4.8425
0.017853,0.0039673,4.9243
0.016632,0.0048828,4.9304
0.017395,0.0053406,4.9353
0.016937,0.0045776,4.9329
0.017548,0.005188,4.9341
0.0177,0.0083923,4.9292
0.017548,0.010834,4.9341
0.016785,0.01236,4.928
0.015717,0.011292,4.9304
0.01236,0.0076294,4.9329
0.012054,0.0039673,4.9255
0.010223,-0.00091553,4.928
0.0068665,-0.0036621,4.9194
0.0053406,-0.0045776,4.9304
0.0045776,-0.0054932,4.9182
0.0047302,-0.0059509,4.9023
0.0082397,-0.0062561,4.9158
0.010834,-0.0062561,4.9158
0.013123,-0.0073242,4.9097
0.01358,-0.0064087,4.9133
0.014343,-0.0061035,4.9011
0.013733,-0.0059509,4.9109
0.014343,-0.0050354,4.9048
0.015869,-0.0032043,4.9072
0.018463,-0.00015259,4.9084
0.021515,0.0035095,4.9146
0.023041,0.0062561,4.9109
0.022125,0.0093079,4.9133
0.024261,0.011749,4.9182
0.023804,0.014496,4.9109
0.025177,0.017395,4.9158
0.027161,0.019531,4.9121
0.030518,0.020294,4.9084
0.029602,0.018768,4.9194
0.029297,0.015259,4.9182
0.028839,0.010681,4.9182
0.026398,0.007019,4.9219
0.023804,0.0039673,4.9243
0.020905,0.0010681,4.9255
0.016174,-0.0027466,4.9255
0.011749,-0.0079346,4.9329
0.0091553,-0.012207,4.9365
0.0030518,-0.014801,4.9304
-0.00061035,-0.014343,4.928
-0.0019836,-0.01297,4.9316
-0.0016785,-0.009613,4.9268
0.00045776,-0.007019,4.9329
0.0039673,-0.0068665,4.9377
0.0064087,-0.0030518,4.9353
0.0094604,-0.0068665,4.9463
0.010223,-0.0019836,4.9377
0.011292,0.0027466,4.9255
0.012207,0.0073242,4.9304
0.014191,0.011902,4.9341
0.016022,0.0088501,4.9329
0.017853,0.0083923,4.9304
0.019379,0.0068665,4.9219
0.021667,0.0068665,4.9268
0.024261,0.010376,4.9219
0.027161,0.013885,4.9231
0.031738,0.015106,4.9158
0.036316,0.013885,4.9194
0.03952,0.0088501,4.9109
0.041351,0.0036621,4.9207
0.041656,-0.0039673,4.9243
0.040131,-0.0042725,4.9146
0.038757,-0.0062561,4.9133
0.037689,-0.007782,4.9121
0.037079,-0.009613,4.8914
0.038147,-0.014038,4.9084
0.040131,-0.018005,4.9109
0.041351,-0.021362,4.9121
0.041504,-0.022736,0.041504
0.03952,-0.020905,0.036621
0.038452,-0.017853,0.041504
0.036163,-0.013885,0.037842
0.035095,-0.011444,0.042725
0.032654,-0.011139,0.037842
0.028229,-0.010529,0.043945
0.024414,-0.009613,0.043945
0.020294,-0.0045776,0.046387
0.018768,0.00015259,0.048828
0.018311,0.0045776,0.05127
0.021362,0.0076294,0.05127
0.025482,0.0059509,0.053711
0.027924,-0.0045776,0.068359
0.03067,-0.00091553,0.057373
0.032959,-0.0038147,0.05249
0.034637,-0.0028992,0.061035
0.035706,-0.0028992,0.062256
0.041809,-0.0016785,0.062256
0.044403,-0.0027466,0.062256
0.045929,-0.0059509,0.059814
0.045166,-0.010071,0.062256
0.043945,-0.014038,0.059814
0.041962,-0.015259,0.061035
0.044708,-0.015259,0.062256
0.046844,-0.014496,0.068359
0.045776,-0.013275,0.067139
0.046387,-0.01358,0.065918
0.04364,-0.015259,0.074463
0.040283,-0.01709,0.067139
0.0383,-0.016632,0.061035
0.035553,-0.014954,0.059814
0.032959,-0.0099182,0.05127
0.03006,-0.0057983,0.05249
0.02655,-0.0016785,0.05127
0.023346,0.0015259,0.05127
0.020905,0.0036621,0.048828
0.020142,0.0039673,0.050049
0.019989,0.0030518,0.046387
0.019073,0.0022888,0.043945
0.018921,-0.00045776,0.045166
0.018768,0.00015259,0.043945
0.019379,-0.00076294,0.042725
0.022125,-0.0022888,0.045166
0.022888,-0.0032043,0.041504
0.02533,-0.0033569,0.036621
0.025177,-0.00045776,0.032959
0.024567,0.0036621,0.05249
0.02533,0.007019,0.039063
0.025177,0.0079346,0.050049
0.02533,0.007782,0.040283
0.023804,0.004425,0.030518
0.021362,0.0019836,0.0354
0.020142,-0.00091553,0.039063
0.018158,-0.0018311,0.040283
0.015564,-0.0022888,0.039063
0.014191,-0.00076294,0.041504
0.01236,-0.0016785,0.048828
0.0097656,-0.0028992,0.047607
0.0054932,-0.0050354,0.05127
0.0059509,-0.0067139,0.048828
0.0035095,-0.0076294,0.058594
0.0028992,-0.0050354,0.057373
0.0022888,-0.0021362,0.061035
0.0024414,-0.00045776,0.075684
0.0045776,-0.0010681,0.061035
0.0064087,-0.0032043,0.061035
0.0082397,-0.0062561,0.063477
0.010986,-0.0080872,0.062256
0.014954,-0.0079346,0.061035
0.01297,-0.0062561,0.06958
0.013275,-0.0076294,0.061035
0.012207,-0.0099182,0.063477
0.011749,-0.01297,0.063477
0.011597,-0.014038,0.065918
0.0097656,-0.013885,0.065918
0.009613,-0.011597,0.072021
0.0085449,-0.010834,4.6179
0.0080872,-0.0091553,4.9097
0.0091553,-0.010223,4.9231
0.010529,-0.010986,4.928
0.012512,-0.010071,4.9268
0.013733,-0.007782,4.9255
0.014954,-0.0036621,4.9341
0.014496,-0.0013733,4.9219
0.013885,-0.0016785,4.928
0.01358,-0.0016785,4.9146
0.014038,-0.0032043,4.9036
0.014496,-0.0027466,4.9146
0.015717,-0.00091553,4.9121
0.01709,0.0018311,4.9133
0.020599,0.0013733,4.9133
0.02182,0.0027466,4.9133
0.025177,0.00076294,4.9097
0.027008,-0.00091553,4.9084
0.027924,-0.0039673,4.9097
0.027008,-0.0013733,4.9109
0.022736,-0.0082397,4.9097
0.020142,-0.011597,4.9097
0.017853,-0.013733,4.9109
0.015717,-0.014343,4.9097
0.014038,-0.012207,4.9109
0.01358,-0.010376,4.9109
0.012665,-0.0076294,4.9133
0.012817,-0.0012207,4.9146
0.01358,-0.0013733,4.9207
0.014954,0.0022888,4.9146
0.015259,0.0053406,4.9133
0.016785,0.0091553,4.9182
0.016937,0.011597,4.928
0.017853,0.010681,4.9255
0.016785,0.010986,4.9243
0.015106,0.004425,4.9329
0.014191,0.0018311,4.9316
0.012054,0.00030518,4.9329
0.011597,0.00091553,4.9304
0.011292,0.0024414,4.9353
0.011139,0.0033569,4.928
0.012054,0.0038147,4.9304
0.011902,0.0039673,4.9438
0.013733,0.0045776,4.9353
0.016174,0.0042725,4.9341
0.018158,0.007019,4.9365
0.020142,0.0086975,4.9146
0.021973,0.0086975,4.9341
0.023651,0.0085449,4.9353
0.024109,0.0028992,4.9316
0.024261,0.00030518,4.9304
0.023651,-0.0030518,4.9255
0.02182,-0.0054932,4.9231
0.019379,-0.0033569,4.9255
0.016632,-0.00030518,4.9231
0.014191,0.0024414,4.9182
0.012054,0.0047302,4.9207
0.011139,0.0056458,4.9182
0.010681,0.0071716,4.9219
0.010986,0.0097656,4.917
0.010376,0.011444,4.9182
0.012207,0.013885,4.9158
0.014801,0.015869,4.9133
0.01709,0.017853,4.9133
0.019226,0.018005,4.9097
0.021057,0.020142,4.9194
0.02243,0.015717,4.9121
0.024109,0.020752,4.9109
0.024719,0.020905,4.9072
0.026245,0.022125,4.9109
0.026855,0.023956,4.9084
0.027313,0.025635,4.9109
0.027008,0.025482,4.9072
0.02655,0.024109,0.039063
0.026093,0.022278,0.042725
0.026855,0.018311,0.047607
0.027008,0.016327,0.048828
0.028687,0.013733,0.050049
0.029297,0.01358,0.061035
0.030365,0.01358,0.056152
0.029907,0.013428,0.064697
0.027771,0.014191,0.058594
0.026703,0.014191,0.050049
0.024414,0.014648,0.061035
0.023499,0.015411,0.056152
0.022736,0.015106,0.059814
0.02182,0.01297,0.062256
0.02121,0.013733,0.059814
0.019989,0.013428,0.062256
0.018616,0.012665,0.058594
0.016937,0.011902,0.064697
0.015106,0.011292,0.062256
0.013733,0.011292,0.064697
0.012665,0.011139,0.065918
0.011597,0.0097656,0.065918
0.0094604,0.0097656,0.068359
0.0093079,0.010223,0.067139
0.0082397,0.010681,0.06958
0.0093079,0.011597,0.061035
0.012207,0.011444,0.072021
0.016632,0.011139,0.054932
0.020905,0.009613,0.062256
0.024261,0.0090027,0.050049
0.026703,0.0068665,0.048828
0.026703,0.0041199,0.048828
0.026855,0.0016785,0.046387
0.02594,-0.0018311,0.043945
0.026398,-0.0050354,0.047607
0.026093,-0.007782,0.041504
0.025482,-0.011139,0.045166
0.025787,-0.013275,0.045166
0.026245,-0.014038,0.042725
0.026855,-0.014038,0.039063
0.027924,-0.012817,0.041504
0.029297,-0.013123,0.054932
0.028992,-0.013123,0.037842
0.028992,-0.012512,0.043945
0.028076,-0.011749,0.039063
0.027008,-0.010681,0.023193
0.02655,-0.0086975,0.036621
0.027618,-0.0071716,0.040283
0.027924,-0.0056458,0.039063
0.029144,-0.0045776,0.041504
0.030975,-0.0045776,0.039063
0.032654,-0.0038147,0.046387
0.035095,-0.0015259,0.047607
0.036621,-0.0027466,0.048828
0.037231,-0.0033569,0.047607
0.037537,-0.0036621,0.057373
0.037231,-0.0057983,0.059814
0.035858,-0.010986,0.058594
0.03479,-0.0086975,0.064697
0.033417,-0.010986,0.061035
0.033112,-0.013275,0.063477
0.033569,-0.015717,0.061035
0.033112,-0.016937,0.075684
0.032806,-0.018463,0.058594
0.031586,-0.019684,0.053711
0.031586,-0.019836,0.061035
0.030823,-0.020142,0.059814
0.030975,-0.019226,0.061035
0.027313,-0.017548,0.068359
0.027771,-0.016937,0.064697
0.025787,-0.015564,0.064697
0.022888,-0.014343,0.063477
0.022888,-0.014191,0.063477
0.021057,-0.012665,0.057373
0.020905,-0.011444,0.058594
0.020142,-0.010376,0.058594
0.021667,-0.0093079,0.054932
0.023804,-0.007019,3.2446
0.02594,-0.004425,4.8181
0.028229,-0.0013733,4.9084
0.031128,-0.00045776,4.9121
0.033417,-0.0016785,4.9097
0.036316,-0.0042725,4.9133
0.036163,-0.0064087,4.9133
0.037689,-0.0083923,4.9109
0.037842,-0.0082397,4.9133
0.036316,-0.0062561,4.9109
0.034485,-0.0067139,4.9121
0.030975,-0.0068665,4.9048
0.028381,-0.0099182,4.9097
0.027618,-0.011444,4.8999
0.026703,-0.01236,4.9133
0.027313,-0.010681,4.9109
0.026703,-0.0082397,4.9146
0.027008,-0.0062561,4.906
0.023956,-0.0030518,4.9109
0.023956,-0.0038147,4.9072
0.022736,-0.0030518,4.9133
0.025787,-0.00045776,4.9219
0.025635,0.0018311,4.917
0.026398,0.0042725,4.9011
0.027008,0.0059509,4.9182
0.027924,0.0057983,4.9207
0.029755,0.0064087,4.9243
0.031738,0.0068665,4.9268
0.033722,0.0088501,4.9243
0.034637,0.009613,4.9341
0.034485,0.0091553,4.9365
0.035706,0.0073242,4.9329
0.035248,0.0030518,4.928
0.034485,-0.00045776,4.9341
0.033569,-0.0013733,4.9292
0.032349,-0.00061035,4.9341
0.030518,0.00061035,4.9426
0.028076,0.00045776,4.9365
0.025177,-0.0013733,4.9353
0.024567,-0.0047302,4.9365
0.019073,-0.007019,4.939
0.017853,-0.0012207,4.9353
0.017395,-0.0027466,4.9304
0.016785,0.00045776,4.9329
0.016632,0.0032043,4.928
0.018005,0.0056458,4.906
0.018463,0.0079346,4.928
0.0177,0.012207,4.9243
0.021057,0.016022,4.9207
0.022583,0.020294,4.917
0.02243,0.024414,4.9207
0.023041,0.022888,4.9207
0.023651,0.022278,4.9182
0.023193,0.020447,4.9146
0.024261,0.018005,4.9182
0.025024,0.016937,4.9231
0.024872,0.015564,4.9158
0.02594,0.01297,4.9231
0.025177,0.0099182,4.9097
0.023193,0.0061035,4.8975
0.022125,0.0054932,4.9133
0.020905,0.0071716,4.9109
0.020294,0.0094604,4.9109
0.022125,0.013275,4.9072
0.022125,0.014343,4.9072
0.02121,0.015259,4.9109
0.019226,0.015411,4.9072
0.017242,0.013123,4.917
0.016785,0.01297,4.9121
0.016022,0.01236,4.917
0.016022,0.01297,4.9194
0.015717,0.012512,4.9207
0.013275,0.011444,4.9268
0.0091553,0.0090027,0.056152
0.007019,0.0079346,0.056152
0.0047302,0.0097656,0.058594
0.0041199,0.0056458,0.061035
0.0057983,0.0088501,0.061035
0.0065613,0.010223,0.048828
0.0079346,0.0099182,0.059814
0.0074768,0.0094604,0.062256
0.0074768,0.004425,0.061035
0.009613,0.0016785,0.056152
0.010834,-0.0030518,0.059814
0.01297,-0.0053406,0.062256
0.015411,-0.0056458,0.062256
0.016937,-0.0050354,0.067139
0.016174,-0.0027466,0.068359
0.016785,-0.00091553,0.065918
0.016632,0.00091553,0.062256
0.018311,0.00030518,0.064697
0.018921,0.00030518,0.074463
0.021362,0.00076294,0.059814
0.024414,0.0015259,0.059814
0.026398,0.0016785,0.053711
0.028229,0.0018311,0.036621
0.030365,0.00091553,0.050049
0.027313,-0.00045776,0.048828
0.024414,-0.0022888,0.050049
0.020294,-0.004425,0.047607
0.016174,-0.0056458,0.042725
0.013123,-0.0059509,0.047607
0.010529,-0.0059509,0.041504
0.0083923,-0.0080872,0.042725
0.0061035,-0.0065613,0.037842
0.0041199,-0.0065613,0.045166
0.007019,-0.0062561,0.040283
0.0085449,-0.0054932,0.039063
0.012665,-0.0045776,0.042725
0.015411,-0.0035095,0.042725
0.015564,-0.0022888,0.042725
0.020905,-0.002594,0.042725
0.021362,-0.0022888,0.031738
0.021973,-0.002594,0.040283
0.02182,-0.0030518,0.023193
0.023193,-0.0024414,0.026855
0.02243,-0.0015259,0.042725
0.021667,0.0018311,0.041504
0.021057,0.0032043,0.048828
0.019531,0.0030518,0.048828
0.020599,0.0021362,0.054932
0.021667,-0.00076294,0.05249
0.024872,-0.0039673,0.058594
0.027771,-0.0041199,0.058594
0.029449,-0.0019836,0.059814
0.029144,0.00061035,0.062256
0.027161,0.0013733,0.062256
0.024261,0.00015259,0.070801
0.022125,-0.0021362,0.061035
0.02121,-0.004425,0.06958
0.021667,-0.0057983,0.059814
0.022736,-0.0042725,0.050049
0.022278,-0.0033569,0.062256
0.023956,-0.0039673,0.064697
0.024872,-0.005188,0.063477
0.026855,-0.0073242,0.067139
0.029297,-0.0093079,0.061035
0.030975,-0.0088501,0.063477
0.031738,-0.0056458,0.061035
0.029907,-0.002594,0.065918
0.027618,-0.00076294,0.056152
0.026703,0.00045776,0.058594
0.024719,0.0012207,0.059814
0.025482,0.0022888,0.054932
0.027313,0.002594,0.05127
0.028534,0.0033569,0.050049
0.030823,0.0024414,0.054932
0.030823,-0.00030518,0.050049
0.031891,-0.0033569,0.053711
0.031281,-0.0073242,0.041504
0.030823,-0.010986,1.3635
0.030212,-0.012512,4.7009
0.027771,-0.012817,4.8938
0.026703,-0.012054,4.9084
0.024872,-0.010834,4.9084
0.023041,-0.009613,4.9048
0.024414,-0.0091553,4.9133
0.025177,-0.0083923,4.9048
0.027313,-0.0071716,4.9097
0.03006,-0.005188,4.9109
0.031891,-0.0032043,4.9084
0.034485,0.00030518,4.9109
0.035858,0.0013733,4.9109
0.03891,0.0032043,4.9243
0.037994,0.00015259,4.9133
0.037689,-0.004425,4.9146
0.036316,-0.0090027,4.9182
0.034332,-0.011597,4.9048
0.032806,-0.011292,4.9207
0.031586,-0.0093079,4.9231
0.031586,-0.0064087,4.9255
0.030975,-0.004425,4.9255
0.03067,-0.004425,4.9255
0.029297,-0.0042725,4.9316
0.028687,-0.004425,4.9341
0.029449,-0.0033569,4.9329
0.029144,-0.00091553,4.928
0.028381,0.00076294,4.9329
0.027466,0.0012207,4.9304
0.02594,-0.00076294,4.9329
0.025177,-0.0030518,4.9353
0.025787,-0.0045776,4.9353
0.027008,-0.0041199,4.9377
0.027771,-0.0021362,4.9365
0.027924,0.0016785,4.9475
0.026855,0.0024414,4.9353
0.025787,0.0027466,4.9231
0.027008,0.00030518,4.9316
0.028076,-0.0021362,4.9292
0.029602,-0.0022888,4.9243
0.030212,-0.00076294,4.9255
0.028687,0.00076294,4.9231
0.025482,0.0016785,4.9207
0.023956,0.0015259,4.9182
0.023804,-0.00091553,4.9194
0.02121,-0.0042725,4.9182
0.021362,-0.007019,4.9158
0.020447,-0.0079346,4.9194
0.019073,-0.0079346,4.9182
0.018768,-0.007782,4.9194
0.018768,-0.0062561,4.9133
0.019836,-0.0065613,4.9146
0.022278,-0.0059509,4.9084
0.023193,-0.0050354,4.9011
0.023956,-0.0016785,4.9109
0.024414,0.0021362,4.9121
0.023499,0.0054932,4.9084
0.023651,0.0053406,4.9072
0.023804,0.0042725,4.9121
0.023651,0.0048828,4.9097
0.023956,0.00015259,4.9097
0.025024,-0.00076294,4.9146
0.02594,0.0013733,4.9109
0.026855,0.0035095,4.9182
0.02655,0.0056458,4.917
0.026398,0.0056458,4.9207
0.024261,0.0042725,4.9207
0.021973,0.0010681,4.9255
0.023346,-0.0012207,4.9255
0.023651,-0.0016785,4.9292
0.023651,0.00015259,4.9377
0.023041,0.00061035,4.9341
0.019989,0.0016785,-0.5249
0.016937,0.00015259,0.059814
0.015869,-0.0015259,0.062256
0.016174,-0.0041199,0.061035
0.018005,-0.005188,0.061035
0.020599,-0.0050354,0.057373
0.021667,-0.0035095,0.063477
0.023346,-0.0036621,0.062256
0.022888,-0.0012207,0.067139
0.02182,-0.0016785,0.073242
0.023499,-0.0022888,0.067139
0.024414,-0.0028992,0.065918
0.025635,0.00015259,0.065918
0.027161,0.005188,0.075684
0.028687,0.0093079,0.059814
0.029602,0.013123,0.054932
0.03006,0.012512,0.046387
0.030823,0.0085449,0.036621
0.033875,0.0036621,0.05127
0.036621,-0.00061035,0.047607
0.037842,-0.002594,0.047607
0.035858,-0.0024414,0.045166
0.032959,0.0010681,0.043945
0.028687,0.0021362,0.041504
0.026093,0.0038147,0.041504
0.024414,0.0050354,0.043945
0.023956,0.0068665,0.039063
0.023651,0.0091553,0.041504
0.02243,0.0099182,0.037842
0.021362,0.010071,0.041504
0.020294,0.007782,0.039063
0.021362,0.0039673,0.041504
0.021515,0.00076294,0.045166
0.022583,-0.00076294,0.039063
0.023193,-0.0010681,0.047607
0.02182,0.00015259,0.036621
0.017395,0.002594,0.029297
0.012512,0.005188,0.043945
0.011597,0.0065613,0.042725
0.011902,0.007782,0.045166
0.013733,0.009613,0.046387
0.016632,0.009613,0.050049
0.018768,0.009613,0.050049
0.018768,0.009613,0.053711
0.017548,0.007019,0.059814
0.016632,0.0047302,0.054932
0.017242,0.0013733,0.061035
0.018768,-0.0018311,0.058594
0.020294,-0.0030518,0.062256
0.022125,-0.002594,0.070801
0.021057,-0.00015259,0.061035
0.019226,0.0013733,0.063477
0.016174,0.0016785,0.062256
0.014191,0.0022888,0.059814
0.014648,0,0.061035
0.015564,-0.00015259,0.063477
0.016632,-0.00015259,0.063477
0.014648,0.0022888,0.065918
0.014954,0.0038147,0.064697
0.012817,0.0053406,0.064697
0.011292,0.0064087,0.059814
0.0088501,0.0086975,0.063477
0.010986,0.010071,0.057373
0.0090027,0.010681,0.058594
0.010376,0.012054,0.054932
0.0088501,0.0076294,0.054932
0.0057983,0.0062561,0.047607
0.0050354,0.0056458,0.05249
0.0053406,0.0064087,0.061035
0.0067139,0.0073242,0.048828
0.0099182,0.0076294,0.056152
0.010986,0.0057983,0.047607
0.011902,0.0042725,0.029297
0.010529,0.0035095,0.040283
0.0093079,0.0048828,0.039063
0.0085449,0.0059509,0.040283
0.0085449,0.0068665,0.040283
0.0090027,0.0062561,0.0354
0.0091553,0.0028992,0.041504
0.0088501,0.0021362,4.5435
0.0079346,-0.00045776,4.8804
0.007019,-0.0016785,4.9023
0.0065613,-0.0028992,4.9109
0.0059509,-0.002594,4.9097
0.0056458,-0.002594,4.9072
0.0036621,-0.00045776,4.9158
0.004425,-0.00030518,4.9146
0.0033569,0.0030518,4.9121
0.0030518,0.0071716,4.9207
0.0019836,0.010071,4.9158
0.0015259,0.010834,4.9207
0.0045776,0.015411,4.9219
0.007782,0.011139,4.9255
0.01236,0.0094604,4.9243
0.014343,0.0083923,4.9304
0.018311,0.0076294,4.9341
0.018158,0.0064087,4.928
0.018463,0.002594,4.9341
0.018616,-0.00061035,4.9292
0.018921,-0.0041199,4.9316
0.019226,-0.0074768,4.928
0.018158,-0.0082397,4.9341
0.018311,-0.0057983,4.9292
0.017395,-0.0042725,4.9353
0.01709,-0.0018311,4.9438
0.0177,0.00015259,4.9377
0.019836,0.00076294,4.9402
0.02182,0.00030518,4.9341
0.022736,0.0048828,4.9158
0.020142,0.0065613,4.9304
0.019379,0.0073242,4.928
0.016174,0.0068665,4.9255
0.014648,0.0036621,4.9255
0.015106,-0.00076294,4.9268
0.014954,-0.0036621,4.9231
0.016022,-0.0045776,4.9158
0.015717,-0.0057983,4.9207
0.015259,-0.0022888,4.9158
0.014954,0.00030518,4.917
0.014954,0.0015259,4.9207
0.01709,0.0016785,4.9194
0.018463,0.0030518,4.9097
0.022278,0.004425,4.9146
0.023956,0.0036621,4.9097
0.025482,0.0038147,4.9097
0.027771,0.0027466,4.9133
0.028229,-0.00091553,4.9109
0.030365,-0.0038147,4.8999
0.032043,-0.0053406,4.9023
0.03479,-0.0050354,4.9048
0.036774,-0.0018311,4.9097
0.038452,0.0013733,4.9109
0.039063,0.0038147,4.906
0.037079,0.0059509,4.9048
0.0354,0.0050354,4.9121
0.034027,0.0050354,4.917
0.035706,0.0053406,4.917
0.037384,0.0050354,4.9207
0.039215,0.0061035,4.9207
0.038757,0.0064087,4.9243
0.037842,0.0064087,4.9402
0.034637,0.0061035,4.928
0.032959,0.0062561,4.9304
0.033264,0.0064087,4.9341
0.032959,0.0079346,4.9182
0.032959,0.0094604,4.928
0.032196,0.010986,4.9292
0.029449,0.01236,4.9268
0.028076,0.014191,4.9304
0.028687,0.014191,4.9292
0.030212,0.01358,0.062256
0.034943,0.014191,0.064697
0.03891,0.01297,0.064697
0.041199,0.013885,0.064697
0.041504,0.013885,0.068359
0.0383,0.014038,0.063477
0.036469,0.01358,0.067139
0.034943,0.013275,0.068359
0.034027,0.012665,0.062256
0.0354,0.012054,0.061035
0.034027,0.011749,0.05127
0.033722,0.0090027,0.064697
0.029755,0.0093079,0.05249
0.028687,0.007019,0.064697
0.027924,0.0036621,0.046387
0.029297,0.00076294,0.045166
0.03067,0.00015259,0.043945
0.030365,-0.00061035,0.043945
0.030365,-0.0038147,0.042725
0.029449,0.0018311,0.043945
0.026855,0.0016785,0.037842
0.02594,0.00061035,0.037842
0.024719,0.00076294,0.039063
0.025024,0.00076294,0.042725
0.027008,0.0024414,0.039063
0.027924,0.005188,0.042725
0.030823,0.0085449,0.048828
0.030975,0.011444,0.041504
0.030518,0.012665,0.047607
0.031281,0.012512,0.037842
0.032654,0.010681,0.031738
0.032654,0.0065613,0.0354
0.035706,0.0041199,0.043945
0.035095,0.0024414,0.041504
0.033417,0.0027466,0.050049
0.029907,0.0032043,0.048828
0.02655,0.0033569,0.05127
0.024261,0.0027466,0.05249
0.023956,0.00030518,0.059814
0.023193,-0.00045776,0.054932
0.02182,-0.0018311,0.063477
0.019073,-0.0016785,0.063477
0.015106,-0.0028992,0.062256
0.011292,-0.004425,0.062256
0.010376,-0.0073242,0.062256
0.012054,-0.0097656,0.064697
0.01358,-0.011139,0.059814
0.014038,-0.0099182,0.072021
0.013733,-0.0068665,0.063477
0.013885,-0.0012207,0.05249
0.014496,0.0024414,0.064697
0.017242,0.0054932,0.067139
0.022125,0.0065613,0.067139
0.027771,0.0050354,0.067139
0.031433,0.0041199,0.059814
0.033417,0.0016785,0.063477
0.033112,0.00015259,0.054932
0.033112,0.00061035,0.057373
0.031738,0.0021362,0.053711
0.032959,0.0028992,0.05127
0.033112,0.0027466,0.05127
0.032043,0.00045776,0.050049
0.029755,-0.002594,0.058594
0.027161,-0.0035095,0.046387
0.025024,-0.0041199,0.042725
0.025177,-0.0028992,0.043945
0.026245,-0.0021362,0.024414
0.027313,-0.00076294,0.039063
0.028076,-0.0016785,0.039063
0.022583,-0.004425,0.039063
0.019073,-0.0068665,0.039063
0.015869,-0.0099182,0.036621
0.015259,-0.010681,0.042725
0.015106,-0.0086975,0.037842
0.015564,-0.0065613,0.037842
0.015717,-0.0054932,0.03418
0.015411,-0.0038147,0.041504
0.015106,-0.0056458,0.039063
0.011139,-0.0073242,1.5747
0.014343,-0.0080872,4.7131
0.014343,-0.0073242,4.8999
0.015106,-0.0062561,4.9182
0.015411,-0.0047302,4.9146
0.016327,-0.005188,4.9329
0.016632,-0.0054932,4.9182
0.0177,-0.0050354,4.9207
0.019531,-0.0039673,4.9255
0.020447,-0.00030518,4.928
0.021057,0.0012207,4.9255
0.020599,0.0012207,4.9329
0.019379,-0.0019836,4.9304
0.021667,-0.0057983,4.9316
0.022278,-0.0086975,4.9304
0.020599,-0.012054,4.9329
0.02243,-0.011597,4.9292
0.02182,-0.010071,4.9316
0.021362,-0.0086975,4.9341
0.020294,-0.0064087,4.9341
0.018158,-0.007782,4.9377
0.019226,-0.0076294,4.9377
0.015869,-0.0053406,4.9341
0.014038,-0.0035095,4.9353
0.010681,-0.00061035,4.9402
0.009613,0.0012207,4.9329
0.0094604,0.0021362,4.9304
0.0097656,0.0027466,4.9255
0.011444,0.00076294,4.9255
0.015106,-0.00045776,4.9243
0.013123,-0.00076294,4.9207
0.012665,-0.00015259,4.9158
0.012665,0.0019836,4.9207
0.015259,0.0054932,4.9182
0.01297,0.0073242,4.9194
0.017548,0.0083923,4.9182
0.019379,0.0079346,4.9194
0.019684,0.0064087,4.9109
0.019989,0.0035095,4.9146
0.020294,0.0033569,4.9243
0.020905,0.0016785,4.9109
0.023956,0.0035095,4.9194
0.025177,0.0032043,4.9097
0.025635,0.0024414,4.8975
0.023804,0.0022888,4.9109
0.02121,-0.00015259,4.9097
0.018158,-0.00045776,4.9097
0.015259,0.0012207,4.9109
0.01297,0.0039673,4.9072
0.011902,0.0061035,4.8999
0.0097656,0.0079346,4.9133
0.010986,0.0071716,4.9158
0.011749,0.0042725,4.9146
0.012512,0.00091553,4.9231
0.01297,-0.00076294,4.9109
0.013428,-0.0016785,4.928
0.012207,-0.0019836,4.9304
0.010681,-0.0024414,4.928
0.009613,-0.0021362,4.928
0.0091553,-0.0021362,4.9316
0.0085449,-0.0019836,4.9353
0.0091553,-0.0010681,4.9329
0.010071,-0.00091553,4.9341
0.012207,0.00015259,4.9304
0.013428,0.00076294,4.9292
0.016022,0,4.9292
0.01709,-0.0010681,4.9341
0.020599,-0.0035095,4.9329
0.021515,-0.0027466,4.9365
0.021667,-0.0015259,4.9353
0.02121,-0.00030518,4.9353
0.020752,0,4.9402
0.020752,-0.0010681,0.065918
0.020142,-0.002594,0.062256
0.020294,-0.002594,0.062256
0.020752,-0.0021362,0.067139
0.019684,-0.0018311,0.053711
0.017853,-0.00015259,0.059814
0.016327,-0.00030518,0.05127
0.016327,-0.0028992,0.039063
0.016022,-0.0056458,0.050049
0.016937,-0.0061035,0.053711
0.019226,-0.0048828,0.043945
0.019989,-0.0027466,0.047607
0.019226,0.00030518,0.042725
0.018921,0,0.041504
0.018005,-0.002594,0.039063
0.018921,-0.0041199,0.040283
0.019684,-0.0090027,0.040283
0.019836,-0.010071,0.041504
0.020905,-0.0086975,0.042725
0.021973,-0.0056458,0.039063
0.023499,-0.0024414,0.037842
0.024567,-0.002594,0.041504
0.02533,0.0015259,0.039063
0.026093,0.00091553,0.037842
0.026245,0,0.040283
0.026245,-0.00061035,0.040283
0.024719,-0.00061035,0.047607
0.025635,0,0.043945
0.025635,0.00015259,0.046387
0.026093,0.0013733,0.047607
0.02655,0.0018311,0.047607
0.027161,0.0012207,0.05249
0.029755,0.0016785,0.059814
0.028992,0.0022888,0.053711
0.027771,0.0018311,0.061035
0.027161,0.0012207,0.061035
0.025177,0.00015259,0.065918
0.024261,-0.00076294,0.054932
0.023041,-0.0012207,0.065918
0.021667,-0.0022888,0.073242
0.021362,-0.0027466,0.062256
0.019836,-0.0013733,0.064697
0.019989,0.00015259,0.061035
0.019989,0.0059509,0.047607
0.019531,0.0085449,0.063477
0.019989,0.010223,0.065918
0.02182,0.010834,0.064697
0.024719,0.0080872,0.064697
0.025024,0.0061035,0.061035
0.026855,0.0045776,0.062256
0.028076,0.0057983,0.057373
0.028992,0.0074768,0.058594
0.025635,0.0080872,0.050049
0.02594,0.0071716,0.054932
0.023651,0.0036621,0.05127
0.023651,0.00045776,0.05127
0.024261,-0.0013733,0.05249
0.022583,-0.0013733,0.047607
0.027771,0.0012207,0.053711
0.02655,0.0045776,0.046387
0.027924,0.0047302,0.048828
0.027313,0.0010681,0.043945
0.024109,-0.00045776,0.028076
0.025024,-0.0022888,0.039063
0.024872,-0.0053406,0.036621
0.024261,-0.0080872,0.036621
0.024261,-0.0059509,0.041504
0.023193,-0.0047302,0.037842
0.024567,-0.00045776,0.039063
0.02594,-0.00061035,0.036621
0.027313,0.0015259,0.041504
0.029297,0.0035095,0.037842
0.028992,0.0032043,0.041504
0.027161,0.0041199,0.047607
0.025482,0.0064087,0.045166
0.024261,0.0047302,0.056152
0.023346,0.0027466,0.048828
0.024261,-0.00091553,0.053711
0.024261,-0.0047302,4.0393
0.023499,-0.0073242,4.8596
0.023804,-0.0071716,4.9194
0.019531,-0.0054932,4.9255
0.017242,-0.0045776,4.9255
0.018158,-0.0028992,4.9292
0.019379,-0.00061035,4.928
0.024109,0.0022888,4.9329
0.023651,0.0071716,4.9304
0.023804,0.0099182,4.9329
0.026245,0.0076294,4.9268
0.028381,0.007782,4.9304
0.032043,0.0056458,4.9353
0.033264,0.0045776,4.9365
0.032959,0.0062561,4.9329
0.032959,0.0068665,4.9402
0.033264,0.007782,4.9426
0.033112,0.0090027,4.9365
0.031433,0.0097656,4.9426
0.028687,0.0091553,4.9329
0.027618,0.0074768,4.9194
0.025177,0.0054932,4.9255
0.023041,0.00091553,4.9231
0.020447,0.00091553,4.9243
0.020294,0.0032043,4.9231
0.016785,0.0047302,4.9158
0.017548,0.0068665,4.9219
0.016479,0.0048828,4.9219
0.015259,0.0050354,4.9146
0.01297,0.0032043,4.9158
0.01236,0.0045776,4.9158
0.013275,0.0042725,4.9146
0.011444,0.0041199,4.9146
0.011139,0.0039673,4.9194
0.010376,0.0035095,4.9109
0.011749,0.0038147,4.9097
0.012054,0.0035095,4.9097
0.014038,0.0041199,4.8938
0.014038,0.0054932,4.9036
0.01297,0.0054932,4.9121
0.011749,0.004425,4.9084
0.010834,0.0039673,4.9084
0.010986,0.0035095,4.9072
0.011139,0.0048828,4.9109
0.011139,0.0041199,4.9109
0.0090027,0.004425,4.917
0.0065613,0.0028992,4.9146
0.0059509,0.0021362,4.9219
0.0062561,0.0028992,4.9097
0.007019,0.0033569,4.928
0.011292,0.004425,4.9255
0.013123,0.0045776,4.928
0.016327,0.005188,4.9316
0.017395,0.0059509,4.9329
0.0177,0.0057983,4.9451
0.016937,0.005188,4.9329
0.016174,0.0035095,4.9194
0.015717,0.0016785,4.9316
0.014801,-0.00015259,4.928
0.014038,-0.0019836,4.9268
0.01297,-0.0019836,4.9304
0.011597,-0.00076294,4.9341
0.010834,0.00015259,4.9365
0.0094604,0.0021362,4.9329
0.010071,0.0018311,4.9377
0.0091553,0.0032043,4.9329
0.009613,0.0050354,4.9365
0.0093079,0.0083923,4.9316
0.009613,0.011292,4.9329
0.009613,0.007782,4.9377
0.0091553,0.0091553,4.9353
0.010834,0.0071716,4.9255
0.011749,0.0048828,0.05249
0.012665,0.0076294,0.047607
0.015106,0.0041199,0.05127
0.015869,0.0061035,0.045166
0.016022,0.0083923,0.042725
0.015259,0.005188,0.047607
0.014191,0.0027466,0.045166
0.011902,0.0012207,0.043945
0.010071,-0.0015259,0.036621
0.0086975,0.00015259,0.041504
0.007782,0.0018311,0.037842
0.0079346,0.0019836,0.041504
0.0076294,0.0028992,0.043945
0.0082397,0.0038147,0.03418
0.0094604,0.005188,0.039063
0.010681,0.0082397,0.039063
0.011139,0.0094604,0.050049
0.014343,0.0080872,0.040283
0.014954,0.005188,0.05127
0.014343,0.0035095,0.032959
0.014343,-0.00015259,0.031738
0.014801,0.0016785,0.040283
0.014343,0.0038147,0.045166
0.014343,0.0053406,0.047607
0.016022,0.0065613,0.05127
0.017242,0.0086975,0.053711
0.017395,0.0062561,0.057373
0.016022,0.0064087,0.057373
0.015869,0.0062561,0.059814
0.018463,0.004425,0.058594
0.021515,0.0036621,0.058594
0.022888,0.0013733,0.058594
0.024414,-0.00076294,0.064697
0.023499,-0.0028992,0.074463
0.023041,-0.0059509,0.064697
0.021362,-0.0083923,0.059814
0.020294,-0.0080872,0.062256
0.018616,-0.0067139,0.06958
0.016174,-0.0064087,0.061035
0.014038,-0.0074768,0.062256
0.011139,-0.0091553,0.067139
0.0093079,-0.010376,0.065918
0.0076294,-0.0086975,0.062256
0.0068665,-0.0042725,0.063477
0.0080872,-0.00015259,0.058594
0.0091553,0.00076294,0.061035
0.011292,0,0.053711
0.013275,-0.0028992,0.054932
0.015717,-0.005188,0.05249
0.018311,-0.0061035,0.05127
0.019989,-0.0061035,0.05127
0.020905,-0.0042725,0.045166
0.019989,-0.0038147,0.058594
0.019989,-0.0045776,0.046387
0.021362,-0.0047302,0.058594
0.022583,-0.005188,0.041504
0.024719,-0.0062561,0.03418
0.024567,-0.0050354,0.037842
0.024109,-0.0035095,0.041504
0.023804,-0.0028992,0.037842
0.023956,-0.00091553,0.039063
0.026855,0.0013733,0.036621
0.026398,0.0028992,0.040283
0.027466,0.004425,0.039063
0.027313,0.0048828,0.041504
0.026093,0.0048828,0.036621
0.024719,0.0039673,0.041504
0.022278,-0.00076294,0.041504
0.022125,0.00076294,0.045166
0.021973,0.00045776,0.043945
0.022278,-0.0015259,0.046387
0.020294,-0.0016785,0.047607
0.022583,-0.0027466,0.045166
0.021362,-0.0042725,0.048828
0.020142,-0.0027466,0.053711
0.019379,-0.0035095,0.046387
0.019836,-0.0022888,0.056152
0.020294,-0.0036621,1.4124
0.022125,0.0024414,4.7229
0.022888,0.0033569,4.9158
0.024261,0.0028992,4.9243
0.024261,-0.00030518,4.9329
0.022583,-0.0039673,4.928
0.025177,-0.0048828,4.9292
0.025635,-0.0056458,4.928
0.026703,-0.0054932,4.9353
0.026245,-0.0057983,4.9329
0.02594,-0.007019,4.9365
0.024872,-0.0064087,4.9487
0.025177,-0.004425,4.9353
0.024872,-0.0024414,4.9402
0.025635,0.00030518,4.9365
0.025787,0.0021362,4.9109
0.025787,0.00045776,4.9255
0.027161,-0.0035095,4.9207
0.026703,-0.0065613,4.9207
0.026398,-0.0082397,4.9243
0.025482,-0.0085449,4.9182
0.026093,-0.0053406,4.9207
0.026093,-0.002594,4.9146
0.02594,-0.00015259,4.9182
0.02243,0.0022888,4.9121
0.023804,0.0024414,4.9146
0.024872,0.0030518,4.917
0.026703,0.0024414,4.9109
0.028381,0.00030518,4.9109
0.03067,0.0021362,4.9146
0.029449,0.0036621,4.9158
0.034027,0.0053406,4.9109
0.035553,0.0042725,4.9146
0.037537,0.0027466,4.9097
0.036469,0.0015259,4.9084
0.036774,-0.00076294,4.9097
0.035248,0.0015259,4.9109
0.033875,0.002594,4.9084
0.03067,0.004425,4.9146
0.029907,0.0021362,4.9109
0.028839,-0.00030518,4.9121
0.027924,-0.0018311,4.9121
0.028229,-0.004425,4.9207
0.028229,-0.0053406,4.9133
0.027618,-0.0061035,4.9231
0.023499,-0.0042725,4.9268
0.019989,-0.0038147,4.9255
0.016937,-0.0042725,4.9402
0.018616,-0.0042725,4.9316
0.019226,-0.0027466,4.9182
0.018005,-0.00076294,4.9329
0.020294,0.0010681,4.928
0.020447,0.0027466,4.9329
0.022125,0.0047302,4.9268
0.024872,0.0057983,4.9304
0.028076,0.0083923,4.9304
0.031586,0.0099182,4.9329
0.032806,0.010986,4.9353
0.034332,0.014038,4.9341
0.034485,0.011139,4.9353
0.033875,0.011444,4.9316
0.032654,0.007782,4.9353
0.032349,0.005188,4.9329
0.030823,0.0062561,4.9316
0.029755,0.010376,4.9316
0.027313,0.011292,4.9329
0.028534,0.015106,4.9329
0.027313,0.018005,4.9255
0.027313,0.020752,4.9316
0.027466,0.016022,4.9231
0.026398,0.014038,4.917
0.023956,0.011444,4.9158
0.022125,0.0091553,0.046387
0.021667,0.007019,0.046387
0.021667,0.0047302,0.046387
0.019531,0.00015259,0.0354
0.016785,-0.0036621,0.043945
0.01236,-0.0056458,0.037842
0.0090027,-0.007782,0.040283
0.0068665,-0.0082397,0.041504
0.0048828,-0.0082397,0.041504
0.0054932,-0.0073242,0.040283
0.007019,-0.005188,0.041504
0.010376,-0.0036621,0.05249
0.014343,-0.00091553,0.041504
0.013733,0.00076294,0.042725
0.014191,0.0028992,0.040283
0.016174,0.0036621,0.025635
0.020599,0.002594,0.040283
0.023956,0.0019836,0.042725
0.025024,0.0013733,0.046387
0.024109,0.00076294,0.046387
0.023193,-0.00045776,0.045166
0.021973,-0.0032043,0.056152
0.020905,-0.0045776,0.057373
0.020142,-0.0032043,0.057373
0.021362,0.0013733,0.059814
0.022125,0.0083923,0.063477
0.021362,0.015106,0.061035
0.02121,0.018463,0.063477
0.018921,0.018921,0.067139
0.018768,0.016174,0.062256
0.017548,0.009613,0.065918
0.017853,0.0042725,0.062256
0.016174,0.00015259,0.075684
0.013885,-0.0015259,0.061035
0.010986,-0.0021362,0.054932
0.0073242,-0.0038147,0.067139
0.0032043,-0.005188,0.064697
-0.0013733,-0.0065613,0.063477
-0.0038147,-0.0035095,0.064697
-0.0057983,0.0019836,0.059814
-0.0056458,0.007019,0.061035
-0.0053406,0.0088501,0.054932
-0.002594,0.0093079,0.054932
0.00045776,0.0073242,0.050049
0.0039673,0.0015259,0.05249
0.0083923,-0.0021362,0.05127
0.013123,-0.0050354,0.05249
0.015564,-0.0041199,0.05249
0.015717,-0.0036621,0.047607
0.012817,-0.0035095,0.043945
0.012207,-0.0019836,0.046387
0.010376,-0.00030518,0.031738
0.011749,0.0010681,0.040283
0.011902,0.0013733,0.040283
0.012817,0.00045776,0.036621
0.014496,-0.0010681,0.041504
0.016785,-0.0036621,0.037842
0.019073,-0.0018311,0.039063
0.021362,-0.0010681,0.036621
0.022888,-0.00015259,0.042725
0.023804,0,0.0354
0.02182,0.00076294,0.043945
0.019073,0.0022888,0.039063
0.01709,0.002594,0.042725
0.01358,0.0030518,0.039063
0.011597,0.0027466,0.042725
0.010376,0.0010681,0.05249
0.0099182,0.00045776,0.048828
0.0097656,-0.00015259,0.061035
0.0094604,0,0.056152
0.010376,0.0013733,0.037842
0.011292,0.0015259,0.056152
0.012817,0.002594,0.061035
0.014038,0.0018311,0.061035
0.015564,0.0022888,0.059814
0.015564,0.0024414,0.059814
0.016937,0.0022888,0.063477
0.017853,0.0018311,0.059814
0.019684,-0.00030518,2.8455
0.021667,-0.0027466,4.8022
0.02121,-0.0048828,4.9219
0.021362,-0.007782,4.9292
0.019684,-0.0091553,4.9353
0.019226,-0.010376,4.9438
0.0177,-0.01236,4.9365
0.018768,-0.011749,4.9353
0.018616,-0.012207,4.9353
0.018158,-0.013733,4.9341
0.019073,-0.016022,4.9268
0.017395,-0.017548,4.9243
0.018311,-0.016632,4.9231
0.020905,-0.012665,4.9243
0.023499,-0.012817,4.9219
0.025024,-0.01236,4.9194
0.024872,-0.010071,4.9194
0.023041,-0.014343,4.917
0.021973,-0.014038,4.9133
0.020599,-0.012207,4.9158
0.021362,-0.0085449,4.9158
0.020905,-0.0032043,4.9146
0.019379,0.00015259,4.9133
0.018158,0,4.9121
0.016174,-0.0021362,4.9219
0.016632,-0.0065613,4.9109
0.018158,-0.0094604,4.9207
0.019684,-0.010223,4.9158
0.02243,-0.0088501,4.8999
0.020599,-0.0054932,4.9109
0.02121,-0.0032043,4.9084
0.021973,-0.002594,4.906
0.023346,-0.0024414,4.9109
0.024719,-0.0033569,4.9109
0.023956,-0.0015259,4.9109
0.024261,0.00045776,4.9158
0.024261,0.0032043,4.9207
0.024414,0.0042725,4.9182
0.023804,0.00091553,4.9182
0.024261,-0.002594,4.9207
0.023956,-0.0067139,4.9243
0.022736,-0.0094604,4.928
0.020905,-0.0080872,4.9292
0.021667,-0.0036621,4.9329
0.022278,0.0016785,4.9292
0.02243,0.0062561,4.9402
0.022278,0.0064087,4.9341
0.021515,0.0033569,4.9304
0.022736,0.00015259,4.9097
0.023804,-0.0033569,4.9329
0.026703,-0.0032043,4.9304
0.027771,-0.0050354,4.9329
0.027313,-0.0091553,4.9341
0.02533,-0.013123,4.9377
0.023651,-0.018005,4.9365
0.023651,-0.016479,4.9353
0.024109,-0.014954,4.9304
0.025024,-0.012207,4.9365
0.024414,-0.0094604,4.9292
0.023193,-0.0080872,4.9329
0.02182,-0.0082397,4.9377
0.020599,-0.0093079,4.9243
0.019836,-0.011597,4.9194
0.020142,-0.0079346,4.9194
0.019836,-0.0056458,4.9036
0.019836,-0.0036621,4.9146
0.019379,-0.0018311,4.9182
0.018768,0.0035095,4.917
0.018005,0.0032043,4.9146
0.016479,0.0038147,4.906
0.018463,0.0039673,4.9158
0.022125,0.0059509,4.9109
0.024719,0.0086975,4.9133
0.027313,0.011902,0.037842
0.031281,0.013123,0.046387
0.032806,0.010834,0.040283
0.033875,0.0022888,0.040283
0.034943,-0.0033569,0.037842
0.033112,-0.009613,0.040283
0.036011,-0.011292,0.041504
0.034637,-0.0088501,0.043945
0.032654,-0.0050354,0.041504
0.029144,-0.0033569,0.042725
0.02533,-0.0053406,0.042725
0.022736,-0.0090027,0.046387
0.019531,-0.011139,0.048828
0.018158,-0.0097656,0.047607
0.017853,-0.0061035,0.054932
0.016937,-0.0019836,0.053711
0.018311,0.0015259,0.058594
0.018158,0.0048828,0.059814
0.018311,0.002594,0.054932
0.016937,-0.002594,0.057373
0.019379,-0.0061035,0.063477
0.02121,-0.0099182,0.061035
0.020599,-0.011139,0.064697
0.02121,-0.010223,0.068359
0.022278,-0.0073242,0.063477
0.016937,-0.0053406,0.068359
0.016632,-0.0039673,0.062256
0.018158,-0.0030518,0.056152
0.020294,-0.0033569,0.061035
0.025024,-0.0039673,0.064697
0.028534,-0.0010681,0.065918
0.032196,0.0021362,0.064697
0.033722,0.0047302,0.059814
0.035553,0.0053406,0.058594
0.035858,0.0018311,0.057373
0.036316,-0.0024414,0.057373
0.036774,-0.0068665,0.048828
0.033569,-0.0071716,0.05249
0.029755,-0.0048828,0.053711
0.023193,-0.00030518,0.047607
0.020294,0.0033569,0.046387
0.0177,0.0033569,0.047607
0.019379,0.0041199,0.05127
0.020905,0.0047302,0.043945
0.022888,0.0083923,0.050049
0.023651,0.014191,0.045166
0.020599,0.020447,0.047607
0.016479,0.020294,0.039063
0.011749,0.0177,0.040283
0.0067139,0.015411,0.037842
0.0018311,0.01709,0.0354
-0.0013733,0.023346,0.036621
-0.0033569,0.033264,0.042725
-0.0032043,0.045929,0.036621
0.00015259,0.054321,0.041504
0.0054932,0.055084,0.037842
0.014038,0.047302,0.042725
0.020905,0.0383,0.041504
0.028229,0.029449,0.045166
0.034027,0.025177,0.064697
0.039215,0.022736,0.048828
0.041656,0.019684,0.05127
0.040588,0.012817,0.054932
0.041656,0.0073242,0.041504
0.035706,0.004425,0.057373
0.025787,0.0057983,0.057373
0.01297,0.0097656,0.058594
-0.0016785,0.014648,0.061035
-0.015106,0.012207,0.057373
-0.025787,0.004425,0.062256
-0.027466,-0.011139,0.061035
-0.026703,-0.024414,0.058594
-0.025024,-0.03418,0.058594
-0.023499,-0.040588,0.065918
-0.02182,-0.039368,0.064697
-0.017242,-0.032959,0.063477
-0.016632,-0.023041,0.06958
-0.0088501,-0.0067139,0.075684
-0.0016785,0.0091553,4.6277
0.0065613,0.021973,4.9146
0.013885,0.028992,4.939
0.020447,0.028229,4.9292
0.02533,0.022278,4.9207
0.028839,0.0099182,4.9255
0.031738,-0.00030518,4.9231
0.03479,-0.0054932,4.9182
0.037689,-0.0061035,4.9207
0.032654,-0.0018311,4.895
0.036163,0.0038147,4.9182
0.032501,0.0090027,4.9146
0.028229,0.013733,4.917
0.024109,0.018768,4.9109
0.023041,0.023499,4.9133
0.022583,0.028229,4.9194
0.023193,0.027008,4.9146
0.025177,0.023346,4.9121
0.025024,0.018158,4.9109
0.02243,0.013123,4.9109
0.016479,0.0083923,4.9109
0.010834,0.0059509,4.9048
0.0059509,0.0042725,4.9121
0.0030518,0.0010681,4.9072
0.0019836,-0.0030518,4.9072
0.0012207,-0.0099182,4.8999
-0.0015259,-0.0093079,4.9109
-0.002594,-0.0093079,4.9109
-0.0038147,-0.010681,4.9109
-0.0013733,-0.013885,4.9194
0.0032043,-0.018311,4.917
0.010376,-0.023804,4.9207
0.017853,-0.027618,4.9219
0.023193,-0.028076,4.9268
0.026093,-0.026093,4.9255
0.025482,-0.023193,4.9292
0.026093,-0.02121,4.9377
0.029449,-0.018005,4.9329
0.032196,-0.016937,4.939
0.035706,-0.015411,4.9316
0.039368,-0.014191,4.9109
0.040588,-0.01297,4.9329
0.041199,-0.011749,4.9304
0.039063,-0.013885,4.9329
0.037994,-0.016479,4.9304
0.035858,-0.018158,4.9304
0.035248,-0.019531,4.9353
0.035248,-0.017853,4.9316
0.03479,-0.01358,4.9365
0.03418,-0.0086975,4.9304
0.033722,-0.0056458,4.9341
0.034332,-0.0035095,4.9304
0.035858,-0.0033569,4.9304
0.035248,-0.0071716,4.9353
0.032196,-0.0057983,4.9268
0.027008,-0.0085449,4.9207
0.014648,-0.009613,4.9231
0.0036621,-0.0097656,4.9048
-0.0064087,-0.0090027,4.9146
-0.0094604,-0.0035095,4.9146
-0.0082397,0.0016785,4.9158
-0.0021362,0.007019,4.9146
0.0050354,0.012817,4.8938
0.012207,0.018311,4.9133
0.017395,0.022125,4.9121
0.019684,0.024414,4.9121
0.020599,0.021057,4.9048
0.018463,0.016022,4.9158
0.016785,0.0085449,4.9121
0.01297,0.00091553,4.9133
0.010529,-0.0053406,4.9084
0.010681,-0.0054932,4.9109
0.014496,-0.0061035,4.9207
0.021973,-0.0054932,0.041504
0.032806,-0.0041199,0.053711
0.042267,-0.0048828,0.042725
0.04776,-0.007019,0.0354
0.047913,-0.011139,0.046387
0.042877,-0.014801,0.047607
0.03479,-0.017853,0.041504
0.02594,-0.018921,0.05127
0.017853,-0.018463,0.05127
0.01358,-0.017853,0.058594
0.010986,-0.015411,0.056152
0.012665,-0.013123,0.064697
0.017242,-0.010529,0.059814
0.02121,-0.0057983,0.064697
0.027466,-0.0012207,0.065918
0.032196,0.0022888,0.064697
0.036316,0.0047302,0.070801
0.036011,0.004425,0.061035
0.031891,0.0015259,0.062256
0.02594,0.0018311,0.064697
0.019531,0.0021362,0.070801
0.012665,0.0071716,0.064697
0.010529,0.014496,0.063477
0.011444,0.022888,0.062256
0.015869,0.03067,0.065918
0.021973,0.0354,0.059814
0.027313,0.037689,0.047607
0.030823,0.035553,0.053711
0.031128,0.031891,0.056152
0.029297,0.024872,0.050049
0.025635,0.015106,0.05127
0.022888,0.0056458,0.053711
0.017395,-0.0048828,0.050049
0.014801,-0.013428,0.046387
0.010834,-0.017242,0.050049
0.007019,-0.019226,0.058594
0.0053406,-0.016937,0.046387
0.0042725,-0.01358,0.053711
0.0059509,-0.011139,0.042725
0.0097656,-0.010529,0.030518
0.013275,-0.0177,0.036621
0.016479,-0.023499,0.040283
0.018463,-0.02594,0.039063
0.018768,-0.027313,0.040283
0.019073,-0.029144,0.036621
0.019531,-0.03006,0.041504
0.021515,-0.032043,0.039063
0.022736,-0.033112,0.037842
0.024109,-0.031128,0.036621
0.025024,-0.028076,0.041504
0.025635,-0.021515,0.041504
0.026093,-0.015869,0.045166
0.028687,-0.010529,0.05249
0.033264,-0.0073242,0.048828
0.035858,-0.0057983,0.05249
0.045471,-0.0059509,0.054932
0.050964,-0.0062561,0.056152
0.051575,-0.0041199,0.056152
0.050659,-0.0012207,0.057373
0.046997,0.002594,0.058594
0.046082,0.0079346,0.059814
0.044708,0.011139,0.061035
0.044403,0.014038,0.061035
0.042877,0.016022,0.061035
0.040588,0.018158,0.063477
0.037994,0.020294,0.057373
0.035248,0.022736,0.063477
0.032959,0.023804,0.062256
0.032196,0.024414,0.065918
0.028229,0.024261,0.065918
0.025787,0.023499,0.068359
0.023499,0.022736,0.075684
0.016937,0.021057,0.067139
0.01297,0.020294,0.068359
0.010071,0.019073,0.061035
0.011139,0.017395,0.047607
0.017242,0.015106,0.059814
0.018921,0.0099182,4.6045
0.023041,0.0028992,4.8962
0.025635,-0.0027466,4.9194
0.021515,-0.0091553,4.9182
0.019684,-0.014496,4.9158
0.017242,-0.018158,4.9158
0.015869,-0.019531,4.9182
0.015106,-0.0177,4.9109
0.012665,-0.016022,4.9158
0.010529,-0.015411,4.9146
0.009613,-0.014038,4.9146
0.010223,-0.011749,4.9084
0.014191,-0.0088501,4.9121
0.019379,-0.0048828,4.9133
0.025177,-0.0012207,4.9109
0.028076,0.0012207,4.9146
0.028534,0.0033569,4.9097
0.027466,0.0045776,4.9109
0.022888,0.0054932,4.9097
0.020752,0.0062561,4.9097
0.019836,0.0071716,4.9109
0.02182,0.0068665,4.9097
0.019379,0.0067139,4.9097
0.022583,0.0050354,4.9158
0.024261,0.00045776,4.917
0.02594,0.0032043,4.9207
0.026398,0.002594,4.9194
0.025635,0.0019836,4.9243
0.023956,0.0010681,4.9243
0.021515,0.0030518,4.928
0.018158,0.0018311,4.9426
0.013733,0.0022888,4.9304
0.010071,0.0048828,4.9316
0.0073242,0.0080872,4.9353
0.0068665,0.012054,4.9231
0.007782,0.013885,4.9316
0.010834,0.014038,4.9316
0.012817,0.011597,4.9316
0.016479,0.007782,4.9292
0.018005,0.0039673,4.9292
0.020905,0.00076294,4.9377
0.02182,-0.00061035,4.9329
0.023956,-0.0024414,4.939
0.025482,-0.0059509,4.9304
0.02655,-0.0088501,4.9353
0.026245,-0.012665,4.9292
0.027161,-0.016174,4.9292
0.027313,-0.017853,4.9341
0.028839,-0.018768,4.9292
0.028076,-0.018005,4.9292
0.028992,-0.014191,4.9231
0.03006,-0.0099182,4.9292
0.030823,-0.0061035,4.9207
0.031281,-0.0027466,4.9231
0.030975,-0.0013733,4.9158
0.030518,-0.00045776,4.9121
0.03006,0.0028992,4.9133
0.029449,0.0059509,4.9121
0.029449,0.0082397,4.9097
0.027771,0.0093079,4.9109
0.028687,0.0082397,4.9097
0.026703,0.0047302,4.9146
0.02655,0.0019836,4.9084
0.024872,0.0018311,4.9133
0.023804,0.0047302,4.9097
0.024872,0.0088501,4.9121
0.023651,0.012207,4.917
0.02243,0.012665,4.9121
0.020294,0.011444,4.9158
0.016327,0.0091553,4.9121
0.01236,0.0085449,4.9011
0.0088501,0.011597,4.9158
0.0074768,0.014038,4.9158
0.0086975,0.015106,0.043945
0.010529,0.014954,0.05249
0.01358,0.0097656,0.05249
0.014801,0.0053406,0.058594
0.014343,0.0013733,0.057373
0.015259,0.00045776,0.063477
0.014496,0.00061035,0.059814
0.014648,0.00045776,0.061035
0.015259,-0.0016785,0.064697
0.015106,-0.0057983,0.064697
0.015411,-0.010834,0.059814
0.014648,-0.014343,0.063477
0.014038,-0.015259,0.063477
0.017853,-0.013885,0.062256
0.021667,-0.012817,0.072021
0.028229,-0.01236,0.065918
0.033264,-0.013733,0.059814
0.037842,-0.015564,0.067139
0.039368,-0.017395,0.062256
0.03952,-0.019073,0.062256
0.039368,-0.01709,0.063477
0.03891,-0.015411,0.056152
0.037842,-0.014343,0.058594
0.036469,-0.013885,0.053711
0.03418,-0.014343,0.05249
0.032043,-0.013733,0.050049
0.030518,-0.013733,0.05249
0.028839,-0.012054,0.046387
0.027466,-0.0097656,0.048828
0.027618,-0.0079346,0.058594
0.025024,-0.0082397,0.048828
0.023956,-0.0067139,0.045166
0.023804,-0.0038147,0.045166
0.02655,-0.00061035,0.029297
0.022888,0.004425,0.036621
0.023499,0.0082397,0.037842
0.023499,0.011902,0.037842
0.023804,0.014191,0.039063
0.023804,0.014801,0.037842
0.025024,0.013885,0.046387
0.026245,0.011139,0.037842
0.028381,0.0091553,0.039063
0.027618,0.0085449,0.039063
0.02655,0.0048828,0.045166
0.02243,-0.00015259,0.040283
0.024261,-0.0071716,0.046387
0.024414,-0.013428,0.047607
0.026398,-0.017242,0.048828
0.024719,-0.018311,0.048828
0.023193,-0.015717,0.054932
0.022583,-0.012512,0.065918
0.020142,-0.010071,0.054932
0.017853,-0.0074768,0.05127
0.016785,-0.0076294,0.059814
0.014801,-0.0086975,0.058594
0.013275,-0.0085449,0.059814
0.013428,-0.0061035,0.062256
0.013123,-0.0053406,0.057373
0.014496,-0.0024414,0.064697
0.015259,0.0019836,0.061035
0.016632,0.0041199,0.064697
0.018768,0.0047302,0.058594
0.019073,0.0038147,0.065918
0.019531,0.0022888,0.06958
0.016479,0.0032043,0.065918
0.014343,-0.00030518,0.074463
0.011292,0.0021362,0.067139
0.0093079,0.00076294,0.062256
0.007782,-0.0024414,0.062256
0.0073242,-0.0039673,0.053711
0.0079346,-0.010071,0.05127
0.0099182,-0.004425,0.053711
0.012665,-0.0018311,0.048828
0.016022,-0.0041199,0.050049
0.018005,0.00076294,0.046387
0.019531,-0.00015259,0.050049
0.020752,-0.002594,0.042725
0.021973,-0.0053406,2.5452
0.021057,-0.0074768,4.7693
0.02182,-0.0057983,4.8999
0.022278,-0.0041199,4.9109
0.020294,-0.00061035,4.9133
0.020294,0.00030518,4.9011
0.019073,-0.0012207,4.9097
0.020447,-0.0028992,4.9207
0.021515,-0.0064087,4.9097
0.021362,-0.0038147,4.9158
0.023651,-0.0016785,4.9194
0.023804,0.0022888,4.8999
0.026093,0.0032043,4.906
0.028534,0.0041199,4.9097
0.033112,0.0038147,4.9109
0.037842,0.0047302,4.9121
0.041199,0.0071716,4.9072
0.042877,0.010834,4.9158
0.04303,0.014191,4.9158
0.042572,0.013885,4.9194
0.040131,0.011139,4.9207
0.037994,0.0065613,4.9219
0.036163,-0.00045776,4.928
0.033875,-0.004425,4.9292
0.030823,-0.0053406,4.9402
0.026703,-0.0057983,4.9304
0.023651,-0.0062561,4.9292
0.022125,-0.0061035,4.9353
0.019531,-0.0059509,4.939
0.019073,-0.0056458,4.9329
0.017395,-0.0036621,4.9207
0.017395,-0.00076294,4.9329
0.01236,0.002594,4.9304
0.011749,0.0042725,4.9219
0.012054,0.0050354,4.9353
0.014801,0.0042725,4.9353
0.0177,0.0016785,4.9365
0.020752,-0.0015259,4.9304
0.022583,-0.0068665,4.9341
0.023956,-0.0067139,4.9304
0.024567,-0.0056458,4.9353
0.025482,-0.0042725,4.9268
0.024414,-0.0038147,4.928
0.023041,-0.0030518,4.9316
0.02182,-0.002594,4.9219
0.019989,-0.00061035,4.9243
0.017548,0.0024414,4.9207
0.015717,0.0083923,4.8999
0.012054,0.014343,4.9158
0.013885,0.020142,4.9158
0.014343,0.023956,4.9109
0.015411,0.02594,4.9146
0.015717,0.024872,4.9121
0.016174,0.022583,4.9023
0.015869,0.021362,4.9084
0.016632,0.021057,4.9109
0.017395,0.019226,4.9084
0.018921,0.016174,4.9146
0.018768,0.012665,4.9158
0.018005,0.0093079,4.8962
0.015564,0.0032043,4.9121
0.013123,0.0013733,4.9109
0.010529,-0.0019836,4.9072
0.007019,-0.0054932,4.9084
0.0027466,-0.0086975,4.9146
0,-0.010986,4.9109
-0.0028992,-0.014343,4.9109
-0.00030518,-0.016174,4.9194
0.00030518,-0.018463,4.9207
0.0019836,-0.019989,4.9194
0.0039673,-0.016937,4.9268
0.0067139,-0.013123,4.9268
0.0094604,-0.0071716,4.9365
0.016327,0.0032043,0.057373
0.023804,0.010681,0.061035
0.031433,0.015564,0.062256
0.036621,0.019684,0.063477
0.041656,0.020905,0.062256
0.042572,0.021515,0.062256
0.046539,0.023193,0.075684
0.04715,0.022888,0.062256
0.04715,0.021973,0.068359
0.046539,0.019836,0.068359
0.045929,0.016022,0.047607
0.04364,0.012054,0.064697
0.040283,0.0094604,0.065918
0.035858,0.0090027,0.062256
0.03067,0.0079346,0.061035
0.02594,0.0094604,0.054932
0.02182,0.010681,0.053711
0.018463,0.01297,0.053711
0.016022,0.017853,0.054932
0.011749,0.019989,0.048828
0.0071716,0.020447,0.05249
0.0035095,0.01709,0.048828
0.00091553,0.01236,0.05127
-0.00030518,0.0082397,0.050049
-0.002594,0.0024414,0.047607
-0.00076294,-0.0039673,0.047607
-0.00061035,-0.0091553,0.041504
-0.00030518,-0.014954,0.039063
0.00030518,-0.019531,0.039063
0.0012207,-0.022125,0.05127
0.0032043,-0.021362,0.039063
0.005188,-0.018463,0.040283
0.007019,-0.012665,0.037842
0.010071,-0.0086975,0.045166
0.014343,-0.0059509,0.0354
0.018616,-0.0045776,0.041504
0.023499,-0.0074768,0.036621
0.027313,-0.0086975,0.040283
0.030823,-0.0085449,0.039063
0.034027,-0.0073242,0.043945
0.037384,-0.0038147,0.046387
0.039673,-0.0018311,0.047607
0.042419,-0.0018311,0.061035
0.042725,-0.0030518,0.053711
0.041504,-0.0062561,0.065918
0.03952,-0.0091553,0.056152
0.037384,-0.012054,0.05127
0.035248,-0.014343,0.061035
0.03418,-0.0177,0.061035
0.032349,-0.019989,0.057373
0.032196,-0.02121,0.061035
0.032043,-0.021057,0.061035
0.032196,-0.020294,0.061035
0.032501,-0.018158,0.059814
0.033112,-0.015259,0.064697
0.033875,-0.012054,0.058594
0.032654,-0.0074768,0.065918
0.032654,-0.0032043,0.067139
0.030212,0.00045776,0.067139
0.028839,0.0042725,0.067139
0.026703,0.0088501,0.068359
0.026093,0.011292,0.067139
0.02594,0.014191,0.062256
0.02533,0.016479,0.070801
0.024567,0.017242,0.057373
0.023956,0.016327,0.056152
0.023193,0.015106,0.050049
0.022888,0.011902,0.05127
0.022736,0.0079346,0.05127
0.023346,0.0097656,0.045166
0.023499,0.0045776,0.046387
0.024414,0.0038147,0.047607
0.024567,0.0042725,0.041504
0.025482,0.0028992,0.046387
0.026398,0.0010681,0.041504
0.027008,-0.0027466,0.043945
0.027618,-0.0074768,0.037842
0.02594,-0.010529,0.039063
0.024414,-0.012665,4.3835
0.019531,-0.014648,4.8743
0.01709,-0.016327,4.9072
0.013428,-0.017242,4.9084
0.010529,-0.0177,4.8914
0.0083923,-0.017395,4.9084
0.0079346,-0.014801,4.9097
0.0076294,-0.010681,4.9109
0.0083923,-0.007019,4.9109
0.0093079,-0.0054932,4.9109
0.012054,-0.0068665,4.9158
0.014038,-0.007019,4.9158
0.016632,-0.0064087,4.9121
0.018311,-0.0050354,4.9158
0.020905,-0.0012207,4.9255
0.02182,0.0021362,4.9255
0.023804,0.0022888,4.928
0.02533,0.00030518,4.9292
0.024719,0.0010681,4.9304
0.027161,0.0015259,4.9341
0.029449,0.0013733,4.9341
0.029907,0.0045776,4.9451
0.034943,0.0059509,4.917
0.0354,0.0045776,4.9194
0.035858,0.0080872,4.9292
0.035095,0.0079346,4.9292
0.033417,0.0067139,4.9292
0.032196,0.0059509,4.9353
0.029144,0.0053406,4.9377
0.026703,0.00045776,4.9377
0.023499,0.0053406,4.9255
0.022125,0.0036621,4.9353
0.021667,-0.00015259,4.9304
0.02121,-0.005188,4.9316
0.019379,-0.007782,4.9255
0.014343,-0.0083923,4.9304
0.014191,-0.0097656,4.928
0.013885,-0.0019836,4.9219
0.016174,-0.0065613,4.9194
0.018158,-0.0097656,4.9194
0.018311,-0.015564,4.9109
0.016937,-0.023651,4.9158
0.020447,-0.024261,4.9146
0.023499,-0.023804,4.9048
0.026855,-0.024719,4.9182
0.027924,-0.023346,4.9121
0.029144,-0.021515,4.9109
0.030518,-0.017548,4.906
0.0354,-0.015411,4.9146
0.03891,-0.0091553,4.906
0.041504,-0.0067139,4.9109
0.043488,-0.0024414,4.9109
0.044403,0.0039673,4.9133
0.046692,0.010529,4.9072
0.048523,0.016479,4.9109
0.049591,0.018616,4.9194
0.048828,0.018463,4.9133
0.04776,0.018768,4.9207
0.046539,0.018768,4.917
0.045319,0.018768,4.8999
0.043945,0.020905,4.9207
0.041809,0.023804,4.9207
0.037842,0.024109,4.9255
0.033112,0.022583,4.9231
0.027924,0.020599,4.9268
0.023346,0.015259,4.9329
0.022125,0.01358,4.9304
0.020905,0.010529,4.9329
0.018616,0.0085449,4.9304
0.016785,0.0057983,4.9353
0.013885,0.0024414,4.9231
0.012207,-0.0013733,4.9316
0.010681,-0.0038147,0.075684
0.011139,-0.0059509,0.063477
0.010986,-0.005188,0.062256
0.010986,-0.0033569,0.067139
0.010986,-0.002594,0.074463
0.010071,-0.005188,0.065918
0.009613,-0.0065613,0.064697
0.0073242,-0.0083923,0.065918
0.0088501,-0.0091553,0.065918
0.0083923,-0.0082397,0.056152
0.0086975,-0.0076294,0.057373
0.009613,-0.0056458,0.05249
0.011444,-0.004425,0.053711
0.012512,-0.0021362,0.05127
0.014954,-0.0018311,0.046387
0.018921,0.0019836,0.047607
0.024719,0.0048828,0.050049
0.030365,0.007782,0.047607
0.036163,0.0099182,0.046387
0.039673,0.010834,0.054932
0.041351,0.011749,0.042725
0.041656,0.010071,0.053711
0.039368,0.0080872,0.041504
0.036926,0.0059509,0.031738
0.035248,0.004425,0.037842
0.03479,0.0032043,0.037842
0.033417,0.0036621,0.036621
0.031281,0.0030518,0.040283
0.027161,0.00045776,0.036621
0.022888,-0.00061035,0.040283
0.020447,-0.00061035,0.037842
0.016937,0.0010681,0.043945
0.014648,0.0039673,0.039063
0.011444,0.0083923,0.043945
0.0047302,0.010071,0.047607
0.0027466,0.010986,0.047607
-0.0010681,0.012054,0.053711
-0.002594,0.0094604,0.05127
-0.00091553,0.0065613,0.057373
0.0030518,0.0067139,0.058594
0.0079346,0.0079346,0.059814
0.013733,0.0062561,0.059814
0.018005,0.007019,0.05249
0.022888,0.0016785,0.059814
0.026855,-0.002594,0.063477
0.029755,-0.0038147,0.059814
0.030975,-0.002594,0.058594
0.028992,0.0012207,0.057373
0.026398,0.0045776,0.064697
0.021515,0.0064087,0.062256
0.017242,0.005188,0.072021
0.015259,0.0039673,0.067139
0.015564,0.0027466,0.06958
0.0177,0.004425,0.062256
0.022278,0.007782,0.065918
0.026855,0.0094604,0.076904
0.03006,0.0088501,0.059814
0.030975,0.0062561,0.056152
0.029144,0.0035095,0.056152
0.027008,0.00061035,0.036621
0.024109,-0.0016785,0.05127
0.020752,-0.0024414,0.050049
0.016174,-0.0019836,0.05127
0.011139,-0.00091553,0.047607
0.0076294,-0.0015259,0.046387
0.0053406,-0.0024414,0.043945
0.0062561,-0.0039673,0.043945
0.0090027,-0.0038147,0.040283
0.012665,-0.002594,0.032959
0.015259,0.00030518,0.043945
0.017853,0.0038147,0.039063
0.019379,0.0054932,0.039063
0.021057,0.0071716,0.043945
0.02121,0.0073242,0.039063
0.022583,0.0067139,0.039063
0.023193,0.0056458,0.041504
0.023651,0.0057983,0.036621
0.025787,0.0079346,0.039063
0.027771,0.0094604,3.1555
0.029907,0.010986,4.8022
0.03067,0.0097656,4.9036
0.031281,0.0076294,4.9097
0.031433,0.0045776,4.9158
0.031586,0.0018311,4.9207
0.031281,-0.00015259,4.9207
0.030518,-0.0012207,4.9194
0.028992,-0.0038147,4.928
0.026398,-0.0068665,4.9219
0.023651,-0.0088501,4.9292
0.021973,-0.010834,4.9182
0.020447,-0.011139,4.9341
0.024872,-0.010223,4.939
0.029602,-0.010071,4.9353
0.033112,-0.010071,4.9353
0.034485,-0.011139,4.9243
0.033875,-0.010681,4.9231
0.032654,-0.010376,4.9316
0.030975,-0.0091553,4.9304
0.029449,-0.0074768,4.9341
0.029144,-0.0061035,4.9377
0.027771,-0.0041199,4.9341
0.026093,-0.0030518,4.939
0.023651,-0.0016785,4.9329
0.02182,-0.00045776,4.9341
0.024872,-0.00076294,4.9304
0.026855,-0.0010681,4.9329
0.030212,0.00045776,4.9292
0.03067,0.0015259,4.928
0.031738,0.002594,4.9219
0.027161,0.0021362,4.9231
0.027313,0.00091553,4.9255
0.026398,0.00045776,4.9182
0.025635,0.00076294,4.928
0.025787,0.0030518,4.9158
0.025177,0.0056458,4.9133
0.025024,0.0064087,4.9133
0.026703,0.0054932,4.9121
0.027618,0.0024414,4.9109
0.027466,-0.0030518,4.9121
0.028534,-0.0064087,4.9048
0.028381,-0.007782,4.9109
0.025635,-0.0062561,4.9109
0.023041,-0.0076294,4.9109
0.018921,-0.0050354,4.9084
0.016327,-0.007019,4.9133
0.014648,-0.0090027,4.9097
0.013428,-0.0086975,4.9121
0.014038,-0.0079346,4.9231
0.014954,-0.0047302,4.9133
0.015717,-0.0030518,4.9158
0.017242,-0.0030518,4.9158
0.019684,-0.0047302,4.9048
0.023956,-0.0073242,4.9146
0.022888,-0.0090027,4.9182
0.022736,-0.007782,4.928
0.022736,-0.0036621,4.9243
0.020752,0.00061035,4.9255
0.018463,0.0028992,4.9329
0.015411,0.002594,4.9329
0.012665,0.00045776,4.9341
0.01358,-0.00061035,4.9292
0.016174,-0.0013733,4.9365
0.020142,0.0015259,4.939
0.022736,0.0053406,4.9353
0.023651,0.0083923,4.9341
0.023804,0.007782,4.9365
0.025635,0.0083923,4.9377
0.027924,0.0061035,4.9377
0.027161,0.0042725,4.9487
0.028076,0.0024414,4.9353
0.028381,0.0012207,0.057373
0.027771,0.00076294,0.062256
0.027161,0.0016785,0.059814
0.025482,0.00076294,0.056152
0.025024,-0.00076294,0.056152
0.024414,-0.0041199,0.05249
0.024719,-0.0065613,0.05249
0.025787,-0.0074768,0.050049
0.026093,-0.007019,0.05127
0.023346,-0.0056458,0.045166
0.024261,-0.0047302,0.048828
0.023651,-0.0059509,0.047607
0.024261,-0.0068665,0.047607
0.027313,-0.0073242,0.048828
0.03006,-0.0059509,0.040283
0.032043,-0.0016785,0.042725
0.032806,-0.00061035,0.040283
0.032349,0.0045776,0.030518
0.031738,0.0071716,0.039063
0.033722,0.005188,0.037842
0.033722,0.0021362,0.037842
0.035706,0.00076294,0.041504
0.0383,-0.00045776,0.037842
0.036926,0.0054932,0.037842
0.035248,0.013885,0.039063
0.033875,0.015869,0.043945
0.029449,0.011749,0.039063
0.027771,0.011902,0.042725
0.02655,0.0068665,0.047607
0.02655,0.0056458,0.05249
0.025024,0.0079346,0.05127
0.021667,0.012512,0.057373
0.023651,0.014343,0.056152
0.022583,0.015869,0.056152
0.02182,0.012207,0.06958
0.02243,0.0083923,0.061035
0.022736,0.0076294,0.045166
0.024719,0.0041199,0.058594
0.026703,0.0041199,0.065918
0.027008,0.0019836,0.062256
0.024414,-0.0015259,0.061035
0.021667,-0.0024414,0.056152
0.019531,-0.0042725,0.067139
0.019226,-0.0041199,0.062256
0.018005,-0.0035095,0.065918
0.014343,-0.0041199,0.061035
0.011444,-0.0016785,0.061035
0.0080872,-0.00061035,0.064697
0.0071716,0.0010681,0.064697
0.0080872,0.00091553,0.074463
0.0085449,0.00091553,0.061035
0.010834,0.0024414,0.056152
0.01297,0.0039673,0.058594
0.014038,0.0062561,0.042725
0.013275,0.0083923,0.05127
0.011444,0.0090027,0.05127
0.010986,0.012054,0.046387
0.0091553,0.014648,0.047607
0.01358,0.013123,0.045166
0.0177,0.015259,0.042725
0.020447,0.014191,0.042725
0.022278,0.011444,0.045166
0.021973,0.012512,0.039063
0.019684,0.011444,0.041504
0.018463,0.0094604,0.040283
0.017853,0.0068665,0.037842
0.019684,0.005188,0.040283
0.020447,0.0038147,0.041504
0.018921,0.0050354,0.045166
0.017242,0.005188,0.041504
0.015259,0.0068665,0.053711
0.014954,0.0082397,0.036621
0.016479,0.0074768,0.031738
0.017548,0.007782,0.041504
0.018616,0.009613,0.040283
0.019073,0.012665,0.036621
0.0177,0.015564,0.046387
0.016174,0.014954,0.039063
0.014343,0.012665,1.803
0.01358,0.011597,4.7339
0.014496,0.0088501,4.9133
0.015259,0.007782,4.9207
0.016632,0.0079346,4.9304
0.015717,0.010071,4.9316
0.014038,0.012207,4.9341
0.012512,0.012207,4.9353
0.01297,0.010376,4.9304
0.014343,0.0068665,4.9329
0.016632,0.0047302,4.9316
0.016022,0.0021362,4.9365
0.015869,0.004425,4.9329
0.014343,0.0061035,4.9182
0.013275,0.0062561,4.9292
0.014038,0.0053406,4.9353
0.014191,0.004425,4.9353
0.014648,0.0022888,4.9365
0.014343,0.0016785,4.9304
0.014954,0.00030518,4.9329
0.013885,0.0010681,4.928
0.01297,-0.00030518,4.9243
0.012817,-0.0028992,4.9243
0.013123,-0.0050354,4.9243
0.014038,-0.0062561,4.9219
0.014648,-0.0067139,4.9231
0.016022,-0.0073242,4.9194
0.015259,-0.007019,4.9219
0.016022,-0.0065613,4.9194
0.015106,-0.0071716,4.9207
0.016022,-0.0074768,4.8962
0.016479,-0.0085449,4.9036
0.016174,-0.0097656,4.9158
0.016785,-0.0093079,4.9109
0.016022,-0.0065613,4.9084
0.016632,-0.0057983,4.9072
0.018158,-0.004425,4.9109
0.020752,-0.0038147,4.9084
0.024109,-0.0033569,4.9109
0.026855,-0.0064087,4.9084
0.028076,-0.0038147,4.9133
0.027618,-0.0033569,4.9097
0.02594,-0.0027466,4.9182
0.024414,-0.00061035,4.9109
0.023193,0.0010681,4.9146
0.022278,0.0018311,4.9109
0.023804,0.0019836,4.9182
0.025482,0.0013733,4.9207
0.026703,-0.00015259,4.9207
0.025635,-0.0010681,4.9194
0.028687,-0.0022888,4.9255
0.029602,-0.0030518,4.9243
0.031281,-0.0038147,4.9255
0.03418,-0.0047302,4.917
0.0354,-0.0073242,4.9304
0.036469,-0.0083923,4.9316
0.032959,-0.0082397,4.9292
0.031891,-0.0068665,4.9341
0.029449,-0.0054932,4.9292
0.028381,-0.0047302,4.9341
0.029144,-0.0038147,4.9304
0.03006,-0.0035095,4.9329
0.031586,-0.0028992,4.9451
0.031281,-0.0018311,4.9304
0.028534,-0.00091553,4.9426
0.027618,0.0027466,4.9377
0.027618,0.0054932,4.9231
0.028381,0.0065613,4.9353
0.030212,0.007019,4.9316
0.032196,0.0065613,4.9255
0.031128,0.0054932,4.928
0.030365,0.0045776,4.9255
0.026703,0.0045776,0.054932
0.025635,0.0054932,0.048828
0.026855,0.0035095,0.05249
0.030518,0.0032043,0.040283
0.029144,0.0047302,0.05127
0.032349,0.0021362,0.048828
0.031586,0.005188,0.047607
0.028534,0.0028992,0.041504
0.02655,0.0039673,0.043945
0.025024,0.0039673,0.045166
0.024414,0.0039673,0.040283
0.025024,0.0022888,0.043945
0.023346,0.00030518,0.040283
0.023804,-0.0019836,0.036621
0.023804,-0.0039673,0.03418
0.024872,-0.004425,0.042725
0.02594,-0.0047302,0.040283
0.025482,-0.0039673,0.040283
0.025635,-0.0035095,0.037842
0.030365,-0.0056458,0.043945
0.023956,-0.005188,0.041504
0.022278,-0.0041199,0.046387
0.020599,-0.0057983,0.042725
0.019836,-0.0038147,0.047607
0.020905,-0.0012207,0.043945
0.022583,0.0021362,0.058594
0.025482,-0.00015259,0.068359
0.027618,0.0047302,0.059814
0.03006,0.0039673,0.062256
0.031433,0.0035095,0.061035
0.030975,0.0045776,0.046387
0.030823,0.007019,0.059814
0.029907,0.0088501,0.061035
0.030823,0.0082397,0.061035
0.032349,0.0057983,0.059814
0.032654,0.0022888,0.057373
0.032654,-0.00091553,0.064697
0.029602,0.0010681,0.062256
0.026703,0.0036621,0.065918
0.025177,0.0065613,0.059814
0.025177,0.0079346,0.06958
0.027618,0.0068665,0.067139
0.025177,0.0036621,0.067139
0.023193,-0.00045776,0.067139
0.019226,-0.0027466,0.061035
0.016632,-0.0028992,0.062256
0.016937,-0.0021362,0.056152
0.018616,-0.00045776,0.065918
0.020142,0.00045776,0.05127
0.020599,0.00045776,0.03418
0.019836,0.00015259,0.048828
0.020142,0.00091553,0.047607
0.020599,0.0047302,0.046387
0.022125,0.0080872,0.042725
0.025635,0.010223,0.043945
0.029449,0.010071,0.042725
0.032654,0.0082397,0.032959
0.035706,0.0056458,0.041504
0.036316,0.0036621,0.039063
0.036774,0.0054932,0.042725
0.035248,0.0083923,0.041504
0.034485,0.010376,0.039063
0.032654,0.010681,0.047607
0.031586,0.009613,0.041504
0.029907,0.0064087,0.043945
0.028839,0.0038147,0.040283
0.027466,0.0027466,0.029297
0.02533,0.0054932,0.040283
0.024109,0.0076294,0.042725
0.023346,0.0073242,0.041504
0.021667,0.0062561,0.047607
0.019379,0.0041199,0.046387
0.016937,0.002594,0.05127
0.01297,0.0027466,0.050049
0.010681,0.0039673,0.058594
0.0082397,0.0050354,0.054932
0.0074768,0.0047302,0.059814
0.0064087,0.0021362,0.061035
0.0056458,-0.00091553,1.051
0.0071716,-0.0056458,4.7021
0.0090027,-0.0082397,4.9133
0.0080872,-0.010223,4.9304
0.010834,-0.0086975,4.9316
0.011749,-0.0073242,4.9377
0.011139,-0.0047302,4.9329
0.011902,-0.0036621,4.9158
0.01358,-0.0027466,4.9329
0.013885,-0.0019836,4.9304
0.014343,-0.0032043,4.9365
0.015564,-0.00061035,4.9377
0.016174,0.0010681,4.9304
0.018005,0.0013733,4.9329
0.020905,0.0024414,4.9292
0.023804,0.0030518,4.9292
0.026093,0.00091553,4.9231
0.026093,-0.0013733,4.9243
0.026398,-0.0036621,4.9207
0.019989,-0.0042725,4.9255
0.017395,-0.0030518,4.9304
0.015259,0.00045776,4.9207
0.015564,0.004425,4.9158
0.014191,0.0059509,4.9207
0.014954,0.0091553,4.9023
0.015564,0.0021362,4.9133
0.015869,0.0022888,4.9109
0.016632,0.0013733,4.9146
0.016937,0.0012207,4.9109
0.016632,0.0030518,4.9097
0.016327,0.0036621,4.9097
0.014343,0.0030518,4.9121
0.013428,0.0021362,4.9072
0.011139,-0.00091553,4.9036
0.0082397,-0.00091553,4.9109
0.0082397,-0.0010681,4.9109
0.0082397,0.0010681,4.9133
0.010986,0.0021362,4.9097
0.01297,0.0010681,4.9146
0.014954,-0.00030518,4.9207
0.015717,-0.002594,4.9194
0.014496,-0.0024414,4.9255
0.012207,-0.0015259,4.9194
0.010986,0.002594,4.9146
0.010071,0.0074768,4.9268
0.0099182,0.010223,4.9255
0.0079346,0.0094604,4.928
0.0065613,0.0057983,4.9316
0.0041199,0.0027466,4.9292
0.0054932,0.0027466,4.9329
0.011597,0.0053406,4.9304
0.020142,0.007782,4.9316
0.027771,0.0073242,4.928
0.031738,0.00015259,4.9341
0.030518,-0.010834,4.9316
0.024261,-0.021362,4.9329
0.014496,-0.02594,4.9402
0.0039673,-0.023346,4.9451
-0.0041199,-0.014343,4.9365
-0.0088501,-0.004425,4.9353
-0.010223,0.0015259,4.9377
-0.0097656,0.0030518,4.9316
-0.0054932,0.0021362,4.9292
0.0010681,0.0024414,4.928
0.010223,0.0071716,4.9292
0.02121,0.013885,4.9231
0.034637,0.018921,4.9219
0.043488,0.019531,4.9158
0.048981,0.014038,4.9207
0.045624,0.0036621,4.9182
0.037842,-0.0036621,4.9146
0.026398,-0.0059509,4.917
0.018158,-0.002594,0.047607
0.010376,0.0042725,0.039063
0.0062561,0.0099182,0.037842
0.0062561,0.013275,0.057373
0.0090027,0.011597,0.040283
0.012665,0.0090027,0.05127
0.017853,0.005188,0.041504
0.021515,0.0016785,0.028076
0.023804,0.00030518,0.037842
0.025787,-0.0015259,0.041504
0.024567,-0.0030518,0.040283
0.022583,-0.005188,0.040283
0.017395,-0.0082397,0.037842
0.013428,-0.0097656,0.041504
0.010834,-0.010529,0.041504
0.010071,-0.010376,0.045166
0.012207,-0.0071716,0.043945
0.015564,-0.0021362,0.05249
0.02182,0.0041199,0.054932
0.027313,0.0093079,0.057373
0.031738,0.011597,0.067139
0.035858,0.010071,0.058594
0.038147,0.0079346,0.059814
0.039978,0.0050354,0.059814
0.038757,0.0022888,0.063477
0.036163,0.00045776,0.061035
0.033722,0.00030518,0.067139
0.031281,-0.00030518,0.061035
0.030365,0.00061035,0.058594
0.029755,0.0024414,0.057373
0.030975,0.0027466,0.065918
0.030975,0.0035095,0.061035
0.031586,0.0062561,0.064697
0.032349,0.0079346,0.064697
0.032806,0.0091553,0.06958
0.033264,0.010223,0.065918
0.030365,0.011139,0.065918
0.03006,0.010834,0.063477
0.028229,0.010376,0.063477
0.026093,0.010681,0.063477
0.024567,0.013428,0.057373
0.023346,0.017242,0.059814
0.023041,0.020447,0.05127
0.024261,0.023346,0.040283
0.024261,0.023346,0.047607
0.028381,0.02121,0.041504
0.024872,0.019836,0.046387
0.021973,0.017853,0.046387
0.02121,0.016327,0.042725
0.019836,0.015106,0.043945
0.018158,0.013733,0.039063
0.022736,0.013123,0.042725
0.026703,0.011749,0.036621
0.030975,0.010071,0.040283
0.031891,0.0074768,0.041504
0.032959,0.0035095,0.039063
0.030823,0.00015259,0.037842
0.027771,-0.0036621,0.041504
0.025024,-0.0071716,0.039063
0.021667,-0.010529,0.039063
0.016937,-0.011749,0.039063
0.011749,-0.013275,0.040283
0.0068665,-0.015869,0.036621
0.0054932,-0.015869,0.042725
0.0067139,-0.014191,0.045166
0.0088501,-0.0086975,0.048828
0.01709,-0.0019836,0.050049
0.023346,0.0033569,0.05127
0.027313,0.0091553,0.057373
0.031891,0.0097656,0.054932
0.032806,0.010681,0.058594
0.032654,0.010529,0.059814
0.028839,0.014954,0.061035
0.025177,0.012665,0.059814
0.019684,0.013885,0.064697
0.014954,0.015411,0.073242
0.010681,0.012665,0.062256
0.0086975,0.010376,0.062256
0.010071,0.0074768,2.196
0.015411,0.0050354,4.7559
0.019379,0.0032043,4.9158
0.027466,-0.0015259,4.9304
0.031586,-0.0036621,4.9341
0.030823,-0.0062561,4.9341
0.027618,-0.0080872,4.9304
0.022278,-0.0088501,4.9341
0.014648,-0.0099182,4.9292
0.0074768,-0.0082397,4.928
0.0021362,-0.0059509,4.9182
-0.00076294,-0.0013733,4.9243
0.0012207,0.0042725,4.9219
0.002594,0.0091553,4.9231
0.010223,0.011139,4.9207
0.019073,0.010681,4.9219
0.02594,0.011139,4.9219
0.032043,0.011749,4.9194
0.037689,0.014191,4.9219
0.03891,0.015869,4.9084
0.036621,0.011749,4.9146
0.03479,0.0057983,4.9109
0.032654,-0.0015259,4.9097
0.031891,-0.0071716,4.9084
0.032959,-0.0073242,4.9072
0.036316,-0.0047302,4.906
0.040894,-0.00076294,4.9109
0.044403,0.0033569,4.9048
0.04837,0.004425,4.9133
0.052795,0.0036621,4.9084
0.056305,0.002594,4.906
0.057983,0.0024414,4.9109
0.056915,0.0019836,4.9146
0.054474,0.00091553,4.9219
0.05127,-0.0013733,4.917
0.044708,-0.0067139,4.9243
0.039978,-0.010834,4.9243
0.0383,-0.01358,4.9158
0.036011,-0.015106,4.9243
0.033112,-0.013733,4.9207
0.03067,-0.010834,4.928
0.02594,-0.011444,4.9329
0.023346,-0.0035095,4.9292
0.020447,-0.00076294,4.9304
0.018921,0.0021362,4.9292
0.0177,0.0036621,4.9341
0.016174,0.0061035,4.9316
0.015717,0.0065613,4.9341
0.015106,0.0068665,4.9329
0.015259,0.0054932,4.9353
0.0177,0.0027466,4.9316
0.019226,0.00030518,4.9377
0.023651,-0.0032043,4.9438
0.024567,-0.005188,4.9353
0.023041,-0.0057983,4.9402
0.021667,-0.0061035,4.9353
0.019226,-0.0053406,4.9207
0.017395,-0.005188,4.928
0.016479,-0.005188,4.9243
0.016479,-0.0062561,4.9268
0.016479,-0.0067139,4.9231
0.0177,-0.0076294,4.9207
0.019531,-0.007019,4.9231
0.02121,-0.0067139,4.9121
0.02243,-0.0056458,4.9182
0.022278,-0.004425,4.9109
0.021973,-0.0035095,4.9207
0.020294,-0.002594,4.9121
0.016632,-0.0010681,4.9158
0.013275,0,4.9243
0.0097656,0.0032043,4.9158
0.0068665,0.0057983,4.9097
0.0042725,0.0073242,0.043945
0.0027466,0.0076294,0.021973
0.0039673,0.0067139,0.037842
0.0050354,0.005188,0.039063
0.0080872,0.0030518,0.039063
0.011749,0.0028992,0.039063
0.013885,0.004425,0.037842
0.016327,0.0062561,0.042725
0.017548,0.0068665,0.040283
0.019836,0.0067139,0.045166
0.02121,0.0062561,0.045166
0.022888,0.0045776,0.05127
0.02243,0.0038147,0.046387
0.019684,0.0032043,0.056152
0.015106,0.0018311,0.056152
0.010529,0.0012207,0.059814
0.0045776,0.0019836,0.061035
0.0015259,0.0032043,0.062256
0.00091553,0.0053406,0.073242
0.0024414,0.0068665,0.059814
0.0053406,0.0082397,0.05249
0.0076294,0.0079346,0.059814
0.0094604,0.0067139,0.056152
0.010529,0.0056458,0.059814
0.010223,0.004425,0.062256
0.0099182,0.0042725,0.061035
0.007782,0.0032043,0.062256
0.0048828,0.0016785,0.063477
0.0010681,-0.0012207,0.06958
-0.0039673,-0.002594,0.062256
-0.0057983,-0.004425,0.065918
-0.0073242,-0.0047302,0.062256
-0.0061035,-0.0062561,0.061035
-0.002594,-0.0088501,0.064697
0.0019836,-0.01236,0.054932
0.0071716,-0.015106,0.05127
0.012054,-0.017548,0.05127
0.015717,-0.018921,0.045166
0.016937,-0.018616,0.048828
0.018158,-0.018463,0.047607
0.015869,-0.020752,0.045166
0.014343,-0.023346,0.046387
0.012207,-0.025482,0.042725
0.011292,-0.02594,0.042725
0.0086975,-0.024109,0.032959
0.011902,-0.023804,0.043945
0.014191,-0.021362,0.036621
0.01709,-0.02243,0.039063
0.020447,-0.025024,0.041504
0.024567,-0.026398,0.041504
0.026855,-0.02533,0.036621
0.029449,-0.022736,0.042725
0.031738,-0.019836,0.047607
0.033112,-0.018921,0.041504
0.033264,-0.020294,0.050049
0.032043,-0.020294,0.039063
0.031433,-0.022125,0.026855
0.030823,-0.021973,0.045166
0.031281,-0.019226,0.047607
0.031586,-0.016479,0.047607
0.029602,-0.016785,0.05249
0.028534,-0.01709,0.048828
0.026855,-0.019226,0.059814
0.024261,-0.020599,0.057373
0.022583,-0.019226,0.061035
0.018768,-0.016174,0.057373
0.016174,-0.01297,0.065918
0.015411,-0.010071,0.059814
0.014496,-0.0082397,0.063477
0.014496,-0.0073242,0.070801
0.015411,-0.0065613,0.062256
0.013885,-0.0032043,0.059814
0.014343,-0.0030518,0.063477
0.014954,-0.00015259,0.068359
0.016785,0.00061035,0.064697
0.014191,0.00061035,0.062256
0.013428,0.00045776,0.062256
0.012817,-0.0013733,0.064697
0.011749,-0.00045776,4.3481
0.011444,-0.00091553,4.895
0.010529,-0.0010681,4.9231
0.010986,-0.0010681,4.9268
0.01236,-0.0013733,4.9219
0.015717,0.0018311,4.9231
0.019226,0.0047302,4.9219
0.022125,0.0074768,4.9207
0.026093,0.0099182,4.9207
0.02594,0.011444,4.9194
0.02594,0.012207,4.9268
0.024261,0.013275,4.9182
0.022888,0.013885,4.9243
0.020447,0.014038,4.9133
0.019073,0.013428,4.9011
0.018158,0.012207,4.9133
0.013733,0.014191,4.9109
0.015717,0.010834,4.9097
0.014343,0.012512,4.9084
0.014496,0.013885,4.9097
0.015106,0.016785,4.9121
0.016632,0.01709,4.906
0.019836,0.016174,4.9121
0.019073,0.017395,4.906
0.019684,0.019073,4.9146
0.0177,0.021667,4.9133
0.016785,0.022888,4.9146
0.016327,0.024109,4.9158
0.013733,0.023804,4.9194
0.014496,0.022736,4.9158
0.013885,0.021973,4.917
0.014038,0.022583,4.9268
0.013733,0.025024,4.9255
0.016632,0.024261,4.9219
0.017548,0.02243,4.9268
0.018158,0.020447,4.928
0.018768,0.018158,4.9304
0.017395,0.016937,4.9304
0.016174,0.016327,4.9292
0.01297,0.015106,4.9353
0.010071,0.012665,4.9316
0.0074768,0.011597,4.9316
0.0065613,0.0022888,4.9304
0.0064087,0.00015259,4.9365
0.0056458,0.0019836,4.9316
0.007019,0.0048828,4.9377
0.0083923,0.0083923,4.9524
0.0091553,0.010529,4.9268
0.011292,0.0094604,4.9353
0.013275,0.0080872,4.9341
0.016174,0.0093079,4.9121
0.018311,0.0059509,4.928
0.020294,0.010071,4.9231
0.023346,0.01236,4.9219
0.024872,0.015259,4.9255
0.027313,0.017395,4.917
0.029755,0.016174,4.9194
0.032196,0.016327,4.9109
0.033875,0.015564,4.9207
0.034943,0.015411,4.9121
0.035553,0.015717,4.9158
0.033722,0.016174,4.9146
0.030975,0.016785,4.917
0.029907,0.016327,4.9133
0.028229,0.016174,4.9109
0.028992,0.015259,4.9121
0.03006,0.015259,4.9146
0.027313,0.016479,4.9048
0.028229,0.0177,4.9109
0.02655,0.020294,4.9158
0.02533,0.022278,4.9109
0.026093,0.023193,4.9097
0.023041,0.022125,0.037842
0.021515,0.019989,0.041504
0.019684,0.015106,0.037842
0.017548,0.01236,0.043945
0.016174,0.010834,0.041504
0.014343,0.010986,0.048828
0.014648,0.010834,0.050049
0.014343,0.0080872,0.053711
0.011749,0.0050354,0.056152
0.012817,0.0010681,0.058594
0.01236,-0.002594,0.067139
0.011139,-0.0047302,0.063477
0.010376,-0.0050354,0.072021
0.0076294,-0.0053406,0.057373
0.011444,-0.0056458,0.053711
0.012054,-0.0062561,0.062256
0.014801,-0.0071716,0.059814
0.014801,-0.0073242,0.059814
0.016174,-0.0056458,0.062256
0.017395,-0.0028992,0.062256
0.018921,0.00076294,0.064697
0.019684,0.0028992,0.064697
0.019836,0.0039673,0.068359
0.019073,0.0050354,0.063477
0.019379,0.0050354,0.065918
0.020294,0.007019,0.064697
0.022125,0.0097656,0.064697
0.025177,0.010986,0.059814
0.027008,0.010529,0.056152
0.027161,0.0093079,0.058594
0.026093,0.007782,0.050049
0.023956,0.0061035,0.057373
0.022736,0.0042725,0.047607
0.02121,0.0028992,0.050049
0.019531,0.00091553,0.041504
0.017395,-0.0013733,0.046387
0.015106,-0.0021362,0.041504
0.014648,-0.0012207,0.043945
0.01297,-0.00045776,0.037842
0.013885,-0.00076294,0.043945
0.015106,-0.00030518,0.037842
0.016022,0.00091553,0.041504
0.017242,0.0012207,0.040283
0.016937,0.0015259,0.041504
0.015564,0.002594,0.036621
0.013428,-0.0010681,0.041504
0.012665,-0.004425,0.053711
0.012665,-0.007782,0.039063
0.013275,-0.0086975,0.05127
0.014343,-0.0064087,0.039063
0.01297,-0.00076294,0.023193
0.01358,0.0042725,0.043945
0.013885,0.0080872,0.042725
0.013275,0.0088501,0.050049
0.015564,0.007782,0.050049
0.017395,0.0067139,0.050049
0.020752,0.0042725,0.050049
0.023346,0.0036621,0.057373
0.024567,0.0039673,0.061035
0.024719,0.0041199,0.058594
0.023651,0.00076294,0.061035
0.022125,-0.0039673,0.061035
0.021362,-0.0053406,0.063477
0.020142,-0.0039673,0.064697
0.019989,-0.0018311,0.061035
0.018768,0.0013733,0.062256
0.018158,0.0038147,0.063477
0.016479,0.004425,0.076904
0.016785,0.0021362,0.062256
0.017242,-0.00045776,0.064697
0.019684,-0.00061035,0.065918
0.02121,0.00091553,0.064697
0.021362,0.0013733,0.053711
0.019379,0.0022888,0.067139
0.015411,0.0012207,0.056152
0.013428,-0.0013733,0.058594
0.0083923,-0.0027466,0.05249
0.0061035,-0.0022888,0.054932
0.0065613,-0.0042725,3.4485
0.0071716,-0.0061035,4.8315
0.0093079,-0.0071716,4.906
0.012207,-0.007782,4.917
0.016174,-0.007019,4.9231
0.019836,-0.0057983,4.917
0.023651,-0.0056458,4.9146
0.026245,-0.0045776,4.9084
0.029602,-0.0035095,4.8975
0.031891,-0.0041199,4.9097
0.032806,-0.0036621,4.9084
0.032654,-0.0064087,4.9097
0.029602,-0.0086975,4.9097
0.032806,-0.011292,4.9121
0.032654,-0.013123,4.906
0.033722,-0.013275,4.9072
0.034027,-0.012054,4.9109
0.035553,-0.010376,4.9072
0.035706,-0.0094604,4.9133
0.031281,-0.0088501,4.9109
0.034637,-0.012207,4.9109
0.032654,-0.013885,4.9158
0.032501,-0.011902,4.9194
0.033112,-0.0086975,4.9207
0.033569,-0.0061035,4.9194
0.032654,-0.004425,4.9316
0.03006,-0.0021362,4.9268
0.026398,-0.0039673,4.9109
0.026093,-0.0039673,4.9268
0.024567,-0.0054932,4.9292
0.024872,-0.0057983,4.9329
0.022278,-0.00091553,4.9304
0.021362,-0.0032043,4.928
0.02182,-0.0019836,4.9341
0.023956,-0.00015259,4.9341
0.025635,-0.0015259,4.9329
0.026855,-0.0032043,4.928
0.028534,-0.0057983,4.9353
0.029602,-0.0080872,4.9329
0.027771,-0.0094604,4.9341
0.026855,-0.0067139,4.9451
0.024414,-0.004425,4.9365
0.023346,-0.00091553,4.9329
0.021515,0.0016785,4.9341
0.019836,0.0032043,4.9158
0.018311,0.0015259,4.928
0.017242,0.0012207,4.9243
0.018158,-0.0024414,4.9243
0.019226,-0.0059509,4.9231
0.020905,-0.0071716,4.9182
0.02243,-0.0080872,4.9207
0.022125,-0.0079346,4.9121
0.019684,-0.0064087,4.9194
0.016479,-0.0080872,4.9121
0.01236,-0.011139,4.9158
0.0086975,-0.0097656,4.9121
0.007019,-0.010071,4.9146
0.005188,-0.0093079,4.9097
0.0054932,-0.0068665,4.9133
0.0079346,-0.0047302,4.9194
0.011444,-0.0032043,4.9121
0.015411,-0.0042725,4.9219
0.018921,-0.0059509,4.9109
0.021515,-0.007782,4.9048
0.024567,-0.0093079,4.9097
0.027618,-0.0067139,4.906
0.030365,-0.0041199,4.9084
0.031128,-0.00030518,4.9072
0.030212,0.0024414,4.9121
0.029449,0.0041199,4.9182
0.026093,0.0059509,4.9109
0.024567,0.0036621,4.9207
0.024719,0.0030518,4.9207
0.025177,0.0022888,0.056152
0.027618,0.0027466,0.059814
0.028076,0.0035095,0.056152
0.028839,0.0033569,0.065918
0.030212,0.0015259,0.061035
0.032959,-0.0019836,0.062256
0.033417,-0.0064087,0.062256
0.035553,-0.0083923,0.064697
0.036469,-0.009613,0.059814
0.033569,-0.0086975,0.050049
0.028076,-0.0080872,0.058594
0.023499,-0.0064087,0.062256
0.020294,-0.0074768,0.061035
0.019226,-0.0085449,0.065918
0.021057,-0.0085449,0.065918
0.022583,-0.0099182,0.059814
0.024414,-0.0091553,0.065918
0.026093,-0.0059509,0.063477
0.027771,-0.0057983,0.063477
0.028992,-0.0054932,0.061035
0.030518,-0.0062561,0.057373
0.033417,-0.0071716,0.046387
0.034943,-0.0068665,0.067139
0.037079,-0.0033569,0.053711
0.034943,-0.0010681,0.058594
0.031738,-0.00030518,0.048828
0.029755,-0.00015259,0.041504
0.028839,-0.00015259,0.043945
0.029449,-0.0013733,0.036621
0.030823,0.00030518,0.042725
0.032654,0.0019836,0.041504
0.032654,0.0042725,0.041504
0.033569,0.0064087,0.045166
0.032349,0.0071716,0.039063
0.030975,0.0067139,0.039063
0.03067,0.0050354,0.037842
0.030518,0.0036621,0.041504
0.029907,0.0038147,0.039063
0.028839,0.005188,0.042725
0.026245,0.0074768,0.046387
0.023651,0.0082397,0.039063
0.020905,0.0082397,0.039063
0.019226,0.0048828,0.041504
0.015259,0.0018311,0.036621
0.0177,-0.005188,0.039063
0.015564,-0.0061035,0.054932
0.013428,-0.0061035,0.050049
0.0080872,-0.0067139,0.053711
0.0030518,-0.0083923,0.05127
0.00076294,-0.0099182,0.057373
-0.0015259,-0.0090027,0.054932
-0.00030518,-0.011749,0.062256
0.00015259,-0.012207,0.057373
0.0012207,-0.010223,0.063477
0.00030518,-0.007782,0.059814
-0.00076294,-0.0065613,0.063477
0.00045776,-0.004425,0.061035
0.00015259,-0.005188,0.061035
0.00015259,-0.0067139,0.070801
0.0042725,-0.0074768,0.063477
0.007019,-0.0064087,0.072021
0.0079346,-0.0036621,0.063477
0.0076294,-0.0013733,0.054932
0.0079346,0.0016785,0.063477
0.0094604,0.0033569,0.064697
0.011292,0.0045776,0.064697
0.014496,0.0035095,0.062256
0.017548,0.0032043,0.058594
0.019684,0.005188,0.061035
0.020294,0.007782,0.056152
0.018921,0.009613,0.054932
0.018616,0.0090027,0.047607
0.018463,0.0056458,0.05249
0.018311,0.0024414,0.05249
0.019836,-0.00091553,0.048828
0.019379,-0.00015259,0.045166
0.017548,0.0016785,0.046387
0.016022,0.004425,3.9136
0.013275,0.0071716,4.8499
0.012665,0.0068665,4.906
0.01236,0.0054932,4.8987
0.013885,0.0030518,4.8962
0.015259,0.0013733,4.9084
0.014191,0.0015259,4.9109
0.011902,0.0033569,4.9133
0.0083923,0.0041199,4.9084
0.0050354,0.0035095,4.906
0.002594,0.002594,4.9097
0.0010681,0.00045776,4.9084
0.0019836,-0.00030518,4.9133
0.002594,-0.0012207,4.9109
0.0028992,-0.00015259,4.9158
0.00015259,0.0013733,4.9133
-0.0016785,0.00061035,4.9158
-0.0013733,-0.0012207,4.9304
0.0013733,-0.0041199,4.9207
0.0047302,-0.0061035,4.9255
0.0074768,-0.0067139,4.9182
0.0085449,-0.0057983,4.9133
0.007782,-0.0041199,4.9255
0.0085449,-0.0028992,4.9304
0.0076294,-0.0027466,4.9292
0.011444,-0.0032043,4.9292
0.014496,-0.004425,4.9292
0.017548,-0.0054932,4.9329
0.018768,-0.0061035,4.9268
0.017242,-0.0056458,4.9304
0.015564,-0.0030518,4.9268
0.015106,-0.0021362,4.9341
0.015411,-0.0019836,4.9353
0.018921,-0.0028992,4.9353
0.020599,-0.0021362,4.9402
0.024719,-0.0027466,4.9402
0.023193,-0.0019836,4.939
0.023499,-0.0012207,4.9377
0.023956,-0.00045776,4.9438
0.023804,-0.00076294,4.9304
0.027771,0.00045776,4.9182
0.028687,-0.0010681,4.9219
0.028687,-0.0030518,4.9207
0.026093,-0.0053406,4.9219
0.025482,-0.0056458,4.9207
0.023651,-0.0042725,4.9182
0.023193,-0.0015259,4.9158
0.024261,0.0022888,4.9182
0.02594,0.0045776,4.9158
0.027161,0.0021362,4.9158
0.029907,-0.0012207,4.906
0.030823,-0.0038147,4.9133
0.03067,-0.0045776,4.9121
0.031281,-0.0016785,4.9158
0.031738,0.0018311,4.9133
0.033417,0.0039673,4.9158
0.037079,0.0030518,4.9072
0.037231,0.00091553,4.9011
0.03952,-0.0013733,4.9109
0.0383,-0.00076294,4.9084
0.037537,0.00091553,4.8962
0.0354,0.0019836,4.9109
0.036316,0.0041199,4.9109
0.036469,0.0010681,4.9133
0.036469,0.00030518,4.9109
0.036011,-0.0059509,4.9182
0.032806,-0.0013733,4.9194
0.031586,0.0012207,4.9219
0.030975,0.0041199,4.9255
0.033264,0.0059509,4.9292
0.035248,0.0048828,4.928
0.03952,0.0022888,4.9207
0.037079,0,4.9304
0.036926,-0.00015259,4.9341
0.034027,0.0019836,0.073242
0.031128,0.0054932,0.056152
0.029449,0.0088501,0.048828
0.027618,0.011139,0.057373
0.028381,0.010834,0.062256
0.025177,0.011139,0.062256
0.024109,0.010529,0.064697
0.023346,0.010223,0.059814
0.022888,0.010834,0.064697
0.023499,0.011749,0.067139
0.024872,0.011444,0.065918
0.025177,0.012054,0.064697
0.025177,0.0073242,0.063477
0.022125,0.0042725,0.054932
0.018463,0.0021362,0.061035
0.013123,0.0038147,0.070801
0.0094604,0.0048828,0.05249
0.0090027,0.005188,0.050049
0.009613,0.0047302,0.054932
0.011292,0.0030518,0.030518
0.013885,0.00030518,0.046387
0.014954,-0.0019836,0.045166
0.016174,-0.0018311,0.046387
0.017548,0.00076294,0.046387
0.019073,0.0033569,0.040283
0.021362,0.0050354,0.041504
0.023499,0.0059509,0.040283
0.025024,0.0056458,0.040283
0.023956,0.0039673,0.0354
0.021515,0.0010681,0.039063
0.018768,0.00076294,0.037842
0.018311,0.0021362,0.042725
0.019379,0.0042725,0.039063
0.020447,0.0054932,0.042725
0.021973,0.0041199,0.042725
0.021057,0.0021362,0.041504
0.018158,0.00015259,0.05127
0.016174,-0.0010681,0.039063
0.015411,-0.0015259,0.039063
0.015564,-0.00045776,0.047607
0.017242,-0.00045776,0.05249
0.016937,-0.00091553,0.046387
0.017242,-0.0016785,0.057373
0.016022,-0.00030518,0.053711
0.014191,-0.00045776,0.058594
0.013885,0.0012207,0.057373
0.015106,0.0028992,0.064697
0.018158,0.0032043,0.058594
0.02182,0.0019836,0.063477
0.023041,-0.00076294,0.061035
0.023193,-0.0021362,0.061035
0.019684,-0.0016785,0.070801
0.019989,0,0.063477
0.020142,0.0019836,0.063477
0.021057,0.0018311,0.062256
0.023804,0.00015259,0.062256
0.026703,-0.00076294,0.067139
0.028381,-0.0015259,0.064697
0.028534,-0.0010681,0.061035
0.028229,0.00076294,0.064697
0.027924,0.0032043,0.058594
0.028381,0.0039673,0.059814
0.028839,0.0038147,0.05127
0.028534,0.002594,0.054932
0.027618,-0.00015259,0.050049
0.02594,0.0015259,0.05127
0.021973,0.00015259,0.050049
0.022583,0.0013733,0.05249
0.022736,0.0032043,0.043945
0.023651,0.0053406,0.047607
0.025177,0.007019,0.057373
0.029602,0.0064087,0.043945
0.028839,0.0047302,0.050049
0.028839,0.0030518,0.041504
0.027008,0.0016785,0.031738
0.023346,0.0022888,0.037842
0.019226,0.002594,2.5867
0.016022,0.0030518,4.7693
0.012817,0.0030518,4.8962
0.010986,0.0015259,4.9048
0.0082397,-0.00061035,4.906
0.0076294,-0.0012207,4.9084
0.0088501,-0.0015259,4.9109
0.010529,0.00061035,4.9084
0.014496,0.0028992,4.9146
0.019989,0.0041199,4.9133
0.021515,0.0027466,4.917
0.023651,-0.0015259,4.9255
0.022736,-0.0015259,4.9194
0.020752,-0.0028992,4.9194
0.019073,-0.0019836,4.9255
0.0177,-0.00015259,4.9255
0.018768,0.0010681,4.928
0.018158,0.00030518,4.917
0.021362,-0.00015259,4.9316
0.021515,-0.00045776,4.9292
0.02182,-0.00061035,4.9268
0.022736,0.00061035,4.9304
0.024109,0.0022888,4.9341
0.025024,0.0032043,4.9341
0.02594,0.0030518,4.9292
0.02655,0.0027466,4.9353
0.027618,0.0028992,4.9329
0.027924,0.0022888,4.9377
0.028687,0.0041199,4.9353
0.027618,0.0054932,4.9377
0.027924,0.0059509,4.9438
0.028229,0.007019,4.9341
0.027008,0.0073242,4.9512
0.026855,0.0065613,4.928
0.02533,0.0065613,4.9133
0.024414,0.0054932,4.9268
0.022583,0.0064087,4.9219
0.020905,0.007019,4.9194
0.020447,0.0079346,4.9219
0.020599,0.007782,4.9158
0.020752,0.007019,4.9182
0.020447,0.0059509,4.9146
0.02121,0.0028992,4.9158
0.019989,0.0047302,4.9109
0.019379,0.0039673,4.9158
0.019226,0.0039673,4.9146
0.019684,0.0038147,4.9146
0.018921,0.0021362,4.9097
0.018768,0.00045776,4.9133
0.018311,0.0016785,4.9072
0.016327,0.0022888,4.9109
0.015717,0.0053406,4.9097
0.015259,0.007019,4.9109
0.015869,0.0090027,4.906
0.015564,0.0082397,4.9109
0.015564,0.0061035,4.9084
0.015106,0.0032043,4.9146
0.014954,0.0012207,4.9121
0.015259,0.00061035,4.9084
0.015106,0,4.9158
0.015259,0.0028992,4.9207
0.015411,0.0030518,4.9243
0.014343,0.0041199,4.9182
0.014801,0.0019836,4.9292
0.015106,0.0015259,4.9084
0.015564,0.0015259,4.9304
0.018005,0.0038147,4.9426
0.019226,0.0059509,4.9329
0.022583,0.0068665,4.9365
0.023804,0.0065613,4.9316
0.024567,0.0041199,4.9231
0.023804,0.0012207,4.9329
0.021362,-0.0015259,4.9304
0.018616,-0.0030518,4.9316
0.016785,-0.0053406,0.067139
0.015564,-0.0054932,0.058594
0.015869,-0.0079346,0.067139
0.016174,-0.010529,0.065918
0.018158,-0.012665,0.064697
0.02121,-0.01358,0.062256
0.021973,-0.013733,0.063477
0.023346,-0.01236,0.056152
0.025177,-0.0093079,0.056152
0.027313,-0.0062561,0.058594
0.028839,-0.0041199,0.053711
0.029449,-0.0022888,0.053711
0.030212,-0.0019836,0.05127
0.029907,0,0.05249
0.029602,0.00076294,0.046387
0.030975,0.0010681,0.047607
0.03479,0.0041199,0.045166
0.038452,0.0018311,0.041504
0.041656,0.00030518,0.037842
0.04303,-0.0012207,0.042725
0.04425,-0.0045776,0.040283
0.041504,-0.0057983,0.041504
0.039978,-0.007019,0.0354
0.038605,-0.0054932,0.041504
0.035706,-0.0041199,0.039063
0.033569,-0.0036621,0.041504
0.031433,-0.0050354,0.041504
0.029144,-0.007782,0.040283
0.028687,-0.0091553,0.053711
0.029144,-0.0097656,0.043945
0.026398,-0.0093079,0.053711
0.029297,-0.007782,0.045166
0.029144,-0.0056458,0.0354
0.026855,-0.0035095,0.047607
0.024567,-0.0032043,0.050049
0.020599,-0.0033569,0.048828
0.019226,-0.0022888,0.056152
0.019379,-0.0010681,0.054932
0.019379,0.0010681,0.058594
0.018005,0.0032043,0.059814
0.02121,0.004425,0.062256
0.023651,0.0028992,0.058594
0.027008,0.0012207,0.063477
0.030975,0.00076294,0.063477
0.033264,0.0018311,0.062256
0.035248,0.002594,0.067139
0.031586,0.0024414,0.064697
0.027924,0.0010681,0.065918
0.025024,-0.00015259,0.064697
0.023499,-0.0019836,0.076904
0.024567,-0.0013733,0.067139
0.022736,-0.00061035,0.056152
0.021973,0.0027466,0.063477
0.022736,-0.00091553,0.062256
0.021362,-0.0028992,0.059814
0.021973,-0.0047302,0.058594
0.023956,-0.0071716,0.05249
0.025024,-0.0082397,0.056152
0.026245,-0.0062561,0.05127
0.023804,-0.0039673,0.048828
0.022125,-0.0036621,0.046387
0.020142,-0.0024414,0.047607
0.019836,-0.0012207,0.045166
0.021362,-0.00076294,0.046387
0.023346,0,0.057373
0.024261,0.00015259,0.043945
0.025482,0.0024414,0.041504
0.024567,0.0019836,0.042725
0.023193,0.00030518,0.023193
0.023651,-0.0035095,0.03418
0.024261,-0.005188,0.039063
0.025024,-0.0074768,0.041504
0.024567,-0.0074768,0.039063
0.023193,-0.0079346,0.0354
0.022736,-0.007782,0.041504
0.021362,-0.0079346,0.037842
0.022888,-0.0093079,0.040283
0.024261,-0.011597,3.0872
0.025482,-0.01358,4.8047
0.02594,-0.015106,4.9036
0.024719,-0.016022,4.9158
0.023651,-0.014343,4.9146
0.023041,-0.01297,4.9182
0.024261,-0.011139,4.9207
0.025787,-0.0097656,4.9243
0.027313,-0.0086975,4.939
0.027618,-0.0082397,4.9268
0.028229,-0.0076294,4.9231
0.026703,-0.0067139,4.9304
0.027466,-0.0036621,4.9329
0.029297,-0.0018311,4.9292
0.032043,0,4.9316
0.033569,0.0010681,4.9316
0.034332,-0.00076294,4.9341
0.033875,-0.0018311,4.9316
0.033722,-0.0035095,4.9329
0.030975,-0.0050354,4.9304
0.02594,-0.0045776,4.939
0.025787,-0.0045776,4.9377
0.023346,-0.005188,4.9365
0.02121,-0.0074768,4.9402
0.020599,-0.010071,4.9377
0.020142,-0.01358,4.9304
0.020142,-0.012054,4.9292
0.019989,-0.0085449,4.9243
0.019379,-0.004425,4.9243
0.019836,-0.00076294,4.9182
0.019836,0.00045776,4.9182
0.019989,0.00061035,4.9194
0.020294,0.00015259,4.9182
0.019989,-0.0012207,4.917
0.019073,-0.00015259,4.9133
0.017395,0.0021362,4.917
0.013733,0.0022888,4.9109
0.011749,0.0018311,4.9109
0.009613,-0.0010681,4.9133
0.0090027,-0.0036621,4.9133
0.0094604,-0.0056458,4.9036
0.007019,-0.0053406,4.9158
0.0065613,0.00030518,4.9243
0.004425,-0.0024414,4.9109
0.0047302,-0.0041199,4.9207
0.0054932,-0.0071716,4.9084
0.0062561,-0.010223,4.8975
0.0073242,-0.013733,4.9133
0.007782,-0.010529,4.9072
0.0076294,-0.0085449,4.9121
0.0082397,-0.007019,4.9121
0.0090027,-0.007019,4.9109
0.010681,-0.0080872,4.9182
0.012817,-0.007019,4.9219
0.014954,-0.0036621,4.9255
0.018158,0.00030518,4.9255
0.018463,0.005188,4.9316
0.019379,0.007782,4.9292
0.020142,0.0079346,4.9207
0.020752,0.007019,4.9438
0.02182,0.007019,4.9329
0.023193,0.0074768,4.9329
0.022583,0.010376,4.9341
0.02533,0.010529,4.9316
0.025482,0.011139,4.9304
0.024872,0.010529,4.9365
0.024872,0.0090027,4.9365
0.023804,0.0083923,4.9329
0.023804,0.0068665,4.9304
0.023499,0.0059509,4.9365
0.022583,0.0056458,4.9341
0.021362,0.0057983,4.9329
0.019989,0.0067139,4.928
0.019226,0.0083923,0.062256
0.019073,0.007782,0.057373
0.019226,0.0079346,0.056152
0.019226,0.007019,0.059814
0.018921,0.0042725,0.05249
0.019989,0.0053406,0.059814
0.018463,0.0056458,0.042725
0.018616,0.0099182,0.058594
0.018311,0.01236,0.048828
0.018158,0.013123,0.040283
0.018311,0.011902,0.043945
0.018616,0.0091553,0.041504
0.019531,0.0090027,0.040283
0.020142,0.011139,0.041504
0.019226,0.0090027,0.041504
0.018616,0.0085449,0.040283
0.016785,0.0080872,0.039063
0.014954,0.0054932,0.042725
0.013123,0.0013733,0.039063
0.011902,-0.0012207,0.040283
0.011444,-0.0036621,0.041504
0.011749,-0.0047302,0.042725
0.012665,-0.0039673,0.042725
0.013428,-0.0022888,0.043945
0.014954,-0.0015259,0.045166
0.016785,-0.00061035,0.045166
0.018921,-0.00030518,0.043945
0.020599,-0.00015259,0.042725
0.02121,0.00015259,0.061035
0.020752,0.0013733,0.050049
0.019684,0.0015259,0.056152
0.019073,0.0021362,0.056152
0.019073,0.0028992,0.059814
0.020905,0.0022888,0.056152
0.02594,0.0024414,0.064697
0.026245,0.0027466,0.059814
0.028992,0.0016785,0.059814
0.029449,-0.00015259,0.063477
0.03006,-0.00061035,0.062256
0.029449,-0.0015259,0.056152
0.027771,-0.0032043,0.062256
0.028839,-0.0012207,0.072021
0.029602,-0.0022888,0.065918
0.029144,-0.0024414,0.06958
0.02655,-0.0033569,0.067139
0.029449,-0.0033569,0.048828
0.029907,-0.0015259,0.062256
0.031433,-0.0015259,0.057373
0.032654,-0.00091553,0.062256
0.032959,-0.00091553,0.05127
0.032959,0.0015259,0.05127
0.035553,-0.0013733,0.054932
0.035095,-0.0018311,0.047607
0.035706,-0.002594,0.05249
0.034943,-0.0024414,0.046387
0.031738,-0.00091553,0.047607
0.033875,0.00061035,0.048828
0.033264,0.0024414,0.045166
0.033569,0.0041199,0.048828
0.033264,0.004425,0.043945
0.031586,0.0042725,0.042725
0.03006,0.0016785,0.041504
0.028076,-0.00045776,0.032959
0.026855,-0.002594,0.040283
0.026093,-0.0021362,0.05249
0.025635,-0.00030518,0.039063
0.026245,0.0016785,0.039063
0.02655,0.002594,0.037842
0.027618,0.0022888,0.041504
0.027466,0.0010681,0.039063
0.027618,0.0013733,0.037842
0.028229,0.00015259,0.039063
0.027466,0.0021362,0.042725
0.027008,0.0057983,0.043945
0.025635,0.0076294,0.048828
0.029297,0.0076294,0.05127
0.028992,0.0065613,0.05249
0.028992,0.004425,0.063477
0.027466,0.0042725,4.4202
0.025177,0.0056458,4.8975
0.023499,0.0082397,4.9255
0.02243,0.010376,4.9231
0.020905,0.009613,4.9304
0.018921,0.0091553,4.928
0.017548,0.0061035,4.928
0.018005,0.0038147,4.9329
0.015411,0.004425,4.9304
0.016174,0.005188,4.9329
0.015564,0.0073242,4.9292
0.016632,0.0050354,4.9353
0.0177,0.0024414,4.9316
0.017853,0,4.9353
0.018616,-0.0028992,4.9329
0.01709,-0.0032043,4.9365
0.015869,-0.0022888,4.9341
0.015869,-0.00015259,4.9329
0.01709,0.0018311,4.9353
0.021973,0.0030518,4.9292
0.019073,0.0036621,4.9353
0.020447,0.0027466,4.9243
0.022583,0.0021362,4.9243
0.025177,0.0033569,4.917
0.027771,0.0050354,4.9194
0.029755,0.0073242,4.917
0.031738,0.0093079,4.9158
0.033722,0.0099182,4.9097
0.034027,0.010376,4.9158
0.032196,0.0093079,4.8962
0.031128,0.0079346,4.9121
0.03006,0.0079346,4.9109
0.027466,0.0076294,4.917
0.025482,0.0061035,4.9109
0.022278,0.0041199,4.9146
0.020294,-0.0015259,4.9231
0.018616,0.0013733,4.9097
0.018005,-0.0048828,4.9121
0.017548,-0.0056458,4.9109
0.018005,-0.0059509,4.8926
0.018768,-0.0036621,4.9109
0.020294,-0.0053406,4.9097
0.02182,-0.0048828,4.9158
0.022736,-0.0064087,4.9158
0.024261,-0.0068665,4.9146
0.025787,-0.0073242,4.9219
0.02655,-0.0071716,4.9146
0.02655,-0.0041199,4.9255
0.02594,0.00015259,4.9219
0.02655,0.0042725,4.9304
0.027466,0.0080872,4.928
0.032043,0.010376,4.9353
0.032196,0.01236,4.9341
0.034637,0.011902,4.9304
0.037842,0.011444,4.9329
0.040131,0.010529,4.9329
0.042419,0.0091553,4.9438
0.040894,0.0073242,4.9304
0.039368,0.0057983,4.9194
0.036163,0.0047302,4.9329
0.033112,0.0036621,4.9316
0.029144,0.0042725,4.9353
0.024872,0.0045776,4.9402
0.021515,0.0079346,4.9341
0.019379,0.0016785,4.9353
0.019684,0.00015259,4.928
0.018921,-0.00015259,4.9329
0.02121,-0.00030518,4.9231
0.025024,0.00015259,4.9268
0.027466,0.0012207,4.9231
0.025482,0.0022888,4.9243
0.023956,0.0024414,4.9243
0.019379,0.0021362,1.9812
0.016785,0.00045776,0.048828
0.014648,0.0010681,0.043945
0.01236,0.0016785,0.036621
0.010529,0.0027466,0.045166
0.009613,0.0041199,0.037842
0.0079346,0.0038147,0.039063
0.0093079,0.0028992,0.042725
0.01358,-0.0015259,0.039063
0.015259,-0.0074768,0.040283
0.018463,-0.011139,0.0354
0.021362,-0.011749,0.040283
0.02182,-0.007782,0.036621
0.020599,-0.0027466,0.042725
0.020905,0.00091553,0.042725
0.020142,0.0032043,0.039063
0.019379,0.00045776,0.039063
0.019684,-0.0012207,0.040283
0.021057,-0.0013733,0.048828
0.02182,-0.00091553,0.046387
0.023041,0.00061035,0.057373
0.023041,0.0018311,0.05249
0.022888,0.002594,0.041504
0.022125,0.0010681,0.048828
0.021515,0.00030518,0.053711
0.020905,0.00030518,0.057373
0.018921,0.0010681,0.059814
0.016632,0.0027466,0.058594
0.015717,0.0024414,0.062256
0.015259,0.0041199,0.061035
0.015411,0.0050354,0.064697
0.017395,0.0053406,0.056152
0.019226,0.0061035,0.061035
0.020905,0.0071716,0.062256
0.020752,0.0071716,0.063477
0.021057,0.0054932,0.078125
0.019989,0.0045776,0.065918
0.018005,0.0018311,0.059814
0.016174,-0.00045776,0.061035
0.015106,-0.00061035,0.056152
0.014954,0,0.061035
0.016022,0.0010681,0.059814
0.016937,0.0021362,0.061035
0.017242,0.0035095,0.057373
0.019836,0.005188,0.05127
0.021515,0.0062561,0.05249
0.024414,0.0062561,0.050049
0.026855,0.0057983,0.050049
0.027618,0.0064087,0.041504
0.028229,0.005188,0.047607
0.026703,0.0059509,0.046387
0.023651,0.0054932,0.047607
0.019226,0.0050354,0.042725
0.014801,0.0056458,0.042725
0.012512,0.0050354,0.05127
0.010529,0.0038147,0.041504
0.010223,0.0036621,0.053711
0.011292,0.0027466,0.041504
0.01236,0.0033569,0.03418
0.013885,0.0032043,0.036621
0.016174,0.0016785,0.036621
0.018158,0.00076294,0.036621
0.020447,0.00030518,0.041504
0.022888,-0.00030518,0.036621
0.025787,-0.00091553,0.039063
0.023499,-0.0012207,0.039063
0.023804,-0.0013733,0.045166
0.021973,-0.0012207,0.042725
0.021057,-0.0013733,0.047607
0.022278,-0.00045776,0.048828
0.024109,0.00015259,0.05127
0.026245,0.0010681,0.058594
0.027313,0.0013733,0.056152
0.029297,0.0012207,0.058594
0.029907,-0.00015259,0.061035
0.031586,-0.0032043,0.061035
0.032501,-0.004425,0.062256
0.034637,-0.0048828,0.072021
0.0354,-0.0056458,2.2852
0.035095,-0.0059509,4.7717
0.033264,-0.0062561,4.9146
0.029907,-0.0071716,4.9292
0.030518,-0.0074768,4.9292
0.02655,-0.0064087,4.9341
0.027771,-0.0042725,4.9304
0.030365,-0.00030518,4.9353
0.033569,0.0021362,4.9353
0.035858,0.0033569,4.9365
0.038147,0.0019836,4.9316
0.03952,-0.0015259,4.9341
0.041809,-0.0041199,4.9414
0.042267,-0.0042725,4.9194
0.040436,-0.0028992,4.9255
0.039673,-0.00045776,4.9243
0.036163,0.0019836,4.9036
0.033112,0.0024414,4.917
0.029144,0.00076294,4.9219
0.027924,-0.0030518,4.9182
0.027313,-0.002594,4.917
0.028076,-0.0021362,4.9121
0.027924,0.00091553,4.9158
0.028229,0.0030518,4.9109
0.028381,0.0038147,4.9023
0.027161,0.0019836,4.9072
0.027008,-0.0013733,4.9109
0.02533,-0.0018311,4.9084
0.024261,-0.0016785,4.9133
0.024414,0.0010681,4.9097
0.024872,0.0045776,4.9109
0.021667,0.007782,4.9097
0.018921,0.0086975,4.9109
0.019379,0.0086975,4.9084
0.019226,0.0050354,4.9133
0.02182,0.0068665,4.9109
0.024261,0.0059509,4.9146
0.027161,0.0064087,4.9146
0.029449,0.0061035,4.9146
0.030365,0.0059509,4.9182
0.029602,0.0041199,4.9194
0.027618,0.0022888,4.9243
0.028687,0.0021362,4.9231
0.028687,0.0016785,4.9292
0.028381,0.0018311,4.9304
0.027008,0.0021362,4.9316
0.024872,0.0022888,4.928
0.023499,0.0018311,4.9329
0.02182,-0.0013733,4.939
0.023041,0.00015259,4.9329
0.025177,-0.0038147,4.9365
0.027618,-0.0050354,4.9341
0.027313,-0.0042725,4.9219
0.024872,-0.005188,4.9353
0.021515,-0.0048828,4.9341
0.019073,-0.0071716,4.9207
0.018311,-0.0086975,4.9329
0.02121,-0.0086975,4.9353
0.023193,-0.0067139,4.9329
0.025177,-0.002594,4.9268
0.024567,0.0015259,4.9329
0.024261,0.0041199,4.9243
0.023956,0.0047302,4.928
0.025177,0.0018311,4.9231
0.027313,-0.0022888,4.9255
0.029755,-0.0035095,4.9219
0.029449,-0.0045776,4.9207
0.030518,-0.004425,4.9207
0.028534,-0.0038147,4.9182
0.028381,-0.0057983,4.9182
0.023346,-0.010223,4.9133
0.022583,-0.015259,4.9121
0.020599,-0.017548,4.9097
0.019226,-0.019073,0.042725
0.018158,-0.017395,0.039063
0.0177,-0.014954,0.040283
0.015869,-0.014801,0.037842
0.015564,-0.016479,0.040283
0.016937,-0.019379,0.036621
0.019989,-0.02243,0.040283
0.024414,-0.022888,0.036621
0.026855,-0.020752,0.042725
0.027466,-0.015717,0.039063
0.024872,-0.009613,0.043945
0.023346,-0.0039673,0.058594
0.024719,0.00076294,0.046387
0.028992,0.0028992,0.05249
0.034027,0.0035095,0.050049
0.03891,0.0039673,0.032959
0.041656,0.0038147,0.053711
0.042725,0.0053406,0.053711
0.040894,0.007782,0.057373
0.03952,0.0057983,0.065918
0.039825,0.0041199,0.057373
0.039215,0.0024414,0.063477
0.038147,0.00015259,0.061035
0.035706,-0.0016785,0.061035
0.030975,-0.0016785,0.058594
0.026093,0.00015259,0.062256
0.023041,0.00076294,0.058594
0.020447,0,0.065918
0.02121,-0.0028992,0.070801
0.021973,-0.0061035,0.067139
0.019836,-0.0080872,0.067139
0.024261,-0.0065613,0.067139
0.023193,-0.0035095,0.078125
0.020599,-0.0019836,0.062256
0.015564,-0.0016785,0.064697
0.014801,-0.00076294,0.061035
0.012817,-0.00076294,0.057373
0.01236,0.0012207,0.05249
0.012054,0.0028992,0.054932
0.010681,0.0065613,0.050049
0.010071,0.0074768,0.05127
0.0067139,0.009613,0.047607
0.010834,0.0062561,0.05127
0.014343,0.0032043,0.045166
0.016937,0.002594,0.047607
0.019379,-0.00045776,0.040283
0.019836,0.0010681,0.041504
0.019226,0.0039673,0.048828
0.016785,0.0061035,0.040283
0.014343,0.0074768,0.047607
0.014038,0.0062561,0.040283
0.014801,0.0024414,0.030518
0.016022,-0.00015259,0.039063
0.017395,-0.00091553,0.039063
0.017548,0.0021362,0.036621
0.015717,0.005188,0.039063
0.014954,0.0061035,0.0354
0.016022,0.0050354,0.041504
0.017242,0.0042725,0.037842
0.017548,0.0021362,0.047607
0.018768,0.0033569,0.042725
0.0177,0.0065613,0.048828
0.014343,0.011139,0.048828
0.011139,0.015106,0.056152
0.0085449,0.01709,0.053711
0.0090027,0.016785,0.058594
0.0097656,0.016022,0.057373
0.010834,0.012817,0.058594
0.011749,0.014343,0.067139
0.010986,0.016632,0.058594
0.0097656,0.018768,0.047607
0.0091553,0.019379,0.058594
0.010223,0.017395,0.061035
0.0099182,0.013885,0.058594
0.010376,0.010376,0.059814
0.0091553,0.0039673,0.059814
0.0065613,0.0067139,0.064697
0.0047302,0.007019,0.064697
0.0019836,0.0074768,4.6057
0.0021362,0.007019,4.9084
0.0036621,0.005188,4.9341
0.0062561,0.0045776,4.9292
0.0086975,0.0041199,4.9341
0.010071,0.0045776,4.9426
0.011139,0.0071716,4.928
0.010376,0.0088501,4.9219
0.0099182,0.011139,4.9243
0.0099182,0.012207,4.9121
0.010529,0.012665,4.9194
0.010529,0.01236,4.917
0.0093079,0.011292,4.917
0.0080872,0.011139,4.9182
0.0067139,0.011749,4.9146
0.0068665,0.011139,4.9158
0.0099182,0.010529,4.9121
0.014343,0.010834,4.9121
0.018768,0.0083923,4.906
0.021057,0.0071716,4.9133
0.021362,0.0068665,4.9097
0.019836,0.0067139,4.9121
0.018768,0.0062561,4.9084
0.018311,0.0054932,4.9121
0.021057,0.0054932,4.917
0.023956,0.0047302,4.9097
0.026703,0.0050354,4.9207
0.027313,0.0057983,4.9097
0.027771,0.007782,4.9048
0.028076,0.0097656,4.9146
0.028992,0.010529,4.9146
0.030975,0.011444,4.9146
0.033722,0.011139,4.9194
0.0354,0.0097656,4.9182
0.032959,0.0071716,4.9219
0.028534,0.005188,4.9255
0.022278,0.0036621,4.9304
0.017242,0.0030518,4.928
0.014648,0.0027466,4.9316
0.014343,0.0019836,4.9341
0.015564,0.00076294,4.9341
0.015564,-0.0012207,4.9365
0.01236,-0.0039673,4.9341
0.014496,-0.0041199,4.9304
0.015106,-0.0038147,4.9353
0.018005,-0.0024414,4.9365
0.021667,-0.00076294,4.9353
0.025787,-0.00015259,4.9316
0.028229,-0.00091553,4.9341
0.029144,0.00045776,4.9353
0.028381,-0.0018311,4.9341
0.028229,-0.00091553,4.9353
0.028534,0.00045776,4.928
0.030975,0.0022888,4.9341
0.034027,0.0032043,4.9255
0.035858,0.0027466,4.928
0.036926,0.0012207,4.9231
0.036621,-0.00045776,4.9255
0.0354,0.00061035,4.9194
0.033722,0.0028992,4.9207
0.033417,0.0057983,4.9292
0.034332,0.007019,4.917
0.035248,0.0061035,4.9255
0.036163,0.005188,4.917
0.035553,0.0033569,4.8999
0.033569,0.0053406,4.9097
0.031433,0.0076294,4.9109
0.029755,0.0094604,4.9133
0.029144,0.010223,4.9109
0.029297,0.0091553,4.906
0.029297,0.0079346,4.9133
0.027771,0.007019,4.9084
0.025787,0.0062561,0.041504
0.022888,0.0068665,0.037842
0.02121,0.007782,0.040283
0.022125,0.0080872,0.040283
0.024414,0.007019,0.043945
0.029144,0.0056458,0.05249
0.030975,0.0057983,0.046387
0.031891,0.0071716,0.046387
0.030823,0.007782,0.046387
0.028992,0.010376,0.037842
0.027771,0.010376,0.05249
0.028381,0.010529,0.045166
0.028076,0.0086975,0.057373
0.027313,0.0067139,0.058594
0.024567,0.0047302,0.059814
0.021057,0.002594,0.065918
0.017548,0.0010681,0.059814
0.016022,-0.0012207,0.062256
0.018005,-0.0021362,0.058594
0.020142,-0.0030518,0.063477
0.022278,-0.0045776,0.061035
0.023499,-0.0054932,0.067139
0.023499,-0.0062561,0.059814
0.022278,-0.0054932,0.067139
0.02182,-0.0041199,0.074463
0.024719,-0.00030518,0.068359
0.027618,0.0021362,0.074463
0.028229,0.0038147,0.062256
0.031738,0.0050354,0.05249
0.030212,0.0027466,0.057373
0.029755,0.0010681,0.05127
0.028992,0,0.05127
0.027924,-0.00045776,0.05249
0.027618,-0.00030518,0.047607
0.026398,-0.00015259,0.05127
0.024261,0.0022888,0.047607
0.021515,0.002594,0.048828
0.015259,0.0027466,0.043945
0.015717,0.0012207,0.046387
0.013733,-0.00030518,0.047607
0.014038,-0.0024414,0.050049
0.01709,-0.0062561,0.041504
0.019226,-0.012054,0.040283
0.021515,-0.017242,0.041504
0.02182,-0.02182,0.041504
0.019073,-0.023956,0.037842
0.018768,-0.023041,0.036621
0.019073,-0.016632,0.040283
0.022125,-0.0088501,0.037842
0.025635,-0.0015259,0.040283
0.026245,0.002594,0.039063
0.028534,0.0045776,0.037842
0.031586,0.0053406,0.046387
0.033722,0.0074768,0.046387
0.037384,0.0053406,0.042725
0.040588,0.0053406,0.050049
0.04364,0.0022888,0.05127
0.045929,0.0021362,0.05249
0.041046,-0.00076294,0.048828
0.036469,-0.0041199,0.057373
0.030518,-0.0057983,0.068359
0.025482,-0.0042725,0.059814
0.023346,-0.0016785,0.064697
0.022125,0.0015259,0.065918
0.021515,0.0035095,0.05127
0.020294,0.002594,0.058594
0.019531,0.0019836,0.062256
0.019989,-0.00015259,0.057373
0.019226,0.00015259,0.059814
0.020752,0.00091553,0.057373
0.02243,0.00076294,0.065918
0.028076,0.00030518,0.064697
0.019989,-0.0019836,0.065918
0.0177,-0.0045776,0.062256
0.014191,-0.0064087,0.068359
0.01297,-0.0056458,0.057373
0.010681,-0.0024414,0.062256
0.010529,-0.0012207,0.061035
0.0085449,-0.00091553,4.4556
0.0088501,-0.0010681,4.8938
0.009613,-0.0033569,4.917
0.012665,-0.0021362,4.9304
0.015869,-0.0013733,4.9231
0.020905,0.0021362,4.8987
0.023346,0.0050354,4.9158
0.024414,0.007019,4.9146
0.023499,0.0076294,4.9158
0.021667,0.0065613,4.8938
0.019073,0.0041199,4.9109
0.016327,0.0028992,4.9097
0.013885,0.0024414,4.9072
0.010223,0.0019836,4.9109
0.0083923,-0.00015259,4.9084
0.007782,-0.00045776,4.9097
0.0093079,-0.0021362,4.9072
0.009613,-0.0041199,4.9097
0.010071,-0.0045776,4.917
0.010223,-0.0061035,4.9109
0.010376,-0.0057983,4.9158
0.009613,-0.0047302,4.9097
0.010376,-0.00045776,4.906
0.0099182,0.0012207,4.9182
0.0093079,0.0035095,4.9158
0.0079346,0.0061035,4.9158
0.0097656,0.0090027,4.9194
0.011749,0.010986,4.9194
0.014038,0.012054,4.9231
0.0177,0.013275,4.9219
0.020599,0.012817,4.9329
0.024872,0.012207,4.928
0.02533,0.011597,4.9255
0.025482,0.011139,4.9329
0.026703,0.010834,4.9353
0.026245,0.0099182,4.9304
0.024109,0.0097656,4.9329
0.02243,0.0090027,4.9329
0.018616,0.0091553,4.9353
0.015717,0.0067139,4.9438
0.01358,0.0065613,4.9341
0.012054,0.0045776,4.9207
0.011749,0.0030518,4.9304
0.012054,0.0028992,4.9316
0.01236,0.0050354,4.9353
0.012817,0.0074768,4.9329
0.014954,0.010529,4.928
0.016479,0.0085449,4.9304
0.016632,0.0074768,4.9255
0.014954,0.0054932,4.9268
0.012054,0.0056458,4.9207
0.010071,0.0065613,4.9182
0.007019,0.0097656,4.9207
0.0062561,0.010223,4.9255
0.0068665,0.011902,4.9219
0.0076294,0.0097656,4.9182
0.0079346,0.0059509,4.9133
0.0091553,0.0039673,4.9158
0.010071,0.0050354,4.895
0.01236,0.0027466,4.9084
0.013733,0.0022888,4.9109
0.015106,0,4.9109
0.016327,-0.0028992,4.9084
0.016937,-0.0054932,4.9084
0.016479,-0.0080872,4.9133
0.017242,-0.0045776,4.9072
0.017853,-0.0033569,4.9084
0.018768,-0.0021362,4.9072
0.019836,-0.0010681,4.9133
0.022278,-0.00091553,4.9121
0.024872,-0.00030518,4.9146
0.02655,0.00045776,0.046387
0.028381,0.0013733,0.047607
0.030975,0.0032043,0.050049
0.030518,0.0030518,0.050049
0.028992,0.0021362,0.065918
0.027313,0.0016785,0.054932
0.026703,0.0016785,0.045166
0.029755,0.0016785,0.058594
0.025787,0.0024414,0.058594
0.027008,0.0013733,0.058594
0.027466,-0.00045776,0.062256
0.03006,-0.0036621,0.059814
0.029755,-0.0065613,0.061035
0.03006,-0.0090027,0.059814
0.029144,-0.010834,0.062256
0.027924,-0.012512,0.057373
0.025482,-0.012512,0.065918
0.024261,-0.011444,0.067139
0.020905,-0.0099182,0.067139
0.026398,-0.0071716,0.074463
0.028229,-0.004425,0.065918
0.029907,-0.0028992,0.067139
0.030365,-0.0010681,0.064697
0.033417,-0.00015259,0.057373
0.036316,0.0010681,0.059814
0.037842,0.0028992,0.054932
0.03891,0.0032043,0.05249
0.037689,0.0035095,0.054932
0.035248,0.0028992,0.050049
0.032043,0.0012207,0.046387
0.029297,-0.002594,0.047607
0.027313,-0.0010681,0.048828
0.025482,-0.00076294,0.041504
0.024109,-0.00030518,0.047607
0.023499,-0.00061035,0.047607
0.023041,-0.0013733,0.043945
0.023193,-0.0036621,0.032959
0.024261,-0.0045776,0.046387
0.025177,-0.0061035,0.053711
0.026398,-0.0091553,0.040283
0.027618,-0.0047302,0.050049
0.027924,-0.0033569,0.042725
0.027008,-0.0022888,0.030518
0.02533,-0.0024414,0.036621
0.024719,-0.0028992,0.040283
0.020599,-0.002594,0.039063
0.023651,-0.0012207,0.031738
0.022583,-0.0039673,0.040283
0.023651,0.002594,0.045166
0.025482,0.0035095,0.042725
0.02655,0.0050354,0.048828
0.028687,0.0047302,0.046387
0.028534,0.0047302,0.05249
0.028839,0.0033569,0.053711
0.027313,-0.00030518,0.057373
0.023956,-0.0022888,0.070801
0.02182,-0.0053406,0.061035
0.018921,-0.0054932,0.062256
0.016632,-0.0042725,0.063477
0.015717,-0.0024414,0.064697
0.014496,-0.0027466,0.058594
0.015411,-0.0059509,0.056152
0.014954,-0.0099182,0.058594
0.01709,-0.01236,0.062256
0.019684,-0.010834,0.059814
0.023193,-0.0065613,0.067139
0.026398,-0.0016785,0.064697
0.029449,0.00091553,0.062256
0.031586,0,0.062256
0.032959,-0.00015259,0.067139
0.032501,-0.0018311,0.061035
0.030975,-0.0019836,0.061035
0.028992,-0.0013733,0.058594
0.026093,-0.00061035,0.056152
0.024109,0.0035095,0.063477
0.021057,-0.0027466,0.050049
0.018158,-0.0067139,0.057373
0.016022,-0.011749,0.048828
0.016479,-0.01358,2.9041
0.019073,-0.012817,4.7961
0.021057,-0.010681,4.9023
0.023499,-0.0067139,4.9109
0.027008,-0.0036621,4.9097
0.025787,-0.0012207,4.9121
0.028839,0,4.9109
0.026703,0.00045776,4.9084
0.026703,0.00045776,4.9109
0.026245,-0.00061035,4.9097
0.026398,-0.0012207,4.9133
0.026093,-0.0041199,4.8962
0.024567,-0.004425,4.9109
0.024109,-0.0041199,4.9084
0.02243,-0.0024414,4.9109
0.023804,-0.00030518,4.9097
0.024109,0.0016785,4.9121
0.02655,0.0019836,4.9133
0.028839,0.0019836,4.9146
0.029907,0.0022888,4.9133
0.032654,0.0036621,4.9158
0.033569,0.0062561,4.9194
0.034027,0.007782,4.9219
0.033722,0.0080872,4.9231
0.032501,0.005188,4.9231
0.03006,0.0016785,4.9292
0.028534,-0.0010681,4.928
0.021973,-0.0016785,4.9329
0.017853,-0.0028992,4.928
0.013428,0.00076294,4.9341
0.009613,0.0012207,4.9292
0.007019,-0.00015259,4.9316
0.005188,-0.0015259,4.9438
0.0062561,-0.0061035,4.9304
0.0071716,-0.00091553,4.9353
0.0099182,-0.00045776,4.9377
0.012512,-0.00045776,4.9207
0.013885,-0.00076294,4.9329
0.013885,-0.00091553,4.9353
0.011597,-0.0021362,4.9341
0.009613,-0.0024414,4.9365
0.0073242,-0.002594,4.928
0.0047302,-0.002594,4.9304
0.005188,-0.00030518,4.9158
0.0010681,-0.0019836,4.9243
0.0032043,-0.00076294,4.917
0.0056458,0.00061035,4.9231
0.0099182,0.0016785,4.9207
0.014496,0.0028992,4.9207
0.018463,0.0032043,4.9194
0.019379,0.0036621,4.9158
0.022125,0.0041199,4.9182
0.021973,0.005188,4.9158
0.02121,0.0068665,4.9182
0.019836,0.0068665,4.9097
0.018311,0.0057983,4.906
0.016937,0.0076294,4.9109
0.014648,0.0085449,4.9158
0.013885,0.0091553,4.9109
0.014343,0.010529,4.9121
0.014954,0.0090027,4.9084
0.016327,0.0062561,4.9097
0.018158,0.0045776,4.906
0.019836,0.0027466,4.9133
0.019989,0.0071716,4.9121
0.019379,0.010834,4.9158
0.017242,0.011597,4.9146
0.014954,0.011749,4.9182
0.010986,0.010376,4.928
0.0068665,0.0079346,4.917
0.0042725,0.007019,4.9304
0.00061035,0.0090027,4.9255
-0.0015259,0.011139,0.048828
-0.0024414,0.01236,0.057373
-0.0012207,0.012512,0.061035
0.00076294,0.010834,0.056152
0.0028992,0.0090027,0.059814
0.0047302,0.0079346,0.063477
0.0065613,0.0091553,0.061035
0.0073242,0.010986,0.061035
0.0071716,0.01297,0.063477
0.0064087,0.013123,0.059814
0.0035095,0.012207,0.065918
0.00015259,0.010681,0.067139
-0.002594,0.0074768,0.067139
-0.0045776,0.0045776,0.062256
-0.0056458,0.0035095,0.064697
-0.0041199,0.004425,0.070801
-0.0010681,0.0062561,0.062256
0.0032043,0.0085449,0.074463
0.0065613,0.011139,0.061035
0.010223,0.012207,0.056152
0.013428,0.011139,0.053711
0.015869,0.010834,0.05127
0.018768,0.011902,0.047607
0.019989,0.014801,0.048828
0.020599,0.0177,0.041504
0.018921,0.018311,0.047607
0.016785,0.020142,0.043945
0.013733,0.01709,0.043945
0.013885,0.014343,0.043945
0.014496,0.011902,0.045166
0.013275,0.0099182,0.039063
0.016937,0.010223,0.042725
0.018768,0.0094604,0.05249
0.020599,0.0079346,0.040283
0.022125,0.0057983,0.042725
0.023346,0.0036621,0.037842
0.023956,0.0018311,0.023193
0.023346,0.0019836,0.036621
0.02243,0.0033569,0.039063
0.020599,0.0028992,0.039063
0.018463,0.0015259,0.039063
0.0177,0.00061035,0.039063
0.015259,-0.00045776,0.045166
0.015869,-0.0053406,0.045166
0.017242,-0.00091553,0.050049
0.019226,-0.00015259,0.045166
0.021515,-0.00045776,0.05127
0.023346,-0.00091553,0.053711
0.024719,-0.0015259,0.061035
0.02594,-0.0012207,0.061035
0.026398,-0.00015259,0.059814
0.029144,0.0016785,0.062256
0.028534,0.0035095,0.063477
0.028839,0.0033569,0.075684
0.028992,0.0013733,0.059814
0.028229,0,0.050049
0.028687,-0.0016785,0.062256
0.027466,-0.0021362,0.056152
0.027771,-0.0016785,0.063477
0.027924,-0.0016785,0.064697
0.027924,-0.0024414,0.064697
0.028381,-0.0012207,0.065918
0.029144,-0.00061035,0.065918
0.029602,0.0010681,0.065918
0.029602,0.002594,0.061035
0.030975,0.0024414,0.059814
0.03006,0.0012207,0.059814
0.03067,0.0016785,0.059814
0.03006,0.00030518,0.057373
0.030365,0.00045776,0.053711
0.031281,0.0010681,0.046387
0.029907,0.00091553,0.050049
0.028839,-0.00061035,0.039063
0.026703,-0.0016785,0.047607
0.024719,-0.0024414,0.043945
0.022888,-0.0033569,0.043945
0.022278,0.0018311,0.037842
0.021667,0.0047302,0.032959
0.021667,0.0068665,4.2542
0.02182,0.0050354,4.8657
0.022888,0.0015259,4.9048
0.024872,0.00076294,4.9048
0.024719,0.0042725,4.9097
0.026855,0.0065613,4.9121
0.027771,0.0074768,4.9109
0.028534,0.0067139,4.9084
0.028229,0.0030518,4.9121
0.027771,-0.00091553,4.9194
0.026855,-0.0021362,4.9109
0.025635,-0.00015259,4.9194
0.024261,0.00030518,4.917
0.024719,0.0042725,4.9011
0.024567,0.002594,4.9182
0.023956,-0.0018311,4.9158
0.024872,-0.0061035,4.9219
0.025177,-0.0080872,4.9219
0.026093,-0.0086975,4.9194
0.027466,-0.0071716,4.9292
0.025482,-0.0045776,4.9329
0.024261,-0.0021362,4.9329
0.024261,-0.0030518,4.9243
0.024261,0.0010681,4.9329
0.023651,0.0028992,4.9329
0.023041,0.0038147,4.9316
0.023804,0.0041199,4.9426
0.023499,0.0050354,4.9341
0.025787,0.0071716,4.9329
0.027008,0.0053406,4.9341
0.029449,0.004425,4.9414
0.032349,0.0041199,4.939
0.034637,0.004425,4.9451
0.035706,0.0038147,4.9377
0.034637,0.0033569,4.9316
0.032196,0.0024414,4.9255
0.028381,0.00045776,4.9292
0.025635,-0.0027466,4.9255
0.023193,-0.0082397,4.9231
0.022125,-0.012512,4.9207
0.021362,-0.015717,4.9207
0.02182,-0.016632,4.9207
0.020905,-0.016174,4.9109
0.019226,-0.016785,4.9158
0.021362,-0.014496,4.9194
0.020294,-0.011902,4.9243
0.020599,-0.009613,4.9146
0.020294,-0.0068665,4.9207
0.021362,-0.0042725,4.9133
0.022125,-0.0028992,4.8975
0.023346,-0.0021362,4.9133
0.023193,-0.0019836,4.9084
0.023804,-0.0022888,4.9109
0.024567,-0.002594,4.906
0.02533,-0.0016785,4.9109
0.028076,0.00045776,4.9097
0.03006,0.0022888,4.906
0.030975,0.0027466,4.9121
0.032501,0.0028992,4.9109
0.030975,0.0050354,4.9182
0.031433,0.0061035,4.9158
0.031433,0.0091553,4.9182
0.031281,0.0086975,4.9207
0.030365,0.0074768,4.9231
0.028687,0.0056458,4.9219
0.027161,0.0021362,4.9231
0.025787,0.0018311,4.9304
0.027008,0.00076294,4.9304
0.026703,0.00091553,4.9207
0.027313,0.0012207,4.9292
0.027161,0.0018311,4.9329
0.026093,0.0036621,4.9304
0.026093,0.0036621,0.063477
0.024719,0.0038147,0.057373
0.022125,-0.0015259,0.063477
0.018158,-0.0013733,0.061035
0.014496,-0.0035095,0.065918
0.010529,-0.0036621,0.065918
0.0088501,-0.0030518,0.067139
0.007019,-0.00061035,0.065918
0.0048828,-0.00015259,0.065918
0.0059509,0.00015259,0.079346
0.0061035,-0.0021362,0.063477
0.0057983,-0.005188,0.059814
0.0076294,-0.007019,0.058594
0.009613,-0.0062561,0.040283
0.011139,-0.0050354,0.05249
0.011444,-0.004425,0.048828
0.012512,-0.0024414,0.05127
0.012054,-0.0030518,0.047607
0.011444,-0.0048828,0.043945
0.012512,-0.0047302,0.048828
0.013428,-0.0016785,0.043945
0.014496,0.0033569,0.046387
0.015717,0.0067139,0.040283
0.0177,0.0065613,0.045166
0.018005,0.005188,0.046387
0.016479,0.00091553,0.043945
0.017242,-0.0010681,0.042725
0.019073,-0.00015259,0.041504
0.016937,0.0024414,0.040283
0.014954,0.0050354,0.043945
0.012512,0.0059509,0.036621
0.011444,0.0039673,0.036621
0.0086975,0.00076294,0.050049
0.0074768,-0.00030518,0.036621
0.0076294,0.00076294,0.037842
0.0082397,0.0022888,0.040283
0.0082397,0.0042725,0.045166
0.0079346,0.0047302,0.046387
0.0067139,0.0038147,0.050049
0.0053406,0.0036621,0.047607
0.0035095,0.002594,0.053711
0.0024414,0.0032043,0.054932
0.0024414,0.0033569,0.058594
0.0030518,0.0013733,0.058594
0.0030518,-0.0010681,0.061035
0.0035095,-0.0035095,0.074463
0.0036621,-0.0035095,0.062256
0.0027466,-0.0032043,0.070801
0.0032043,-0.0013733,0.061035
0.0057983,0.00091553,0.05249
0.0091553,0.0019836,0.061035
0.013275,0.0027466,0.061035
0.015717,0.0039673,0.062256
0.016022,0.005188,0.065918
0.015411,0.0054932,0.065918
0.014648,0.0050354,0.064697
0.014496,0.0024414,0.058594
0.014954,-0.0010681,0.065918
0.015717,-0.0036621,0.057373
0.015106,-0.0057983,0.063477
0.013733,-0.0038147,0.057373
0.012207,-0.0015259,0.057373
0.011444,-0.00076294,0.053711
0.012054,-0.00076294,0.05249
0.015259,-0.0015259,0.058594
0.01709,-0.00015259,0.048828
0.018616,0.0039673,0.053711
0.018768,0.0057983,0.047607
0.019379,0.0076294,0.047607
0.019836,0.0056458,0.040283
0.021515,0.0016785,0.043945
0.022125,0.00015259,0.042725
0.022736,0.0015259,0.041504
0.022888,0.0053406,0.0354
0.02182,0.007782,0.041504
0.021973,0.0086975,0.0354
0.020294,0.0048828,0.042725
0.018463,-0.0032043,0.040283
0.021362,-0.0099182,4.2334
0.02182,-0.013123,4.8645
0.022125,-0.013123,4.9036
0.021057,-0.010376,4.9194
0.021515,-0.0079346,4.9121
0.017395,-0.0061035,4.9146
0.015869,-0.0065613,4.9158
0.015259,-0.0068665,4.9036
0.016174,-0.0067139,4.917
0.018005,-0.0050354,4.9146
0.0177,-0.0038147,4.9255
0.019073,-0.0021362,4.9255
0.021057,-0.0024414,4.9207
0.024109,-0.0030518,4.928
0.026398,-0.0050354,4.9231
0.031128,-0.0050354,4.9329
0.032501,-0.0036621,4.9268
0.032349,-0.0030518,4.9341
0.03006,-0.0022888,4.9304
0.028534,0.00030518,4.9353
0.028229,-0.0013733,4.9377
0.028076,0.00030518,4.9316
0.028687,-0.0013733,4.9353
0.029449,-0.0022888,4.9353
0.029449,-0.0033569,4.9451
0.028992,-0.0047302,4.9341
0.029449,-0.0056458,4.9231
0.029602,-0.0056458,4.9353
0.031433,-0.0045776,4.9353
0.030518,-0.0022888,4.9292
0.03067,0.0013733,4.9304
0.030212,0.0039673,4.9243
0.028076,0.0057983,4.9243
0.025482,0.0079346,4.9207
0.024567,0.0080872,4.9231
0.023499,0.010681,4.917
0.023193,0.0054932,4.9121
0.023651,0.0041199,4.9158
0.024261,0.0048828,4.9207
0.024414,0.007019,4.9194
0.024261,0.0083923,4.917
0.024261,0.010223,4.9084
0.025024,0.010681,4.9133
0.025177,0.009613,4.9023
0.024261,0.0064087,4.9109
0.023804,0.0028992,4.9072
0.023499,0.0012207,4.9048
0.021667,-0.00045776,4.9109
0.019531,0,4.9084
0.017853,-0.00061035,4.9097
0.016785,-0.0018311,4.9084
0.016937,-0.0010681,4.9097
0.018463,-0.0039673,4.9109
0.020142,-0.0045776,4.9121
0.019379,-0.0030518,4.9133
0.017395,-0.0021362,4.917
0.016937,-0.0013733,4.9182
0.015717,-0.0019836,4.9243
0.016479,-0.0045776,4.9292
0.018616,-0.0048828,4.9268
0.020752,-0.0047302,4.9353
0.022736,-0.0033569,4.9329
0.021667,-0.0054932,4.9146
0.019379,-0.0039673,4.9207
0.0177,-0.0050354,4.9316
0.016327,-0.0071716,4.9292
0.017548,-0.0065613,4.9292
0.018616,-0.007782,4.9255
0.019226,-0.0068665,4.9353
0.0177,-0.0062561,4.9329
0.016937,-0.0068665,4.9341
0.018005,-0.0099182,4.9341
0.018921,-0.014954,4.9377
0.022125,-0.012817,0.073242
0.025635,-0.010529,0.068359
0.027924,-0.0067139,0.078125
0.029144,-0.00061035,0.064697
0.026703,0.0032043,0.059814
0.030518,0.0027466,0.059814
0.031738,0.0032043,0.053711
0.033569,0.00061035,0.05127
0.036469,-0.0016785,0.053711
0.038147,-0.0021362,0.050049
0.03891,-0.0024414,0.047607
0.037689,-0.0021362,0.043945
0.0354,-0.0053406,0.045166
0.031433,-0.0073242,0.042725
0.027924,-0.0091553,0.046387
0.023804,-0.011597,0.041504
0.019989,-0.0091553,0.043945
0.017548,-0.011139,0.040283
0.015106,-0.0091553,0.039063
0.014038,-0.0076294,0.039063
0.013123,-0.0080872,0.041504
0.014954,-0.0091553,0.05127
0.017853,-0.011597,0.040283
0.020905,-0.015411,0.05127
0.024261,-0.018921,0.039063
0.026093,-0.017242,0.030518
0.026703,-0.014496,0.040283
0.024872,-0.0082397,0.041504
0.023346,-0.002594,0.041504
0.022278,0,0.042725
0.021057,-0.00030518,0.045166
0.022888,-0.0050354,0.047607
0.02243,-0.004425,0.040283
0.021667,-0.0035095,0.054932
0.018921,0.00015259,0.054932
0.018463,0.0021362,0.058594
0.017548,0.0024414,0.063477
0.018005,-0.00061035,0.062256
0.020599,-0.0050354,0.065918
0.02121,-0.0080872,0.063477
0.02243,-0.0073242,0.062256
0.023651,-0.0038147,0.062256
0.023651,0.00076294,0.065918
0.023193,0.0039673,0.054932
0.023651,0.0045776,0.054932
0.023041,0.0047302,0.062256
0.019684,0.0030518,0.063477
0.015869,0.0035095,0.064697
0.0088501,0.0047302,0.065918
0.0028992,0.0061035,0.062256
-0.002594,0.0041199,0.065918
-0.005188,0,0.061035
-0.0047302,-0.0074768,0.061035
-0.0013733,-0.013885,0.057373
0.0028992,-0.018463,0.053711
0.0057983,-0.018158,0.05249
0.0068665,-0.014801,0.05249
0.007782,-0.010071,0.063477
0.0068665,-0.0041199,0.047607
0.0068665,0.0016785,0.056152
0.0074768,0.0067139,0.045166
0.010529,0.012207,0.032959
0.012665,0.017395,0.042725
0.016327,0.020447,0.040283
0.019379,0.021973,0.039063
0.022278,0.019989,0.037842
0.025787,0.015717,0.036621
0.029907,0.0074768,0.040283
0.033264,0.0038147,0.037842
0.033112,0.0010681,0.039063
0.028687,0.0010681,0.0354
0.02121,0.0028992,0.042725
0.011139,0.0045776,0.037842
0.0021362,0.0054932,0.042725
-0.0042725,0.0053406,0.042725
-0.0047302,0.004425,0.037842
-0.002594,0.0027466,0.039063
0.0019836,0.0030518,3.9026
0.0061035,0.0042725,4.8511
0.0094604,0.0059509,4.9109
0.01236,0.0059509,4.9133
0.013885,0.0050354,4.9207
0.015869,0.0022888,4.9255
0.014343,0.0010681,4.9243
0.011444,0.00015259,4.9268
0.0047302,0.0019836,4.9268
-0.0035095,0.0032043,4.9207
-0.010681,0.0041199,4.928
-0.015106,0.004425,4.9329
-0.014801,0.0027466,4.928
-0.010834,0.00015259,4.9329
-0.0045776,-0.0015259,4.928
0.00045776,0.00015259,4.9329
0.0048828,0.0047302,4.9414
0.0083923,0.009613,4.939
0.012054,0.013123,4.9377
0.015869,0.014038,4.9438
0.020599,0.014954,4.9255
0.024261,0.013885,4.9353
0.02594,0.014191,4.9292
0.025787,0.01709,4.928
0.024567,0.018311,4.9268
0.023041,0.016327,4.928
0.021362,0.012817,4.9255
0.02182,0.0074768,4.9194
0.023193,0.0018311,4.9231
0.023651,-0.002594,4.9133
0.020905,-0.0039673,4.9182
0.020752,-0.0042725,4.9158
0.017853,-0.0050354,4.9194
0.016022,-0.004425,4.9133
0.015717,-0.0036621,4.9133
0.017242,-0.002594,4.9207
0.018005,-0.0018311,4.9109
0.018768,-0.00076294,4.9194
0.016937,0.0010681,4.9109
0.014343,0.0024414,4.906
0.013123,0.0024414,4.9109
0.012512,0.0021362,4.9072
0.014648,0.0022888,4.9109
0.017548,0.0015259,4.9097
0.019684,0.00030518,4.906
0.022736,-0.00061035,4.9097
0.022583,0.0012207,4.9097
0.023041,0.0036621,4.9158
0.024414,0.007019,4.9133
0.028076,0.0090027,4.9207
0.031891,0.0082397,4.9194
0.034027,0.007782,4.9219
0.035248,0.010223,4.9341
0.032806,0.0050354,4.9292
0.03006,0.0039673,4.9292
0.029602,0.0036621,4.9304
0.031281,0.0041199,4.9194
0.034027,0.0047302,4.9316
0.034943,0.0045776,4.9304
0.034485,0.0032043,4.9304
0.033417,0.0010681,4.9292
0.029907,0.00030518,4.9268
0.027466,0.00061035,4.9365
0.027008,0.002594,4.9353
0.027313,0.0027466,4.9365
0.029907,0.0036621,4.9304
0.028229,0.0030518,4.9377
0.028687,0.0021362,4.9353
0.028076,0.0012207,4.9365
0.026855,0.0021362,4.9377
0.026855,0.004425,4.9353
0.028381,0.0053406,4.9353
0.030365,0.00045776,4.9292
0.030823,-0.0010681,0.070801
0.029755,-0.0054932,0.053711
0.027161,-0.0071716,0.046387
0.023651,-0.0056458,0.048828
0.022125,-0.0010681,0.046387
0.024109,0.0039673,0.045166
0.026398,0.0080872,0.047607
0.030212,0.0090027,0.043945
0.033569,0.0083923,0.042725
0.034332,0.0090027,0.039063
0.034943,0.010834,0.037842
0.033875,0.012054,0.037842
0.033417,0.013123,0.043945
0.033417,0.010681,0.042725
0.034637,0.0057983,0.041504
0.031586,-0.00030518,0.046387
0.029144,-0.0083923,0.041504
0.026245,-0.0056458,0.043945
0.023651,-0.0045776,0.037842
0.02182,-0.00061035,0.031738
0.02243,0.0024414,0.041504
0.025024,0.0013733,0.040283
0.028534,0.0045776,0.042725
0.03067,0.0027466,0.043945
0.029755,0,0.045166
0.027008,-0.0015259,0.047607
0.024261,-0.0019836,0.050049
0.023804,-0.0024414,0.057373
0.023499,-0.0035095,0.053711
0.024872,-0.0047302,0.059814
0.026093,-0.007019,0.063477
0.023956,-0.0085449,0.062256
0.022888,-0.010071,0.061035
0.018768,-0.0099182,0.062256
0.019379,-0.0085449,0.064697
0.021362,-0.0068665,0.062256
0.023651,-0.0047302,0.070801
0.027008,-0.0045776,0.062256
0.026703,-0.0073242,0.048828
0.027313,-0.0062561,0.061035
0.023193,-0.0062561,0.064697
0.022583,-0.0065613,0.067139
0.022278,-0.0056458,0.062256
0.023956,-0.004425,0.053711
0.024872,-0.0030518,0.065918
0.025482,-0.002594,0.057373
0.024567,-0.0033569,0.058594
0.024414,-0.004425,0.054932
0.025787,-0.0038147,0.053711
0.026398,-0.0022888,0.05127
0.028839,-0.00030518,0.057373
0.032196,0,0.059814
0.034485,-0.0033569,0.048828
0.034943,-0.0071716,0.041504
0.031128,-0.010223,0.046387
0.031433,-0.0099182,0.030518
0.030823,-0.0082397,0.040283
0.030518,-0.0056458,0.041504
0.031281,-0.005188,0.040283
0.031738,-0.0083923,0.041504
0.030518,-0.011902,0.039063
0.029755,-0.014343,0.039063
0.027313,-0.013885,0.037842
0.02533,-0.0093079,0.037842
0.023499,-0.0065613,0.0354
0.021667,-0.00045776,0.039063
0.021515,-0.0056458,0.037842
0.02243,-0.007782,0.039063
0.024109,-0.0071716,0.039063
0.02594,-0.0050354,0.043945
0.026245,-0.00076294,0.050049
0.027466,0.0028992,0.046387
0.029297,0.0038147,0.059814
0.031128,0.0035095,0.050049
0.03006,0.00061035,0.037842
0.030365,0.00076294,0.054932
0.026855,-0.0032043,0.057373
0.023346,-0.00015259,3.5242
0.019531,0.0013733,4.8401
0.016937,0.0018311,4.9036
0.015717,0.00045776,4.9304
0.013885,-0.0010681,4.9304
0.014648,-0.0039673,4.9353
0.015259,-0.004425,4.928
0.014648,-0.0047302,4.9329
0.014496,-0.0050354,4.9231
0.013275,-0.0057983,4.9329
0.01358,-0.007782,4.9377
0.01358,-0.0093079,4.939
0.01297,-0.011444,4.9353
0.011749,-0.012207,4.9377
0.0097656,-0.011597,4.9426
0.0074768,-0.0099182,4.9329
0.0065613,-0.0074768,4.9329
0.0071716,-0.0061035,4.9304
0.0093079,-0.004425,4.928
0.01236,-0.0047302,4.9133
0.013123,-0.0057983,4.9231
0.016327,-0.0067139,4.917
0.017242,-0.007019,4.9194
0.0177,-0.0047302,4.9158
0.017853,-0.0022888,4.9182
0.018311,0.0012207,4.917
0.019531,0.0045776,4.9207
0.020142,0.0056458,4.9121
0.020142,0.0042725,4.9158
0.020752,0.0027466,4.9219
0.021667,0.0024414,4.9121
0.023041,0.0024414,4.9194
0.024414,0.0028992,4.9109
0.027008,0.0039673,4.8962
0.026398,0.0030518,4.9097
0.026398,0.0024414,4.9121
0.024414,0.00061035,4.9109
0.023041,-0.00030518,4.9072
0.021057,-0.0010681,4.9036
0.019989,-0.0010681,4.9133
0.0177,0,4.9109
0.015411,0.0016785,4.9109
0.012512,0.00061035,4.9109
0.0093079,-0.00015259,4.9207
0.0068665,-0.0018311,4.9182
0.005188,-0.0021362,4.9231
0.0041199,-0.00091553,4.9255
0.0054932,-0.00030518,4.9255
0.0076294,0.0018311,4.9255
0.010681,0.0022888,4.9316
0.013123,0.0010681,4.9365
0.014648,0.00015259,4.9316
0.014954,-0.0012207,4.9292
0.014191,-0.00061035,4.9329
0.013885,0.0013733,4.9292
0.014191,0.0042725,4.9255
0.015411,0.0065613,4.9341
0.016785,0.007019,4.9316
0.0177,0.0047302,4.9341
0.018768,0.0032043,4.9341
0.018616,0.0028992,4.9377
0.020752,0.004425,4.9329
0.023346,0.00061035,4.9414
0.026855,0.0065613,4.9304
0.028839,0.0071716,4.9353
0.031281,0.0071716,4.9402
0.030823,0.0056458,4.9268
0.030823,0.0073242,4.928
0.029449,0.0068665,4.9243
0.029144,0.0061035,4.9109
0.027924,0.0053406,4.9231
0.027161,0.0038147,4.9207
0.026703,0.00061035,4.9207
0.026245,-0.0036621,4.9207
0.024567,-0.0062561,0.045166
0.023956,-0.007782,0.043945
0.022888,-0.0083923,0.041504
0.022583,-0.0080872,0.042725
0.020447,-0.007782,0.039063
0.018921,-0.0082397,0.041504
0.016632,-0.0088501,0.043945
0.019073,-0.0083923,0.042725
0.01358,-0.0061035,0.039063
0.011139,-0.0035095,0.042725
0.014801,-0.00091553,0.037842
0.016785,0.0015259,0.040283
0.019379,0.0032043,0.042725
0.021515,0.004425,0.042725
0.023956,0.0042725,0.041504
0.02533,0.0057983,0.041504
0.026855,0.0050354,0.045166
0.027313,0.0048828,0.047607
0.030518,0.0062561,0.05127
0.031891,0.007782,0.047607
0.031738,0.0068665,0.046387
0.032196,0.0061035,0.057373
0.029755,0.0033569,0.058594
0.033569,0.00076294,0.058594
0.036316,0.0012207,0.062256
0.037079,-0.00045776,0.058594
0.035248,-0.0012207,0.063477
0.03418,-0.002594,0.073242
0.032501,-0.0059509,0.061035
0.031281,-0.0094604,0.064697
0.029449,-0.0099182,0.062256
0.027771,-0.0091553,0.047607
0.025787,-0.0067139,0.062256
0.025482,-0.0038147,0.063477
0.025177,-0.0021362,0.067139
0.02594,-0.0010681,0.065918
0.026703,-0.00061035,0.061035
0.026245,0.0010681,0.067139
0.027924,0.0041199,0.062256
0.027924,0.0056458,0.062256
0.02655,0.010376,0.054932
0.026093,0.010681,0.059814
0.027161,0.010071,0.054932
0.027618,0.0083923,0.05249
0.027313,0.010681,0.053711
0.025024,0.0079346,0.048828
0.026093,0.0094604,0.053711
0.024567,0.011139,0.046387
0.024261,0.0099182,0.054932
0.024414,0.0067139,0.041504
0.023804,0.0035095,0.028076
0.02243,0.00015259,0.039063
0.020294,-0.00076294,0.039063
0.019836,-0.0039673,0.036621
0.019531,-0.0053406,0.040283
0.018616,-0.0074768,0.037842
0.018768,-0.009613,0.039063
0.019073,-0.010834,0.039063
0.019226,-0.010223,0.041504
0.018768,-0.0073242,0.037842
0.019226,-0.007019,0.040283
0.019379,-0.0045776,0.042725
0.019531,-0.0027466,0.0354
0.019836,-0.0019836,0.054932
0.023041,-0.00076294,0.045166
0.025482,-0.00061035,0.056152
0.027618,-0.00045776,0.046387
0.028534,-0.0012207,0.042725
0.029449,-0.00091553,0.05249
0.032349,-0.00091553,0.054932
0.030212,-0.0027466,0.05249
0.03006,-0.0039673,0.059814
0.029297,-0.0057983,0.054932
0.028534,-0.0071716,0.062256
0.026703,-0.0091553,0.058594
0.024109,-0.009613,0.062256
0.023651,-0.010223,0.059814
0.02243,-0.011444,4.6033
0.024109,-0.013275,4.9097
0.026703,-0.013428,4.9292
0.029144,-0.013275,4.9304
0.031433,-0.010681,4.9341
0.030518,-0.0067139,4.939
0.03006,-0.0045776,4.9377
0.030823,-0.0028992,4.9438
0.028381,-0.0027466,4.9341
0.028839,-0.0033569,4.9219
0.027771,-0.002594,4.928
0.027924,-0.0010681,4.9304
0.027924,0.0030518,4.928
0.028992,0.0057983,4.9255
0.031128,0.0068665,4.9182
0.032959,0.0048828,4.9231
0.034637,0.0010681,4.9194
0.03479,-0.002594,4.9219
0.034027,-0.0048828,4.9158
0.032806,-0.0062561,4.9194
0.030212,-0.0059509,4.9133
0.028076,-0.0059509,4.9182
0.024567,-0.0054932,4.9194
0.02243,-0.0062561,4.9158
0.019836,-0.0068665,4.9072
0.018158,-0.0088501,4.9133
0.016937,-0.010529,4.8938
0.015259,-0.010071,4.9084
0.017395,-0.0080872,4.9084
0.02243,-0.0021362,4.9109
0.021515,0.00061035,4.9109
0.023804,0.0053406,4.9072
0.024567,0.0065613,4.9109
0.024719,0.0061035,4.9109
0.023499,0.0027466,4.9133
0.021515,0.0016785,4.9097
0.018311,0.0018311,4.9182
0.014343,0.0022888,4.9194
0.010529,0.0021362,4.9231
0.0071716,0.0012207,4.9194
0.0047302,-0.0010681,4.9255
0.0047302,-0.0028992,4.9292
0.0047302,-0.0016785,4.9292
0.0057983,0.0015259,4.9426
0.0059509,0.0038147,4.9316
0.0080872,0.0062561,4.917
0.0099182,0.0041199,4.9329
0.011444,-0.0016785,4.9304
0.013428,-0.007782,4.928
0.015717,-0.012054,4.9304
0.01709,-0.011749,4.9304
0.017548,-0.0086975,4.9292
0.015717,-0.0054932,4.9316
0.01297,-0.004425,4.939
0.0085449,-0.0065613,4.9329
0.0061035,-0.010071,4.939
0.0035095,-0.010681,4.9329
0.0036621,-0.0083923,4.9377
0.005188,-0.0030518,4.939
0.0068665,0.0021362,4.9329
0.0090027,0.0065613,4.9268
0.010986,0.007019,4.9243
0.013885,0.0085449,4.9194
0.016937,0.0099182,4.9231
0.020447,0.01358,4.9194
0.022278,0.016327,4.9146
0.02121,0.0177,4.917
0.018158,0.016937,4.9194
0.015564,0.015106,4.9146
0.012817,0.012512,4.9109
0.010681,0.0076294,4.9146
0.0093079,0.0056458,4.9084
0.0090027,0.0030518,4.9133
0.0090027,-0.00015259,0.042725
0.010376,-0.0022888,0.042725
0.011902,-0.0033569,0.039063
0.013275,-0.0024414,0.039063
0.016327,-0.00045776,0.050049
0.016937,0.002594,0.039063
0.0177,0.0056458,0.05249
0.0177,0.007019,0.037842
0.016327,0.0071716,0.029297
0.014191,0.0076294,0.040283
0.011749,0.0085449,0.042725
0.010071,0.0086975,0.047607
0.010529,0.0093079,0.048828
0.0090027,0.0099182,0.045166
0.010071,0.010834,0.056152
0.013885,0.011597,0.053711
0.013123,0.01297,0.058594
0.01358,0.014954,0.057373
0.013123,0.014801,0.063477
0.01297,0.013733,0.058594
0.01297,0.011139,0.064697
0.015717,0.0093079,0.076904
0.015564,0.0080872,0.062256
0.016327,0.0065613,0.058594
0.01709,0.0062561,0.063477
0.0177,0.0067139,0.062256
0.018616,0.0054932,0.064697
0.018158,0.0047302,0.065918
0.018158,0.00045776,0.064697
0.017548,0.00015259,0.064697
0.016479,-0.00030518,0.062256
0.018311,-0.0018311,0.064697
0.019379,-0.0012207,0.050049
0.020447,-0.0042725,0.061035
0.021515,-0.0042725,0.054932
0.02243,-0.0053406,0.061035
0.023193,-0.0047302,0.05249
0.022278,-0.0024414,0.05249
0.021515,0,0.043945
0.021973,0.00076294,0.05249
0.021667,0.0021362,0.057373
0.021057,0.00091553,0.047607
0.022125,-0.00061035,0.059814
0.022125,-0.00045776,0.045166
0.023041,0,0.0354
0.024414,0.0027466,0.041504
0.025787,0.0041199,0.037842
0.028076,0.0056458,0.036621
0.029449,0.0050354,0.041504
0.030975,0.00091553,0.036621
0.033875,-0.00091553,0.03418
0.035095,-0.0030518,0.036621
0.036469,-0.0015259,0.041504
0.035858,-0.00061035,0.036621
0.034637,0.00015259,0.042725
0.033417,0.0010681,0.041504
0.032196,0.00091553,0.043945
0.032043,-0.00015259,0.046387
0.035706,0.00091553,0.045166
0.032501,0.0012207,0.047607
0.033722,0.0015259,0.048828
0.0354,0.005188,0.045166
0.0354,0.0053406,0.054932
0.035858,0.0048828,0.040283
0.034637,0.0030518,0.056152
0.034027,0.00030518,0.058594
0.029144,0.0016785,0.059814
0.029755,-0.0021362,0.057373
0.028076,-0.00061035,0.058594
0.025787,-0.00015259,0.061035
0.024109,0.00076294,0.057373
0.021057,0.00015259,0.063477
0.022125,-0.00076294,0.059814
0.021057,-0.0015259,0.064697
0.023499,-0.0021362,0.059814
0.02594,0.00045776,0.065918
0.028839,0.00030518,0.076904
0.031738,0.0015259,3.446
0.033569,0.0033569,4.8474
0.035095,0.0032043,4.9304
0.036469,0.0039673,4.9097
0.037689,0.0039673,4.9292
0.037231,0.0048828,4.9304
0.036316,0.0048828,4.9243
0.033569,0.0036621,4.9255
0.028687,0.0035095,4.9182
0.025482,0.0022888,4.9219
0.024414,0.0021362,4.9194
0.025787,0.0015259,4.917
0.026703,0.0015259,4.9133
0.028534,-0.00061035,4.9158
0.028839,0.00030518,4.9158
0.028687,-0.0019836,4.9158
0.027313,-0.0057983,4.9158
0.025482,-0.0079346,4.9121
0.024109,-0.0090027,4.9084
0.024872,-0.0085449,4.9084
0.025635,-0.0064087,4.9097
0.024414,-0.004425,4.9084
0.024567,-0.0033569,4.9097
0.024261,-0.0024414,4.9097
0.026093,-0.0042725,4.9109
0.029449,-0.0024414,4.9072
0.032654,0.00061035,4.9109
0.035248,0.0027466,4.895
0.036621,0.0024414,4.9109
0.036774,0.0038147,4.9109
0.037994,0.0016785,4.9243
0.03891,-0.00015259,4.9158
0.040436,-0.0012207,4.928
0.041199,-0.0010681,4.9231
0.039215,-0.00030518,4.9268
0.037537,-0.00061035,4.9353
0.033722,-0.0028992,4.9316
0.03006,-0.0064087,4.9353
0.027313,-0.0099182,4.9255
0.02594,-0.011749,4.9231
0.022888,-0.011597,4.9316
0.022736,-0.009613,4.9304
0.023041,-0.0073242,4.928
0.023651,-0.0059509,4.9304
0.023499,-0.0062561,4.9304
0.026703,-0.0061035,4.9353
0.029144,-0.0028992,4.9353
0.031128,-0.00030518,4.9365
0.033264,0.0030518,4.9316
0.03479,0.0061035,4.9377
0.036163,0.0071716,4.9353
0.035858,0.0074768,4.9365
0.035248,0.0059509,4.9329
0.032196,0.0048828,4.9304
0.035248,0.0050354,4.9353
0.035706,0.004425,4.9255
0.036316,0.0024414,4.9304
0.035858,0.00091553,4.9109
0.033875,-0.0024414,4.9243
0.031281,-0.0035095,4.9146
0.027161,-0.0039673,4.9194
0.024261,-0.0022888,4.9182
0.023956,-0.00076294,4.9158
0.023956,0.00015259,4.9097
0.024567,0.00061035,4.9121
0.024414,0.0027466,4.9084
0.02182,0.0050354,4.9084
0.022278,0.004425,4.9097
0.02121,0.0035095,4.895
0.021515,0.00015259,4.9011
0.021667,-0.0036621,4.917
0.02121,-0.0065613,4.9182
0.019226,-0.0065613,4.9097
0.018005,-0.0035095,0.043945
0.016327,-0.0012207,0.041504
0.013885,0.0019836,0.026855
0.014191,0.0021362,0.042725
0.014648,0.00061035,0.046387
0.016174,-0.00076294,0.046387
0.018463,-0.0010681,0.047607
0.019531,-0.0012207,0.047607
0.020294,-0.0019836,0.05249
0.018921,-0.0030518,0.047607
0.016785,-0.0057983,0.054932
0.016327,-0.0094604,0.056152
0.016022,-0.011597,0.063477
0.015411,-0.010681,0.062256
0.014801,-0.0074768,0.061035
0.014801,-0.0039673,0.065918
0.015564,-0.0015259,0.063477
0.018005,-0.0018311,0.062256
0.021515,-0.00045776,0.059814
0.024719,-0.00015259,0.073242
0.028229,0.00091553,0.063477
0.030212,0.00076294,0.057373
0.030518,0.0015259,0.065918
0.028534,-0.0013733,0.067139
0.024719,-0.004425,0.063477
0.020752,-0.0068665,0.067139
0.015564,-0.0061035,0.059814
0.012054,-0.0027466,0.062256
0.0088501,0.0028992,0.058594
0.0050354,0.0074768,0.057373
0.0030518,0.0093079,0.050049
0.0018311,0.0071716,0.05249
0.0024414,0.0038147,0.05127
0.0057983,0.0012207,0.05249
0.010529,0.0016785,0.05249
0.015717,0.0036621,0.048828
0.018158,0.0059509,0.048828
0.018311,0.0076294,0.043945
0.016022,0.0056458,0.032959
0.012512,0.0019836,0.040283
0.010681,-0.0016785,0.037842
0.0085449,-0.0032043,0.039063
0.007782,-0.0019836,0.040283
0.0073242,0.00015259,0.040283
0.0071716,0.0030518,0.037842
0.0086975,0.0041199,0.036621
0.010681,0.0041199,0.042725
0.016785,0.0039673,0.039063
0.019226,0.0047302,0.042725
0.023651,0.0065613,0.041504
0.026855,0.0076294,0.045166
0.027008,0.0094604,0.039063
0.024567,0.0097656,0.045166
0.023499,0.009613,0.050049
0.020142,0.0086975,0.047607
0.018463,0.0065613,0.061035
0.016479,0.0048828,0.053711
0.016174,0.0032043,0.040283
0.016632,0.0024414,0.05249
0.016785,0.0019836,0.061035
0.018311,0.0041199,0.058594
0.020142,0.0050354,0.062256
0.021515,0.0036621,0.057373
0.025024,0.00061035,0.064697
0.027313,-0.0012207,0.058594
0.028839,-0.002594,0.061035
0.027924,-0.0018311,0.056152
0.027008,0.00076294,0.064697
0.026398,0.0028992,0.063477
0.028381,0.0067139,0.064697
0.026703,0.0032043,0.078125
0.027924,0.0024414,0.061035
0.029907,0.0019836,0.061035
0.031433,0.0047302,0.067139
0.030212,0.0065613,0.061035
0.031433,0.0061035,0.058594
0.030365,0.0048828,0.058594
0.027924,-0.00076294,2.157
0.027924,-0.0045776,4.7607
0.02594,-0.0061035,4.906
0.02533,-0.0053406,4.9194
0.024109,0,4.9182
0.021057,-0.0022888,4.9158
0.023651,-0.0016785,4.9084
0.023651,0.00045776,4.9194
0.026245,-0.0021362,4.9109
0.027924,-0.0018311,4.9158
0.029602,-0.0010681,4.895
0.029144,0.0013733,4.9158
0.029755,0.0018311,4.9207
0.030518,0,4.9133
0.029755,-0.0030518,4.9207
0.030212,-0.0047302,4.9097
0.029297,-0.0056458,4.9011
0.028687,-0.0042725,4.9097
0.027924,-0.0018311,4.9072
0.022736,0,4.9072
0.026245,0.0013733,4.9084
0.02594,0.0013733,4.9133
0.024109,0.00091553,4.9109
0.023499,0.0010681,4.9097
0.024414,0.0010681,4.9194
0.02594,0.00091553,4.9146
0.026703,-0.00045776,4.9255
0.02655,0.005188,4.9255
0.026398,0.0030518,4.9292
0.025024,0.0019836,4.9316
0.024414,0.0013733,4.9292
0.025177,0.0013733,4.928
0.027161,0.0021362,4.9304
0.028687,0.0048828,4.9353
0.029144,0.0067139,4.9316
0.028229,0.0073242,4.928
0.027924,0.0047302,4.928
0.027924,0.0027466,4.9316
0.028534,0.0012207,4.9292
0.029297,0.00045776,4.9329
0.028839,0.0018311,4.9292
0.02533,0.0045776,4.939
0.025177,0.0057983,4.9353
0.023499,0.0036621,4.9365
0.021362,0.00045776,4.9353
0.021515,-0.0045776,4.9341
0.02121,-0.0073242,4.928
0.021362,-0.0083923,4.9353
0.020447,-0.0047302,4.9377
0.018463,-0.0042725,4.9255
0.017242,-0.0028992,4.9255
0.016327,-0.0038147,4.9243
0.016174,-0.0059509,4.9011
0.0177,-0.0067139,4.917
0.019379,-0.005188,4.9158
0.021362,-0.0032043,4.9194
0.021667,-0.00015259,4.9158
0.022736,0.002594,4.9133
0.023041,0.0035095,4.9146
0.024719,0.0027466,4.9121
0.026398,0.00091553,4.9133
0.027618,-0.0018311,4.9048
0.028839,-0.004425,4.9133
0.031433,-0.0054932,4.9084
0.028839,-0.0082397,4.9109
0.027161,-0.004425,4.9109
0.025024,-0.0054932,4.9109
0.025482,-0.007019,4.9072
0.025024,-0.0088501,4.9097
0.024872,-0.011292,4.9109
0.024261,-0.0082397,4.9097
0.022278,-0.010223,4.9194
0.019989,-0.0083923,0.50293
0.019379,-0.0054932,0.047607
0.019836,-0.0062561,0.039063
0.020294,-0.007019,0.05127
0.020599,-0.0093079,0.054932
0.019989,-0.010376,0.061035
0.019073,-0.011139,0.057373
0.01709,-0.0086975,0.059814
0.0177,-0.007782,0.059814
0.018463,-0.0065613,0.065918
0.020447,-0.0045776,0.061035
0.022736,-0.0033569,0.062256
0.027313,0.0016785,0.073242
0.030975,-0.00030518,0.058594
0.032349,0.00076294,0.070801
0.03418,0.00030518,0.062256
0.03479,-0.00030518,0.053711
0.035248,-0.002594,0.064697
0.038605,-0.0057983,0.065918
0.040741,-0.0048828,0.063477
0.041809,-0.0039673,0.065918
0.039673,-0.0018311,0.062256
0.035248,-0.0012207,0.062256
0.030823,0.00015259,0.054932
0.027466,0.0041199,0.059814
0.027313,0.0013733,0.042725
0.027008,0.002594,0.054932
0.027924,0.0036621,0.05249
0.02533,0.0083923,0.054932
0.022736,0.0027466,0.048828
0.020142,0.0015259,0.045166
0.020142,-0.00076294,0.05249
0.021515,-0.0028992,0.045166
0.024567,-0.0038147,0.047607
0.026245,-0.002594,0.043945
0.025177,0,0.039063
0.021973,0.0015259,0.036621
0.017548,0.0028992,0.041504
0.015717,0.0035095,0.040283
0.016632,0.0028992,0.039063
0.019379,0.0035095,0.029297
0.020447,0.0041199,0.042725
0.021515,0.0053406,0.037842
0.019684,0.0056458,0.037842
0.018616,0.0045776,0.041504
0.016632,0.002594,0.042725
0.016937,-0.00076294,0.040283
0.018616,-0.0028992,0.043945
0.020905,-0.004425,0.059814
0.023499,-0.0027466,0.045166
0.022736,0.00045776,0.050049
0.019379,0.0039673,0.05127
0.016785,0.0061035,0.040283
0.014801,0.0074768,0.054932
0.015259,0.007019,0.057373
0.016937,0.007019,0.057373
0.01709,0.0080872,0.062256
0.016937,0.0082397,0.057373
0.014801,0.0083923,0.065918
0.012207,0.0071716,0.058594
0.010223,0.0065613,0.062256
0.010529,0.0068665,0.057373
0.011902,0.0080872,0.061035
0.012665,0.009613,0.062256
0.011292,0.010223,0.065918
0.0090027,0.012512,0.06958
0.0048828,0.013275,0.064697
0.0027466,0.013123,0.068359
0.0027466,0.013733,0.065918
0.0056458,0.012512,0.079346
0.0080872,0.011139,0.061035
0.0088501,0.010681,0.054932
0.0085449,0.012512,0.053711
0.0064087,0.01358,0.05249
0.0045776,0.015259,0.050049
0.0041199,0.015869,0.05249
0.0059509,0.014038,0.047607
0.0073242,0.010376,0.046387
0.0080872,0.0090027,0.046387
0.0082397,0.0080872,4.5325
0.0071716,0.010223,4.8853
0.005188,0.013123,4.9133
0.0027466,0.012665,4.9072
0.0021362,0.011444,4.9133
0.0033569,0.0082397,4.9158
0.0045776,0.0042725,4.9109
0.0056458,0.0032043,4.9121
0.0071716,0.0065613,4.9097
0.0048828,0.011597,4.9011
0.004425,0.015259,4.9109
0.0056458,0.015259,4.9097
0.009613,0.012665,4.9084
0.013733,0.0071716,4.9084
0.015717,0.0028992,4.9097
0.015564,0.0030518,4.9097
0.016479,0.0054932,4.9109
0.014801,0.0082397,4.9158
0.014801,0.010071,4.9146
0.016327,0.0093079,4.9207
0.0177,0.0056458,4.9207
0.018463,0.0028992,4.9268
0.018616,0.0012207,4.9219
0.017395,0.0013733,4.928
0.0177,0.0027466,4.9316
0.017548,0.0039673,4.9292
0.019836,0.0050354,4.9414
0.022736,0.005188,4.9353
0.026855,0.0048828,4.9109
0.025024,0.0042725,4.9304
0.025177,0.0032043,4.9304
0.02121,0.0032043,4.9304
0.018768,0.0041199,4.9316
0.018158,0.0036621,4.9304
0.018311,0.0032043,4.9377
0.018005,-0.0019836,4.9329
0.018463,-0.0022888,4.9353
0.0177,-0.0053406,4.9304
0.017242,-0.0057983,4.9353
0.017242,-0.0045776,4.9292
0.0177,-0.0012207,4.9304
0.018921,0.0016785,4.939
0.019836,0.0033569,4.928
0.021515,0.0033569,4.9243
0.022736,0.00030518,4.9243
0.024872,-0.0022888,4.9158
0.026398,-0.0045776,4.917
0.027313,-0.0045776,4.9146
0.027924,-0.0050354,4.9182
0.029144,-0.005188,4.9133
0.028076,-0.0065613,4.9146
0.03067,-0.0067139,4.9158
0.031433,-0.0074768,4.9097
0.03067,-0.0033569,4.9109
0.029602,-0.0010681,4.9084
0.028229,0.0021362,4.9146
0.027466,0.005188,4.9109
0.028687,0.0041199,4.9097
0.029907,0.0042725,4.9109
0.030518,0.002594,4.9036
0.031586,0.0010681,4.917
0.031281,0.0012207,4.9097
0.031738,0.0012207,4.9219
0.031891,0.0021362,4.9109
0.033569,0.00091553,4.9011
0.034637,-0.00061035,4.9158
0.034943,-0.0013733,4.9133
0.033264,-0.00015259,4.9207
0.031738,0.0022888,4.9133
0.030212,0.0061035,4.9207
0.03067,0.0080872,4.9243
0.031281,0.0097656,0.058594
0.032959,0.0079346,0.061035
0.033875,0.0068665,0.057373
0.033112,0.0041199,0.061035
0.031586,0.0030518,0.068359
0.030212,0.0027466,0.061035
0.031128,0.0039673,0.06958
0.031738,0.005188,0.061035
0.031891,0.0082397,0.058594
0.031891,0.0086975,0.062256
0.030212,0.0073242,0.072021
0.028534,0.0047302,0.065918
0.027924,0.0028992,0.065918
0.027771,0.00045776,0.065918
0.028839,-0.00061035,0.065918
0.030365,-0.0024414,0.062256
0.029907,-0.0035095,0.063477
0.029907,-0.0048828,0.054932
0.028534,-0.0050354,0.057373
0.027008,-0.0054932,0.050049
0.025177,-0.0041199,0.054932
0.024567,-0.002594,0.05249
0.025635,-0.00061035,0.053711
0.027466,0.0016785,0.043945
0.029297,0.0022888,0.048828
0.032043,0.0027466,0.058594
0.034027,0.0032043,0.042725
0.0354,0.004425,0.05249
0.03479,0.0041199,0.041504
0.034637,0.0038147,0.026855
0.03479,0.0033569,0.037842
0.034027,0.0028992,0.039063
0.033417,0.0016785,0.039063
0.029907,0.00045776,0.040283
0.027771,-0.0013733,0.03418
0.024261,-0.0013733,0.040283
0.021057,-0.0016785,0.037842
0.020142,-0.0018311,0.041504
0.019379,-0.0010681,0.037842
0.020752,-0.002594,0.045166
0.020294,-0.0030518,0.039063
0.016327,-0.0036621,0.046387
0.016327,-0.0039673,0.053711
0.014191,-0.0041199,0.046387
0.012512,-0.0047302,0.047607
0.013733,-0.0036621,0.054932
0.016785,-0.0042725,0.053711
0.015564,-0.0045776,0.056152
0.016174,-0.0036621,0.061035
0.01709,-0.0018311,0.057373
0.019989,0.00076294,0.062256
0.024109,0.0024414,0.058594
0.029144,0.0041199,0.062256
0.034485,0.007019,0.062256
0.037842,0.007019,0.062256
0.041809,0.0062561,0.057373
0.037842,0.0035095,0.063477
0.036774,0.0027466,0.059814
0.034332,0.0018311,0.064697
0.032501,0.0032043,0.067139
0.031891,0.0050354,0.067139
0.029297,0.0047302,0.074463
0.027313,0.00091553,0.067139
0.025787,0,0.06958
0.024567,-0.0022888,0.059814
0.02594,-0.0019836,0.046387
0.02655,-0.00045776,0.054932
0.026245,0.0010681,0.054932
0.023956,0.0028992,0.048828
0.020599,0.0010681,0.05127
0.017548,-0.0032043,0.043945
0.014648,-0.0088501,0.046387
0.015411,-0.010376,0.042725
0.016022,-0.0091553,0.047607
0.017242,-0.0053406,0.040283
0.018311,-0.00091553,0.042725
0.018616,0.0024414,0.046387
0.018005,0.0036621,0.043945
0.019379,0.00045776,1.7114
0.018921,0.0033569,4.7253
0.019989,0.0045776,4.8987
0.020142,0.0057983,4.9072
0.019073,0.0053406,4.9084
0.016937,0.0016785,4.9109
0.016327,-0.0027466,4.8987
0.017242,-0.0065613,4.906
0.019226,-0.0080872,4.9109
0.020142,-0.0064087,4.9109
0.020294,-0.0035095,4.9109
0.019226,-0.0018311,4.9084
0.019379,-0.0019836,4.9158
0.019684,-0.0033569,4.9133
0.020599,-0.0061035,4.9109
0.021057,-0.0093079,4.9207
0.021515,-0.0074768,4.9268
0.019531,-0.0053406,4.9219
0.017853,-0.0039673,4.9292
0.016785,-0.0028992,4.9402
0.015564,-0.0027466,4.9316
0.016785,-0.0016785,4.9329
0.017395,0.00061035,4.9353
0.016327,0.0038147,4.9255
0.015259,0.0062561,4.9304
0.013428,0.007782,4.939
0.014038,0.0057983,4.9329
0.014496,0.0041199,4.9292
0.016174,0.0035095,4.9304
0.019226,0.0035095,4.9365
0.020752,0.0050354,4.9353
0.023041,0.0074768,4.9377
0.021515,0.0064087,4.9329
0.021515,0.0053406,4.9353
0.022888,0.0038147,4.9316
0.020905,0.0036621,4.9304
0.019989,0.0022888,4.9365
0.019531,0.0021362,4.9304
0.0177,0.0021362,4.9316
0.017853,0.0016785,4.9219
0.018768,0.002594,4.9304
0.020294,0.0033569,4.9219
0.02182,0.0035095,4.906
0.023041,0.0030518,4.917
0.022888,0.0033569,4.9146
0.021667,0.0039673,4.9121
0.018921,0.0053406,4.906
0.017395,0.0065613,4.9109
0.015869,0.0073242,4.9121
0.015564,0.0068665,4.9084
0.014648,0.005188,4.9121
0.015564,0.0038147,4.9097
0.016937,0.002594,4.9109
0.017853,0.0018311,4.9133
0.018768,0.0035095,4.9133
0.018311,0.0035095,4.9146
0.018463,0.0027466,4.9121
0.015869,0.00015259,4.9146
0.014648,-0.0019836,4.9109
0.014343,-0.002594,4.9048
0.014648,-0.0022888,4.9133
0.015259,-0.00061035,4.9158
0.016937,0.0016785,4.9219
0.018921,0.004425,4.9219
0.020447,0.0030518,4.9231
0.022125,0.00091553,4.9231
0.023651,-0.00061035,4.9268
0.024719,-0.00091553,4.9341
0.028229,0.00045776,4.9146
0.024109,0.0019836,4.9341
0.024109,0.0047302,4.9304
0.022736,0.0062561,4.9341
0.022278,0.0056458,0.061035
0.020447,0.0041199,0.061035
0.021667,0.00030518,0.067139
0.021362,-0.0022888,0.063477
0.020142,-0.0032043,0.073242
0.015717,-0.0021362,0.067139
0.016479,0.00045776,0.041504
0.016479,0.00091553,0.063477
0.017548,0.00015259,0.065918
0.018463,-0.0018311,0.063477
0.020294,-0.0041199,0.062256
0.019684,-0.0042725,0.058594
0.018463,-0.0041199,0.057373
0.018616,-0.0038147,0.05249
0.018768,-0.0022888,0.053711
0.019989,-0.0032043,0.05127
0.020599,-0.0050354,0.05127
0.021362,-0.0071716,0.045166
0.022583,-0.0082397,0.048828
0.023041,-0.0054932,0.057373
0.024261,-0.0022888,0.046387
0.022583,0.0010681,0.042725
0.021362,0.0024414,0.043945
0.021667,0.0022888,0.025635
0.022278,0.00045776,0.040283
0.026245,-0.00045776,0.039063
0.022888,-0.00045776,0.040283
0.023499,0.0019836,0.037842
0.023651,0.00030518,0.031738
0.020752,-0.00061035,0.037842
0.020752,-0.0021362,0.039063
0.020599,-0.0041199,0.037842
0.021973,-0.0045776,0.036621
0.024261,-0.0035095,0.041504
0.023651,-0.0019836,0.042725
0.023956,-0.0015259,0.045166
0.023193,0.00015259,0.045166
0.022125,0.00061035,0.050049
0.022125,-0.00045776,0.05127
0.022736,-0.0010681,0.05249
0.023651,-0.0032043,0.065918
0.020294,-0.00030518,0.053711
0.019989,0.0012207,0.050049
0.018616,0.004425,0.059814
0.019836,0.0067139,0.059814
0.019226,0.0064087,0.059814
0.019836,0.0056458,0.062256
0.02121,0.0061035,0.057373
0.021667,0.0050354,0.059814
0.021515,0.0059509,0.059814
0.019836,0.0059509,0.064697
0.020447,0.0048828,0.062256
0.019684,0.0028992,0.064697
0.019989,-0.00030518,0.067139
0.019226,-0.0032043,0.067139
0.0177,-0.0047302,0.070801
0.019073,-0.0050354,0.065918
0.018921,-0.0048828,0.062256
0.020447,-0.0032043,0.062256
0.021057,-0.00076294,0.061035
0.02243,0.00091553,0.046387
0.02243,0.0016785,0.054932
0.021362,0.0028992,0.05127
0.021515,0.00076294,0.05127
0.020905,-0.00030518,0.046387
0.020142,-0.0022888,0.047607
0.020447,-0.004425,0.045166
0.021515,-0.0047302,0.048828
0.022583,-0.0065613,0.041504
0.023804,-0.0059509,0.045166
0.02594,-0.0028992,0.042725
0.028229,0,0.039063
0.026245,0.0018311,0.037842
0.027313,0.0024414,0.039063
0.027618,0.0024414,0.054932
0.026703,0.0015259,0.037842
0.025177,-0.00030518,0.048828
0.023956,-0.004425,0.040283
0.023193,-0.007019,3.6877
0.022278,-0.0085449,4.8328
0.020294,-0.011749,4.9036
0.019379,-0.012207,4.906
0.019073,-0.010376,4.9084
0.019226,-0.0065613,4.9097
0.018921,-0.002594,4.9133
0.018768,0.0013733,4.9158
0.019836,0.0022888,4.9219
0.020447,0.002594,4.9182
0.02121,0.002594,4.9231
0.024261,0.0038147,4.9268
0.029144,0.0048828,4.9304
0.032349,0.0053406,4.9377
0.035706,0.0054932,4.9304
0.036774,0.0073242,4.9304
0.036469,0.0083923,4.9329
0.035095,0.0080872,4.9377
0.032959,0.0082397,4.9304
0.031128,0.0079346,4.9268
0.028534,0.0054932,4.9316
0.02594,0.0018311,4.9316
0.021973,-0.0018311,4.9316
0.019379,-0.0035095,4.9365
0.0177,-0.0024414,4.9377
0.017395,0,4.928
0.017395,0.0019836,4.9341
0.017548,0.0041199,4.9353
0.015869,0.0047302,4.9316
0.016479,0.004425,4.9329
0.016174,0.005188,4.928
0.017242,0.0056458,4.9304
0.018463,0.0071716,4.9329
0.019989,0.0076294,4.9231
0.018616,0.007782,4.9231
0.019073,0.0056458,4.9182
0.0177,0.0039673,4.906
0.017242,0.0022888,4.9182
0.014648,0.0045776,4.9146
0.011902,0.0074768,4.9133
0.010071,0.0099182,4.9146
0.0086975,0.010071,4.9133
0.0085449,0.0048828,4.9097
0.0094604,0.0030518,4.9097
0.011597,0.0012207,4.9109
0.012817,0.00045776,4.9084
0.014038,0.0035095,4.9194
0.015717,0.0054932,4.9121
0.015869,0.0080872,4.9133
0.016327,0.012054,4.906
0.016785,0.011292,4.9109
0.015717,0.0093079,4.9109
0.015259,0.0059509,4.9121
0.014191,0.002594,4.9109
0.012665,0.0016785,4.9182
0.010529,0.0039673,4.9133
0.0091553,0.0056458,4.9109
0.0086975,0.0073242,4.9158
0.0091553,0.0079346,4.9231
0.011292,0.0062561,4.9219
0.01297,0.0057983,4.9219
0.013428,0.0053406,4.9292
0.011444,0.0071716,4.9304
0.010071,0.009613,4.9329
0.0083923,0.011292,4.928
0.0083923,0.011902,4.9353
0.0080872,0.011902,4.9304
0.0083923,0.011902,4.9292
0.007782,0.010529,4.9426
0.0086975,0.0097656,4.9329
0.0093079,0.0093079,4.9341
0.010834,0.007782,0.065918
0.011902,0.0076294,0.053711
0.01236,0.007782,0.063477
0.012817,0.0057983,0.064697
0.013123,0.0056458,0.063477
0.013733,0.0028992,0.063477
0.014496,-0.00045776,0.056152
0.01297,-0.0013733,0.059814
0.012817,-0.0024414,0.054932
0.010986,-0.00015259,0.057373
0.011749,0.0012207,0.048828
0.010681,0.0038147,0.053711
0.010834,0.0068665,0.047607
0.011444,0.0091553,0.05249
0.013123,0.009613,0.048828
0.012512,0.0090027,0.046387
0.014496,0.0053406,0.048828
0.014801,0.0065613,0.042725
0.014191,0.0057983,0.043945
0.012665,0.0042725,0.041504
0.010986,0.0016785,0.03418
0.014496,0.0010681,0.041504
0.014954,0.0019836,0.040283
0.015411,0.0038147,0.036621
0.014191,0.0076294,0.039063
0.016022,0.0091553,0.0354
0.016327,0.014343,0.040283
0.017242,0.010834,0.036621
0.018463,0.0090027,0.039063
0.020294,0.0064087,0.039063
0.023041,0.0048828,0.041504
0.021667,0.0041199,0.047607
0.024872,0.0028992,0.047607
0.024567,0.00091553,0.065918
0.023651,-0.0022888,0.05127
0.02182,-0.005188,0.062256
0.021667,-0.0068665,0.05249
0.019989,-0.007019,0.05127
0.0177,-0.0082397,0.056152
0.015564,-0.0074768,0.062256
0.014343,-0.0064087,0.058594
0.014191,-0.0056458,0.062256
0.014801,-0.0073242,0.058594
0.014954,-0.0068665,0.061035
0.015869,-0.0065613,0.059814
0.014954,-0.0059509,0.061035
0.016632,-0.0053406,0.059814
0.018158,-0.0039673,0.063477
0.020447,-0.0038147,0.065918
0.022278,-0.0036621,0.068359
0.022125,-0.0041199,0.054932
0.024261,-0.0059509,0.06958
0.026245,-0.0056458,0.072021
0.025482,-0.0068665,0.063477
0.024872,-0.0059509,0.073242
0.027008,-0.0076294,0.059814
0.024261,-0.0053406,0.046387
0.024261,-0.0047302,0.05249
0.023041,-0.0050354,0.05127
0.024109,-0.0076294,0.046387
0.025177,-0.0082397,0.045166
0.029144,-0.0091553,0.042725
0.028839,-0.0048828,0.047607
0.030518,0.0015259,0.047607
0.030518,0.0053406,0.046387
0.028687,0.0064087,0.043945
0.027161,0.0064087,0.045166
0.02533,0.0041199,0.041504
0.02121,0.0019836,0.040283
0.020905,0.0061035,0.048828
0.019226,0.0057983,0.041504
0.019684,0.0064087,0.039063
0.020294,0.0048828,0.036621
0.024414,0.0021362,0.025635
0.022736,0.00030518,0.036621
0.024109,-0.0010681,0.041504
0.023651,-0.0032043,0.037842
0.025177,-0.002594,0.040283
0.024872,-0.0024414,2.2351
0.026245,-0.0027466,4.7546
0.024719,-0.0013733,4.8999
0.023804,-0.0013733,4.9109
0.024109,-0.0030518,4.9219
0.022736,-0.0036621,4.9243
0.026855,-0.0032043,4.9231
0.028992,-0.0033569,4.9268
0.029449,-0.0021362,4.9304
0.028687,-0.00076294,4.9304
0.026703,-0.0018311,4.9341
0.027008,-0.0021362,4.9329
0.026703,0.00045776,4.9438
0.025635,-0.0048828,4.9304
0.026245,-0.0054932,4.9207
0.024414,-0.0062561,4.9304
0.022125,-0.0053406,4.9304
0.021515,-0.0050354,4.9304
0.021515,-0.0028992,4.9329
0.022736,-0.0027466,4.9255
0.023346,-0.0042725,4.9377
0.023956,-0.0056458,4.9329
0.023651,-0.0056458,4.9365
0.021667,-0.0021362,4.9243
0.020905,0.0024414,4.9341
0.019073,0.0053406,4.9182
0.016937,0.0048828,4.9304
0.021973,0.0024414,4.9329
0.021057,-0.00076294,4.9255
0.024414,-0.0015259,4.9231
0.027161,-0.00045776,4.9219
0.029144,0.0041199,4.9231
0.031281,0.0056458,4.9158
0.031891,0.0053406,4.9158
0.031891,0.002594,4.9133
0.031128,-0.0012207,4.9133
0.031281,-0.0024414,4.9109
0.030823,0,4.9109
0.029602,0.0013733,4.9048
0.027618,0.0033569,4.9109
0.024414,-0.0050354,4.906
0.023804,-0.010223,4.9133
0.022888,-0.01358,4.9109
0.022583,-0.012512,4.9133
0.021667,-0.0062561,4.9084
0.018311,-0.00076294,4.9109
0.016937,-0.00091553,4.9182
0.016174,-0.0010681,4.9121
0.014954,-0.0038147,4.9207
0.018616,-0.0086975,4.9158
0.016785,-0.0071716,4.8962
0.018005,-0.0086975,4.9146
0.018463,-0.0073242,4.9207
0.021362,0.00045776,4.9182
0.024414,0.0053406,4.9243
0.028534,0.010223,4.9243
0.032196,0.012817,4.9268
0.03418,0.010223,4.9341
0.035553,0.0065613,4.9304
0.034332,0.0074768,4.928
0.032959,0.0073242,4.9341
0.032654,0.0099182,4.9304
0.03006,0.010071,4.9329
0.028076,0.0054932,4.939
0.026703,0.0047302,4.9353
0.024567,0.0041199,4.9304
0.022125,0.0039673,4.9353
0.019379,0.007019,4.9414
0.019073,0.010986,4.9353
0.019989,0.012817,4.9536
0.020905,0.013428,4.9365
0.021362,0.01236,4.9329
0.019684,0.007019,0.061035
0.018921,0.0036621,0.061035
0.019073,0.0022888,0.057373
0.018616,0.00076294,0.054932
0.017395,0.00030518,0.05249
0.012512,0.00076294,0.053711
0.0080872,-0.0024414,0.050049
0.0064087,-0.0056458,0.050049
0.0039673,-0.010529,0.047607
0.0035095,-0.01297,0.047607
0.0042725,-0.013275,0.054932
0.0065613,-0.012207,0.045166
0.010223,-0.0091553,0.056152
0.01358,-0.0083923,0.046387
0.016022,-0.0053406,0.031738
0.018158,-0.0018311,0.039063
0.019989,0.0012207,0.041504
0.02243,0.0018311,0.036621
0.024567,0.00015259,0.040283
0.022888,-0.0018311,0.039063
0.023499,-0.002594,0.040283
0.020905,-0.00061035,0.037842
0.021973,0.0010681,0.041504
0.023041,0.0033569,0.037842
0.024719,0.004425,0.042725
0.025482,0.0061035,0.042725
0.023804,0.007019,0.047607
0.023041,0.010986,0.048828
0.022736,0.011597,0.048828
0.022278,0.011597,0.050049
0.021362,0.0097656,0.05249
0.018921,0.0076294,0.059814
0.01709,0.0061035,0.059814
0.015259,0.0045776,0.05127
0.012817,0.0053406,0.058594
0.009613,0.0054932,0.062256
0.0057983,0.0042725,0.061035
0.0035095,0.0016785,0.059814
0.0019836,0.00091553,0.054932
0.0021362,0.0027466,0.062256
0.0019836,0.0057983,0.059814
0.0012207,0.0067139,0.064697
0.0019836,0.0067139,0.063477
0.0035095,0.0050354,0.067139
0.0047302,0.0050354,0.064697
0.0062561,0.0042725,0.070801
0.0083923,0.0036621,0.078125
0.0088501,0.0036621,0.065918
0.0083923,0.0048828,0.062256
0.0079346,0.0035095,0.057373
0.0082397,0.002594,0.037842
0.010681,0.00091553,0.056152
0.011292,0.0018311,0.050049
0.013275,0.0039673,0.05127
0.016327,0.0059509,0.050049
0.018463,0.0067139,0.050049
0.020294,0.0062561,0.048828
0.02243,0.0036621,0.045166
0.024414,0.0010681,0.046387
0.024567,-0.00015259,0.037842
0.024109,-0.00061035,0.043945
0.022583,0.0016785,0.042725
0.019531,0.0050354,0.042725
0.01709,0.007782,0.041504
0.015411,0.0073242,0.040283
0.015106,0.005188,0.041504
0.015106,0.0071716,0.039063
0.014801,0.007019,0.042725
0.015259,0.0082397,0.037842
0.016479,0.0082397,0.040283
0.017242,0.007019,0.040283
0.020294,0.0053406,0.039063
0.020447,0.0019836,0.037842
0.021973,0.00045776,0.042725
0.022583,-0.0015259,0.041504
0.02243,0.00030518,0.046387
0.021973,0.0012207,0.047607
0.020294,0.00076294,0.05249
0.0177,0.00015259,2.8967
0.016022,-0.0033569,4.801
0.015259,-0.0067139,4.9146
0.017395,-0.0099182,4.928
0.016937,-0.011139,4.9377
0.01709,-0.01236,4.9329
0.016632,-0.012207,4.9353
0.0177,-0.010071,4.9304
0.01709,-0.0079346,4.9268
0.019226,-0.0061035,4.9292
0.019989,-0.0091553,4.9316
0.021515,-0.0076294,4.9304
0.023346,-0.010071,4.9341
0.025787,-0.012207,4.9341
0.027008,-0.012817,4.9353
0.028076,-0.012207,4.9353
0.025787,-0.013123,4.939
0.024261,-0.016327,4.9304
0.022888,-0.019073,4.9341
0.023499,-0.020752,4.9292
0.024567,-0.018463,4.9292
0.024414,-0.014191,4.9268
0.023651,-0.007782,4.9255
0.022888,-0.0013733,4.9329
0.02121,-0.0010681,4.9207
0.021515,-0.00015259,4.9304
0.023041,-0.0050354,4.9182
0.025177,-0.0099182,4.9146
0.025635,-0.011597,4.9146
0.025177,-0.010376,4.9194
0.022888,-0.0085449,4.9133
0.020447,-0.0064087,4.9109
0.018616,-0.0062561,4.9084
0.018616,-0.0054932,4.9109
0.019531,-0.0045776,4.9097
0.020905,-0.0013733,4.9097
0.02121,0.00091553,4.9097
0.020905,0.0015259,4.917
0.019836,0.0022888,4.9097
0.018616,0.00030518,4.9121
0.019531,-0.0036621,4.9182
0.020599,-0.0024414,4.9109
0.02121,-0.0022888,4.9146
0.020752,-0.00045776,4.9121
0.019989,0.0027466,4.9011
0.019989,0.004425,4.9158
0.014648,0.0050354,4.9207
0.014648,0.0045776,4.9207
0.016327,0.0027466,4.9231
0.018463,0.00076294,4.9231
0.019836,-0.0019836,4.9255
0.021057,-0.0048828,4.9316
0.020905,-0.007782,4.9329
0.020599,-0.0073242,4.9292
0.019379,-0.0079346,4.9341
0.018005,-0.0090027,4.9316
0.017853,-0.0076294,4.9353
0.016937,-0.0068665,4.9304
0.01297,-0.0067139,4.9329
0.014191,-0.005188,4.9365
0.01236,-0.0067139,4.9377
0.012054,-0.0056458,4.9451
0.012665,-0.0079346,4.9365
0.013275,-0.0091553,4.9255
0.016479,-0.0083923,4.9377
0.0177,-0.0053406,4.9329
0.018768,-0.0016785,4.9304
0.017395,0.0041199,4.9329
0.015869,0.0045776,4.928
0.015564,0.004425,4.9268
0.015259,0.005188,4.9219
0.017242,0.0045776,4.9243
0.018921,0.0041199,4.9182
0.021667,0.0057983,0.050049
0.023041,0.0079346,0.05127
0.023346,0.0079346,0.047607
0.024567,0.0064087,0.050049
0.029144,0.0035095,0.047607
0.028381,0.0061035,0.045166
0.031433,-0.0036621,0.040283
0.031586,-0.0065613,0.031738
0.029907,-0.0064087,0.039063
0.026855,-0.0056458,0.037842
0.02243,-0.0041199,0.036621
0.023346,-0.0032043,0.039063
0.023041,-0.0024414,0.037842
0.023499,-0.0030518,0.041504
0.023041,-0.0045776,0.037842
0.019684,-0.0028992,0.040283
0.017395,-0.00030518,0.037842
0.011597,0.00015259,0.043945
0.015564,0.00045776,0.042725
0.018311,-0.0022888,0.046387
0.017242,-0.0057983,0.043945
0.019073,-0.0099182,0.05249
0.015717,-0.010681,0.05249
0.015411,-0.009613,0.054932
0.015259,-0.0080872,0.065918
0.015564,-0.0061035,0.057373
0.017395,-0.0045776,0.046387
0.019073,-0.0021362,0.058594
0.020905,-0.0021362,0.058594
0.022278,-0.002594,0.061035
0.025177,-0.0027466,0.059814
0.025482,-0.0028992,0.057373
0.026398,-0.0039673,0.065918
0.028229,-0.004425,0.061035
0.031738,-0.0045776,0.063477
0.035248,-0.0032043,0.062256
0.037842,-0.0012207,0.067139
0.0383,0.0038147,0.067139
0.036774,0.007019,0.06958
0.034332,0.0074768,0.076904
0.032501,0.005188,0.063477
0.031891,0.00076294,0.062256
0.032806,-0.0047302,0.061035
0.032959,-0.00091553,0.046387
0.032349,0.00030518,0.05249
0.028076,0.0032043,0.05127
0.023651,0.0057983,0.050049
0.016937,0.0064087,0.048828
0.012054,0.0061035,0.037842
0.0082397,0.0076294,0.046387
0.0071716,0.013123,0.047607
0.0059509,0.021973,0.048828
0.0062561,0.035858,0.040283
0.0080872,0.04776,0.045166
0.011444,0.054321,0.042725
0.017853,0.055084,0.041504
0.024261,0.04776,0.041504
0.028992,0.0383,0.041504
0.032196,0.028687,0.050049
0.032959,0.023041,0.040283
0.035248,0.019684,0.05127
0.036011,0.016022,0.039063
0.037842,0.010529,0.029297
0.038147,0.0054932,0.039063
0.036469,0.0041199,0.039063
0.030365,0.0054932,0.036621
0.020294,0.010376,0.043945
0.0082397,0.013733,0.043945
-0.0042725,0.011902,0.047607
-0.012512,0.0047302,0.046387
-0.015869,-0.0080872,0.05249
-0.016022,-0.022125,0.05127
-0.016937,-0.033264,0.056152
-0.0177,-0.040741,0.056152
-0.018921,-0.042267,0.057373
-0.018311,-0.041199,0.065918
-0.01709,-0.034637,0.061035
-0.012054,-0.022278,3.4241
-0.0041199,-0.0068665,4.8376
0.0050354,0.0083923,4.9255
0.013428,0.020905,4.9329
0.020599,0.026245,4.9304
0.02533,0.02533,4.9292
0.029144,0.019836,4.9304
0.032959,0.01358,4.9341
0.036774,0.0090027,4.9304
0.039978,0.010376,4.9182
0.041504,0.0093079,4.9353
0.039063,0.010681,4.9316
0.033722,0.011139,4.9316
0.028229,0.012054,4.9316
0.022888,0.013123,4.928
0.020447,0.016022,4.9231
0.019836,0.017853,4.9243
0.018158,0.018768,4.9353
0.022583,0.016937,4.9219
0.020294,0.013428,4.9243
0.019989,0.011749,4.9194
0.014343,0.009613,4.9072
0.012512,0.0099182,4.9133
0.010834,0.010071,4.917
0.0090027,0.0085449,4.9158
0.0068665,0.002594,4.9121
0.004425,0.0015259,4.9084
-0.00061035,-0.0061035,4.9109
-0.0064087,-0.0073242,4.9084
-0.012512,-0.0090027,4.9084
-0.013885,-0.013123,4.906
-0.011444,-0.020905,4.9072
-0.0039673,-0.027161,4.9097
0.0053406,-0.031128,4.9146
0.01358,-0.031738,4.9109
0.018463,-0.027313,4.9109
0.024261,-0.022736,4.906
0.027771,-0.018311,4.9097
0.031586,-0.015564,4.9146
0.033417,-0.014038,4.9194
0.041504,-0.014038,4.9182
0.046234,-0.0093079,4.9207
0.048981,-0.013123,4.9231
0.048523,-0.015106,4.9231
0.046234,-0.017548,4.9243
0.043488,-0.023651,4.9255
0.040894,-0.027924,4.9329
0.039368,-0.027771,4.9268
0.036926,-0.025177,4.9304
0.033112,-0.019379,4.9255
0.032654,-0.01297,4.9341
0.026245,-0.014038,4.9353
0.028687,-0.0085449,4.9316
0.031891,-0.0086975,4.9402
0.036469,-0.0071716,4.9341
0.037537,-0.0048828,4.9402
0.03418,-0.002594,4.928
0.027313,-0.0033569,4.928
0.018158,-0.0012207,4.9329
0.0091553,0.00076294,4.9341
0.0027466,0.0053406,4.9304
-0.0021362,0.0097656,4.9304
-0.0021362,0.011597,4.9255
-0.0010681,0.012817,4.9353
0.0012207,0.01236,4.9182
0.0059509,0.011902,4.9243
0.010681,0.010071,4.9194
0.018005,0.0094604,4.9182
0.023346,0.0097656,4.9207
0.02655,0.0073242,4.9219
0.026855,0.0065613,4.9182
0.023041,0.0035095,4.917
0.024414,0.0035095,4.9194
0.02533,0.0045776,4.9133
0.028992,0.0036621,0.047607
0.033569,0.0038147,0.042725
0.038147,-0.0015259,0.029297
0.039825,-0.0074768,0.036621
0.037994,-0.017242,0.037842
0.032806,-0.025024,0.040283
0.026093,-0.028229,0.037842
0.018768,-0.029755,0.037842
0.014801,-0.024719,0.041504
0.012512,-0.018311,0.036621
0.012817,-0.011139,0.045166
0.013885,-0.0033569,0.041504
0.01709,0.00045776,0.048828
0.020752,0.0074768,0.047607
0.02533,0.013275,0.048828
0.028076,0.015564,0.065918
0.031128,0.014648,0.054932
0.032196,0.0073242,0.059814
0.030975,0.00091553,0.059814
0.03006,-0.0054932,0.043945
0.025635,-0.007019,0.050049
0.022278,-0.0030518,0.059814
0.019684,0.0035095,0.063477
0.019684,0.011444,0.061035
0.024719,0.019989,0.056152
0.025787,0.026703,0.062256
0.029449,0.028992,0.062256
0.033264,0.034485,0.062256
0.028229,0.0354,0.059814
0.025177,0.031281,0.065918
0.019684,0.024567,0.065918
0.017395,0.014191,0.068359
0.016632,0.0048828,0.073242
0.014343,-0.0068665,0.062256
0.013428,-0.014343,0.065918
0.011139,-0.018616,0.062256
0.0091553,-0.018005,0.073242
0.0062561,-0.015106,0.05127
0.0056458,-0.013428,0.039063
0.0064087,-0.012207,0.05249
0.0083923,-0.016174,0.050049
0.0091553,-0.020447,0.046387
0.011749,-0.025177,0.048828
0.01297,-0.027313,0.042725
0.014191,-0.030212,0.045166
0.015869,-0.031891,0.041504
0.016937,-0.03418,0.045166
0.02243,-0.036469,0.039063
0.023956,-0.036011,0.042725
0.026093,-0.033569,0.040283
0.027161,-0.026245,0.032959
0.028076,-0.016632,0.043945
0.030823,-0.0082397,0.041504
0.03418,-0.002594,0.045166
0.037842,-0.00091553,0.039063
0.043945,0.00061035,0.03418
0.050354,-0.00045776,0.029297
0.051727,-0.00030518,0.039063
0.054932,0.0030518,0.037842
0.052185,0.007782,0.042725
0.048981,0.012054,0.041504
0.046387,0.016479,0.057373
0.044556,0.018768,0.046387
0.043335,0.019989,0.05249
0.041504,0.020142,0.047607
0.038452,0.020905,0.056152
0.035248,0.02121,0.057373
0.032654,0.021362,0.05127
0.030518,0.021667,0.057373
0.027618,0.02121,0.065918
0.023956,0.019989,0.064697
0.019989,0.017395,0.059814
0.016022,0.016785,0.070801
0.014496,0.018616,0.059814
0.01236,0.020752,0.045166
0.013275,0.022583,0.059814
0.014496,0.020142,1.5222
0.017242,0.013275,4.729
0.018005,0.0050354,4.9146
0.017395,-0.0033569,4.9304
0.015717,-0.0091553,4.9353
0.012512,-0.011902,4.9329
0.0099182,-0.013733,4.9316
0.0071716,-0.013885,4.9268
0.0038147,-0.015717,4.9304
0.004425,-0.016327,4.9255
0.0041199,-0.016479,4.928
0.0056458,-0.015259,4.9341
0.0086975,-0.011444,4.928
0.013885,-0.0047302,4.9194
0.018768,-0.00015259,4.9158
0.023499,0.0027466,4.9084
0.026093,0.0019836,4.9109
0.028381,-0.0015259,4.9133
0.026703,-0.0053406,4.917
0.023499,-0.0076294,4.9121
0.020447,-0.0062561,4.9072
0.019836,-0.0028992,4.9121
0.020294,0.0018311,4.9084
0.02121,0.0071716,4.9182
0.024261,0.0062561,4.9048
0.026855,0.0048828,4.9133
0.03006,0.0012207,4.9109
0.031281,0.00045776,4.9158
0.031281,0.00030518,4.9072
0.03006,0.0022888,4.9121
0.027618,0.0032043,4.917
0.024261,0.0042725,4.9133
0.018158,0.0035095,4.9255
0.011902,0.0039673,4.9158
0.0059509,0.0050354,4.9036
0.0022888,0.0068665,4.9231
0.0018311,0.0091553,4.9194
0.0028992,0.010986,4.9219
0.0057983,0.011139,4.928
0.0086975,0.0085449,4.9268
0.014801,0.0050354,4.928
0.014496,-0.00061035,4.9316
0.017242,-0.0016785,4.9353
0.018616,-0.0032043,4.9292
0.021362,-0.0050354,4.9353
0.020294,-0.0073242,4.9304
0.019836,-0.0088501,4.9329
0.019989,-0.010986,4.9353
0.020294,-0.013733,4.9341
0.019989,-0.013733,4.9329
0.021667,-0.012817,4.9365
0.023651,-0.010834,4.9438
0.026093,-0.007019,4.9353
0.029449,-0.0050354,4.9304
0.032349,-0.0027466,4.9304
0.036469,-0.0010681,4.9414
0.033264,0.0013733,4.9304
0.029755,0.0036621,4.9268
0.027008,0.0045776,4.9207
0.023956,0.0038147,4.9243
0.021973,0.0015259,4.9182
0.021362,-0.0015259,4.9243
0.019836,-0.0041199,4.9182
0.020142,-0.0056458,4.9219
0.019379,-0.0048828,4.917
0.017548,-0.0016785,4.9207
0.017548,0.0024414,4.928
0.020599,0.0062561,4.917
0.021667,0.010834,4.9182
0.021667,0.014343,4.9109
0.020447,0.016785,4.8987
0.016937,0.019073,4.9097
0.015717,0.020447,4.9097
0.013885,0.018311,4.9109
0.013123,0.019073,0.036621
0.012817,0.017395,0.036621
0.013275,0.012512,0.039063
0.012817,0.0080872,0.039063
0.013123,0.0019836,0.041504
0.012817,0.00015259,0.037842
0.012512,-0.0024414,0.043945
0.010529,-0.0041199,0.043945
0.0083923,-0.0050354,0.048828
0.0071716,-0.0079346,0.057373
0.0071716,-0.012054,0.054932
0.0083923,-0.014496,0.047607
0.012665,-0.016022,0.057373
0.017548,-0.016022,0.061035
0.023804,-0.012665,0.058594
0.028076,-0.012054,0.057373
0.031586,-0.012817,0.061035
0.035248,-0.013885,0.062256
0.037384,-0.014343,0.058594
0.036469,-0.01358,0.063477
0.042572,-0.011749,0.058594
0.043182,-0.014038,0.062256
0.040588,-0.010376,0.062256
0.038147,-0.009613,0.064697
0.037384,-0.010834,0.057373
0.035858,-0.010986,0.067139
0.035553,-0.010223,0.067139
0.036469,-0.0099182,0.065918
0.035858,-0.0094604,0.070801
0.033875,-0.007019,0.063477
0.032196,-0.0071716,0.067139
0.031586,-0.0071716,0.058594
0.030823,-0.0071716,0.043945
0.030518,-0.0053406,0.05249
0.028992,-0.0015259,0.050049
0.026245,0.0036621,0.047607
0.022278,0.010223,0.050049
0.024261,0.014191,0.045166
0.024261,0.015564,0.043945
0.024567,0.015259,0.043945
0.025787,0.013733,0.047607
0.025787,0.012207,0.040283
0.025635,0.0079346,0.041504
0.024719,-0.00015259,0.042725
0.023193,-0.002594,0.042725
0.023041,-0.0082397,0.037842
0.021973,-0.0090027,0.041504
0.022583,-0.010071,0.037842
0.020447,-0.0065613,0.040283
0.017853,-0.0079346,0.039063
0.014954,-0.0068665,0.039063
0.011902,-0.0054932,0.042725
0.011444,-0.0050354,0.039063
0.012054,-0.0047302,0.042725
0.012207,-0.0062561,0.042725
0.012817,-0.0073242,0.047607
0.014191,-0.007782,0.050049
0.012817,-0.0068665,0.05127
0.014343,-0.0045776,0.05127
0.014343,-0.0033569,0.054932
0.015869,-0.0016785,0.053711
0.016937,-0.00030518,0.057373
0.018005,0.00030518,0.059814
0.018311,0,0.063477
0.018463,0.0050354,0.074463
0.017853,0.0074768,0.062256
0.016327,0.009613,0.067139
0.014801,0.0080872,0.058594
0.014191,0.0054932,0.047607
0.014038,0.0024414,0.061035
0.015106,0.0018311,0.064697
0.016937,0.0021362,0.062256
0.019379,0.0035095,0.062256
0.022736,0.0057983,0.064697
0.022278,0.0064087,0.067139
0.024414,0.004425,0.063477
0.026703,0.0024414,0.063477
0.027924,-0.0018311,4.5593
0.030518,-0.0038147,4.9036
0.027771,-0.0027466,4.9194
0.02533,-0.0047302,4.9243
0.021515,0.00030518,4.9255
0.020599,-0.00076294,4.9231
0.016937,-0.0041199,4.9255
0.017242,-0.0083923,4.9207
0.019226,-0.015106,4.9268
0.020294,-0.0099182,4.9158
0.022125,-0.0064087,4.9182
0.023193,-0.00091553,4.906
0.02655,0.0039673,4.917
0.031433,0.0083923,4.9084
0.036469,0.011749,4.9109
0.041046,0.013885,4.9097
0.043488,0.015259,4.9097
0.042114,0.015869,4.9072
0.03952,0.014343,4.9133
0.037842,0.014191,4.9097
0.035858,0.011444,4.9109
0.034637,0.0071716,4.9084
0.032806,0.0019836,4.9121
0.030365,-0.0028992,4.917
0.027161,-0.0071716,4.9146
0.024261,-0.010223,4.917
0.022583,-0.012054,4.9194
0.022125,-0.012054,4.9109
0.022278,-0.011749,4.9243
0.02182,-0.010834,4.9158
0.020905,-0.009613,4.9207
0.019379,-0.0068665,4.9268
0.018005,-0.0053406,4.9243
0.016479,-0.0033569,4.928
0.016785,-0.0013733,4.9255
0.018768,-0.00076294,4.9341
0.021057,0.00061035,4.9304
0.02182,0.0022888,4.9207
0.023041,-0.0012207,4.9304
0.024414,-0.0012207,4.9353
0.02533,-0.0021362,4.9304
0.025787,-0.0024414,4.9341
0.026245,-0.0028992,4.9353
0.02533,-0.0022888,4.9341
0.024261,-0.00030518,4.9426
0.022736,0.0024414,4.9377
0.022278,0.0059509,4.9268
0.021667,0.011292,4.9329
0.022278,0.017242,4.9316
0.021362,0.020905,4.928
0.019226,0.022888,4.928
0.01709,0.022736,4.9231
0.015259,0.020447,4.9268
0.015564,0.018768,4.9243
0.018005,0.018005,4.9219
0.020294,0.017242,4.9023
0.02182,0.016479,4.9182
0.021515,0.014648,4.9182
0.019226,0.01236,4.9231
0.015106,0.009613,4.9219
0.012054,0.0067139,4.9158
0.0090027,0.0039673,4.9097
0.0067139,0.00015259,4.9133
0.0038147,-0.0038147,4.8926
0,-0.0082397,4.9011
-0.004425,-0.012665,4.9084
-0.0062561,-0.0177,4.9084
-0.0057983,-0.02121,4.9097
-0.0053406,-0.021973,4.906
-0.00076294,-0.019989,4.9072
0.0010681,-0.016174,4.9072
0.0035095,-0.010986,4.9109
0.0068665,-0.0061035,4.9084
0.011139,-0.0010681,0.046387
0.018463,0.0047302,0.042725
0.026245,0.010681,0.046387
0.03479,0.01709,0.050049
0.040131,0.020294,0.056152
0.045013,0.021362,0.058594
0.046997,0.019226,0.058594
0.048676,0.015564,0.06958
0.049286,0.013428,0.058594
0.049133,0.011902,0.047607
0.04837,0.011444,0.061035
0.048218,0.011749,0.062256
0.045319,0.0099182,0.056152
0.040741,0.0085449,0.062256
0.035248,0.0083923,0.061035
0.029449,0.0094604,0.062256
0.02243,0.013275,0.062256
0.017548,0.014191,0.063477
0.013275,0.02121,0.065918
0.0099182,0.023041,0.068359
0.00091553,0.021515,0.065918
0.002594,0.016479,0.068359
0.0015259,0.0093079,0.070801
0.00061035,0.0010681,0.062256
0.00076294,-0.0074768,0.056152
0.0015259,-0.014496,0.058594
0.0010681,-0.019379,0.050049
0.00091553,-0.024414,0.050049
-0.00045776,-0.023346,0.048828
-0.00015259,-0.018921,0.047607
-0.00030518,-0.013275,0.05249
0.00045776,-0.0076294,0.046387
0.0028992,-0.0038147,0.046387
0.0068665,-0.0045776,0.041504
0.011749,-0.005188,0.048828
0.017242,-0.0080872,0.036621
0.024261,-0.0097656,0.042725
0.030823,-0.011139,0.046387
0.036011,-0.012665,0.040283
0.039368,-0.013885,0.037842
0.042267,-0.013275,0.040283
0.042267,-0.01297,0.050049
0.042114,-0.011597,0.040283
0.037842,-0.0076294,0.050049
0.034027,-0.0083923,0.040283
0.03006,-0.0086975,0.029297
0.028229,-0.010376,0.039063
0.027771,-0.012665,0.042725
0.028076,-0.015106,0.042725
0.029449,-0.020447,0.048828
0.031433,-0.020752,0.045166
0.033112,-0.021057,0.05249
0.034637,-0.019073,0.05127
0.035553,-0.017242,0.056152
0.037079,-0.014801,0.056152
0.041046,-0.010681,0.057373
0.036316,-0.0059509,0.059814
0.034637,-0.0018311,0.062256
0.031891,0.0015259,0.073242
0.030365,0.0065613,0.053711
0.028076,0.010071,0.059814
0.026855,0.013428,0.061035
0.026855,0.016174,0.065918
0.026398,0.016785,0.059814
0.026398,0.015564,0.070801
0.02594,0.011139,0.064697
0.026093,0.0071716,0.065918
0.02533,0.0028992,0.064697
0.027313,0.0013733,0.067139
0.029297,-0.0010681,0.063477
0.030975,0.0012207,0.064697
0.031433,0.0015259,0.057373
0.031586,0.0016785,0.059814
0.030212,0.002594,0.056152
0.028992,-0.0027466,0.053711
0.027313,-0.00045776,0.05249
0.02594,-0.0030518,0.047607
0.024719,-0.0064087,2.7197
0.023193,-0.0090027,4.7888
0.020447,-0.010071,4.9097
0.018005,-0.010681,4.9109
0.015259,-0.014038,4.884
0.012665,-0.013885,4.9133
0.012665,-0.01358,4.9109
0.012207,-0.012207,4.9109
0.01358,-0.0097656,4.9109
0.014191,-0.0074768,4.9097
0.014496,-0.0062561,4.9109
0.01709,-0.0019836,4.906
0.018463,-0.00030518,4.9097
0.020599,0.00061035,4.9084
0.022736,0.0010681,4.9109
0.02533,-0.00015259,4.9109
0.027313,-0.00045776,4.9146
0.028534,0.00091553,4.9109
0.026398,0.0038147,4.9133
0.030975,0.004425,4.9121
0.031738,0.0061035,4.9146
0.032806,0.0065613,4.9207
0.034637,0.0041199,4.9219
0.034943,0.0021362,4.9121
0.034943,0.00076294,4.9158
0.034332,0.00030518,4.9121
0.031433,0.0032043,4.928
0.028381,0.0042725,4.928
0.025482,0.0042725,4.9268
0.024261,0.00045776,4.9316
0.023041,-0.0047302,4.9304
0.021362,-0.0091553,4.9365
0.019836,-0.01236,4.9292
0.016327,-0.012817,4.9329
0.013275,-0.012054,4.9255
0.010681,-0.0090027,4.9329
0.01236,-0.0061035,4.9463
0.015259,-0.0048828,4.9377
0.016785,-0.0054932,4.9353
0.017395,-0.0082397,4.9402
0.01709,-0.01236,4.9146
0.015717,-0.014801,4.9316
0.016479,-0.017242,4.9255
0.014801,-0.019379,4.9255
0.015106,-0.019836,4.9255
0.017395,-0.020142,4.9231
0.019379,-0.019226,4.9231
0.024109,-0.016937,4.9194
0.025787,-0.01358,4.9243
0.029449,-0.011139,4.9146
0.03418,-0.0068665,4.9194
0.038452,-0.0022888,4.9158
0.042877,0.0024414,4.9207
0.045319,0.0074768,4.9097
0.046997,0.011139,4.9146
0.046539,0.013733,4.9146
0.04425,0.014954,4.9133
0.042572,0.016327,4.9133
0.041046,0.016785,4.9084
0.038605,0.018005,4.9133
0.037079,0.018616,4.9109
0.0354,0.019684,4.9133
0.03418,0.019684,4.9084
0.032349,0.018768,4.9109
0.030212,0.016479,4.906
0.027466,0.01358,4.9109
0.025024,0.011444,4.9109
0.023193,0.009613,4.917
0.021515,0.0090027,4.9158
0.019379,0.0080872,4.9194
0.016785,0.0065613,4.9207
0.012665,0.0032043,4.9268
0.010376,0.00015259,4.9341
0.0086975,-0.00015259,0.058594
0.0082397,0,0.065918
0.0068665,0.00091553,0.059814
0.0067139,0.0039673,0.057373
0.0065613,0.0064087,0.061035
0.0067139,0.004425,0.062256
0.0068665,0.0010681,0.057373
0.0062561,-0.00061035,0.062256
0.0059509,-0.0041199,0.058594
0.0074768,-0.0024414,0.062256
0.0076294,0,0.062256
0.0086975,-0.0016785,0.064697
0.010986,-0.0039673,0.059814
0.012665,-0.0056458,0.065918
0.015869,-0.0071716,0.06958
0.018768,-0.0035095,0.067139
0.022583,0.002594,0.063477
0.027313,0.0074768,0.063477
0.031891,0.0099182,0.064697
0.036163,0.0091553,0.057373
0.036469,0.0056458,0.065918
0.033417,0.0041199,0.05249
0.032959,0.0061035,0.047607
0.032806,0.0076294,0.048828
0.03479,0.007019,0.048828
0.034943,0.007019,0.047607
0.033112,0.0050354,0.043945
0.030365,0.0045776,0.040283
0.027924,0.0053406,0.045166
0.027161,0.0091553,0.041504
0.026398,0.0099182,0.042725
0.026245,0.011444,0.039063
0.024872,0.014496,0.041504
0.022125,0.015869,0.03418
0.018005,0.016785,0.041504
0.013428,0.014191,0.053711
0.0088501,0.0085449,0.037842
0.0088501,0.0028992,0.046387
0.011139,-0.0028992,0.037842
0.014954,-0.0045776,0.021973
0.017548,-0.005188,0.039063
0.017853,-0.0042725,0.040283
0.016174,-0.0047302,0.043945
0.013885,-0.0053406,0.040283
0.012817,-0.0059509,0.040283
0.015106,-0.005188,0.05127
0.017548,-0.0010681,0.05127
0.019684,0.0028992,0.059814
0.019836,0.0082397,0.05249
0.018921,0.011292,0.062256
0.018768,0.012054,0.058594
0.019989,0.012512,0.063477
0.025024,0.011597,0.064697
0.027924,0.011749,0.062256
0.031128,0.011902,0.063477
0.031433,0.012207,0.058594
0.03067,0.010681,0.074463
0.027618,0.0059509,0.061035
0.025787,0.00015259,0.056152
0.022125,-0.002594,0.063477
0.019836,-0.0036621,0.064697
0.018311,-0.00030518,0.064697
0.015411,0.0013733,0.065918
0.012207,0.00045776,0.064697
0.011749,-0.0016785,0.059814
0.0099182,-0.0045776,0.058594
0.0097656,-0.0086975,0.059814
0.012207,-0.0097656,0.05249
0.014191,-0.0083923,0.054932
0.014801,-0.0042725,0.053711
0.014954,0.00061035,0.050049
0.016479,0.0048828,0.056152
0.015869,0.0076294,0.048828
0.018158,0.0091553,0.047607
0.02121,0.011292,0.043945
0.023651,0.01236,0.032959
0.026093,0.014496,0.040283
0.027008,0.015411,0.041504
0.028229,0.015106,4.4397
0.027924,0.011139,4.8804
0.028381,0.0068665,4.9072
0.024872,0.0021362,4.906
0.023193,-0.0015259,4.9072
0.022888,-0.0039673,4.9097
0.022583,-0.0042725,4.9048
0.022125,-0.0050354,4.9133
0.020294,-0.0062561,4.9036
0.019073,-0.0057983,4.9121
0.020599,-0.010376,4.906
0.021973,-0.012054,4.9133
0.025787,-0.012054,4.917
0.028381,-0.0093079,4.9146
0.03067,-0.0074768,4.9268
0.031281,-0.0036621,4.9194
0.030975,-0.0028992,4.9072
0.030212,-0.0036621,4.9194
0.030212,-0.0056458,4.9231
0.030975,-0.0053406,4.9341
0.032349,-0.0038147,4.9292
0.031891,-0.0019836,4.9255
0.030823,-0.00091553,4.9316
0.028839,-0.0013733,4.9341
0.026398,-0.0032043,4.9316
0.026703,-0.0016785,4.9268
0.028839,-0.0048828,4.9329
0.032959,-0.0053406,4.9341
0.033722,-0.002594,4.9329
0.032196,-0.00030518,4.9426
0.031128,0.0030518,4.9438
0.028381,0.0036621,4.9353
0.026855,0.0028992,4.9353
0.027008,0.00061035,4.9377
0.027618,-0.0016785,4.9316
0.027924,-0.002594,4.9304
0.026093,-0.0010681,4.9292
0.024719,0.00061035,4.9268
0.022736,0.0018311,4.9231
0.022278,0.00045776,4.9243
0.025787,-0.00076294,4.9182
0.027771,-0.004425,4.917
0.027618,-0.005188,4.917
0.024872,-0.0033569,4.917
0.019684,-0.0013733,4.9158
0.016174,0,4.9182
0.010223,-0.0010681,4.9121
0.0080872,-0.0035095,4.9158
0.0088501,-0.0062561,4.9219
0.0093079,-0.0076294,4.9133
0.011139,-0.0065613,4.9207
0.013275,-0.0045776,4.8987
0.012512,-0.0061035,4.8987
0.014496,-0.0035095,4.9109
0.016174,-0.005188,4.9084
0.0177,-0.0064087,4.906
0.020447,-0.0065613,4.9097
0.022125,-0.0054932,4.906
0.02243,-0.0027466,4.9121
0.02243,-0.00061035,4.9048
0.021667,0.0013733,4.9182
0.02182,0.0035095,4.9133
0.023499,0.0041199,4.9182
0.02533,0.0039673,4.9219
0.028076,0.0039673,4.9255
0.029144,0.0050354,4.9268
0.031891,0.0062561,4.9255
0.031738,0.0050354,4.9304
0.033417,0.0059509,4.9329
0.031433,0.0067139,4.9341
0.031433,0.0059509,4.9316
0.031281,0.0059509,4.9353
0.03067,0.0050354,0.059814
0.029297,0.0041199,0.056152
0.026703,0.0047302,0.063477
0.023804,0.0047302,0.059814
0.022583,0.0038147,0.062256
0.02182,0.0024414,0.064697
0.022888,0.0012207,0.063477
0.022888,-0.00061035,0.067139
0.02243,-0.0032043,0.067139
0.02182,-0.0041199,0.06958
0.019989,-0.0062561,0.062256
0.019836,-0.0053406,0.061035
0.019684,-0.0038147,0.070801
0.024109,-0.0036621,0.057373
0.027618,-0.0012207,0.061035
0.03006,0.0016785,0.053711
0.032349,0.0013733,0.037842
0.033112,0.0028992,0.048828
0.033722,0.0035095,0.045166
0.035858,0.0038147,0.047607
0.037537,0.0042725,0.045166
0.040588,0.0028992,0.040283
0.041351,0.00015259,0.046387
0.040131,0.00076294,0.041504
0.037994,0.0038147,0.042725
0.034027,0.0054932,0.037842
0.030975,0.0065613,0.045166
0.028381,0.007782,0.041504
0.026855,0.0068665,0.040283
0.02533,0.0068665,0.045166
0.023499,0.0091553,0.040283
0.023956,0.011292,0.036621
0.023956,0.011902,0.040283
0.025482,0.010376,0.030518
0.026703,0.0059509,0.039063
0.026855,0.0012207,0.024414
0.027618,-0.0019836,0.041504
0.026398,-0.0045776,0.045166
0.024719,-0.004425,0.045166
0.021362,-0.0032043,0.05127
0.017548,-0.0059509,0.053711
0.015106,-0.007782,0.056152
0.014648,-0.01358,0.053711
0.015411,-0.0099182,0.05249
0.017853,-0.0074768,0.056152
0.019531,-0.0038147,0.062256
0.017853,-0.00015259,0.061035
0.01358,0.0010681,0.062256
0.010529,0.00091553,0.067139
0.010834,0.0015259,0.062256
0.012207,0.0013733,0.06958
0.013885,0.0027466,0.062256
0.014648,0.0028992,0.05249
0.012054,0.0047302,0.062256
0.010834,0.0053406,0.061035
0.0099182,0.0056458,0.064697
0.013428,0.0062561,0.067139
0.018005,0.0064087,0.063477
0.020905,0.0065613,0.063477
0.023956,0.0067139,0.058594
0.023651,0.0053406,0.063477
0.021973,0.0086975,0.054932
0.020447,0.0097656,0.054932
0.019379,0.010376,0.056152
0.019836,0.0099182,0.057373
0.020599,0.0056458,0.045166
0.020905,0.0073242,0.050049
0.018616,0.0067139,0.05127
0.015259,0.0057983,0.047607
0.011902,0.0068665,0.05127
0.009613,0.0065613,0.043945
0.010071,0.0054932,0.045166
0.012207,0.0065613,0.047607
0.014038,0.0062561,0.041504
0.015259,0.0086975,0.037842
0.016174,0.014648,0.040283
0.014954,0.018616,0.03418
0.014648,0.015717,0.041504
0.015106,0.014191,4.3579
0.017548,0.015717,4.8743
0.019531,0.0050354,4.906
0.019379,0.0053406,4.9121
0.015411,0.0039673,4.9097
0.014038,0.0028992,4.9133
0.010834,0.0064087,4.9243
0.010071,0.010376,4.9121
0.011444,0.0061035,4.9194
0.014954,0.0074768,4.9207
0.017242,0.010223,4.9097
0.017548,0.0061035,4.9231
0.016785,0.0050354,4.9304
0.014954,0.010529,4.928
0.015411,0.0056458,4.9292
0.015869,0.0045776,4.9268
0.018005,0.0083923,4.9316
0.018921,0.0041199,4.9304
0.016174,0.0012207,4.9316
0.015411,0.0071716,4.928
0.011444,0.0019836,4.9304
0.011139,-0.0024414,4.9292
0.0094604,-0.0012207,4.9329
0.011749,-0.0076294,4.9329
0.014648,-0.011139,4.9377
0.020142,-0.0048828,4.9414
0.022125,-0.00076294,4.9377
0.020447,-0.004425,4.9475
0.016937,0.00076294,4.9365
0.017395,0.0024414,4.9268
0.018616,-0.0013733,4.9304
0.021667,0.0019836,4.9304
0.023041,-0.00091553,4.9243
0.023651,-0.0062561,4.9231
0.023499,-0.0048828,4.9219
0.022125,-0.0088501,4.9194
0.021667,-0.012665,4.9207
0.022583,-0.010223,4.917
0.023651,-0.0094604,4.9158
0.028076,-0.0076294,4.9109
0.026703,-0.0042725,4.9109
0.024872,0.00030518,4.9182
0.022736,-0.00030518,4.9158
0.019836,0.0039673,4.9121
0.019836,0.0053406,4.9084
0.020905,0.0047302,4.9109
0.022736,0.0018311,4.8999
0.023651,0.0012207,4.9109
0.024261,-0.0022888,4.9109
0.023956,-0.0032043,4.906
0.021973,-0.0050354,4.9023
0.023499,-0.004425,4.9084
0.026093,-0.0032043,4.9097
0.029907,-0.0054932,4.9084
0.033112,-0.0079346,4.9133
0.035553,-0.0091553,4.9133
0.033569,-0.0086975,4.9182
0.031738,-0.004425,4.917
0.030212,-0.00015259,4.9219
0.029755,0.0033569,4.9194
0.030975,0.0030518,4.9243
0.035858,0.0041199,4.9353
0.034027,0.0016785,4.928
0.031128,-0.00091553,4.9377
0.030365,-0.00045776,4.9329
0.028839,0.00076294,4.9133
0.027771,0.0015259,4.9292
0.03006,0.0033569,4.9365
0.032501,0.00045776,4.9304
0.032806,-0.00045776,4.9304
0.032501,-0.0018311,4.928
0.028534,-0.0033569,4.9377
0.026398,-0.0015259,0.05249
0.023956,0.0016785,0.067139
0.024414,0.0038147,0.064697
0.026245,0.005188,0.063477
0.027313,0.0062561,0.065918
0.027924,0.0057983,0.067139
0.024567,0.0061035,0.075684
0.026398,0.0065613,0.057373
0.027466,0.007019,0.054932
0.027466,0.0062561,0.054932
0.027618,0.0057983,0.037842
0.024109,0.0041199,0.048828
0.026093,0.0024414,0.050049
0.024414,0.002594,0.047607
0.026093,-0.0018311,0.047607
0.022736,-0.0013733,0.041504
0.023346,-0.0012207,0.047607
0.023956,-0.0027466,0.042725
0.025177,-0.002594,0.043945
0.026245,-0.0090027,0.037842
0.024414,-0.01236,0.047607
0.023346,-0.013123,0.036621
0.023193,-0.011749,0.039063
0.022888,-0.0076294,0.039063
0.021973,-0.0032043,0.043945
0.023499,0.00061035,0.050049
0.02533,0.0027466,0.041504
0.027161,0.0028992,0.047607
0.028076,0.0032043,0.040283
0.028992,0.0028992,0.031738
0.029297,0.0032043,0.040283
0.029602,0.0042725,0.040283
0.030975,0.0033569,0.041504
0.032043,0.0042725,0.050049
0.033875,0.002594,0.048828
0.030823,0.0021362,0.054932
0.028687,0.002594,0.053711
0.02594,0.0032043,0.058594
0.022888,0.004425,0.056152
0.021057,0.0048828,0.059814
0.021362,0.005188,0.062256
0.022278,0.0010681,0.065918
0.023041,-0.00045776,0.067139
0.023193,-0.0035095,0.061035
0.024414,-0.0045776,0.061035
0.023651,-0.0048828,0.063477
0.024109,-0.0041199,0.068359
0.024109,-0.0039673,0.064697
0.022125,-0.0012207,0.063477
0.019226,0.00015259,0.061035
0.018463,0.0016785,0.067139
0.0177,0.0039673,0.064697
0.020142,0.0050354,0.059814
0.022736,0.007019,0.05127
0.025635,0.0083923,0.062256
0.030365,0.0099182,0.056152
0.033264,0.010529,0.056152
0.036774,0.0083923,0.047607
0.039215,0.0067139,0.054932
0.039368,0.0047302,0.050049
0.039215,0.004425,0.048828
0.037384,0.0042725,0.062256
0.033569,0.0057983,0.047607
0.03067,0.0064087,0.05249
0.026703,0.0057983,0.045166
0.024872,0.0054932,0.030518
0.023956,0.0056458,0.037842
0.023804,0.007019,0.041504
0.024109,0.0094604,0.037842
0.024261,0.010376,0.043945
0.025177,0.010223,0.0354
0.023956,0.007782,0.042725
0.023193,0.0039673,0.037842
0.02182,0.00015259,0.041504
0.018616,-0.0015259,0.037842
0.015564,-0.0010681,0.040283
0.011902,-0.00030518,0.041504
0.0090027,0.00015259,0.042725
0.0067139,-0.00045776,4.342
0.0068665,-0.0047302,4.8767
0.0080872,-0.0045776,4.8962
0.010529,-0.0056458,4.917
0.012207,-0.0036621,4.9158
0.01236,-0.0030518,4.9255
0.012512,-0.0019836,4.9219
0.012054,-0.0010681,4.9255
0.01358,-0.0021362,4.928
0.014343,-0.0015259,4.9268
0.013885,-0.0018311,4.9304
0.012512,-0.00061035,4.9329
0.010681,-0.00030518,4.9329
0.0085449,0,4.928
0.010529,-0.0013733,4.9341
0.013428,-0.0024414,4.9292
0.017395,-0.0030518,4.9353
0.020294,-0.0027466,4.9255
0.021362,-0.0027466,4.9341
0.022736,-0.0019836,4.9463
0.022736,-0.00061035,4.9377
0.022736,0.00061035,4.9426
0.021667,0.0027466,4.9353
0.021362,0.0030518,4.9207
0.019989,0.0038147,4.9292
0.018158,0.0028992,4.928
0.015259,0.0041199,4.9255
0.011902,0.0024414,4.9255
0.0093079,0.0015259,4.9219
0.0083923,0.0016785,4.9231
0.0097656,0.0019836,4.9158
0.012512,0.0012207,4.9207
0.014343,-0.00030518,4.9133
0.014496,-0.00076294,4.9158
0.014648,0.00015259,4.9158
0.013428,0.0036621,4.9182
0.012054,0.0061035,4.9097
0.012665,0.0073242,4.9146
0.012054,0.0082397,4.9133
0.013733,0.0088501,4.9097
0.013275,0.0076294,4.9097
0.012512,0.0090027,4.9109
0.01236,0.009613,4.8987
0.01297,0.010986,4.9084
0.013123,0.012207,4.9109
0.014496,0.011292,4.9109
0.015411,0.009613,4.9109
0.014496,0.007019,4.9084
0.013123,0.0065613,4.9121
0.011139,0.0067139,4.9133
0.0091553,0.0076294,4.9194
0.012665,0.007782,4.9194
0.0076294,0.0059509,4.9207
0.0082397,0.0032043,4.9194
0.0071716,0.0013733,4.9255
0.0091553,0.00045776,4.939
0.0074768,0.00076294,4.928
0.0056458,0.0013733,4.9377
0.0062561,0.0019836,4.9377
0.0068665,0.0016785,4.9133
0.007782,-0.00076294,4.9304
0.0090027,-0.0015259,4.9292
0.0097656,-0.00015259,4.9304
0.011444,0.0019836,4.9292
0.013123,0.0061035,4.939
0.015106,0.0086975,4.9377
0.019379,0.0079346,4.9353
0.023193,0.0057983,4.9365
0.025482,0.0038147,4.9316
0.028076,0.0016785,4.939
0.027618,0.00076294,4.9316
0.02594,0.0021362,0.062256
0.025787,0.0050354,0.065918
0.024719,0.0039673,0.059814
0.023804,0.0015259,0.059814
0.024261,-0.00076294,0.053711
0.024872,-0.002594,0.064697
0.025482,-0.0021362,0.050049
0.024261,-0.00076294,0.040283
0.023193,0.0013733,0.048828
0.023499,0.0024414,0.046387
0.024567,0.0022888,0.042725
0.025787,0,0.045166
0.025787,-0.0013733,0.042725
0.024414,-0.0016785,0.041504
0.020294,0,0.040283
0.019531,0.0019836,0.041504
0.020294,0.0022888,0.039063
0.020752,0.0027466,0.041504
0.024109,0.00015259,0.032959
0.025635,-0.0036621,0.042725
0.026245,-0.0045776,0.05127
0.026703,-0.0050354,0.041504
0.027008,-0.004425,0.048828
0.028534,-0.0028992,0.032959
0.029755,-0.0010681,0.029297
0.030212,-0.00061035,0.043945
0.030518,-0.0010681,0.041504
0.029297,-0.0019836,0.042725
0.028229,-0.0021362,0.047607
0.027161,0.00091553,0.048828
0.026398,0.00091553,0.048828
0.026093,0.0041199,0.053711
0.024719,0.0054932,0.057373
0.024261,0.0054932,0.058594
0.024414,0.0050354,0.063477
0.024414,0.0033569,0.063477
0.026398,0.0039673,0.064697
0.025024,0.00045776,0.061035
0.025635,0.0016785,0.063477
0.024567,0.0022888,0.062256
0.023041,0.0036621,0.062256
0.021362,0.0047302,0.072021
0.021362,0.0041199,0.063477
0.020447,0.0038147,0.058594
0.020294,0.0036621,0.062256
0.020905,0.0039673,0.065918
0.02121,0.0067139,0.067139
0.020294,0.007019,0.063477
0.021362,0.0067139,0.050049
0.023041,0.0045776,0.063477
0.023804,0.0030518,0.054932
0.024261,0.0019836,0.057373
0.023804,0.0019836,0.053711
0.024261,0.0022888,0.053711
0.021973,0.0018311,0.043945
0.019073,-0.00076294,0.048828
0.018921,-0.0027466,0.061035
0.017853,-0.0050354,0.046387
0.018921,-0.0064087,0.043945
0.020294,-0.0067139,0.041504
0.020294,-0.0071716,0.025635
0.02182,-0.0057983,0.036621
0.017853,-0.0053406,0.042725
0.017548,-0.0054932,0.039063
0.017548,-0.0045776,0.039063
0.018616,-0.0035095,0.0354
0.018921,-0.0016785,0.040283
0.023804,0.00091553,0.0354
0.024414,0.0039673,0.041504
0.023041,0.0054932,0.037842
0.023651,0.0057983,0.041504
0.024567,0.0065613,0.040283
0.02655,0.0054932,0.043945
0.028687,0.0045776,0.041504
0.028381,0.0036621,0.047607
0.028534,0.0041199,0.047607
0.027008,0.0028992,0.05249
0.024719,0.00030518,0.062256
0.024567,-0.0030518,0.48706
0.023651,-0.0067139,4.6594
0.023193,-0.009613,4.9011
0.022583,-0.010223,4.9231
0.021973,-0.0079346,4.9255
0.020294,-0.0054932,4.9292
0.019684,-0.0035095,4.928
0.019379,-0.0033569,4.9329
0.02182,-0.0042725,4.9268
0.022583,-0.0068665,4.9316
0.024567,-0.0062561,4.9255
0.02594,-0.0042725,4.9329
0.026245,-0.0010681,4.9353
0.026245,0.0021362,4.9365
0.027161,0.002594,4.9426
0.027924,0.0010681,4.939
0.029144,0.0010681,4.9377
0.030212,0.0028992,4.9341
0.033112,0.0067139,4.9377
0.033417,0.0090027,4.9292
0.032501,0.0085449,4.928
0.031586,0.0059509,4.9243
0.029907,0.0021362,4.9243
0.029907,-0.0016785,4.9219
0.03006,-0.0021362,4.9207
0.031433,-0.0024414,4.9158
0.030975,-0.0013733,4.9207
0.029907,0.00015259,4.9133
0.028076,0.00030518,4.9219
0.026093,0.00091553,4.9158
0.024719,0.0032043,4.9194
0.024414,0.0057983,4.9109
0.02533,0.0068665,4.9133
0.026855,0.0061035,4.9243
0.02594,0.005188,4.9121
0.023804,0.0047302,4.9182
0.021973,0.0045776,4.9121
0.020294,0.0048828,4.8926
0.019684,0.0056458,4.9072
0.018463,0.0032043,4.9109
0.016174,-0.0016785,4.9084
0.012512,-0.0048828,4.9109
0.0083923,-0.0064087,4.9072
0.0062561,-0.0057983,4.9121
0.0065613,-0.0030518,4.9146
0.0086975,0.0010681,4.9207
0.011902,0.002594,4.9158
0.015869,0.002594,4.9243
0.019226,0.0022888,4.9243
0.021057,0.0016785,4.9268
0.021362,0.0027466,4.9268
0.021667,0.005188,4.9292
0.020599,0.007782,4.928
0.019379,0.0083923,4.9353
0.017242,0.0073242,4.939
0.015717,0.0038147,4.9341
0.014648,0.0016785,4.917
0.014648,-0.00030518,4.9304
0.015564,-0.0015259,4.9329
0.015869,0.00030518,4.928
0.016327,0.0032043,4.9353
0.015411,0.0053406,4.9438
0.014343,0.0059509,4.9377
0.013885,0.0074768,4.9316
0.015564,0.0073242,4.9377
0.010986,0.0082397,4.9329
0.010071,0.0083923,4.9341
0.009613,0.007782,4.9292
0.0091553,0.0079346,4.9341
0.009613,0.0083923,4.9365
0.011749,0.0093079,4.9255
0.013123,0.009613,4.928
0.014343,0.011139,0.046387
0.014343,0.0094604,0.037842
0.014801,0.0068665,0.047607
0.01358,0.0053406,0.047607
0.012054,0.0032043,0.041504
0.010071,0.0054932,0.043945
0.007782,0.0042725,0.042725
0.0047302,0.0047302,0.042725
0.004425,0.0047302,0.039063
0.0057983,0.0041199,0.039063
0.0080872,0.0035095,0.039063
0.010834,0.0030518,0.041504
0.01236,0.0035095,0.042725
0.014038,0.0041199,0.042725
0.011902,0.007019,0.040283
0.0090027,0.0079346,0.041504
0.0082397,0.009613,0.041504
0.0071716,0.010681,0.041504
0.0056458,0.010223,0.042725
0.0041199,0.0076294,0.041504
0.004425,0.0045776,0.045166
0.005188,0.005188,0.046387
0.0065613,0.0050354,0.050049
0.0097656,0.0062561,0.05249
0.014191,0.007782,0.053711
0.018768,0.0085449,0.054932
0.020294,0.0068665,0.061035
0.020294,0.0048828,0.059814
0.018616,0.002594,0.063477
0.016785,0.0012207,0.061035
0.014648,-0.00091553,0.061035
0.013123,-0.0018311,0.054932
0.011139,-0.0028992,0.061035
0.011139,-0.0042725,0.072021
0.010986,-0.0068665,0.061035
0.010986,-0.0073242,0.067139
0.012665,-0.0079346,0.064697
0.012512,-0.0097656,0.047607
0.014496,-0.0056458,0.064697
0.016022,-0.0053406,0.067139
0.017395,-0.0065613,0.067139
0.018158,-0.007782,0.064697
0.018616,-0.0090027,0.058594
0.01709,-0.0065613,0.057373
0.01709,-0.0076294,0.057373
0.01709,-0.0061035,0.057373
0.016632,-0.005188,0.047607
0.018005,-0.0045776,0.053711
0.018158,-0.0056458,0.05127
0.020599,-0.0056458,0.05127
0.023651,-0.004425,0.05127
0.027161,-0.0021362,0.046387
0.028534,-0.00045776,0.041504
0.029449,0.0010681,0.045166
0.031586,0.0010681,0.050049
0.033112,-0.0012207,0.040283
0.033112,-0.004425,0.023193
0.034027,-0.0047302,0.041504
0.032501,-0.0035095,0.037842
0.03067,-0.0033569,0.028076
0.028534,-0.004425,0.040283
0.028076,-0.0064087,0.0354
0.024414,-0.010529,0.041504
0.024414,-0.011139,0.0354
0.024261,-0.009613,0.042725
0.024567,-0.0061035,0.037842
0.024261,-0.0038147,0.041504
0.023346,-0.0022888,0.042725
0.022736,-0.0041199,0.043945
0.022125,-0.0024414,0.057373
0.021362,-0.0024414,0.05127
0.019989,-0.00061035,0.059814
0.02121,0.0013733,0.05127
0.021667,0.0033569,0.050049
0.020905,0.0039673,0.059814
0.020599,0.0024414,0.057373
0.019531,0.00076294,0.057373
0.020905,0.00061035,0.062256
0.022125,-0.0015259,3.6389
0.025024,-0.00045776,4.8523
0.025482,0.0013733,4.9207
0.027161,0.0015259,4.9292
0.027924,0.0036621,4.928
0.028992,0.0033569,4.9316
0.028381,0.0018311,4.9341
0.026398,-0.0010681,4.9243
0.024719,-0.002594,4.9341
0.024414,-0.0032043,4.9353
0.021973,-0.002594,4.9402
0.020752,-0.0010681,4.9353
0.019073,-0.00076294,4.9438
0.018921,-0.00091553,4.9316
0.016785,-0.0021362,4.9231
0.017242,-0.0047302,4.9231
0.015869,-0.0042725,4.9255
0.016632,-0.0022888,4.9243
0.017242,0.00045776,4.9194
0.016937,0.0028992,4.917
0.01709,0.0028992,4.9182
0.01709,0.0015259,4.917
0.016937,0.00061035,4.9146
0.018158,0.00045776,4.9146
0.019226,0.0027466,4.917
0.019836,0.004425,4.9109
0.019531,0.0059509,4.9121
0.019684,0.0068665,4.9182
0.020599,0.0041199,4.9048
0.019379,0.0028992,4.9084
0.02533,0.0018311,4.9084
0.028229,0.0033569,4.895
0.029907,0.0064087,4.9072
0.030365,0.0085449,4.906
0.029449,0.0073242,4.9097
0.029449,0.0053406,4.9121
0.028381,0.0016785,4.9084
0.028381,-0.0015259,4.9109
0.027924,-0.0030518,4.9109
0.028381,-0.0042725,4.9133
0.025482,-0.0033569,4.917
0.023346,-0.0041199,4.9231
0.020752,-0.0059509,4.9219
0.020447,-0.0079346,4.9268
0.020447,-0.0086975,4.9255
0.020599,-0.007019,4.9292
0.020447,-0.0047302,4.9341
0.020447,-0.0022888,4.9341
0.019531,-0.002594,4.9451
0.019684,-0.0027466,4.9304
0.019684,-0.0042725,4.9194
0.020599,-0.0038147,4.9304
0.022888,-0.0013733,4.9292
0.024872,0.0022888,4.928
0.027008,0.0048828,4.9341
0.03006,0.0057983,4.9353
0.031738,0.0057983,4.9353
0.031891,0.0059509,4.9329
0.032654,0.007782,4.9365
0.032196,0.0086975,4.9316
0.032196,0.0082397,4.9377
0.032654,0.007782,4.928
0.032349,0.005188,4.9329
0.031891,0.0028992,4.9329
0.031128,0.0015259,4.9268
0.030212,0.0024414,4.9219
0.028534,0.0036621,4.9231
0.028229,0.0067139,4.9158
0.027618,0.0094604,4.9182
0.028534,0.011444,4.9158
0.028229,0.013275,4.9133
0.027466,0.014343,4.9146
0.02533,0.015411,0.043945
0.023499,0.013428,0.039063
0.020905,0.0083923,0.039063
0.018311,0.0038147,0.041504
0.016632,0,0.0354
0.014496,-0.00091553,0.042725
0.01236,0.0010681,0.041504
0.010223,0.0035095,0.042725
0.007782,0.0030518,0.039063
0.0056458,-0.0010681,0.042725
0.0045776,-0.0067139,0.050049
0.0042725,-0.011749,0.041504
0.0061035,-0.01358,0.05127
0.0080872,-0.010834,0.042725
0.010529,-0.0076294,0.031738
0.013123,-0.005188,0.046387
0.014343,-0.0053406,0.05127
0.015259,-0.0062561,0.053711
0.016174,-0.0053406,0.054932
0.016937,-0.0028992,0.054932
0.016174,0.0019836,0.059814
0.018616,0.0094604,0.058594
0.020294,0.011902,0.061035
0.021515,0.01236,0.061035
0.024719,0.010681,0.064697
0.026093,0.0083923,0.062256
0.027466,0.0099182,0.064697
0.028381,0.012665,0.073242
0.027466,0.014648,0.061035
0.02533,0.015564,0.062256
0.020905,0.01236,0.061035
0.016785,0.0079346,0.06958
0.015259,0.005188,0.065918
0.014496,0.0048828,0.065918
0.014648,0.005188,0.064697
0.014343,0.0071716,0.064697
0.01358,0.0088501,0.056152
0.012817,0.0067139,0.059814
0.010834,0.0050354,0.057373
0.0080872,0.0027466,0.056152
0.0082397,0.0038147,0.05127
0.0062561,0.0041199,0.050049
0.0036621,0.0047302,0.047607
0.00091553,0.0045776,0.05127
-0.0019836,0.0030518,0.047607
-0.0042725,0.0018311,0.048828
-0.0021362,0.0012207,0.053711
0.00030518,0.0018311,0.047607
0.0036621,0.0038147,0.057373
0.007019,0.0061035,0.040283
0.010529,0.0074768,0.031738
0.011444,0.0086975,0.037842
0.013275,0.0083923,0.041504
0.013275,0.0068665,0.036621
0.011139,0.0050354,0.041504
0.011139,0.004425,0.0354
0.010376,0.0038147,0.043945
0.0094604,0.0041199,0.039063
0.010681,0.007019,0.039063
0.010834,0.0032043,0.037842
0.015259,0.0030518,0.043945
0.018311,0.0027466,0.045166
0.021667,0.0032043,0.047607
0.023956,0.0036621,0.046387
0.024567,0.0045776,0.05249
0.023956,0.0054932,0.05127
0.023193,0.0062561,0.05127
0.020294,0.0059509,0.064697
0.017242,0.0047302,0.057373
0.016174,0.0035095,0.050049
0.015259,0.0019836,0.057373
0.016022,0.0021362,0.062256
0.016479,0.0024414,0.061035
0.014648,0.0016785,0.058594
0.016937,0.00030518,0.057373
0.015564,-0.0016785,0.063477
0.015869,-0.0082397,0.058594
0.016937,-0.0056458,0.064697
0.018005,-0.007019,3.7952
0.019531,-0.007782,4.8645
0.018768,-0.0094604,4.9158
0.017853,-0.007019,4.9353
0.017548,-0.0093079,4.9463
0.018005,-0.009613,4.9341
0.018005,-0.011292,4.9316
0.021515,-0.010376,4.9304
0.023651,-0.0079346,4.9084
0.02533,-0.0056458,4.9194
0.025635,-0.0042725,4.9182
0.027924,-0.004425,4.9231
0.027771,-0.0064087,4.9207
0.03006,-0.0080872,4.9158
0.032196,-0.010681,4.917
0.033875,-0.011597,4.917
0.033264,-0.0099182,4.9158
0.031586,-0.0065613,4.9097
0.029449,-0.005188,4.9158
0.027161,-0.004425,4.9121
0.027313,-0.0053406,4.9109
0.028687,-0.0062561,4.9121
0.029144,-0.0071716,4.9109
0.028992,-0.007782,4.9133
0.027466,-0.0036621,4.9133
0.025787,-0.0062561,4.9146
0.023041,-0.0048828,4.9072
0.020294,-0.0042725,4.9048
0.021515,-0.0024414,4.9072
0.022125,-0.0056458,4.9097
0.022278,-0.0059509,4.9084
0.022125,-0.0057983,4.9121
0.021515,-0.0032043,4.9109
0.02243,-0.00061035,4.917
0.023804,0.0024414,4.9219
0.026245,0.0028992,4.9231
0.03006,0.0028992,4.9219
0.032349,0.00076294,4.9292
0.031586,-0.00030518,4.9268
0.031281,0.00076294,4.9304
0.023804,-0.0018311,4.9402
0.018921,0.0030518,4.9316
0.015717,0.0035095,4.9353
0.015259,0.0010681,4.9194
0.015717,0.0013733,4.9255
0.016937,0.0019836,4.9304
0.017548,0.0022888,4.9316
0.018311,0.0035095,4.9304
0.018463,0.0028992,4.9292
0.018463,0.00076294,4.9353
0.020142,-0.0030518,4.9353
0.02243,-0.0056458,4.9341
0.023346,-0.0073242,4.9353
0.021515,-0.0079346,4.9353
0.017242,-0.0067139,4.9316
0.011749,-0.0042725,4.9292
0.0094604,-0.0053406,4.9304
0.0091553,-0.0061035,4.9255
0.010529,-0.0068665,4.9304
0.012054,-0.0061035,4.9377
0.016022,-0.0013733,4.9194
0.018311,-0.0033569,4.9304
0.021362,-0.0039673,4.9207
0.02243,-0.0064087,4.9036
0.02533,-0.0073242,4.9121
0.026703,-0.0082397,4.9146
0.030365,-0.0080872,4.9133
0.030212,-0.0041199,4.9097
0.028229,-0.00076294,4.906
0.022888,0.0021362,4.9158
0.019073,0.005188,4.9048
0.015869,0.005188,4.9109
0.016632,0.0048828,4.9109
0.017853,0.0047302,0.041504
0.020599,0.0038147,0.040283
0.023346,0.0038147,0.039063
0.025787,0.004425,0.053711
0.028229,0.0033569,0.040283
0.030365,0.0019836,0.043945
0.032043,-0.00045776,0.042725
0.032654,-0.005188,0.025635
0.03006,-0.0079346,0.046387
0.027924,-0.011444,0.05127
0.021362,-0.013428,0.05249
0.014648,-0.014801,0.053711
0.0083923,-0.014954,0.053711
0.0067139,-0.014648,0.059814
0.0088501,-0.014343,0.059814
0.011444,-0.013123,0.061035
0.016327,-0.010223,0.058594
0.019531,-0.0073242,0.063477
0.021362,-0.0050354,0.058594
0.025635,-0.0045776,0.063477
0.028229,-0.0047302,0.063477
0.032501,-0.0064087,0.062256
0.033417,-0.0073242,0.063477
0.033112,-0.007019,0.064697
0.029907,-0.004425,0.079346
0.024414,-0.0012207,0.067139
0.019989,0.0013733,0.058594
0.017548,0.0030518,0.064697
0.018463,0.0028992,0.063477
0.02243,0.0015259,0.058594
0.027161,0.0010681,0.059814
0.030518,0.0012207,0.054932
0.032349,0.0021362,0.056152
0.032349,0.0056458,0.05127
0.032349,0.0074768,0.05127
0.032196,0.0073242,0.046387
0.031738,0.0067139,0.05249
0.030365,0.0041199,0.048828
0.027618,0.0018311,0.050049
0.023956,0.0010681,0.048828
0.018921,0.0021362,0.041504
0.014954,0.004425,0.042725
0.012207,0.0064087,0.040283
0.011902,0.0076294,0.032959
0.01358,0.004425,0.039063
0.012512,0.0016785,0.037842
0.015106,-0.0022888,0.028076
0.014038,-0.0059509,0.042725
0.011597,-0.0054932,0.036621
0.0088501,-0.0039673,0.040283
0.0059509,-0.002594,0.039063
0.0056458,-0.0018311,0.040283
0.0048828,-0.0030518,0.037842
0.0047302,-0.0062561,0.042725
0.0027466,-0.0074768,0.041504
0.0015259,-0.0065613,0.047607
0.0015259,-0.0050354,0.042725
0.0027466,-0.0021362,0.05249
0.0065613,0.00015259,0.059814
0.011444,0.00015259,0.054932
0.014954,0,0.063477
0.015564,-0.0010681,0.057373
0.016937,0.00076294,0.042725
0.014954,0.0027466,0.058594
0.014038,0.0045776,0.063477
0.01297,0.0067139,0.062256
0.013733,0.0085449,0.057373
0.016327,0.0094604,0.056152
0.01709,0.010681,0.063477
0.016022,0.013123,0.059814
0.018463,0.014801,0.063477
0.017853,0.016174,0.058594
0.017242,0.015106,0.067139
0.01709,0.014343,0.067139
0.017853,0.013885,0.067139
0.018616,0.011902,0.078125
0.018921,0.011292,0.065918
0.018921,0.011597,2.5366
0.018005,0.012054,4.7888
0.016785,0.012512,4.9146
0.016785,0.012054,4.9219
0.018158,0.011139,4.9219
0.019989,0.0091553,4.9255
0.018158,0.0071716,4.9194
0.016174,0.0053406,4.9158
0.010223,0.004425,4.9194
0.0048828,0.0047302,4.9146
0.0016785,0.005188,4.9121
0.0022888,0.0054932,4.9121
0.004425,0.0033569,4.9158
0.0074768,0.0028992,4.9109
0.0085449,-0.00030518,4.9158
0.0090027,0.0027466,4.9097
0.0083923,0.0056458,4.9023
0.0065613,0.0079346,4.9219
0.007782,0.0091553,4.9146
0.0093079,0.0091553,4.9219
0.010681,0.0073242,4.9084
0.010834,0.0038147,4.8999
0.0099182,0.0013733,4.9133
0.0093079,0.00030518,4.906
0.0082397,0,4.9109
0.0093079,0,4.9146
0.012817,0.00015259,4.9121
0.014801,-0.0016785,4.9133
0.021057,-0.0032043,4.9158
0.021362,-0.0056458,4.9243
0.020599,-0.0065613,4.9194
0.019836,-0.0057983,4.9255
0.019379,-0.0045776,4.9304
0.021973,-0.0027466,4.9304
0.023804,0.0019836,4.9304
0.02533,-0.00061035,4.9304
0.026093,-0.00061035,4.9365
0.025482,-0.0015259,4.9292
0.024872,-0.0019836,4.9402
0.023346,-0.0013733,4.9316
0.023804,-0.00061035,4.9182
0.024261,-0.00076294,4.9304
0.024109,-0.0021362,4.9329
0.024109,-0.004425,4.9353
0.022125,-0.0057983,4.9365
0.021057,-0.0067139,4.9329
0.020142,-0.0062561,4.9402
0.020905,-0.0045776,4.9341
0.023499,-0.0030518,4.928
0.02533,-0.0030518,4.9304
0.027618,-0.0042725,4.928
0.026855,-0.007019,4.9231
0.02594,-0.0097656,4.9255
0.025482,-0.011139,4.9353
0.025177,-0.0099182,4.9231
0.028076,-0.0079346,4.9219
0.030975,0.00015259,4.9207
0.034027,-0.0039673,4.8987
0.037842,-0.0047302,4.9158
0.039673,-0.0067139,4.9084
0.03952,-0.0067139,4.9158
0.0383,-0.0068665,4.9158
0.036774,-0.0050354,4.9072
0.037079,-0.0032043,4.9133
0.037079,-0.0019836,4.9072
0.0383,-0.002594,4.9097
0.037537,-0.0032043,4.9072
0.037079,-0.004425,4.9133
0.0354,-0.0045776,4.9109
0.034485,-0.0039673,4.9121
0.034943,-0.004425,4.9097
0.039368,-0.0041199,4.9109
0.0383,-0.0071716,4.9109
0.037079,-0.0097656,4.9109
0.032654,-0.011444,0.046387
0.027466,-0.010376,0.043945
0.021973,-0.0080872,0.039063
0.019226,-0.0061035,0.05127
0.019684,-0.0041199,0.053711
0.021362,-0.0028992,0.05127
0.023499,-0.00076294,0.056152
0.025024,0.0027466,0.057373
0.02655,0.0071716,0.061035
0.027924,0.009613,0.061035
0.030975,0.010681,0.063477
0.032349,0.010223,0.057373
0.03418,0.0076294,0.065918
0.033112,0.0035095,0.062256
0.028839,-0.0033569,0.062256
0.020294,-0.0080872,0.070801
0.0177,-0.01236,0.065918
0.013733,-0.014038,0.072021
0.010986,-0.013885,0.065918
0.010376,-0.010071,0.057373
0.013123,-0.0079346,0.067139
0.011597,-0.0054932,0.065918
0.013885,-0.0041199,0.059814
0.014801,-0.0016785,0.062256
0.016632,0.00076294,0.054932
0.018311,0.0038147,0.057373
0.020905,0.0053406,0.05127
0.022278,0.0067139,0.05127
0.022583,0.0064087,0.047607
0.027313,0.0050354,0.050049
0.03067,0.0047302,0.050049
0.030365,0.0057983,0.050049
0.032349,0.007782,0.046387
0.0354,0.0086975,0.046387
0.034637,0.0080872,0.047607
0.031738,0.0054932,0.042725
0.029449,-0.00030518,0.045166
0.024872,-0.0036621,0.041504
0.019989,-0.0062561,0.023193
0.016022,-0.0080872,0.0354
0.01297,-0.0088501,0.037842
0.011749,-0.011292,0.040283
0.011139,-0.01236,0.040283
0.010834,-0.014801,0.036621
0.010681,-0.016937,0.042725
0.010223,-0.014191,0.0354
0.012054,-0.010834,0.043945
0.012817,-0.0068665,0.041504
0.015106,-0.0050354,0.045166
0.016327,-0.0042725,0.032959
0.017853,-0.0036621,0.050049
0.020752,-0.0016785,0.065918
0.023651,-0.00015259,0.050049
0.027161,0.007782,0.058594
0.029144,0.013885,0.057373
0.032806,0.016785,0.045166
0.036011,0.017242,0.058594
0.03891,0.014496,0.058594
0.041656,0.010834,0.062256
0.041504,0.0064087,0.046387
0.041656,0.0010681,0.059814
0.039825,0.00045776,0.063477
0.037537,-0.002594,0.056152
0.034485,-0.0050354,0.063477
0.032196,-0.0085449,0.062256
0.031281,-0.011292,0.065918
0.030518,-0.011902,0.064697
0.030518,-0.01236,0.065918
0.03067,-0.010529,0.072021
0.027924,-0.0067139,0.067139
0.029144,-0.0024414,0.063477
0.028381,0.0016785,0.062256
0.027771,0.004425,0.075684
0.025787,0.0074768,0.054932
0.023651,0.0099182,0.043945
0.019531,0.013123,0.05127
0.016327,0.015717,0.050049
0.01297,0.0177,4.2395
0.0094604,0.020142,4.8779
0.0065613,0.021667,4.9084
0.0056458,0.020294,4.9133
0.005188,0.018616,4.9023
0.0059509,0.015106,4.9146
0.010071,0.011444,4.9109
0.010681,0.0080872,4.9146
0.013885,0.0067139,4.9109
0.017242,0.004425,4.9146
0.018616,0.002594,4.917
0.0177,0.00030518,4.9109
0.016327,-0.0019836,4.9146
0.012817,-0.0032043,4.9084
0.010376,-0.0032043,4.8962
0.0094604,-0.0030518,4.9097
0.0094604,-0.0015259,4.9109
0.011139,-0.00091553,4.9084
0.013428,-0.0018311,4.9133
0.015259,-0.0013733,4.9133
0.0177,0.00015259,4.9133
0.019379,0.0027466,4.9133
0.020905,0.0038147,4.9219
0.021057,0.0080872,4.9207
0.020752,0.0088501,4.9268
0.019989,0.0079346,4.9255
0.018616,0.0068665,4.9292
0.016937,0.007782,4.9268
0.016174,0.007782,4.9292
0.016479,0.011292,4.928
0.016479,0.012665,4.9304
0.017548,0.012054,4.939
0.016479,0.0097656,4.9329
0.016327,0.0074768,4.9109
0.016785,0.0059509,4.9292
0.017242,0.0071716,4.928
0.018158,0.010071,4.9304
0.019379,0.013733,4.9353
0.020294,0.014954,4.9329
0.021667,0.013885,4.9402
0.023193,0.010681,4.9341
0.025177,0.0056458,4.9353
0.024719,0.002594,4.928
0.024261,0.0019836,4.9316
0.022583,0.002594,4.928
0.021057,0.0041199,4.928
0.017395,0.0048828,4.9268
0.014343,0.0036621,4.9243
0.011292,0.0027466,4.9219
0.0083923,0.0015259,4.9207
0.0054932,0.00015259,4.9084
0.0027466,0.00076294,4.9158
0.0016785,0.0022888,4.9158
0.00015259,0.0045776,4.917
0.0012207,0.0057983,4.9121
0.0028992,0.005188,4.9109
0.0062561,0.002594,4.9121
0.007782,0.0013733,4.9036
0.014648,0.00091553,4.9133
0.018921,0.0035095,4.906
0.023499,0.0053406,4.9121
0.027466,0.0074768,4.9109
0.031738,0.0079346,4.9146
0.03479,0.007019,4.9072
0.037689,0.0045776,4.9121
0.038757,0.0018311,4.9194
0.038605,0.0016785,4.9146
0.037994,-0.00045776,4.9219
0.036163,-0.0038147,4.9133
0.033875,-0.0088501,4.9048
0.03067,-0.013275,4.9182
0.029755,-0.017395,4.9182
0.030212,-0.019226,4.9255
0.02594,-0.020599,0.054932
0.025482,-0.018463,0.056152
0.025177,-0.019989,0.058594
0.02533,-0.019379,0.061035
0.026398,-0.019073,0.062256
0.027618,-0.018616,0.057373
0.028229,-0.018768,0.063477
0.02655,-0.013885,0.065918
0.027313,-0.0097656,0.063477
0.027466,-0.0059509,0.06958
0.026703,-0.0038147,0.061035
0.027161,-0.0022888,0.064697
0.029755,-0.0018311,0.067139
0.033112,-0.0019836,0.070801
0.037079,-0.0047302,0.065918
0.039368,-0.0035095,0.06958
0.04303,-0.0057983,0.059814
0.046234,-0.0074768,0.062256
0.049744,-0.010376,0.058594
0.052032,-0.013428,0.057373
0.052795,-0.014954,0.053711
0.051422,-0.013428,0.053711
0.048981,-0.016479,0.050049
0.045166,-0.016327,0.050049
0.042114,-0.016632,0.047607
0.039673,-0.016479,0.05249
0.038605,-0.016632,0.043945
0.037079,-0.016937,0.043945
0.035706,-0.01709,0.057373
0.032196,-0.016785,0.046387
0.033569,-0.014648,0.05127
0.033569,-0.013275,0.039063
0.032654,-0.0091553,0.030518
0.031128,-0.0057983,0.0354
0.029755,-0.0024414,0.039063
0.028839,0.00015259,0.040283
0.029144,0.0027466,0.039063
0.029907,0.002594,0.032959
0.029907,0.0024414,0.042725
0.028229,0.0013733,0.037842
0.027313,-0.0012207,0.042725
0.027161,-0.0050354,0.039063
0.027161,-0.0088501,0.042725
0.026398,-0.0093079,0.045166
0.027161,-0.0088501,0.047607
0.027008,-0.0076294,0.058594
0.025482,-0.0059509,0.05249
0.025635,-0.0048828,0.05249
0.023499,-0.004425,0.05249
0.022888,-0.0028992,0.057373
0.02182,-0.00015259,0.058594
0.02121,0.0027466,0.065918
0.018921,0.0056458,0.059814
0.016022,0.0054932,0.062256
0.011749,0.0059509,0.062256
0.0088501,0.0038147,0.061035
0.007019,0.0018311,0.059814
0.0067139,-0.00061035,0.062256
0.0079346,-0.00045776,0.059814
0.0076294,-0.00015259,0.063477
0.0062561,-0.00015259,0.059814
0.0035095,-0.00015259,0.068359
0.0022888,0.00015259,0.067139
0.0030518,0.00030518,0.068359
0.0053406,-0.00030518,0.073242
0.0073242,-0.0010681,0.062256
0.0083923,-0.0019836,0.065918
0.0079346,-0.0027466,0.057373
0.0076294,-0.002594,0.043945
0.007019,-0.0019836,0.050049
0.007782,-0.0033569,0.050049
0.0088501,-0.0038147,0.045166
0.0091553,-0.0068665,0.050049
0.0088501,-0.010071,0.043945
0.0079346,-0.011749,0.046387
0.0074768,-0.011292,0.042725
0.0074768,-0.010681,0.046387
0.0097656,-0.0099182,1.947
0.010986,-0.0099182,4.7375
0.012817,-0.011444,4.9011
0.014801,-0.011444,4.9097
0.016174,-0.0091553,4.9072
0.017242,-0.0067139,4.9097
0.020294,-0.0059509,4.9072
0.02121,-0.0028992,4.9084
0.02243,-0.002594,4.9109
0.021515,-0.0032043,4.9097
0.021667,-0.0038147,4.9011
0.020599,-0.0030518,4.9084
0.021973,-0.00045776,4.9133
0.023651,0.0021362,4.9121
0.024872,0.0042725,4.906
0.026093,0.0038147,4.9133
0.025787,0.00015259,4.9207
0.023499,-0.0041199,4.9207
0.02182,-0.0062561,4.9243
0.020142,-0.0062561,4.9194
0.019531,-0.0036621,4.9329
0.017853,-0.0018311,4.928
0.017548,-0.00061035,4.9329
0.017853,-0.0012207,4.9451
0.018768,-0.0030518,4.939
0.019989,-0.0028992,4.9341
0.020905,-0.0012207,4.9341
0.022888,0.0015259,4.9207
0.022888,0.0036621,4.9341
0.02243,0.0042725,4.9316
0.020447,0.0035095,4.9353
0.0177,0.0030518,4.9341
0.015717,0.002594,4.9316
0.014954,0.0028992,4.939
0.014191,0.0048828,4.9329
0.014038,0.0048828,4.939
0.014191,0.0064087,4.9304
0.012665,0.0057983,4.9329
0.011902,0.0041199,4.9268
0.011139,0.0019836,4.928
0.010834,0.00045776,4.9292
0.01236,-0.00045776,4.9231
0.011444,-0.00030518,4.9243
0.011749,-0.00030518,4.9194
0.011292,-0.0018311,4.9329
0.011444,-0.0022888,4.9158
0.012054,-0.0022888,4.8914
0.010986,-0.0018311,4.9158
0.010071,-0.0012207,4.9109
0.0090027,0.0012207,4.9097
0.0090027,0.0035095,4.9097
0.010376,0.0068665,4.9097
0.012054,0.0093079,4.9133
0.014191,0.012054,4.9072
0.015717,0.013733,4.9109
0.016479,0.014038,4.9133
0.021362,0.014191,4.9097
0.02121,0.015411,4.9109
0.023499,0.016022,4.9121
0.025482,0.017242,4.9194
0.027466,0.019226,4.9121
0.028229,0.020752,4.9207
0.028229,0.017548,4.9158
0.027313,0.02121,4.9109
0.027008,0.020142,4.9194
0.027313,0.019379,4.9194
0.029297,0.018005,4.9182
0.031891,0.019684,4.9304
0.034485,0.021057,4.9255
0.034943,0.02243,4.928
0.035553,0.023346,4.9268
0.037689,0.023956,4.9341
0.037079,0.02655,4.9329
0.037384,0.024109,4.9341
0.036011,0.023956,0.064697
0.034485,0.024109,0.062256
0.031128,0.023499,0.061035
0.023804,0.023956,0.059814
0.027008,0.021667,0.063477
0.026093,0.023041,0.064697
0.025787,0.023499,0.073242
0.026245,0.021973,0.065918
0.025177,0.020905,0.057373
0.024261,0.018616,0.064697
0.021973,0.018158,0.063477
0.020294,0.016327,0.062256
0.018616,0.016174,0.058594
0.016632,0.015869,0.054932
0.015411,0.01358,0.054932
0.014496,0.010681,0.050049
0.013275,0.0071716,0.05249
0.011139,0.005188,0.047607
0.010376,0.0050354,0.046387
0.009613,0.0071716,0.046387
0.012817,0.0074768,0.047607
0.013123,0.0097656,0.056152
0.015869,0.0053406,0.043945
0.018616,0.0018311,0.041504
0.02243,0.0013733,0.041504
0.024109,0.00045776,0.021973
0.026093,0.0027466,0.036621
0.03067,0.0045776,0.039063
0.024872,0.0090027,0.037842
0.023346,0.0082397,0.040283
0.021515,0.0056458,0.037842
0.020752,0.0018311,0.040283
0.021667,-0.0022888,0.0354
0.020447,-0.0036621,0.042725
0.02533,-0.0038147,0.039063
0.027924,-0.0042725,0.043945
0.030365,-0.0022888,0.046387
0.032043,-0.0091553,0.05127
0.032806,-0.013123,0.047607
0.036621,-0.016937,0.05127
0.033417,-0.018005,0.054932
0.033722,-0.017853,0.056152
0.032043,-0.015411,0.06958
0.029297,-0.01297,0.056152
0.028229,-0.011444,0.050049
0.031281,-0.0099182,0.059814
0.029144,-0.0094604,0.058594
0.029755,-0.011292,0.059814
0.032654,-0.010376,0.062256
0.034943,-0.010986,0.061035
0.035706,-0.011597,0.062256
0.036774,-0.0099182,0.059814
0.036926,-0.012207,0.065918
0.037689,-0.009613,0.062256
0.037384,-0.0088501,0.067139
0.035553,-0.010223,0.065918
0.03418,-0.011139,0.067139
0.033875,-0.013123,0.072021
0.033112,-0.015869,0.063477
0.032501,-0.017548,0.059814
0.032196,-0.019226,0.058594
0.032043,-0.020599,0.053711
0.030365,-0.01709,0.053711
0.029297,-0.021362,0.050049
0.028381,-0.022583,0.046387
0.027008,-0.022736,0.047607
0.025482,-0.024719,0.046387
0.023804,-0.022736,0.046387
0.022278,-0.021057,0.045166
0.022125,-0.019531,0.043945
0.023346,-0.017853,0.040283
0.026703,-0.016632,0.045166
0.029602,-0.015717,0.041504
0.032043,-0.014801,0.045166
0.034027,-0.014496,0.037842
0.033112,-0.014191,0.040283
0.031738,-0.013123,0.05249
0.02655,-0.011292,3.3936
0.026398,-0.0093079,4.8242
0.023956,-0.0082397,4.9011
0.021973,-0.0079346,4.8926
0.019379,-0.007782,4.906
0.017853,-0.011597,4.9133
0.016022,-0.012512,4.9121
0.015106,-0.014801,4.9133
0.015411,-0.013733,4.9133
0.016174,-0.013123,4.9194
0.018921,-0.012207,4.9207
0.020599,-0.011597,4.9255
0.022736,-0.0076294,4.9207
0.023193,-0.010529,4.9268
0.025482,-0.010681,4.9329
0.02121,-0.0093079,4.9329
0.02121,-0.0073242,4.9402
0.021362,-0.005188,4.9329
0.022125,-0.0022888,4.9304
0.022736,0.00076294,4.9341
0.023651,0.0012207,4.9365
0.02533,-0.00091553,4.9304
0.027313,-0.0012207,4.9438
0.03006,-0.0015259,4.9316
0.033569,-0.00076294,4.9316
0.035858,0.002594,4.9353
0.037537,0.0057983,4.9377
0.038452,0.007019,4.9329
0.03891,0.0067139,4.9341
0.037231,0.0057983,4.928
0.036011,0.0039673,4.9353
0.03479,0.0028992,4.9268
0.033112,0.0033569,4.928
0.030975,0.004425,4.9231
0.028229,0.0045776,4.9268
0.02594,0.0042725,4.9304
0.023804,0.0018311,4.9194
0.022278,-0.00030518,4.9268
0.021667,-0.0021362,4.9158
0.021667,-0.0021362,4.9048
0.021667,0.00030518,4.9158
0.021362,0.0030518,4.9121
0.021515,0.0053406,4.9109
0.019684,0.0076294,4.9133
0.019531,0.0073242,4.9084
0.020905,0.0065613,4.9121
0.022125,0.007019,4.9036
0.023956,0.0091553,4.9109
0.025482,0.012207,4.9097
0.02655,0.015411,4.9146
0.028076,0.019836,4.9121
0.028534,0.020294,4.9121
0.029602,0.020905,4.9109
0.031433,0.021973,4.9146
0.03418,0.021973,4.9133
0.036621,0.022125,4.9133
0.037689,0.021515,4.9158
0.036163,0.019989,4.9219
0.034027,0.019226,4.9243
0.030975,0.017395,4.9182
0.031433,0.0177,4.9255
0.030823,0.020599,4.928
0.030975,0.02243,4.9268
0.028992,0.02182,4.928
0.027008,0.020599,4.9341
0.025787,0.018005,4.9304
0.023651,0.016785,4.9329
0.023651,0.016174,4.9329
0.023651,0.017548,4.939
0.023956,0.018311,4.9304
0.022736,0.018616,4.9341
0.020142,0.018158,4.9426
0.016785,0.017548,0.041504
0.013123,0.016327,0.072021
0.0099182,0.01358,0.065918
0.0062561,0.013275,0.043945
0.0033569,0.012207,0.062256
0.0032043,0.011749,0.061035
0.0036621,0.010986,0.059814
0.0057983,0.0097656,0.056152
0.0085449,0.007019,0.05249
0.010834,0.004425,0.05127
0.014496,0.0019836,0.050049
0.018768,0.00091553,0.048828
0.021667,0.0028992,0.047607
0.023346,0.0050354,0.048828
0.023041,0.0073242,0.045166
0.022888,0.0079346,0.045166
0.022583,0.0071716,0.048828
0.022278,0.0041199,0.046387
0.023193,0.0013733,0.041504
0.022888,0.00076294,0.042725
0.02182,0.00091553,0.031738
0.019836,0.00030518,0.037842
0.019531,0.00091553,0.047607
0.018005,-0.00030518,0.040283
0.018311,-0.0027466,0.039063
0.016327,-0.0035095,0.036621
0.015259,-0.0036621,0.040283
0.014343,-0.0018311,0.040283
0.01358,-0.0030518,0.047607
0.012512,0.00091553,0.039063
0.012207,0.0013733,0.046387
0.0090027,-0.00030518,0.042725
0.01297,-0.0019836,0.05249
0.012817,-0.0030518,0.047607
0.013733,-0.0028992,0.050049
0.013275,-0.0027466,0.063477
0.016174,-0.0032043,0.054932
0.011749,-0.0045776,0.072021
0.011139,-0.010529,0.061035
0.011139,-0.0082397,0.05127
0.010071,-0.0071716,0.059814
0.0097656,-0.0048828,0.062256
0.011749,-0.0013733,0.058594
0.014343,0.002594,0.062256
0.017853,0.0047302,0.059814
0.020447,0.0035095,0.061035
0.023041,0.0028992,0.062256
0.024719,-0.0013733,0.065918
0.025482,-0.0038147,0.061035
0.027313,-0.0042725,0.067139
0.027313,-0.0028992,0.065918
0.026245,-0.0016785,0.065918
0.022583,-0.00061035,0.065918
0.019226,-0.0013733,0.064697
0.017395,-0.0033569,0.063477
0.014038,-0.0045776,0.057373
0.014648,-0.0047302,0.065918
0.015717,-0.002594,0.05249
0.016479,0.00091553,0.059814
0.016174,0.0024414,0.050049
0.016937,0.0016785,0.047607
0.019836,-0.0019836,0.048828
0.023041,-0.0039673,0.042725
0.02594,-0.0065613,0.040283
0.028992,-0.0065613,0.043945
0.029297,-0.0018311,0.039063
0.027924,-0.0019836,0.041504
0.025177,-0.0030518,0.040283
0.023804,-0.0041199,0.041504
0.02182,-0.0039673,0.039063
0.023193,-0.0027466,0.040283
0.025482,-0.0019836,0.05249
0.027466,-0.00076294,0.040283
0.028534,-0.0016785,0.043945
0.029755,-0.0041199,0.040283
0.028992,-0.0091553,0.01709
0.030365,-0.0099182,0.0354
0.032043,-0.010834,0.039063
0.033417,-0.009613,2.1594
0.033722,-0.0085449,4.7461
0.035248,-0.0080872,4.9023
0.028229,-0.0088501,4.9121
0.026703,-0.011597,4.9158
0.02594,-0.012665,4.9243
0.028076,-0.010834,4.9194
0.03067,-0.007782,4.928
0.032654,-0.0028992,4.928
0.03418,0.00045776,4.9255
0.035095,-0.00091553,4.9304
0.037231,-0.00076294,4.9316
0.035858,-0.002594,4.9316
0.037842,-0.0061035,4.9316
0.037689,-0.0062561,4.9426
0.037994,-0.0061035,4.9292
0.036926,-0.0041199,4.9255
0.034485,-0.0024414,4.9316
0.028534,-0.0016785,4.9304
0.029602,-0.0022888,4.9341
0.027924,-0.0032043,4.9377
0.028687,-0.0050354,4.9353
0.029297,-0.0056458,4.939
0.030518,-0.004425,4.9316
0.030365,-0.0032043,4.9304
0.029449,-0.0016785,4.9255
0.028076,-0.0015259,4.9255
0.02655,-0.0022888,4.9243
0.023956,-0.0050354,4.9304
0.023193,-0.0032043,4.9268
0.021973,-0.0035095,4.9219
0.020905,-0.0042725,4.9194
0.018768,0.0015259,4.917
0.016937,0.0045776,4.9084
0.015717,0.0067139,4.9219
0.016937,0.0062561,4.9109
0.019684,0.0047302,4.9109
0.023346,0.0033569,4.9109
0.027771,0.0033569,4.9109
0.028992,0.0047302,4.9109
0.028534,0.007782,4.9072
0.02655,0.0082397,4.906
0.026093,0.0079346,4.9084
0.02594,0.0067139,4.9133
0.026398,0.0047302,4.9097
0.026245,-0.00091553,4.9109
0.023499,0.0033569,4.9036
0.021057,0.0030518,4.9109
0.01709,0.0021362,4.9207
0.016785,0.0016785,4.9146
0.018005,-0.0010681,4.9219
0.020294,-0.00091553,4.9194
0.020294,-0.0086975,4.9072
0.02182,-0.0082397,4.9231
0.019226,-0.0057983,4.9194
0.016327,-0.002594,4.9268
0.012665,0.00015259,4.928
0.014954,0.0015259,4.917
0.01358,0.0016785,4.9402
0.015411,0.0019836,4.9316
0.014343,0.0047302,4.9329
0.013123,0.002594,4.928
0.01236,0.0088501,4.9329
0.015106,0.010681,4.9304
0.015869,0.010529,4.928
0.019836,0.0094604,4.9426
0.020905,0.0061035,4.9377
0.02182,0.004425,4.9316
0.021057,0.0033569,4.939
0.018616,0.0036621,4.9353
0.019531,0.0018311,4.9341
0.015717,-0.00091553,4.9316
0.014496,-0.005188,4.9304
0.011902,-0.010681,0.061035
0.01236,-0.014801,0.05249
0.011749,-0.016327,0.058594
0.012512,-0.016022,0.05127
0.012054,-0.015717,0.050049
0.012207,-0.014648,0.047607
0.014801,-0.013275,0.050049
0.017853,-0.01236,0.047607
0.02121,-0.012207,0.047607
0.023651,-0.011292,0.046387
0.023499,-0.0085449,0.046387
0.024414,-0.0048828,0.05249
0.025635,-0.00045776,0.040283
0.02655,0.0045776,0.053711
0.032806,0.009613,0.039063
0.037079,0.014191,0.031738
0.041351,0.014496,0.041504
0.042877,0.01297,0.0354
0.043182,0.010986,0.037842
0.041351,0.0088501,0.040283
0.039825,0.0074768,0.0354
0.037842,0.007019,0.041504
0.035706,0.0056458,0.039063
0.033722,0.0041199,0.043945
0.030365,0.00091553,0.042725
0.027466,-0.0024414,0.047607
0.025482,-0.0045776,0.05127
0.024872,-0.0057983,0.053711
0.025635,-0.0036621,0.062256
0.027313,-0.00076294,0.059814
0.028839,0.0021362,0.058594
0.029907,0.0047302,0.057373
0.029755,0.0054932,0.056152
0.028839,0.0059509,0.063477
0.026093,0.005188,0.054932
0.021973,0.0056458,0.059814
0.022125,0.0065613,0.061035
0.02121,0.0068665,0.061035
0.020752,0.0068665,0.061035
0.020294,0.0057983,0.061035
0.019684,0.0062561,0.065918
0.019226,0.0050354,0.061035
0.018768,0.0047302,0.06958
0.019226,0.0033569,0.068359
0.02182,0.00015259,0.067139
0.022736,-0.00045776,0.059814
0.022888,-0.0015259,0.063477
0.02243,0.00015259,0.073242
0.021362,0.0030518,0.058594
0.021057,0.0047302,0.061035
0.021057,0.0056458,0.054932
0.02243,0.0054932,0.039063
0.024261,0.0036621,0.046387
0.026093,0.0032043,0.045166
0.027466,0.0027466,0.046387
0.024719,0.0033569,0.042725
0.023651,0.0030518,0.041504
0.023651,0.0035095,0.046387
0.024567,0.0024414,0.041504
0.025787,0.0013733,0.042725
0.025482,0.00045776,0.043945
0.022583,0.0012207,0.041504
0.018158,0.0032043,0.040283
0.01358,0.0068665,0.037842
0.010834,0.0080872,0.045166
0.010071,0.007782,0.039063
0.01236,0.0061035,0.041504
0.01297,0.0048828,0.037842
0.017242,0.0039673,0.0354
0.016327,0.0041199,0.036621
0.018311,0.0073242,0.048828
0.017853,0.0080872,0.042725
0.018158,0.0083923,0.041504
0.017395,0.0079346,0.042725
0.01709,0.010071,0.050049
0.015869,0.0053406,0.047607
0.01358,0.0050354,0.05249
0.010834,0.0012207,0.05127
0.0083923,-0.00061035,4.137
0.007019,-0.0012207,4.8755
0.0074768,0.00061035,4.9255
0.0097656,0.0018311,4.928
0.010681,0.0019836,4.9304
0.012207,0.00091553,4.939
0.010681,-0.00015259,4.9304
0.010529,-0.00030518,4.9377
0.0090027,0,4.9304
0.0090027,0.00030518,4.9194
0.0090027,0,4.9353
0.0057983,0.00061035,4.9341
0.007782,0.0039673,4.9329
0.0054932,0.0030518,4.9353
0.0038147,0.010071,4.9353
0.0048828,0.012665,4.9353
0.0067139,0.01358,4.9341
0.010681,0.013123,4.9329
0.015564,0.011139,4.9255
0.020294,0.010223,4.928
0.024567,0.0082397,4.9255
0.025482,0.0057983,4.9255
0.024567,0.005188,4.9231
0.022278,0.0039673,4.9207
0.019379,0.0042725,4.9243
0.020294,0.0039673,4.9158
0.021667,0.0035095,4.9255
0.022125,0.0013733,4.9158
0.020752,-0.00030518,4.9121
0.018768,-0.0013733,4.9109
0.018463,0.00061035,4.9146
0.019989,0.0022888,4.9121
0.020752,0.0038147,4.9097
0.024414,0.0038147,4.9072
0.024109,0.0018311,4.9109
0.023041,0.00030518,4.9072
0.019989,0.00076294,4.9097
0.016479,0.0024414,4.9109
0.014496,0.0048828,4.9146
0.01297,0.0073242,4.9097
0.014801,0.0094604,4.9146
0.016022,0.010681,4.928
0.017395,0.011597,4.9158
0.018463,0.011292,4.9182
0.019684,0.0082397,4.9194
0.021057,0.0038147,4.9048
0.024719,0.00045776,4.9194
0.026855,-0.00076294,4.9243
0.029602,0.00076294,4.9255
0.031433,0.0010681,4.9255
0.030975,0.00076294,4.9255
0.030212,0.00061035,4.9316
0.028992,-0.00015259,4.9231
0.028992,-0.00045776,4.9353
0.032806,0,4.9292
0.035858,0.00015259,4.9341
0.039978,0.004425,4.9329
0.042572,0.0074768,4.9365
0.043793,0.0099182,4.9365
0.042572,0.010071,4.9365
0.041046,0.010834,4.939
0.040741,0.010376,4.9377
0.040436,0.010529,4.9463
0.040283,0.011444,4.9219
0.037842,0.012512,4.9292
0.0354,0.012817,4.9304
0.032043,0.013428,4.928
0.028381,0.015411,4.9255
0.028076,0.017242,4.9304
0.028229,0.018005,4.9255
0.028076,0.01709,4.9231
0.029297,0.015869,4.9182
0.028839,0.014038,0.050049
0.027618,0.0093079,0.042725
0.026703,0.0094604,0.046387
0.026245,0.0093079,0.047607
0.028229,0.0085449,0.047607
0.032043,0.0082397,0.050049
0.032806,0.010529,0.043945
0.035095,0.011292,0.043945
0.034027,0.013275,0.039063
0.032806,0.015869,0.028076
0.031128,0.019836,0.041504
0.029449,0.021973,0.037842
0.028076,0.022125,0.036621
0.025024,0.019684,0.041504
0.023651,0.014648,0.037842
0.018311,0.0086975,0.040283
0.015259,0.0036621,0.036621
0.020599,0.00030518,0.043945
0.02121,-0.0012207,0.040283
0.022125,-0.0028992,0.047607
0.02243,-0.0039673,0.047607
0.021515,-0.0061035,0.05249
0.020447,-0.0080872,0.050049
0.019684,-0.0091553,0.054932
0.016632,-0.007019,0.056152
0.016174,-0.0033569,0.058594
0.016937,0.00045776,0.068359
0.019226,0.0053406,0.059814
0.022583,0.0091553,0.047607
0.027008,0.010834,0.061035
0.03067,0.011749,0.064697
0.031433,0.010529,0.059814
0.034485,0.010071,0.061035
0.03479,0.010376,0.056152
0.033569,0.0091553,0.063477
0.032349,0.0082397,0.061035
0.028839,0.0041199,0.068359
0.024261,-0.0015259,0.064697
0.018463,-0.0068665,0.067139
0.010834,-0.010529,0.063477
0.0059509,-0.013275,0.065918
0.0036621,-0.016174,0.075684
0.0032043,-0.019226,0.061035
0.0038147,-0.022888,0.057373
0.0036621,-0.026398,0.056152
0.0038147,-0.026398,0.037842
0.0039673,-0.024719,0.05249
0.0053406,-0.019073,0.047607
0.0079346,-0.010834,0.047607
0.011292,-0.0033569,0.045166
0.015106,0.0032043,0.046387
0.019836,0.0061035,0.045166
0.023499,0.007019,0.042725
0.028687,0.0076294,0.043945
0.032349,0.0050354,0.037842
0.035858,0.0061035,0.036621
0.038757,0.0061035,0.037842
0.040741,0.0059509,0.042725
0.039368,0.0042725,0.039063
0.039215,0.0012207,0.042725
0.037079,-0.0018311,0.047607
0.035858,-0.005188,0.040283
0.033722,-0.0076294,0.053711
0.032043,-0.0091553,0.037842
0.029297,-0.010529,0.032959
0.025635,-0.01236,0.037842
0.02243,-0.015411,0.041504
0.019073,-0.0177,0.042725
0.018005,-0.019684,0.046387
0.018158,-0.019073,0.047607
0.0177,-0.015717,0.05249
0.016632,-0.010834,0.050049
0.014648,-0.0082397,0.058594
0.013733,-0.0074768,0.054932
0.013123,-0.007782,0.059814
0.014038,-0.0080872,0.063477
0.015259,-0.0045776,0.059814
0.016022,-0.00076294,0.065918
0.016327,0.0018311,3.7512
0.015106,0.0024414,4.8535
0.015259,-0.00030518,4.9207
0.016327,-0.0038147,4.9316
0.019989,-0.007019,4.9341
0.021515,-0.0088501,4.9377
0.022888,-0.009613,4.9304
0.021515,-0.0065613,4.9353
0.019379,-0.0090027,4.9353
0.0177,-0.0088501,4.9255
0.017242,-0.0080872,4.9304
0.017395,-0.0062561,4.9329
0.017548,-0.0033569,4.9292
0.016327,-0.0028992,4.928
0.015411,-0.0035095,4.9243
0.015717,-0.0054932,4.9255
0.016632,-0.007019,4.9207
0.019073,-0.0079346,4.9243
0.021362,-0.0074768,4.9316
0.022888,-0.0080872,4.9207
0.022583,-0.0071716,4.9072
0.019531,-0.0057983,4.917
0.018005,-0.0027466,4.8999
0.015564,-0.0035095,4.9097
0.014191,0.00091553,4.9133
0.012817,0.002594,4.9121
0.013885,0.0028992,4.9109
0.013885,0.0035095,4.9072
0.014496,0.0035095,4.9109
0.016479,0.0042725,4.9072
0.017853,0.0057983,4.9109
0.018921,0.0054932,4.9048
0.018768,0.0042725,4.9146
0.018005,0.0032043,4.9109
0.018311,0.0016785,4.9133
0.017395,0.0024414,4.9133
0.015869,0.0036621,4.9146
0.014496,0.0054932,4.9133
0.013733,0.005188,4.9194
0.014191,0.0038147,4.9219
0.01358,0.0033569,4.9194
0.016174,0.0027466,4.9158
0.019226,0.0036621,4.9243
0.021973,0.0067139,4.9255
0.022583,0.011749,4.9268
0.023041,0.015411,4.9292
0.021973,0.017395,4.9316
0.019531,0.017853,4.9329
0.017242,0.015717,4.928
0.015106,0.012817,4.9353
0.011292,0.0093079,4.9304
0.0086975,0.010071,4.9329
0.0054932,0.0080872,4.928
0.0041199,0.0074768,4.9341
0.0032043,0.0053406,4.9438
0.0035095,0.0027466,4.939
0.0041199,0.00030518,4.9414
0.0082397,-0.0016785,4.9365
0.0062561,-0.00045776,4.9219
0.0071716,0.0016785,4.9341
0.0062561,0.0064087,4.9292
0.0074768,0.0090027,4.9255
0.0082397,0.0091553,4.9316
0.010223,0.0079346,4.9255
0.011902,0.0059509,4.9231
0.010834,0.0048828,4.9158
0.01709,0.0042725,4.9231
0.020142,0.0056458,4.8914
0.022125,0.0065613,4.917
0.024414,0.0064087,4.9194
0.026703,0.0062561,4.9207
0.028992,0.0057983,0.043945
0.031891,0.0047302,0.043945
0.029449,0.0053406,0.043945
0.027618,0.0053406,0.040283
0.025024,0.007019,0.042725
0.023193,0.0061035,0.041504
0.02182,0.0053406,0.028076
0.022125,0.0033569,0.037842
0.022736,0.0010681,0.036621
0.022125,-0.00030518,0.039063
0.022736,-0.0015259,0.039063
0.024109,-0.0028992,0.037842
0.023651,-0.0053406,0.041504
0.024109,-0.0053406,0.037842
0.025177,-0.0053406,0.046387
0.02533,-0.0039673,0.047607
0.024414,-0.0021362,0.05249
0.024567,0.00030518,0.050049
0.023956,0.0030518,0.056152
0.025177,0.0057983,0.06958
0.026855,0.0076294,0.057373
0.028687,0.0093079,0.064697
0.029755,0.010681,0.062256
0.031738,0.012817,0.043945
0.032501,0.0097656,0.061035
0.032196,0.0086975,0.063477
0.032043,0.0061035,0.058594
0.03006,0.0045776,0.062256
0.028534,0.002594,0.056152
0.027313,0.0021362,0.064697
0.025635,0.0022888,0.062256
0.023651,0.0021362,0.064697
0.021515,0.0012207,0.063477
0.0177,0.0016785,0.070801
0.018616,0.0010681,0.062256
0.017548,0.0027466,0.064697
0.018921,0.002594,0.068359
0.019836,0.0038147,0.062256
0.022583,0.0032043,0.062256
0.02533,0.0035095,0.054932
0.025787,0.0036621,0.064697
0.02594,0.0042725,0.050049
0.025024,0.004425,0.064697
0.024261,0.0057983,0.047607
0.02533,0.0068665,0.043945
0.024719,0.007782,0.042725
0.026093,0.0088501,0.045166
0.025635,0.010681,0.042725
0.027924,0.010529,0.043945
0.027618,0.010681,0.037842
0.028076,0.0085449,0.043945
0.028839,0.0053406,0.037842
0.028381,0.0041199,0.042725
0.026398,0.0028992,0.040283
0.02594,0.0018311,0.041504
0.024414,0.00045776,0.048828
0.02243,-0.00091553,0.037842
0.019226,-0.0030518,0.046387
0.0177,-0.0061035,0.037842
0.017242,-0.0068665,0.031738
0.017853,-0.0054932,0.039063
0.020905,-0.0048828,0.041504
0.022583,-0.0038147,0.042725
0.022888,-0.0041199,0.045166
0.024567,-0.0054932,0.046387
0.024414,-0.0054932,0.050049
0.025635,-0.0062561,0.05127
0.026855,-0.004425,0.061035
0.028381,-0.0022888,0.054932
0.027618,-0.00091553,0.059814
0.027008,-0.00015259,0.061035
0.025482,-0.00061035,0.061035
0.023956,-0.00030518,0.059814
0.023346,-0.0012207,0.062256
0.023651,-0.0024414,0.064697
0.023956,-0.0036621,0.059814
0.023956,-0.0062561,0.070801
0.023041,-0.0099182,0.061035
0.024109,-0.013275,0.050049
0.025177,-0.014648,4.519
0.026703,-0.015106,4.906
0.028076,-0.012665,4.928
0.028534,-0.0099182,4.9353
0.028839,-0.0079346,4.9341
0.027771,-0.0065613,4.9304
0.02655,-0.0056458,4.928
0.027008,-0.0050354,4.9304
0.026855,-0.0035095,4.9304
0.028992,-0.002594,4.928
0.028381,-0.0033569,4.9219
0.028534,-0.0036621,4.9231
0.028839,-0.0085449,4.9304
0.027008,-0.0091553,4.9182
0.029449,-0.0086975,4.917
0.029297,-0.0045776,4.9182
0.030365,-0.00045776,4.9011
0.028992,0.0021362,4.9109
0.027313,0.0027466,4.9121
0.027466,0.0022888,4.9133
0.026245,0.00076294,4.9084
0.026398,-0.00045776,4.9048
0.02655,-0.0012207,4.9072
0.027924,-0.0032043,4.9109
0.029297,-0.0038147,4.9109
0.027466,-0.0071716,4.906
0.02655,-0.0085449,4.9158
0.02594,-0.0067139,4.9084
0.025482,-0.0047302,4.9133
0.023956,-0.0036621,4.9036
0.020905,-0.0028992,4.9146
0.017548,-0.0033569,4.9207
0.014038,-0.005188,4.9182
0.011749,-0.0050354,4.9268
0.010986,-0.0036621,4.9207
0.012817,-0.0033569,4.9121
0.012512,-0.0024414,4.9268
0.01297,-0.0035095,4.9243
0.012512,-0.0042725,4.928
0.012207,-0.0036621,4.9292
0.011139,-0.0038147,4.9341
0.011139,0.00091553,4.9304
0.010986,0.0038147,4.9304
0.010376,0.0048828,4.9329
0.011902,0.0045776,4.928
0.012512,0.0039673,4.9207
0.015259,0.0036621,4.9353
0.015717,0.0054932,4.9353
0.017395,0.0042725,4.9426
0.019531,0.0024414,4.939
0.019989,0.0015259,4.9353
0.022583,0.0030518,4.9341
0.022736,0.0064087,4.9377
0.022278,0.010681,4.9329
0.02121,0.010834,4.928
0.018158,0.0064087,4.9255
0.016632,0.0013733,4.9304
0.014496,-0.0018311,4.928
0.013885,0.00076294,4.9231
0.014343,0.0038147,4.9158
0.015717,0.0054932,4.9231
0.015869,0.0050354,4.9146
0.017853,0.0024414,4.9194
0.014648,-0.0028992,4.9146
0.013123,0.0016785,4.9182
0.011139,0.0059509,4.9084
0.005188,0.010376,4.9158
0.0080872,0.013428,4.928
0.0061035,0.014191,4.9109
0.0045776,0.01297,4.9231
0.0027466,0.0088501,4.9109
0.0018311,0.0080872,0.029297
0.0027466,0.0099182,0.028076
0.0036621,0.010071,0.039063
0.0062561,0.010986,0.041504
0.0071716,0.011444,0.039063
0.007782,0.010681,0.042725
0.0061035,0.0086975,0.040283
0.0062561,0.007782,0.040283
0.0056458,0.0074768,0.045166
0.0062561,0.0054932,0.042725
0.0035095,0.0054932,0.05127
0.0065613,0.0047302,0.05249
0.0068665,0.0061035,0.054932
0.0064087,0.0048828,0.065918
0.0062561,0.007019,0.058594
0.0068665,0.0083923,0.056152
0.0062561,0.010681,0.062256
0.0074768,0.010834,0.062256
0.0080872,0.011292,0.058594
0.0099182,0.010834,0.068359
0.012054,0.011902,0.062256
0.014496,0.014648,0.062256
0.01709,0.016327,0.057373
0.017395,0.018311,0.059814
0.01709,0.020447,0.061035
0.017548,0.019836,0.065918
0.016785,0.021667,0.064697
0.018158,0.020752,0.068359
0.019226,0.023041,0.064697
0.020752,0.01709,0.067139
0.021667,0.014648,0.063477
0.021362,0.011749,0.062256
0.020447,0.0091553,0.06958
0.016479,0.0057983,0.054932
0.017548,0.0033569,0.062256
0.018616,0.0027466,0.05249
0.0177,0.0019836,0.041504
0.018005,0.0027466,0.048828
0.015717,0.0041199,0.050049
0.012512,0.0038147,0.045166
0.010223,0.0028992,0.045166
0.009613,0.00061035,0.043945
0.011597,-0.0010681,0.043945
0.016022,-0.00045776,0.041504
0.017242,0.00030518,0.041504
0.021057,0.00061035,0.0354
0.023041,-0.00030518,0.041504
0.023651,-0.0024414,0.041504
0.02182,-0.0039673,0.042725
0.022125,-0.007019,0.040283
0.020752,-0.00045776,0.040283
0.019379,0.0041199,0.037842
0.018616,0.0071716,0.039063
0.018463,0.0067139,0.040283
0.018005,0.0024414,0.032959
0.019531,-0.0015259,0.03418
0.021973,-0.0074768,0.041504
0.023346,-0.0073242,0.042725
0.025482,-0.004425,0.047607
0.028687,-0.00076294,0.05127
0.030975,-0.00015259,0.05127
0.032349,-0.0018311,0.057373
0.029907,-0.0022888,0.054932
0.027771,-0.0019836,0.061035
0.025482,-0.0012207,0.058594
0.023193,0.0022888,0.062256
0.022583,0.0047302,0.059814
0.02243,0.0050354,0.063477
0.023804,0.005188,0.073242
0.024414,0.0047302,0.061035
0.022125,0.0039673,0.067139
0.024261,0.002594,0.064697
0.024414,-0.0012207,0.047607
0.024414,0.00015259,0.061035
0.024261,-0.00030518,0.062256
0.023804,-0.00030518,0.065918
0.023193,-0.00015259,0.067139
0.023804,-0.0013733,0.059814
0.022125,0.00091553,1.9946
0.022125,0.00015259,4.7534
0.020294,0.0024414,4.9146
0.020752,0.0019836,4.9207
0.02121,0.0036621,4.928
0.022888,0.0057983,4.9219
0.024414,0.0061035,4.9231
0.027008,0.0035095,4.9231
0.029144,0.00015259,4.9146
0.02594,-0.0036621,4.9207
0.029755,-0.0054932,4.9194
0.030212,-0.0045776,4.9255
0.031738,-0.0012207,4.9097
0.032349,0.0013733,4.9036
0.032196,0.00076294,4.9133
0.031738,-0.0018311,4.9109
0.031128,-0.0062561,4.9084
0.028839,-0.0086975,4.9121
0.027618,-0.0090027,4.906
0.027008,-0.0073242,4.9109
0.026245,-0.0038147,4.9036
0.025635,-0.0019836,4.9109
0.024261,-0.0012207,4.9084
0.023193,-0.0018311,4.9121
0.023193,-0.0024414,4.8962
0.023041,-0.0030518,4.9158
0.024261,-0.0024414,4.9207
0.025635,0.0013733,4.9182
0.02594,0.0048828,4.9231
0.026703,0.0067139,4.9207
0.027161,0.0059509,4.9231
0.030365,0.004425,4.928
0.032043,0.0022888,4.9219
0.032043,0.00091553,4.9255
0.030212,0.00015259,4.928
0.027924,0.00045776,4.9304
0.02533,-0.00045776,4.9304
0.024261,-0.0021362,4.9304
0.022888,-0.0054932,4.9353
0.021515,-0.0080872,4.9292
0.020447,-0.0094604,4.9292
0.019989,-0.009613,4.928
0.020447,-0.0097656,4.9341
0.020752,-0.010681,4.9268
0.023956,-0.01297,4.939
0.023956,-0.014191,4.9414
0.025787,-0.014648,4.9377
0.026245,-0.011444,4.9414
0.027161,-0.0059509,4.9341
0.028229,-0.0015259,4.9207
0.027313,0.00045776,4.9268
0.028534,-0.00045776,4.9255
0.027313,-0.0030518,4.9231
0.027161,-0.0039673,4.9219
0.02655,-0.0021362,4.917
0.028381,0.0016785,4.9207
0.029907,0.0054932,4.9194
0.032959,0.0071716,4.9194
0.035248,0.0071716,4.9146
0.037079,0.0067139,4.9194
0.037079,0.005188,4.9158
0.035553,0.0027466,4.917
0.032959,0.0018311,4.9194
0.031586,0.002594,4.9121
0.03067,0.0047302,4.9097
0.029297,0.0073242,4.9109
0.028839,0.0086975,4.895
0.026703,0.0064087,4.9133
0.02533,0.0033569,4.9109
0.023499,0.0012207,4.9109
0.022125,0.00045776,4.9097
0.02243,0.0019836,4.906
0.022125,0.0047302,0.036621
0.023346,0.0062561,0.042725
0.023499,0.0068665,0.045166
0.020752,0.0039673,0.043945
0.017242,-0.0013733,0.050049
0.013275,-0.0038147,0.050049
0.010834,-0.0033569,0.054932
0.0082397,-0.0016785,0.058594
0.004425,0.00045776,0.059814
0.0035095,0.0015259,0.061035
0.0024414,-0.0013733,0.062256
0.0039673,-0.0061035,0.074463
0.0054932,-0.010834,0.057373
0.0086975,-0.011902,0.053711
0.012054,-0.0094604,0.061035
0.013885,-0.0059509,0.057373
0.015106,-0.0021362,0.059814
0.015259,-0.0015259,0.062256
0.013733,-0.0028992,0.059814
0.012054,-0.0038147,0.065918
0.010681,-0.0039673,0.063477
0.010834,0.00015259,0.068359
0.011139,0.0050354,0.062256
0.012817,0.0080872,0.067139
0.013885,0.010376,0.064697
0.015717,0.0097656,0.062256
0.019226,0.0035095,0.067139
0.018463,0.0016785,0.058594
0.019836,0.0021362,0.054932
0.018768,0.0038147,0.05127
0.017242,0.0047302,0.045166
0.014648,0.005188,0.05127
0.011139,0.0035095,0.046387
0.0097656,0.0021362,0.043945
0.0068665,0.0028992,0.047607
0.0059509,0.0048828,0.045166
0.0041199,0.007782,0.046387
0.0019836,0.0088501,0.037842
-0.00076294,0.010223,0.045166
-0.00076294,0.0080872,0.03418
-0.00030518,0.005188,0.041504
-0.00030518,0.0042725,0.042725
0.0033569,0.0030518,0.042725
0.0045776,0.0013733,0.036621
0.0045776,0.0019836,0.040283
0.0024414,0.0024414,0.05249
0.002594,0.0022888,0.040283
0.00015259,0.0032043,0.048828
0.0021362,0.0019836,0.039063
0.005188,0.0032043,0.028076
0.0099182,0.0045776,0.042725
0.013733,0.0059509,0.045166
0.016785,0.0083923,0.045166
0.016174,0.011444,0.05127
0.014038,0.0079346,0.050049
0.012665,0.004425,0.057373
0.013275,0.0012207,0.056152
0.012512,-0.0015259,0.059814
0.013885,-0.0042725,0.056152
0.013885,-0.0042725,0.064697
0.013733,-0.0035095,0.064697
0.010986,-0.002594,0.063477
0.010986,0.0019836,0.074463
0.01297,0.00030518,0.059814
0.014954,0.00076294,0.057373
0.018005,0.0021362,0.063477
0.02121,0.0047302,0.068359
0.021973,0.0057983,0.063477
0.02121,0.0086975,0.056152
0.018921,0.0090027,0.068359
0.016785,0.009613,0.065918
0.01709,0.0090027,0.058594
0.018158,0.0094604,0.064697
0.020447,0.0088501,0.058594
0.020294,0.007782,0.058594
0.019836,0.0056458,0.05127
0.019073,0.0028992,0.054932
0.018921,-0.0015259,0.048828
0.019379,-0.0024414,2.1594
0.022278,-0.0057983,4.7559
0.024414,-0.0082397,4.906
0.025482,-0.0079346,4.928
0.023651,-0.0086975,4.9158
0.020599,-0.010529,4.9207
0.018005,-0.012207,4.9133
0.016327,-0.013275,4.9036
0.014954,-0.01236,4.9097
0.0177,-0.010986,4.906
0.019836,-0.0080872,4.9097
0.02182,-0.0042725,4.9097
0.022736,-0.0010681,4.9072
0.024109,-0.00076294,4.9097
0.025482,-0.0012207,4.9072
0.029144,-0.00045776,4.9109
0.031891,-0.00061035,4.906
0.034027,0.00076294,4.9146
0.034485,0.0042725,4.906
0.033569,0.004425,4.9146
0.032959,0.0027466,4.9121
0.030518,-0.0039673,4.9158
0.029449,-0.0067139,4.9133
0.029449,-0.0097656,4.9207
0.029297,-0.010071,4.928
0.028992,-0.0085449,4.9243
0.028839,-0.0054932,4.9158
0.025635,-0.0047302,4.9255
0.024414,-0.0018311,4.9255
0.024719,-0.0032043,4.9207
0.02533,-0.0042725,4.9292
0.028687,-0.0030518,4.9255
0.028839,-0.0015259,4.9365
0.027771,0.0018311,4.9304
0.026398,0.0048828,4.9353
0.023804,0.007019,4.9304
0.025024,0.0076294,4.9365
0.026703,0.0067139,4.9316
0.027466,0.0062561,4.9365
0.029755,0.004425,4.9487
0.030212,0.0038147,4.9268
0.029297,0.004425,4.9353
0.028229,0.002594,4.9353
0.028381,0.0035095,4.917
0.026245,0.0019836,4.928
0.02594,0.00030518,4.9255
0.025635,-0.0021362,4.9255
0.024719,-0.0030518,4.9243
0.023346,-0.0067139,4.9194
0.020599,-0.0074768,4.9231
0.019226,-0.007019,4.906
0.019379,-0.0082397,4.9255
0.023041,-0.0076294,4.9133
0.024567,-0.0086975,4.917
0.026398,-0.0099182,4.9109
0.026398,-0.0097656,4.9158
0.024719,-0.0086975,4.9146
0.02182,-0.0057983,4.9121
0.021667,-0.0047302,4.9133
0.021667,-0.0056458,4.9109
0.023499,-0.0065613,4.9133
0.024719,-0.0076294,4.9097
0.023804,-0.0082397,4.9011
0.02121,-0.0074768,4.9097
0.017548,-0.0059509,4.9109
0.01358,-0.0079346,4.9097
0.013275,-0.011902,4.9097
0.012512,-0.015564,4.9109
0.014801,-0.018005,4.9133
0.012817,-0.018311,4.9133
0.013428,-0.016327,4.9194
0.013885,-0.01358,4.9194
0.016174,-0.010681,4.9231
0.019531,-0.011139,0.053711
0.023956,-0.012054,0.057373
0.028229,-0.011597,0.070801
0.031128,-0.0094604,0.059814
0.031891,-0.0057983,0.065918
0.033264,-0.00045776,0.062256
0.033264,0.0024414,0.056152
0.032806,0.0028992,0.059814
0.035706,0.0015259,0.064697
0.038452,-0.0015259,0.05249
0.040741,-0.005188,0.062256
0.041962,-0.012512,0.062256
0.038605,-0.0099182,0.063477
0.034485,-0.011139,0.063477
0.028381,-0.011292,0.068359
0.023499,-0.012207,0.062256
0.020599,-0.014038,0.067139
0.018616,-0.013733,0.065918
0.016479,-0.013885,0.063477
0.014801,-0.014954,0.061035
0.013428,-0.014954,0.045166
0.012512,-0.015717,0.061035
0.013885,-0.014496,0.05127
0.01709,-0.015259,0.063477
0.019684,-0.01709,0.048828
0.02182,-0.017548,0.037842
0.020142,-0.016479,0.046387
0.017853,-0.011902,0.043945
0.014954,-0.0041199,0.042725
0.013733,0.0030518,0.043945
0.013733,0.0076294,0.041504
0.016479,0.0076294,0.042725
0.019531,0.0079346,0.0354
0.02243,0.005188,0.042725
0.022736,0.0035095,0.041504
0.022736,0.0033569,0.041504
0.022125,0.0030518,0.039063
0.022125,0.0018311,0.042725
0.023193,-0.0012207,0.054932
0.024109,-0.0045776,0.040283
0.024109,-0.0076294,0.043945
0.023651,-0.0068665,0.043945
0.022888,-0.0015259,0.026855
0.022278,0.0036621,0.042725
0.021973,0.0080872,0.045166
0.021057,0.010223,0.048828
0.018616,0.010681,0.050049
0.013885,0.0079346,0.048828
0.0074768,0.0068665,0.054932
0.0035095,0.0067139,0.054932
-0.002594,0.0057983,0.061035
-0.005188,0.002594,0.057373
-0.0056458,-0.0018311,0.063477
-0.0024414,-0.0076294,0.061035
0.0033569,-0.013733,0.062256
0.0076294,-0.018463,0.065918
0.010681,-0.019073,0.062256
0.011902,-0.013885,0.063477
0.0094604,-0.0042725,0.063477
0.0085449,0.0073242,0.075684
0.007782,0.018158,0.063477
0.0068665,0.024719,0.058594
0.0080872,0.026855,0.065918
0.0085449,0.026093,0.064697
0.010071,0.024414,0.062256
0.013733,0.024109,0.062256
0.019073,0.02243,0.058594
0.025482,0.018921,0.054932
0.031281,0.014648,0.05249
0.035858,0.0083923,0.056152
0.034637,0.0032043,0.050049
0.028534,0.00045776,0.05127
0.020142,0,0.048828
0.0094604,0.0019836,0.05127
0.002594,0.0050354,0.048828
-0.0021362,0.0071716,0.046387
-0.0039673,0.0068665,0.046387
-0.0033569,0.005188,0.087891
-0.0016785,0.005188,4.6082
-0.00076294,0.0019836,4.8877
0.0016785,0.004425,4.9084
0.0039673,0.0080872,4.9084
0.0068665,0.013123,4.9109
0.0090027,0.01709,4.9084
0.0097656,0.017242,4.9109
0.007782,0.016479,4.9084
0.0048828,0.014648,4.9133
0.0015259,0.012512,4.9072
-0.0024414,0.010681,4.9121
-0.0036621,0.0083923,4.9109
-0.0016785,0.0071716,4.9133
0.0013733,0.0047302,4.9097
0.0056458,0.0042725,4.9182
0.0094604,0.0053406,4.9219
0.011444,0.0059509,4.9194
0.012665,0.009613,4.928
0.013733,0.01297,4.9268
0.015869,0.016632,4.9121
0.019989,0.017853,4.928
0.022583,0.018616,4.928
0.025635,0.018463,4.9304
0.026855,0.017395,4.9292
0.02655,0.01709,4.9292
0.026093,0.015259,4.9353
0.025482,0.013733,4.9329
0.027618,0.011139,4.9353
0.027008,0.0083923,4.9292
0.027008,0.0057983,4.9341
0.026093,0.0030518,4.9341
0.023041,0.002594,4.9377
0.020752,0.0019836,4.95
0.016327,0.0012207,4.9365
0.014496,0.00091553,4.9341
0.011902,-0.0015259,4.9329
0.011749,-0.00061035,4.9268
0.011749,-0.0018311,4.9292
0.011292,-0.00076294,4.9243
0.0094604,0,4.9268
0.0091553,0.00076294,4.9231
0.010071,0.0015259,4.9182
0.014191,0.00030518,4.9207
0.0177,0.00091553,4.9146
0.023041,-0.0010681,4.9194
0.02655,-0.00015259,4.9121
0.028381,0.0013733,4.9182
0.029449,0.0036621,4.9146
0.028839,0.0056458,4.9194
0.030212,0.007782,4.9109
0.031128,0.007019,4.9146
0.032349,0.0076294,4.9194
0.032196,0.0071716,4.9133
0.032959,0.0061035,4.9194
0.031891,0.005188,4.9097
0.030365,0.0042725,4.9048
0.031891,0.0030518,4.9097
0.030518,0.00045776,4.9097
0.034485,-0.0032043,4.9084
0.034332,-0.0057983,4.9109
0.035248,-0.0091553,4.9097
0.027924,-0.0090027,4.9146
0.025635,-0.0074768,4.9121
0.024261,-0.0056458,4.9207
0.025177,-0.0053406,4.9182
0.024414,-0.0032043,4.9231
0.02655,-0.0045776,4.928
0.02655,-0.0054932,4.9304
0.028381,-0.004425,4.9365
0.028839,-0.0022888,4.9304
0.029144,0,4.9329
0.029755,0.0019836,4.9304
0.028687,0.0015259,4.9329
0.027924,-0.00045776,0.062256
0.026703,-0.0018311,0.058594
0.023499,-0.0012207,0.059814
0.023041,0.00061035,0.063477
0.021515,0.0035095,0.061035
0.02243,0.0068665,0.064697
0.026703,0.0094604,0.064697
0.029602,0.011292,0.06958
0.031128,0.012054,0.063477
0.032196,0.011749,0.064697
0.033569,0.010376,0.064697
0.032654,0.0080872,0.057373
0.031433,0.0047302,0.054932
0.031281,0.00091553,0.056152
0.029297,-0.004425,0.064697
0.028229,-0.0053406,0.05127
0.026398,-0.0073242,0.061035
0.023041,-0.007019,0.041504
0.020599,-0.007019,0.040283
0.021057,-0.0028992,0.042725
0.02182,0.00045776,0.046387
0.022583,0.0041199,0.043945
0.024414,0.0064087,0.046387
0.025787,0.0061035,0.039063
0.027466,0.0039673,0.037842
0.027924,0.00030518,0.039063
0.029755,-0.0039673,0.041504
0.031128,-0.0062561,0.037842
0.030365,-0.007782,0.042725
0.031586,-0.0085449,0.036621
0.028992,-0.009613,0.037842
0.026703,-0.0099182,0.048828
0.023804,-0.011444,0.039063
0.021362,-0.011139,0.040283
0.019531,-0.0085449,0.040283
0.018005,-0.0045776,0.026855
0.015869,-0.0013733,0.041504
0.016785,-0.00076294,0.037842
0.017242,-0.0036621,0.048828
0.019073,-0.0088501,0.050049
0.020599,-0.013123,0.05127
0.022125,-0.014038,0.053711
0.023956,-0.010986,0.05249
0.025024,-0.0057983,0.058594
0.024414,-0.0019836,0.057373
0.026855,-0.00015259,0.062256
0.028534,-0.00045776,0.061035
0.03006,-0.0013733,0.056152
0.030518,-0.0021362,0.059814
0.033264,0.00061035,0.062256
0.032349,0.0027466,0.068359
0.033264,0.0021362,0.063477
0.031891,-0.0019836,0.073242
0.033264,-0.0059509,0.056152
0.031891,-0.010223,0.053711
0.033264,-0.011139,0.063477
0.033722,-0.010223,0.062256
0.033722,-0.0086975,0.062256
0.031128,-0.0071716,0.062256
0.031128,-0.010071,0.057373
0.029755,-0.014343,0.056152
0.029144,-0.017395,0.053711
0.027771,-0.0177,0.057373
0.026093,-0.015869,0.048828
0.022888,-0.01297,0.05127
0.021667,-0.010071,0.043945
0.019379,-0.0097656,0.05127
0.021667,-0.0079346,0.047607
0.022583,-0.0053406,0.046387
0.024261,-0.0015259,0.042725
0.026093,0.0035095,0.041504
0.026855,0.0067139,0.039063
0.027618,0.0088501,0.040283
0.027771,0.0073242,0.037842
0.027618,0.0053406,0.037842
0.02655,0.0039673,0.040283
0.025482,0.0028992,0.037842
0.022736,0.0028992,4.1357
0.018921,0.0013733,4.8547
0.017548,-0.0012207,4.8999
0.015564,-0.0024414,4.9048
0.015717,-0.0062561,4.9109
0.016174,-0.0090027,4.9084
0.017395,-0.011292,4.9109
0.016479,-0.012054,4.9121
0.013885,-0.011902,4.9194
0.012665,-0.011902,4.9304
0.010834,-0.013428,4.9194
0.010529,-0.014343,4.9304
0.009613,-0.013885,4.928
0.010529,-0.014648,4.9133
0.009613,-0.01236,4.9243
0.010834,-0.009613,4.9255
0.011902,-0.009613,4.9329
0.012817,-0.0085449,4.9292
0.013733,-0.0082397,4.9243
0.014954,-0.0076294,4.9377
0.015259,-0.0064087,4.9133
0.014648,-0.0054932,4.9304
0.013275,-0.0038147,4.9304
0.01297,-0.0018311,4.9353
0.013733,0.0013733,4.9353
0.018158,0.0042725,4.9353
0.015869,0.0071716,4.9402
0.017242,0.0094604,4.9377
0.018616,0.010071,4.9377
0.023346,0.0088501,4.9329
0.022278,0.0076294,4.9414
0.022125,0.0061035,4.9255
0.023804,0.0076294,4.9219
0.024719,0.0045776,4.9243
0.024872,0.0035095,4.9231
0.026245,0.0019836,4.9194
0.027313,-0.00045776,4.9207
0.028229,-0.0033569,4.9194
0.027008,-0.004425,4.9194
0.024109,-0.0041199,4.9133
0.021057,-0.0047302,4.9133
0.017395,-0.0027466,4.9109
0.013428,-0.0028992,4.9158
0.010834,-0.0032043,4.9109
0.0083923,-0.0036621,4.9048
0.007019,-0.0018311,4.9194
0.0085449,0.00061035,4.9109
0.0065613,0.00076294,4.9158
0.0094604,-0.00076294,4.9084
0.010834,-0.0028992,4.9011
0.013123,-0.0042725,4.9036
0.013123,-0.0028992,4.9084
0.014801,0.00091553,4.9084
0.014648,0.004425,4.9109
0.014496,0.0082397,4.9097
0.014038,0.0071716,4.9109
0.014954,0.0059509,4.9072
0.016785,0.0039673,4.9207
0.020447,0.0047302,4.9207
0.02182,0.0064087,4.9219
0.026398,0.0086975,4.9231
0.028687,0.010376,4.9292
0.030365,0.012054,4.9268
0.031891,0.010071,4.9304
0.032959,0.0068665,4.9268
0.03418,0.0035095,4.9329
0.033569,0.0035095,4.9451
0.032654,0.0041199,4.9304
0.030518,0.005188,4.9146
0.028381,0.0061035,4.9268
0.026855,0.0059509,4.9316
0.024261,0.0042725,4.9304
0.022583,0.00061035,4.9341
0.02182,-0.0048828,2.7112
0.020905,-0.0074768,0.059814
0.020142,-0.009613,0.063477
0.018768,-0.0067139,0.065918
0.016479,-0.0054932,0.062256
0.015564,-0.0035095,0.065918
0.014343,-0.0033569,0.053711
0.014496,-0.0045776,0.058594
0.015717,-0.0041199,0.063477
0.015564,-0.0053406,0.05127
0.016632,-0.0032043,0.05249
0.017548,0.0019836,0.05249
0.019989,0.0064087,0.030518
0.022583,0.009613,0.047607
0.025635,0.011444,0.045166
0.029602,0.011444,0.045166
0.031738,0.010071,0.045166
0.036163,0.0091553,0.039063
0.038452,0.0086975,0.041504
0.039368,0.0076294,0.039063
0.03952,0.0053406,0.040283
0.042114,0.0054932,0.037842
0.04303,0.0036621,0.043945
0.042725,0.0028992,0.039063
0.041656,-0.0018311,0.039063
0.038757,-0.0033569,0.037842
0.0354,-0.0065613,0.039063
0.032959,-0.0064087,0.042725
0.031586,-0.0073242,0.041504
0.031738,-0.0074768,0.05127
0.03006,-0.0082397,0.037842
0.027771,-0.0082397,0.036621
0.024872,-0.0082397,0.047607
0.025635,-0.0062561,0.048828
0.023499,-0.0045776,0.050049
0.025787,-0.0022888,0.056152
0.027008,-0.00076294,0.054932
0.027313,0.00076294,0.057373
0.024261,0.0022888,0.058594
0.025177,0.0035095,0.065918
0.025177,0.0030518,0.058594
0.024567,0.0065613,0.063477
0.023499,0.007782,0.062256
0.02243,0.0067139,0.062256
0.023041,0.0057983,0.070801
0.022888,0.0045776,0.063477
0.022125,0.0039673,0.064697
0.023804,0.0035095,0.063477
0.024567,0.0036621,0.062256
0.02655,0.0019836,0.063477
0.027313,0.00061035,0.063477
0.026703,-0.0015259,0.061035
0.026093,-0.0041199,0.065918
0.025482,-0.0065613,0.057373
0.023804,-0.0088501,0.061035
0.023346,-0.0083923,0.05249
0.022736,-0.0090027,0.057373
0.02121,-0.0080872,0.048828
0.020142,-0.0093079,0.048828
0.019379,-0.0093079,0.05127
0.019531,-0.010376,0.048828
0.020294,-0.0093079,0.047607
0.020447,-0.0073242,0.042725
0.022125,-0.0059509,0.057373
0.021667,-0.0056458,0.043945
0.021973,-0.0064087,0.050049
0.020752,-0.0064087,0.045166
0.022125,-0.0079346,0.030518
0.022888,-0.0090027,0.036621
0.024567,-0.0097656,0.042725
0.025024,-0.0094604,0.037842
0.024567,-0.0079346,0.041504
0.025177,-0.007019,0.036621
0.024719,-0.0057983,0.039063
0.025482,-0.0050354,0.037842
0.026093,-0.007019,0.040283
0.024414,-0.0056458,0.037842
0.023956,-0.0057983,3.324
0.022583,-0.0064087,4.8181
0.021515,-0.0064087,4.906
0.021973,-0.007782,4.9255
0.02243,-0.0080872,4.9182
0.023956,-0.0091553,4.9194
0.025024,-0.0076294,4.9255
0.025787,-0.0056458,4.9231
0.026855,-0.0042725,4.9255
0.026703,-0.0022888,4.9207
0.026398,-0.0012207,4.9316
0.024872,-0.00015259,4.9316
0.024414,0.0012207,4.928
0.024719,0.0019836,4.9329
0.02533,0.0021362,4.9304
0.02655,0.0016785,4.9329
0.027618,0.0015259,4.9207
0.02655,0.00030518,4.9353
0.026398,-0.0013733,4.9304
0.02594,-0.0030518,4.9353
0.02594,-0.0057983,4.9329
0.023956,-0.0065613,4.939
0.022278,-0.0065613,4.9438
0.018921,-0.0059509,4.9341
0.016937,-0.0053406,4.939
0.014801,-0.0035095,4.928
0.014496,-0.0028992,4.9084
0.015717,-0.0012207,4.9255
0.01709,0.0021362,4.9207
0.019531,0.005188,4.9207
0.021057,0.0076294,4.917
0.022125,0.0088501,4.9219
0.022888,0.0099182,4.9182
0.023346,0.009613,4.9121
0.022583,0.0079346,4.917
0.02121,0.0067139,4.9109
0.019684,0.0062561,4.9158
0.017395,0.0059509,4.9182
0.013428,0.0053406,4.9133
0.0099182,0.0039673,4.9097
0.0041199,0.0033569,4.9121
0.0036621,0.0039673,4.906
0.0036621,0.0056458,4.9097
0.005188,0.0074768,4.9084
0.0036621,0.010223,4.9109
0.0041199,0.010986,4.9048
0.0047302,0.010071,4.9084
0.0064087,0.0091553,4.9133
0.0090027,0.0073242,4.9121
0.010071,0.004425,4.9146
0.011749,0.0068665,4.9121
0.01297,-0.00091553,4.9158
0.013123,-0.0022888,4.9182
0.013275,-0.0047302,4.9243
0.011597,-0.0048828,4.9243
0.010529,-0.0048828,4.9292
0.0093079,-0.0027466,4.9268
0.007782,-0.00061035,4.9304
0.0091553,0.0022888,4.9402
0.007782,0.0039673,4.9329
0.0086975,0.0071716,4.9402
0.010376,0.0091553,4.9329
0.013885,0.010071,4.9158
0.017853,0.010681,4.9304
0.020447,0.011749,4.9316
0.022888,0.012054,4.9329
0.024109,0.014343,4.9329
0.022125,0.014191,4.9341
0.023651,0.012665,4.939
0.019836,0.012207,4.9353
0.018311,0.010986,4.9353
0.016479,0.010223,4.9304
0.015869,0.0091553,4.9353
0.015259,0.0097656,4.9292
0.015564,0.0097656,0.056152
0.015869,0.0074768,0.061035
0.017548,0.0036621,0.053711
0.0177,0.0032043,0.053711
0.017853,0.0022888,0.050049
0.016022,0.00091553,0.054932
0.015411,0.0032043,0.046387
0.014496,0.0027466,0.043945
0.012817,-0.00015259,0.043945
0.012512,0.0021362,0.043945
0.012054,0.002594,0.037842
0.012665,0.0050354,0.042725
0.013885,0.0065613,0.039063
0.014801,0.0093079,0.041504
0.016327,0.010529,0.036621
0.016937,0.011444,0.043945
0.016632,0.011139,0.036621
0.018463,0.009613,0.040283
0.019989,0.0097656,0.040283
0.020142,0.0083923,0.042725
0.020142,0.0073242,0.05249
0.021057,0.0065613,0.042725
0.020294,0.0053406,0.057373
0.019379,0.0022888,0.042725
0.018311,0.0013733,0.036621
0.017548,-0.00030518,0.046387
0.018921,-0.0021362,0.050049
0.017853,-0.0053406,0.048828
0.018921,-0.0042725,0.053711
0.020599,-0.0041199,0.057373
0.020142,-0.0021362,0.058594
0.019684,-0.0010681,0.059814
0.021667,-0.0013733,0.062256
0.021515,-0.002594,0.059814
0.022125,-0.0057983,0.063477
0.02243,-0.007782,0.065918
0.023193,-0.0071716,0.063477
0.023651,-0.0059509,0.061035
0.023956,-0.0059509,0.061035
0.023651,-0.0071716,0.063477
0.024414,-0.0067139,0.063477
0.024414,-0.0094604,0.076904
0.023804,-0.009613,0.064697
0.025482,-0.0068665,0.054932
0.027313,-0.0028992,0.064697
0.029144,0.00030518,0.062256
0.030975,0.0010681,0.058594
0.031433,-0.0018311,0.054932
0.032196,-0.0056458,0.056152
0.033264,-0.0086975,0.056152
0.03479,-0.0065613,0.050049
0.036011,-0.0030518,0.05249
0.036774,-0.00015259,0.05127
0.036163,0.0015259,0.050049
0.0354,-0.0012207,0.045166
0.033264,-0.0038147,0.048828
0.031586,-0.0053406,0.054932
0.030518,-0.0053406,0.045166
0.029602,-0.0033569,0.045166
0.029297,0.00061035,0.039063
0.029755,0.0035095,0.023193
0.030518,0.0047302,0.037842
0.031433,0.005188,0.040283
0.031891,0.0041199,0.036621
0.032501,0.0021362,0.037842
0.032654,0.0013733,0.039063
0.032043,0.0013733,0.041504
0.031891,-0.00045776,0.036621
0.031281,-0.0016785,0.041504
0.029297,-0.0039673,0.031738
0.027618,-0.0073242,0.045166
0.025635,-0.0080872,0.041504
0.023804,-0.0082397,0.048828
0.022736,-0.0080872,0.048828
0.025024,-0.007019,0.053711
0.024109,-0.0048828,0.053711
0.025635,0.00015259,0.054932
0.028381,0.0021362,4.2175
0.027466,0.0048828,4.8804
0.032196,0.0064087,4.917
0.033875,0.0054932,4.9292
0.035248,0.0047302,4.9316
0.035858,0.0045776,4.928
0.035858,0.0054932,4.9304
0.035553,0.0061035,4.9304
0.034332,0.0048828,4.9292
0.031586,0.0042725,4.9304
0.029907,0.0027466,4.9341
0.027161,0.002594,4.9329
0.024414,0.0035095,4.9365
0.023193,0.0056458,4.9353
0.024109,0.0061035,4.9304
0.022278,0.0035095,4.9438
0.022583,-0.00091553,4.9353
0.023804,-0.005188,4.928
0.023499,-0.0076294,4.928
0.024872,-0.007019,4.9231
0.02594,-0.0035095,4.9255
0.027618,0.0012207,4.9231
0.027008,-0.00030518,4.9182
0.025482,-0.0018311,4.9207
0.023804,-0.0041199,4.9109
0.022888,-0.0059509,4.9231
0.025787,-0.0019836,4.9133
0.028839,0.0032043,4.9158
0.032806,0.0079346,4.9097
0.035553,0.010681,4.9133
0.036774,0.010834,4.9133
0.037537,0.0080872,4.9146
0.039063,0.0061035,4.9097
0.037994,0.005188,4.9133
0.037842,0.0047302,4.9207
0.036621,0.0039673,4.9133
0.033112,0.00076294,4.9158
0.028839,-0.0045776,4.9084
0.023651,-0.010223,4.8999
0.019379,-0.014954,4.9109
0.017395,-0.015869,4.9133
0.01709,-0.014038,4.9109
0.019226,-0.010834,4.9133
0.020752,-0.0082397,4.9133
0.023041,-0.0047302,4.917
0.024719,-0.0028992,4.9182
0.025482,-0.0018311,4.917
0.028229,0.0012207,4.9255
0.031281,0.0050354,4.928
0.034485,0.0088501,4.9292
0.036926,0.011292,4.9316
0.037842,0.012054,4.9451
0.037842,0.012054,4.9316
0.037537,0.010376,4.9304
0.036774,0.0076294,4.9329
0.036926,0.0050354,4.9329
0.037231,0.0028992,4.9292
0.035858,0.0016785,4.9194
0.032806,0.00061035,4.9341
0.028839,-0.00030518,4.9304
0.023956,-0.00061035,4.9304
0.021057,-0.0018311,4.9377
0.019379,-0.002594,4.939
0.02121,-0.0024414,4.9341
0.02243,0.00015259,4.9304
0.023346,0.0028992,4.9329
0.023956,0.0050354,4.9255
0.023041,0.0062561,4.9219
0.025024,0.0054932,4.9292
0.022583,0.0024414,4.928
0.021362,-0.0012207,4.9316
0.020752,-0.0033569,4.9207
0.018463,-0.0038147,4.9316
0.016174,-0.0010681,0.046387
0.013885,0.0015259,0.039063
0.011902,0.0030518,0.043945
0.013275,0.002594,0.040283
0.014801,0.0024414,0.042725
0.0177,0.0016785,0.037842
0.018158,0.00030518,0.0354
0.017395,0.0016785,0.042725
0.015106,0.0010681,0.037842
0.013275,0.00061035,0.041504
0.011444,0,0.039063
0.015259,-0.0028992,0.042725
0.016785,-0.0053406,0.041504
0.018616,-0.0071716,0.041504
0.018311,-0.0076294,0.045166
0.018311,-0.0053406,0.046387
0.01709,-0.0035095,0.046387
0.018616,-0.0018311,0.045166
0.019836,0.00015259,0.041504
0.022736,0.0018311,0.050049
0.025482,0.0032043,0.039063
0.027161,0.0032043,0.050049
0.025482,0.0024414,0.057373
0.023041,0.00015259,0.058594
0.019684,-0.0030518,0.056152
0.016174,-0.0041199,0.059814
0.014038,-0.0022888,0.064697
0.011292,-0.0018311,0.061035
0.0088501,0.00045776,0.062256
0.005188,0.002594,0.062256
0.0032043,0.0010681,0.064697
-0.0030518,0.00061035,0.059814
-0.0033569,0.0015259,0.061035
-0.0018311,0.0039673,0.073242
0.0018311,0.0074768,0.067139
0.0061035,0.010071,0.073242
0.0094604,0.0099182,0.064697
0.011292,0.0074768,0.046387
0.010681,0.0036621,0.063477
0.0094604,0.0012207,0.061035
0.01297,0.00091553,0.058594
0.013885,0.0028992,0.058594
0.015564,0.0056458,0.05127
0.016632,0.0068665,0.056152
0.016174,0.0059509,0.05127
0.016632,0.0036621,0.053711
0.01709,-0.0018311,0.046387
0.017548,-0.0053406,0.050049
0.018768,-0.00045776,0.05127
0.019836,0.00091553,0.045166
0.02121,0.0032043,0.050049
0.020599,0.0028992,0.046387
0.020447,0.0062561,0.039063
0.018463,0.0048828,0.043945
0.017242,0.0035095,0.032959
0.015869,0.0022888,0.036621
0.016174,0.0024414,0.0354
0.01709,0.0030518,0.040283
0.017853,0.0030518,0.041504
0.017548,0.0035095,0.030518
0.016785,0.0027466,0.040283
0.01709,0.00015259,0.0354
0.018311,-0.0033569,0.041504
0.020447,-0.0038147,0.036621
0.021362,-0.0032043,0.043945
0.022736,-0.0015259,0.043945
0.022583,0.0022888,0.046387
0.022278,0.0057983,0.046387
0.022583,0.0061035,0.05249
0.024567,0.0035095,0.059814
0.028229,0.0019836,0.056152
0.030365,-0.00061035,0.068359
0.033264,-0.0010681,0.058594
0.034637,-0.00030518,0.050049
0.035095,-0.00015259,0.058594
0.034485,-0.0012207,0.059814
0.034485,-0.0061035,0.061035
0.03479,-0.010223,3.5486
0.033722,-0.015564,4.8438
0.031433,-0.017548,4.9207
0.027313,-0.015259,4.9268
0.024109,-0.011902,4.9353
0.021667,-0.0076294,4.928
0.021667,-0.0016785,4.9353
0.024109,-0.0045776,4.939
0.027313,-0.0039673,4.9353
0.030518,-0.0038147,4.9353
0.032654,-0.002594,4.9365
0.034637,-0.00061035,4.9341
0.033722,-0.00045776,4.9316
0.033875,-0.00091553,4.9451
0.035095,-0.002594,4.9243
0.035706,-0.0079346,4.9121
0.036469,-0.0094604,4.9194
0.0354,-0.010376,4.9182
0.032501,-0.011139,4.9207
0.029449,-0.0091553,4.917
0.027466,-0.0071716,4.9133
0.028229,-0.004425,4.9158
0.028687,-0.0041199,4.9097
0.030823,-0.0022888,4.9158
0.032043,-0.0016785,4.9097
0.031891,-0.0013733,4.9133
0.028381,-0.00030518,4.9109
0.025482,-0.0030518,4.9109
0.02533,-0.0042725,4.9231
0.026245,-0.0042725,4.9072
0.029144,-0.0036621,4.9133
0.03006,-0.0016785,4.9133
0.031128,0.0033569,4.8938
0.029297,0.0050354,4.9097
0.027771,0.007782,4.9084
0.026855,0.0080872,4.9121
0.027466,0.007782,4.9133
0.028534,0.0065613,4.9097
0.032654,0.0054932,4.917
0.033112,0.0047302,4.917
0.031738,0.0047302,4.9268
0.03006,0.0036621,4.9207
0.027008,0.0018311,4.9292
0.025482,0.00045776,4.9292
0.024109,-0.0022888,4.9316
0.023193,-0.004425,4.9243
0.022278,-0.0065613,4.9316
0.021667,-0.0073242,4.9304
0.020752,-0.0073242,4.9341
0.019379,-0.0061035,4.9426
0.018921,-0.0045776,4.9304
0.020447,-0.0038147,4.9207
0.023193,-0.0038147,4.9329
0.026093,-0.0036621,4.9329
0.027008,-0.0030518,4.9341
0.026398,-0.0015259,4.9365
0.024414,0.0012207,4.9438
0.023346,0.0027466,4.9353
0.02243,0.0045776,4.9316
0.023041,0.0041199,4.9329
0.024414,0.002594,4.9255
0.025024,0.00045776,4.9316
0.024109,-0.0012207,4.9255
0.022583,0.00045776,4.9304
0.021057,0.0016785,4.9304
0.02121,0.0015259,4.9231
0.022736,0.00030518,4.9207
0.025635,-0.0022888,4.9194
0.028687,-0.0035095,4.9036
0.03006,-0.0039673,4.917
0.028992,-0.0036621,4.9109
0.026093,-0.0036621,4.9146
0.023193,-0.004425,0.061035
0.022125,-0.0064087,0.039063
0.02243,-0.0082397,0.042725
0.023651,-0.010071,0.036621
0.023041,-0.0091553,0.040283
0.020752,-0.0074768,0.0354
0.018463,-0.005188,0.041504
0.016632,-0.0033569,0.042725
0.0177,-0.0027466,0.041504
0.020599,-0.0024414,0.039063
0.024872,-0.0016785,0.040283
0.027161,0,0.043945
0.028381,0.0013733,0.042725
0.028534,0.0033569,0.05127
0.029449,0.0041199,0.048828
0.03067,0.0032043,0.036621
0.031281,0.00091553,0.047607
0.031128,-0.00061035,0.05127
0.03006,0,0.057373
0.032043,0.0010681,0.058594
0.031891,0.00045776,0.057373
0.030975,0.0039673,0.061035
0.029297,0.0050354,0.062256
0.027771,0.0059509,0.063477
0.028534,0.0065613,0.059814
0.030823,0.0067139,0.063477
0.031586,0.0067139,0.058594
0.030975,0.0064087,0.059814
0.028992,0.0054932,0.076904
0.026093,0.004425,0.062256
0.024414,0.0032043,0.065918
0.023346,0.0027466,0.067139
0.024414,0.0018311,0.053711
0.024261,0.0015259,0.063477
0.023346,0.00030518,0.059814
0.02182,-0.00030518,0.061035
0.016937,0.0032043,0.058594
0.014038,0.0054932,0.050049
0.012665,0.0073242,0.058594
0.014801,0.0097656,0.057373
0.017853,0.012665,0.05249
0.019989,0.010529,0.046387
0.02121,0.011292,0.050049
0.019226,0.0094604,0.050049
0.016174,0.0071716,0.048828
0.015259,0.0041199,0.045166
0.014648,0.0015259,0.045166
0.017242,0.00045776,0.050049
0.018005,-0.0016785,0.042725
0.018158,-0.0030518,0.048828
0.014954,-0.0021362,0.037842
0.012207,0.00076294,0.036621
0.010071,0.0035095,0.039063
0.011139,0.0062561,0.037842
0.015717,0.0094604,0.036621
0.019989,0.010529,0.041504
0.020752,0.010376,0.036621
0.018463,0.0099182,0.039063
0.016327,0.0091553,0.042725
0.012512,0.010223,0.043945
0.010986,0.0099182,0.037842
0.011902,0.0094604,0.046387
0.013428,0.0091553,0.047607
0.013275,0.0085449,0.048828
0.010834,0.010071,0.061035
0.0079346,0.010223,0.056152
0.004425,0.01297,0.061035
0.0030518,0.014801,0.053711
0.0033569,0.016479,0.056152
0.0068665,0.015259,0.059814
0.0094604,0.013428,0.062256
0.011292,0.0097656,0.061035
0.012665,0.0083923,0.061035
0.011139,0.0088501,0.058594
0.010223,0.010529,0.061035
0.010834,0.012207,0.058594
0.011902,0.012512,0.064697
0.010376,0.0097656,0.059814
0.012207,0.0071716,2.9175
0.009613,0.0065613,4.8157
0.0074768,0.0067139,4.9255
0.0045776,0.0086975,4.9304
0.0038147,0.0085449,4.9365
0.0042725,0.0076294,4.9438
0.0059509,0.0076294,4.9329
0.007019,0.0021362,4.9365
0.0083923,0.0012207,4.928
0.0091553,0.0016785,4.9072
0.009613,0.0059509,4.9207
0.010681,0.0088501,4.9194
0.012817,0.0093079,4.9231
0.014954,0.0088501,4.9207
0.016174,0.0057983,4.9146
0.016174,0.0032043,4.9182
0.013885,0.0022888,4.9121
0.016479,0.0033569,4.9084
0.017242,0.0033569,4.9109
0.017548,0.0028992,4.9146
0.017853,0.0016785,4.9109
0.015259,0.00030518,4.9146
0.018463,-0.00061035,4.9121
0.0177,0.0012207,4.8962
0.021362,0.0016785,4.9072
0.021515,0.0027466,4.9097
0.021973,0.0033569,4.9036
0.022583,0.0027466,4.9084
0.023193,0.0062561,4.9219
0.022736,0.0015259,4.9133
0.022888,0.00091553,4.9121
0.021362,0.00091553,4.9109
0.020142,0.00030518,4.9146
0.017853,-0.00030518,4.9146
0.017548,-0.00076294,4.9207
0.018311,-0.0024414,4.9207
0.017853,-0.0033569,4.9255
0.018616,-0.0041199,4.9243
0.016479,-0.0030518,4.9255
0.018158,-0.0016785,4.9329
0.018158,-0.00045776,4.9329
0.019379,-0.00091553,4.939
0.02121,-0.0022888,4.9329
0.026855,-0.0039673,4.9402
0.024261,-0.0061035,4.9292
0.024261,-0.0067139,4.9194
0.024109,-0.0071716,4.9304
0.024109,-0.0056458,4.9316
0.024261,-0.0039673,4.9304
0.02655,-0.0032043,4.9353
0.029755,-0.0024414,4.939
0.030518,-0.0036621,4.939
0.031433,-0.0039673,4.9329
0.030975,-0.0038147,4.9353
0.03067,-0.0028992,4.9268
0.030365,-0.00076294,4.9255
0.032501,0.0016785,4.928
0.033875,0.0036621,4.9341
0.036011,0.0038147,4.9255
0.036469,0.0021362,4.9231
0.034943,-0.00076294,4.9194
0.028839,-0.0030518,4.9219
0.031281,-0.0013733,4.9207
0.03067,0,4.9182
0.03067,0.0010681,4.9048
0.030975,0.0030518,4.9109
0.032349,0.0030518,4.9133
0.029602,0.0045776,4.9133
0.02655,0.0059509,4.9109
0.024872,0.0053406,4.9072
0.025177,0.0042725,4.9121
0.026703,0.0048828,4.9084
0.028687,0.0057983,0.045166
0.031281,0.0073242,0.041504
0.033264,0.0091553,0.042725
0.035095,0.011444,0.039063
0.035248,0.011749,0.0354
0.029755,0.010223,0.054932
0.028381,0.0093079,0.042725
0.02655,0.007782,0.05127
0.026398,0.0079346,0.046387
0.028229,0.0074768,0.03418
0.029907,0.0071716,0.048828
0.030823,0.007019,0.050049
0.03006,0.0042725,0.05249
0.028534,0.0024414,0.056152
0.028076,0.0012207,0.054932
0.028076,0.00015259,0.059814
0.028839,0.00076294,0.061035
0.028076,-0.00061035,0.063477
0.026245,-0.00045776,0.061035
0.023499,-0.0019836,0.063477
0.02243,-0.0019836,0.058594
0.021362,-0.0021362,0.062256
0.023651,-0.0013733,0.070801
0.025635,0,0.062256
0.029144,-0.00030518,0.063477
0.03006,0.00076294,0.065918
0.031433,0.0032043,0.079346
0.031433,0.005188,0.063477
0.030975,0.0079346,0.076904
0.031433,0.0097656,0.06958
0.032501,0.0093079,0.059814
0.033264,0.0088501,0.054932
0.032501,0.0091553,0.059814
0.031433,0.0090027,0.05249
0.030975,0.0080872,0.05249
0.028534,0.0080872,0.050049
0.026855,0.0071716,0.050049
0.024719,0.0057983,0.046387
0.023041,0.0053406,0.050049
0.020752,0.0041199,0.047607
0.019073,0.0016785,0.047607
0.018005,-0.00091553,0.05249
0.016174,-0.0024414,0.045166
0.015717,-0.0053406,0.050049
0.016174,-0.0068665,0.040283
0.016785,-0.0065613,0.028076
0.016174,-0.004425,0.039063
0.016632,-0.0019836,0.036621
0.0177,0.00076294,0.037842
0.020599,0.0041199,0.039063
0.023499,0.0067139,0.036621
0.028381,0.0083923,0.040283
0.029907,0.0099182,0.039063
0.032043,0.0099182,0.045166
0.033875,0.0086975,0.037842
0.035858,0.0068665,0.046387
0.037231,0.0042725,0.046387
0.038757,0.0022888,0.050049
0.0354,0.0015259,0.046387
0.034637,0.0036621,0.05249
0.033417,0.0056458,0.056152
0.030212,0.0071716,0.056152
0.026855,0.0071716,0.067139
0.024872,0.0057983,0.061035
0.024567,0.0039673,0.048828
0.026245,0.0015259,0.058594
0.027924,-0.00061035,0.061035
0.027008,-0.0013733,0.062256
0.023651,-0.0027466,0.056152
0.019531,-0.004425,0.054932
0.016327,-0.0050354,0.067139
0.014038,-0.0045776,0.059814
0.014343,-0.0024414,0.065918
0.014191,-0.0016785,0.063477
0.014648,0.0027466,0.068359
0.014191,0.0039673,0.062256
0.014343,0.0028992,0.067139
0.016022,0.0018311,0.078125
0.017395,0.00061035,2.4182
0.019379,-0.0021362,4.7827
0.019684,-0.0010681,4.9048
0.019989,-0.00045776,4.9084
0.018005,0.00015259,4.9207
0.016022,-0.00076294,4.9194
0.015411,-0.0027466,4.906
0.017548,-0.0039673,4.917
0.021057,-0.0035095,4.9133
0.024261,-0.002594,4.9182
0.025635,-0.0016785,4.9133
0.024567,-0.0035095,4.9146
0.023499,-0.005188,4.906
0.023041,-0.0073242,4.9158
0.022888,-0.0086975,4.9109
0.023651,-0.0080872,4.9121
0.021973,-0.007782,4.9072
0.021667,-0.0068665,4.9133
0.019073,-0.0061035,4.917
0.015717,-0.0067139,4.9146
0.014191,-0.0061035,4.9182
0.014343,-0.0057983,4.9097
0.015411,-0.0039673,4.8914
0.013885,0.00015259,4.917
0.014648,-0.0013733,4.9146
0.015869,-0.00030518,4.9097
0.012054,0.0010681,4.917
0.011749,0.00061035,4.8999
0.011902,-0.00030518,4.9182
0.013123,-0.00030518,4.9243
0.010376,-0.00076294,4.928
0.013885,0.00076294,4.9268
0.014038,0.0021362,4.9329
0.014648,0.0015259,4.9292
0.014648,0.002594,4.9329
0.016174,0.0021362,4.9377
0.016785,-0.00030518,4.9316
0.018463,-0.0035095,4.9304
0.019684,-0.0083923,4.9316
0.020142,-0.012817,4.9353
0.021057,-0.016479,4.9341
0.018158,-0.0177,4.9365
0.015411,-0.015564,4.9304
0.01236,-0.011292,4.9377
0.010681,-0.0061035,4.9341
0.011292,-0.00045776,4.9377
0.0094604,0.0028992,4.9316
0.010223,0.0054932,4.9341
0.010223,0.0033569,4.928
0.012817,0.0027466,4.9292
0.016479,0.0018311,4.928
0.020599,0.0013733,4.9268
0.023651,0.0010681,4.9207
0.022736,-0.00045776,4.9219
0.021362,-0.0032043,4.9353
0.016479,-0.0068665,4.9097
0.0097656,-0.01297,4.9243
0.0028992,-0.015259,4.9158
-0.0015259,-0.01358,4.8999
-0.002594,-0.007782,4.9072
0.0016785,-0.00091553,4.9146
0.0091553,0.0083923,4.9133
0.018005,0.010529,4.9097
0.027161,0.0091553,4.906
0.032501,0.0027466,4.9133
0.03418,-0.0062561,4.9121
0.033722,-0.012054,4.9097
0.030212,-0.014801,4.9084
0.02533,-0.015259,4.9133
0.0177,-0.014038,4.9084
0.007782,-0.013123,4.9121
-0.0013733,-0.012512,4.9194
-0.0073242,-0.010681,0.042725
-0.0085449,-0.007019,0.041504
-0.0061035,0.00015259,0.045166
0.00015259,0.0086975,0.042725
0.010223,0.016937,0.05249
0.018311,0.020599,0.041504
0.024414,0.02121,0.053711
0.028534,0.016327,0.053711
0.028839,0.0093079,0.056152
0.028534,0.0015259,0.062256
0.026703,-0.004425,0.059814
0.024872,-0.0091553,0.062256
0.021515,-0.010223,0.059814
0.018921,-0.0097656,0.065918
0.016785,-0.0091553,0.056152
0.017548,-0.0076294,0.061035
0.020447,-0.0057983,0.059814
0.023499,-0.0038147,0.064697
0.03006,-0.00015259,0.070801
0.035858,0.0021362,0.068359
0.037842,0.0045776,0.076904
0.042267,0.0045776,0.064697
0.04364,0.0024414,0.054932
0.04364,-0.002594,0.061035
0.041351,-0.0071716,0.059814
0.038452,-0.0099182,0.061035
0.031738,-0.0093079,0.057373
0.026703,-0.0057983,0.05127
0.020905,-0.00061035,0.054932
0.016479,0.0054932,0.050049
0.01358,0.0097656,0.05127
0.013123,0.012665,0.045166
0.013123,0.01358,0.047607
0.014038,0.012817,0.048828
0.015259,0.012054,0.045166
0.018616,0.012054,0.043945
0.019989,0.013123,0.045166
0.023041,0.016479,0.039063
0.02533,0.019836,0.040283
0.026703,0.022888,0.032959
0.028687,0.022583,0.040283
0.028534,0.021667,0.037842
0.028687,0.0177,0.037842
0.027771,0.015106,0.040283
0.027618,0.014038,0.036621
0.027771,0.012817,0.039063
0.028839,0.011597,0.037842
0.028076,0.011749,0.042725
0.029144,0.0088501,0.039063
0.029907,0.0094604,0.043945
0.030518,0.010223,0.045166
0.032349,0.01236,0.050049
0.033112,0.01297,0.046387
0.034332,0.011292,0.054932
0.033112,0.0080872,0.063477
0.030975,0.0032043,0.057373
0.024872,-0.0013733,0.067139
0.0177,-0.0059509,0.059814
0.011139,-0.0061035,0.045166
0.004425,-0.0050354,0.061035
0.00091553,-0.0016785,0.061035
0.00076294,0.0015259,0.061035
0.0021362,0.0039673,0.062256
0.0068665,0.0056458,0.056152
0.010986,0.0065613,0.064697
0.016022,0.0064087,0.061035
0.021515,0.0053406,0.065918
0.026245,0.0041199,0.062256
0.030975,0.0024414,0.065918
0.034637,0.0019836,0.067139
0.035248,0.0032043,0.065918
0.034332,0.0059509,0.073242
0.029144,0.0099182,0.061035
0.024261,0.010071,0.059814
0.018158,0.0088501,0.058594
0.014954,0.0062561,0.059814
0.014801,0.0033569,0.048828
0.017242,0.0027466,0.047607
0.021057,0.0041199,4.2285
0.02533,0.0068665,4.8694
0.029449,0.0093079,4.9097
0.031586,0.0099182,4.9133
0.031281,0.007019,4.9133
0.027466,0.0033569,4.9121
0.020905,0.0012207,4.9084
0.013123,-0.0012207,4.9121
0.0038147,-0.0010681,4.9097
-0.0033569,-0.00091553,4.9146
-0.0082397,-0.00030518,4.9084
-0.010223,0.0013733,4.9121
-0.0065613,0.0033569,4.9207
-0.0019836,0.0071716,4.9109
0.0050354,0.010986,4.9194
0.012665,0.015717,4.9036
0.018616,0.018311,4.8962
0.025177,0.019226,4.9146
0.029755,0.018921,4.9097
0.033112,0.016327,4.9121
0.034637,0.012054,4.9146
0.034485,0.0050354,4.917
0.034027,-0.0033569,4.9158
0.034027,-0.0097656,4.9231
0.03479,-0.01297,4.9304
0.0354,-0.011139,4.9231
0.036011,-0.0061035,4.9292
0.036469,-0.00015259,4.9329
0.037537,0.0032043,4.9341
0.042572,0.0036621,4.9316
0.043793,0.002594,4.9329
0.047607,0,4.9316
0.051422,-0.0022888,4.9329
0.054016,-0.0042725,4.9451
0.053864,-0.0062561,4.9353
0.053253,-0.0099182,4.928
0.049744,-0.013885,4.9316
0.044861,-0.016632,4.9329
0.038452,-0.016632,4.9341
0.029755,-0.014954,4.939
0.021057,-0.011444,4.928
0.013885,-0.0073242,4.9316
0.0073242,-0.0042725,4.9304
0.0028992,-0.0012207,4.9292
0.0012207,0.0027466,4.9219
0,0.0097656,4.928
0.00061035,0.010071,4.9146
0.0028992,0.011902,4.9268
0.0065613,0.012054,4.9329
0.010071,0.011292,4.9194
0.01358,0.010223,4.9158
0.016937,0.0079346,4.9194
0.020142,0.0082397,4.8938
0.019684,0.0068665,4.9109
0.018921,0.0050354,4.9158
0.017853,0.0033569,4.9146
0.01709,0.00045776,4.9121
0.017548,-0.00030518,4.9097
0.018158,-0.0030518,4.9109
0.020599,-0.0057983,4.906
0.022888,-0.0064087,4.9097
0.024414,-0.0082397,4.9048
0.02655,-0.0093079,4.9133
0.032196,-0.010071,4.9097
0.030975,-0.0097656,4.9109
0.032043,-0.0093079,4.9097
0.03067,-0.0059509,4.9133
0.033569,-0.0022888,4.9146
0.027313,0.0047302,4.9158
0.022583,0.0035095,4.9219
0.016632,0.0048828,4.9084
0.012512,0.0064087,4.9182
0.012817,0.0073242,0.056152
0.011902,0.0068665,0.058594
0.01709,0.0010681,0.054932
0.014954,0.0012207,0.059814
0.01709,-0.00061035,0.058594
0.018463,-0.0018311,0.061035
0.0177,-0.0013733,0.061035
0.01709,-0.00076294,0.063477
0.014648,-0.0012207,0.057373
0.014648,-0.0038147,0.064697
0.012054,-0.0056458,0.061035
0.0085449,-0.0021362,0.070801
0.0068665,-0.0038147,0.074463
0.0053406,0.00030518,0.067139
0.009613,0.0038147,0.065918
0.0076294,0.007782,0.065918
0.0085449,0.010986,0.058594
0.011902,0.011749,0.061035
0.013123,0.010529,0.058594
0.015717,0.0082397,0.057373
0.017853,0.005188,0.058594
0.013885,0.002594,0.053711
0.011902,0.00015259,0.05249
0.0076294,0.00045776,0.048828
0.0047302,0.0019836,0.05249
0.0013733,0.00061035,0.046387
-0.0013733,0.00076294,0.046387
-0.0027466,-0.0065613,0.048828
-0.0032043,-0.0076294,0.047607
-0.0018311,-0.010834,0.037842
-0.00061035,-0.013275,0.042725
0.0016785,-0.014191,0.050049
0.0065613,-0.014648,0.041504
0.009613,-0.016327,0.05249
0.011292,-0.017548,0.040283
0.010376,-0.018921,0.037842
0.0090027,-0.021515,0.039063
0.0073242,-0.019226,0.036621
0.0071716,-0.018158,0.039063
0.0082397,-0.017395,0.040283
0.009613,-0.014191,0.029297
0.010834,-0.015564,0.039063
0.011902,-0.014496,0.041504
0.013428,-0.014191,0.039063
0.015259,-0.015717,0.042725
0.019531,-0.013733,0.048828
0.023193,-0.0079346,0.050049
0.025787,-0.0062561,0.05249
0.027008,-0.0083923,0.068359
0.027313,-0.016174,0.057373
0.027313,-0.025482,0.059814
0.027313,-0.030365,0.062256
0.027008,-0.033112,0.054932
0.025635,-0.035095,0.058594
0.027008,-0.031128,0.061035
0.026703,-0.030823,0.059814
0.026703,-0.028839,0.059814
0.024872,-0.029602,0.057373
0.020752,-0.027924,0.061035
0.018311,-0.027008,0.058594
0.016327,-0.019836,0.063477
0.016785,-0.016479,0.063477
0.016937,-0.013428,0.06958
0.016937,-0.0082397,0.062256
0.015717,-0.00015259,0.067139
0.014496,0.0010681,0.063477
0.014038,0.0053406,0.062256
0.013123,0.0073242,0.068359
0.015564,0.0091553,0.057373
0.016022,0.010223,0.067139
0.016632,0.010071,0.050049
0.016937,0.0076294,0.045166
0.016479,0.0018311,0.050049
0.015106,-0.0041199,0.048828
0.01297,-0.0083923,0.046387
0.012665,-0.010529,0.046387
0.014038,-0.009613,0.042725
0.016174,-0.0073242,2.7844
0.018005,-0.0032043,4.7815
0.019073,-0.0016785,4.9011
0.019836,-0.0013733,4.906
0.021515,-0.0048828,4.9109
0.022736,-0.0071716,4.9097
0.024261,-0.0082397,4.9133
0.025635,-0.0062561,4.9133
0.025177,-0.0015259,4.9097
0.02533,0.0036621,4.9084
0.024719,0.0061035,4.9048
0.023804,0.0074768,4.9048
0.024261,0.0083923,4.9146
0.025787,0.0099182,4.9219
0.028687,0.01236,4.9109
0.031586,0.015869,4.9146
0.032654,0.019379,4.9182
0.034027,0.02121,4.917
0.032501,0.019073,4.9194
0.030823,0.015106,4.928
0.029602,0.012054,4.9268
0.028992,0.011444,4.9304
0.026703,0.013123,4.9207
0.023956,0.015411,4.9341
0.020294,0.019836,4.9292
0.016174,0.023041,4.9341
0.014343,0.024109,4.939
0.015106,0.023804,4.9463
0.017242,0.023499,4.9365
0.020294,0.02182,4.9304
0.02243,0.021057,4.9146
0.023041,0.020599,4.9329
0.023193,0.020142,4.9329
0.021973,0.018921,4.9243
0.019226,0.017395,4.9353
0.018158,0.017548,4.9316
0.016327,0.018463,4.9341
0.014496,0.020294,4.9316
0.012512,0.020294,4.928
0.0097656,0.018921,4.9231
0.0079346,0.015106,4.928
0.0064087,0.012054,4.9243
0.0071716,0.012817,4.9231
0.010681,0.014496,4.9194
0.016937,0.014648,4.9194
0.018311,0.014038,4.9207
0.019684,0.0090027,4.9158
0.019684,0.0021362,4.9146
0.019073,-0.004425,4.9109
0.02182,-0.0076294,4.9023
0.023651,-0.0048828,4.9109
0.027008,0.0042725,4.9109
0.027924,0.01236,4.9097
0.029144,0.016174,4.9109
0.030975,0.015259,4.9097
0.033417,0.013275,4.906
0.035248,0.012512,4.9048
0.036926,0.016327,4.9133
0.038452,0.022278,4.9084
0.039825,0.027771,4.9023
0.039825,0.030518,4.9084
0.0383,0.028992,4.9158
0.036621,0.025024,4.9268
0.031891,0.021667,4.917
0.025024,0.019379,4.9268
0.018768,0.017242,4.9207
0.014343,0.019073,4.9146
0.011597,0.020599,4.9255
0.011597,0.023499,4.9268
0.012207,0.023651,4.9243
0.01236,0.022125,4.9316
0.011444,0.019226,4.9304
0.013275,0.016785,4.9329
0.015869,0.016174,0.062256
0.018463,0.015869,0.064697
0.019684,0.014038,0.058594
0.019379,0.010681,0.064697
0.017548,0.0038147,0.065918
0.016174,-0.0038147,0.065918
0.012207,-0.0093079,0.068359
0.010986,-0.010986,0.065918
0.010681,-0.0083923,0.06958
0.010834,-0.0053406,0.065918
0.014496,-0.0021362,0.073242
0.012665,-0.00015259,0.063477
0.014343,-0.0018311,0.067139
0.016327,0.0019836,0.054932
0.019073,0.0012207,0.056152
0.022125,-0.00015259,0.054932
0.023804,-0.0032043,0.05127
0.024261,-0.0093079,0.046387
0.023346,-0.0088501,0.05249
0.020905,-0.009613,0.046387
0.018311,-0.0083923,0.048828
0.016632,-0.0062561,0.047607
0.014648,-0.0032043,0.047607
0.013275,-0.00015259,0.041504
0.013123,0.0030518,0.047607
0.014191,0.0068665,0.054932
0.014191,0.0094604,0.041504
0.015717,0.0099182,0.047607
0.018768,0.0053406,0.040283
0.018921,-0.0013733,0.023193
0.019684,-0.005188,0.03418
0.018616,-0.0062561,0.039063
0.015564,-0.0057983,0.040283
0.010681,-0.0032043,0.041504
0.0076294,0.00015259,0.025635
0.0042725,0.0035095,0.041504
0.0032043,0.0073242,0.040283
0.0035095,0.0074768,0.045166
0.0045776,0.0059509,0.042725
0.0073242,0.0071716,0.050049
0.0093079,0.0045776,0.05127
0.012054,0.0016785,0.053711
0.014648,-0.00015259,0.059814
0.016022,-0.0047302,0.057373
0.018005,-0.010071,0.058594
0.0177,-0.012054,0.058594
0.01709,-0.01297,0.070801
0.014343,-0.0099182,0.058594
0.01236,-0.0062561,0.056152
0.010681,-0.0059509,0.063477
0.011902,-0.0094604,0.062256
0.016479,-0.0062561,0.057373
0.021515,-0.0067139,0.064697
0.024261,-0.005188,0.061035
0.029449,-0.0032043,0.065918
0.027161,-0.0027466,0.065918
0.026398,-0.0032043,0.063477
0.027161,-0.0042725,0.061035
0.026398,-0.0050354,0.065918
0.024872,-0.0030518,0.063477
0.022125,0.0010681,0.064697
0.018768,0.0054932,0.065918
0.016022,0.0083923,0.059814
0.012512,0.0071716,0.053711
0.014648,0.0054932,0.053711
0.012512,0.00015259,0.040283
0.015411,0.00061035,0.042725
0.016022,0.0022888,0.048828
0.016937,0.005188,0.045166
0.016174,0.0083923,0.046387
0.01358,0.0073242,0.043945
0.018158,0.0041199,0.042725
0.021057,-0.00045776,0.039063
0.022736,-0.0030518,0.041504
0.021973,-0.0033569,0.037842
0.020599,-0.0027466,0.040283
0.019226,-0.0035095,0.039063
0.018768,-0.0068665,1.8347
0.018768,-0.011597,4.7205
0.018616,-0.014648,4.8962
0.018921,-0.016937,4.9109
0.018921,-0.012512,4.9084
0.019073,-0.010071,4.9146
0.018005,-0.010529,4.9121
0.017548,-0.0041199,4.9011
0.01709,-0.0039673,4.9109
0.018005,-0.0022888,4.9158
0.020447,-0.0042725,4.9194
0.023651,-0.0064087,4.917
0.02594,-0.010529,4.9158
0.028381,-0.015717,4.9243
0.029602,-0.017853,4.9255
0.031128,-0.015869,4.928
0.030975,-0.015411,4.9255
0.030823,-0.01236,4.9329
0.030823,-0.011597,4.9304
0.028534,-0.012207,4.9353
0.028381,-0.016785,4.9426
0.02655,-0.0099182,4.9329
0.024414,-0.0071716,4.9231
0.022278,-0.0065613,4.9353
0.023041,-0.0056458,4.9329
0.025177,-0.0073242,4.9341
0.029602,-0.0053406,4.9341
0.031281,-0.010986,4.9353
0.030365,-0.011597,4.9353
0.027008,-0.0099182,4.9304
0.023346,-0.0064087,4.9353
0.020905,-0.0036621,4.9316
0.019073,-0.0019836,4.9365
0.018311,0.0016785,4.9194
0.01709,0.0021362,4.9255
0.015411,0.0028992,4.9207
0.014038,0.00030518,4.9207
0.012665,0.00045776,4.917
0.012054,0.00015259,4.9207
0.013275,-0.00015259,4.9292
0.015564,-0.00061035,4.9158
0.018158,0.00015259,4.9304
0.018463,0.0010681,4.9109
0.018158,0.0024414,4.9121
0.016479,0.0041199,4.9133
0.013733,0.0048828,4.9097
0.011902,0.004425,4.9109
0.012512,0.0024414,4.9097
0.014648,0.00045776,4.8901
0.016632,-0.0024414,4.9109
0.0177,-0.0057983,4.9084
0.021667,-0.0071716,4.9121
0.02243,-0.0088501,4.906
0.021057,-0.009613,4.9146
0.020447,-0.0094604,4.9133
0.019836,-0.011902,4.9146
0.020752,-0.012817,4.917
0.019684,-0.01236,4.9146
0.018463,-0.010376,4.9072
0.016479,-0.0073242,4.9194
0.014191,-0.0050354,4.9219
0.01358,-0.0033569,4.9255
0.015259,-0.004425,4.917
0.019073,-0.0057983,4.9255
0.022125,-0.0068665,4.9353
0.024567,-0.0041199,4.9255
0.025635,-0.0022888,4.9329
0.026093,-0.00015259,4.9292
0.026855,0.0015259,4.9341
0.028839,0.0033569,4.9231
0.031281,0.004425,4.9316
0.033569,0.0053406,4.9304
0.03479,0.0073242,4.9377
0.034027,0.0080872,0.064697
0.034943,0.0094604,0.067139
0.034027,0.0093079,0.078125
0.037384,0.0085449,0.067139
0.03891,0.0036621,0.06958
0.039215,-0.00030518,0.065918
0.038605,-0.0056458,0.043945
0.035248,-0.0091553,0.059814
0.032196,-0.0094604,0.05249
0.028076,-0.009613,0.053711
0.024719,-0.0090027,0.053711
0.023041,-0.009613,0.046387
0.02243,-0.010376,0.048828
0.020599,-0.0093079,0.046387
0.020294,-0.0057983,0.047607
0.016632,-0.0021362,0.043945
0.015259,0.00076294,0.048828
0.013428,0.00045776,0.042725
0.014343,-0.0036621,0.042725
0.015564,-0.0085449,0.047607
0.017853,-0.010681,0.041504
0.019531,-0.011139,0.037842
0.020447,-0.0099182,0.042725
0.021515,-0.0067139,0.028076
0.023346,-0.0057983,0.0354
0.023956,-0.0053406,0.036621
0.026245,-0.0054932,0.039063
0.029449,-0.0080872,0.040283
0.032196,-0.010376,0.036621
0.038147,-0.011749,0.041504
0.036011,-0.012512,0.041504
0.0383,-0.016327,0.045166
0.039063,-0.014496,0.042725
0.041656,-0.014648,0.050049
0.043182,-0.014648,0.05249
0.04303,-0.010834,0.056152
0.039215,-0.0082397,0.054932
0.03418,-0.0059509,0.057373
0.029144,-0.0039673,0.067139
0.025024,-0.0030518,0.065918
0.024109,-0.0019836,0.073242
0.025024,-0.00045776,0.063477
0.024872,-0.00030518,0.050049
0.028076,0.0012207,0.061035
0.025635,0.0021362,0.062256
0.024414,0.005188,0.059814
0.019073,0.0068665,0.062256
0.014191,0.0090027,0.063477
0.0080872,0.013123,0.064697
0.002594,0.021057,0.065918
-0.0030518,0.02655,0.067139
-0.0067139,0.034485,0.062256
-0.0073242,0.042572,0.067139
-0.0048828,0.049133,0.063477
-0.00030518,0.047607,0.061035
0.0068665,0.040436,0.057373
0.014191,0.028534,0.05127
0.022278,0.01709,0.057373
0.028992,0.0085449,0.054932
0.034332,0.0028992,0.057373
0.037994,-0.00076294,0.047607
0.037842,-0.0021362,0.048828
0.036316,0.00061035,0.042725
0.032349,0.0047302,0.048828
0.027924,0.007782,0.042725
0.013428,0.010376,0.042725
0.0013733,0.0071716,0.037842
-0.0088501,-0.00015259,0.041504
-0.016022,-0.0091553,0.039063
-0.01709,-0.022583,0.039063
-0.014954,-0.034943,0.040283
-0.01236,-0.044556,0.041504
-0.013275,-0.052643,0.037842
-0.016022,-0.055389,0.039063
-0.019684,-0.050201,0.05127
-0.020905,-0.0383,0.039063
-0.019836,-0.020447,0.043945
-0.015106,-0.0027466,2.8833
-0.0093079,0.0091553,4.7668
-0.0013733,0.013275,4.8999
0.0071716,0.010071,4.9109
0.017548,0.0036621,4.9146
0.025177,0,4.9207
0.032043,0.00045776,4.9158
0.037079,0.0050354,4.9207
0.041504,0.011749,4.9255
0.042572,0.015869,4.9304
0.041809,0.015106,4.9268
0.037231,0.013428,4.9304
0.031281,0.012665,4.9316
0.02533,0.015869,4.9316
0.020752,0.018921,4.9329
0.018005,0.020905,4.9329
0.016632,0.021057,4.9329
0.015869,0.016632,4.9341
0.014954,0.011597,4.9451
0.012207,0.0099182,4.9329
0.0091553,0.0079346,4.9304
0.0062561,0.0094604,4.9341
0.0032043,0.010529,4.9353
0.0019836,0.010223,4.9329
0.0019836,0.0038147,4.9353
0.0032043,-0.0054932,4.9304
0.0041199,-0.016022,4.9316
0.0022888,-0.023804,4.9255
-0.00061035,-0.029449,4.928
-0.0061035,-0.03479,4.9207
-0.0065613,-0.0383,4.9194
-0.005188,-0.038757,4.9194
0,-0.036316,4.9231
0.0079346,-0.031433,4.928
0.013123,-0.024261,4.9158
0.018463,-0.016632,4.917
0.022278,-0.011292,4.9109
0.028229,-0.007019,4.9023
0.036774,-0.0056458,4.9133
0.045929,-0.0059509,4.9133
0.054474,-0.0047302,4.906
0.059204,-0.0071716,4.9109
0.061493,-0.014038,4.9133
0.057983,-0.016479,4.9084
0.050812,-0.021362,4.906
0.044403,-0.022278,4.9084
0.038147,-0.017853,4.906
0.032959,-0.017548,4.9109
0.029755,-0.011139,4.9109
0.027313,-0.011444,4.9158
0.027008,-0.0093079,4.9121
0.027466,-0.0079346,4.9182
0.032501,-0.0074768,4.9207
0.037537,-0.0056458,4.9133
0.037384,-0.0015259,4.9292
0.040436,0.002594,4.9268
0.036774,0.0064087,4.9048
0.029144,0.011597,4.928
0.021667,0.019073,4.9243
0.013733,0.025635,4.9329
0.0091553,0.031281,4.9292
0.0064087,0.034637,4.928
0.0059509,0.032349,4.9353
0.005188,0.029602,4.928
0.0054932,0.026398,4.9329
0.012665,0.022888,4.9304
0.014343,0.021362,4.9353
0.015717,0.018311,4.9329
0.016022,0.013733,4.9365
0.015869,0.0082397,4.9475
0.016632,0.0018311,4.939
0.019073,-0.0022888,4.9329
0.022888,-0.0050354,4.9377
0.027618,-0.0027466,4.9219
0.032501,-0.0015259,0.057373
0.036469,-0.0012207,0.054932
0.038605,-0.0015259,0.053711
0.037994,-0.0067139,0.05127
0.036011,-0.0099182,0.05127
0.029602,-0.013123,0.048828
0.023193,-0.01236,0.047607
0.014801,-0.0091553,0.048828
0.0068665,-0.005188,0.041504
0.00015259,-0.00015259,0.048828
-0.002594,0.0013733,0.043945
-0.0039673,0.0032043,0.045166
0.0013733,0.0059509,0.040283
0.0065613,0.0086975,0.040283
0.012665,0.013123,0.047607
0.019379,0.014496,0.042725
0.024261,0.014954,0.047607
0.027466,0.01297,0.039063
0.027924,0.0097656,0.028076
0.027924,0.0091553,0.041504
0.026855,0.011444,0.037842
0.024719,0.018311,0.041504
0.023956,0.027924,0.040283
0.024414,0.0354,0.040283
0.025177,0.040131,0.045166
0.027313,0.042114,0.042725
0.028534,0.040894,0.05127
0.030212,0.035858,0.048828
0.030518,0.032196,0.056152
0.028839,0.026855,0.063477
0.026398,0.02182,0.061035
0.023041,0.015106,0.067139
0.01709,0.0076294,0.05249
0.011444,0.00030518,0.064697
0.0067139,-0.0036621,0.061035
0.0028992,-0.0054932,0.058594
0.00061035,-0.0039673,0.061035
-0.00061035,-0.0033569,0.059814
-0.00076294,-0.0041199,0.059814
-0.00091553,-0.0090027,0.059814
-0.00076294,-0.017395,0.061035
0.0030518,-0.025635,0.065918
0.0059509,-0.032501,0.062256
0.0094604,-0.036774,0.064697
0.011292,-0.037079,0.059814
0.013275,-0.036926,0.065918
0.013123,-0.034637,0.065918
0.012665,-0.033264,0.062256
0.012512,-0.031128,0.057373
0.012207,-0.028229,0.056152
0.013885,-0.023651,0.067139
0.017395,-0.018005,0.053711
0.022125,-0.012512,0.058594
0.029144,-0.0074768,0.05127
0.036316,-0.0045776,0.040283
0.04364,-0.0048828,0.045166
0.050201,-0.0045776,0.05127
0.053253,-0.0019836,0.045166
0.054626,0.0048828,0.045166
0.053711,0.013733,0.039063
0.052795,0.020294,0.042725
0.050964,0.02655,0.040283
0.047913,0.027008,0.041504
0.045319,0.022583,0.037842
0.042419,0.015564,0.041504
0.040436,0.010223,0.040283
0.040131,0.007019,0.040283
0.038757,0.0085449,0.047607
0.035553,0.013123,0.039063
0.03006,0.0177,0.040283
0.023346,0.020447,0.042725
0.019684,0.020294,0.032959
0.016632,0.018463,0.043945
0.017395,0.0177,0.042725
0.019836,0.018005,0.047607
0.023956,0.017853,0.050049
0.026855,0.014954,0.047607
0.028992,0.010376,4.574
0.029755,0.0028992,4.8975
0.028534,-0.002594,4.9255
0.025635,-0.0097656,4.9231
0.02243,-0.012512,4.9316
0.018158,-0.011597,4.9292
0.01236,-0.0091553,4.9316
0.007019,-0.0091553,4.9304
0.0033569,-0.010376,4.9255
0.0015259,-0.015717,4.9377
0.005188,-0.016479,4.9353
0.0080872,-0.015411,4.9402
0.014648,-0.014038,4.9341
0.019989,-0.010834,4.9231
0.02655,-0.010071,4.9353
0.031433,-0.007782,4.9329
0.034027,-0.0065613,4.9341
0.033875,-0.004425,4.9353
0.032806,-0.00091553,4.9316
0.030518,0.0013733,4.9243
0.028534,0.0036621,4.9268
0.026245,0.0028992,4.9292
0.023804,0.0013733,4.9182
0.023499,-0.00061035,4.9207
0.023956,-0.002594,4.9194
0.024719,-0.0054932,4.9243
0.02594,-0.0032043,4.917
0.026245,-0.0028992,4.9207
0.026245,-0.0021362,4.917
0.024261,-0.00045776,4.9146
0.02121,0.00061035,4.9182
0.017548,0.0032043,4.9109
0.014191,0.0064087,4.906
0.0088501,0.010376,4.9097
0.0059509,0.013123,4.9097
0.0035095,0.013885,4.9133
0.0036621,0.014496,4.9097
0.0054932,0.013123,4.906
0.0083923,0.0091553,4.9121
0.012665,0.0062561,4.906
0.014496,0.00030518,4.9109
0.020447,-0.0068665,4.9109
0.024261,-0.0099182,4.9146
0.026093,-0.013123,4.9133
0.029144,-0.013275,4.9182
0.031586,-0.011597,4.9329
0.033569,-0.0094604,4.9194
0.0354,-0.0067139,4.9255
0.031586,-0.0062561,4.928
0.030518,-0.0062561,4.9121
0.028076,-0.0039673,4.9268
0.027466,-0.00076294,4.9353
0.027466,0.00091553,4.9316
0.026703,0.0022888,4.9304
0.027313,0.0010681,4.9255
0.027008,0.0039673,4.9329
0.027771,0.0048828,4.9268
0.028229,0.0036621,4.9341
0.029907,0.0024414,4.9292
0.030365,0.0035095,4.9353
0.03067,0.0033569,4.9329
0.030975,0.0035095,4.9353
0.027771,0.0021362,4.9451
0.027008,0.00091553,4.9402
0.023651,-0.00091553,4.9365
0.019531,-0.0016785,4.9329
0.016022,0.00061035,4.9414
0.01297,0.0047302,4.9304
0.010834,0.0093079,4.9133
0.011444,0.016174,4.9231
0.01236,0.01709,4.9231
0.014343,0.018921,4.9182
0.016022,0.017548,4.9255
0.018005,0.014801,0.056152
0.018463,0.010376,0.05127
0.019379,0.0059509,0.042725
0.018616,0.002594,0.046387
0.018005,-0.00076294,0.040283
0.016327,-0.0035095,0.043945
0.010834,-0.0053406,0.041504
0.010681,-0.0091553,0.042725
0.0099182,-0.01236,0.05127
0.0097656,-0.014343,0.041504
0.013275,-0.015717,0.050049
0.016937,-0.014496,0.037842
0.022278,-0.011292,0.030518
0.026245,-0.0094604,0.039063
0.03006,-0.010223,0.039063
0.033417,-0.014191,0.039063
0.0354,-0.018005,0.042725
0.036774,-0.019836,0.040283
0.037079,-0.017548,0.046387
0.035706,-0.012207,0.045166
0.034943,-0.0067139,0.05249
0.032959,-0.0042725,0.047607
0.032959,-0.0027466,0.05249
0.032959,-0.0032043,0.058594
0.033875,-0.0047302,0.059814
0.033875,-0.005188,0.061035
0.032196,-0.0057983,0.061035
0.031738,-0.005188,0.062256
0.029297,-0.0048828,0.062256
0.026855,-0.0056458,0.072021
0.024567,-0.0048828,0.061035
0.023956,-0.0035095,0.056152
0.022736,-0.00045776,0.056152
0.022278,0.0035095,0.062256
0.022583,0.007782,0.062256
0.024567,0.010681,0.063477
0.026398,0.012817,0.061035
0.031433,0.013733,0.070801
0.034027,0.015564,0.065918
0.035553,0.015411,0.065918
0.036316,0.014038,0.063477
0.036621,0.011139,0.062256
0.035706,0.0067139,0.054932
0.033722,0.00030518,0.057373
0.030823,-0.0015259,0.06958
0.028229,-0.0041199,0.05249
0.025024,-0.0059509,0.048828
0.022583,-0.0079346,0.046387
0.020905,-0.0086975,0.029297
0.021362,-0.0090027,0.043945
0.02121,-0.0086975,0.045166
0.019989,-0.0079346,0.042725
0.018463,-0.0071716,0.043945
0.016327,-0.0062561,0.037842
0.014954,-0.0062561,0.041504
0.012817,-0.0065613,0.039063
0.012054,-0.0067139,0.041504
0.011597,-0.0064087,0.039063
0.010834,-0.0050354,0.042725
0.010376,-0.0015259,0.041504
0.011292,0.0028992,0.040283
0.012512,0.0068665,0.039063
0.012817,0.0080872,0.040283
0.015564,0.0076294,0.042725
0.014648,0.0062561,0.041504
0.011292,0.0036621,0.047607
0.0086975,0.00091553,0.040283
0.0059509,-0.00045776,0.037842
0.0036621,-0.0021362,0.048828
0.0038147,-0.0033569,0.050049
0.004425,-0.0033569,0.05127
0.0088501,-0.002594,0.054932
0.011749,-0.0022888,0.053711
0.014648,-0.00061035,0.061035
0.017853,0.0016785,0.056152
0.02121,0.0016785,0.062256
0.024109,0.0015259,0.058594
0.026398,-0.00061035,3.7732
0.026093,-0.0024414,4.856
0.024414,-0.0039673,4.9146
0.022278,-0.0065613,4.9365
0.020294,-0.0088501,4.9341
0.017853,-0.0090027,4.9329
0.018005,-0.0080872,4.9329
0.017395,-0.0068665,4.9365
0.018311,-0.0047302,4.9353
0.018311,-0.0033569,4.9341
0.019226,-0.0028992,4.9304
0.020752,-0.0039673,4.9329
0.022583,-0.0036621,4.928
0.02533,-0.0022888,4.9292
0.027466,0.00091553,4.9219
0.028687,0.0035095,4.9231
0.028992,0.0053406,4.9207
0.03067,0.0053406,4.9231
0.031586,0.0042725,4.917
0.032806,0.0015259,4.9207
0.032806,0.00015259,4.9158
0.032349,-0.00091553,4.9194
0.030518,-0.0018311,4.9243
0.028839,-0.0057983,4.9158
0.024872,-0.0083923,4.9207
0.025024,-0.010376,4.9109
0.02182,-0.015259,4.9011
0.019531,-0.01709,4.9097
0.017395,-0.017853,4.9072
0.015259,-0.017548,4.9084
0.013885,-0.014343,4.9097
0.014343,-0.010681,4.906
0.015259,-0.0076294,4.9072
0.016632,-0.0048828,4.906
0.018158,-0.0050354,4.9121
0.020599,-0.0039673,4.9097
0.023193,-0.0042725,4.9158
0.026398,-0.0059509,4.9146
0.025787,-0.011597,4.9194
0.027161,-0.011597,4.9316
0.026245,-0.012512,4.9219
0.024414,-0.012817,4.9182
0.02243,-0.011139,4.928
0.020752,-0.0090027,4.9243
0.019226,-0.0059509,4.9268
0.016937,-0.0064087,4.9438
0.014954,-0.0035095,4.9304
0.014648,0.00045776,4.9316
0.015259,0.0053406,4.928
0.016937,0.010376,4.9304
0.019379,0.014954,4.928
0.020294,0.016174,4.9341
0.020599,0.0177,4.9304
0.020447,0.016785,4.9365
0.019836,0.014496,4.9341
0.020752,0.012512,4.9353
0.020905,0.010071,4.9353
0.020447,0.0076294,4.9377
0.020142,0.0057983,4.9426
0.019073,0.0015259,4.9365
0.018616,-0.0016785,4.9402
0.017853,-0.004425,4.9268
0.015717,-0.0076294,4.9109
0.013733,-0.010223,4.9268
0.010834,-0.01236,4.9194
0.0093079,-0.017242,4.9207
0.0062561,-0.019531,4.9219
0.0041199,-0.020905,4.9182
0.0021362,-0.019684,4.9194
0.0012207,-0.018005,4.9146
0.0010681,-0.014801,4.917
0.0021362,-0.011139,4.9072
0.0053406,-0.007019,4.9036
0.0079346,-0.0018311,0.040283
0.014496,0.0086975,0.042725
0.022278,0.012665,0.041504
0.029297,0.019379,0.041504
0.035706,0.023956,0.040283
0.041962,0.025024,0.037842
0.042114,0.023346,0.036621
0.048065,0.020294,0.036621
0.049896,0.018463,0.0354
0.050812,0.016937,0.0354
0.051727,0.016022,0.041504
0.050659,0.01358,0.041504
0.046997,0.01297,0.043945
0.042877,0.0061035,0.045166
0.037689,0.0032043,0.05249
0.031586,0.0018311,0.046387
0.027313,0.0035095,0.053711
0.018158,0.0083923,0.054932
0.01297,0.012817,0.057373
0.0083923,0.015564,0.056152
0.0038147,0.016937,0.05249
0.0035095,0.014191,0.067139
0.0041199,0.0083923,0.062256
0.005188,0.0050354,0.072021
0.0047302,0.0024414,0.062256
0.0062561,-0.0016785,0.045166
0.0054932,-0.0050354,0.059814
0.0056458,-0.010681,0.064697
0.0047302,-0.011139,0.063477
0.0038147,-0.011902,0.064697
0.0021362,-0.012207,0.062256
0.0012207,-0.0091553,0.062256
0.00045776,-0.0057983,0.063477
0.0053406,-0.0036621,0.065918
0.011139,-0.0022888,0.061035
0.018158,-0.0030518,0.063477
0.025024,-0.0033569,0.057373
0.029907,-0.0045776,0.057373
0.03479,-0.0050354,0.062256
0.037689,-0.005188,0.053711
0.041351,-0.0050354,0.05127
0.04425,-0.0053406,0.047607
0.04364,-0.0042725,0.045166
0.045929,-0.007019,0.043945
0.039215,-0.007782,0.046387
0.036011,-0.011292,0.043945
0.032501,-0.011902,0.041504
0.031433,-0.013885,0.037842
0.030975,-0.014191,0.041504
0.031586,-0.014954,0.037842
0.032806,-0.019226,0.039063
0.032959,-0.011139,0.039063
0.032349,-0.0093079,0.040283
0.034332,-0.0071716,0.039063
0.035858,-0.0054932,0.040283
0.037384,-0.0041199,0.039063
0.037231,-0.002594,0.040283
0.034943,0.0016785,0.043945
0.031433,0.0045776,0.043945
0.027161,0.0097656,0.054932
0.021362,0.012512,0.041504
0.024261,0.014496,0.0354
0.025482,0.015717,0.047607
0.027618,0.016937,0.047607
0.029297,0.018158,0.047607
0.031128,0.019684,0.054932
0.031891,0.018616,0.053711
0.032043,0.015717,0.061035
0.032806,0.011444,0.057373
0.033722,0.0085449,0.064697
0.034027,0.0064087,0.058594
0.033264,0.0053406,0.061035
0.032043,0.0059509,0.065918
0.03006,0.0054932,0.062256
0.028381,0.0048828,0.067139
0.026245,0.0022888,0.063477
0.02655,-0.00061035,0.061035
0.025177,-0.0012207,1.3135
0.024567,-0.0012207,4.7327
0.022888,-0.002594,4.9194
0.02121,-0.0042725,4.9182
0.017853,-0.0061035,4.9304
0.013885,-0.007782,4.9304
0.011902,-0.007782,4.9304
0.0099182,-0.0056458,4.9292
0.010071,-0.0016785,4.9243
0.0091553,0.00030518,4.9255
0.0094604,0.0016785,4.9194
0.010223,0.00061035,4.9231
0.0094604,0.00030518,4.9219
0.011444,0.00076294,4.9231
0.014191,0.0022888,4.9146
0.017548,0.0057983,4.9207
0.021667,0.0074768,4.9255
0.023804,0.0079346,4.9158
0.026703,0.007782,4.9194
0.028992,0.0061035,4.9182
0.029907,0.005188,4.8926
0.033569,0.0054932,4.9097
0.035553,0.0073242,4.9121
0.038147,0.0090027,4.8914
0.039215,0.011292,4.9084
0.038147,0.013123,4.9048
0.036316,0.014496,4.9121
0.033569,0.012207,4.9072
0.031128,0.0093079,4.9084
0.028381,0.0042725,4.9084
0.024414,-0.00076294,4.9121
0.022125,-0.0036621,4.9109
0.019989,-0.0056458,4.9158
0.017853,-0.0061035,4.8975
0.014648,-0.0071716,4.9207
0.012054,-0.010223,4.9182
0.010834,-0.012665,4.9255
0.010529,-0.013733,4.9329
0.011139,-0.013123,4.9268
0.011749,-0.010834,4.9158
0.011749,-0.010529,4.9304
0.011139,-0.010529,4.928
0.011444,-0.01358,4.928
0.012054,-0.017853,4.9304
0.014038,-0.020905,4.9292
0.017548,-0.02243,4.9316
0.021057,-0.020599,4.9316
0.023193,-0.016174,4.9353
0.02594,-0.010529,4.9292
0.028076,-0.0067139,4.939
0.028992,-0.004425,4.9365
0.034027,-0.002594,4.9377
0.037689,0.00030518,4.9451
0.040436,0.0036621,4.9365
0.043488,0.0071716,4.9329
0.045013,0.013275,4.9341
0.044403,0.016327,4.9243
0.044708,0.0177,4.9268
0.042114,0.016937,4.9231
0.041504,0.016174,4.9207
0.040436,0.016327,4.9219
0.037384,0.015717,4.9207
0.035095,0.016022,4.9207
0.031281,0.014954,4.9146
0.027771,0.011902,4.9194
0.024872,0.010681,4.9109
0.023193,0.0090027,4.917
0.022583,0.0082397,4.9158
0.020142,0.0085449,4.9158
0.016632,0.0090027,4.9097
0.017548,0.0088501,4.9121
0.015564,0.010071,4.9207
0.014954,0.0028992,4.9121
0.013275,-0.0012207,0.048828
0.012512,-0.0038147,0.040283
0.010986,-0.0045776,0.029297
0.0093079,-0.0047302,0.0354
0.0090027,-0.0039673,0.039063
0.0062561,-0.004425,0.040283
0.005188,-0.0073242,0.042725
0.0032043,-0.007782,0.041504
0.0033569,-0.0097656,0.047607
0.0039673,-0.0086975,0.047607
0.0047302,-0.0059509,0.046387
0.0047302,-0.0033569,0.05249
0.0056458,-0.0019836,0.057373
0.0071716,-0.0033569,0.059814
0.009613,-0.0045776,0.061035
0.015717,-0.0054932,0.075684
0.021057,-0.0033569,0.063477
0.02594,0.0013733,0.063477
0.028381,0.0062561,0.064697
0.031738,0.0083923,0.05249
0.030975,0.009613,0.05249
0.032043,0.0076294,0.059814
0.032959,0.0015259,0.062256
0.033722,-0.0019836,0.062256
0.034485,-0.0038147,0.062256
0.034332,-0.0024414,0.067139
0.032654,-0.0028992,0.065918
0.030212,0.00045776,0.065918
0.028839,0.0039673,0.058594
0.027924,0.0033569,0.064697
0.024719,0.0022888,0.058594
0.02243,0.0039673,0.059814
0.020447,0.0050354,0.058594
0.015259,0.0080872,0.053711
0.014038,0.011139,0.057373
0.013123,0.013885,0.050049
0.012665,0.0099182,0.061035
0.013885,0.007782,0.046387
0.016022,0.0036621,0.031738
0.018005,0.0015259,0.045166
0.018616,0.0012207,0.042725
0.019073,0.00076294,0.039063
0.016785,0.0028992,0.040283
0.016632,0.0022888,0.037842
0.018158,0.0013733,0.040283
0.018921,0.00076294,0.036621
0.02121,0.00015259,0.040283
0.023346,0.0015259,0.037842
0.024261,0.0028992,0.040283
0.023804,0.0030518,0.040283
0.022278,0.0022888,0.042725
0.023041,0.0032043,0.047607
0.023956,0.0010681,0.040283
0.024719,0.0019836,0.048828
0.023956,0.0035095,0.041504
0.023193,0.0048828,0.0354
0.021057,0.0048828,0.047607
0.015106,0.0038147,0.047607
0.013428,0.0016785,0.05127
0.01358,-0.00015259,0.054932
0.015869,-0.0013733,0.054932
0.017548,-0.0010681,0.057373
0.018463,-0.00015259,0.056152
0.018005,-0.00061035,0.063477
0.016022,-0.0015259,0.061035
0.014648,-0.0021362,0.062256
0.016174,-0.0012207,0.063477
0.018005,-0.0010681,0.064697
0.018768,0.0013733,0.061035
0.018463,0.0064087,0.063477
0.017395,0.0061035,0.070801
0.015411,0.0068665,0.065918
0.016022,0.0059509,0.072021
0.018921,0.0080872,0.065918
0.022736,0.0090027,0.053711
0.025635,0.010834,0.062256
0.028534,0.010529,0.062256
0.030365,0.010071,0.062256
0.028839,0.0062561,4.2505
0.027924,0.0053406,4.8718
0.028534,0.0028992,4.9194
0.029449,0.0015259,4.917
0.030518,0.00045776,4.9207
0.030518,-0.00091553,4.9158
0.029297,-0.0024414,4.9207
0.027924,-0.0047302,4.9158
0.02594,-0.0064087,4.9194
0.024414,-0.0074768,4.9219
0.027618,-0.0080872,4.9133
0.027771,-0.0099182,4.9121
0.03067,-0.0065613,4.9109
0.031738,-0.0056458,4.8987
0.032959,-0.0030518,4.9084
0.033112,-0.0035095,4.9084
0.036316,-0.0035095,4.9133
0.036163,-0.0030518,4.9072
0.037384,-0.002594,4.906
0.037689,-0.0027466,4.9084
0.036469,-0.0021362,4.906
0.033722,0.00045776,4.9121
0.031281,-0.0013733,4.9048
0.029144,-0.0013733,4.917
0.027771,-0.0012207,4.9121
0.027771,-0.0012207,4.917
0.028534,-0.0010681,4.9158
0.029297,-0.0010681,4.9219
0.03067,0.00061035,4.9268
0.031433,0.0016785,4.9255
0.031128,0.0039673,4.9365
0.030365,0.0054932,4.9268
0.029755,0.0061035,4.9182
0.029297,0.0050354,4.9329
0.029144,0.0035095,4.9304
0.028992,0.0019836,4.928
0.028381,0.0013733,4.9304
0.027466,0.0010681,4.9292
0.025787,0.00030518,4.9341
0.026398,-0.00030518,4.9316
0.027313,-0.0019836,4.9353
0.028839,-0.0039673,4.9329
0.027618,-0.0062561,4.9353
0.02655,-0.0074768,4.9365
0.023193,-0.0067139,4.9365
0.018768,-0.0067139,4.9426
0.015564,-0.0056458,4.9353
0.014496,-0.004425,4.9316
0.016327,-0.0047302,4.9304
0.017853,-0.0061035,4.9268
0.019379,-0.0064087,4.9219
0.020599,-0.0039673,4.9207
0.019226,-0.0033569,4.9182
0.018463,-0.0033569,4.9194
0.019226,-0.0042725,4.917
0.021515,-0.0065613,4.9182
0.022888,-0.0079346,4.9097
0.023804,-0.0082397,4.917
0.022278,-0.0048828,4.9097
0.020447,-0.0032043,4.9133
0.018616,-0.002594,4.9109
0.020599,-0.0041199,4.9243
0.023651,-0.0038147,4.906
0.027313,-0.0032043,4.9146
0.029602,-0.00015259,4.9219
0.029449,0.0035095,4.9121
0.029144,0.0071716,4.9158
0.028229,0.007782,4.9133
0.029297,0.0071716,4.8962
0.032043,0.0045776,4.9097
0.033569,0.00030518,4.9097
0.034332,-0.0035095,4.9109
0.031433,-0.007019,0.043945
0.029144,-0.010071,0.042725
0.027618,-0.011139,0.036621
0.027313,-0.011292,0.047607
0.028381,-0.0083923,0.053711
0.028229,-0.0062561,0.05127
0.025787,-0.0056458,0.062256
0.023193,-0.0062561,0.061035
0.019836,-0.0068665,0.053711
0.0177,-0.0097656,0.073242
0.017853,-0.0093079,0.061035
0.019531,-0.0080872,0.059814
0.02182,-0.0079346,0.063477
0.024261,-0.0082397,0.065918
0.02594,-0.0054932,0.062256
0.026245,-0.0036621,0.046387
0.026245,-0.0010681,0.062256
0.027008,0.0015259,0.063477
0.028992,0.0042725,0.062256
0.032196,0.005188,0.065918
0.03418,0.0064087,0.063477
0.036469,0.0059509,0.06958
0.035858,0.0042725,0.061035
0.035095,0.0041199,0.063477
0.032806,0.0039673,0.057373
0.029907,0.0032043,0.057373
0.028229,0.002594,0.05249
0.025787,0.0019836,0.056152
0.027771,0.00091553,0.061035
0.021973,0.0022888,0.05127
0.018158,0.0030518,0.057373
0.01709,0.0067139,0.047607
0.0177,0.0079346,0.037842
0.019073,0.0079346,0.050049
0.022888,0.0057983,0.043945
0.023956,0.0022888,0.037842
0.02533,-0.0010681,0.042725
0.024719,-0.0028992,0.039063
0.023193,-0.0022888,0.040283
0.02182,-0.00030518,0.037842
0.019073,-0.00030518,0.042725
0.016785,0,0.036621
0.014496,-0.0013733,0.043945
0.01297,-0.0038147,0.041504
0.011597,-0.0038147,0.041504
0.009613,-0.0030518,0.036621
0.0079346,-0.0018311,0.041504
0.007019,-0.00091553,0.041504
0.0062561,0,0.042725
0.0085449,0.0015259,0.047607
0.010834,0.00091553,0.037842
0.012665,0.0013733,0.05127
0.014038,0.0065613,0.05127
0.012512,0.0068665,0.054932
0.0097656,0.0082397,0.056152
0.0074768,0.0099182,0.058594
0.0080872,0.010223,0.058594
0.010529,0.009613,0.065918
0.014038,0.0093079,0.061035
0.01709,0.0088501,0.062256
0.018463,0.010376,0.061035
0.018921,0.01236,0.064697
0.018311,0.013733,0.059814
0.01709,0.015869,0.061035
0.0177,0.014648,0.074463
0.017853,0.011902,0.063477
0.017853,0.0094604,0.067139
0.015564,0.005188,0.068359
0.01236,0.0073242,0.045166
0.0093079,0.0079346,0.059814
0.0074768,0.010071,0.062256
0.0080872,0.012054,0.059814
0.010681,0.01297,0.054932
0.01358,0.014038,0.05249
0.015717,0.013733,0.045166
0.015564,0.013123,0.048828
0.014801,0.013885,0.05127
0.014038,0.014343,0.043945
0.014343,0.014801,3.9063
0.015869,0.013885,4.8523
0.016479,0.011902,4.9133
0.016327,0.0099182,4.9146
0.016174,0.0079346,4.9158
0.01236,0.0056458,4.9158
0.0097656,0.0067139,4.9121
0.0099182,0.0088501,4.9146
0.011444,0.0097656,4.906
0.013428,0.0090027,4.9048
0.015259,0.0088501,4.9109
0.014954,0.0071716,4.9084
0.013733,0.0061035,4.9072
0.012207,0.0064087,4.9109
0.011749,0.0065613,4.9084
0.013428,0.0065613,4.9109
0.015106,0.0067139,4.8975
0.015717,0.0067139,4.9146
0.016632,0.0057983,4.9133
0.015717,0.0042725,4.9158
0.015106,0.0028992,4.917
0.014343,0.0028992,4.9231
0.014801,0.0032043,4.9243
0.016327,0.0024414,4.9243
0.01709,-0.00076294,4.9304
0.017548,-0.0012207,4.9292
0.017242,-0.0027466,4.928
0.018921,-0.0028992,4.9304
0.019226,-0.0010681,4.9268
0.019531,0.00076294,4.9304
0.021057,0.0010681,4.9304
0.021667,0.00015259,4.9304
0.02594,-0.0035095,4.9316
0.026398,-0.0053406,4.9292
0.025482,-0.0094604,4.9353
0.024872,-0.0065613,4.9316
0.023651,-0.0042725,4.9353
0.023956,-0.0016785,4.9377
0.02533,-0.00076294,4.9353
0.025482,-0.0015259,4.9329
0.02594,-0.0032043,4.9365
0.024109,-0.0041199,4.939
0.022736,-0.0035095,4.928
0.022278,-0.0018311,4.9353
0.02243,-0.00015259,4.917
0.024414,0.0015259,4.9072
0.026245,0.0018311,4.9146
0.028076,-0.00076294,4.9231
0.029602,-0.0032043,4.9158
0.028076,-0.005188,4.9182
0.027313,-0.0062561,4.9121
0.027771,-0.0053406,4.9158
0.028229,-0.0038147,4.9097
0.031586,-0.0024414,4.9146
0.029755,-0.0024414,4.9097
0.028534,-0.004425,4.9158
0.027313,-0.0065613,4.9109
0.027618,-0.0071716,4.9121
0.028992,-0.0053406,4.9268
0.032043,-0.0018311,4.9133
0.033417,0.0022888,4.9109
0.033569,0.0033569,4.9097
0.031891,0.0048828,4.8938
0.030975,0.002594,4.9048
0.029755,-0.00030518,4.9158
0.028839,-0.00091553,4.9121
0.029297,-0.00061035,4.9146
0.029755,0.0022888,4.9121
0.029907,0.0047302,4.9207
0.028992,0.004425,4.9194
0.028687,0.0047302,4.9231
0.029144,0.0033569,4.9207
0.03006,0.0035095,0.062256
0.031738,0.0042725,0.057373
0.032959,0.0038147,0.061035
0.03418,0.0050354,0.064697
0.031738,0.0033569,0.064697
0.032501,0.00091553,0.064697
0.031738,-0.00045776,0.062256
0.031281,-0.00076294,0.063477
0.029297,0.0012207,0.059814
0.028992,0.0030518,0.05249
0.029144,0.0041199,0.063477
0.029449,0.0039673,0.065918
0.029907,0.0027466,0.063477
0.027008,0.0010681,0.06958
0.029144,-0.00045776,0.062256
0.028992,-0.00045776,0.065918
0.029144,0.0015259,0.062256
0.027771,0.0039673,0.062256
0.026703,0.0047302,0.05127
0.02243,0.00091553,0.057373
0.020752,-0.0027466,0.057373
0.019379,-0.007019,0.053711
0.019226,-0.0090027,0.054932
0.020599,-0.0071716,0.048828
0.023193,-0.0041199,0.047607
0.025787,0.00091553,0.043945
0.028839,0.0041199,0.039063
0.028687,0.005188,0.042725
0.03067,0.0048828,0.039063
0.030212,0.0035095,0.037842
0.03067,0.0036621,0.042725
0.030365,0.005188,0.040283
0.030823,0.007019,0.037842
0.029297,0.0080872,0.039063
0.030975,0.0056458,0.039063
0.030518,0.005188,0.036621
0.029449,0.0027466,0.040283
0.027008,0.0010681,0.040283
0.024719,0.0012207,0.040283
0.022888,0.0016785,0.031738
0.021362,0.0039673,0.040283
0.021515,0.0032043,0.050049
0.02121,0.0010681,0.043945
0.021057,-0.0016785,0.057373
0.022583,-0.0047302,0.048828
0.024872,-0.007019,0.036621
0.025482,-0.0088501,0.053711
0.02533,-0.0062561,0.053711
0.023804,-0.0050354,0.057373
0.021515,-0.0042725,0.058594
0.019531,-0.0036621,0.057373
0.019073,-0.0039673,0.062256
0.020599,-0.0012207,0.059814
0.022125,-0.0016785,0.062256
0.024261,0,0.059814
0.024872,0.0028992,0.063477
0.029144,0.0045776,0.063477
0.032349,0.0056458,0.063477
0.035095,0.0064087,0.075684
0.037384,0.0068665,0.067139
0.037842,0.0083923,0.065918
0.037384,0.0093079,0.064697
0.035858,0.011902,0.06958
0.034027,0.010223,0.062256
0.031586,0.010681,0.061035
0.028992,0.0093079,0.058594
0.024567,0.0090027,0.053711
0.019531,0.0079346,0.05249
0.014496,0.007019,0.057373
0.011292,0.0054932,0.046387
0.0099182,0.0053406,0.05127
0.010223,0.004425,0.042725
0.011597,0.0032043,0.043945
0.014343,0.002594,0.047607
0.015869,0.00091553,0.046387
0.016327,0.00076294,0.043945
0.015717,-0.00015259,0.041504
0.017853,-0.0012207,0.05249
0.010834,-0.0050354,3.811
0.0065613,-0.0074768,4.8523
0.0019836,-0.0097656,4.9023
0.00030518,-0.010376,4.895
-0.0013733,-0.0086975,4.9084
0.00015259,-0.0057983,4.9072
0.0015259,-0.00076294,4.9072
0.0030518,-0.0013733,4.9084
0.0062561,0.0022888,4.9072
0.010681,0.0056458,4.9084
0.015259,0.0080872,4.9084
0.018616,0.009613,4.9158
0.020447,0.0083923,4.9121
0.017395,0.0050354,4.917
0.01709,0.0015259,4.9194
0.015259,-0.0013733,4.9121
0.013733,-0.0018311,4.917
0.01297,-0.0019836,4.9268
0.011902,-0.0022888,4.9243
0.010681,-0.0013733,4.9316
0.0091553,-0.00076294,4.9377
0.0067139,0.00076294,4.9353
0.0086975,0.0022888,4.9182
0.010986,0.0030518,4.9292
0.014343,0.0036621,4.9316
0.017242,0.0039673,4.9316
0.02182,0.0045776,4.9255
0.019226,0.005188,4.9292
0.018158,0.0097656,4.9329
0.018921,0.0085449,4.9353
0.019379,0.0094604,4.9353
0.020447,0.0097656,4.9353
0.02121,0.0086975,4.9402
0.020905,0.007782,4.9304
0.020599,0.0090027,4.9365
0.020142,0.010681,4.9426
0.018005,0.010986,4.9207
0.018005,0.011139,4.9268
0.018463,0.011139,4.9268
0.020599,0.010376,4.9048
0.02182,0.0090027,4.9194
0.023041,0.0080872,4.9194
0.022125,0.0085449,4.9194
0.020752,0.0091553,4.9194
0.018616,0.010223,4.9146
0.018311,0.010986,4.9158
0.01709,0.010223,4.9121
0.014648,0.0082397,4.9182
0.01358,0.0067139,4.906
0.010071,0.0059509,4.9146
0.007019,0.0068665,4.9121
0.005188,0.0045776,4.9133
0.0033569,0.0038147,4.9109
0.0038147,0.0022888,4.9146
0.0028992,0.00045776,4.9121
0.0016785,0.00061035,4.9109
0.00061035,0.0012207,4.9158
0.00045776,0.0033569,4.9072
0.00091553,0.0054932,4.9072
0.002594,0.0059509,4.9133
0.005188,0.005188,4.9133
0.0083923,0.0036621,4.9121
0.010834,0.0041199,4.9182
0.013885,0.0041199,4.9207
0.016937,0.0041199,4.9231
0.018768,0.0024414,4.9219
0.019989,-0.00045776,4.9304
0.021057,-0.0035095,4.9292
0.022278,-0.0056458,4.9329
0.022583,-0.0054932,4.928
0.022125,-0.0047302,4.9316
0.023956,-0.0027466,-0.5603
0.026245,-0.0015259,0.064697
0.027008,-0.0019836,0.065918
0.028381,-0.0015259,0.061035
0.028992,-0.0018311,0.057373
0.030365,-0.00076294,0.064697
0.031281,0.00030518,0.063477
0.030823,0.00030518,0.062256
0.030518,-0.00030518,0.058594
0.028687,-0.0028992,0.062256
0.025635,-0.0047302,0.064697
0.023193,-0.0067139,0.061035
0.022125,-0.0088501,0.063477
0.020905,-0.0057983,0.056152
0.019073,-0.0061035,0.057373
0.02243,-0.005188,0.058594
0.024567,-0.0045776,0.054932
0.026245,-0.0057983,0.048828
0.029602,-0.0074768,0.047607
0.031586,-0.0085449,0.05249
0.033264,-0.0094604,0.048828
0.035095,-0.012512,0.056152
0.034943,-0.010681,0.046387
0.033875,-0.010223,0.043945
0.03067,-0.010529,0.037842
0.028381,-0.011749,0.046387
0.027466,-0.011597,0.039063
0.02594,-0.010223,0.037842
0.026703,-0.0091553,0.036621
0.028534,-0.0059509,0.039063
0.028839,-0.0039673,0.037842
0.028992,-0.002594,0.040283
0.029144,-0.0021362,0.040283
0.029297,-0.0027466,0.041504
0.031281,-0.0021362,0.039063
0.030365,-0.0016785,0.040283
0.029907,-0.00045776,0.057373
0.027771,0,0.047607
0.024414,-0.0010681,0.050049
0.022278,-0.0019836,0.047607
0.020752,-0.0035095,0.0354
0.021973,-0.0039673,0.05127
0.022125,-0.0036621,0.05249
0.02243,-0.0036621,0.056152
0.024872,-0.005188,0.058594
0.024567,-0.0062561,0.058594
0.025024,-0.0067139,0.061035
0.02533,-0.0059509,0.061035
0.025635,-0.0054932,0.063477
0.025482,-0.0048828,0.057373
0.024872,-0.0030518,0.058594
0.02533,-0.00061035,0.063477
0.024872,0.00061035,0.064697
0.023346,0.0013733,0.067139
0.022736,0.0016785,0.065918
0.024567,0.00076294,0.068359
0.026398,-0.00030518,0.063477
0.025787,-0.0013733,0.080566
0.025482,-0.002594,0.064697
0.02594,-0.004425,0.057373
0.025024,-0.0056458,0.061035
0.024261,-0.0074768,0.05249
0.022125,-0.0099182,0.05249
0.020905,-0.0097656,0.054932
0.019684,-0.0080872,0.05127
0.018158,-0.0064087,0.048828
0.019379,-0.0024414,0.046387
0.021362,0.0012207,0.050049
0.023651,0.0035095,0.042725
0.02594,0.0041199,0.048828
0.027771,0.005188,0.046387
0.029297,0.0056458,0.042725
0.029907,0.0068665,0.042725
0.029449,0.007782,0.046387
0.029602,0.0088501,0.039063
0.028839,0.0090027,0.036621
0.029755,0.0076294,0.031738
0.028687,0.0071716,0.039063
0.028229,0.0054932,0.039063
0.026398,0.0033569,4.5703
0.026093,-0.00045776,4.884
0.025482,-0.0032043,4.9036
0.026093,-0.0050354,4.9011
0.02655,-0.0041199,4.9072
0.027313,-0.0019836,4.9121
0.024872,0.00030518,4.9109
0.023956,0.00091553,4.9158
0.022125,-0.00015259,4.9133
0.021057,-0.00015259,4.9243
0.021362,0.0010681,4.9207
0.023956,0.0035095,4.9255
0.023041,0.0062561,4.9304
0.024567,0.0080872,4.928
0.027008,0.0071716,4.928
0.027313,0.0061035,4.9353
0.031281,0.0061035,4.9146
0.032196,0.0088501,4.9292
0.033417,0.011902,4.9292
0.032806,0.013123,4.9329
0.03006,0.011292,4.9304
0.027313,0.0064087,4.9304
0.023651,0.0016785,4.9365
0.021362,-0.00030518,4.9329
0.021057,0.0065613,4.9365
0.020905,0.0068665,4.9377
0.02121,0.0099182,4.939
0.021667,0.010834,4.9329
0.022278,0.010223,4.9341
0.022278,0.0086975,4.939
0.022583,0.004425,4.9292
0.023193,0.0097656,4.928
0.023651,0.011902,4.9255
0.022736,0.0099182,4.928
0.018463,0.0091553,4.9207
0.014191,0.0054932,4.9146
0.010529,0.0016785,4.9146
0.007782,-0.00030518,4.9182
0.005188,-0.00091553,4.9133
0.0050354,-0.0019836,4.9133
0.0038147,-0.00045776,4.9121
0.0039673,-0.0016785,4.9109
0.0090027,-0.0015259,4.9097
0.0073242,-0.0012207,4.9133
0.011444,-0.0038147,4.9109
0.01297,-0.0013733,4.9146
0.014954,-0.0022888,4.906
0.015717,-0.00091553,4.9121
0.014496,-0.0015259,4.9194
0.012054,-0.00045776,4.9109
0.012817,-0.00045776,4.9207
0.012512,0.0028992,4.9048
0.012512,0.0056458,4.9048
0.013428,0.0067139,4.9133
0.013885,0.0094604,4.9121
0.015564,0.009613,4.9133
0.014801,0.0090027,4.917
0.014954,0.0074768,4.9255
0.016937,0.0062561,4.9182
0.018311,0.0054932,4.9255
0.018158,0.00030518,4.9292
0.01709,0.0028992,4.928
0.016174,0.0042725,4.9329
0.012054,0.0064087,4.9304
0.0086975,0.007019,4.9353
0.0065613,0.0057983,4.9146
0.0065613,0.005188,4.9329
0.0062561,0.0035095,4.9329
0.0067139,0.0039673,4.9255
0.0083923,0.0061035,4.9426
0.0079346,0.007019,4.9316
0.0079346,0.0088501,0.064697
0.0079346,0.0086975,0.064697
0.0088501,0.0074768,0.067139
0.0073242,0.0073242,0.065918
0.0053406,0.0080872,0.064697
0.0061035,0.0080872,0.059814
0.0041199,0.0097656,0.063477
0.0018311,0.011902,0.056152
-0.00091553,0.011292,0.061035
-0.00091553,0.011139,0.056152
0.00015259,0.0097656,0.056152
0.0015259,0.0048828,0.050049
0.004425,0.0030518,0.05127
0.0056458,0.0032043,0.065918
0.0067139,0.0039673,0.047607
0.0074768,0.0057983,0.05127
0.0082397,0.0047302,0.046387
0.0090027,0.0071716,0.026855
0.0099182,0.0068665,0.036621
0.0079346,0.004425,0.041504
0.0079346,0.0035095,0.041504
0.007019,0.0036621,0.039063
0.0061035,0.004425,0.036621
0.0053406,0.0071716,0.041504
0.0054932,0.0091553,0.037842
0.0080872,0.0091553,0.042725
0.0099182,0.0073242,0.039063
0.012512,0.0048828,0.041504
0.013885,0.0027466,0.037842
0.015259,0.0027466,0.039063
0.015106,0.0047302,0.045166
0.016327,0.0056458,0.043945
0.014496,0.0038147,0.040283
0.015106,-0.00045776,0.047607
0.013428,-0.0073242,0.053711
0.014343,-0.010986,0.05127
0.014648,-0.010529,0.050049
0.016327,-0.007019,0.056152
0.018158,-0.0019836,0.056152
0.019379,0.00045776,0.053711
0.019531,-0.00045776,0.061035
0.023193,-0.0045776,0.059814
0.024719,-0.0091553,0.063477
0.027618,-0.010071,0.059814
0.029602,-0.0090027,0.064697
0.031128,-0.0067139,0.059814
0.031128,-0.0062561,0.063477
0.030975,-0.0071716,0.063477
0.029297,-0.0094604,0.065918
0.030212,-0.0099182,0.074463
0.030823,-0.0097656,0.067139
0.032349,-0.0061035,0.06958
0.033875,-0.0019836,0.067139
0.034027,0.0010681,0.05249
0.033417,0.0013733,0.057373
0.031891,-0.00030518,0.058594
0.031738,-0.0027466,0.05249
0.033417,-0.0050354,0.056152
0.035248,-0.0050354,0.048828
0.035553,-0.0041199,0.050049
0.03418,-0.0028992,0.047607
0.030975,-0.0024414,0.05127
0.02594,-0.0035095,0.040283
0.023804,-0.0033569,0.046387
0.022278,-0.0042725,0.047607
0.022125,-0.0054932,0.046387
0.023346,-0.0062561,0.041504
0.02182,-0.0047302,0.042725
0.023956,-0.0039673,0.046387
0.022736,-0.002594,0.039063
0.02182,-0.00045776,0.045166
0.02182,0,0.042725
0.023499,-0.00015259,0.026855
0.024872,-0.00030518,0.036621
0.026398,-0.00076294,0.040283
0.027466,0.00076294,0.037842
0.028381,0,0.039063
0.028687,-0.00076294,0.039063
0.028076,-0.0018311,3.6023
0.028534,-0.002594,4.8303
0.028076,-0.0013733,4.9084
0.028229,-0.00045776,4.9158
0.026398,0.0010681,4.9194
0.025482,0.0030518,4.9219
0.023956,0.0033569,4.9243
0.023193,0.0027466,4.9402
0.021667,0.0019836,4.9292
0.021515,0.0019836,4.9109
0.021667,0.0018311,4.9316
0.021515,0.0024414,4.9243
0.021973,0.00091553,4.9304
0.021973,-0.0013733,4.928
0.021057,-0.0050354,4.9316
0.019073,-0.0056458,4.928
0.018616,-0.0050354,4.9292
0.018158,-0.0022888,4.9329
0.017853,0.00045776,4.9329
0.01709,0.0032043,4.9365
0.017395,0.0038147,4.9341
0.017242,0.0036621,4.939
0.017853,0.0013733,4.9353
0.019531,0.00030518,4.9329
0.021973,0.0015259,4.9316
0.02243,0.0028992,4.9426
0.024872,0.0039673,4.9353
0.025024,0.0042725,4.9268
0.024414,0.0042725,4.9341
0.023193,0.0027466,4.9194
0.023499,0.0022888,4.9048
0.024414,0.0039673,4.9182
0.026093,0.0076294,4.917
0.026855,0.010376,4.9158
0.028076,0.010223,4.917
0.028534,0.0071716,4.9121
0.027618,0.0015259,4.9158
0.028992,-0.0028992,4.9084
0.029144,-0.0056458,4.9109
0.029602,-0.0061035,4.906
0.028839,-0.0048828,4.9133
0.025482,-0.0036621,4.9133
0.02243,-0.0042725,4.9109
0.019226,-0.0057983,4.9158
0.017395,-0.0088501,4.9109
0.016785,-0.009613,4.9084
0.016937,-0.0086975,4.906
0.017242,-0.0064087,4.9048
0.017395,-0.0033569,4.9146
0.018616,-0.0019836,4.9048
0.020905,-0.0010681,4.9146
0.02243,-0.0013733,4.9182
0.024414,-0.0027466,4.9219
0.025482,-0.0010681,4.9207
0.026855,0,4.9243
0.027924,0.0010681,4.9316
0.028534,0.0054932,4.9255
0.029297,0.005188,4.9329
0.03006,0.0088501,4.928
0.030823,0.010223,4.9353
0.031281,0.011139,4.928
0.03067,0.010529,4.9329
0.032196,0.010223,4.9341
0.032806,0.0099182,4.9329
0.03418,0.0099182,4.9377
0.034027,0.010834,4.9353
0.034943,0.011749,4.9158
0.034485,0.011902,4.9365
0.033264,0.01236,4.9268
0.031281,0.011444,4.9341
0.030365,0.011444,4.9353
0.030212,0.011749,4.9292
0.027924,0.010071,0.062256
0.026093,0.0071716,0.053711
0.02243,0.0053406,0.057373
0.020447,0.0028992,0.05127
0.017242,0.0010681,0.054932
0.013123,-0.00030518,0.050049
0.012207,0.00015259,0.046387
0.010834,0.00030518,0.057373
0.0093079,-0.00030518,0.048828
0.0071716,0,0.043945
0.0061035,-0.0054932,0.047607
0.0068665,-0.007019,0.030518
0.0071716,-0.0062561,0.041504
0.0083923,-0.0033569,0.042725
0.0088501,-0.00091553,0.041504
0.0085449,0.0016785,0.040283
0.010071,0,0.037842
0.010376,-0.0028992,0.040283
0.011139,-0.0032043,0.037842
0.013275,-0.0021362,0.040283
0.015106,0.0016785,0.036621
0.015411,0.0062561,0.042725
0.018158,0.010223,0.037842
0.021515,0.0074768,0.042725
0.024109,0.011292,0.042725
0.026703,0.010681,0.043945
0.027924,0.010986,0.05127
0.028229,0.012054,0.046387
0.025635,0.015106,0.065918
0.022736,0.014191,0.05249
0.018158,0.011902,0.046387
0.016174,0.0090027,0.057373
0.014191,0.0056458,0.058594
0.013123,0.0045776,0.058594
0.011292,0.004425,0.059814
0.0074768,0.0045776,0.059814
0.0039673,0.004425,0.059814
0.0019836,0.0047302,0.058594
0.00045776,0.0039673,0.063477
0.0015259,0.007782,0.054932
0.0028992,0.0056458,0.062256
0.0042725,0.0048828,0.064697
0.0041199,0.0033569,0.067139
0.0048828,0.0022888,0.070801
0,0.00091553,0.068359
-0.0013733,0.00015259,0.063477
-0.0016785,-0.00061035,0.067139
-0.00030518,-0.0018311,0.068359
0.0012207,-0.0042725,0.061035
0.0027466,-0.005188,0.056152
0.0047302,-0.0048828,0.054932
0.0045776,-0.00091553,0.056152
0.0061035,0.0027466,0.05127
0.0067139,0.0047302,0.050049
0.010376,0.0064087,0.045166
0.013275,0.0033569,0.05249
0.015717,0.0010681,0.043945
0.017548,0.00030518,0.048828
0.018005,0.0018311,0.047607
0.016937,0.002594,0.046387
0.016327,0.0041199,0.042725
0.015717,0.0013733,0.042725
0.015564,-0.0010681,0.056152
0.014191,-0.0042725,0.040283
0.013123,-0.0053406,0.046387
0.011902,-0.002594,0.037842
0.0093079,0.00061035,0.025635
0.0083923,0.0016785,0.037842
0.0088501,0.0027466,0.041504
0.01297,0.0012207,0.039063
0.01709,-0.00076294,0.03418
0.021057,-0.0019836,0.036621
0.023041,-0.0028992,0.040283
0.022125,0.00076294,0.042725
0.019073,-0.0012207,0.046387
0.016174,-0.0033569,0.043945
0.013885,-0.0076294,0.050049
0.014191,-0.010223,0.053711
0.014343,-0.012054,3.3228
0.016022,-0.011139,4.8315
0.015411,-0.0093079,4.9207
0.015259,-0.0088501,4.9243
0.01709,-0.0094604,4.9316
0.017395,-0.009613,4.9377
0.020905,-0.010376,4.928
0.024109,-0.010834,4.917
0.027924,-0.0094604,4.9329
0.03067,-0.0090027,4.9292
0.030823,-0.0080872,4.9243
0.031433,-0.0088501,4.9353
0.030365,-0.0090027,4.9341
0.031738,-0.010986,4.9377
0.032959,-0.010681,4.9207
0.032043,-0.011292,4.9243
0.031433,-0.0097656,4.9316
0.029449,-0.0080872,4.9341
0.027008,-0.0065613,4.928
0.025482,-0.0059509,4.9316
0.026245,-0.0050354,4.939
0.027771,-0.0054932,4.9243
0.028992,-0.0064087,4.9231
0.029602,-0.007019,4.9231
0.027771,-0.0068665,4.9084
0.026703,-0.005188,4.9182
0.025177,-0.0048828,4.9158
0.024261,-0.0033569,4.9158
0.025177,-0.002594,4.9158
0.026245,-0.0021362,4.9121
0.028076,-0.00061035,4.9121
0.027466,0.0016785,4.9084
0.025787,0.0047302,4.9133
0.025024,0.0059509,4.906
0.025482,0.0048828,4.9133
0.027924,0.0022888,4.917
0.031586,0.00076294,4.9097
0.033875,-0.00061035,4.9109
0.033264,0.00045776,4.9097
0.031281,0.0039673,4.9133
0.027161,0.0067139,4.9109
0.024109,0.0091553,4.9182
0.02243,0.0097656,4.9146
0.022125,0.0094604,4.9023
0.022278,0.0090027,4.9133
0.021973,0.0071716,4.9194
0.020599,0.0068665,4.9194
0.020142,0.0039673,4.9194
0.020142,0.00061035,4.9194
0.020447,-0.0015259,4.928
0.021973,-0.0022888,4.928
0.023041,-0.0048828,4.9329
0.021057,-0.0053406,4.9292
0.016937,-0.0057983,4.9329
0.011749,-0.0038147,4.9304
0.0073242,-0.0021362,4.9341
0.0057983,-0.00061035,4.9426
0.0065613,0.00015259,4.9377
0.0088501,-0.00061035,4.9316
0.012665,-0.00030518,4.9341
0.016937,-0.0015259,4.9255
0.019073,-0.0018311,4.9329
0.02121,-0.00076294,4.9341
0.022125,-0.00045776,4.9353
0.023651,0.0012207,4.9329
0.026398,0.00091553,4.9329
0.027466,0.002594,4.9341
0.027466,0.0030518,4.9365
0.025635,0.0012207,4.9292
0.021057,0.004425,4.9194
0.018005,0.0045776,4.9243
0.016937,0.0053406,4.9207
0.018921,0.0059509,4.9207
0.02243,0.005188,0.053711
0.026093,0.0053406,0.048828
0.027313,0.0050354,0.054932
0.028229,0.0045776,0.046387
0.028381,0.0035095,0.057373
0.028687,0.0010681,0.032959
0.029602,-0.0028992,0.032959
0.03006,-0.0074768,0.041504
0.028381,-0.0099182,0.040283
0.024719,-0.011749,0.0354
0.019379,-0.011749,0.039063
0.014191,-0.010834,0.037842
0.0099182,-0.011139,0.042725
0.009613,-0.0097656,0.0354
0.012054,-0.0083923,0.042725
0.014496,-0.0086975,0.036621
0.019226,-0.0090027,0.039063
0.024567,-0.0054932,0.043945
0.024261,-0.0073242,0.045166
0.025482,-0.0062561,0.054932
0.027924,-0.0053406,0.047607
0.031281,-0.0064087,0.059814
0.034027,-0.0079346,0.05127
0.034485,-0.0099182,0.046387
0.034332,-0.010223,0.056152
0.030975,-0.007782,0.056152
0.027466,-0.0022888,0.050049
0.023499,0.00076294,0.061035
0.025177,0.0035095,0.062256
0.027924,0.0024414,0.065918
0.03006,0,0.057373
0.032043,-0.0015259,0.062256
0.031128,0.00091553,0.059814
0.033112,0.0036621,0.063477
0.032959,0.005188,0.064697
0.033722,0.0054932,0.067139
0.035095,0.0039673,0.063477
0.034485,0.0032043,0.06958
0.034332,0.0021362,0.073242
0.030212,0.0048828,0.065918
0.024261,0.002594,0.074463
0.018463,0.0015259,0.062256
0.013123,0.00045776,0.050049
0.010223,-0.00061035,0.056152
0.010071,-0.0022888,0.057373
0.010529,-0.0035095,0.05127
0.0093079,-0.0032043,0.05127
0.0094604,-0.0038147,0.042725
0.0059509,-0.004425,0.047607
0.0050354,-0.0042725,0.046387
0.004425,-0.0039673,0.047607
0.0061035,-0.0045776,0.046387
0.0080872,-0.0056458,0.046387
0.007782,-0.007782,0.041504
0.0068665,-0.0079346,0.041504
0.0047302,-0.0093079,0.050049
0.0024414,-0.0068665,0.040283
0.0032043,-0.0041199,0.037842
0.0047302,-0.00061035,0.040283
0.0080872,-0.0012207,0.024414
0.010223,-0.00030518,0.0354
0.01236,-0.002594,0.040283
0.01358,-0.0032043,0.039063
0.015564,-0.00091553,0.039063
0.017395,0.002594,0.037842
0.020142,0.0064087,0.040283
0.023346,0.0082397,0.041504
0.025024,0.0086975,0.043945
0.024109,0.0088501,0.043945
0.021667,0.0093079,0.042725
0.018921,0.012207,0.05127
0.01709,0.015259,0.056152
0.015106,0.016632,0.057373
0.014648,0.015717,0.059814
0.015106,0.01236,0.063477
0.017242,0.0090027,0.061035
0.018768,0.0083923,0.081787
0.020294,0.0065613,2.1033
0.020294,0.0073242,4.7498
0.019531,0.0093079,4.9158
0.019531,0.010681,4.9255
0.018921,0.013428,4.9268
0.017853,0.0082397,4.9304
0.014496,0.0059509,4.9341
0.010376,0.0047302,4.9353
0.0054932,0.0048828,4.9365
0.0022888,0.005188,4.9377
0.0013733,0.0059509,4.9304
0.0030518,0.0067139,4.9365
0.0061035,0.0067139,4.9316
0.0085449,0.0039673,4.9329
0.0090027,0.0047302,4.9304
0.0088501,0.004425,4.9304
0.0065613,0.0056458,4.9268
0.005188,0.0067139,4.9231
0.004425,0.0083923,4.9268
0.0094604,0.0082397,4.9207
0.0048828,0.0067139,4.9121
0.0059509,0.0059509,4.9158
0.0057983,0.00045776,4.917
0.0082397,-0.00030518,4.9158
0.0094604,-0.0012207,4.9133
0.013428,-0.0019836,4.9072
0.016327,0.00076294,4.9109
0.019073,-0.0024414,4.906
0.020447,-0.0024414,4.9121
0.018311,-0.0012207,4.9084
0.016937,-0.00091553,4.9158
0.014954,-0.00030518,4.9084
0.013885,-0.00061035,4.9121
0.015564,-0.0013733,4.9292
0.016785,-0.0010681,4.9084
0.020752,-0.00091553,4.9097
0.023804,-0.0018311,4.9121
0.023346,-0.00015259,4.8962
0.028381,0.00076294,4.9133
0.028076,0.0016785,4.9133
0.027466,0.00076294,4.9207
0.025482,-0.0013733,4.9194
0.025024,-0.005188,4.9194
0.02533,-0.0082397,4.9255
0.023346,-0.0097656,4.9268
0.021362,-0.0088501,4.9121
0.019379,-0.0079346,4.9268
0.019073,-0.0038147,4.9329
0.02121,-0.00045776,4.9304
0.023804,-0.0013733,4.9329
0.027924,-0.0033569,4.9377
0.03067,-0.0062561,4.9353
0.03006,-0.0079346,4.9316
0.029144,-0.0076294,4.9353
0.027313,-0.0065613,4.9451
0.027771,-0.0038147,4.9329
0.028687,-0.0021362,4.9414
0.03067,-0.0015259,4.9353
0.032806,-0.002594,4.9329
0.034027,-0.0041199,4.9304
0.03418,-0.0047302,4.9329
0.033722,-0.0027466,4.9243
0.033875,-0.00030518,4.9292
0.034943,0.0021362,4.9255
0.035248,0.0030518,4.9255
0.035095,0.0021362,4.9097
0.034027,-0.0012207,4.9194
0.033722,-0.0050354,4.917
0.031891,-0.0067139,4.9207
0.031586,-0.0062561,4.9231
0.031586,-0.0039673,4.917
0.032501,-0.0013733,4.9182
0.032501,-0.00015259,4.9146
0.031891,0.00045776,4.8999
0.031433,0,0.037842
0.030975,-0.00015259,0.041504
0.029755,0.0018311,0.037842
0.027924,0.0033569,0.040283
0.02655,0.0050354,0.039063
0.026703,0.0057983,0.041504
0.026855,0.0054932,0.040283
0.028381,0.0045776,0.040283
0.029449,0.0039673,0.0354
0.028687,0.0048828,0.041504
0.028229,0.0059509,0.041504
0.02655,0.0062561,0.045166
0.026855,0.0056458,0.045166
0.023193,0.0010681,0.048828
0.024109,0.0012207,0.048828
0.022125,0.00015259,0.050049
0.019226,0.00030518,0.062256
0.016785,0.00091553,0.056152
0.015564,0.0013733,0.05127
0.016327,0.0010681,0.057373
0.018005,-0.00030518,0.061035
0.019531,-0.0024414,0.062256
0.02182,-0.0041199,0.063477
0.02243,-0.0036621,0.058594
0.024261,-0.0024414,0.064697
0.023346,0.00076294,0.062256
0.026245,0.0019836,0.064697
0.02655,0.0022888,0.063477
0.026093,0,0.065918
0.025787,-0.0033569,0.057373
0.023956,-0.0054932,0.068359
0.024414,-0.0056458,0.081787
0.023346,-0.0041199,0.064697
0.023193,-0.0010681,0.064697
0.022888,0.00076294,0.063477
0.021667,0.00030518,0.040283
0.021667,-0.00045776,0.05249
0.021667,-0.0015259,0.05249
0.023041,-0.0019836,0.048828
0.024567,-0.00045776,0.050049
0.025635,0.00030518,0.047607
0.027924,0.00045776,0.05127
0.025024,-0.0016785,0.043945
0.023651,-0.0041199,0.046387
0.022125,-0.0065613,0.043945
0.021057,-0.0068665,0.046387
0.020142,-0.0053406,0.043945
0.020905,-0.0050354,0.042725
0.021362,-0.0018311,0.043945
0.022888,-0.0016785,0.037842
0.023651,-0.0045776,0.042725
0.025635,-0.0068665,0.041504
0.026855,-0.0074768,0.042725
0.028839,-0.0062561,0.036621
0.030823,-0.0028992,0.029297
0.032349,0.00061035,0.037842
0.033264,0.0032043,0.041504
0.032654,0.0024414,0.036621
0.031891,0.0016785,0.043945
0.03067,-0.0018311,0.041504
0.029297,-0.0018311,0.046387
0.027771,-0.00015259,0.046387
0.027466,0.0024414,0.05249
0.026855,0.0033569,0.050049
0.026245,0.0035095,0.053711
0.026245,0.0015259,0.058594
0.026093,0.00030518,0.059814
0.028839,-0.00045776,0.068359
0.026093,0.00076294,0.061035
0.028076,0.0022888,0.067139
0.03006,-0.00076294,0.058594
0.028992,0.0035095,0.057373
0.027313,0.0013733,0.059814
0.024872,-0.0022888,0.057373
0.02243,-0.0061035,0.057373
0.018921,-0.0079346,0.063477
0.015259,-0.0079346,0.072021
0.011444,-0.0062561,4.624
0.0067139,-0.0021362,4.9121
0.0045776,0.0015259,4.9353
0.0038147,0,4.9304
0.0041199,-0.0019836,4.9316
0.0030518,-0.0028992,4.9304
0.0076294,-0.0015259,4.9304
0.011902,0.00061035,4.928
0.018311,0.0027466,4.928
0.016937,0.0021362,4.9329
0.016174,-0.0013733,4.9231
0.015106,-0.0062561,4.9304
0.012512,-0.0099182,4.9182
0.010376,-0.0094604,4.9207
0.0082397,-0.0062561,4.9146
0.0074768,-0.002594,4.9109
0.0080872,-0.00076294,4.9146
0.0093079,-0.00045776,4.9133
0.01297,-0.0022888,4.906
0.01709,-0.0030518,4.9133
0.023041,-0.0019836,4.906
0.022888,-0.0019836,4.9121
0.023956,0.0012207,4.9084
0.023499,-0.0015259,4.9158
0.021973,-0.0027466,4.9097
0.020905,-0.0024414,4.9133
0.019684,-0.0024414,4.9194
0.019836,0.00045776,4.9109
0.019073,0.0030518,4.9109
0.020905,0.0045776,4.9146
0.021515,0.0064087,4.9011
0.019836,0.0048828,4.9158
0.019684,0.0041199,4.9146
0.019531,0.004425,4.9194
0.020294,0.0042725,4.9207
0.022125,0.0030518,4.9194
0.021667,0.0048828,4.9243
0.022736,0.0056458,4.928
0.021667,0.0062561,4.9304
0.020142,0.005188,4.928
0.018005,0.0062561,4.9341
0.016632,0.0056458,4.9304
0.014038,0.0042725,4.9341
0.011749,0.0028992,4.9316
0.0097656,0.00076294,4.9316
0.0099182,0,4.9353
0.0099182,0.0012207,4.9377
0.0099182,0.0041199,4.9451
0.012665,0.0057983,4.9353
0.014496,0.0068665,4.9268
0.018616,0.0061035,4.9377
0.017853,0.0062561,4.9316
0.018158,0.0062561,4.9304
0.0177,0.0068665,4.9341
0.017395,0.0062561,4.9268
0.016785,0.0042725,4.928
0.015411,0.0028992,4.9231
0.014038,-0.0010681,4.9231
0.011902,-0.00061035,4.9194
0.0099182,-0.0013733,4.9207
0.0079346,-0.00076294,4.9207
0.0074768,-0.00030518,4.9231
0.009613,0.0010681,4.9231
0.01297,0.0024414,4.917
0.016479,0.0021362,4.9121
0.019684,0.0030518,4.9133
0.023651,0.0045776,4.9011
0.022583,0.0050354,4.9109
0.027771,0.0054932,4.9097
0.028839,0.0042725,4.9084
0.028534,0.0028992,4.9109
0.027466,0.00076294,4.9084
0.027466,-0.0019836,4.9097
0.023499,-0.0059509,0.037842
0.02182,-0.0067139,0.041504
0.019989,-0.0088501,0.037842
0.019226,-0.011597,0.041504
0.019073,-0.013123,0.043945
0.019684,-0.014496,0.042725
0.021362,-0.015717,0.041504
0.022736,-0.013123,0.048828
0.024261,-0.0093079,0.054932
0.023956,-0.0065613,0.05127
0.025024,-0.0038147,0.064697
0.024261,0.00045776,0.061035
0.025482,0,0.040283
0.027313,0.0012207,0.058594
0.029907,0.0018311,0.058594
0.032043,0.002594,0.062256
0.034637,-0.00030518,0.059814
0.036621,0.0016785,0.061035
0.03891,-0.00045776,0.05249
0.040436,-0.002594,0.062256
0.040894,-0.00076294,0.063477
0.040741,0.00015259,0.059814
0.039063,0.00030518,0.068359
0.037231,0.0024414,0.063477
0.033569,-0.00045776,0.062256
0.031281,-0.0027466,0.080566
0.031128,-0.0028992,0.067139
0.031738,-0.0032043,0.062256
0.032654,-0.0045776,0.062256
0.033722,-0.0068665,0.05127
0.033264,-0.0082397,0.05127
0.030518,-0.0099182,0.058594
0.028687,-0.0093079,0.05127
0.02655,-0.0079346,0.050049
0.02655,-0.0045776,0.047607
0.025787,-0.00076294,0.047607
0.025024,0.0033569,0.045166
0.022736,0.0062561,0.05249
0.022278,0.0071716,0.040283
0.021667,0.0076294,0.046387
0.024109,0.007019,0.042725
0.028076,0.0061035,0.042725
0.030823,0.005188,0.042725
0.031586,0.0032043,0.040283
0.030975,0.0041199,0.047607
0.029907,0.0030518,0.041504
0.027618,0.0027466,0.056152
0.02533,0.00076294,0.037842
0.023651,-0.00076294,0.026855
0.022125,-0.0015259,0.041504
0.019836,-0.00091553,0.039063
0.016937,-0.00045776,0.037842
0.015869,0.0015259,0.042725
0.015717,0.0028992,0.042725
0.0177,0.0010681,0.046387
0.019989,-0.00015259,0.046387
0.021667,-0.0015259,0.053711
0.021973,-0.0022888,0.05127
0.02243,-0.0030518,0.054932
0.022125,-0.0033569,0.058594
0.021973,-0.0018311,0.061035
0.021973,-0.0019836,0.065918
0.020752,-0.00076294,0.063477
0.020905,0.00030518,0.061035
0.019379,0.00015259,0.062256
0.018463,0.00076294,0.067139
0.018921,-0.00030518,0.059814
0.020752,-0.00061035,0.061035
0.021515,0,0.062256
0.021973,0.00015259,0.062256
0.022583,0.00061035,0.063477
0.02243,0.00045776,0.065918
0.023041,-0.0010681,0.061035
0.023041,-0.0048828,0.06958
0.02655,-0.0041199,0.061035
0.028076,-0.0041199,0.064697
0.028076,-0.0048828,0.061035
0.028687,-0.0057983,3.4412
0.028076,-0.0082397,4.8328
0.027771,-0.010834,4.9158
0.025177,-0.011749,4.9341
0.027161,-0.011292,4.9207
0.027313,-0.0099182,4.9243
0.028381,-0.007019,4.9146
0.029907,-0.0065613,4.9011
0.032349,-0.0065613,4.9146
0.032501,-0.0064087,4.917
0.034027,-0.0062561,4.9109
0.034332,-0.0047302,4.9109
0.036621,-0.0019836,4.9097
0.037537,0.00030518,4.9097
0.038452,0.0019836,4.9133
0.040131,0.0022888,4.9109
0.039978,0.0028992,4.9084
0.038757,0.0024414,4.9133
0.037231,0.0018311,4.9109
0.035553,0.0012207,4.9097
0.032806,-0.00091553,4.9097
0.027618,-0.00045776,4.9109
0.027924,-0.0013733,4.9084
0.026855,-0.0022888,4.9109
0.026398,-0.0024414,4.9158
0.02655,-0.0018311,4.9133
0.027466,-0.0021362,4.9121
0.030365,-0.0019836,4.9158
0.031281,-0.0021362,4.9219
0.033569,-0.0028992,4.9194
0.034637,-0.0019836,4.928
0.033112,-0.00045776,4.9231
0.030823,0.002594,4.9353
0.026855,0.0015259,4.928
0.022278,0.00030518,4.9341
0.017548,-0.0018311,4.9292
0.011139,-0.0041199,4.9304
0.0091553,-0.0085449,4.9304
0.0067139,-0.005188,4.9365
0.0079346,-0.0024414,4.9414
0.0088501,-0.00045776,4.9341
0.012817,-0.00045776,4.9402
0.017242,-0.00030518,4.9341
0.017242,-0.00015259,4.928
0.018616,0,4.9353
0.017395,0.00061035,4.9365
0.015564,0.0015259,4.9304
0.012207,-0.00091553,4.9304
0.0076294,-0.0030518,4.9292
0.0073242,-0.0045776,4.9292
0.00061035,-0.0064087,4.9219
-0.0021362,-0.0067139,4.9243
-0.00030518,-0.0071716,4.9158
0.0027466,-0.0057983,4.9207
0.0074768,-0.0042725,4.9194
0.010834,-0.002594,4.9255
0.016937,-0.00015259,4.9231
0.021667,0.0036621,4.9194
0.023193,0.0090027,4.9219
0.025024,0.0091553,4.9146
0.026093,0.010986,4.9194
0.028839,0.010529,4.9133
0.025787,0.012207,4.9097
0.025177,0.012207,4.9109
0.022888,0.012207,4.9072
0.020599,0.014191,4.9109
0.017395,0.015411,4.9084
0.015259,0.013123,4.9072
0.014038,0.0099182,4.9158
0.014801,0.0079346,4.9084
0.015259,0.0056458,4.9146
0.016022,0.0067139,4.9121
0.017548,0.0082397,4.9158
0.018463,0.0099182,0.043945
0.018616,0.0074768,0.050049
0.017242,0.0071716,0.062256
0.015869,0.0056458,0.05127
0.014343,0.0059509,0.057373
0.011597,0.0076294,0.056152
0.010071,0.010376,0.046387
0.0088501,0.012817,0.054932
0.0088501,0.012817,0.054932
0.007019,0.011902,0.061035
0.0079346,0.0083923,0.063477
0.0093079,0.010681,0.058594
0.011292,0.010834,0.062256
0.013733,0.012665,0.059814
0.013733,0.013275,0.062256
0.01358,0.010834,0.062256
0.011292,0.0099182,0.067139
0.0090027,0.0094604,0.064697
0.0067139,0.0093079,0.067139
0.0061035,0.0088501,0.070801
0.0057983,0.0094604,0.065918
0.0068665,0.0071716,0.067139
0.0074768,0.0050354,0.064697
0.0080872,0.0028992,0.079346
0.0099182,0.00076294,0.054932
0.011902,-0.00015259,0.047607
0.012665,0.00015259,0.054932
0.015564,0.00076294,0.05249
0.018158,0.0015259,0.048828
0.018616,0.002594,0.050049
0.018463,0.0035095,0.043945
0.018768,0.0032043,0.047607
0.018158,0.0027466,0.043945
0.018768,0.0015259,0.045166
0.020905,0.0010681,0.036621
0.022583,0,0.042725
0.024872,-0.0010681,0.043945
0.026093,-0.0013733,0.042725
0.026245,-0.002594,0.045166
0.024719,-0.0027466,0.041504
0.023651,-0.0033569,0.047607
0.023041,-0.0045776,0.040283
0.023956,-0.0045776,0.026855
0.025482,-0.0033569,0.040283
0.027161,-0.0012207,0.036621
0.028839,0.0015259,0.036621
0.028992,0.0018311,0.043945
0.03006,0.0016785,0.040283
0.028839,-0.0010681,0.043945
0.031586,-0.0035095,0.043945
0.033112,-0.0041199,0.050049
0.034027,-0.0030518,0.048828
0.033722,-0.0010681,0.057373
0.032959,0.00045776,0.058594
0.031738,0.00015259,0.059814
0.030823,-0.002594,0.054932
0.032196,-0.0059509,0.063477
0.031586,-0.0073242,0.062256
0.033264,-0.007019,0.062256
0.034485,-0.002594,0.072021
0.034027,0.00076294,0.063477
0.033417,0.0042725,0.047607
0.030975,0.0041199,0.059814
0.028992,0.00076294,0.065918
0.027924,-0.0019836,0.063477
0.028076,-0.0032043,0.063477
0.029907,-0.0015259,0.062256
0.029602,0.00091553,0.06958
0.029297,0.0038147,0.062256
0.028534,0.0042725,0.064697
0.028992,0.0028992,0.058594
0.029297,0.0015259,0.061035
0.029907,0.00045776,0.057373
0.030975,0.0010681,0.054932
0.031281,0.002594,0.062256
0.030823,0.0042725,0.05127
0.030365,0.0048828,0.046387
0.028839,0.0056458,0.047607
0.027466,0.0038147,4.2249
0.026245,0.0024414,4.8694
0.02655,0.0021362,4.9097
0.026245,0.0018311,4.9146
0.024261,0.0013733,4.9121
0.024414,0.00076294,4.9097
0.022736,0.00061035,4.9109
0.022125,0.00015259,4.9097
0.021973,0.0013733,4.9097
0.022736,0.00015259,4.9048
0.023651,-0.0012207,4.9146
0.023956,-0.0018311,4.9097
0.022888,-0.0024414,4.9109
0.023041,-0.0019836,4.9097
0.021362,-0.00015259,4.9133
0.020905,0.00015259,4.9194
0.020142,0.00015259,4.9146
0.020447,-0.0016785,4.9207
0.019989,-0.0028992,4.9158
0.020294,-0.0048828,4.9048
0.020599,-0.0039673,4.9194
0.021057,-0.0038147,4.9182
0.022125,-0.0038147,4.917
0.023804,-0.0041199,4.9207
0.026093,-0.0047302,4.9255
0.028076,-0.0047302,4.9304
0.028992,-0.0047302,4.9292
0.030823,-0.005188,4.9353
0.031128,-0.0042725,4.928
0.032501,-0.004425,4.9341
0.032196,-0.0033569,4.9316
0.032959,-0.0018311,4.9268
0.032959,0.00076294,4.9353
0.031586,0.0016785,4.9329
0.029907,0.0013733,4.9329
0.027618,-0.00015259,4.9329
0.025787,-0.0027466,4.9438
0.024261,-0.0057983,4.9365
0.023651,-0.0085449,4.9353
0.023041,-0.0090027,4.9329
0.02243,-0.009613,4.9329
0.022125,-0.010529,4.9304
0.022888,-0.009613,4.9268
0.022583,-0.010986,4.9255
0.024261,-0.013733,4.9255
0.02533,-0.013733,4.9207
0.026703,-0.01236,4.9231
0.027008,-0.0071716,4.9207
0.028534,-0.0012207,4.9219
0.029755,0.0045776,4.917
0.031586,0.0056458,4.9158
0.032349,0.0038147,4.9292
0.035706,0.0021362,4.9146
0.038605,0.00015259,4.9182
0.040283,0.00045776,4.9121
0.042572,0.002594,4.895
0.04364,0.0045776,4.9084
0.042419,0.005188,4.9109
0.039978,0.004425,4.9133
0.036163,0.0032043,4.9097
0.033875,0.0033569,4.9048
0.030823,0.0039673,4.9109
0.027618,0.0054932,4.9109
0.025177,0.0050354,4.8999
0.022278,0.005188,4.9084
0.024414,0.0030518,4.9133
0.024872,0.00030518,4.9146
0.027313,-0.0022888,4.9182
0.028992,-0.0041199,4.9243
0.029755,-0.0041199,4.9194
0.028076,-0.0045776,4.9207
0.024872,-0.004425,4.9268
0.019989,-0.004425,0.062256
0.015717,-0.005188,0.056152
0.013275,-0.0067139,0.050049
0.011597,-0.0059509,0.061035
0.011292,-0.0047302,0.062256
0.011749,-0.0024414,0.059814
0.012512,0.00076294,0.064697
0.012665,0.0028992,0.059814
0.015869,0.002594,0.061035
0.018311,0.00045776,0.061035
0.02243,-0.0015259,0.065918
0.024261,-0.0019836,0.063477
0.025787,-0.0024414,0.065918
0.024414,0.0015259,0.068359
0.023193,0.0033569,0.067139
0.022888,0.002594,0.074463
0.021667,0.0021362,0.064697
0.023499,0.0018311,0.068359
0.02533,0.0015259,0.057373
0.027161,0.0018311,0.043945
0.027924,0.0030518,0.057373
0.027618,0.0027466,0.05249
0.027466,0.0018311,0.046387
0.026093,-0.00091553,0.048828
0.024872,-0.0074768,0.045166
0.025024,-0.0053406,0.047607
0.024567,-0.0047302,0.042725
0.023499,-0.0016785,0.047607
0.021667,0.0016785,0.041504
0.019684,0.0053406,0.043945
0.018005,0.007019,0.042725
0.018463,0.0076294,0.043945
0.020447,0.007782,0.040283
0.022736,0.0082397,0.041504
0.022583,0.010376,0.037842
0.021057,0.010223,0.042725
0.019531,0.011444,0.036621
0.0177,0.009613,0.040283
0.020142,0.0064087,0.046387
0.017395,0.00061035,0.040283
0.018158,0.0019836,0.041504
0.018768,0.0032043,0.039063
0.018158,0.0079346,0.045166
0.016785,0.011749,0.042725
0.01236,0.013885,0.042725
0.014954,0.010986,0.048828
0.016632,0.007019,0.057373
0.019989,0.0038147,0.056152
0.022736,0.0028992,0.061035
0.023956,0.0039673,0.056152
0.022125,0.0065613,0.063477
0.022583,0.0091553,0.072021
0.021515,0.010529,0.064697
0.020752,0.010376,0.065918
0.019531,0.0064087,0.059814
0.018158,0.0068665,0.043945
0.014801,0.0050354,0.059814
0.011749,0.002594,0.062256
0.0091553,0.0047302,0.063477
0.0085449,0.0059509,0.064697
0.0091553,0.0074768,0.062256
0.012665,0.0068665,0.056152
0.016174,0.0062561,0.064697
0.019531,0.0045776,0.063477
0.021973,0.0032043,0.059814
0.019531,0.0012207,0.059814
0.019379,0.0033569,0.057373
0.018158,0.0028992,0.057373
0.018463,0.0024414,0.057373
0.022888,0.0013733,0.053711
0.022888,0.0013733,0.054932
0.025482,-0.0013733,0.05127
0.02655,0.0016785,0.062256
0.027771,0.0021362,0.046387
0.027924,0.0012207,0.05249
0.03006,0,0.043945
0.030365,-0.0019836,0.040283
0.033875,-0.00015259,0.039063
0.035248,-0.004425,4.0039
0.033722,-0.0045776,4.8486
0.031433,-0.0045776,4.9023
0.029144,-0.0038147,4.9048
0.027618,-0.0042725,4.9109
0.027771,-0.0050354,4.9097
0.028839,-0.0038147,4.9084
0.029449,-0.0021362,4.9109
0.029449,0.00030518,4.9146
0.029602,0.0032043,4.9194
0.028839,0.0013733,4.9158
0.028534,0.00061035,4.9158
0.030365,-0.0015259,4.9133
0.032959,-0.002594,4.9084
0.036163,-0.0033569,4.9194
0.036621,-0.0021362,4.917
0.03418,-0.00091553,4.9182
0.031586,0.00030518,4.9255
0.026703,0.0022888,4.9255
0.024872,0.0027466,4.9292
0.024872,0.0041199,4.9292
0.027008,0.0036621,4.9353
0.027924,0.0024414,4.9304
0.027313,0.0021362,4.9329
0.027618,0.0018311,4.9329
0.024414,0.0010681,4.9341
0.023041,0.00076294,4.928
0.023499,0.00076294,4.9329
0.025177,0,4.939
0.028076,0.00015259,4.9353
0.027008,0,4.9316
0.022736,0.00076294,4.9365
0.019379,0.0022888,4.9194
0.01709,0.0038147,4.9329
0.016479,0.0041199,4.928
0.018768,0.0045776,4.9329
0.02182,0.0056458,4.9292
0.024567,0.0042725,4.9231
0.02594,0.0041199,4.9255
0.024261,0.0048828,4.9231
0.02243,0.0050354,4.9219
0.022736,0.0054932,4.9182
0.023499,0.0048828,4.9194
0.026093,0.0045776,4.9219
0.027008,0.0048828,4.9182
0.025482,0.004425,4.9219
0.023499,0.0050354,4.9146
0.021515,0.0048828,4.9121
0.020447,0.0028992,4.9146
0.02182,-0.00030518,4.895
0.024719,-0.0039673,4.9072
0.025787,-0.0074768,4.9146
0.025787,-0.0088501,4.9146
0.022736,-0.0085449,4.9084
0.019836,-0.0067139,4.9072
0.01709,-0.0047302,4.9097
0.015411,-0.0039673,4.9072
0.016632,-0.0033569,4.9121
0.018005,-0.004425,4.9109
0.019073,-0.004425,4.9158
0.020752,-0.0042725,4.9158
0.02121,-0.0030518,4.9158
0.021973,-0.0019836,4.9121
0.022278,-0.00030518,4.9207
0.024109,0.0021362,4.928
0.028076,0.0013733,4.9243
0.031128,0.0018311,4.9365
0.032806,0.00015259,4.9133
0.031586,-0.0022888,4.9182
0.027618,-0.0035095,4.9304
0.023041,-0.0048828,4.9316
0.018768,-0.0048828,4.928
0.016785,-0.0059509,0.13184
0.016479,-0.010529,0.057373
0.016937,-0.014343,0.062256
0.015869,-0.019073,0.061035
0.014038,-0.021973,0.065918
0.011139,-0.021973,0.061035
0.010986,-0.020752,0.068359
0.014801,-0.018768,0.070801
0.020294,-0.016937,0.068359
0.026093,-0.01297,0.074463
0.029755,-0.010834,0.065918
0.029297,-0.0071716,0.056152
0.026855,-0.004425,0.061035
0.027466,-0.00045776,0.056152
0.029602,0.0019836,0.054932
0.033569,0.0036621,0.05127
0.035858,0.005188,0.048828
0.039673,0.0041199,0.05127
0.04303,0.0042725,0.047607
0.040894,0.0056458,0.048828
0.040436,0.0050354,0.042725
0.040741,0.0045776,0.047607
0.041046,0.0056458,0.041504
0.03952,0.0047302,0.042725
0.036469,0.0045776,0.045166
0.031281,0.002594,0.041504
0.026398,0.00076294,0.039063
0.021515,-0.0013733,0.039063
0.020142,-0.002594,0.05249
0.020752,-0.0050354,0.039063
0.02243,-0.0064087,0.05127
0.022583,-0.0080872,0.040283
0.022736,-0.010071,0.025635
0.019226,-0.0099182,0.03418
0.0177,-0.0071716,0.039063
0.014801,-0.0033569,0.041504
0.01358,0.00076294,0.043945
0.013733,0.0021362,0.040283
0.018158,0.0047302,0.05127
0.015564,0.004425,0.047607
0.016327,0.00061035,0.05249
0.016174,0.0048828,0.053711
0.015869,0.0064087,0.056152
0.016937,0.007782,0.062256
0.018921,0.0067139,0.061035
0.021362,0.0015259,0.074463
0.022278,0.0013733,0.061035
0.021973,-0.00076294,0.061035
0.019836,-0.0010681,0.062256
0.015564,0.00030518,0.065918
0.011902,0.0015259,0.061035
0.010681,0.0021362,0.067139
0.012054,0.0018311,0.058594
0.014648,0.0010681,0.064697
0.017548,0.00045776,0.061035
0.019379,0.0021362,0.065918
0.018463,0.0027466,0.063477
0.017853,0.0042725,0.067139
0.017853,0.0059509,0.061035
0.018768,0.0056458,0.062256
0.019836,0.0047302,0.058594
0.018921,0.005188,0.058594
0.016785,0.0033569,0.054932
0.01297,0.007782,0.05127
0.0090027,0.010529,0.059814
0.0071716,0.014343,0.046387
0.0083923,0.017242,0.058594
0.011902,0.019226,0.045166
0.014954,0.021057,0.036621
0.016022,0.020905,0.037842
0.015411,0.021057,0.041504
0.01236,0.018768,0.039063
0.0099182,0.0177,0.039063
0.0082397,0.0177,0.037842
0.0076294,0.015717,0.039063
0.0065613,0.013123,0.0354
0.0062561,0.0088501,0.037842
0.0071716,0.0054932,0.037842
0.0012207,0.0036621,0.40649
-0.0018311,0.0033569,4.6509
-0.0015259,0.0047302,4.8938
0.0015259,0.0062561,4.906
0.0064087,0.007019,4.9109
0.0093079,0.0073242,4.9097
0.012054,0.0068665,4.9158
0.012512,0.0093079,4.9182
0.011902,0.011749,4.9207
0.0099182,0.014954,4.9097
0.0080872,0.018463,4.9219
0.0079346,0.019989,4.9219
0.0076294,0.019073,4.9255
0.0080872,0.018616,4.9255
0.0080872,0.016479,4.9292
0.0071716,0.015106,4.9353
0.0086975,0.013428,4.9304
0.011749,0.012665,4.9316
0.016022,0.012054,4.9243
0.020599,0.010376,4.9304
0.024109,0.0085449,4.9304
0.023804,0.0061035,4.9329
0.025635,0.0033569,4.9438
0.019836,0.0036621,4.939
0.017242,0.0035095,4.9377
0.016937,0.0056458,4.939
0.019379,0.0068665,4.9231
0.019226,0.0071716,4.9341
0.024719,0.0065613,4.9304
0.026093,0.0057983,4.9304
0.028076,0.0074768,4.928
0.029755,0.0099182,4.9231
0.031433,0.012207,4.9255
0.033875,0.013123,4.9219
0.034485,0.012207,4.9243
0.033569,0.010223,4.9146
0.03006,0.0068665,4.9194
0.023804,0.0045776,4.9158
0.02121,0.0032043,4.9194
0.017548,0.0030518,4.9158
0.017242,0.0027466,4.9158
0.015411,0.0030518,4.9194
0.015259,0.0012207,4.9133
0.015717,-0.0012207,4.917
0.016022,-0.0038147,4.9084
0.016632,-0.0039673,4.9023
0.018616,-0.0028992,4.9109
0.020752,-0.0022888,4.9109
0.02243,-0.00076294,4.9084
0.024261,-0.00030518,4.9097
0.02655,-0.0024414,4.9048
0.026398,-0.0050354,4.9158
0.027924,-0.0038147,4.9072
0.030212,-0.0028992,4.9158
0.033722,-0.0013733,4.9146
0.037079,0.00015259,4.9231
0.039825,0.0022888,4.9219
0.041046,0.0039673,4.9207
0.041656,0.0045776,4.9292
0.038605,0.0054932,4.9255
0.036316,0.0068665,4.9304
0.034027,0.0085449,4.9316
0.033569,0.0091553,4.9243
0.032654,0.0093079,4.9316
0.032196,0.0076294,4.9268
0.031281,0.004425,4.928
0.029602,0.0012207,4.9341
0.028076,-0.0018311,4.9304
0.02594,-0.002594,4.9353
0.025482,-0.0012207,4.9316
0.026245,-0.00061035,4.9365
0.027618,0.0035095,4.9353
0.027161,0.0036621,0.092773
0.027161,0.0028992,0.067139
0.026398,0.0021362,0.068359
0.025635,0.0019836,0.063477
0.026703,0.0032043,0.062256
0.028381,0.0057983,0.06958
0.030518,0.0073242,0.058594
0.031586,0.0076294,0.068359
0.031586,0.0074768,0.05127
0.030823,0.0061035,0.050049
0.029449,0.0061035,0.043945
0.028687,0.0071716,0.048828
0.027313,0.0094604,0.047607
0.025024,0.010681,0.046387
0.022278,0.0099182,0.041504
0.020294,0.0065613,0.046387
0.020599,0.0036621,0.040283
0.020905,-0.0012207,0.040283
0.022125,-0.0041199,0.043945
0.023804,-0.0062561,0.042725
0.023804,-0.0080872,0.039063
0.022736,-0.009613,0.041504
0.021973,-0.010223,0.05127
0.021057,-0.010223,0.041504
0.020599,-0.0094604,0.043945
0.018463,-0.0074768,0.039063
0.017242,-0.0042725,0.024414
0.017395,-0.00061035,0.039063
0.019073,0.0022888,0.041504
0.022583,0.0041199,0.043945
0.029144,0.0033569,0.043945
0.035706,0.0022888,0.043945
0.041504,0.00091553,0.047607
0.044403,0.0019836,0.05249
0.046539,0.0036621,0.057373
0.045166,0.0045776,0.054932
0.041962,0.0041199,0.059814
0.0354,0.0019836,0.058594
0.028534,-0.002594,0.063477
0.019531,-0.0071716,0.064697
0.014343,-0.010376,0.064697
0.0065613,-0.013733,0.063477
0.0048828,-0.013733,0.061035
0.0050354,-0.013428,0.075684
0.0083923,-0.016022,0.062256
0.011902,-0.020294,0.05127
0.015106,-0.02533,0.065918
0.018616,-0.027313,0.059814
0.022888,-0.021362,0.064697
0.026093,-0.010376,0.068359
0.027924,0.0022888,0.062256
0.028534,0.010986,0.063477
0.028687,0.014496,0.057373
0.028534,0.011292,0.046387
0.028076,0.004425,0.054932
0.027466,0.0030518,0.056152
0.033722,0.0028992,0.05127
0.037231,0.0064087,0.053711
0.039673,0.0094604,0.053711
0.040436,0.0071716,0.05249
0.039978,0.0033569,0.045166
0.039215,-0.0015259,0.047607
0.036926,-0.0050354,0.036621
0.034637,-0.0057983,0.042725
0.034637,-0.0048828,0.041504
0.027466,-0.0030518,0.03418
0.023041,-0.0035095,0.041504
0.019989,-0.0062561,0.041504
0.018311,-0.0086975,0.037842
0.021057,-0.010529,0.039063
0.018616,-0.010071,0.039063
0.020142,-0.0093079,0.036621
0.019836,-0.0071716,0.041504
0.019379,-0.0091553,0.039063
0.018005,-0.0093079,0.036621
0.017242,-0.0074768,0.037842
0.018158,-0.0030518,0.045166
0.018768,0.0022888,0.05249
0.019989,0.0047302,0.046387
0.020142,0.0053406,4.5813
0.017548,0.0039673,4.8987
0.017395,0.0019836,4.9048
0.018768,0.0016785,4.9207
0.020447,0.0027466,4.9255
0.025024,0.0028992,4.9304
0.021515,0.0015259,4.928
0.019073,-0.0019836,4.9231
0.015259,-0.0041199,4.9341
0.015259,-0.0054932,4.9304
0.015564,-0.0045776,4.9329
0.016479,-0.0021362,4.9097
0.016937,0,4.9353
0.014496,0.00045776,4.9316
0.016174,-0.0010681,4.9316
0.016785,-0.0028992,4.9451
0.018463,-0.0050354,4.939
0.020752,-0.0064087,4.9292
0.021667,-0.0071716,4.9353
0.023346,-0.0071716,4.9426
0.023651,-0.0048828,4.9304
0.019684,-0.0042725,4.906
0.017242,-0.0021362,4.9292
0.01358,0.0024414,4.9268
0.011444,0.0053406,4.9207
0.0099182,0.0056458,4.9231
0.010071,0.0045776,4.9207
0.011444,0.0038147,4.9182
0.014191,0.0036621,4.9158
0.016022,0.0041199,4.9146
0.017395,0.0057983,4.9133
0.019531,0.0062561,4.9158
0.019989,0.0068665,4.8926
0.019226,0.0064087,4.9146
0.019684,0.0059509,4.9207
0.018616,0.0048828,4.9133
0.018616,0.0047302,4.9207
0.016174,0.0067139,4.9097
0.014191,0.0050354,4.8987
0.01297,0.0047302,4.9097
0.014648,0.0054932,4.9084
0.01709,0.0065613,4.906
0.019989,0.014801,4.9097
0.022736,0.009613,4.9084
0.023499,0.010376,4.9109
0.022736,0.009613,4.9109
0.022583,0.0080872,4.917
0.020294,0.0071716,4.9146
0.017853,0.0053406,4.9231
0.013885,0.0057983,4.9207
0.009613,0.0065613,4.9243
0.0079346,0.0076294,4.9255
0.0013733,0.0086975,4.9292
0.0028992,0.0073242,4.928
0.0038147,0.0047302,4.9341
0.0059509,0.0022888,4.9414
0.0079346,0.00015259,4.9329
0.010529,0.00045776,4.9268
0.012207,0.002594,4.9292
0.01358,0.004425,4.9292
0.013885,0.0057983,4.9341
0.015259,0.0057983,4.9341
0.016479,0.0053406,4.9329
0.017395,0.0045776,4.9365
0.018616,0.0056458,4.9341
0.021362,0.0065613,4.9365
0.022736,0.0080872,4.9329
0.02594,0.0080872,4.9365
0.027618,0.007019,4.928
0.029297,0.005188,4.9329
0.031281,0.0041199,4.939
0.031586,0.0038147,0.054932
0.032043,0.004425,0.053711
0.029297,0.0048828,0.050049
0.025787,0.0038147,0.030518
0.022278,0.0028992,0.050049
0.019531,0.0027466,0.045166
0.019226,0.0018311,0.047607
0.019531,0.0010681,0.045166
0.019989,0.00076294,0.041504
0.020599,0.0010681,0.043945
0.020905,0.0012207,0.03418
0.022125,0.0010681,0.040283
0.022278,0.00076294,0.039063
0.023193,0,0.040283
0.024261,-0.0010681,0.037842
0.023651,-0.00091553,0.041504
0.025635,-0.00045776,0.041504
0.023346,0.00061035,0.040283
0.02655,-0.00030518,0.039063
0.026855,0.0024414,0.042725
0.026093,0.0035095,0.042725
0.026398,0.0032043,0.042725
0.027466,0.0022888,0.041504
0.029907,0.0021362,0.042725
0.03067,0.0021362,0.046387
0.031586,0.0021362,0.043945
0.031586,0.0019836,0.054932
0.030365,0.0015259,0.05249
0.028687,0.0010681,0.058594
0.026093,0.0013733,0.057373
0.024109,0.00030518,0.062256
0.02243,0.0010681,0.057373
0.020752,0.0018311,0.063477
0.018768,0.0027466,0.062256
0.018005,0.0024414,0.063477
0.017853,0.0030518,0.072021
0.019379,0.002594,0.061035
0.020599,0.0019836,0.067139
0.022583,0.0013733,0.061035
0.025635,0.0024414,0.056152
0.025635,0.0039673,0.062256
0.025787,0.0056458,0.064697
0.024261,0.0065613,0.063477
0.024109,0.0071716,0.065918
0.023041,0.0071716,0.061035
0.022278,0.0074768,0.062256
0.021667,0.0088501,0.056152
0.022278,0.007019,0.061035
0.022736,0.0080872,0.05127
0.023956,0.0065613,0.05249
0.024567,0.0045776,0.054932
0.025482,0.0032043,0.054932
0.025177,0.0022888,0.045166
0.024872,0.00061035,0.043945
0.022583,0.0010681,0.054932
0.019836,0.00076294,0.046387
0.018463,-0.0013733,0.05249
0.017853,-0.002594,0.043945
0.017853,-0.0039673,0.042725
0.018005,-0.0041199,0.036621
0.018311,-0.0041199,0.03418
0.019531,-0.0019836,0.039063
0.019989,-0.00045776,0.040283
0.021362,-0.00045776,0.0354
0.02243,-0.0018311,0.037842
0.021973,-0.0038147,0.039063
0.022736,-0.0047302,0.039063
0.02121,-0.0062561,0.036621
0.017853,-0.0047302,0.042725
0.020294,-0.0030518,0.042725
0.019073,-0.00045776,0.043945
0.019836,-0.00076294,0.058594
0.020294,-0.0018311,0.047607
0.020752,-0.0024414,0.053711
0.021515,-0.0013733,0.05127
0.021973,-0.0027466,0.043945
0.021667,-0.0041199,0.05249
0.023956,-0.007782,0.05127
0.024261,-0.012054,2.3669
0.025024,-0.012207,4.7778
0.02594,-0.010223,4.9133
0.025635,-0.0082397,4.9304
0.024872,-0.0064087,4.9304
0.024261,-0.0073242,4.9316
0.023804,-0.0082397,4.9268
0.022583,-0.0076294,4.9304
0.022278,-0.0076294,4.9341
0.021515,-0.0056458,4.9329
0.021973,-0.002594,4.9316
0.022888,-0.0012207,4.9377
0.023804,-0.0010681,4.9426
0.02533,-0.0042725,4.9377
0.028076,-0.0056458,4.9426
0.03067,-0.0045776,4.9329
0.030823,0,4.9182
0.031433,0.0032043,4.9365
0.030975,0.0042725,4.9268
0.028381,0.0030518,4.917
0.027618,0.0021362,4.9207
0.027313,0.0030518,4.9194
0.027313,0.002594,4.9158
0.027466,0.0036621,4.9207
0.025482,0.0032043,4.917
0.027313,0.0013733,4.9121
0.025482,-0.0010681,4.9146
0.023804,-0.0048828,4.9146
0.020599,-0.0054932,4.9146
0.023041,-0.0038147,4.9121
0.022278,-0.0021362,4.9109
0.019836,-0.00061035,4.9084
0.016479,-0.00076294,4.9109
0.013275,-0.0016785,4.9023
0.010834,-0.0013733,4.9109
0.011139,-0.0019836,4.906
0.01297,-0.0013733,4.9084
0.014038,-0.0024414,4.9097
0.014038,-0.00030518,4.9097
0.014038,-0.0013733,4.9097
0.014496,-0.0016785,4.9109
0.014343,0.00091553,4.9158
0.014191,0.0016785,4.9158
0.014343,0.0028992,4.9207
0.014496,0.0032043,4.9231
0.015564,0.0033569,4.9268
0.015411,0.0028992,4.9231
0.014648,0.0018311,4.9304
0.017242,0.0030518,4.9365
0.017395,0.0013733,4.9304
0.020599,0.0021362,4.9402
0.02121,0.0028992,4.9353
0.02182,0.0036621,4.9146
0.017548,0.0047302,4.9292
0.020142,0.0057983,4.9341
0.019226,0.0050354,4.9304
0.018463,0.0056458,4.9304
0.018158,0.0068665,4.9304
0.018616,0.0088501,4.9402
0.018768,0.013885,4.9365
0.018768,0.010986,4.9329
0.018768,0.0086975,4.9329
0.018158,0.0065613,4.9353
0.019073,0.0057983,4.9292
0.016174,0.007782,4.9304
0.016479,0.011444,4.9365
0.014496,0.014038,4.928
0.013275,0.013733,4.9243
0.010529,0.011597,4.9243
0.0074768,0.0057983,4.9194
0.0054932,0.0045776,4.9194
0.004425,0.0022888,4.9158
0.0035095,0.0039673,0.047607
0.0041199,0.0065613,0.045166
0.0045776,0.007019,0.042725
0.0056458,0.010681,0.043945
0.0071716,0.0088501,0.039063
0.007782,0.0080872,0.041504
0.0093079,0.0071716,0.0354
0.010071,0.0083923,0.042725
0.010529,0.011749,0.037842
0.0099182,0.013123,0.030518
0.0080872,0.012054,0.039063
0.0064087,0.0085449,0.040283
0.004425,0.0045776,0.05249
0.0021362,0.0015259,0.042725
0.0024414,0.0016785,0.054932
0.0038147,0.0047302,0.041504
0.0053406,0.0074768,0.032959
0.0082397,0.011597,0.046387
0.011749,0.010986,0.05127
0.01297,0.010834,0.050049
0.015259,0.014496,0.05249
0.0177,0.014191,0.054932
0.020142,0.015564,0.057373
0.021057,0.018616,0.058594
0.02121,0.018768,0.061035
0.019379,0.01358,0.057373
0.018158,0.01709,0.062256
0.016327,0.016174,0.064697
0.015717,0.014954,0.063477
0.016022,0.014191,0.067139
0.0177,0.012817,0.062256
0.019073,0.011597,0.062256
0.021057,0.0097656,0.054932
0.021667,0.0064087,0.073242
0.022125,0.0039673,0.063477
0.020294,0.0019836,0.065918
0.019989,0.0012207,0.063477
0.018616,0.0016785,0.064697
0.017548,0.0030518,0.057373
0.016022,0.002594,0.062256
0.014191,0.0021362,0.054932
0.012665,0.00030518,0.058594
0.010986,-0.00076294,0.050049
0.012054,-0.0016785,0.05249
0.013733,-0.0024414,0.053711
0.017242,-0.0012207,0.05127
0.021057,-0.00091553,0.043945
0.023346,-0.00030518,0.050049
0.023956,0.0022888,0.061035
0.022278,0.0010681,0.043945
0.021515,0.004425,0.050049
0.020905,0.0047302,0.042725
0.021667,0.0047302,0.028076
0.022125,0.0045776,0.037842
0.021973,0.0032043,0.039063
0.023041,0.0010681,0.036621
0.023346,-0.0016785,0.039063
0.025787,-0.0041199,0.0354
0.026703,-0.0064087,0.039063
0.029297,-0.0065613,0.037842
0.032196,-0.0056458,0.041504
0.032349,-0.0033569,0.036621
0.032654,-0.00045776,0.042725
0.029297,0.0021362,0.043945
0.027466,0.002594,0.045166
0.026398,0.00091553,0.05127
0.02533,-0.0012207,0.048828
0.02594,-0.0018311,0.05127
0.02594,-0.00015259,0.053711
0.025177,0.0010681,0.057373
0.025024,0.0018311,0.057373
0.024261,0.0016785,0.048828
0.024567,0.00015259,0.057373
0.024261,0.00015259,0.061035
0.023956,0.00076294,0.058594
0.023651,0.0032043,0.062256
0.021973,0.004425,0.059814
0.020905,0.004425,0.061035
0.019836,0.0022888,3.8367
0.018768,-0.0015259,4.8645
0.019836,-0.0036621,4.9219
0.021057,-0.0041199,4.9341
0.023346,-0.0018311,4.9304
0.024719,0.0010681,4.939
0.024567,0.0015259,4.9438
0.025482,0.0030518,4.9353
0.025482,0.0028992,4.9353
0.026245,0.0022888,4.9304
0.02655,0.0030518,4.9182
0.026855,0.0032043,4.9268
0.026398,0.0041199,4.9219
0.02533,0.0022888,4.917
0.025787,-0.0012207,4.9194
0.026093,-0.0056458,4.9255
0.026855,-0.0079346,4.9133
0.02655,-0.0083923,4.9158
0.026398,-0.0080872,4.9146
0.024109,-0.0059509,4.9109
0.02121,-0.0048828,4.9121
0.019989,-0.0041199,4.9146
0.018921,-0.0033569,4.9121
0.018463,-0.0032043,4.9084
0.020142,-0.0021362,4.9133
0.021057,-0.00015259,4.9146
0.023956,0.0019836,4.9109
0.025635,0.0038147,4.917
0.026093,0.0024414,4.9182
0.028229,0.0035095,4.9084
0.028534,0.0022888,4.9097
0.032806,0.0010681,4.9097
0.028687,0.00061035,4.9097
0.027466,0.0013733,4.8914
0.025635,0.00045776,4.9084
0.023499,0.0012207,4.9146
0.021057,-0.00076294,4.9158
0.018463,-0.0035095,4.9207
0.016632,-0.0076294,4.9207
0.018311,-0.010529,4.9292
0.018921,-0.012054,4.9268
0.020447,-0.010681,4.9255
0.020752,-0.0094604,4.9426
0.016632,-0.0093079,4.9292
0.020294,-0.012054,4.9329
0.018311,-0.010986,4.9329
0.020752,-0.014496,4.9231
0.019379,-0.012817,4.9243
0.020447,-0.0091553,4.928
0.02182,-0.0054932,4.9316
0.022583,-0.0041199,4.9304
0.025024,-0.0042725,4.9304
0.024261,-0.005188,4.9377
0.026245,-0.0048828,4.9353
0.029297,-0.00076294,4.9341
0.032806,0.0010681,4.9304
0.034485,0.0039673,4.9365
0.035248,0.0061035,4.928
0.035706,0.0068665,4.9304
0.035095,0.0056458,4.9292
0.032654,0.0045776,4.9304
0.032654,0.0030518,4.9316
0.032043,0.0015259,4.9243
0.031586,0.0015259,4.9329
0.030518,0.0019836,4.9207
0.029297,0.0036621,4.9097
0.029449,0.0045776,4.9158
0.025482,0.0039673,4.9133
0.024567,0.0028992,4.9109
0.024872,0.0018311,4.9146
0.02533,0.00030518,4.9109
0.025787,0.00076294,4.9109
0.02533,0.0016785,0.036621
0.024414,0,0.043945
0.022583,0.0027466,0.037842
0.020599,0.00030518,0.042725
0.017242,-0.0028992,0.042725
0.013275,-0.0047302,0.042725
0.011749,-0.0067139,0.048828
0.0082397,-0.0056458,0.043945
0.0048828,-0.0038147,0.047607
0.0035095,-0.0028992,0.041504
0.0045776,-0.0022888,0.037842
0.0090027,-0.0041199,0.048828
0.013275,-0.0059509,0.048828
0.017853,-0.0068665,0.047607
0.020599,-0.0048828,0.054932
0.02182,-0.0027466,0.054932
0.020752,-0.00015259,0.056152
0.019836,0.00045776,0.048828
0.018463,-0.00076294,0.061035
0.018616,-0.0010681,0.057373
0.019989,-0.0021362,0.064697
0.020599,0,0.064697
0.020142,0.0021362,0.065918
0.018768,0.0050354,0.061035
0.0177,0.0041199,0.064697
0.016022,0.0036621,0.067139
0.016937,0.00045776,0.062256
0.0177,0.0028992,0.075684
0.018921,0.0041199,0.065918
0.0177,0.0071716,0.059814
0.016785,0.0090027,0.061035
0.015869,0.0079346,0.063477
0.011444,0.0064087,0.058594
0.011444,0.0054932,0.059814
0.011139,0.0047302,0.054932
0.010986,0.0053406,0.057373
0.010529,0.0065613,0.05127
0.0079346,0.0065613,0.05249
0.0054932,0.0073242,0.050049
0.0038147,0.0065613,0.05127
0.0018311,0.0054932,0.048828
0.0022888,0.0062561,0.047607
0.0032043,0.0032043,0.05249
0.0045776,0.0028992,0.045166
0.0048828,0.0053406,0.041504
0.0053406,0.0032043,0.043945
0.0047302,0.0032043,0.024414
0.0059509,0.0022888,0.036621
0.0074768,0.0038147,0.039063
0.009613,0.0038147,0.039063
0.01236,0.0041199,0.037842
0.014648,0.005188,0.036621
0.016022,0.0059509,0.040283
0.015106,0.0056458,0.039063
0.014648,0.0061035,0.039063
0.014038,0.0048828,0.040283
0.014191,0.0019836,0.043945
0.018311,-0.00061035,0.039063
0.017853,-0.0019836,0.045166
0.017395,-0.00061035,0.046387
0.017395,0.0012207,0.050049
0.01709,0.0022888,0.058594
0.017242,0.0015259,0.050049
0.021667,0.00061035,0.065918
0.020447,-0.0045776,0.057373
0.022278,0.0018311,0.048828
0.023346,0.0042725,0.058594
0.022583,0.0073242,0.059814
0.020905,0.0088501,0.061035
0.018768,0.0099182,0.062256
0.018768,0.0093079,0.057373
0.019531,0.0086975,0.063477
0.02243,0.0088501,0.057373
0.024261,0.0080872,0.061035
0.025024,0.0064087,0.061035
0.024872,0.0041199,0.065918
0.023041,0.0013733,0.068359
0.022125,-0.0010681,0.065918
0.02243,-0.0032043,3.8684
0.022583,-0.0050354,4.8706
0.021057,-0.0068665,4.9255
0.018158,-0.0071716,4.9304
0.015106,-0.0076294,4.9304
0.010986,-0.0065613,4.9255
0.010376,-0.0062561,4.9219
0.010834,-0.0065613,4.9182
0.013733,-0.0076294,4.9207
0.01709,-0.0082397,4.9182
0.019073,-0.0086975,4.9207
0.019531,-0.007019,4.9146
0.019531,-0.005188,4.9182
0.020447,-0.0027466,4.9121
0.023193,-0.0012207,4.9146
0.027618,-0.0013733,4.9146
0.029755,-0.0021362,4.9109
0.031891,-0.0015259,4.9121
0.032043,-0.00061035,4.9109
0.03067,-0.00030518,4.9219
0.028687,-0.0015259,4.9097
0.028687,-0.0032043,4.9121
0.029144,-0.0061035,4.9084
0.030975,-0.0045776,4.8938
0.031433,-0.0062561,4.9072
0.03006,-0.0042725,4.9097
0.029297,-0.0027466,4.906
0.02655,-0.002594,4.9109
0.025024,-0.0030518,4.9121
0.026398,-0.0050354,4.9146
0.027924,-0.0047302,4.9158
0.030212,-0.0038147,4.906
0.029602,-0.00015259,4.9182
0.027924,0.0024414,4.9292
0.023346,0.0039673,4.9268
0.019989,0.0045776,4.9292
0.018616,0.0041199,4.9353
0.019226,0.0036621,4.939
0.021515,0.0039673,4.9304
0.02182,0.004425,4.9353
0.021973,0.0062561,4.9402
0.021057,0.0068665,4.9304
0.019836,0.0067139,4.9316
0.020142,0.0065613,4.9316
0.021362,0.0047302,4.9316
0.023193,0.0042725,4.9304
0.023651,0.002594,4.9377
0.022888,0,4.9341
0.020294,-0.0012207,4.9414
0.016327,-0.0039673,4.9316
0.01297,-0.0064087,4.9341
0.01297,-0.0080872,4.928
0.015411,-0.0080872,4.9304
0.017548,-0.0097656,4.9255
0.017395,-0.0097656,4.9304
0.018311,-0.0086975,4.9329
0.017548,-0.0050354,4.9243
0.016785,-0.0033569,4.9231
0.015564,-0.0013733,4.9194
0.017242,-0.00091553,4.9048
0.018158,-0.0067139,4.9158
0.018921,-0.0097656,4.9133
0.018005,-0.015106,4.9133
0.014801,-0.017395,4.9133
0.010681,-0.016632,4.9097
0.0090027,-0.014191,4.9121
0.010223,-0.009613,4.9084
0.014801,-0.010071,4.9121
0.018158,-0.0074768,4.9072
0.020447,-0.0079346,4.9011
0.020294,-0.0093079,4.9133
0.022736,-0.0088501,4.9133
0.024109,-0.0086975,4.9048
0.026245,-0.0073242,0.042725
0.028534,-0.007019,0.037842
0.031891,-0.0082397,0.041504
0.030518,-0.0094604,0.047607
0.029449,-0.0099182,0.046387
0.025024,-0.0097656,0.042725
0.021667,-0.0080872,0.048828
0.020447,-0.0056458,0.047607
0.023041,-0.0047302,0.05127
0.027161,-0.0079346,0.056152
0.030365,-0.007782,0.054932
0.031738,-0.010223,0.064697
0.030365,-0.012207,0.057373
0.026245,-0.010223,0.063477
0.02243,-0.0074768,0.061035
0.017548,-0.0047302,0.063477
0.015717,-0.0012207,0.057373
0.013428,0,0.063477
0.012512,-0.00045776,0.075684
0.009613,-0.0039673,0.064697
0.0086975,-0.0064087,0.065918
0.0093079,-0.0086975,0.065918
0.013123,-0.010529,0.048828
0.019989,-0.011444,0.063477
0.024109,-0.010986,0.067139
0.029144,-0.011292,0.063477
0.029755,-0.0065613,0.062256
0.028076,-0.0068665,0.057373
0.025177,-0.0019836,0.054932
0.021667,0.00091553,0.054932
0.02182,0.0018311,0.053711
0.02121,-0.0012207,0.047607
0.020447,-0.0068665,0.056152
0.018311,-0.010681,0.046387
0.016174,-0.012054,0.047607
0.014954,-0.007782,0.05127
0.016327,-0.0030518,0.046387
0.016785,0.0015259,0.048828
0.020142,0.0042725,0.039063
0.022736,0.002594,0.046387
0.025787,0.0027466,0.040283
0.026398,0.0012207,0.024414
0.026245,0.0057983,0.040283
0.024872,0.01236,0.036621
0.024872,0.017242,0.040283
0.023193,0.019684,0.039063
0.021362,0.016937,0.039063
0.016479,0.011749,0.039063
0.010986,0.007782,0.046387
0.0067139,0.0041199,0.041504
0.00091553,0.0022888,0.037842
-0.0012207,0.00076294,0.042725
-0.00091553,-0.0032043,0.046387
0.0015259,-0.0094604,0.047607
0.0059509,-0.017242,0.059814
0.0085449,-0.021515,0.05127
0.0099182,-0.019684,0.061035
0.011292,-0.015411,0.054932
0.010834,-0.0041199,0.05127
0.012207,0.0062561,0.057373
0.015106,0.014954,0.057373
0.014954,0.021973,0.058594
0.020294,0.028687,0.062256
0.022888,0.033722,0.061035
0.02594,0.033722,0.061035
0.027008,0.03067,0.057373
0.030518,0.024872,0.064697
0.033722,0.017242,0.058594
0.0354,0.013428,0.064697
0.0354,0.0094604,0.067139
0.032196,0.0090027,0.068359
0.026703,0.009613,0.065918
0.018616,0.0097656,0.064697
0.0082397,0.010071,0.072021
0.00061035,0.007782,0.064697
-0.0036621,0.0057983,0.068359
-0.0056458,0.0028992,0.059814
-0.0039673,0.00076294,2.9993
-0.00061035,-0.002594,4.8035
0.0039673,-0.0048828,4.9109
0.0068665,-0.0050354,4.9182
0.0083923,-0.0013733,4.9207
0.011292,0.0032043,4.9109
0.011444,0.007782,4.9207
0.010681,0.0099182,4.9158
0.0083923,0.0091553,4.9146
0.0041199,0.0086975,4.8914
-0.00091553,0.0086975,4.9133
-0.0054932,0.0090027,4.9084
-0.0082397,0.009613,4.9121
-0.0073242,0.010529,4.917
-0.005188,0.0085449,4.9084
0,0.0062561,4.8975
0.004425,0.0039673,4.9097
0.0094604,0.005188,4.8962
0.013123,0.0090027,4.906
0.016632,0.013428,4.9097
0.020447,0.015106,4.9121
0.022888,0.014343,4.9121
0.024872,0.011292,4.9097
0.028381,0.0079346,4.9146
0.02533,0.0059509,4.9146
0.023804,0.0057983,4.9207
0.021057,0.0059509,4.906
0.019226,0.0047302,4.9255
0.021667,0.0030518,4.9231
0.022888,-0.00030518,4.9255
0.023346,-0.0027466,4.9268
0.025177,-0.0041199,4.9316
0.024719,-0.0036621,4.9329
0.024719,-0.00061035,4.9341
0.024414,0.0015259,4.9451
0.024567,0.0030518,4.9292
0.023346,0.0024414,4.9219
0.02182,0.002594,4.9353
0.018616,0.0018311,4.9316
0.012054,0.0016785,4.9292
0.011444,0.0013733,4.9341
0.0085449,0.00091553,4.9353
0.0083923,-0.00061035,4.9377
0.010223,-0.0019836,4.9353
0.01297,-0.0053406,4.9353
0.017853,-0.0071716,4.9304
0.021667,-0.0074768,4.9316
0.025177,-0.0062561,4.9207
0.02594,-0.004425,4.9304
0.029755,-0.00030518,4.9268
0.032654,0.0012207,4.9243
0.033417,0.00030518,4.9207
0.033417,-0.00091553,4.9182
0.032043,-0.00091553,4.917
0.030823,0.00061035,4.9182
0.030518,0.0033569,4.9158
0.031281,0.0053406,4.9146
0.032654,0.0057983,4.917
0.034027,0.0030518,4.917
0.036774,0.00030518,4.9109
0.037384,-0.0041199,4.9072
0.037537,-0.0048828,4.9084
0.035553,-0.0064087,4.906
0.031433,-0.004425,4.9109
0.029144,-0.0028992,4.9146
0.026703,-0.0021362,4.9133
0.023499,-0.0028992,4.9097
0.022888,-0.0056458,4.9133
0.023041,-0.0082397,4.9268
0.025635,-0.0083923,4.9097
0.025635,-0.0082397,4.9219
0.02655,-0.0074768,4.9133
0.027771,-0.0071716,4.8999
0.029297,-0.0074768,4.9158
0.030365,-0.0083923,0.05127
0.032654,-0.0090027,0.05127
0.031433,-0.0082397,0.054932
0.03006,-0.0048828,0.053711
0.028687,-0.00045776,0.062256
0.029755,0.0053406,0.059814
0.031281,0.012207,0.059814
0.033264,0.015564,0.063477
0.034637,0.016785,0.063477
0.036163,0.015106,0.062256
0.037079,0.011749,0.063477
0.037079,0.0080872,0.072021
0.036774,0.004425,0.062256
0.034485,0.0019836,0.063477
0.030975,0.00030518,0.064697
0.028534,-0.0022888,0.070801
0.02594,-0.0032043,0.064697
0.02594,-0.0041199,0.063477
0.02533,-0.0028992,0.064697
0.02594,0.0012207,0.064697
0.027313,0.0042725,0.057373
0.028839,0.0073242,0.058594
0.03067,0.0080872,0.057373
0.031891,0.0047302,0.053711
0.033112,0.00091553,0.050049
0.032806,-0.00015259,0.05249
0.032043,-0.004425,0.043945
0.031281,-0.0039673,0.053711
0.027771,-0.0013733,0.046387
0.027771,-0.00015259,0.046387
0.027618,-0.0012207,0.054932
0.027161,-0.0032043,0.047607
0.026093,-0.0048828,0.053711
0.025024,-0.0039673,0.041504
0.023956,-0.00076294,0.031738
0.024109,0.0010681,0.041504
0.024261,0.0035095,0.037842
0.023956,0.0024414,0.023193
0.023041,-0.0021362,0.041504
0.022125,-0.004425,0.036621
0.019379,-0.0071716,0.039063
0.018463,-0.0079346,0.037842
0.018768,-0.0074768,0.042725
0.020294,-0.0050354,0.037842
0.022125,-0.0027466,0.041504
0.024567,-0.00091553,0.047607
0.02655,-0.00030518,0.047607
0.028992,-0.00076294,0.047607
0.030365,0.00030518,0.05249
0.031891,0.00045776,0.05249
0.032806,0.0016785,0.053711
0.033417,0.0016785,0.058594
0.033875,-0.00015259,0.057373
0.034637,-0.0030518,0.05249
0.033417,-0.0062561,0.061035
0.030975,-0.0073242,0.062256
0.030823,-0.0080872,0.062256
0.028687,-0.0061035,0.061035
0.027771,-0.0093079,0.05249
0.02533,-0.010529,0.062256
0.023956,-0.010376,0.061035
0.022583,-0.0094604,0.065918
0.020447,-0.0056458,0.064697
0.019531,-0.0056458,0.06958
0.018005,-0.0036621,0.064697
0.01709,-0.0038147,0.065918
0.017242,-0.0053406,0.080566
0.018616,-0.0071716,0.064697
0.019989,-0.0071716,0.061035
0.019379,-0.005188,0.058594
0.022736,-0.0013733,0.036621
0.023651,-0.0010681,0.05249
0.025787,0.0039673,0.054932
0.02655,0.0035095,0.048828
0.027618,0.0027466,0.047607
0.026855,0.0013733,0.046387
0.024719,0.0013733,0.4187
0.024567,0.0013733,4.6558
0.017548,0.0024414,4.8962
0.014648,0.0021362,4.9084
0.013885,0.0028992,4.9072
0.013428,0.00045776,4.9133
0.014496,-0.0015259,4.9109
0.014801,-0.0033569,4.9097
0.014954,-0.0039673,4.9109
0.014496,-0.0059509,4.9109
0.014496,-0.0074768,4.9133
0.013275,-0.0091553,4.9109
0.011597,-0.010986,4.9084
0.010986,-0.012817,4.9084
0.0099182,-0.013428,4.9036
0.0080872,-0.01358,4.9146
0.0091553,-0.011139,4.9097
0.0088501,-0.0083923,4.9109
0.0094604,-0.0064087,4.9109
0.0094604,-0.0050354,4.917
0.0097656,-0.0021362,4.9194
0.011292,-0.0019836,4.9231
0.013123,-0.0019836,4.9231
0.014496,-0.0018311,4.9268
0.014191,-0.0021362,4.9304
0.014648,-0.00030518,4.928
0.014801,0.0019836,4.9414
0.015259,0.0045776,4.9329
0.016022,0.0065613,4.9353
0.01709,0.0059509,4.9329
0.018005,0.0088501,4.928
0.018921,0.0071716,4.9329
0.019379,0.0085449,4.9329
0.019379,0.0086975,4.9304
0.019989,0.0071716,4.9341
0.020142,0.0041199,4.9341
0.019226,-0.0021362,4.9402
0.02121,-0.0067139,4.9316
0.020905,-0.0094604,4.9365
0.019073,-0.0061035,4.9304
0.018311,-0.0015259,4.9329
0.014038,0.00091553,4.9292
0.011749,0.0024414,4.9304
0.010071,0.00045776,4.9255
0.0093079,-0.0012207,4.9255
0.0086975,-0.00061035,4.9304
0.0091553,-0.0016785,4.9182
0.0079346,-0.00091553,4.9268
0.0080872,-0.00045776,4.917
0.0091553,-0.00061035,4.9158
0.011139,-0.0030518,4.9097
