0.025024,-0.0050354,4.9341
0.023041,-0.0024414,4.9304
0.02243,0.00030518,4.9377
0.023499,0.0012207,4.939
0.023499,-0.00076294,4.9426
0.024109,-0.0042725,4.9353
0.023956,-0.0061035,4.9487
0.022888,-0.0065613,4.9316
0.02182,-0.0035095,4.9182
0.020599,0,4.9292
0.021362,0.0035095,4.9243
0.023193,0.0036621,4.9207
0.021667,0.00076294,4.9255
0.022888,-0.0016785,4.9219
0.020599,-0.0038147,0.045166
0.016327,-0.0033569,0.046387
0.016327,-0.0021362,0.047607
0.016327,-0.00091553,0.045166
0.019073,-0.0010681,0.045166
0.020142,-0.0032043,0.043945
0.022125,-0.0061035,0.042725
0.023651,-0.0071716,0.046387
0.023193,-0.004425,0.042725
0.022583,-0.00061035,0.043945
0.02243,0.0041199,0.040283
0.023956,0.0067139,0.0354
0.025787,0.0065613,0.039063
0.027161,0.0039673,0.036621
0.027618,0.0012207,0.037842
0.026703,-0.0010681,0.040283
0.026093,-0.00076294,0.039063
0.025787,0.00091553,0.041504
0.026398,0.0016785,0.040283
0.028839,0.00091553,0.046387
0.029602,-0.0012207,0.045166
0.029755,-0.0041199,0.05249
0.026855,-0.0050354,0.054932
0.025177,-0.0048828,0.056152
0.02243,-0.0024414,0.056152
0.019073,-0.0013733,0.062256
0.019379,-0.00076294,0.061035
0.018768,-0.0022888,0.059814
0.019226,-0.0047302,0.072021
0.018463,-0.0053406,0.061035
0.017395,-0.0045776,0.05127
0.017395,-0.0016785,0.059814
0.018921,0.0022888,0.061035
0.020599,0.0045776,0.062256
0.024567,0.004425,0.062256
0.026398,0.0024414,0.061035
0.028839,0.00061035,0.068359
0.029144,0.0013733,0.064697
0.028992,0.0030518,0.068359
0.028229,0.0062561,0.063477
0.028381,0.0088501,0.067139
0.028229,0.010071,0.059814
0.028839,0.007782,0.057373
0.029144,0.0048828,0.072021
0.028687,0.0036621,0.054932
0.028229,0.0032043,0.048828
0.026093,0.0033569,0.05249
0.024261,0.0038147,0.030518
0.023651,0.002594,0.043945
0.023956,-0.00045776,0.048828
0.024414,-0.0035095,0.041504
0.024109,-0.0064087,0.043945
0.022888,-0.0076294,0.041504
0.02182,-0.0064087,0.042725
0.021057,-0.0038147,0.036621
0.020599,-0.00045776,0.041504
0.024567,0.00045776,0.037842
0.024109,0.00030518,0.045166
0.02594,-0.00045776,0.039063
0.026245,-0.00091553,0.037842
0.025177,0.00061035,0.039063
0.024109,0.0038147,0.041504
0.025177,0.0071716,0.040283
0.025482,0.0088501,0.041504
0.027466,0.0093079,0.047607
0.028839,0.0076294,0.041504
0.029449,0.0059509,0.032959
0.029144,0.007019,0.047607
0.028687,0.0088501,0.048828
0.027771,0.011749,0.050049
0.028839,0.014038,0.05249
0.029755,0.01358,0.053711
0.030975,0.010986,0.056152
0.031891,0.0082397,0.056152
0.030975,0.0062561,0.062256
0.029602,0.0059509,0.057373
0.027618,0.0076294,0.064697
0.025177,0.009613,0.063477
0.024414,0.0085449,0.063477
0.024567,0.0097656,0.072021
0.025177,0.0073242,0.062256
0.024414,0.0050354,0.064697
0.022736,0.0057983,0.063477
0.021667,0.0068665,0.061035
0.020599,0.0090027,0.064697
0.019989,0.010986,0.065918
0.019836,0.010223,0.062256
0.020294,0.0080872,0.067139
0.020447,0.0057983,0.061035
0.020142,0.0041199,0.057373
0.018463,0.0050354,0.057373
0.016785,0.0057983,0.057373
0.015411,0.0094604,0.05249
0.015106,0.0097656,0.053711
0.015259,0.0088501,0.05127
0.015869,0.0053406,0.048828
0.015564,0.0024414,0.043945
0.016632,0.0010681,0.046387
0.016327,0.0030518,0.058594
0.016327,0.0042725,0.043945
0.016327,0.0039673,0.054932
0.016937,0.0028992,0.043945
0.018616,0.0013733,0.031738
0.020599,-0.00061035,0.0354
0.021973,-0.00061035,0.042725
0.022278,0.00045776,0.037842
0.022583,0.0024414,0.037842
0.022888,0.0048828,0.029297
0.022583,0.0027466,0.037842
0.023804,0.0045776,0.039063
0.024414,0.0032043,0.039063
0.025482,0.002594,0.036621
0.026093,0.0036621,0.043945
0.024414,0.0054932,0.042725
0.023346,0.0071716,0.045166
0.022736,0.0090027,0.056152
0.023346,0.0071716,0.048828
0.023193,0.0054932,0.050049
0.023346,0.0038147,4.5569
0.022888,0.0021362,4.8926
0.022888,0.0022888,4.9207
0.022888,0.0045776,4.9365
0.023193,0.0056458,4.9292
0.022736,0.0056458,4.9304
0.022888,0.0047302,4.928
0.021973,0.0024414,4.9316
0.022125,0.0015259,4.9329
0.021057,0.0016785,4.9329
0.02121,0.0030518,4.928
0.021362,0.0041199,4.9365
0.02182,0.0041199,4.9292
0.020599,0.0021362,4.9353
0.020752,0.00076294,4.9329
0.019684,-0.00091553,4.9377
0.018158,0.0018311,4.9438
0.018768,0.00030518,4.9365
0.017395,0.00091553,4.939
0.015869,-0.00045776,4.9255
0.014801,0.0010681,4.9182
0.014191,-0.00015259,4.9243
0.014191,-0.0016785,4.9207
0.015564,0.00076294,4.9194
0.013275,-0.0018311,4.9219
0.014648,-0.00045776,4.9158
0.015411,-0.00091553,4.9194
0.016174,-0.0019836,4.9133
0.0177,-0.0036621,4.9158
0.018768,-0.0039673,4.9084
0.019379,-0.0035095,4.9109
0.018463,-0.00061035,4.9158
0.019226,0.0010681,4.9146
0.019989,0.0028992,4.9097
0.017395,0.0024414,4.9146
0.020905,0.00076294,4.8999
0.02121,-0.0013733,4.9109
0.021667,-0.002594,4.9084
0.023041,-0.0032043,4.9084
0.023346,-0.0024414,4.906
0.024261,-0.0015259,4.9084
0.023651,-0.0012207,4.9048
0.022888,-0.002594,4.9109
0.022278,-0.0027466,4.9109
0.020294,-0.0032043,4.9121
0.020294,-0.0042725,4.9158
0.016632,-0.0016785,4.9219
0.019684,0.00076294,4.9182
0.017853,0.0012207,4.9207
0.017853,0.0035095,4.928
0.01709,-0.00091553,4.9243
0.015869,-0.0032043,4.9304
0.015259,-0.0054932,4.9402
0.016174,-0.005188,4.9304
0.016937,-0.0042725,4.9353
0.0177,-0.002594,4.9329
0.017853,-0.0013733,4.9182
0.018463,-0.0033569,4.928
0.017853,-0.0047302,4.9329
0.019226,-0.0059509,4.9329
0.020142,-0.0079346,4.9329
0.019531,-0.0036621,4.9304
0.021667,-0.0021362,4.9353
0.022125,-0.00015259,4.9365
0.02243,0.00061035,4.9341
0.021362,-0.00076294,4.9329
0.021057,-0.00061035,4.9353
0.02182,-0.0012207,4.928
0.022583,-0.00061035,4.9304
0.022278,0.00045776,4.9353
0.021973,0.00030518,4.9329
0.021667,0.00030518,4.9243
0.020599,-0.0013733,4.9219
0.019836,-0.00030518,4.9304
0.019684,-0.00091553,4.9158
0.019684,-0.0013733,4.9048
0.018768,0.0012207,4.917
0.018921,0.0016785,4.917
0.019073,0.0028992,4.9146
0.018311,-0.00061035,4.9121
0.016479,-0.0022888,4.9097
0.015717,-0.0042725,4.9109
0.013733,-0.0039673,4.9036
0.01297,-0.00076294,4.9109
0.01236,-0.0024414,4.9121
0.012665,-0.0035095,4.9109
0.011749,-0.0039673,4.9097
0.010834,-0.0062561,4.9097
0.011749,-0.0042725,4.9207
0.012665,-0.0024414,4.9133
0.013733,-0.0015259,4.9219
0.016174,0.00091553,4.9121
0.018463,0.0010681,4.906
0.019226,0.00061035,4.9207
0.02121,0,4.9158
0.020905,-0.00061035,4.9182
0.021057,-0.00015259,4.9194
0.02182,-0.0021362,4.9219
0.021515,-0.00030518,4.928
0.02121,0,4.928
0.020752,-0.0010681,4.9353
0.020294,-0.0027466,4.9316
0.019989,-0.0030518,4.9341
0.020599,-0.0028992,4.9316
0.021667,-0.0032043,4.9353
0.022736,-0.002594,4.9316
0.025177,-0.00045776,4.9304
0.026855,0.00015259,4.9329
0.027161,0.00045776,4.9353
0.027161,0.0012207,0.075684
0.027771,0.0019836,0.067139
0.027924,0.0033569,0.073242
0.028076,0.0032043,0.062256
0.029297,0.0030518,0.065918
0.02594,0.0027466,0.053711
0.022125,0.0010681,0.059814
0.020905,0.0010681,0.056152
0.0177,-0.0012207,0.057373
0.015411,-0.0021362,0.05249
0.01358,-0.0035095,0.057373
0.012665,-0.0039673,0.050049
0.012817,-0.004425,0.050049
0.012665,-0.0064087,0.046387
0.011902,-0.0080872,0.046387
0.012207,-0.009613,0.063477
0.012512,-0.009613,0.041504
0.012817,-0.0082397,0.047607
0.013885,-0.0076294,0.043945
0.014801,-0.0053406,0.028076
0.017242,-0.0035095,0.037842
0.017395,-0.0022888,0.039063
0.017853,0.00061035,0.040283
0.019684,0.002594,0.040283
0.02121,0.0047302,0.032959
0.023804,0.0042725,0.042725
0.024719,0.0065613,0.039063
0.02533,0.0056458,0.041504
0.026093,0.0050354,0.036621
0.026093,0.0022888,0.043945
0.025024,0.0012207,0.046387
0.02533,-0.0010681,0.047607
0.024567,-0.0022888,0.05127
0.022583,-0.0021362,0.05127
0.022278,-0.0024414,0.05249
0.020447,-0.0030518,0.054932
0.017853,-0.0024414,0.061035
0.016327,-0.0015259,0.056152
0.014496,0.00030518,0.061035
0.014038,0.00091553,0.062256
0.01297,0.0016785,0.062256
0.012817,0.0015259,0.059814
0.012512,0.0010681,0.065918
0.012665,0.00045776,0.058594
0.014038,-0.00015259,0.061035
0.016174,0.0019836,0.061035
0.018616,0.0039673,0.063477
0.02243,0.0062561,0.063477
0.025024,0.0082397,0.068359
0.028229,0.0094604,0.064697
0.029602,0.010071,0.068359
0.030975,0.010834,0.073242
0.032501,0.013733,0.064697
0.032196,0.015564,0.070801
0.031586,0.01358,0.061035
0.028534,0.014954,0.045166
0.026093,0.011902,0.054932
0.023804,0.0079346,0.053711
0.020142,0.0047302,0.040283
0.018616,0.0021362,0.045166
0.017242,0.00015259,0.043945
0.01709,-0.0022888,0.048828
0.016785,-0.0050354,0.043945
0.016937,-0.0083923,0.047607
0.016632,-0.011749,0.041504
0.015717,-0.013428,0.043945
0.014801,-0.01358,0.043945
0.015564,-0.010834,0.042725
0.015717,-0.0082397,0.037842
0.016632,-0.0042725,0.031738
0.015106,-0.0016785,0.042725
0.017548,0.0016785,0.040283
0.018921,0.0048828,0.043945
0.019836,0.0080872,0.041504
0.021973,0.01236,0.030518
0.024261,0.012665,0.036621
0.027313,0.013123,0.045166
0.029297,0.011597,0.039063
0.031128,0.010223,0.041504
0.033569,0.0083923,0.040283
0.034485,0.0083923,0.047607
0.034637,0.0079346,0.050049
0.037231,0.010681,0.053711
0.038452,0.012207,0.05127
0.0383,0.014954,0.061035
0.037689,0.015717,0.056152
0.035095,0.016479,0.062256
0.034027,0.015717,0.073242
0.032349,0.014038,0.061035
0.032349,0.010376,0.064697
0.028687,0.0067139,0.061035
0.027008,0.0035095,0.05249
0.025024,0.00030518,0.059814
0.022125,-0.0036621,0.061035
0.019989,-0.0064087,0.062256
0.017395,-0.0076294,0.064697
0.016022,-0.0085449,0.062256
0.014038,-0.0068665,0.068359
0.012665,-0.0041199,0.063477
0.015106,0.00015259,0.064697
0.012665,0.0010681,0.059814
0.014191,0.0035095,0.062256
0.016632,0.0045776,0.047607
0.017853,0.0068665,0.058594
0.020294,0.007782,0.056152
0.02182,0.0088501,0.054932
0.023499,0.010376,0.059814
0.027771,0.010681,0.050049
0.028839,0.010376,0.061035
0.031738,0.0097656,0.046387
0.034485,0.0090027,0.037842
0.037994,0.0071716,0.041504
0.040436,0.0067139,0.039063
0.041504,0.0061035,0.040283
0.042725,0.0048828,0.042725
0.041504,0.002594,0.037842
0.041199,0.0010681,0.041504
0.039673,0.0012207,4.2737
0.034637,0.0013733,4.8694
0.034637,0.0032043,4.9036
0.032654,0.0041199,4.9109
0.03006,0.0091553,4.9121
0.028381,0.0056458,4.9121
0.027466,0.0062561,4.9133
0.027161,0.0062561,4.9109
0.026398,0.007019,4.9158
0.024872,0.007019,4.9121
0.023956,0.0064087,4.9097
0.02182,0.0059509,4.9194
0.020294,0.0054932,4.9231
0.018463,0.0036621,4.9207
0.018005,0.0033569,4.9243
0.017853,0.0028992,4.9268
0.018158,0.0053406,4.9255
0.018158,0.0035095,4.9268
0.019684,0.002594,4.9341
0.021362,0.0042725,4.9329
0.022583,0.0035095,4.9329
0.024872,0.0032043,4.9316
0.02655,0.0028992,4.9329
0.027618,0.0016785,4.9304
0.027618,0.0030518,4.9329
0.029449,0.0021362,4.9414
0.03006,0.0019836,4.9377
0.033875,0.0027466,4.9365
0.031586,0.0030518,4.9377
0.032501,0.0030518,4.9194
0.032349,0.0027466,4.9304
0.036163,0.0012207,4.9353
0.031281,-0.0016785,4.9329
0.028839,-0.0030518,4.9304
0.026703,-0.0074768,4.9255
0.024261,-0.0056458,4.928
0.022583,-0.0053406,4.9207
0.021362,-0.0038147,4.9231
0.019836,-0.0035095,4.9133
0.019073,-0.002594,4.9219
0.017242,-0.0012207,4.9158
0.017242,-0.00045776,4.9194
0.0177,0.00091553,4.9194
0.018768,0.0019836,4.9146
0.019684,0.0027466,4.9133
0.020447,0.0027466,4.9158
0.021362,0.0022888,4.9011
0.02243,0.0021362,4.9097
0.023346,0.0030518,4.917
0.027313,0.004425,4.906
0.026245,0.0061035,4.9097
0.028076,0.0085449,4.906
0.028839,0.010223,4.9084
0.028992,0.011292,4.906
0.028992,0.011444,4.9097
0.028381,0.010223,4.9109
0.027313,0.0083923,4.917
0.027771,0.0071716,4.9146
0.026855,0.0045776,4.9158
0.026245,0.0019836,4.9146
0.023956,-0.0022888,4.9219
0.022736,-0.0030518,4.9292
0.021515,-0.004425,4.9243
0.019989,-0.0047302,4.9377
0.017242,-0.0039673,4.9304
0.018158,-0.0021362,4.9219
0.01709,-0.0013733,4.9316
0.016632,-0.0010681,4.9304
0.015259,-0.0012207,4.9304
0.014496,-0.0021362,4.9316
0.014801,-0.0030518,4.9341
0.016022,-0.0067139,4.9316
0.016327,-0.0035095,4.9292
0.018158,-0.0036621,4.9341
0.018005,-0.0039673,4.9316
0.0177,-0.0056458,4.9365
0.016632,-0.0036621,4.9365
0.016632,-0.0027466,4.9402
0.017242,-0.00076294,4.9353
0.018311,0.0018311,4.9353
0.020294,0.0035095,4.9292
0.02182,0.0050354,4.9292
0.022736,0.0059509,4.9329
0.023041,0.0054932,4.9268
0.023499,0.0039673,4.9219
0.023193,0.0027466,4.9182
0.023804,0.00030518,4.9207
0.022888,-0.0016785,4.9207
0.02243,-0.0028992,4.9158
0.02121,-0.0042725,4.9158
0.018616,-0.005188,4.9158
0.016937,-0.0064087,4.9097
0.014648,-0.0074768,4.9109
0.014954,-0.0074768,4.9109
0.015411,-0.007782,4.9146
0.016327,-0.0067139,4.9072
0.016327,-0.0059509,4.9133
0.016327,-0.004425,4.9255
0.015411,-0.0030518,4.9109
0.014343,-0.002594,4.917
0.013428,-0.0019836,4.9109
0.013885,-0.0027466,4.8999
0.015106,-0.0030518,4.9109
0.015411,-0.0047302,4.9109
0.014801,-0.0057983,4.9109
0.015106,-0.0067139,4.9109
0.011444,-0.0068665,4.9109
0.011902,-0.0064087,4.9182
0.011444,-0.0050354,4.9182
0.013885,-0.004425,4.9219
0.015106,-0.0033569,0.053711
0.016327,-0.0024414,0.057373
0.0177,-0.0015259,0.062256
0.018463,-0.00091553,0.061035
0.019226,-0.00030518,0.076904
0.020905,0.0013733,0.064697
0.022736,0.0027466,0.061035
0.024719,0.0024414,0.062256
0.025482,0.00061035,0.063477
0.025177,-0.0013733,0.056152
0.023651,-0.0039673,0.058594
0.021973,-0.0050354,0.061035
0.020294,-0.004425,0.063477
0.019684,-0.0042725,0.061035
0.016937,-0.002594,0.068359
0.015717,-0.00030518,0.064697
0.015869,-0.0010681,0.065918
0.014954,0.00015259,0.061035
0.014038,0,0.063477
0.012817,-0.00061035,0.059814
0.011139,-0.00015259,0.058594
0.010223,-0.00045776,0.053711
0.0083923,-0.0016785,0.053711
0.0086975,-0.0018311,0.061035
0.0076294,-0.0024414,0.045166
0.0061035,-0.0018311,0.062256
0.0053406,-0.00015259,0.046387
0.0050354,0.0019836,0.036621
0.0059509,0.0041199,0.043945
0.0065613,0.0068665,0.042725
0.0090027,0.0090027,0.040283
0.011597,0.011292,0.043945
0.013275,0.010986,0.037842
0.016632,0.011139,0.042725
0.018005,0.010376,0.03418
0.019836,0.0083923,0.041504
0.020752,0.0056458,0.036621
0.02121,0.002594,0.043945
0.02182,-0.00091553,0.040283
0.020752,-0.00076294,0.042725
0.019684,-0.0080872,0.046387
0.018158,-0.011139,0.042725
0.016937,-0.012207,0.046387
0.016785,-0.011597,0.042725
0.016479,-0.0085449,0.040283
0.016937,-0.0047302,0.047607
0.017548,-0.0019836,0.041504
0.017395,-0.0012207,0.048828
0.015869,-0.0012207,0.056152
0.014954,-0.0021362,0.053711
0.01709,0.00045776,0.058594
0.015259,-0.0022888,0.056152
0.016174,-0.00045776,0.065918
0.018158,0.0016785,0.059814
0.016785,0.0028992,0.062256
0.02182,0.0032043,0.061035
0.023651,0.0033569,0.062256
0.02533,0.0028992,0.057373
0.026703,0.0053406,0.065918
0.028381,0.007782,0.072021
0.030365,0.0099182,0.063477
0.031891,0.010681,0.06958
0.032196,0.0099182,0.06958
0.031586,0.0085449,0.050049
0.030823,0.0059509,0.063477
0.030975,0.0041199,0.067139
0.031433,0.002594,0.058594
0.032196,0.0024414,0.056152
0.033112,0.0021362,0.054932
0.033722,0.0016785,0.054932
0.032349,0.00045776,0.05249
0.031281,-0.00030518,0.05127
0.030975,-0.0012207,0.047607
0.030518,0.00030518,0.05249
0.029755,0.0028992,0.046387
0.028381,0.0062561,0.050049
0.026093,0.0079346,0.05127
0.023499,0.010834,0.043945
0.021515,0.011139,0.040283
0.019531,0.010223,0.042725
0.016785,0.010223,0.031738
0.018158,0.010223,0.037842
0.017395,0.010834,0.037842
0.016632,0.010834,0.040283
0.016327,0.010223,0.039063
0.016174,0.007019,0.036621
0.016937,0.0048828,0.040283
0.018768,0.0032043,0.0354
0.021057,0.0021362,0.042725
0.024414,0.0050354,0.037842
0.026855,0.0073242,0.043945
0.02594,0.0086975,0.041504
0.031586,0.0093079,0.047607
0.032501,0.0093079,0.046387
0.033264,0.0088501,0.050049
0.03479,0.010681,0.059814
0.035095,0.011292,0.056152
0.03479,0.010834,0.063477
0.034943,0.0093079,0.053711
0.03418,0.0073242,0.05127
0.034637,0.0048828,0.059814
0.033722,0.0036621,0.063477
0.032654,0.0047302,0.059814
0.031738,0.0042725,0.062256
0.029907,0.0061035,0.058594
0.027466,0.0071716,0.062256
0.023651,0.0082397,0.061035
0.02243,0.0073242,0.064697
0.019989,0.0071716,0.062256
0.023651,0.0059509,0.065918
0.02121,0.0062561,0.065918
0.02182,0.0067139,0.06958
0.023193,0.0079346,0.06958
0.023804,0.0083923,0.064697
0.024261,0.0068665,0.067139
0.024261,0.005188,0.062256
0.024261,0.0027466,2.3181
0.023956,0.0030518,4.7693
0.024414,0.0035095,4.917
0.024414,0.0041199,4.917
0.025177,0.004425,4.917
0.026093,0.0062561,4.9194
0.028076,0.0027466,4.9194
0.029449,0.0015259,4.9121
0.031128,0.00061035,4.917
0.033264,0.0016785,4.9121
0.033569,0.0018311,4.9146
0.03418,0.0028992,4.9109
0.032654,0.0024414,4.9158
0.033264,0.0013733,4.9109
0.030365,0.00030518,4.9133
0.028839,-0.00045776,4.9194
0.03006,0.0010681,4.9084
0.029297,0.0027466,4.9109
0.03006,0.0038147,4.9109
0.031433,0.0032043,4.8914
0.031891,0.0022888,4.9097
0.031891,-0.00030518,4.9097
0.031433,-0.0024414,4.9109
0.031891,-0.002594,4.9146
0.032501,-0.0045776,4.9084
0.032501,-0.0050354,4.9109
0.031738,-0.0067139,4.9182
0.031128,-0.0062561,4.9072
0.030975,-0.0062561,4.9207
0.030365,-0.0057983,4.9268
0.030823,-0.005188,4.9243
0.031891,-0.0032043,4.9292
0.032501,-0.0015259,4.9329
0.032349,0,4.9304
0.033417,0.00015259,4.9329
0.033569,-0.00091553,4.9353
0.033417,-0.0024414,4.9414
0.033264,-0.0045776,4.9304
0.033264,-0.0054932,4.9231
0.034485,-0.0067139,4.9304
0.03418,-0.0071716,4.9292
0.033264,-0.007782,4.9292
0.032043,-0.0088501,4.939
0.030212,-0.0099182,4.9341
0.028687,-0.011444,4.9341
0.027466,-0.011597,4.9329
0.026245,-0.010834,4.9329
0.02594,-0.0093079,4.9316
0.025177,-0.0082397,4.9268
0.024414,-0.0071716,4.9255
0.024567,-0.0074768,4.9292
0.026245,-0.0067139,4.9292
0.02655,-0.007019,4.9243
0.029755,-0.0062561,4.9182
0.03006,-0.005188,4.917
0.030212,-0.0038147,4.9109
0.030212,-0.0030518,4.917
0.030975,-0.002594,4.9133
0.03006,-0.0032043,4.9109
0.029907,-0.0027466,4.9109
0.029755,-0.0022888,4.9084
0.030365,-0.0019836,4.9097
0.029297,-0.0019836,4.9084
0.030212,-0.0032043,4.9121
0.029755,-0.0038147,4.906
0.029144,-0.0045776,4.9109
0.028381,-0.0059509,4.9109
0.027313,-0.0059509,4.9133
0.02594,-0.007019,4.9109
0.025482,-0.007782,4.9121
0.023956,-0.0045776,4.9133
0.022278,-0.0036621,4.9121
0.021362,-0.0022888,4.9207
0.02121,-0.0013733,4.9182
0.021667,-0.0010681,4.9084
0.022888,-0.00045776,4.9194
0.023041,0.00076294,4.9243
0.022888,0.0021362,4.9255
0.019226,0.0036621,4.9194
0.019226,0.0028992,4.9292
0.018768,0.0035095,4.9365
0.016785,0.0035095,4.9304
0.015411,0.0033569,4.9329
0.014038,0.0028992,4.9292
0.012665,0.0041199,4.9353
0.01236,0.0056458,4.9316
0.011902,0.0065613,4.9329
0.012207,0.0056458,4.9451
0.012054,0.0039673,4.9365
0.012665,0.0012207,4.9292
0.01297,-0.00030518,4.939
0.013733,-0.0016785,4.9243
0.013275,-0.0021362,4.9341
0.012207,-0.0021362,4.9304
0.012054,-0.0018311,4.9304
0.011444,-0.0010681,4.9329
0.010071,-0.00030518,4.9255
0.009613,-0.00061035,4.9268
0.011444,0.0010681,4.9231
0.010529,-0.00015259,4.9219
0.010986,0.002594,4.9158
0.012512,0.0036621,4.9231
0.013123,0.0035095,4.9158
0.013123,0.0019836,4.9207
0.012512,0.00030518,4.917
0.011292,-0.002594,4.917
0.011139,-0.0012207,4.9207
0.010376,-0.0016785,4.917
0.011139,-0.00091553,4.9158
0.0097656,-0.00076294,4.9097
0.010071,-0.0018311,4.9158
0.010529,-0.0024414,0.045166
0.0091553,-0.0035095,0.037842
0.011139,-0.002594,0.037842
0.011749,-0.00061035,0.041504
0.013428,0.0015259,0.042725
0.015411,0.0028992,0.039063
0.013885,0.0041199,0.037842
0.013885,0.0047302,0.045166
0.012817,0.0042725,0.041504
0.012207,0.0047302,0.046387
0.012054,0.0056458,0.046387
0.011444,0.0062561,0.05249
0.01358,0.0071716,0.063477
0.014343,0.0064087,0.054932
0.016327,0.004425,0.062256
0.018463,0.0022888,0.054932
0.018311,0.00030518,0.05249
0.018921,-0.00061035,0.061035
0.018921,0.00015259,0.061035
0.018158,0.00091553,0.062256
0.016632,0.002594,0.062256
0.014191,0.0027466,0.056152
0.011292,0.0010681,0.062256
0.009613,0.0012207,0.059814
0.0080872,0.00030518,0.064697
0.0080872,0.00045776,0.063477
0.0091553,0.0016785,0.065918
0.010986,0.0028992,0.068359
0.011444,0.0033569,0.067139
0.012817,0.0027466,0.067139
0.014496,0.0024414,0.070801
0.016022,0.00091553,0.067139
0.017853,0.0019836,0.053711
0.018768,0.0030518,0.068359
0.019989,0.004425,0.053711
0.018005,0.0056458,0.050049
0.016937,0.0062561,0.048828
0.016327,0.0057983,0.05127
0.016174,0.0059509,0.048828
0.016022,0.0053406,0.047607
0.016937,0.005188,0.041504
0.017242,0.005188,0.046387
0.018768,0.0056458,0.037842
0.018005,0.0059509,0.043945
0.018768,0.0054932,0.042725
0.019836,0.0041199,0.045166
0.019073,0.0033569,0.036621
0.021057,0.0033569,0.041504
0.022278,0.0047302,0.054932
0.02243,0.005188,0.041504
0.02243,0.0064087,0.043945
0.021667,0.0064087,0.040283
0.021057,0.0050354,0.023193
0.019073,0.0061035,0.039063
0.020905,0.0039673,0.037842
0.020752,0.0042725,0.041504
0.021362,0.0079346,0.041504
0.021667,0.007019,0.041504
0.022125,0.007019,0.047607
0.021057,0.0050354,0.05127
0.020905,0.0057983,0.05249
0.02121,0.0019836,0.05127
0.02182,0.0033569,0.058594
0.023499,0.0056458,0.054932
0.024109,0.0076294,0.058594
0.023651,0.0082397,0.064697
0.02243,0.007782,0.061035
0.022736,0.0057983,0.064697
0.022888,0.0041199,0.061035
0.02533,0.004425,0.073242
0.02655,0.0059509,0.062256
0.027313,0.0085449,0.053711
0.026703,0.0082397,0.063477
0.026245,0.0074768,0.062256
0.025787,0.0056458,0.062256
0.026093,0.0064087,0.067139
0.026855,0.0047302,0.063477
0.028076,0.0057983,0.067139
0.028534,0.007782,0.062256
0.028992,0.0082397,0.062256
0.028687,0.0082397,0.058594
0.028992,0.0068665,0.057373
0.028534,0.005188,0.057373
0.029297,0.0050354,0.054932
0.029755,0.0065613,0.057373
0.029755,0.0086975,0.047607
0.028229,0.0085449,0.046387
0.026703,0.010681,0.050049
0.02594,0.0094604,0.036621
0.024872,0.0068665,0.046387
0.023651,0.0036621,0.040283
0.025177,0.0039673,0.040283
0.025024,0.0045776,0.043945
0.024719,0.0057983,0.040283
0.023346,0.0059509,0.040283
0.022888,0.0045776,0.03418
0.022278,0.0015259,0.042725
0.021667,-0.0010681,0.037842
0.020599,-0.0019836,0.042725
0.020294,-0.0013733,0.039063
0.019989,-0.00015259,0.041504
0.016937,0.00045776,0.036621
0.018921,-0.00045776,0.040283
0.018768,-0.0024414,0.050049
0.019531,-0.005188,0.042725
0.019531,-0.0067139,0.056152
0.022583,-0.0059509,0.045166
0.024567,-0.0036621,0.0354
0.02655,-0.0030518,0.050049
0.027771,0.00015259,0.053711
0.028381,-0.00030518,0.054932
0.029602,-0.0021362,0.059814
0.030975,-0.0054932,0.056152
0.032196,-0.0050354,0.062256
0.032196,-0.0035095,0.058594
0.032043,-0.00045776,0.062256
0.031586,0.0018311,2.9724
0.032043,0.0027466,4.8145
0.031586,0.0021362,4.9207
0.032349,0.0015259,4.9292
0.033875,0.00061035,4.9426
0.034943,0.00030518,4.9353
0.03479,0.00091553,4.9329
0.03418,0.00091553,4.9402
0.032196,0.00015259,4.9402
0.030212,-0.0024414,4.9304
0.027313,-0.0048828,4.9316
0.025177,-0.0074768,4.9255
0.022736,-0.0074768,4.9255
0.020905,-0.0067139,4.9231
0.019226,-0.0050354,4.9268
0.018463,-0.004425,4.9207
0.016632,-0.0045776,4.9231
0.015869,-0.0042725,4.9182
0.016022,-0.0053406,4.9207
0.017548,-0.0057983,4.917
0.018616,-0.0054932,4.9207
0.019226,-0.0039673,4.9133
0.019226,-0.0022888,4.9255
0.020447,-0.00061035,4.9231
0.019836,-0.0012207,4.9133
0.019989,-0.0032043,4.9194
0.02121,-0.0056458,4.9084
0.02243,-0.0067139,4.8975
0.023346,-0.0057983,4.9146
0.024261,-0.0047302,4.9109
0.024261,-0.0010681,4.9072
0.023804,-0.00076294,4.9097
0.023041,-0.0015259,4.9084
0.023193,-0.0047302,4.917
0.024719,-0.0076294,4.9084
0.024261,-0.0093079,4.9146
0.023956,-0.009613,4.9072
0.022278,-0.0083923,4.9158
0.020294,-0.0090027,4.9146
0.018921,-0.0097656,4.9207
0.0177,-0.010986,4.9243
0.016785,-0.011292,4.9255
0.01709,-0.010223,4.9243
0.016632,-0.0076294,4.9243
0.016174,-0.0048828,4.9329
0.014801,-0.0016785,4.9316
0.014496,0.00045776,4.9219
0.015106,0.002594,4.9268
0.016785,0.0047302,4.9316
0.018921,0.0050354,4.9329
0.020447,0.0059509,4.9316
0.021057,0.0073242,4.9304
0.020752,0.0067139,4.9377
0.019989,0.0061035,4.9353
0.019531,0.0053406,4.9377
0.020905,0.0036621,4.9341
0.022888,0.0021362,4.939
0.024414,0.0012207,4.9329
0.024567,0.00061035,4.9365
0.024719,0.00045776,4.9438
0.022278,-0.00045776,4.9304
0.021057,-0.0013733,4.928
0.019836,-0.002594,4.9268
0.018463,-0.004425,4.9084
0.019684,-0.0039673,4.9219
0.019836,-0.0035095,4.9194
0.018768,-0.0033569,4.9194
0.016174,-0.0010681,4.9146
0.014801,-0.0012207,4.9146
0.014801,-0.00061035,4.9158
0.015717,0.0018311,4.917
0.017395,-0.00076294,4.9146
0.019226,0.00061035,4.9084
0.019684,0.002594,4.9158
0.018463,0.004425,4.9121
0.0177,0.0062561,4.9097
0.01709,0.0059509,4.9109
0.016022,0.0067139,4.9146
0.018921,0.0071716,4.9084
0.021667,0.0067139,4.9133
0.024261,0.0076294,4.9048
0.02243,0.0085449,4.9109
0.02533,0.0091553,4.8938
0.025482,0.0088501,4.9109
0.027313,0.0079346,4.9121
0.028992,0.0071716,4.9109
0.030518,0.0061035,4.9207
0.032349,0.0059509,4.917
0.030823,0.0064087,4.9194
0.028687,0.0067139,4.9207
0.026245,0.0073242,4.9292
0.02533,0.0083923,4.9268
0.025787,0.0088501,4.9304
0.025635,0.0082397,4.9304
0.025024,0.0068665,4.9329
0.023804,0.007019,4.9402
0.02121,0.0056458,4.9353
0.018158,0.0068665,4.9451
0.015411,0.0059509,4.9316
0.014191,0.0057983,4.9207
0.014648,0.0041199,4.9329
0.014648,0.0032043,4.9341
0.014496,0.0019836,4.9316
0.014496,0.0030518,4.9341
0.014496,0.002594,4.9353
0.014648,0.0028992,4.9377
0.016327,0.004425,4.9316
0.018921,0.0033569,4.9402
0.021515,0.0074768,4.9292
0.024414,0.0080872,4.9292
0.025787,0.0094604,0.056152
0.026703,0.0097656,0.05249
0.028229,0.0099182,0.054932
0.028534,0.0099182,0.050049
0.031281,0.0099182,0.047607
0.033112,0.011292,0.047607
0.036469,0.0091553,0.048828
0.037689,0.0076294,0.045166
0.038757,0.0065613,0.040283
0.03479,0.0061035,0.040283
0.03418,0.0059509,0.042725
0.032501,0.007019,0.040283
0.032654,0.0080872,0.03418
0.032196,0.0057983,0.037842
0.032654,0.0032043,0.042725
0.031586,0.0045776,0.037842
0.028229,0.0038147,0.041504
0.028229,0.0027466,0.041504
0.02655,0.0048828,0.042725
0.026398,0.0045776,0.0354
0.02594,0.0059509,0.042725
0.026398,0.0047302,0.053711
0.026093,0.002594,0.047607
0.024261,0.0056458,0.057373
0.02243,0.0048828,0.046387
0.021515,0.0050354,0.0354
0.021362,0.0062561,0.050049
0.023041,0.007019,0.054932
0.02594,0.0048828,0.057373
0.027466,0.0035095,0.054932
0.030975,0.0027466,0.058594
0.028229,0.0021362,0.061035
0.027618,0.0015259,0.062256
0.027313,-0.00015259,0.061035
0.027313,-0.0021362,0.056152
0.029907,-0.0057983,0.063477
0.028687,-0.007782,0.062256
0.028534,-0.0090027,0.064697
0.027466,-0.0093079,0.074463
0.025635,-0.0094604,0.064697
0.024109,-0.0090027,0.063477
0.024414,-0.0079346,0.070801
0.027771,-0.0074768,0.074463
0.030518,-0.0083923,0.062256
0.033417,-0.0090027,0.064697
0.033264,-0.0094604,0.061035
0.033417,-0.009613,0.057373
0.033264,-0.0082397,0.053711
0.033875,-0.0073242,0.053711
0.034332,-0.0065613,0.05127
0.035706,-0.0064087,0.050049
0.036469,-0.0067139,0.047607
0.036469,-0.0074768,0.050049
0.033264,-0.0073242,0.045166
0.032959,-0.0053406,0.048828
0.032349,-0.0022888,0.043945
0.032196,-0.00030518,0.043945
0.033875,-0.002594,0.053711
0.034943,-0.0032043,0.042725
0.035553,-0.0045776,0.053711
0.034943,-0.0045776,0.039063
0.032959,-0.004425,0.026855
0.029907,-0.0038147,0.036621
0.029144,-0.0030518,0.040283
0.029297,-0.0028992,0.036621
0.028992,-0.0039673,0.039063
0.029449,-0.0062561,0.0354
0.027618,-0.007782,0.037842
0.026093,-0.0065613,0.036621
0.024872,-0.0053406,0.043945
0.023956,-0.0039673,0.040283
0.023956,-0.0030518,0.047607
0.024872,-0.0036621,0.05127
0.025177,-0.0050354,0.05127
0.024567,-0.0071716,0.057373
0.022125,-0.007782,0.057373
0.019836,-0.0073242,0.056152
0.017242,-0.0057983,0.054932
0.01709,-0.0047302,0.067139
0.018311,-0.004425,0.058594
0.019684,-0.0062561,0.05127
0.021057,-0.0079346,0.062256
0.020599,-0.0088501,0.062256
0.017853,-0.0083923,0.062256
0.018616,-0.0045776,0.061035
0.019073,-0.0021362,0.061035
0.019684,-0.00091553,0.065918
0.021057,-0.0013733,0.061035
0.019989,-0.0027466,0.064697
0.02243,-0.0039673,0.064697
0.021667,-0.004425,0.065918
0.020599,-0.0028992,0.062256
0.019684,-0.0015259,0.063477
0.020142,-0.00030518,0.075684
0.022278,-0.00061035,0.059814
0.02243,-0.0028992,0.054932
0.023041,-0.0036621,0.056152
0.02182,-0.0039673,0.03418
0.020142,-0.0027466,0.047607
0.016022,-0.0039673,0.05249
0.016785,0,0.047607
0.016632,0.0019836,0.047607
0.01709,0.0013733,0.041504
0.016479,0.00045776,0.047607
0.015717,-0.00076294,0.0354
0.011597,-0.00091553,0.042725
0.012054,-0.00015259,0.0354
0.010681,0.0015259,0.039063
0.011902,0.0018311,0.036621
0.013885,0.00045776,0.041504
0.015717,-0.0027466,0.039063
0.013733,-0.0050354,0.040283
0.015106,-0.0062561,0.040283
0.01358,-0.0056458,0.040283
0.012817,-0.0032043,0.042725
0.01358,-0.00091553,0.03418
0.013885,0.00045776,0.036621
0.016632,-0.00061035,4.4421
0.018311,-0.0018311,4.8816
0.018005,-0.0016785,4.906
0.01709,-0.00076294,4.9182
0.016022,0.0013733,4.9158
0.016174,0.0013733,4.9219
0.016174,0.0074768,4.9219
0.016327,0.00091553,4.9304
0.016937,-0.0019836,4.9207
0.016327,-0.0035095,4.9304
0.012665,-0.0030518,4.928
0.011292,-0.0010681,4.9304
0.010071,0.0013733,4.9402
0.013123,0.0030518,4.9341
0.013733,0.0036621,4.9353
0.014954,0.0024414,4.9329
0.016937,0.0019836,4.9304
0.018005,0.0036621,4.9341
0.016937,0.0042725,4.9353
0.015717,0.0076294,4.9414
0.016479,0.0099182,4.9341
0.017548,0.010834,4.9365
0.019531,0.0080872,4.9353
0.019379,0.0056458,4.9316
0.017395,0.0033569,4.9329
0.016174,0.0050354,4.9268
0.013885,0.0074768,4.928
0.012665,0.0093079,4.9243
0.013428,0.010376,4.9255
0.016174,0.0093079,4.9207
0.017548,0.0061035,4.9243
0.017548,0.0039673,4.9304
0.015717,0.0035095,4.9219
0.013428,0.0032043,4.9255
0.011444,0.0047302,4.9182
0.0099182,0.0010681,4.906
0.012054,0.0039673,4.9121
0.010834,0.0010681,4.9084
0.010376,-0.0015259,4.9109
0.009613,-0.002594,4.9084
0.007782,-0.0018311,4.906
0.0064087,-0.00015259,4.9109
0.0059509,0.002594,4.9072
0.0067139,0.0030518,4.9109
0.010834,0.0053406,4.906
0.015717,0.0042725,4.9109
0.017242,0.0033569,4.9121
0.020752,0.0035095,4.9133
0.018463,0.0054932,4.9231
0.019379,0.0085449,4.917
0.02121,0.0091553,4.9158
0.024261,0.010223,4.9194
0.026093,0.0090027,4.9097
0.027924,0.0080872,4.9231
0.027161,0.0061035,4.917
0.024261,0.0091553,4.9268
0.023346,0.012054,4.9268
0.02243,0.014191,4.928
0.023956,0.014954,4.9304
0.025024,0.012817,4.9316
0.026245,0.0091553,4.9341
0.024261,0.0061035,4.9292
0.022125,0.0056458,4.9329
0.018158,0.004425,4.9329
0.016479,0.0056458,4.9329
0.015717,0.0064087,4.9341
0.016022,0.0059509,4.9365
0.016174,0.0038147,4.9377
0.014343,0.0015259,4.9377
0.011444,0.00061035,4.95
0.0086975,0.0015259,4.9341
0.0071716,0.0045776,4.9255
0.0073242,0.0068665,4.9341
0.012512,0.0082397,4.928
0.012512,0.0068665,4.9255
0.015564,0.0047302,4.9292
0.015259,0.0041199,4.9255
0.017242,0.0033569,4.9219
0.014191,0.0053406,4.917
0.014801,0.0062561,4.9207
0.017548,0.0019836,4.9146
0.016022,0.0045776,4.9182
0.017395,0.0015259,4.9158
0.018005,-0.00030518,4.9182
0.018005,-0.00076294,4.9194
0.018768,0.0016785,4.9121
0.022125,0.0041199,4.9146
0.024719,0.004425,4.9109
0.02655,0.0068665,4.8999
0.029755,0.004425,4.9097
0.03067,0.0010681,4.9097
0.029449,-0.0013733,4.9097
0.02655,-0.0021362,4.9097
0.024414,0,4.9097
0.022278,0.0019836,4.9109
0.022278,0.0038147,4.906
0.02121,0.00061035,4.9146
0.020294,-0.002594,4.9097
0.018768,-0.0056458,4.9158
0.017395,-0.0068665,4.9194
0.015564,-0.0061035,4.9194
0.015564,-0.0030518,4.9182
0.013885,-0.0012207,4.9243
0.018158,-0.0010681,4.9231
0.019073,-0.0028992,4.9304
0.019684,-0.0038147,4.9377
0.018768,-0.0039673,4.9316
0.018463,-0.0018311,4.9158
0.018921,0.00076294,4.9304
0.020752,0.0030518,0.058594
0.024261,0.0027466,0.059814
0.027466,0.0013733,0.062256
0.030212,-0.00091553,0.057373
0.031586,-0.0024414,0.064697
0.031281,-0.0021362,0.062256
0.032959,-0.00091553,0.065918
0.034332,-0.00030518,0.065918
0.035248,-0.0032043,0.067139
0.037231,-0.0016785,0.063477
0.036774,-0.0036621,0.063477
0.036163,-0.0048828,0.079346
0.033722,-0.0033569,0.059814
0.031738,-0.0032043,0.056152
0.030212,-0.0012207,0.053711
0.029297,0.00030518,0.031738
0.028839,-0.00045776,0.048828
0.027618,-0.0021362,0.05249
0.02594,-0.005188,0.047607
0.022888,-0.0073242,0.048828
0.020142,-0.0082397,0.041504
0.018463,-0.0080872,0.046387
0.017548,-0.0073242,0.041504
0.017853,-0.0068665,0.043945
0.018463,-0.0080872,0.040283
0.019531,-0.0097656,0.042725
0.019684,-0.011292,0.039063
0.020599,-0.010223,0.042725
0.02121,-0.007782,0.043945
0.024261,-0.0041199,0.041504
0.025787,-0.0013733,0.039063
0.03006,0,0.037842
0.033875,-0.00030518,0.040283
0.035248,-0.00030518,0.028076
0.035706,0,0.040283
0.0354,0.00045776,0.040283
0.035095,0.0016785,0.042725
0.034332,0.002594,0.045166
0.034332,0.0022888,0.050049
0.03418,0.0010681,0.050049
0.033417,-0.0010681,0.05249
0.031738,-0.0033569,0.05249
0.029907,-0.0045776,0.058594
0.028076,-0.005188,0.050049
0.026703,-0.0057983,0.058594
0.024872,-0.0083923,0.058594
0.023804,-0.0091553,0.063477
0.023956,-0.011749,0.070801
0.021973,-0.014496,0.062256
0.02121,-0.015564,0.067139
0.019073,-0.011902,0.058594
0.018311,-0.007782,0.053711
0.019379,-0.0036621,0.062256
0.019989,-0.0018311,0.063477
0.02121,-0.0010681,0.062256
0.023041,-0.0016785,0.062256
0.024261,-0.0028992,0.063477
0.026245,-0.00061035,0.067139
0.027618,0.0018311,0.061035
0.029449,0.0027466,0.064697
0.032196,0.0050354,0.058594
0.032806,0.0038147,0.058594
0.033875,0.0016785,0.056152
0.033722,0.00045776,0.056152
0.034027,0.0018311,0.050049
0.034485,0.0048828,0.05249
0.032806,0.0083923,0.059814
0.031738,0.010071,0.046387
0.031738,0.0093079,0.056152
0.032806,0.0079346,0.046387
0.032959,0.0062561,0.041504
0.032196,0.0047302,0.036621
0.03067,0.0053406,0.041504
0.029449,0.0071716,0.040283
0.027008,0.0073242,0.039063
0.023804,0.0064087,0.036621
0.023956,0.0033569,0.041504
0.023193,0.00015259,0.039063
0.021973,-0.0022888,0.039063
0.017242,-0.0022888,0.032959
0.018311,-0.0019836,0.040283
0.018005,0.00030518,0.041504
0.015564,0.0027466,0.042725
0.016022,0.0016785,0.054932
0.016022,0.0012207,0.045166
0.016479,0.00015259,0.048828
0.018616,0.00076294,0.048828
0.018311,0.0024414,0.037842
0.019226,0.004425,0.05249
0.020599,0.0057983,0.053711
0.021057,0.0061035,0.057373
0.022736,0.004425,0.059814
0.023346,0.0027466,0.057373
0.025177,0.00091553,0.064697
0.024719,0.0021362,0.061035
0.025635,0.0018311,0.062256
0.026398,0.0056458,0.061035
0.029449,0.0054932,0.063477
0.027771,0.0053406,0.059814
0.028534,0.0041199,0.064697
0.028687,0.0019836,0.067139
0.030518,-0.00015259,0.067139
0.028534,0.0039673,0.070801
0.028381,0.0047302,0.065918
0.026703,0.0036621,0.074463
0.026398,0.0061035,0.064697
0.02594,0.005188,0.05127
0.024414,0.0035095,0.059814
0.024872,0.0027466,0.058594
0.024872,0.0027466,0.05127
0.022888,0.0036621,0.053711
0.02121,0.0038147,0.047607
0.019684,0.0038147,0.050049
0.020752,0.0042725,0.050049
0.020142,0.0039673,0.050049
0.019531,0.0036621,0.045166
0.021362,0.0048828,0.046387
0.020142,0.0067139,0.054932
0.020599,0.0079346,4.6045
0.020752,0.0097656,4.8914
0.021973,0.0097656,4.9109
0.023804,0.0090027,4.9109
0.022278,0.0073242,4.9133
0.023346,0.0062561,4.9036
0.023651,0.0062561,4.9109
0.022583,0.0065613,4.9084
0.022125,0.0065613,4.9084
0.020905,0.0059509,4.9121
0.019531,0.0048828,4.9109
0.018768,0.0036621,4.9084
0.017853,0.0027466,4.9084
0.0177,0.0035095,4.9158
0.018616,0.0042725,4.9146
0.019379,0.0047302,4.9194
0.020294,0.0080872,4.9207
0.018005,0.005188,4.9255
0.017853,0.0042725,4.9182
0.016479,0.0033569,4.9255
0.015411,0.0030518,4.9329
0.015106,0.0027466,4.9304
0.01358,0.002594,4.9426
0.013275,0,4.9353
0.012665,-0.00076294,4.9182
0.011902,-0.0018311,4.928
0.011902,-0.002594,4.9329
0.01358,0.00045776,4.9304
0.015869,-0.0010681,4.928
0.017242,0,4.928
0.018158,0.0015259,4.9353
0.020142,0.0018311,4.9341
0.020294,0.0021362,4.9365
0.019836,0.0018311,4.9194
0.019379,-0.00015259,4.939
0.021667,0.0053406,4.9329
0.021057,0.0021362,4.9341
0.02121,0.0010681,4.9377
0.021362,0.00061035,4.9304
0.020752,-0.0012207,4.9268
0.021667,-0.0022888,4.9255
0.021667,-0.0019836,4.928
0.02121,-0.00061035,4.9243
0.022736,0.0016785,4.9072
0.020294,0.0028992,4.9182
0.019684,-0.0019836,4.9146
0.019684,0.00030518,4.9133
0.017548,-0.0021362,4.9158
0.016632,-0.0042725,4.8987
0.016327,-0.005188,4.9121
0.01709,-0.0038147,4.906
0.018768,-0.0047302,4.9097
0.019379,-0.0048828,4.9121
0.018463,-0.0056458,4.9072
0.019836,-0.0061035,4.9109
0.018921,-0.0062561,4.9133
0.020294,-0.0059509,4.9194
0.021667,-0.0062561,4.9048
0.02121,-0.0062561,4.9219
0.020905,-0.0057983,4.9109
0.020752,-0.0076294,4.9048
0.020447,-0.0068665,4.9146
0.020142,-0.0059509,4.9133
0.02121,-0.0050354,4.9133
0.02243,-0.0065613,4.9219
0.023804,-0.0024414,4.9231
0.024872,-0.0013733,4.9255
0.025177,-0.0010681,4.9243
0.024567,-0.002594,4.9329
0.022888,-0.0019836,4.9243
0.021667,-0.0030518,4.9292
0.02182,-0.002594,4.9341
0.021973,-0.0019836,4.9329
0.019989,-0.0016785,4.9329
0.019073,-0.0010681,4.9341
0.017853,-0.0016785,4.9329
0.017853,-0.0019836,4.9329
0.018158,0,4.9414
0.019073,0.0012207,4.9365
0.021515,0.0013733,4.9207
0.018921,0.0016785,4.9304
0.021973,-0.00076294,4.9353
0.019836,-0.0022888,4.9329
0.019073,-0.0041199,4.9341
0.016785,-0.0062561,4.928
0.015564,-0.0068665,4.9316
0.014496,-0.0068665,4.9255
0.014038,-0.007019,4.9268
0.014496,-0.0065613,4.9219
0.013885,-0.0062561,4.9255
0.013885,-0.0056458,4.9182
0.014801,-0.005188,4.9243
0.017242,-0.0024414,4.9316
0.017853,-0.0015259,4.9207
0.018463,-0.00061035,4.9182
0.019073,-0.0012207,4.9158
0.020752,-0.002594,4.884
0.021362,-0.0035095,4.9097
0.020905,-0.0053406,4.9097
0.021667,-0.0053406,4.9084
0.02121,-0.004425,4.9109
0.021515,-0.0021362,4.906
0.021515,0.00030518,4.9023
0.02243,0.0030518,4.9084
0.023346,0.00091553,4.9109
0.024261,0.0045776,4.9072
0.024109,0.0059509,4.9133
0.024719,0.0056458,4.9109
0.025482,0.005188,4.917
0.024872,0.0041199,0.05249
0.024414,0.0030518,0.046387
0.023651,0.0012207,0.047607
0.022888,-0.00045776,0.043945
0.020905,-0.0010681,0.05249
0.019073,-0.00045776,0.05127
0.016937,0.00076294,0.054932
0.016937,0.0010681,0.057373
0.015717,0.0016785,0.059814
0.015564,0.0016785,0.059814
0.014648,0.00091553,0.061035
0.013733,0.00061035,0.059814
0.011597,-0.00091553,0.062256
0.0086975,-0.00076294,0.058594
0.010529,-0.0013733,0.063477
0.012512,-0.00076294,0.061035
0.013123,-0.00076294,0.065918
0.013428,-0.00015259,0.065918
0.014343,-0.0010681,0.067139
0.014191,-0.0013733,0.075684
0.015411,0.00030518,0.065918
0.016174,0.0010681,0.074463
0.016022,0.0015259,0.062256
0.016479,0.0013733,0.05127
0.015106,0.00061035,0.057373
0.015411,-0.0010681,0.056152
0.014496,-0.0022888,0.048828
0.015259,-0.0022888,0.05249
0.016327,-0.0013733,0.048828
0.016327,-0.00061035,0.047607
0.016632,0.00030518,0.046387
0.016785,0.0012207,0.048828
0.016479,-0.00015259,0.042725
0.016327,-0.0012207,0.046387
0.013733,-0.0018311,0.046387
0.016785,-0.0027466,0.040283
0.016937,-0.0028992,0.040283
0.017395,-0.0038147,0.042725
0.015869,-0.0039673,0.040283
0.014038,-0.0035095,0.041504
0.01297,-0.002594,0.031738
0.012054,-0.0019836,0.041504
0.011749,0.0013733,0.040283
0.01236,0.0028992,0.0354
0.012665,0.0028992,0.041504
0.012512,0.0038147,0.037842
0.011139,0.0028992,0.041504
0.012512,0.0035095,0.041504
0.011292,0.0021362,0.046387
0.012512,0.004425,0.045166
0.014801,0.0041199,0.050049
0.016479,0.0033569,0.048828
0.018158,0.0021362,0.054932
0.020447,0.00091553,0.05249
0.020599,0.00076294,0.061035
0.021515,-0.00076294,0.067139
0.021515,0.0018311,0.057373
0.021362,0.0024414,0.064697
0.02182,0.0016785,0.063477
0.021057,0.0010681,0.043945
0.019989,-0.0018311,0.058594
0.019531,-0.0030518,0.061035
0.019073,-0.0042725,0.062256
0.019684,-0.0035095,0.061035
0.020294,-0.002594,0.059814
0.021057,-0.0015259,0.065918
0.02121,-0.0012207,0.068359
0.020294,-0.00076294,0.057373
0.019226,-0.0010681,0.062256
0.018616,0.00030518,0.068359
0.0177,0.00061035,0.061035
0.01709,0.00091553,0.061035
0.017853,0.00061035,0.063477
0.018311,-0.00045776,0.057373
0.018616,-0.002594,0.053711
0.018768,-0.0035095,0.05249
0.019684,-0.0048828,0.054932
0.020599,-0.0053406,0.045166
0.022278,-0.0035095,0.041504
0.023499,-0.0027466,0.043945
0.023804,-0.00045776,0.043945
0.024872,0.0012207,0.042725
0.024109,0.0027466,0.042725
0.025024,0.002594,0.036621
0.025024,0.0018311,0.041504
0.024567,0.0010681,0.036621
0.026398,0.00076294,0.042725
0.027313,0.00045776,0.039063
0.027771,-0.0038147,0.040283
0.027466,-0.00076294,0.040283
0.028076,-0.0018311,0.041504
0.028381,-0.002594,0.05249
0.028076,-0.0036621,0.041504
0.026245,-0.0036621,0.053711
0.026703,-0.0036621,0.040283
0.024719,-0.0022888,0.031738
0.024109,-0.0033569,0.046387
0.02182,-0.0012207,0.046387
0.02121,-0.0021362,0.047607
0.02121,-0.0033569,0.050049
0.021667,-0.0024414,0.05127
0.020905,-0.0042725,0.056152
0.020447,-0.0042725,0.056152
0.020447,-0.0042725,0.062256
0.02182,-0.0038147,0.057373
0.021667,-0.0042725,0.061035
0.023346,-0.0047302,0.064697
0.024567,-0.005188,0.062256
0.026245,-0.0041199,0.063477
0.026398,-0.0032043,0.064697
0.02533,-0.0027466,0.067139
0.025177,-0.00076294,0.062256
0.028229,-0.00045776,0.074463
0.029297,-0.00045776,0.063477
0.030823,-0.00045776,0.057373
0.031586,-0.00061035,0.059814
0.032043,0.00061035,0.064697
0.032043,0.0022888,3.2507
0.031891,0.0033569,4.8267
0.031586,0.004425,4.9182
0.032043,0.0042725,4.9255
0.032196,0.0042725,4.9207
0.032196,0.0045776,4.9268
0.031281,0.0036621,4.9182
0.03006,0.0028992,4.9207
0.028381,0.0027466,4.9207
0.026093,0.002594,4.9231
0.026398,0.002594,4.928
0.02533,0.0033569,4.9182
0.025024,0.0039673,4.9121
0.023346,0.0042725,4.9146
0.023651,0.002594,4.8938
0.02243,0.0036621,4.906
0.02243,0.004425,4.9109
0.020599,0.0033569,4.9109
0.019836,0.0032043,4.9097
0.019684,0.0024414,4.9048
0.020905,0.0042725,4.9121
0.018311,0.0016785,4.9084
0.018005,0.0018311,4.9097
0.018005,0.0048828,4.906
0.018311,0.0015259,4.9158
0.019226,0.0016785,4.9011
0.019226,0.0010681,4.9158
0.020294,0.0010681,4.9146
0.019531,0.00045776,4.917
0.020142,-0.00045776,4.9109
0.020599,-0.00061035,4.9207
0.02182,-0.00061035,4.9353
0.022125,-0.00091553,4.928
0.02243,-0.00015259,4.9194
0.022888,0.00030518,4.9292
0.023346,-0.00015259,4.9219
0.022736,-0.0015259,4.9329
0.024261,-0.0013733,4.9316
0.024872,0.00076294,4.9304
0.025787,-0.00061035,4.9316
0.026398,0,4.9292
0.026703,0.00015259,4.9353
0.026245,-0.00076294,4.928
0.026093,-0.00076294,4.9365
0.025787,-0.0010681,4.9365
0.025787,0.00030518,4.9365
0.027313,0.0018311,4.9451
0.027618,0.0042725,4.939
0.028381,0.0059509,4.9341
0.028076,0.0071716,4.9304
0.027008,0.0073242,4.9268
0.026398,0.0067139,4.9292
0.026398,0.0074768,4.9255
0.026245,0.0082397,4.9219
0.025635,0.0082397,4.9231
0.024719,0.0079346,4.9207
0.023804,0.0062561,4.9219
0.022736,0.0045776,4.9182
0.022278,0.0059509,4.917
0.022125,0.004425,4.9121
0.023193,0.0048828,4.9146
0.024109,0.0059509,4.9158
0.02533,0.0064087,4.9121
0.024872,0.0064087,4.9097
0.024567,0.0057983,4.9146
0.024414,0.005188,4.9219
0.023651,0.0050354,4.9109
0.024414,0.0047302,4.9207
0.024567,0.0047302,4.9109
0.024109,0.0048828,4.8987
0.023956,0.0047302,4.9072
0.023804,0.0047302,4.9097
0.024261,0.0047302,4.9097
0.024261,0.0045776,4.9133
0.024261,0.0056458,4.9097
0.024719,0.0067139,4.917
0.023499,0.007782,4.9194
0.022125,0.0082397,4.9219
0.021667,0.007019,4.9194
0.021362,0.0082397,4.9255
0.020905,0.0067139,4.928
0.020905,0.0062561,4.9316
0.020752,0.0059509,4.9487
0.020752,0.0056458,4.9255
0.020447,0.0045776,4.9316
0.020599,0.0036621,4.9341
0.021057,0.0036621,4.928
0.02182,0.0039673,4.9316
0.02182,0.0048828,4.9292
0.020447,0.0054932,4.9365
0.021973,0.0062561,4.9329
0.021057,0.0064087,4.9304
0.02121,0.0068665,4.9377
0.021057,0.0071716,4.9341
0.020905,0.0071716,4.9402
0.020905,0.0065613,4.9329
0.020599,0.0059509,4.9377
0.020447,0.0064087,4.9316
0.019684,0.0062561,4.9304
0.018616,0.0057983,4.9292
0.018616,0.0061035,4.9292
0.016785,0.0048828,4.9329
0.015259,0.0041199,4.9255
0.015106,0.0033569,4.9316
0.015106,0.002594,4.9194
0.015411,0.0018311,4.9072
0.015869,0.0016785,4.9182
0.015717,0.00030518,4.9146
0.016327,-0.00091553,0.041504
0.017395,-0.002594,0.042725
0.016632,-0.0054932,0.037842
0.016327,-0.004425,0.039063
0.01709,-0.0047302,0.037842
0.018005,-0.0013733,0.042725
0.018005,0.00015259,0.037842
0.018158,0.00045776,0.040283
0.017395,-0.0010681,0.041504
0.017853,-0.0016785,0.041504
0.017395,-0.002594,0.047607
0.017242,-0.0027466,0.041504
0.018311,-0.0015259,0.046387
0.019226,0.00030518,0.040283
0.019226,0.0013733,0.03418
0.018768,0.002594,0.05127
0.016785,0.0024414,0.046387
0.017853,0.0016785,0.046387
0.017548,0.0010681,0.05249
0.014038,0.00015259,0.054932
0.017242,0.002594,0.057373
0.017548,0.0041199,0.056152
0.018463,0.0038147,0.058594
0.019226,0.0028992,0.054932
0.019226,0.0013733,0.061035
0.019989,0.00015259,0.063477
0.019989,-0.00076294,0.063477
0.019684,0,0.061035
0.019836,0.00076294,0.064697
0.019226,0.0016785,0.067139
0.019531,0.0019836,0.064697
0.018158,0.0012207,0.075684
0.0177,-0.00061035,0.067139
0.016632,-0.0035095,0.05127
0.016327,-0.0062561,0.058594
0.014343,-0.0074768,0.065918
0.014496,-0.0065613,0.061035
0.014648,-0.0059509,0.061035
0.013428,-0.0090027,0.056152
0.014191,-0.0079346,0.061035
0.013123,-0.0088501,0.053711
0.013428,-0.011139,0.054932
0.013733,-0.0097656,0.050049
0.015106,-0.0088501,0.05127
0.016174,-0.0065613,0.048828
0.016632,-0.0065613,0.05249
0.017395,-0.005188,0.057373
0.017853,-0.0057983,0.046387
0.018463,-0.0074768,0.043945
0.019531,-0.0082397,0.042725
0.020294,-0.0074768,0.025635
0.021362,-0.0059509,0.0354
0.022278,-0.0039673,0.037842
0.022888,-0.0038147,0.039063
0.023346,-0.002594,0.039063
0.024414,-0.0035095,0.031738
0.024261,-0.0045776,0.042725
0.028229,-0.0032043,0.039063
0.028229,-0.0015259,0.040283
0.027924,-0.00045776,0.037842
0.027618,-0.0013733,0.042725
0.026855,-0.002594,0.040283
0.02594,-0.0039673,0.046387
0.024109,-0.0059509,0.045166
0.02121,-0.0048828,0.047607
0.021362,-0.0030518,0.053711
0.020752,-0.00076294,0.05127
0.020447,0.00076294,0.067139
0.023041,0.00030518,0.056152
0.018311,0.00076294,0.048828
0.016632,0.00091553,0.058594
0.016174,0.0016785,0.063477
0.015564,0.0016785,0.059814
0.016022,0.0015259,0.061035
0.015411,-0.00015259,0.061035
0.015869,-0.0024414,0.061035
0.016937,-0.005188,0.059814
0.016327,-0.0080872,0.063477
0.015564,-0.0082397,0.064697
0.019989,-0.0073242,0.063477
0.020752,-0.0057983,0.065918
0.020599,-0.0035095,0.067139
0.020447,-0.00030518,0.074463
0.019073,-0.00076294,0.067139
0.019073,-0.00091553,0.062256
0.018768,-0.00061035,0.061035
0.019684,-0.00030518,0.061035
0.020599,0.0015259,0.054932
0.022125,0.0016785,0.046387
0.022888,0.00076294,0.048828
0.024261,-0.0027466,0.047607
0.024567,-0.0016785,0.047607
0.024872,-0.0036621,0.046387
0.024567,-0.0042725,0.043945
0.022888,-0.0048828,0.048828
0.021667,-0.0035095,0.042725
0.019836,-0.0035095,0.047607
0.016022,-0.0035095,0.046387
0.016632,-0.0045776,0.039063
0.015259,-0.0050354,0.036621
0.014343,-0.0042725,0.041504
0.015869,-0.0033569,0.054932
0.015869,-0.0018311,0.039063
0.015717,0.00076294,0.05127
0.016174,0.0019836,0.037842
0.015869,0.0021362,0.026855
0.016479,0.0030518,0.036621
0.01709,0.0016785,0.037842
0.018005,0.0028992,0.040283
0.018005,0.0022888,0.039063
0.019684,0.002594,0.037842
0.020599,0.002594,0.046387
0.021057,0.0024414,0.048828
0.020447,0.0010681,0.05127
0.019379,-0.00015259,0.045166
0.019226,-0.0013733,0.054932
0.019836,-0.00091553,0.056152
0.020905,-0.0012207,0.061035
0.020294,-0.00015259,2.3975
0.020447,0.00015259,4.7791
0.019989,-0.0010681,4.9097
0.020294,-0.0022888,4.9304
0.020905,-0.0035095,4.9365
0.021515,-0.0047302,4.9292
0.022736,-0.0056458,4.917
0.023346,-0.0067139,4.9292
0.022888,-0.007782,4.9304
0.02243,-0.0091553,4.9304
0.020905,-0.010529,4.9353
0.019379,-0.011139,4.9402
0.018005,-0.010681,4.9451
0.018005,-0.0080872,4.9329
0.01709,-0.0056458,4.9329
0.01709,-0.0030518,4.9292
0.01709,-0.0010681,4.9304
0.019379,0,4.9268
0.019379,0.00030518,4.9304
0.018158,0.00076294,4.9329
0.023499,0.0013733,4.9231
0.025482,0.0021362,4.9243
0.02533,0.0027466,4.9194
0.025177,0.0028992,4.9036
0.024567,0.0033569,4.9158
0.024109,0.0036621,4.9158
0.023346,0.0028992,4.9133
0.022888,0.0022888,4.9146
0.023651,0.0013733,4.9109
0.023193,0.00030518,4.9109
0.02182,-0.00015259,4.9097
0.021515,-0.00076294,4.9097
0.021973,-0.0013733,4.9084
0.021362,-0.0015259,4.9109
0.02182,-0.0024414,4.9194
0.022125,-0.0019836,4.9109
0.022583,0.00061035,4.9072
0.021057,0.00015259,4.9121
0.021667,0.00015259,4.9084
0.021057,0.00045776,4.9133
0.019379,0.00030518,4.9207
0.018616,-0.00061035,4.917
0.017853,-0.0015259,4.9146
0.018616,-0.0019836,4.9182
0.021515,-0.00091553,4.9207
0.021973,0.00061035,4.9231
0.023346,0.002594,4.9255
0.022125,0.0030518,4.9255
0.022888,0.0035095,4.9341
0.023651,0.0032043,4.9316
0.024872,0.002594,4.9329
0.025482,0.0038147,4.9304
0.026093,0.0047302,4.9329
0.02533,0.0050354,4.9292
0.025024,0.0056458,4.9341
0.024872,0.0053406,4.9426
0.026093,0.0048828,4.9341
0.027771,0.0048828,4.9377
0.028839,0.005188,4.9365
0.029449,0.0062561,4.9207
0.029449,0.0074768,4.9353
0.027771,0.0082397,4.9341
0.02655,0.0085449,4.9341
0.025482,0.0082397,4.9316
0.025787,0.0091553,4.9268
0.023041,0.0082397,4.9292
0.025482,0.0093079,4.9231
0.024567,0.0064087,4.9255
0.023041,0.011139,4.9182
0.023041,0.011902,4.9194
0.022583,0.010376,4.9207
0.022125,0.0079346,4.9194
0.021515,0.0059509,4.9194
0.018616,0.0045776,4.9194
0.018158,0.0032043,4.9194
0.016632,0.0024414,4.9146
0.016327,0.0019836,4.917
0.016785,0.0012207,4.9072
0.017853,0.00030518,4.8962
0.019226,-0.00045776,4.9109
0.020294,0.00061035,4.9072
0.02243,0.0022888,4.9097
0.024261,0.0041199,4.9109
0.026245,0.0061035,4.9084
0.026855,0.0062561,4.9109
0.026398,0.0056458,4.906
0.025635,0.0036621,4.9158
0.024567,0.0039673,4.9109
0.02243,0.002594,4.917
0.02243,0.0035095,4.9158
0.021667,0.007019,4.9207
0.02182,0.0035095,4.9316
0.02243,0.0024414,4.9255
0.02243,0.0010681,4.9329
0.022736,0.0010681,4.928
0.023499,0.00061035,4.9207
0.023499,0.00061035,4.9316
0.023651,0.0016785,4.9329
0.023804,0.0021362,4.9304
0.023193,0.0022888,4.9316
0.022278,0.0022888,4.9304
0.02121,0.0038147,4.9329
0.020905,0.0016785,4.9316
0.021515,0.0010681,4.9353
0.022278,0.0018311,4.9304
0.023193,0.002594,4.9377
0.024109,0.002594,4.9377
0.024261,0.0028992,4.9377
0.024872,0.0022888,0.064697
0.024109,0.0035095,0.065918
0.024414,0.002594,0.068359
0.024261,0.0032043,0.061035
0.022583,0.0038147,0.067139
0.024567,0.0039673,0.058594
0.024719,0.0041199,0.059814
0.023499,0.0039673,0.05127
0.02243,0.0032043,0.05127
0.023041,0.0024414,0.050049
0.021973,0.0016785,0.046387
0.023041,-0.00030518,0.042725
0.023956,0.00015259,0.045166
0.020905,0.00091553,0.043945
0.019531,0.00076294,0.045166
0.017548,-0.0016785,0.043945
0.02121,-0.0038147,0.041504
0.018463,-0.0038147,0.039063
0.019226,-0.0030518,0.040283
0.019379,-0.0039673,0.056152
0.019989,0.0012207,0.041504
0.020447,0.0019836,0.045166
0.020142,0.00030518,0.043945
0.022125,-0.00076294,0.023193
0.022125,-0.0010681,0.039063
0.022736,-0.00015259,0.037842
0.023956,0.0018311,0.041504
0.023499,0.0045776,0.040283
0.022888,0.0045776,0.042725
0.021667,0.0027466,0.047607
0.019684,0.00030518,0.050049
0.019226,-0.0010681,0.05127
0.020447,-0.00076294,0.047607
0.020752,0,0.058594
0.02121,0.002594,0.061035
0.020599,0.0022888,0.061035
0.020294,0.0010681,0.06958
0.019379,-0.0010681,0.061035
0.019531,-0.0022888,0.058594
0.019531,-0.0018311,0.063477
0.020142,0.00015259,0.072021
0.019531,0.0019836,0.059814
0.019531,0.0027466,0.057373
0.0177,0.0010681,0.061035
0.018158,-0.00045776,0.063477
0.016785,-0.0018311,0.063477
0.017395,-0.0018311,0.067139
0.018311,-0.00045776,0.063477
0.019531,0.00061035,0.065918
0.020294,0.0027466,0.064697
0.018768,0.0019836,0.063477
0.018768,-0.00045776,0.056152
0.017853,-0.002594,0.061035
0.018921,-0.0039673,0.05127
0.018616,-0.0027466,0.05127
0.020447,-0.00061035,0.058594
0.021973,0.0039673,0.050049
0.019226,0.0028992,0.05249
0.0177,0.0016785,0.046387
0.016785,-0.00030518,0.036621
0.016632,-0.004425,0.045166
0.0177,-0.002594,0.043945
0.019531,-0.0013733,0.040283
0.020447,0.0010681,0.039063
0.021667,0.0028992,0.041504
0.021667,0.0030518,0.039063
0.020294,0.0024414,0.039063
0.019684,0.00061035,0.040283
0.019684,-0.00030518,0.037842
0.020599,-0.00030518,0.041504
0.020447,0.0012207,0.040283
0.021667,0.0024414,0.042725
0.019836,0.0027466,0.039063
0.018158,0.0018311,0.040283
0.018463,0.00015259,0.041504
0.018311,-0.0013733,0.042725
0.018921,-0.00061035,0.05127
0.019531,0,0.047607
0.018311,0.0013733,0.040283
0.017548,0.0036621,0.050049
0.016937,0.0036621,0.057373
0.016632,0.0028992,0.056152
0.01709,0.0013733,0.057373
0.018311,0.0012207,0.054932
0.019989,0.0021362,0.061035
0.020294,0.0039673,0.058594
0.020599,0.0047302,0.058594
0.019989,0.0045776,0.056152
0.019684,0.0018311,0.065918
0.019379,-0.0012207,0.058594
0.019684,-0.0035095,0.062256
0.020447,-0.0039673,0.075684
0.019836,-0.0032043,0.064697
0.018768,-0.0024414,0.065918
0.017853,-0.0015259,0.068359
0.017395,-0.0027466,0.058594
0.01709,-0.0047302,0.063477
0.017395,-0.007019,0.061035
0.017395,-0.007019,0.062256
0.017242,-0.0056458,0.057373
0.016479,-0.0036621,0.054932
0.016174,-0.0027466,0.05249
0.015106,-0.0018311,0.05127
0.015411,-0.0021362,0.05127
0.016022,-0.0030518,0.045166
0.016937,-0.0022888,0.05127
0.018616,-0.0012207,0.045166
0.0177,-0.00015259,0.050049
0.019073,0.0021362,0.042725
0.020447,0.0022888,0.045166
0.02121,0.0012207,0.05249
0.023346,-0.00076294,0.041504
0.02533,-0.0028992,0.05127
0.025024,-0.0038147,0.037842
0.02533,-0.0042725,0.031738
0.024414,-0.0028992,0.037842
0.023499,-0.0013733,0.039063
0.023193,-0.0013733,0.0354
0.022736,-0.0013733,4.2615
0.02243,-0.0021362,4.8633
0.022583,-0.0032043,4.8987
0.022736,-0.0024414,4.906
0.021667,-0.0010681,4.9133
0.020905,0.00015259,4.9109
0.019379,0.0010681,4.917
0.017548,-0.00015259,4.9182
0.016937,-0.0013733,4.9231
0.016327,-0.0035095,4.9304
0.016479,-0.0041199,4.9304
0.015869,-0.0035095,4.928
0.014801,-0.0032043,4.9304
0.014038,-0.0018311,4.9304
0.014038,-0.0019836,4.9304
0.014038,-0.0027466,4.9377
0.014801,-0.0033569,4.9304
0.016174,-0.0033569,4.9292
0.0177,-0.0028992,4.9292
0.018616,-0.0015259,4.9304
0.019531,-0.00030518,4.9304
0.019379,-0.00030518,4.9341
0.020752,0,4.9353
0.020905,-0.00045776,4.9353
0.022125,-0.0013733,4.9329
0.024109,-0.0015259,4.9353
0.023499,-0.0013733,4.9292
0.023346,0.00076294,4.9377
0.021362,0.0024414,4.9438
0.020599,0.002594,4.9304
0.020447,0.0013733,4.9304
0.020599,0.00015259,4.928
0.02121,-0.0019836,4.9048
0.02182,-0.0024414,4.9194
0.022125,-0.0050354,4.9158
0.02121,-0.0010681,4.9207
0.019226,-0.00076294,4.9194
0.017242,-0.00091553,4.9133
0.015869,-0.0027466,4.9146
0.016022,-0.0030518,4.9133
0.017242,-0.002594,4.9146
0.01709,0.00015259,4.9084
0.01709,0.0022888,4.8987
0.014343,0.0030518,4.9133
0.015564,0.0036621,4.9121
0.017395,0.0032043,4.9146
0.020142,0.0015259,4.9109
0.023193,0.0013733,4.9084
0.025024,0.0010681,4.9109
0.025482,0.0018311,4.9036
0.023804,0.0013733,4.9097
0.022125,0.0013733,4.9011
0.02121,0.00045776,4.9109
0.02182,-0.00061035,4.917
0.023499,-0.00076294,4.9109
0.024872,-0.00015259,4.9158
0.02533,0.00091553,4.917
0.025635,0.0021362,4.9219
0.024261,0.0019836,4.9194
0.024261,0.0016785,4.9316
0.02533,0.0019836,4.9243
0.028687,0.00045776,4.9304
0.029297,0.00030518,4.9292
0.029602,-0.00045776,4.9304
0.029297,-0.0021362,4.9341
0.025024,-0.00030518,4.9329
0.022888,-0.00045776,4.9402
0.021667,-0.00045776,4.9292
0.022125,-0.005188,4.9219
0.024109,-0.0012207,4.9329
0.02533,-0.0012207,4.9341
0.024414,-0.0022888,4.9341
0.023499,-0.00015259,4.9353
0.020905,0.00030518,4.9365
0.02121,0.00045776,4.9353
0.022583,0.0038147,4.9292
0.025177,0.00045776,4.9329
0.02655,0.00030518,4.9255
0.026855,0.0012207,4.928
0.026703,0.0018311,4.9268
0.024261,0.0024414,4.9268
0.024872,0.0030518,4.9268
0.024261,0.0032043,4.9243
0.025787,0.0010681,4.9182
0.028076,0.00061035,4.9194
0.028534,-0.00030518,4.9146
0.025177,-0.00091553,4.9158
0.026703,-0.00061035,4.9109
0.025024,-0.00015259,4.9097
0.025024,0.00045776,4.9109
0.024719,0.00045776,4.9048
0.02594,0,4.9109
0.026703,0.00061035,4.9072
0.026398,0.00091553,4.9121
0.023804,0.0012207,4.906
0.023041,0.0010681,4.9084
0.021515,0,4.9097
0.021973,-0.0010681,4.9146
0.022736,-0.002594,4.9072
0.024872,-0.0018311,4.9109
0.02594,-0.00091553,4.9219
0.025024,0.0050354,4.9158
0.022125,0.0032043,4.9243
0.020905,0.0035095,4.9207
0.020752,0.0035095,4.906
0.020447,0.0018311,4.9207
0.023499,0.0015259,4.9231
0.024414,0.0016785,4.9243
0.022888,0.0022888,0.059814
0.020905,0.0022888,0.056152
0.018158,0.0027466,0.062256
0.018005,0.0030518,0.059814
0.018616,0.0061035,0.064697
0.020905,0.0028992,0.059814
0.023346,0.0030518,0.063477
0.024414,0.0039673,0.059814
0.023041,0.0039673,0.063477
0.021362,0.0059509,0.068359
0.021362,0.0061035,0.064697
0.02243,0.0062561,0.067139
0.024261,0.0057983,0.06958
0.025482,0.0053406,0.06958
0.026093,0.0045776,0.062256
0.024109,0.0038147,0.061035
0.022125,0.0038147,0.061035
0.020142,0.0047302,0.056152
0.019531,0.0056458,0.054932
0.02121,0.0065613,0.05127
0.021973,0.0064087,0.047607
0.022888,0.0061035,0.05249
0.021973,0.0057983,0.046387
0.016632,0.0027466,0.050049
0.01709,0.0018311,0.047607
0.016174,0.0030518,0.047607
0.017242,0.004425,0.045166
0.019379,0.0056458,0.047607
0.02121,0.0061035,0.053711
0.022125,0.0059509,0.043945
0.020905,0.005188,0.053711
0.018005,0.0036621,0.039063
0.016327,0.0038147,0.031738
0.016479,0.0027466,0.039063
0.017548,0.0019836,0.040283
0.020294,0.00076294,0.039063
0.021362,0.00030518,0.039063
0.019989,-0.00015259,0.03418
0.019531,-0.00061035,0.042725
0.017242,0.0010681,0.041504
0.017548,0.0010681,0.043945
0.019531,-0.00015259,0.040283
0.02182,0.00015259,0.047607
0.023956,-0.0010681,0.050049
0.024261,-0.0030518,0.054932
0.024567,-0.00091553,0.059814
0.022736,-0.0013733,0.057373
0.022736,0.00015259,0.059814
0.023956,0.00045776,0.059814
0.026703,0.00045776,0.061035
0.027313,0.00015259,0.064697
0.027618,-0.00015259,0.057373
0.02594,0.00091553,0.061035
0.024719,0.0019836,0.061035
0.022583,0.0039673,0.061035
0.02182,0.0057983,0.063477
0.023651,0.0062561,0.059814
0.024872,0.0048828,0.065918
0.027161,0.0048828,0.064697
0.027924,0.0039673,0.065918
0.027161,0.0045776,0.068359
0.025177,0.0056458,0.068359
0.023804,0.0065613,0.062256
0.023499,0.0071716,0.064697
0.023804,0.0065613,0.073242
0.023499,0.0050354,0.057373
0.022583,0.0033569,0.061035
0.020447,0.0019836,0.05249
0.018158,0.0018311,0.0354
0.015717,0.0027466,0.047607
0.015717,0.0022888,0.046387
0.018005,0.002594,0.046387
0.019684,0.0015259,0.047607
0.021057,0.00076294,0.041504
0.022278,0.00015259,0.043945
0.020447,0.0012207,0.041504
0.019531,0.0035095,0.042725
0.018463,0.0053406,0.037842
0.019379,0.0068665,0.042725
0.020599,0.0071716,0.042725
0.020599,0.0061035,0.042725
0.020752,0.0054932,0.043945
0.020599,0.0041199,0.041504
0.021057,0.0042725,0.036621
0.018768,0.0045776,0.042725
0.019989,0.0050354,0.031738
0.019684,0.0039673,0.037842
0.023041,0.0022888,0.050049
0.023346,0.00015259,0.042725
0.021515,-0.00030518,0.045166
0.019226,0.00030518,0.043945
0.016937,0.0013733,0.046387
0.015869,0.0022888,0.050049
0.016785,0.00061035,0.053711
0.017853,0.0010681,0.056152
0.017853,-0.0016785,0.059814
0.016632,-0.0019836,0.057373
0.015106,-0.00091553,0.065918
0.012665,0.0015259,0.061035
0.011444,0.0035095,0.062256
0.012054,0.0033569,0.070801
0.013885,0.0019836,0.062256
0.015259,-0.0012207,0.068359
0.015717,-0.0024414,0.062256
0.015259,-0.0022888,0.05127
0.015259,-0.00076294,0.062256
0.014191,0.0015259,0.065918
0.014954,0.0032043,0.064697
0.0177,0.0022888,0.067139
0.019684,0.0018311,0.062256
0.020905,0.00030518,0.065918
0.020599,0.00045776,0.058594
0.019836,0.00030518,0.062256
0.019073,0.0016785,0.05249
0.018463,0.0019836,0.057373
0.017395,0.0012207,0.054932
0.018768,-0.00061035,0.05249
0.020752,-0.0038147,3.4485
0.020905,-0.0056458,4.8291
0.020294,-0.0048828,4.9109
0.020447,-0.0048828,4.9158
0.019379,-0.0032043,4.9194
0.020142,-0.00045776,4.9146
0.025787,-0.0021362,4.9194
0.02243,-0.0038147,4.9109
0.023041,-0.0053406,4.9121
0.021973,-0.0056458,4.9194
0.019531,-0.0054932,4.906
0.01709,-0.004425,4.9048
0.015564,-0.0035095,4.9097
0.016479,-0.0024414,4.9084
0.015869,-0.0024414,4.9109
0.0177,-0.0042725,4.9072
0.017395,-0.0057983,4.9109
0.018921,-0.0061035,4.9109
0.016327,-0.0039673,4.9121
0.016327,-0.0019836,4.9292
0.0177,0.00061035,4.9146
0.020599,0.00045776,4.9194
0.021515,-0.00076294,4.9207
0.022278,-0.0015259,4.9072
0.02121,-0.0027466,4.9207
0.022125,-0.0013733,4.9207
0.018311,0.0013733,4.9231
0.019226,0.0033569,4.9243
0.02121,0.0036621,4.928
0.024261,0.0047302,4.9329
0.026703,0.0030518,4.9316
0.028381,0.0013733,4.9329
0.026703,-0.0015259,4.9255
0.024567,-0.00061035,4.9316
0.022583,0.0010681,4.9304
0.022888,0.002594,4.9329
0.023193,0.0035095,4.9353
0.024414,0.0015259,4.9377
0.021515,0.00061035,4.9304
0.019073,0.0013733,4.939
0.016632,-0.00015259,4.9475
0.015259,0.0027466,4.9341
0.016174,0.0038147,4.9194
0.013123,0.0024414,4.9304
0.017548,-0.00030518,4.9243
0.018005,-0.002594,4.9207
0.017242,-0.0036621,4.9243
0.016785,-0.0032043,4.9207
0.016022,-0.0018311,4.9194
0.016174,-0.00076294,4.9243
0.017395,-0.00076294,4.9194
0.020599,-0.0019836,4.9121
0.023193,-0.0035095,4.9182
0.024567,-0.0032043,4.9146
0.02243,-0.00061035,4.9109
0.027008,0.0027466,4.9158
0.027924,0.0048828,4.9121
0.031128,0.0061035,4.9121
0.033722,0.0054932,4.9109
0.033875,0.0027466,4.8999
0.031586,0.00045776,4.9133
0.027771,-0.0012207,4.9133
0.026093,0.0022888,4.9084
0.024567,0.0057983,4.9072
0.023651,0.0074768,4.9109
0.023499,0.0073242,4.9109
0.024414,0.0048828,4.9097
0.024872,0.002594,4.9158
0.024872,0.0022888,4.9146
0.022583,0.0053406,4.9182
0.022888,0.0054932,4.9194
0.022736,0.0065613,4.9268
0.023041,0.0039673,4.9231
0.023041,0.0015259,4.9316
0.022736,-0.0021362,4.928
0.019836,-0.0048828,4.9304
0.016327,-0.010071,4.939
0.014648,-0.0045776,4.9304
0.014648,-0.0032043,4.9146
0.017242,-0.0016785,4.9353
0.023499,-0.0024414,4.9255
0.023651,-0.0030518,4.9304
0.02533,-0.0041199,4.9304
0.024872,-0.0042725,4.9316
0.025482,-0.0027466,4.9341
0.022278,0.00015259,4.9329
0.02182,0.0022888,4.9377
0.021973,0.002594,4.9329
0.023193,0.0010681,4.939
0.023651,-0.00030518,4.9194
0.022888,-0.0057983,4.9329
0.021515,-0.0073242,4.9438
0.020752,-0.0062561,4.9292
0.021362,-0.0041199,4.9243
0.022583,-0.0027466,4.9255
0.023499,-0.0021362,4.9097
0.024109,-0.002594,4.9194
0.024109,-0.0047302,4.9158
0.022583,-0.0054932,4.9207
0.020447,-0.0041199,4.9158
0.019989,-0.0010681,4.9133
0.019379,0.0010681,4.9146
0.019226,0.0010681,4.9109
0.020905,-0.00030518,4.9133
0.021362,-0.0024414,4.9084
0.020905,-0.004425,4.9133
0.016632,-0.005188,4.9146
0.016174,-0.0035095,4.9109
0.014496,-0.0018311,4.9072
0.013733,-0.0010681,0.040283
0.014954,-0.0019836,0.046387
0.016022,-0.0039673,0.041504
0.017242,-0.0048828,0.046387
0.016632,-0.0045776,0.039063
0.015717,-0.0024414,0.037842
0.015869,-0.00030518,0.041504
0.016479,0.0012207,0.039063
0.016785,0.0015259,0.045166
0.020447,0.0018311,0.05127
0.021667,0.0016785,0.048828
0.02182,0.0010681,0.054932
0.020599,0.0027466,0.05249
0.019226,0.0036621,0.061035
0.018158,0.0047302,0.057373
0.019379,0.0019836,0.063477
0.021362,0.0024414,0.063477
0.021515,0.00030518,0.064697
0.023651,-0.0010681,0.078125
0.022278,-0.0019836,0.061035
0.021362,-0.0010681,0.065918
0.021057,-0.00015259,0.062256
0.020142,0.002594,0.053711
0.02121,0.0028992,0.063477
0.020447,0.0035095,0.065918
0.019379,0.0016785,0.065918
0.018616,-0.00091553,0.067139
0.016479,-0.0018311,0.064697
0.016327,-0.0016785,0.061035
0.015869,-0.00091553,0.057373
0.017853,0.00061035,0.062256
0.019989,0.0013733,0.05127
0.020905,-0.00045776,0.056152
0.021973,-0.0018311,0.058594
0.022736,-0.0036621,0.053711
0.023193,-0.0018311,0.048828
0.023651,0.0010681,0.050049
0.022583,0.0039673,0.057373
0.024261,0.0041199,0.047607
0.025024,0.0021362,0.05127
0.024872,-0.0015259,0.042725
0.024414,-0.0042725,0.05127
0.024872,-0.005188,0.039063
0.024567,-0.0038147,0.039063
0.024872,-0.0013733,0.039063
0.02533,0.00015259,0.039063
0.027466,-0.00091553,0.036621
0.028839,-0.0027466,0.040283
0.028839,-0.0041199,0.037842
0.025177,-0.0041199,0.039063
0.02594,-0.0010681,0.03418
0.023193,0.0012207,0.041504
0.020294,0.00061035,0.037842
0.019073,-0.00061035,0.042725
0.018768,-0.0045776,0.058594
0.019989,-0.0074768,0.047607
0.020905,-0.0053406,0.05127
0.022736,-0.0016785,0.050049
0.024261,0.00045776,0.036621
0.024414,0.0016785,0.056152
0.025787,0.00091553,0.054932
0.027008,-0.0015259,0.053711
0.027313,-0.0021362,0.058594
0.027161,-0.0015259,0.056152
0.026703,0.00015259,0.062256
0.02594,0.0013733,0.064697
0.024567,0.00076294,0.063477
0.020905,0.0012207,0.057373
0.026093,0.00015259,0.064697
0.027771,0.0015259,0.062256
0.028992,0.0024414,0.065918
0.028992,0.0062561,0.064697
0.027466,0.007782,0.065918
0.02533,0.0099182,0.072021
0.023499,0.011597,0.067139
0.021667,0.011292,0.080566
0.019684,0.0094604,0.064697
0.019379,0.0076294,0.048828
0.020294,0.0073242,0.057373
0.021057,0.0097656,0.057373
0.022125,0.011292,0.050049
0.022583,0.013428,0.056152
0.024414,0.014191,0.05127
0.02594,0.012054,0.05127
0.02594,0.011444,0.047607
0.026093,0.0086975,0.047607
0.024719,0.0074768,0.047607
0.023804,0.0045776,0.047607
0.022736,0.0033569,0.046387
0.021057,0.0036621,0.046387
0.020294,0.0038147,0.045166
0.018921,0.0047302,0.041504
0.018616,0.0042725,0.037842
0.019226,0.0024414,0.040283
0.02121,0.0019836,0.031738
0.021973,0.0019836,0.039063
0.021973,0.0039673,0.040283
0.020294,0.0056458,0.0354
0.020905,0.004425,0.039063
0.019836,0.0019836,0.040283
0.019684,-0.00076294,0.0354
0.016937,-0.0021362,0.040283
0.0177,-0.00091553,0.045166
0.016479,0.002594,0.046387
0.016327,0.0035095,0.047607
0.017395,0.0056458,0.05127
0.019989,0.0048828,0.053711
0.021362,0.0027466,0.053711
0.020447,0.002594,0.056152
0.02533,0.0036621,0.061035
0.026398,0.0059509,0.059814
0.026855,0.0083923,0.068359
0.027008,0.0074768,0.059814
0.026093,0.0062561,0.041504
0.025482,0.004425,0.059814
0.026855,0.0033569,0.061035
0.02594,0.0028992,0.062256
0.027008,0.0027466,2.4341
0.024719,0.0033569,4.7742
0.022888,0.0016785,4.9219
0.02182,0.0027466,4.9316
0.02182,0.0022888,4.9353
0.021667,0.0021362,4.9316
0.022888,0.0022888,4.9341
0.021667,0.0068665,4.9316
0.021515,0.0085449,4.9329
0.019989,0.0086975,4.9414
0.02182,0.0059509,4.9316
0.02243,0.0028992,4.9268
0.022583,0.0035095,4.9292
0.021973,0.0035095,4.9255
0.020447,0.0036621,4.9194
0.02121,0.0041199,4.9158
0.020752,0.0033569,4.9194
0.021362,0.002594,4.9194
0.020905,0.0038147,4.9133
0.020599,0.0033569,4.9158
0.021362,0.0027466,4.9121
0.02121,0.0036621,4.9109
0.021667,0.0045776,4.9084
0.020752,0.0057983,4.9133
0.02121,0.0068665,4.9121
0.02121,0.0062561,4.9121
0.02121,0.0035095,4.9097
0.021057,0.0012207,4.9133
0.024261,-0.00061035,4.9231
0.020142,0.0016785,4.9109
0.018463,0.0042725,4.9207
0.0177,0.0067139,4.9097
0.018158,0.0038147,4.9036
0.019684,0.0013733,4.917
0.019989,-0.00030518,4.9133
0.019531,-0.00015259,4.9121
0.019226,0.0027466,4.9194
0.019379,0.0053406,4.9207
0.019073,0.0073242,4.9231
0.018921,0.0097656,4.9231
0.018463,0.0068665,4.9329
0.018768,0.004425,4.9304
0.019226,0.0024414,4.9316
0.020447,0.0010681,4.9329
0.020447,0.0018311,4.9329
0.021057,0.0035095,4.9329
0.021362,0.0041199,4.9377
0.019379,0.0036621,4.9304
0.019684,0.0027466,4.9329
0.018463,0.0033569,4.9426
0.018768,0.0039673,4.9377
0.016785,0.0059509,4.9207
0.018768,0.0057983,4.9329
0.019073,0.0065613,4.9353
0.020447,0.0010681,4.9353
0.02182,0.00091553,4.9353
0.022583,-0.00030518,4.9316
0.021667,0.00015259,4.9304
0.020905,0.00015259,4.9292
0.020447,-0.00091553,4.928
0.020447,-0.0015259,4.9207
0.019989,-0.0019836,4.9194
0.018616,-0.0022888,4.9207
0.018005,-0.0016785,4.9207
0.017853,-0.0018311,4.9304
0.017853,-0.0028992,4.9207
0.019836,-0.0033569,4.9182
0.020905,-0.0042725,4.917
0.019379,-0.0042725,4.8962
0.02243,-0.0032043,4.9109
0.021973,-0.0022888,4.9097
0.02243,-0.0019836,4.9109
0.021973,-0.0019836,4.9109
0.021515,-0.0042725,4.9048
0.02121,-0.0033569,4.9097
0.020599,-0.0028992,4.9084
0.020905,-0.00015259,4.9084
0.019989,-0.0013733,4.9084
0.02121,-0.0012207,4.9133
0.022278,-0.0012207,4.9097
0.023651,-0.00091553,4.9133
0.024109,-0.00030518,4.9158
0.022583,0.0016785,4.9231
0.023499,0.0021362,4.9158
0.022125,0.0030518,4.9207
0.02243,0.0028992,4.9255
0.022888,0.0021362,4.9231
0.02243,0.0012207,4.917
0.022278,0.0016785,4.9292
0.02121,0.0018311,4.9304
0.019989,0.0021362,4.928
0.020599,0.0033569,4.9316
0.020599,0.0027466,4.9219
0.019836,0.0024414,4.9365
0.021362,0.0038147,4.9292
0.020905,0.0039673,4.9365
0.020599,0.0028992,4.9304
0.020294,0.00091553,4.9109
0.019073,-0.0010681,4.9329
0.017548,-0.002594,4.9377
0.01709,-0.005188,4.9426
0.016632,-0.0054932,4.9353
0.016174,-0.0073242,4.9402
0.015259,-0.0071716,4.9268
0.014648,-0.0067139,4.9194
0.014648,-0.0048828,4.9304
0.016327,-0.0022888,4.9231
0.018616,0.00045776,4.9219
0.02121,0.0022888,4.9231
0.023956,0.0028992,0.11963
0.027161,0.0019836,0.050049
0.027466,0.0013733,0.046387
0.027618,0.0015259,0.043945
0.026855,0.0028992,0.040283
0.028992,0.0048828,0.047607
0.02594,0.0065613,0.047607
0.025024,0.0073242,0.046387
0.023804,0.0068665,0.040283
0.022583,0.0064087,0.041504
0.02121,0.0061035,0.040283
0.020905,0.0076294,0.040283
0.021515,0.0083923,0.039063
0.021667,0.0082397,0.040283
0.021973,0.0065613,0.045166
0.022736,0.0021362,0.040283
0.021515,-0.0021362,0.039063
0.019073,-0.0048828,0.037842
0.016022,-0.0065613,0.040283
0.014191,-0.0074768,0.037842
0.010834,-0.0079346,0.046387
0.0083923,-0.0067139,0.042725
0.0065613,-0.0068665,0.048828
0.007019,-0.0085449,0.05127
0.0074768,-0.010681,0.056152
0.0090027,-0.012512,0.053711
0.011139,-0.013885,0.054932
0.013733,-0.01297,0.067139
0.017395,-0.01236,0.059814
0.019531,-0.010834,0.065918
0.02243,-0.011444,0.062256
0.025482,-0.0079346,0.047607
0.026093,-0.0071716,0.059814
0.025787,-0.0053406,0.059814
0.025177,-0.0042725,0.061035
0.026093,-0.0022888,0.062256
0.025482,-0.00076294,0.057373
0.024872,-0.00045776,0.062256
0.025024,-0.0018311,0.065918
0.02533,-0.0024414,0.068359
0.024872,-0.0039673,0.062256
0.024261,-0.0045776,0.067139
0.025787,-0.002594,0.061035
0.023651,-0.0010681,0.064697
0.022125,0.00015259,0.067139
0.020905,0.0012207,0.057373
0.019226,0.0018311,0.056152
0.018463,0.0016785,0.050049
0.016937,0.0018311,0.059814
0.015564,0.0042725,0.048828
0.014191,0.0036621,0.050049
0.012207,0.004425,0.047607
0.011292,0.004425,0.048828
0.011292,0.0047302,0.045166
0.011292,0.0050354,0.042725
0.011902,0.0059509,0.043945
0.013428,0.007019,0.041504
0.01297,0.0090027,0.036621
0.01358,0.0097656,0.042725
0.013885,0.012665,0.037842
0.015106,0.0099182,0.042725
0.016327,0.0094604,0.042725
0.018921,0.010529,0.042725
0.022736,0.012817,0.053711
0.029602,0.01709,0.041504
0.031281,0.021515,0.05249
0.036621,0.024261,0.036621
0.040436,0.023041,0.030518
0.043182,0.024567,0.042725
0.043793,0.02121,0.043945
0.044708,0.018921,0.045166
0.043793,0.015717,0.050049
0.042419,0.011139,0.050049
0.03891,0.0059509,0.056152
0.033875,0.0016785,0.054932
0.027924,-0.0045776,0.061035
0.021362,-0.0074768,0.056152
0.014801,-0.0080872,0.062256
0.0093079,-0.0091553,0.063477
0.0033569,-0.0057983,0.063477
-0.0010681,-0.0076294,0.062256
-0.0032043,-0.011749,0.062256
-0.0054932,-0.016937,0.064697
-0.0064087,-0.021973,0.062256
-0.0065613,-0.025024,0.070801
-0.0036621,-0.02533,0.065918
-0.00015259,-0.024719,0.062256
0.0048828,-0.02182,0.064697
0.010376,-0.017242,0.065918
0.016479,-0.010223,0.063477
0.024261,-0.0028992,0.061035
0.031281,0.0057983,0.057373
0.040436,0.014038,0.059814
0.049591,0.016937,0.05249
0.057373,0.017395,0.057373
0.063019,0.014038,0.05127
0.065765,0.0082397,0.053711
0.065308,0.0032043,0.047607
0.060577,-0.0013733,0.047607
0.052948,-0.0057983,0.057373
0.044403,-0.0082397,0.047607
0.034332,-0.010986,0.043945
0.029755,-0.01236,0.043945
0.025787,-0.010376,0.023193
0.024109,-0.0038147,0.036621
0.02655,0.0022888,0.039063
0.029297,0.0093079,0.039063
0.031738,0.013123,0.040283
0.034027,0.01236,0.036621
0.034027,0.011139,0.037842
0.031586,0.007782,0.039063
0.028076,0.0027466,0.037842
0.022736,0.005188,0.03418
0.018005,0.002594,0.042725
0.016022,-0.0012207,0.037842
0.015564,-0.0062561,0.042725
0.01709,-0.011597,0.043945
0.018158,-0.015869,1.9958
0.021667,-0.018463,4.7424
0.023651,-0.020599,4.906
0.027161,-0.022278,4.928
0.027771,-0.023193,4.9243
0.029907,-0.022888,4.9072
0.028992,-0.020142,4.928
0.029297,-0.017395,4.928
0.029755,-0.014038,4.9255
0.030365,-0.0093079,4.9292
0.034027,-0.0032043,4.9304
0.037537,0.0036621,4.9316
0.041504,0.0082397,4.928
0.044403,0.0099182,4.9341
0.044098,0.0099182,4.9304
0.041351,0.0057983,4.9353
0.033112,0.0010681,4.9402
0.030518,-0.0038147,4.9341
0.025482,-0.0076294,4.9426
0.02243,-0.0099182,4.9377
0.018768,-0.010529,4.9329
0.016327,-0.010223,4.9341
0.015717,-0.0082397,4.9329
0.014343,-0.0038147,4.9292
0.014496,0.0028992,4.9243
0.014496,0.0085449,4.9207
0.013275,0.014191,4.9207
0.010834,0.017548,4.9231
0.007782,0.018463,4.9194
0.005188,0.01709,4.9158
0.0035095,0.014343,4.9182
0.0032043,0.012512,4.9133
0.0061035,0.011749,4.917
0.009613,0.011749,4.9146
0.012817,0.013275,4.9182
0.013885,0.014496,4.9109
0.013275,0.015869,4.9133
0.01297,0.016785,4.9255
0.011139,0.018311,4.9109
0.010986,0.018768,4.9207
0.0094604,0.018005,4.9097
0.009613,0.016785,4.8987
0.010223,0.013733,4.8865
0.010681,0.010071,4.9121
0.01297,0.0061035,4.9097
0.016327,0.0033569,4.9109
0.019836,-0.00061035,4.906
0.023041,0.0015259,4.9121
0.024261,0.002594,4.9194
0.023499,0.0032043,4.9207
0.018768,0.0035095,4.9158
0.013885,0.0028992,4.9268
0.0090027,0.002594,4.9255
0.005188,0.0015259,4.9304
0.0032043,0.0010681,4.9402
0.0045776,0.00030518,4.9304
0.0082397,0,4.928
0.012512,-0.00015259,4.9353
0.016632,0,4.9329
0.019989,0.0010681,4.9292
0.02243,0.0036621,4.9207
0.024261,0.0061035,4.9292
0.025482,0.0079346,4.9316
0.025635,0.0099182,4.9292
0.024109,0.010376,4.9377
0.022125,0.010986,4.9353
0.019073,0.012665,4.9377
0.018158,0.012817,4.9329
0.0177,0.015106,4.9377
0.018921,0.016174,4.9329
0.022583,0.017242,4.9316
0.025482,0.01709,4.9292
0.028229,0.015564,4.9329
0.029602,0.01297,4.9304
0.030212,0.0086975,4.928
0.029907,0.0035095,4.9329
0.030212,-0.0024414,4.9207
0.028534,-0.0097656,4.9084
0.026855,-0.015717,4.917
0.025787,-0.020447,4.9158
0.023499,-0.023041,4.9109
0.020599,-0.025787,4.9146
0.018311,-0.024261,4.9109
0.017853,-0.02182,4.9109
0.017853,-0.016937,4.9084
0.019684,-0.010986,4.9084
0.023346,-0.007019,4.9036
0.028229,-0.0065613,4.9133
0.031128,-0.007019,4.9109
0.033722,-0.0080872,4.9121
0.035553,-0.0082397,4.9048
0.036011,-0.0062561,4.917
0.038452,-0.0016785,4.9121
0.039673,0.0021362,4.9109
0.041962,0.0036621,4.9084
0.043945,0.0036621,4.9146
0.040436,0.0030518,4.9109
0.0383,0.0047302,4.9182
0.037079,0.0091553,4.9194
0.038605,0.010223,4.9231
0.040588,0.011139,4.9207
0.041351,0.0099182,4.9243
0.041351,0.0073242,4.9353
0.03952,0.0088501,4.9304
0.037689,0.011139,4.9341
0.035095,0.014801,4.9329
0.031891,0.016022,4.9341
0.028229,0.019073,4.9304
0.025635,0.020294,4.9329
0.025787,0.019836,4.9377
0.024719,0.019379,4.9353
0.02182,0.016174,0.073242
0.020294,0.012512,0.063477
0.019836,0.013733,0.048828
0.02121,0.012054,0.062256
0.021362,0.012665,0.065918
0.020599,0.01236,0.063477
0.016022,0.013123,0.063477
0.014801,0.010986,0.057373
0.0099182,0.0090027,0.058594
0.0071716,0.0050354,0.054932
0.0054932,0.004425,0.054932
0.0054932,0.0036621,0.047607
0.0064087,0.0015259,0.05249
0.0073242,0.0027466,0.050049
0.0074768,-0.00076294,0.048828
0.0071716,-0.0019836,0.056152
0.0074768,-0.0018311,0.043945
0.007782,-0.00061035,0.042725
0.010681,0.00015259,0.045166
0.011749,0.0015259,0.028076
0.012512,0.0015259,0.0354
0.013275,0.00015259,0.037842
0.013885,-0.0038147,0.036621
0.014191,-0.0061035,0.037842
0.011597,-0.0062561,0.039063
0.017395,-0.0048828,0.041504
0.018616,-0.0019836,0.039063
0.019226,-0.00091553,0.039063
0.019226,-0.0010681,0.0354
0.017853,-0.00061035,0.045166
0.016479,0,0.040283
0.015564,0.0053406,0.045166
0.015411,0.002594,0.042725
0.018005,0.0050354,0.05249
0.018921,0.0053406,0.05127
0.019531,0.005188,0.05127
0.017395,0.004425,0.065918
0.021057,0.0019836,0.054932
0.020752,0.00030518,0.046387
0.021057,-0.0016785,0.059814
0.019989,-0.0013733,0.061035
0.019379,-0.0016785,0.058594
0.017853,-0.0019836,0.065918
0.015106,-0.0035095,0.058594
0.014648,-0.0050354,0.065918
0.013275,-0.0067139,0.059814
0.01236,-0.0083923,0.063477
0.014038,-0.0067139,0.058594
0.014954,-0.0050354,0.062256
0.017395,-0.0035095,0.065918
0.018311,-0.0018311,0.067139
0.019989,-0.0032043,0.074463
0.020447,-0.0033569,0.067139
0.021973,-0.005188,0.067139
0.02243,-0.0057983,0.062256
0.024414,-0.0041199,0.057373
0.025024,-0.0035095,0.058594
0.026093,-0.0027466,0.053711
0.026245,-0.0012207,0.05127
0.027008,-0.004425,0.05127
0.027161,-0.0057983,0.048828
0.029297,-0.0059509,0.050049
0.029755,-0.005188,0.043945
0.030212,-0.0039673,0.050049
0.03006,-0.00091553,0.043945
0.029144,-0.00015259,0.042725
0.028229,-0.00045776,0.045166
0.02655,-0.00076294,0.046387
0.026093,-0.0032043,0.037842
0.023651,-0.0015259,0.042725
0.025787,0.00030518,0.050049
0.024261,0.0027466,0.040283
0.02182,0.0050354,0.05127
0.019989,0.0065613,0.039063
0.017853,0.0059509,0.029297
0.016174,0.0071716,0.040283
0.016479,0.0076294,0.039063
0.016479,0.011292,0.040283
0.01709,0.013275,0.041504
0.016479,0.014038,0.039063
0.016022,0.013733,0.043945
0.016632,0.012054,0.045166
0.016327,0.010071,0.050049
0.019073,0.0080872,0.047607
0.017548,0.007019,0.056152
0.018311,0.0053406,0.056152
0.018616,0.0036621,0.057373
0.016937,0.0012207,0.072021
0.018311,-0.0010681,0.061035
0.019226,-0.0024414,0.058594
0.02121,-0.004425,0.061035
0.023651,-0.0061035,0.067139
0.025787,-0.0053406,0.061035
0.028229,-0.0054932,0.042725
0.029449,-0.0062561,0.063477
0.028839,-0.0065613,0.061035
0.028992,-0.007782,0.063477
0.028534,-0.010681,0.063477
0.029144,-0.010223,0.063477
0.029907,-0.010834,0.065918
0.030365,-0.009613,0.063477
0.03006,-0.0085449,0.067139
0.029907,-0.0082397,0.058594
0.028229,-0.0073242,0.061035
0.028076,-0.007019,0.057373
0.028229,-0.007782,0.057373
0.027618,-0.0064087,0.062256
0.027313,-0.0059509,0.05127
0.026703,-0.0045776,0.056152
0.025024,-0.0022888,0.048828
0.022888,-0.00076294,0.037842
0.020905,0.00030518,0.046387
0.019836,0.0012207,0.048828
0.019379,0.0018311,0.041504
0.019989,0.0033569,0.041504
0.020142,0.0047302,0.050049
0.019989,0.0057983,4.6008
0.020142,0.0061035,4.8853
0.020752,0.0067139,4.9084
0.02121,0.0064087,4.9036
0.02182,0.005188,4.9121
0.021515,0.005188,4.9109
0.02182,0.0041199,4.9133
0.021362,0.0030518,4.9121
0.019684,0.0021362,4.9133
0.019989,0.00091553,4.9109
0.018311,-0.00015259,4.9109
0.018158,-0.00076294,4.9158
0.01709,-0.0021362,4.9182
0.016479,-0.0013733,4.906
0.014648,-0.0010681,4.917
0.015106,-0.00030518,4.9194
0.014801,-0.00045776,4.9231
0.013733,0,4.9231
0.013885,-0.00091553,4.9243
0.014191,-0.0016785,4.9316
0.014954,-0.0027466,4.9316
0.014801,-0.00061035,4.9316
0.014648,0,4.928
0.014038,0.0019836,4.9353
0.014191,0,4.9292
0.013885,-0.0010681,4.9353
0.014648,-0.00061035,4.9438
0.015106,0.00076294,4.9365
0.016174,0.0024414,4.9329
0.018311,0.0041199,4.9353
0.019836,0.0057983,4.9243
0.021667,0.0067139,4.9353
0.023499,0.0074768,4.9341
0.025177,0.0076294,4.9341
0.027466,0.0083923,4.9268
0.028534,0.0093079,4.928
0.029449,0.010223,4.9292
0.03006,0.010223,4.9255
0.030212,0.011597,4.9255
0.029755,0.0076294,4.9231
0.029602,0.0047302,4.9219
0.029449,0.0028992,4.9207
0.028839,0.0015259,4.917
0.028839,0.00091553,4.9158
0.028076,0.00030518,4.9182
0.027924,-0.00076294,4.9231
0.029755,-0.0022888,4.9158
0.029907,-0.004425,4.9231
0.030212,-0.0059509,4.9084
0.031281,-0.0076294,4.906
0.032196,-0.0074768,4.9146
0.032501,-0.0054932,4.9109
0.032959,-0.0035095,4.9084
0.029755,-0.0028992,4.9097
0.032043,-0.0028992,4.9072
0.032043,-0.0038147,4.9097
0.033112,-0.0035095,4.8962
0.032806,-0.0036621,4.9158
0.033417,-0.00045776,4.9097
0.034485,0.0022888,4.9158
0.034637,-0.0018311,4.8914
0.03479,0.0036621,4.9207
0.03479,0.0024414,4.9304
0.034637,0.00045776,4.9243
0.033569,0.00045776,4.9304
0.032196,0.00061035,4.9268
0.03067,0.0021362,4.9219
0.028839,0.0024414,4.9304
0.027161,0.0028992,4.9292
0.02655,0.0021362,4.9292
0.025635,0.00061035,4.9316
0.02594,0.0022888,4.9255
0.027924,-0.00030518,4.9329
0.024719,0.0013733,4.9316
0.024719,0.0041199,4.9341
0.024719,0.0047302,4.9329
0.024567,0.0048828,4.9329
0.02533,0.0035095,4.9243
0.025482,0.0019836,4.9365
0.025482,-0.0024414,4.9353
0.025482,0.0015259,4.9377
0.024261,0.0033569,4.9402
0.025482,0.0039673,4.9353
0.023193,0.0047302,4.9426
0.022583,0.0050354,4.9304
0.022736,0.0042725,4.9292
0.022278,0.0036621,4.9207
0.021362,0.0038147,4.9231
0.021057,0.0048828,4.9219
0.020905,0.0059509,4.9194
0.020142,0.0061035,4.9158
0.021515,0.0064087,4.9182
0.022583,0.0061035,4.9072
0.022736,0.005188,4.9146
0.023346,0.0050354,4.9121
0.023651,0.005188,4.9158
0.023346,0.0059509,4.9121
0.024567,0.005188,4.9133
0.024261,0.0054932,4.9255
0.024261,0.0054932,4.9097
0.024719,0.0035095,4.9146
0.026703,0.0032043,4.9097
0.024872,0.0036621,4.8938
0.024109,0.0050354,4.8877
0.023956,0.0085449,4.9109
0.024872,0.0059509,4.9121
0.022736,0.0050354,4.9109
0.022583,0.0035095,4.9097
0.02243,0.0012207,4.9146
0.021973,0.0012207,4.9207
0.024261,0.0018311,0.05249
0.024261,0.004425,0.056152
0.02594,0.0067139,0.056152
0.026093,0.0073242,0.058594
0.026703,0.0073242,0.059814
0.027008,0.0059509,0.063477
0.02594,0.0065613,0.063477
0.02533,0.004425,0.062256
0.024872,0.0050354,0.063477
0.024261,0.0074768,0.070801
0.024109,0.0068665,0.056152
0.022736,0.0062561,0.058594
0.022583,0.0036621,0.059814
0.02182,0.0024414,0.065918
0.022125,-0.00015259,0.062256
0.023041,0.00076294,0.067139
0.02243,0.0022888,0.064697
0.024567,0.0022888,0.065918
0.02121,0.0027466,0.063477
0.019531,0.00045776,0.063477
0.018768,-0.0024414,0.053711
0.019531,-0.0050354,0.061035
0.016479,-0.0045776,0.056152
0.016022,-0.0022888,0.054932
0.012512,-0.0036621,0.062256
0.016022,0.00061035,0.05249
0.016479,-0.00061035,0.053711
0.016022,-0.0032043,0.047607
0.015717,-0.0057983,0.03418
0.015717,-0.0061035,0.045166
0.015564,-0.0047302,0.045166
0.016937,-0.0028992,0.043945
0.017395,-0.0016785,0.042725
0.01709,-0.0013733,0.040283
0.017853,-0.0038147,0.039063
0.018463,-0.0045776,0.037842
0.019989,-0.0042725,0.041504
0.020447,-0.0016785,0.037842
0.022278,0.00061035,0.041504
0.023193,0.0019836,0.041504
0.023651,0.0027466,0.042725
0.023956,0.002594,0.039063
0.022736,0.0018311,0.042725
0.023956,0.0018311,0.041504
0.024872,0.0028992,0.041504
0.024414,0.0035095,0.048828
0.024414,0.0012207,0.047607
0.023346,0.0030518,0.043945
0.023041,0.0028992,0.048828
0.02243,0.00076294,0.048828
0.021515,0.0024414,0.057373
0.021362,-0.0019836,0.056152
0.020905,-0.0012207,0.053711
0.019684,-0.00015259,0.061035
0.020447,0.00091553,0.059814
0.018311,0.0016785,0.063477
0.018768,0.0010681,0.056152
0.018463,0.00091553,0.064697
0.018921,0.0010681,0.058594
0.018616,0.0022888,0.062256
0.018768,0.0038147,0.076904
0.018768,0.0062561,0.065918
0.018311,0.0053406,0.064697
0.018616,0.0042725,0.064697
0.019073,0.0022888,0.05127
0.020294,0.0018311,0.064697
0.02182,-0.0010681,0.063477
0.022888,-0.0010681,0.062256
0.023651,-0.00076294,0.058594
0.023041,-0.00015259,0.053711
0.022736,-0.0012207,0.056152
0.02182,-0.0030518,0.05249
0.020752,-0.0062561,0.05127
0.019379,-0.0059509,0.050049
0.019226,-0.0050354,0.05249
0.018311,-0.0038147,0.047607
0.016937,-0.00091553,0.047607
0.01709,-0.00045776,0.047607
0.017242,-0.0010681,0.046387
0.017242,-0.0015259,0.050049
0.019226,-0.0022888,0.042725
0.019836,-0.00091553,0.050049
0.02121,0.00045776,0.039063
0.021362,0.0015259,0.039063
0.021362,0.0015259,0.040283
0.020142,0.0015259,0.037842
0.019226,0.00015259,0.039063
0.019226,-0.00076294,0.037842
0.019531,-0.0019836,0.037842
0.019531,-0.0028992,0.039063
0.019989,-0.0021362,0.039063
0.019836,-0.0013733,0.045166
0.019989,-0.0016785,0.041504
0.020905,-0.0024414,0.045166
0.02121,-0.0035095,0.047607
0.023041,-0.0048828,0.048828
0.023651,-0.0056458,0.059814
0.023804,-0.0050354,0.053711
0.023346,-0.0048828,0.058594
0.022278,-0.0039673,0.056152
0.021515,-0.0048828,0.054932
0.02182,-0.0054932,0.062256
0.022736,-0.0085449,0.059814
0.023499,-0.0071716,0.058594
0.024567,-0.0059509,0.061035
0.025024,-0.0041199,0.058594
0.026245,-0.0024414,0.061035
0.026093,-0.0012207,0.058594
0.026398,-0.00091553,0.063477
0.026398,-0.0019836,0.061035
0.027771,-0.0021362,0.065918
0.029755,-0.00076294,0.067139
0.03067,0.0010681,0.06958
0.029755,0.002594,0.061035
0.03006,0.0030518,0.067139
0.028839,0.0016785,0.073242
0.028839,-0.00061035,2.655
0.028687,-0.0015259,4.7974
0.029449,-0.00045776,4.9133
0.029144,0.0010681,4.9097
0.027313,0.0027466,4.917
0.02533,0.0039673,4.9219
0.022278,0.0030518,4.9219
0.021362,0.0018311,4.917
0.021057,0.00076294,4.9121
0.021515,0.00091553,4.917
0.022583,0.0028992,4.9146
0.023346,0.0056458,4.9133
0.021362,0.0082397,4.9109
0.02182,0.0086975,4.917
0.021057,0.0083923,4.9133
0.021362,0.0065613,4.9133
0.019836,0.0041199,4.9158
0.019226,0.0032043,4.9109
0.018463,0.0021362,4.906
0.016479,0.0022888,4.9121
0.014038,0.00061035,4.8987
0.011292,-0.00076294,4.9097
0.010376,-0.002594,4.9097
0.010071,-0.0038147,4.9097
0.011139,-0.0065613,4.9097
0.012207,-0.0068665,4.9097
0.013123,-0.0068665,4.9072
0.012054,-0.0056458,4.917
0.011749,-0.0068665,4.9219
0.011902,-0.0050354,4.917
0.01297,-0.0050354,4.928
0.016632,-0.0061035,4.9268
0.017395,-0.0067139,4.9304
0.018616,-0.0059509,4.9292
0.020599,-0.0019836,4.9316
0.018616,-0.0013733,4.9353
0.019073,0,4.9353
0.019989,0.00030518,4.9451
0.019836,-0.00015259,4.9316
0.024109,0.00030518,4.9194
0.02533,0.00091553,4.9341
0.025787,0.0024414,4.9341
0.024567,0.0035095,4.9329
0.024109,0.0042725,4.9231
0.024109,0.0036621,4.9365
0.02594,0.0050354,4.9365
0.025482,0.0041199,4.9316
0.026703,0.0039673,4.9341
0.02594,0.0071716,4.9231
0.024261,0.007019,4.9316
0.020752,0.007782,4.928
0.018921,0.0088501,4.928
0.018921,0.0091553,4.928
0.019531,0.011749,4.9243
0.02182,0.011597,4.9231
0.022888,0.011902,4.9182
0.02655,0.013275,4.9182
0.024414,0.01358,4.9158
0.025024,0.014954,4.9146
0.028076,0.017242,4.9121
0.031586,0.017242,4.9097
0.033875,0.018158,4.9121
0.0354,0.017853,4.9097
0.034332,0.016022,4.9084
0.030518,0.014038,4.917
0.028534,0.011444,4.9048
0.026398,0.0088501,4.9109
0.024109,0.0067139,4.9109
0.023651,0.0047302,4.9133
0.02182,0.0027466,4.8828
0.020752,0.0010681,4.9133
0.018311,-0.0010681,4.9207
0.015259,-0.0019836,4.9133
0.013428,-0.0056458,4.9219
0.01236,-0.0091553,4.917
0.0099182,-0.012665,4.906
0.011902,-0.016785,4.9194
0.011749,-0.018158,4.9207
0.011139,-0.019379,4.9255
0.0093079,-0.018463,4.9255
0.0073242,-0.0177,4.9219
0.0074768,-0.015564,4.9304
0.0097656,-0.0094604,4.9341
0.011749,-0.0091553,4.9316
0.017242,-0.0047302,4.9255
0.022888,0.00015259,4.9377
0.027466,0.0054932,4.9304
0.032654,0.0086975,4.9316
0.0383,0.010986,4.9426
0.043488,0.01236,4.9353
0.048676,0.012054,4.9341
0.05127,0.011444,4.9365
0.051727,0.010376,4.9402
0.051575,0.0079346,4.9329
0.044098,0.0064087,4.9292
0.037689,0.0042725,4.9353
0.032196,0.0027466,4.9304
0.028534,0.0010681,4.9268
0.024872,0.0018311,4.928
0.022888,0.0024414,4.9255
0.020905,0.0012207,4.9231
0.019989,0.0050354,4.917
0.019226,0.0067139,4.9219
0.019836,0.0086975,4.9182
0.02182,0.0094604,4.9182
0.024872,0.010834,4.9146
0.026398,0.0071716,4.917
0.027466,0.0035095,4.9194
0.026245,-0.00076294,4.9146
0.024109,-0.0035095,4.9231
0.021515,-0.0057983,0.039063
0.021515,-0.0062561,0.030518
0.024719,-0.0056458,0.036621
0.024719,-0.0067139,0.039063
0.027008,-0.0068665,0.039063
0.028229,-0.0062561,0.040283
0.028229,-0.005188,0.036621
0.029449,-0.0033569,0.039063
0.030975,-0.00045776,0.037842
0.034027,0.0016785,0.046387
0.035706,0.0024414,0.039063
0.035858,0.0028992,0.047607
0.033264,0.0021362,0.048828
0.029144,0.0019836,0.048828
0.024261,0.0021362,0.061035
0.020142,0.002594,0.054932
0.018005,0.0022888,0.059814
0.018158,0.0013733,0.053711
0.018005,-0.00015259,0.057373
0.018616,-0.0021362,0.059814
0.018005,-0.0042725,0.064697
0.017242,-0.0053406,0.059814
0.016022,-0.0061035,0.061035
0.015411,-0.0061035,0.061035
0.015106,-0.0054932,0.062256
0.014038,-0.0035095,0.061035
0.01297,-0.0028992,0.063477
0.010834,-0.0018311,0.062256
0.0074768,-0.00015259,0.065918
0.005188,0.00091553,0.067139
0.004425,0.0030518,0.06958
0.0057983,0.0047302,0.063477
0.010834,0.0050354,0.064697
0.015259,0.0039673,0.072021
0.020447,0.0022888,0.061035
0.022736,0.0015259,0.067139
0.023651,0.0015259,0.057373
0.02243,0.0032043,0.042725
0.022278,0.0047302,0.048828
0.02121,0.0057983,0.048828
0.021667,0.005188,0.046387
0.020142,0.0047302,0.047607
0.018158,0.0033569,0.042725
0.016022,0.0035095,0.050049
0.015411,0.0050354,0.043945
0.015717,0.0067139,0.045166
0.018616,0.0071716,0.041504
0.02243,0.0079346,0.042725
0.02594,0.0059509,0.040283
0.028381,0.002594,0.041504
0.027924,0.00091553,0.048828
0.024872,0.00076294,0.036621
0.025024,0.0012207,0.037842
0.022583,0.0019836,0.040283
0.024567,0.0019836,0.025635
0.021362,0.0012207,0.036621
0.020599,0.00076294,0.040283
0.019379,0.0015259,0.045166
0.0177,0.0028992,0.040283
0.017853,0.0080872,0.042725
0.019684,0.0091553,0.046387
0.022888,0.010986,0.048828
0.026245,0.010071,0.05249
0.03006,0.0082397,0.048828
0.031891,0.0065613,0.048828
0.030518,0.005188,0.057373
0.029755,0.0068665,0.062256
0.02655,0.0094604,0.061035
0.026245,0.010834,0.062256
0.025482,0.012054,0.065918
0.025635,0.011597,0.05249
0.02594,0.011139,0.074463
0.024261,0.0091553,0.058594
0.02182,0.011597,0.050049
0.019989,0.01236,0.074463
0.019684,0.010834,0.061035
0.020142,0.0076294,0.063477
0.021667,0.0030518,0.068359
0.020599,-0.0024414,0.064697
0.018616,-0.007782,0.067139
0.014496,-0.010986,0.063477
0.010834,-0.014496,0.067139
0.0071716,-0.015564,0.054932
0.0071716,-0.017242,0.058594
0.007782,-0.019989,0.056152
0.0091553,-0.021667,0.056152
0.011139,-0.02182,0.05127
0.011902,-0.018158,0.05249
0.01297,-0.015564,0.048828
0.015869,-0.0097656,0.047607
0.020905,-0.0064087,0.046387
0.025787,-0.0048828,0.046387
0.029449,-0.0050354,0.042725
0.034027,-0.0062561,0.037842
0.034943,-0.0053406,0.040283
0.033112,-0.0054932,0.040283
0.032501,-0.00045776,0.040283
0.032959,0.0021362,0.036621
0.032654,0.0038147,0.040283
0.034637,0.0054932,0.032959
0.035553,0.0053406,0.042725
0.036469,0.0061035,0.039063
0.037689,0.0067139,0.043945
0.034943,0.0088501,0.041504
0.034637,0.011444,0.045166
0.0354,0.012512,0.053711
0.035706,0.013275,0.042725
0.036469,0.011902,0.05249
0.034485,0.010834,0.048828
0.031128,0.010834,0.029297
0.026398,0.012054,0.050049
0.022125,0.015106,0.047607
0.018463,0.017395,0.057373
0.018311,0.015869,0.056152
0.018158,0.016632,0.057373
0.018921,0.012665,0.058594
0.017548,0.0090027,0.058594
0.015717,0.0065613,4.1968
0.014496,0.0057983,4.8792
0.013885,0.0054932,4.9268
0.014343,0.0056458,4.9255
0.016174,0.0035095,4.9329
0.016632,0.00091553,4.9377
0.016022,-0.0016785,4.9329
0.013428,-0.0042725,4.9304
0.011139,-0.0028992,4.9475
0.0090027,-0.00061035,4.9451
0.0094604,0.00061035,4.9353
0.010986,0.00061035,4.9207
0.014191,-0.0010681,4.9316
0.016785,-0.0035095,4.9207
0.016937,-0.0050354,4.928
0.0177,-0.0036621,4.9292
0.017548,-0.0021362,4.9207
0.018616,-0.0010681,4.9219
0.018616,0.00091553,4.9182
0.020599,0.00015259,4.9182
0.019836,-0.0019836,4.9158
0.018768,-0.0024414,4.9194
0.016937,-0.002594,4.917
0.014954,-0.0010681,4.9182
0.01297,0.00045776,4.9207
0.013733,-0.0012207,4.9109
0.016785,0.0010681,4.9146
0.018005,-0.00030518,4.9109
0.019836,-0.0019836,4.8962
0.019989,-0.0024414,4.9109
0.020752,-0.0021362,4.9097
0.019073,-0.0012207,4.9036
0.016632,-0.0015259,4.9097
0.017548,-0.0041199,4.9097
0.019073,-0.0042725,4.9109
0.018921,-0.0071716,4.906
0.018616,-0.0094604,4.9146
0.018158,-0.010986,4.9048
0.017548,-0.0079346,4.9158
0.018005,-0.0054932,4.9158
0.020447,-0.0050354,4.9194
0.024109,-0.0036621,4.9158
0.027161,-0.0050354,4.928
0.028381,-0.0061035,4.9194
0.028839,-0.0027466,4.9268
0.029144,-0.005188,4.939
0.029297,-0.0028992,4.9304
0.030365,-0.0016785,4.917
0.028687,-0.0018311,4.9292
0.033417,-0.0033569,4.9341
0.035553,-0.005188,4.9304
0.035553,-0.0054932,4.9304
0.034027,-0.0047302,4.9304
0.031433,-0.0018311,4.9341
0.03006,0.00045776,4.9329
0.031433,0.0012207,4.9353
0.032501,0.00076294,4.9341
0.033417,-0.0012207,4.939
0.032196,-0.0024414,4.9329
0.03006,-0.0016785,4.9365
0.028229,0.00030518,4.9475
0.026245,0.0032043,4.9329
0.026703,0.0047302,4.9268
0.026703,0.005188,4.9292
0.026855,0.0036621,4.9097
0.025787,0.00091553,4.9207
0.023346,-0.00015259,4.9182
0.021057,0.00045776,4.9194
0.018616,0.002594,4.9207
0.0177,0.0041199,4.9146
0.017242,0.0032043,4.9194
0.017853,0.0016785,4.9121
0.0177,-0.00076294,4.9036
0.016022,-0.0022888,4.906
0.016327,-0.0013733,4.9158
0.014801,0.00045776,4.9121
0.014191,0.0032043,4.9121
0.013885,0.0036621,4.9109
0.01358,0.0021362,4.9146
0.014343,-0.00076294,4.9121
0.013885,-0.0028992,4.9109
0.012817,-0.0032043,4.917
0.011902,-0.0019836,4.9048
0.012817,0.00030518,4.9072
0.015564,0.0019836,4.9133
0.016479,0.00061035,4.9109
0.021667,-0.0016785,4.9133
0.024261,-0.004425,4.9158
0.025482,-0.0057983,4.917
0.02533,-0.0059509,4.9231
0.024261,-0.0042725,4.9231
0.023499,-0.0022888,4.9268
0.023499,-0.0032043,4.9255
0.024872,-0.0062561,4.9329
0.024567,-0.007782,4.9268
0.023804,-0.0097656,4.9304
0.02243,-0.010834,4.9402
0.020447,-0.0083923,4.9341
0.020294,-0.0054932,4.9268
0.02182,-0.0041199,4.9219
0.023041,-0.0048828,4.9268
0.02594,-0.0054932,4.9329
0.026093,-0.0068665,4.9304
0.02533,-0.0076294,4.9304
0.023346,-0.0062561,4.9329
0.022278,-0.0032043,4.9353
0.022125,0.00030518,4.9353
0.023499,0.002594,4.9316
0.025787,0.0047302,4.9341
0.027466,0.0033569,0.062256
0.027161,0.0035095,0.059814
0.027313,0.0039673,0.058594
0.027313,0.0050354,0.057373
0.028534,0.0068665,0.050049
0.03067,0.0083923,0.05249
0.031433,0.0082397,0.059814
0.031128,0.005188,0.048828
0.030212,0.0018311,0.054932
0.026398,-0.0013733,0.046387
0.023193,-0.0019836,0.040283
0.020752,-0.00061035,0.039063
0.016632,0.0015259,0.042725
0.013275,0.0021362,0.041504
0.01236,0.0021362,0.040283
0.009613,-0.00091553,0.03418
0.0074768,-0.0048828,0.040283
0.0062561,-0.0061035,0.036621
0.0038147,-0.0048828,0.041504
0.0035095,-0.0027466,0.039063
0.004425,-0.0021362,0.041504
0.0062561,-0.0027466,0.039063
0.0073242,-0.004425,0.041504
0.0093079,-0.0065613,0.056152
0.0099182,-0.0074768,0.042725
0.010834,-0.0064087,0.05127
0.011902,-0.0033569,0.047607
0.012665,-0.0015259,0.028076
0.014648,-0.0010681,0.046387
0.016937,-0.0016785,0.05249
0.018463,-0.002594,0.05249
0.019836,-0.0033569,0.054932
0.020905,-0.0013733,0.054932
0.020905,0.0013733,0.059814
0.021667,0.004425,0.059814
0.022736,0.0057983,0.061035
0.023804,0.0054932,0.059814
0.025024,0.0042725,0.061035
0.025177,0.0028992,0.063477
0.026398,0.0053406,0.064697
0.026703,0.0036621,0.068359
0.027161,0.004425,0.064697
0.027313,0.0047302,0.063477
0.026855,0.0024414,0.067139
0.027008,0.00045776,0.079346
0.027008,-0.0018311,0.063477
0.026855,-0.0024414,0.053711
0.026703,-0.0013733,0.063477
0.026245,-0.00076294,0.058594
0.025635,-0.00015259,0.054932
0.026703,0,0.057373
0.025482,-0.0010681,0.05249
0.025787,-0.0024414,0.05249
0.027313,-0.0038147,0.050049
0.028229,-0.0042725,0.05127
0.029297,-0.002594,0.046387
0.03067,-0.0021362,0.048828
0.032501,-0.0024414,0.047607
0.034027,-0.0013733,0.045166
0.0354,-0.0013733,0.046387
0.035858,-0.0010681,0.042725
0.037384,0.0021362,0.047607
0.036774,0.0024414,0.039063
0.035553,0.005188,0.030518
0.034943,0.0071716,0.036621
0.03418,0.0073242,0.037842
0.032654,0.0073242,0.037842
0.03006,0.0073242,0.041504
0.029755,0.0065613,0.037842
0.031891,0.007019,0.03418
0.027161,0.0082397,0.039063
0.026245,0.0085449,0.043945
0.020599,0.0086975,0.039063
0.022583,0.0062561,0.046387
0.020599,0.0038147,0.043945
0.019379,0.002594,0.05127
0.019989,0.0013733,0.046387
0.018311,0.00091553,0.053711
0.015717,0.0024414,0.054932
0.014496,0.0071716,0.056152
0.013275,0.0018311,0.063477
0.012512,0.00015259,0.061035
0.011444,-0.0012207,0.048828
0.012207,-0.0016785,0.059814
0.013123,-0.0015259,0.064697
0.011902,-0.00076294,0.058594
0.011444,0.00061035,0.061035
0.011444,0.0010681,0.059814
0.011597,0.00045776,0.063477
0.01236,0,0.061035
0.013885,0.00061035,0.067139
0.016022,0.0068665,0.064697
0.018463,0.0050354,0.06958
0.020294,0.0071716,0.064697
0.020447,0.0073242,0.065918
0.022888,0.0068665,0.078125
0.023041,0.0059509,0.059814
0.023651,0.0056458,0.057373
0.024719,0.0048828,0.056152
0.025482,0.007019,0.043945
0.024261,0.0067139,0.048828
0.022736,0.0061035,0.047607
0.019836,0.004425,0.050049
0.020447,0.0028992,0.046387
0.019531,0.00076294,0.043945
0.019379,0.00045776,0.047607
0.019989,0.0021362,0.043945
0.019989,-0.00091553,0.041504
0.021057,0.0021362,0.039063
0.022278,0.0016785,0.043945
0.022583,0.00030518,0.039063
0.023193,-0.00015259,0.041504
0.024109,-0.00045776,0.039063
0.027008,0.00045776,0.040283
0.027161,0.0028992,0.047607
0.027466,0.0047302,0.042725
0.028076,0.0028992,0.050049
0.027313,0.0061035,2.8613
0.027924,0.0050354,4.7778
0.027313,0.0045776,4.9023
0.028381,0.0045776,4.9097
0.03006,0.0059509,4.9109
0.029449,0.0071716,4.9158
0.029449,0.007782,4.9158
0.029602,0.0083923,4.9207
0.028839,0.005188,4.9207
0.027161,0.0036621,4.9304
0.025635,0.0028992,4.9243
0.023956,0.0028992,4.9304
0.022583,0.0035095,4.9329
0.019073,0.0030518,4.9341
0.013733,0.0016785,4.939
0.015259,-0.00061035,4.9329
0.013428,-0.0022888,4.9341
0.012817,-0.0024414,4.9329
0.0099182,-0.0030518,4.939
0.013275,-0.0015259,4.9316
0.0088501,-0.00045776,4.9158
0.0088501,-0.00030518,4.9329
0.0085449,-0.0024414,4.9353
0.0083923,-0.0036621,4.9353
0.0093079,-0.0042725,4.9365
0.0097656,-0.0048828,4.9304
0.010834,-0.0035095,4.9329
0.012054,-0.0028992,4.9219
0.013733,-0.00091553,4.9304
0.014038,-0.00030518,4.9255
0.016937,-0.00015259,4.9243
0.018463,0.00045776,4.9207
0.020752,0.00061035,4.9243
0.025024,0.0013733,4.9304
0.024567,0.0018311,4.9231
0.025482,0.0024414,4.9207
0.02655,0.0018311,4.9194
0.026093,0.0019836,4.9023
0.02655,0.0012207,4.9109
0.025635,0.0010681,4.9121
0.02533,0.0012207,4.9109
0.025482,0.002594,4.9097
0.024261,0.0027466,4.906
0.023193,0.0028992,4.9097
0.022583,0.0048828,4.9097
0.021515,0.0036621,4.9109
0.021057,0.0036621,4.9084
0.021667,0.0033569,4.9207
0.022125,0.004425,4.9121
0.022888,0.004425,4.9097
0.02243,0.004425,4.9146
0.020905,0.0039673,4.9133
0.02121,0.0032043,4.9121
0.020447,0.0032043,4.9207
0.02121,0.0035095,4.917
0.02182,0.0036621,4.9194
0.022278,0.004425,4.9146
0.022736,0.0035095,4.9268
0.021667,0.0021362,4.9255
0.02182,0.0013733,4.928
0.021667,-0.00030518,4.928
0.02182,-0.0013733,4.928
0.022125,-0.00045776,4.9316
0.021973,-0.00061035,4.928
0.022736,-0.00091553,4.9341
0.02243,-0.00061035,4.9329
0.020905,-0.0010681,4.9341
0.020294,-0.00091553,4.9292
0.019073,-0.00076294,4.9341
0.019379,0,4.9426
0.019226,-0.00015259,4.9402
0.021515,0.00061035,4.9426
0.019836,0.00045776,4.9365
0.02182,-0.00045776,4.9231
0.019073,-0.0010681,4.9316
0.018616,-0.00045776,4.9304
0.019379,0,4.9255
0.019989,0.0013733,4.9304
0.020447,0.0019836,4.9243
0.019531,0.0018311,4.9243
0.018616,0.0015259,4.9158
0.016937,0.00061035,4.9231
0.015869,0.0012207,4.9158
0.014801,0.00045776,4.9182
0.015717,0.0010681,4.917
0.015411,0.00076294,4.9231
0.016327,0.00045776,4.9158
0.014648,-0.0013733,4.9146
0.015106,-0.0022888,4.9109
0.015717,-0.0027466,4.9109
0.016479,-0.002594,4.906
0.017242,-0.0024414,4.9109
0.018005,-0.0021362,4.8987
0.017853,-0.002594,4.9084
0.018311,-0.002594,4.9084
0.018616,-0.0021362,4.9084
0.018616,-0.0021362,4.9121
0.020142,-0.0012207,4.9048
0.022278,-0.00091553,4.9133
0.023041,-0.00030518,4.9097
0.023193,-0.00076294,4.9182
0.023346,-0.00091553,4.917
0.024109,-0.0016785,4.9182
0.02243,-0.0013733,4.9182
0.022583,-0.00030518,4.9231
0.023193,0.00061035,4.9316
0.023804,0.0010681,4.928
0.023804,0.0019836,4.9365
0.023804,0.00045776,4.9316
0.024872,-0.00030518,0.042725
0.025787,-0.00045776,0.061035
0.025177,-0.00015259,0.061035
0.026093,0.00045776,0.059814
0.026398,0.00076294,0.053711
0.028076,0.00076294,0.057373
0.025787,0.00030518,0.063477
0.024719,0.00061035,0.062256
0.024567,0.0010681,0.063477
0.023651,0.0024414,0.064697
0.020294,0.0021362,0.06958
0.023346,0.0033569,0.065918
0.022583,0.0030518,0.065918
0.022583,0.0018311,0.073242
0.02121,0,0.057373
0.020447,-0.0015259,0.061035
0.019073,-0.0024414,0.058594
0.017853,-0.0050354,0.054932
0.017242,-0.0019836,0.050049
0.016632,-0.0018311,0.050049
0.016327,-0.0035095,0.048828
0.015259,-0.0047302,0.048828
0.014954,-0.0056458,0.040283
0.015259,-0.0061035,0.047607
0.014954,-0.0064087,0.045166
0.014496,-0.0054932,0.037842
0.013275,-0.0053406,0.039063
0.014343,-0.007782,0.043945
0.015106,-0.004425,0.039063
0.014191,-0.0038147,0.041504
0.015411,-0.0036621,0.040283
0.016327,-0.0028992,0.042725
0.017242,-0.0022888,0.050049
0.019226,-0.0018311,0.041504
0.02121,-0.0024414,0.05249
0.022278,-0.007782,0.025635
0.023041,-0.0064087,0.029297
0.022736,-0.0071716,0.041504
0.022125,-0.0073242,0.041504
0.019836,-0.007019,0.040283
0.020294,-0.0064087,0.042725
0.020294,-0.0059509,0.047607
0.019226,-0.0062561,0.05127
0.018463,-0.004425,0.05249
0.018311,-0.0033569,0.057373
0.019531,-0.0021362,0.05249
0.019836,-0.0041199,0.056152
0.019684,0.00061035,0.062256
0.020905,0.00061035,0.064697
0.020752,0.0010681,0.06958
0.020294,0.0012207,0.061035
0.019531,-0.0013733,0.061035
0.018616,-0.0012207,0.061035
0.019379,-0.0016785,0.067139
0.019531,0.00091553,0.061035
0.020752,0.00015259,0.073242
0.021973,0.0015259,0.061035
0.02243,0.0021362,0.064697
0.024872,0.0032043,0.063477
0.026093,0.0022888,0.065918
0.027466,0.0018311,0.062256
0.028534,0.0010681,0.068359
0.029449,0,0.057373
0.029449,0.00015259,0.063477
0.028687,-0.00015259,0.056152
0.029755,-0.0015259,0.056152
0.026398,-0.0021362,0.048828
0.024567,-0.0027466,0.05127
0.022736,-0.0038147,0.063477
0.025177,-0.0036621,0.047607
0.020447,-0.0042725,0.05249
0.020447,-0.004425,0.046387
0.02182,-0.0056458,0.030518
0.020447,-0.0022888,0.041504
0.021515,-0.0022888,0.042725
0.022125,-0.0032043,0.041504
0.024109,-0.0039673,0.040283
0.020447,-0.0038147,0.03418
0.019379,-0.0042725,0.036621
0.016785,-0.0065613,0.039063
0.016937,-0.0033569,0.037842
0.016327,-0.0027466,0.039063
0.016022,-0.0028992,0.041504
0.016479,-0.0030518,0.039063
0.016785,-0.0022888,0.041504
0.018311,-0.0013733,0.045166
0.019836,0.00045776,0.042725
0.022736,0.0027466,0.042725
0.025635,0.0028992,0.043945
0.027466,0.0032043,0.048828
0.027771,0.0016785,0.048828
0.027313,0.00076294,0.043945
0.026855,-0.0016785,0.05249
0.025024,-0.0027466,0.057373
0.024261,-0.0013733,0.054932
0.02243,-0.0019836,0.059814
0.02182,-0.00091553,0.057373
0.02182,-0.00015259,0.062256
0.021667,0.0018311,0.058594
0.022125,0.00015259,0.059814
0.023346,-0.0010681,0.05127
0.024109,-0.0013733,0.062256
0.023346,-0.0013733,0.061035
0.024567,-0.0012207,0.064697
0.025635,-0.0010681,0.074463
0.025024,-0.0016785,0.072021
0.025177,-0.0021362,0.06958
0.023499,-0.0028992,0.063477
0.02243,-0.0018311,0.054932
0.023193,-0.0030518,0.063477
0.023651,0.00076294,0.059814
0.024414,0.0024414,0.05249
0.024719,0.0036621,0.059814
0.02533,0.002594,0.05249
0.02533,0.0036621,0.05249
0.025635,0.0036621,0.050049
0.026703,0.0038147,0.048828
0.027313,0.0035095,1.2305
0.028534,0.0045776,4.6997
0.028992,0.0053406,4.9011
0.028839,0.0048828,4.9146
0.028076,0.0048828,4.9109
0.028229,0.0036621,4.9146
0.026398,0.0035095,4.9182
0.02533,0.0041199,4.9097
0.024567,0.0053406,4.9182
0.023193,0.0062561,4.9121
0.022278,0.0067139,4.8999
0.020599,0.0067139,4.9097
0.019836,0.0068665,4.9109
0.020294,0.0071716,4.9097
0.021362,0.0088501,4.9146
0.023651,0.0082397,4.906
0.024109,0.0074768,4.9133
0.023651,0.0071716,4.9121
0.021973,0.0059509,4.9133
0.020447,0.0041199,4.9158
0.018768,0.0033569,4.9207
0.018158,0.0027466,4.9194
0.017548,0.0035095,4.9243
0.0177,0.0047302,4.939
0.017395,0.0057983,4.9243
0.016785,0.0062561,4.917
0.016022,0.0062561,4.9341
0.01709,0.0067139,4.9268
0.017853,0.0061035,4.9316
0.018921,0.0062561,4.9304
0.019989,0.0038147,4.9316
0.020599,0.0033569,4.9329
0.020599,0.0024414,4.9292
0.019836,0.0015259,4.9353
0.019531,0.00061035,4.9329
0.018463,0.0019836,4.9341
0.018158,0.00076294,4.9353
0.018311,0.0028992,4.9377
0.020142,0.0030518,4.9341
0.020294,0.0035095,4.9377
0.02121,0.0030518,4.9353
0.022888,0.0019836,4.9341
0.023499,0.0016785,4.939
0.024261,0.0016785,4.928
0.025177,0.0018311,4.9365
0.026398,0.0019836,4.9207
0.027313,0.0018311,4.9072
0.028229,0.0012207,4.9182
0.027924,0.0018311,4.9219
0.027466,0.0022888,4.917
0.026703,0.0038147,4.9146
0.026093,0.004425,4.9158
0.026398,0.0050354,4.9158
0.026703,0.0048828,4.9109
0.025787,0.0048828,4.9146
0.026093,0.0041199,4.9084
0.025482,0.004425,4.9146
0.024414,0.0048828,4.9121
0.023499,0.005188,4.9146
0.022736,0.0057983,4.9146
0.022583,0.0056458,4.9121
0.022125,0.0050354,4.9097
0.02182,0.0048828,4.9109
0.021667,0.0042725,4.9036
0.020599,0.0036621,4.9133
0.020599,0.0032043,4.9158
0.019531,0.0022888,4.9121
0.019073,0.0013733,4.9146
0.019226,0.00076294,4.9219
0.019379,-0.00015259,4.9182
0.018463,0.00015259,4.9182
0.017548,0.00045776,4.928
0.016327,-0.00030518,4.9243
0.015411,-0.00015259,4.9304
0.014496,0.00015259,4.9304
0.015106,-0.00015259,4.9353
0.015717,-0.00030518,4.9292
0.016327,-0.0010681,4.9316
0.016785,-0.0021362,4.9402
0.017395,-0.0019836,4.9329
0.016937,-0.0028992,4.9402
0.015869,-0.0028992,4.9341
0.016632,-0.0013733,4.9146
0.016632,-0.00030518,4.9304
0.017242,0.0010681,4.9402
0.019989,0.0030518,4.9365
0.016785,0.0018311,4.9365
0.016174,0.0018311,4.9329
0.016937,0.0041199,4.9402
0.017395,0.0036621,4.9304
0.019073,0.0050354,4.9292
0.019226,0.0048828,4.9243
0.019226,0.0032043,4.9207
0.018005,0.00061035,4.9231
0.01709,-0.0012207,4.9109
0.015564,-0.0019836,4.928
0.016937,-0.00076294,4.9207
0.015106,0.00015259,4.917
0.013733,0.0010681,4.9182
0.01297,0.0010681,4.8999
0.011749,0.00030518,4.9133
0.011749,-0.00076294,4.9097
0.011902,-0.0016785,4.9109
0.015106,-0.0013733,4.9121
0.014191,0,4.9072
0.014954,0.00045776,4.9121
0.015717,0.00045776,4.9109
0.016632,-0.00076294,4.9097
0.016785,-0.0012207,0.061035
0.017853,-0.0022888,0.043945
0.0177,-0.0019836,0.037842
0.019531,-0.00015259,0.037842
0.019379,0.0022888,0.040283
0.019073,0.0036621,0.042725
0.019684,0.0027466,0.047607
0.018768,0.0022888,0.048828
0.019073,0.00030518,0.058594
0.019226,-0.0012207,0.050049
0.019073,0.0012207,0.045166
0.021973,-0.0018311,0.053711
0.02243,-0.0013733,0.056152
0.023041,-0.0013733,0.056152
0.020905,-0.0013733,0.059814
0.021057,-0.00091553,0.061035
0.020447,-0.00015259,0.062256
0.019989,0.0012207,0.061035
0.019989,0.0028992,0.061035
0.019531,0.0041199,0.058594
0.018463,0.005188,0.063477
0.018311,0.0085449,0.063477
0.016632,0.0045776,0.067139
0.0177,0.0032043,0.073242
0.018768,0.0015259,0.061035
0.019073,0.0015259,0.065918
0.019531,0.00091553,0.067139
0.019226,0.0016785,0.062256
0.018616,0.002594,0.062256
0.017395,0.0013733,0.059814
0.017242,0.0032043,0.056152
0.016785,0.0038147,0.059814
0.015564,0.0039673,0.05249
0.019531,0.0047302,0.053711
0.021362,0.005188,0.046387
0.023193,0.0057983,0.048828
0.024414,0.0028992,0.046387
0.024414,0.0012207,0.047607
0.024719,-0.00045776,0.05127
0.024109,-0.0027466,0.045166
0.026093,-0.0028992,0.042725
0.02121,-0.0027466,0.043945
0.020447,-0.0027466,0.05127
0.0177,-0.002594,0.039063
0.016174,-0.0035095,0.05127
0.016327,-0.0030518,0.039063
0.015869,-0.0038147,0.032959
0.017853,-0.0038147,0.037842
0.019684,-0.0039673,0.041504
0.02121,-0.0036621,0.036621
0.021973,-0.002594,0.040283
0.022125,-0.002594,0.037842
0.021362,-0.0038147,0.042725
0.020294,-0.0042725,0.039063
0.020142,-0.0047302,0.046387
0.020142,-0.0041199,0.042725
0.02121,-0.0024414,0.045166
0.021515,-0.0010681,0.046387
0.022125,-0.002594,0.056152
0.023956,0.00030518,0.067139
0.026093,-0.00045776,0.058594
0.028687,-0.0010681,0.057373
0.030823,-0.0010681,0.059814
0.032196,0,0.058594
0.032349,0.00076294,0.059814
0.032196,0.0010681,0.056152
0.030823,0.00030518,0.058594
0.029755,-0.00045776,0.05249
0.028381,-0.0010681,0.059814
0.026855,-0.0015259,0.061035
0.026245,-0.0013733,0.058594
0.024872,-0.00076294,0.065918
0.023956,-0.00045776,0.062256
0.023193,-0.00061035,0.067139
0.023041,-0.00045776,0.065918
0.021667,-0.0018311,0.067139
0.020294,-0.0024414,0.065918
0.020752,-0.0036621,0.059814
0.019531,-0.0047302,0.063477
0.019684,-0.0047302,0.059814
0.018921,-0.0050354,0.068359
0.016937,-0.0035095,0.05127
0.015411,-0.0047302,0.041504
0.014038,-0.0048828,0.048828
0.014648,-0.0048828,0.047607
0.015564,-0.004425,0.045166
0.016937,-0.0030518,0.046387
0.017853,-0.0019836,0.041504
0.018463,-0.0013733,0.041504
0.018616,-0.0010681,0.039063
0.019226,-0.0012207,0.042725
0.019836,-0.0027466,0.037842
0.021362,-0.0041199,0.040283
0.020905,-0.0053406,0.041504
0.019836,-0.005188,0.042725
0.018005,-0.0067139,0.041504
0.016174,-0.0059509,0.040283
0.015717,-0.0061035,0.037842
0.016327,-0.0079346,0.0354
0.016632,-0.0056458,0.032959
0.019379,-0.004425,0.040283
0.020905,-0.0028992,0.031738
0.02121,-0.0013733,0.041504
0.02182,-0.00076294,0.046387
0.021057,0,0.047607
0.021515,-0.00030518,0.045166
0.02182,-0.00076294,0.050049
0.021973,0.00045776,0.056152
0.020905,0.00015259,0.056152
0.019989,0.00061035,0.058594
0.019836,0.0015259,0.059814
0.020752,0.0012207,0.063477
0.020905,0.0016785,0.061035
0.022278,0.0010681,0.062256
0.023651,0.00030518,0.076904
0.024414,-0.00061035,0.062256
0.024109,-0.00076294,0.065918
0.02533,-0.00091553,0.063477
0.024109,-0.00076294,3.1726
0.023651,-0.00061035,4.8254
0.023041,-0.00061035,4.9194
0.021973,-0.00091553,4.9304
0.023499,0.00061035,4.9329
0.023651,0.00030518,4.9316
0.024567,0.0010681,4.9353
0.02533,0.0015259,4.9292
0.026245,0.0015259,4.928
0.02655,0.00015259,4.9219
0.026855,-0.0019836,4.9231
0.027008,-0.0038147,4.9219
0.026093,-0.0054932,4.9219
0.025482,-0.0057983,4.9207
0.02533,-0.0050354,4.9219
0.02243,-0.0042725,4.917
0.021667,-0.0039673,4.9194
0.022736,-0.0038147,4.9146
0.023193,-0.0033569,4.9121
0.023193,-0.0035095,4.9097
0.024261,-0.0021362,4.9146
0.025177,-0.00091553,4.9097
0.02533,0.00045776,4.906
0.027008,0.0013733,4.895
0.026703,-0.00030518,4.9084
0.027618,-0.0013733,4.9097
0.027008,-0.00015259,4.9036
0.025177,-0.002594,4.9109
0.025482,-0.0027466,4.8877
0.023041,-0.0015259,4.9097
0.02121,-0.00061035,4.9109
0.019836,0.00015259,4.9121
0.019684,-0.00030518,4.9219
0.019531,-0.00045776,4.9146
0.020447,-0.0015259,4.9219
0.021667,-0.0012207,4.9219
0.022888,-0.00091553,4.9146
0.024719,-0.00091553,4.9243
0.02533,-0.00015259,4.9231
0.026398,-0.00076294,4.928
0.026703,-0.0038147,4.9268
0.022278,-0.0010681,4.9292
0.024872,-0.0013733,4.9329
0.023651,0.00045776,4.9304
0.022125,0.0030518,4.928
0.019989,0.0022888,4.9304
0.021362,0.0032043,4.9341
0.02121,0.0016785,4.9341
0.021057,0,4.9353
0.020905,-0.0018311,4.9353
0.020599,-0.0018311,4.939
0.020905,-0.0010681,4.9402
0.023346,0,4.9353
0.023651,0.00045776,4.9451
0.023041,0.00030518,4.9353
0.022125,0.0010681,4.928
0.022583,0.0010681,4.9255
0.023499,0.0032043,4.9268
0.026855,0.0064087,4.9255
0.026398,0.010834,4.9231
0.032806,0.011292,4.9182
0.033569,0.009613,4.9207
0.032349,0.0056458,4.9207
0.03006,0.0016785,4.9207
0.02533,-0.0035095,4.9158
0.021515,-0.0056458,4.9194
0.016479,-0.0059509,4.9109
0.012054,-0.0059509,4.9146
0.007019,-0.0054932,4.9231
0.0041199,-0.0054932,4.9133
0.0019836,-0.005188,4.9121
0.0042725,-0.0033569,4.9109
0.0073242,0.00061035,4.8914
0.010986,0.0056458,4.9109
0.016174,0.0083923,4.9097
0.019073,0.010834,4.9109
0.022125,0.012054,4.9036
0.024719,0.012207,4.9072
0.027161,0.012665,4.9133
0.02533,0.014191,4.9097
0.024261,0.016174,4.9146
0.022278,0.016327,4.9121
0.020447,0.015564,4.9231
0.0177,0.014496,4.9207
0.01709,0.011444,4.9231
0.016022,0.0065613,4.9292
0.014801,0.0065613,4.928
0.013733,0.0054932,4.9292
0.01297,0.0039673,4.9329
0.011597,0.0013733,4.9402
0.010529,-0.0013733,4.9329
0.010071,-0.0059509,4.9268
0.010529,-0.011139,4.928
0.009613,-0.011749,4.9304
0.0094604,-0.011444,4.928
0.0085449,-0.0093079,4.9329
0.0059509,-0.0056458,4.9329
0.0080872,-0.0038147,4.9353
0.007019,-0.00091553,4.9182
0.0053406,0.00091553,4.9377
0.0076294,0.004425,4.9329
0.010071,0.0080872,4.9353
0.01297,0.012207,4.9316
0.015106,0.015869,4.9268
0.019989,0.016937,4.9402
0.022888,0.016327,4.9304
0.025787,0.013733,4.9304
0.028381,0.011444,4.9243
0.031281,0.010834,0.040283
0.034332,0.010986,0.05127
0.035553,0.010071,0.047607
0.035248,0.0079346,0.046387
0.03418,0.0047302,0.047607
0.032043,-0.00045776,0.042725
0.030365,-0.0045776,0.043945
0.029297,-0.0067139,0.040283
0.027466,-0.0062561,0.042725
0.027008,-0.0041199,0.036621
0.026093,-0.0010681,0.041504
0.024414,0.00061035,0.041504
0.02243,0.0015259,0.040283
0.02121,0.0015259,0.037842
0.020905,0.002594,0.043945
0.018616,0.0035095,0.037842
0.018005,0.007019,0.040283
0.017395,0.0080872,0.040283
0.015869,0.01297,0.041504
0.014648,0.013275,0.031738
0.013428,0.01236,0.041504
0.014038,0.0080872,0.046387
0.015717,0.010986,0.046387
0.017853,0.012665,0.05127
0.021362,0.014496,0.050049
0.025024,0.015106,0.058594
0.026245,0.015717,0.053711
0.026855,0.013123,0.061035
0.027466,0.010071,0.059814
0.027466,0.007782,0.064697
0.029602,0.0068665,0.058594
0.030212,0.007019,0.064697
0.030365,0.0080872,0.073242
0.029449,0.0047302,0.058594
0.028992,0.0016785,0.067139
0.027466,-0.0022888,0.063477
0.027618,-0.0045776,0.045166
0.027161,-0.0035095,0.062256
0.026703,-0.0012207,0.063477
0.02533,0.002594,0.065918
0.023804,0.0056458,0.065918
0.022125,0.0064087,0.062256
0.020142,0.0067139,0.065918
0.018616,0.0061035,0.063477
0.017395,0.0067139,0.059814
0.015259,0.0079346,0.054932
0.014191,0.009613,0.058594
0.012512,0.010834,0.053711
0.011597,0.010071,0.05249
0.010986,0.0076294,0.056152
0.012054,0.0048828,0.05127
0.011139,0.0028992,0.047607
0.012207,0.0030518,0.048828
0.012665,0.0048828,0.047607
0.014038,0.0067139,0.041504
0.014648,0.0068665,0.040283
0.015717,0.0054932,0.041504
0.018616,0.0033569,0.040283
0.019989,0.0013733,0.036621
0.022736,0.0013733,0.040283
0.02533,0.0028992,0.036621
0.026398,0.0035095,0.039063
0.028229,0.0048828,0.036621
0.027924,0.0038147,0.041504
0.027771,0.0015259,0.042725
0.027008,-0.00076294,0.041504
0.024414,-0.002594,0.040283
0.023651,-0.0033569,0.043945
0.022125,-0.0022888,0.054932
0.019226,-0.00076294,0.047607
0.0177,-0.00045776,0.057373
0.014954,-0.00076294,0.047607
0.014496,-0.0027466,0.042725
0.014343,-0.007782,0.054932
0.014343,-0.0076294,0.054932
0.015717,-0.0074768,0.05127
0.016632,-0.0065613,0.053711
0.018158,-0.0038147,0.058594
0.019989,-0.0024414,0.061035
0.023041,-0.0030518,0.059814
0.025787,-0.0050354,0.067139
0.027466,-0.0068665,0.058594
0.029602,-0.0073242,0.062256
0.029755,-0.0071716,0.062256
0.029297,-0.0061035,0.064697
0.027924,-0.0056458,0.064697
0.026855,-0.0074768,0.054932
0.025635,-0.010834,0.068359
0.02533,-0.014496,0.065918
0.024567,-0.016327,0.075684
0.023651,-0.015259,0.064697
0.023346,-0.01236,0.050049
0.022583,-0.007782,0.059814
0.022125,-0.005188,0.056152
0.022736,-0.0042725,0.053711
0.023041,-0.0050354,0.05127
0.023499,-0.0061035,0.046387
0.023346,-0.0059509,0.048828
0.022278,-0.004425,0.046387
0.021362,-0.0012207,0.047607
0.020752,-0.00045776,0.046387
0.021362,-0.0010681,0.050049
0.02121,-0.0036621,0.043945
0.022278,-0.0054932,0.043945
0.021362,-0.0076294,0.05249
0.021057,-0.0085449,0.040283
0.020142,-0.0082397,0.037842
0.017853,-0.010834,0.040283
0.016632,-0.011597,0.019531
0.01709,-0.014343,0.036621
0.018616,-0.017548,0.039063
0.02182,-0.019531,0.037842
0.024261,-0.020142,0.039063
0.026093,-0.019073,0.03418
0.027618,-0.017242,0.041504
0.028687,-0.016479,0.039063
0.030975,-0.015259,0.042725
0.032654,-0.015259,2.8821
0.032501,-0.013428,4.7961
0.034332,-0.011292,4.9072
0.033417,-0.0076294,4.9207
0.029144,-0.0039673,4.9194
0.029755,-0.00061035,4.9243
0.027161,0.0022888,4.9292
0.02655,0.0032043,4.9316
0.027008,0.0028992,4.9426
0.028839,0.0022888,4.9292
0.028992,0.0019836,4.9219
0.029602,0.0064087,4.9316
0.028076,0.0010681,4.9268
0.027313,-0.00030518,4.928
0.027313,-0.0018311,4.9304
0.028076,-0.0038147,4.9329
0.027924,-0.0064087,4.9353
0.028992,-0.0079346,4.9316
0.028839,-0.0093079,4.9353
0.027008,-0.0083923,4.9341
0.024567,-0.0059509,4.9377
0.022125,-0.0036621,4.9316
0.020905,-0.002594,4.9353
0.021973,-0.0036621,4.9365
0.022888,-0.0010681,4.9329
0.023804,0.00030518,4.9255
0.023193,0.0018311,4.9255
0.020447,0.0036621,4.9207
0.017395,0.0042725,4.9207
0.015411,0.0042725,4.9182
0.013733,0.0036621,4.9133
0.014496,0.0039673,4.9194
0.014801,0.0050354,4.917
0.014496,0.0062561,4.9158
0.014496,0.0067139,4.9109
0.011139,0.0076294,4.917
0.010986,0.0050354,4.9084
0.012665,0.0038147,4.9121
0.016022,0.0027466,4.9121
0.018616,0.0032043,4.9146
0.019684,0.0038147,4.9084
0.018158,0.0045776,4.9133
0.015717,0.0038147,4.917
0.012665,0.0024414,4.9109
0.011292,-0.00015259,4.9158
0.0097656,-0.0022888,4.9121
0.013885,-0.004425,4.8999
0.014343,-0.0045776,4.9109
0.015106,-0.0065613,4.9146
0.013885,-0.0056458,4.9146
0.01358,-0.0054932,4.9194
0.014496,-0.0057983,4.9207
0.016937,-0.0056458,4.9219
0.022888,-0.0036621,4.9255
0.02243,-0.0012207,4.9304
0.02182,0.0015259,4.928
0.020599,0.0047302,4.9329
0.017853,0.005188,4.9329
0.016174,0.0059509,4.9329
0.016022,0.0065613,4.9438
0.017395,0.0073242,4.9329
0.018158,0.0083923,4.9304
0.017853,0.0085449,4.9341
0.01709,0.0083923,4.9341
0.015106,0.0071716,4.9329
0.01358,0.0054932,4.9341
0.01236,0.0041199,4.9341
0.01358,0.0047302,4.9341
0.015564,0.0024414,4.9316
0.016327,0.0022888,4.9365
0.016327,0.0032043,4.9316
0.014801,0.0018311,4.9304
0.013885,0.0028992,4.9255
0.013275,0.0030518,4.9292
0.013733,0.0022888,4.9231
0.016785,0.00030518,4.9231
0.018158,0.0024414,4.9231
0.017548,0.0022888,4.9231
0.015106,0.002594,4.9268
0.013275,0.0018311,4.9207
0.011139,0.00091553,4.928
0.0093079,0.00030518,4.9146
0.0082397,0.00045776,4.9133
0.011292,0.00015259,4.9133
0.01236,0.0012207,4.9133
0.01236,0.0019836,4.9084
0.0094604,0.0010681,4.9097
0.0099182,0.0010681,4.9097
0.010529,0.00076294,4.9097
0.013275,0.0012207,4.906
0.017395,0.0015259,4.9109
0.019531,0.002594,4.9097
0.021973,0.0038147,4.9146
0.02182,0.0064087,4.9133
0.022125,0.0036621,4.9146
0.021973,0.0032043,4.9207
0.022125,0.0035095,4.917
0.02182,0.0035095,4.9194
0.021667,0.0024414,4.9194
0.020142,0.00045776,4.9182
0.018005,-0.0015259,4.9255
0.014038,-0.0028992,4.9219
0.011749,-0.0030518,4.9255
0.0097656,-0.0019836,4.9304
0.010529,-0.00045776,4.9292
0.011749,0,4.9329
0.015411,-0.00015259,4.9292
0.017242,-0.00076294,4.939
0.01709,-0.00045776,0.062256
0.018005,0.0013733,0.065918
0.018005,0.0033569,0.065918
0.019836,0.0045776,0.067139
0.02243,0.0033569,0.065918
0.024261,0.0012207,0.068359
0.026093,0.00015259,0.075684
0.025482,0.00030518,0.068359
0.024872,0.0015259,0.075684
0.024414,0.0030518,0.065918
0.025177,0.0033569,0.054932
0.027008,0.0024414,0.061035
0.032654,0.0021362,0.056152
0.036926,0.00091553,0.056152
0.037537,0.0010681,0.053711
0.037689,0.0010681,0.048828
0.036774,0.00030518,0.050049
0.036469,0,0.047607
0.037384,-0.0016785,0.046387
0.038147,-0.0027466,0.046387
0.038452,-0.0035095,0.047607
0.036621,-0.0030518,0.043945
0.032959,-0.0019836,0.043945
0.03006,-0.00015259,0.053711
0.027618,0.0016785,0.042725
0.028687,0.0027466,0.040283
0.03067,0.0021362,0.041504
0.033417,0.0018311,0.024414
0.0354,0.00076294,0.03418
0.034637,0.0010681,0.030518
0.032959,0.002594,0.037842
0.031891,0.0041199,0.041504
0.031281,0.0059509,0.036621
0.032349,0.0057983,0.040283
0.032959,0.0042725,0.036621
0.03479,0.0019836,0.045166
0.033569,-0.00030518,0.042725
0.03067,-0.00045776,0.048828
0.028381,-0.00091553,0.050049
0.027924,-0.00076294,0.053711
0.029144,-0.0018311,0.05249
0.031128,-0.0028992,0.053711
0.032196,-0.0050354,0.058594
0.032349,-0.0071716,0.062256
0.030975,-0.0091553,0.073242
0.028381,-0.0067139,0.059814
0.02594,-0.0042725,0.046387
0.024872,-0.0035095,0.062256
0.025024,-0.0016785,0.064697
0.025787,-0.0021362,0.059814
0.026398,-0.002594,0.062256
0.02594,-0.0027466,0.056152
0.024719,-0.0022888,0.063477
0.023499,0,0.063477
0.023193,0.0021362,0.068359
0.024719,0.0030518,0.063477
0.02594,0.0030518,0.068359
0.027313,0.0013733,0.061035
0.02533,-0.00015259,0.063477
0.025177,0.00091553,0.068359
0.024567,0.0024414,0.058594
0.02121,0.0032043,0.057373
0.021515,0.0028992,0.053711
0.024261,0.002594,0.047607
0.02594,-0.00076294,0.047607
0.027313,-0.0021362,0.05249
0.02594,-0.0041199,0.043945
0.023499,-0.0024414,0.046387
0.020599,-0.004425,0.043945
0.019379,-0.0038147,0.040283
0.018158,-0.0033569,0.039063
0.019379,-0.0050354,0.043945
0.019073,-0.004425,0.037842
0.017548,-0.0048828,0.041504
0.018921,-0.0045776,0.041504
0.013885,-0.0042725,0.039063
0.01358,-0.0027466,0.036621
0.015106,-0.0016785,0.042725
0.018463,-0.0030518,0.05127
0.017548,-0.0047302,0.041504
0.016785,-0.0074768,0.05127
0.014496,-0.0080872,0.039063
0.011444,-0.0080872,0.029297
0.0079346,-0.0057983,0.041504
0.0071716,-0.0035095,0.042725
0.0076294,-0.0027466,0.047607
0.0086975,-0.0016785,0.048828
0.010223,-0.0021362,0.032959
0.010681,-0.0030518,0.056152
0.0094604,-0.0032043,0.053711
0.0099182,-0.0022888,0.058594
0.0093079,-0.00076294,0.056152
0.010681,0.00030518,0.053711
0.012512,0.00061035,0.062256
0.012512,-0.0013733,0.064697
0.012665,-0.0030518,0.073242
0.011597,-0.0036621,0.063477
0.010986,-0.0013733,0.061035
0.0082397,0.0019836,0.062256
0.0083923,0.0056458,0.067139
0.0083923,0.007782,0.062256
0.010223,0.0068665,0.068359
0.011902,0.0042725,0.065918
0.012817,0.0027466,0.06958
0.012054,0.0028992,0.058594
0.010681,0.0048828,0.062256
0.010071,0.007782,0.061035
0.0099182,0.0086975,0.058594
0.011444,0.0086975,0.054932
0.01236,0.0065613,0.058594
0.011444,0.0050354,0.05127
0.010376,0.0053406,0.053711
0.0090027,0.0071716,0.048828
0.0082397,0.0094604,0.050049
0.0086975,0.014801,0.059814
0.012207,0.011444,0.045166
0.013428,0.0082397,0.05249
0.015259,0.0071716,0.043945
0.016022,0.0054932,4.4385
0.017242,0.0057983,4.8804
0.013123,0.0088501,4.9036
0.01297,0.010223,4.906
0.013123,0.011902,4.9133
0.014496,0.009613,4.9097
0.014496,0.0076294,4.9097
0.014038,0.0064087,4.9072
0.012054,0.0064087,4.9109
0.012054,0.0094604,4.9084
0.012054,0.011597,4.9133
0.012817,0.014496,4.9133
0.015564,0.013275,4.9194
0.017548,0.012207,4.9097
0.01709,0.0091553,4.9158
0.015717,0.0068665,4.9158
0.013428,0.0091553,4.9219
0.013275,0.012207,4.9292
0.013123,0.014496,4.928
0.015411,0.015564,4.9194
0.018616,0.015411,4.928
0.020294,0.015717,4.928
0.022278,0.015259,4.9292
0.02182,0.016174,4.9316
0.023346,0.017395,4.928
0.027313,0.019379,4.9353
0.027924,0.021667,4.9329
0.032196,0.021515,4.9329
0.033875,0.020447,4.9304
0.03479,0.018768,4.9365
0.033264,0.017853,4.9304
0.030365,0.018311,4.9329
0.029602,0.019989,4.95
0.029144,0.02182,4.9402
0.030518,0.022888,4.9353
0.029144,0.022278,4.9353
0.027313,0.021362,4.9182
0.024872,0.019226,4.928
0.02243,0.018311,4.9268
0.018768,0.018463,4.9255
0.018463,0.018311,4.9255
0.018311,0.016479,4.9182
0.019989,0.014648,4.9219
0.020447,0.011902,4.9158
0.018463,0.010071,4.9207
0.016632,0.0068665,4.9146
0.014038,0.0080872,4.917
0.01297,0.0091553,4.917
0.013885,0.0099182,4.9146
0.016327,0.009613,4.9109
0.018463,0.0085449,4.9121
0.020599,0.0079346,4.917
0.02182,0.0076294,4.9158
0.022278,0.0099182,4.9133
0.023346,0.011597,4.9084
0.024567,0.012207,4.906
0.028381,0.011749,4.9097
0.030518,0.009613,4.9109
0.031433,0.0065613,4.9121
0.031128,0.0056458,4.9109
0.03067,0.0062561,4.9097
0.029755,0.0073242,4.9121
0.029449,0.0088501,4.9146
0.031281,0.0091553,4.9207
0.032501,0.0083923,4.9182
0.032196,0.0071716,4.9231
0.031586,0.0076294,4.9255
0.029144,0.0076294,4.9268
0.026855,0.0094604,4.9402
0.024567,0.010529,4.9329
0.023499,0.0093079,4.9316
0.023499,0.0062561,4.9316
0.023346,0.0033569,4.928
0.023041,0.00061035,4.9243
0.021362,-0.0015259,4.9231
0.021057,-0.00091553,4.9304
0.019379,0,4.9316
0.019073,-0.00015259,4.9304
0.018921,-0.0010681,4.9341
0.020142,-0.0032043,4.9353
0.020447,-0.0068665,4.9377
0.020752,-0.0065613,4.9329
0.019684,-0.0079346,4.9377
0.019073,-0.0074768,4.9329
0.019073,-0.0082397,4.9292
0.019989,-0.009613,4.9292
0.020599,-0.010681,4.9316
0.023956,-0.012665,4.9329
0.025177,-0.014038,4.9231
0.025787,-0.014954,4.9255
0.026093,-0.014801,4.9231
0.026093,-0.014191,4.9133
0.025635,-0.01358,4.9109
0.025635,-0.013885,4.9194
0.027008,-0.014648,4.9133
0.027313,-0.015106,4.9207
0.027313,-0.016632,4.9097
0.025482,-0.01709,4.9109
0.024872,-0.016785,4.9072
0.024872,-0.017548,4.9084
0.024414,-0.016479,4.9121
0.024719,-0.017242,4.9146
0.024109,-0.018158,4.9084
0.022888,-0.019989,4.9133
0.020599,-0.020905,4.9219
0.018768,-0.020599,4.9011
0.016632,-0.02121,4.9194
0.017395,-0.018158,4.9146
0.016174,-0.016937,0.026855
0.016937,-0.018616,0.040283
0.016785,-0.020447,0.046387
0.016937,-0.023346,0.047607
0.017242,-0.023956,0.050049
0.018005,-0.023651,0.048828
0.018768,-0.02182,0.053711
0.019989,-0.020905,0.056152
0.02121,-0.020447,0.057373
0.02182,-0.021973,0.057373
0.023346,-0.022888,0.065918
0.023804,-0.023346,0.062256
0.024872,-0.021515,0.063477
0.025482,-0.018616,0.064697
0.026093,-0.016174,0.062256
0.026703,-0.014954,0.062256
0.027924,-0.015717,0.065918
0.028534,-0.0177,0.075684
0.029602,-0.018921,0.065918
0.03067,-0.018921,0.056152
0.029755,-0.01709,0.063477
0.029297,-0.014496,0.065918
0.028534,-0.01358,0.061035
0.025635,-0.014191,0.062256
0.023804,-0.015869,0.056152
0.022888,-0.018768,0.061035
0.02243,-0.019379,0.05127
0.021057,-0.016785,0.056152
0.019684,-0.01358,0.05127
0.019684,-0.011139,0.046387
0.018158,-0.010376,0.05127
0.019836,-0.010681,0.048828
0.020447,-0.010834,0.056152
0.021667,-0.011597,0.045166
0.023804,-0.010529,0.048828
0.024261,-0.0083923,0.042725
0.025024,-0.0068665,0.024414
0.024261,-0.0059509,0.037842
0.02594,-0.0061035,0.041504
0.025482,-0.0064087,0.037842
0.026093,-0.0073242,0.039063
0.028687,-0.0059509,0.036621
0.026245,-0.0035095,0.040283
0.025635,-0.0010681,0.037842
0.028534,0.0012207,0.042725
0.025177,0.0027466,0.0354
0.025635,0.002594,0.041504
0.025482,0.0021362,0.041504
0.026245,0.0027466,0.045166
0.027313,0.004425,0.042725
0.025635,0.0065613,0.047607
0.026703,0.0083923,0.048828
0.024719,0.0093079,0.050049
0.024567,0.0085449,0.063477
0.022278,0.0071716,0.054932
0.021515,0.0061035,0.047607
0.021515,0.0061035,0.056152
0.020905,0.0076294,0.062256
0.020447,0.009613,0.061035
0.019684,0.010986,0.059814
0.020905,0.011292,0.056152
0.021973,0.010376,0.062256
0.024109,0.0094604,0.059814
0.024414,0.0094604,0.063477
0.026703,0.011902,0.059814
0.028229,0.013275,0.064697
0.027466,0.013123,0.064697
0.027313,0.014191,0.068359
0.027618,0.01297,0.079346
0.026398,0.012817,0.067139
0.026855,0.015717,0.063477
0.026093,0.016632,0.061035
0.02533,0.019226,0.047607
0.025024,0.021667,0.056152
0.024719,0.020905,0.053711
0.025024,0.019836,0.05249
0.025482,0.018311,0.053711
0.026093,0.016785,0.047607
0.027161,0.015717,0.048828
0.027618,0.016479,0.046387
0.027924,0.017853,0.048828
0.024567,0.01709,0.040283
0.027618,0.016327,0.046387
0.027161,0.015717,0.047607
0.025635,0.015259,0.042725
0.024261,0.015869,0.040283
0.023041,0.017242,0.041504
0.022278,0.018616,0.047607
0.02243,0.022278,0.041504
0.021515,0.018005,0.050049
0.020447,0.015717,0.037842
0.019379,0.013428,0.0354
0.019989,0.012054,0.037842
0.020447,0.011749,0.037842
0.020752,0.01236,0.036621
0.021057,0.013275,0.041504
0.020447,0.014343,0.041504
0.019226,0.010681,0.045166
0.017853,0.0088501,0.043945
0.016479,0.0071716,0.05127
0.015564,0.0059509,0.048828
0.015717,0.0053406,0.054932
0.015869,0.0050354,0.059814
0.016785,0.0053406,0.062256
0.017853,0.0038147,0.068359
0.020447,0.0027466,0.056152
0.022125,0.0024414,0.063477
0.024567,0.0028992,0.063477
0.023956,0.0042725,0.064697
0.027313,0.0054932,0.063477
0.027771,0.0059509,0.065918
0.027771,0.0053406,0.057373
0.026398,0.0054932,0.064697
0.025635,0.0045776,0.061035
0.024261,0.0041199,0.06958
0.024719,0.004425,0.061035
0.025635,0.0035095,0.067139
0.025787,0.0036621,1.6956
0.026703,0.0027466,4.7449
0.025482,0.0010681,4.9146
0.025177,-0.00015259,4.9268
0.023804,0.00030518,4.9231
0.023956,0.00076294,4.9255
0.023346,0.00045776,4.9353
0.023041,0,4.9231
0.02182,-0.00076294,4.9194
0.022125,-0.0042725,4.9182
0.020142,-0.0050354,4.9011
0.019684,-0.0064087,4.9146
0.020142,-0.0057983,4.9121
0.020294,-0.0022888,4.9158
0.021667,-0.0035095,4.9121
0.021667,-0.0030518,4.9097
0.02243,-0.0039673,4.9109
0.02182,-0.0054932,4.9084
0.022583,-0.0062561,4.9121
0.022278,-0.0065613,4.9084
0.021362,-0.0067139,4.9109
0.02243,-0.0062561,4.9109
0.02121,-0.0059509,4.9109
0.020447,-0.0071716,4.9097
0.019226,-0.0083923,4.9133
0.020294,-0.0086975,4.9097
0.020447,-0.0093079,4.9121
0.02121,-0.0090027,4.9121
0.02121,-0.0080872,4.9158
0.020752,-0.0083923,4.9219
0.019531,-0.0083923,4.9194
0.019226,-0.010834,4.9219
0.019073,-0.011444,4.9231
0.018616,-0.010986,4.9243
0.019073,-0.010223,4.928
0.019379,-0.0091553,4.9316
0.019684,-0.0073242,4.9292
0.019989,-0.0073242,4.9341
0.020142,-0.0073242,4.9304
0.020905,-0.0080872,4.9329
0.020905,-0.0085449,4.9304
0.020599,-0.0064087,4.9316
0.020752,-0.007019,4.9402
0.022278,-0.0065613,4.9353
0.019836,-0.0064087,4.9377
0.018005,-0.0073242,4.9377
0.016479,-0.0079346,4.9255
0.016785,-0.0085449,4.9365
0.01709,-0.0088501,4.9329
0.016479,-0.0079346,4.9304
0.016937,-0.0073242,4.9341
0.016937,-0.0080872,4.9231
0.016785,-0.007782,4.9292
0.016785,-0.0082397,4.9219
0.016785,-0.0088501,4.9243
0.01709,-0.0085449,4.917
0.017242,-0.0079346,4.9194
0.01709,-0.0082397,4.9194
0.016785,-0.0073242,4.9207
0.016022,-0.007782,4.9158
0.014954,-0.0082397,4.917
0.016632,-0.0071716,4.9158
0.017242,-0.0076294,4.9158
0.019531,-0.0048828,4.9109
0.02121,-0.004425,4.9109
0.021973,-0.0038147,4.9011
0.022125,-0.0035095,4.9072
0.022888,-0.0035095,4.9109
0.020752,-0.0028992,4.9109
0.019989,-0.0022888,4.9084
0.020752,-0.0019836,4.906
0.020752,-0.0022888,4.9097
0.019531,-0.002594,4.8975
0.016632,-0.0036621,4.917
0.016479,-0.0033569,4.9146
0.015106,-0.0024414,4.9158
0.015106,-0.002594,4.9146
0.015717,0.00091553,4.9036
0.0177,0.0018311,4.9341
0.019226,0.0041199,4.9231
0.020294,0.0024414,4.9329
0.019989,0.0027466,4.9304
0.020447,0.0032043,4.9133
0.020599,0.0038147,4.9304
0.021057,0.004425,4.9329
0.02121,0.0053406,4.9304
0.021515,0.0059509,4.9292
0.021057,0.0056458,4.928
0.020599,0.0059509,4.9109
0.019684,0.0057983,4.9329
0.019226,0.0065613,4.9341
0.020905,0.007782,4.9292
0.019836,0.0090027,4.9365
0.019684,0.0082397,4.9353
0.019531,0.0065613,4.939
0.018921,0.0062561,4.9426
0.017853,0.0048828,4.9353
0.016785,0.0048828,4.9341
0.015106,0.0054932,4.9341
0.01358,0.0061035,4.9341
0.012665,0.0061035,4.928
0.011139,0.0061035,4.9329
0.011749,0.0047302,4.9243
0.010376,0.0047302,4.9231
0.010071,0.0047302,4.917
0.010376,0.0047302,4.9207
0.011139,0.0065613,4.9146
0.011749,0.0076294,4.917
0.013275,0.012207,4.9133
0.017548,0.010071,4.9158
0.016327,0.010223,0.039063
0.017853,0.010529,0.043945
0.018158,0.010529,0.040283
0.018921,0.011597,0.040283
0.019989,0.011292,0.05127
0.020599,0.011444,0.0354
0.020142,0.010529,0.05127
0.019379,0.011139,0.040283
0.0177,0.010986,0.030518
0.016479,0.011292,0.037842
0.016785,0.011902,0.040283
0.014954,0.012817,0.0354
0.015717,0.014038,0.042725
0.015411,0.015564,0.045166
0.016022,0.013885,0.047607
0.017242,0.01297,0.046387
0.017548,0.012054,0.048828
0.0177,0.010529,0.05127
0.019226,0.011139,0.057373
0.017242,0.010834,0.061035
0.015564,0.011902,0.062256
0.014343,0.012817,0.064697
0.01297,0.010529,0.063477
0.012207,0.0093079,0.061035
0.011139,0.0090027,0.062256
0.010376,0.0082397,0.06958
0.010529,0.010834,0.057373
0.0097656,0.011292,0.068359
0.012207,0.011292,0.059814
0.012054,0.0094604,0.064697
0.012512,0.007782,0.065918
0.013428,0.0068665,0.067139
0.013885,0.0073242,0.059814
0.014648,0.0082397,0.068359
0.015259,0.0099182,0.063477
0.015411,0.010986,0.062256
0.0177,0.010223,0.061035
0.017395,0.010529,0.056152
0.016937,0.010071,0.053711
0.018158,0.012512,0.054932
0.019379,0.013885,0.065918
0.021667,0.015717,0.05127
0.023041,0.017242,0.053711
0.022583,0.020905,0.050049
0.023804,0.015564,0.0354
0.023804,0.013428,0.041504
0.023041,0.011292,0.046387
0.019836,0.010376,0.042725
0.020142,0.010223,0.040283
0.019684,0.0076294,0.032959
0.017548,0.0094604,0.041504
0.015411,0.0036621,0.037842
0.013885,0.0021362,0.042725
0.011597,0.0016785,0.039063
0.010834,0.0015259,0.041504
0.0080872,0.0013733,0.041504
0.0091553,0.0010681,0.041504
0.0093079,0.0012207,0.043945
0.0090027,0.0012207,0.039063
0.012817,0.00061035,0.037842
0.015106,0.00091553,0.043945
0.016937,0.0022888,0.045166
0.018921,0.0036621,0.046387
0.019684,0.0021362,0.040283
0.021973,0.002594,0.05127
0.023346,0.0041199,0.05249
0.025024,0.0047302,0.053711
0.026093,0.0062561,0.057373
0.027008,0.0053406,0.059814
0.027618,0.0039673,0.059814
0.028076,0.0045776,0.059814
0.029144,0.0033569,0.063477
0.030823,0.0024414,0.056152
0.034637,0.00076294,0.061035
0.033875,-0.0012207,0.062256
0.033112,-0.0022888,0.062256
0.03418,-0.0036621,0.073242
0.035553,-0.0056458,0.064697
0.032349,-0.0073242,0.068359
0.029907,-0.0071716,0.065918
0.027008,-0.011139,0.053711
0.028229,-0.0047302,0.065918
0.027161,-0.002594,0.062256
0.027008,-0.0015259,0.061035
0.028229,0.0012207,0.059814
0.027771,-0.0010681,0.05249
0.028992,-0.0013733,0.057373
0.03067,-0.00015259,0.048828
0.033112,0.00091553,0.053711
0.034485,0.0015259,0.042725
0.034943,0.0010681,0.048828
0.035553,0.00076294,0.05127
0.03418,0,0.05127
0.032806,-0.0010681,0.043945
0.032501,-0.00076294,0.043945
0.031738,-0.0010681,0.050049
0.032654,-0.0012207,0.041504
0.033264,-0.0018311,0.048828
0.03418,-0.0024414,0.040283
0.036011,-0.0033569,0.0354
0.036011,-0.0047302,0.036621
0.035706,-0.0053406,0.037842
0.0354,-0.0048828,0.039063
0.034637,-0.0050354,0.039063
0.034332,-0.0048828,0.0354
0.032501,-0.0057983,0.040283
0.030365,-0.004425,0.037842
0.027924,-0.0057983,0.043945
0.02533,-0.0057983,0.041504
0.024261,-0.0041199,0.047607
0.023956,-0.0039673,0.048828
0.024872,-0.0036621,0.05127
0.026093,-0.0038147,0.074463
0.026245,-0.0050354,0.056152
0.026245,-0.0047302,0.059814
0.02655,-0.0047302,0.059814
0.027466,-0.0048828,0.16724
0.028534,-0.0042725,4.6545
0.029907,-0.0030518,4.906
0.03006,-0.0028992,4.928
0.028534,-0.0016785,4.9268
0.027466,-0.0018311,4.9255
0.026093,-0.0018311,4.9329
0.02655,-0.0015259,4.9365
0.02655,-0.0041199,4.939
0.028381,-0.0024414,4.9292
0.030518,-0.0016785,4.9365
0.031281,-0.0016785,4.917
0.031891,-0.00061035,4.9329
0.031891,-0.00015259,4.9353
0.033112,0.00015259,4.939
0.031433,0.00030518,4.939
0.031433,0.00061035,4.9329
0.032654,0.00030518,4.9451
0.032349,0.0013733,4.9194
0.032501,0.0012207,4.9133
0.031586,0.00091553,4.9219
0.030212,0.00030518,4.9207
0.029907,-0.00061035,4.9158
0.029144,-0.00015259,4.9182
0.028992,0.00015259,4.9133
0.028381,0.00076294,4.9158
0.026855,0.0012207,4.9121
0.024872,0.00061035,4.917
0.023651,-0.00045776,4.906
0.021515,-0.002594,4.9146
0.020752,-0.0039673,4.9133
0.018921,-0.0032043,4.9133
0.020752,-0.0027466,4.9097
0.02121,-0.0021362,4.9097
0.022583,-0.0019836,4.9109
0.023956,-0.002594,4.9097
0.024261,-0.0030518,4.9011
0.024567,-0.0028992,4.9109
0.024567,-0.0027466,4.9084
0.024719,-0.0012207,4.917
0.025024,-0.00045776,4.9133
0.024719,-0.00045776,4.9182
0.024261,-0.00091553,4.9146
0.022736,-0.00030518,4.917
0.022736,-0.00045776,4.9243
0.02182,0.0012207,4.928
0.02243,0.0013733,4.9268
0.023041,0.002594,4.9292
0.024414,0.0021362,4.9329
0.025024,0.0010681,4.9243
0.023804,-0.00045776,4.9341
0.023804,-0.0010681,4.9341
0.022583,-0.0016785,4.9316
0.021667,-0.0024414,4.9365
0.020599,-0.0022888,4.9329
0.020752,-0.0016785,4.9146
0.020905,-0.0019836,4.9304
0.020752,-0.0024414,4.9353
0.020599,-0.0016785,4.9365
0.020142,-0.0012207,4.9365
0.019989,0.0028992,4.9255
0.020447,-0.0012207,4.9377
0.020447,-0.00015259,4.9341
0.021057,-0.00015259,4.9316
0.021667,-0.00015259,4.9255
0.021515,-0.00045776,4.928
0.022278,-0.00045776,4.9255
0.022583,-0.00015259,4.9255
0.024261,0.00015259,4.9304
0.02533,0.0010681,4.9219
0.026093,0.0019836,4.9146
0.026703,0.0018311,4.9219
0.027466,0.0019836,4.9023
0.026855,0.0019836,4.9121
0.026398,0.0015259,4.9109
0.02594,0.0015259,4.9146
0.025177,0.0028992,4.9109
0.024872,0.0041199,4.9084
0.024567,0.0047302,4.9121
0.023651,0.0061035,4.9084
0.022888,0.0042725,4.9109
0.022583,0.0018311,4.9084
0.02243,0.0010681,4.9109
0.021973,0.0016785,4.9097
0.022125,0.0035095,4.9121
0.021515,0.0048828,4.9084
0.020599,0.0056458,4.9158
0.017242,0.0045776,4.9207
0.019836,0.0038147,4.9158
0.019836,0.0028992,4.928
0.019226,0.0033569,4.9194
0.020447,0.0045776,4.9133
0.020447,0.0067139,4.9207
0.020599,0.0071716,4.9243
0.020599,0.0061035,4.9231
0.018311,0.0048828,4.9292
0.018005,0.0027466,4.9329
0.018005,0.0027466,4.9329
0.017395,0.0021362,4.9304
0.016022,0.0030518,4.9341
0.014954,0.0033569,4.9292
0.013885,0.0032043,4.9341
0.01297,0.0022888,4.9353
0.013885,0.0015259,4.9255
0.014648,0.0013733,4.9414
0.016327,0.002594,4.9365
0.016937,0.0030518,4.9365
0.017395,0.0038147,4.9353
0.017853,0.0042725,4.9365
0.018616,0.0047302,4.9365
0.019379,0.002594,4.9329
0.020294,0.0012207,0.058594
0.021057,0.00015259,0.057373
0.02182,-0.00030518,0.047607
0.020599,-0.00030518,0.056152
0.020447,0.00061035,0.048828
0.019379,0.00030518,0.05249
0.019684,0.00045776,0.043945
0.019226,-0.00061035,0.048828
0.019836,-0.00091553,0.048828
0.023346,-0.0013733,0.047607
0.020905,-0.0012207,0.042725
0.021515,0.00015259,0.046387
0.021667,0.00045776,0.054932
0.021667,-0.00076294,0.039063
0.02243,-0.0013733,0.048828
0.021362,-0.0030518,0.041504
0.021515,-0.0042725,0.032959
0.020447,-0.004425,0.039063
0.019989,-0.0033569,0.036621
0.020294,-0.0022888,0.039063
0.02121,-0.0021362,0.039063
0.020752,-0.0022888,0.036621
0.02182,-0.0032043,0.042725
0.023346,-0.0035095,0.0354
0.02533,-0.0016785,0.041504
0.02655,0.00030518,0.043945
0.027771,0.0016785,0.048828
0.026855,-0.0024414,0.05127
0.023804,0.0016785,0.046387
0.025635,0.00015259,0.068359
0.024261,-0.0010681,0.057373
0.023346,-0.0010681,0.059814
0.02182,-0.0032043,0.059814
0.021973,-0.0032043,0.05249
0.020447,-0.0032043,0.056152
0.020294,-0.0039673,0.061035
0.019073,-0.0042725,0.061035
0.018616,-0.0053406,0.062256
0.019836,-0.0062561,0.061035
0.018921,-0.0061035,0.063477
0.019531,-0.0054932,0.061035
0.019989,-0.004425,0.064697
0.018158,-0.004425,0.063477
0.016937,-0.0050354,0.068359
0.016632,-0.0059509,0.067139
0.013885,-0.007782,0.067139
0.014801,-0.0061035,0.065918
0.015411,-0.0054932,0.065918
0.014191,-0.0036621,0.067139
0.014343,-0.0028992,0.058594
0.014954,-0.0018311,0.065918
0.015106,-0.0013733,0.05249
0.015717,-0.0010681,0.040283
0.017395,-0.0010681,0.048828
0.019989,-0.0013733,0.047607
0.021973,-0.0016785,0.043945
0.023956,-0.0021362,0.047607
0.023804,-0.0033569,0.042725
0.023499,-0.0033569,0.046387
0.02182,-0.0033569,0.040283
0.020599,-0.0035095,0.043945
0.019684,-0.0022888,0.036621
0.018463,-0.0015259,0.041504
0.017853,-0.00045776,0.041504
0.016937,-0.0024414,0.042725
0.017395,-0.00015259,0.046387
0.018158,-0.0027466,0.039063
0.019684,-0.004425,0.037842
0.020905,-0.0048828,0.039063
0.022583,-0.0053406,0.03418
0.023193,-0.004425,0.036621
0.023041,-0.0032043,0.043945
0.022278,-0.0019836,0.042725
0.021057,-0.00061035,0.046387
0.019531,0.00015259,0.048828
0.018158,0.0013733,0.054932
0.018005,0.002594,0.05249
0.019226,0.0042725,0.057373
0.019684,0.0050354,0.053711
0.019836,0.0050354,0.059814
0.019989,0.0047302,0.061035
0.019989,0.0027466,0.063477
0.018921,0.00030518,0.058594
0.017548,-0.00045776,0.064697
0.0177,-0.00061035,0.06958
0.017242,-0.00030518,0.061035
0.016632,0.00015259,0.068359
0.015717,0.00030518,0.061035
0.015717,0.00061035,0.037842
0.015259,0.0010681,0.062256
0.015869,0.0019836,0.063477
0.017395,0.0030518,0.064697
0.018005,0.0045776,0.068359
0.018768,0.0056458,0.062256
0.018616,0.0065613,0.064697
0.018768,0.0065613,0.058594
0.018463,0.0061035,0.062256
0.017242,0.005188,0.053711
0.017242,0.0047302,0.054932
0.016174,0.0048828,0.05127
0.015717,0.0047302,0.053711
0.014038,0.0047302,0.057373
0.013275,0.0041199,0.050049
0.012512,0.0028992,0.045166
0.011444,0.0019836,0.047607
0.011902,0.0021362,0.040283
0.010681,0.0036621,0.042725
0.013885,0.0056458,0.041504
0.014496,0.0083923,0.041504
0.015259,0.009613,0.036621
0.015717,0.010376,0.036621
0.016785,0.010223,0.042725
0.018463,0.0086975,0.0354
0.020142,0.0053406,0.040283
0.021667,0.0071716,0.039063
0.022736,0.0079346,0.042725
0.023041,0.0088501,4.2468
0.023804,0.0085449,4.8718
0.023804,0.0079346,4.9048
0.023956,0.007019,4.9097
0.025177,0.0073242,4.9243
0.025787,0.0083923,4.9182
0.026855,0.010223,4.9292
0.027161,0.012207,4.9207
0.02594,0.012817,4.9133
0.027466,0.012054,4.9255
0.027008,0.010834,4.9268
0.027313,0.0056458,4.9255
0.026398,0.0079346,4.928
0.025482,0.0085449,4.928
0.024872,0.0086975,4.9329
0.023041,0.010681,4.9316
0.02243,0.009613,4.9329
0.020447,0.0088501,4.9292
0.020294,0.007019,4.9316
0.020447,0.0059509,4.9231
0.020905,0.0053406,4.9353
0.023193,0.0053406,4.9353
0.025635,0.0054932,4.9365
0.026245,0.0056458,4.939
0.027771,0.0054932,4.9365
0.028839,0.0048828,4.9451
0.029449,0.0062561,4.9353
0.031433,0.0062561,4.9304
0.031281,0.0079346,4.928
0.031738,0.011292,4.928
0.031281,0.0099182,4.928
0.031281,0.009613,4.9231
0.030365,0.0082397,4.9194
0.03006,0.0076294,4.9207
0.030518,0.0054932,4.917
0.030212,0.0071716,4.9207
0.030365,0.0061035,4.9109
0.030212,0.0053406,4.9207
0.029297,0.0039673,4.9146
0.027771,0.0024414,4.9158
0.027008,0.0015259,4.9219
0.027161,0.00091553,4.9146
0.025024,0.00091553,4.9109
0.024567,0.0013733,4.9121
0.022888,0.00045776,4.8938
0.022888,0.00030518,4.9097
0.021362,-0.00091553,4.9084
0.021057,-0.0019836,4.9084
0.021057,-0.0019836,4.9084
0.022888,-0.0018311,4.906
0.023651,0,4.9109
0.025482,0.0024414,4.906
0.027161,0.0021362,4.917
0.027771,0.0033569,4.9097
0.028229,0.0035095,4.9207
0.029297,0.0030518,4.917
0.030518,0.002594,4.9243
0.030975,0.0035095,4.9231
0.031128,0.0039673,4.9255
0.031891,0.0041199,4.9243
0.031891,0.0048828,4.928
0.031586,0.0047302,4.9426
0.030823,0.0032043,4.9304
0.031281,0.0018311,4.9194
0.031281,0.0018311,4.9316
0.032501,0.0028992,4.9304
0.033264,0.004425,4.9292
0.036163,0.0047302,4.9329
0.032654,0.0042725,4.9194
0.030518,0.0028992,4.9365
0.029755,0.00076294,4.9316
0.028687,-0.00030518,4.939
0.027771,-0.00061035,4.9329
0.028381,0.0012207,4.9377
0.029907,0.0030518,4.9329
0.027161,0.0039673,4.9353
0.02655,0.0030518,4.9414
0.025177,0.0013733,4.9304
0.024261,-0.00015259,4.9268
0.024261,-0.00076294,4.9243
0.024261,0.0015259,4.9097
0.024261,0.0036621,4.9207
0.025177,0.0047302,4.9182
0.023804,0.0048828,4.9097
0.023651,0.0036621,4.9194
0.023804,0.0016785,4.9133
0.026398,0.00076294,4.9146
0.026245,0.0028992,4.9109
0.027008,0.0041199,4.9133
0.028229,0.0038147,4.906
0.02655,0.0041199,4.9146
0.025482,0.00076294,4.9146
0.024109,-0.0022888,4.9133
0.021515,-0.0032043,4.906
0.02182,-0.0038147,4.9121
0.022278,-0.0024414,4.9097
0.02182,-0.00030518,4.9084
0.022125,-0.0016785,4.9158
0.022125,-0.0030518,4.9109
0.022278,-0.0056458,4.8999
0.021515,-0.0080872,4.9121
0.023651,-0.0079346,4.9109
0.024261,-0.0059509,4.917
0.024414,-0.0038147,4.9146
0.022888,-0.0018311,4.9133
0.022583,-0.002594,4.9255
0.020142,-0.0035095,4.9255
0.019226,-0.0053406,4.9316
0.018005,-0.0067139,4.9255
0.018921,-0.0057983,4.9329
0.02121,-0.0041199,0.056152
0.022888,-0.002594,0.063477
0.024567,0,0.076904
0.025787,-0.00061035,0.063477
0.027161,-0.0022888,0.063477
0.028687,-0.0021362,0.061035
0.029907,-0.0028992,0.05127
0.03006,-0.00091553,0.062256
0.030975,0.0015259,0.064697
0.029907,0.0032043,0.064697
0.030365,0.0038147,0.063477
0.029755,0.0030518,0.063477
0.029297,0.00091553,0.067139
0.029602,0.00076294,0.062256
0.028687,0.00015259,0.062256
0.029144,0.00030518,0.054932
0.028687,-0.00015259,0.059814
0.027161,0,0.054932
0.025482,-0.0012207,0.053711
0.023956,-0.0030518,0.056152
0.020599,-0.0047302,0.050049
0.021362,-0.0033569,0.05249
0.020294,-0.0021362,0.048828
0.018921,-0.00061035,0.05127
0.016632,0.00015259,0.045166
0.014801,0.00030518,0.054932
0.014038,-0.0013733,0.040283
0.013275,-0.0030518,0.039063
0.014191,-0.0032043,0.036621
0.014343,-0.0018311,0.040283
0.013885,0.00015259,0.037842
0.013275,0.0013733,0.040283
0.013733,0.00076294,0.037842
0.014191,-0.00045776,0.040283
0.014191,-0.0015259,0.036621
0.014648,-0.0024414,0.042725
0.016632,-0.00076294,0.042725
0.016785,0.0018311,0.043945
0.018005,0.0010681,0.053711
0.018616,0.0042725,0.043945
0.019073,0.0036621,0.057373
0.019531,0.0022888,0.047607
0.020752,0.00030518,0.041504
0.02121,0.0010681,0.054932
0.02182,0.0022888,0.054932
0.02121,0.0028992,0.054932
0.020294,0.0042725,0.059814
0.018768,0.0036621,0.059814
0.018158,0.0018311,0.063477
0.018005,0.0010681,0.059814
0.018311,-0.00061035,0.061035
0.019531,0.00015259,0.057373
0.019684,0.0016785,0.062256
0.019379,0.0027466,0.062256
0.018463,0.0035095,0.064697
0.017853,0.002594,0.067139
0.018616,0.00045776,0.067139
0.018768,-0.00076294,0.068359
0.019379,-0.0010681,0.065918
0.019379,-0.00045776,0.075684
0.018921,0.0012207,0.064697
0.018005,0.002594,0.063477
0.01709,0.0022888,0.057373
0.016785,0.0010681,0.057373
0.017548,-0.00076294,0.053711
0.019379,-0.0016785,0.054932
0.021362,-0.0021362,0.046387
0.022888,-0.0010681,0.05127
0.022736,0.00045776,0.048828
0.023041,0.00091553,0.046387
0.022736,-0.00045776,0.048828
0.022583,-0.0018311,0.047607
0.024109,-0.0028992,0.042725
0.02243,-0.0032043,0.043945
0.022888,-0.0032043,0.05249
0.021973,-0.0018311,0.041504
0.020905,-0.0010681,0.042725
0.020447,-0.00091553,0.040283
0.021057,-0.0012207,0.025635
0.023193,-0.0018311,0.03418
0.025177,-0.0021362,0.039063
0.026855,-0.0015259,0.039063
0.026855,-0.00061035,0.041504
0.02594,0.00076294,0.0354
0.024872,0.0016785,0.042725
0.022583,0.0021362,0.040283
0.02121,0.0013733,0.043945
0.020142,0.00061035,0.039063
0.020905,0.00015259,0.048828
0.019989,0.00030518,0.048828
0.02121,0.0015259,0.054932
0.016479,0.0016785,0.058594
0.016479,0.0012207,0.056152
0.014648,0.00091553,0.057373
0.015564,-0.0038147,0.058594
0.016937,0,0.072021
0.018311,0,0.061035
0.018616,0.00061035,0.05249
0.018311,0.0010681,0.061035
0.018311,0.00061035,0.057373
0.0177,-0.00076294,0.059814
0.017853,-0.0016785,0.062256
0.018463,-0.0030518,0.058594
0.019684,-0.0042725,0.058594
0.019531,-0.0033569,0.061035
0.020294,-0.0021362,0.065918
0.018921,-0.0018311,0.062256
0.019379,-0.0010681,0.065918
0.020447,-0.00061035,0.061035
0.021515,-0.00045776,0.061035
0.025482,-0.00076294,0.065918
0.027618,-0.00045776,0.058594
0.028229,-0.0018311,0.05249
0.027466,0.00015259,0.05249
0.026398,-0.00015259,0.047607
0.02594,0.00091553,0.05127
0.025635,0.0024414,2.1533
0.026398,-0.00045776,4.7522
0.027618,-0.00015259,4.9011
0.027924,0.0013733,4.9109
0.025787,0.0032043,4.9109
0.02594,0.0045776,4.9109
0.025787,0.0065613,4.9146
0.026245,0.007019,4.9097
0.02655,0.0067139,4.9109
0.027466,0.0053406,4.917
0.028076,0.0048828,4.9133
0.024567,0.0050354,4.8901
0.024261,0.0054932,4.9121
0.022888,0.0045776,4.9194
0.021515,0.0035095,4.9097
0.021515,0.0028992,4.9219
0.021667,0.0010681,4.9146
0.02182,0.0018311,4.8999
0.020447,0.0045776,4.9109
0.017548,0.0028992,4.9146
0.014954,0.0033569,4.917
0.013275,0.0039673,4.917
0.014191,0.0038147,4.9207
0.014191,0.0030518,4.9243
0.016937,0.0035095,4.9268
0.018616,0.004425,4.928
0.018463,0.0048828,4.9243
0.01709,0.0053406,4.9329
0.015564,0.0050354,4.9329
0.015564,0.0035095,4.9353
0.016327,0.0064087,4.9426
0.016632,0.0027466,4.9304
0.017548,0.0027466,4.9304
0.017242,0.0042725,4.9341
0.016479,0.0048828,4.9377
0.013733,0.0038147,4.9329
0.014343,0.002594,4.9316
0.015564,0.0022888,4.9353
0.01709,-0.00045776,4.9341
0.019684,-0.0018311,4.9304
0.019379,-0.0015259,4.9341
0.018463,-0.0022888,4.928
0.015259,-0.0030518,4.9353
0.014191,-0.0016785,4.9231
0.014801,-0.0010681,4.9268
0.017242,0.0013733,4.9231
0.018921,0.00076294,4.9243
0.019836,0.002594,4.9207
0.019989,0.004425,4.9231
0.018768,0.0054932,4.928
0.017853,0.0065613,4.9182
0.019836,0.0068665,4.9243
0.020142,0.0067139,4.9158
0.02533,0.0067139,4.9036
0.026855,0.0064087,4.9109
0.027924,0.0053406,4.9182
0.025482,0.0050354,4.9109
0.025787,0.0041199,4.9109
0.02533,0.0032043,4.9121
0.026855,0.0022888,4.9109
0.028229,0.0015259,4.9072
0.03006,-0.00015259,4.9133
0.029144,-0.00076294,4.906
0.027161,-0.0033569,4.9109
0.024872,-0.0018311,4.9146
0.022125,-0.0012207,4.9133
0.02182,-0.0010681,4.9194
0.02182,-0.00030518,4.9146
0.021667,-0.00015259,4.9146
0.021973,-0.00045776,4.9182
0.023499,-0.00030518,4.9255
0.019836,-0.00015259,4.9268
0.019073,0.00061035,4.9219
0.019073,0.0015259,4.9231
0.021362,0.0010681,4.9304
0.025635,0.0015259,4.9304
0.024567,0.00076294,4.9304
0.024261,-0.0024414,4.9304
0.022278,-0.00030518,4.9353
0.020752,0.00061035,4.9304
0.020142,0.0019836,4.9341
0.02121,0.0032043,4.9292
0.024109,0.0035095,4.9353
0.026245,0.0028992,4.9316
0.026855,0.00061035,4.9365
0.027313,-0.0012207,4.9451
0.02594,-0.002594,4.9377
0.024872,-0.002594,4.9426
0.02594,-0.00076294,4.9353
0.027313,-0.00030518,4.9133
0.028992,-0.00061035,4.928
0.029602,-0.0018311,4.9292
0.028687,-0.0033569,4.9243
0.027313,-0.0027466,4.9255
0.024567,-0.002594,4.9194
0.023041,-0.00091553,4.9207
0.023804,0.0010681,4.9194
0.02533,0.00015259,4.9146
0.02533,0.00015259,4.9097
0.02594,-0.0013733,4.9182
0.023193,-0.0022888,4.9146
0.021515,-0.002594,4.9158
0.019989,-0.0018311,4.9133
0.020447,-0.00076294,4.9097
0.022583,0,4.9097
0.024414,-0.00061035,4.9109
0.02594,-0.0013733,4.8999
0.026245,-0.0018311,4.9084
0.026093,-0.0013733,4.9133
0.025024,-0.0010681,4.9158
0.026245,0.0013733,4.9097
0.028687,0.002594,0.037842
0.032501,0.0022888,0.043945
0.035248,0.0022888,0.039063
0.037537,0.0010681,0.041504
0.036469,0.0013733,0.043945
0.034332,0.0027466,0.048828
0.032959,0.0041199,0.047607
0.032043,0.0050354,0.053711
0.032196,0.0042725,0.053711
0.031891,0.0027466,0.056152
0.03067,0.0012207,0.063477
0.027924,0.00030518,0.061035
0.024872,0.00030518,0.073242
0.02243,0.0010681,0.062256
0.021515,0.0015259,0.05127
0.023041,0.00030518,0.063477
0.024872,0.00091553,0.059814
0.026093,-0.00030518,0.057373
0.025787,0.00015259,0.059814
0.024109,0.0012207,0.062256
0.023041,0.0032043,0.065918
0.021973,0.0054932,0.065918
0.022278,0.0068665,0.06958
0.023193,0.0064087,0.061035
0.023804,0.0056458,0.070801
0.023346,0.0054932,0.065918
0.021667,0.0054932,0.065918
0.020752,0.0056458,0.068359
0.019379,0.0067139,0.061035
0.020142,0.0056458,0.057373
0.021362,0.0041199,0.05127
0.023041,0.00091553,0.050049
0.023956,-0.0019836,0.050049
0.023651,-0.0042725,0.050049
0.022125,-0.005188,0.041504
0.020599,-0.0038147,0.045166
0.019531,-0.0027466,0.045166
0.019531,-0.0016785,0.043945
0.019989,-0.002594,0.041504
0.020447,-0.0041199,0.041504
0.021057,-0.0053406,0.037842
0.018616,-0.0056458,0.040283
0.019836,-0.0035095,0.042725
0.020905,-0.0018311,0.042725
0.022583,-0.0010681,0.037842
0.025635,-0.0022888,0.041504
0.027924,-0.0039673,0.05249
0.030365,-0.0057983,0.037842
0.029602,-0.0056458,0.050049
0.028534,-0.0039673,0.039063
0.02655,-0.0010681,0.026855
0.025635,0.00076294,0.03418
0.02594,0.0056458,0.045166
0.027313,0.00045776,0.045166
0.028381,-0.00076294,0.048828
0.028992,-0.0013733,0.039063
0.030212,-0.0013733,0.05249
0.029297,0.00015259,0.054932
0.028992,0.0019836,0.056152
0.032349,0.002594,0.056152
0.031433,0.0021362,0.063477
0.032349,0.00030518,0.058594
0.031738,-0.00091553,0.062256
0.032196,-0.0010681,0.075684
0.027771,0,0.062256
0.025787,0.0012207,0.058594
0.024261,0.0021362,0.062256
0.024261,0.0032043,0.068359
0.025177,0.0015259,0.062256
0.02594,-0.00015259,0.072021
0.025482,-0.0016785,0.065918
0.023651,-0.0032043,0.065918
0.02182,-0.00030518,0.061035
0.020294,0.0018311,0.067139
0.019989,0.0022888,0.062256
0.021667,-0.00015259,0.059814
0.022125,-0.0028992,0.057373
0.020752,-0.005188,0.057373
0.019226,-0.0041199,0.05127
0.016937,-0.0030518,0.05249
0.014801,-0.00030518,0.053711
0.014038,-0.0012207,0.048828
0.015564,0.0027466,0.056152
0.017548,0.00076294,0.046387
0.018921,0.00015259,0.057373
0.019379,0.00030518,0.043945
0.018005,0.0021362,0.03418
0.017395,0.0041199,0.043945
0.016785,0.0059509,0.041504
0.018768,0.0090027,0.039063
0.020905,0.0056458,0.041504
0.022125,0.005188,0.037842
0.02182,0.0045776,0.041504
0.02121,0.0059509,0.036621
0.018921,0.0080872,0.040283
0.01709,0.010986,0.036621
0.01709,0.012207,0.043945
0.018463,0.011444,0.041504
0.018768,0.0088501,0.043945
0.019226,0.0065613,0.042725
0.017395,0.0086975,0.045166
0.016632,0.0047302,0.043945
0.013733,0.0056458,0.047607
0.013123,0.0059509,0.054932
0.013733,0.0045776,0.053711
0.015411,0.0035095,0.047607
0.015106,0.0016785,0.057373
0.013275,0.0012207,0.059814
0.013123,0.0016785,0.053711
0.010223,0.0028992,0.058594
0.0097656,0.0035095,0.057373
0.010986,0.0036621,0.064697
0.013885,0.002594,0.059814
0.015411,-0.00061035,0.062256
0.016785,-0.0019836,0.057373
0.015869,-0.0015259,0.064697
0.017548,-0.0010681,3.9673
0.018311,0.0016785,4.873
0.020447,0.0038147,4.939
0.021973,0.0041199,4.9353
0.025177,0.0028992,4.9353
0.025482,0.0012207,4.9353
0.023651,0.0010681,4.9158
0.022736,0.0018311,4.9292
0.018463,0.004425,4.9304
0.016632,0.0061035,4.9255
0.017548,0.0032043,4.9255
0.016632,0.0061035,4.9207
0.017853,0.0035095,4.9207
0.0177,0.0019836,4.917
0.014496,0.00091553,4.9219
0.016479,0.0016785,4.9146
0.016785,0.0027466,4.9194
0.018158,0.0028992,4.9097
0.018768,0.0027466,4.9182
0.018616,0.0016785,4.9121
0.018921,0.00045776,4.9011
0.015869,-0.00045776,4.9182
0.015411,0.00045776,4.9121
0.01297,0.0027466,4.9158
0.013885,0.0047302,4.9084
0.016937,0.0057983,4.8975
0.018311,0.0053406,4.9133
0.020142,0.0032043,4.9097
0.020905,0.0018311,4.906
0.020752,0.0018311,4.9109
0.019226,0.002594,4.9048
0.018463,0.0033569,4.9109
0.018463,0.0045776,4.9109
0.018616,0.0035095,4.9182
0.0177,0.0018311,4.9158
0.016632,0.00045776,4.9219
0.014343,-0.00061035,4.9207
0.01297,0.00030518,4.9243
0.011597,0.0015259,4.9353
0.012512,0.0016785,4.9292
0.014191,0.0012207,4.9353
0.015717,-0.00061035,4.9365
0.017242,-0.0035095,4.9316
0.016327,-0.0042725,4.9316
0.015869,-0.004425,4.9292
0.017395,-0.0030518,4.928
0.017242,-0.0016785,4.9292
0.018921,-0.00015259,4.9304
0.019836,-0.00045776,4.9329
0.020447,-0.0010681,4.9329
0.021515,-0.0021362,4.9353
0.020294,-0.0027466,4.9329
0.021515,0,4.9365
0.021973,0.0021362,4.9341
0.023041,0.0036621,4.9353
0.024872,0.0038147,4.9329
0.027924,0.0024414,4.9316
0.028534,0.00045776,4.9207
0.029144,-0.00091553,4.9255
0.028229,-0.00045776,4.9353
0.027161,0.00076294,4.9243
0.026398,0.002594,4.917
0.024719,0.0021362,4.9158
0.027618,0.00076294,4.9231
0.027924,-0.00091553,4.917
0.027466,-0.0015259,4.9158
0.026703,-0.0010681,4.9084
0.027008,0.00076294,4.917
0.02533,0.0032043,4.9109
0.024567,0.0039673,4.9097
0.024414,0.0048828,4.9097
0.024567,0.0036621,4.9146
0.023499,0.0021362,4.9133
0.021973,0.0013733,4.917
0.020905,0.0010681,4.9207
0.019531,0.0018311,4.9084
0.017853,0.0024414,4.9097
0.01709,0.00091553,4.9109
0.017548,-0.0010681,4.8962
0.016785,-0.0038147,4.9097
0.015106,-0.0065613,4.9133
0.013123,-0.0079346,4.9158
0.012054,-0.0065613,4.917
0.012054,-0.0054932,4.9158
0.011444,-0.0054932,4.9255
0.013275,-0.0048828,4.9243
0.015564,-0.007019,4.9268
0.017548,-0.0091553,4.9255
0.019226,-0.010071,4.9329
0.021362,-0.007782,4.928
0.023956,-0.0035095,4.9329
0.02594,0.00015259,4.9341
0.027771,0.0018311,4.9329
0.027924,0.00076294,4.9341
0.028076,-0.0018311,4.9329
0.027924,-0.0041199,4.9353
0.027161,-0.0033569,4.9316
0.024872,-0.00015259,4.9182
0.023956,0.002594,4.9341
0.024261,0.0028992,4.9316
0.023499,0.0013733,4.9316
0.024719,-0.0019836,4.9353
0.025177,-0.0045776,4.9329
0.026245,-0.004425,4.9304
0.024872,-0.0022888,4.9268
0.023499,-0.00015259,4.9304
0.021667,0.00015259,4.9231
0.02121,-0.00015259,4.9255
0.020447,-0.002594,4.9194
0.019531,-0.0050354,4.9231
0.019379,-0.005188,0.05249
0.019531,-0.0039673,0.048828
0.019531,-0.00091553,0.043945
0.021057,0.0010681,0.043945
0.023651,0.0013733,0.030518
0.028381,0.00091553,0.042725
0.032043,-0.00045776,0.037842
0.034485,-0.0019836,0.036621
0.0354,-0.0012207,0.041504
0.036316,-0.00030518,0.039063
0.03479,0.00015259,0.040283
0.032806,-0.00045776,0.039063
0.031738,-0.0012207,0.042725
0.030212,-0.0024414,0.036621
0.028839,-0.0032043,0.041504
0.026855,-0.0028992,0.042725
0.025024,-0.0018311,0.041504
0.022888,-0.0016785,0.037842
0.020142,-0.0013733,0.047607
0.022125,-0.0027466,0.047607
0.022583,-0.0048828,0.050049
0.02243,-0.0068665,0.058594
0.022278,-0.0073242,0.050049
0.022278,-0.0067139,0.046387
0.020905,-0.0053406,0.053711
0.020294,-0.0027466,0.062256
0.018768,-0.0018311,0.061035
0.020905,-0.0012207,0.061035
0.02121,-0.0013733,0.057373
0.022278,-0.0012207,0.064697
0.025787,-0.0024414,0.062256
0.025787,0.0018311,0.063477
0.027161,0.0033569,0.062256
0.028381,0.0035095,0.065918
0.029602,0.0036621,0.062256
0.03067,0.0013733,0.065918
0.03006,-0.00030518,0.080566
0.029602,-0.0038147,0.068359
0.028534,-0.0022888,0.061035
0.026093,-0.0030518,0.065918
0.024414,-0.0024414,0.047607
0.023956,-0.002594,0.057373
0.023346,-0.0038147,0.057373
0.023956,-0.0054932,0.057373
0.023956,-0.0074768,0.05127
0.023651,-0.0074768,0.048828
0.024109,-0.0065613,0.05127
0.023499,-0.004425,0.045166
0.023041,-0.0013733,0.048828
0.022888,0.00015259,0.048828
0.02243,0.00091553,0.047607
0.022583,0.0016785,0.046387
0.022888,0.0024414,0.043945
0.023651,0.0050354,0.042725
0.026245,0.0076294,0.042725
0.027466,0.0086975,0.045166
0.028381,0.0093079,0.042725
0.030365,0.0079346,0.045166
0.031891,0.0067139,0.039063
0.033722,0.0057983,0.030518
0.035553,0.0064087,0.039063
0.032959,0.0071716,0.040283
0.03067,0.0071716,0.0354
0.03006,0.0085449,0.041504
0.027924,0.0042725,0.041504
0.026245,0.0027466,0.043945
0.025482,0.0022888,0.041504
0.025177,0.002594,0.050049
0.02594,0.004425,0.045166
0.027008,0.0053406,0.05127
0.027924,0.0038147,0.056152
0.027466,0.0039673,0.056152
0.026703,0.0022888,0.065918
0.024109,0.0013733,0.059814
0.023346,0.004425,0.063477
0.022583,0.0022888,0.061035
0.02182,0.0041199,0.056152
0.020294,0.0061035,0.063477
0.019989,0.0074768,0.059814
0.019379,0.0074768,0.058594
0.018921,0.0079346,0.062256
0.019989,0.0086975,0.064697
0.020599,0.0086975,0.065918
0.022888,0.009613,0.063477
0.023041,0.007782,0.064697
0.02182,0.007019,0.062256
0.021057,0.0047302,0.06958
0.018921,0.0021362,0.067139
0.018005,0.00030518,0.064697
0.01709,0,0.058594
0.018311,-0.00030518,0.058594
0.017242,-0.00030518,0.068359
0.017395,-0.004425,0.05127
0.020142,-0.0018311,0.062256
0.018921,-0.002594,0.05249
0.020447,-0.0024414,0.040283
0.022888,-0.0013733,0.046387
0.025024,-0.00045776,0.05127
0.026245,0.0010681,0.043945
0.027466,0.0018311,0.046387
0.027161,0.0012207,0.040283
0.026855,0.00015259,0.043945
0.02594,0.00061035,0.041504
0.025787,0.0016785,0.040283
0.025635,0.0024414,0.037842
0.024567,0.0035095,0.043945
0.023193,0.0045776,0.039063
0.023041,0.0038147,0.036621
0.021973,0.0022888,0.048828
0.022583,0.0021362,0.040283
0.023804,0.0016785,0.037842
0.025177,0.0036621,0.041504
0.025635,0.00061035,0.030518
0.026703,0.0012207,0.041504
0.026398,0.0012207,0.026855
0.026703,0.002594,0.045166
0.026093,0.0016785,0.1123
0.02533,0.0015259,4.635
0.024872,0.0012207,4.8975
0.024109,0.0022888,4.9207
0.023346,0.0016785,4.9243
0.02243,0.0038147,4.9243
0.022583,0.004425,4.9329
0.023041,0.0041199,4.9243
0.023499,0.0036621,4.9316
0.023193,0.0035095,4.9304
0.023041,0.0028992,4.9316
0.019379,0.0028992,4.9377
0.020142,0.0019836,4.9304
0.018158,0.00091553,4.9414
0.016022,0.00061035,4.9316
0.014496,0,4.9207
0.012665,-0.00030518,4.9341
0.011597,0.00015259,4.9329
0.012512,0.00045776,4.9231
0.012665,0.00061035,4.9353
0.011749,0.00091553,4.9341
0.011292,0.00091553,4.9329
0.012512,0.0010681,4.928
0.013733,0.0010681,4.9316
0.014038,0.0010681,4.9231
0.013275,0.00076294,4.9255
0.012665,0.00045776,4.9231
0.013733,0.00045776,4.9255
0.013733,0.00045776,4.9207
0.014954,0.00076294,4.9207
0.016479,0.0015259,4.9219
0.018158,0.0021362,4.9182
0.020142,0.0016785,4.9158
0.021057,0.0045776,4.9158
0.02182,0.005188,4.9182
0.022888,0.0048828,4.9109
0.02182,0.0048828,4.9146
0.020905,0.0050354,4.9109
0.020447,0.0045776,4.9097
0.019836,0.0045776,4.9097
0.019073,0.0036621,4.9097
0.018921,0.0027466,4.9072
0.018158,0.0021362,4.9109
0.018005,0.00076294,4.9109
0.018463,-0.00061035,4.9109
0.018921,0.00015259,4.9109
0.019073,0,4.9146
0.020142,-0.00015259,4.9255
0.019531,0.00030518,4.9158
0.019226,-0.00045776,4.9243
0.017548,-0.00076294,4.9255
0.018005,-0.0010681,4.906
0.016174,-0.0012207,4.9231
0.017548,-0.0013733,4.9255
0.016327,-0.0010681,4.928
0.018158,-0.0012207,4.928
0.017548,-0.0013733,4.928
0.017548,-0.0016785,4.9341
0.017853,-0.0019836,4.9304
0.018158,-0.0016785,4.9316
0.018921,-0.0010681,4.9231
0.018616,-0.0010681,4.9329
0.019379,-0.00091553,4.9353
0.018158,-0.0013733,4.9341
0.017395,-0.0018311,4.939
0.014648,-0.0016785,4.9402
0.012817,-0.0010681,4.9365
0.012512,-0.00030518,4.9377
0.012207,0.00030518,4.9451
0.012512,-0.00045776,4.9304
0.01358,-0.0012207,4.9402
0.014801,-0.0015259,4.928
0.016327,-0.0015259,4.9255
0.016937,-0.00030518,4.9231
0.018158,0.00076294,4.9243
0.020294,0.0013733,4.9182
0.022125,0.0010681,4.9207
0.022736,0.00076294,4.9146
0.020905,0.00091553,4.9207
0.020142,0.0010681,4.9158
0.020294,0.0021362,4.9182
0.019226,0.0038147,4.9133
0.018463,0.0053406,4.917
0.018158,0.0062561,4.9146
0.018768,0.0057983,4.9109
0.018463,0.0048828,4.9194
0.018311,0.0036621,4.9109
0.017548,0.0022888,4.8938
0.018768,0.0012207,4.9109
0.016327,0.00015259,4.9097
0.016022,-0.0016785,4.9084
0.015259,-0.0033569,4.9084
0.013885,-0.0048828,4.9097
0.014191,-0.0068665,4.9084
0.013275,-0.0068665,4.9097
0.012665,-0.0079346,4.9158
0.010834,-0.0053406,4.9133
0.013275,-0.0036621,4.9207
0.014191,-0.0024414,4.9219
0.015564,-0.0035095,4.9231
0.01709,-0.0019836,4.9292
0.017395,-0.0016785,4.9255
0.018158,-0.0016785,4.9255
0.019379,-0.0016785,4.928
0.021057,-0.00045776,4.939
0.022278,0,4.9329
0.021057,0.00015259,4.9304
0.021973,0.0010681,4.9292
0.021973,0.00091553,4.9243
0.021973,0.0012207,4.9316
0.022125,0.0019836,0.062256
0.021973,0.00091553,0.061035
0.023651,-0.00061035,0.065918
0.024719,-0.0019836,0.064697
0.023346,-0.0038147,0.068359
0.02594,-0.0032043,0.065918
0.026245,-0.0033569,0.067139
0.026703,-0.0027466,0.059814
0.02594,-0.00045776,0.062256
0.026245,0.00091553,0.073242
0.026855,0.0030518,0.057373
0.026398,0.0047302,0.057373
0.025482,0.0057983,0.05249
0.024261,0.0057983,0.03418
0.02243,0.004425,0.037842
0.020447,0.0018311,0.046387
0.019989,0.0012207,0.046387
0.018158,-0.0012207,0.047607
0.016327,-0.0062561,0.042725
0.014496,-0.0048828,0.045166
0.011597,-0.0061035,0.040283
0.0097656,-0.007782,0.043945
0.007782,-0.0082397,0.037842
0.0093079,-0.0076294,0.043945
0.0071716,-0.0059509,0.040283
0.007782,-0.0056458,0.040283
0.0091553,-0.0041199,0.041504
0.0091553,-0.0027466,0.043945
0.010986,-0.0016785,0.039063
0.012054,-0.0010681,0.041504
0.015717,0.00045776,0.0354
0.017242,0.00045776,0.037842
0.018158,0.00076294,0.030518
0.019531,-0.00015259,0.043945
0.020447,-0.0016785,0.046387
0.022278,-0.002594,0.046387
0.022583,-0.0035095,0.048828
0.02182,-0.002594,0.05127
0.022278,-0.0027466,0.056152
0.021667,-0.0050354,0.056152
0.021515,-0.0054932,0.062256
0.018768,-0.0064087,0.056152
0.021515,-0.0061035,0.063477
0.021667,-0.0050354,0.061035
0.02182,-0.0036621,0.067139
0.02243,-0.0022888,0.070801
0.02121,0.00015259,0.063477
0.020752,0.0022888,0.073242
0.019684,0.0059509,0.062256
0.018616,0.004425,0.053711
0.018311,0.0047302,0.065918
0.018768,0.0050354,0.065918
0.018311,0.0056458,0.064697
0.019073,0.0042725,0.065918
0.019836,0.0030518,0.062256
0.021515,0.0022888,0.062256
0.022278,0.0019836,0.058594
0.023804,0.0018311,0.059814
0.025024,0.0021362,0.050049
0.025177,0.0021362,0.056152
0.024109,0.0016785,0.053711
0.023804,0.00076294,0.05127
0.023193,0.00030518,0.048828
0.020599,0.00076294,0.047607
0.022736,0.0015259,0.050049
0.022125,0.002594,0.045166
0.021362,0.0033569,0.046387
0.022583,0.0022888,0.042725
0.019684,0.0013733,0.041504
0.018921,-0.00030518,0.032959
0.018921,0.00076294,0.039063
0.018921,-0.0028992,0.040283
0.019531,-0.0030518,0.037842
0.019073,-0.0033569,0.037842
0.018616,-0.0050354,0.040283
0.0177,-0.0035095,0.036621
0.0177,-0.0047302,0.041504
0.017242,-0.004425,0.039063
0.018463,-0.0028992,0.041504
0.019684,-0.0018311,0.036621
0.019684,-0.00061035,0.045166
0.022736,0.0012207,0.059814
0.024872,0.0012207,0.046387
0.024567,0.00076294,0.057373
0.024719,0.0013733,0.05249
0.025024,0.0042725,0.037842
0.026093,0.0033569,0.054932
0.027008,0.0036621,0.057373
0.027618,0.0033569,0.059814
0.027771,0.0024414,0.061035
0.028229,0.0013733,0.056152
0.028687,0.00076294,0.065918
0.029297,0.0010681,0.058594
0.031128,0.0012207,0.063477
0.032501,0.00030518,0.057373
0.032654,-0.00045776,0.064697
0.032654,-0.00061035,0.062256
0.031128,-0.0013733,0.065918
0.029297,-0.00076294,0.070801
0.026855,-0.00030518,0.067139
0.02594,-0.00076294,0.067139
0.025787,-0.0016785,0.062256
0.025024,-0.0019836,0.076904
0.024567,-0.0028992,0.061035
0.023956,-0.0033569,0.042725
0.023041,-0.0033569,0.056152
0.022888,-0.0024414,0.053711
0.023651,-0.002594,0.050049
0.02533,-0.0021362,0.05127
0.027008,-0.0018311,0.047607
0.028839,-0.0018311,0.043945
0.028839,-0.00030518,0.045166
0.027313,0.00030518,0.047607
0.026398,0.00045776,0.045166
0.026245,0.00091553,0.045166
0.025482,0,0.045166
0.026703,0.00015259,0.045166
0.027771,0.00076294,3.252
0.029449,0.00076294,4.8083
0.028534,0.0016785,4.9023
0.03067,0.0024414,4.9072
0.030975,0.0030518,4.9011
0.032501,0.0038147,4.9097
0.033417,0.0038147,4.9072
0.033875,0.0050354,4.9072
0.033569,0.0056458,4.9072
0.031586,0.0059509,4.9109
0.029602,0.0045776,4.9133
0.027466,0.0042725,4.9109
0.025787,0.0033569,4.9158
0.024872,0.0039673,4.9146
0.024567,0.005188,4.9231
0.025024,0.0064087,4.9182
0.025787,0.0067139,4.9255
0.024261,0.0057983,4.9231
0.022736,0.0042725,4.9304
0.024109,0.0033569,4.9304
0.022278,0.0022888,4.9341
0.023651,0.0022888,4.9414
0.022888,0.0024414,4.9329
0.022125,0.0019836,4.9158
0.020905,0.0013733,4.9292
0.020447,0.00045776,4.9377
0.019989,0.0015259,4.9316
0.019379,0.0016785,4.9341
0.019836,0.0022888,4.9292
0.020752,0.0027466,4.9365
0.021515,0.0016785,4.9426
0.023499,-0.0010681,4.939
0.023346,-0.0024414,4.9329
0.023193,-0.0042725,4.9353
0.023193,-0.0045776,4.9304
0.022278,-0.0032043,4.9329
0.022888,-0.0027466,4.9377
0.023346,-0.0022888,4.9268
0.023956,-0.0019836,4.9219
0.025024,-0.0015259,4.9219
0.025482,-0.0019836,4.9109
0.02594,-0.00091553,4.9219
0.026703,-0.0013733,4.9158
0.026855,-0.00076294,4.9158
0.027618,-0.0012207,4.917
0.027618,-0.00091553,4.9121
0.027771,-0.0033569,4.9109
0.028534,-0.0016785,4.9207
0.028076,-0.0042725,4.9133
0.027008,-0.0016785,4.9048
0.027618,-0.0010681,4.9121
0.027618,0.00030518,4.9121
0.029144,0.0010681,4.9121
0.028839,0.0018311,4.9084
0.026398,0.0021362,4.9133
0.028534,0.0016785,4.9158
0.028534,0.0016785,4.9109
0.026398,0.00030518,4.9109
0.027008,0.002594,4.9133
0.028839,0.0053406,4.906
0.029297,0.0062561,4.917
0.032806,0.0067139,4.9158
0.027924,0.0064087,4.9194
0.02655,0.0053406,4.9231
0.024872,0.0041199,4.9243
0.023804,0.0030518,4.928
0.022278,0.0024414,4.9231
0.021515,0.0024414,4.9341
0.019989,0.0018311,4.9268
0.017395,0.00015259,4.9329
0.016785,-0.00076294,4.9329
0.015564,-0.0022888,4.9329
0.016022,-0.0036621,4.9377
0.016632,-0.0021362,4.9329
0.016327,-0.00045776,4.9329
0.016479,0.0010681,4.9341
0.014801,0.00030518,4.9365
0.015411,0.0024414,4.9353
0.014648,0.0019836,4.9353
0.015411,0.002594,4.9231
0.016174,0.0033569,4.9365
0.017548,0.0045776,4.9353
0.018463,0.0062561,4.9329
0.018616,0.0074768,4.928
0.018616,0.0048828,4.9292
0.018921,0.0036621,4.9243
0.019836,0.0032043,4.9268
0.02182,0.0028992,4.9231
0.021515,0.0038147,4.9207
0.021667,0.0041199,4.9097
0.019531,0.0028992,4.9255
0.020447,0.0021362,4.928
0.018463,0.0018311,4.9182
0.017242,0.00091553,4.9243
0.015564,0.0010681,4.9182
0.016327,0.0018311,4.9084
0.016022,0.0022888,4.9097
0.015259,0.0036621,4.9158
0.018158,0.0039673,4.9121
0.01358,0.0039673,4.9072
0.013885,0.0032043,4.9084
0.014343,0.0032043,4.9121
0.014496,0.0027466,4.9084
0.015259,0.0038147,4.9121
0.016022,0.0038147,4.9084
0.015259,0.0038147,4.9109
0.0177,0.0033569,4.9109
0.013733,0.0024414,4.9158
0.013885,0.0016785,0.054932
0.014343,0.00076294,0.047607
0.014343,0.0024414,0.050049
0.014954,0.0028992,0.050049
0.015564,0.0035095,0.042725
0.016479,0.0027466,0.054932
0.016022,0.002594,0.067139
0.015564,0.0018311,0.058594
0.012665,0.00076294,0.059814
0.016327,0.00030518,0.057373
0.016937,0.00015259,0.064697
0.016174,0.00030518,0.061035
0.014648,-0.00030518,0.061035
0.01297,-0.00030518,0.057373
0.012512,-0.0013733,0.065918
0.011292,-0.0016785,0.061035
0.011902,-0.0010681,0.065918
0.012817,0.00015259,0.068359
0.011902,0.002594,0.070801
0.012665,0.0038147,0.06958
0.012207,0.00030518,0.068359
0.011444,0.0033569,0.074463
0.011444,0.002594,0.062256
0.013123,0.0028992,0.050049
0.014038,0.0039673,0.059814
0.015259,0.0062561,0.05249
0.015717,0.0074768,0.05127
0.01297,0.0082397,0.053711
0.015259,0.0065613,0.047607
0.015411,0.0045776,0.047607
0.01709,0.0047302,0.046387
0.017548,0.0048828,0.048828
0.019226,0.0059509,0.042725
0.019531,0.0065613,0.046387
0.019073,0.0068665,0.043945
0.018005,0.005188,0.040283
0.017548,0.0047302,0.043945
0.016937,0.0028992,0.043945
0.016174,0.00015259,0.041504
0.014801,-0.00015259,0.041504
0.014191,-0.0013733,0.030518
0.012817,-0.0022888,0.040283
0.011749,-0.0028992,0.039063
0.010834,-0.0039673,0.036621
0.009613,-0.0048828,0.040283
0.010223,-0.0061035,0.042725
0.010071,-0.0064087,0.041504
0.010681,-0.0073242,0.042725
0.010681,-0.0073242,0.048828
0.010529,-0.0067139,0.045166
0.011444,-0.0062561,0.05127
0.012207,-0.0057983,0.056152
0.014038,-0.0056458,0.057373
0.016022,-0.0042725,0.053711
0.017395,-0.0024414,0.062256
0.020294,-0.0012207,0.062256
0.022278,-0.00015259,0.056152
0.023041,-0.00076294,0.06958
0.024414,-0.0012207,0.062256
0.025177,-0.002594,0.043945
0.026093,-0.0028992,0.057373
0.026093,-0.0027466,0.054932
0.02594,-0.0016785,0.061035
0.025024,-0.00061035,0.062256
0.024567,-0.00061035,0.061035
0.024261,0.00015259,0.068359
0.021515,0.0015259,0.063477
0.020447,0.0035095,0.065918
0.021057,0.0061035,0.062256
0.022125,0.0079346,0.064697
0.022583,0.0088501,0.059814
0.021973,0.0074768,0.061035
0.020905,0.0050354,0.067139
0.018768,0.0038147,0.056152
0.016327,-0.00091553,0.048828
0.013275,-0.0039673,0.05127
0.010223,-0.0057983,0.039063
0.0080872,-0.0080872,0.046387
0.0041199,-0.0073242,0.050049
0.0016785,-0.0071716,0.042725
0.00045776,-0.0074768,0.046387
0.00045776,-0.0073242,0.041504
0.002594,-0.0071716,0.042725
0.0045776,-0.0056458,0.039063
0.0083923,-0.0030518,0.0354
0.010986,-0.00076294,0.036621
0.014496,0.0022888,0.041504
0.0177,0.0042725,0.039063
0.020447,0.005188,0.042725
0.022888,0.0048828,0.036621
0.023651,0.0038147,0.043945
0.024109,0.0030518,0.048828
0.024109,0.0024414,0.042725
0.023346,0.0022888,0.05249
0.020905,0.0013733,0.041504
0.019073,-0.00045776,0.032959
0.01709,-0.0027466,0.046387
0.016785,-0.0076294,0.047607
0.017548,-0.0080872,0.048828
0.019531,-0.007782,0.050049
0.021057,-0.007019,0.05127
0.023193,-0.0054932,0.056152
0.025482,-0.0033569,0.056152
0.025787,-0.0028992,0.062256
0.02655,-0.0032043,0.053711
0.025635,-0.0032043,0.062256
0.024261,-0.0028992,0.064697
0.022583,-0.00091553,0.061035
0.020599,0.0016785,0.072021
0.019531,0.0028992,0.058594
0.019226,0.0032043,0.062256
0.019073,0.0018311,0.062256
0.020599,0.0013733,0.073242
0.022125,0.00030518,0.065918
0.026703,0.0013733,0.056152
0.029755,-0.00015259,0.061035
0.031433,0.0039673,0.064697
0.032349,0.0048828,0.059814
0.032196,0.0039673,2.7429
0.032349,0.002594,4.7949
0.032501,0.0024414,4.9158
0.032501,0.0013733,4.9207
0.031433,0.0019836,4.9219
0.029449,0.0035095,4.9207
0.029297,0.0032043,4.9219
0.028381,0.0016785,4.9158
0.028076,-0.0016785,4.9207
0.030823,-0.0042725,4.928
0.029297,-0.0054932,4.917
0.030365,-0.0061035,4.9182
0.030212,-0.0059509,4.9121
0.030975,-0.0071716,4.8999
0.029602,-0.0085449,4.9072
0.028381,-0.010223,4.9109
0.027466,-0.011749,4.9109
0.026703,-0.0097656,4.9255
0.025177,-0.0082397,4.906
0.024109,-0.0057983,4.9121
0.023346,-0.0035095,4.9084
0.022278,-0.0030518,4.9109
0.020599,-0.0032043,4.9048
0.019989,-0.0038147,4.9133
0.020294,-0.0050354,4.9109
0.022278,-0.0053406,4.9146
0.024414,-0.0042725,4.9194
0.024261,-0.0019836,4.917
0.028381,-0.00045776,4.9146
0.028992,0.00076294,4.9268
0.029755,0.00076294,4.9316
0.031128,-0.00030518,4.9255
0.032806,0.0013733,4.9182
0.031738,0.0019836,4.928
0.032501,0.002594,4.9304
0.032349,0.0030518,4.9292
0.032043,0.0024414,4.9316
0.032043,0.0019836,4.9304
0.032959,0.0012207,4.9304
0.0354,0.0012207,4.9304
0.037994,0.0013733,4.9353
0.039215,0.0030518,4.9329
0.038147,0.0038147,4.9377
0.038757,0.0041199,4.9329
0.035858,0.0036621,4.9377
0.033264,0.0021362,4.9451
0.03067,-0.0010681,4.9341
0.027924,-0.0030518,4.9329
0.02594,-0.005188,4.9304
0.022736,-0.0059509,4.9194
0.020142,-0.007019,4.9255
0.019684,-0.007782,4.9207
0.018768,-0.0093079,4.9207
0.019379,-0.0097656,4.9194
0.022278,-0.009613,4.9194
0.022583,-0.0082397,4.9194
0.024109,-0.0050354,4.917
0.02533,-0.0027466,4.9182
0.027466,0.0012207,4.9109
0.027618,0.0032043,4.9146
0.028687,0.0038147,4.917
0.031433,0.0024414,4.917
0.031891,0.0061035,4.9097
0.032654,0.0082397,4.9158
0.03418,0.0083923,4.9133
0.034637,0.010834,4.9097
0.033417,0.0091553,4.9109
0.032043,0.0057983,4.9109
0.03067,0.0012207,4.9133
0.029755,0.0012207,4.9097
0.029907,0.00091553,4.9109
0.029449,0.0012207,4.9036
0.028534,0.0018311,4.9121
0.028229,-0.00091553,4.9097
0.027313,-0.004425,4.9158
0.027313,-0.0064087,4.9158
0.027771,-0.0080872,4.9194
0.02655,-0.0056458,4.9207
0.026093,-0.002594,4.928
0.024567,0.00015259,4.9231
0.023956,0.0030518,4.9304
0.022736,0.0030518,4.9426
0.021362,0.0019836,4.9316
0.020294,0.00045776,4.9353
0.020752,0.0016785,4.9353
0.021362,0.0042725,4.9194
0.022736,0.0062561,4.9292
0.024567,0.0068665,4.9304
0.023499,0.0050354,4.9316
0.023041,0.0016785,4.9316
0.021973,-0.002594,4.9304
0.020142,-0.0054932,4.939
0.019836,-0.0057983,4.9365
0.018921,-0.0061035,4.9365
0.018921,-0.0056458,4.9329
0.017395,-0.0074768,4.9353
0.016632,-0.0093079,4.9304
0.016632,-0.010986,4.9316
0.016479,-0.012512,4.9353
0.017853,-0.0086975,4.928
0.020447,-0.0048828,4.9255
0.023499,-0.0012207,4.9255
0.02533,0.0013733,4.9255
0.026855,0.0024414,4.9194
0.027924,0.0015259,4.9133
0.027618,0.00015259,4.9158
0.027771,0.00015259,4.917
0.027466,0.0024414,4.9133
0.027924,0.0041199,0.042725
0.029602,0.0065613,0.040283
0.026703,0.0071716,0.040283
0.025482,0.0057983,0.0354
0.024261,0.004425,0.042725
0.024261,0.0032043,0.036621
0.023956,0.0032043,0.041504
0.023346,0.0042725,0.041504
0.022125,0.0054932,0.041504
0.021515,0.0054932,0.05249
0.019836,0.0036621,0.040283
0.018311,0.0010681,0.054932
0.015411,-0.0018311,0.041504
0.013428,-0.0012207,0.029297
0.012207,0.00030518,0.046387
0.0099182,0.0024414,0.046387
0.0097656,0.0041199,0.047607
0.0088501,0.0047302,0.053711
0.0097656,0.0030518,0.05127
0.010529,0.0013733,0.057373
0.011139,0.0013733,0.057373
0.013275,0.0032043,0.061035
0.013885,0.0061035,0.059814
0.013885,0.0086975,0.062256
0.014648,0.009613,0.065918
0.014343,0.0085449,0.065918
0.014496,0.0062561,0.06958
0.01358,0.0039673,0.064697
0.01297,0.0027466,0.062256
0.012512,0.0042725,0.061035
0.011444,0.0057983,0.072021
0.010071,0.0065613,0.064697
0.0091553,0.005188,0.056152
0.0088501,0.002594,0.064697
0.0093079,-0.00091553,0.065918
0.010681,-0.0016785,0.058594
0.012512,-0.00045776,0.061035
0.01297,0.0016785,0.056152
0.012512,0.0038147,0.057373
0.01297,0.0054932,0.050049
0.012817,0.0061035,0.058594
0.013275,0.0050354,0.05127
0.013123,0.0047302,0.053711
0.013123,0.0053406,0.043945
0.013885,0.0065613,0.047607
0.013275,0.0062561,0.062256
0.012054,0.0097656,0.047607
0.011292,0.009613,0.05127
0.011902,0.0082397,0.042725
0.01236,0.0071716,0.028076
0.01236,0.0053406,0.037842
0.01236,0.0056458,0.037842
0.011749,0.0074768,0.032959
0.010529,0.0083923,0.039063
0.009613,0.0085449,0.036621
0.0094604,0.007019,0.043945
0.009613,0.0050354,0.036621
0.0099182,0.0038147,0.042725
0.010529,0.002594,0.037842
0.011444,0.0021362,0.042725
0.012054,0.0027466,0.043945
0.011749,0.0027466,0.045166
0.011749,0.0013733,0.05249
0.01236,0.00030518,0.047607
0.013123,-0.0013733,0.047607
0.015564,-0.00091553,0.053711
0.016937,0.00030518,0.062256
0.017395,0.0016785,0.054932
0.016937,0.002594,0.053711
0.015717,0.0041199,0.058594
0.015106,0.0030518,0.062256
0.015259,0.0028992,0.058594
0.015106,0.0021362,0.065918
0.016937,0.0022888,0.058594
0.01709,0.0021362,0.065918
0.015564,0.0041199,0.059814
0.014801,0.0045776,0.062256
0.013733,0.0048828,0.062256
0.01297,0.004425,0.067139
0.013733,0.004425,0.067139
0.014648,0.0015259,0.067139
0.016174,0.0027466,0.073242
0.016327,0.00091553,0.065918
0.015717,0.0033569,0.068359
0.015106,0.0022888,0.059814
0.015259,-0.00015259,0.045166
0.015717,-0.0022888,0.05249
0.017395,-0.0022888,0.053711
0.018158,-0.0013733,0.047607
0.018463,0.00045776,0.05127
0.018311,0.0016785,0.046387
0.016937,0.00076294,0.047607
0.016022,-0.00030518,0.042725
0.016022,-0.0012207,0.047607
0.018921,-0.0033569,0.037842
0.020905,-0.0038147,0.043945
0.023346,-0.0028992,0.043945
0.023804,-0.0027466,0.043945
0.023041,-0.00091553,0.040283
0.021515,0.00045776,0.040283
0.02182,0.0018311,0.045166
0.023804,0.0028992,0.041504
0.024414,0.0039673,0.045166
0.026245,0.004425,0.040283
0.026245,0.005188,0.030518
0.026093,0.0045776,0.039063
0.025635,0.0035095,0.040283
0.025787,0.0039673,0.039063
0.027466,0.0028992,0.040283
0.030518,0.0018311,0.040283
0.031281,0.00091553,0.046387
0.031586,0.00030518,0.046387
0.030823,-0.00061035,0.047607
0.027008,-0.0013733,0.053711
0.024414,-0.0022888,0.056152
0.02243,-0.0033569,0.057373
0.021515,-0.0045776,0.059814
0.02243,-0.0045776,0.078125
0.021973,-0.0035095,4.3237
0.022125,-0.0024414,4.8901
0.021667,0.0012207,4.928
0.021057,0.0035095,4.9268
0.020752,0.0054932,4.9268
0.023193,0.0079346,4.928
0.026398,0.0057983,4.9353
0.027008,0.0053406,4.9292
0.028229,0.0048828,4.9304
0.025482,0.0038147,4.9377
0.023346,0.0022888,4.9353
0.020447,0.00030518,4.9353
0.019379,-0.00030518,4.9292
0.019531,-0.0024414,4.9353
0.020447,-0.0019836,4.9292
0.020905,-0.0013733,4.9292
0.018616,-0.00091553,4.9231
0.019836,-0.00045776,4.9268
0.019379,-0.00045776,4.9341
0.019989,-0.00045776,4.9231
0.022888,-0.00061035,4.9304
0.025635,-0.0012207,4.9182
0.028076,-0.0012207,4.906
0.027618,0.00030518,4.9158
0.024261,-0.0021362,4.9121
0.021515,-0.0019836,4.9109
0.017242,-0.0021362,4.9121
0.014801,-0.0024414,4.906
0.013428,-0.0042725,4.9109
0.012665,-0.0036621,4.906
0.011749,-0.0045776,4.9109
0.0097656,-0.0071716,4.9084
0.0097656,-0.0036621,4.9182
0.010834,-0.0041199,4.9121
0.01236,-0.0042725,4.9109
0.017242,-0.0036621,4.9121
0.022278,-0.0039673,4.9109
0.025482,-0.0039673,4.9097
0.025635,-0.0050354,4.9097
0.023804,-0.0064087,4.9097
0.021515,-0.0064087,4.9182
0.019684,-0.0047302,4.9255
0.019684,-0.0047302,4.9182
0.018921,-0.0033569,4.9207
0.021667,-0.0019836,4.9219
0.021057,-0.0019836,4.9255
0.020599,-0.0022888,4.9255
0.020447,-0.0024414,4.9316
0.019989,-0.0018311,4.9292
0.021973,-0.00076294,4.9329
0.024567,0,4.9329
0.027313,-0.00061035,4.9341
0.029144,-0.0028992,4.9292
0.02594,-0.0038147,4.9304
0.024109,-0.0041199,4.9377
0.020905,-0.0038147,4.9365
0.0177,-0.0019836,4.9414
0.017395,-0.0015259,4.9353
0.016327,-0.0024414,4.9194
0.015869,-0.0036621,4.9353
0.014954,-0.004425,4.928
0.014191,-0.0054932,4.9329
0.012512,-0.005188,4.9316
0.012512,-0.0048828,4.9255
0.015106,-0.0047302,4.9353
0.019379,-0.0038147,4.9243
0.022125,-0.0062561,4.9231
0.023804,-0.0082397,4.917
0.022736,-0.0093079,4.9219
0.020447,-0.007782,4.9158
0.018158,-0.007019,4.9219
0.016937,-0.0050354,4.9207
0.018463,-0.0032043,4.9207
0.019226,-0.0027466,4.9109
0.020294,-0.0024414,4.9146
0.019684,-0.002594,4.8999
0.018463,-0.0028992,4.9072
0.018768,-0.00076294,4.9109
0.020447,0.0016785,4.9109
0.023804,0.0033569,4.9109
0.027161,0.004425,4.9072
0.030975,0.0035095,4.9121
0.031281,0.00061035,4.9084
0.029297,0.00045776,4.9097
0.026398,-0.0021362,4.9072
0.022278,-0.0027466,4.9182
0.021973,-0.0018311,4.9133
0.021667,-0.0018311,4.917
0.021667,-0.0032043,4.9133
0.021973,-0.0048828,4.9158
0.019684,-0.0059509,4.9231
0.018768,-0.0062561,4.9268
0.018463,-0.0035095,4.9353
0.02121,0.00061035,4.9292
0.025635,0.0038147,4.9182
0.030518,0.0057983,4.9268
0.033722,0.0056458,4.9243
0.0354,0.0053406,4.9316
0.033875,0.005188,4.9304
0.033417,0.0059509,4.9316
0.031281,0.0071716,4.9304
0.032196,0.0086975,4.9329
0.032196,0.0088501,4.9365
0.032654,0.0076294,4.9304
0.032501,0.0048828,4.9377
0.031738,0.0028992,4.9377
0.030518,0.0028992,4.9377
0.031586,0.0073242,-0.058594
0.030365,0.009613,0.065918
0.031586,0.011902,0.064697
0.032501,0.010223,0.059814
0.034332,0.0074768,0.056152
0.033112,0.0050354,0.054932
0.03006,0.0032043,0.05127
0.028687,0.0041199,0.047607
0.027161,0.0062561,0.054932
0.027924,0.007019,0.050049
0.029144,0.0053406,0.0354
0.029602,0.0019836,0.043945
0.03006,0.0013733,0.048828
0.027924,0.0028992,0.042725
0.025482,0.0064087,0.046387
0.026245,0.009613,0.050049
0.027008,0.011902,0.043945
0.028992,0.011444,0.039063
0.030365,0.0090027,0.040283
0.032196,0.0073242,0.05249
0.031891,0.0067139,0.040283
0.03006,0.0059509,0.048828
0.027771,0.0086975,0.037842
0.025787,0.0099182,0.029297
0.024719,0.0062561,0.036621
0.024567,0.0094604,0.040283
0.023956,0.0071716,0.042725
0.023193,0.0061035,0.041504
0.020905,0.0061035,0.043945
0.018921,0.0062561,0.048828
0.018616,0.0076294,0.047607
0.017853,0.0080872,0.056152
0.022583,0.0068665,0.048828
0.025482,0.004425,0.058594
0.027313,0.0027466,0.058594
0.027008,0.00045776,0.059814
0.025024,0.002594,0.076904
0.023041,0.0048828,0.061035
0.02243,0.0064087,0.062256
0.02182,0.0061035,0.063477
0.021667,0.0053406,0.062256
0.022125,0.0022888,0.059814
0.020447,0.00061035,0.042725
0.019379,-0.0010681,0.059814
0.017242,-0.0010681,0.061035
0.017548,-0.0010681,0.063477
0.019531,-0.0024414,0.068359
0.02182,-0.0045776,0.062256
0.023804,-0.0048828,0.065918
0.024109,-0.0073242,0.061035
0.023041,-0.0056458,0.064697
0.021667,-0.0045776,0.057373
0.020599,-0.0012207,0.059814
0.021057,0.0036621,0.054932
0.021057,0.0019836,0.05249
0.026245,0.0010681,0.062256
0.027161,-0.00015259,0.05249
0.027924,-0.0010681,0.061035
0.027313,-0.0018311,0.047607
0.027771,-0.00076294,0.037842
0.028534,0.00076294,0.046387
0.030212,0.004425,0.042725
0.031433,0.0012207,0.041504
0.031891,-0.00045776,0.041504
0.030518,-0.0013733,0.040283
0.030975,-0.0024414,0.037842
0.02533,0.00015259,0.037842
0.023041,0.0027466,0.043945
0.02243,0.0057983,0.037842
0.022736,0.005188,0.040283
0.023651,0.0030518,0.042725
0.023346,-0.00045776,0.042725
0.022583,0,0.042725
0.021515,-0.0035095,0.041504
0.018616,-0.0021362,0.041504
0.017395,-0.0010681,0.039063
0.016479,-0.0015259,0.041504
0.016937,-0.0027466,0.045166
0.016785,-0.0054932,0.042725
0.016327,-0.0067139,0.047607
0.015411,-0.0079346,0.05249
0.014038,-0.0028992,0.05249
0.01358,0.00061035,0.057373
0.015106,0.0018311,0.054932
0.018463,0.00015259,0.061035
0.019836,-0.0022888,0.059814
0.021362,-0.0057983,0.062256
0.020599,-0.0057983,0.062256
0.019684,-0.0050354,0.063477
0.017548,-0.0028992,0.059814
0.015869,-0.0013733,0.061035
0.01358,-0.0016785,0.072021
0.016785,-0.0039673,0.065918
0.017395,-0.0059509,0.06958
0.016479,-0.0067139,0.062256
0.015259,-0.0059509,0.046387
0.013885,-0.004425,0.063477
0.014191,-0.0022888,0.059814
0.013123,0.0018311,0.063477
0.017395,-0.0030518,0.061035
0.020142,-0.0053406,0.054932
0.021515,-0.0064087,0.057373
0.018005,-0.0047302,0.05127
0.019073,-0.0036621,0.05127
0.016937,-0.0015259,0.047607
0.016937,0.0010681,0.05249
0.019531,0.00091553,0.045166
0.019836,0.00030518,0.05127
0.019836,-0.00061035,0.050049
0.017853,0,0.045166
0.017242,0.0012207,0.045166
0.016479,0.0042725,0.047607
0.016327,0.0068665,0.036621
0.01709,0.0065613,0.039063
0.020447,0.0065613,0.05127
0.021515,0.0038147,0.039063
0.019989,0.0012207,0.036621
0.016327,-0.00076294,0.03418
0.014954,0.00091553,4.27
0.013123,0.0015259,4.8669
0.012512,-0.00015259,4.9011
0.013123,0.00061035,4.9048
0.014191,-0.0021362,4.9158
0.013885,-0.0035095,4.9109
0.01236,-0.0057983,4.9158
0.010986,-0.0024414,4.9146
0.010529,0.00076294,4.9207
0.011597,0.0033569,4.9304
0.014191,0.0045776,4.9255
0.014343,0.0036621,4.9329
0.014648,0.0010681,4.9255
0.014343,-0.0012207,4.9194
0.013123,-0.0016785,4.9292
0.011902,0.00045776,4.928
0.011444,0.002594,4.928
0.011902,-0.00030518,4.9316
0.013123,0.0045776,4.9304
0.014038,0.0024414,4.9329
0.013885,0.0010681,4.9268
0.013885,0.0015259,4.9353
0.013275,0.0010681,4.9316
0.013275,0.0035095,4.9353
0.013275,0.0054932,4.939
0.015259,0.0059509,4.9353
0.016632,0.0048828,4.9377
0.017548,0.0032043,4.9377
0.018158,0.0022888,4.9377
0.0177,0.0024414,4.9316
0.017853,0.0039673,4.9377
0.018463,0.0059509,4.9304
0.018921,0.0073242,4.9109
0.020142,0.0064087,4.9207
0.020447,0.0041199,4.9219
0.019836,0.0024414,4.9194
0.017395,0.00061035,4.9219
0.014648,0.00045776,4.9121
0.012665,0.00076294,4.9182
0.011444,0.0015259,4.9133
0.011749,0.00061035,4.9158
0.011597,-0.00061035,4.9121
0.01297,-0.0030518,4.9121
0.012512,-0.0050354,4.9084
0.012665,-0.0057983,4.9121
0.013123,-0.0042725,4.9219
0.013733,-0.0019836,4.9109
0.015564,-0.0013733,4.9121
0.016937,-0.00030518,4.9109
0.018463,-0.0016785,4.895
0.018768,-0.0030518,4.9084
0.019989,-0.004425,4.9109
0.019989,-0.002594,4.9097
0.019989,-0.0019836,4.9072
0.021362,-0.00045776,4.9097
0.022125,-0.00030518,4.9146
0.023956,-0.0027466,4.9146
0.025787,-0.004425,4.9243
0.026093,-0.0053406,4.9207
0.026703,-0.0041199,4.928
0.02594,-0.00045776,4.9268
0.025482,0.0027466,4.9292
0.026245,0.0047302,4.9304
0.024872,0.0041199,4.9353
0.028229,0.0015259,4.9329
0.02655,-0.00030518,4.939
0.024414,0,4.9438
0.022888,0.0024414,4.9316
0.020599,0.0054932,4.9243
0.018768,0.0076294,4.9353
0.018311,0.0076294,4.9329
0.017548,0.0056458,4.9304
0.016632,0.002594,4.9377
0.015717,0.0010681,4.9365
0.014191,0.0012207,4.9365
0.013275,0.0022888,4.9304
0.012665,0.002594,4.9341
0.013733,0.0024414,4.928
0.014648,0.00015259,4.9304
0.016022,-0.0019836,4.9243
0.016174,-0.0027466,4.9255
0.016022,-0.0013733,4.9304
0.015106,0.0013733,4.9219
0.014191,0.0035095,4.9231
0.014496,0.0036621,4.9182
0.014954,0.0016785,4.9072
0.016479,-0.0010681,4.9207
0.017395,-0.0033569,4.917
0.019531,-0.0039673,4.9109
0.018921,-0.0027466,4.9133
0.019684,-0.00091553,4.9146
0.020142,0,4.9133
0.020599,0,4.9097
0.021362,-0.0013733,4.9109
0.022125,-0.0032043,4.906
0.022125,-0.0032043,4.8999
0.020752,-0.002594,4.9109
0.02121,0.00030518,4.9121
0.021057,0.0027466,4.9048
0.022125,0.0032043,4.9109
0.022278,0.0019836,4.9109
0.023041,0.00061035,4.9133
0.024109,-0.00091553,4.9194
0.02594,-0.00015259,4.9182
0.02533,0.0024414,4.9109
0.025482,0.0050354,4.9194
0.02121,0.005188,4.9255
0.024567,0.0050354,4.9243
0.024261,0.0022888,0.062256
0.023499,-0.00030518,0.057373
0.02121,-0.00091553,0.063477
0.022278,-0.0016785,0.061035
0.02121,0.00015259,0.062256
0.021515,0.0038147,0.059814
0.021973,-0.00015259,0.064697
0.023041,-0.0012207,0.059814
0.024261,-0.0036621,0.062256
0.02655,-0.0036621,0.074463
0.027618,-0.0022888,0.065918
0.028229,0.0010681,0.064697
0.028687,0.0048828,0.065918
0.029144,0.0073242,0.053711
0.029144,0.0071716,0.064697
0.028992,0.0047302,0.065918
0.029144,0.0021362,0.063477
0.028534,0.0018311,0.059814
0.029144,0.0016785,0.05249
0.029602,0.0035095,0.059814
0.028534,0.0033569,0.048828
0.027618,0.002594,0.053711
0.026703,0.00030518,0.047607
0.026703,-0.002594,0.05127
0.026855,-0.0019836,0.047607
0.025482,-0.0019836,0.047607
0.025177,-0.00091553,0.048828
0.023804,0,0.046387
0.021515,-0.0010681,0.045166
0.021667,-0.0024414,0.045166
0.021667,-0.0035095,0.040283
0.02182,-0.0033569,0.037842
0.019531,-0.00091553,0.037842
0.023956,0.00030518,0.039063
0.025177,0.0018311,0.041504
0.025024,0.00030518,0.039063
0.027313,0.0016785,0.039063
0.027924,0.0019836,0.037842
0.027466,0.0012207,0.041504
0.030365,0.0033569,0.036621
0.028381,0.0056458,0.042725
0.028992,0.0068665,0.041504
0.028534,0.0091553,0.045166
0.029297,0.007019,0.047607
0.029144,0.0056458,0.05127
0.030365,0.004425,0.062256
0.029602,0.0030518,0.053711
0.028229,0.0036621,0.065918
0.029755,0.0027466,0.056152
0.029144,0.0016785,0.048828
0.026855,0.00061035,0.061035
0.025635,-0.0022888,0.058594
0.023804,-0.0048828,0.059814
0.022736,-0.0057983,0.061035
0.022583,-0.0099182,0.059814
0.022888,-0.0050354,0.058594
0.023804,-0.0032043,0.062256
0.021973,-0.0016785,0.065918
0.024719,-0.0013733,0.058594
0.02594,-0.00091553,0.064697
0.027008,-0.00061035,0.067139
0.028076,0.00015259,0.068359
0.028229,0.0027466,0.058594
0.028687,0.0035095,0.065918
0.028076,0.009613,0.068359
0.026245,0.0059509,0.059814
0.026398,0.0054932,0.06958
0.024719,0.0061035,0.056152
0.025482,0.0065613,0.050049
0.025787,0.0082397,0.047607
0.026855,0.009613,0.05249
0.027771,0.010681,0.047607
0.028534,0.010223,0.048828
0.029144,0.0090027,0.042725
0.028839,0.007019,0.047607
0.028381,0.0048828,0.042725
0.030212,0.0039673,0.041504
0.02655,0.0048828,0.046387
0.026093,0.0057983,0.043945
0.023804,0.0064087,0.039063
0.023804,0.0050354,0.039063
0.023193,0.004425,0.053711
0.02243,0.004425,0.039063
0.023041,0.0079346,0.042725
0.023499,0.0062561,0.037842
0.023193,0.0064087,0.025635
0.023651,0.0071716,0.039063
0.023193,0.0085449,0.041504
0.022888,0.0074768,0.040283
0.021515,0.0083923,0.040283
0.020294,0.009613,0.040283
0.019073,0.011444,0.047607
0.018005,0.011749,0.048828
0.017242,0.010681,0.053711
0.016937,0.0094604,0.048828
0.015869,0.0064087,0.057373
0.016479,0.005188,0.057373
0.016632,0.0048828,0.062256
0.018005,0.0045776,0.062256
0.023041,0.0041199,0.063477
0.019836,0.0030518,0.065918
0.020142,0.0021362,0.064697
0.021057,0,0.074463
0.022125,0.00015259,0.059814
0.023041,0.00030518,0.048828
0.022888,0.00061035,0.061035
0.023804,0.0019836,0.063477
0.024109,0.0024414,0.062256
0.023499,0.0019836,0.068359
0.023651,0.0022888,0.063477
0.024567,0.0018311,0.065918
0.024567,0.0041199,0.062256
0.025024,0.0062561,0.062256
0.02533,0.0068665,0.056152
0.024719,0.0082397,0.058594
0.024414,0.0085449,0.056152
0.023956,0.007782,0.056152
0.023956,0.0067139,0.056152
0.024567,0.0068665,4.4788
0.024414,0.0065613,4.8889
0.023804,0.0054932,4.9133
0.023193,0.0042725,4.9097
0.022583,0.0048828,4.9158
0.021515,0.0024414,4.9121
0.020905,0.0056458,4.9121
0.020142,0.0048828,4.9133
0.020599,0.0053406,4.9109
0.020599,0.0065613,4.9109
0.020294,0.0053406,4.9084
0.019531,0.0028992,4.9121
0.019684,0.0036621,4.906
0.019836,0.0015259,4.9109
0.020294,0.00061035,4.9109
0.020905,0,4.9133
0.020905,-0.00015259,4.9084
0.019531,0.00045776,4.9121
0.019073,0.0012207,4.9255
0.017548,0.0010681,4.9072
0.016479,0.0018311,4.9231
0.014801,0.0016785,4.917
0.013885,0.0016785,4.9023
0.015869,0.00091553,4.9194
0.013885,0.00015259,4.9231
0.013733,-0.0013733,4.9243
0.014496,-0.0022888,4.9255
0.014954,-0.0035095,4.9268
0.015717,-0.0035095,4.9341
0.016022,-0.0030518,4.928
0.016174,-0.0032043,4.9316
0.017242,-0.0045776,4.9268
0.018005,-0.0038147,4.9329
0.019226,-0.0027466,4.9292
0.018616,-0.0013733,4.9329
0.018921,-0.00015259,4.9426
0.019073,-0.0010681,4.9353
0.019073,-0.0015259,4.9353
0.020599,-0.0030518,4.9377
0.020905,-0.0039673,4.9402
0.021667,-0.0035095,4.9219
0.019836,-0.0033569,4.9414
0.019836,-0.0028992,4.9292
0.019531,-0.0027466,4.9304
0.018158,-0.0021362,4.9231
0.018463,-0.0021362,4.9255
0.018463,-0.0013733,4.9231
0.0177,-0.0015259,4.9219
0.017395,-0.0018311,4.9158
0.01709,-0.0032043,4.9219
0.015564,-0.0041199,4.9146
0.016022,-0.004425,4.9255
0.015717,-0.0053406,4.9146
0.016174,-0.0048828,4.9194
0.016785,-0.0045776,4.9219
0.016937,-0.0050354,4.9133
0.017242,-0.0056458,4.9243
0.016327,-0.0054932,4.9109
0.0177,-0.0053406,4.8999
0.01709,-0.0047302,4.9121
0.018158,-0.0039673,4.9097
0.019226,-0.0035095,4.917
0.020447,-0.0042725,4.9097
0.021362,-0.0047302,4.9084
0.021667,-0.0054932,4.906
0.022278,-0.0036621,4.906
0.023041,-0.0024414,4.9133
0.023346,-0.0010681,4.9109
0.023651,0.00045776,4.917
0.02182,-0.00030518,4.9194
0.022125,-0.00030518,4.9219
0.021515,-0.00091553,4.9255
0.020752,-0.0016785,4.9255
0.020752,-0.0018311,4.9255
0.019836,-0.00061035,4.9292
0.019836,-0.00061035,4.9329
0.018921,0.00045776,4.9304
0.018311,-0.0010681,4.9268
0.0177,-0.0016785,4.9304
0.016632,-0.0030518,4.9292
0.015564,-0.0024414,4.9329
0.015717,-0.0027466,4.9329
0.014343,-0.0022888,4.9316
0.013885,-0.0021362,4.9255
0.013275,-0.0021362,4.9329
0.01236,-0.0038147,4.9353
0.01297,-0.0042725,4.9353
0.013428,-0.004425,4.939
0.014191,-0.0030518,4.9304
0.014496,-0.0033569,4.939
0.015411,-0.0024414,4.9438
0.016785,-0.002594,4.9341
0.017548,-0.002594,4.9316
0.018311,-0.0032043,4.9255
0.019379,-0.0030518,4.9048
0.017548,-0.0021362,4.9194
0.018768,-0.0016785,4.9194
0.018311,-0.0010681,4.9182
0.018158,0.0022888,4.917
0.018768,-0.0021362,4.9146
0.018768,-0.0024414,4.9158
0.019073,-0.0030518,4.9158
0.020599,-0.0035095,4.9121
0.023804,-0.002594,4.9097
0.022125,-0.0024414,4.9109
0.023956,-0.0018311,4.9121
0.024109,-0.0033569,4.9109
0.024567,-0.0012207,4.9158
0.025024,-0.0010681,4.906
0.025635,-0.00030518,0.036621
0.02533,-0.00091553,0.039063
0.025482,0.002594,0.026855
0.025635,0.0027466,0.037842
0.025024,0.0038147,0.048828
0.023956,0.0022888,0.039063
0.023499,0.00045776,0.040283
0.022125,-0.00015259,0.042725
0.02121,-0.0012207,0.047607
0.019073,-0.0010681,0.048828
0.017548,-0.0010681,0.053711
0.016022,-0.0030518,0.05249
0.014038,-0.0045776,0.058594
0.012817,-0.0071716,0.057373
0.011444,-0.0083923,0.061035
0.011902,-0.0094604,0.061035
0.010986,-0.0088501,0.061035
0.012054,-0.007782,0.065918
0.013428,-0.0068665,0.061035
0.014343,-0.0050354,0.074463
0.016632,-0.0035095,0.061035
0.017853,-0.0015259,0.050049
0.019531,0.00015259,0.062256
0.02182,0.0021362,0.067139
0.02243,0.0033569,0.064697
0.023804,0.0047302,0.068359
0.024261,0.0047302,0.064697
0.02655,0.0036621,0.063477
0.026245,0.0024414,0.061035
0.026398,0.00045776,0.064697
0.026093,-0.0010681,0.056152
0.026398,-0.0027466,0.058594
0.024261,-0.0039673,0.054932
0.02243,-0.0036621,0.054932
0.019531,-0.0041199,0.053711
0.019684,-0.0015259,0.050049
0.017853,-0.00045776,0.047607
0.016785,0.00045776,0.046387
0.013733,-0.00061035,0.040283
0.014038,0.0015259,0.045166
0.013123,0.0016785,0.043945
0.01297,0.0021362,0.041504
0.014191,0.0010681,0.040283
0.016479,0.00091553,0.039063
0.016937,0.00091553,0.041504
0.019379,0.0012207,0.03418
0.019836,0.0015259,0.042725
0.021667,0.0038147,0.037842
0.023346,0.0054932,0.042725
0.027618,0.0071716,0.041504
0.027008,0.0090027,0.041504
0.027313,0.011444,0.037842
0.029144,0.01358,0.042725
0.029449,0.015411,0.05127
0.028839,0.014496,0.042725
0.027313,0.01297,0.056152
0.02594,0.009613,0.050049
0.025024,0.0068665,0.03418
0.02243,0.0041199,0.050049
0.020905,0.0021362,0.05249
0.018311,0,0.056152
0.01709,-0.0012207,0.057373
0.015106,-0.0028992,0.056152
0.01297,-0.005188,0.059814
0.011902,-0.0076294,0.061035
0.011444,-0.0091553,0.064697
0.011139,-0.010376,0.058594
0.01358,-0.010071,0.064697
0.013885,-0.0076294,0.061035
0.015411,-0.005188,0.058594
0.01709,-0.0018311,0.075684
0.019684,0.0027466,0.065918
0.02243,0.0056458,0.064697
0.024567,0.0083923,0.067139
0.025635,0.010834,0.072021
0.027008,0.012512,0.062256
0.027618,0.013123,0.063477
0.029144,0.01236,0.061035
0.029755,0.010834,0.059814
0.032043,0.010223,0.054932
0.034943,0.0097656,0.053711
0.037231,0.010223,0.048828
0.039368,0.011444,0.05249
0.03952,0.012817,0.047607
0.039215,0.013885,0.05127
0.039673,0.015106,0.046387
0.038757,0.015717,0.047607
0.039063,0.015106,0.045166
0.037842,0.013275,0.046387
0.036621,0.010681,0.053711
0.033112,0.0079346,0.041504
0.030365,0.0038147,0.05249
0.027161,0.0010681,0.037842
0.024872,-0.0012207,0.030518
0.022278,-0.0039673,0.041504
0.020599,-0.0057983,0.039063
0.018158,-0.0057983,0.0354
0.017242,-0.007782,0.040283
0.015411,-0.005188,0.036621
0.014496,-0.0032043,0.039063
0.014648,-0.0010681,0.037842
0.015259,0.0010681,0.042725
0.017395,0.0033569,0.039063
0.020142,0.0054932,0.047607
0.023499,0.0080872,0.050049
0.02655,0.009613,0.05249
0.028534,0.0099182,0.053711
0.029755,0.010986,0.056152
0.031891,0.011139,0.054932
0.034637,0.011292,0.058594
0.037537,0.011139,0.065918
0.040436,0.010071,0.061035
0.041656,0.0093079,0.056152
0.041809,0.007019,0.058594
0.041809,0.0045776,0.059814
0.040894,0.0027466,0.062256
0.040894,0.0015259,0.062256
0.040436,0.0015259,2.6831
0.039825,0.0016785,4.801
0.038452,0.0033569,4.9182
0.037384,0.0039673,4.9329
0.035248,0.0053406,4.9353
0.033569,0.0067139,4.9402
0.032043,0.0073242,4.9292
0.030518,0.0074768,4.9353
0.030975,0.007782,4.9463
0.029755,0.0071716,4.9292
0.027618,0.0061035,4.9255
0.024261,0.0045776,4.9292
0.02243,0.0035095,4.906
0.019684,0.002594,4.9207
0.019073,0.0022888,4.917
0.018921,0.0028992,4.9207
0.019684,0.0035095,4.9158
0.021973,0.0038147,4.9146
0.022583,0.0035095,4.9182
0.024261,0.0038147,4.9121
0.02533,0.0039673,4.9158
0.027008,0.004425,4.906
0.028687,0.0047302,4.9158
0.028992,0.0048828,4.9121
0.030212,0.0042725,4.9146
0.031738,0.0032043,4.9097
0.029755,0.0027466,4.9133
0.028076,0.0010681,4.9133
0.027618,0.002594,4.906
0.027618,0.00091553,4.9133
0.027618,0.00076294,4.9084
0.027924,-0.00061035,4.9023
0.028381,-0.0015259,4.9133
0.026855,-0.0036621,4.9133
0.025024,-0.0050354,4.9146
0.02182,-0.0053406,4.9158
0.019684,-0.0054932,4.9158
0.0177,-0.0042725,4.9219
0.017548,-0.0036621,4.928
0.017853,-0.00091553,4.9292
0.017395,0,4.9243
0.015564,0.00061035,4.9329
0.014954,0.0013733,4.9304
0.015259,0.0018311,4.9341
0.017242,0.0021362,4.9426
0.019379,0.0024414,4.9329
0.021973,0.0022888,4.9353
0.023956,0.0033569,4.9329
0.023804,0.00030518,4.9219
0.024261,0,4.9304
0.024567,0.0015259,4.9329
0.025787,0.002594,4.9316
0.02655,0.0059509,4.9353
0.028076,0.0090027,4.9402
0.028687,0.012054,4.939
0.028687,0.010529,4.9329
0.028381,0.0073242,4.9329
0.029144,0.0065613,4.9255
0.025787,0.0038147,4.9292
0.027618,0.0021362,4.9268
0.026398,0.0012207,4.9243
0.024109,-0.00091553,4.9219
0.02182,-0.0013733,4.9231
0.018311,-0.0033569,4.9255
0.016022,-0.0042725,4.9341
0.014343,-0.0036621,4.9255
0.011292,-0.0019836,4.9194
0.010681,-0.00030518,4.9121
0.011597,0.0019836,4.9097
0.013275,0.0019836,4.906
0.013733,0.0010681,4.9121
0.015259,-0.0015259,4.9097
0.015717,-0.0013733,4.906
0.016174,-0.0067139,4.9109
0.016479,-0.0064087,4.9048
0.016327,-0.0062561,4.9109
0.015869,-0.0032043,4.9109
0.012054,-0.0015259,4.9158
0.015259,-0.00045776,4.9097
0.014801,0.00045776,4.9133
0.015869,0.00015259,4.928
0.017853,0.0028992,4.9072
0.019531,0.004425,4.9194
0.022125,0.005188,4.9182
0.023499,0.0047302,4.906
0.024109,0.0032043,4.9231
0.024567,0.00076294,4.9255
0.023346,-0.0018311,4.928
0.021973,-0.0021362,4.928
0.020599,-0.0015259,4.9243
0.018616,-0.0010681,4.9304
0.017242,-0.0032043,4.9304
0.014191,-0.0027466,4.9329
0.012817,-0.0033569,4.9268
0.011902,-0.0048828,4.9316
0.012817,-0.0041199,4.9304
0.012817,-0.0036621,4.9341
0.013733,-0.0019836,4.9353
0.012817,-0.00076294,4.9353
0.01236,0.0016785,4.9377
0.011597,-0.0013733,4.939
0.010223,-0.0015259,4.9487
0.010681,-0.0010681,4.9207
0.010681,-0.00015259,4.9194
0.011597,0.0022888,4.9329
0.01236,0.0022888,4.9316
0.012665,0.0013733,4.9219
0.012512,0.00015259,4.9292
0.01236,-0.0015259,4.9243
0.014191,-0.0039673,4.9219
0.017853,-0.0012207,4.9207
0.017242,-0.00030518,0.05127
0.018311,0.0013733,0.039063
0.018311,0.0015259,0.048828
0.018158,0.0030518,0.047607
0.018311,0.0018311,0.046387
0.018311,0.0016785,0.05249
0.018921,-0.0010681,0.046387
0.019073,0.0016785,0.048828
0.018768,0.0018311,0.039063
0.018463,0.0019836,0.030518
0.017242,0.0015259,0.039063
0.0177,0.0012207,0.036621
0.017395,0.00045776,0.039063
0.018158,0.0010681,0.037842
0.018768,0.0022888,0.039063
0.018463,0.0032043,0.040283
0.018768,0.0047302,0.039063
0.017853,0.0047302,0.047607
0.016479,0.005188,0.041504
0.014648,0.0045776,0.043945
0.01358,0.0047302,0.050049
0.012207,0.0030518,0.05249
0.012054,0.0035095,0.054932
0.012054,0.0042725,0.05249
0.011902,0.0047302,0.05249
0.01297,0.0047302,0.058594
0.01358,0.0045776,0.065918
0.01358,0.0039673,0.059814
0.015106,0.0035095,0.054932
0.016632,0.0033569,0.058594
0.017548,0.0033569,0.062256
0.017853,0.0036621,0.058594
0.016937,0.0036621,0.063477
0.015106,0.0022888,0.063477
0.015717,0.0013733,0.063477
0.014954,-0.0012207,0.062256
0.016937,-0.0027466,0.067139
0.016174,-0.0035095,0.067139
0.017242,-0.0030518,0.06958
0.017395,-0.0021362,0.063477
0.018768,-0.0018311,0.067139
0.019684,-0.0019836,0.078125
0.019989,-0.0021362,0.061035
0.019989,-0.0021362,0.056152
0.02121,-0.0013733,0.053711
0.019836,-0.00091553,0.0354
0.021362,0.0018311,0.050049
0.021362,0.0030518,0.050049
0.020905,0.002594,0.048828
0.021667,0.0010681,0.046387
0.02243,0,0.043945
0.024261,-0.00045776,0.046387
0.025635,-0.0012207,0.0354
0.026398,-0.00015259,0.043945
0.026245,0.00015259,0.041504
0.02655,-0.0012207,0.040283
0.027618,-0.0010681,0.040283
0.027313,-0.0022888,0.041504
0.026398,-0.002594,0.040283
0.026855,-0.0016785,0.040283
0.026245,0,0.041504
0.025787,0.0016785,0.042725
0.024719,0.002594,0.043945
0.025177,0.0024414,0.036621
0.024719,0.0019836,0.03418
0.024719,0.0018311,0.0354
0.025787,0.0038147,0.042725
0.027161,0.0032043,0.043945
0.027618,0.0053406,0.047607
0.027161,0.0024414,0.050049
0.02655,0.004425,0.05127
0.025787,0.0033569,0.05127
0.025024,0.0016785,0.057373
0.024261,0.0015259,0.057373
0.024567,0.0019836,0.061035
0.023651,0.0030518,0.062256
0.023041,0.0033569,0.063477
0.023193,0.0032043,0.068359
0.023346,0.0018311,0.063477
0.023651,-0.00015259,0.063477
0.024872,-0.0015259,0.058594
0.02533,-0.0018311,0.057373
0.02533,-0.0013733,0.064697
0.024872,0.00061035,0.062256
0.023804,0.00030518,0.063477
0.023041,-0.00045776,0.065918
0.02243,-0.0018311,0.062256
0.02243,-0.0036621,0.065918
0.023651,-0.0032043,0.062256
0.024567,-0.0021362,0.064697
0.026245,0.0013733,0.057373
0.026093,0.0041199,0.058594
0.027618,0.0064087,0.056152
0.028076,0.0074768,0.054932
0.028229,0.0074768,0.048828
0.028839,0.0067139,0.047607
0.026855,0.0064087,0.061035
0.026245,0.0071716,0.047607
0.02655,0.0086975,0.057373
0.025482,0.0068665,0.047607
0.02533,0.0056458,0.03418
0.024261,0.0028992,0.037842
0.023956,0.00030518,0.043945
0.023956,-0.0013733,0.037842
0.023651,0.00076294,0.039063
0.023041,0.0019836,0.03418
0.02243,-0.0010681,0.040283
0.022125,0.0027466,0.037842
0.022125,0.00076294,0.041504
0.022888,-0.0021362,0.036621
0.024109,-0.0022888,0.041504
0.024414,-0.0015259,0.040283
0.026093,-0.00015259,0.041504
0.027161,0.002594,0.05249
0.028839,0.0033569,0.042725
0.028534,0.0030518,1.283
0.028229,0.0018311,4.7034
0.027924,-0.0016785,4.8877
0.026855,0.00015259,4.9158
0.026703,0.00030518,4.928
0.02655,0.00030518,4.928
0.02655,-0.00030518,4.9243
0.026855,-0.0010681,4.9243
0.027161,-0.0032043,4.928
0.027466,-0.0050354,4.928
0.027313,-0.009613,4.9316
0.027313,-0.0048828,4.9292
0.027924,-0.0030518,4.9329
0.03006,-0.0012207,4.928
0.028534,0.00061035,4.9341
0.028534,0.0016785,4.9316
0.027924,0.0015259,4.9353
0.029602,0.00061035,4.9402
0.029449,0.00091553,4.9402
0.030212,0.0010681,4.9451
0.030518,0.0016785,4.9353
0.029602,0.0010681,4.9268
0.030975,0.00045776,4.9316
0.03067,-0.0015259,4.9255
0.029449,-0.0033569,4.9243
0.028076,-0.0036621,4.9292
0.027008,-0.0045776,4.9231
0.026703,-0.0035095,4.9219
0.027313,0.0016785,4.9158
0.026703,-0.00030518,4.9207
0.02533,0.00061035,4.9158
0.025177,0,4.9182
0.024414,-0.00076294,4.917
0.026093,-0.00091553,4.9182
0.027771,0,4.9158
0.028839,0.0021362,4.9146
0.029907,0.00091553,4.9121
0.029449,-0.00015259,4.9097
0.028687,-0.0016785,4.9011
0.028839,-0.00030518,4.9109
0.028534,-0.0050354,4.9084
0.028839,-0.0050354,4.906
0.028839,-0.0032043,4.9084
0.027313,-0.0022888,4.9109
0.024719,-0.0013733,4.9097
0.021973,-0.002594,4.906
0.019989,-0.005188,4.9121
0.018768,-0.0067139,4.9133
0.020599,-0.0050354,4.9158
0.02243,-0.0027466,4.9158
0.025177,0.00091553,4.9219
0.02594,0.002594,4.9182
0.027313,0.0022888,4.9243
0.027618,0.00091553,4.928
0.026855,0,4.9268
0.026398,-0.0012207,4.9377
0.026703,-0.00061035,4.9329
0.02594,0.0021362,4.9158
0.024567,0.0033569,4.9292
0.024109,0.0041199,4.9329
0.023956,0.0032043,4.9304
0.023651,0.0024414,4.9304
0.022736,0.0015259,4.9292
0.025787,0.002594,4.9353
0.027771,0.0047302,4.9341
0.026093,0.0035095,4.9353
0.030518,0.0054932,4.9304
0.029602,0.0038147,4.9402
0.028229,0.00076294,4.9353
0.025635,-0.0019836,4.9365
0.024872,-0.0015259,4.9451
0.023499,-0.00061035,4.9341
0.022583,0.0012207,4.9304
0.021057,0.0024414,4.9316
0.020294,0.0024414,4.9182
0.019073,0.0016785,4.9182
0.018463,0.0016785,4.9207
0.018921,0.0027466,4.9207
0.020142,0.0042725,4.9182
0.021362,0.0053406,4.917
0.02243,0.0065613,4.9146
0.022278,0.0047302,4.9121
0.02182,0.0048828,4.9146
0.021515,0.00091553,4.9084
0.020599,-0.00030518,4.9121
0.020905,0.0010681,4.9109
0.020294,0.0024414,4.9109
0.019684,0.0035095,4.9097
0.018921,0.0042725,4.9133
0.018616,0.0027466,4.917
0.017853,0.00030518,4.9121
0.017548,-0.00076294,4.9158
0.016937,-0.0030518,4.9097
0.018921,-0.0013733,4.9036
0.019226,0,4.9121
0.020599,0.0010681,4.9109
0.020905,0.00091553,4.9146
0.02121,0.00015259,4.9109
0.021057,-0.00061035,4.9158
0.020294,-0.0013733,4.9158
0.02121,-0.00015259,4.9194
0.021515,0.0019836,4.9255
0.021362,0.0039673,4.9219
0.02121,0.0042725,4.9304
0.019989,0.0032043,4.9292
0.019531,0.0015259,4.9353
0.019531,0.00045776,4.9402
0.020142,-0.00030518,4.9329
0.020905,0.00045776,4.9353
0.021515,0.0027466,4.9329
0.021515,0.0045776,4.9292
0.021973,0.0050354,0.062256
0.021362,0.0045776,0.062256
0.02243,0.0032043,0.061035
0.022888,0.0028992,0.064697
0.024261,0.0032043,0.058594
0.024109,0.0042725,0.067139
0.02182,0.0050354,0.062256
0.021973,0.0048828,0.067139
0.019989,0.0048828,0.061035
0.019226,0.0032043,0.067139
0.019531,0.0018311,0.062256
0.021515,0.0010681,0.059814
0.022888,0.0032043,0.05249
0.023193,0.0045776,0.054932
0.022888,0.0059509,0.064697
0.023651,0.0053406,0.045166
0.02243,0.0035095,0.059814
0.023499,0.0019836,0.046387
0.023499,0.00030518,0.047607
0.023193,0.00030518,0.041504
0.021362,0.0015259,0.042725
0.018158,0.0019836,0.046387
0.016174,0.002594,0.039063
0.013885,0.00076294,0.036621
0.01358,-0.0010681,0.041504
0.012817,-0.00091553,0.039063
0.015411,-0.0010681,0.040283
0.016937,0.00061035,0.041504
0.0177,0.0019836,0.042725
0.018005,0.0027466,0.040283
0.017853,0.0032043,0.042725
0.018311,0.0028992,0.053711
0.018768,0.0012207,0.041504
0.019531,0.00091553,0.043945
0.019073,0.00061035,0.046387
0.017395,0.0018311,0.032959
0.01709,0.0030518,0.050049
0.016327,0.0035095,0.050049
0.016022,0.0030518,0.05249
0.017242,0.0024414,0.057373
0.019379,0.0018311,0.056152
0.02121,0.0019836,0.058594
0.022583,0.0036621,0.062256
0.021973,0.0036621,0.063477
0.02182,0.0048828,0.062256
0.020905,0.0045776,0.064697
0.020752,0.0045776,0.061035
0.02121,0.0041199,0.064697
0.021362,0.0042725,0.062256
0.019531,0.0047302,0.065918
0.020905,0.0062561,0.065918
0.019531,0.0038147,0.065918
0.0177,0.0028992,0.081787
0.016937,0.0013733,0.062256
0.017242,-0.00015259,0.054932
0.018921,0.00030518,0.065918
0.021667,0.00061035,0.059814
0.022583,0.0021362,0.056152
0.023193,0.0038147,0.056152
0.022888,0.0041199,0.05249
0.022583,0.0030518,0.054932
0.023041,0.0022888,0.05249
0.024567,0.00076294,0.053711
0.024261,0.00061035,0.046387
0.024109,0.00015259,0.05127
0.02243,0.0010681,0.047607
0.019531,0.0019836,0.047607
0.0177,0.0010681,0.047607
0.016937,-0.00015259,0.046387
0.017548,-0.00045776,0.040283
0.018616,-0.0024414,0.037842
0.020447,-0.0016785,0.031738
0.021362,0.00045776,0.041504
0.02121,0.0024414,0.0354
0.021515,0.0027466,0.037842
0.022125,0.0032043,0.037842
0.023499,0.002594,0.036621
0.025787,0.0022888,0.039063
0.027466,0.0027466,0.037842
0.027924,0.0033569,0.042725
0.02594,0.0050354,0.039063
0.024414,0.0056458,0.040283
0.022125,0.0056458,0.042725
0.021362,0.0067139,0.048828
0.023193,0.010681,0.047607
0.02243,0.0064087,0.054932
0.024414,0.0061035,0.061035
0.025024,0.0068665,0.05249
0.024567,0.0054932,0.065918
0.023499,0.004425,0.061035
0.023651,0.0045776,0.042725
0.023956,0.0032043,0.061035
0.023804,0.002594,0.061035
0.024261,0.00076294,0.059814
0.02182,-0.00045776,0.061035
0.018005,-0.0013733,0.056152
0.014343,-0.0012207,0.061035
0.010529,-0.0022888,0.059814
0.0091553,-0.0022888,0.064697
0.0090027,-0.0018311,0.061035
0.010376,-0.0033569,0.068359
0.011139,-0.0041199,0.063477
0.016022,-0.0039673,0.067139
0.01236,-0.0036621,0.074463
0.01358,-0.0030518,0.062256
0.014801,-0.0022888,0.059814
0.017242,-0.0038147,0.054932
0.019684,-0.0019836,0.057373
0.02182,-0.0015259,0.05127
0.02243,-0.0045776,0.047607
0.023956,0.00076294,0.047607
0.02243,0.0016785,0.046387
0.023193,0.0027466,0.046387
0.02594,0.0036621,0.046387
0.029602,0.0035095,0.041504
0.032501,0.002594,0.045166
0.03418,0.0028992,2.4878
0.033569,0,4.7632
0.030518,0.0010681,4.8987
0.03006,0.00091553,4.9121
0.028839,0.00061035,4.9072
0.028076,0.00030518,4.9133
0.027924,-0.00045776,4.9182
0.027008,-0.0015259,4.9097
0.024261,-0.0027466,4.9194
0.020142,-0.0030518,4.9097
0.016937,-0.0024414,4.8975
0.015717,-0.0012207,4.9048
0.015411,-0.0032043,4.9097
0.014648,0.00061035,4.9097
0.01709,0.00076294,4.9146
0.0177,0.00061035,4.9158
0.016022,0.0015259,4.9182
0.014496,0.0015259,4.9182
0.013885,0.0015259,4.9268
0.014496,0.0022888,4.9243
0.015564,0.0016785,4.9292
0.017395,0.0010681,4.9292
0.0177,0.00030518,4.9219
0.01709,-0.00045776,4.9316
0.015411,-0.00030518,4.9304
0.015106,0.0010681,4.9304
0.016937,0.0018311,4.9329
0.018311,0.002594,4.9426
0.02243,0.0027466,4.9341
0.024109,0.0022888,4.9182
0.024872,-0.00091553,4.9292
0.026245,0.00045776,4.9341
0.023193,0.00061035,4.9353
0.022888,0.0010681,4.9426
0.024109,0.0012207,4.9341
0.023956,0.0015259,4.9365
0.024261,-0.0016785,4.9304
0.023193,-0.0036621,4.9292
0.020905,-0.0054932,4.928
0.0177,-0.0048828,4.928
0.014038,-0.0033569,4.9219
0.01358,-0.0018311,4.928
0.014801,-0.00015259,4.9329
0.016022,-0.00045776,4.9219
0.018311,-0.00076294,4.9219
0.017853,-0.0012207,4.9207
0.016785,-0.00030518,4.8987
0.016632,0.0016785,4.9109
0.017395,0.005188,4.9109
0.020447,0.007019,4.9158
0.023041,0.0071716,4.9109
0.026245,0.007019,4.9084
0.027924,0.0045776,4.9109
0.027618,0.0033569,4.9097
0.026245,0.004425,4.9097
0.025482,0.0047302,4.9048
0.026245,0.0056458,4.9146
0.028687,0.0050354,4.9097
0.029907,0.0035095,4.9133
0.031281,0.00045776,4.9109
0.028687,-0.002594,4.9133
0.027466,-0.0042725,4.9121
0.02533,-0.0045776,4.9146
0.023956,-0.0033569,4.9243
0.024719,-0.0030518,4.9194
0.023956,-0.0036621,4.9133
0.026398,-0.005188,4.9255
0.025024,-0.007019,4.9243
0.022888,-0.0079346,4.9243
0.019836,-0.007019,4.9255
0.018463,-0.0053406,4.9304
0.018158,-0.0036621,4.9329
0.019989,-0.0018311,4.9304
0.020905,-0.0016785,4.9353
0.022125,-0.0019836,4.928
0.021515,-0.0024414,4.9292
0.019836,-0.0021362,4.9268
0.019684,-0.00015259,4.9353
0.020905,0.0019836,4.9426
0.023804,0.0027466,4.9377
0.027161,0.0022888,4.939
0.030365,0.0010681,4.9377
0.031586,0,4.928
0.031738,0.00015259,4.9341
0.031738,0.0021362,4.9329
0.031586,0.0050354,4.9255
0.033112,0.0061035,4.9304
0.034332,0.0061035,4.9219
0.035248,0.0042725,4.9231
0.0354,0.0018311,4.9194
0.032501,0.00030518,4.9231
0.029755,0.0010681,4.9109
0.027313,0.0024414,4.9219
0.028076,0.0032043,4.9182
0.026245,0.0032043,4.9207
0.028381,0.00076294,4.9133
0.027618,-0.0016785,4.9182
0.025482,-0.0028992,4.9158
0.022125,-0.0021362,4.9133
0.017853,-0.0018311,4.9158
0.016174,-0.00030518,4.9084
0.015259,0.0012207,4.9011
0.015717,0,4.9097
0.016174,-0.0021362,4.9146
0.016937,-0.0035095,4.9109
0.0177,-0.0039673,4.906
0.0177,-0.0024414,4.906
0.019684,0.00015259,4.9048
0.022125,0.0016785,4.9133
0.026703,0.0038147,4.9158
0.028992,0.00076294,0.047607
0.031586,0.0015259,0.05127
0.031433,0.00045776,0.048828
0.029907,0.002594,0.053711
0.029144,0.005188,0.067139
0.028534,0.007019,0.058594
0.029907,0.0068665,0.062256
0.031281,0.0056458,0.057373
0.032806,0.0042725,0.045166
0.032806,0.0036621,0.061035
0.031738,0.0038147,0.062256
0.030518,0.0050354,0.061035
0.029144,0.0064087,0.062256
0.030823,0.0053406,0.059814
0.030823,0.0035095,0.065918
0.03067,0.0013733,0.063477
0.029755,0.00030518,0.063477
0.027771,0.0012207,0.062256
0.022888,0.0041199,0.070801
0.020599,0.0064087,0.067139
0.019073,0.0065613,0.067139
0.015411,0.007019,0.072021
0.020447,0.0041199,0.063477
0.020599,0.0022888,0.063477
0.020752,0.00091553,0.057373
0.018616,0.0016785,0.065918
0.017395,0.0035095,0.050049
0.017395,0.0057983,0.065918
0.019836,0.0062561,0.046387
0.02182,0.0053406,0.050049
0.024872,0.0024414,0.042725
0.024872,-0.0010681,0.048828
0.022888,-0.0030518,0.040283
0.022888,-0.0027466,0.043945
0.021973,-0.00076294,0.039063
0.02243,-0.00015259,0.042725
0.022583,0.00030518,0.039063
0.025482,-0.0022888,0.042725
0.027313,-0.005188,0.041504
0.027313,-0.0086975,0.039063
0.023651,-0.005188,0.047607
0.024719,-0.0022888,0.039063
0.02533,0,0.05127
0.026398,0,0.039063
0.029907,-0.00030518,0.029297
0.031128,-0.002594,0.039063
0.031433,-0.0047302,0.042725
0.029907,-0.0024414,0.041504
0.027771,-0.0028992,0.042725
0.026245,-0.00076294,0.045166
0.027008,-0.00076294,0.048828
0.028534,-0.0012207,0.048828
0.029755,-0.0030518,0.056152
0.029907,-0.0038147,0.053711
0.028534,-0.0053406,0.059814
0.027466,-0.002594,0.062256
0.025635,-0.00045776,0.063477
0.026245,0.0012207,0.062256
0.024719,0.00061035,0.063477
0.028839,-0.00015259,0.063477
0.029907,-0.0015259,0.059814
0.028534,-0.0010681,0.065918
0.026855,-0.00045776,0.059814
0.025177,0.0038147,0.057373
0.024261,0.0059509,0.063477
0.025787,0.0064087,0.064697
0.024719,0.005188,0.064697
0.02594,0.0022888,0.065918
0.02594,-0.00030518,0.062256
0.026855,-0.0015259,0.065918
0.023651,-0.00030518,0.059814
0.022888,0.0013733,0.058594
0.023499,0.00015259,0.056152
0.025482,0.0010681,0.054932
0.027466,-0.0019836,0.05127
0.027618,-0.0035095,0.05127
0.026703,-0.0032043,0.063477
0.023651,-0.0010681,0.046387
0.022125,0.0013733,0.047607
0.020905,0.0035095,0.046387
0.021515,0.0035095,0.026855
0.02182,0.00076294,0.041504
0.021057,-0.002594,0.042725
0.020599,-0.0047302,0.037842
0.018768,-0.0067139,0.036621
0.017853,-0.0016785,0.037842
0.017853,0.0022888,0.042725
0.018921,0.0038147,0.036621
0.021057,0.0041199,0.039063
0.023499,0.0019836,0.032959
0.024261,0.00030518,0.042725
0.023346,0.0036621,0.040283
0.021973,0.002594,0.041504
0.019531,0.0064087,0.039063
0.020142,0.0088501,0.037842
0.014648,0.0079346,0.046387
0.018921,0.0050354,0.046387
0.018463,0.0016785,0.059814
0.016937,0.00015259,0.047607
0.013428,0.0016785,0.045166
0.01297,0.0048828,0.054932
0.012207,0.0079346,0.057373
0.013275,0.0083923,0.057373
0.014648,0.0068665,0.061035
0.017395,0.0036621,0.057373
0.0177,0.0010681,0.063477
0.01709,0.0010681,0.059814
0.015717,0.0021362,0.062256
0.013428,0.0047302,0.059814
0.01297,0.0056458,0.062256
0.014191,0.0047302,0.064697
0.014343,0.0021362,0.064697
0.015259,-0.00091553,0.072021
0.015106,-0.0027466,0.067139
0.01358,-0.0015259,0.062256
0.012817,0.00091553,0.062256
0.012817,0.0035095,0.068359
0.014648,0.0038147,4.4153
0.016937,0.0021362,4.895
0.018463,-0.00076294,4.9231
0.018616,-0.0022888,4.9255
0.018921,-0.0010681,4.9243
0.016632,0.00091553,4.9231
0.015869,0.0039673,4.9194
0.015717,0.0056458,4.9219
0.016479,0.0039673,4.917
0.017242,0.0015259,4.9133
0.017242,-0.0012207,4.9194
0.016632,-0.0018311,4.917
0.015106,-0.0013733,4.9109
0.013885,0.00015259,4.9158
0.014191,0.0016785,4.9268
0.016174,0.0022888,4.9133
0.016479,0.0012207,4.9194
0.018921,-0.00015259,4.9109
0.019989,-0.00045776,4.8962
0.020599,0.00076294,4.9048
0.019379,0.0039673,4.9084
0.018921,0.0076294,4.9097
0.019684,0.0094604,4.9097
0.021057,0.009613,4.906
0.020752,0.0074768,4.9109
0.020905,0.005188,4.9121
0.019073,0.0062561,4.9158
0.01709,0.0047302,4.9146
0.015106,0.0059509,4.9207
0.014648,0.0067139,4.9194
0.016022,0.0053406,4.9194
0.0177,0.0032043,4.9304
0.018005,-0.00015259,4.9255
0.018158,-0.0028992,4.9243
0.016174,-0.0035095,4.9304
0.013733,-0.0035095,4.9353
0.011444,-0.0030518,4.9304
0.010986,-0.0033569,4.9402
0.011597,-0.0042725,4.9329
0.011902,-0.0059509,4.9304
0.011292,-0.0080872,4.9255
0.010071,-0.0082397,4.9365
0.0099182,-0.0079346,4.9316
0.0091553,-0.0054932,4.9341
0.011292,-0.0015259,4.9329
0.015411,-0.00015259,4.9377
0.019836,0.00061035,4.9353
0.023956,0.00030518,4.9377
0.025787,0.00061035,4.9341
0.026855,0.0021362,4.9365
0.028381,0.0042725,4.939
0.029297,0.0071716,4.939
0.029449,0.0079346,4.9353
0.031738,0.007019,4.9219
0.031433,0.0053406,4.9109
0.030212,0.0028992,4.9194
0.027161,0.0016785,4.9158
0.02533,0.0018311,4.9182
0.023499,0.0030518,4.9194
0.023041,0.002594,4.9146
0.023346,0.00091553,4.9158
0.022888,-0.0012207,4.9084
0.022583,-0.0038147,4.9097
0.022583,-0.0048828,4.9084
0.022583,-0.0035095,4.9133
0.02121,-0.0010681,4.9109
0.020142,0.0010681,4.9146
0.018158,0.0019836,4.9109
0.01709,0.0018311,4.9146
0.015106,0.00030518,4.9084
0.012665,-0.00061035,4.9084
0.010529,0,4.9072
0.0093079,0.0013733,4.9133
0.009613,0.0028992,4.917
0.010529,0.0028992,4.9121
0.013275,0.0016785,4.9146
0.014648,0.00045776,4.9158
0.016327,-0.0022888,4.917
0.017395,-0.0067139,4.9182
0.018921,-0.0021362,4.9304
0.020142,-0.0016785,4.9255
0.020447,-0.00030518,4.9292
0.020599,-0.00015259,4.928
0.021515,-0.00061035,4.9353
0.022278,-0.0018311,4.9292
0.02182,-0.0028992,4.9292
0.022736,-0.0018311,4.939
0.024414,-0.00061035,4.9329
0.024872,0.0010681,4.9353
0.024719,0.00061035,4.9329
0.02533,-0.0012207,4.9146
0.02533,-0.0036621,4.9304
0.024719,-0.0056458,4.9304
0.023956,-0.0067139,4.9329
0.023041,-0.0047302,4.9353
0.021973,-0.0036621,4.9292
0.019531,-0.00091553,4.9341
0.017395,0,4.9316
0.015259,0,4.9304
0.013428,-0.0021362,4.9231
0.012054,-0.0033569,4.9268
0.011444,-0.0038147,4.9231
0.011139,-0.0022888,4.9255
0.010071,0.00030518,4.9304
0.010223,0.0010681,4.9194
0.010376,0.00015259,4.9158
0.012817,-0.0010681,4.9182
0.015564,-0.0019836,4.9048
0.021362,-0.00030518,4.9109
0.023193,0,0.042725
0.025482,0.0022888,0.041504
0.028687,0.0038147,0.040283
0.028381,0.00030518,0.036621
0.029755,-0.0019836,0.041504
0.031738,-0.0033569,0.036621
0.03418,-0.0033569,0.042725
0.034027,-0.0016785,0.03418
0.033112,-0.00076294,0.042725
0.031738,0.0012207,0.039063
0.030365,-0.00061035,0.041504
0.029449,-0.0016785,0.039063
0.028229,-0.0035095,0.045166
0.028229,-0.0036621,0.047607
0.026703,-0.0022888,0.047607
0.02655,-0.00061035,0.061035
0.025177,0,0.056152
0.023346,0.00045776,0.045166
0.021667,-0.0019836,0.05249
0.019379,-0.0039673,0.056152
0.019073,-0.0054932,0.056152
0.018311,-0.0022888,0.058594
0.018921,-0.0062561,0.058594
0.0177,-0.0048828,0.062256
0.016937,-0.005188,0.058594
0.016632,-0.0053406,0.063477
0.016937,-0.0065613,0.057373
0.019073,-0.007019,0.059814
0.020752,-0.0053406,0.057373
0.022888,-0.0036621,0.065918
0.025482,-0.00076294,0.072021
0.027924,0.0013733,0.065918
0.029755,0.0032043,0.068359
0.032196,0.0038147,0.065918
0.034637,0.0036621,0.064697
0.035553,0.0042725,0.065918
0.037079,0.007019,0.061035
0.036774,0.0076294,0.057373
0.035248,0.0076294,0.057373
0.032959,0.007019,0.05249
0.032654,0.0048828,0.053711
0.030518,0.0022888,0.050049
0.028839,-0.00045776,0.050049
0.023651,-0.0021362,0.046387
0.024872,-0.0039673,0.046387
0.023346,-0.0056458,0.050049
0.02121,-0.0067139,0.047607
0.020447,-0.0082397,0.040283
0.018005,-0.0091553,0.042725
0.018158,-0.010071,0.048828
0.017853,-0.0093079,0.037842
0.018158,-0.0056458,0.050049
0.019073,-0.0027466,0.039063
0.020294,-0.00030518,0.029297
0.022125,0.0016785,0.039063
0.023651,0.0012207,0.037842
0.025635,0.00091553,0.039063
0.027771,0.0022888,0.040283
0.029907,0.0038147,0.036621
0.031128,0.0054932,0.039063
0.032349,0.0071716,0.041504
0.030823,0.0082397,0.041504
0.033569,0.0073242,0.045166
0.03418,0.0065613,0.05127
0.0354,0.0065613,0.050049
0.035858,0.0064087,0.053711
0.039063,0.0090027,0.064697
0.035706,0.010681,0.057373
0.035248,0.009613,0.056152
0.034637,0.007782,0.059814
0.034332,0.0068665,0.061035
0.033112,0.0054932,0.061035
0.031281,0.005188,0.068359
0.029449,0.004425,0.061035
0.026703,0.0039673,0.062256
0.023956,0.0024414,0.047607
0.021515,0.0010681,0.065918
0.02121,-0.00015259,0.058594
0.020294,-0.00015259,0.062256
0.019531,-0.00045776,0.064697
0.02121,-0.00015259,0.06958
0.018768,0.0013733,0.062256
0.018158,0.0021362,0.065918
0.018768,0.0018311,0.063477
0.018463,0.0030518,0.063477
0.018768,0.0036621,0.067139
0.019379,0.0036621,0.056152
0.019379,0.0045776,0.065918
0.020294,0.0062561,0.05127
0.021667,0.004425,0.042725
0.022278,0.0038147,0.05127
0.023804,0.00076294,0.045166
0.023651,0.0024414,0.037842
0.024719,0.0035095,0.047607
0.025787,0.0036621,0.043945
0.027008,0.0036621,0.046387
0.027313,0.0024414,0.039063
0.027924,0.0010681,0.043945
0.027924,-0.00061035,0.036621
0.028076,-0.0016785,0.042725
0.027466,-0.0018311,0.045166
0.027924,-0.0013733,0.041504
0.027161,-0.00076294,0.0354
0.027008,-0.00061035,0.037842
0.026245,-0.0012207,0.037842
0.025787,-0.0022888,0.037842
0.024719,-0.0013733,0.041504
0.023346,-0.00015259,0.039063
0.023499,0.0012207,0.031738
0.022278,0.002594,0.039063
0.021362,0.0024414,0.043945
0.019684,0.0027466,0.045166
0.018463,0.0021362,0.047607
0.018616,0.0022888,0.05249
0.018921,0.002594,0.056152
0.018463,0.0028992,0.054932
0.020142,0.0027466,0.058594
0.020752,0.0050354,2.6111
0.02121,0.0035095,4.7974
0.020294,0.0035095,4.9158
0.020294,0.0036621,4.9292
0.02182,0.0035095,4.9402
0.022278,0.0038147,4.9316
0.023193,0.0045776,4.9329
0.024109,0.0038147,4.9255
0.024261,0.0028992,4.9194
0.023346,0.0015259,4.9304
0.021362,0.00030518,4.9341
0.02121,0.00015259,4.9353
0.020294,0.00015259,4.9353
0.021057,-0.00015259,4.9329
0.020142,0.00045776,4.9353
0.020294,0.00076294,4.9316
0.019836,0.0021362,4.9304
0.019379,0.0010681,4.9255
0.016937,0.0024414,4.9268
0.017242,0.0035095,4.9243
0.016632,0.0047302,4.9255
0.01709,0.0045776,4.9255
0.014496,0.0036621,4.9231
0.015259,0.0028992,4.9243
0.014343,0.0022888,4.9231
0.013428,0.0012207,4.9231
0.013733,0.00061035,4.9133
0.013733,0.00076294,4.9048
0.015564,0.00045776,4.9182
0.018005,0.00091553,4.9109
0.018921,0.0010681,4.9109
0.020447,0.00045776,4.9084
0.02121,0.00045776,4.9097
0.021667,0.0010681,4.9133
0.02182,0.0019836,4.9048
0.021515,0.0030518,4.9097
0.022583,0.0036621,4.9109
0.022278,0.0039673,4.9133
0.021667,0.0022888,4.9133
0.020447,0.0012207,4.9146
0.018768,0.00045776,4.9207
0.018005,0.00015259,4.9146
0.017853,0.0015259,4.9219
0.017853,0.0021362,4.9243
0.022736,0.0021362,4.9084
0.018005,0.0016785,4.9243
0.018158,0.00091553,4.9231
0.017395,-0.00015259,4.9255
0.017242,-0.00030518,4.9255
0.015411,-0.00091553,4.9219
0.018158,-0.0010681,4.9316
0.017242,-0.00015259,4.9304
0.018768,-0.0013733,4.9341
0.018768,-0.0015259,4.9292
0.019073,-0.0022888,4.9341
0.018616,-0.0022888,4.9329
0.019226,0,4.9341
0.019226,-0.0010681,4.9316
0.019531,-0.0010681,4.9353
0.022125,-0.0015259,4.9438
0.021515,-0.002594,4.939
0.021973,-0.0033569,4.9451
0.02182,-0.0032043,4.9341
0.021515,-0.0030518,4.9304
0.02182,-0.0019836,4.9292
0.022888,-0.0013733,4.9292
0.022888,-0.0033569,4.9292
0.022888,-0.0012207,4.9243
0.021667,-0.0013733,4.9219
0.020599,-0.00030518,4.9231
0.019836,0.00091553,4.9194
0.019379,0.0047302,4.9182
0.018921,0.0047302,4.9158
0.018921,0.005188,4.9219
0.018616,0.0071716,4.9158
0.017853,0.0041199,4.9194
0.017548,0.0036621,4.9268
0.018158,0.0036621,4.9133
0.019226,0.0032043,4.9133
0.018311,0.0028992,4.9133
0.019226,0.0030518,4.8914
0.018768,0.0016785,4.9084
0.018158,0.0016785,4.9097
0.01709,0.0015259,4.9109
0.016479,0.00045776,4.9084
0.015717,-0.0022888,4.906
0.015869,-0.00061035,4.9109
0.015411,-0.0018311,4.9109
0.015411,-0.0030518,4.9146
0.014801,-0.0030518,4.9109
0.015106,-0.0032043,4.9194
0.014343,-0.0027466,4.9194
0.014801,-0.0016785,4.9292
0.014496,-0.0016785,4.9243
0.013885,-0.0015259,4.9255
0.013885,-0.00076294,4.9243
0.016937,-0.0021362,4.9304
0.015259,-0.0016785,4.9426
0.016632,-0.0015259,4.9304
0.0177,-0.0012207,4.9182
0.019226,-0.00076294,4.9304
0.019684,-0.00015259,4.9304
0.020599,-0.00030518,4.9292
0.021362,0.00030518,4.9304
0.021667,0.0015259,4.9329
0.023041,0.0035095,4.9353
0.023346,0.0053406,4.9316
0.022278,0.0068665,4.9377
0.020447,0.0059509,4.9353
0.019836,0.0042725,0.06958
0.020447,0.0021362,0.065918
0.02121,0.00030518,0.063477
0.021057,-0.0013733,0.068359
0.020142,-0.0013733,0.062256
0.020142,-0.0013733,0.058594
0.020142,-0.0035095,0.053711
0.018768,-0.0016785,0.041504
0.019073,-0.0010681,0.05127
0.018768,0.004425,0.048828
0.018768,0.00076294,0.047607
0.018158,0.0015259,0.047607
0.017395,0.00091553,0.043945
0.016632,0.00076294,0.047607
0.015564,0.00045776,0.040283
0.015259,-0.0013733,0.043945
0.015259,-0.0016785,0.036621
0.014343,-0.0016785,0.041504
0.014496,-0.0021362,0.042725
0.014496,-0.0021362,0.041504
0.013123,-0.0019836,0.037842
0.015717,-0.0010681,0.042725
0.014954,-0.002594,0.039063
0.015717,-0.0028992,0.040283
0.016785,-0.005188,0.042725
0.01709,-0.004425,0.040283
0.017853,-0.0042725,0.03418
0.018158,-0.0042725,0.040283
0.018921,-0.0024414,0.048828
0.019379,-0.0038147,0.046387
0.019684,-0.0032043,0.05127
0.019684,-0.002594,0.047607
0.019531,-0.0021362,0.057373
0.020142,-0.00076294,0.056152
0.019836,0.00030518,0.059814
0.020142,0.0013733,0.059814
0.020905,0.00030518,0.062256
0.020142,-0.0013733,0.062256
0.020294,-0.0028992,0.064697
0.020905,-0.0039673,0.073242
0.02121,-0.005188,0.061035
0.020905,-0.0053406,0.063477
0.020599,-0.005188,0.063477
0.019379,-0.0038147,0.047607
0.017395,-0.0032043,0.063477
0.016022,-0.0030518,0.063477
0.014801,-0.0018311,0.063477
0.014648,-0.00091553,0.067139
0.015106,-0.00030518,0.061035
0.015717,0.0018311,0.065918
0.016632,0.0019836,0.062256
0.018768,0.0010681,0.061035
0.020294,0.00061035,0.056152
0.021667,-0.00030518,0.054932
0.022125,-0.00076294,0.054932
0.023193,-0.00061035,0.053711
0.022888,0,0.053711
0.02243,0.00091553,0.043945
0.019836,0.0016785,0.053711
0.019684,0.0015259,0.048828
0.018921,0.0012207,0.054932
0.019226,-0.0030518,0.043945
0.020142,-0.0019836,0.05127
0.021667,-0.0027466,0.036621
0.023193,-0.002594,0.040283
0.024567,-0.0035095,0.037842
0.024261,-0.0015259,0.041504
0.024261,-0.00091553,0.0354
0.023041,-0.0013733,0.039063
0.02243,-0.0019836,0.039063
0.021362,-0.0030518,0.042725
0.020447,-0.0036621,0.036621
0.019836,-0.0039673,0.042725
0.019531,-0.0042725,0.037842
0.019073,-0.004425,0.043945
0.020599,-0.0039673,0.053711
0.021973,-0.0045776,0.045166
0.023193,-0.0035095,0.054932
0.024567,-0.002594,0.048828
0.025635,-0.0010681,0.032959
0.026093,-0.00030518,0.053711
0.02594,0.00045776,0.054932
0.024719,0.00045776,0.054932
0.023804,0.00076294,0.058594
0.023346,0.0015259,0.058594
0.023651,0.0010681,0.061035
0.025024,0.00091553,0.058594
0.027008,0.00076294,0.063477
0.028076,0.00045776,0.058594
0.029297,0.00015259,0.062256
0.029755,0.00015259,0.065918
0.029144,0,0.068359
0.030365,0.00030518,0.064697
0.030518,0.00015259,0.067139
0.028839,-0.00015259,0.072021
0.027161,-0.0012207,0.067139
0.02533,-0.0024414,0.075684
0.02243,-0.0022888,0.065918
0.020752,-0.0030518,0.057373
0.019989,-0.0036621,0.058594
0.019989,-0.0041199,0.057373
0.020905,-0.004425,0.05127
0.021515,-0.0041199,0.05127
0.02182,-0.004425,0.047607
0.02182,-0.0045776,0.05127
0.02121,-0.0035095,0.045166
0.02182,-0.002594,0.050049
0.022583,-0.0018311,0.045166
0.023651,-0.0010681,0.05127
0.024414,-0.00061035,0.042725
0.026093,-0.00061035,0.042725
0.026245,-0.00015259,0.05249
0.026703,0.00015259,0.040283
0.026703,0.0018311,0.039063
0.027924,0.0036621,0.041504
0.028992,0.0038147,0.023193
0.030212,0.004425,0.036621
0.030212,0.0038147,0.039063
0.030365,0.0035095,4.563
0.029449,0.0032043,4.8853
0.028381,0.0038147,4.9036
0.028381,0.0048828,4.9084
0.028534,0.0050354,4.906
0.028839,0.0048828,4.9133
0.028839,0.0038147,4.9121
0.028229,0.0016785,4.9194
0.027313,0.00045776,4.9182
0.02533,0,4.9231
0.025177,0.00061035,4.9231
0.023651,0.0033569,4.9268
0.023346,0.0057983,4.9292
0.022583,0.0068665,4.9316
0.02182,0.0050354,4.9426
0.021362,0.0045776,4.9329
0.020752,0.0038147,4.9207
0.020294,0.0048828,4.9292
0.020447,0.0042725,4.9316
0.02121,0.0048828,4.9268
0.022125,0.0047302,4.9304
0.022125,0.00015259,4.9304
0.02121,0.0019836,4.9365
0.020905,0.0010681,4.9329
0.019836,0.00061035,4.9377
0.020294,0.00076294,4.9316
0.019684,0.0016785,4.9341
0.019073,0.0021362,4.9304
0.019836,0.0019836,4.9292
0.019531,0.00030518,4.9329
0.019836,0,4.928
0.021515,-0.0012207,4.9243
0.026245,-0.0012207,4.9207
0.025635,-0.0013733,4.9243
0.025787,-0.00015259,4.9219
0.026398,0.00030518,4.9133
0.027161,0.0012207,4.9243
0.027008,-0.00015259,4.9158
0.026855,-0.00076294,4.9158
0.026398,-0.0047302,4.9133
0.027313,-0.002594,4.9097
0.026093,-0.0019836,4.9133
0.02594,-0.0015259,4.9084
0.024567,0.00045776,4.9121
0.028381,0.0015259,4.9109
0.025024,0.002594,4.9158
0.025482,0.0033569,4.9097
0.024872,0.005188,4.9121
0.025635,0.0047302,4.9219
0.026855,0.0065613,4.9097
0.026093,0.0079346,4.9158
0.026245,0.007782,4.9121
0.023956,0.0062561,4.8975
0.02243,0.0042725,4.9133
0.021973,0.0035095,4.917
0.02121,0.0013733,4.9194
0.020905,0.0019836,4.9182
0.021515,0.0027466,4.9072
0.020447,0.00076294,4.9255
0.023041,0.0041199,4.928
0.021973,0.0036621,4.9304
0.02182,0.0033569,4.9292
0.023041,0.0038147,4.9341
0.02243,0.0035095,4.9341
0.02243,0.005188,4.9341
0.021667,0.0057983,4.9475
0.020447,0.004425,4.9341
0.020599,0.0038147,4.9329
0.019531,0.0012207,4.9268
0.019989,-0.00030518,4.939
0.018768,-0.00030518,4.9329
0.019073,0.0010681,4.9219
0.019073,0.0027466,4.9365
0.018005,0.0036621,4.9365
0.017242,0.0038147,4.9316
0.0177,0.0028992,4.9341
0.017548,0.004425,4.9292
0.019531,0.0027466,4.9304
0.017395,0.0036621,4.9219
0.018463,0.004425,4.9292
0.018768,0.0048828,4.9219
0.019226,0.0039673,4.9231
0.019379,0.0030518,4.9194
0.018768,0.0013733,4.9207
0.019073,0.0018311,4.9304
0.018311,0.0024414,4.9194
0.0177,0.0038147,4.9268
0.017548,0.004425,4.9133
0.015259,0.0048828,4.9023
0.016327,0.0047302,4.8999
0.015106,0.0033569,4.9084
0.014343,0.0022888,4.9084
0.016785,0.0027466,4.9109
0.017853,0.0030518,4.9084
0.018921,0.0033569,4.9133
0.019684,0.0042725,4.9084
0.019531,0.0042725,4.9121
0.018921,0.0039673,4.9109
0.018768,0.0048828,4.9146
0.018311,0.004425,4.9133
0.017548,0.0038147,4.9146
0.016785,0.0041199,4.9219
0.015869,0.0042725,4.9182
0.016022,0.0038147,4.9194
0.016174,0.002594,4.9207
0.016632,0.0010681,4.9231
0.017242,0.00015259,4.9255
0.0177,-0.00015259,4.9133
0.018463,0.00030518,0.057373
0.019379,0.0010681,0.062256
0.019684,0.0015259,0.061035
0.020142,0.0013733,0.063477
0.018616,0.00076294,0.059814
0.019073,-0.0016785,0.061035
0.020294,-0.0016785,0.059814
0.020752,-0.0016785,0.064697
0.021362,-0.0012207,0.063477
0.02121,-0.00045776,0.063477
0.02121,-0.00061035,0.063477
0.019684,-0.00076294,0.067139
0.020752,-0.0015259,0.078125
0.02121,-0.0018311,0.064697
0.020447,-0.00076294,0.070801
0.020294,0.00015259,0.064697
0.018921,0.0019836,0.046387
0.018005,0.0027466,0.058594
0.017548,0.0038147,0.054932
0.01709,0.0036621,0.053711
0.018158,0.0036621,0.05249
0.018921,0.0039673,0.047607
0.020294,0.0045776,0.050049
0.022125,0.0057983,0.046387
0.022583,0.0067139,0.047607
0.023651,0.0062561,0.046387
0.024414,0.0064087,0.046387
0.024567,0.0048828,0.043945
0.025024,0.005188,0.043945
0.023956,0.0054932,0.048828
0.022278,0.0061035,0.042725
0.021057,0.0054932,0.037842
0.018005,0.004425,0.042725
0.016632,0.0024414,0.024414
0.015564,-0.00076294,0.036621
0.015106,-0.0033569,0.037842
0.015106,-0.0047302,0.039063
0.015106,-0.0056458,0.039063
0.014954,-0.0045776,0.036621
0.014801,-0.0056458,0.042725
0.014801,-0.004425,0.041504
0.014343,-0.0042725,0.043945
0.014648,-0.0057983,0.045166
0.015564,-0.0057983,0.05249
0.016479,-0.0050354,0.05127
0.015869,-0.0041199,0.054932
0.016632,-0.0028992,0.054932
0.016327,-0.0032043,0.057373
0.017548,-0.0036621,0.062256
0.018311,-0.0045776,0.062256
0.019684,-0.0045776,0.073242
0.020905,-0.0033569,0.059814
0.022125,-0.0016785,0.05127
0.023193,0.00015259,0.062256
0.023956,0.0013733,0.061035
0.02594,0.0019836,0.059814
0.027313,0.0018311,0.059814
0.028229,0.0010681,0.063477
0.028687,0.00076294,0.064697
0.029755,0.00076294,0.062256
0.028992,0.00091553,0.065918
0.027161,0.0013733,0.064697
0.025787,0.00061035,0.064697
0.023804,0,0.056152
0.022278,-0.0018311,0.063477
0.021973,-0.0027466,0.062256
0.021667,-0.0022888,0.057373
0.02182,-0.00030518,0.053711
0.020447,0.0019836,0.053711
0.022125,0.0045776,0.048828
0.018463,0.004425,0.048828
0.016937,0.0018311,0.048828
0.016174,-0.0018311,0.045166
0.016479,-0.0033569,0.046387
0.015106,-0.0065613,0.045166
0.017242,-0.0057983,0.042725
0.016785,-0.0064087,0.039063
0.016479,-0.0053406,0.042725
0.016022,-0.0056458,0.039063
0.015717,-0.0071716,0.037842
0.016785,-0.0074768,0.040283
0.018005,-0.007019,0.037842
0.0177,-0.004425,0.039063
0.0177,-0.0018311,0.040283
0.018616,-0.00015259,0.05127
0.018921,0.00030518,0.032959
0.018921,-0.0015259,0.05249
0.021515,-0.0056458,0.041504
0.021362,-0.0042725,0.026855
0.023804,-0.0056458,0.041504
0.024261,-0.0059509,0.043945
0.023804,-0.0057983,0.041504
0.021362,-0.0068665,0.048828
0.021973,-0.0061035,0.048828
0.020142,-0.0068665,0.054932
0.018005,-0.0036621,0.057373
0.017242,-0.0085449,0.061035
0.016937,-0.0085449,0.057373
0.013275,-0.007782,0.061035
0.014496,-0.0065613,0.058594
0.014191,-0.0047302,0.063477
0.015564,-0.0041199,0.072021
0.017242,-0.002594,0.061035
0.019836,-0.0015259,0.057373
0.020142,0.00045776,0.063477
0.02182,0.002594,0.074463
0.017853,0.0054932,0.063477
0.020142,0.0056458,0.046387
0.018768,0.0045776,0.064697
0.018768,0.0015259,0.067139
0.0177,-0.00091553,0.058594
0.017853,-0.0021362,0.063477
0.018768,-0.0024414,0.057373
0.018921,-0.0016785,0.059814
0.019989,-0.00061035,0.05127
0.019989,-0.0016785,0.048828
0.020447,-0.0036621,0.048828
0.019531,-0.0042725,0.05249
0.022125,-0.0050354,4.3872
0.022278,-0.0030518,4.8853
0.024261,-0.00045776,4.9194
0.024109,0.00045776,4.9158
0.023041,0.00015259,4.9207
0.02182,-0.0012207,4.9133
0.02182,-0.004425,4.8975
0.020447,-0.0065613,4.9133
0.020752,-0.0074768,4.9121
0.020142,-0.0073242,4.9036
0.019989,-0.0076294,4.9084
0.019531,-0.007019,4.906
0.019379,-0.0068665,4.9072
0.019989,-0.0076294,4.8999
0.020905,-0.0094604,4.9109
0.022583,-0.0067139,4.9084
0.023651,-0.0045776,4.9133
0.025024,-0.0022888,4.9109
0.024872,-0.00045776,4.9158
0.024414,-0.00030518,4.9121
0.023041,-0.00030518,4.9219
0.022583,-0.0013733,4.9182
0.022278,-0.0012207,4.917
0.023193,0.00091553,4.9316
0.022736,0.0032043,4.9255
0.023346,0.0050354,4.9109
0.023346,0.0050354,4.9353
0.023651,0.0022888,4.9316
0.023346,0.00030518,4.9329
0.019989,0.00030518,4.9304
0.024109,0.00030518,4.928
0.024872,0.0013733,4.9353
0.024414,0.007019,4.9329
0.023041,0.0024414,4.9219
0.020599,0.00045776,4.9316
0.020294,-0.00076294,4.9377
0.018616,-0.0019836,4.9304
0.018616,-0.0018311,4.9353
0.020447,-0.0012207,4.9512
0.02121,0.00015259,4.9377
0.022278,0.0013733,4.9329
0.022125,0.00045776,4.9329
0.022583,-0.0013733,4.9146
0.022125,-0.0038147,4.9255
0.02243,-0.0033569,4.9084
0.022888,-0.0019836,4.9243
0.02243,0.0021362,4.9219
0.023041,0.004425,4.9182
0.022125,0.0047302,4.9194
0.022583,0.002594,4.9158
0.023804,-0.00061035,4.9182
0.02533,-0.00030518,4.9133
0.025635,0.00045776,4.9158
0.027924,0.0022888,4.9121
0.028534,0.0076294,4.9158
0.028534,0.0064087,4.9182
0.029297,0.0067139,4.9146
0.027771,0.0059509,4.9158
0.027771,0.0036621,4.9097
0.027466,0.0061035,4.9158
0.027161,0.0074768,4.9036
0.027161,0.010529,4.9121
0.028687,0.012207,4.9109
0.024567,0.012054,4.9121
0.023956,0.010681,4.9084
0.023193,0.0082397,4.9097
0.021515,0.0068665,4.9109
0.023041,0.0068665,4.9146
0.021515,0.0088501,4.9146
0.02182,0.0079346,4.9219
0.020294,0.0080872,4.9207
0.019073,0.0045776,4.9243
0.018158,0.0013733,4.9255
0.016327,-0.0016785,4.9304
0.01709,0.00015259,4.9377
0.016937,0.0024414,4.9341
0.018158,0.0041199,4.9353
0.019989,0.0059509,4.9316
0.020447,0.0064087,4.9292
0.021515,0.0054932,4.9329
0.02243,0.004425,4.9292
0.023804,0.0035095,4.928
0.025024,0.0036621,4.9329
0.025024,0.0041199,4.9329
0.023956,0.0039673,4.9365
0.025177,0.004425,4.9353
0.024872,0.0038147,4.9377
0.023956,0.0024414,4.9329
0.022125,0.0012207,4.9353
0.022888,0.0018311,4.9353
0.022125,0.0032043,4.9329
0.02243,0.0041199,4.928
0.019836,0.0047302,4.9304
0.020905,0.0042725,4.9329
0.020752,0.0022888,4.9243
0.020905,0.00045776,4.9304
0.021973,0.00076294,4.9219
0.022888,0.0013733,4.9036
0.023804,0.0030518,4.9133
0.024109,0.0039673,4.9207
0.022736,0.0042725,4.9158
0.02243,0.0039673,4.9133
0.02182,0.0024414,4.9097
0.021515,0.00045776,4.9146
0.021973,0.0010681,4.9109
0.022583,0.0027466,4.9109
0.022736,0.0047302,4.9109
0.021515,0.0050354,0.068359
0.021667,0.0048828,0.036621
0.022125,0.0048828,0.041504
0.022736,0.0035095,0.056152
0.024109,0.0045776,0.042725
0.024872,0.0056458,0.046387
0.024567,0.0059509,0.037842
0.023956,0.0064087,0.026855
0.021667,0.0047302,0.042725
0.022278,0.0022888,0.046387
0.020905,0.00015259,0.047607
0.020752,-0.00091553,0.048828
0.02182,-0.00045776,0.041504
0.02243,0,0.056152
0.020294,0.0018311,0.057373
0.019989,0.0022888,0.059814
0.019531,0.0016785,0.059814
0.019073,0.00076294,0.062256
0.019226,-0.00045776,0.062256
0.020599,-0.0015259,0.063477
0.02121,-0.00076294,0.067139
0.02182,-0.00015259,0.062256
0.020752,0.00091553,0.053711
0.019531,-0.00045776,0.064697
0.019684,-0.00015259,0.076904
0.020447,-0.0010681,0.062256
0.021362,-0.00091553,0.054932
0.022888,-0.00015259,0.068359
0.02243,0.0016785,0.067139
0.021667,0.0035095,0.061035
0.020142,0.0047302,0.063477
0.019379,0.0039673,0.056152
0.019684,0.0030518,0.058594
0.020905,0.0016785,0.054932
0.023041,0.0019836,0.053711
0.023041,0.0022888,0.05127
0.022278,0.0024414,0.05249
0.019684,0.0030518,0.05127
0.018005,0.0015259,0.05127
0.0177,-0.00030518,0.056152
0.01709,-0.0019836,0.046387
0.017853,-0.0021362,0.047607
0.018616,-0.0010681,0.042725
0.018921,0.00015259,0.031738
0.019073,0.0013733,0.039063
0.018463,0.00076294,0.039063
0.018921,0,0.039063
0.019684,-0.00091553,0.039063
0.020447,-0.0021362,0.037842
0.02121,-0.0021362,0.037842
0.020447,-0.0016785,0.036621
0.019531,-0.0019836,0.041504
0.016785,-0.0015259,0.036621
0.015411,-0.0030518,0.043945
0.014801,-0.0039673,0.041504
0.017548,-0.0074768,0.042725
0.018463,-0.0050354,0.043945
0.019531,-0.0048828,0.046387
0.021057,-0.00076294,0.05249
0.019989,-0.0019836,0.05249
0.019379,-0.0012207,0.059814
0.019379,-0.0013733,0.057373
0.020294,-0.0016785,0.047607
0.021973,-0.0024414,0.057373
0.022278,-0.0032043,0.056152
0.021667,-0.0022888,0.067139
0.020752,-0.0019836,0.063477
0.018311,-0.0012207,0.059814
0.018311,-0.0019836,0.062256
0.018921,-0.0019836,0.059814
0.020447,-0.0041199,0.063477
0.022736,-0.0039673,0.058594
0.023499,-0.0035095,0.065918
0.022125,-0.0033569,0.062256
0.019836,-0.0016785,0.065918
0.018005,-0.0013733,0.080566
0.017242,-0.0015259,0.064697
0.01709,-0.00076294,0.062256
0.017853,-0.0016785,0.062256
0.019226,-0.0010681,0.048828
0.019073,-0.00015259,0.056152
0.018616,0.0019836,0.056152
0.017242,0.0015259,0.05127
0.016785,0.0010681,0.05249
0.017548,0.00045776,0.047607
0.019226,0.00015259,0.050049
0.020599,0,0.043945
0.022278,0.00091553,0.047607
0.019684,-0.00061035,0.041504
0.018616,-0.0021362,0.046387
0.016937,-0.0030518,0.042725
0.016785,-0.0041199,0.042725
0.019531,-0.005188,0.040283
0.019073,-0.0050354,0.041504
0.020752,-0.0054932,0.047607
0.020294,-0.0042725,0.039063
0.016937,-0.005188,0.05249
0.016479,-0.0064087,0.0354
0.015106,-0.0062561,0.028076
0.016174,-0.010681,0.039063
0.019226,-0.0062561,0.039063
0.018005,-0.0053406,0.036621
0.018005,-0.0036621,0.041504
0.015411,-0.0019836,0.042725
0.01358,-0.0021362,0.043945
0.013123,-0.00045776,0.045166
0.015564,0.00045776,0.054932
0.018768,0.0013733,0.047607
0.023346,0.0027466,0.056152
0.025635,0.0022888,0.057373
0.023956,0.0013733,0.062256
0.023804,0.00076294,0.06958
0.021973,-0.00030518,0.061035
0.022125,-0.0012207,0.061035
0.022888,0.00045776,0.063477
0.023956,-0.00045776,0.063477
0.023956,-0.00030518,0.061035
0.023041,0.0036621,0.054932
0.02182,-0.00045776,3.6768
0.019379,0.00076294,4.8462
0.019379,0.0013733,4.9255
0.020294,0.0022888,4.9341
0.022125,-0.00015259,4.9316
0.023346,0.0015259,4.9292
0.022888,0.0012207,4.9341
0.019836,0.00091553,4.9341
0.017548,0.0012207,4.9316
0.014496,0.0021362,4.9304
0.01358,0.0028992,4.9243
0.01236,0.002594,4.9243
0.016327,0.0013733,4.9353
0.017548,-0.00015259,4.9231
0.017548,-0.0013733,4.9231
0.014954,-0.0013733,4.9194
0.014648,-0.00030518,4.906
0.014343,0.0013733,4.9158
0.016327,-0.0012207,4.9158
0.018768,0.0021362,4.9146
0.020905,0,4.9109
0.020599,-0.0015259,4.9097
0.019684,-0.0036621,4.9109
0.017548,-0.0016785,4.9097
0.017853,0.00045776,4.9084
0.019684,0.0022888,4.906
0.022125,0.0035095,4.9109
0.025787,0.0028992,4.9097
0.027008,0.0027466,4.9158
0.024872,0.002594,4.9133
0.022278,0.0030518,4.9121
0.019073,0.0036621,4.9109
0.016785,0.0041199,4.9097
0.016022,0.0024414,4.9133
0.017242,0.0016785,4.9158
0.018005,-0.00030518,4.906
0.01709,-0.0010681,4.9194
0.014038,-0.0013733,4.9048
0.011749,-0.00045776,4.9194
0.011139,0.0012207,4.9268
0.013275,0.0036621,4.9292
0.017242,0.0035095,4.9316
0.020599,0.0041199,4.9304
0.021973,0.0053406,4.9341
0.02243,0.0048828,4.928
0.020905,0.0062561,4.9329
0.018921,0.0073242,4.9292
0.020142,0.0068665,4.9329
0.02243,0.0062561,4.9414
0.023193,0.004425,4.9353
0.025482,0.0013733,4.9414
0.022888,-0.00030518,4.9377
0.022736,-0.0010681,4.9243
0.021515,-0.00030518,4.9377
0.02121,0.0012207,4.9329
0.023956,0.0027466,4.9304
0.02655,0.00076294,4.9329
0.028839,0.0018311,4.9292
0.028992,-0.0041199,4.9255
0.027008,0.00091553,4.9219
0.025482,0.00061035,4.928
0.023193,0.0030518,4.9182
0.023651,0.0038147,4.9182
0.02121,0.004425,4.9194
0.025177,0.0018311,4.9133
0.024261,-0.0018311,4.9158
0.025482,-0.0027466,4.9194
0.021515,-0.0028992,4.9133
0.021515,-0.0024414,4.9097
0.022125,0.0015259,4.9146
0.022888,0.0024414,4.9133
0.024872,0.0016785,4.9133
0.026703,0.00030518,4.9097
0.02594,-0.00076294,4.9109
0.024719,-0.0013733,4.9097
0.024261,0.00015259,4.9084
0.023041,0.0015259,4.906
0.024261,0.0010681,4.9109
0.025177,0.0019836,4.9084
0.027618,-0.00061035,4.9133
0.027618,-0.0027466,4.9146
0.02655,-0.002594,4.9158
0.024567,-0.0024414,4.9146
0.023651,-0.0013733,4.9207
0.023499,0.00045776,4.9353
0.025024,-0.00045776,4.9207
0.026093,-0.00030518,4.9353
0.028076,-0.0013733,4.9304
0.027466,-0.0010681,4.9109
0.026398,-0.0010681,4.9255
0.023651,0.0013733,4.928
0.023193,0.0024414,4.9304
0.023956,0.0027466,4.9341
0.02594,0.0016785,4.9292
0.027618,-0.00045776,4.9341
0.027161,-0.0012207,4.9316
0.024872,-0.00091553,4.9353
0.023499,0.00076294,4.9292
0.020752,0.0019836,4.939
0.021973,0.0012207,4.9353
0.023346,0.0021362,4.9377
0.025482,0.00045776,4.9414
0.026245,-0.00091553,4.939
0.02594,-0.0021362,4.9353
0.024109,-0.0018311,4.9304
0.022278,0.00030518,4.9353
0.02243,0.0016785,4.9255
0.023193,0.0030518,4.9255
0.024567,0.0015259,0.050049
0.025024,-0.0010681,0.050049
0.024872,-0.002594,0.043945
0.019989,-0.0013733,0.048828
0.019531,0.00045776,0.045166
0.018158,0.0033569,0.045166
0.019379,0.0061035,0.042725
0.022278,0.0061035,0.045166
0.023956,0.0042725,0.039063
0.024872,0.0028992,0.041504
0.024567,0.0013733,0.040283
0.023041,0.0030518,0.042725
0.023041,0.0068665,0.05127
0.023499,0.0091553,0.040283
0.024567,0.011902,0.054932
0.02594,0.007782,0.037842
0.02594,0.0050354,0.031738
0.025635,0.0032043,0.040283
0.024719,0.0032043,0.041504
0.022278,0.0050354,0.040283
0.021057,0.007782,0.041504
0.017395,0.0082397,0.046387
0.022583,0.0062561,0.047607
0.022888,0.0033569,0.048828
0.023499,0.00091553,0.054932
0.022736,-0.00061035,0.05127
0.020447,0.0018311,0.059814
0.019989,0.0039673,0.061035
0.019073,0.0047302,0.061035
0.02243,0.0042725,0.065918
0.022736,0.0024414,0.065918
0.023804,0.00030518,0.062256
0.022736,-0.00015259,0.057373
0.020294,-0.00015259,0.068359
0.018311,0.0021362,0.062256
0.018921,0.002594,0.065918
0.019379,0.0022888,0.059814
0.022736,0,0.062256
0.023499,-0.0019836,0.064697
0.023193,-0.0033569,0.067139
0.021515,-0.0039673,0.063477
0.019836,-0.0039673,0.067139
0.019989,-0.0027466,0.057373
0.021362,-0.0027466,0.061035
0.022888,-0.0013733,0.059814
0.024719,-0.0028992,0.059814
0.024872,-0.0045776,0.05249
0.023804,-0.0048828,0.05249
0.02182,-0.0036621,0.067139
0.023193,-0.00076294,0.05127
0.023956,0.0010681,0.05249
0.02533,0.0042725,0.047607
0.027618,0.0022888,0.03418
0.027466,0.0013733,0.043945
0.027008,0.00045776,0.043945
0.023346,0.00030518,0.042725
0.022736,0.002594,0.040283
0.021515,0.004425,0.039063
0.022125,0.0056458,0.040283
0.022736,0.0059509,0.0354
0.024261,0.0039673,0.041504
0.023346,0.0024414,0.037842
0.021362,-0.0019836,0.042725
0.020599,0.0019836,0.03418
0.018616,0.0035095,0.039063
0.018463,0.005188,0.042725
0.023499,0.0045776,0.042725
0.020294,0.0041199,0.040283
0.020905,0.0021362,0.042725
0.018768,0.00076294,0.047607
0.016174,0.0010681,0.045166
0.015411,0.0027466,0.047607
0.015106,0.0042725,0.054932
0.016785,0.004425,0.053711
0.020294,0.0035095,0.050049
0.022278,0.0013733,0.057373
0.023193,-0.00076294,0.059814
0.02182,-0.0022888,0.061035
0.020294,0.00030518,0.059814
0.019379,0.0022888,0.063477
0.018921,0.0039673,0.058594
0.020599,0.004425,0.065918
0.021667,0.0022888,0.061035
0.020752,0.00061035,0.064697
0.019836,0.00045776,0.065918
0.018158,0.0018311,0.062256
0.0177,0.0048828,0.070801
0.017853,0.0061035,0.065918
0.018158,0.0057983,0.058594
0.018768,0.0035095,0.067139
0.019531,0,0.062256
0.017853,-0.0016785,0.059814
0.015411,-0.0019836,0.058594
0.01358,0.00076294,0.053711
0.011749,0.0030518,0.053711
0.012054,0.0042725,0.050049
0.01297,0.0036621,0.05127
0.013885,0.0013733,0.047607
0.013885,-0.0012207,0.047607
0.013123,-0.0018311,0.05127
0.010986,-0.0013733,0.048828
0.010834,0.00015259,0.042725
0.0094604,0.0018311,0.045166
0.0099182,0.0012207,0.05127
0.013275,-0.00045776,0.039063
0.015106,-0.0024414,0.047607
0.015411,-0.0036621,0.039063
0.014496,-0.0012207,0.036621
0.015106,0.0021362,0.037842
0.015564,0.0054932,0.041504
0.016937,0.0067139,0.040283
0.019379,0.0064087,0.039063
0.021667,0.0030518,0.0354
0.022278,-0.00030518,0.041504
0.021515,-0.0010681,0.036621
0.019989,-0.0010681,0.043945
0.018158,0.00015259,0.037842
0.017853,0.0013733,1.8506
0.018311,0.00045776,4.7375
0.019531,-0.00091553,4.906
0.019836,-0.0028992,4.9316
0.019531,-0.0053406,4.9097
0.018921,-0.005188,4.9243
0.018158,-0.0032043,4.9304
0.017853,-0.00076294,4.9219
0.019073,0.00045776,4.928
0.020599,0.0012207,4.9304
0.021515,-0.00061035,4.9414
0.021515,-0.0016785,4.9304
0.018616,-0.0028992,4.9255
0.0177,-0.002594,4.9329
0.015411,-0.0010681,4.9329
0.015106,0.00030518,4.9341
0.015717,0.00061035,4.9341
0.017242,-0.00015259,4.9377
0.018311,-0.0012207,4.9341
0.018005,-0.0027466,4.9377
0.017853,-0.0022888,4.9341
0.017853,-0.00030518,4.9329
0.018616,0.0016785,4.9414
0.021973,0.0024414,4.9329
0.023193,0.0022888,4.9365
0.024567,0.0010681,4.9255
0.024872,-0.00076294,4.8962
0.023041,-0.00091553,4.9207
0.023499,0.00061035,4.9194
0.023346,0.0028992,4.9182
0.024261,0.0035095,4.9182
0.02594,0.0047302,4.9072
0.02594,0.0015259,4.9158
0.027008,0.00030518,4.9109
0.025787,-0.0010681,4.9133
0.024414,-0.00061035,4.9072
0.023804,0.0013733,4.9133
0.021973,0.0028992,4.9146
0.02182,0.0019836,4.9133
0.021515,0.00030518,4.9121
0.021057,-0.0024414,4.9109
0.020752,-0.004425,4.9072
0.020447,-0.0041199,4.9084
0.019684,-0.0033569,4.9023
0.019226,-0.00091553,4.9109
0.019226,-0.00061035,4.9158
0.020294,-0.0019836,4.9084
0.020905,-0.002594,4.9097
0.020752,-0.0061035,4.9146
0.020294,-0.0086975,4.9182
0.019684,-0.0050354,4.9194
0.019684,-0.002594,4.9243
0.019836,-0.00091553,4.9219
0.02243,0,4.9304
0.024109,-0.00091553,4.9255
0.026398,-0.0015259,4.9304
0.028534,-0.0022888,4.9268
0.030212,-0.00091553,4.9316
0.032959,0.0012207,4.9353
0.034027,0.0027466,4.9353
0.033417,0.004425,4.9402
0.034637,0.0035095,4.9316
0.033569,0.0021362,4.9146
0.032196,0.0012207,4.9243
0.030365,0.00045776,4.9316
0.029449,0.0021362,4.9365
0.026245,0.004425,4.9365
0.025177,0.0074768,4.9329
0.024567,0.0050354,4.9353
0.023956,0.0036621,4.9341
0.023651,0.0022888,4.9316
0.023346,-0.00030518,4.9255
0.023499,0.00076294,4.9292
0.021973,0.0019836,4.9255
0.020752,0.0033569,4.9255
0.018311,0.0035095,4.9304
0.017853,0.0030518,4.9231
0.0177,0.0021362,4.9158
0.017853,0.00045776,4.9219
0.015259,0.00076294,4.9072
0.019379,0.00045776,4.9146
0.019836,0.0019836,4.9146
0.024719,0.0012207,4.9158
0.020599,0.0022888,4.9121
0.021057,0.0012207,4.9084
0.020905,-0.00091553,4.906
0.020752,-0.0016785,4.9097
0.020142,-0.00091553,4.9109
0.019989,0.00015259,4.9036
0.019836,-0.0012207,4.9121
0.020142,0.0010681,4.9097
0.021667,-0.00091553,4.9121
0.02243,-0.002594,4.9097
0.023193,-0.0032043,4.9121
0.023346,-0.0021362,4.9194
0.024109,-0.00015259,4.9133
0.023651,0.0012207,4.9268
0.02182,0.00015259,4.9194
0.020905,-0.00076294,4.9084
0.019989,-0.002594,4.9207
0.019379,-0.0035095,4.9243
0.018921,-0.0041199,4.9219
0.018616,-0.0010681,4.928
0.018616,0.00015259,4.9304
0.0177,0.0013733,4.9329
0.017548,-0.00061035,4.9304
0.016632,-0.0010681,4.9402
0.017395,-0.0021362,4.9304
0.016785,-0.0022888,4.9316
0.016174,-0.0010681,0.063477
0.015717,0.00015259,0.063477
0.016022,0.00030518,0.06958
0.016937,-0.00091553,0.067139
0.015869,-0.0016785,0.064697
0.015717,-0.0035095,0.065918
0.017853,-0.0041199,0.067139
0.018311,-0.0021362,0.063477
0.020447,0.0013733,0.062256
0.020752,0.0027466,0.059814
0.021515,0.0035095,0.058594
0.021057,0.0024414,0.056152
0.02121,0.0010681,0.054932
0.021973,-0.00015259,0.046387
0.020752,-0.0010681,0.054932
0.023041,-0.00061035,0.047607
0.023956,0.00015259,0.048828
0.023651,0.0022888,0.05127
0.023956,-0.00061035,0.046387
0.023956,-0.0010681,0.042725
0.022583,-0.0022888,0.046387
0.024109,-0.0022888,0.056152
0.019684,-0.0016785,0.041504
0.022583,-0.00061035,0.048828
0.02121,-0.00015259,0.041504
0.020142,-0.0015259,0.030518
0.019226,-0.00061035,0.037842
0.018311,-0.0019836,0.037842
0.018616,-0.0027466,0.039063
0.019836,-0.0027466,0.0354
0.018616,-0.0028992,0.036621
0.019226,-0.0018311,0.042725
0.020905,-0.0015259,0.039063
0.0177,-0.0018311,0.042725
0.018311,-0.0030518,0.040283
0.018463,-0.0028992,0.048828
0.018921,-0.0030518,0.048828
0.018005,-0.0012207,0.050049
0.02243,-0.00061035,0.065918
0.023041,-0.00030518,0.054932
0.02243,-0.0013733,0.057373
0.024261,-0.0013733,0.058594
0.024261,-0.0010681,0.05249
0.023193,-0.00061035,0.061035
0.023346,0.00061035,0.059814
0.023041,0.0016785,0.061035
0.02182,0.0021362,0.059814
0.021515,0.00076294,0.058594
0.019836,-0.0013733,0.061035
0.019684,0.00045776,0.057373
0.019073,0.0016785,0.062256
0.019989,0.00045776,0.064697
0.018921,0.0036621,0.068359
0.020447,0.0035095,0.064697
0.020294,0.00091553,0.067139
0.022125,0,0.067139
0.02243,-0.00076294,0.063477
0.023346,-0.0013733,0.070801
0.024414,0.00091553,0.061035
0.025177,0.004425,0.06958
0.026703,0.0015259,0.053711
0.026855,0.00061035,0.045166
0.026245,-0.0045776,0.050049
0.023804,-0.00030518,0.048828
0.022125,0.002594,0.043945
0.02182,0.0062561,0.047607
0.022583,0.0057983,0.036621
0.022736,0.0065613,0.045166
0.022278,0.0059509,0.040283
0.022736,0.0036621,0.042725
0.024872,0.0068665,0.039063
0.026093,0.0083923,0.042725
0.02594,0.0088501,0.041504
0.025482,0.0091553,0.041504
0.026398,0.0086975,0.042725
0.025024,0.0088501,0.041504
0.023041,0.0080872,0.039063
0.020599,0.0076294,0.0354
0.018311,0.0056458,0.03418
0.016785,0.0056458,0.039063
0.018005,0.0047302,0.041504
0.018768,0.0041199,0.040283
0.019836,0.0033569,0.040283
0.021057,0.0030518,0.045166
0.020599,0.0038147,0.050049
0.022278,0.0042725,0.050049
0.022888,0.0056458,0.054932
0.023193,0.0048828,0.05127
0.023499,0.0054932,0.059814
0.021515,0.007019,0.059814
0.02182,0.0071716,0.062256
0.017548,0.007019,0.059814
0.017548,0.0067139,0.063477
0.017548,0.005188,0.070801
0.018311,0.0042725,0.059814
0.018311,0.0032043,0.067139
0.019073,0.0024414,0.063477
0.018921,-0.00015259,0.042725
0.018616,0.00076294,0.059814
0.018768,-0.0016785,0.065918
0.018616,-0.0021362,0.065918
0.018921,-0.0022888,0.065918
0.020294,-0.0013733,0.058594
0.021057,0.00015259,0.065918
0.022278,0.00076294,0.058594
0.023499,0.00045776,0.061035
0.023346,-0.00015259,0.05249
0.022736,-0.00015259,0.057373
0.023193,0.00076294,0.05249
0.023346,0.0018311,0.05127
0.023346,0.0024414,0.054932
0.023041,0.0033569,0.050049
0.02243,0.0041199,0.05127
0.02182,0.0036621,0.046387
0.020752,0.0045776,0.046387
0.022736,0.0053406,0.043945
0.023041,0.0074768,0.053711
0.024414,0.007782,1.8018
0.025787,0.0073242,4.7266
0.024261,0.007019,4.8938
0.023193,0.0067139,4.9072
0.022125,0.0071716,4.906
0.021515,0.0080872,4.9109
0.021515,0.0082397,4.906
0.021362,0.0079346,4.9146
0.020905,0.007019,4.9097
0.020752,0.0053406,4.9121
0.020294,0.0039673,4.9109
0.019379,0.0021362,4.9146
0.020142,0.0019836,4.9243
0.019531,0.0016785,4.9036
0.020142,0.0013733,4.9268
0.019073,0.0016785,4.9207
0.019531,0.00061035,4.9097
0.019836,0.00030518,4.9243
0.019989,0.0012207,4.9231
0.020294,0.0015259,4.9255
0.024567,0.0021362,4.9316
0.021667,0.0027466,4.9268
0.02182,0.00076294,4.9304
0.020752,0.0022888,4.9292
0.019379,0.0021362,4.9365
0.018768,0.0018311,4.9304
0.018158,0.0016785,4.9316
0.0177,0.0030518,4.9304
0.018463,0.0038147,4.9365
0.018616,0.0050354,4.9329
0.018921,0.0048828,4.9353
0.020905,0.004425,4.9377
0.02182,0.0028992,4.9353
0.02182,0.0021362,4.9451
0.021515,0.0015259,4.9353
0.020752,0.0018311,4.9219
0.019836,0.0019836,4.928
0.019073,0.0028992,4.928
0.020142,0.00061035,4.9243
0.017853,-0.00061035,4.9243
0.018158,-0.00061035,4.9194
0.019073,-0.00030518,4.9194
0.020294,0.00030518,4.917
0.022278,0.00091553,4.917
0.023651,0.0019836,4.9158
0.024567,0.0054932,4.9207
0.024567,0.0016785,4.9158
0.023804,0.0013733,4.9158
0.022888,0.0018311,4.9243
0.021973,0.0027466,4.9133
0.020599,0.0033569,4.9109
0.018005,0.0042725,4.9182
0.019379,0.0054932,4.8938
0.018768,0.0028992,4.9084
0.019836,0,4.9097
0.020294,-0.0032043,4.9097
0.021057,-0.0015259,4.9097
0.02243,-0.0030518,4.906
0.023499,-0.002594,4.9133
0.023193,-0.00091553,4.9084
0.023651,-0.0018311,4.9133
0.023499,-0.0024414,4.9146
0.023804,-0.0019836,4.9207
0.022888,-0.0018311,4.9194
0.022583,-0.0019836,4.9219
0.023651,0.0013733,4.9207
0.024414,0.0013733,4.9109
0.02594,-0.00045776,4.9255
0.025635,-0.0010681,4.9304
0.02533,-0.0012207,4.9426
0.023499,-0.00015259,4.9329
0.021515,0.0016785,4.9207
0.020142,0.0024414,4.9365
0.021057,0.0027466,4.9304
0.021515,0.0030518,4.9304
0.02121,0.0019836,4.9329
0.023956,0,4.9316
0.024109,-0.00061035,4.9316
0.024872,0.00091553,4.9329
0.020447,0.0024414,4.9377
0.022888,0.0038147,4.9329
0.021973,0.0047302,4.9353
0.020447,0.0083923,4.9329
0.02121,0.0045776,4.9414
0.022583,0.004425,4.9414
0.022278,0.0035095,4.9304
0.024261,0.0032043,4.928
0.024567,0.0021362,4.9268
0.026245,0.0019836,4.9121
0.026855,0.0036621,4.9207
0.027008,0.0038147,4.9207
0.02655,0.0050354,4.917
0.025024,0.0057983,4.9194
0.023651,0.0056458,4.9158
0.023499,0.0039673,4.9121
0.021973,0.0018311,4.9109
0.021667,0.0010681,4.9146
0.020294,-0.00015259,4.906
0.020599,0,4.9146
0.019531,-0.00091553,4.9133
0.018768,-0.0028992,4.9133
0.018311,-0.0054932,4.906
0.016174,-0.0062561,4.9133
0.016022,-0.0071716,4.9109
0.016022,-0.007019,4.9109
0.01709,-0.004425,4.9121
0.018158,-0.0033569,4.9097
0.019989,-0.0028992,4.8999
0.021973,-0.004425,4.9109
0.024261,-0.0030518,4.9133
0.027313,-0.0028992,0.045166
0.028381,-0.00061035,0.046387
0.03067,0.0012207,0.050049
0.029907,0.0027466,0.054932
0.029755,0.0036621,0.053711
0.029755,0.0036621,0.056152
0.028992,0.0035095,0.056152
0.028381,0.0036621,0.064697
0.026245,0.0033569,0.061035
0.02655,0.00091553,0.063477
0.027008,0.0039673,0.076904
0.02655,0.0033569,0.063477
0.025635,0.0019836,0.063477
0.023956,0.0018311,0.059814
0.02182,-0.0022888,0.048828
0.019226,-0.004425,0.057373
0.016479,-0.0057983,0.061035
0.015259,-0.0071716,0.062256
0.013428,-0.0083923,0.068359
0.012054,-0.0088501,0.062256
0.010834,-0.0091553,0.065918
0.0090027,-0.0094604,0.063477
0.010223,-0.011749,0.059814
0.0088501,-0.012817,0.057373
0.010834,-0.011749,0.058594
0.013275,-0.010223,0.05249
0.016022,-0.010834,0.039063
0.018005,-0.011139,0.053711
0.018158,-0.0093079,0.05127
0.019989,-0.0091553,0.05249
0.02182,-0.0082397,0.050049
0.023346,-0.0099182,0.05249
0.025482,-0.010529,0.043945
0.026093,-0.0091553,0.037842
0.027313,-0.0071716,0.040283
0.026093,-0.0048828,0.040283
0.025177,-0.0019836,0.036621
0.024567,-0.0016785,0.036621
0.023346,-0.0041199,0.036621
0.023651,-0.004425,0.040283
0.022888,-0.0039673,0.037842
0.022125,-0.0027466,0.041504
0.020294,0.0010681,0.036621
0.018158,0.0028992,0.040283
0.016479,0.002594,0.040283
0.015106,0.0027466,0.045166
0.014648,0.0018311,0.054932
0.014038,0.0021362,0.047607
0.013275,0.0036621,0.058594
0.01236,0.004425,0.048828
0.0091553,0.0050354,0.041504
0.0057983,0.0061035,0.057373
0.004425,0.0073242,0.057373
0.0041199,0.0083923,0.054932
0.0061035,0.0088501,0.061035
0.0074768,0.0094604,0.062256
0.0097656,0.0090027,0.062256
0.010986,0.011139,0.058594
0.012054,0.011444,0.061035
0.012512,0.010376,0.059814
0.016022,0.010529,0.061035
0.021362,0.011444,0.064697
0.022278,0.01297,0.064697
0.025482,0.016937,0.065918
0.029602,0.020905,0.065918
0.034332,0.023041,0.070801
0.037842,0.024414,0.067139
0.040894,0.023499,0.076904
0.042572,0.021667,0.063477
0.04364,0.019684,0.061035
0.044098,0.016785,0.057373
0.04425,0.011139,0.057373
0.042267,0.0057983,0.054932
0.037384,0.00015259,0.05249
0.030823,-0.0041199,0.045166
0.023651,-0.0045776,0.05249
0.017242,-0.0027466,0.046387
0.011292,-0.0024414,0.048828
0.0064087,-0.0022888,0.046387
0.0030518,-0.005188,0.046387
-0.00091553,-0.010681,0.042725
-0.0038147,-0.016022,0.043945
-0.0068665,-0.022125,0.05249
-0.0090027,-0.027618,0.041504
-0.0076294,-0.028992,0.037842
-0.0047302,-0.028076,0.040283
0.00030518,-0.025177,0.023193
0.0061035,-0.022125,0.036621
0.012817,-0.013123,0.041504
0.02121,-0.0042725,0.037842
0.029144,0.0082397,0.024414
0.039368,0.018158,0.036621
0.052032,0.025482,0.042725
0.061188,0.028076,0.039063
0.068054,0.025177,0.045166
0.069885,0.0177,0.045166
0.066528,0.010986,0.048828
0.060883,0.0027466,0.047607
0.052948,-0.0036621,0.05249
0.043793,-0.0062561,0.05249
0.036011,-0.0067139,0.056152
0.029907,-0.0057983,0.059814
0.024414,-0.0042725,0.059814
0.025177,-0.00091553,0.074463
0.026398,0.0018311,0.058594
0.027771,0.0086975,0.050049
0.029297,0.010834,0.061035
0.031891,0.013275,0.057373
0.032196,0.014496,0.061035
0.030365,0.014496,0.059814
0.025787,0.0083923,0.062256
0.019989,0.0039673,0.062256
0.014648,0,0.064697
0.010986,-0.0050354,0.067139
0.012054,-0.0067139,0.062256
0.014191,-0.010986,0.067139
0.01709,-0.017395,1.7542
0.019684,-0.017853,4.7449
0.02182,-0.023193,4.9194
0.023346,-0.021973,4.9292
0.024872,-0.018463,4.9255
0.026855,-0.017395,4.9231
0.028839,-0.015564,4.9182
0.031433,-0.0086975,4.917
0.033264,-0.0056458,4.917
0.035858,-0.0035095,4.9158
0.037384,0.0012207,4.9146
0.03891,0.0024414,4.9207
0.041046,0.0028992,4.9146
0.043945,0.004425,4.9109
0.044556,0.00030518,4.9158
0.041809,-0.0048828,4.9072
0.032501,-0.0068665,4.9097
0.028839,-0.012665,4.9084
0.023956,-0.014191,4.9146
0.021362,-0.0097656,4.9072
0.019836,-0.010986,4.9109
0.018616,-0.0076294,4.9231
0.016785,-0.0033569,4.9097
0.016479,0.00061035,4.917
0.015717,0.0061035,4.9121
0.015259,0.011139,4.8975
0.012512,0.01709,4.9146
0.0086975,0.019836,4.9158
0.0057983,0.024719,4.9182
0.0039673,0.026398,4.9194
0.0019836,0.020599,4.9182
-0.00091553,0.023804,4.9243
0.0013733,0.019226,4.928
0.0033569,0.016785,4.9292
0.0079346,0.016785,4.9255
0.011597,0.015717,4.9341
0.013733,0.016785,4.9329
0.015259,0.016479,4.9365
0.014496,0.014191,4.9426
0.013885,0.011902,4.9292
0.013885,0.0082397,4.9304
0.016632,0.0053406,4.9353
0.014496,0.00091553,4.9402
0.014038,-0.00015259,4.9341
0.015259,-0.0035095,4.9109
0.015869,-0.0047302,4.9402
0.016785,-0.0054932,4.9341
0.017548,-0.0056458,4.9329
0.016632,-0.0073242,4.9353
0.018158,-0.00076294,4.9341
0.011902,0.0024414,4.9316
0.007782,0.0067139,4.9231
0.0042725,0.0071716,4.9292
0.0012207,0.0079346,4.9231
-0.00030518,0.0039673,4.9243
0.0015259,0.00091553,4.9219
0.0047302,0.00091553,4.9231
0.010223,0.00015259,4.9304
0.015717,0.0012207,4.9182
0.019989,0.0021362,4.9243
0.023346,0.0022888,4.9158
0.024567,0.0032043,4.9036
0.024414,0.0027466,4.9133
0.023499,0.0036621,4.9109
0.021973,0.0056458,4.9097
0.020142,0.0080872,4.9109
0.019073,0.010376,4.9109
0.018463,0.014343,4.9097
0.018158,0.011902,4.9084
0.020142,0.010681,4.9121
0.023346,0.010376,4.9072
0.028229,0.0090027,4.9133
0.031281,0.010223,4.9121
0.033417,0.0094604,4.9133
0.033569,0.0062561,4.9158
0.032043,0.0010681,4.9182
0.031281,-0.005188,4.9158
0.028381,-0.010986,4.9182
0.026398,-0.016174,4.9207
0.023193,-0.018616,4.9255
0.019836,-0.019531,4.9158
0.018311,-0.020447,4.9231
0.015869,-0.019989,4.9292
0.016785,-0.019836,4.9304
0.018463,-0.018768,4.9304
0.021057,-0.016022,4.9304
0.023193,-0.014038,4.9341
0.03006,-0.010223,4.9316
0.034943,-0.0073242,4.9316
0.038605,-0.0059509,4.9329
0.041809,-0.0056458,4.9341
0.043488,-0.0061035,4.9329
0.044556,-0.0065613,4.939
0.045166,-0.0056458,4.9438
0.043793,-0.0045776,4.9377
0.042572,-0.0024414,4.9426
0.040588,0.00076294,4.9365
0.037842,0.002594,4.9146
0.036163,0.0053406,4.9292
0.034943,0.0067139,4.9231
0.035095,0.0091553,4.9255
0.035706,0.011902,4.9255
0.037994,0.014648,4.9182
0.03891,0.017242,4.9207
0.037384,0.018005,4.9207
0.035095,0.02182,4.9182
0.030823,0.022736,4.9219
0.028076,0.021515,4.9084
0.024261,0.023041,4.9158
0.021667,0.023499,4.9158
0.019836,0.023346,4.9194
0.018311,0.02182,0.045166
0.017395,0.019684,0.040283
0.018158,0.0177,0.041504
0.017395,0.013885,0.025635
0.018005,0.010986,0.037842
0.018311,0.0093079,0.040283
0.017853,0.0071716,0.039063
0.016479,0.007019,0.036621
0.01236,0.0062561,0.036621
0.010376,0.0073242,0.043945
0.007019,0.0074768,0.042725
0.0071716,0.0065613,0.046387
0.007019,0.0057983,0.043945
0.0067139,0.004425,0.05127
0.0088501,0.0041199,0.05249
0.0083923,0.0035095,0.056152
0.0090027,0.0027466,0.057373
0.0076294,0.002594,0.059814
0.0093079,0.0015259,0.062256
0.0097656,0.00030518,0.058594
0.0099182,-0.0013733,0.075684
0.010834,-0.0010681,0.061035
0.011444,-0.0016785,0.050049
0.011749,-0.00015259,0.059814
0.01358,0.00030518,0.054932
0.015106,-0.00015259,0.061035
0.017853,-0.00015259,0.062256
0.018768,-0.0010681,0.062256
0.019989,-0.0016785,0.065918
0.019684,-0.0010681,0.065918
0.019989,-0.00045776,0.068359
0.019684,0.00015259,0.062256
0.02121,0.00091553,0.065918
0.022125,0.0018311,0.064697
0.023346,0.0018311,0.061035
0.024719,0.0032043,0.064697
0.025482,0.004425,0.059814
0.026093,0.0057983,0.048828
0.02655,0.0067139,0.05249
0.025177,0.0071716,0.046387
0.024414,0.0059509,0.047607
0.022125,0.0035095,0.05249
0.019379,-0.00045776,0.040283
0.016785,-0.00030518,0.046387
0.014648,-0.0013733,0.041504
0.01297,-0.0013733,0.041504
0.012207,-0.0016785,0.037842
0.012512,-0.0016785,0.041504
0.013733,-0.0054932,0.036621
0.016022,-0.0068665,0.042725
0.018311,-0.0076294,0.042725
0.020752,-0.0076294,0.043945
0.018463,-0.0059509,0.030518
0.023499,-0.0059509,0.042725
0.023651,-0.0053406,0.043945
0.024567,-0.0057983,0.041504
0.025787,-0.010071,0.05127
0.026703,-0.007782,0.041504
0.027008,-0.0074768,0.026855
0.027771,-0.0061035,0.043945
0.029297,-0.0056458,0.046387
0.030365,-0.0039673,0.05127
0.031891,-0.0030518,0.05249
0.033722,-0.0033569,0.047607
0.034485,-0.0027466,0.057373
0.034485,-0.0012207,0.057373
0.034027,0.00030518,0.061035
0.033264,0.0013733,0.058594
0.030823,0.0012207,0.062256
0.029755,0.0016785,0.061035
0.028381,0.0015259,0.064697
0.026855,0.0018311,0.074463
0.025024,0.0015259,0.062256
0.025482,0.0036621,0.058594
0.021667,0.0057983,0.061035
0.024261,0.007019,0.070801
0.020599,0.0090027,0.063477
0.019836,0.0094604,0.064697
0.019379,0.0093079,0.067139
0.019226,0.0091553,0.064697
0.018158,0.010376,0.061035
0.017548,0.0094604,0.063477
0.017242,0.0093079,0.058594
0.016632,0.0067139,0.058594
0.016479,0.005188,0.05127
0.016785,0.0032043,0.05249
0.017242,0.00076294,0.046387
0.018005,0.00030518,0.053711
0.019836,-0.00061035,0.047607
0.021667,-0.00061035,0.046387
0.023956,-0.0018311,0.053711
0.026703,-0.0022888,0.048828
0.028534,-0.0028992,0.05249
0.030365,-0.0048828,0.041504
0.029907,-0.0068665,0.030518
0.032501,-0.0094604,0.037842
0.032349,-0.0094604,0.0354
0.032349,-0.009613,0.036621
0.032349,-0.0093079,0.0354
0.032196,-0.0094604,0.036621
0.032196,-0.009613,0.039063
0.032806,-0.010071,0.037842
0.033112,-0.010376,0.040283
0.032806,-0.0085449,0.03418
0.03418,-0.0067139,0.041504
0.034027,-0.0059509,0.043945
0.033722,-0.0054932,0.045166
0.031128,-0.0056458,0.046387
0.03006,-0.0045776,0.048828
0.029449,-0.0056458,0.045166
0.026398,-0.0039673,0.050049
0.023804,-0.0024414,0.057373
0.024261,0.00015259,0.056152
0.019836,0.0022888,0.050049
0.018616,0.0018311,0.058594
0.0177,0.0015259,0.11597
0.0177,0.00030518,4.6436
0.018005,0.00045776,4.9097
0.019379,0.0028992,4.9243
0.019531,0.0050354,4.9353
0.022736,0.0056458,4.9255
0.022583,0.0041199,4.9329
0.021515,0.0012207,4.9304
0.020294,-0.0013733,4.9329
0.018921,-0.0019836,4.9316
0.0177,-0.0021362,4.9377
0.016937,-0.0028992,4.9487
0.015411,-0.0038147,4.939
0.013733,-0.0057983,4.9341
0.011902,-0.0085449,4.9329
0.010681,-0.0097656,4.9097
0.012512,-0.009613,4.9231
0.012512,-0.0068665,4.9243
0.014496,-0.0038147,4.9219
0.015259,-0.0024414,4.9207
0.016174,-0.0010681,4.9097
0.014954,-0.0016785,4.9207
0.013428,-0.0033569,4.9133
0.010223,-0.0038147,4.9194
0.010681,-0.0038147,4.9109
0.010376,-0.0024414,4.9158
0.010986,-0.00076294,4.9158
0.010834,-0.00091553,4.9146
0.011139,-0.00030518,4.9097
0.011749,-0.0015259,4.9121
0.013885,0.00091553,4.9133
0.016785,0,4.9109
0.019684,0.0027466,4.9121
0.021973,0.0056458,4.9097
0.02182,0.0079346,4.9121
0.025635,0.0082397,4.9109
0.02533,0.007782,4.9133
0.025635,0.0057983,4.9109
0.027008,0.0045776,4.9121
0.025787,0.0054932,4.9109
0.02655,0.0057983,4.9133
0.027618,0.0074768,4.9146
0.027466,0.0059509,4.9255
0.027161,0.0038147,4.9207
0.027008,0.0010681,4.928
0.02655,-0.00015259,4.9268
0.027161,-0.0013733,4.9304
0.027161,-0.00030518,4.9353
0.027924,0.00030518,4.9316
0.028381,0.00015259,4.9377
0.027924,-0.00091553,4.9329
0.027313,-0.0028992,4.928
0.026855,-0.0048828,4.9329
0.026703,-0.0050354,4.9304
0.027313,-0.0035095,4.928
0.028534,-0.0016785,4.9329
0.027771,0.00030518,4.9329
0.029755,0.00091553,4.9304
0.029755,0.00015259,4.9402
0.031128,0.00091553,4.9402
0.031433,0.0010681,4.9329
0.032959,0.0019836,4.9353
0.033112,0.0030518,4.9341
0.033264,0.0042725,4.9329
0.032196,0.0042725,4.9292
0.029449,0.0033569,4.9292
0.028687,0.0019836,4.9304
0.027161,0.00091553,4.9243
0.026245,0.00061035,4.9219
0.024414,0.0016785,4.9207
0.023651,0.0032043,4.9084
0.023041,0.0047302,4.9133
0.022125,0.0053406,4.917
0.021515,0.0047302,4.9146
0.021362,0.0045776,4.9146
0.022125,0.004425,4.9084
0.022125,0.0047302,4.9146
0.02182,0.0059509,4.9097
0.021515,0.0071716,4.9109
0.020752,0.0059509,4.9109
0.020752,0.0067139,4.9121
0.019531,0.0056458,4.9097
0.018616,0.0062561,4.9133
0.018921,0.0053406,4.9207
0.018921,0.0062561,4.9109
0.019073,0.0076294,4.9207
0.018768,0.0090027,4.9158
0.018616,0.0086975,4.8999
0.018768,0.0073242,4.9158
0.019379,0.0056458,4.9158
0.020142,0.0045776,4.9207
0.02182,0.0053406,4.9219
0.021667,0.007019,4.9207
0.02243,0.0080872,4.9268
0.021973,0.0091553,4.9292
0.022125,0.007782,4.9341
0.02182,0.0065613,4.9292
0.021973,0.0057983,4.9341
0.022888,0.0045776,4.9341
0.023499,0.0054932,4.9329
0.024414,0.0068665,4.9329
0.024261,0.0076294,4.9316
0.024109,0.007019,4.9341
0.024109,0.0048828,4.9341
0.024567,0.0030518,4.9463
0.024872,0.0024414,4.9341
0.025482,0.0027466,4.9365
0.024261,0.004425,4.9377
0.023193,0.0056458,4.9329
0.021667,0.0065613,4.9304
0.021667,0.0056458,4.9329
0.022736,0.004425,0.050049
0.021973,0.0024414,0.057373
0.025482,0.0035095,0.057373
0.026855,0.0047302,0.054932
0.028534,0.0059509,0.047607
0.028229,0.0064087,0.05249
0.027313,0.0056458,0.048828
0.026245,0.0045776,0.048828
0.026093,0.0038147,0.054932
0.026398,0.0032043,0.046387
0.027008,0.0047302,0.047607
0.026855,0.0050354,0.041504
0.026398,0.0059509,0.030518
0.024414,0.0053406,0.042725
0.023651,0.0038147,0.041504
0.023193,0.00091553,0.036621
0.024109,-0.0013733,0.037842
0.022278,-0.0028992,0.037842
0.02182,-0.0042725,0.040283
0.022888,-0.0027466,0.039063
0.016632,-0.0024414,0.039063
0.014343,-0.0027466,0.0354
0.013733,-0.0032043,0.040283
0.013733,-0.0062561,0.043945
0.014954,-0.0045776,0.045166
0.016022,-0.0038147,0.043945
0.016174,-0.0057983,0.047607
0.017395,-0.00061035,0.047607
0.017242,0,0.050049
0.016937,-0.0012207,0.059814
0.017242,-0.0032043,0.057373
0.018158,-0.0042725,0.050049
0.019531,-0.0047302,0.056152
0.019531,-0.0038147,0.061035
0.019379,-0.0018311,0.059814
0.018768,-0.00045776,0.062256
0.018768,0.00030518,0.058594
0.019836,0.00091553,0.063477
0.022583,0.0019836,0.059814
0.02533,0.0012207,0.063477
0.028229,0.0013733,0.059814
0.028687,0.0027466,0.065918
0.027161,0.0027466,0.061035
0.02655,0.0030518,0.065918
0.026855,0.0028992,0.083008
0.027618,0.0028992,0.063477
0.028534,0.0015259,0.064697
0.028839,0.00061035,0.061035
0.028229,0.00076294,0.042725
0.024261,0.0016785,0.053711
0.023956,0.0027466,0.053711
0.02243,0.0036621,0.05249
0.021973,0.0032043,0.05249
0.022583,0.002594,0.042725
0.022888,0.00091553,0.05249
0.023041,0.0012207,0.045166
0.023804,0.0018311,0.048828
0.021362,0.002594,0.040283
0.019989,0.0033569,0.046387
0.019379,0.0028992,0.043945
0.019989,0.0015259,0.040283
0.022125,0.00030518,0.041504
0.022125,-0.00076294,0.041504
0.022583,-0.00076294,0.043945
0.021515,-0.00076294,0.037842
0.020905,-0.00076294,0.042725
0.020294,-0.00076294,0.039063
0.021973,-0.0015259,0.028076
0.02243,-0.0036621,0.039063
0.025177,-0.0045776,0.039063
0.024872,-0.0036621,0.039063
0.024109,-0.0028992,0.040283
0.02182,-0.0018311,0.042725
0.019684,-0.00045776,0.045166
0.019073,-0.00045776,0.042725
0.020142,-0.00045776,0.047607
0.022125,-0.00030518,0.05249
0.024109,0.00045776,0.056152
0.023956,0.0016785,0.058594
0.023499,0.0030518,0.058594
0.022888,0.0028992,0.070801
0.022736,0.0024414,0.061035
0.023499,0.0042725,0.068359
0.023804,0.0035095,0.059814
0.025177,0.0033569,0.058594
0.024414,0.0028992,0.059814
0.021057,0.0019836,0.061035
0.019073,0.00061035,0.061035
0.016785,-0.00076294,0.061035
0.015869,-0.0016785,0.062256
0.018311,-0.00015259,0.063477
0.019684,-0.0019836,0.063477
0.021667,-0.0015259,0.068359
0.02182,-0.0016785,0.062256
0.020294,-0.0019836,0.064697
0.019836,-0.0022888,0.062256
0.019684,-0.002594,0.064697
0.018311,-0.0038147,0.05127
0.021362,-0.0030518,0.057373
0.02243,-0.0027466,0.065918
0.02121,-0.0022888,0.05127
0.020447,-0.00030518,0.059814
0.01709,-0.00076294,0.046387
0.016327,-0.00045776,0.039063
0.018005,-0.0010681,0.043945
0.020905,-0.0018311,0.046387
0.023651,-0.0030518,0.041504
0.025635,-0.0033569,0.039063
0.026093,-0.0054932,0.0354
0.025482,-0.0030518,0.041504
0.02594,-0.0022888,0.037842
0.027161,-0.0022888,0.040283
0.029907,-0.00030518,0.037842
0.031433,-0.00015259,0.042725
0.032043,0.00061035,0.040283
0.031738,0.00045776,0.042725
0.028992,0.00091553,3.6365
0.027008,0.0016785,4.8303
0.02594,0.0024414,4.9023
0.027771,0.0041199,4.9109
0.030518,0.0045776,4.9023
0.029907,0.0038147,4.9146
0.028992,0.0028992,4.8962
0.026703,0.002594,4.9182
0.023499,0.0028992,4.9231
0.021362,0.0048828,4.9207
0.020447,0.0067139,4.9255
0.021667,0.0080872,4.9292
0.022888,0.0099182,4.9365
0.024109,0.0068665,4.9292
0.022278,0.0061035,4.9353
0.020294,0.0053406,4.9304
0.017242,0.0054932,4.9353
0.016327,0.0053406,4.9316
0.014038,0.004425,4.9316
0.01709,0.0016785,4.9377
0.016632,-0.0012207,4.9341
0.014648,-0.0041199,4.9426
0.011749,-0.0057983,4.9316
0.007782,-0.0062561,4.9231
0.0059509,-0.0053406,4.9353
0.0065613,-0.004425,4.9341
0.009613,-0.0050354,4.9292
0.012512,-0.0056458,4.9304
0.014801,-0.007019,4.9292
0.014954,-0.0076294,4.928
0.014954,-0.0068665,4.9243
0.015411,-0.0054932,4.9268
0.016327,-0.0041199,4.9182
0.019684,-0.0041199,4.9133
0.021973,-0.0047302,4.9207
0.022583,-0.0054932,4.9207
0.02182,-0.0053406,4.9182
0.019989,-0.0045776,4.9194
0.018311,-0.0024414,4.9121
0.017853,-0.00030518,4.9121
0.019226,0.0024414,4.9084
0.022583,0.0024414,4.9133
0.024567,0.0019836,4.9109
0.025177,0.0010681,4.9109
0.024567,0,4.9121
0.023193,0.0012207,4.9109
0.02243,0.0033569,4.9097
0.021362,0.0048828,4.906
0.021973,0.0045776,4.9084
0.022736,0.0054932,4.9084
0.020905,0.0041199,4.9146
0.019073,0.0047302,4.9133
0.016022,0.0033569,4.9158
0.013275,0.007782,4.9158
0.011749,0.007019,4.9207
0.013885,0.010986,4.9292
0.016937,0.012054,4.9255
0.019684,0.010681,4.9304
0.021362,0.011597,4.928
0.023346,0.014801,4.9072
0.025024,0.015259,4.9292
0.026855,0.0177,4.9316
0.028229,0.018311,4.9304
0.029907,0.016327,4.9304
0.030365,0.011597,4.928
0.029602,0.0074768,4.9353
0.027771,0.0045776,4.9304
0.021515,0.0036621,4.9329
0.021362,0.0033569,4.9292
0.020905,0.0030518,4.9353
0.022736,0.0010681,4.9292
0.024261,-0.0019836,4.9365
0.025177,-0.0056458,4.9451
0.023651,-0.010071,4.9414
0.020447,-0.014648,4.9316
0.015411,-0.016327,4.9329
0.012512,-0.018616,4.9377
0.011749,-0.018921,4.9243
0.011292,-0.019989,4.9219
0.011597,-0.02243,4.9231
0.010834,-0.023041,4.9133
0.0082397,-0.021362,4.917
0.009613,-0.018311,4.9207
0.011292,-0.012207,4.9158
0.016632,-0.0064087,4.917
0.02594,0.00045776,4.9109
0.032196,0.0047302,4.9133
0.039215,0.0071716,4.9109
0.045166,0.0091553,4.9182
0.047607,0.011444,4.9109
0.048218,0.013275,4.9133
0.048065,0.01358,4.9194
0.048065,0.013733,4.9146
0.046692,0.0090027,4.9207
0.04425,0.0035095,4.9097
0.03952,-0.0010681,4.8987
0.034332,-0.0038147,4.9109
0.027618,-0.0035095,4.9011
0.02243,-0.0015259,4.9084
0.023499,0.0015259,4.9097
0.021362,0.0038147,4.9097
0.022736,0.004425,4.9158
0.024109,0.0059509,4.9158
0.024414,0.0064087,4.9255
0.022583,0.0088501,4.9219
0.023346,0.0097656,4.9255
0.023346,0.0082397,4.9304
0.025177,0.0041199,4.9329
0.026245,-0.0016785,4.9341
0.02655,-0.0074768,4.9304
0.02533,-0.010376,0.059814
0.023499,-0.009613,0.061035
0.021362,-0.0080872,0.068359
0.020905,-0.0061035,0.061035
0.021973,-0.0042725,0.059814
0.024719,-0.0042725,0.058594
0.027161,-0.0047302,0.062256
0.028381,-0.004425,0.063477
0.029449,-0.0039673,0.063477
0.030975,-0.00091553,0.064697
0.031281,0.00076294,0.06958
0.031891,-0.00030518,0.063477
0.032654,0.002594,0.064697
0.032043,0.0010681,0.061035
0.030975,-0.00030518,0.061035
0.026703,-0.00076294,0.056152
0.020599,-0.00015259,0.056152
0.019684,0.0021362,0.064697
0.0177,0.0035095,0.05249
0.0177,0.007019,0.056152
0.018768,0.0018311,0.047607
0.019836,-0.00030518,0.041504
0.019836,-0.0021362,0.041504
0.019531,-0.002594,0.042725
0.016479,-0.00061035,0.040283
0.013733,0.0024414,0.043945
0.013428,0.0028992,0.045166
0.01297,0.0036621,0.041504
0.012512,0.0022888,0.040283
0.011749,0.00015259,0.039063
0.010071,0.0028992,0.030518
0.0094604,0.0016785,0.042725
0.010223,0.0041199,0.040283
0.01297,0.0065613,0.041504
0.017242,0.0065613,0.047607
0.022736,0.0064087,0.039063
0.024261,0.0039673,0.040283
0.023804,0.002594,0.043945
0.022583,0.0021362,0.036621
0.018921,0.0033569,0.045166
0.016632,0.0050354,0.056152
0.016632,0.0047302,0.046387
0.017853,0.0033569,0.054932
0.018768,0.0016785,0.053711
0.019379,-0.00015259,0.057373
0.018158,0,0.059814
0.018463,-0.00091553,0.058594
0.019226,0.0036621,0.058594
0.022125,0.0053406,0.062256
0.024109,0.0050354,0.059814
0.028229,0.0024414,0.062256
0.028992,-0.00045776,0.059814
0.027008,-0.0012207,0.061035
0.022888,-0.00015259,0.06958
0.020752,0.0027466,0.065918
0.019379,0.0056458,0.074463
0.019684,0.0080872,0.062256
0.019836,0.0065613,0.053711
0.019379,0.0053406,0.064697
0.019684,0.0041199,0.063477
0.0177,0.0068665,0.061035
0.019989,0.0067139,0.062256
0.020599,0.0079346,0.058594
0.026398,0.012054,0.059814
0.03067,0.0079346,0.05127
0.033417,0.0061035,0.056152
0.03418,0.0048828,0.048828
0.033112,0.0054932,0.050049
0.030365,0.0074768,0.050049
0.027466,0.010376,0.05249
0.025177,0.012817,0.046387
0.024872,0.012512,0.045166
0.024719,0.011902,0.046387
0.024872,0.009613,0.045166
0.023651,0.0068665,0.039063
0.02182,0.005188,0.041504
0.019379,0.0045776,0.03418
0.018311,0.0032043,0.03418
0.017395,0.00076294,0.039063
0.017548,-0.0033569,0.039063
0.016632,-0.0091553,0.040283
0.014191,-0.014496,0.036621
0.010529,-0.019531,0.039063
0.007019,-0.020142,0.036621
0.0047302,-0.019531,0.040283
0.0054932,-0.018311,0.042725
0.0071716,-0.017548,0.047607
0.010834,-0.017242,0.043945
0.014343,-0.016785,0.050049
0.017548,-0.015411,0.063477
0.02182,-0.013123,0.053711
0.024567,-0.0088501,0.061035
0.028076,-0.0050354,0.057373
0.031891,-0.0042725,0.042725
0.036011,-0.002594,0.061035
0.037231,-0.0035095,0.058594
0.037079,-0.0036621,0.061035
0.035858,-0.0030518,0.061035
0.034332,0.00015259,0.058594
0.033417,0.0045776,0.063477
0.033112,0.007782,0.058594
0.03418,0.0093079,0.061035
0.036163,0.0097656,0.061035
0.036011,0.0093079,0.067139
0.036316,0.0090027,0.064697
0.035553,0.010223,0.070801
0.033112,0.012054,0.073242
0.031586,0.015106,0.064697
0.026855,0.016632,0.067139
0.029602,0.018921,0.059814
0.027771,0.016327,0.070801
0.024719,0.015411,0.054932
0.021362,0.015411,0.05249
0.018616,0.016174,0.05127
0.016022,0.016937,0.048828
0.015869,0.016174,0.046387
0.016327,0.013885,0.043945
0.017395,0.010223,4.2249
0.016937,0.0061035,4.8694
0.016327,0.0032043,4.9072
0.014038,0.00091553,4.9023
0.012207,0.0024414,4.9097
0.011444,0.0030518,4.9158
0.011444,0.0021362,4.9109
0.012054,0.0013733,4.9133
0.012665,-0.00076294,4.9194
0.011444,-0.0015259,4.9158
0.011902,0,4.9133
0.010986,0.0015259,4.9072
0.010834,0.0039673,4.8999
0.012512,0.0039673,4.9133
0.014954,0.0027466,4.9109
0.016937,-0.00030518,4.9109
0.018005,-0.0021362,4.9109
0.018463,-0.0019836,4.9133
0.017853,-0.0015259,4.9146
0.015869,0.0010681,4.9133
0.016022,0.0022888,4.928
0.015564,0.0021362,4.9194
0.016479,0.00045776,4.9268
0.016327,-0.00030518,4.9292
0.014801,-0.00061035,4.9304
0.013885,0.0010681,4.9255
0.012054,0.0035095,4.9329
0.013123,0.005188,4.9341
0.014191,0.0053406,4.9329
0.016327,0.0033569,4.9414
0.018616,-0.00015259,4.9304
0.019989,-0.0013733,4.9097
0.019989,-0.0018311,4.9292
0.020294,-0.0021362,4.9341
0.020142,-0.0013733,4.9329
0.018921,0.00061035,4.9365
0.018005,-0.0033569,4.9353
0.017548,-0.0056458,4.9353
0.018158,-0.0074768,4.9304
0.018616,-0.007782,4.9304
0.018158,-0.0068665,4.9292
0.018616,-0.0045776,4.9304
0.019989,-0.0035095,4.9304
0.020599,-0.0032043,4.928
0.023346,-0.0041199,4.9329
0.02594,-0.0048828,4.9219
0.029144,-0.0050354,4.9146
0.031586,-0.0039673,4.9219
0.032654,-0.0021362,4.9036
0.033417,0,4.9146
0.034485,-0.00015259,4.9146
0.034943,-0.00091553,4.9133
0.034637,-0.0022888,4.9109
0.034637,-0.0030518,4.9097
0.033569,-0.0016785,4.9097
0.033112,-0.00030518,4.9084
0.032043,0.002594,4.9097
0.032196,0.0033569,4.9072
0.032043,0.0036621,4.9146
0.032043,0.0027466,4.9109
0.032043,0.0013733,4.9133
0.031738,0.00061035,4.9097
0.031586,0.00076294,4.9121
0.030365,0.0013733,4.9158
0.029449,0.0024414,4.9158
0.027313,0.0021362,4.9243
0.027008,0.00076294,4.9158
0.024109,-0.00045776,4.9084
0.02182,-0.0013733,4.9243
0.020142,0.0033569,4.9219
0.0177,0.0018311,4.9207
0.016022,0.0030518,4.928
0.014801,0.0038147,4.928
0.013275,0.0015259,4.9243
0.012207,-0.00030518,4.9304
0.012054,-0.0016785,4.9341
0.012512,-0.0038147,4.928
0.01358,-0.00061035,4.9304
0.011902,0.00091553,4.9304
0.011444,0.00061035,4.9341
0.010834,-0.00030518,4.9414
0.010071,-0.0022888,4.9365
0.0093079,-0.0038147,4.9377
0.010834,-0.0039673,4.9341
0.013275,-0.0018311,4.9353
0.014648,-0.0022888,4.9341
0.016632,-0.0013733,4.9316
0.020752,-0.0027466,4.9316
0.02182,-0.0039673,4.9304
0.022583,-0.0056458,4.9292
0.024261,-0.0067139,4.928
0.025635,-0.0065613,4.9207
0.026093,-0.0080872,4.9255
0.025787,-0.0056458,4.9207
0.024414,-0.0067139,4.9048
0.021973,-0.0085449,4.9194
0.023041,-0.0091553,4.9219
0.021515,-0.010681,4.9109
0.022278,-0.01236,4.9182
0.02243,-0.010834,4.9207
0.023041,-0.0093079,4.9146
0.022736,-0.0076294,4.9207
0.022125,-0.0086975,4.9097
0.022888,-0.0053406,4.9023
0.022583,-0.0050354,4.9084
0.023346,-0.0030518,4.8987
0.024109,-0.0013733,4.9084
0.024872,0.0028992,4.9097
0.025482,0.0059509,4.9048
0.027313,0.007019,0.041504
0.027008,0.0068665,0.036621
0.028534,0.0062561,0.043945
0.029449,0.0050354,0.041504
0.031128,0.0039673,0.047607
0.033417,0.0045776,0.047607
0.033875,0.0048828,0.047607
0.033112,0.0041199,0.062256
0.031281,0.0030518,0.053711
0.028839,0.0012207,0.057373
0.026093,-0.00061035,0.058594
0.024261,-0.00076294,0.047607
0.02243,0.002594,0.057373
0.019989,0.00045776,0.062256
0.0177,0.00076294,0.062256
0.013733,0.00045776,0.062256
0.013123,-0.0015259,0.057373
0.010681,-0.0028992,0.063477
0.010223,-0.0045776,0.059814
0.009613,-0.0042725,0.062256
0.010376,-0.0039673,0.061035
0.0085449,-0.0036621,0.067139
0.0085449,-0.0042725,0.064697
0.007019,-0.0053406,0.067139
0.0082397,-0.0067139,0.06958
0.010376,-0.0068665,0.067139
0.010834,-0.0059509,0.067139
0.01236,-0.004425,0.061035
0.013733,-0.0022888,0.073242
0.015106,-0.0012207,0.047607
0.015717,-0.00045776,0.040283
0.017853,-0.00030518,0.053711
0.019531,0.0010681,0.050049
0.02182,0.0018311,0.042725
0.025177,0.0041199,0.042725
0.02533,0.0057983,0.043945
0.025787,0.0057983,0.047607
0.023041,0.0062561,0.041504
0.02655,0.004425,0.036621
0.02655,0.0039673,0.039063
0.027161,0.0045776,0.042725
0.027313,0.0054932,0.041504
0.02655,0.0045776,0.041504
0.026398,0.0033569,0.047607
0.025787,0.0019836,0.042725
0.024567,-0.00015259,0.046387
0.024567,-0.0012207,0.039063
0.024414,-0.0019836,0.029297
0.024261,-0.0035095,0.0354
0.025787,-0.004425,0.039063
0.025024,-0.0039673,0.036621
0.025024,-0.0035095,0.041504
0.02533,-0.0032043,0.042725
0.026245,-0.0030518,0.045166
0.027008,-0.0019836,0.045166
0.028534,-0.0024414,0.05249
0.03006,-0.0018311,0.05127
0.029297,-0.00091553,0.057373
0.032196,0.00045776,0.058594
0.032959,0.0012207,0.057373
0.0354,0.0013733,0.056152
0.035858,0.0021362,0.061035
0.036316,0.0018311,0.065918
0.036469,0.0033569,0.063477
0.036316,0.0048828,0.072021
0.036163,0.0054932,0.061035
0.035553,0.0071716,0.045166
0.032806,0.0074768,0.059814
0.032196,0.0071716,0.061035
0.031128,0.0073242,0.063477
0.030975,0.0068665,0.067139
0.028687,0.0065613,0.05249
0.027161,0.0059509,0.068359
0.025024,0.005188,0.063477
0.022583,0.0036621,0.064697
0.020752,0.0032043,0.056152
0.019379,0.0030518,0.061035
0.018005,0.0027466,0.058594
0.016479,0.0027466,0.054932
0.014954,0.0027466,0.063477
0.013733,0.0027466,0.05127
0.012665,0.0016785,0.047607
0.010529,0,0.047607
0.011597,-0.00015259,0.03418
0.010071,0,0.043945
0.009613,0.00015259,0.045166
0.0099182,0,0.041504
0.011444,0.00045776,0.041504
0.012817,0.00076294,0.037842
0.01297,0.00061035,0.039063
0.013885,0.0030518,0.0354
0.016327,0.0036621,0.040283
0.017853,0.004425,0.031738
0.019836,0.0028992,0.042725
0.019989,0.0054932,0.040283
0.021515,0.0053406,0.041504
0.020752,0.0059509,0.040283
0.020599,0.0062561,0.042725
0.022278,0.0065613,0.048828
0.023346,0.0064087,0.043945
0.022583,0.0050354,0.057373
0.021973,0.0038147,0.043945
0.020752,0.0024414,0.036621
0.020447,0.0021362,0.045166
0.018768,0.0015259,0.053711
0.018921,0.0012207,0.05249
0.019379,0.0015259,0.058594
0.019379,0.00091553,0.053711
0.019989,-0.00045776,0.058594
0.020752,-0.0015259,0.057373
0.02121,-0.0018311,0.065918
0.020905,-0.00091553,0.061035
0.021515,0,0.063477
0.023193,0.0016785,0.063477
0.024567,0.0036621,0.062256
0.024872,0.0038147,0.068359
0.025482,0.0042725,0.065918
0.025787,0.0053406,3.772
0.026093,0.0064087,4.8425
0.025635,0.0065613,4.9341
0.026093,0.0071716,4.9353
0.028381,0.0065613,4.9353
0.028381,0.0061035,4.9316
0.026093,0.0053406,4.9316
0.029907,0.0048828,4.928
0.028992,0.005188,4.9292
0.028076,0.0056458,4.9231
0.026093,0.0056458,4.9268
0.026093,0.0057983,4.9194
0.024109,0.0048828,4.9194
0.021057,0.0045776,4.9194
0.018158,0.0012207,4.9182
0.015717,0,4.9158
0.01358,-0.00091553,4.9158
0.013733,-0.00091553,4.9268
0.010071,0,4.9158
0.010986,-0.0013733,4.917
0.0094604,-0.0021362,4.9121
0.0097656,-0.002594,4.8914
0.0094604,-0.0039673,4.9072
0.010071,-0.0042725,4.9109
0.010986,-0.0028992,4.9109
0.010071,-0.0038147,4.9072
0.01297,-0.0032043,4.9048
0.014343,-0.0030518,4.9109
0.015717,-0.0041199,4.895
0.015106,-0.0027466,4.9133
0.018616,-0.00091553,4.9097
0.019989,-0.00015259,4.917
0.021515,0.0062561,4.9158
0.023041,0.0021362,4.9182
0.024414,0.002594,4.9219
0.027008,0.0019836,4.9231
0.02533,0.0012207,4.9243
0.025024,0.00061035,4.9304
0.024872,0.00045776,4.9365
0.024109,0.00045776,4.9304
0.023346,0.0018311,4.9255
0.023956,0.002594,4.9329
0.023499,0.0036621,4.9292
0.021667,0.0035095,4.928
0.023499,0.0036621,4.9316
0.023041,0.0038147,4.9292
0.023651,0.0035095,4.9329
0.023651,0.004425,4.9304
0.023346,0.0027466,4.9377
0.022736,0.0012207,4.9292
0.024109,-0.0050354,4.9365
0.020905,-0.00030518,4.9329
0.020905,-0.00061035,4.9365
0.021057,-0.00030518,4.9426
0.024414,0.00091553,4.9304
0.02121,0.00030518,4.9341
0.021973,0.00030518,4.928
0.022888,-0.0018311,4.9109
0.023651,-0.0010681,4.9231
0.024109,-0.0019836,4.9207
0.023956,-0.0022888,4.9133
0.024109,-0.002594,4.9194
0.024719,-0.0024414,4.9182
0.023041,-0.0030518,4.9146
0.022736,-0.0024414,4.9109
0.022736,-0.0024414,4.9146
0.021362,-0.0018311,4.906
0.020447,-0.0015259,4.9121
0.020294,-0.0012207,4.9133
0.020142,-0.0022888,4.9133
0.019989,-0.0012207,4.9072
0.018921,-0.0012207,4.9182
0.021667,-0.0010681,4.9109
0.021515,-0.00091553,4.9097
0.021667,-0.00076294,4.9109
0.02182,0,4.9109
0.021667,0.0013733,4.9109
0.020599,0.00030518,4.9109
0.019836,0.00061035,4.9158
0.019073,0.00061035,4.9121
0.016479,0.0015259,4.9158
0.017853,0.0015259,4.9146
0.018005,0.00091553,4.9207
0.018005,0.00061035,4.9219
0.018005,0.00091553,4.9268
0.018005,-0.00030518,4.9243
0.018768,0.00030518,4.9304
0.020447,0.0047302,4.928
0.0177,-0.00015259,4.9329
0.0177,-0.00061035,4.9414
0.018005,-0.00091553,4.9353
0.016327,-0.0010681,4.9365
0.015564,-0.0019836,4.9341
0.015564,-0.0021362,4.917
0.015564,-0.0027466,4.9304
0.016632,-0.0022888,4.9316
0.017853,-0.0015259,4.9329
0.019379,-0.00030518,4.9219
0.020905,-0.00030518,4.9329
0.021515,-0.00091553,4.939
0.022125,-0.0010681,4.9365
0.02182,-0.0012207,4.9341
0.02182,-0.0019836,4.9304
0.021667,-0.0021362,4.9353
0.023041,-0.00015259,4.9243
0.022888,0.00030518,4.9268
0.023041,0.00076294,4.928
0.021973,0.00015259,4.9243
0.022888,-0.00030518,4.9243
0.023804,-0.0013733,0.05127
0.024872,-0.00015259,0.05127
0.02533,0.00015259,0.045166
0.02533,0,0.048828
0.02533,-0.0024414,0.042725
0.02533,-0.00091553,0.041504
0.024109,-0.0010681,0.040283
0.023346,0.00015259,0.040283
0.022736,0.0012207,0.036621
0.023346,0.0027466,0.040283
0.024261,0.0036621,0.037842
0.023804,0.0035095,0.042725
0.02243,0.0027466,0.039063
0.021973,0.0016785,0.040283
0.020752,0.00045776,0.040283
0.020294,-0.0012207,0.037842
0.019836,-0.0012207,0.05249
0.019379,-0.0010681,0.045166
0.018616,-0.00061035,0.058594
0.016632,-0.00030518,0.043945
0.014648,-0.0016785,0.036621
0.013885,-0.0024414,0.05127
0.013885,-0.0033569,0.048828
0.015106,-0.0036621,0.05249
0.016022,-0.004425,0.061035
0.016327,-0.0047302,0.059814
0.015564,-0.0057983,0.059814
0.015106,-0.0047302,0.059814
0.013885,-0.0047302,0.065918
0.014191,-0.0042725,0.057373
0.014954,-0.0035095,0.062256
0.016022,-0.002594,0.063477
0.016174,-0.0018311,0.063477
0.018311,-0.00061035,0.068359
0.018463,-0.00076294,0.064697
0.019226,-0.00061035,0.065918
0.020447,-0.0010681,0.064697
0.020905,-0.0021362,0.073242
0.02182,-0.002594,0.067139
0.022125,-0.0033569,0.06958
0.021973,-0.0036621,0.061035
0.022125,-0.0033569,0.061035
0.021362,-0.0030518,0.056152
0.019836,-0.0024414,0.054932
0.019073,-0.0018311,0.050049
0.019073,-0.0024414,0.054932
0.018768,-0.0015259,0.047607
0.018768,-0.0012207,0.042725
0.01709,-0.0016785,0.048828
0.018921,-0.00076294,0.048828
0.017548,-0.0015259,0.042725
0.016479,-0.0016785,0.043945
0.016632,-0.00061035,0.054932
0.017548,-0.00045776,0.045166
0.019379,0.0010681,0.047607
0.020905,0.002594,0.040283
0.021667,0.0027466,0.025635
0.02182,0.0032043,0.036621
0.022278,0.0030518,0.040283
0.02243,0.0030518,0.039063
0.022888,0.002594,0.037842
0.023499,0.0032043,0.0354
0.024719,0.0028992,0.040283
0.025482,0.0019836,0.039063
0.02594,0.0010681,0.042725
0.024872,-0.00091553,0.040283
0.024109,-0.002594,0.046387
0.023651,-0.0032043,0.045166
0.02243,-0.0035095,0.05127
0.021973,-0.0038147,0.054932
0.020752,-0.0036621,0.053711
0.019989,-0.0042725,0.053711
0.018616,-0.0045776,0.056152
0.017395,-0.0045776,0.065918
0.017395,-0.0086975,0.059814
0.017853,-0.0038147,0.057373
0.018463,-0.0033569,0.062256
0.019531,-0.0032043,0.061035
0.020599,-0.0030518,0.059814
0.021362,-0.0039673,0.061035
0.019989,-0.0036621,0.058594
0.018616,-0.0033569,0.063477
0.0177,-0.0024414,0.062256
0.016632,-0.0019836,0.064697
0.016937,-0.00091553,0.062256
0.018463,-0.00045776,0.06958
0.019226,0,0.065918
0.020142,0,0.067139
0.021973,-0.00045776,0.070801
0.024261,-0.00061035,0.061035
0.026093,-0.00076294,0.061035
0.027313,-0.00061035,0.056152
0.028381,-0.00045776,0.039063
0.028076,-0.0013733,0.05249
0.027466,-0.0013733,0.047607
0.024567,-0.0016785,0.046387
0.023193,-0.0021362,0.046387
0.022583,-0.0019836,0.046387
0.021515,-0.0012207,0.043945
0.022583,0.00045776,0.045166
0.023193,0.0012207,0.045166
0.021973,0.00061035,0.039063
0.023346,-0.0010681,0.041504
0.023499,-0.0024414,0.043945
0.024109,-0.002594,0.041504
0.023956,-0.0024414,0.0354
0.022736,-0.0013733,0.040283
0.023651,-0.00045776,0.043945
0.020905,0.00015259,0.039063
0.022278,-0.00076294,0.041504
0.02182,-0.00091553,0.039063
0.022278,-0.0038147,0.029297
0.022888,-0.00091553,0.036621
0.024109,0.00030518,0.037842
0.025024,0.0012207,0.043945
0.027008,0.0018311,0.046387
0.026703,0.0021362,0.046387
0.027618,0.0019836,1.0376
0.028076,0.0022888,4.696
0.028839,0.0030518,4.9097
0.029297,0.0033569,4.9219
0.029602,0.0045776,4.9292
0.028687,0.0056458,4.9268
0.027771,0.0045776,4.9329
0.025177,0.0053406,4.9426
0.023346,0.0053406,4.9329
0.023346,0.0057983,4.9316
0.023346,0.0059509,4.9316
0.023804,0.0073242,4.9231
0.024261,0.0086975,4.9316
0.024719,0.010529,4.9329
0.024261,0.0097656,4.9341
0.023956,0.0094604,4.9353
0.024261,0.007782,4.9329
0.021362,0.007019,4.9365
0.022278,0.0064087,4.9329
0.020752,0.0079346,4.9329
0.018463,0.0057983,4.9255
0.01709,0.0032043,4.9304
0.016327,0.002594,4.9255
0.015869,0.0016785,4.9255
0.017395,0.0010681,4.9243
0.01709,0.0028992,4.9219
0.018768,0.005188,4.928
0.019073,0.0059509,4.9194
0.019836,0.0056458,4.9292
0.018921,0.0042725,4.9158
0.018463,0.002594,4.9011
0.018463,0.0024414,4.9146
0.019226,0.0022888,4.9121
0.018921,0.0036621,4.9097
0.019684,0.0054932,4.9133
0.019684,0.010529,4.9084
0.02243,0.0042725,4.9109
0.018921,0.0036621,4.906
0.019989,0.0032043,4.9133
0.020905,0.0016785,4.9097
0.02243,0.0039673,4.9133
0.023041,0.0038147,4.9109
0.023956,0.0028992,4.9146
0.023956,0.0012207,4.9207
0.023499,0.00076294,4.9133
0.024414,0.00030518,4.9207
0.025482,0.00061035,4.9158
0.027313,0.0024414,4.9109
0.027924,0.0038147,4.9207
0.028534,0.0053406,4.9207
0.027618,0.0057983,4.9243
0.025787,0.0053406,4.9255
0.02594,0.0042725,4.928
0.025787,0.0062561,4.9304
0.025635,0.0041199,4.9304
0.026703,0.0038147,4.9341
0.026093,0.0054932,4.9255
0.023956,0.0065613,4.9304
0.023651,0.0062561,4.9304
0.021973,0.0059509,4.9329
0.02182,0.0056458,4.928
0.022736,0.0056458,4.9377
0.021515,0.0073242,4.9426
0.022125,0.007782,4.939
0.021362,0.0082397,4.9438
0.020599,0.0079346,4.9377
0.019379,0.0065613,4.9255
0.019531,0.0038147,4.9316
0.020447,0.0019836,4.9329
0.019684,0.00045776,4.9304
0.019684,0.00045776,4.9255
0.019226,0.0013733,4.9207
0.018616,0.00091553,4.9207
0.017548,0.0022888,4.9194
0.016479,0.0019836,4.9194
0.016479,0.0010681,4.917
0.016937,-0.00030518,4.9158
0.017395,-0.00045776,4.917
0.017548,-0.00015259,4.8987
0.017548,-0.00015259,4.9207
0.017395,0.0016785,4.9097
0.01709,0.0016785,4.9097
0.017242,0.0015259,4.9133
0.0177,0.0010681,4.8901
0.018463,0.0021362,4.9084
0.018158,0.002594,4.9121
0.019379,0.0050354,4.9109
0.018616,0.0054932,4.9097
0.018616,0.0054932,4.9084
0.018158,0.004425,4.9121
0.018768,0.0028992,4.9109
0.019531,0.0028992,4.9146
0.019836,0.0024414,4.9109
0.019531,0.0030518,4.9182
0.018463,0.0033569,4.9146
0.016937,0.0033569,4.9219
0.016632,0.0028992,4.9207
0.016632,0.0013733,4.9243
0.016632,0.00045776,4.928
0.017853,0.00045776,4.9292
0.018005,0.00015259,4.939
0.01709,0.00076294,4.9329
0.016479,0.00076294,4.9121
0.014496,0.00030518,4.9316
0.015106,0.00045776,4.928
0.016937,-0.00030518,4.9255
0.017242,0.00030518,4.9304
0.017395,0.00015259,4.9353
0.017548,0.00030518,4.9219
0.016632,0.0015259,0.062256
0.016632,0.0021362,0.068359
0.017395,0.0022888,0.063477
0.019073,0.00091553,0.06958
0.019226,0,0.064697
0.021057,-0.00030518,0.068359
0.019989,-0.0010681,0.06958
0.019989,-0.0010681,0.064697
0.018311,-0.00091553,0.058594
0.020599,-0.0012207,0.054932
0.02121,-0.0013733,0.046387
0.022583,-0.0012207,0.053711
0.022583,-0.0010681,0.047607
0.02182,-0.0013733,0.046387
0.021362,-0.00061035,0.048828
0.020599,0.00045776,0.045166
0.019531,0.0013733,0.042725
0.018463,0.0010681,0.043945
0.018921,0.00076294,0.046387
0.018311,0.00015259,0.039063
0.018463,-0.00076294,0.040283
0.018158,-0.00076294,0.043945
0.018768,-0.00045776,0.047607
0.017395,-0.00030518,0.040283
0.016327,-0.00030518,0.039063
0.015869,-0.0010681,0.047607
0.016174,-0.00030518,0.041504
0.016327,-0.0016785,0.047607
0.016937,-0.00061035,0.037842
0.017395,0.0019836,0.036621
0.018616,0.0027466,0.040283
0.020142,0.0057983,0.041504
0.020599,0.005188,0.045166
0.021515,0.0035095,0.045166
0.022888,0.0012207,0.045166
0.023804,0.00030518,0.043945
0.024109,0.00045776,0.053711
0.023651,0.00030518,0.053711
0.022125,-0.0010681,0.054932
0.020447,-0.0027466,0.063477
0.018463,-0.0056458,0.063477
0.017548,-0.0080872,0.061035
0.016937,-0.0074768,0.075684
0.016174,-0.0065613,0.061035
0.016785,-0.0083923,0.061035
0.016785,-0.004425,0.061035
0.017548,-0.0050354,0.058594
0.018005,-0.0062561,0.058594
0.019226,-0.0073242,0.064697
0.020142,-0.0054932,0.064697
0.020294,-0.0076294,0.063477
0.019836,-0.0068665,0.063477
0.018921,-0.0053406,0.063477
0.019989,-0.0042725,0.062256
0.019684,-0.0042725,0.062256
0.020447,-0.0050354,0.054932
0.019379,-0.0047302,0.059814
0.022736,-0.0045776,0.05127
0.022583,-0.0036621,0.053711
0.026398,-0.0015259,0.05249
0.026398,-0.00045776,0.05127
0.029449,0.00045776,0.057373
0.030823,0.00030518,0.048828
0.031586,-0.00076294,0.058594
0.033264,-0.0015259,0.043945
0.031738,-0.0024414,0.039063
0.031586,-0.0027466,0.039063
0.031281,-0.0013733,0.036621
0.029449,-0.0016785,0.037842
0.027771,-0.0016785,0.040283
0.02594,-0.002594,0.037842
0.023499,-0.0032043,0.036621
0.022888,-0.0035095,0.037842
0.022278,-0.0033569,0.040283
0.021973,-0.0021362,0.037842
0.022583,-0.0013733,0.041504
0.021973,-0.0015259,0.041504
0.022125,-0.0039673,0.041504
0.022583,-0.0059509,0.045166
0.022888,-0.0065613,0.042725
0.021515,-0.0061035,0.046387
0.019989,-0.0038147,0.045166
0.017853,-0.002594,0.043945
0.017548,-0.0013733,0.05127
0.016479,-0.0021362,0.059814
0.01709,-0.0041199,0.054932
0.017395,-0.0059509,0.056152
0.017853,-0.0054932,0.057373
0.019531,-0.0039673,0.062256
0.019379,-0.0024414,0.056152
0.02182,-0.0027466,0.063477
0.02243,-0.0030518,0.058594
0.022736,-0.005188,0.061035
0.021973,-0.0074768,0.058594
0.020905,-0.007019,0.062256
0.020142,-0.0056458,0.061035
0.020294,-0.0035095,0.063477
0.018311,-0.0019836,0.073242
0.019073,-0.0015259,0.065918
0.018616,-0.002594,0.062256
0.017548,-0.0030518,0.065918
0.01709,-0.0027466,0.046387
0.019226,-0.00061035,0.062256
0.020599,0.0024414,0.056152
0.020752,0.007019,0.056152
0.020599,0.0050354,0.053711
0.019073,0.0027466,0.050049
0.018005,0.00015259,0.053711
0.019073,-0.00076294,0.047607
0.018616,-0.0016785,0.042725
0.019989,-0.00030518,0.043945
0.021057,0.0010681,0.050049
0.021973,0.0030518,0.043945
0.02182,0.0021362,0.046387
0.020447,-0.0012207,0.047607
0.020447,-0.0045776,0.042725
0.019073,-0.0062561,0.042725
0.019226,-0.0048828,2.76
0.019989,-0.0028992,4.7717
0.021515,-0.00076294,4.8962
0.019073,-0.00015259,4.9243
0.020905,-0.0013733,4.9109
0.020142,-0.002594,4.906
0.020294,-0.0038147,4.9048
0.021057,-0.0019836,4.9097
0.021973,-0.00061035,4.906
0.023346,-0.00015259,4.9084
0.023956,0.00076294,4.9084
0.023956,-0.0013733,4.9182
0.023499,-0.0039673,4.9133
0.023041,-0.007019,4.9109
0.022583,-0.0080872,4.9268
0.023651,-0.0062561,4.9268
0.024261,-0.0042725,4.9316
0.026093,-0.0035095,4.9268
0.024261,-0.0033569,4.9353
0.022888,-0.004425,4.9329
0.022583,-0.0053406,4.9231
0.021973,-0.0053406,4.9292
0.023499,-0.0033569,4.9292
0.024261,-0.00045776,4.9304
0.024872,0.00045776,4.9304
0.025024,0.00045776,4.9304
0.024414,-0.00091553,4.9353
0.023956,-0.0028992,4.9329
0.025177,-0.004425,4.9365
0.024414,-0.0035095,4.9341
0.023651,-0.0022888,4.9377
0.023193,-0.00061035,4.9353
0.021973,0.00030518,4.9365
0.019684,-0.00045776,4.9341
0.019226,-0.0021362,4.9316
0.020142,-0.0039673,4.9304
0.021362,-0.0033569,4.9292
0.022125,-0.0018311,4.9329
0.022278,0,4.9231
0.023956,0.0018311,4.9158
0.022888,0.0018311,4.9182
0.022278,0,4.9194
0.022278,-0.0012207,4.9182
0.023956,-0.0015259,4.9158
0.022583,0.00030518,4.9109
0.02182,0.0028992,4.9072
0.02182,0.0061035,4.9146
0.02243,0.0067139,4.9109
0.023193,0.0053406,4.9109
0.023499,0.002594,4.9158
0.024872,0.00045776,4.9121
0.025635,-0.00015259,4.9146
0.02533,0.0010681,4.9219
0.025024,0.0024414,4.9084
0.023651,0.0036621,4.9146
0.022888,0.0033569,4.9097
0.022125,0.0032043,4.8999
0.023499,0.0028992,4.9133
0.023499,0.0032043,4.9109
0.025024,0.0050354,4.9146
0.02533,0.007019,4.9158
0.02533,0.0076294,4.9182
0.024414,0.0080872,4.9194
0.023956,0.0062561,4.9243
0.023346,0.0048828,4.928
0.023346,0.0041199,4.9243
0.023193,0.0039673,4.9341
0.02182,0.0048828,4.9353
0.02121,0.0074768,4.9329
0.019684,0.0086975,4.9365
0.019379,0.0090027,4.9353
0.018768,0.007782,4.9304
0.019379,0.0056458,4.9365
0.020142,0.0038147,4.9438
0.021362,0.0041199,4.9329
0.02243,0.0050354,4.9194
0.022125,0.0054932,4.9316
0.02243,0.0057983,4.9377
0.02243,0.005188,4.9353
0.02243,0.0039673,4.9377
0.020599,0.0033569,4.9341
0.023193,0.0042725,4.9316
0.022736,0.0064087,4.9292
0.022583,0.0094604,4.9304
0.021362,0.010529,4.9268
0.020447,0.010376,4.9255
0.019989,0.0094604,4.9231
0.020447,0.0073242,4.9255
0.02121,0.0057983,4.9304
0.021362,0.0042725,4.9194
0.021057,0.0039673,4.9194
0.019989,0.0036621,4.9146
0.018616,0.0035095,4.9036
0.016937,0.0028992,4.9084
0.016022,0.00076294,4.9109
0.015869,-0.0010681,4.9133
0.015869,-0.0013733,4.9097
0.015717,-0.00030518,4.9084
0.015106,0.00061035,4.9109
0.014191,0.0024414,4.9084
0.014648,0.0021362,4.9109
0.015869,0.00091553,4.906
0.017548,0,4.9121
0.020599,-0.0010681,4.9084
0.022583,-0.00045776,4.9133
0.023956,0.00030518,4.9109
0.025177,0.0021362,4.9158
0.022278,0.0027466,4.9133
0.021667,0.0028992,0.046387
0.021515,0.0032043,0.05249
0.022583,0.0038147,0.043945
0.023804,0.0048828,0.046387
0.024567,0.0057983,0.054932
0.022736,0.0064087,0.059814
0.022583,0.0059509,0.064697
0.022888,0.0038147,0.058594
0.022736,0.002594,0.061035
0.024261,0.00030518,0.064697
0.025177,0.0012207,0.061035
0.025024,0.0016785,0.063477
0.023804,0.002594,0.057373
0.02182,0.0018311,0.062256
0.019226,0.0015259,0.063477
0.016327,0.0012207,0.065918
0.016479,-0.00091553,0.076904
0.018158,0.0013733,0.064697
0.019379,0.0016785,0.067139
0.019073,0.0024414,0.065918
0.018768,0.0021362,0.045166
0.017242,0.0018311,0.061035
0.016785,0.0010681,0.057373
0.016785,-0.00061035,0.054932
0.019684,-0.0013733,0.05249
0.02182,-0.00045776,0.050049
0.022125,0.00061035,0.05249
0.022278,0.0018311,0.048828
0.019684,0.0027466,0.046387
0.0177,0.0032043,0.046387
0.016785,0.0042725,0.047607
0.017242,0.0039673,0.045166
0.019836,0.0033569,0.046387
0.020752,0.0036621,0.042725
0.020142,0.0028992,0.041504
0.020752,0.0033569,0.042725
0.019836,0.0035095,0.042725
0.019226,0.0036621,0.040283
0.018921,0.0033569,0.040283
0.021515,0.0028992,0.0354
0.020447,0.0028992,0.040283
0.020142,0.0030518,0.041504
0.0177,0.0042725,0.037842
0.016174,0.0024414,0.040283
0.014648,0.0016785,0.036621
0.014191,0.00045776,0.041504
0.015869,-0.0018311,0.041504
0.018311,0.00045776,0.047607
0.019989,-0.00061035,0.043945
0.019226,0,0.053711
0.017395,0.00015259,0.053711
0.015564,0,0.056152
0.015106,0,0.068359
0.016022,-0.0021362,0.058594
0.018311,-0.00091553,0.067139
0.019379,-0.0015259,0.061035
0.018768,-0.00045776,0.05249
0.018005,0,0.062256
0.016327,0.00091553,0.061035
0.016174,0.0018311,0.059814
0.017548,0.0021362,0.061035
0.020142,0.00091553,0.061035
0.023651,0.0013733,0.064697
0.023804,0.00091553,0.062256
0.022583,0.00076294,0.067139
0.021667,0.00015259,0.063477
0.020447,0.00030518,0.065918
0.020752,0,0.067139
0.023651,0.00061035,0.058594
0.025635,0.00045776,0.061035
0.024872,0.00091553,0.063477
0.02533,0.0022888,0.063477
0.023956,0.00061035,0.054932
0.020599,0,0.063477
0.019379,-0.00091553,0.050049
0.019989,-0.0022888,0.053711
0.021515,-0.0033569,0.042725
0.021973,-0.0039673,0.046387
0.021515,-0.0042725,0.043945
0.019531,-0.0073242,0.043945
0.017853,-0.0050354,0.039063
0.015717,-0.004425,0.045166
0.01709,-0.0030518,0.040283
0.018311,-0.002594,0.043945
0.02243,-0.0013733,0.040283
0.024109,-0.0016785,0.041504
0.024261,-0.0010681,0.036621
0.023193,-0.0012207,0.041504
0.02243,-0.00076294,0.053711
0.022278,0.00015259,0.040283
0.024261,0.00061035,0.042725
0.02655,0.0018311,0.041504
0.029449,0.0019836,0.025635
0.028992,0.0019836,0.041504
0.027313,0.0022888,0.042725
0.025482,0.0016785,0.045166
0.024109,0.0021362,0.048828
0.024261,0.0024414,0.043945
0.025177,0.0019836,0.05127
0.02533,0.00076294,0.054932
0.024567,-0.00061035,0.057373
0.022125,-0.0024414,0.056152
0.018158,-0.0042725,0.064697
0.015106,-0.004425,0.058594
0.013275,-0.0042725,0.062256
0.01358,-0.0039673,0.063477
0.015717,-0.0045776,0.063477
0.015106,-0.0056458,0.063477
0.014648,-0.0062561,0.057373
0.012207,-0.0062561,0.074463
0.011292,-0.005188,0.062256
0.012054,-0.0032043,0.05127
0.014343,-0.00061035,0.064697
0.018158,0.0013733,0.064697
0.02121,0.00015259,0.061035
0.022583,0.00015259,0.064697
0.02243,-0.00091553,0.057373
0.021667,-0.00015259,0.061035
0.022125,0.0013733,4.5862
0.023956,0.0016785,4.9036
0.027161,0.0013733,4.9146
0.03067,-0.00091553,4.9194
0.031281,-0.0028992,4.9182
0.03006,-0.0038147,4.9207
0.026398,-0.0027466,4.9243
0.022583,-0.00030518,4.9158
0.021515,0.0016785,4.9133
0.019989,0.0027466,4.9146
0.021667,0.0024414,4.906
0.021362,0,4.9133
0.020752,-0.0021362,4.9084
0.019379,-0.0024414,4.906
0.0177,-0.0012207,4.9121
0.017242,0.00076294,4.9109
0.017853,0.0027466,4.9109
0.019989,0.0030518,4.9084
0.022125,0.0021362,4.9109
0.021515,0.0018311,4.9097
0.019379,0.0015259,4.9121
0.016479,0.0013733,4.9097
0.014801,0.0016785,4.9097
0.014191,0.0041199,4.9097
0.01709,0.0041199,4.9158
0.020447,0.0022888,4.9255
0.02243,0.0010681,4.9182
0.023346,0,4.9292
0.021362,0,4.928
0.019226,0.00015259,4.9097
0.018311,0.00076294,4.9268
0.018158,0.0016785,4.928
0.020142,0.00076294,4.9304
0.018616,-0.00045776,4.9316
0.0177,-0.0019836,4.9292
0.014648,-0.002594,4.9341
0.011292,-0.0022888,4.9304
0.012512,-0.00030518,4.9304
0.010986,0.00030518,4.928
0.013275,0.0015259,4.9377
0.016022,0.00045776,4.9329
0.015717,-0.00061035,4.9329
0.014801,-0.0016785,4.9426
0.012512,-0.0019836,4.9365
0.010376,-0.0012207,4.9304
0.010223,0,4.9353
0.011749,0.00076294,4.939
0.013885,-0.00015259,4.928
0.015564,-0.00076294,4.9194
0.01709,-0.0028992,4.928
0.015411,-0.0030518,4.9231
0.017242,-0.0024414,4.9194
0.018768,-0.0013733,4.9231
0.020294,-0.00015259,4.9194
0.023346,-0.00091553,4.9146
0.025482,-0.0030518,4.9121
0.02594,-0.0038147,4.9158
0.026093,-0.0038147,4.9109
0.023193,-0.0019836,4.9158
0.022583,0.0013733,4.9109
0.021362,0.0042725,4.9133
0.023346,0.0016785,4.9207
0.024567,0.0032043,4.9109
0.025177,0.00030518,4.9219
0.024872,-0.0015259,4.9084
0.023651,-0.0019836,4.8999
0.022278,-0.00015259,4.9121
0.02243,0.002594,4.9084
0.020294,0.0045776,4.9048
0.024261,0.0041199,4.9109
0.025177,0.0019836,4.9097
0.023956,-0.00030518,4.9121
0.021362,-0.00030518,4.9121
0.020599,0,4.9207
0.0177,0.0022888,4.9182
0.017853,0.0030518,4.9243
0.020294,0.00091553,4.9255
0.021515,-0.00076294,4.928
0.023651,-0.0035095,4.9292
0.024872,-0.0045776,4.9329
0.024109,-0.0038147,4.9304
0.024261,-0.0015259,4.9365
0.024261,0.00076294,4.9377
0.024567,0.0016785,4.9341
0.027618,0.0015259,4.9365
0.028076,-0.00061035,4.9292
0.028687,-0.0021362,4.9255
0.027924,-0.0019836,4.9316
0.026398,0.00091553,4.9329
0.026245,0.0036621,4.9341
0.02655,0.0065613,4.939
0.027313,0.0042725,4.9365
0.029449,0.0013733,4.939
0.028992,-0.0018311,4.9316
0.027466,-0.0028992,4.9329
0.024261,-0.0027466,4.9268
0.019989,0.00015259,4.9316
0.019531,0.0013733,4.9268
0.018311,-0.0021362,4.9243
0.020905,-0.0022888,4.9268
0.021973,-0.0053406,4.9207
0.022888,-0.0071716,4.9011
0.02121,-0.0062561,4.9146
0.020142,-0.0030518,4.9121
0.019379,0.00015259,4.917
0.020752,0.0024414,4.9158
0.022583,0.0012207,4.9109
0.024261,-0.00030518,0.041504
0.023499,-0.0032043,0.040283
0.022888,0.0016785,0.042725
0.020905,-0.0010681,0.039063
0.020752,0.00091553,0.042725
0.022278,0.0024414,0.039063
0.024719,0.004425,0.041504
0.027466,0.0027466,0.047607
0.028839,0.0010681,0.042725
0.028229,-0.00030518,0.036621
0.026703,0.00045776,0.042725
0.026703,0.0012207,0.031738
0.026245,0.0036621,0.042725
0.027008,0.0059509,0.047607
0.027618,0.0064087,0.048828
0.028229,0.0047302,0.050049
0.027618,0.0022888,0.050049
0.025177,0.0021362,0.053711
0.022888,0.002594,0.054932
0.021362,0.0022888,0.059814
0.021667,0.0056458,0.057373
0.024261,0.0059509,0.063477
0.022888,0.0035095,0.057373
0.024261,0.0024414,0.062256
0.022736,0.0015259,0.062256
0.020905,0.0024414,0.063477
0.019073,0.0059509,0.068359
0.019684,0.0082397,0.061035
0.019226,0.011292,0.074463
0.022125,0.0074768,0.063477
0.023346,0.0048828,0.053711
0.022888,0.0027466,0.067139
0.02243,0.0027466,0.063477
0.020142,0.0042725,0.056152
0.019836,0.0062561,0.065918
0.02121,0.0068665,0.068359
0.022888,0.0056458,0.059814
0.024261,0.0021362,0.054932
0.024719,0.00015259,0.057373
0.022736,-0.0010681,0.048828
0.020599,-0.0015259,0.05249
0.019073,-0.0010681,0.048828
0.019073,-0.00045776,0.05249
0.019684,-0.0022888,0.050049
0.020599,-0.0032043,0.046387
0.02182,-0.0057983,0.045166
0.021515,-0.0064087,0.041504
0.019684,-0.0056458,0.0354
0.019989,-0.0024414,0.041504
0.020294,0.00076294,0.037842
0.022583,0.0021362,0.037842
0.024414,0.0018311,0.041504
0.026398,0.00076294,0.039063
0.02655,0.00015259,0.039063
0.02655,0.00061035,0.03418
0.02533,0.0042725,0.040283
0.024261,0.0057983,0.037842
0.025177,0.007782,0.043945
0.027008,0.0076294,0.041504
0.028534,0.0062561,0.046387
0.029449,0.0041199,0.041504
0.029449,0.0027466,0.042725
0.029144,0.0030518,0.059814
0.027618,0.0039673,0.050049
0.027466,0.0050354,0.059814
0.026855,0.0064087,0.05249
0.026703,0.0033569,0.041504
0.02594,0.0013733,0.056152
0.025024,0,0.057373
0.023346,0.00030518,0.063477
0.021057,0.00030518,0.061035
0.019226,0.0018311,0.058594
0.019989,0.0022888,0.059814
0.020599,0.0022888,0.061035
0.021362,0.00091553,0.062256
0.021515,-0.00030518,0.053711
0.021057,-0.00061035,0.064697
0.020142,0.00030518,0.065918
0.018158,0.0021362,0.067139
0.017548,0.0033569,0.075684
0.019531,0.0035095,0.067139
0.019379,0.0030518,0.065918
0.021362,0.0015259,0.062256
0.02121,0.00076294,0.073242
0.019379,0.0012207,0.058594
0.019684,0.0028992,0.063477
0.019379,0.0047302,0.05127
0.020294,0.0050354,0.05127
0.021973,0.004425,0.047607
0.023041,0.0028992,0.05127
0.023041,0.0010681,0.045166
0.021667,-0.00061035,0.047607
0.019684,0.00061035,0.042725
0.018616,0.0021362,0.047607
0.0177,0.0045776,0.043945
0.019073,0.0048828,0.045166
0.021362,0.0054932,0.046387
0.022125,0.0057983,0.041504
0.021973,0.005188,0.050049
0.020905,0.0056458,0.039063
0.018311,0.0065613,0.05127
0.017395,0.0076294,0.039063
0.017242,0.0061035,0.030518
0.017853,0.0053406,0.040283
0.018311,0.0035095,0.039063
0.018005,0.0013733,0.0354
0.017853,0.0015259,0.041504
0.016327,0.0028992,0.036621
0.015564,0.004425,0.042725
0.015411,0.0071716,0.045166
0.016174,0.0067139,0.050049
0.017853,0.0053406,0.046387
0.018005,0.0027466,0.056152
0.018005,0.00015259,0.057373
0.017548,-0.00015259,0.058594
0.016174,0.0010681,0.057373
0.015106,0.0024414,0.062256
0.014801,0.002594,0.059814
0.016785,0.00091553,4.5874
0.017395,-0.00091553,4.9146
0.017853,-0.0021362,4.9292
0.017395,-0.0016785,4.9207
0.01709,-0.0010681,4.9255
0.016174,0.0010681,4.9304
0.016022,0.0018311,4.9329
0.016327,0.00061035,4.9329
0.0177,-0.0016785,4.9329
0.018158,-0.004425,4.9377
0.019226,-0.0054932,4.9316
0.018768,-0.0039673,4.9353
0.018005,-0.0013733,4.9329
0.017242,0.0010681,4.9329
0.016174,0.0018311,4.9268
0.016632,0.00061035,4.9304
0.017242,-0.0013733,4.9377
0.017548,-0.0022888,4.9255
0.018158,-0.0018311,4.9207
0.017853,-0.00030518,4.9194
0.0177,0.0016785,4.9023
0.018311,0.0024414,4.9048
0.019226,-0.00015259,4.9182
0.021362,-0.00015259,4.9146
0.022278,-0.0013733,4.9133
0.023499,-0.00045776,4.9084
0.022888,0.0016785,4.9121
0.022736,0.0038147,4.9072
0.022278,0.0045776,4.9109
0.022583,0.0050354,4.906
0.023193,0.0035095,4.9133
0.023346,0.0019836,4.9146
0.023651,0.0012207,4.9109
0.023651,0.00076294,4.9084
0.022736,0.0021362,4.9109
0.022736,0.0038147,4.9158
0.022583,0.0036621,4.9121
0.020294,0.0028992,4.9207
0.018463,0.0010681,4.9158
0.016632,-0.0015259,4.9084
0.013275,0,4.9182
0.013428,-0.0024414,4.9182
0.012665,-0.002594,4.9219
0.012207,-0.0032043,4.9255
0.011444,-0.0039673,4.9231
0.011292,-0.0057983,4.9268
0.01236,-0.0074768,4.9292
0.013123,-0.0086975,4.9329
0.014343,-0.0073242,4.9304
0.015869,-0.0054932,4.9329
0.017548,-0.0035095,4.9292
0.017853,-0.0015259,4.9316
0.019531,-0.00061035,4.9377
0.020294,-0.0016785,4.9304
0.021667,-0.0015259,4.9341
0.022736,-0.00076294,4.9353
0.024261,0.00061035,4.9329
0.02594,0.0024414,4.9353
0.027313,0.0027466,4.9353
0.028839,0.0018311,4.9341
0.029144,0.0015259,4.9341
0.029449,-0.00061035,4.9304
0.029907,-0.00045776,4.928
0.029755,-0.00045776,4.9231
0.03006,0,4.9329
0.028076,0.0035095,4.9207
0.026398,0.0045776,4.9207
0.023193,0.0048828,4.9231
0.02121,0.0035095,4.9231
0.020447,0.0024414,4.9182
0.016937,0.0016785,4.9194
0.019226,0.0021362,4.9268
0.018616,0.0032043,4.9146
0.018311,0.0010681,4.9219
0.018005,0.0018311,4.9121
0.018158,0.00015259,4.9036
0.018616,-0.0016785,4.9097
0.020905,-0.0015259,4.9109
0.019073,-0.00030518,4.9097
0.018463,0.0022888,4.9036
0.01709,0.0041199,4.9048
0.017548,0.0032043,4.9121
0.016937,0.0018311,4.9072
0.016937,-0.00045776,4.9097
0.017548,-0.0019836,4.9097
0.018005,-0.0016785,4.9194
0.019836,-0.00030518,4.9158
0.019989,-0.00061035,4.9182
0.020142,-0.00030518,4.9316
0.020905,-0.0024414,4.9194
0.020599,-0.0038147,4.9023
0.019836,-0.0047302,4.9255
0.018616,-0.0073242,4.917
0.018768,-0.0021362,4.9304
0.018005,-0.00030518,4.9255
0.018616,0,4.9329
0.016174,-0.00045776,4.9292
0.015564,-0.0013733,4.9292
0.016785,-0.0010681,4.9304
0.017395,-0.0016785,4.9341
0.017242,-0.0028992,4.9304
0.018616,0.00076294,4.9304
0.018158,0.0022888,4.9353
0.016327,0.00045776,4.9341
0.017853,0.00030518,4.9377
0.016479,-0.00076294,4.9377
0.014496,-0.0010681,4.9402
0.015869,-0.00015259,4.9402
0.015717,-0.00076294,0.067139
0.014954,0.00015259,0.073242
0.014801,-0.00030518,0.054932
0.015411,-0.0016785,0.05249
0.017548,-0.0032043,0.05249
0.018616,-0.0042725,0.05127
0.019684,-0.0045776,0.050049
0.021667,-0.0038147,0.050049
0.021973,-0.0024414,0.045166
0.023041,-0.0030518,0.047607
0.024109,-0.0016785,0.043945
0.024414,-0.00061035,0.043945
0.02533,0.00015259,0.042725
0.02655,0.0050354,0.043945
0.027924,0.0042725,0.040283
0.028687,0.0041199,0.040283
0.029449,0.0042725,0.048828
0.029297,0.0018311,0.041504
0.029907,0.0021362,0.045166
0.030975,0.0019836,0.039063
0.028992,0.0019836,0.030518
0.030365,0.0024414,0.040283
0.029144,0.0019836,0.039063
0.027008,0.0016785,0.037842
0.026855,0.00076294,0.043945
0.023651,-0.00091553,0.039063
0.022583,-0.0015259,0.045166
0.021667,-0.0021362,0.045166
0.021057,-0.0024414,0.05127
0.021667,-0.0019836,0.047607
0.019836,-0.0019836,0.05249
0.019379,-0.0015259,0.057373
0.019989,-0.0018311,0.059814
0.019684,-0.00045776,0.058594
0.021057,0.00061035,0.061035
0.021057,0.0016785,0.06958
0.022736,0.0032043,0.062256
0.023041,0.0038147,0.070801
0.023651,0.0035095,0.063477
0.024414,0.0024414,0.047607
0.025635,0.0012207,0.059814
0.02655,0.00076294,0.067139
0.027008,0.0012207,0.063477
0.027161,0.0019836,0.064697
0.02655,0.0024414,0.063477
0.02594,0.0022888,0.068359
0.025635,0.0010681,0.063477
0.022583,-0.00030518,0.065918
0.022736,-0.00076294,0.059814
0.023193,-0.0012207,0.062256
0.022583,-0.0032043,0.056152
0.022888,-0.0021362,0.056152
0.022888,-0.0021362,0.064697
0.022736,-0.0039673,0.05249
0.022583,-0.0024414,0.047607
0.022888,-0.0021362,0.05127
0.023346,0,0.030518
0.023499,0.0016785,0.043945
0.024109,0.0028992,0.043945
0.024414,0.0032043,0.041504
0.024261,0.0033569,0.042725
0.024872,0.0033569,0.037842
0.025635,0.0032043,0.042725
0.027618,0.005188,0.042725
0.028534,0.0053406,0.041504
0.029449,0.0056458,0.03418
0.029602,0.0059509,0.041504
0.028992,0.0064087,0.039063
0.028839,0.0062561,0.040283
0.028687,0.0059509,0.037842
0.027924,0.0067139,0.041504
0.028229,0.007019,0.045166
0.027618,0.0065613,0.041504
0.027008,0.0065613,0.057373
0.027008,0.0061035,0.042725
0.026855,0.0045776,0.036621
0.02655,0.0041199,0.050049
0.025635,0.0039673,0.05127
0.026245,0.0038147,0.054932
0.026703,0.0036621,0.056152
0.026855,0.0047302,0.058594
0.026855,0.0064087,0.061035
0.026093,0.0076294,0.059814
0.025635,0.007782,0.057373
0.024719,0.007782,0.056152
0.023651,0.0076294,0.062256
0.023041,0.0071716,0.064697
0.021973,0.0067139,0.062256
0.02182,0.0064087,0.06958
0.021515,0.0059509,0.063477
0.020447,0.0053406,0.062256
0.019684,0.0045776,0.065918
0.018616,0.0036621,0.06958
0.018768,0.0028992,0.065918
0.018768,0.0016785,0.062256
0.014648,0.00061035,0.059814
0.0177,0.00045776,0.061035
0.016327,0.00030518,0.056152
0.015259,0,0.057373
0.014954,-0.0022888,0.05127
0.014648,-0.0010681,0.053711
0.014954,-0.0015259,0.045166
0.015564,-0.0012207,0.05127
0.017548,-0.0012207,0.05127
0.019226,-0.0013733,0.050049
0.019989,-0.00076294,0.042725
0.020142,-0.00030518,0.045166
0.02243,0.00061035,0.058594
0.023041,0.0012207,0.042725
0.023956,0.0018311,0.050049
0.024719,0.0012207,0.045166
0.024261,0.0010681,0.030518
0.024109,0.00076294,0.036621
0.023651,0.00045776,0.037842
0.024872,0.0022888,0.040283
0.024872,0.0032043,0.040283
0.026093,0.0032043,0.03418
0.02594,0.00076294,0.041504
0.026855,0.0016785,4.3494
0.026703,0.00061035,4.873
0.026398,-0.0010681,4.9023
0.026703,-0.00015259,4.9121
0.026398,0,4.9133
0.025635,0.00061035,4.9194
0.023804,0.0012207,4.9268
0.023041,0.00061035,4.9243
0.022736,-0.00045776,4.9207
0.02243,-0.00076294,4.9255
0.02182,-0.00030518,4.9316
0.022736,-0.00015259,4.928
0.02182,0.00061035,4.9329
0.021515,0.0010681,4.9292
0.02243,0.00076294,4.9329
0.02121,-0.00030518,4.9255
0.02182,-0.0012207,4.9304
0.02182,-0.0012207,4.9329
0.021667,-0.0016785,4.9329
0.021667,0.00061035,4.939
0.021667,0.0021362,4.9365
0.019379,0.0022888,4.9329
0.019226,0.0013733,4.9377
0.018616,0.00061035,4.9329
0.018616,0,4.9365
0.018005,-0.00015259,4.9438
0.019073,-0.00061035,4.9329
0.019379,-0.0010681,4.9341
0.018768,0.0028992,4.9292
0.018768,0.00015259,4.9121
0.019073,0,4.9292
0.020752,-0.00045776,4.9219
0.020294,-0.00015259,4.917
0.019684,-0.00030518,4.9194
0.021057,-0.00076294,4.9158
0.020752,-0.00076294,4.906
0.019531,0.00015259,4.9146
0.020142,-0.00045776,4.917
0.020447,0.00030518,4.9109
0.019989,0.00030518,4.9146
0.019684,0.0021362,4.9109
0.019379,0.00045776,4.9133
0.018463,0.00061035,4.9109
0.018158,0.0015259,4.9133
0.016174,0,4.9121
0.016479,-0.00030518,4.9084
0.015869,-0.00015259,4.9133
0.015869,-0.0028992,4.9121
0.015717,-0.0015259,4.8999
0.015259,-0.0019836,4.9109
0.014801,-0.0019836,4.9072
0.018158,-0.0016785,4.9158
0.016022,-0.0013733,4.9158
0.015717,-0.0019836,4.9146
0.016327,-0.0021362,4.9182
0.017548,-0.00091553,4.917
0.018158,-0.0018311,4.9243
0.019379,-0.0015259,4.9268
0.015869,-0.0018311,4.928
0.020905,-0.0021362,4.9255
0.02243,-0.0019836,4.9329
0.023499,-0.0015259,4.9414
0.024872,-0.0016785,4.9304
0.024719,-0.00045776,4.9377
0.024872,0.00015259,4.9316
0.023956,0.00076294,4.9182
0.024261,0.00076294,4.9292
0.023346,0.00076294,4.9329
0.023651,0.00030518,4.9304
0.022583,-0.00076294,4.9341
0.022125,-0.00091553,4.9329
0.020599,-0.0027466,4.939
0.019684,-0.0033569,4.9377
0.019226,-0.0036621,4.9377
0.019684,-0.0022888,4.9304
0.019379,-0.00045776,4.9316
0.019379,0.0012207,4.9255
0.018005,0.0032043,4.9292
0.018005,0.002594,4.9304
0.017853,0.0022888,4.9231
0.019379,0.00061035,4.9243
0.020905,0.0012207,4.9219
0.021362,0.0018311,4.9219
0.022125,0.0018311,4.9158
0.021667,0.0016785,4.9133
0.02182,0.0022888,4.9146
0.021667,0.0022888,4.9146
0.021515,0.0028992,4.9109
0.020447,0.0042725,4.9109
0.021515,0.0054932,4.9097
0.020905,0.0068665,4.9109
0.020905,0.0068665,4.9048
0.019073,0.0054932,4.9121
0.018463,0.0022888,4.9109
0.018158,0.00061035,4.9133
0.018158,-0.0028992,4.9084
0.017395,-0.00061035,4.9121
0.017548,-0.00076294,4.9207
0.016632,-0.00045776,4.9133
0.015717,-0.0013733,4.9268
0.015259,-0.0016785,4.9158
0.013733,-0.0028992,4.9084
0.013885,-0.0016785,4.9207
0.014648,-0.00076294,4.9231
0.015106,0.00030518,4.9219
0.014954,0.0012207,4.9268
0.014954,0.00076294,4.9243
0.015411,0.00045776,4.9304
0.016174,0.00061035,4.9316
0.017548,0.00091553,0.063477
0.019379,0.0013733,0.059814
0.020905,0.0018311,0.062256
0.022736,0.0022888,0.064697
0.024261,0.0022888,0.063477
0.024567,0.0024414,0.06958
0.023956,0.002594,0.065918
0.024567,0.0027466,0.065918
0.023956,0.0032043,0.065918
0.023499,0.0041199,0.073242
0.024719,0.0041199,0.067139
0.024872,0.0050354,0.064697
0.024719,0.0057983,0.062256
0.023651,0.0062561,0.061035
0.023041,0.0065613,0.054932
0.023499,0.0071716,0.056152
0.023804,0.0062561,0.050049
0.024567,0.0045776,0.054932
0.024261,0.0030518,0.048828
0.022888,0.0016785,0.05249
0.021515,0.00076294,0.048828
0.017242,0.00061035,0.05127
0.015106,0.00076294,0.042725
0.013428,0,0.046387
0.013275,0.00045776,0.057373
0.014496,0.00091553,0.042725
0.014191,0.0012207,0.05127
0.015106,0.0019836,0.041504
0.014954,0.0012207,0.028076
0.015106,0.00091553,0.039063
0.015717,0.0010681,0.042725
0.016632,0.00030518,0.039063
0.0177,0.00045776,0.039063
0.018311,0,0.036621
0.018921,0.00030518,0.041504
0.019836,0.00045776,0.036621
0.018768,0.00091553,0.043945
0.017853,0.0018311,0.039063
0.017242,0.0024414,0.047607
0.018311,0.0041199,0.047607
0.019836,0.0056458,0.05127
0.02121,0.0065613,0.062256
0.021057,0.0057983,0.050049
0.021057,0.005188,0.054932
0.020142,0.0041199,0.058594
0.020752,0.0038147,0.057373
0.020142,0.0042725,0.059814
0.021057,0.004425,0.047607
0.020294,0.0038147,0.061035
0.019226,0.0033569,0.059814
0.017242,0.0024414,0.057373
0.014801,0.0015259,0.063477
0.013428,0.0021362,0.061035
0.012665,0.0022888,0.061035
0.012665,0.0041199,0.062256
0.01236,0.0050354,0.067139
0.012665,0.0047302,0.065918
0.013275,0.0036621,0.067139
0.012665,0.0015259,0.065918
0.013123,0.00061035,0.065918
0.014191,0,0.072021
0.015259,0.00061035,0.061035
0.01709,0.0010681,0.067139
0.017853,0.00091553,0.053711
0.018768,0.00015259,0.042725
0.019684,-0.00045776,0.05127
0.019836,-0.00061035,0.047607
0.020752,0.00061035,0.046387
0.02243,0.0022888,0.050049
0.024414,0.0035095,0.042725
0.025635,0.0048828,0.047607
0.026855,0.0050354,0.043945
0.027466,0.0035095,0.045166
0.028381,0.002594,0.037842
0.028381,0.0013733,0.043945
0.028534,0.002594,0.042725
0.028229,0.0010681,0.041504
0.027771,0.0010681,0.039063
0.026703,0.00030518,0.043945
0.02655,-0.00015259,0.037842
0.025177,-0.0021362,0.039063
0.024414,-0.0032043,0.03418
0.024414,-0.0036621,0.041504
0.024872,-0.0021362,0.032959
0.025787,-0.0015259,0.037842
0.025635,0.00045776,0.041504
0.025635,0.0013733,0.042725
0.025787,0.0016785,0.046387
0.025482,0.0019836,0.047607
0.024872,0.0022888,0.05249
0.025635,0.00061035,0.050049
0.02533,-0.00015259,0.057373
0.025635,0.00076294,0.058594
0.02594,0.0010681,0.061035
0.026703,0.0021362,0.058594
0.026245,0.00030518,0.064697
0.027161,-0.0012207,0.070801
0.027924,-0.0016785,0.061035
0.028381,-0.0015259,0.063477
0.029297,-0.00015259,0.061035
0.028687,0.0013733,0.042725
0.028687,0.00091553,0.062256
0.028381,0.0016785,0.062256
0.027771,0.00030518,0.067139
0.02655,-0.00015259,0.065918
0.02594,-0.00030518,0.062256
0.025024,0,0.068359
0.024261,0.0010681,0.059814
0.022278,0.00076294,0.054932
0.020599,-0.00015259,0.057373
0.020599,-0.00061035,0.059814
0.020294,-0.002594,0.05249
0.021362,-0.0032043,0.054932
0.021057,-0.0032043,0.054932
0.02182,-0.0027466,0.054932
0.024109,-0.0013733,0.050049
0.021515,-0.00015259,0.046387
0.026245,-0.00030518,3.2227
0.026398,-0.00030518,4.8083
0.026398,-0.0018311,4.9146
0.027618,0.0010681,4.9084
0.027618,0.002594,4.9109
0.027618,0.0045776,4.9084
0.026703,0.0047302,4.9097
0.024567,0.0045776,4.9084
0.026855,0.0038147,4.9109
0.028839,0.0035095,4.906
0.028839,0.0028992,4.9133
0.029907,0.0050354,4.9084
0.031738,0.0054932,4.9133
0.031738,0.0067139,4.9109
0.031433,0.0054932,4.9109
0.032654,0.005188,4.9194
0.032349,0.0042725,4.9133
0.036011,0.0038147,4.9194
0.033722,0.0047302,4.9182
0.033112,0.0057983,4.9133
0.031738,0.0068665,4.9231
0.03067,0.0054932,4.9231
0.029297,0.0047302,4.9243
0.029602,0.0039673,4.928
0.029297,0.0032043,4.928
0.028534,0.0036621,4.9304
0.027008,0.0053406,4.9292
0.027161,0.0062561,4.9353
0.025024,0.007019,4.9304
0.023956,0.0082397,4.9316
0.023651,0.0039673,4.9304
0.023804,0.0021362,4.9329
0.023651,0.00091553,4.9304
0.023346,0.0016785,4.9341
0.024414,0.0018311,4.939
0.023956,0.0024414,4.939
0.024872,0.0015259,4.9451
0.023499,0.0010681,4.9341
0.022888,-0.00015259,4.9182
0.024567,0,4.9316
0.023956,0.0016785,4.9292
0.024109,0.0028992,4.9268
0.024414,0.0036621,4.9255
0.025024,0.0036621,4.9194
0.025635,0.0038147,4.9231
0.02594,0.0030518,4.9207
0.027161,0.0024414,4.9243
0.027924,0.0030518,4.9207
0.027924,0.0021362,4.9182
0.027008,0.0022888,4.917
0.02655,0.002594,4.917
0.02594,0.002594,4.9231
0.025177,0.0021362,4.9121
0.025177,0.00091553,4.9109
0.025177,-0.00030518,4.9109
0.025787,-0.0015259,4.8901
0.025177,-0.0018311,4.9072
0.02594,-0.0021362,4.9109
0.025635,-0.0018311,4.9072
0.026245,-0.0019836,4.9109
0.024872,-0.0018311,4.906
0.025177,-0.0032043,4.9084
0.025024,-0.002594,4.9097
0.024872,-0.0033569,4.9036
0.023651,-0.002594,4.9158
0.025024,-0.00045776,4.9194
0.025024,0.00076294,4.9158
0.026398,0.00091553,4.9207
0.027313,0.00091553,4.9231
0.029297,-0.00030518,4.9109
0.028229,-0.00061035,4.9268
0.029602,0.0012207,4.9304
0.030365,0.0022888,4.9414
0.028992,0.0032043,4.9329
0.027924,0.0032043,4.9292
0.028839,0.0024414,4.928
0.026093,0.0018311,4.9329
0.028381,0.0021362,4.9268
0.026703,0.0021362,4.9304
0.02533,0.0024414,4.9316
0.024872,0.0021362,4.928
0.023804,0.0018311,4.9243
0.023499,0.00015259,4.9377
0.022736,0.00015259,4.9341
0.022125,0.00061035,4.9377
0.020752,0.00030518,4.9329
0.019836,0.0010681,4.9377
0.019989,0.0035095,4.9377
0.019684,0.0039673,4.9316
0.019379,0.0039673,4.928
0.018463,0.0024414,4.9255
0.019226,0.0013733,4.9158
0.020905,0.0016785,4.9243
0.018616,-0.00061035,4.9194
0.018005,0.0028992,4.9194
0.017242,0.0021362,4.9194
0.015717,0.00030518,4.9158
0.014191,-0.0019836,4.9158
0.012665,-0.0035095,4.9133
0.012817,-0.0036621,4.906
0.011749,-0.0022888,4.906
0.011292,-0.00045776,4.9121
0.010986,0.0018311,4.9121
0.012207,0.0022888,4.9146
0.014343,0.0021362,4.9072
0.014954,0.00061035,4.9121
0.015564,0.0016785,4.9158
0.016632,0.0010681,4.9109
0.017395,0.002594,4.9182
0.018616,0.0030518,4.9121
0.019226,0.0028992,0.03418
0.019531,0.0010681,0.040283
0.018463,-0.00091553,0.043945
0.017242,-0.0041199,0.046387
0.016022,-0.0048828,0.048828
0.014801,-0.0061035,0.046387
0.013275,-0.0057983,0.053711
0.011444,-0.0048828,0.045166
0.012054,-0.0042725,0.057373
0.011749,-0.0038147,0.047607
0.011444,-0.0045776,0.062256
0.012054,-0.0053406,0.061035
0.013123,-0.0042725,0.064697
0.01297,-0.0039673,0.076904
0.012665,-0.0013733,0.058594
0.011597,-0.0013733,0.059814
0.011292,-0.00061035,0.062256
0.010376,0.0015259,0.054932
0.010986,0.0030518,0.063477
0.012665,0.0042725,0.062256
0.013885,0.0061035,0.065918
0.017242,0.0085449,0.070801
0.019836,0.010529,0.063477
0.02182,0.012512,0.068359
0.024261,0.012665,0.062256
0.026398,0.01236,0.063477
0.02655,0.0074768,0.053711
0.027161,0.0042725,0.058594
0.026245,0.0019836,0.057373
0.023804,0,0.054932
0.019684,-0.0035095,0.056152
0.015259,-0.0053406,0.050049
0.01358,-0.0080872,0.054932
0.012054,-0.010223,0.047607
0.010376,-0.011597,0.058594
0.0094604,-0.010834,0.043945
0.0086975,-0.0082397,0.031738
0.0083923,-0.0059509,0.042725
0.0085449,-0.0047302,0.042725
0.0086975,-0.0039673,0.039063
0.0082397,-0.0028992,0.041504
0.0083923,-0.0013733,0.037842
0.0088501,-0.00015259,0.040283
0.009613,0.0024414,0.037842
0.0090027,0.0042725,0.047607
0.009613,0.0054932,0.036621
0.010223,0.0054932,0.036621
0.010071,0.0047302,0.041504
0.011749,0.0033569,0.042725
0.01358,0.0047302,0.050049
0.016632,0.0057983,0.045166
0.018768,0.0062561,0.054932
0.020905,0.0061035,0.046387
0.023346,0.0048828,0.043945
0.025024,0.0018311,0.05249
0.026855,-0.00030518,0.056152
0.028687,-0.0022888,0.053711
0.030518,-0.0036621,0.05249
0.030975,-0.0030518,0.056152
0.032654,-0.0028992,0.061035
0.029907,-0.0028992,0.057373
0.027618,-0.0030518,0.064697
0.02594,-0.0030518,0.058594
0.024261,-0.0028992,0.061035
0.023499,-0.00015259,0.063477
0.023956,0.0033569,0.065918
0.023193,0.007782,0.064697
0.023499,0.010223,0.067139
0.023346,0.011139,0.072021
0.02243,0.011444,0.067139
0.02182,0.010681,0.076904
0.021362,0.010071,0.063477
0.022125,0.010681,0.053711
0.02243,0.011902,0.062256
0.023193,0.013885,0.061035
0.022583,0.011749,0.05249
0.022583,0.009613,0.053711
0.022278,0.0064087,0.050049
0.021973,0.0042725,0.05249
0.02243,0.0024414,0.046387
0.022736,0.0033569,0.050049
0.023499,0.007019,0.05127
0.023956,0.0064087,0.045166
0.024261,0.0061035,0.045166
0.024567,0.0036621,0.046387
0.024261,0.0022888,0.05249
0.024872,0.0018311,0.041504
0.02594,0.0024414,0.036621
0.027161,0.0042725,0.040283
0.028381,0.0059509,0.021973
0.027466,0.0065613,0.037842
0.026398,0.0061035,0.039063
0.025024,0.0054932,0.040283
0.023651,0.0045776,0.036621
0.023346,0.0071716,0.036621
0.022736,0.0099182,0.043945
0.021973,0.012207,0.039063
0.021362,0.012512,0.042725
0.019836,0.011292,0.043945
0.018921,0.0080872,0.047607
0.018311,0.0065613,0.045166
0.018616,0.0048828,0.05249
0.018768,0.0047302,0.054932
0.019073,0.0047302,0.054932
0.018311,0.0042725,0.059814
0.019073,0.0030518,0.062256
0.018768,0.0010681,0.073242
0.019073,-0.00091553,0.058594
0.017242,-0.00030518,0.050049
0.019531,0.0015259,0.062256
0.02121,0.0045776,0.061035
0.026245,0.0056458,0.058594
0.025482,0.0065613,0.062256
0.027161,0.0061035,0.058594
0.027618,0.0048828,0.064697
0.027313,0.0056458,0.062256
0.028992,0.0067139,3.4143
0.029449,0.0079346,4.8364
0.029449,0.0091553,4.9255
0.028381,0.0093079,4.9316
0.027618,0.0076294,4.9329
0.027161,0.0047302,4.9304
0.02655,0.002594,4.9329
0.027161,0.0021362,4.9255
0.028381,0.0024414,4.9231
0.029907,0.002594,4.9158
0.027924,0.0022888,4.9231
0.030518,0.0018311,4.917
0.030518,0.00015259,4.9133
0.029907,-0.0018311,4.9194
0.027924,-0.0027466,4.9158
0.028839,-0.0015259,4.9072
0.028992,-0.0015259,4.9109
0.028839,-0.0010681,4.9146
0.029297,-0.0012207,4.906
0.029297,-0.002594,4.9109
0.030212,-0.0039673,4.9109
0.031433,-0.0059509,4.9133
0.031586,-0.0071716,4.9084
0.032654,-0.0067139,4.9109
0.034332,-0.0064087,4.9255
0.03418,-0.0057983,4.9133
0.033875,-0.0062561,4.9072
0.031433,-0.0071716,4.9109
0.031586,-0.0074768,4.8914
0.030975,-0.0073242,4.9109
0.030975,-0.0050354,4.9121
0.031433,-0.0027466,4.9146
0.030975,-0.00076294,4.9158
0.030365,0,4.9121
0.030212,-0.0013733,4.9194
0.030212,-0.0028992,4.9243
0.030823,-0.0053406,4.9243
0.032043,-0.0071716,4.9243
0.033264,-0.0074768,4.9304
0.034027,-0.0079346,4.9292
0.033722,-0.0086975,4.9329
0.033112,-0.010376,4.9353
0.032501,-0.013123,4.9304
0.030975,-0.015106,4.9304
0.030365,-0.015869,4.9341
0.029755,-0.015564,4.9402
0.029144,-0.014648,4.9329
0.028229,-0.012817,4.9231
0.026398,-0.011597,4.9365
0.026398,-0.011292,4.9341
0.027466,-0.010986,4.9329
0.027161,-0.010223,4.9377
0.03067,-0.0079346,4.9146
0.032501,-0.0064087,4.9329
0.032196,-0.0018311,4.9255
0.031586,-0.0018311,4.9292
0.030975,-0.0015259,4.9243
0.031586,-0.0019836,4.9243
0.032501,-0.0027466,4.9097
0.032043,-0.0028992,4.9231
0.034637,-0.0013733,4.9255
0.035248,-0.00030518,4.9194
0.035553,0.00045776,4.9207
0.034943,0.00076294,4.9158
0.035553,-0.00030518,4.9023
0.036469,-0.0012207,4.9146
0.037231,-0.0021362,4.9133
0.037994,-0.0019836,4.9084
0.037079,-0.0015259,4.9133
0.035706,-0.00015259,4.9097
0.033417,-0.00091553,4.9109
0.030975,-0.00076294,4.9084
0.029907,-0.00076294,4.9109
0.029144,-0.00091553,4.8853
0.029602,-0.00045776,4.9133
0.030365,0.0013733,4.9121
0.03067,0.0038147,4.9133
0.030365,0.0056458,4.9109
0.028534,0.0071716,4.9182
0.027161,0.0061035,4.9084
0.026245,0.0054932,4.9182
0.024719,0.0038147,4.9231
0.023804,0.0030518,4.9231
0.021515,0.0033569,4.9158
0.018921,0.0047302,4.9219
0.016022,0.0057983,4.928
0.013885,0.0059509,4.928
0.012512,0.0054932,4.9316
0.01297,0.0033569,4.9292
0.014038,0.0028992,4.9365
0.014801,0.0030518,4.9304
0.014343,0.0047302,4.9316
0.012665,0.0045776,4.9304
0.011444,0.0048828,4.9329
0.010681,0.0035095,4.9304
0.010986,0.0013733,4.939
0.012054,-0.00015259,4.9463
0.012207,-0.0016785,4.9353
0.012207,-0.0016785,4.939
0.011139,-0.0010681,4.9353
0.011139,-0.00076294,4.9097
0.010834,-0.00076294,4.9268
0.010834,-0.0010681,4.9231
0.011902,-0.0022888,4.9292
0.012817,-0.0032043,4.9255
0.013123,-0.0036621,4.9182
0.01297,-0.0041199,4.9243
0.010681,-0.0036621,4.9194
0.0099182,-0.004425,4.9207
0.0094604,-0.004425,4.9109
0.010529,-0.0036621,4.9182
0.011444,-0.005188,0.050049
0.014343,-0.0053406,0.042725
0.015106,-0.0054932,0.047607
0.01297,-0.0045776,0.042725
0.015259,-0.0027466,0.040283
0.015869,-0.00030518,0.042725
0.017242,0.0018311,0.03418
0.018311,0.0035095,0.037842
0.021057,0.0032043,0.023193
0.022125,0.0035095,0.039063
0.02121,0.0045776,0.037842
0.019836,0.0050354,0.0354
0.019226,0.0067139,0.041504
0.018311,0.0074768,0.040283
0.020142,0.010986,0.041504
0.019684,0.0054932,0.042725
0.018616,0.0041199,0.047607
0.018005,0.0032043,0.046387
0.015717,0.002594,0.053711
0.01358,0.0024414,0.053711
0.012054,0.0018311,0.053711
0.011749,-0.0010681,0.064697
0.010834,-0.00045776,0.059814
0.012054,-0.0013733,0.073242
0.011292,-0.0013733,0.062256
0.0093079,-0.0012207,0.05127
0.0067139,-0.00030518,0.062256
0.0053406,0.0012207,0.062256
0.0050354,0.0022888,0.05249
0.0065613,0.0032043,0.061035
0.0086975,0.0030518,0.059814
0.010071,0.0032043,0.062256
0.011597,0.0033569,0.061035
0.010834,0.0048828,0.068359
0.010681,0.0048828,0.065918
0.011444,0.0057983,0.06958
0.012512,0.0064087,0.062256
0.014191,0.0059509,0.064697
0.016022,0.0061035,0.065918
0.016174,0.0028992,0.057373
0.016632,0.0061035,0.056152
0.013733,0.0064087,0.054932
0.013123,0.0071716,0.05249
0.01358,0.0074768,0.046387
0.014954,0.0073242,0.047607
0.016785,0.0065613,0.043945
0.016785,0.0057983,0.050049
0.015717,0.0076294,0.045166
0.014191,0.0048828,0.043945
0.012665,0.004425,0.037842
0.012512,0.0053406,0.043945
0.014038,0.0061035,0.0354
0.016327,0.007019,0.042725
0.018158,0.0079346,0.041504
0.018921,0.0076294,0.040283
0.018005,0.0091553,0.039063
0.017853,0.010071,0.043945
0.018158,0.011292,0.05249
0.020599,0.009613,0.041504
0.02182,0.011597,0.05249
0.024261,0.010223,0.039063
0.024719,0.0091553,0.025635
0.023499,0.0071716,0.041504
0.02182,0.0068665,0.043945
0.021057,0.0061035,0.046387
0.02182,0.0067139,0.053711
0.024567,0.0064087,0.046387
0.02655,0.005188,0.054932
0.028076,0.0045776,0.054932
0.028076,0.0039673,0.061035
0.026093,0.004425,0.057373
0.025024,0.0053406,0.062256
0.025024,0.0073242,0.062256
0.026703,0.0080872,0.064697
0.028992,0.0080872,0.070801
0.030212,0.0073242,0.059814
0.030212,0.0050354,0.058594
0.02533,0.0054932,0.064697
0.027466,0.0061035,0.075684
0.02655,0.0067139,0.063477
0.027924,0.0080872,0.05249
0.029907,0.0061035,0.065918
0.031281,0.0065613,0.067139
0.030823,0.0056458,0.059814
0.028534,0.0045776,0.067139
0.026093,0.0050354,0.063477
0.024261,0.0065613,0.061035
0.023956,0.0071716,0.053711
0.02533,0.0080872,0.058594
0.028534,0.0073242,0.050049
0.03006,0.0065613,0.05127
0.029144,0.0056458,0.050049
0.027161,0.0047302,0.05127
0.024567,0.0050354,0.056152
0.023041,0.0053406,0.050049
0.023041,0.0054932,0.048828
0.023346,0.004425,0.042725
0.024567,0.0021362,0.031738
0.024109,0.00030518,0.040283
0.022583,-0.0012207,0.039063
0.021057,-0.0028992,0.039063
0.018921,-0.0028992,0.037842
0.019989,-0.0022888,0.037842
0.02243,-0.0024414,0.040283
0.024414,-0.0027466,0.037842
0.026398,-0.0041199,0.039063
0.02655,-0.0038147,0.0354
0.025024,-0.0018311,0.041504
0.024414,0.00076294,0.042725
0.024414,0.0033569,0.043945
0.026855,0.004425,0.040283
0.028229,0.0041199,0.046387
0.030365,0.0024414,0.046387
0.030365,0.00030518,0.050049
0.03067,-0.00030518,0.059814
0.029297,0.00030518,0.05249
0.029602,0.0016785,4.4824
0.031586,0.0033569,4.8914
0.034943,0.0032043,4.9194
0.036163,0.0015259,4.928
0.036163,-0.0012207,4.9255
0.033417,-0.0042725,4.928
0.030518,-0.0047302,4.9316
0.025787,-0.007019,4.9304
0.02594,-0.0024414,4.9341
0.026245,-0.00076294,4.9292
0.02533,-0.002594,4.9353
0.025024,-0.0047302,4.9316
0.023956,-0.0061035,4.9438
0.02243,-0.0061035,4.9487
0.019073,-0.004425,4.9377
0.017853,-0.0015259,4.9316
0.018158,0.00045776,4.9353
0.019379,0.0010681,4.9158
0.019531,-0.002594,4.9292
0.019531,-0.0057983,4.9255
0.018616,-0.009613,4.9268
0.014343,-0.010223,4.9231
0.011749,-0.0094604,4.9207
0.009613,-0.007019,4.9255
0.01236,-0.0048828,4.9182
0.012665,-0.0061035,4.9182
0.013275,-0.0073242,4.9109
0.013885,-0.0080872,4.9133
0.013428,-0.0073242,4.917
0.012054,-0.0048828,4.9158
0.012207,-0.0030518,4.9109
0.014801,-0.0045776,4.9158
0.0177,-0.0041199,4.9194
0.019684,-0.007019,4.9109
0.020142,-0.0080872,4.9207
0.018768,-0.0093079,4.9109
0.016327,-0.007019,4.9036
0.014801,-0.0054932,4.9097
0.015869,-0.0048828,4.906
0.015106,-0.0054932,4.906
0.015411,-0.0071716,4.9121
0.014954,-0.0076294,4.9097
0.014191,-0.007782,4.9109
0.013275,-0.0042725,4.9133
0.013275,-0.0018311,4.9255
0.013733,0.00091553,4.9146
0.016022,-0.00045776,4.9219
0.018311,-0.00061035,4.9243
0.019531,-0.0030518,4.928
0.019989,-0.004425,4.9304
0.019379,-0.0030518,4.9268
0.018463,-0.0010681,4.9329
0.018921,0.0010681,4.9341
0.020599,0.0027466,4.9304
0.022583,0.0027466,4.9353
0.024261,0.00091553,4.9231
0.026093,0.00091553,4.9304
0.025635,0.0016785,4.9329
0.025177,0.0045776,4.9329
0.025024,0.0080872,4.9353
0.025635,0.0091553,4.9329
0.023956,0.011139,4.939
0.029297,0.0076294,4.9353
0.030212,0.0038147,4.9377
0.028992,0.00076294,4.9341
0.02655,0.0013733,4.9329
0.023651,0.0021362,4.9304
0.022125,0.0039673,4.9316
0.02243,0.0030518,4.9365
0.023499,0.004425,4.9255
0.024414,0.0021362,4.9316
0.024567,0.0018311,4.9231
0.020905,0.0022888,4.9121
0.021667,0.0039673,4.9158
0.020752,0.0059509,4.9133
0.021667,0.0071716,4.9182
0.022736,0.007019,4.9182
0.024567,0.0059509,4.9084
0.025177,0.0045776,4.9109
0.024261,0.0021362,4.9109
0.023804,0.0068665,4.9109
0.022888,0.009613,4.9109
0.025177,0.012054,4.9158
0.02594,0.014648,4.9109
0.028534,0.012665,4.9146
0.029144,0.011139,4.9194
0.028839,0.010071,4.9097
0.027161,0.013733,4.917
0.027008,0.011902,4.9133
0.02655,0.014038,4.8999
0.029144,0.014801,4.9146
0.029602,0.013885,4.9194
0.030365,0.011444,4.917
0.030365,0.0080872,4.9194
0.028229,0.007019,4.9219
0.02655,0.0073242,4.9255
0.02533,0.0082397,4.9255
0.024567,0.007782,4.9341
0.028381,0.0083923,4.9304
0.026398,0.0048828,4.9353
0.026855,0.0019836,4.9316
0.026245,0.00076294,4.9353
0.024414,0.0015259,4.9329
0.02182,0.0053406,4.9341
0.024109,0.0082397,4.9341
0.026245,0.0061035,4.9353
0.027618,0.0076294,4.9426
0.029449,0.0053406,4.9341
0.028687,0.0033569,4.9207
0.024261,0.0033569,4.9353
0.027924,0.0059509,0.068359
0.028687,0.0085449,0.063477
0.030212,0.010376,0.064697
0.031891,0.010376,0.061035
0.032959,0.0085449,0.062256
0.032654,0.0068665,0.054932
0.031586,0.0056458,0.057373
0.029602,0.0061035,0.048828
0.030365,0.0079346,0.05127
0.028687,0.010376,0.046387
0.029144,0.011139,0.048828
0.029755,0.0076294,0.053711
0.029144,0.0047302,0.047607
0.028381,0.0012207,0.045166
0.027008,0.0016785,0.041504
0.024261,0.0030518,0.03418
0.024261,0.0053406,0.040283
0.025482,0.007782,0.039063
0.026398,0.0065613,0.039063
0.027618,0.0036621,0.037842
0.027313,0.00061035,0.029297
0.026703,0.0021362,0.040283
0.025787,0.0012207,0.037842
0.024567,0.0039673,0.043945
0.023956,0.0062561,0.039063
0.02182,0.0053406,0.041504
0.023956,0.0022888,0.043945
0.023041,-0.0012207,0.043945
0.021667,-0.0039673,0.040283
0.019226,-0.0038147,0.046387
0.016785,-0.0021362,0.047607
0.016632,-0.0022888,0.048828
0.01709,-0.0032043,0.065918
0.019073,-0.0054932,0.057373
0.020905,-0.0085449,0.043945
0.021973,-0.010681,0.056152
0.021973,-0.01236,0.062256
0.021667,-0.0082397,0.061035
0.02121,-0.0061035,0.061035
0.022125,-0.0056458,0.057373
0.023804,-0.0076294,0.065918
0.02533,-0.010071,0.061035
0.027008,-0.013123,0.061035
0.026245,-0.014496,0.059814
0.026245,-0.014801,0.065918
0.025482,-0.013733,0.061035
0.026398,-0.01358,0.065918
0.028076,-0.014343,0.078125
0.03006,-0.016632,0.065918
0.030518,-0.018768,0.063477
0.030823,-0.019073,0.065918
0.030365,-0.018616,0.050049
0.028534,-0.015717,0.058594
0.028687,-0.012207,0.054932
0.029602,-0.010834,0.05249
0.032196,-0.010529,0.05249
0.033875,-0.010376,0.047607
0.036621,-0.011292,0.05127
0.037231,-0.010834,0.046387
0.036926,-0.010834,0.050049
0.0354,-0.0086975,0.040283
0.034485,-0.0082397,0.047607
0.034943,-0.0094604,0.040283
0.034637,-0.011749,0.043945
0.03418,-0.013428,0.040283
0.032349,-0.015106,0.041504
0.029755,-0.014496,0.048828
0.027618,-0.013275,0.041504
0.026093,-0.012207,0.05249
0.026093,-0.011139,0.039063
0.027008,-0.012512,0.028076
0.028687,-0.013733,0.039063
0.029449,-0.015259,0.036621
0.028381,-0.016327,0.036621
0.027008,-0.014191,0.040283
0.023956,-0.012207,0.039063
0.023346,-0.011749,0.036621
0.02243,-0.010376,0.042725
0.02243,-0.010681,0.05127
0.021515,-0.010986,0.046387
0.020294,-0.010681,0.053711
0.019531,-0.009613,0.061035
0.017395,-0.0071716,0.063477
0.018463,-0.0048828,0.070801
0.018921,-0.0035095,0.062256
0.020752,-0.0032043,0.062256
0.02182,-0.0048828,0.062256
0.023041,-0.0065613,0.063477
0.023041,-0.0062561,0.058594
0.022583,-0.0042725,0.053711
0.021515,-0.0016785,0.058594
0.020905,0.0010681,0.059814
0.02121,0.0016785,0.061035
0.02121,0.0010681,0.065918
0.021362,-0.00030518,0.061035
0.021057,-0.00045776,0.067139
0.019684,0.00015259,0.063477
0.017853,0.002594,0.065918
0.017853,0.004425,0.062256
0.018158,0.0050354,0.063477
0.018311,0.0038147,0.054932
0.017548,0.0019836,0.058594
0.016937,0,0.067139
0.013885,-0.00030518,0.05127
0.013123,0.0013733,0.057373
0.011749,0.0028992,0.048828
0.011597,0.0033569,0.0354
0.010529,0.0033569,0.042725
0.010223,0.0018311,0.042725
0.0093079,-0.00061035,0.042725
0.010071,-0.0015259,0.041504
0.0091553,-0.00030518,0.036621
0.0086975,0.0019836,0.043945
0.0091553,0.0041199,0.0354
0.0097656,0.0048828,0.041504
0.010834,0.0033569,0.041504
0.012054,0.0021362,1.4856
0.013885,0.00091553,4.7095
0.015564,0.0022888,4.8962
0.016479,0.0054932,4.9109
0.01709,0.0088501,4.9097
0.020599,0.010376,4.9084
0.019379,0.010681,4.9133
0.019836,0.0093079,4.9084
0.020142,0.0071716,4.9146
0.019836,0.0035095,4.917
0.018463,0.0073242,4.9158
0.016632,0.0080872,4.9194
0.014801,0.0082397,4.9194
0.01358,0.0088501,4.9243
0.013275,0.007019,4.9268
0.01297,0.0056458,4.9316
0.012817,0.0042725,4.928
0.012207,0.0050354,4.9341
0.011292,0.0067139,4.928
0.011139,0.0080872,4.9316
0.0094604,0.0085449,4.9304
0.010071,0.0083923,4.9377
0.010376,0.007782,4.9402
0.010376,0.0062561,4.9353
0.012054,0.0062561,4.9402
0.010071,0.0086975,4.9353
0.010986,0.010681,4.9231
0.011292,0.01297,4.9365
0.011444,0.013123,4.9341
0.012054,0.012817,4.9329
0.01297,0.01236,4.9353
0.015106,0.010071,4.9255
0.014343,0.010376,4.9329
0.014191,0.011902,4.9268
0.013733,0.01236,4.9255
0.01236,0.011749,4.9158
0.011444,0.0091553,4.9219
0.010529,0.0068665,4.9207
0.0094604,0.005188,4.9243
0.011902,0.005188,4.917
0.0099182,0.0061035,4.9207
0.011139,0.0076294,4.9194
0.013123,0.010223,4.9146
0.012054,0.007782,4.9158
0.01236,0.0064087,4.9109
0.01297,0.0057983,4.8987
0.012817,0.0062561,4.9097
0.015717,0.0073242,4.9084
0.015717,0.0090027,4.9133
0.014343,0.0080872,4.9097
0.014496,0.009613,4.9097
0.015564,0.0080872,4.9109
0.017853,0.0073242,4.9097
0.019531,0.007782,4.9158
0.023193,0.0090027,4.9109
0.024719,0.010986,4.9146
0.025787,0.012207,4.9109
0.025024,0.01236,4.928
0.025177,0.010223,4.9341
0.024261,0.0086975,4.9219
0.024414,0.0076294,4.9268
0.025482,0.011902,4.928
0.024414,0.0093079,4.9133
0.023956,0.010071,4.9292
0.020599,0.010529,4.9243
0.023193,0.010529,4.9304
0.023956,0.010071,4.9316
0.025177,0.0093079,4.9268
0.02594,0.0093079,4.939
0.026245,0.0099182,4.9329
0.024719,0.0099182,4.9341
0.022278,0.010529,4.928
0.020294,0.010376,4.9377
0.019989,0.0097656,4.9365
0.018311,0.0085449,4.9268
0.016632,0.0071716,4.9426
0.015564,0.0073242,4.9377
0.014648,0.0064087,4.9377
0.014496,0.0057983,4.9341
0.01358,0.0039673,4.9426
0.015564,0.0022888,4.9292
0.015564,-0.00015259,4.9353
0.015106,-0.0027466,4.9231
0.012207,-0.0041199,4.9219
0.016022,-0.0048828,4.9194
0.016937,-0.0053406,4.9231
0.018005,-0.0036621,4.9158
0.019684,-0.0045776,4.9182
0.020752,-0.0030518,4.9109
0.022583,-0.0013733,4.9121
0.023499,-0.0028992,4.9097
0.025177,0.0015259,4.917
0.027161,0.0024414,4.9133
0.02655,0.0010681,4.9121
0.027161,-0.0013733,4.9182
0.026093,-0.0022888,4.9109
0.026093,-0.002594,4.9219
0.025482,-0.0028992,4.906
0.024719,-0.0018311,4.8962
0.024567,-0.0013733,4.9109
0.023651,-0.00061035,4.9048
0.021667,-0.00061035,4.9097
0.022125,-0.0021362,4.9133
0.021362,-0.0030518,4.9133
0.02121,-0.0038147,4.9121
0.020905,-0.0038147,4.9158
0.024567,-0.0039673,4.9292
0.022888,-0.002594,4.9231
0.021667,-0.0038147,4.928
0.022125,-0.0033569,4.9268
0.022583,-0.0039673,0.061035
0.022583,-0.0042725,0.059814
0.023041,-0.0030518,0.062256
0.023499,-0.002594,0.062256
0.025024,-0.0028992,0.062256
0.027008,-0.0041199,0.080566
0.028839,-0.0053406,0.062256
0.030823,-0.0073242,0.062256
0.032501,-0.007782,0.058594
0.032501,-0.0071716,0.061035
0.034027,-0.0073242,0.063477
0.033875,-0.0067139,0.068359
0.032806,-0.0083923,0.063477
0.030823,-0.0076294,0.068359
0.028229,-0.0068665,0.063477
0.027008,-0.0064087,0.063477
0.025787,-0.0061035,0.062256
0.024261,-0.0047302,0.058594
0.024414,-0.0057983,0.05127
0.024414,-0.0065613,0.054932
0.025024,-0.0068665,0.065918
0.025482,-0.0085449,0.05127
0.026245,-0.0071716,0.05249
0.026855,-0.0062561,0.047607
0.026398,-0.0061035,0.031738
0.025787,-0.0064087,0.043945
0.024719,-0.007019,0.043945
0.024719,-0.0074768,0.041504
0.023804,-0.007019,0.042725
0.024567,-0.0056458,0.03418
0.024567,-0.0047302,0.041504
0.026093,-0.0048828,0.036621
0.027618,-0.0053406,0.041504
0.029297,-0.0062561,0.036621
0.030518,-0.0059509,0.041504
0.030975,-0.0062561,0.040283
0.031281,-0.0061035,0.041504
0.030823,-0.0057983,0.043945
0.03006,-0.0062561,0.043945
0.029907,-0.0071716,0.039063
0.027466,-0.0079346,0.043945
0.026855,-0.0080872,0.042725
0.026093,-0.0083923,0.045166
0.025787,-0.0090027,0.053711
0.025787,-0.0088501,0.048828
0.026093,-0.0079346,0.054932
0.027313,-0.0088501,0.054932
0.027924,-0.0085449,0.056152
0.027466,-0.0094604,0.059814
0.027313,-0.0085449,0.062256
0.026245,-0.0067139,0.061035
0.024872,-0.0054932,0.063477
0.024719,-0.0035095,0.057373
0.026245,-0.0028992,0.063477
0.026703,-0.0013733,0.061035
0.027466,-0.00091553,0.063477
0.029297,-0.00015259,0.068359
0.029602,0.00045776,0.063477
0.030365,0.0010681,0.073242
0.030823,0.0012207,0.064697
0.033112,0.0016785,0.056152
0.03479,0.0021362,0.062256
0.034637,0.0016785,0.063477
0.033417,0.0018311,0.059814
0.031281,0.0035095,0.059814
0.028687,0.0041199,0.05249
0.027008,0.0059509,0.056152
0.025635,0.0076294,0.050049
0.025024,0.0076294,0.054932
0.025482,0.007019,0.043945
0.026093,0.0056458,0.048828
0.025635,0.0045776,0.05249
0.024872,0.0030518,0.046387
0.022888,0.0021362,0.043945
0.023193,0.0021362,0.045166
0.024567,0.002594,0.046387
0.025024,0.0032043,0.039063
0.023804,0.0038147,0.042725
0.022888,0.0042725,0.040283
0.02121,0.0053406,0.037842
0.019531,0.0085449,0.036621
0.018463,0.0091553,0.039063
0.018463,0.0097656,0.0354
0.019379,0.010834,0.040283
0.019989,0.0097656,0.0354
0.019836,0.007782,0.042725
0.019836,0.0062561,0.040283
0.018921,0.0048828,0.045166
0.019073,0.0050354,0.042725
0.018463,0.0053406,0.047607
0.017548,0.0059509,0.047607
0.018921,0.0061035,0.053711
0.016327,0.0047302,0.065918
0.015869,0.0041199,0.053711
0.016479,0.0033569,0.059814
0.017853,0.0035095,0.059814
0.01709,0.005188,0.046387
0.020447,0.0059509,0.057373
0.021973,0.007019,0.061035
0.023499,0.0062561,0.061035
0.023956,0.0061035,0.062256
0.024872,0.0048828,0.058594
0.024414,0.0047302,0.061035
0.024261,0.0054932,0.057373
0.023041,0.0047302,0.062256
0.022736,0.0047302,0.062256
0.022888,0.0042725,0.067139
0.022278,0.0041199,0.067139
0.022736,0.0035095,0.067139
0.022888,0.004425,0.06958
0.020752,0.0056458,0.062256
0.024872,0.0065613,0.064697
0.026093,0.0071716,0.059814
0.027313,0.0041199,0.06958
0.027313,0.0057983,0.05127
0.027161,0.005188,0.040283
0.026245,0.005188,0.05127
0.026093,0.005188,3.7732
0.025787,0.0056458,4.8486
0.024261,0.0059509,4.9097
0.024261,0.0065613,4.9084
0.024872,0.0085449,4.9133
0.024109,0.007019,4.9109
0.023499,0.007019,4.9133
0.023346,0.0065613,4.9084
0.023651,0.0059509,4.9133
0.023346,0.0048828,4.9109
0.021667,0.0032043,4.9133
0.021057,0.0021362,4.9158
0.019379,0.0012207,4.9146
0.016479,0.00061035,4.9133
0.014954,0.00076294,4.9109
0.013733,0.00091553,4.9023
0.013733,0.0012207,4.9121
0.013885,0.0016785,4.9097
0.01297,0.00091553,4.9097
0.014191,-0.00015259,4.9121
0.014343,-0.00015259,4.9146
0.015717,-0.00076294,4.9158
0.015564,-0.00015259,4.9194
0.016479,-0.00015259,4.9231
0.015869,0.00045776,4.9231
0.016174,0.00091553,4.9268
0.016632,0.0019836,4.928
0.015259,0.0030518,4.9316
0.016174,0.0045776,4.9292
0.016785,0.0059509,4.9316
0.019226,0.0062561,4.9316
0.020599,0.005188,4.9341
0.02243,0.0036621,4.9402
0.023499,0.0018311,4.9329
0.024719,0.00030518,4.9133
0.024567,-0.00091553,4.9292
0.024109,-0.00091553,4.928
0.023193,-0.00030518,4.9353
0.020447,-0.00015259,4.9353
0.020599,-0.00030518,4.9329
0.019989,0,4.9377
0.019379,0.00091553,4.9316
0.019226,0.00091553,4.9329
0.018768,0.0013733,4.9255
0.019989,0.0012207,4.9268
0.021515,0.0018311,4.9231
0.021362,-0.0033569,4.9255
0.020294,-0.0050354,4.9304
0.019989,-0.0030518,4.9207
0.018616,-0.0064087,4.9158
0.018616,-0.0059509,4.9207
0.017242,-0.0038147,4.8999
0.017242,-0.0036621,4.9121
0.016632,-0.0021362,4.9109
0.016327,-0.0019836,4.9158
0.016479,-0.0019836,4.9109
0.016785,-0.0019836,4.9097
0.019684,-0.0018311,4.9109
0.020294,-0.0019836,4.9084
0.021667,-0.0022888,4.9097
0.021667,-0.0030518,4.9084
0.02243,-0.0042725,4.9146
0.02243,-0.0061035,4.9097
0.021973,-0.0076294,4.9133
0.020599,-0.0076294,4.9084
0.019379,-0.0073242,4.9133
0.017853,-0.0056458,4.9158
0.016022,-0.0045776,4.9121
0.014648,-0.0042725,4.9231
0.014801,-0.0053406,4.9207
0.015564,-0.0059509,4.9097
0.017395,-0.0061035,4.9243
0.019379,-0.0045776,4.9243
0.021515,-0.0039673,4.9268
0.021973,-0.002594,4.9268
0.02243,-0.002594,4.9268
0.02182,-0.0039673,4.9341
0.02182,-0.0030518,4.9292
0.021515,-0.0013733,4.9341
0.021057,-0.00045776,4.928
0.021057,0.0015259,4.9329
0.019989,0.0022888,4.9329
0.018158,0.002594,4.9329
0.017242,0.0021362,4.9438
0.018463,0.0018311,4.9377
0.019989,0.0016785,4.9365
0.021515,0.0012207,4.9377
0.022125,0.00030518,4.9329
0.02182,-0.0016785,4.9414
0.020752,-0.0028992,4.9316
0.018768,-0.0047302,4.9292
0.016632,-0.0064087,4.9292
0.014038,-0.0074768,4.9268
0.013885,-0.0083923,4.9243
0.011597,-0.0088501,4.9207
0.010834,-0.0091553,4.9243
0.011597,-0.0073242,4.9158
0.01236,-0.0061035,4.917
0.013885,-0.004425,4.9158
0.015564,-0.002594,4.9146
0.016937,-0.0022888,4.9182
0.018463,-0.00076294,4.917
0.020447,-0.00030518,4.9207
0.02121,-0.00091553,4.9121
0.021667,0.00091553,4.9194
0.020142,-0.00045776,4.8999
0.018463,-0.0013733,4.9023
0.018463,0.0018311,4.9109
0.018311,0.0028992,4.9084
0.019073,0.0033569,0.041504
0.021057,0.0030518,0.037842
0.022736,0.0019836,0.031738
0.023346,0.00030518,0.042725
0.02533,0.00015259,0.040283
0.025635,-0.0013733,0.041504
0.026245,-0.0012207,0.042725
0.025787,-0.0015259,0.047607
0.026703,0.00045776,0.050049
0.025482,0.0012207,0.054932
0.025787,0.0028992,0.068359
0.024261,0.005188,0.056152
0.022736,0.0065613,0.058594
0.020294,0.0071716,0.057373
0.018921,0.0067139,0.037842
0.017548,0.0059509,0.062256
0.01709,0.0039673,0.061035
0.015717,0.0021362,0.063477
0.013428,0.0013733,0.061035
0.010071,-0.00061035,0.054932
0.0065613,-0.0024414,0.063477
0.0054932,-0.0036621,0.061035
0.0045776,-0.004425,0.065918
0.0047302,-0.0028992,0.062256
0.0048828,-0.0019836,0.070801
0.005188,-0.0013733,0.070801
0.005188,-0.0021362,0.067139
0.0047302,-0.0030518,0.067139
0.005188,-0.0036621,0.063477
0.0079346,-0.0038147,0.065918
0.010223,-0.002594,0.058594
0.01297,-0.0013733,0.067139
0.015564,-0.0010681,0.050049
0.017548,-0.0010681,0.041504
0.018768,-0.00015259,0.05127
0.019379,0.00076294,0.047607
0.02121,0.0021362,0.043945
0.021667,0.0033569,0.047607
0.023804,0.002594,0.041504
0.023651,0.0010681,0.047607
0.021362,-0.0015259,0.041504
0.02243,-0.0036621,0.043945
0.021057,-0.0053406,0.037842
0.020142,-0.005188,0.042725
0.020142,-0.0030518,0.039063
0.019226,-0.0012207,0.041504
0.018768,0.00061035,0.046387
0.016632,0.0022888,0.042725
0.014801,0.0022888,0.043945
0.013885,0.0039673,0.041504
0.014191,0.0054932,0.029297
0.015259,0.0061035,0.039063
0.015411,0.0071716,0.042725
0.017242,0.0071716,0.037842
0.019226,0.0050354,0.043945
0.019226,0.0035095,0.043945
0.022125,0.0021362,0.047607
0.023041,0.0016785,0.05127
0.025787,0.00045776,0.05249
0.02594,0.0016785,0.056152
0.026245,0.0030518,0.05127
0.02533,0.0027466,0.057373
0.024109,0.0028992,0.062256
0.022583,0.00091553,0.059814
0.020599,-0.0012207,0.063477
0.020905,-0.0033569,0.067139
0.020294,-0.0016785,0.061035
0.020599,-0.00015259,0.070801
0.020294,0.00076294,0.059814
0.020599,-0.00061035,0.05127
0.020142,-0.0015259,0.061035
0.020294,-0.0035095,0.059814
0.020142,-0.0056458,0.064697
0.022736,-0.0062561,0.065918
0.019836,-0.0068665,0.062256
0.019073,-0.0073242,0.067139
0.01709,-0.0074768,0.063477
0.016022,-0.0088501,0.059814
0.014191,-0.0079346,0.057373
0.015106,-0.0071716,0.057373
0.013885,-0.0050354,0.054932
0.018311,-0.0012207,0.057373
0.020447,0.0016785,0.061035
0.022125,0.0036621,0.05127
0.023346,0.0042725,0.048828
0.024567,0.0032043,0.048828
0.025177,0.0021362,0.0354
0.02594,-0.0016785,0.042725
0.027466,-0.00076294,0.042725
0.026703,-0.0022888,0.041504
0.026855,-0.0035095,0.039063
0.027313,-0.0036621,0.037842
0.029755,-0.004425,0.041504
0.027313,-0.0048828,0.037842
0.027618,-0.0033569,0.0354
0.027924,-0.0045776,0.039063
0.028076,-0.0024414,0.041504
0.028381,-0.00076294,0.037842
0.027618,0.00045776,0.042725
0.025482,0.00091553,0.040283
0.024261,-0.00061035,0.041504
0.022736,-0.0033569,0.046387
0.021515,-0.0053406,0.041504
0.021515,-0.007019,0.057373
0.021515,-0.0074768,0.043945
0.02182,-0.0062561,0.036621
0.02182,-0.0074768,0.05249
0.023041,-0.0050354,0.053711
0.024109,-0.0054932,0.053711
0.025024,-0.0061035,0.058594
0.02655,-0.0065613,0.056152
0.027466,-0.0048828,0.057373
0.027466,-0.0032043,0.058594
0.028534,-0.0016785,0.061035
0.027771,-0.0030518,0.058594
0.027161,-0.0022888,0.061035
0.02655,-0.0028992,0.063477
0.026703,-0.0030518,0.06958
0.027008,-0.0015259,4.6265
0.027161,0.00076294,4.9121
0.027924,0.0024414,4.9304
0.029755,0.0021362,4.9353
0.030365,0.0010681,4.9451
0.032196,0.0012207,4.9316
0.032654,0.0019836,4.9353
0.031281,0.0015259,4.9304
0.033417,0.0027466,4.9292
0.032959,0.0047302,4.9097
0.031891,0.0050354,4.9243
0.029602,0.0048828,4.9194
0.027618,0.0056458,4.9231
0.025024,0.0057983,4.9182
0.023499,0.0071716,4.9194
0.023041,0.0059509,4.9121
0.023804,0.0057983,4.9219
0.023041,0.0050354,4.9146
0.02243,0.0022888,4.917
0.02182,0.00030518,4.9268
0.021362,-0.0013733,4.9158
0.020905,-0.0024414,4.9146
0.019226,-0.0019836,4.9109
0.019073,-0.0010681,4.895
0.018005,0.00091553,4.9097
0.017242,0.0027466,4.9109
0.016632,0.0039673,4.9182
0.016174,0.0038147,4.9097
0.0177,0.0039673,4.9048
0.019684,0.0038147,4.9097
0.02182,0.0039673,4.9084
0.024567,0.0038147,4.9158
0.025787,0.0038147,4.9121
0.027161,0.0035095,4.9194
0.026703,0.0027466,4.9182
0.026398,0.0021362,4.9207
0.026398,0.00091553,4.9255
0.026398,0.0019836,4.9219
0.027466,0.002594,4.9243
0.027924,0.0035095,4.9316
0.028076,0.0042725,4.9377
0.030212,0.0038147,4.9292
0.029449,0.002594,4.917
0.030823,0.0012207,4.9304
0.030823,0.00045776,4.9292
0.032043,0.00091553,4.928
0.032806,0.00076294,4.9341
0.031281,0.0015259,4.9243
0.029602,0.0045776,4.9353
0.029907,0.0024414,4.9329
0.028992,0.0021362,4.9377
0.03006,0.0021362,4.9316
0.03067,0.0022888,4.9353
0.029907,0.0036621,4.9329
0.029297,0.0057983,4.9353
0.028992,0.0073242,4.9402
0.028229,0.0097656,4.9316
0.026855,0.010986,4.9329
0.026703,0.011444,4.928
0.027466,0.011902,4.9109
0.027313,0.012054,4.9219
0.02655,0.012512,4.9207
0.026245,0.011902,4.9048
0.025482,0.013428,4.9194
0.025177,0.01236,4.9158
0.024261,0.0099182,4.9146
0.023499,0.0082397,4.9109
0.023499,0.0073242,4.9158
0.02243,0.0062561,4.9084
0.021057,0.0056458,4.9146
0.019989,0.0053406,4.9133
0.017853,0.0041199,4.9121
0.01709,0.0035095,4.9084
0.016022,0.0028992,4.8914
0.016937,0.0012207,4.9121
0.016632,0.0033569,4.9097
0.016022,0.0038147,4.9133
0.014954,0.0054932,4.9109
0.014343,0.0057983,4.9084
0.015411,0.0080872,4.9097
0.016937,0.0079346,4.9121
0.018005,0.0082397,4.917
0.018616,0.0082397,4.9182
0.019073,0.007782,4.9158
0.019073,0.0086975,4.9243
0.018921,0.0094604,4.9255
0.018921,0.0099182,4.928
0.020294,0.0093079,4.9243
0.021057,0.0082397,4.9329
0.021515,0.0076294,4.9207
0.020142,0.0064087,4.9341
0.020905,0.0074768,4.9438
0.019379,0.0080872,4.9329
0.019073,0.0080872,4.9341
0.018921,0.0073242,4.9365
0.019073,0.0061035,4.9207
0.019073,0.0050354,4.9316
0.019836,0.0038147,4.9341
0.019226,0.0038147,4.9353
0.017853,0.0039673,4.9353
0.016937,0.0041199,4.9316
0.01709,0.0036621,4.9377
0.01709,0.0028992,4.9353
0.015869,0.0021362,4.9341
0.017853,0.0012207,4.9268
0.01709,0.0016785,4.9316
0.016785,0.0013733,4.9255
0.015564,0.002594,4.9255
0.014038,0.0027466,0.054932
0.011444,0.0018311,0.05249
0.013733,0.00091553,0.05249
0.013123,0.0013733,0.050049
0.01358,0.0013733,0.05127
0.013428,0.002594,0.045166
0.013123,0.0068665,0.031738
0.013275,0.0032043,0.042725
0.01358,0.0015259,0.042725
0.014496,0.00045776,0.039063
0.016174,0,0.040283
0.016479,-0.00015259,0.037842
0.016479,-0.00015259,0.039063
0.01358,0.0012207,0.03418
0.016632,0.0010681,0.037842
0.016022,-0.00015259,0.039063
0.015717,-0.0021362,0.041504
0.015564,-0.0018311,0.041504
0.015411,-0.0042725,0.041504
0.014801,-0.0030518,0.05249
0.014496,-0.0016785,0.043945
0.014191,-0.00076294,0.058594
0.014191,-0.0019836,0.046387
0.014954,-0.0032043,0.040283
0.015411,-0.0050354,0.042725
0.014343,-0.0027466,0.053711
0.016937,-0.0032043,0.053711
0.017853,0.00045776,0.059814
0.016937,0.0041199,0.058594
0.018768,0.0061035,0.059814
0.019531,0.0073242,0.061035
0.021362,0.0062561,0.065918
0.02243,0.0056458,0.058594
0.024261,0.005188,0.061035
0.024261,0.0059509,0.065918
0.024414,0.0065613,0.065918
0.025177,0.005188,0.067139
0.022583,0.0028992,0.065918
0.021362,-0.0012207,0.067139
0.020142,-0.0057983,0.065918
0.018311,-0.0086975,0.076904
0.015564,-0.010529,0.064697
0.013428,-0.010223,0.05127
0.010529,-0.0093079,0.061035
0.0099182,-0.009613,0.058594
0.009613,-0.010681,0.05249
0.010834,-0.013123,0.056152
0.013428,-0.015869,0.048828
0.013885,-0.016022,0.053711
0.015259,-0.014801,0.047607
0.016632,-0.012512,0.05127
0.018005,-0.0082397,0.046387
0.019684,-0.0057983,0.048828
0.020905,-0.0045776,0.041504
0.021362,-0.0079346,0.048828
0.021667,-0.0033569,0.057373
0.022583,-0.0015259,0.043945
0.023804,0.00061035,0.046387
0.024261,0.0024414,0.042725
0.02594,0.0021362,0.023193
0.026855,0.00061035,0.036621
0.027618,-0.0016785,0.041504
0.029297,-0.0042725,0.037842
0.029907,-0.0057983,0.039063
0.031281,-0.004425,0.036621
0.031891,-0.0033569,0.040283
0.031281,-0.0013733,0.037842
0.029602,-0.0010681,0.043945
0.026855,-0.002594,0.041504
0.023804,-0.0041199,0.046387
0.02182,-0.0041199,0.047607
0.021057,-0.0035095,0.05249
0.019226,-0.0019836,0.054932
0.018005,-0.0010681,0.054932
0.014648,-0.0021362,0.05249
0.011444,-0.0042725,0.057373
0.010376,-0.0076294,0.070801
0.010529,-0.010071,0.05127
0.0090027,-0.0094604,0.05249
0.010223,-0.0057983,0.061035
0.013428,-0.0012207,0.061035
0.010834,-0.002594,0.058594
0.010071,-0.0035095,0.064697
0.010834,-0.0057983,0.059814
0.01236,-0.0068665,0.063477
0.013428,-0.0048828,0.062256
0.015564,-0.0012207,0.06958
0.017548,0.0013733,0.061035
0.019226,0.0022888,0.062256
0.0177,0.00030518,0.067139
0.018921,-0.0024414,0.065918
0.019379,-0.0057983,0.06958
0.020294,-0.0071716,0.058594
0.021362,-0.0062561,0.056152
0.022583,-0.005188,0.054932
0.023346,-0.0047302,0.041504
0.02243,-0.0057983,0.05249
0.022125,-0.007019,0.047607
0.021057,-0.0086975,0.043945
0.021515,-0.0094604,0.042725
0.019684,-0.0088501,0.043945
0.022125,-0.0064087,0.045166
0.022736,-0.0010681,0.042725
0.022888,-0.0012207,0.042725
0.02121,0.0012207,0.036621
0.020752,0.0015259,0.042725
0.020599,-0.00015259,0.040283
0.019836,0.0028992,0.041504
0.019836,0.0036621,0.036621
0.020142,0.0041199,0.036621
0.020294,0.0038147,0.045166
0.020294,0.0018311,0.041504
0.020447,-0.0012207,0.047607
0.019836,-0.0042725,0.041504
0.020294,-0.0062561,0.032959
0.021057,-0.0062561,0.037842
0.02121,-0.0054932,0.041504
0.021057,-0.0045776,0.043945
0.019989,-0.0038147,4.0625
0.019379,-0.0039673,4.8621
0.018768,-0.0038147,4.9146
0.019379,-0.0033569,4.917
0.019989,-0.00091553,4.9255
0.020599,0.00091553,4.9243
0.02121,0.0024414,4.9329
0.020294,0.0027466,4.9268
0.019379,0.0012207,4.9353
0.019379,-0.0010681,4.9451
0.019073,-0.0035095,4.9316
0.018921,-0.0056458,4.9329
0.019226,-0.0062561,4.9316
0.019073,-0.0068665,4.9377
0.018158,-0.0079346,4.9316
0.016174,-0.009613,4.928
0.014343,-0.011444,4.9353
0.013275,-0.012512,4.9341
0.013123,-0.011749,4.9304
0.01297,-0.010071,4.9341
0.014038,-0.0085449,4.9243
0.015106,-0.0065613,4.9316
0.016632,-0.0059509,4.9255
0.017242,-0.0059509,4.9304
0.018158,-0.0065613,4.9158
0.019226,-0.0064087,4.9255
0.021515,-0.0050354,4.9207
0.023193,-0.002594,4.9207
0.02594,0,4.928
0.026245,0.0028992,4.9219
0.027313,0.0039673,4.928
0.028076,0.0045776,4.9158
0.028687,0.0047302,4.9072
0.03006,0.0048828,4.9121
0.030365,0.0056458,4.906
0.03067,0.0067139,4.9097
0.029755,0.0074768,4.9121
0.027313,0.0065613,4.9084
0.025787,0.0045776,4.9109
0.024872,0.0022888,4.9072
0.024414,0.0016785,4.9121
0.025024,-0.00015259,4.906
0.024719,0.00015259,4.9121
0.023499,-0.00030518,4.9109
0.021973,-0.00030518,4.9146
0.019989,-0.0013733,4.9194
0.020142,-0.002594,4.917
0.020294,-0.0035095,4.9158
0.021667,-0.0039673,4.9194
0.023193,-0.0024414,4.9194
0.024261,-0.00015259,4.9268
0.023956,0.0030518,4.9219
0.024261,0.0048828,4.9255
0.02533,0.0054932,4.928
0.026398,0.0064087,4.9304
0.028076,0.0057983,4.9316
0.029297,0.0056458,4.9304
0.031128,0.0065613,4.9353
0.031281,0.0059509,4.9304
0.029907,0.0068665,4.9316
0.028839,0.0057983,4.9304
0.028381,0.0045776,4.9365
0.027924,0.0041199,4.9329
0.028381,0.0035095,4.9365
0.030823,0.0047302,4.9426
0.03067,0.0062561,4.9377
0.030518,0.0073242,4.939
0.029144,0.0083923,4.9377
0.027924,0.007782,4.917
0.027924,0.0065613,4.9304
0.024719,0.0048828,4.9341
0.028076,0.0035095,4.9255
0.028229,0.0033569,4.928
0.027618,0.0035095,4.9194
0.026398,0.004425,4.9231
0.026398,0.0047302,4.9194
0.02655,0.005188,4.917
0.027313,0.0045776,4.9182
0.028992,0.0053406,4.9182
0.028992,0.0061035,4.9158
0.028076,0.0076294,4.917
0.026703,0.0085449,4.9182
0.024261,0.0086975,4.9133
0.023193,0.0083923,4.9084
0.023651,0.0071716,4.9121
0.024109,0.0050354,4.8962
0.025635,0.0033569,4.9084
0.02594,0.0018311,4.9097
0.02533,0,4.9109
0.023651,0.00015259,4.9121
0.022125,-0.00076294,4.9072
0.021515,-0.0018311,4.9109
0.020752,-0.007019,4.9084
0.022278,-0.0047302,4.9109
0.024109,-0.0050354,4.9121
0.024109,-0.0059509,4.9194
0.024719,-0.002594,4.9158
0.024261,-0.00061035,4.9243
0.024109,0.0019836,4.9304
0.02655,0.0021362,4.928
0.027618,0.0041199,4.928
0.029449,0.0047302,4.9292
0.030212,0.0053406,4.9402
0.03067,0.0050354,4.9304
0.029755,0.0054932,4.9207
0.028839,0.0050354,4.9329
0.027924,0.005188,4.9329
0.027771,0.0038147,4.7498
0.029144,0.0030518,0.062256
0.029297,0.0022888,0.061035
0.023956,0.0018311,0.064697
0.026398,0.0024414,0.061035
0.025635,0.0032043,0.06958
0.024414,0.0042725,0.063477
0.025024,0.0056458,0.067139
0.024261,0.005188,0.067139
0.024414,0.0061035,0.065918
0.023499,0.0064087,0.068359
0.022125,0.0074768,0.061035
0.019836,0.0080872,0.054932
0.018463,0.007782,0.057373
0.01709,0.0071716,0.046387
0.017548,0.0062561,0.05249
0.017548,0.0048828,0.050049
0.0177,0.0039673,0.046387
0.016174,0.0064087,0.043945
0.015106,0.0041199,0.045166
0.014801,0.0041199,0.042725
0.015106,0.0042725,0.043945
0.016479,0.0042725,0.045166
0.01709,0.0032043,0.039063
0.01709,0.0032043,0.039063
0.016174,0.0041199,0.041504
0.01358,0.0035095,0.042725
0.012665,0.0032043,0.039063
0.011902,0.0021362,0.040283
0.012207,0.004425,0.047607
0.016327,0.00045776,0.040283
0.016022,0.00015259,0.047607
0.01709,0,0.039063
0.017242,-0.00076294,0.03418
0.017242,-0.00015259,0.037842
0.017395,0.0012207,0.040283
0.017548,0.0016785,0.046387
0.019226,0.0019836,0.048828
0.020752,0.00091553,0.046387
0.021362,0.00061035,0.053711
0.019836,0.0019836,0.053711
0.018768,0.0027466,0.058594
0.017548,0.0036621,0.054932
0.016937,0.004425,0.064697
0.01709,0.004425,0.057373
0.018005,0.0038147,0.062256
0.018921,0.0035095,0.076904
0.017853,0.0061035,0.062256
0.013885,0.0041199,0.059814
0.014801,0.0036621,0.062256
0.01236,0.0039673,0.062256
0.01297,0.0030518,0.057373
0.013428,0.00061035,0.064697
0.015564,0.0019836,0.065918
0.016174,0.0016785,0.065918
0.015717,0.0016785,0.062256
0.015259,0.0018311,0.063477
0.01358,0.0021362,0.061035
0.013885,0.0019836,0.061035
0.016174,0.002594,0.057373
0.017242,0.00076294,0.058594
0.019989,0.00091553,0.05249
0.019836,-0.00015259,0.053711
0.018463,-0.00045776,0.05249
0.015564,-0.00030518,0.050049
0.014801,0,0.058594
0.015259,-0.00091553,0.048828
0.016937,0.0010681,0.059814
0.019073,0.00015259,0.045166
0.018463,-0.00015259,0.0354
0.01709,0.00061035,0.042725
0.014648,0.00061035,0.042725
0.012817,0.0016785,0.039063
0.012665,0.0021362,0.039063
0.013428,0.0013733,0.036621
0.015106,-0.0012207,0.039063
0.014954,-0.0019836,0.0354
0.013885,-0.0035095,0.039063
0.012207,-0.0030518,0.036621
0.010681,-0.0016785,0.041504
0.010071,0.00091553,0.042725
0.011139,0.0022888,0.041504
0.013428,0.0021362,0.045166
0.015717,0.0018311,0.046387
0.016174,0.00076294,0.047607
0.016327,0.0013733,0.047607
0.014801,0.0028992,0.047607
0.014191,0.0036621,0.050049
0.015411,0.0047302,0.042725
0.01709,0.0047302,0.054932
0.019379,0.0028992,0.059814
0.020294,0.0010681,0.058594
0.018311,-0.0012207,0.061035
0.015717,-0.0022888,0.059814
0.013885,-0.0038147,0.063477
0.01358,-0.0032043,0.061035
0.014343,-0.0033569,0.062256
0.015869,-0.0039673,0.065918
0.016785,-0.0039673,0.061035
0.01709,-0.0042725,0.059814
0.01709,-0.0030518,0.064697
0.016022,-0.0016785,0.076904
0.017853,-0.00045776,0.068359
0.018616,0.0015259,0.068359
0.021362,0.0035095,0.067139
0.023956,0.0036621,0.045166
0.023956,0.0022888,0.058594
0.022736,0,0.054932
0.019684,-0.0015259,0.053711
0.018311,-0.0018311,0.05249
0.019073,-0.0018311,0.048828
0.018768,-0.0012207,0.048828
0.021667,-0.0012207,0.047607
0.02243,-0.0038147,0.05249
0.021973,-0.0042725,0.042725
0.020905,-0.0053406,0.046387
0.020447,-0.0033569,0.045166
0.02121,-0.0021362,0.045166
0.023041,-0.00015259,1.1011
0.022736,-0.00091553,4.6948
0.024567,-0.0022888,4.8901
0.024719,-0.0045776,4.906
0.023956,-0.005188,4.9023
0.022125,-0.0036621,4.906
0.02121,-0.0010681,4.8962
0.021057,0.00045776,4.9133
0.022736,0,4.9084
0.023193,-0.0019836,4.906
0.022888,-0.0047302,4.9084
0.02243,-0.0068665,4.9109
0.02121,-0.0076294,4.9097
0.020294,-0.0047302,4.9084
0.020294,-0.0028992,4.9194
0.02243,-0.0012207,4.9133
0.023193,-0.0019836,4.9207
0.023804,-0.0035095,4.9182
0.023346,-0.0039673,4.9255
0.021667,-0.0039673,4.9316
0.019226,-0.0021362,4.9316
0.018616,-0.00045776,4.9353
0.019989,-0.00061035,4.9255
0.020905,-0.0019836,4.9255
0.020599,-0.0045776,4.9329
0.019989,-0.0073242,4.928
0.019379,-0.0088501,4.928
0.019379,-0.0064087,4.928
0.018768,-0.0038147,4.9304
0.0177,-0.0018311,4.9341
0.024261,-0.00091553,4.9316
0.02121,-0.0033569,4.9365
0.022125,-0.0050354,4.9341
0.021515,-0.0067139,4.9194
0.018768,-0.0083923,4.9353
0.018311,-0.005188,4.9353
0.018158,-0.0033569,4.9329
0.018616,-0.0021362,4.9304
0.021973,-0.0035095,4.9329
0.024261,-0.0065613,4.9255
0.024872,-0.007019,4.9329
0.022125,-0.0053406,4.9231
0.023499,-0.0010681,4.9121
0.022888,0.0030518,4.9194
0.022888,0.0065613,4.9182
0.025024,0.0061035,4.9158
0.02594,0.0041199,4.9146
0.027161,0.0012207,4.9097
0.027008,-0.00045776,4.9146
0.028839,0.00045776,4.9109
0.024567,0.0016785,4.9109
0.023346,0.00015259,4.9109
0.023499,-0.00045776,4.9158
0.024261,-0.0050354,4.9097
0.024567,-0.007019,4.9084
0.023651,-0.007019,4.9219
0.021057,-0.0047302,4.9109
0.017853,-0.0015259,4.9121
0.016022,0.00091553,4.9084
0.015411,0.0024414,4.8938
0.0177,0.0019836,4.9109
0.019379,0,4.9133
0.020294,-0.0018311,4.9146
0.020447,-0.00061035,4.9194
0.019073,-0.0018311,4.9158
0.019379,-0.00015259,4.9316
0.018768,0.00091553,4.9255
0.02243,0.00061035,4.9292
0.019684,-0.0012207,4.9231
0.019073,-0.0027466,4.9316
0.017853,-0.002594,4.9316
0.016327,-0.0021362,4.9353
0.015411,0.0013733,4.9365
0.015106,0.0035095,4.9316
0.015411,0.0030518,4.9304
0.020142,0.0018311,4.9353
0.022125,-0.0013733,4.9451
0.023346,-0.0036621,4.9316
0.020142,-0.0036621,4.9329
0.023346,-0.0035095,4.9377
0.022125,-0.0015259,4.9341
0.02121,-0.00091553,4.9304
0.02182,-0.0013733,4.9365
0.02182,-0.0033569,4.9316
0.022125,-0.0067139,4.9316
0.022125,-0.0073242,4.9268
0.018463,-0.0068665,4.9304
0.019226,-0.002594,4.9219
0.019836,0.00045776,4.9255
0.020447,0.0012207,4.9231
0.023499,0.0015259,4.9231
0.024719,-0.00030518,4.9268
0.024567,-0.0010681,4.9194
0.022888,0.0028992,4.9207
0.023041,0.0047302,4.9158
0.023499,0.0079346,4.9023
0.025024,0.010071,4.9158
0.02594,0.0085449,4.9109
0.028839,0.0056458,4.9097
0.029602,0.0030518,4.9109
0.029602,0.00030518,4.9109
0.029144,0.004425,4.9109
0.028839,0.0074768,4.9133
0.029602,0.0088501,4.9109
0.035095,0.0086975,4.9097
0.03418,0.0065613,4.9121
0.03479,0.0038147,4.9109
0.032806,0.0030518,4.917
0.031738,0.0047302,0.036621
0.026703,0.007782,0.046387
0.025482,0.010376,0.047607
0.025482,0.010223,0.046387
0.025482,0.0079346,0.074463
0.026245,0.0039673,0.053711
0.025177,0.0016785,0.048828
0.023499,0.0018311,0.05249
0.023499,0.0036621,0.059814
0.023651,0.0065613,0.058594
0.025482,0.0079346,0.065918
0.027771,0.0068665,0.058594
0.029602,0.0050354,0.063477
0.029755,0.004425,0.058594
0.026855,0.0050354,0.059814
0.025177,0.0071716,0.062256
0.023499,0.0090027,0.065918
0.023804,0.010529,0.062256
0.023956,0.0091553,0.065918
0.027161,0.0076294,0.079346
0.029297,0.0054932,0.06958
0.029907,0.0041199,0.067139
0.028229,0.0036621,0.063477
0.027618,0.0048828,0.045166
0.026855,0.0068665,0.061035
0.027008,0.0080872,0.061035
0.026245,0.0073242,0.058594
0.026398,0.0062561,0.054932
0.024872,0.0050354,0.047607
0.023041,0.0039673,0.053711
0.021057,0.0050354,0.050049
0.021057,0.0059509,0.050049
0.02243,0.007019,0.043945
0.02243,0.0065613,0.046387
0.025482,0.0039673,0.046387
0.026398,0.00091553,0.046387
0.026093,-0.00091553,0.040283
0.025482,-0.00061035,0.042725
0.023346,0.00030518,0.042725
0.020599,0.002594,0.041504
0.019226,0.0013733,0.037842
0.018768,0.0021362,0.036621
0.019531,0.00030518,0.019531
0.018616,-0.0033569,0.0354
0.019379,-0.005188,0.042725
0.019226,-0.004425,0.0354
0.019989,-0.0032043,0.040283
0.02243,-0.0016785,0.042725
0.023804,-0.00030518,0.041504
0.026398,-0.0015259,0.040283
0.027313,-0.0022888,0.05127
0.027313,-0.0018311,0.042725
0.026855,-0.00061035,0.05249
0.025024,0.0010681,0.05249
0.024414,0.0033569,0.057373
0.025024,0.0048828,0.068359
0.02655,0.0050354,0.063477
0.027466,0.0038147,0.070801
0.028687,0.0019836,0.059814
0.028534,0.002594,0.054932
0.027771,0.0039673,0.061035
0.027008,0.0059509,0.062256
0.026703,0.0067139,0.058594
0.027924,0.0062561,0.058594
0.026093,0.0041199,0.059814
0.027008,0.0024414,0.062256
0.025635,0.0015259,0.064697
0.023804,0.0016785,0.068359
0.02121,0.0036621,0.061035
0.019379,0.0056458,0.065918
0.018921,0.0056458,0.065918
0.019226,0.005188,0.067139
0.019836,0.0032043,0.062256
0.020599,0.0018311,0.058594
0.020447,0.00091553,0.061035
0.019531,0.0010681,0.048828
0.018158,0.0024414,0.062256
0.0177,0.0021362,0.048828
0.018005,0.0021362,0.053711
0.018311,0.0010681,0.036621
0.018616,-0.00061035,0.047607
0.018768,-0.00030518,0.046387
0.017395,0.0010681,0.043945
0.016022,0.0024414,0.039063
0.016022,0.0041199,0.042725
0.016174,0.004425,0.040283
0.016632,0.0030518,0.040283
0.017853,0.0013733,0.039063
0.018005,-0.00030518,0.043945
0.017242,-0.0015259,0.039063
0.016174,-0.0018311,0.040283
0.015259,-0.0016785,0.053711
0.015411,-0.0018311,0.039063
0.015259,-0.0016785,0.042725
0.016327,-0.0022888,0.041504
0.0177,-0.0039673,0.025635
0.018921,-0.0048828,0.040283
0.018463,-0.0022888,0.040283
0.017548,-0.0013733,0.046387
0.017853,-0.00015259,0.046387
0.017395,0.00015259,0.047607
0.018768,-0.00030518,0.053711
0.018158,-0.00076294,0.056152
0.018768,-0.0016785,0.058594
0.019226,-0.0010681,0.054932
0.018616,-0.00015259,0.062256
0.019531,0.0013733,0.059814
0.019836,0.0021362,0.065918
0.020752,0.0021362,0.064697
0.022583,0.0012207,0.062256
0.021667,0.00030518,0.065918
0.021515,0.0013733,0.062256
0.021515,0.0016785,0.073242
0.021515,0.0035095,0.062256
0.020447,0.0047302,0.056152
0.019684,0.0045776,0.064697
0.018921,0.0028992,0.063477
0.0177,0.00045776,0.11719
0.016785,-0.0013733,4.646
0.016022,-0.00091553,4.9109
0.015869,0.00015259,4.9292
0.015564,0.0010681,4.9268
0.015106,0.0010681,4.9292
0.015717,0.00045776,4.9231
0.016022,-0.0018311,4.9231
0.015411,-0.0027466,4.9207
0.012207,-0.0024414,4.9231
0.015259,-0.0019836,4.9219
0.014343,-0.00076294,4.9194
0.011749,-0.0016785,4.9133
0.012207,-0.00030518,4.9146
0.011139,-0.0010681,4.9036
0.011597,-0.0024414,4.9109
0.010986,-0.0027466,4.9048
0.013275,-0.0028992,4.9121
0.013885,-0.0018311,4.9097
0.013428,-0.0024414,4.9109
0.014038,0.00030518,4.9121
0.014496,0.00015259,4.8975
0.014954,-0.0032043,4.9133
0.017242,-0.0018311,4.9084
0.016479,-0.0012207,4.9109
0.018311,-0.00015259,4.9109
0.018463,0.0024414,4.906
0.018311,0.0021362,4.9133
0.018158,0.0027466,4.9194
0.019226,0.0018311,4.9255
0.020142,0.0013733,4.9194
0.022125,-0.0022888,4.9316
0.02243,0.0030518,4.9219
0.022888,0.0056458,4.9084
0.021973,0.0068665,4.9255
0.020142,0.0073242,4.9292
0.019226,0.0062561,4.9316
0.017395,0.0035095,4.9304
0.016022,0.00091553,4.928
0.014038,0.00076294,4.9365
0.013733,0,4.9329
0.012512,-0.00030518,4.9316
0.010834,-0.0016785,4.928
0.010376,-0.005188,4.9377
0.010223,-0.0073242,4.9341
0.010529,-0.0094604,4.9353
0.011749,-0.010376,4.9451
0.012512,-0.0071716,4.9402
0.013733,-0.0039673,4.9353
0.016022,-0.00045776,4.9353
0.015106,0.00091553,4.9329
0.015717,0.00030518,4.928
0.017242,-0.0010681,4.9268
0.015869,-0.0012207,4.9207
0.02121,-0.0013733,4.9255
0.023041,0,4.9219
0.023499,0.0015259,4.9231
0.023499,0.00030518,4.9158
0.023956,0.00030518,4.9146
0.025177,-0.00076294,4.9133
0.026245,-0.0016785,4.917
0.027313,0.00015259,4.9158
0.027313,0.0010681,4.9182
0.026093,0.0016785,4.9121
0.025177,0,4.9048
0.022125,0.00045776,4.9231
0.022583,0.00030518,4.9121
0.022125,0.00061035,4.9219
0.02243,0.0015259,4.9072
0.021515,0.0030518,4.9036
0.020752,0.0035095,4.9109
0.021057,0.0030518,4.9109
0.017548,0.0018311,4.9084
0.016174,0.0012207,4.9109
0.015564,0.00045776,4.9109
0.015411,0.00030518,4.9133
0.01297,-0.00045776,4.9109
0.015564,-0.0013733,4.9207
0.014954,-0.0010681,4.9158
0.014954,-0.0016785,4.9268
0.014038,-0.0010681,4.9268
0.014496,-0.00015259,4.9304
0.015869,0.00091553,4.9341
0.015564,0.0027466,4.9304
0.016174,0.00076294,4.9329
0.015717,0.00045776,4.9414
0.016937,-0.0012207,4.9243
0.016937,-0.0013733,4.9329
0.018158,-0.0018311,4.9255
0.019836,-0.0021362,4.9292
0.018463,-0.0018311,4.9158
0.023651,-0.0027466,4.9316
0.024261,-0.0030518,4.9353
0.024872,-0.0039673,4.9353
0.025787,-0.0030518,4.9377
0.026245,-0.0032043,4.9341
0.026245,-0.0028992,4.9329
0.02594,-0.0036621,4.9341
0.025635,-0.0036621,4.9341
0.02533,-0.0030518,4.928
0.024261,-0.0024414,4.9292
0.023804,0.00030518,4.9365
0.022736,-0.0012207,4.9207
0.023041,-0.00015259,4.928
0.022583,0.0010681,4.9231
0.023041,0.0021362,4.9048
0.022888,0.0030518,4.917
0.021057,0.0013733,4.9182
0.022125,0.0012207,4.9194
0.022125,0.00030518,0.046387
0.021362,0.00015259,0.036621
0.020752,0.00030518,0.042725
0.020142,0.00076294,0.039063
0.020905,0.00045776,0.039063
0.020599,-0.0010681,0.040283
0.021362,-0.0022888,0.046387
0.02182,-0.0024414,0.037842
0.02121,-0.0010681,0.041504
0.022125,0.0012207,0.05249
0.022583,0.0030518,0.041504
0.025024,0.004425,0.042725
0.026703,0.0048828,0.041504
0.028534,0.0033569,0.026855
0.028076,0.0024414,0.042725
0.027924,0.0013733,0.047607
0.027924,0.00076294,0.047607
0.028839,0.00091553,0.05249
0.027618,0.00091553,0.050049
0.028839,0.00015259,0.056152
0.028076,-0.00030518,0.054932
0.027466,-0.0018311,0.061035
0.025482,-0.0027466,0.054932
0.024109,-0.0030518,0.062256
0.023499,-0.0027466,0.062256
0.02182,-0.0032043,0.059814
0.021515,-0.0038147,0.062256
0.018768,-0.0061035,0.059814
0.019379,-0.0074768,0.064697
0.018616,-0.0074768,0.063477
0.018158,-0.0068665,0.075684
0.017548,-0.005188,0.063477
0.021362,-0.0028992,0.056152
0.022125,-0.00091553,0.064697
0.023956,0,0.065918
0.025024,0.0012207,0.062256
0.02655,0.0024414,0.064697
0.027466,0.0033569,0.058594
0.028229,0.0054932,0.061035
0.030212,0.0079346,0.054932
0.031433,0.0094604,0.056152
0.031586,0.0097656,0.048828
0.03006,0.0091553,0.05249
0.029297,0.0068665,0.05127
0.028534,0.0050354,0.048828
0.027924,0.0033569,0.05249
0.027008,0.0021362,0.046387
0.024872,0.0013733,0.046387
0.026245,-0.00045776,0.042725
0.024567,-0.0022888,0.031738
0.022736,-0.0045776,0.039063
0.021973,-0.0056458,0.039063
0.02121,-0.0064087,0.037842
0.020905,-0.0061035,0.037842
0.021362,-0.004425,0.037842
0.021667,-0.0033569,0.042725
0.022278,-0.002594,0.037842
0.022583,-0.0018311,0.039063
0.023193,-0.0010681,0.036621
0.024261,-0.00045776,0.043945
0.025635,0.0012207,0.042725
0.026855,0.0019836,0.045166
0.026093,0.0036621,0.039063
0.027466,0.0047302,0.048828
0.028381,0.0059509,0.050049
0.028839,0.0061035,0.05127
0.027924,0.0061035,0.064697
0.029297,0.0068665,0.056152
0.027466,0.0074768,0.042725
0.027008,0.007782,0.058594
0.027161,0.0076294,0.062256
0.027313,0.0073242,0.062256
0.027161,0.007019,0.059814
0.026855,0.0068665,0.057373
0.026703,0.0053406,0.063477
0.027008,0.0076294,0.059814
0.026245,0.0080872,0.062256
0.024109,0.007782,0.058594
0.024567,0.0065613,0.065918
0.023041,0.0057983,0.064697
0.02243,0.0048828,0.068359
0.024567,0.0059509,0.080566
0.023499,0.0068665,0.065918
0.023651,0.0080872,0.062256
0.023956,0.011292,0.063477
0.023499,0.0091553,0.056152
0.022736,0.0080872,0.057373
0.022125,0.0071716,0.056152
0.02182,0.0068665,0.05249
0.021515,0.0064087,0.050049
0.020142,0.0065613,0.048828
0.019226,0.0067139,0.046387
0.018463,0.0085449,0.045166
0.018921,0.0045776,0.047607
0.018005,0.002594,0.043945
0.018311,0.0018311,0.047607
0.018921,0.0015259,0.042725
0.019684,0.002594,0.043945
0.019989,0.0024414,0.040283
0.020752,0.0027466,0.042725
0.020599,0.0012207,0.05249
0.020752,0.0010681,0.041504
0.021515,0.0010681,0.05249
0.023193,0.0039673,0.036621
0.023804,0.0032043,0.030518
0.024719,0.0039673,0.040283
0.02594,0.0050354,0.040283
0.027008,0.0041199,0.039063
0.027008,0.0042725,0.039063
0.027313,0.0042725,0.040283
0.027771,0.0041199,0.043945
0.027313,0.0059509,0.045166
0.027008,0.007019,0.050049
0.025787,0.007782,0.046387
0.022125,0.007782,0.056152
0.023651,0.0079346,0.059814
0.023651,0.0074768,0.058594
0.023499,0.0065613,0.063477
0.023041,0.007019,4.4275
0.022278,0.007019,4.8938
0.022583,0.0059509,4.9268
0.022125,0.0062561,4.9341
0.02182,0.0057983,4.9329
0.022583,0.0054932,4.9377
0.022125,0.0064087,4.9292
0.022278,0.0065613,4.9316
0.021362,0.0067139,4.9329
0.021362,0.0064087,4.9377
0.02182,0.0061035,4.9377
0.02121,0.0047302,4.939
0.023193,0.0062561,4.9353
0.023956,0.0047302,4.9365
0.024109,0.0047302,4.9329
0.023651,0.0059509,4.9316
0.022736,0.0024414,4.9268
0.020905,0.0018311,4.9219
0.019989,0.0033569,4.939
0.018463,0.0013733,4.9231
0.016632,0.0019836,4.9255
0.014648,0.0018311,4.9243
0.014191,0.00091553,4.8975
0.013885,-0.00045776,4.9109
0.013275,-0.0016785,4.917
0.014038,-0.0021362,4.9146
0.014801,-0.0018311,4.9121
0.016479,-0.00076294,4.9109
0.018158,-0.00091553,4.9158
0.018921,0.00015259,4.9072
0.020294,-0.00030518,4.9084
0.020752,0.00030518,4.906
0.021057,0.00091553,4.9146
0.021515,0.00045776,4.917
0.021057,0.0010681,4.9109
0.021057,0.0019836,4.9097
0.02182,0.00091553,4.9072
0.020142,-0.00091553,4.9084
0.020142,-0.00045776,4.9109
0.020447,0.00015259,4.9133
0.021362,-0.00045776,4.9133
0.022736,-0.0010681,4.917
0.02243,-0.00076294,4.9194
0.02243,-0.00061035,4.9182
0.022278,-0.0010681,4.9304
0.02243,-0.0013733,4.9255
0.021515,-0.0013733,4.9255
0.020447,-0.0022888,4.928
0.023956,-0.0016785,4.928
0.019379,-0.0024414,4.9329
0.018463,-0.0032043,4.9329
0.0177,-0.0033569,4.9329
0.017242,-0.0045776,4.9292
0.016174,-0.0050354,4.9304
0.016479,-0.0053406,4.9414
0.017242,-0.0048828,4.9329
0.018158,-0.0057983,4.9402
0.018768,-0.0041199,4.9353
0.019836,-0.0038147,4.9243
0.020599,-0.0035095,4.9353
0.020142,-0.0038147,4.9329
0.020294,-0.0039673,4.9304
0.019989,-0.0038147,4.9353
0.018616,-0.0042725,4.9243
0.021515,-0.0047302,4.9292
0.021362,-0.005188,4.9255
0.021362,-0.0053406,4.9292
0.020447,-0.0045776,4.9109
0.019379,-0.0047302,4.9231
0.018311,-0.0027466,4.9231
0.019379,-0.0016785,4.9207
0.020142,-0.0015259,4.9158
0.020294,-0.00061035,4.917
0.019989,-0.00045776,4.9146
0.019379,-0.0016785,4.9133
0.018616,-0.0018311,4.9133
0.018311,-0.0015259,4.9109
0.018616,-0.0015259,4.906
0.019531,-0.0019836,4.9158
0.019073,-0.0024414,4.9097
0.018005,-0.0036621,4.9109
0.017242,-0.0039673,4.9097
0.014496,-0.0041199,4.9182
0.01297,-0.0047302,4.9023
0.010223,-0.0048828,4.9121
0.010223,-0.0059509,4.9146
0.0094604,-0.0067139,4.9097
0.0099182,-0.007782,4.9133
0.010986,-0.0080872,4.895
0.010376,-0.0083923,4.9121
0.010071,-0.0080872,4.9316
0.011902,-0.0054932,4.9194
0.015411,-0.0042725,4.9292
0.0177,-0.0027466,4.9304
0.019989,-0.00076294,4.9121
0.022278,0.00045776,4.9268
0.023956,0.0030518,4.9304
0.023804,0.0041199,4.9304
0.023193,0.0039673,4.9292
0.022888,0.0033569,4.9268
0.025635,0.0016785,4.9353
0.023041,0.00030518,4.9316
0.023651,-0.00030518,4.9304
0.023346,-0.0013733,4.9255
0.023041,-0.0015259,4.9341
0.023651,-0.0019836,4.9329
0.023346,-0.0021362,4.9365
0.022736,-0.0019836,4.939
0.023041,-0.00091553,4.939
0.023804,0.00030518,0.065918
0.025024,0.0010681,0.064697
0.025177,0.0015259,0.070801
0.023956,-0.00030518,0.057373
0.02182,-0.00076294,0.041504
0.020294,-0.00091553,0.05127
0.018768,-0.0012207,0.05249
0.0177,-0.00030518,0.047607
0.016479,0.0010681,0.053711
0.014954,0.0010681,0.046387
0.014038,0.0015259,0.047607
0.012054,0.0013733,0.043945
0.010986,0.00076294,0.048828
0.010376,0.00015259,0.042725
0.010834,-0.0019836,0.045166
0.010376,-0.004425,0.042725
0.013275,-0.0047302,0.041504
0.014343,-0.0048828,0.05249
0.015106,-0.0054932,0.042725
0.015259,-0.0056458,0.054932
0.015717,-0.004425,0.037842
0.016785,-0.0038147,0.029297
0.017853,-0.00045776,0.036621
0.019684,0.0016785,0.037842
0.020294,0.0030518,0.03418
0.02182,0.0027466,0.040283
0.021515,0.002594,0.042725
0.021362,0.00091553,0.043945
0.024261,0.0021362,0.042725
0.023041,0.0015259,0.050049
0.023193,0.0022888,0.047607
0.023651,0.002594,0.056152
0.022736,0.0035095,0.057373
0.021362,0.0021362,0.062256
0.019226,0.0024414,0.067139
0.017548,0.0012207,0.062256
0.015717,0.0038147,0.063477
0.014954,0.0047302,0.059814
0.014038,0.0048828,0.074463
0.013275,0.0062561,0.063477
0.01236,0.0012207,0.063477
0.010986,-0.0010681,0.057373
0.010223,-0.0019836,0.062256
0.0093079,-0.0012207,0.061035
0.012512,0.0010681,0.064697
0.015259,0.0032043,0.063477
0.017853,0.0048828,0.06958
0.021362,0.007019,0.064697
0.023651,0.0056458,0.064697
0.025482,0.0068665,0.062256
0.024567,0.007019,0.064697
0.029449,0.0091553,0.058594
0.030518,0.011139,0.057373
0.031281,0.01297,0.06958
0.031281,0.013123,0.05127
0.028992,0.012512,0.053711
0.026093,0.010529,0.05127
0.023956,0.0073242,0.030518
0.020599,0.0062561,0.045166
0.018463,0.0053406,0.041504
0.017242,0.0041199,0.042725
0.015106,0.0021362,0.042725
0.011292,-0.0012207,0.039063
0.011749,-0.0059509,0.041504
0.010681,-0.010681,0.039063
0.011139,-0.015106,0.040283
0.010681,-0.014343,0.037842
0.012054,-0.012817,0.042725
0.014191,-0.010834,0.040283
0.014343,-0.007782,0.039063
0.016327,-0.0048828,0.036621
0.014801,-0.0022888,0.041504
0.018921,-0.00091553,0.037842
0.019989,0.0041199,0.042725
0.022125,0.0079346,0.041504
0.025024,0.010986,0.042725
0.026855,0.014648,0.045166
0.027618,0.012054,0.047607
0.029907,0.010681,0.05127
0.032196,0.0094604,0.050049
0.034332,0.0088501,0.054932
0.036621,0.010834,0.053711
0.038452,0.012817,0.059814
0.039063,0.015106,0.05127
0.037689,0.016785,0.063477
0.035706,0.016327,0.058594
0.033264,0.015259,0.064697
0.032349,0.013123,0.059814
0.028687,0.010529,0.063477
0.027618,0.0091553,0.070801
0.027008,0.0065613,0.065918
0.025482,0.002594,0.063477
0.023804,-0.0013733,0.063477
0.022736,-0.0045776,0.058594
0.022583,-0.0091553,0.064697
0.020599,-0.0074768,0.065918
0.021057,-0.007019,0.065918
0.020142,-0.005188,0.064697
0.018158,-0.0035095,0.057373
0.017548,-0.0021362,0.057373
0.016785,-0.0021362,0.054932
0.017548,-0.00061035,0.064697
0.019379,0.0027466,0.047607
0.02121,0.0038147,0.05249
0.022888,0.0073242,0.05127
0.025177,0.010376,0.053711
0.028076,0.011749,0.043945
0.03006,0.01236,0.046387
0.031586,0.011292,0.053711
0.037079,0.010986,0.042725
0.037537,0.010681,0.05127
0.040741,0.010681,0.040283
0.042267,0.011444,0.039063
0.041962,0.011139,0.0354
0.039673,0.0062561,0.042725
0.041504,0.0036621,0.039063
0.040588,0.0010681,0.040283
0.039673,0.00030518,4.3579
0.037384,0.0010681,4.873
0.036469,0.0030518,4.8999
0.03479,0.0047302,4.9109
0.033264,0.0047302,4.9097
0.032959,0.005188,4.9121
0.031281,0.0053406,4.9182
0.032043,0.004425,4.917
0.03067,0.0053406,4.9292
0.029297,0.0054932,4.9207
0.028229,0.0061035,4.9207
0.025024,0.0061035,4.9292
0.022888,0.0054932,4.9182
0.021057,0.0050354,4.928
0.020447,0.0036621,4.928
0.016174,0.0024414,4.9329
0.019684,0.0027466,4.9329
0.021057,0.0024414,4.9194
0.022583,0.0032043,4.9304
0.023956,0.0028992,4.9316
0.024872,0.0042725,4.9329
0.026093,0.0027466,4.928
0.028687,0.0030518,4.9365
0.030212,0.0033569,4.9353
0.032501,0.0032043,4.9365
0.033112,0.0036621,4.9353
0.032654,0.0036621,4.9377
0.033417,0.002594,4.939
0.032959,0.00076294,4.9365
0.033417,-0.00061035,4.9414
0.033417,-0.0022888,4.9268
0.032959,-0.0038147,4.9146
0.032806,-0.005188,4.9255
0.029602,-0.0073242,4.9268
0.027161,-0.0080872,4.9207
0.023651,-0.0091553,4.9207
0.021515,-0.010071,4.9207
0.021057,-0.0085449,4.917
0.020447,-0.0061035,4.9072
0.020752,-0.0038147,4.9182
0.019531,-0.0019836,4.9109
0.018311,-0.0012207,4.9158
0.018616,-0.0013733,4.9158
0.018158,-0.0012207,4.9109
0.019226,-0.00091553,4.9158
0.019836,0.00030518,4.9121
0.022125,0.0019836,4.9097
0.023041,0.002594,4.9109
0.023193,0.0032043,4.9023
0.023346,0.0022888,4.9133
0.024872,0.0024414,4.9084
0.026398,0.0035095,4.9084
0.028229,0.0056458,4.9097
0.029907,0.0068665,4.9097
0.030518,0.007782,4.9133
0.030365,0.0068665,4.9109
0.03006,0.0054932,4.9194
0.029755,0.0050354,4.9194
0.028076,0.0022888,4.9243
0.027466,-0.00030518,4.9268
0.026245,-0.0010681,4.9255
0.023499,-0.0032043,4.9231
0.02243,-0.0039673,4.9292
0.019836,-0.0038147,4.9329
0.018005,-0.0042725,4.9292
0.016937,-0.0030518,4.9402
0.016174,-0.0022888,4.9341
0.015717,-0.0015259,4.9133
0.015259,-0.00061035,4.928
0.015259,-0.00045776,4.9341
0.015564,-0.00030518,4.9365
0.016022,-0.00061035,4.9329
0.016632,-0.0018311,4.9329
0.0177,-0.0038147,4.9353
0.017548,-0.0048828,4.9329
0.018616,-0.0062561,4.9353
0.018311,-0.0059509,4.9304
0.018616,-0.0050354,4.9365
0.018311,-0.0028992,4.9292
0.019226,-0.00076294,4.9329
0.020599,0.0010681,4.9316
0.020599,0.00091553,4.9292
0.022736,0.0021362,4.9219
0.022736,0.0045776,4.9231
0.023041,0.0047302,4.9097
0.02182,0.0061035,4.9182
0.022583,0.0038147,4.9158
0.022125,0.0012207,4.9158
0.02121,-0.0013733,4.9146
0.019531,-0.0030518,4.9109
0.018158,-0.005188,4.9133
0.016327,-0.0053406,4.9048
0.014648,-0.0053406,4.9109
0.013733,-0.0038147,4.906
0.013733,-0.0035095,4.9121
0.014038,-0.0036621,4.9097
0.014343,-0.0018311,4.9146
0.015564,-0.0038147,4.9097
0.01358,-0.0024414,4.9109
0.014496,-0.00091553,4.917
0.014343,0,4.9133
0.014954,0.00061035,4.9182
0.014801,-0.00030518,4.917
0.01709,-0.00015259,4.9097
0.017395,-0.00061035,4.9182
0.017242,-0.00076294,4.9158
0.016479,-0.00061035,4.9182
0.018158,-0.00015259,4.928
0.015564,0.00030518,4.9255
0.016174,0.00015259,4.9292
0.016785,-0.00030518,0.059814
0.0177,-0.00091553,0.063477
0.018463,-0.00045776,0.059814
0.019531,0.0016785,0.064697
0.019684,0.0038147,0.064697
0.023193,0.0035095,0.064697
0.020905,0.0050354,0.070801
0.021515,0.0035095,0.064697
0.022125,0.0015259,0.064697
0.02121,0,0.062256
0.020752,-0.00061035,0.063477
0.018921,0.00030518,0.065918
0.019379,0.0015259,0.063477
0.018005,0.0036621,0.064697
0.018005,0.0047302,0.062256
0.0177,0.0039673,0.061035
0.019836,0.0030518,0.061035
0.0177,0.0028992,0.054932
0.017548,0.004425,0.056152
0.018158,0.0057983,0.05127
0.018005,0.007019,0.05127
0.018005,0.0074768,0.05249
0.016937,0.0059509,0.053711
0.016479,0.0013733,0.045166
0.014038,0.00091553,0.045166
0.015106,0.0013733,0.057373
0.014801,0.0027466,0.042725
0.014343,0.004425,0.053711
0.013275,0.0047302,0.045166
0.012817,0.0041199,0.039063
0.013123,0.0024414,0.037842
0.014038,0.0030518,0.039063
0.014496,0.00030518,0.037842
0.015564,0.0010681,0.041504
0.015564,0.0015259,0.032959
0.015564,0.0015259,0.042725
0.015259,0.0018311,0.040283
0.014801,0.00076294,0.039063
0.015411,0.00015259,0.037842
0.015869,0.00061035,0.046387
0.016174,0.00015259,0.043945
0.016937,0.0022888,0.047607
0.018616,0.0042725,0.063477
0.018158,0.0050354,0.050049
0.018005,0.0038147,0.056152
0.018921,0.00091553,0.053711
0.022888,-0.00091553,0.046387
0.019684,0,0.058594
0.02121,0.0013733,0.054932
0.020752,-0.0028992,0.057373
0.02182,0.0024414,0.064697
0.021057,0.00030518,0.061035
0.019836,-0.0012207,0.062256
0.020142,-0.0027466,0.061035
0.020599,-0.0016785,0.063477
0.022583,0.00076294,0.058594
0.024719,0.0028992,0.062256
0.023956,0.0036621,0.061035
0.02594,0.0030518,0.06958
0.024414,0.0016785,0.06958
0.022125,0.00030518,0.064697
0.023193,0.00061035,0.070801
0.023651,0.0022888,0.064697
0.023499,0.0053406,0.074463
0.02182,0.0067139,0.057373
0.02182,0.0062561,0.046387
0.019684,0.0053406,0.054932
0.018921,0.0035095,0.046387
0.018616,0.0032043,0.045166
0.02121,0.002594,0.047607
0.022583,0.0032043,0.047607
0.023956,0.0016785,0.045166
0.024261,0.0041199,0.045166
0.023956,0.0032043,0.045166
0.022888,0.0018311,0.039063
0.022278,0.0030518,0.043945
0.021973,-0.00015259,0.040283
0.022736,0.00076294,0.037842
0.021973,0.0021362,0.036621
0.020142,0.0032043,0.042725
0.02121,0.002594,0.041504
0.020142,0.00076294,0.040283
0.020294,-0.0022888,0.031738
0.023499,-0.0045776,0.039063
0.022888,-0.0042725,0.036621
0.023956,-0.0030518,0.036621
0.024414,-0.0018311,0.041504
0.023651,-0.0010681,0.041504
0.023651,-0.0019836,0.043945
0.023804,-0.0019836,0.045166
0.023651,-0.00091553,0.05127
0.025024,-0.00061035,0.048828
0.024719,0.0038147,0.054932
0.025024,0.0068665,0.057373
0.02533,0.0086975,0.058594
0.024414,0.0083923,0.057373
0.024567,0.0061035,0.061035
0.024719,0.0036621,0.070801
0.02594,0.0024414,0.061035
0.026855,0.0022888,0.070801
0.026855,0.0030518,0.062256
0.025482,0.004425,0.045166
0.025482,0.0038147,0.061035
0.024872,0.0019836,0.058594
0.023956,0.0013733,0.064697
0.023499,0.00076294,0.064697
0.022583,0.00061035,0.062256
0.022278,0.00091553,0.068359
0.022125,0.0015259,0.064697
0.022278,0.0010681,0.057373
0.022888,-0.00091553,0.057373
0.023499,-0.0016785,0.062256
0.024414,-0.0027466,0.056152
0.02594,-0.0019836,0.056152
0.027466,-0.00061035,0.059814
0.027466,0.0012207,0.05249
0.026855,0.0032043,0.625
0.026245,0.0038147,4.6716
0.02594,0.0028992,4.8975
0.024719,0.00076294,4.9158
0.02594,-0.00076294,4.9084
0.026398,-0.0018311,4.9158
0.027618,-0.0019836,4.9109
0.028839,-0.0024414,4.9084
0.028229,-0.00045776,4.9097
0.028381,-0.00030518,4.9072
0.027161,-0.00061035,4.9097
0.027618,-0.0018311,4.9048
0.027618,-0.0032043,4.9133
0.027924,-0.0030518,4.9084
0.027771,-0.0015259,4.9133
0.027161,0.00091553,4.9097
0.026703,0.00091553,4.9121
0.026398,0.00091553,4.9207
0.027161,-0.00061035,4.9121
0.028687,-0.0016785,4.9207
0.028992,-0.0019836,4.9121
0.028992,-0.0010681,4.9048
0.028687,0.0010681,4.9231
0.026398,0.0030518,4.9194
0.025177,0.0030518,4.9207
0.024414,0.0019836,4.9219
0.024414,0.00045776,4.9316
0.025787,-0.00015259,4.9268
0.026093,0.0016785,4.9292
0.026245,0.0033569,4.9329
0.025787,0.0047302,4.9292
0.025482,0.0045776,4.9329
0.025635,0.0032043,4.9316
0.02533,0.0015259,4.9341
0.026703,0.00045776,4.9353
0.027313,0.00061035,4.9365
0.028381,0.0013733,4.9329
0.027618,0.0019836,4.9329
0.025787,0.0015259,4.9451
0.025177,0,4.9365
0.024872,-0.002594,4.9377
0.024261,-0.0042725,4.9329
0.027313,-0.0047302,4.9329
0.028076,-0.0033569,4.9304
0.027466,-0.0021362,4.9304
0.025787,-0.00091553,4.9231
0.023804,-0.0010681,4.9219
0.022736,-0.00076294,4.9207
0.022278,0.00030518,4.9231
0.022888,0.0010681,4.9182
0.024261,0.002594,4.9207
0.024109,0.0048828,4.9109
0.023804,0.0067139,4.9182
0.023499,0.0074768,4.9292
0.023346,0.0074768,4.9158
0.024261,0.0064087,4.9158
0.027161,0.005188,4.9109
0.027771,0.0038147,4.895
0.028534,0.0036621,4.9097
0.027924,0.0036621,4.9097
0.026703,0.002594,4.9109
0.026703,0.0021362,4.9109
0.027008,0.0012207,4.9036
0.027008,0.0016785,4.9109
0.028534,-0.0012207,4.9084
0.028534,-0.00061035,4.9109
0.028076,-0.002594,4.9121
0.026093,0.0027466,4.917
0.024109,0.0019836,4.9182
0.023041,0.0035095,4.9207
0.022125,0.0035095,4.9194
0.022736,0.0028992,4.9231
0.023041,0.0033569,4.9231
0.022736,0.0035095,4.9243
0.02182,0.0041199,4.9365
0.021362,0.0041199,4.9304
0.020905,0.0047302,4.9182
0.020752,0.005188,4.9304
0.02182,0.0054932,4.9268
0.022278,0.0042725,4.9268
0.022888,0.0039673,4.9329
0.022125,0.004425,4.9304
0.019836,0.0041199,4.9341
0.018463,0.0053406,4.9341
0.016937,0.0064087,4.9377
0.017395,0.0061035,4.9329
0.019226,0.0050354,4.9377
0.020447,0.0041199,4.9341
0.020294,0.0024414,4.939
0.019379,0.0021362,4.9426
0.019531,0.0010681,4.9329
0.019531,-0.00015259,4.9316
0.019684,-0.00091553,4.9255
0.021667,-0.002594,4.9109
0.022736,-0.0028992,4.9219
0.023041,-0.0030518,4.9194
0.022888,-0.0028992,4.917
0.020294,-0.00015259,4.9207
0.018768,0.0016785,4.9182
0.019531,0.0032043,4.9182
0.019989,0.0041199,4.8962
0.02243,0.0036621,4.917
0.02533,0.0033569,4.9084
0.025024,0.0024414,4.9146
0.023499,0.0032043,4.9133
0.02182,0.0036621,4.9036
0.021362,0.0018311,4.9109
0.022278,0.0045776,4.9146
0.019989,0.00045776,4.9097
0.022736,-0.00076294,4.9084
0.022583,-0.00076294,4.9084
0.021667,-0.0015259,0.036621
0.020752,-0.00091553,0.031738
0.020752,-0.00030518,0.039063
0.022125,0.00030518,0.043945
0.024567,0.0042725,0.041504
0.02655,0.0018311,0.047607
0.027313,0.0022888,0.045166
0.028076,0.0015259,0.050049
0.024261,0.0036621,0.050049
0.021973,0.0033569,0.053711
0.021362,0.0045776,0.058594
0.022278,0.0042725,0.058594
0.023193,0.005188,0.058594
0.024872,0.0045776,0.063477
0.024261,-0.00076294,0.073242
0.022888,0.0032043,0.061035
0.02182,0.0015259,0.067139
0.02121,0.00076294,0.062256
0.020905,0.00045776,0.043945
0.021667,0.0012207,0.058594
0.021515,-0.0016785,0.065918
0.021057,-0.0033569,0.059814
0.019379,-0.0035095,0.064697
0.01709,-0.0024414,0.062256
0.015411,-0.0016785,0.06958
0.015106,-0.00015259,0.063477
0.019073,0.0015259,0.064697
0.018921,0.00061035,0.059814
0.02182,0,0.061035
0.022736,-0.00091553,0.057373
0.023956,-0.0010681,0.056152
0.02182,-0.00030518,0.057373
0.021667,0,0.05127
0.023041,-0.0018311,0.05127
0.024109,0.00076294,0.05249
0.024719,-0.00030518,0.045166
0.024261,-0.00076294,0.047607
0.02243,-0.00091553,0.042725
0.019989,0.00061035,0.042725
0.018311,0.0018311,0.042725
0.018005,0.0030518,0.040283
0.019531,0.0032043,0.043945
0.020752,0.0019836,0.039063
0.021973,0.00091553,0.037842
0.021057,0.00030518,0.036621
0.019531,0.00045776,0.042725
0.018158,0.00076294,0.039063
0.017395,0.0015259,0.040283
0.018921,0.0021362,0.040283
0.020142,0.0015259,0.039063
0.021362,0.00061035,0.05249
0.021515,0.00015259,0.042725
0.019989,0,0.056152
0.018921,0.0013733,0.041504
0.018768,0.0016785,0.036621
0.018768,0.0022888,0.050049
0.021515,0.0016785,0.048828
0.023346,0.00045776,0.053711
0.024567,-0.00076294,0.056152
0.023956,-0.0021362,0.056152
0.022583,-0.0022888,0.062256
0.020905,-0.0010681,0.061035
0.020294,0.00015259,0.063477
0.02121,0.00015259,0.057373
0.022888,-0.00076294,0.057373
0.023346,-0.0021362,0.063477
0.023346,-0.0036621,0.063477
0.021515,-0.0042725,0.064697
0.021057,-0.0039673,0.062256
0.020142,-0.0024414,0.064697
0.020142,-0.00076294,0.064697
0.021362,0.0015259,0.078125
0.021973,-0.00076294,0.067139
0.021667,-0.00061035,0.063477
0.020447,-0.0018311,0.047607
0.018616,-0.0012207,0.061035
0.017853,0.0010681,0.058594
0.018921,0.0027466,0.056152
0.020752,0.0038147,0.053711
0.024109,0.0035095,0.048828
0.026093,0.0036621,0.047607
0.026398,0.0033569,0.05249
0.025024,0.0045776,0.047607
0.024872,0.0076294,0.050049
0.024261,0.007782,0.043945
0.02594,0.0079346,0.045166
0.026245,0.0074768,0.053711
0.026093,0.0054932,0.043945
0.024414,0.0033569,0.043945
0.02182,0.0019836,0.043945
0.019989,0.0019836,0.020752
0.017242,0.0030518,0.039063
0.017548,0.0035095,0.037842
0.018768,0.0016785,0.039063
0.019073,0,0.040283
0.018616,-0.0022888,0.03418
0.017395,-0.0045776,0.039063
0.016174,-0.0035095,0.036621
0.014648,-0.0021362,0.041504
0.013885,-0.00076294,0.037842
0.014496,-0.0010681,0.042725
0.014954,-0.002594,0.046387
0.015411,-0.0056458,0.048828
0.014954,-0.0076294,0.048828
0.01236,-0.007782,0.048828
0.014191,-0.0053406,0.054932
0.014954,-0.0024414,0.057373
0.017548,0.00061035,0.063477
0.019989,0.00076294,0.058594
0.022583,0.00015259,0.050049
0.024261,-0.00076294,0.062256
0.025482,-0.00091553,0.061035
0.025635,0.0015259,0.061035
0.02533,0.0047302,0.062256
0.026855,0.0065613,0.056152
0.027771,0.0048828,0.062256
0.028229,0.0024414,4.5081
0.028381,-0.00015259,4.8999
0.027161,-0.0015259,4.9255
0.02594,-0.0018311,4.9341
0.025024,0.00030518,4.9329
0.024261,0.0010681,4.9341
0.025177,0.0016785,4.9426
0.025024,0,4.9353
0.024872,-0.0013733,4.9304
0.023041,-0.0019836,4.9268
0.021057,-0.0019836,4.9207
0.017548,-0.00030518,4.9231
0.015106,0.002594,4.9182
0.014801,0.0028992,4.9182
0.014496,0.0032043,4.9219
0.016174,0.0012207,4.917
0.016479,-0.00076294,4.917
0.015717,-0.0012207,4.9084
0.014801,0.00015259,4.9182
0.014191,0.0016785,4.9084
0.014648,0.0035095,4.9109
0.016022,0.0071716,4.9146
0.0177,0.004425,4.917
0.020905,0.0021362,4.9084
0.020752,0.0012207,4.9109
0.020294,0.0010681,4.9219
0.020447,0.0038147,4.9097
0.021057,0.0064087,4.9194
0.024567,0.0079346,4.9072
0.024414,0.0074768,4.895
0.026245,0.0059509,4.9109
0.027161,0.0032043,4.9121
0.025177,0.0022888,4.9109
0.022125,0.0019836,4.9194
0.021362,0.0019836,4.9133
0.019531,0.0016785,4.9182
0.019989,0.00091553,4.9194
0.019989,-0.0015259,4.9243
0.020142,-0.0045776,4.9207
0.019226,-0.0061035,4.9329
0.016479,-0.0056458,4.9292
0.014343,-0.0041199,4.9316
0.014343,-0.0022888,4.9426
0.015717,-0.00076294,4.9316
0.017242,0.00015259,4.9219
0.018616,0.00030518,4.9353
0.019073,0,4.9316
0.019226,0.0016785,4.9316
0.018005,0.004425,4.9365
0.019531,0.0062561,4.9353
0.021362,0.0047302,4.9353
0.025024,0.0091553,4.9341
0.027161,0.0090027,4.939
0.028839,0.0086975,4.9341
0.029144,0.0091553,4.9341
0.03067,0.0088501,4.9292
0.027771,0.010376,4.9341
0.028229,0.010071,4.928
0.028381,0.0059509,4.9268
0.03067,0.0041199,4.9255
0.029602,-0.00045776,4.9231
0.029449,-0.0030518,4.9292
0.028534,-0.0038147,4.9194
0.024872,-0.0039673,4.9292
0.023346,-0.0032043,4.9158
0.022888,-0.0050354,4.9084
0.021973,-0.0061035,4.906
0.022125,-0.0080872,4.9158
0.020905,-0.010071,4.9121
0.019684,-0.007019,4.9084
0.017853,-0.0074768,4.9084
0.017242,-0.0050354,4.9121
0.018158,-0.0021362,4.9097
0.015717,-0.0021362,4.9109
0.021515,-0.004425,4.9084
0.022736,-0.0050354,4.9109
0.023041,-0.0053406,4.9072
0.023804,-0.002594,4.9133
0.023041,0.0012207,4.9146
0.023193,0.0045776,4.9146
0.024567,0.0061035,4.9133
0.027466,0.0065613,4.9146
0.029755,0.0047302,4.9133
0.030365,0.0033569,4.9219
0.030365,0.0033569,4.9219
0.029907,0.0030518,4.9219
0.029602,0.0041199,4.9194
0.03067,0.0045776,4.9255
0.031738,0.0024414,4.928
0.033264,0.00045776,4.9292
0.032654,-0.0035095,4.9316
0.03067,-0.0038147,4.9316
0.028076,-0.002594,4.9316
0.024567,-0.00015259,4.9304
0.022583,0.0013733,4.9353
0.021515,0.0032043,4.9292
0.019989,-0.00015259,4.9353
0.019836,-0.0030518,4.939
0.018005,-0.0038147,4.9353
0.015411,-0.005188,4.9414
0.015259,-0.0016785,4.9377
0.015259,0.00030518,4.9194
0.016174,0.00091553,4.9353
0.017853,-0.00045776,4.9365
0.019836,-0.0022888,4.9304
0.02182,-0.004425,4.9316
0.02182,-0.0039673,4.9255
0.02182,-0.0022888,4.9255
0.02182,0.00045776,4.928
0.022583,0.0021362,4.9231
0.023346,0.0019836,0.048828
0.027008,0.0013733,0.046387
0.029297,-0.00015259,0.05127
0.031281,0.00030518,0.046387
0.033722,0.0018311,0.05249
0.032043,0.0045776,0.046387
0.033112,0.0071716,0.039063
0.034027,0.0076294,0.042725
0.036163,0.0068665,0.026855
0.036316,0.0045776,0.037842
0.036011,0.0024414,0.040283
0.033569,0.0016785,0.041504
0.030365,0.0032043,0.040283
0.026855,0.0053406,0.0354
0.026245,0.007782,0.043945
0.024261,0.0071716,0.036621
0.024261,0.0057983,0.041504
0.023651,0.0036621,0.040283
0.021973,0.0016785,0.040283
0.020294,0.0016785,0.045166
0.017242,0.0030518,0.048828
0.017242,0.0048828,0.05127
0.016937,0.004425,0.054932
0.019379,0.0033569,0.056152
0.020142,0.0013733,0.056152
0.020294,-0.00076294,0.070801
0.019073,-0.00076294,0.057373
0.018005,0.00076294,0.050049
0.0177,0.0030518,0.061035
0.019073,0.0047302,0.056152
0.021362,0.0047302,0.058594
0.023651,0.0032043,0.062256
0.02533,0.00076294,0.061035
0.026093,-0.0010681,0.062256
0.026703,-0.0012207,0.061035
0.027161,0.00015259,0.065918
0.027313,0.0019836,0.062256
0.028839,0.0018311,0.065918
0.029602,0.00091553,0.065918
0.029907,-0.0021362,0.067139
0.029449,-0.0045776,0.06958
0.029144,-0.0041199,0.059814
0.026093,-0.0022888,0.058594
0.025482,0.00061035,0.056152
0.025177,-0.00030518,0.05127
0.02655,0.0015259,0.056152
0.028076,-0.00061035,0.05127
0.028992,-0.0032043,0.047607
0.028839,-0.004425,0.048828
0.027771,-0.0036621,0.043945
0.027008,-0.0013733,0.047607
0.026245,0.00045776,0.039063
0.026398,0.0032043,0.043945
0.027161,0.0012207,0.040283
0.027313,-0.00045776,0.041504
0.027924,-0.00076294,0.042725
0.027466,0.00091553,0.041504
0.026703,0.0039673,0.036621
0.026245,0.0061035,0.042725
0.026245,0.0073242,0.050049
0.027313,0.0068665,0.041504
0.027466,0.0054932,0.047607
0.028229,0.0032043,0.032959
0.027771,0.0028992,0.031738
0.026245,0.0033569,0.039063
0.024872,0.0050354,0.042725
0.023346,0.0061035,0.042725
0.023193,0.0057983,0.046387
0.023193,0.0045776,0.045166
0.022736,0.0027466,0.05249
0.022888,0.0016785,0.045166
0.02243,0.0024414,0.054932
0.022736,0.0028992,0.05127
0.022736,0.0039673,0.061035
0.02121,0.0041199,0.061035
0.022736,0.0022888,0.061035
0.023041,0,0.076904
0.02243,-0.0016785,0.059814
0.022125,-0.0024414,0.058594
0.02121,-0.00076294,0.061035
0.019989,0.00030518,0.065918
0.019226,-0.0010681,0.057373
0.0177,0.0012207,0.05249
0.016479,0.00015259,0.062256
0.0177,0.00015259,0.065918
0.018463,0.00030518,0.064697
0.018463,0.0016785,0.067139
0.019073,0.004425,0.063477
0.019989,0.0056458,0.061035
0.020447,0.0067139,0.059814
0.020905,0.0057983,0.062256
0.02121,0.0045776,0.054932
0.021515,0.0035095,0.057373
0.024872,0.0033569,0.047607
0.019836,0.0042725,0.053711
0.018921,0.0059509,0.059814
0.013275,0.0067139,0.048828
0.015717,0.0056458,0.057373
0.015869,0.0045776,0.046387
0.016022,0.004425,0.036621
0.016632,0.0042725,0.043945
0.016479,0.0054932,0.040283
0.016479,0.0056458,0.039063
0.016632,0.0053406,0.039063
0.017548,0.0033569,0.039063
0.017548,0.0019836,0.039063
0.018311,0.00091553,0.037842
0.0177,0.00091553,0.042725
0.017853,0.0015259,0.037842
0.015869,0.0018311,0.041504
0.015106,0.0022888,0.043945
0.015106,0.0027466,0.040283
0.014648,0.0018311,0.042725
0.015106,0.0013733,0.043945
0.017395,0.00045776,0.045166
0.018768,0.0036621,0.047607
0.019379,0.0012207,0.51392
0.019531,0.00091553,4.6667
0.019073,-0.00030518,4.895
0.019531,-0.0015259,4.917
0.019379,-0.0041199,4.9243
0.018921,-0.0050354,4.928
0.018311,-0.0053406,4.9255
0.018311,-0.0038147,4.928
0.017395,-0.0032043,4.9353
0.01709,-0.0024414,4.9207
0.015106,-0.0030518,4.9353
0.016937,-0.0027466,4.9292
0.017395,-0.0028992,4.9329
0.018005,-0.0022888,4.9255
0.019073,0.00061035,4.9329
0.019684,0.0012207,4.9475
0.020599,0.0028992,4.9402
0.020294,0.0030518,4.9377
0.019684,0.0021362,4.9365
0.019684,0.0016785,4.9182
0.019073,0.0013733,4.9304
0.022278,0.0016785,4.9243
0.019684,0.002594,4.928
0.019379,0.0042725,4.9255
0.019836,0.0027466,4.9207
0.017853,0.0050354,4.9121
0.018768,0.0047302,4.9194
0.019684,0.0036621,4.9194
0.020905,0.0030518,4.917
0.023956,0.0038147,4.9158
0.023499,0.0039673,4.9182
0.023804,0.0038147,4.8999
0.021667,0.0010681,4.9121
0.020142,0.00015259,4.9146
0.018311,-0.002594,4.9158
0.016479,-0.0050354,4.9133
0.014191,-0.0067139,4.9109
0.013428,-0.0071716,4.9109
0.011749,-0.0068665,4.9011
0.0091553,-0.0064087,4.9109
0.011444,-0.0068665,4.9109
0.011292,-0.0071716,4.9048
0.011902,-0.0068665,4.9109
0.014191,-0.005188,4.9097
0.0177,-0.004425,4.9084
0.019226,-0.0019836,4.9084
0.020752,-0.00076294,4.917
0.022125,-0.00076294,4.917
0.023651,-0.00076294,4.917
0.024261,-0.00076294,4.9207
0.025635,-0.00061035,4.9268
0.027466,0.00076294,4.9353
0.029602,0.0024414,4.9292
0.029449,0.0035095,4.9353
0.028687,0.0041199,4.9304
0.029144,0.004425,4.9255
0.028992,0.0039673,4.9316
0.027924,0.0036621,4.9304
0.028076,0.0028992,4.9304
0.028229,0.0035095,4.9304
0.027008,0.0027466,4.9304
0.02533,0.0027466,4.9341
0.023193,0.00076294,4.9304
0.023041,-0.00091553,4.9365
0.021973,-0.0018311,4.9316
0.02182,-0.0016785,4.9365
0.021057,-0.0035095,4.9365
0.019989,-0.00015259,4.9353
0.0177,0.00015259,4.9341
0.015869,0.0028992,4.9329
0.014648,-0.0010681,4.9304
0.013275,-0.00045776,4.928
0.012817,0,4.9341
0.014496,0.00091553,4.9231
0.014496,0.0019836,4.9072
0.015717,0.00091553,4.9182
0.016937,-0.0010681,4.9194
0.018616,-0.0018311,4.9194
0.019989,-0.0030518,4.9158
0.020294,-0.0027466,4.9097
0.021362,-0.0022888,4.9146
0.02243,-0.0013733,4.9109
0.021973,-0.0018311,4.9133
0.020905,-0.0021362,4.9097
0.020447,-0.0018311,4.9133
0.021362,-0.0022888,4.9084
0.021057,-0.00091553,4.9146
0.022583,0.00045776,4.9243
0.024567,0.0018311,4.9109
0.026398,0.0024414,4.9194
0.027008,0.0018311,4.9072
0.026855,0.0016785,4.8938
0.026398,0.0016785,4.9109
0.024719,0.0013733,4.9133
0.023956,0.00015259,4.9133
0.021667,-0.00091553,4.9146
0.018921,-0.0018311,4.9158
0.016937,-0.0035095,4.9219
0.014343,-0.0050354,4.9243
0.010071,-0.0059509,4.9304
0.0074768,-0.0059509,4.9243
0.0062561,-0.0057983,4.9316
0.0064087,-0.0048828,4.9329
0.007782,-0.0041199,4.9353
0.0086975,-0.0022888,4.9402
0.0099182,-0.0012207,4.9316
0.011749,0.00061035,4.9316
0.013428,0.0018311,4.9329
0.016785,0.002594,4.9414
0.020142,0.0035095,4.9329
0.023193,0.0042725,0.065918
0.024414,0.0042725,0.064697
0.024719,0.0039673,0.064697
0.024567,0.0030518,0.062256
0.025482,0.0018311,0.068359
0.027008,0.0018311,0.063477
0.028992,0,0.061035
0.030975,-0.0010681,0.058594
0.032806,-0.002594,0.057373
0.033264,-0.0035095,0.053711
0.032959,-0.0045776,0.054932
0.033264,-0.0048828,0.05127
0.033569,-0.0050354,0.053711
0.032043,-0.0041199,0.058594
0.03006,-0.0039673,0.046387
0.02655,-0.0042725,0.058594
0.022583,-0.0050354,0.045166
0.018005,-0.0053406,0.036621
0.014343,-0.0048828,0.043945
0.012054,-0.0045776,0.041504
0.010986,-0.0022888,0.039063
0.01236,-0.0012207,0.039063
0.01358,-0.0036621,0.037842
0.014954,-0.0033569,0.040283
0.016632,-0.0038147,0.037842
0.0177,-0.0030518,0.041504
0.019989,-0.0015259,0.036621
0.021667,0.0010681,0.040283
0.023346,0.00061035,0.040283
0.024872,0.00015259,0.045166
0.025482,-0.00045776,0.043945
0.026093,-0.00045776,0.045166
0.02594,0.0012207,0.046387
0.026855,0.0038147,0.047607
0.026398,0.0054932,0.048828
0.031128,0.0067139,0.05127
0.033722,0.0082397,0.061035
0.036163,0.0065613,0.05249
0.036469,0.0054932,0.057373
0.035553,0.0032043,0.058594
0.033417,0.00015259,0.057373
0.031128,-0.0015259,0.057373
0.029297,-0.0035095,0.063477
0.026703,-0.004425,0.058594
0.024872,-0.0064087,0.062256
0.020294,-0.0074768,0.063477
0.018005,-0.0079346,0.063477
0.015717,-0.0067139,0.058594
0.013885,-0.005188,0.067139
0.014496,-0.0022888,0.075684
0.015106,-0.00045776,0.065918
0.017395,0,0.072021
0.016632,0.00091553,0.067139
0.021057,0.0012207,0.042725
0.022888,0.0010681,0.061035
0.024414,0.0016785,0.053711
0.026398,0.0019836,0.054932
0.028534,0.0024414,0.053711
0.030212,0.0024414,0.041504
0.031128,-0.0012207,0.05249
0.031128,0.0035095,0.046387
0.031738,0.0048828,0.050049
0.032043,0.0053406,0.042725
0.031586,0.0059509,0.046387
0.033112,0.0076294,0.045166
0.034332,0.0085449,0.042725
0.0354,0.0093079,0.043945
0.035706,0.0097656,0.045166
0.035248,0.0088501,0.039063
0.034637,0.0080872,0.041504
0.034637,0.0085449,0.031738
0.031281,0.0068665,0.036621
0.031128,0.0065613,0.028076
0.027771,0.0065613,0.040283
0.026093,0.0061035,0.040283
0.023041,0.004425,0.037842
0.021057,0.0024414,0.041504
0.019073,0.00015259,0.023193
0.018921,0.00015259,0.042725
0.0177,-0.0015259,0.041504
0.016632,-0.0018311,0.048828
0.01709,-0.0012207,0.045166
0.016327,-0.0016785,0.053711
0.017242,-0.0013733,0.05127
0.0177,-0.00061035,0.05127
0.019226,-0.00015259,0.065918
0.019989,0.0024414,0.058594
0.020294,0.0032043,0.067139
0.020905,0.0039673,0.059814
0.023804,0.0041199,0.05249
0.023651,0.0028992,0.059814
0.025482,0.0021362,0.062256
0.026245,0.0015259,0.061035
0.029755,0.0016785,0.061035
0.02655,0.0013733,0.057373
0.027313,0.00061035,0.062256
0.028839,-0.0024414,0.063477
0.027924,0.0016785,0.065918
0.029144,0.0019836,0.062256
0.029297,0.0022888,0.068359
0.031281,0.0016785,0.068359
0.028229,0.0016785,0.067139
0.02655,0.00015259,0.063477
0.02594,-0.00061035,0.063477
0.024261,-0.00015259,0.062256
0.023956,0.00015259,0.05127
0.023346,0.00076294,0.061035
0.021362,0.00030518,0.050049
0.020447,0.00015259,0.040283
0.020599,-0.0012207,0.048828
0.020142,-0.0012207,0.046387
0.02121,-0.00045776,0.047607
0.020599,0.00045776,0.045166
0.021362,0.0022888,0.036621
0.02182,0.0033569,0.042725
0.021362,0.0028992,0.039063
0.021667,0.0027466,0.041504
0.022125,0.0036621,3.6157
0.02243,0.0042725,4.8328
0.02243,0.004425,4.8987
0.022583,0.0048828,4.9097
0.023193,0.0054932,4.9207
0.023346,0.0062561,4.9109
0.023499,0.0035095,4.9121
0.023499,0.0012207,4.9097
0.023651,0.00045776,4.895
0.022278,-0.00061035,4.9109
0.022888,-0.00030518,4.9097
0.022125,-0.00030518,4.9133
0.021667,0.00030518,4.9146
0.02121,0.00061035,4.9243
0.018921,-0.00061035,4.9194
0.017853,-0.0012207,4.9219
0.01709,0.0010681,4.9255
0.0177,0.00045776,4.9219
0.016937,0.0024414,4.9304
0.017548,0.0032043,4.9304
0.016327,0.00076294,4.9341
0.016327,0.0024414,4.9329
0.017395,0.00076294,4.9329
0.015717,0.00061035,4.9353
0.015869,0.00061035,4.9341
0.016022,0.00045776,4.9426
0.016632,0.0019836,4.9316
0.016479,0.002594,4.9255
0.016937,0.0018311,4.9353
0.018158,-0.00015259,4.9292
0.018463,0.00061035,4.9292
0.019531,0.0015259,4.9365
0.021057,0.0035095,4.9341
0.021362,0.0048828,4.9316
0.021667,0.005188,4.928
0.019684,0.0039673,4.9329
0.019226,0.002594,4.9255
0.019073,0.0016785,4.9243
0.019684,-0.0016785,4.9231
0.019989,0.0013733,4.9231
0.021057,0.0012207,4.9231
0.021515,0.00061035,4.9207
0.020447,-0.0012207,4.9158
0.018616,-0.00061035,4.9194
0.018158,0.00030518,4.9048
0.016937,0.0015259,4.9158
0.016785,0.0021362,4.9109
0.017548,0.0021362,4.9109
0.016937,0.0021362,4.9023
0.015717,0.0016785,4.9097
0.015411,0.00076294,4.9072
0.014191,0.00061035,4.906
0.016022,-0.00030518,4.9121
0.017853,-0.0018311,4.906
0.019836,-0.0013733,4.9109
0.021362,-0.0013733,4.9109
0.022736,-0.0019836,4.9133
0.022125,-0.0021362,4.9072
0.020905,-0.0024414,4.9146
0.020447,-0.0024414,4.9207
0.020599,-0.0016785,4.9133
0.02121,-0.0024414,4.9268
0.020752,-0.0018311,4.9231
0.02121,-0.0016785,4.9036
0.020447,-0.00091553,4.9207
0.020599,0.00045776,4.9255
0.019684,0.00091553,4.9304
0.020599,0.0028992,4.9316
0.019684,0.0036621,4.928
0.023193,0.0036621,4.9353
0.023346,0.0038147,4.9268
0.023041,0.0036621,4.9304
0.021362,0.0030518,4.928
0.019531,0.0024414,4.9329
0.017548,0.0024414,4.9316
0.016327,0.0022888,4.9329
0.015106,0.0021362,4.9463
0.015411,0.0030518,4.9377
0.015259,0.0032043,4.9353
0.016327,0.0016785,4.9426
0.015869,0.0027466,4.9304
0.016174,0.0015259,4.9316
0.016479,0.0015259,4.9316
0.017242,0.0010681,4.928
0.018616,0.0010681,4.9146
0.019684,-0.00061035,4.9255
0.021057,0,4.9207
0.02121,-0.0016785,4.9194
0.018463,-0.0036621,4.9207
0.0177,-0.0032043,4.9109
0.016937,-0.0028992,4.9158
0.017242,-0.0013733,4.9194
0.018158,-0.00061035,4.9194
0.018311,-0.00030518,4.9109
0.018463,-0.0015259,4.9133
0.018005,-0.0019836,4.9194
0.018311,-0.0032043,4.9121
0.018005,-0.0024414,4.9231
0.019684,-0.002594,4.9048
0.020905,-0.0019836,4.8999
0.020905,-0.0018311,4.9097
0.02121,-0.002594,4.9084
0.02182,-0.0027466,4.9072
0.021362,-0.002594,4.9133
0.022125,-0.00030518,4.9072
0.021667,0.0013733,4.9084
0.021362,0.0032043,4.9097
0.021667,0.004425,4.9194
0.021667,0.0041199,4.9072
0.022125,0.0035095,0.050049
0.02243,0.0024414,0.053711
0.021362,0.0015259,0.056152
0.022278,-0.0022888,0.065918
0.021057,0.00030518,0.061035
0.021667,-0.00030518,0.063477
0.021667,0.00030518,0.057373
0.020599,-0.00015259,0.057373
0.020447,-0.00015259,0.061035
0.018921,-0.00015259,0.057373
0.018768,-0.00030518,0.057373
0.018768,0.00045776,0.063477
0.016174,0.00015259,0.059814
0.015869,-0.0012207,0.063477
0.015564,-0.0024414,0.061035
0.014801,-0.0036621,0.067139
0.015717,-0.0048828,0.061035
0.015106,-0.0057983,0.067139
0.016174,-0.0048828,0.06958
0.016632,-0.0036621,0.061035
0.016632,0.00015259,0.064697
0.018616,0.0019836,0.061035
0.017242,0.0013733,0.070801
0.017853,0.00076294,0.059814
0.015869,-0.0019836,0.062256
0.014954,-0.0047302,0.05127
0.016022,-0.0054932,0.045166
0.016022,-0.0047302,0.046387
0.017395,-0.0033569,0.050049
0.018463,-0.0016785,0.048828
0.021057,0.00015259,0.046387
0.019531,-0.00030518,0.041504
0.019379,-0.00045776,0.046387
0.019684,-0.0013733,0.040283
0.020142,-0.00045776,0.042725
0.020294,-0.00045776,0.040283
0.020294,-0.0015259,0.042725
0.016174,-0.0068665,0.040283
0.017242,-0.0062561,0.040283
0.015564,-0.0090027,0.05127
0.014648,-0.010376,0.041504
0.014648,-0.0086975,0.041504
0.015869,-0.0059509,0.041504
0.016327,-0.0019836,0.024414
0.015717,0.0054932,0.037842
0.016174,0.0032043,0.042725
0.015717,0.0035095,0.041504
0.015869,0.0041199,0.040283
0.016479,0.0038147,0.043945
0.018158,0.0053406,0.050049
0.020294,0.0056458,0.050049
0.021057,0.0057983,0.054932
0.02182,0.0032043,0.054932
0.02121,0.0033569,0.058594
0.019836,0.0016785,0.058594
0.01709,0.00061035,0.062256
0.018921,-0.00015259,0.062256
0.017395,-0.0015259,0.065918
0.018005,-0.0022888,0.065918
0.016937,-0.0039673,0.061035
0.016022,-0.0045776,0.075684
0.016327,-0.0054932,0.059814
0.018005,-0.0036621,0.047607
0.018005,-0.005188,0.064697
0.021362,-0.0036621,0.064697
0.023651,-0.0022888,0.064697
0.023041,-0.00015259,0.065918
0.024261,-0.00091553,0.062256
0.023193,-0.00045776,0.062256
0.020447,-0.0012207,0.062256
0.021667,0,0.063477
0.019989,0.00030518,0.054932
0.019073,0.00076294,0.058594
0.018616,0.0010681,0.053711
0.019073,0.00045776,0.053711
0.019073,0,0.054932
0.018921,-0.0012207,0.047607
0.020447,-0.0015259,0.050049
0.022583,-0.0013733,0.043945
0.024567,0.00015259,0.040283
0.025482,0.00061035,0.043945
0.025787,0.0048828,0.042725
0.027924,0,0.039063
0.025024,-0.0015259,0.040283
0.024567,-0.0027466,0.036621
0.024261,-0.0013733,0.037842
0.024261,-0.0015259,0.0354
0.024567,0.00091553,0.039063
0.024719,0.0010681,0.03418
0.024567,0.00076294,0.041504
0.025024,0.00045776,0.041504
0.025787,-0.00015259,0.043945
0.027924,0,0.036621
0.028229,0.0012207,0.045166
0.029602,0.0027466,0.053711
0.029449,0.0033569,0.045166
0.028381,0.0032043,0.056152
0.027313,0.002594,0.050049
0.024719,0.0012207,0.032959
0.023499,-0.00015259,0.053711
0.023499,-0.0013733,0.05127
0.020905,-0.0027466,0.057373
0.020752,-0.0032043,0.057373
0.019531,-0.0038147,0.057373
0.019531,-0.0041199,0.065918
0.019073,-0.0042725,0.059814
0.019531,-0.0038147,0.062256
0.021667,-0.0027466,0.056152
0.023651,-0.00015259,0.063477
0.02655,0.0015259,0.062256
0.028839,0.0028992,0.063477
0.03006,0.0032043,0.074463
0.030975,0.0030518,0.067139
0.030823,0.0022888,0.067139
0.031281,0.0015259,0.065918
0.031891,0.0015259,0.076904
0.030365,0.0024414,0.061035
0.03006,0.0028992,1.8713
0.028381,0.0047302,4.7461
0.027618,0.0035095,4.9109
0.026703,0.005188,4.9194
0.027008,0.0064087,4.9243
0.027618,0.0057983,4.9146
0.028229,0.0047302,4.9207
0.029449,0.0045776,4.9146
0.029449,0.004425,4.917
0.028992,0.0036621,4.9158
0.027466,0.0028992,4.9194
0.025635,0.0028992,4.917
0.023804,0.0033569,4.9133
0.024109,0.0039673,4.9219
0.023193,0.0050354,4.9109
0.022736,0.0053406,4.9182
0.021362,0.005188,4.9097
0.02121,0.0045776,4.8999
0.021057,0.0041199,4.9121
0.021515,0.0024414,4.9097
0.021515,0.0010681,4.906
0.022888,0.00076294,4.9097
0.023956,0.00030518,4.9084
0.023804,-0.00030518,4.9097
0.023651,0.00061035,4.9072
0.022888,-0.00091553,4.9146
0.022583,-0.0012207,4.9133
0.021515,-0.0018311,4.9158
0.02121,-0.0015259,4.9182
0.020905,-0.0015259,4.9243
0.020142,-0.00061035,4.9194
0.019531,-0.0018311,4.9292
0.019226,-0.0010681,4.9292
0.019531,-0.00091553,4.9292
0.021667,-0.0012207,4.9402
0.023651,-0.0015259,4.9341
0.025482,-0.0012207,4.9121
0.02655,-0.0024414,4.9341
0.029144,-0.00045776,4.9304
0.028992,0.00015259,4.9316
0.028839,-0.0010681,4.9304
0.028839,-0.0016785,4.9292
0.029144,-0.0032043,4.9353
0.028381,-0.0036621,4.9341
0.027618,-0.0024414,4.9353
0.026093,-0.00091553,4.9341
0.024109,0.0015259,4.9377
0.024109,0.0033569,4.9341
0.024872,0.0033569,4.9341
0.02533,0.002594,4.9438
0.02655,0.0027466,4.9292
0.02655,0.00076294,4.9243
0.026093,0.002594,4.9207
0.025635,0.0041199,4.906
0.023956,0.004425,4.9207
0.023346,0.0048828,4.9207
0.022736,0.0032043,4.9194
0.021362,0.0022888,4.917
0.021057,0.00076294,4.917
0.019684,0.0021362,4.917
0.020905,0.0032043,4.9097
0.017548,0.004425,4.9146
0.017853,0.0041199,4.906
0.019226,0.002594,4.9133
0.021057,0.0036621,4.9146
0.022278,0.00091553,4.9121
0.023041,0.0010681,4.9109
0.024109,0.002594,4.9109
0.026093,0.0016785,4.9084
0.026703,0.0028992,4.9109
0.027313,0.0018311,4.9158
0.026398,0,4.9097
0.025177,-0.0010681,4.8999
0.023651,-0.00091553,4.9109
0.02243,0.00015259,4.9158
0.019836,0.0022888,4.9146
0.019989,0.0032043,4.9207
0.019073,0.0035095,4.9231
0.018921,0.0015259,4.928
0.018616,0.00030518,4.9292
0.020294,0.00045776,4.9316
0.020294,0.0022888,4.928
0.022125,0.00061035,4.9316
0.023804,0.0022888,4.9316
0.021515,0.0015259,4.9341
0.020905,0.00030518,4.939
0.019531,0,4.9353
0.018311,0.0010681,4.9365
0.016937,0.0010681,4.9329
0.016327,0.0027466,4.9268
0.016022,0.0033569,4.9329
0.016937,0.0050354,4.9353
0.01709,0.0057983,4.9353
0.017395,0.0056458,4.9365
0.017548,0.0059509,4.9341
0.019684,0.0062561,4.9353
0.02121,0.0074768,4.9316
0.022583,0.0073242,4.9316
0.021667,0.0071716,4.9268
0.021667,0.0061035,4.9255
0.021057,0.004425,4.9219
0.019989,0.0027466,4.9268
0.020142,0.00076294,4.9207
0.017548,0.00076294,4.9231
0.0177,0.0015259,4.9243
0.01709,0.0012207,4.917
0.017548,0.0016785,4.9243
0.0177,0.0016785,4.9158
0.018921,0.00045776,0.039063
0.019684,-0.00061035,0.036621
0.02121,-0.0013733,0.036621
0.022888,-0.0016785,0.037842
0.022125,-0.00045776,0.039063
0.021973,0.00045776,0.0354
0.020752,0.00015259,0.040283
0.019379,-0.00061035,0.036621
0.018158,-0.0033569,0.039063
0.016327,-0.0024414,0.039063
0.015259,-0.00091553,0.042725
0.015411,0.0015259,0.039063
0.012817,0.0042725,0.046387
0.015411,0.0061035,0.058594
0.014343,0.0062561,0.048828
0.015411,0.004425,0.054932
0.016479,0.0033569,0.05249
0.017548,0.0033569,0.039063
0.019379,0.004425,0.053711
0.018616,0.0064087,0.054932
0.020752,0.0068665,0.059814
0.020294,0.0061035,0.061035
0.019379,0.0042725,0.059814
0.018768,0.0022888,0.062256
0.019073,0.0028992,0.064697
0.019379,0.0053406,0.062256
0.019531,0.0073242,0.058594
0.019379,0.0083923,0.062256
0.018463,0.0076294,0.062256
0.018005,0.0054932,0.064697
0.017395,0.0036621,0.073242
0.017395,0.0032043,0.067139
0.018768,0.0039673,0.067139
0.018463,0.0057983,0.068359
0.017395,0.007782,0.079346
0.016174,0.0056458,0.062256
0.014801,0.0021362,0.05127
0.01297,-0.0022888,0.058594
0.012512,-0.0047302,0.056152
0.009613,-0.0056458,0.05127
0.0090027,-0.0045776,0.048828
0.010071,-0.0039673,0.047607
0.010681,-0.0028992,0.047607
0.010529,-0.0030518,0.048828
0.010834,-0.0050354,0.047607
0.011749,-0.0086975,0.046387
0.012817,-0.0071716,0.041504
0.013885,-0.0056458,0.041504
0.016327,-0.0032043,0.048828
0.021515,-0.0013733,0.050049
0.019226,-0.00061035,0.041504
0.020599,-0.0013733,0.047607
0.021362,-0.0015259,0.036621
0.020447,-0.0016785,0.029297
0.024719,-0.00015259,0.039063
0.026245,0.0013733,0.039063
0.027161,0.00061035,0.036621
0.028381,0.0016785,0.0354
0.027161,0,0.040283
0.02655,-0.0033569,0.040283
0.026093,-0.0062561,0.041504
0.026245,-0.0054932,0.046387
0.025024,-0.0036621,0.042725
0.023651,-0.00091553,0.050049
0.02182,0.00091553,0.05249
0.019836,0.0013733,0.057373
0.018158,0.00015259,0.054932
0.017853,-0.0015259,0.056152
0.017853,-0.0021362,0.059814
0.018158,-0.0012207,0.059814
0.018005,0.00030518,0.072021
0.016937,0.00030518,0.063477
0.016785,-0.00015259,0.050049
0.015564,-0.0028992,0.058594
0.014496,-0.0067139,0.061035
0.012817,-0.0083923,0.059814
0.013275,-0.0085449,0.061035
0.013275,-0.0071716,0.058594
0.014496,-0.0054932,0.065918
0.014801,-0.0054932,0.063477
0.016479,-0.0038147,0.064697
0.016479,-0.0045776,0.064697
0.0177,-0.0056458,0.067139
0.018921,-0.005188,0.059814
0.020294,-0.0038147,0.062256
0.022125,-0.0013733,0.070801
0.022583,-0.00030518,0.056152
0.023804,0.00045776,0.05127
0.023651,-0.0013733,0.050049
0.023651,-0.0038147,0.028076
0.022736,-0.0059509,0.046387
0.022583,-0.0071716,0.047607
0.022583,-0.0071716,0.045166
0.022125,-0.0080872,0.046387
0.020142,-0.0056458,0.042725
0.018768,-0.0068665,0.045166
0.016632,-0.0080872,0.040283
0.01709,-0.010376,0.040283
0.017548,-0.0093079,0.036621
0.018158,-0.0067139,0.046387
0.018616,-0.0027466,0.046387
0.016785,0.00076294,0.042725
0.016022,0.0022888,0.040283
0.015259,0.002594,0.041504
0.015259,0.0019836,0.043945
0.017395,0.0024414,0.041504
0.018768,0.0041199,0.05127
0.019531,0.0061035,0.036621
0.019836,0.0073242,0.036621
0.019531,0.0073242,0.043945
0.019226,0.0045776,0.045166
0.019989,0.0016785,0.046387
0.020599,-0.0016785,0.05127
0.022125,-0.0028992,0.050049
0.022125,-0.0027466,0.056152
0.022125,-0.0015259,0.053711
0.021973,-0.00030518,0.059814
0.021973,-0.00091553,0.056152
0.022125,-0.002594,3.1348
0.022736,-0.0042725,4.823
0.023193,-0.004425,4.917
0.02533,-0.0030518,4.9341
0.024872,-0.00076294,4.9341
0.02594,0.0010681,4.9304
0.02533,0,4.9316
0.024567,-0.002594,4.9341
0.023499,-0.0062561,4.9353
0.024719,-0.0086975,4.9353
0.023651,-0.0093079,4.9304
0.023499,-0.0085449,4.9365
0.022278,-0.0062561,4.9329
0.020752,-0.0056458,4.9316
0.018616,-0.0048828,4.928
0.017395,-0.0056458,4.9304
0.018463,-0.0056458,4.9231
0.020752,-0.005188,4.9243
0.023041,-0.0028992,4.9255
0.024414,-0.00061035,4.9243
0.024719,0.00091553,4.917
0.023651,0.00076294,4.9207
0.023041,-0.00015259,4.928
0.023346,-0.00076294,4.9158
0.024719,-0.0030518,4.9207
0.026245,-0.0022888,4.9146
0.027008,-0.00076294,4.8975
0.021973,0.0012207,4.9084
0.025482,0.0033569,4.9121
0.024261,0.0030518,4.8987
0.023804,0.0027466,4.9109
0.024719,0.0027466,4.906
0.026245,0.00061035,4.9121
0.027161,0.00061035,4.9084
0.026398,0.00076294,4.9011
0.023956,0,4.9109
0.023651,-0.00030518,4.9133
0.02182,-0.0016785,4.9097
0.02182,-0.0019836,4.9121
0.023193,-0.0033569,4.9182
0.023041,-0.0030518,4.9158
0.021515,-0.002594,4.9146
0.020905,-0.0022888,4.9207
0.019836,-0.0013733,4.9182
0.020599,-0.0015259,4.9255
0.021515,-0.0019836,4.9268
0.023956,-0.0038147,4.9268
0.02533,-0.004425,4.928
0.025482,-0.0054932,4.928
0.023651,-0.0062561,4.9304
0.021515,-0.0059509,4.9304
0.019226,-0.0035095,4.9329
0.0177,-0.0019836,4.928
0.018463,0.00030518,4.9353
0.020447,0.0039673,4.9304
0.02243,0.0056458,4.9353
0.024109,0.007782,4.9194
0.026703,0.0091553,4.9365
0.029449,0.011292,4.9438
0.03418,0.01358,4.9377
0.037384,0.013733,4.9426
0.040283,0.010071,4.9219
0.039673,0.0056458,4.9194
0.035095,-0.00015259,4.928
0.026093,-0.0047302,4.9255
0.019531,-0.0041199,4.9255
0.01358,-0.0018311,4.9255
0.0088501,0.0013733,4.9146
0.0065613,0.0039673,4.9231
0.0065613,0.0042725,4.9182
0.0085449,0.0048828,4.9207
0.010529,0.0079346,4.9146
0.014343,0.0082397,4.9182
0.018921,0.010376,4.917
0.023651,0.011902,4.917
0.029144,0.010681,4.9121
0.031738,0.0068665,4.9146
0.029755,0.0018311,4.8987
0.024261,-0.0033569,4.9146
0.016327,-0.0047302,4.9048
0.0086975,-0.0045776,4.9109
0.0030518,-0.0027466,4.9121
0.0010681,0.00015259,4.9084
0.0022888,0.002594,4.9109
0.0054932,0.0050354,4.9109
0.010376,0.0071716,4.9133
0.014954,0.009613,4.9084
0.019073,0.0093079,4.9146
0.023651,0.010376,4.9133
0.028076,0.0090027,4.9182
0.033112,0.0047302,4.9182
0.036011,0.002594,4.9243
0.035248,-0.00030518,4.9219
0.03006,-0.0033569,4.9121
0.022888,-0.0054932,4.9316
0.016022,-0.0067139,4.9292
0.011139,-0.0061035,4.939
0.010223,-0.0030518,4.9353
0.011749,0.0015259,4.9158
0.015717,0.0064087,4.9231
0.019226,0.010834,4.9329
0.02182,0.01297,4.9304
0.024567,0.012665,4.9304
0.027161,0.011139,4.9304
0.029907,0.0091553,4.9377
0.034332,0.0071716,4.9365
0.035858,0.0053406,4.9377
0.0354,0.0036621,4.9329
0.031891,0.0021362,0.068359
0.027466,0,0.064697
0.02182,-0.00076294,0.062256
0.017853,-0.00061035,0.06958
0.01709,0.0010681,0.057373
0.017853,0.0039673,0.054932
0.019989,0.0067139,0.053711
0.021057,0.0091553,0.050049
0.020142,0.01236,0.05127
0.020599,0.011292,0.050049
0.020294,0.011902,0.042725
0.02243,0.012665,0.043945
0.025787,0.01358,0.045166
0.030212,0.013733,0.041504
0.032349,0.013428,0.041504
0.034027,0.011292,0.047607
0.029449,0.0097656,0.0354
0.02655,0.0080872,0.042725
0.023804,0.0054932,0.039063
0.021973,0.0038147,0.040283
0.019379,0.0039673,0.039063
0.021973,0.0039673,0.041504
0.021515,0.0073242,0.047607
0.019836,0.0050354,0.029297
0.019531,0.0061035,0.053711
0.020142,0.0071716,0.037842
0.022736,0.007782,0.0354
0.02594,0.0082397,0.042725
0.029907,0.0082397,0.045166
0.030518,0.0088501,0.043945
0.029297,0.0091553,0.050049
0.026398,0.0091553,0.048828
0.023041,0.0080872,0.057373
0.019989,0.0074768,0.05127
0.018921,0.0061035,0.059814
0.0177,0.0059509,0.058594
0.018005,0.0056458,0.063477
0.0177,0.0071716,0.064697
0.017853,0.0083923,0.067139
0.019226,0.0094604,0.06958
0.020599,0.010681,0.063477
0.024109,0.010681,0.059814
0.027618,0.010223,0.061035
0.03006,0.0079346,0.067139
0.029449,0.0068665,0.054932
0.027008,0.0071716,0.061035
0.023041,0.0065613,0.065918
0.018768,0.0065613,0.067139
0.016327,0.0047302,0.063477
0.014801,0.0024414,0.064697
0.014191,0.0016785,0.059814
0.014648,0.00030518,0.062256
0.01297,0.00091553,0.053711
0.014496,0.0016785,0.05249
0.015564,0.0039673,0.054932
0.018311,0.0039673,0.043945
0.021667,0.0030518,0.046387
0.024567,0.0027466,0.05249
0.025787,0.0024414,0.059814
0.026398,0.0012207,0.047607
0.024414,0.0018311,0.053711
0.020599,0.0028992,0.046387
0.01709,0.0050354,0.031738
0.016632,0.0059509,0.036621
0.016174,0.0056458,0.039063
0.018921,0.0045776,0.036621
0.020142,0.002594,0.040283
0.019989,-0.0024414,0.037842
0.020142,0.0015259,0.041504
0.019989,0.0022888,0.039063
0.02121,-0.00045776,0.039063
0.022125,-0.0010681,0.036621
0.021973,-0.0050354,0.042725
0.022125,-0.0076294,0.039063
0.020599,-0.0079346,0.043945
0.018158,-0.0064087,0.048828
0.015106,-0.0067139,0.043945
0.01358,-0.0059509,0.047607
0.014191,-0.0065613,0.05127
0.01709,-0.0064087,0.05249
0.021667,-0.0042725,0.053711
0.024872,-0.0021362,0.046387
0.027466,-0.00091553,0.057373
0.030518,-0.00061035,0.059814
0.029144,0,0.058594
0.029755,-0.0019836,0.062256
0.029755,-0.004425,0.056152
0.029449,-0.0071716,0.061035
0.028839,-0.0099182,0.057373
0.025024,-0.011749,0.063477
0.020905,-0.014801,0.059814
0.016174,-0.016022,0.063477
0.012665,-0.015869,0.064697
0.011292,-0.015717,0.068359
0.012207,-0.014954,0.076904
0.013428,-0.015411,0.067139
0.014648,-0.016632,0.068359
0.016632,-0.01709,0.064697
0.015259,-0.014954,0.050049
0.015564,-0.010681,0.057373
0.016327,-0.0080872,0.056152
0.016479,-0.0050354,0.05127
0.019836,-0.0041199,0.053711
0.023041,-0.0054932,0.046387
0.024261,-0.0047302,0.050049
0.024261,-0.0056458,0.045166
0.020905,-0.0012207,0.050049
0.020294,0.00061035,0.041504
0.020447,-0.00045776,0.042725
0.021973,-0.0021362,0.045166
0.024567,-0.0067139,0.043945
0.025482,-0.010376,0.036621
0.025787,-0.012817,0.042725
0.026398,-0.012817,0.042725
0.027161,-0.012207,0.039063
0.02533,-0.013885,0.047607
0.028839,-0.014801,0.039063
0.031433,-0.016327,0.032959
0.031891,-0.017242,4.314
0.030975,-0.014954,4.8706
0.029907,-0.014343,4.9133
0.025787,-0.010986,4.9084
0.024872,-0.0082397,4.9084
0.024567,-0.0074768,4.9109
0.024719,-0.0056458,4.9133
0.024414,-0.005188,4.9207
0.023956,-0.0039673,4.9182
0.022888,-0.0042725,4.9243
0.022278,-0.00076294,4.9255
0.022125,-0.00091553,4.9243
0.024109,-0.0022888,4.9402
0.027313,-0.0033569,4.9329
0.030365,-0.0059509,4.9329
0.031128,-0.0085449,4.9329
0.029297,-0.010834,4.9243
0.02594,-0.011292,4.9316
0.023651,-0.0094604,4.9292
0.022736,-0.0086975,4.9304
0.021973,-0.0071716,4.9304
0.02182,-0.0080872,4.9304
0.022125,-0.0093079,4.9438
0.020905,-0.0097656,4.9353
0.018158,-0.0091553,4.9353
0.017853,-0.0062561,4.9292
0.018158,-0.0036621,4.9353
0.019989,-0.0053406,4.9316
0.020752,-0.0010681,4.9329
0.020294,-0.0021362,4.9329
0.017548,-0.0028992,4.9292
0.016632,-0.0027466,4.9292
0.014038,-0.00015259,4.9243
0.012817,0.0035095,4.9231
0.010681,0.0059509,4.9182
0.011902,0.0064087,4.9194
0.011749,0.0047302,4.917
0.011292,0.0022888,4.906
0.0099182,-0.00076294,4.9109
0.0080872,0.00045776,4.9133
0.0080872,0.002594,4.9109
0.0093079,0.0045776,4.9121
0.011292,0.0053406,4.9084
0.013428,0.0038147,4.9048
0.013885,-0.00030518,4.9084
0.015411,-0.0021362,4.9121
0.015106,-0.0019836,4.9084
0.015259,-0.002594,4.9109
0.016632,-0.0012207,4.9146
0.017548,0,4.9146
0.020294,-0.00091553,4.9158
0.021515,-0.0033569,4.9097
0.02121,-0.0057983,4.906
0.020447,-0.0068665,4.9194
0.0177,-0.0038147,4.9146
0.018158,0,4.9194
0.018616,0.0041199,4.9231
0.021057,0.0065613,4.9219
0.020752,0.0059509,4.9255
0.020294,0.0038147,4.9243
0.019531,0.0033569,4.9341
0.018311,0.004425,4.928
0.013733,0.0064087,4.9329
0.011444,0.0097656,4.9329
0.012207,0.0074768,4.9377
0.0099182,0.0073242,4.9207
0.0088501,0.0030518,4.9341
0.0090027,-0.00091553,4.9341
0.010681,-0.0042725,4.9341
0.0071716,-0.00030518,4.9438
0.0074768,0.0024414,4.9402
0.0090027,0.0015259,4.928
0.011292,0.0032043,4.9353
0.014496,0.0012207,4.9353
0.016174,-0.00091553,4.9329
0.016937,-0.00076294,4.9304
0.015564,-0.00076294,4.9243
0.014496,0.0015259,4.9292
0.01358,0.0035095,4.9243
0.015411,0.0030518,4.9255
0.015106,0.0024414,4.9207
0.016022,0.0013733,4.9243
0.015564,0.0022888,4.9182
0.014648,0.0041199,4.9219
0.014343,0.0065613,4.9255
0.014954,0.0079346,4.9194
0.015564,0.0080872,4.9109
0.018005,0.007782,4.9158
0.019684,0.0059509,4.895
0.020294,0.0041199,4.9084
0.019379,0.0033569,4.9109
0.018616,0.0028992,4.9133
0.017853,0.0032043,4.9097
0.016937,0.0035095,4.9084
0.017548,0.0028992,4.9109
0.018311,0.0016785,4.9084
0.020142,0.00015259,4.9072
0.019226,-0.00015259,4.9023
0.019073,0.00015259,4.9146
0.018768,0.0013733,4.9109
0.019531,0.0036621,4.9158
0.02121,0.0041199,4.9146
0.024261,0.004425,4.9219
0.024567,0.0038147,4.9207
0.02533,0.0028992,4.9231
0.024261,0.0038147,4.9329
0.022736,0.0042725,4.9268
0.021667,0.0053406,4.9231
0.020752,0.0073242,0.059814
0.02182,0.007019,0.059814
0.022888,0.007019,0.061035
0.023499,0.0064087,0.062256
0.023499,0.0056458,0.059814
0.023499,0.0047302,0.061035
0.024414,0.0062561,0.061035
0.026093,0.0071716,0.064697
0.030212,0.0067139,0.061035
0.032654,0.0059509,0.067139
0.035095,0.0036621,0.063477
0.035553,0.0010681,0.067139
0.037384,0.0016785,0.076904
0.035858,0.0022888,0.067139
0.034637,0.0045776,0.065918
0.034332,0.0056458,0.061035
0.034332,0.0061035,0.048828
0.034637,0.004425,0.057373
0.03418,0.002594,0.05249
0.032806,0.0018311,0.047607
0.030823,0.0019836,0.050049
0.029907,0.0032043,0.042725
0.028687,0.0047302,0.050049
0.029144,0.0045776,0.043945
0.029144,0.0041199,0.050049
0.028992,0.0024414,0.041504
0.027924,0.00091553,0.045166
0.027313,0.0016785,0.045166
0.024414,0.0030518,0.042725
0.023499,0.0054932,0.037842
0.021057,0.0047302,0.041504
0.02243,0.0057983,0.042725
0.02243,0.0045776,0.039063
0.023041,0.0027466,0.043945
0.023956,0.0024414,0.040283
0.024414,0.002594,0.031738
0.02533,0.0033569,0.037842
0.025787,0.0039673,0.037842
0.026703,0.002594,0.041504
0.027466,0.00030518,0.042725
0.029449,-0.0036621,0.041504
0.029907,-0.0065613,0.041504
0.031128,-0.007782,0.05249
0.03067,-0.0076294,0.048828
0.030212,-0.0047302,0.05127
0.030518,-0.0039673,0.058594
0.030975,-0.0035095,0.056152
0.032654,-0.0042725,0.063477
0.033112,-0.0056458,0.075684
0.032196,-0.0050354,0.059814
0.031281,-0.002594,0.063477
0.029144,0.00076294,0.063477
0.028229,0.0012207,0.047607
0.026703,0.0042725,0.056152
0.024719,0.0027466,0.062256
0.023193,0.00091553,0.062256
0.02243,-0.00015259,0.063477
0.020905,-0.00015259,0.059814
0.019226,0.0018311,0.068359
0.020447,0.0038147,0.053711
0.018921,0.0065613,0.065918
0.018768,0.0042725,0.059814
0.018311,0.002594,0.064697
0.018921,0.00061035,0.059814
0.019989,0.00045776,0.058594
0.019226,0.00076294,0.059814
0.018921,0.0016785,0.053711
0.016632,0.002594,0.059814
0.015717,0.0015259,0.050049
0.015259,-0.00015259,0.063477
0.016479,-0.0024414,0.046387
0.018311,-0.0039673,0.046387
0.019073,-0.004425,0.046387
0.019989,-0.0033569,0.040283
0.019684,-0.0022888,0.041504
0.018768,-0.0027466,0.039063
0.018768,-0.0047302,0.036621
0.018158,-0.0082397,0.041504
0.018158,-0.0085449,0.037842
0.016022,-0.0088501,0.040283
0.016022,-0.007019,0.037842
0.014954,-0.0038147,0.041504
0.015106,-0.0030518,0.040283
0.014191,-0.0022888,0.042725
0.014954,-0.0022888,0.048828
0.015717,-0.0022888,0.042725
0.015717,-0.00076294,0.046387
0.016785,-0.00061035,0.040283
0.015717,0.0010681,0.037842
0.014038,0.0013733,0.046387
0.011292,0.00030518,0.050049
0.0090027,-0.0010681,0.047607
0.0074768,-0.0022888,0.054932
0.0071716,-0.00091553,0.053711
0.0059509,-0.0028992,0.058594
0.0054932,-0.0013733,0.057373
0.0054932,-0.00030518,0.061035
0.0057983,0.00045776,0.057373
0.0062561,0.0010681,0.063477
0.0073242,0.0012207,0.063477
0.0093079,0.0013733,0.065918
0.011139,0.0013733,0.058594
0.0099182,0.0021362,0.063477
0.012054,0.0032043,0.068359
0.011902,0.0032043,0.062256
0.013123,0.0028992,0.073242
0.012817,0.0024414,0.065918
0.012665,0.0022888,0.054932
0.013428,0.0015259,0.063477
0.01358,0.0032043,0.063477
0.014801,0.0050354,0.059814
0.016022,0.0071716,0.058594
0.017548,0.007019,0.053711
0.017853,0.0064087,0.056152
0.018005,0.0056458,0.050049
0.019836,0.0045776,0.050049
0.021057,0.0054932,0.050049
0.020599,0.0065613,2.3352
0.020447,0.0068665,4.762
0.019531,0.0094604,4.9023
0.018158,0.0067139,4.9207
0.017853,0.0050354,4.9158
0.016632,0.0038147,4.9109
0.015259,0.0042725,4.9146
0.015717,0.0050354,4.8975
0.015869,0.0062561,4.9072
0.015869,0.007019,4.9109
0.015564,0.0068665,4.9133
0.015259,0.0068665,4.9097
0.015411,0.0064087,4.9084
0.016479,0.0079346,4.9097
0.017242,0.0088501,4.9097
0.018311,0.012207,4.9097
0.018463,0.012207,4.9097
0.018616,0.013275,4.9158
0.019379,0.014191,4.9133
0.019531,0.014648,4.9158
0.019379,0.014801,4.9194
0.020599,0.011444,4.9207
0.021667,0.016479,4.9268
0.023041,0.016479,4.9255
0.024567,0.016174,4.9377
0.024261,0.015869,4.9304
0.024872,0.015106,4.9207
0.025482,0.015106,4.9329
0.027161,0.014954,4.9316
0.027924,0.016632,4.9304
0.030212,0.017395,4.9329
0.03006,0.016022,4.9304
0.030975,0.016022,4.9341
0.028687,0.016479,4.9304
0.027924,0.016632,4.9365
0.026245,0.018311,4.9316
0.025177,0.019379,4.939
0.023804,0.020294,4.9377
0.022125,0.018921,4.939
0.019989,0.017242,4.9426
0.018005,0.014648,4.9353
0.016327,0.012665,4.9329
0.016479,0.011292,4.9341
0.016174,0.010223,4.9292
0.016785,0.0097656,4.9243
0.016479,0.0082397,4.9207
0.019836,0.0065613,4.917
0.016479,0.0057983,4.9207
0.017395,0.0056458,4.9158
0.018158,0.007019,4.9182
0.019379,0.0059509,4.9109
0.020294,0.0065613,4.9182
0.02182,0.0056458,4.9133
0.022736,0.005188,4.9146
0.022736,0.004425,4.9158
0.025635,0.0076294,4.9146
0.026398,0.0090027,4.9097
0.028687,0.0097656,4.8999
0.031586,0.0091553,4.9231
0.034637,0.0073242,4.9121
0.035248,0.0059509,4.9158
0.033875,0.0054932,4.9097
0.033417,0.0057983,4.8975
0.032043,0.007782,4.9109
0.031891,0.0086975,4.9109
0.030518,0.0085449,4.9133
0.03067,0.0076294,4.9158
0.028839,0.0062561,4.9109
0.028076,0.004425,4.9194
0.025787,0.005188,4.9207
0.026855,0.0054932,4.9243
0.026398,0.0062561,4.9207
0.025787,0.0065613,4.9292
0.024872,0.0050354,4.9292
0.023499,0.0033569,4.9329
0.021362,0.0013733,4.9402
0.019073,-0.0013733,4.9316
0.018311,-0.0042725,4.9268
0.016632,-0.0062561,4.9377
0.018921,-0.0062561,4.9365
0.020142,-0.0059509,4.9292
0.022583,-0.0054932,4.9097
0.024719,-0.005188,4.9329
0.025024,-0.0068665,4.9292
0.024872,-0.0082397,4.9353
0.025635,-0.0094604,4.9377
0.025482,-0.009613,4.9316
0.025024,-0.010223,4.9353
0.02533,-0.0091553,4.9158
0.025024,-0.0090027,4.9304
0.025177,-0.010986,4.9243
0.025635,-0.014648,4.928
0.025787,-0.016327,4.9243
0.026703,-0.016174,4.9255
0.027161,-0.016174,4.9329
0.028839,-0.014954,4.9207
0.027771,-0.013733,4.9304
0.026855,-0.014191,4.9182
0.02594,-0.015259,4.9097
0.024872,-0.015564,4.9146
0.024719,-0.015564,4.9219
0.024109,-0.016022,4.9121
0.023193,-0.013885,4.9109
0.022888,-0.016632,4.9084
0.023346,-0.017548,4.9097
0.022888,-0.016937,4.9084
0.02243,-0.016632,4.9084
0.021362,-0.015564,4.9072
0.019989,-0.015106,4.9121
0.019684,-0.015717,0.042725
0.016785,-0.017853,0.043945
0.018463,-0.018158,0.042725
0.018158,-0.019836,0.043945
0.018768,-0.020599,0.042725
0.019989,-0.019836,0.042725
0.023041,-0.018921,0.037842
0.02243,-0.01709,0.05249
0.023651,-0.016174,0.045166
0.024109,-0.014648,0.048828
0.025635,-0.013885,0.056152
0.026093,-0.012207,0.054932
0.026703,-0.011292,0.05249
0.02533,-0.010681,0.059814
0.027618,-0.012054,0.062256
0.027618,-0.011597,0.059814
0.029449,-0.01358,0.063477
0.03006,-0.015259,0.059814
0.030975,-0.016327,0.063477
0.029907,-0.016479,0.057373
0.028076,-0.015259,0.063477
0.028076,-0.014038,0.06958
0.026398,-0.014496,0.063477
0.022583,-0.011902,0.074463
0.024567,-0.011292,0.062256
0.023346,-0.01236,0.05249
0.023041,-0.010376,0.061035
0.021362,-0.010071,0.065918
0.021362,-0.0085449,0.059814
0.02243,-0.0074768,0.056152
0.02243,-0.0088501,0.053711
0.023956,-0.007019,0.053711
0.022125,-0.007019,0.05127
0.021515,-0.007019,0.05127
0.019531,-0.0062561,0.047607
0.020142,-0.0056458,0.047607
0.020752,-0.0045776,0.046387
0.020752,-0.0032043,0.050049
0.022888,-0.0030518,0.05127
0.023346,-0.0027466,0.045166
0.024261,-0.0027466,0.039063
0.024719,-0.0015259,0.040283
0.027618,-0.00061035,0.026855
0.026398,0.0016785,0.039063
0.02655,0.0033569,0.036621
0.025787,0.0048828,0.037842
0.024261,0.0033569,0.041504
0.022278,0.002594,0.037842
0.021057,0.0018311,0.039063
0.020447,-0.0035095,0.037842
0.020905,0.0022888,0.042725
0.020905,0.0036621,0.039063
0.018158,0.0027466,0.045166
0.019531,0.0032043,0.041504
0.018463,0.0027466,0.048828
0.018463,0.0036621,0.048828
0.018768,0.005188,0.05249
0.019226,0.0067139,0.057373
0.020752,0.0073242,0.057373
0.020599,0.0074768,0.06958
0.019989,0.0068665,0.058594
0.021057,0.0071716,0.043945
0.021057,0.0064087,0.061035
0.021057,0.007019,0.062256
0.021057,0.0080872,0.058594
0.021057,0.010071,0.061035
0.019989,0.011444,0.059814
0.019073,0.012207,0.061035
0.019531,0.012207,0.062256
0.019684,0.012512,0.065918
0.019989,0.01358,0.058594
0.017853,0.013428,0.065918
0.020599,0.013733,0.067139
0.021515,0.014191,0.067139
0.021515,0.014648,0.072021
0.021057,0.013885,0.064697
0.021057,0.013428,0.063477
0.020447,0.01297,0.061035
0.020294,0.013123,0.063477
0.019226,0.01297,0.053711
0.020142,0.01236,0.05127
0.019073,0.012665,0.05127
0.018616,0.013733,0.050049
0.019836,0.012817,0.046387
0.020294,0.011902,0.050049
0.021515,0.011292,0.043945
0.021667,0.012054,0.047607
0.021667,0.010223,0.041504
0.022278,0.011139,0.042725
0.021667,0.011292,0.042725
0.02182,0.011902,0.042725
0.020905,0.012054,0.037842
0.020447,0.011444,0.041504
0.020599,0.0080872,0.057373
0.019379,0.0082397,0.037842
0.016937,0.0065613,0.05127
0.016174,0.0056458,0.040283
0.018768,0.0045776,0.021973
0.014496,0.004425,0.037842
0.01358,0.0028992,0.040283
0.013885,0.0022888,0.043945
0.012817,0.0013733,0.040283
0.014496,0.00061035,0.042725
0.015259,0.00076294,0.047607
0.014801,-0.0045776,0.039063
0.018616,0,0.05249
0.019684,0.00045776,0.053711
0.020599,0.00061035,0.057373
0.020752,0.00061035,0.059814
0.020599,0.0015259,0.059814
0.019684,0.0013733,0.068359
0.018311,0.0027466,0.062256
0.0177,0.0033569,0.059814
0.018463,0.0039673,0.061035
0.019531,0.0041199,0.072021
0.020142,0.0042725,0.05249
0.022125,0.0030518,0.05249
0.023041,0.0016785,3.7305
0.024567,0.0013733,4.8572
0.026245,0.0010681,4.9207
0.025635,0.0021362,4.9365
0.025024,0.0028992,4.9353
0.024719,0.0024414,4.9353
0.022583,0.0027466,4.9304
0.021515,0.0012207,4.9353
0.020599,-0.00030518,4.9292
0.019989,0.00091553,4.9231
0.020599,-0.00091553,4.9243
0.020599,-0.0013733,4.9255
0.021667,-0.0021362,4.9304
0.021667,-0.0019836,4.9207
0.021515,-0.0048828,4.9182
0.02121,-0.0062561,4.9182
0.021667,-0.0059509,4.9084
0.022583,-0.0057983,4.9158
0.023193,-0.0039673,4.9146
0.024261,-0.0033569,4.9158
0.024109,-0.002594,4.9133
0.025024,-0.0030518,4.9097
0.022583,-0.0038147,4.9097
0.022278,-0.0039673,4.906
0.022888,-0.0032043,4.9036
0.023346,-0.0016785,4.906
0.023346,-0.00030518,4.9109
0.023041,0.00015259,4.9109
0.021973,0.00030518,4.9121
0.020752,-0.0012207,4.9072
0.020752,-0.0022888,4.9121
0.02182,-0.0015259,4.9097
0.022888,-0.0012207,4.9133
0.024414,-0.0015259,4.9231
0.025024,-0.0012207,4.9194
0.02533,-0.0024414,4.9084
0.023651,-0.0036621,4.9182
0.021515,-0.0053406,4.9219
0.020905,-0.0045776,4.9243
0.023651,-0.0045776,4.9255
0.02182,-0.004425,4.9316
0.022888,-0.0035095,4.9341
0.022278,-0.0032043,4.9316
0.022125,-0.0027466,4.9304
0.020752,-0.0024414,4.9255
0.019989,-0.0019836,4.9329
0.020447,-0.00015259,4.9292
0.020142,0.00076294,4.9341
0.020447,0.00076294,4.9451
0.021362,0.00076294,4.9353
0.020905,0.0010681,4.9341
0.019989,0.00030518,4.9365
0.019836,0.0015259,4.9255
0.019836,0.0021362,4.9353
0.020599,0.00076294,4.9329
0.021667,0.00015259,4.9341
0.023193,-0.00030518,4.9304
0.024261,-0.0024414,4.9292
0.025177,-0.0028992,4.9292
0.023041,-0.0028992,4.9231
0.023651,-0.0047302,4.9243
0.022736,-0.002594,4.9158
0.023193,-0.0018311,4.9207
0.023956,-0.0030518,4.917
0.024719,-0.0027466,4.9207
0.025024,-0.0018311,4.9133
0.023499,-0.0033569,4.9133
0.023804,-0.0022888,4.9182
0.023651,-0.00061035,4.9121
0.023651,0.00030518,4.9182
0.023041,0.00076294,4.9072
0.022583,0.0018311,4.9084
0.02121,0.0013733,4.9207
0.021057,0.0013733,4.9121
0.019531,0.0022888,4.9072
0.019531,0.0022888,4.9072
0.019226,0.0027466,4.9072
0.019989,0.0030518,4.9097
0.020752,0.0036621,4.9084
0.021515,0.0038147,4.9158
0.021362,0.0041199,4.9133
0.020752,0.0033569,4.9158
0.020752,0.0038147,4.9158
0.020294,0.0047302,4.9194
0.021973,0.0050354,4.9353
0.02182,0.007019,4.9231
0.023804,0.0071716,4.9316
0.023956,0.007019,4.9304
0.023956,0.0064087,4.9231
0.024261,0.0057983,4.9304
0.023041,0.0048828,4.9304
0.022125,0.0057983,4.9316
0.02243,0.0065613,4.9304
0.021973,0.007019,4.9304
0.022125,0.0068665,4.9341
0.020447,0.0048828,4.9304
0.018768,0.0035095,4.939
0.01709,0.0032043,4.9316
0.016174,0.0015259,4.9365
0.014954,0.0028992,4.9377
0.014496,0.0030518,4.9377
0.014801,0.0030518,4.9353
0.012817,0.0033569,4.9377
0.012512,0.0016785,4.939
0.011139,0.0013733,4.9207
0.011139,0.0016785,4.9377
0.011444,0.0045776,4.9255
0.013275,0.0071716,4.9121
0.015564,0.0085449,4.917
0.0177,0.0076294,0.078125
0.018921,0.0067139,0.047607
0.020142,0.0065613,0.048828
0.020599,0.0068665,0.042725
0.019226,0.0090027,0.050049
0.021667,0.010681,0.041504
0.023346,0.011444,0.041504
0.023499,0.011749,0.041504
0.023956,0.011139,0.043945
0.02121,0.010986,0.039063
0.020142,0.010681,0.042725
0.019531,0.014496,0.054932
0.019989,0.012817,0.042725
0.020599,0.012512,0.046387
0.019836,0.010986,0.040283
0.018616,0.0093079,0.021973
0.016479,0.0065613,0.0354
0.013885,0.0038147,0.036621
0.011292,0.002594,0.046387
0.0097656,0.0012207,0.043945
0.0074768,0.00076294,0.043945
0.0057983,0.00045776,0.048828
0.004425,0.00015259,0.048828
0.0035095,-0.0018311,0.05249
0.004425,-0.0019836,0.05249
0.0056458,-0.0022888,0.058594
0.0085449,-0.0030518,0.058594
0.012207,-0.0030518,0.062256
0.016327,-0.0024414,0.064697
0.018921,-0.0019836,0.063477
0.021515,-0.0019836,0.062256
0.022583,-0.0021362,0.064697
0.022583,-0.0021362,0.074463
0.02243,-0.0024414,0.061035
0.020752,-0.0019836,0.059814
0.02243,0.00015259,0.061035
0.02182,0.0019836,0.062256
0.02243,0.0041199,0.063477
0.022125,0.0064087,0.065918
0.020294,0.0067139,0.063477
0.020447,0.0061035,0.067139
0.020142,0.0065613,0.062256
0.021515,0.0061035,0.061035
0.021515,0.0068665,0.057373
0.020294,0.0082397,0.059814
0.017548,0.0088501,0.054932
0.016937,0.0083923,0.054932
0.015869,0.0074768,0.061035
0.015869,0.005188,0.05127
0.016479,0.0064087,0.05127
0.016632,0.007782,0.047607
0.015869,0.0088501,0.0354
0.013123,0.0050354,0.045166
0.0086975,0.0093079,0.043945
0.0094604,0.0068665,0.040283
0.0093079,0.0053406,0.042725
0.0093079,0.0073242,0.040283
0.010529,0.0076294,0.042725
0.01236,0.009613,0.037842
0.013885,0.0097656,0.040283
0.013885,0.009613,0.0354
0.016785,0.0091553,0.042725
0.019836,0.011444,0.041504
0.024567,0.014801,0.040283
0.030212,0.018005,0.036621
0.035858,0.024414,0.042725
0.03952,0.027771,0.042725
0.041351,0.028687,0.045166
0.041962,0.027161,0.053711
0.043182,0.020905,0.048828
0.043488,0.01236,0.040283
0.04364,0.011749,0.047607
0.041504,0.0093079,0.057373
0.039368,0.0068665,0.056152
0.035553,0.004425,0.059814
0.030975,0.0016785,0.053711
0.026398,-0.0038147,0.063477
0.021057,-0.0048828,0.062256
0.014648,-0.004425,0.062256
0.0083923,-0.0038147,0.059814
0.004425,-0.0039673,0.064697
0.0019836,-0.0083923,0.059814
-0.0012207,-0.016327,0.063477
-0.0024414,-0.023499,0.075684
-0.0033569,-0.029755,0.064697
-0.00076294,-0.031891,0.062256
0.0038147,-0.029755,0.068359
0.0082397,-0.024414,0.057373
0.014343,-0.016022,0.064697
0.019531,-0.0047302,0.061035
0.025024,0.004425,0.061035
0.032349,0.012817,0.057373
0.040436,0.019226,0.050049
0.050659,0.024414,0.057373
0.058594,0.02243,0.05127
0.065002,0.019226,0.05127
0.068512,0.012512,0.048828
0.068817,0.0054932,0.05127
0.066223,-0.00045776,0.050049
0.059357,-0.0050354,0.047607
0.051727,-0.0088501,0.047607
0.042419,-0.010376,0.045166
0.037231,-0.0086975,0.05127
0.032501,-0.0056458,0.040283
0.030518,-0.0041199,0.053711
0.031281,-0.00076294,0.037842
0.032043,0.002594,0.032959
0.033112,0.0057983,0.037842
0.034027,0.010071,0.039063
0.03418,0.0093079,0.036621
0.032654,0.0065613,0.040283
0.028839,0.0018311,0.036621
0.024414,-0.0050354,0.036621
0.020294,-0.0090027,0.037842
0.015869,-0.011749,0.043945
0.014343,-0.015869,0.040283
0.014038,-0.021362,0.045166
0.014648,-0.024872,0.056152
0.016937,-0.027771,4.6118
0.018768,-0.027161,4.9036
0.023346,-0.024261,4.9194
0.025787,-0.021973,4.9231
0.028687,-0.02121,4.928
0.032654,-0.018921,4.9255
0.036316,-0.015869,4.9304
0.038757,-0.012207,4.9292
0.039063,-0.0082397,4.9304
0.040741,-0.0045776,4.9292
0.041809,-0.0019836,4.9292
0.043182,-0.002594,4.9316
0.043488,-0.0050354,4.9292
0.041504,-0.0094604,4.9341
0.040131,-0.012665,4.9341
0.03418,-0.015259,4.9365
0.031281,-0.015869,4.939
0.026245,-0.016785,4.9377
0.020294,-0.017242,4.9329
0.016632,-0.016937,4.9353
0.016022,-0.014648,4.9438
0.016937,-0.010071,4.9316
0.016937,-0.005188,4.928
0.016937,0.0013733,4.9268
0.016785,0.0079346,4.9072
0.014648,0.011444,4.9207
0.011139,0.013123,4.9182
0.0074768,0.013885,4.9207
0.005188,0.015564,4.9182
0.0033569,0.017853,4.9133
0.0018311,0.018616,4.9158
0.0030518,0.019379,4.9146
0.0057983,0.019379,4.9133
0.0093079,0.018768,4.9109
0.012817,0.018463,4.917
0.015564,0.017548,4.9133
0.016632,0.016327,4.9109
0.017548,0.013885,4.9158
0.016785,0.012207,4.9084
0.017242,0.0088501,4.9084
0.016174,0.0048828,4.9121
0.016479,-0.00030518,4.9036
0.016785,-0.0045776,4.9084
0.017548,-0.0062561,4.8987
0.017242,-0.0057983,4.9121
0.015717,-0.0032043,4.9109
0.017242,0.00076294,4.9121
0.016327,0.0022888,4.9158
0.014038,0.0028992,4.9194
0.01236,0.0028992,4.9207
0.0073242,0.0021362,4.9231
0.0062561,0.002594,4.9268
0.0036621,0.0065613,4.9243
0.0036621,0.0021362,4.9292
0.005188,0.0013733,4.9304
0.0071716,-0.00061035,4.9329
0.011292,-0.00061035,4.939
0.015411,-0.00045776,4.9353
0.018005,0.002594,4.939
0.021057,0.0047302,4.9341
0.02182,0.0059509,4.9231
0.02243,0.0074768,4.9341
0.02243,0.0093079,4.9341
0.021973,0.0099182,4.9182
0.021362,0.010834,4.9316
0.020142,0.012512,4.9353
0.019226,0.013885,4.9353
0.020294,0.016174,4.9304
0.022278,0.015717,4.9353
0.023956,0.014801,4.9207
0.027161,0.011444,4.9292
0.028839,0.010223,4.9255
0.027466,0.0065613,4.928
0.029449,0.0032043,4.9255
0.028839,-0.00015259,4.9048
0.028534,-0.0050354,4.9194
0.027466,-0.0088501,4.9194
0.025787,-0.01297,4.9194
0.024109,-0.017395,4.9146
0.020905,-0.019226,4.9109
0.019073,-0.021057,4.9097
0.017853,-0.019989,4.9146
0.017853,-0.017853,4.9109
0.018921,-0.015869,4.9109
0.021057,-0.014648,4.9048
0.022736,-0.014954,4.9133
0.026398,-0.012817,4.9072
0.03006,-0.01297,4.9109
0.034027,-0.010986,4.9121
0.037537,-0.0090027,4.9133
0.039825,-0.0067139,4.8987
0.039978,-0.0068665,4.9182
0.041656,-0.0047302,4.9231
0.040894,-0.0033569,4.9133
0.040894,-0.00045776,4.9182
0.040588,0.00091553,4.9194
0.03952,0.0047302,4.9023
0.038147,0.007782,4.9207
0.03891,0.010376,4.9243
0.038605,0.011749,4.928
0.038452,0.011902,4.928
0.039215,0.011292,4.9194
0.039673,0.011139,4.9341
0.038452,0.013123,4.9341
0.036469,0.016785,4.9341
0.034332,0.018921,4.9304
0.03006,0.02182,4.9341
0.026855,0.022583,4.9329
0.023956,0.022125,4.9353
0.024261,0.021362,4.9426
0.02182,0.020905,0.065918
0.02182,0.020294,0.063477
0.022278,0.0177,0.065918
0.021667,0.016937,0.073242
0.019836,0.01358,0.064697
0.019073,0.0090027,0.059814
0.015564,0.0038147,0.06958
0.015259,0.0041199,0.059814
0.01297,0.0047302,0.05249
0.010223,0.0074768,0.056152
0.0086975,0.0073242,0.05127
0.0071716,0.007019,0.05127
0.0076294,0.0064087,0.045166
0.0065613,0.0057983,0.050049
0.0083923,0.0021362,0.046387
0.009613,0.0013733,0.050049
0.010834,0.00091553,0.046387
0.0086975,0.00045776,0.045166
0.012512,-0.0018311,0.053711
0.013123,-0.0056458,0.042725
0.01236,-0.0085449,0.054932
0.012054,-0.010529,0.039063
0.01297,-0.011444,0.030518
0.014191,-0.012054,0.039063
0.015106,-0.010834,0.037842
0.015717,-0.011292,0.037842
0.016479,-0.01236,0.042725
0.016632,-0.013885,0.036621
0.016632,-0.013885,0.042725
0.017395,-0.013733,0.039063
0.018311,-0.011444,0.045166
0.019989,-0.0090027,0.042725
0.020294,-0.0050354,0.046387
0.022583,-0.0035095,0.050049
0.023804,-0.0024414,0.046387
0.023651,-0.0019836,0.058594
0.027008,-0.00076294,0.056152
0.027771,0.00076294,0.057373
0.028229,0.0021362,0.058594
0.03006,0.0022888,0.061035
0.024719,0.0016785,0.061035
0.022736,-0.00030518,0.065918
0.019836,-0.0024414,0.059814
0.015106,-0.0064087,0.062256
0.014496,-0.0067139,0.061035
0.014191,-0.007019,0.062256
0.014038,-0.0064087,0.059814
0.014648,-0.0064087,0.065918
0.015411,-0.0071716,0.062256
0.015869,-0.010223,0.065918
0.016632,-0.01297,0.067139
0.018158,-0.014038,0.067139
0.019379,-0.01297,0.062256
0.020142,-0.010681,0.064697
0.020447,-0.0090027,0.073242
0.021667,-0.0076294,0.058594
0.02182,-0.0080872,0.058594
0.022125,-0.0094604,0.053711
0.022125,-0.010071,0.037842
0.022888,-0.0083923,0.048828
0.024261,-0.0056458,0.054932
0.025482,-0.0041199,0.048828
0.027008,-0.0027466,0.042725
0.027313,-0.0038147,0.042725
0.028992,-0.0053406,0.046387
0.030365,-0.0071716,0.042725
0.030518,-0.0053406,0.037842
0.029755,-0.0032043,0.039063
0.029602,-0.00045776,0.0354
0.027924,0.0013733,0.041504
0.025024,0.0015259,0.041504
0.022125,0.00015259,0.043945
0.018768,0.00030518,0.041504
0.016937,0.0018311,0.037842
0.016327,0.0041199,0.039063
0.015411,0.007782,0.0354
0.014954,0.011139,0.037842
0.014648,0.013275,0.039063
0.014191,0.014038,0.042725
0.014191,0.013123,0.040283
0.013885,0.011902,0.045166
0.013733,0.011597,0.047607
0.01297,0.010986,0.050049
0.012207,0.0094604,0.05127
0.011139,0.0083923,0.05249
0.0099182,0.0062561,0.059814
0.010681,0.0035095,0.056152
0.010834,0.0013733,0.057373
0.011444,-0.00076294,0.061035
0.013885,-0.0016785,0.062256
0.016785,-0.0015259,0.072021
0.020599,-0.0016785,0.063477
0.023041,-0.0012207,0.06958
0.02533,-0.0021362,0.061035
0.028381,-0.0047302,0.05249
0.032806,-0.0071716,0.061035
0.032196,-0.0076294,0.063477
0.032654,-0.0068665,0.063477
0.032959,-0.0085449,0.063477
0.032959,-0.0019836,0.062256
0.032043,-0.0015259,0.064697
0.031433,-0.0013733,0.061035
0.031281,-0.0022888,0.064697
0.031738,-0.0036621,0.05127
0.032806,-0.0028992,0.057373
0.032501,-0.00091553,0.057373
0.031891,0.0013733,0.05249
0.030365,0.0028992,0.05249
0.029449,0.0028992,0.045166
0.026855,0.0016785,0.05249
0.026093,0.0030518,0.047607
0.024872,0.0042725,0.05249
0.023346,0.0059509,0.045166
0.020752,0.0091553,0.054932
0.017548,0.010986,0.039063
0.014496,0.011444,0.042725
0.012665,0.011902,4.3372
0.010986,0.011292,4.8718
0.012817,0.010529,4.9011
0.015106,0.010376,4.9084
0.017242,0.011292,4.9048
0.018463,0.011597,4.9097
0.019226,0.010223,4.9109
0.020447,0.0074768,4.9146
0.020752,0.0048828,4.9133
0.022125,0.0022888,4.9146
0.022278,0.0018311,4.9255
0.022125,0.0022888,4.9158
0.021057,0.0030518,4.9207
0.017395,0.0033569,4.9219
0.015411,0.0027466,4.9036
0.013123,0.0024414,4.9194
0.014343,0.0015259,4.9243
0.014801,0.0022888,4.9255
0.016327,0.0035095,4.9268
0.016479,0.0038147,4.9255
0.015564,0.0054932,4.9341
0.014343,0.0057983,4.9341
0.013885,0.0050354,4.9316
0.014191,0.0068665,4.9268
0.014648,0.0048828,4.9353
0.014801,0.004425,4.9207
0.013428,0.0042725,4.9353
0.011444,0.0047302,4.9341
0.014038,0.005188,4.9365
0.012207,0.0062561,4.939
0.013885,0.0091553,4.9255
0.018921,0.0090027,4.9475
0.020752,0.010834,4.9353
0.023651,0.012207,4.9255
0.02655,0.013428,4.9329
0.026703,0.013733,4.9219
0.027313,0.014648,4.9231
0.028076,0.014954,4.928
0.029755,0.014191,4.9231
0.031891,0.011902,4.9207
0.032806,0.010376,4.9182
0.032806,0.0083923,4.9243
0.030823,0.0068665,4.9158
0.029907,0.0047302,4.9207
0.028992,0.0032043,4.9158
0.029449,0.0015259,4.9207
0.030365,-0.00045776,4.9133
0.032501,-0.0022888,4.9121
0.033264,-0.0030518,4.9109
0.034027,-0.004425,4.9084
0.032043,-0.0022888,4.9011
0.031433,-0.0015259,4.9121
0.031281,-0.00015259,4.9097
0.032196,0.00076294,4.9084
0.034027,0.00015259,4.9097
0.034637,0.00076294,4.9109
0.033875,0.0010681,4.9084
0.03418,0.0033569,4.906
0.032349,0.004425,4.9146
0.032501,0.0053406,4.9133
0.033722,0.0041199,4.9158
0.034637,0.0048828,4.9207
0.036469,0.0039673,4.9231
0.035553,0.0032043,4.9194
0.032501,0.002594,4.9268
0.030823,0.0032043,4.9255
0.026855,0.0024414,4.9292
0.025482,0.0018311,4.9402
0.025024,0.0012207,4.9341
0.025482,0.00045776,4.9146
0.025177,0.00030518,4.9292
0.023956,0.00045776,4.9316
0.02243,0.0022888,4.9329
0.021515,0.0032043,4.9304
0.02182,0.0035095,4.9304
0.023651,0.0045776,4.9353
0.024872,0.0045776,4.9329
0.026703,0.004425,4.9353
0.02655,0.002594,4.9377
0.024109,0.0041199,4.9402
0.02243,0.004425,4.9329
0.020752,0.0048828,4.9353
0.020752,0.0053406,4.9451
0.021667,0.0056458,4.9329
0.022278,0.0057983,4.928
0.022888,0.0061035,4.9255
0.021973,0.0088501,4.9109
0.020752,0.0059509,4.9194
0.019684,0.0059509,4.917
0.019379,0.0053406,4.9194
0.020599,0.0048828,4.917
0.022583,0.0041199,4.9158
0.023041,0.0036621,4.9158
0.020294,0.0028992,4.9133
0.02182,0.004425,4.9158
0.020599,0.0036621,4.9072
0.020447,0.0041199,4.9146
0.021362,0.0047302,4.9109
0.022278,0.0045776,4.9146
0.02533,0.0035095,4.9133
0.026703,0.0035095,4.9097
0.026398,0.002594,4.9121
0.025177,0.0032043,4.9097
0.023804,0.0032043,4.917
0.023651,0.0028992,4.9109
0.024872,0.0022888,4.9048
0.024872,0.0024414,4.9121
0.024414,0.0033569,4.9133
0.023346,0.0041199,4.9121
0.021057,0.0047302,4.917
0.020905,0.004425,0.059814
0.021515,0.0042725,0.05127
0.024109,0.0045776,0.053711
0.028381,0.0042725,0.058594
0.030212,0.0042725,0.056152
0.031586,0.0033569,0.062256
0.029449,0.0032043,0.062256
0.02533,0.0036621,0.062256
0.023193,0.0042725,0.070801
0.021667,0.005188,0.063477
0.02243,0.0039673,0.061035
0.022125,0.0024414,0.058594
0.021973,0.0016785,0.057373
0.020752,0.00015259,0.064697
0.018158,-0.0013733,0.062256
0.017242,-0.0013733,0.067139
0.018005,-0.00061035,0.067139
0.019531,-0.00061035,0.064697
0.020752,-0.0015259,0.065918
0.021667,-0.0027466,0.061035
0.019989,-0.0028992,0.064697
0.018005,-0.0047302,0.056152
0.015717,-0.0041199,0.057373
0.014343,-0.0032043,0.058594
0.014801,-0.0036621,0.056152
0.015717,-0.0047302,0.050049
0.015717,-0.0067139,0.05127
0.016479,-0.0083923,0.059814
0.016327,-0.0093079,0.045166
0.015717,-0.0090027,0.059814
0.015411,-0.007782,0.047607
0.016785,-0.0067139,0.032959
0.019379,-0.0068665,0.036621
0.020905,-0.0080872,0.041504
0.023041,-0.0080872,0.040283
0.022736,-0.0082397,0.040283
0.022736,-0.007019,0.03418
0.022125,-0.0042725,0.042725
0.022583,-0.0019836,0.0354
0.024414,-0.00015259,0.043945
0.02533,0.00061035,0.039063
0.026703,-0.00045776,0.041504
0.029144,-0.00076294,0.025635
0.027618,-0.0012207,0.040283
0.026855,0.0016785,0.056152
0.025635,0.004425,0.045166
0.02655,0.0047302,0.047607
0.028076,0.0038147,0.047607
0.029144,0.0015259,0.037842
0.029755,-0.00015259,0.048828
0.028229,-0.0012207,0.05249
0.026398,-0.0019836,0.054932
0.02243,-0.00091553,0.057373
0.021515,-0.00061035,0.057373
0.021362,-0.0016785,0.062256
0.020599,-0.0030518,0.059814
0.022125,-0.004425,0.062256
0.021057,-0.0047302,0.057373
0.019073,-0.0036621,0.063477
0.0177,-0.0018311,0.063477
0.016785,0.00030518,0.067139
0.018158,0.0013733,0.067139
0.020142,0.00076294,0.063477
0.022583,-0.00061035,0.068359
0.023804,-0.0016785,0.068359
0.022583,-0.0028992,0.078125
0.020294,-0.0019836,0.064697
0.019684,-0.0012207,0.058594
0.019836,-0.00061035,0.062256
0.02121,-0.00091553,0.058594
0.023041,-0.0024414,0.053711
0.023499,-0.0038147,0.056152
0.022278,-0.004425,0.050049
0.020142,-0.0036621,0.05249
0.018311,-0.00076294,0.043945
0.018005,0.0015259,0.050049
0.018921,0.0053406,0.043945
0.020447,0.0015259,0.050049
0.021057,-0.00030518,0.046387
0.019989,-0.0015259,0.045166
0.018768,-0.0016785,0.046387
0.018005,0.00045776,0.043945
0.017242,0.0032043,0.042725
0.018921,0.0047302,0.039063
0.019531,0.0048828,0.029297
0.020294,0.0027466,0.036621
0.021362,0.0010681,0.0354
0.020294,0.00091553,0.037842
0.015869,0.0015259,0.042725
0.016785,0.0027466,0.037842
0.016174,0.0038147,0.039063
0.018158,0.0036621,0.036621
0.020599,0.00045776,0.046387
0.022736,-0.0013733,0.037842
0.023804,-0.0027466,0.043945
0.023193,-0.0012207,0.048828
0.023041,-0.0022888,0.048828
0.022583,-0.0013733,0.050049
0.023804,-0.0013733,0.056152
0.025787,-0.0021362,0.062256
0.026398,-0.0042725,0.058594
0.02655,-0.007019,0.065918
0.024261,-0.0071716,0.062256
0.02243,-0.0073242,0.045166
0.021515,-0.0057983,0.057373
0.021667,-0.0064087,0.061035
0.025024,-0.004425,0.061035
0.027008,-0.0054932,0.058594
0.03006,-0.0067139,0.056152
0.030518,-0.0067139,0.064697
0.029755,-0.004425,0.062256
0.029297,-0.0016785,0.064697
0.029144,0.0012207,0.062256
0.029755,-0.0019836,0.067139
0.030365,0.0030518,0.065918
0.029755,0.0016785,0.063477
0.028229,-0.00015259,0.072021
0.027618,-0.00076294,4.4177
0.023346,0.0016785,4.8901
0.021973,0.0039673,4.9231
0.022278,0.004425,4.9219
0.024109,0.0050354,4.9194
0.025177,0.0027466,4.9207
0.02594,0.0010681,4.9194
0.025024,-0.00091553,4.9182
0.024872,0.0024414,4.9146
0.023193,0.0053406,4.9182
0.022583,0.007782,4.9133
0.024109,0.0091553,4.9146
0.024567,0.0085449,4.9084
0.025177,0.0064087,4.9146
0.024109,0.0045776,4.9109
0.02243,0.0035095,4.9133
0.019684,0.0053406,4.9097
0.018158,0.0061035,4.9146
0.018005,0.0048828,4.9207
0.019226,0.0035095,4.9109
0.018921,-0.00015259,4.9207
0.017853,-0.0027466,4.9011
0.014496,-0.0067139,4.9011
0.01236,-0.0045776,4.9121
0.009613,-0.0022888,4.9109
0.0099182,-0.0013733,4.9097
0.012512,-0.0013733,4.9146
0.013275,-0.0033569,4.917
0.014496,-0.0050354,4.9182
0.013885,-0.0062561,4.9182
0.01236,-0.004425,4.9292
0.014496,-0.0024414,4.9255
0.015411,-0.00076294,4.9304
0.018768,-0.0018311,4.9329
0.020752,-0.0010681,4.9329
0.022736,-0.0028992,4.9341
0.023193,-0.0038147,4.9316
0.02121,-0.0030518,4.9292
0.022736,-0.00045776,4.9329
0.023956,0.0019836,4.9402
0.024719,0.0056458,4.9329
0.027161,0.0035095,4.9194
0.029755,0.002594,4.9329
0.03067,0.0013733,4.9207
0.029297,0.00091553,4.9353
0.028381,0.0028992,4.9353
0.025635,0.0045776,4.9316
0.023499,0.0054932,4.9341
0.022125,0.0053406,4.9292
0.02243,0.0036621,4.9316
0.02121,0.002594,4.928
0.020752,0.0018311,4.9268
0.019073,0.0041199,4.9219
0.016937,0.0082397,4.9158
0.016785,0.011292,4.9329
0.020142,0.015411,4.9231
0.023499,0.014954,4.9207
0.026093,0.013885,4.9194
0.027466,0.013733,4.9036
0.028534,0.016937,4.9121
0.028534,0.016479,4.9133
0.028381,0.0177,4.9133
0.027008,0.017242,4.9109
0.027008,0.013885,4.906
0.026703,0.0099182,4.9109
0.02655,0.0057983,4.9097
0.024261,0.0033569,4.8987
0.023041,0.0022888,4.9072
0.020752,0.0021362,4.9146
0.019684,0.0022888,4.9097
0.019684,0.00091553,4.9109
0.020142,-0.0013733,4.9121
0.019379,-0.0047302,4.9133
0.019073,-0.0091553,4.9146
0.016174,-0.014191,4.9182
0.012054,-0.015411,4.9268
0.0086975,-0.018005,4.9243
0.0065613,-0.019531,4.9133
0.0067139,-0.020905,4.9243
0.0067139,-0.022125,4.9268
0.0076294,-0.021515,4.928
0.0076294,-0.018921,4.9304
0.0080872,-0.014343,4.9304
0.010529,-0.0091553,4.9353
0.015259,-0.0019836,4.928
0.021515,0.002594,4.9304
0.029602,0.0053406,4.9255
0.038147,0.0071716,4.9353
0.044403,0.0086975,4.9316
0.049896,0.009613,4.9377
0.051727,0.011902,4.9438
0.052032,0.01236,4.9402
0.051117,0.011902,4.9438
0.048523,0.0088501,4.9353
0.044098,0.0047302,4.9255
0.038147,0.00061035,4.9329
0.031586,-0.0015259,4.928
0.025635,-0.0018311,4.9243
0.019073,0,4.928
0.016479,0.0024414,4.9219
0.016022,0.0045776,4.9231
0.018463,0.0064087,4.917
0.02121,0.0059509,4.9231
0.022583,0.0057983,4.9133
0.023193,0.0056458,4.9194
0.02243,0.0059509,4.917
0.02121,0.0056458,4.9194
0.021057,0.0035095,4.9146
0.02182,-0.00030518,4.9133
0.020294,-0.005188,4.9097
0.019989,-0.010376,0.041504
0.019989,-0.012665,0.036621
0.019836,-0.010834,0.040283
0.020294,-0.0080872,0.039063
0.022278,-0.0053406,0.0354
0.025482,-0.0048828,0.037842
0.029449,-0.0041199,0.039063
0.032654,-0.0045776,0.039063
0.035095,-0.0041199,0.031738
0.034943,-0.0010681,0.045166
0.033112,0.0010681,0.042725
0.03006,0.0035095,0.042725
0.02243,0.0038147,0.050049
0.023499,0.0033569,0.05249
0.021057,0.0016785,0.050049
0.018311,-0.00015259,0.057373
0.01709,0.00015259,0.064697
0.015869,0.0012207,0.057373
0.014954,0.0016785,0.067139
0.016479,0.0021362,0.061035
0.0177,0.0010681,0.045166
0.019836,-0.00076294,0.061035
0.020447,-0.002594,0.064697
0.018921,-0.0032043,0.059814
0.015259,-0.0021362,0.062256
0.010834,0.00076294,0.059814
0.0071716,0.0033569,0.064697
0.0041199,0.004425,0.062256
0.0028992,0.0047302,0.065918
0.0027466,0.0036621,0.064697
0.0041199,0.0028992,0.067139
0.0056458,0.0036621,0.065918
0.010223,0.0054932,0.067139
0.014496,0.0074768,0.074463
0.019684,0.009613,0.059814
0.024109,0.0074768,0.056152
0.026703,0.0061035,0.056152
0.027313,0.0047302,0.050049
0.026245,0.0039673,0.047607
0.024109,0.005188,0.050049
0.020447,0.0064087,0.047607
0.017548,0.0071716,0.048828
0.016327,0.0065613,0.043945
0.015869,0.005188,0.043945
0.016785,0.0028992,0.040283
0.018158,0.0028992,0.041504
0.019989,0.0022888,0.036621
0.021973,0.0035095,0.043945
0.023956,0.0054932,0.040283
0.025482,0.0056458,0.042725
0.02533,0.0047302,0.040283
0.024567,0.0022888,0.040283
0.023499,0.00076294,0.05127
0.02121,0.0018311,0.041504
0.018463,0.0021362,0.05249
0.016785,0.0048828,0.037842
0.015106,0.010071,0.032959
0.014496,0.0088501,0.042725
0.015106,0.0085449,0.042725
0.016022,0.007782,0.043945
0.018158,0.0085449,0.047607
0.021057,0.0086975,0.048828
0.023651,0.0083923,0.05249
0.026245,0.0094604,0.061035
0.028992,0.0088501,0.061035
0.029755,0.0080872,0.056152
0.029907,0.0076294,0.058594
0.03006,0.0076294,0.063477
0.029297,0.010071,0.063477
0.028992,0.011139,0.065918
0.027313,0.01297,0.063477
0.025635,0.01358,0.061035
0.024261,0.013885,0.063477
0.023804,0.012512,0.06958
0.022583,0.010223,0.063477
0.022736,0.0068665,0.053711
0.021515,0.0048828,0.062256
0.020752,0.0013733,0.067139
0.017853,-0.0022888,0.064697
0.015411,-0.0062561,0.065918
0.011749,-0.011139,0.061035
0.0085449,-0.016174,0.063477
0.0059509,-0.019989,0.056152
-0.00045776,-0.02121,0.057373
0.0032043,-0.022125,0.056152
0.0042725,-0.021515,0.05249
0.0036621,-0.018158,0.047607
0.0067139,-0.018463,0.05127
0.0097656,-0.015717,0.062256
0.015106,-0.013733,0.047607
0.018005,-0.010681,0.05249
0.025177,-0.0074768,0.045166
0.029297,-0.0062561,0.029297
0.031281,-0.0061035,0.036621
0.033722,-0.0050354,0.042725
0.034027,-0.0054932,0.039063
0.034332,-0.0054932,0.040283
0.035095,-0.0022888,0.03418
0.033417,-0.0021362,0.037842
0.034637,0.0013733,0.040283
0.034637,0.0033569,0.037842
0.034027,0.0050354,0.039063
0.03418,0.0059509,0.042725
0.032196,0.005188,0.037842
0.033264,0.0086975,0.041504
0.033417,0.014191,0.046387
0.033569,0.013428,0.045166
0.032196,0.015259,0.041504
0.026398,0.015869,0.047607
0.027924,0.015106,0.047607
0.025635,0.013885,0.05127
0.023499,0.013885,0.050049
0.02182,0.014343,0.054932
0.02121,0.015411,0.058594
0.019684,0.015869,0.054932
0.018005,0.016174,0.062256
0.018921,0.011749,2.4109
0.015259,0.007782,4.7815
0.014191,0.0053406,4.9158
0.013885,0.0035095,4.9109
0.01297,0.0035095,4.917
0.013428,0.00076294,4.9329
0.012817,0.0022888,4.9292
0.012054,0.0013733,4.9341
0.012207,0.00061035,4.9426
0.011902,-0.00061035,4.9377
0.011749,-0.0013733,4.9304
0.01297,-0.0015259,4.9353
0.01297,0,4.9231
0.014038,0.00061035,4.9316
0.014343,0.00091553,4.9268
0.014191,-0.00045776,4.9255
0.015106,-0.0013733,4.9158
0.015259,-0.0015259,4.9207
0.016632,-0.0047302,4.9219
0.016785,-0.00061035,4.9182
0.016632,-0.00045776,4.9194
0.015869,-0.00045776,4.9133
0.014496,-0.0010681,4.9146
0.015411,-0.0021362,4.9194
0.015259,-0.0022888,4.9182
0.014648,-0.0021362,4.9097
0.016022,-0.00076294,4.8975
0.017395,-0.00030518,4.9194
0.0177,0.00091553,4.9084
0.0177,0.0012207,4.917
0.019531,0.00061035,4.9109
0.021362,0.00045776,4.906
0.02243,0.00045776,4.906
0.02243,-0.00091553,4.9109
0.02594,-0.0015259,4.9084
0.023956,-0.0035095,4.9084
0.023041,-0.0062561,4.906
0.021973,-0.0083923,4.9109
0.021515,-0.0088501,4.9121
0.021973,-0.0083923,4.9158
0.022125,-0.0073242,4.9146
0.022888,-0.0065613,4.9219
0.023804,-0.0053406,4.9219
0.025635,-0.0048828,4.9268
0.027008,-0.0048828,4.9365
0.029449,-0.004425,4.9304
0.031891,-0.004425,4.9329
0.033875,-0.0042725,4.9341
0.0354,-0.0048828,4.9231
0.033875,-0.0048828,4.9304
0.03418,-0.0048828,4.9304
0.033417,-0.0045776,4.9316
0.033875,-0.0042725,4.928
0.033875,-0.0022888,4.9268
0.034332,-0.00076294,4.9341
0.033722,0,4.9316
0.033875,0.0041199,4.9231
0.032959,0.00015259,4.9341
0.033417,-0.0036621,4.9402
0.033417,0.00061035,4.9353
0.033112,0.00076294,4.9341
0.033112,0.00091553,4.9377
0.031891,0.00076294,4.9341
0.030823,0.00061035,4.9341
0.03006,-0.00030518,4.9255
0.028992,-0.00091553,4.9329
0.028534,-0.0015259,4.9182
0.027008,-0.00091553,4.906
0.025635,0.00015259,4.9158
0.024872,0.0018311,4.9219
0.023041,0.0032043,4.9158
0.021973,0.0035095,4.917
0.020905,0.0027466,4.9133
0.019989,0.0021362,4.9133
0.017395,0.0021362,4.8901
0.014801,0.0015259,4.9133
0.014801,0.0012207,4.9072
0.014343,0.0012207,4.9121
0.012665,0.00030518,4.9097
0.011597,-0.00091553,4.9121
0.010529,-0.0016785,4.9158
0.010071,-0.0028992,4.9109
0.0091553,-0.0028992,4.9121
0.0099182,-0.0021362,4.9084
0.01297,-0.0019836,4.9036
0.015717,-0.0013733,4.917
0.0177,-0.0018311,4.9048
0.018768,-0.0019836,4.9146
0.020752,-0.002594,4.9158
0.023041,-0.0022888,4.917
0.025024,-0.0024414,4.9207
0.027466,-0.0021362,4.9231
0.029449,-0.0024414,4.9329
0.028992,-0.0039673,4.9268
0.028839,-0.005188,4.9304
0.027618,-0.0064087,4.9304
0.026703,-0.0074768,4.9316
0.025787,-0.0083923,4.9304
0.024567,-0.0061035,4.9304
0.024872,-0.0068665,4.9341
0.027008,-0.0067139,4.9329
0.025024,-0.0073242,4.9402
0.024872,-0.0080872,4.9316
0.025024,-0.0071716,4.9207
0.02533,-0.0047302,4.9341
0.026398,-0.0028992,4.9451
0.028076,-0.00076294,4.9353
0.027618,0.0021362,4.9341
0.028992,0.0030518,4.9316
0.029907,0.0042725,4.9341
0.03067,0.0062561,0.056152
0.028839,0.0068665,0.058594
0.030823,0.0086975,0.053711
0.031586,0.0094604,0.05249
0.032501,0.0088501,0.050049
0.032501,0.0071716,0.048828
0.033722,0.0053406,0.058594
0.032654,0.0032043,0.047607
0.031281,0.00091553,0.045166
0.029144,0.0019836,0.045166
0.027618,0.0016785,0.026855
0.027008,0.0018311,0.041504
0.024567,0.0016785,0.041504
0.021973,-0.00076294,0.036621
0.018921,-0.0016785,0.039063
0.015869,-0.0027466,0.037842
0.01297,-0.0036621,0.037842
0.010223,-0.0038147,0.0354
0.0091553,-0.0036621,0.042725
0.011444,-0.0041199,0.037842
0.0080872,-0.005188,0.042725
0.0076294,-0.0061035,0.036621
0.0074768,-0.0061035,0.043945
0.007019,-0.005188,0.045166
0.0056458,-0.0041199,0.043945
0.0080872,-0.0036621,0.043945
0.0097656,-0.0030518,0.047607
0.010071,-0.002594,0.061035
0.012817,-0.0021362,0.05127
0.014343,-0.00076294,0.047607
0.015869,0.0012207,0.057373
0.017853,0.0047302,0.061035
0.020905,0.005188,0.057373
0.022583,0.0076294,0.062256
0.025635,0.0083923,0.059814
0.025635,0.0088501,0.063477
0.026093,0.0086975,0.059814
0.026398,0.0086975,0.063477
0.027618,0.0082397,0.053711
0.026703,0.0079346,0.061035
0.027161,0.007019,0.063477
0.02655,0.0038147,0.068359
0.02655,0.0035095,0.076904
0.024872,0.0018311,0.067139
0.025024,0.00015259,0.065918
0.025177,-0.00061035,0.065918
0.027618,-0.0010681,0.05249
0.025482,-0.0019836,0.059814
0.024872,-0.0030518,0.053711
0.024872,-0.0048828,0.050049
0.023804,-0.0039673,0.05249
0.023651,-0.0036621,0.05127
0.024719,-0.0030518,0.047607
0.026703,-0.0053406,0.048828
0.027313,-0.00045776,0.048828
0.028992,0.00045776,0.043945
0.029907,0.0021362,0.046387
0.031281,0.002594,0.045166
0.032654,0.0030518,0.047607
0.033112,0.0035095,0.036621
0.033875,0.0033569,0.042725
0.033722,0.0041199,0.050049
0.032654,0.0039673,0.040283
0.031738,0.0042725,0.047607
0.028229,0.0041199,0.037842
0.031281,0.0047302,0.030518
0.030518,0.0054932,0.0354
0.028687,0.0061035,0.041504
0.027466,0.0056458,0.040283
0.02655,0.0059509,0.036621
0.025482,0.0045776,0.037842
0.028992,0.005188,0.045166
0.023956,0.0056458,0.045166
0.02243,0.0057983,0.047607
0.019531,0.0065613,0.050049
0.017548,0.0062561,0.05127
0.016327,0.0041199,0.053711
0.015411,0.0028992,0.058594
0.01358,0.0024414,0.073242
0.011597,0.0022888,0.059814
0.010223,0.0019836,0.063477
0.0099182,0.0022888,0.062256
0.0088501,0.0013733,0.058594
0.0093079,0,0.061035
0.0086975,-0.00091553,0.061035
0.0085449,-0.0018311,0.058594
0.0090027,-0.00061035,0.061035
0.010223,-0.0012207,0.059814
0.012054,-0.0012207,0.064697
0.01297,0.00045776,0.064697
0.014801,0.0013733,0.064697
0.015564,0.0013733,0.061035
0.015411,0.0010681,0.067139
0.0177,-0.0028992,0.062256
0.019379,0.0015259,0.063477
0.020752,0.0016785,0.062256
0.02182,0.0022888,0.056152
0.021515,0.0021362,0.061035
0.02243,0.0030518,0.053711
0.02243,0.0032043,0.064697
0.021515,0.0028992,0.048828
0.022125,0.0024414,0.0354
0.020905,0.0018311,0.046387
0.020599,0.0022888,0.046387
0.019073,0.0030518,0.042725
0.016632,0.0030518,0.043945
0.017548,0.0015259,0.043945
0.0177,0.00030518,0.040283
0.018311,0.0012207,0.039063
0.018921,-0.00045776,0.040283
0.019226,-0.00015259,0.037842
0.021057,-0.00015259,0.040283
0.02121,0.00061035,0.039063
0.02243,0.00030518,0.041504
0.021973,-0.00076294,0.040283
0.023193,-0.00045776,0.041504
0.024872,-0.00015259,0.037842
0.025787,0.0013733,3.1604
0.026855,0.0010681,4.8022
0.027618,0.0027466,4.9072
0.027466,0.0024414,4.8999
0.027924,0.0030518,4.9146
0.028381,0.0035095,4.9194
0.029602,0.0045776,4.9194
0.030975,0.0059509,4.9219
0.030365,0.0068665,4.9231
0.028534,0.0062561,4.9292
0.027466,0.0064087,4.9268
0.024261,0.005188,4.9304
0.020752,0.005188,4.9304
0.017853,0.0041199,4.9353
0.016022,0.0030518,4.9292
0.014801,0.0027466,4.9329
0.012665,0.0021362,4.9365
0.0099182,0.0019836,4.9292
0.0080872,0.0012207,4.9365
0.007019,-0.00030518,4.9341
0.0059509,-0.0013733,4.9158
0.0053406,-0.0021362,4.9329
0.0076294,-0.0024414,4.9341
0.0090027,-0.002594,4.9329
0.0097656,-0.0013733,4.9353
0.0090027,-0.0010681,4.9304
0.010071,-0.0016785,4.9304
0.010681,-0.00076294,4.9243
0.01236,-0.0019836,4.9268
0.013885,0.00076294,4.9194
0.017395,0.0019836,4.9219
0.018921,0.0027466,4.9194
0.021057,0.0039673,4.9194
0.021667,0.0041199,4.9182
0.020142,0.004425,4.9219
0.024261,0.0045776,4.9146
0.024719,0.0041199,4.9158
0.025177,0.0038147,4.9158
0.024719,0.0036621,4.9109
0.024261,0.0036621,4.9121
0.023651,0.0032043,4.9109
0.023041,0.0032043,4.9109
0.02243,0.0035095,4.9097
0.022125,0.0036621,4.9097
0.02243,0.0028992,4.9097
0.02243,0.0032043,4.9109
0.023041,0.0033569,4.9072
0.023651,0.0027466,4.9146
0.024109,0.0039673,4.9097
0.023804,0.0042725,4.9133
0.022736,0.0036621,4.9158
0.022583,0.0033569,4.9182
0.02243,0.0036621,4.928
0.024109,0.0036621,4.9207
0.024261,0.0036621,4.928
0.024719,0.0036621,4.9255
0.023193,0.0028992,4.9207
0.022278,0.002594,4.928
0.021667,0.0021362,4.9255
0.022278,0.0024414,4.9341
0.022888,0.0027466,4.9316
0.023041,0.0018311,4.9268
0.022888,0.00045776,4.9316
0.021667,0,4.9268
0.02121,-0.0010681,4.9353
0.020294,-0.0010681,4.9304
0.020294,-0.0010681,4.9329
0.020752,-0.00030518,4.9353
0.020752,0.00030518,4.939
0.019836,-0.00045776,4.9377
0.020447,-0.00015259,4.9414
0.020447,-0.00091553,4.9353
0.019531,-0.0019836,4.9353
0.019531,-0.0018311,4.9414
0.018768,-0.00061035,4.9304
0.019379,0.00045776,4.9158
0.020447,0.00091553,4.9268
0.018768,0.00045776,4.9231
0.020142,-0.00015259,4.9194
0.019226,-0.00045776,4.9194
0.020905,-0.00045776,4.9146
0.019379,0.0016785,4.9158
0.019379,0.0035095,4.9158
0.018768,0.0039673,4.9158
0.017853,0.0022888,4.9133
0.0177,0.0010681,4.917
0.01709,0.00030518,4.9109
0.017242,-0.00091553,4.9109
0.018005,-0.00076294,4.9243
0.018616,-0.00030518,4.9133
0.019379,-0.0010681,4.9146
0.019684,-0.002594,4.9097
0.019531,-0.0038147,4.895
0.019989,-0.005188,4.9097
0.019684,-0.0061035,4.9072
0.019379,-0.0056458,4.9097
0.020294,-0.0036621,4.9133
0.021362,-0.0022888,4.9109
0.021973,-0.0016785,4.9109
0.021362,-0.0038147,4.9158
0.022583,-0.0038147,4.9194
0.021973,-0.0053406,4.9146
0.02243,-0.0062561,4.9341
0.023193,-0.0057983,4.9231
0.023499,-0.0033569,4.9268
0.024567,-0.0010681,4.9329
0.023956,0.0016785,4.9292
0.023956,0.0012207,4.9304
0.023346,0.0015259,4.9365
0.023651,0.0013733,0.070801
0.024414,0.00030518,0.058594
0.026398,-0.00030518,0.062256
0.027008,-0.00091553,0.058594
0.027924,-0.0021362,0.058594
0.026093,-0.0027466,0.058594
0.026245,-0.0018311,0.064697
0.025482,-0.0028992,0.064697
0.025177,-0.0033569,0.067139
0.026093,-0.0021362,0.064697
0.026093,-0.00091553,0.068359
0.026855,-0.00030518,0.062256
0.025177,0.00030518,0.063477
0.02533,-0.00015259,0.057373
0.024719,-0.0021362,0.057373
0.023499,-0.0015259,0.061035
0.022736,-0.0048828,0.05249
0.023499,-0.0057983,0.059814
0.021973,-0.0054932,0.048828
0.019379,-0.0048828,0.040283
0.018921,-0.0042725,0.050049
0.014496,-0.0039673,0.045166
0.013123,-0.0047302,0.042725
0.013123,-0.0039673,0.045166
0.013885,-0.0042725,0.037842
0.013428,-0.0048828,0.041504
0.01358,-0.0039673,0.040283
0.01236,-0.0042725,0.041504
0.013275,-0.0059509,0.037842
0.014343,-0.0074768,0.041504
0.014191,-0.0079346,0.039063
0.016174,-0.0062561,0.043945
0.018005,-0.0041199,0.040283
0.018616,-0.0024414,0.041504
0.018921,-0.00061035,0.040283
0.019836,-0.0018311,0.036621
0.019531,-0.0030518,0.039063
0.019989,-0.0047302,0.045166
0.02121,-0.0053406,0.050049
0.02182,-0.004425,0.046387
0.021973,-0.004425,0.050049
0.021973,-0.0036621,0.05249
0.020905,-0.005188,0.05249
0.020447,-0.0038147,0.054932
0.019989,-0.0030518,0.059814
0.021057,-0.002594,0.056152
0.021057,-0.00061035,0.058594
0.020905,0.00015259,0.061035
0.021362,0.00076294,0.064697
0.016632,0.00015259,0.059814
0.018005,-0.0016785,0.061035
0.018005,-0.0027466,0.072021
0.019379,-0.0033569,0.062256
0.019531,-0.0024414,0.067139
0.021362,-0.00030518,0.064697
0.022736,0.0015259,0.047607
0.023804,0.0022888,0.063477
0.024414,0.00076294,0.057373
0.024109,0.00061035,0.061035
0.024567,0.00045776,0.064697
0.024109,-0.00045776,0.057373
0.024261,0.00030518,0.059814
0.02533,0.00045776,0.05127
0.025635,-0.00030518,0.056152
0.025482,-0.0010681,0.050049
0.025635,-0.0019836,0.05127
0.024872,-0.0033569,0.047607
0.024719,-0.0027466,0.046387
0.025024,-0.0021362,0.05249
0.023193,-0.0018311,0.050049
0.025024,-0.00091553,0.046387
0.023804,-0.0010681,0.045166
0.021362,-0.002594,0.043945
0.02243,-0.0033569,0.037842
0.021667,-0.0042725,0.053711
0.02182,-0.0047302,0.039063
0.021973,-0.0041199,0.037842
0.022125,-0.0030518,0.039063
0.021515,-0.0015259,0.036621
0.020599,-0.0015259,0.037842
0.020294,-0.0016785,0.040283
0.019379,-0.0024414,0.039063
0.019226,-0.0033569,0.041504
0.019379,-0.0036621,0.037842
0.019989,-0.0035095,0.043945
0.020142,-0.0010681,0.043945
0.021515,-0.00015259,0.047607
0.022888,0.00091553,0.059814
0.023804,0.0010681,0.05249
0.023804,0.00045776,0.063477
0.027008,0.00091553,0.053711
0.029144,0.00045776,0.047607
0.029144,0.00015259,0.061035
0.027771,0,0.062256
0.027008,-0.00061035,0.061035
0.026093,-0.0012207,0.061035
0.024567,-0.0022888,0.057373
0.024261,-0.0050354,0.062256
0.024261,-0.0022888,0.058594
0.024872,-0.0018311,0.061035
0.024567,-0.00076294,0.056152
0.024414,-0.00015259,0.065918
0.025177,0.00030518,0.068359
0.024567,-0.00045776,0.065918
0.024414,-0.0019836,0.067139
0.024414,-0.002594,0.065918
0.024872,0,0.061035
0.024567,-0.0021362,0.063477
0.023651,-0.0013733,0.070801
0.023499,-0.00045776,0.056152
0.023804,-0.00091553,0.057373
0.023956,-0.00030518,0.047607
0.024109,0.00061035,0.05127
0.025024,0.0012207,0.050049
0.02594,0.0018311,0.050049
0.025635,0.002594,0.046387
0.026703,0.0028992,0.048828
0.026093,0.0038147,0.043945
0.026245,0.0042725,3.905
0.026398,0.0019836,4.8486
0.027008,0.0050354,4.9084
0.027161,0.0045776,4.9084
0.026855,0.0053406,4.9109
0.026398,0.0061035,4.9219
0.02533,0.0059509,4.9097
0.025177,0.0059509,4.9109
0.024872,0.0050354,4.9121
0.024109,0.0056458,4.895
0.024261,0.0054932,4.9097
0.023651,0.0068665,4.9109
0.023041,0.0079346,4.906
0.023041,0.0082397,4.9011
0.02182,0.007019,4.9133
0.023346,0.0061035,4.9158
0.022888,0.0053406,4.9158
0.024261,0.0035095,4.9207
0.02121,0.0035095,4.9182
0.020447,0.0032043,4.928
0.018768,0.0041199,4.9255
0.017548,0.0045776,4.9292
0.016937,0.004425,4.928
0.016785,0.0042725,4.9316
0.017853,0.0042725,4.9329
0.018616,0.0048828,4.9353
0.018921,0.0056458,4.9438
0.019073,0.0059509,4.928
0.019531,0.0059509,4.9207
0.019684,0.0047302,4.9304
0.019836,0.0036621,4.9316
0.02243,0.0022888,4.9316
0.020905,0.0019836,4.9365
0.020142,0.0015259,4.9353
0.019684,0.00030518,4.939
0.020142,0.00045776,4.9365
0.019073,0.0019836,4.9365
0.018616,0.0013733,4.9292
0.018616,0.00076294,4.9316
0.018921,0.00030518,4.928
0.019836,0.00015259,4.9304
0.021057,0.00076294,4.9292
0.021667,0.0027466,4.9231
0.022278,0.0012207,4.9207
0.022888,0.0010681,4.9207
0.023651,0.00091553,4.9146
0.024261,0.00091553,4.9158
0.025177,0.0018311,4.9158
0.025177,0.0032043,4.9121
0.024567,0.0045776,4.9109
0.024567,0.0057983,4.9109
0.023651,0.0059509,4.9109
0.023956,0.0050354,4.9109
0.024261,0.0067139,4.9109
0.026093,0.0032043,4.9072
0.025024,0.0030518,4.9133
0.026245,0.0036621,4.9121
0.02655,0.0050354,4.9133
0.026245,0.0045776,4.9072
0.024567,0.0036621,4.9146
0.024567,0.0022888,4.9194
0.023346,0,4.9109
0.023041,0.0012207,4.9219
0.022583,0.002594,4.917
0.019989,0.0041199,4.9023
0.021362,0.0038147,4.9158
0.019989,0.0028992,4.9207
0.020142,0.0015259,4.9146
0.018768,-0.00030518,4.9255
0.019989,-0.00061035,4.9207
0.019989,-0.00030518,4.9304
0.019684,-0.00030518,4.9304
0.020447,0.0030518,4.9316
0.0177,0.0039673,4.9292
0.016327,0.0035095,4.9353
0.016174,0.0016785,4.9304
0.014343,0.00045776,4.9329
0.016632,0.00015259,4.9402
0.016479,0.0012207,4.9341
0.015717,0.0010681,4.9365
0.016479,0.0028992,4.9377
0.016479,0.0018311,4.9365
0.016785,0,4.939
0.017395,-0.0018311,4.9341
0.016479,-0.0010681,4.9341
0.016632,0.0012207,4.9316
0.016937,0.0032043,4.9207
0.016937,0.0062561,4.9268
0.016632,0.0064087,4.9231
0.015717,0.0041199,4.9243
0.015717,0.0033569,4.9182
0.016327,0.0016785,4.9207
0.016632,0.0019836,4.917
0.017242,0.0030518,4.9255
0.017395,0.0042725,4.9207
0.016479,0.0036621,4.9182
0.016937,0.0021362,4.928
0.015869,0.00045776,4.9133
0.015717,-0.00015259,4.9243
0.014954,0.00015259,4.9097
0.014954,0.0021362,4.9023
0.013733,0.0036621,4.9109
0.012817,0.0047302,4.9097
0.011444,0.0038147,4.9072
0.011444,0.0018311,4.9084
0.010834,-0.0010681,4.9097
0.011597,-0.0022888,4.9097
0.012817,-0.0012207,4.906
0.014954,0.00045776,0.05249
0.017853,0.0021362,0.037842
0.016479,0.0024414,0.045166
0.017395,0.0019836,0.048828
0.01709,0.0015259,0.05127
0.019073,0.0013733,0.057373
0.018768,0.0022888,0.054932
0.018616,0.0039673,0.057373
0.022125,0.0041199,0.054932
0.019379,0.0045776,0.057373
0.018616,0.0024414,0.059814
0.018768,0,0.064697
0.019379,-0.0013733,0.054932
0.019379,-0.0018311,0.061035
0.019684,0.0015259,0.061035
0.019531,0.0036621,0.065918
0.019684,0.0047302,0.059814
0.018768,0.005188,0.063477
0.016785,0.0019836,0.059814
0.016785,0.00015259,0.063477
0.016937,-0.00030518,0.067139
0.017242,0.00076294,0.06958
0.016632,0.0022888,0.064697
0.017395,0.0032043,0.063477
0.016022,0.0022888,0.075684
0.016327,0.0012207,0.061035
0.015564,-0.00030518,0.06958
0.016632,-0.00030518,0.058594
0.015869,0.0019836,0.043945
0.016479,0.0050354,0.05127
0.016479,0.0080872,0.048828
0.01709,0.0074768,0.048828
0.017548,0.0059509,0.047607
0.017395,0.0027466,0.042725
0.019073,0.00045776,0.042725
0.020447,0.00045776,0.046387
0.022125,0.0013733,0.045166
0.022736,0.0030518,0.042725
0.023499,0.0030518,0.042725
0.022278,0.0012207,0.040283
0.021057,-0.0015259,0.042725
0.020294,-0.0045776,0.047607
0.019226,-0.0057983,0.041504
0.018616,-0.005188,0.037842
0.017242,-0.0039673,0.036621
0.016937,-0.0035095,0.026855
0.016022,-0.0036621,0.039063
0.015717,-0.0056458,0.03418
0.015564,-0.0086975,0.039063
0.016327,-0.0094604,0.041504
0.01709,-0.0091553,0.039063
0.018311,-0.0054932,0.046387
0.019684,-0.002594,0.043945
0.019989,0,0.05249
0.019836,-0.00076294,0.047607
0.020294,-0.0032043,0.054932
0.020294,-0.0050354,0.053711
0.021973,-0.0056458,0.059814
0.023346,-0.0047302,0.057373
0.023499,-0.0022888,0.061035
0.024567,-0.00045776,0.064697
0.02533,0.00030518,0.063477
0.025024,0.00015259,0.073242
0.02594,-0.00030518,0.059814
0.027924,-0.0010681,0.050049
0.028534,-0.00030518,0.057373
0.029755,0.00030518,0.054932
0.029755,0.00076294,0.062256
0.028839,0.0010681,0.065918
0.027008,-0.00045776,0.065918
0.025177,-0.0028992,0.065918
0.023193,-0.0042725,0.061035
0.02121,-0.004425,0.065918
0.019073,-0.004425,0.058594
0.016174,-0.0036621,0.062256
0.013428,-0.0027466,0.058594
0.011902,-0.0010681,0.058594
0.01236,-0.0016785,0.054932
0.013733,-0.0027466,0.05127
0.016632,-0.0041199,0.050049
0.018463,-0.0041199,0.047607
0.019836,-0.0027466,0.045166
0.020294,-0.0010681,0.047607
0.019073,0.00076294,0.046387
0.017395,0.00030518,0.041504
0.016022,-0.00030518,0.041504
0.015717,-0.005188,0.041504
0.014343,-0.0021362,0.039063
0.014191,-0.0016785,0.0354
0.013733,-0.0015259,0.042725
0.01358,-0.00015259,0.036621
0.01358,-0.00061035,0.041504
0.015411,-0.0019836,0.040283
0.01709,-0.0027466,0.042725
0.019073,-0.004425,0.037842
0.020294,-0.0042725,0.040283
0.021057,-0.0039673,0.054932
0.021362,-0.0038147,0.040283
0.020905,-0.0024414,0.047607
0.019379,-0.0019836,0.045166
0.018158,-0.0013733,0.030518
0.017242,-0.0013733,0.045166
0.017242,-0.00091553,0.046387
0.01709,-0.00015259,0.054932
0.017395,0.00091553,0.056152
0.017242,0.0032043,0.05249
0.017395,0.0041199,0.059814
0.018158,0.0042725,0.058594
0.019684,0.00076294,0.056152
0.020142,0.0022888,0.059814
0.024261,0.0021362,0.064697
0.025787,0.0018311,0.061035
0.026245,0.0028992,0.063477
0.025635,0.0030518,0.070801
0.024567,0.0019836,0.063477
0.025024,0,0.061035
0.026245,-0.0032043,0.065918
0.028534,-0.0045776,0.080566
0.028992,-0.004425,2.8064
0.028687,-0.0035095,4.7803
0.027618,-0.0022888,4.9194
0.027313,-0.0012207,4.928
0.027161,0.00015259,4.9268
0.029144,0,4.9268
0.031891,0.00061035,4.9231
0.033112,0.00091553,4.9243
0.032349,0.002594,4.9207
0.032196,0.0028992,4.9207
0.03006,0.0028992,4.9182
0.029449,0.0018311,4.9158
0.029449,0.00015259,4.9146
0.031128,-0.0010681,4.9158
0.030518,-0.0018311,4.9207
0.029449,-0.0016785,4.9133
0.027313,-0.0016785,4.9011
0.025177,0.00030518,4.9109
0.023193,0.00076294,4.8987
0.02243,0.00076294,4.9097
0.023193,-0.0021362,4.9097
0.025482,-0.00061035,4.9072
0.026398,-0.00045776,4.9072
0.02655,-0.0021362,4.9084
0.026855,-0.00091553,4.9097
0.026093,-0.0019836,4.9036
0.025787,-0.002594,4.9109
0.02533,-0.0015259,4.9109
0.027161,-0.0041199,4.9133
0.02655,-0.0050354,4.9146
0.024261,-0.004425,4.9194
0.021667,-0.0038147,4.917
0.018463,-0.0030518,4.9243
0.018311,-0.0018311,4.9219
0.019531,-0.00076294,4.9268
0.024261,0.0012207,4.9353
0.029449,0.0022888,4.9304
0.032501,0.0030518,4.9146
0.032806,0.0041199,4.9316
0.035095,0.0041199,4.9329
0.03418,0.0036621,4.9329
0.032654,0.0039673,4.9316
0.031433,0.0028992,4.928
0.031281,0.0021362,4.9304
0.027618,0.0012207,4.9353
0.024872,0.005188,4.9353
0.019531,0.0018311,4.9304
0.018463,0.0010681,4.939
0.017242,0.00076294,4.9341
0.018616,0.00015259,4.9402
0.023499,-0.00091553,4.9475
0.027313,-0.0013733,4.9341
0.029602,-0.0022888,4.928
0.03067,0,4.9304
0.029144,-0.0015259,4.9146
0.027771,-0.0010681,4.9194
0.026398,0.0010681,4.9219
0.026855,0.0033569,4.9207
0.027313,0.0048828,4.9207
0.026855,0.0064087,4.9194
0.02533,0.0074768,4.9219
0.023804,0.0074768,4.9158
0.023041,0.0079346,4.917
0.024261,0.0067139,4.9097
0.026855,0.0083923,4.9158
0.032043,0.005188,4.9133
0.032654,0.0038147,4.9146
0.033417,0.0030518,4.9097
0.032349,0.0015259,4.9133
0.03006,0.0012207,4.9146
0.028839,0.0010681,4.9146
0.027008,0.00091553,4.9146
0.026703,0.00030518,4.9097
0.026703,-0.00076294,4.9084
0.026398,-0.0019836,4.9097
0.026398,-0.0035095,4.9109
0.025024,-0.0027466,4.9097
0.024261,-0.0028992,4.9158
0.024719,-0.0012207,4.9121
0.026855,-0.00091553,4.917
0.029144,0,4.9133
0.03067,-0.00061035,4.9268
0.030365,0.00061035,4.9231
0.027771,0.0015259,4.928
0.026703,0.0024414,4.928
0.024261,0.0028992,4.9329
0.023956,0.0027466,4.9438
0.024567,0.00061035,4.9304
0.024567,0.0019836,4.9377
0.024719,0.0016785,4.9329
0.023651,0.0016785,4.9268
0.021973,0.00076294,4.9316
0.020142,0.00015259,4.9316
0.019379,-0.0019836,4.9292
0.020447,-0.0054932,4.9329
0.020905,-0.009613,4.9365
0.020905,-0.012665,4.9353
0.020447,-0.013275,4.9329
0.018158,-0.013885,4.9365
0.015411,-0.0093079,4.9292
0.014801,-0.0061035,4.9304
0.016022,-0.0042725,4.9304
0.017853,-0.0033569,4.9292
0.020752,-0.0033569,4.9243
0.02243,-0.0053406,4.9255
0.023041,-0.0032043,4.9304
0.023193,-0.0016785,4.9194
0.02243,-0.00076294,4.9207
0.022125,-0.0015259,0.047607
0.025024,0,0.053711
0.027008,-0.00061035,0.043945
0.028534,-0.00091553,0.046387
0.027771,-0.00091553,0.041504
0.02594,-0.0012207,0.042725
0.023346,-0.00015259,0.0354
0.022583,0,0.041504
0.022736,0.00015259,0.039063
0.024109,-0.00076294,0.040283
0.024567,-0.002594,0.039063
0.024719,-0.0047302,0.041504
0.020905,-0.0050354,0.040283
0.019531,-0.004425,0.042725
0.01709,-0.0024414,0.056152
0.016785,-0.0012207,0.042725
0.017395,-0.00061035,0.047607
0.018768,-0.00030518,0.043945
0.018768,-0.00076294,0.029297
0.017242,-0.00091553,0.047607
0.016022,-0.00076294,0.056152
0.013885,-0.0016785,0.050049
0.013123,0.0016785,0.054932
0.014038,0.0028992,0.056152
0.016174,0.0016785,0.058594
0.017242,0.00091553,0.061035
0.01709,0.0010681,0.063477
0.015411,0.0022888,0.058594
0.013885,0.004425,0.062256
0.011902,0.0068665,0.062256
0.012054,0.0079346,0.063477
0.01358,0.0071716,0.067139
0.015259,0.0047302,0.053711
0.015411,0.0022888,0.064697
0.012817,0.00076294,0.063477
0.011139,0.00076294,0.080566
0.011444,0.0016785,0.064697
0.011902,0.0021362,0.058594
0.01358,0.002594,0.064697
0.014801,0.0015259,0.061035
0.014343,0.00061035,0.056152
0.012207,0.00061035,0.058594
0.0097656,-0.00030518,0.05249
0.0073242,0.0036621,0.050049
0.0067139,0.0045776,0.05127
0.0074768,0.007019,0.05249
0.0093079,0.0028992,0.046387
0.011444,0.00045776,0.050049
0.012054,-0.0012207,0.047607
0.011292,-0.0018311,0.048828
0.0099182,-0.00015259,0.05127
0.0091553,0.00076294,0.045166
0.009613,0.0016785,0.045166
0.010986,0.0021362,0.0354
0.011597,0.00045776,0.029297
0.011749,-0.00045776,0.039063
0.010376,-0.0010681,0.039063
0.0083923,-0.00030518,0.036621
0.007782,0.0016785,0.039063
0.0086975,0.0033569,0.036621
0.011597,0.0039673,0.037842
0.015259,0.0021362,0.037842
0.018463,0.00030518,0.041504
0.020447,-0.00015259,0.0354
0.021057,-0.00015259,0.041504
0.020447,0.0028992,0.043945
0.020294,0.0056458,0.050049
0.019073,0.0074768,0.046387
0.021057,0.0071716,0.053711
0.020142,0.0061035,0.054932
0.019989,0.004425,0.053711
0.018005,0.0045776,0.067139
0.015717,0.0048828,0.059814
0.013885,0.0059509,0.048828
0.014343,0.0050354,0.058594
0.019989,0.0041199,0.059814
0.018311,0.0016785,0.063477
0.018921,-0.00030518,0.061035
0.017853,-0.0024414,0.057373
0.015717,-0.0045776,0.063477
0.012817,-0.0012207,0.061035
0.010376,0.00015259,0.065918
0.010071,0.0036621,0.064697
0.010986,0.00076294,0.067139
0.01236,-0.0013733,0.064697
0.012207,-0.002594,0.065918
0.015106,-0.0018311,0.078125
0.013428,0.00045776,0.063477
0.014648,0.0036621,0.058594
0.01709,0.0073242,0.057373
0.02243,0.0086975,0.045166
0.025787,0.0080872,0.05127
0.027161,0.0073242,0.05249
0.026398,0.0067139,0.050049
0.025635,0.0067139,0.050049
0.022736,0.0079346,0.043945
0.021057,0.0094604,0.047607
0.020142,0.0088501,0.043945
0.019989,0.010071,0.046387
0.019989,0.0048828,0.037842
0.017853,0.0028992,0.043945
0.016479,-0.00030518,0.037842
0.015564,0.0035095,0.042725
0.015259,0.0054932,0.040283
0.013275,0.0065613,0.040283
0.018768,0.0047302,0.048828
0.018768,0.0012207,0.039063
0.016174,-0.0021362,0.05127
0.014954,-0.0030518,0.036621
0.011597,-0.0036621,0.031738
0.010223,-0.00091553,0.039063
0.0091553,0.0013733,0.037842
0.0076294,0.0035095,0.041504
0.013275,0.0035095,0.045166
0.016022,0.0022888,0.043945
0.018158,0.0021362,0.050049
0.019836,0.0035095,0.047607
0.02121,0.0050354,0.054932
0.023193,0.007782,3.8184
0.024719,0.011444,4.8572
0.027771,0.0067139,4.9243
0.029449,0.0041199,4.9304
0.029602,0.0021362,4.9353
0.023651,0.0022888,4.9329
0.024872,0.0038147,4.9304
0.022583,0.0061035,4.9341
0.022278,0.0036621,4.9377
0.023956,0.007782,4.9316
0.024261,0.0057983,4.9231
0.024414,0.0030518,4.9316
0.022583,0.0016785,4.9329
0.021515,0.0016785,4.9353
0.019073,0.0032043,4.9365
0.018616,0.0048828,4.9329
0.018768,0.0047302,4.9341
0.020294,0.0038147,4.9304
0.02121,0.0010681,4.9316
0.020142,0.00030518,4.9255
0.017548,0,4.9268
0.016174,0.0018311,4.9231
0.015411,0.0030518,4.9255
0.01709,0.0018311,4.9341
0.019379,0.0022888,4.9207
0.021515,0.00045776,4.9207
0.021973,-0.00030518,4.917
0.021362,-0.0022888,4.8987
0.020447,0.0021362,4.9097
0.017853,0.0045776,4.9146
0.018921,0.0053406,4.9146
0.02121,0.0045776,4.9109
0.022278,0.0018311,4.9072
0.023346,-0.0015259,4.9109
0.021973,-0.0036621,4.9121
0.019684,-0.0047302,4.9097
0.018921,-0.0035095,4.9084
0.018311,-0.0018311,4.9121
0.019226,-0.0042725,4.9084
0.020447,-0.0012207,4.9133
0.020142,-0.0015259,4.9146
0.018768,-0.0027466,4.9121
0.016479,-0.00076294,4.9097
0.014038,-0.0013733,4.9158
0.013123,0.00030518,4.9182
0.014801,0.0013733,4.9207
0.01709,0.0018311,4.9133
0.019379,-0.00091553,4.9268
0.020752,-0.0030518,4.9255
0.019989,-0.0041199,4.9255
0.020447,-0.004425,4.9316
0.019226,-0.0032043,4.9304
0.019989,-0.00091553,4.9329
0.021362,-0.0019836,4.9292
0.02243,-0.0032043,4.9353
0.022583,-0.0045776,4.9292
0.022736,-0.0057983,4.9329
0.020294,-0.0054932,4.9292
0.020752,-0.0030518,4.9365
0.021515,-0.00061035,4.9426
0.024414,-0.00045776,4.939
0.026703,0.0010681,4.9426
0.028534,-0.00076294,4.9353
0.028687,-0.0019836,4.9219
0.027771,-0.0028992,4.9329
0.025787,-0.0027466,4.9292
0.023041,-0.0010681,4.9255
0.02243,-0.00030518,4.9316
0.023193,-0.00061035,4.9243
0.023041,-0.0015259,4.9231
0.022736,-0.0033569,4.9182
0.022583,-0.0057983,4.9231
0.020752,-0.0050354,4.9158
0.020294,-0.0045776,4.917
0.020599,-0.0038147,4.9207
0.022125,-0.0039673,4.917
0.023499,-0.0045776,4.9146
0.023346,-0.0065613,4.9158
0.023346,-0.0085449,4.9109
0.022278,-0.0093079,4.9109
0.021362,-0.0086975,4.906
0.020294,-0.0062561,4.9109
0.02121,-0.0039673,4.9036
0.022888,-0.0030518,4.9072
0.024261,-0.0024414,4.9084
0.025482,-0.0033569,4.906
0.02533,-0.0041199,4.9133
0.025024,-0.0035095,4.906
0.025482,-0.0021362,4.9133
0.026093,0.00030518,4.9109
0.027161,0.0024414,4.9182
0.028992,0.0016785,4.917
0.029297,-0.00076294,4.9207
0.029449,-0.0033569,4.917
0.028229,-0.005188,4.9255
0.026703,-0.0041199,4.9304
0.025482,-0.0019836,4.9255
0.023804,0,4.9402
0.023193,0.00061035,4.9329
0.023499,-0.00061035,4.9133
0.023193,-0.0033569,4.9292
0.023499,-0.0047302,4.9304
0.022736,-0.004425,4.9304
0.02243,-0.0027466,4.9304
0.02182,-0.0012207,4.928
0.02182,-0.00076294,4.9365
0.022888,-0.00076294,4.9316
0.023804,-0.0013733,4.9329
0.024872,-0.0018311,0.062256
0.025787,-0.0015259,0.06958
0.024261,0.0015259,0.065918
0.024567,0.0039673,0.064697
0.024872,0.0050354,0.075684
0.027008,0.0054932,0.061035
0.029907,0.0036621,0.057373
0.031128,0.0018311,0.058594
0.031738,0.00091553,0.046387
0.032196,0.00091553,0.05127
0.032654,0.0027466,0.050049
0.032349,0.0045776,0.047607
0.032654,0.0061035,0.047607
0.032654,0.0057983,0.046387
0.032043,0.0045776,0.046387
0.03067,0.0041199,0.043945
0.029449,0.0039673,0.042725
0.028229,0.0057983,0.037842
0.027008,0.0074768,0.043945
0.023651,0.007782,0.041504
0.02655,0.007019,0.041504
0.026855,0.0062561,0.040283
0.026855,0.0036621,0.040283
0.024567,0.0061035,0.047607
0.026398,0.005188,0.043945
0.026093,0.007782,0.05249
0.024261,0.010376,0.039063
0.024109,0.009613,0.031738
0.023193,0.0083923,0.041504
0.023499,0.0071716,0.042725
0.023193,0.005188,0.039063
0.023804,0.0048828,0.046387
0.023346,0.0062561,0.043945
0.023499,0.0062561,0.05249
0.024109,0.0062561,0.050049
0.024719,0.005188,0.058594
0.024109,0.0041199,0.05249
0.023804,0.0022888,0.061035
0.022583,0.0022888,0.059814
0.02121,0.0016785,0.064697
0.020599,0.0010681,0.072021
0.020447,-0.0013733,0.061035
0.020752,-0.0028992,0.062256
0.021057,-0.004425,0.059814
0.022125,-0.0057983,0.063477
0.022583,-0.0050354,0.062256
0.023193,-0.0050354,0.062256
0.024261,-0.0028992,0.062256
0.024414,-0.0015259,0.064697
0.024261,-0.00076294,0.059814
0.023804,-0.00045776,0.065918
0.023651,-0.00076294,0.062256
0.023956,-0.0016785,0.063477
0.02243,-0.00091553,0.058594
0.024719,0,0.058594
0.024872,0.0018311,0.043945
0.024109,0.0010681,0.057373
0.026245,0.0033569,0.050049
0.026093,0.0035095,0.05249
0.027161,0.0028992,0.054932
0.027008,0.0024414,0.043945
0.027924,0.0018311,0.050049
0.027618,0.0022888,0.045166
0.027161,0.0036621,0.0354
0.026855,0.00045776,0.040283
0.025635,0.00015259,0.037842
0.023651,-0.00076294,0.046387
0.023956,-0.0028992,0.041504
0.023346,0.00045776,0.0354
0.023499,0.0015259,0.042725
0.023651,0.0027466,0.040283
0.024109,0.0010681,0.041504
0.023651,-0.0016785,0.0354
0.024261,-0.0022888,0.041504
0.024109,-0.0038147,0.041504
0.023804,-0.0073242,0.040283
0.023346,-0.0024414,0.047607
0.022583,-0.0028992,0.042725
0.025024,-0.0042725,0.042725
0.019989,-0.0028992,0.043945
0.017853,-0.0036621,0.045166
0.018005,-0.0039673,0.05249
0.018158,-0.0035095,0.054932
0.018311,-0.002594,0.05249
0.019226,-0.0016785,0.059814
0.019379,-0.00091553,0.056152
0.019531,-0.0013733,0.062256
0.020599,-0.0019836,0.058594
0.020599,-0.0015259,0.062256
0.019989,-0.0028992,0.057373
0.020599,-0.0035095,0.061035
0.020142,-0.00076294,0.057373
0.019379,0.00061035,0.062256
0.019379,0.0013733,0.063477
0.016785,0.0015259,0.062256
0.0177,0.00045776,0.074463
0.018158,0.0010681,0.065918
0.021667,0.0016785,0.072021
0.019989,0.0035095,0.063477
0.020599,0.004425,0.05127
0.020599,0.0032043,0.063477
0.019684,0.0024414,0.061035
0.019684,0.00091553,0.053711
0.019226,0.00015259,0.054932
0.018463,-0.002594,0.050049
0.014343,0.00045776,0.050049
0.016785,0.0012207,0.046387
0.016022,0.0012207,0.050049
0.015717,0.0021362,0.042725
0.015717,0.00015259,0.045166
0.015259,-0.00015259,0.046387
0.015717,0.00076294,0.048828
0.016632,0.0013733,0.041504
0.017853,0.0018311,0.042725
0.017242,0.0027466,0.047607
0.018768,0.0021362,0.041504
0.01709,0.0022888,0.039063
0.016174,0.0021362,1.3965
0.016022,0.00091553,4.707
0.016479,0.0016785,4.8901
0.014343,0.0015259,4.9084
0.015717,0.0018311,4.906
0.015411,0.0018311,4.9048
0.014343,0.0015259,4.906
0.014343,0.0016785,4.9109
0.014954,0.0010681,4.9133
0.015869,0.0010681,4.917
0.01709,0.0010681,4.8962
0.018311,0.0010681,4.9207
0.017853,0.00076294,4.9182
0.018158,0.00030518,4.9231
0.017242,0.00030518,4.9402
0.016479,0.00061035,4.9329
0.015869,0.0012207,4.9353
0.015564,0.0013733,4.9353
0.014343,0.0028992,4.9231
0.013885,0.0030518,4.9292
0.014191,0.002594,4.9365
0.012817,0.002594,4.9304
0.013428,0.0022888,4.9255
0.015411,0.0021362,4.928
0.017242,0.0022888,4.9353
0.018311,0.0010681,4.9341
0.019684,0.00076294,4.9365
0.019684,0.0015259,4.9353
0.020142,0.0021362,4.9329
0.019989,0.0018311,4.9329
0.020142,0.0022888,4.9329
0.020599,0.0033569,4.9341
0.021973,0.0032043,4.9304
0.020294,0.0033569,4.9329
0.019989,0.0019836,4.928
0.018768,0.0021362,4.9353
0.018005,0.002594,4.9231
0.01709,0.0032043,4.9109
0.01709,0.0035095,4.9194
0.014954,0.0015259,4.917
0.016174,0.0016785,4.9146
0.015717,-0.00045776,4.9133
0.014648,-0.0022888,4.9146
0.014496,-0.0039673,4.9121
0.013123,-0.0036621,4.9097
0.01297,-0.0039673,4.9097
0.012207,-0.0032043,4.9072
0.011749,-0.0030518,4.9146
0.011597,-0.0032043,4.9097
0.011902,-0.0032043,4.9133
0.012512,-0.0045776,4.9133
0.012665,-0.0035095,4.9109
0.014496,-0.0019836,4.9231
0.016937,0,4.9133
0.018616,0.00061035,4.9023
0.020142,0.0015259,4.9146
0.020599,0.00045776,4.9121
0.02121,-0.0012207,4.9121
0.02121,-0.0010681,4.917
0.021973,0,4.9219
0.023499,0.00091553,4.9146
0.023651,0.0018311,4.9182
0.023346,0.0021362,4.9292
0.023651,0.0016785,4.9268
0.023041,0.0018311,4.9097
0.023956,0.0012207,4.9316
0.022125,0.002594,4.9304
0.023651,0.0050354,4.9316
0.021515,0.0067139,4.9316
0.02182,0.007019,4.9365
0.020294,0.0064087,4.9329
0.019073,0.0042725,4.9402
0.016937,0.0027466,4.9377
0.016479,0.0030518,4.9194
0.015411,0.0030518,4.9341
0.015717,0.0035095,4.9329
0.015259,0.0033569,4.9353
0.015106,0.002594,4.9207
0.015259,0.0021362,4.9316
0.014496,0.0024414,4.9341
0.01358,0.0028992,4.9316
0.013123,0.0039673,4.9304
0.013733,0.004425,4.9255
0.014191,0.0033569,4.9158
0.014648,0.0012207,4.9231
0.014954,0.00015259,4.9243
0.014496,-0.00045776,4.9316
0.015106,-0.0019836,4.9194
0.015564,-0.00030518,4.9158
0.01709,0.00030518,4.9194
0.018463,0.00045776,4.8987
0.018768,0.00045776,4.9109
0.018463,-0.00015259,4.9109
0.0177,-0.00045776,4.9121
0.0177,0.00030518,4.9182
0.0177,0.0015259,4.9084
0.017242,0.0022888,4.9121
0.016937,0.0019836,4.9072
0.014343,0.00045776,4.9072
0.017395,-0.0015259,4.906
0.017242,-0.0021362,4.9158
0.018158,-0.0021362,4.9084
0.018005,-0.00045776,4.9146
0.019379,0.0016785,4.9109
0.018768,0.0030518,4.9146
0.019684,0.0083923,4.9255
0.019531,0.0024414,4.9194
0.019073,0.0021362,4.9292
0.018616,0.0012207,4.9243
0.018311,-0.00015259,0.046387
0.017853,-0.00045776,0.057373
0.016937,0.0010681,0.058594
0.016785,0,0.059814
0.016479,-0.00076294,0.061035
0.018311,-0.0018311,0.059814
0.019531,-0.0019836,0.058594
0.020294,-0.00091553,0.057373
0.024567,0.0013733,0.062256
0.022583,0.0024414,0.059814
0.023651,0.0027466,0.062256
0.025482,0.0045776,0.063477
0.026398,0.0022888,0.065918
0.026855,0.0019836,0.075684
0.027161,0.0019836,0.068359
0.028381,0.0010681,0.065918
0.027161,0.0012207,0.063477
0.030212,0.00076294,0.05249
0.03067,0.00076294,0.064697
0.032501,-0.00015259,0.061035
0.032349,0.0024414,0.053711
0.032196,0.0032043,0.056152
0.031586,0.0027466,0.047607
0.029755,0.0032043,0.05249
0.029297,0.0033569,0.047607
0.028076,0.0021362,0.05127
0.026855,0.0027466,0.045166
0.025482,0.00091553,0.047607
0.025482,0.00045776,0.043945
0.02594,0.00061035,0.046387
0.026398,0,0.041504
0.026398,0.0015259,0.043945
0.027008,0.0018311,0.053711
0.026245,0.0015259,0.039063
0.02594,0.0010681,0.050049
0.026093,-0.00061035,0.039063
0.026093,-0.0015259,0.032959
0.026398,-0.0015259,0.036621
0.026245,-0.0010681,0.037842
0.027161,-0.00015259,0.0354
0.027618,0.00076294,0.039063
0.024261,0.00030518,0.036621
0.027618,0.00030518,0.043945
0.030212,0.00030518,0.042725
0.028534,0.0018311,0.047607
0.028076,0.0021362,0.047607
0.027161,0.0028992,0.053711
0.026093,0.0018311,0.053711
0.025024,0.0016785,0.057373
0.024872,0.00015259,0.070801
0.023651,-0.00045776,0.056152
0.024261,-0.00045776,0.059814
0.025024,-0.0012207,0.061035
0.026245,-0.0012207,0.054932
0.02533,-0.0016785,0.058594
0.025177,-0.0019836,0.058594
0.024261,-0.002594,0.058594
0.024261,-0.00091553,0.061035
0.024414,-0.00061035,0.061035
0.024567,-0.00061035,0.062256
0.02594,-0.0028992,0.059814
0.02594,-0.00061035,0.067139
0.025787,-0.0013733,0.062256
0.026093,-0.0053406,0.06958
0.026855,0.00015259,0.062256
0.027618,0.0019836,0.064697
0.028534,0.0038147,0.064697
0.028687,0.0015259,0.058594
0.028534,0.0061035,0.064697
0.027618,0.0056458,0.054932
0.027618,0.0056458,0.061035
0.023804,0.0056458,0.050049
0.026398,0.0068665,0.042725
0.026703,0.0080872,0.048828
0.027008,0.0080872,0.045166
0.026703,0.007782,0.042725
0.024567,0.0071716,0.046387
0.023651,0.0057983,0.041504
0.024109,0.0054932,0.041504
0.024567,0.0047302,0.039063
0.024414,0.0048828,0.041504
0.025177,0.0036621,0.0354
0.024872,0.004425,0.040283
0.024567,0.004425,0.042725
0.023651,0.0033569,0.042725
0.02243,0.0033569,0.042725
0.02243,0.0028992,0.041504
0.021362,0.0033569,0.041504
0.021515,0.0038147,0.036621
0.020752,0.0047302,0.03418
0.018768,0.0050354,0.041504
0.019073,0.0047302,0.048828
0.017853,0.0038147,0.042725
0.018768,0.0028992,0.046387
0.019531,0.0019836,0.048828
0.019073,0.0022888,0.05249
0.018768,0.0019836,0.053711
0.018158,0,0.057373
0.01709,0.0010681,0.057373
0.016174,0.00030518,0.061035
0.016479,-0.00061035,0.062256
0.017548,-0.00076294,0.063477
0.017853,-0.00076294,0.056152
0.018616,-0.00091553,0.063477
0.019836,0.00015259,0.072021
0.019531,-0.00045776,0.061035
0.020752,-0.00061035,0.067139
0.022583,-0.0015259,0.063477
0.022583,-0.0010681,0.045166
0.025482,-0.00061035,0.064697
0.027161,-0.00045776,0.067139
0.027618,0.00076294,0.064697
0.026855,0.0018311,0.065918
0.026093,0.0019836,0.058594
0.027313,0.0035095,0.061035
0.028076,0.0048828,0.053711
0.029144,0.0047302,0.058594
0.029449,0.0050354,0.048828
0.029602,0.0047302,4.3176
0.029144,0.00091553,4.8816
0.027924,0.0016785,4.9182
0.027466,0.0010681,4.9194
0.025787,0.0012207,4.917
0.02655,0.0013733,4.9158
0.026245,0.0019836,4.9146
0.02655,0.0019836,4.9158
0.025787,0.0016785,4.9109
0.025787,0.0021362,4.895
0.025482,0.0018311,4.9146
0.025177,0.0021362,4.9121
0.024872,0.0018311,4.9072
0.024567,0.0027466,4.9097
0.024261,0.0028992,4.9097
0.024109,0.0021362,4.9109
0.023499,0,4.906
0.022125,0.00015259,4.9097
0.021667,-0.00076294,4.9097
0.021515,0.00045776,4.9121
0.021515,0.0016785,4.9109
0.02121,0.0032043,4.9146
0.021515,0.0032043,4.9268
0.02121,0.0027466,4.9194
0.020905,0.0010681,4.9268
0.020142,-0.00015259,4.9231
0.019226,-0.00015259,4.917
0.018463,0.00076294,4.9268
0.018463,0.00076294,4.928
0.017853,0.00091553,4.9268
0.017853,0.00045776,4.9316
0.018311,-0.00045776,4.9292
0.018158,-0.0019836,4.9304
0.018463,-0.0015259,4.9292
0.0177,0,4.9329
0.0177,0.00076294,4.9292
0.018311,0.0013733,4.9329
0.018921,0.0013733,4.928
0.019379,0.00076294,4.9365
0.020447,-0.0015259,4.9341
0.020142,-0.0010681,4.9377
0.019226,-0.0012207,4.9365
0.018463,-0.00015259,4.9353
0.019073,0.00045776,4.9451
0.018616,0.00030518,4.9316
0.018616,-0.00030518,4.928
0.018921,-0.0012207,4.9231
0.016174,-0.0019836,4.9268
0.014954,-0.0024414,4.9243
0.013885,-0.0021362,4.9207
0.014496,-0.0015259,4.9158
0.015411,-0.00091553,4.9207
0.016327,-0.00061035,4.9146
0.01709,-0.0021362,4.9182
0.017242,-0.0030518,4.9133
0.017853,-0.0041199,4.9194
0.018005,-0.0042725,4.9133
0.018311,-0.0038147,4.9133
0.018768,-0.0016785,4.9231
0.019073,-0.0013733,4.9109
0.019379,-0.0012207,4.9097
0.019989,-0.0021362,4.9109
0.019684,-0.0030518,4.8901
0.020294,-0.004425,4.906
0.019836,-0.0035095,4.9097
0.021667,-0.0024414,4.9097
0.023499,-0.0010681,4.9121
0.023956,-0.00030518,4.9097
0.024719,0.00061035,4.9121
0.023956,-0.0019836,4.9109
0.023499,-0.0032043,4.9219
0.022278,-0.0032043,4.9146
0.02121,-0.0024414,4.9207
0.021362,-0.00061035,4.9243
0.019989,0.00076294,4.9268
0.019073,0.0018311,4.928
0.020447,-0.00030518,4.928
0.017242,-0.0018311,4.9292
0.0177,-0.0027466,4.9341
0.016479,-0.0024414,4.9438
0.019836,-0.00076294,4.9341
0.02121,0.00076294,4.9231
0.020752,0.0013733,4.9292
0.020599,0.0018311,4.9304
0.019989,0.0010681,4.9292
0.019531,0,4.9341
0.020447,-0.00076294,4.9341
0.019379,-0.00045776,4.9377
0.019989,0.00091553,4.9353
0.019226,0.0018311,4.9377
0.019379,0.0018311,4.9329
0.018005,0.0012207,4.9377
0.019379,-0.00015259,4.9304
0.019226,-0.00091553,4.9341
0.019379,-0.00015259,4.9353
0.020294,0.00030518,4.9268
0.019836,0.00076294,4.9255
0.018616,0.00091553,4.9219
0.015411,0.00030518,4.9072
0.014954,-0.00076294,4.9182
0.014038,-0.0019836,4.9158
0.01297,-0.0038147,4.9158
0.013428,-0.0024414,4.9146
0.013428,-0.0022888,4.9133
0.01297,-0.0018311,4.9109
0.013123,-0.0019836,4.9097
0.01358,-0.0024414,4.9146
0.014038,-0.002594,4.9084
0.016479,-0.002594,4.9121
0.018768,-0.0028992,0.045166
0.021057,-0.0021362,0.042725
0.022278,-0.0010681,0.037842
0.023804,0.0012207,0.040283
0.023346,0.0016785,0.037842
0.024261,0.0018311,0.041504
0.024567,0.0021362,0.046387
0.025177,0.0018311,0.042725
0.026093,0.0035095,0.040283
0.02594,0.0047302,0.046387
0.026398,0.0065613,0.047607
0.025482,0.0062561,0.05127
0.025024,0.0061035,0.054932
0.024261,0.0041199,0.053711
0.023193,0.0015259,0.054932
0.024261,0.0019836,0.056152
0.024567,0.0028992,0.063477
0.024261,0.0039673,0.059814
0.023346,0.0039673,0.073242
0.02182,0.0019836,0.058594
0.020294,-0.00030518,0.062256
0.019226,-0.0032043,0.074463
0.0177,-0.0030518,0.063477
0.018616,-0.0032043,0.065918
0.016937,-0.0010681,0.061035
0.016174,0.00091553,0.050049
0.015106,0.0024414,0.063477
0.01358,0.0015259,0.067139
0.013123,0.00045776,0.064697
0.013123,-0.0018311,0.078125
0.014954,-0.00015259,0.057373
0.017242,0.00015259,0.064697
0.018005,0.00091553,0.056152
0.019226,0.0016785,0.058594
0.017395,0.0013733,0.050049
0.018463,-0.00045776,0.053711
0.016479,-0.00015259,0.048828
0.018463,0.00045776,0.050049
0.018158,0.0013733,0.05127
0.017548,0.0035095,0.047607
0.017395,0.004425,0.050049
0.016479,0.0045776,0.046387
0.016785,0.0038147,0.047607
0.01709,0.00030518,0.041504
0.017395,0.0018311,0.036621
0.018768,0.0016785,0.039063
0.018921,0.002594,0.040283
0.020294,0.0041199,0.0354
0.019379,0.0048828,0.041504
0.017853,0.0047302,0.037842
0.017242,0.0041199,0.039063
0.015717,0.0042725,0.036621
0.014954,0.005188,0.043945
0.013733,0.0061035,0.039063
0.013275,0.0064087,0.042725
0.011902,0.0056458,0.043945
0.010223,0.0039673,0.047607
0.011902,0.0021362,0.058594
0.012054,0.00045776,0.05249
0.014496,0.0010681,0.064697
0.014648,0.0012207,0.05249
0.015106,0.0015259,0.048828
0.016479,0.0022888,0.058594
0.01709,-0.00015259,0.056152
0.0177,0.0016785,0.057373
0.018768,0.00015259,0.061035
0.019226,-0.00091553,0.059814
0.020294,-0.0024414,0.062256
0.02121,-0.0015259,0.056152
0.021667,-0.0018311,0.061035
0.023346,-0.00030518,0.058594
0.023499,0.0016785,0.064697
0.02533,0.0028992,0.065918
0.026398,0.0041199,0.065918
0.028534,0.0045776,0.067139
0.029449,0.004425,0.065918
0.028381,0.0042725,0.072021
0.027771,0.0028992,0.064697
0.027313,0.0012207,0.06958
0.02594,-0.00076294,0.059814
0.026093,-0.0018311,0.046387
0.02533,-0.0015259,0.05249
0.02533,-0.00091553,0.05249
0.024567,0.0010681,0.047607
0.023804,0.0027466,0.050049
0.022736,0.0036621,0.045166
0.023651,0.0038147,0.047607
0.023651,0.0027466,0.043945
0.023193,0.0016785,0.043945
0.024109,0.0024414,0.041504
0.025482,-0.00015259,0.046387
0.025787,0.00091553,0.040283
0.02655,0.00015259,0.041504
0.027161,0.0012207,0.054932
0.027466,0.0012207,0.041504
0.027771,0.0018311,0.040283
0.027771,0.0028992,0.039063
0.028687,0.0036621,0.03418
0.029144,0.0041199,0.036621
0.028687,0.0041199,0.037842
0.029602,0.0030518,0.039063
0.03006,0.0021362,0.040283
0.030518,0.00091553,0.037842
0.030823,-0.00030518,0.041504
0.03067,0,0.041504
0.031586,0.0013733,0.046387
0.029297,0.0028992,0.043945
0.028381,0.0035095,0.053711
0.026855,0.0041199,0.05249
0.025482,0.002594,0.057373
0.024261,0.0016785,0.057373
0.023651,0.00045776,0.062256
0.021515,0,0.064697
0.020905,0.00045776,0.063477
0.02121,0.00045776,0.074463
0.022583,0.00030518,0.059814
0.025024,0.00030518,0.05127
0.026855,0.00015259,3.3411
0.028229,0.00061035,4.8328
0.029144,0.0013733,4.9207
0.030365,0.0033569,4.9316
0.029602,0.0053406,4.9292
0.029449,0.0061035,4.9341
0.030365,0.0067139,4.9329
0.03067,0.0065613,4.9377
0.030975,0.0059509,4.9292
0.030975,0.0064087,4.9365
0.032501,0.0062561,4.9329
0.032806,0.0065613,4.9341
0.03479,0.0030518,4.9329
0.035095,0.0071716,4.9292
0.034943,0.0057983,4.9219
0.033417,0.0039673,4.9231
0.031586,0.0035095,4.9194
0.030518,0.002594,4.9207
0.028839,0.002594,4.9158
0.027313,0.0035095,4.9072
0.027618,0.0047302,4.9158
0.028076,0.0041199,4.9146
0.029144,0.0038147,4.9121
0.029297,0.005188,4.9097
0.028534,0.0047302,4.9109
0.030823,0.0050354,4.9146
0.029144,0.0059509,4.9109
0.027466,0.0061035,4.9109
0.025177,0.0054932,4.9146
0.023041,0.0039673,4.9084
0.021515,0.0024414,4.9109
0.019379,0.00015259,4.9231
0.020294,0.0016785,4.9109
0.019684,0.0032043,4.9207
0.020752,0.0036621,4.9146
0.020142,0.0035095,4.895
0.02121,0.002594,4.9109
0.022278,0.0013733,4.9158
0.023346,-0.00030518,4.9207
0.023499,0.00076294,4.9219
0.023956,0.0015259,4.9207
0.023193,0.002594,4.9268
0.020752,0.0033569,4.9292
0.02243,0.0032043,4.9304
0.022583,0.0021362,4.928
0.022736,0.0012207,4.9341
0.023651,0.0013733,4.9316
0.023651,0.00045776,4.9341
0.024109,0.0016785,4.9377
0.025482,0.004425,4.9316
0.025635,0.0027466,4.9292
0.025024,0.0018311,4.9377
0.024261,-0.00030518,4.9426
0.025482,-0.0024414,4.9341
0.023346,-0.0033569,4.9243
0.023346,-0.0027466,4.9353
0.023651,-0.00015259,4.9329
0.023956,-0.00030518,4.9268
0.023651,-0.00030518,4.9329
0.022736,-0.0022888,4.9255
0.022125,-0.00091553,4.9255
0.022583,-0.0064087,4.9231
0.022125,-0.0053406,4.9255
0.022888,-0.0035095,4.9219
0.023499,-0.0019836,4.9219
0.023041,-0.00015259,4.917
0.022888,-0.00045776,4.9194
0.023651,-0.0021362,4.9255
0.025177,-0.0035095,4.9243
0.025482,-0.0035095,4.9231
0.026703,-0.0019836,4.9097
0.027618,0.00091553,4.9011
0.027618,0.0021362,4.9036
0.027771,0.0019836,4.9121
0.027161,0.00030518,4.9097
0.026703,-0.00076294,4.9084
0.026855,-0.0024414,4.9072
0.027008,-0.00091553,4.9109
0.027313,0.0021362,4.9121
0.028229,0.0042725,4.9133
0.027466,0.0047302,4.9097
0.02655,0.0027466,4.9146
0.025635,0.00061035,4.9146
0.024414,-0.00091553,4.9158
0.023041,0.00015259,4.9207
0.021515,0.0016785,4.9194
0.018616,0.0024414,4.9182
0.020142,0.0035095,4.9243
0.018921,0.0027466,4.9292
0.017853,0.0013733,4.9268
0.015869,0.0016785,4.9207
0.017548,-0.00015259,4.9268
0.017548,0.0012207,4.9292
0.018616,0.0035095,4.9304
0.019226,0.0042725,4.9316
0.018616,0.0047302,4.928
0.018005,0.0027466,4.9341
0.016937,0.00091553,4.9329
0.015411,0.00061035,4.9329
0.015259,0.0013733,4.9255
0.014801,0.0021362,4.9377
0.015717,0.004425,4.9329
0.014496,0.0047302,4.9377
0.014038,0.004425,4.9475
0.013885,0.0032043,4.9377
0.014648,0.0013733,4.9353
0.015869,0.0015259,4.9353
0.016937,0.0016785,4.9133
0.018158,0.00076294,4.9255
0.019073,0.002594,4.9207
0.019531,0.0024414,0.046387
0.019073,0.0018311,0.050049
0.019073,0.0030518,0.047607
0.018463,0.00030518,0.05249
0.017853,0.0015259,0.042725
0.016632,0.0024414,0.047607
0.014954,0.0038147,0.042725
0.015106,0.0042725,0.047607
0.015564,0.0028992,0.041504
0.015564,0.0018311,0.042725
0.016327,0,0.042725
0.019226,-0.00091553,0.031738
0.020752,-0.00030518,0.037842
0.021667,0.0013733,0.041504
0.021362,0.002594,0.029297
0.020294,0.002594,0.037842
0.018616,0.0016785,0.023193
0.017548,-0.00030518,0.039063
0.016174,-0.00061035,0.040283
0.015411,-0.00015259,0.041504
0.013885,0.0012207,0.042725
0.013885,0.0022888,0.040283
0.014038,0.0021362,0.041504
0.015259,0.0024414,0.047607
0.017395,0.0019836,0.054932
0.020752,0.0019836,0.05249
0.023956,0.0035095,0.058594
0.026093,0.0056458,0.056152
0.025635,0.0080872,0.062256
0.025787,0.0086975,0.065918
0.023804,0.0065613,0.064697
0.021515,0.004425,0.073242
0.019226,0.0010681,0.062256
0.017853,-0.00030518,0.047607
0.016937,-0.00030518,0.061035
0.015717,-0.00045776,0.061035
0.014954,0.00015259,0.062256
0.014343,0,0.063477
0.014191,-0.00030518,0.063477
0.015259,-0.00076294,0.067139
0.01709,-0.00015259,0.064697
0.019836,0.00061035,0.068359
0.020294,0.0012207,0.061035
0.019073,0.00061035,0.063477
0.018616,0.00076294,0.062256
0.016937,-0.00015259,0.058594
0.015869,-0.00091553,0.056152
0.014191,-0.0013733,0.053711
0.014038,-0.00091553,0.050049
0.013275,0.00015259,0.050049
0.013123,0.0010681,0.050049
0.01358,0.0022888,0.047607
0.014954,0.0021362,0.047607
0.017395,0.00076294,0.037842
0.019684,-0.002594,0.042725
0.023346,-0.0013733,0.040283
0.026245,0,0.041504
0.027771,0.0010681,0.039063
0.028381,0.0022888,0.042725
0.027313,0.0022888,0.037842
0.02594,0.0016785,0.042725
0.024261,0.00076294,0.040283
0.022888,-0.00091553,0.040283
0.02182,-0.0013733,0.036621
0.020142,-0.00076294,0.037842
0.019836,0,0.053711
0.019379,-0.00015259,0.041504
0.019073,-0.00091553,0.048828
0.019989,-0.0015259,0.043945
0.022583,-0.002594,0.028076
0.024109,-0.0024414,0.043945
0.025482,-0.0015259,0.046387
0.026093,0.0022888,0.05127
0.025787,0.002594,0.053711
0.024567,0.0027466,0.053711
0.023956,0.0021362,0.057373
0.023651,0.0013733,0.058594
0.024109,0.00091553,0.063477
0.024109,0.00076294,0.058594
0.024109,0.0013733,0.063477
0.021973,0.0024414,0.061035
0.02121,0.002594,0.064697
0.019989,0.0021362,0.070801
0.019226,0.00091553,0.063477
0.022278,-0.0015259,0.061035
0.021973,-0.0018311,0.064697
0.023804,-0.0013733,0.081787
0.023041,-0.00045776,0.064697
0.021515,0.00015259,0.05127
0.020142,0.00030518,0.064697
0.019226,-0.00015259,0.064697
0.019836,0,0.059814
0.020752,-0.00030518,0.059814
0.021667,0.00045776,0.05249
0.021515,0.0016785,0.056152
0.019684,0.0035095,0.048828
0.018768,0.0032043,0.05127
0.018311,0.002594,0.048828
0.018768,0.0012207,0.047607
0.020905,0.00030518,0.05127
0.022125,-0.00061035,0.046387
0.022736,-0.00030518,0.054932
0.019989,0.00045776,0.046387
0.019073,-0.00061035,0.05127
0.017242,-0.00045776,0.042725
0.015869,-0.00091553,0.029297
0.016479,0.0010681,0.040283
0.016632,-0.0021362,0.03418
0.015259,-0.0019836,0.036621
0.016937,0.0010681,0.0354
0.016327,0,0.036621
0.016785,0.00045776,0.041504
0.018158,0.0015259,0.037842
0.020142,0.0012207,0.041504
0.023346,0.0016785,0.036621
0.026245,0.0024414,0.043945
0.027313,0.0033569,1.8164
0.027161,0.005188,4.7327
0.02533,0.0053406,4.8926
0.025024,0.0056458,4.9158
0.023804,0.0041199,4.9194
0.024872,0.0032043,4.9231
0.025482,0.0013733,4.928
0.02655,0.00015259,4.9304
0.029755,0.00061035,4.9146
0.026093,0.0010681,4.928
0.025482,0.0013733,4.9353
0.025482,0.0013733,4.9304
0.026398,-0.00030518,4.9316
0.026703,0,4.9255
0.026398,-0.00076294,4.9353
0.025024,0.00015259,4.9304
0.02243,0.00030518,4.9341
0.021515,0.00091553,4.9158
0.021057,0.00030518,4.9365
0.022125,-0.00045776,4.9341
0.023651,-0.0018311,4.9353
0.026093,-0.0021362,4.9463
0.027771,-0.0024414,4.9341
0.027771,-0.004425,4.928
0.027313,-0.0013733,4.9329
0.027008,-0.00091553,4.9182
0.027008,-0.00030518,4.9243
0.028687,-0.00061035,4.9194
0.029449,-0.0015259,4.9207
0.030365,-0.0018311,4.9207
0.03006,-0.0021362,4.9158
0.028839,0.00061035,4.9219
0.026703,0.0024414,4.9146
0.026398,0.0032043,4.9109
0.02655,0.0057983,4.9146
0.027924,0.0030518,4.9146
0.029907,0.0013733,4.9121
0.029907,0.00045776,4.9146
0.027313,0.00015259,4.9097
0.024414,-0.00076294,4.9133
0.022583,-0.0015259,4.917
0.021515,-0.0019836,4.9121
0.02243,-0.0032043,4.9182
0.023651,-0.0048828,4.9084
0.024261,-0.0056458,4.9023
0.02243,-0.005188,4.9133
0.021515,-0.0045776,4.9109
0.020294,-0.0038147,4.9072
0.020905,-0.0024414,4.9133
0.023346,-0.0033569,4.9146
0.024109,-0.0022888,4.9158
0.026245,-0.0015259,4.9182
0.026093,-0.0016785,4.9255
0.027313,0.00091553,4.9219
0.024414,0.002594,4.928
0.024109,0.0030518,4.9329
0.027008,0.0048828,4.9316
0.029297,0.0076294,4.9365
0.031433,0.0050354,4.9316
0.033112,0.0042725,4.9341
0.032806,0.0033569,4.9329
0.032043,0.0024414,4.9329
0.03067,0.0021362,4.9329
0.031128,0.0024414,4.9304
0.035095,0.0030518,4.928
0.033569,0.0030518,4.9316
0.033569,0.002594,4.9341
0.03006,0.0028992,4.9377
0.028534,0.0035095,4.9353
0.026398,0.0036621,4.9377
0.024414,0.0045776,4.9329
0.023956,0.0080872,4.9329
0.024414,0.0054932,4.9304
0.025482,0.0048828,4.9304
0.025787,0.0039673,4.9231
0.024414,0.0021362,4.9268
0.023651,0.0033569,4.9243
0.023041,0.0041199,4.9207
0.023499,0.004425,4.9292
0.024414,0.0054932,4.917
0.024872,0.004425,4.9146
0.023804,0.0038147,4.9072
0.02121,0.0027466,4.917
0.019073,0.0024414,4.9146
0.017853,0.0036621,4.9121
0.017853,0.0045776,4.9097
0.020142,0.0054932,4.9121
0.023041,0.0059509,4.9133
0.025482,0.0050354,4.9121
0.026093,0.0035095,4.9097
0.025177,0.0030518,4.9158
0.023651,0.0035095,4.9097
0.021667,0.0045776,4.9133
0.021057,0.005188,4.9207
0.021362,0.0042725,4.9121
0.022278,0.0024414,4.9121
0.021667,-0.00045776,4.9146
0.019531,-0.0018311,4.8938
0.017548,-0.0038147,4.9133
0.017395,-0.0021362,4.9109
0.0177,-0.00076294,4.9231
0.020142,-0.00076294,4.9207
0.023193,-0.0012207,4.9194
0.024109,-0.0024414,4.9292
0.023193,-0.0030518,4.928
0.02182,-0.0035095,4.9341
0.019379,-0.0013733,4.928
0.0177,0,4.9353
0.018463,0.0013733,4.928
0.019989,0.0013733,4.9341
0.022888,0.00015259,4.9341
0.024872,-0.0012207,0.064697
0.02594,-0.00091553,0.067139
0.027161,0.00045776,0.065918
0.026245,0.0028992,0.080566
0.028229,0.0039673,0.065918
0.033264,0.0035095,0.057373
0.033112,0.0024414,0.067139
0.034485,0.0016785,0.061035
0.033722,0.0015259,0.050049
0.031586,0.0027466,0.057373
0.029907,0.0045776,0.057373
0.028992,0.0054932,0.056152
0.030975,0.0050354,0.05127
0.032043,0.0032043,0.053711
0.033722,0.0019836,0.048828
0.033875,0.00076294,0.050049
0.031128,0.00045776,0.048828
0.027771,0.0012207,0.047607
0.025635,0.0028992,0.05249
0.024261,0.0033569,0.041504
0.024567,0.0024414,0.046387
0.024414,0.00030518,0.041504
0.023346,-0.0016785,0.030518
0.020905,-0.0027466,0.040283
0.018768,-0.0016785,0.039063
0.016174,0.00076294,0.037842
0.015869,0.0016785,0.040283
0.0177,0.0038147,0.036621
0.018921,0.0027466,0.040283
0.020905,0.00015259,0.036621
0.020905,-0.00061035,0.041504
0.019531,-0.00030518,0.037842
0.018463,0.00030518,0.042725
0.0177,0.0022888,0.045166
0.018616,0.0033569,0.05249
0.020752,0.0024414,0.045166
0.020752,0.00076294,0.05249
0.021667,-0.00091553,0.05249
0.020294,-0.0016785,0.056152
0.019531,-0.00045776,0.063477
0.0177,0.0015259,0.058594
0.018311,0.0041199,0.047607
0.022278,0.0036621,0.058594
0.021057,0.0024414,0.059814
0.022583,0.00061035,0.062256
0.022278,-0.00015259,0.061035
0.021057,0.0012207,0.058594
0.019073,0.0015259,0.064697
0.018616,0.0038147,0.059814
0.018921,0.0050354,0.063477
0.019531,0.0035095,0.061035
0.020294,0.0019836,0.068359
0.019684,0.00076294,0.064697
0.019684,0.00015259,0.068359
0.016479,0.0019836,0.080566
0.014496,0.0039673,0.064697
0.014648,0.0047302,0.061035
0.016022,0.0047302,0.061035
0.017242,0.0030518,0.047607
0.018616,0.00030518,0.053711
0.018311,-0.002594,0.05127
0.014954,0.00045776,0.05127
0.016479,0.0019836,0.050049
0.016632,0.0028992,0.045166
0.017853,0.0018311,0.050049
0.019989,0.0015259,0.042725
0.021973,0.0010681,0.046387
0.02243,-0.0022888,0.037842
0.021973,-0.0024414,0.043945
0.02121,-0.00091553,0.041504
0.019989,0.0013733,0.042725
0.022583,0.0019836,0.039063
0.020294,0.0016785,0.042725
0.02182,0,0.048828
0.021515,-0.0022888,0.041504
0.019989,-0.0039673,0.048828
0.018616,-0.0024414,0.037842
0.017853,-0.00091553,0.03418
0.018463,0.00091553,0.039063
0.019226,0.0010681,0.039063
0.02243,0.0012207,0.040283
0.023499,0.00015259,0.041504
0.023041,-0.00030518,0.042725
0.021515,-0.00045776,0.046387
0.020599,0.0022888,0.047607
0.020142,0.0038147,0.05249
0.020294,0.0050354,0.05127
0.020599,0.0053406,0.057373
0.020752,0.0038147,0.061035
0.019073,0.0018311,0.061035
0.018616,0.00076294,0.070801
0.014801,0.0010681,0.062256
0.012817,0.0024414,0.063477
0.013123,0.0036621,0.062256
0.014648,0.002594,0.063477
0.016327,0.00045776,0.062256
0.01709,-0.0013733,0.059814
0.016022,-0.0028992,0.061035
0.017242,-0.0022888,0.063477
0.015717,-0.00045776,0.061035
0.016174,0.0010681,0.064697
0.016785,-0.00045776,0.063477
0.018158,0.00076294,0.068359
0.018921,-0.0016785,0.061035
0.018311,-0.0030518,0.063477
0.017853,-0.0047302,0.062256
0.016937,-0.0024414,0.059814
0.017395,0.00076294,0.053711
0.019226,0.0015259,0.05249
0.023193,0.0010681,0.063477
0.025635,-0.00091553,0.05127
0.026703,-0.0021362,0.054932
0.026398,-0.00045776,0.05127
0.025177,-0.00076294,0.032959
0.024261,0.0024414,0.042725
0.024261,0.004425,0.043945
0.02121,0.0050354,2.8625
0.02655,0.0032043,4.7852
0.027161,0.00061035,4.8962
0.026398,-0.00030518,4.9097
0.024414,0.00091553,4.9072
0.023651,0.0035095,4.9084
0.023041,0.0067139,4.9084
0.024567,0.0080872,4.9133
0.025177,0.0062561,4.9109
0.026093,0.0033569,4.9146
0.025177,0.00091553,4.9304
0.023041,-0.00015259,4.9109
0.020752,0.00061035,4.9084
0.018463,0.0022888,4.9146
0.018463,0.004425,4.9097
0.020447,0.0047302,4.9158
0.020752,0.0032043,4.9097
0.020905,-0.00015259,4.9207
0.019989,-0.0016785,4.9182
0.018463,-0.0018311,4.9207
0.018005,0.00015259,4.9268
0.01709,0.0028992,4.928
0.016479,0.0038147,4.9341
0.018616,0.0019836,4.9292
0.018158,0.00045776,4.9341
0.01709,-0.0010681,4.928
0.016479,-0.0016785,4.9341
0.015259,0.0012207,4.928
0.015106,0.004425,4.9329
0.016327,0.0061035,4.9402
0.018005,0.0074768,4.9353
0.018463,0.0054932,4.9414
0.018158,0.0030518,4.9377
0.017242,0.0010681,4.9231
0.015869,0.00061035,4.9353
0.013733,0.00076294,4.9316
0.01297,0.0013733,4.9292
0.013885,0.00061035,4.9316
0.014343,-0.0019836,4.9255
0.014954,-0.0059509,4.9146
0.014496,-0.0062561,4.9194
0.015717,-0.0057983,4.9231
0.013885,-0.002594,4.917
0.014191,0.00076294,4.9207
0.015869,0.0064087,4.9194
0.018158,0.0027466,4.9243
0.019531,0.0018311,4.917
0.02182,0.0012207,4.9194
0.020294,0.0030518,4.9158
0.020294,0.0033569,4.9133
0.019379,0.0057983,4.9121
0.020294,0.0071716,4.9133
0.022125,0.0071716,4.9133
0.024261,0.0050354,4.9084
0.025177,0.0022888,4.9084
0.02533,0.00076294,4.9109
0.024719,0.00076294,4.9109
0.024261,0.0019836,4.9146
0.024109,0.0041199,4.9121
0.024567,0.0042725,4.9097
0.026093,0.0041199,4.9133
0.027618,0.0015259,4.9133
0.027771,-0.00091553,4.9194
0.027313,-0.0016785,4.9146
0.024567,-0.0012207,4.9182
0.023193,0.00061035,4.9316
0.022278,0.0022888,4.9219
0.021667,0.0024414,4.9316
0.02182,0.0012207,4.9304
0.020905,-0.0019836,4.9158
0.020142,-0.0033569,4.9292
0.018005,-0.0033569,4.928
0.017395,-0.0024414,4.9304
0.0177,-0.00030518,4.928
0.019531,0.00030518,4.9292
0.02121,0,4.9341
0.021667,-0.0013733,4.9316
0.021667,-0.0030518,4.9329
0.020447,-0.0032043,4.9292
0.019684,-0.0012207,4.9365
0.020294,0.0015259,4.9377
0.021057,0.0032043,4.9402
0.023041,0.0047302,4.9426
0.025024,0.0032043,4.9341
0.026703,0.00076294,4.9353
0.027618,-0.0013733,4.9329
0.028534,-0.00045776,4.9341
0.028534,0.0016785,4.9341
0.029907,0.0035095,4.9255
0.029297,0.0041199,4.9231
0.029449,0.002594,4.9207
0.029144,-0.00091553,4.9182
0.027924,-0.0033569,4.9158
0.026855,-0.0030518,4.9158
0.02533,-0.00091553,4.9146
0.023499,0.0027466,4.9109
0.022888,0.0042725,4.9146
0.023346,0.0035095,4.9048
0.023651,0.00076294,4.906
0.023956,-0.0027466,4.9133
0.024567,-0.0016785,4.9146
0.024719,-0.0013733,4.9194
0.024872,0.00076294,4.9121
0.024872,0.002594,4.9231
0.026245,0.0028992,4.9109
0.027618,0.00091553,4.8999
0.027313,-0.0015259,4.9121
0.028229,-0.002594,4.9048
0.028534,-0.0018311,4.9072
0.029144,-0.00045776,4.9109
0.030823,0.0015259,0.041504
0.031586,0.0033569,0.046387
0.03418,0.0045776,0.048828
0.036316,0.0035095,0.053711
0.037689,0.0038147,0.05127
0.038757,0.0035095,0.057373
0.0383,0.0045776,0.062256
0.037689,0.0053406,0.061035
0.036774,0.0039673,0.064697
0.035858,0.005188,0.062256
0.034027,0.0036621,0.061035
0.032349,0.0013733,0.062256
0.030518,0.00061035,0.073242
0.029297,0.00076294,0.062256
0.028534,0.0022888,0.054932
0.028076,0.0041199,0.059814
0.028076,0.0047302,0.063477
0.027771,0.0028992,0.054932
0.027313,0.0016785,0.067139
0.027618,0.00030518,0.064697
0.030365,-0.00015259,0.067139
0.027161,0.0021362,0.065918
0.026703,0.0035095,0.065918
0.024872,0.0056458,0.061035
0.02594,0.0038147,0.061035
0.024719,0.0035095,0.053711
0.024261,0.002594,0.053711
0.027313,0.0019836,0.063477
0.024567,0.0022888,0.050049
0.023651,0.0030518,0.053711
0.023956,0.00061035,0.047607
0.023956,0.0018311,0.03418
0.024109,0.00045776,0.043945
0.024261,-0.0010681,0.042725
0.024719,-0.0022888,0.042725
0.026093,-0.0030518,0.041504
0.025482,-0.0028992,0.036621
0.025024,-0.0035095,0.043945
0.024872,-0.0032043,0.032959
0.024109,-0.0041199,0.039063
0.024261,-0.0045776,0.037842
0.024261,-0.005188,0.041504
0.023956,-0.0021362,0.039063
0.024872,-0.0032043,0.040283
0.025177,-0.0022888,0.043945
0.024872,-0.0027466,0.037842
0.027313,-0.002594,0.039063
0.028534,-0.0038147,0.043945
0.029297,-0.0041199,0.046387
0.03006,-0.0038147,0.045166
0.030365,-0.0030518,0.036621
0.03006,-0.0022888,0.05127
0.029144,-0.0021362,0.05249
0.026703,-0.0033569,0.053711
0.028839,-0.0041199,0.054932
0.028839,-0.0047302,0.059814
0.028229,-0.0038147,0.063477
0.028839,-0.0012207,0.059814
0.028839,-0.0015259,0.062256
0.028992,0,0.056152
0.028229,0.00061035,0.062256
0.029297,-0.00091553,0.061035
0.028687,-0.0016785,0.063477
0.029144,-0.0028992,0.070801
0.032043,-0.0027466,0.062256
0.028687,-0.0019836,0.072021
0.027771,-0.00076294,0.065918
0.02655,0.00061035,0.054932
0.024719,-0.00091553,0.063477
0.024567,-0.0015259,0.062256
0.023346,-0.0019836,0.063477
0.022888,-0.0012207,0.059814
0.021973,0.00091553,0.056152
0.022125,0.00091553,0.056152
0.021362,0.0010681,0.050049
0.021057,0.00091553,0.054932
0.020752,-0.0016785,0.043945
0.020599,-0.0024414,0.05127
0.020142,-0.0024414,0.050049
0.019684,-0.0013733,0.05127
0.019836,-0.00061035,0.040283
0.018005,-0.0010681,0.041504
0.014191,-0.0012207,0.048828
0.017242,-0.0024414,0.042725
0.016785,-0.002594,0.047607
0.017242,-0.0024414,0.040283
0.018616,-0.0027466,0.041504
0.019684,0.00045776,0.036621
0.019836,0.0021362,0.040283
0.019989,0.0073242,0.040283
0.020294,0.0038147,0.040283
0.021362,0.0038147,0.036621
0.021973,0.0045776,0.037842
0.021515,0.0059509,0.040283
0.022125,0.010223,0.042725
0.02121,0.0086975,0.042725
0.021057,0.0094604,0.047607
0.020599,0.0082397,0.045166
0.019531,0.007782,0.048828
0.019531,0.0071716,0.067139
0.019226,0.0067139,0.053711
0.020599,0.0062561,0.058594
0.018616,0.0061035,0.053711
0.015869,0.0064087,0.045166
0.015106,0.0064087,0.061035
0.014496,0.0056458,0.061035
0.01358,0.0048828,0.058594
0.012665,0.0050354,0.061035
0.011444,0.0042725,0.058594
0.012054,0.0021362,0.062256
0.011749,0.0036621,0.059814
0.011597,0.0016785,0.062256
0.011292,0.0028992,0.059814
0.01297,0.0015259,0.063477
0.014343,0.0010681,0.067139
0.016174,0.0013733,0.068359
0.018005,0.0022888,0.065918
0.019684,0.0016785,4.5642
0.018463,0.0039673,4.9109
0.018311,0.0035095,4.9268
0.018311,0.0033569,4.939
0.019073,0.0038147,4.9243
0.019989,0.004425,4.9158
0.020447,0.0053406,4.9207
0.020142,0.0071716,4.9207
0.019836,0.007019,4.9194
0.018463,0.0064087,4.9158
0.017395,0.0056458,4.9158
0.016632,0.0041199,4.9036
0.01709,0.0036621,4.9133
0.017242,0.0033569,4.9146
0.017395,0.0038147,4.9084
0.017242,0.0036621,4.9146
0.015869,0.0036621,4.9133
0.015717,0.0027466,4.9023
0.014496,0.0021362,4.9133
0.014343,0.0021362,4.9121
0.014648,0.0022888,4.9097
0.014801,0.0028992,4.9084
0.013733,0.0033569,4.9036
0.01358,0.0036621,4.9109
0.0090027,0.0041199,4.9084
0.011902,0.0045776,4.9097
0.013123,0.0056458,4.9133
0.014191,0.0061035,4.9121
0.016327,0.0064087,4.9133
0.017853,0.0065613,4.9158
0.018311,0.0068665,4.9243
0.017548,0.0048828,4.9255
0.016327,0.0038147,4.928
0.015564,0.0036621,4.928
0.016022,0.0032043,4.9341
0.01358,0.0033569,4.928
0.01236,0.0032043,4.9316
0.011749,0.0018311,4.9377
0.010834,0.00015259,4.9304
0.0099182,-0.0013733,4.939
0.010223,-0.00030518,4.9304
0.012512,0.0030518,4.9146
0.014496,0.00045776,4.9304
0.015717,-0.00015259,4.9365
0.01709,-0.00091553,4.9329
0.018921,-0.0019836,4.9341
0.018311,-0.0022888,4.9341
0.01709,-0.0016785,4.939
0.016022,-0.00061035,4.9329
0.017395,0.00061035,4.9341
0.014496,0.00076294,4.9292
0.017853,0.00061035,4.9292
0.0177,0.00030518,4.9243
0.018005,0.00015259,4.9255
0.018158,0.00076294,4.9292
0.019684,0.0018311,4.9243
0.021057,0.0035095,4.9207
0.023651,0.0035095,4.9182
0.024261,0.0027466,4.9133
0.025482,0.0018311,4.9109
0.025635,0.00076294,4.9146
0.024414,0.00045776,4.9133
0.023193,0.00030518,4.9133
0.022583,0.00030518,4.9109
0.022736,-0.00015259,4.9133
0.022278,-0.0012207,4.9109
0.022278,-0.00045776,4.9121
0.022736,-0.0022888,4.906
0.022125,-0.0015259,4.9133
0.021057,-0.00076294,4.9084
0.019684,-0.00076294,4.9121
0.02182,0.00076294,4.9048
0.021362,0.00045776,4.9133
0.02182,0.00076294,4.9207
0.020905,0.00091553,4.9133
0.020142,0.00030518,4.9292
0.017395,0.00045776,4.9182
0.015411,0.0032043,4.9097
0.014648,-0.0021362,4.9207
0.014801,-0.0032043,4.9207
0.014343,-0.005188,4.9207
0.012207,-0.0067139,4.9255
0.012054,-0.0073242,4.928
0.011749,-0.0082397,4.9292
0.014343,-0.0080872,4.9292
0.012665,-0.007782,4.9329
0.015564,-0.007019,4.9304
0.018311,-0.0073242,4.9329
0.019836,-0.0062561,4.9304
0.020905,-0.0056458,4.9329
0.023499,-0.0050354,4.939
0.025024,-0.0039673,4.9255
0.025024,-0.0038147,4.9353
0.028381,-0.0024414,4.939
0.028534,-0.0016785,4.9402
0.028534,-0.0050354,4.9353
0.027313,-0.0027466,4.9329
0.026093,-0.0035095,4.9304
0.023804,-0.0036621,4.9304
0.021667,-0.0030518,4.928
0.022888,-0.0019836,4.9255
0.023651,-0.0015259,4.9219
0.023499,-0.00091553,4.9292
0.023804,-0.00045776,4.917
0.02243,-0.0013733,4.9207
0.021973,-0.0013733,4.9158
0.021973,-0.0041199,4.9219
0.022583,-0.0013733,4.9146
0.021515,-0.00076294,4.9194
0.02121,-0.00030518,0.056152
0.019989,0,0.047607
0.020599,-0.0013733,0.050049
0.020905,-0.0027466,0.040283
0.021515,-0.004425,0.026855
0.025635,-0.0027466,0.036621
0.027313,-0.0024414,0.041504
0.028839,-0.0021362,0.039063
0.033569,-0.0024414,0.039063
0.030365,-0.0033569,0.032959
0.031281,-0.0047302,0.041504
0.031891,-0.0042725,0.037842
0.031281,-0.002594,0.045166
0.030823,-0.0013733,0.040283
0.030212,0.00030518,0.045166
0.029602,0.00091553,0.046387
0.028992,-0.00045776,0.050049
0.027466,-0.0022888,0.059814
0.025635,-0.0036621,0.05127
0.024414,-0.0045776,0.054932
0.025024,-0.0048828,0.057373
0.023499,-0.0056458,0.056152
0.023193,-0.007019,0.059814
0.023041,-0.0074768,0.06958
0.021667,-0.0083923,0.059814
0.021667,-0.007782,0.063477
0.021515,-0.0056458,0.058594
0.02182,-0.002594,0.062256
0.021515,-0.0013733,0.061035
0.022888,0.0010681,0.063477
0.023804,0.0013733,0.056152
0.025177,0.00030518,0.068359
0.027771,0.00091553,0.063477
0.028839,0.0012207,0.068359
0.029449,0.0015259,0.065918
0.028992,0.0019836,0.067139
0.030518,0.00091553,0.067139
0.030365,-0.00015259,0.062256
0.028992,-0.00045776,0.06958
0.027924,-0.0018311,0.053711
0.027313,-0.0021362,0.045166
0.026245,-0.0019836,0.05127
0.026093,-0.0021362,0.053711
0.025787,-0.0048828,0.046387
0.02594,-0.0061035,0.048828
0.02655,-0.0065613,0.043945
0.026093,-0.0079346,0.043945
0.027008,-0.0067139,0.0354
0.02655,-0.0056458,0.045166
0.026398,-0.0028992,0.040283
0.026093,-0.002594,0.043945
0.024872,-0.0027466,0.041504
0.023804,-0.0010681,0.041504
0.023804,0.0010681,0.040283
0.024109,0.0030518,0.040283
0.025024,0.0053406,0.040283
0.027008,0.0065613,0.039063
0.028381,0.0061035,0.031738
0.03067,0.0048828,0.039063
0.032349,0.0035095,0.0354
0.030212,0.0056458,0.039063
0.034637,0.0045776,0.041504
0.034943,0.0057983,0.041504
0.033417,0.0071716,0.046387
0.032349,0.0071716,0.045166
0.030365,0.005188,0.053711
0.028229,0.0053406,0.053711
0.02533,0.0056458,0.05127
0.024719,0.0045776,0.053711
0.024261,0.0062561,0.059814
0.024719,0.0059509,0.057373
0.024109,0.0059509,0.064697
0.024719,0.0048828,0.070801
0.024872,0.0027466,0.063477
0.023956,0.0022888,0.068359
0.024872,0.0021362,0.059814
0.022583,0.0030518,0.042725
0.02243,0.0038147,0.059814
0.020905,0.0050354,0.058594
0.019684,0.0047302,0.061035
0.018463,0.0053406,0.065918
0.018768,0.0053406,0.059814
0.018005,0.0048828,0.068359
0.019226,0.0065613,0.067139
0.020294,0.007019,0.065918
0.021667,0.007019,0.057373
0.021667,0.0021362,0.061035
0.020142,0.0048828,0.05249
0.019684,0.0038147,0.057373
0.019073,0.0027466,0.057373
0.019836,0.0010681,0.05127
0.019379,0.00061035,0.053711
0.019226,0.00045776,0.047607
0.019226,0.00061035,0.05249
0.018768,0.00076294,0.047607
0.018616,0.00076294,0.040283
0.019226,0.00076294,0.043945
0.021057,0.0012207,0.042725
0.023346,0.00091553,0.039063
0.025635,0.00091553,0.039063
0.026245,0.0015259,0.0354
0.026093,0.0015259,0.039063
0.02533,0.0015259,0.036621
0.024109,0.00091553,0.042725
0.022888,0.00045776,0.039063
0.023041,0.00015259,0.039063
0.023041,0.00045776,0.040283
0.021667,0.00076294,0.041504
0.021973,0.0019836,0.05127
0.022125,0.0024414,0.046387
0.021973,0.0021362,0.054932
0.02243,0.0027466,0.041504
0.023041,0.0022888,0.040283
0.024414,0.0022888,0.05127
0.024719,0.0024414,0.05249
0.024719,0.0028992,0.053711
0.024872,0.0036621,0.058594
0.023041,0.0028992,3.0945
0.02121,0.0030518,4.8181
0.019836,0.00091553,4.9182
0.021057,0.0030518,4.9304
0.02182,0.0042725,4.9268
0.02121,0.0047302,4.9316
0.02182,0.0057983,4.9304
0.023041,0.0045776,4.9329
0.023041,0.0033569,4.9316
0.02243,0.0027466,4.9353
0.02243,0.002594,4.9402
0.021973,0.0027466,4.9377
0.019531,0.0027466,4.9451
0.016632,0.0021362,4.939
0.013885,0.0010681,4.9219
0.012207,0.00030518,4.9255
0.011444,0.00030518,4.9304
0.011292,0.00045776,4.928
0.010681,0.0024414,4.9255
0.012665,0.0024414,4.9207
0.013885,0.0022888,4.9243
0.014954,0.0027466,4.917
0.015564,0.00045776,4.9207
0.016022,0.00015259,4.9194
0.016022,0.00015259,4.9207
0.016022,-0.00030518,4.9158
0.015411,-0.00015259,4.9182
0.015259,-0.0013733,4.9231
0.015717,-0.00076294,4.9121
0.016479,-0.00076294,4.9072
0.017395,0.00061035,4.9109
0.018463,0.0022888,4.8938
0.018921,0.0028992,4.9097
0.020447,0.0050354,4.9109
0.021667,0.0054932,4.9121
0.022125,0.005188,4.9097
0.023651,0.0064087,4.8926
0.022278,0.0036621,4.9121
0.022736,0.002594,4.9097
0.022583,0.0032043,4.9121
0.02121,0.0027466,4.9072
0.021362,0.0030518,4.9194
0.020905,0.002594,4.9158
0.020905,-0.0021362,4.917
0.020905,0.00045776,4.9194
0.019989,-0.00045776,4.9255
0.020447,-0.0012207,4.9304
0.023193,-0.00091553,4.9182
0.02121,0,4.939
0.022888,0.00030518,4.9329
0.022888,0.00045776,4.9219
0.021515,0.00061035,4.9341
0.020905,-0.00076294,4.9292
0.019531,-0.0013733,4.9292
0.020599,-0.0013733,4.9304
0.019836,-0.0019836,4.9329
0.020142,-0.0013733,4.9341
0.021057,-0.00076294,4.9268
0.020142,0.00045776,4.9365
0.020447,0.00061035,4.9341
0.020905,-0.00015259,4.9377
0.021515,-0.0016785,4.9329
0.022736,-0.002594,4.9353
0.022888,-0.0019836,4.9414
0.022888,-0.00076294,4.9329
0.022583,-0.00045776,4.9292
0.02182,0.00045776,4.9268
0.019073,-0.00045776,4.9207
0.017395,-0.00091553,4.9219
0.016785,0.00091553,4.9194
0.01709,-0.00030518,4.9158
0.017395,0.00091553,4.9194
0.018158,0.0015259,4.917
0.019836,0.00076294,4.8999
0.019073,-0.0012207,4.9121
0.020294,-0.0033569,4.9146
0.021362,-0.002594,4.9097
0.022583,-0.0030518,4.9109
0.022583,-0.00091553,4.9133
0.02243,0.00045776,4.9072
0.019989,0.0042725,4.9097
0.020142,0.0027466,4.9133
0.019684,0.0032043,4.9158
0.018616,0.0039673,4.9097
0.020294,0.0057983,4.9158
0.020599,0.0062561,4.9109
0.021362,0.007019,4.9048
0.020294,0.0068665,4.9182
0.019226,0.0054932,4.9084
0.018311,0.0032043,4.9182
0.017395,0.0015259,4.9182
0.016327,-0.0016785,4.9146
0.015259,-0.0018311,4.9207
0.014496,-0.0015259,4.9231
0.01358,-0.0015259,4.928
0.012512,-0.0010681,4.9255
0.010986,-0.0012207,4.9304
0.011597,-0.0015259,4.9316
0.013733,0,4.9329
0.018463,-0.0016785,4.9438
0.018921,-0.0016785,4.9365
0.020294,0.00045776,4.928
0.02121,0.00061035,4.9316
0.021057,-0.00045776,4.9231
0.02121,0.00045776,4.9304
0.021667,0.0010681,4.9329
0.02243,0.00091553,4.9353
0.022736,0.0045776,4.9353
0.02243,0.0059509,4.9341
0.022888,0.0068665,0.067139
0.024261,0.0065613,0.062256
0.024109,0.0067139,0.065918
0.02533,0.0032043,0.057373
0.027008,0.00061035,0.062256
0.028839,0.00076294,0.054932
0.028992,0.00061035,0.053711
0.028534,0.0012207,0.05127
0.027466,0.0013733,0.05127
0.027313,0.0022888,0.057373
0.023499,0.0022888,0.050049
0.022125,0.0021362,0.058594
0.022125,0.0035095,0.042725
0.02182,0.0022888,0.026855
0.019989,0.0024414,0.042725
0.018158,0.0015259,0.028076
0.016937,0,0.039063
0.014954,-0.0013733,0.040283
0.014343,-0.0038147,0.036621
0.013123,-0.0047302,0.039063
0.01236,-0.0047302,0.037842
0.011749,-0.0042725,0.042725
0.010223,-0.0030518,0.037842
0.0097656,-0.0032043,0.043945
0.0093079,-0.0028992,0.041504
0.007782,-0.0042725,0.043945
0.0082397,-0.0056458,0.05249
0.010986,-0.0064087,0.042725
0.010529,-0.0064087,0.05249
0.01236,-0.0036621,0.046387
0.014038,-0.0018311,0.040283
0.015717,0.00061035,0.05249
0.0177,-0.00030518,0.054932
0.020142,-0.0018311,0.05249
0.021515,-0.0048828,0.056152
0.023651,-0.0050354,0.058594
0.024872,-0.0062561,0.062256
0.024872,-0.0068665,0.057373
0.023804,-0.0067139,0.063477
0.02243,-0.0076294,0.057373
0.02182,-0.0079346,0.062256
0.021973,-0.0080872,0.064697
0.022125,-0.0067139,0.063477
0.02243,-0.0039673,0.063477
0.022736,-0.0015259,0.064697
0.024261,0.00076294,0.072021
0.024567,0.0021362,0.065918
0.024719,0.0036621,0.076904
0.024109,0.0039673,0.067139
0.024719,0.0039673,0.053711
0.024719,0.0036621,0.059814
0.024261,0.0027466,0.056152
0.02243,0.0018311,0.057373
0.019531,0.0013733,0.053711
0.017395,-0.00015259,0.047607
0.016327,-0.0019836,0.057373
0.016022,-0.002594,0.047607
0.016937,-0.0021362,0.050049
0.018616,-0.0018311,0.047607
0.020142,-0.00091553,0.047607
0.020905,-0.00045776,0.043945
0.022125,-0.00015259,0.047607
0.024109,-0.00015259,0.05249
0.024414,-0.0015259,0.042725
0.024719,-0.0019836,0.040283
0.024567,-0.0030518,0.042725
0.023804,-0.0030518,0.024414
0.02243,-0.0030518,0.036621
0.020752,-0.0022888,0.037842
0.019684,-0.0021362,0.039063
0.018921,-0.0028992,0.039063
0.019226,-0.0041199,0.0354
0.019073,-0.0053406,0.041504
0.019989,-0.0047302,0.037842
0.019073,-0.0056458,0.041504
0.019531,-0.0050354,0.041504
0.018463,-0.0048828,0.045166
0.018921,-0.0047302,0.046387
0.017853,-0.0054932,0.05127
0.0177,-0.0053406,0.05127
0.01709,-0.0054932,0.056152
0.018311,-0.0039673,0.062256
0.019226,-0.002594,0.061035
0.019989,-0.0010681,0.072021
0.021362,0,0.061035
0.022888,0,0.05249
0.024261,-0.00030518,0.062256
0.025787,-0.00076294,0.056152
0.027618,0.00015259,0.057373
0.028381,0.00091553,0.061035
0.027466,0.0024414,0.058594
0.028076,0.0027466,0.064697
0.028381,0.0019836,0.062256
0.028992,-0.00015259,0.067139
0.028381,-0.0015259,0.063477
0.028076,-0.0021362,0.068359
0.027771,-0.0013733,0.068359
0.026398,-0.0015259,0.064697
0.025482,0.00076294,0.070801
0.023956,-0.00030518,0.058594
0.022888,-0.0022888,0.054932
0.022125,-0.004425,0.054932
0.021515,-0.0050354,0.05127
0.020752,-0.0042725,0.05127
0.02243,-0.0035095,0.047607
0.019073,-0.0018311,0.046387
0.019836,-0.0013733,0.045166
0.021057,-0.0018311,0.046387
0.022125,-0.0039673,0.041504
0.024261,-0.0018311,0.037842
0.024872,-0.0016785,0.042725
0.026245,0.0015259,0.037842
0.026245,0.0021362,0.042725
0.027008,0.0012207,0.042725
0.027008,0.00061035,0.045166
0.026398,-0.00030518,0.031738
0.02533,-0.00091553,0.042725
0.02533,0.00030518,0.076904
0.025177,0.0022888,4.6106
0.023651,0.0045776,4.8962
0.024261,0.0062561,4.906
0.02594,0.007019,4.8962
0.027008,0.0071716,4.9097
0.028839,0.0079346,4.9133
0.030365,0.0064087,4.8926
0.029907,0.0062561,4.9182
0.028992,0.0032043,4.9158
0.024261,0.0059509,4.9207
0.025787,0.0059509,4.9231
0.023956,0.0053406,4.9268
0.021973,0.0045776,4.9292
0.021667,0.0045776,4.9329
0.019989,0.0053406,4.9292
0.019531,0.0065613,4.9329
0.018616,0.0073242,4.9377
0.019684,0.0065613,4.9341
0.020447,0.0047302,4.9316
0.020142,0.0027466,4.9353
0.020599,0.00091553,4.9426
0.019684,-0.00030518,4.9329
0.018616,0.00015259,4.9207
0.019073,0.0010681,4.9353
0.018463,0.0015259,4.9341
0.016937,0.0027466,4.9316
0.015564,0.0035095,4.9377
0.015564,0,4.9329
0.016785,0.0012207,4.9329
0.017548,0.0010681,4.9255
0.018463,0.0015259,4.9292
0.019989,0.0013733,4.9231
0.02121,0.0019836,4.9231
0.02243,0.00045776,4.9194
0.022888,-0.0021362,4.9231
0.023651,-0.0050354,4.9268
0.024109,-0.0038147,4.9194
0.025787,-0.002594,4.9207
0.025787,-0.00045776,4.895
0.02655,0.0010681,4.9048
0.026093,0.0010681,4.9133
0.025482,-0.00061035,4.9097
0.025024,-0.0038147,4.9084
0.024109,-0.0042725,4.9097
0.02533,-0.0028992,4.9084
0.026093,-0.0015259,4.906
0.024414,0.0016785,4.906
0.027618,0.0021362,4.9109
0.027008,0.0016785,4.9084
0.027466,0.00015259,4.9146
0.025787,-0.00030518,4.9158
0.029907,0.00045776,4.9109
0.03067,0.0038147,4.9109
0.031586,0.010681,4.9158
0.029297,0.0074768,4.9109
0.027313,0.0059509,4.917
0.025482,0.0042725,4.9255
0.02594,0.0013733,4.9219
0.024261,0.0016785,4.9158
0.024414,0.0039673,4.9243
0.024719,0.0064087,4.928
0.024872,0.0094604,4.9146
0.024872,0.0090027,4.928
0.024109,0.0068665,4.9292
0.024567,0.0041199,4.9365
0.025177,0.0019836,4.9329
0.025024,0.0024414,4.9329
0.024872,0.0038147,4.9292
0.024109,0.0039673,4.9341
0.021362,0.0041199,4.9316
0.018463,0.0018311,4.917
0.016937,-0.00061035,4.9463
0.016327,-0.002594,4.9377
0.014648,-0.0016785,4.9402
0.015259,0.00061035,4.9377
0.016327,0.0019836,4.9182
0.01709,0.0039673,4.9207
0.015717,0.0035095,4.9304
0.016327,0.0019836,4.9304
0.016785,-0.00091553,4.9255
0.017548,0.00015259,4.9219
0.019226,0.0013733,4.9231
0.019989,0.0027466,4.9207
0.022125,0.0042725,4.9207
0.019684,0.0053406,4.9121
0.019073,0.0048828,4.9194
0.018616,0.0030518,4.9097
0.017548,0.0022888,4.9158
0.020142,0.0030518,4.9158
0.021362,0.0042725,4.9146
0.021973,0.0057983,4.9133
0.02182,0.0074768,4.9121
0.02243,0.007019,4.9097
0.021515,0.0059509,4.9097
0.021057,0.0024414,4.9097
0.02121,0.0042725,4.9133
0.021057,0.005188,4.9133
0.020599,0.0067139,4.9109
0.020752,0.0067139,4.9121
0.019379,0.0057983,4.9097
0.018158,0.0030518,4.9121
0.017242,0.00030518,4.9097
0.016937,-0.0018311,4.9194
0.018005,-0.0019836,4.9158
0.018463,-0.0015259,4.9219
0.018921,-0.00045776,4.9207
0.019073,0.00015259,4.928
0.018768,-0.00015259,4.9353
0.018616,-0.0027466,0.057373
0.017548,-0.0022888,0.068359
0.019226,-0.0010681,0.059814
0.019379,0.00045776,0.05249
0.019226,0.0032043,0.063477
0.018921,0.0045776,0.061035
0.018768,0.0041199,0.061035
0.018768,0.0024414,0.062256
0.019073,0,0.059814
0.018768,-0.0013733,0.062256
0.019684,-0.00045776,0.053711
0.019073,0.00045776,0.063477
0.019379,0.0022888,0.061035
0.018921,0.0022888,0.06958
0.018463,0.0010681,0.068359
0.018311,-0.00091553,0.065918
0.017548,-0.002594,0.064697
0.017395,-0.0024414,0.062256
0.017242,-0.002594,0.061035
0.016174,-0.0012207,0.054932
0.015411,-0.0019836,0.058594
0.014191,-0.0028992,0.047607
0.013885,-0.0045776,0.047607
0.015106,-0.0062561,0.046387
0.015869,-0.0047302,0.047607
0.016937,-0.0027466,0.046387
0.017853,0.00015259,0.047607
0.018616,0.0027466,0.042725
0.018921,0.0038147,0.045166
0.019379,0.0053406,0.039063
0.021362,0.0057983,0.041504
0.024261,0.0064087,0.041504
0.027771,0.0085449,0.041504
0.028839,0.0097656,0.036621
0.028076,0.010376,0.043945
0.028687,0.010071,0.054932
0.027466,0.007782,0.039063
0.024567,0.0042725,0.047607
0.023193,0.00091553,0.041504
0.020599,-0.0012207,0.024414
0.017853,-0.0027466,0.040283
0.01358,-0.0033569,0.041504
0.0097656,-0.004425,0.042725
0.0059509,-0.0061035,0.048828
0.0045776,-0.0093079,0.043945
0.0047302,-0.011444,0.05127
0.007019,-0.012817,0.054932
0.0094604,-0.011292,0.058594
0.011749,-0.0083923,0.054932
0.013275,-0.0057983,0.062256
0.015106,-0.0035095,0.063477
0.01709,-0.0030518,0.064697
0.019531,-0.0028992,0.070801
0.023651,-0.0024414,0.061035
0.023499,0.00030518,0.057373
0.023956,0.0033569,0.064697
0.024414,0.0068665,0.070801
0.023956,0.0080872,0.062256
0.024414,0.0074768,0.048828
0.025024,0.0054932,0.065918
0.027161,0.0024414,0.067139
0.028687,0.00045776,0.064697
0.030975,-0.00030518,0.064697
0.031433,0.00091553,0.059814
0.030518,0.0010681,0.062256
0.028687,0.0013733,0.057373
0.026703,0.00076294,0.061035
0.025635,-0.00030518,0.05127
0.024414,-0.0013733,0.054932
0.024719,-0.0010681,0.05127
0.023041,0.00045776,0.053711
0.017548,0.0016785,0.054932
0.017853,0.0016785,0.046387
0.014648,0.0010681,0.05127
0.012512,-0.00030518,0.042725
0.011444,-0.0057983,0.031738
0.011902,-0.0030518,0.041504
0.011444,-0.0021362,0.040283
0.010681,-0.00045776,0.037842
0.0083923,0,0.040283
0.0061035,-0.00045776,0.037842
0.0062561,-0.0015259,0.040283
0.0074768,-0.0022888,0.036621
0.0091553,-0.0021362,0.041504
0.010834,-0.0012207,0.037842
0.01297,-0.00045776,0.041504
0.014038,0.0010681,0.040283
0.014801,0.0015259,0.042725
0.015564,0.0010681,0.040283
0.018005,-0.00030518,0.043945
0.019531,-0.0033569,0.046387
0.02243,-0.0050354,0.047607
0.024261,-0.0065613,0.057373
0.023956,-0.0076294,0.05249
0.022583,-0.0064087,0.042725
0.020905,-0.0067139,0.05249
0.018768,-0.0074768,0.059814
0.021057,-0.0082397,0.059814
0.02182,-0.0099182,0.061035
0.022583,-0.010529,0.056152
0.023041,-0.0093079,0.063477
0.023651,-0.0064087,0.061035
0.021362,-0.002594,0.063477
0.021057,-0.00015259,0.058594
0.020599,0.0018311,0.064697
0.021667,0.0028992,0.061035
0.022125,0.0033569,0.062256
0.02182,0.0039673,0.079346
0.019684,0.0056458,0.067139
0.018616,0.0067139,0.065918
0.017548,0.0056458,0.067139
0.017395,0.0035095,0.053711
0.020599,0.00030518,0.059814
0.022125,-0.0027466,0.058594
0.023651,-0.0045776,0.054932
0.023651,-0.0024414,0.05249
0.023193,-0.0038147,0.048828
0.021362,-0.0030518,1.3867
0.020752,-0.0030518,4.7107
0.021973,-0.0042725,4.9023
0.026093,-0.0021362,4.9109
0.026093,-0.0018311,4.9133
0.026093,-0.00091553,4.9158
0.024261,0.00045776,4.9158
0.021973,0.00030518,4.9121
0.019073,0.00061035,4.9146
0.019531,-0.00015259,4.917
0.020294,-0.0024414,4.9084
0.022583,-0.0039673,4.9268
0.022583,-0.0062561,4.9072
0.021973,-0.007019,4.9036
0.016327,-0.0088501,4.9097
0.013733,-0.010834,4.9072
0.012512,-0.011902,4.9084
0.01358,-0.010529,4.9109
0.016632,-0.011597,4.9097
0.016327,-0.010223,4.9109
0.01709,-0.0086975,4.9121
0.016327,-0.0083923,4.9182
0.015259,-0.007782,4.9072
0.015717,-0.0071716,4.9207
0.018616,-0.0071716,4.9219
0.02121,-0.0071716,4.9231
0.024109,-0.0061035,4.9414
0.024414,-0.0054932,4.928
0.02533,-0.0042725,4.9304
0.024567,-0.0033569,4.9329
0.024414,-0.0012207,4.9341
0.026093,0.00061035,4.9316
0.027313,0.00076294,4.9158
0.031738,0.0022888,4.9268
0.032806,0.002594,4.928
0.031738,0.0022888,4.9304
0.029144,0.0010681,4.9329
0.026703,0.00030518,4.9304
0.025177,-0.00061035,4.9377
0.02594,0.0022888,4.9365
0.027008,0.00061035,4.9365
0.027008,0.0012207,4.9365
0.026093,0.00045776,4.9365
0.024109,0.0018311,4.928
0.021362,-0.00030518,4.9341
0.019379,0.00045776,4.9402
0.020447,0.0015259,4.9268
0.021667,0.0021362,4.9316
0.024261,0.0012207,4.9231
0.024261,0.00015259,4.9097
0.024261,-0.00045776,4.9182
0.023041,-0.00091553,4.9146
0.021362,0.00015259,4.9207
0.021667,0.0018311,4.9158
0.023956,0.0024414,4.9048
0.024261,0.0019836,4.9121
0.027618,0.0010681,4.9097
0.027313,0.00091553,4.9109
0.026093,0.00091553,4.9084
0.025177,0.0027466,4.9158
0.025177,0.0048828,4.9133
0.027161,0.0059509,4.9133
0.029297,0.0068665,4.9146
0.031281,0.0068665,4.9109
0.031738,0.0062561,4.9084
0.031281,0.0057983,4.9109
0.029144,0.0064087,4.9023
0.027618,0.0074768,4.9121
0.027313,0.0086975,4.9146
0.027924,0.0091553,4.9182
0.028687,0.0082397,4.9182
0.028992,0.007019,4.9158
0.025787,0.0057983,4.9231
0.025635,0.0053406,4.9207
0.022888,0.0042725,4.9292
0.022583,0.0071716,4.9255
0.023499,0.0079346,4.9329
0.025024,0.0071716,4.9304
0.02655,0.0067139,4.9341
0.02594,0.0033569,4.9304
0.023651,0.0057983,4.9329
0.022278,0.0054932,4.9377
0.020599,0.007019,4.9353
0.020447,0.0088501,4.9438
0.021515,0.009613,4.9353
0.023193,0.0086975,4.9207
0.023346,0.0073242,4.9353
0.023041,0.0047302,4.9353
0.020752,0.004425,4.9329
0.019531,0.0048828,4.9329
0.018616,0.0050354,4.9329
0.019379,0.0050354,4.9316
0.020752,0.0030518,4.9243
0.021057,0.00061035,4.9304
0.02121,-0.0019836,4.9194
0.020142,-0.0035095,4.9207
0.019531,-0.0028992,4.9231
0.020905,-0.00091553,4.9243
0.022278,0.00045776,4.9219
0.024261,0.00061035,4.9194
0.027008,-0.00015259,4.9158
0.028076,-0.00061035,4.9146
0.027771,-0.0015259,4.9072
0.026855,0.0024414,4.9133
0.02594,0.0036621,4.9109
0.026093,0.0053406,4.9121
0.027618,0.0047302,4.9109
0.028229,0.0047302,4.9097
0.028839,0.0028992,0.037842
0.028534,0.0024414,0.037842
0.02655,0.0019836,0.042725
0.025177,0.0041199,0.036621
0.024719,0.0057983,0.042725
0.025482,0.0067139,0.032959
0.027924,0.0059509,0.045166
0.027771,0.0048828,0.041504
0.025482,0.0042725,0.046387
0.024109,0.0042725,0.05127
0.019989,0.0064087,0.048828
0.018463,0.0090027,0.059814
0.017853,0.0091553,0.05127
0.018158,0.0080872,0.042725
0.019226,0.0054932,0.054932
0.018921,0.0019836,0.054932
0.018005,0.0010681,0.063477
0.016174,-0.00076294,0.061035
0.015411,0.0021362,0.061035
0.014801,0.0033569,0.062256
0.016022,0.0039673,0.059814
0.0177,0.0033569,0.064697
0.018158,0.0015259,0.059814
0.0177,-0.00015259,0.063477
0.019226,-0.00091553,0.063477
0.014648,0.00015259,0.065918
0.014648,0.0019836,0.083008
0.014954,0.0039673,0.068359
0.017853,0.0036621,0.062256
0.018158,0.0021362,0.067139
0.018005,0.0012207,0.053711
0.01709,0.00030518,0.059814
0.016785,-0.0010681,0.057373
0.015259,0.00045776,0.056152
0.016022,0.0016785,0.05249
0.017548,-0.00030518,0.048828
0.019684,0.00091553,0.05127
0.020599,-0.00045776,0.042725
0.020599,-0.0013733,0.05249
0.018616,-0.0018311,0.042725
0.018311,-0.00091553,0.046387
0.017853,0.00061035,0.047607
0.015259,0.002594,0.046387
0.020599,0.0030518,0.042725
0.020599,0.0022888,0.042725
0.02121,0.00091553,0.046387
0.019531,-0.00061035,0.041504
0.018005,0.0012207,0.050049
0.017548,0.0027466,0.037842
0.017242,0.0038147,0.039063
0.018311,0.0030518,0.037842
0.018463,0.0010681,0.040283
0.019073,-0.0013733,0.0354
0.018005,-0.002594,0.041504
0.015411,-0.0045776,0.039063
0.014038,-0.0019836,0.041504
0.013123,0.00030518,0.042725
0.01297,0.0012207,0.050049
0.016632,0.00045776,0.046387
0.018768,-0.0015259,0.05249
0.019379,-0.0038147,0.056152
0.017242,-0.0045776,0.056152
0.017548,-0.0042725,0.06958
0.016785,-0.0030518,0.056152
0.016937,-0.0010681,0.063477
0.017242,-0.0016785,0.061035
0.019531,-0.0035095,0.062256
0.019836,-0.0057983,0.063477
0.018463,-0.0057983,0.057373
0.014801,-0.0041199,0.053711
0.014801,-0.0027466,0.062256
0.014801,-0.00076294,0.059814
0.015869,0.00091553,0.063477
0.017548,-0.0024414,0.063477
0.019073,-0.0050354,0.067139
0.018616,-0.0067139,0.062256
0.016174,-0.0047302,0.067139
0.016785,-0.0045776,0.064697
0.015869,-0.0016785,0.065918
0.016632,0.00091553,0.058594
0.017242,0.00076294,0.050049
0.018463,-0.00015259,0.067139
0.019379,-0.0016785,0.053711
0.018616,-0.0024414,0.059814
0.0177,-0.0021362,0.050049
0.01709,0,0.039063
0.016785,0.0012207,0.045166
0.02121,0.00061035,0.050049
0.019531,-0.00061035,0.043945
0.020447,-0.0027466,0.042725
0.019989,-0.0047302,0.037842
0.018311,-0.0057983,0.041504
0.017242,-0.0038147,0.039063
0.016327,-0.0019836,0.040283
0.017242,-0.0013733,0.037842
0.018158,-0.002594,0.043945
0.019531,-0.0050354,0.037842
0.019226,-0.0057983,0.039063
0.018463,-0.0057983,0.043945
0.017242,-0.0028992,0.040283
0.017548,0.00030518,0.039063
0.019379,0.0022888,0.041504
0.02182,0.0032043,0.029297
0.024872,0.0016785,0.041504
0.025635,-0.0010681,0.056152
0.023956,-0.0013733,0.045166
0.02121,-0.0016785,0.048828
0.019531,0,0.048828
0.019989,0.0019836,0.05127
0.019989,0,0.050049
0.019836,-0.0010681,0.058594
0.021057,-0.0016785,0.056152
0.019989,-0.0038147,0.063477
0.019989,-0.0057983,0.058594
0.018616,-0.0028992,0.056152
0.016937,-0.00091553,0.062256
0.020142,0.00076294,0.063477
0.022736,0,0.46509
0.024261,-0.0019836,4.6753
0.024109,-0.0035095,4.9207
0.023193,-0.004425,4.9255
0.021057,-0.0024414,4.9231
0.018921,0.0010681,4.9341
0.019073,0.0039673,4.9329
0.019684,0.0047302,4.9316
0.021057,0.0035095,4.9329
0.022583,0.00076294,4.9304
0.020599,-0.0013733,4.9329
0.020142,-0.0018311,4.9255
0.018616,-0.0027466,4.9316
0.018158,0.00015259,4.917
0.019226,0.00076294,4.9231
0.020142,0.0013733,4.9231
0.020905,0.00076294,4.9231
0.020294,-0.00030518,4.9158
0.019379,-0.00015259,4.9194
0.017242,0.00091553,4.9158
0.016327,0.0021362,4.9146
0.014954,0.0042725,4.917
0.015411,0.0041199,4.9121
0.017242,0.0033569,4.9023
0.017242,0.0022888,4.9158
0.016937,-0.00015259,4.9109
0.015564,-0.00076294,4.9084
0.01358,-0.00091553,4.9084
0.012512,-0.00076294,4.9048
0.012054,-0.0016785,4.9072
0.01297,-0.00076294,4.9048
0.012817,-0.0021362,4.9133
0.012054,-0.0045776,4.9072
0.011139,-0.004425,4.9109
0.0099182,-0.0041199,4.9097
0.0094604,-0.0019836,4.9109
0.0090027,-0.00015259,4.9353
0.013885,0.00045776,4.9207
0.017395,0.00045776,4.9231
0.019379,-0.00061035,4.9255
0.021057,-0.00061035,4.9097
0.022278,0.0015259,4.9268
0.02243,0.0041199,4.9268
0.022888,0.0067139,4.9304
0.024261,0.0073242,4.9304
0.025024,0.0061035,4.928
0.025482,0.0038147,4.9329
0.025177,0.0018311,4.9353
0.024109,0.00076294,4.9304
0.023041,0.00076294,4.928
0.02182,0.0016785,4.9353
0.022125,0.0018311,4.9341
0.02243,0.00076294,4.9353
0.023193,-0.0019836,4.9414
0.023804,-0.0039673,4.939
0.023804,-0.0061035,4.9353
0.023193,-0.0021362,4.9353
0.021515,0.0015259,4.9451
0.021667,0.0045776,4.9304
0.02182,0.0056458,4.9304
0.022278,0.0042725,4.9255
0.021973,0.0015259,4.9231
0.02182,-0.00076294,4.9207
0.021057,-0.00061035,4.9219
0.020294,0.00091553,4.9231
0.019836,0.0028992,4.9182
0.019226,0.0041199,4.9133
0.019989,0.0033569,4.917
0.021362,0.0013733,4.9121
0.022125,-0.00091553,4.917
0.022888,-0.0019836,4.9146
0.02182,0.00015259,4.9133
0.021515,0.0024414,4.9207
0.021362,0.0039673,4.9121
0.022125,0.0035095,4.906
0.023193,0.00076294,4.9109
0.025177,-0.0015259,4.8987
0.025482,-0.0035095,4.9146
0.025787,-0.0036621,4.9097
0.024567,-0.0016785,4.9097
0.024872,0.00030518,4.9097
0.023499,0.0013733,4.906
0.02533,0.00015259,4.9109
0.025787,-0.00030518,4.9121
0.026398,-0.0019836,4.9158
0.027008,-0.0021362,4.9158
0.025635,-0.0013733,4.9219
0.024872,0.00015259,4.9207
0.02533,0.0022888,4.9243
0.025177,0.00015259,4.9268
0.02533,-0.0010681,4.9268
0.025482,-0.0022888,4.9268
0.026245,-0.0030518,4.9329
0.025787,-0.0030518,4.9414
0.025482,-0.0010681,4.9329
0.02594,0.00076294,4.9268
0.026703,0.0027466,4.9304
0.026093,0.0028992,4.9329
0.027771,0.0021362,4.9304
0.028839,0.0018311,4.9341
0.032043,0.0019836,4.9316
0.030975,0.0032043,4.9353
0.031738,0.0050354,4.9341
0.035095,0.0050354,4.9377
0.032349,0.0059509,4.9341
0.032043,0.0047302,4.9365
0.032501,0.0022888,4.928
0.031891,0.0019836,4.9292
0.03067,0.002594,0.072021
0.029144,0.0047302,0.053711
0.027313,0.0062561,0.05127
0.024872,0.0061035,0.05127
0.024719,0.0039673,0.031738
0.024414,0.0022888,0.046387
0.025024,0.00091553,0.046387
0.024872,0.00091553,0.042725
0.02655,0.0021362,0.042725
0.026245,0.0039673,0.036621
0.025024,0.0036621,0.045166
0.025787,0.0024414,0.039063
0.02594,0.0019836,0.043945
0.025787,0.0012207,0.0354
0.025482,-0.00015259,0.042725
0.02533,0.0047302,0.039063
0.024109,0.0064087,0.041504
0.023346,0.007782,0.043945
0.021362,0.0054932,0.041504
0.023651,0.0033569,0.039063
0.024719,0.0024414,0.042725
0.026245,0.004425,0.026855
0.025482,0.004425,0.041504
0.025482,0.0053406,0.040283
0.024567,0.0061035,0.047607
0.024872,0.0042725,0.047607
0.022125,0.0035095,0.048828
0.022125,0.002594,0.053711
0.02182,0.0019836,0.05249
0.021362,0.0019836,0.058594
0.020752,0.005188,0.057373
0.020905,0.0047302,0.063477
0.022583,0.0038147,0.057373
0.02243,0.0018311,0.063477
0.022888,0.00015259,0.063477
0.023346,-0.0010681,0.062256
0.024567,-0.0013733,0.070801
0.023651,0,0.063477
0.023651,0.00030518,0.06958
0.02243,0.00045776,0.062256
0.021515,-0.0016785,0.054932
0.019684,-0.0036621,0.062256
0.018616,-0.005188,0.065918
0.018768,-0.0059509,0.064697
0.019531,-0.005188,0.064697
0.020905,-0.0045776,0.058594
0.021667,-0.0039673,0.064697
0.023041,-0.002594,0.056152
0.023499,-0.0041199,0.058594
0.023956,-0.0036621,0.048828
0.025177,-0.0036621,0.05127
0.024414,-0.0032043,0.054932
0.025635,-0.0010681,0.050049
0.025177,0.00045776,0.047607
0.027771,0.00061035,0.047607
0.024719,0.0012207,0.054932
0.024872,0.0015259,0.041504
0.02594,0.0016785,0.048828
0.026245,0.0012207,0.042725
0.026703,0.0028992,0.029297
0.028534,0.0038147,0.0354
0.028076,0.0035095,0.041504
0.027161,0.0022888,0.037842
0.027466,0.0024414,0.039063
0.026093,0.00091553,0.032959
0.024872,0.00030518,0.041504
0.023499,-0.0016785,0.036621
0.02243,0.0024414,0.041504
0.021515,0.0035095,0.039063
0.021362,0.004425,0.041504
0.020294,0.0042725,0.042725
0.018768,0.004425,0.046387
0.018921,0.0036621,0.062256
0.018158,0.0041199,0.046387
0.017395,0.0041199,0.057373
0.018311,0.0042725,0.053711
0.017242,0.0028992,0.043945
0.017548,0.0032043,0.058594
0.014801,0.0022888,0.057373
0.01358,0.0013733,0.058594
0.01358,0.0015259,0.059814
0.014648,0.0032043,0.058594
0.014496,0.0036621,0.064697
0.014038,0.0041199,0.061035
0.013885,0.00045776,0.059814
0.012665,0.0030518,0.058594
0.011749,0.0022888,0.063477
0.01358,0.0016785,0.061035
0.01297,0.0015259,0.065918
0.014038,0.0010681,0.070801
0.014954,0.00045776,0.067139
0.015564,-0.00030518,0.068359
0.011902,0.00030518,0.065918
0.012665,0.00076294,0.079346
0.01358,0.0015259,0.057373
0.014496,0.0019836,0.054932
0.015411,0.0032043,0.057373
0.016022,0.0033569,0.05127
0.016022,0.0021362,0.05127
0.016327,0.0032043,0.05127
0.016174,0.0024414,0.047607
0.017548,0.0021362,0.047607
0.01709,0.0027466,0.047607
0.01709,0.002594,0.048828
0.016937,0.0019836,0.041504
0.016632,0.0012207,0.05127
0.016327,0.00091553,0.042725
0.015869,0.0013733,0.045166
0.015869,0.002594,0.045166
0.016937,0.0041199,0.042725
0.017548,0.004425,0.041504
0.019684,0.0057983,0.037842
0.019073,0.0053406,0.031738
0.018463,0.0048828,0.039063
0.018005,0.0047302,0.036621
0.0177,0.0041199,0.032959
0.016937,0.0045776,0.037842
0.016174,0.004425,1.6797
0.015564,0.0039673,4.7192
0.014496,0.0030518,4.895
0.013428,0.0022888,4.9158
0.01297,0.0016785,4.9158
0.013275,0.0013733,4.9207
0.013733,0.0013733,4.9219
0.014038,0.0018311,4.928
0.013733,0.0021362,4.9255
0.014191,0.0022888,4.9353
0.014496,0.0024414,4.9329
0.013428,0.0018311,4.9316
0.012817,0.0018311,4.9377
0.013428,0.0015259,4.9329
0.01358,0.00045776,4.9109
0.013885,0,4.9304
0.014801,-0.00030518,4.9316
0.014801,-0.00045776,4.9316
0.014648,-0.00030518,4.9304
0.013885,-0.00045776,4.9304
0.016022,0.00030518,4.9353
0.015106,0.00076294,4.9353
0.014343,0.0012207,4.9353
0.0177,0.0010681,4.9304
0.017853,0.0018311,4.9341
0.018921,0.0021362,4.9292
0.019836,0.0024414,4.9316
0.020599,0.0048828,4.9329
0.023193,0.0048828,4.9231
0.024872,0.0061035,4.9207
0.02594,0.0088501,4.9207
0.026245,0.0071716,4.9182
0.02594,0.0073242,4.9158
0.024261,0.0068665,4.917
0.022736,0.0065613,4.9133
0.021057,0.0059509,4.917
0.020142,0.005188,4.9109
0.018616,0.0035095,4.9133
0.018616,0.0013733,4.9084
0.0177,0.00045776,4.9109
0.016785,-0.0018311,4.9048
0.015717,-0.0024414,4.8999
0.014954,-0.0033569,4.9109
0.015259,-0.0032043,4.9109
0.015717,-0.0074768,4.906
0.015411,-0.0048828,4.9109
0.015106,-0.0059509,4.9194
0.014801,-0.0059509,4.9146
0.014954,-0.0048828,4.9231
0.016327,-0.0036621,4.9133
0.017853,-0.0018311,4.9048
0.019684,-0.00076294,4.9158
0.021973,0.00045776,4.917
0.024719,0.0010681,4.9182
0.026093,0.0012207,4.9231
0.027618,0.00076294,4.9219
0.028076,-0.00015259,4.928
0.029297,-0.00030518,4.928
0.030365,-0.00061035,4.9341
0.030212,-0.00076294,4.9304
0.032349,-0.0018311,4.9329
0.03067,-0.0024414,4.9316
0.030212,-0.0038147,4.9329
0.029297,-0.0022888,4.9329
0.028381,-0.0019836,4.9329
0.028076,-0.00030518,4.9304
0.027466,0.0010681,4.9316
0.026855,-0.0022888,4.9451
0.025787,0.0028992,4.9377
0.025177,0.0027466,4.9292
0.024109,0.0028992,4.9329
0.023651,0.002594,4.9329
0.022125,0.0035095,4.9341
0.02182,0.0039673,4.9182
0.019989,0.0036621,4.9255
0.020294,0.0015259,4.928
0.019531,0.0010681,4.9207
0.018921,-0.00091553,4.9207
0.018311,-0.0019836,4.9207
0.018616,-0.0021362,4.9243
0.016937,-0.0015259,4.9158
0.016479,-0.0012207,4.9194
0.016479,-0.00015259,4.9304
0.016174,-0.0013733,4.906
0.015259,-0.0032043,4.9231
0.016785,-0.0030518,4.9146
0.017242,-0.0056458,4.895
0.019073,-0.005188,4.9072
0.019836,-0.0061035,4.9109
0.018005,-0.007019,4.9121
0.021362,-0.0073242,4.9097
0.022125,-0.0067139,4.906
0.023346,-0.007019,4.9109
0.024414,-0.0053406,4.9084
0.025482,-0.004425,4.9109
0.026398,-0.0042725,4.9097
0.025635,-0.0028992,4.9158
0.023804,-0.0024414,4.9133
0.02533,-0.0027466,4.917
0.024567,-0.0021362,4.9255
0.025482,-0.0018311,4.9219
0.023651,-0.0018311,4.9207
0.025787,-0.0032043,4.928
0.02594,-0.0030518,4.9255
0.023804,0.00045776,4.9292
0.024872,-0.0038147,4.9121
0.025024,-0.0036621,4.9329
0.024414,-0.0042725,4.9304
0.022125,-0.0047302,4.928
0.023041,-0.004425,0.062256
0.021362,-0.0054932,0.061035
0.019531,-0.0022888,0.061035
0.018005,-0.0047302,0.062256
0.018768,-0.005188,0.065918
0.018768,-0.005188,0.062256
0.020142,-0.0056458,0.065918
0.021667,-0.0054932,0.065918
0.023346,-0.0042725,0.067139
0.024567,-0.0036621,0.072021
0.025024,-0.0024414,0.063477
0.027313,-0.00015259,0.072021
0.028687,0.0010681,0.057373
0.029907,0.0028992,0.050049
0.029602,0.0042725,0.054932
0.028992,0.0035095,0.05127
0.028839,0.0032043,0.047607
0.028076,0.0015259,0.048828
0.027161,0.00061035,0.045166
0.027008,-0.0013733,0.047607
0.026093,-0.0024414,0.043945
0.026093,-0.0053406,0.046387
0.024109,-0.0059509,0.039063
0.024261,-0.0067139,0.046387
0.023956,-0.0068665,0.043945
0.021973,-0.0071716,0.041504
0.020447,-0.0074768,0.041504
0.018921,-0.0074768,0.045166
0.018768,-0.007782,0.039063
0.017548,-0.0059509,0.039063
0.0177,-0.0048828,0.03418
0.018616,-0.0036621,0.040283
0.019531,-0.0062561,0.036621
0.021057,-0.002594,0.037842
0.023041,-0.0024414,0.041504
0.024414,-0.0019836,0.041504
0.02655,0.00045776,0.045166
0.027161,-0.00030518,0.043945
0.027618,0.0015259,0.050049
0.027771,0.0045776,0.046387
0.028229,0.0061035,0.056152
0.027466,0.0071716,0.054932
0.02655,0.0064087,0.061035
0.025482,0.0061035,0.058594
0.025177,0.005188,0.063477
0.024719,0.0038147,0.067139
0.024109,0.0027466,0.061035
0.025177,0.00061035,0.070801
0.023956,-0.00076294,0.061035
0.024414,-0.002594,0.045166
0.023804,-0.0033569,0.056152
0.023651,-0.0048828,0.059814
0.02182,-0.0062561,0.062256
0.02121,-0.0054932,0.064697
0.02121,-0.0054932,0.065918
0.02182,-0.0042725,0.065918
0.02243,-0.0030518,0.064697
0.023193,-0.002594,0.065918
0.023956,-0.00091553,0.061035
0.023956,0,0.064697
0.024109,0.0010681,0.054932
0.024109,0.0039673,0.057373
0.02594,0.0064087,0.064697
0.026398,0.0074768,0.050049
0.027313,0.0086975,0.05127
0.027466,0.0086975,0.048828
0.02655,0.0090027,0.042725
0.02594,0.0083923,0.043945
0.026245,0.009613,0.045166
0.026703,0.010834,0.042725
0.028229,0.010986,0.039063
0.029449,0.010834,0.037842
0.028381,0.010986,0.042725
0.027466,0.011139,0.036621
0.025635,0.0090027,0.042725
0.025177,0.0076294,0.036621
0.02533,0.0071716,0.043945
0.024872,0.0074768,0.041504
0.025177,0.0080872,0.040283
0.024261,0.0082397,0.037842
0.023346,0.0080872,0.039063
0.021515,0.0083923,0.046387
0.019989,0.0085449,0.042725
0.020142,0.0086975,0.057373
0.019684,0.0093079,0.043945
0.020905,0.010071,0.036621
0.021057,0.010376,0.048828
0.02121,0.010529,0.050049
0.020294,0.010071,0.05127
0.019226,0.0091553,0.056152
0.01709,0.0083923,0.056152
0.015564,0.007782,0.061035
0.014191,0.007019,0.056152
0.013885,0.0068665,0.061035
0.014648,0.0065613,0.059814
0.014038,0.0062561,0.063477
0.015259,0.005188,0.065918
0.014648,0.0041199,0.065918
0.014648,0.0027466,0.065918
0.015259,0.0021362,0.063477
0.016022,0.0019836,0.062256
0.017548,0.0019836,0.062256
0.018616,0.0021362,0.074463
0.019379,0.0019836,0.062256
0.020142,0.002594,0.067139
0.020599,0.002594,0.062256
0.021057,0.0042725,0.064697
0.022125,0.0047302,0.058594
0.023499,0.0057983,0.057373
0.024109,0.0067139,0.054932
0.023956,0.0045776,0.056152
0.023193,0.007019,0.050049
0.021973,0.0065613,0.050049
0.021057,0.0071716,0.053711
0.02121,0.0071716,0.048828
0.021667,0.007782,0.043945
0.021973,0.0076294,0.047607
0.021973,0.0071716,0.058594
0.021362,0.0062561,4.3921
0.020447,0.0053406,4.8816
0.019684,0.004425,4.9072
0.018616,0.0054932,4.8901
0.020905,0.0056458,4.9072
0.021515,0.0059509,4.9097
0.021667,0.0062561,4.9084
0.02121,0.0041199,4.9109
0.020599,0.0036621,4.9048
0.019684,0.0035095,4.9109
0.019531,0.0053406,4.9097
0.019379,0.0036621,4.9109
0.019531,0.0047302,4.9097
0.020599,0.0042725,4.9146
0.020752,0.0039673,4.917
0.020447,0.0024414,4.9194
0.020294,0.0015259,4.9207
0.020752,0.0013733,4.9207
0.018463,0.0018311,4.9231
0.017548,0.0022888,4.9268
0.016632,0.0024414,4.9377
0.016022,0.0016785,4.928
0.015411,0.00061035,4.9182
0.014191,-0.00045776,4.9292
0.013885,-0.0016785,4.9304
0.01358,-0.0015259,4.9304
0.013885,-0.0012207,4.9304
0.014496,-0.0010681,4.928
0.015869,-0.0010681,4.9316
0.016479,0,4.9304
0.0177,0.00015259,4.9377
0.018616,0,4.9304
0.019073,-0.00045776,4.9377
0.020447,-0.00061035,4.9341
0.020599,0,4.9377
0.02243,0.00015259,4.9426
0.02243,0.00045776,4.9353
0.020142,0,4.9304
0.021515,-0.0012207,4.9133
0.020752,-0.0021362,4.9182
0.022125,-0.0021362,4.9231
0.021667,-0.0015259,4.9182
0.022583,-0.00015259,4.917
0.023651,0.0016785,4.9231
0.026398,0.0024414,4.917
0.023956,0.0015259,4.9182
0.023346,0.00091553,4.9146
0.022888,0.00091553,4.9158
0.022583,-0.0013733,4.9036
0.021362,-0.0024414,4.9146
0.020447,-0.0019836,4.9146
0.019073,-0.0053406,4.9133
0.016937,-0.0030518,4.9072
0.016937,-0.004425,4.917
0.016785,-0.0056458,4.9158
0.016937,-0.0057983,4.9109
0.018463,-0.0057983,4.9182
0.018921,-0.0030518,4.9109
0.019989,-0.0015259,4.895
0.020294,-0.00061035,4.9084
0.021667,-0.00061035,4.9084
0.02121,-0.0024414,4.9121
0.02533,-0.0030518,4.9109
0.022583,-0.0030518,4.9121
0.02182,-0.0027466,4.9231
0.021362,-0.00091553,4.9207
0.021057,0,4.9255
0.020294,-0.00030518,4.9243
0.020599,-0.0012207,4.9268
0.019684,-0.0028992,4.9304
0.023041,-0.0015259,4.9304
0.020599,-0.0013733,4.9426
0.020447,-0.00015259,4.9304
0.020599,0.00045776,4.9341
0.020599,0.00076294,4.9341
0.020447,0.00015259,4.9255
0.019836,-0.00091553,4.9304
0.019684,-0.0019836,4.9304
0.019836,-0.00061035,4.9329
0.019531,-0.00015259,4.9341
0.018463,0.00015259,4.9365
0.017395,0.00076294,4.939
0.016632,-0.00015259,4.9353
0.015717,0.00015259,4.9341
0.015717,-0.0019836,4.928
0.016937,-0.0022888,4.9316
0.016479,-0.0024414,4.9304
0.016479,-0.0027466,4.9292
0.015869,-0.0071716,4.9292
0.011597,-0.0045776,4.9255
0.015411,-0.0062561,4.9304
0.016479,-0.007782,4.9243
0.017548,-0.0062561,4.9292
0.019226,-0.0054932,4.9194
0.020142,-0.0032043,4.9011
0.020599,-0.00091553,4.9182
0.020142,0.00030518,4.895
0.019379,0.00045776,4.9109
0.018463,0.00030518,4.9121
0.017853,-0.00045776,4.9084
0.020752,-0.00045776,4.9109
0.021667,0.00030518,4.9097
0.022583,0.0010681,4.9036
0.020905,-0.00015259,4.9097
0.022736,0.00076294,4.9133
0.022736,0.00061035,4.9097
0.023651,-0.0010681,4.9109
0.028076,0.0010681,4.9219
0.02594,0.002594,0.046387
0.027313,0.0042725,0.050049
0.028076,0.0047302,0.040283
0.027618,0.0071716,0.039063
0.027161,0.0041199,0.045166
0.02655,0.0016785,0.045166
0.02655,-0.00015259,0.053711
0.025177,-0.0016785,0.056152
0.024261,-0.002594,0.054932
0.021515,-0.0028992,0.057373
0.018463,-0.0036621,0.057373
0.014191,-0.0036621,0.062256
0.010834,-0.0048828,0.061035
0.0090027,-0.0068665,0.064697
0.0076294,-0.0085449,0.065918
0.0080872,-0.0082397,0.068359
0.010223,-0.0071716,0.064697
0.010376,-0.007019,0.063477
0.012665,-0.0036621,0.065918
0.014648,-0.0036621,0.064697
0.017395,-0.0045776,0.075684
0.018921,-0.0033569,0.065918
0.020294,-0.00030518,0.065918
0.021973,0.0027466,0.065918
0.021973,0.0054932,0.063477
0.022583,0.0076294,0.056152
0.022736,0.0086975,0.058594
0.023193,0.0067139,0.05127
0.022888,0.0047302,0.057373
0.023193,0.0032043,0.050049
0.024414,0.00091553,0.05249
0.024872,0.00030518,0.050049
0.024567,-0.00091553,0.05249
0.023956,-0.0016785,0.045166
0.022278,-0.0027466,0.047607
0.021973,-0.0033569,0.056152
0.020294,-0.0027466,0.037842
0.019226,-0.0018311,0.042725
0.018616,0.00045776,0.041504
0.015564,0.0021362,0.024414
0.015106,0.0028992,0.0354
0.013428,0.0033569,0.043945
0.013275,0.0032043,0.040283
0.014038,0.0032043,0.039063
0.015411,0.0041199,0.03418
0.018463,0.0054932,0.041504
0.020752,0.0067139,0.037842
0.023346,0.0086975,0.032959
0.026703,0.0091553,0.037842
0.028534,0.011902,0.046387
0.031891,0.013733,0.042725
0.033112,0.014801,0.050049
0.033722,0.014191,0.050049
0.036469,0.014954,0.05127
0.032501,0.014038,0.056152
0.031738,0.011749,0.054932
0.029144,0.0093079,0.068359
0.027924,0.0062561,0.057373
0.025635,0.0030518,0.050049
0.023956,0.00061035,0.062256
0.023193,-0.0018311,0.062256
0.021515,-0.0038147,0.061035
0.020447,-0.005188,0.062256
0.016327,-0.0079346,0.057373
0.013123,-0.011139,0.062256
0.011902,-0.013428,0.061035
0.010986,-0.014191,0.067139
0.010529,-0.014343,0.062256
0.011749,-0.01236,0.067139
0.01297,-0.0097656,0.063477
0.014954,-0.0057983,0.067139
0.017853,-0.0019836,0.073242
0.020599,0.00030518,0.064697
0.022736,0.002594,0.057373
0.025482,0.0047302,0.058594
0.026703,0.007782,0.050049
0.024109,0.0099182,0.053711
0.028076,0.011292,0.05127
0.028839,0.0099182,0.046387
0.029144,0.0065613,0.042725
0.030212,0.0012207,0.046387
0.033569,0.0030518,0.047607
0.036011,0.0032043,0.042725
0.037231,0.0057983,0.047607
0.037231,0.010681,0.039063
0.039215,0.010986,0.043945
0.03891,0.011902,0.042725
0.03891,0.010529,0.040283
0.036621,0.0086975,0.037842
0.035095,0.0065613,0.040283
0.032043,0.0050354,0.05127
0.027924,0.0024414,0.039063
0.025024,-0.00091553,0.048828
0.022736,-0.0038147,0.039063
0.019836,-0.0064087,0.030518
0.018005,-0.0079346,0.037842
0.014496,-0.0080872,0.041504
0.013275,-0.0071716,0.041504
0.011292,-0.0024414,0.043945
0.0086975,-0.0035095,0.042725
0.011902,-0.0041199,0.048828
0.012207,-0.002594,0.050049
0.013123,-0.0018311,0.056152
0.015717,-0.00076294,0.05249
0.016937,0.0018311,0.061035
0.020447,0.004425,0.059814
0.023346,0.0056458,0.062256
0.025635,0.0067139,0.074463
0.027924,0.0065613,0.062256
0.030975,0.005188,0.058594
0.033112,0.0050354,0.061035
0.035858,0.0042725,0.063477
0.039063,0.004425,0.059814
0.040436,0.005188,0.065918
0.042267,0.0035095,0.063477
0.042114,0.0012207,0.062256
0.040741,-0.00061035,0.064697
0.039215,-0.0019836,0.067139
0.033417,-0.0012207,4.5728
0.033722,0.00061035,4.9097
0.031433,0.0030518,4.9255
0.029297,0.0059509,4.9304
0.027466,0.0054932,4.9255
0.02655,0.0045776,4.9268
0.025024,0.0032043,4.9231
0.024872,0.004425,4.9243
0.023804,0.0024414,4.9292
0.023346,0.0028992,4.9194
0.021515,0.0042725,4.9304
0.020447,0.0042725,4.9158
0.018768,0.0035095,4.9097
0.016937,0.0024414,4.9146
0.016632,0.0012207,4.9109
0.016327,0.00030518,4.9133
0.018768,0.0022888,4.9133
0.019531,0.0038147,4.9084
0.023346,0.0050354,4.9109
0.023499,0.0050354,4.9097
0.025635,0.0036621,4.9121
0.027313,0.0016785,4.9084
0.029144,0.00030518,4.9133
0.03067,0.00061035,4.9133
0.032196,0.0019836,4.9109
0.032196,0.004425,4.9084
0.032349,0.0056458,4.9146
0.032806,0.0057983,4.9097
0.031891,0.0039673,4.9133
0.031891,0.00015259,4.9146
0.03067,-0.0028992,4.9207
0.03067,-0.0035095,4.9207
0.029449,-0.0012207,4.9207
0.028076,0.00045776,4.9255
0.025635,0.00061035,4.9255
0.022888,-0.002594,4.928
0.020294,-0.0074768,4.9231
0.019379,-0.0088501,4.9353
0.018463,-0.0059509,4.9292
0.018616,-0.00076294,4.9329
0.018463,0.002594,4.9292
0.018311,0.0059509,4.9316
0.018311,0.0048828,4.9292
0.018616,0.0021362,4.9353
0.018158,-0.0012207,4.9438
0.020447,0.0016785,4.9365
0.022888,0.0036621,4.9402
0.024872,0.0053406,4.9255
0.02594,0.0067139,4.9182
0.026703,0.0057983,4.9304
0.02655,0.0042725,4.9329
0.02655,0.0053406,4.9292
0.026398,0.0076294,4.9304
0.02594,0.011444,4.9255
0.026703,0.014038,4.9268
0.023346,0.015106,4.9231
0.026703,0.012665,4.9219
0.026245,0.0086975,4.9072
0.025482,0.0042725,4.9207
0.025177,0.0019836,4.9182
0.025024,0.00076294,4.9182
0.023499,0.00091553,4.917
0.020752,0.0021362,4.917
0.019226,0.00030518,4.9121
0.016022,0,4.9146
0.01358,-0.00015259,4.906
0.011292,0.00030518,4.9084
0.010834,-0.00015259,4.8962
0.010986,0.00091553,4.9109
0.012817,0.00045776,4.9109
0.013275,0.00061035,4.9084
0.014954,-0.00076294,4.906
0.015411,-0.002594,4.906
0.016327,-0.0050354,4.9109
0.016785,-0.0048828,4.9072
0.017242,-0.0039673,4.9158
0.016327,-0.0018311,4.9109
0.016022,0.0013733,4.9182
0.015717,0.002594,4.9219
0.016022,0.0041199,4.9219
0.016022,0.0038147,4.9316
0.018616,0.0042725,4.9231
0.019379,0.005188,4.939
0.021973,0.0061035,4.9304
0.023041,0.0079346,4.9207
0.023346,0.0076294,4.9341
0.023346,0.0062561,4.9292
0.02243,0.0035095,4.9292
0.02121,0.00015259,4.9292
0.019836,-0.0030518,4.9304
0.018311,-0.0033569,4.9292
0.015869,-0.002594,4.9292
0.015564,-0.0028992,4.9341
0.01297,-0.0033569,4.9316
0.012512,-0.0036621,4.928
0.013123,-0.0053406,4.939
0.014191,-0.005188,4.9377
0.015717,-0.0035095,4.9377
0.015564,-0.0010681,4.9377
0.015564,0.0024414,4.9365
0.014343,0.0035095,4.9304
0.013428,0.0028992,4.9341
0.013275,0.0018311,4.9255
0.013733,-0.00015259,4.9207
0.015259,-0.0013733,4.9158
0.015717,-0.0013733,4.9231
0.015564,-0.00045776,4.9146
0.016327,0.00045776,4.9194
0.015259,0.00030518,4.9121
0.016327,-0.0015259,0.046387
0.018005,-0.0016785,0.043945
0.020142,-0.0021362,0.045166
0.02182,-0.00061035,0.043945
0.022278,0.0019836,0.045166
0.021667,0.0041199,0.037842
0.021667,0.0042725,0.042725
0.021362,0.0027466,0.056152
0.02182,0,0.039063
0.02121,-0.0010681,0.050049
0.021515,-0.00091553,0.039063
0.020752,0.00091553,0.024414
0.020294,0.0028992,0.037842
0.020142,0.0039673,0.041504
0.019684,0.0045776,0.041504
0.020294,0.0041199,0.045166
0.020447,0.0035095,0.040283
0.021362,0.0036621,0.050049
0.022278,0.0053406,0.048828
0.022278,0.0061035,0.053711
0.020905,0.0064087,0.048828
0.019379,0.0057983,0.061035
0.018158,0.0039673,0.059814
0.016327,0.0013733,0.062256
0.018005,0.00015259,0.072021
0.015869,0.00045776,0.063477
0.016479,0.00076294,0.058594
0.015717,0.0015259,0.064697
0.015564,0.00076294,0.067139
0.015106,-0.00061035,0.062256
0.015564,-0.0012207,0.041504
0.016479,-0.00091553,0.062256
0.018005,0.00045776,0.065918
0.018768,0.0033569,0.058594
0.019226,0.0045776,0.064697
0.018616,0.0059509,0.062256
0.01709,0.0045776,0.067139
0.016479,0.0028992,0.061035
0.016479,0.00076294,0.065918
0.018463,-0.00030518,0.056152
0.019989,-0.00045776,0.058594
0.02182,0,0.053711
0.024109,0.00076294,0.053711
0.023041,0.00076294,0.061035
0.023499,-0.00015259,0.05127
0.024109,-0.0015259,0.054932
0.024414,-0.0047302,0.046387
0.024872,-0.0028992,0.036621
0.025635,-0.0016785,0.043945
0.025177,0,0.045166
0.023651,0.0013733,0.042725
0.022736,0.0016785,0.041504
0.02243,-0.00015259,0.036621
0.023041,-0.0018311,0.039063
0.02533,-0.0035095,0.039063
0.027466,-0.0039673,0.039063
0.028534,-0.002594,0.0354
0.028381,-0.00076294,0.040283
0.027313,0.0010681,0.041504
0.026398,0.0013733,0.041504
0.025177,0.0018311,0.039063
0.025177,0.0021362,0.040283
0.025177,0.0018311,0.041504
0.024567,0.0024414,0.043945
0.023041,0.0039673,0.045166
0.020905,0.0041199,0.047607
0.019989,0.0041199,0.039063
0.019989,0.0033569,0.050049
0.022125,0.0021362,0.05249
0.024567,0.00076294,0.054932
0.026703,0.00045776,0.056152
0.027008,-0.00015259,0.053711
0.024261,0.0013733,0.063477
0.023499,0.0019836,0.059814
0.022583,0.0019836,0.062256
0.022125,0.0019836,0.063477
0.022888,0.0018311,0.061035
0.022888,0.0015259,0.058594
0.023651,0.0024414,0.062256
0.023804,0.0030518,0.075684
0.02182,0.0016785,0.064697
0.020905,0.00045776,0.065918
0.021362,-0.00076294,0.067139
0.023193,-0.0030518,0.047607
0.024261,-0.0038147,0.062256
0.024567,-0.0030518,0.061035
0.023499,-0.0041199,0.061035
0.021515,-0.0022888,0.058594
0.019531,-0.0016785,0.05249
0.018463,-0.0012207,0.053711
0.019379,0,0.05127
0.019836,0.0012207,0.048828
0.023346,0.0018311,0.046387
0.023956,0.0039673,0.045166
0.023804,0.004425,0.050049
0.023041,0.0057983,0.048828
0.022888,0.0061035,0.047607
0.024414,0.0053406,0.045166
0.025024,0.0054932,0.043945
0.027313,0.0030518,0.043945
0.028534,0.0022888,0.045166
0.027924,0.0019836,0.039063
0.026245,0.0028992,0.025635
0.023804,0.0028992,0.040283
0.023346,0.0027466,0.037842
0.023346,0.0041199,0.037842
0.023956,0.0024414,0.037842
0.024719,0.0015259,0.036621
0.024872,0.0012207,0.040283
0.023346,0.00076294,0.039063
0.021667,0.00015259,0.043945
0.020905,-0.00061035,0.041504
0.02182,-0.0010681,0.047607
0.024261,-0.0012207,0.048828
0.027008,-0.0019836,0.05127
0.027618,-0.0013733,0.062256
0.027466,-0.00076294,0.29175
0.02594,0,4.6667
0.023804,0.00045776,4.9109
0.023346,0.00091553,4.9219
0.022125,0,4.9292
0.02533,-0.0013733,4.9268
0.026245,-0.002594,4.928
0.026245,-0.0041199,4.9316
0.023956,-0.0032043,4.9292
0.023346,-0.0035095,4.9316
0.022736,-0.0024414,4.9316
0.024109,-0.0033569,4.9353
0.026093,-0.0018311,4.928
0.027771,-0.0019836,4.9377
0.028687,-0.0012207,4.9365
0.027924,-0.0028992,4.9365
0.027924,0.00091553,4.9341
0.028839,0.0021362,4.9365
0.028839,0.0032043,4.939
0.031281,0.002594,4.9304
0.031586,0.0013733,4.9365
0.031128,-0.00015259,4.9255
0.027008,-0.0018311,4.9072
0.026245,-0.0028992,4.917
0.023956,-0.0030518,4.9207
0.022888,-0.002594,4.917
0.023193,-0.0016785,4.9182
0.024872,-0.0018311,4.9121
0.025787,-0.0018311,4.917
0.026398,-0.004425,4.9121
0.026093,-0.0010681,4.9109
0.024567,0.00045776,4.9097
0.024414,0.0019836,4.9158
0.025635,0.0032043,4.9109
0.026855,0.0036621,4.9146
0.028229,0.0027466,4.9207
0.028229,0.0015259,4.9146
0.02655,0,4.9109
0.024414,-0.00015259,4.9097
0.022888,0,4.8938
0.023041,0.0010681,4.9133
0.024872,0.00076294,4.9072
0.027313,-0.00061035,4.9133
0.028229,-0.0016785,4.9133
0.028229,-0.0027466,4.9121
0.02594,-0.0028992,4.9194
0.024261,-0.0016785,4.9194
0.023041,0.00030518,4.9255
0.023804,0.0021362,4.9231
0.024872,0.0019836,4.9304
0.026093,0.0024414,4.9268
0.026093,0.0018311,4.9329
0.024872,0.00091553,4.9329
0.021057,0.0016785,4.9316
0.022125,0.002594,4.9329
0.023193,0.0036621,4.9353
0.025787,0.0042725,4.9451
0.027008,0.0030518,4.9316
0.028076,0.0016785,4.9243
0.026703,0.0010681,4.9329
0.025024,0.0016785,4.9329
0.023651,0.0038147,4.9304
0.023041,0.0057983,4.9402
0.024109,0.0068665,4.9365
0.025787,0.0045776,4.9353
0.027008,0.0027466,4.9304
0.027161,0.00030518,4.9341
0.025635,-0.00045776,4.9255
0.023956,0.00030518,4.9268
0.02243,0.002594,4.9243
0.022278,0.0045776,4.9268
0.023956,0.0048828,4.928
0.025177,0.0032043,4.9243
0.024567,0.0022888,4.9194
0.023651,-0.0027466,4.9182
0.021667,0.0016785,4.9036
0.019989,0.0056458,4.9158
0.019836,0.0053406,4.9146
0.020905,0.0061035,4.9121
0.022278,0.005188,4.9121
0.023041,0.0022888,4.9109
0.021667,-0.00015259,4.9109
0.019684,-0.00091553,4.9084
0.018463,0.00030518,4.9109
0.016937,0.0028992,4.9072
0.01709,0.0045776,4.9109
0.018921,0.0047302,4.9121
0.02121,0.0027466,4.9133
0.022125,0.0013733,4.9084
0.021515,0.00076294,4.9146
0.018158,0.0019836,4.9109
0.018768,0.0039673,4.9133
0.018768,0.0045776,4.9231
0.020599,0.0042725,4.9219
0.021362,0.0019836,4.9084
0.02243,-0.00091553,4.9194
0.021515,-0.002594,4.9182
0.019073,-0.0019836,4.9268
0.018005,-0.00015259,4.9255
0.018005,0.0010681,4.9268
0.019836,0.0016785,4.9341
0.022125,0.00076294,4.9329
0.024872,-0.0015259,4.9316
0.025177,-0.0022888,4.928
0.023041,-0.0021362,4.9341
0.02182,0.00015259,4.9304
0.020294,0.0018311,4.9341
0.020294,0.0039673,4.9463
0.020905,0.0038147,4.9377
0.021973,0.0019836,4.9353
0.021362,0.00015259,4.9365
0.020294,0,0.046387
0.018463,0.0010681,0.063477
0.017242,0.0030518,0.057373
0.0177,0.0045776,0.061035
0.020294,0.0062561,0.056152
0.023499,0.0039673,0.05127
0.025482,0.0024414,0.058594
0.025482,0.0012207,0.050049
0.024872,0.0016785,0.05249
0.02182,0.0039673,0.047607
0.020447,0.0064087,0.050049
0.023651,0.0071716,0.043945
0.023041,0.0054932,0.047607
0.023804,0.0039673,0.047607
0.026398,0.0016785,0.042725
0.024872,0.00061035,0.046387
0.021973,0.0021362,0.042725
0.021973,0.0038147,0.043945
0.022125,0.0035095,0.037842
0.023651,0.0041199,0.048828
0.023651,0.0015259,0.039063
0.023041,-0.00076294,0.036621
0.020752,-0.0010681,0.03418
0.017548,0.0018311,0.039063
0.014648,0.0022888,0.037842
0.013885,0.0038147,0.041504
0.014954,0.0050354,0.040283
0.016632,0.0032043,0.045166
0.018768,0.0021362,0.043945
0.020142,-0.00030518,0.046387
0.019379,-0.00045776,0.043945
0.018616,-0.00045776,0.05249
0.018311,0.0013733,0.062256
0.018158,0,0.057373
0.018768,0.0022888,0.067139
0.020905,0.00030518,0.056152
0.021057,-0.00076294,0.048828
0.020447,-0.0016785,0.062256
0.019226,-0.00015259,0.061035
0.018158,0.002594,0.061035
0.018463,0.0045776,0.061035
0.020294,0.007782,0.062256
0.022125,0.0033569,0.058594
0.023651,0.0019836,0.059814
0.023956,0.0012207,0.067139
0.023193,0.0016785,0.063477
0.021362,0.0035095,0.065918
0.020599,0.0045776,0.065918
0.021667,0.0047302,0.073242
0.023651,0.0036621,0.068359
0.022888,0.0018311,0.064697
0.023346,-0.00061035,0.064697
0.021515,0.0018311,0.059814
0.019073,-0.00015259,0.064697
0.018768,0.0018311,0.058594
0.019226,0.0033569,0.048828
0.020294,0.0028992,0.048828
0.021973,0.0027466,0.048828
0.023041,0.0021362,0.046387
0.022583,0.00091553,0.046387
0.02121,-0.00061035,0.041504
0.019989,0.0016785,0.045166
0.018768,0.0015259,0.037842
0.02243,0.0012207,0.043945
0.02121,0.00030518,0.046387
0.022583,-0.0032043,0.043945
0.02243,-0.0047302,0.037842
0.020294,-0.0045776,0.041504
0.019531,-0.0041199,0.05249
0.018311,-0.0012207,0.041504
0.019379,0.0016785,0.042725
0.019989,0.0021362,0.040283
0.023346,0.00061035,0.024414
0.023193,-0.00076294,0.037842
0.022125,-0.0012207,0.040283
0.018768,-0.00061035,0.041504
0.019989,0.0016785,0.042725
0.020599,0.0048828,0.043945
0.022583,0.0048828,0.047607
0.023346,0.0030518,0.050049
0.024109,0.00045776,0.054932
0.023804,-0.0012207,0.05127
0.019989,0.0021362,0.059814
0.02243,0.0021362,0.057373
0.022278,0.0054932,0.061035
0.022583,0.010376,0.064697
0.021362,0.007019,0.065918
0.023956,0.0048828,0.062256
0.024414,0.002594,0.059814
0.023346,0.0013733,0.075684
0.022583,0.0028992,0.061035
0.021362,0.0054932,0.05249
0.020447,0.007019,0.063477
0.020905,0.0062561,0.063477
0.020599,0.0042725,0.063477
0.020905,0,0.065918
0.018768,-0.0028992,0.062256
0.017242,-0.004425,0.063477
0.014648,-0.0033569,0.058594
0.013275,-0.0013733,0.062256
0.013123,-0.0010681,0.05127
0.013733,-0.0027466,0.056152
0.013885,-0.0048828,0.054932
0.014038,-0.0079346,0.054932
0.01358,-0.0082397,0.053711
0.012512,-0.0068665,0.05127
0.013428,-0.0041199,0.043945
0.016327,-0.0015259,0.045166
0.018158,-0.0010681,0.039063
0.021667,-0.002594,0.043945
0.024261,-0.0035095,0.041504
0.025482,-0.0036621,0.031738
0.026703,-0.0035095,0.037842
0.026398,0.00030518,0.039063
0.026855,0.0032043,0.040283
0.028839,0.002594,0.037842
0.03067,0.0038147,3.8367
0.031433,0.0016785,4.8364
0.029907,0.00061035,4.906
0.031281,0.00030518,4.9097
0.029449,0.0015259,4.9146
0.028534,0.0030518,4.9097
0.027466,0.0035095,4.917
0.027924,0.0021362,4.9243
0.027161,0.00015259,4.9146
0.025177,-0.0022888,4.9243
0.02243,-0.0033569,4.9194
0.020142,-0.0030518,4.9048
0.016937,-0.00061035,4.9194
0.015564,0.0015259,4.9243
0.012512,0.0018311,4.9255
0.014648,0.00076294,4.9292
0.014191,-0.0016785,4.9304
0.013733,-0.0039673,4.9353
0.01236,-0.0032043,4.9304
0.013123,-0.0018311,4.9316
0.01297,0.00045776,4.9255
0.013733,-0.0012207,4.9341
0.014648,0.0010681,4.9341
0.017242,0.0013733,4.9316
0.0177,0,4.9414
0.018463,0.00015259,4.939
0.019073,0.00076294,4.9353
0.019684,0.0028992,4.939
0.021057,0.005188,4.9438
0.023651,0.0059509,4.9316
0.026703,0.0059509,4.9475
0.028076,0.0047302,4.9304
0.028534,0.0016785,4.9268
0.028381,0.00091553,4.9231
0.026245,0.0019836,4.9304
0.023499,0.0022888,4.9194
0.022583,0.0016785,4.9194
0.021973,0.00045776,4.9158
0.021057,-0.0030518,4.9182
0.019989,-0.0067139,4.9121
0.018768,-0.0080872,4.9158
0.017548,-0.0082397,4.9158
0.016632,-0.0062561,4.9146
0.016022,-0.0027466,4.9207
0.017395,-0.0010681,4.917
0.018921,-0.00061035,4.9194
0.019684,-0.00045776,4.9097
0.019379,-0.00061035,4.8914
0.019073,0.0010681,4.9109
0.019073,0.0041199,4.9084
0.018463,0.0071716,4.8987
0.019379,0.0079346,4.9097
0.021667,0.0076294,4.9109
0.023346,0.005188,4.9109
0.024719,0.0030518,4.9109
0.027008,0.0024414,4.9182
0.028687,0.0033569,4.9146
0.028992,0.0050354,4.9194
0.028839,0.0082397,4.9231
0.029144,0.0045776,4.9243
0.029297,0.0018311,4.9231
0.029297,-0.0016785,4.9231
0.029144,-0.0035095,4.9268
0.027618,-0.0036621,4.9329
0.025787,-0.002594,4.9341
0.024414,-0.0015259,4.9329
0.023346,-0.002594,4.9194
0.02243,-0.0039673,4.928
0.02243,-0.0062561,4.9304
0.021515,-0.0068665,4.9316
0.021667,-0.0061035,4.9304
0.019836,-0.0038147,4.9316
0.018616,-0.0012207,4.9353
0.018158,-0.0013733,4.9341
0.018311,-0.00076294,4.9341
0.018616,-0.0018311,4.9414
0.018616,-0.0030518,4.9365
0.019379,-0.0028992,4.9304
0.020447,-0.00091553,4.9353
0.02121,0.0019836,4.9463
0.021973,0.0039673,4.9292
0.023499,0.004425,4.928
0.025482,0.0035095,4.9255
0.02655,0.0024414,4.906
0.028229,0.0019836,4.9182
0.03067,0.0016785,4.9255
0.03067,0.0047302,4.9158
0.031128,0.0064087,4.9158
0.030975,0.007019,4.9158
0.031433,0.005188,4.9146
0.030365,0.0038147,4.9158
0.030212,0.0032043,4.9146
0.030518,0.0039673,4.9084
0.028076,0.0054932,4.9158
0.026703,0.0065613,4.9133
0.024414,0.0079346,4.9109
0.022583,0.0022888,4.9097
0.019379,0.00030518,4.9133
0.019531,-0.0016785,4.9097
0.018768,-0.0048828,4.9109
0.018158,-0.0015259,4.9036
0.016937,-0.0010681,4.9084
0.016785,-0.0010681,4.9133
0.015564,-0.0010681,4.9109
0.016785,-0.0013733,4.9158
0.018005,-0.0015259,4.9146
0.019836,-0.0010681,4.9109
0.021057,0.00030518,4.9194
0.021973,-0.00015259,4.9243
0.022583,0.0022888,4.9231
0.027161,0.0033569,0.062256
0.024872,0.0039673,0.061035
0.027008,0.0045776,0.063477
0.028687,0.004425,0.061035
0.030518,0.004425,0.058594
0.031281,0.0039673,0.06958
0.032654,0.0041199,0.062256
0.032806,0.004425,0.072021
0.033112,0.0041199,0.058594
0.03418,0.0042725,0.05127
0.034485,0.0038147,0.063477
0.035095,0.0035095,0.064697
0.031128,0.0039673,0.062256
0.032959,0.004425,0.067139
0.030365,0.005188,0.065918
0.027161,0.0067139,0.064697
0.02655,0.005188,0.062256
0.024872,0.0041199,0.061035
0.024109,0.0039673,0.053711
0.024414,0.0036621,0.057373
0.02182,0.0038147,0.058594
0.021057,0.0042725,0.056152
0.020599,0.0047302,0.05249
0.020142,0.0033569,0.048828
0.02121,0.0030518,0.048828
0.021667,0.0024414,0.046387
0.022125,0.0035095,0.043945
0.022125,0.0045776,0.042725
0.023193,0.0056458,0.045166
0.023804,0.0056458,0.037842
0.024872,0.0032043,0.037842
0.025177,0.00091553,0.040283
0.02533,-0.0013733,0.039063
0.025787,-0.0035095,0.0354
0.02594,0.0012207,0.042725
0.026093,-0.0030518,0.036621
0.02655,-0.0032043,0.042725
0.024719,-0.0036621,0.039063
0.027008,-0.0056458,0.042725
0.026855,-0.0062561,0.037842
0.026855,-0.0062561,0.041504
0.027161,-0.004425,0.056152
0.027771,-0.002594,0.045166
0.027924,-0.0010681,0.056152
0.028229,0.0016785,0.05127
0.030365,-0.00091553,0.03418
0.028992,-0.0012207,0.05249
0.029297,-0.0016785,0.053711
0.029297,-0.0015259,0.057373
0.028992,-0.00015259,0.058594
0.028229,-0.0012207,0.053711
0.02655,-0.0010681,0.058594
0.027313,0,0.059814
0.026703,-0.00015259,0.063477
0.026855,-0.00030518,0.058594
0.027313,-0.00030518,0.062256
0.027924,0.00030518,0.062256
0.026855,0.0013733,0.064697
0.02655,0.0016785,0.073242
0.026245,0.0018311,0.063477
0.024414,0.00076294,0.062256
0.024567,0,0.063477
0.024109,-0.00061035,0.075684
0.023956,0.00091553,0.062256
0.023804,0.00030518,0.054932
0.023346,0.0013733,0.061035
0.023346,0.00030518,0.057373
0.022278,0.00015259,0.053711
0.021973,-0.0010681,0.05249
0.02243,-0.00091553,0.048828
0.02243,-0.00015259,0.05249
0.022888,0.0016785,0.041504
0.022278,0.0015259,0.047607
0.020905,0.0022888,0.047607
0.019379,0.0015259,0.048828
0.018768,0.00061035,0.043945
0.018158,0.00076294,0.042725
0.018768,0.00076294,0.05127
0.018768,0.0013733,0.040283
0.017395,0.0012207,0.048828
0.019836,0.00076294,0.040283
0.020294,-0.00045776,0.026855
0.021515,-0.0022888,0.039063
0.020294,-0.0019836,0.0354
0.019684,-0.0016785,0.037842
0.019836,-0.00030518,0.040283
0.019073,0.00045776,0.036621
0.018463,0.00091553,0.040283
0.017548,0.00091553,0.040283
0.016937,0.0018311,0.045166
0.016785,0.0021362,0.043945
0.018005,0.0027466,0.048828
0.019531,0.0035095,0.046387
0.019379,0.0039673,0.054932
0.020294,0.0039673,0.054932
0.019989,0.0032043,0.054932
0.018463,0.0030518,0.059814
0.016479,0.0028992,0.059814
0.015259,0.0028992,0.068359
0.014496,0.0036621,0.061035
0.013885,0.0036621,0.05127
0.013275,0.0033569,0.059814
0.011902,0.002594,0.058594
0.010681,-0.00015259,0.059814
0.011292,0.0019836,0.061035
0.011902,0.0021362,0.061035
0.013885,0.002594,0.067139
0.014191,0.002594,0.064697
0.015106,0.0024414,0.068359
0.016937,0.0018311,0.065918
0.016327,0.00091553,0.067139
0.015411,0.00030518,0.061035
0.015259,-0.00015259,0.063477
0.017242,-0.00015259,0.072021
0.018311,-0.00045776,0.054932
0.018768,-0.0036621,0.05249
0.019073,-0.00091553,0.056152
0.019073,-0.0012207,4.4348
0.018463,-0.0010681,4.884
0.018768,-0.00045776,4.9158
0.019531,-0.00061035,4.9182
0.020752,-0.00076294,4.9158
0.020599,-0.0010681,4.9109
0.019379,-0.0015259,4.9133
0.018768,-0.0015259,4.906
0.016632,-0.002594,4.9158
0.016327,-0.0013733,4.906
0.014496,0.00015259,4.9121
0.014191,0,4.9109
0.014648,-0.0012207,4.9121
0.013885,-0.0019836,4.9084
0.014038,-0.0018311,4.9109
0.014191,-0.0012207,4.9158
0.014801,0.00061035,4.9109
0.016327,0.0019836,4.9194
0.018005,0.0027466,4.9097
0.019989,0.0048828,4.8975
0.021515,0.005188,4.9158
0.022125,0.0057983,4.9158
0.023193,0.0064087,4.917
0.023041,0.0079346,4.9194
0.023041,0.0090027,4.9207
0.022583,0.0097656,4.9243
0.02182,0.010986,4.9268
0.021362,0.010223,4.9316
0.022278,0.0086975,4.9255
0.02121,0.0073242,4.9304
0.020599,0.0061035,4.9329
0.019531,0.0042725,4.9341
0.018921,0.0062561,4.9402
0.018158,0.0016785,4.9341
0.016937,-0.00030518,4.9329
0.015259,-0.00061035,4.9341
0.014038,-0.0042725,4.9329
0.01297,-0.0054932,4.9341
0.011292,-0.0057983,4.9353
0.011444,-0.005188,4.9329
0.0099182,-0.004425,4.9402
0.010834,-0.004425,4.9353
0.012512,-0.0033569,4.9329
0.013733,-0.0027466,4.928
0.017242,-0.0021362,4.9329
0.019684,0.00015259,4.928
0.021515,0,4.9268
0.02243,0.0038147,4.9231
0.02533,0.004425,4.9255
0.027008,0.004425,4.9194
0.027618,0.0027466,4.9243
0.027924,0.0035095,4.928
0.029297,0.0039673,4.9194
0.029755,0.0053406,4.9255
0.030212,0.011444,4.9158
0.03067,0.0065613,4.8926
0.030365,0.0061035,4.906
0.032196,0.0041199,4.9109
0.028992,0.0028992,4.9133
0.027771,0.0028992,4.9109
0.026703,0.0022888,4.9072
0.024109,0.0027466,4.9158
0.023193,0.002594,4.9097
0.021515,0.00076294,4.9109
0.019989,0.00045776,4.9084
0.019684,-0.00061035,4.9133
0.0177,-0.0013733,4.9097
0.017242,-0.00030518,4.9133
0.016937,0.00076294,4.9243
0.016174,0.0028992,4.917
0.015869,0.0036621,4.9182
0.015717,0.0041199,4.9231
0.015717,0.0033569,4.917
0.014801,0.0019836,4.9255
0.014648,0.00045776,4.9353
0.016327,-0.00076294,4.9292
0.0177,-0.00091553,4.9304
0.01709,-0.0013733,4.9292
0.018005,-0.0018311,4.9304
0.018768,-0.0024414,4.9316
0.019226,-0.005188,4.9329
0.019226,-0.0032043,4.928
0.020447,-0.0030518,4.9402
0.021973,-0.0015259,4.9353
0.021973,-0.00076294,4.9353
0.021667,-0.00045776,4.9353
0.024414,-0.00015259,4.9304
0.02594,-0.0012207,4.9475
0.026855,-0.00061035,4.9402
0.027771,-0.00045776,4.9451
0.028534,-0.00030518,4.9316
0.029144,-0.0019836,4.9243
0.02655,0.00076294,4.9304
0.025635,0.00030518,4.9329
0.024567,0.00030518,4.9207
0.021973,-0.0021362,4.9243
0.020142,-0.0033569,4.9182
0.017242,-0.0050354,4.9158
0.015717,-0.0047302,4.9158
0.013275,-0.0068665,4.9194
0.011749,-0.007782,4.9146
0.011139,-0.0083923,4.9182
0.0076294,-0.0079346,4.9158
0.010529,-0.0067139,4.9158
0.010986,-0.0050354,4.9084
0.011597,-0.0032043,4.9109
0.01236,-0.0024414,4.9109
0.015411,-0.0021362,4.9109
0.018005,-0.0013733,4.9011
0.020752,0.0041199,0.037842
0.023956,-0.00030518,0.040283
0.027313,-0.00061035,0.037842
0.029144,-0.00045776,0.040283
0.03006,0.00030518,0.040283
0.031586,-0.0012207,0.037842
0.032654,-0.0012207,0.040283
0.033722,-0.0012207,0.047607
0.033264,-0.0021362,0.043945
0.033264,-0.0018311,0.048828
0.032806,-0.0021362,0.05249
0.032043,-0.0016785,0.054932
0.03067,-0.0019836,0.05127
0.027008,-0.0038147,0.061035
0.027161,-0.0050354,0.061035
0.024872,-0.0062561,0.059814
0.023651,-0.0082397,0.075684
0.021667,-0.0091553,0.062256
0.019073,-0.0090027,0.047607
0.018158,-0.0090027,0.059814
0.015259,-0.0082397,0.062256
0.014038,-0.0086975,0.061035
0.013428,-0.010529,0.062256
0.014191,-0.0086975,0.061035
0.014801,-0.0091553,0.067139
0.016632,-0.0076294,0.064697
0.018005,-0.0048828,0.063477
0.019684,-0.0032043,0.059814
0.021667,-0.0021362,0.067139
0.024109,-0.00091553,0.061035
0.024567,-0.0013733,0.062256
0.028229,0.00030518,0.072021
0.030212,0.0012207,0.057373
0.031586,0.0024414,0.05249
0.032196,0.0035095,0.05249
0.033264,0.0032043,0.032959
0.034637,0.0032043,0.047607
0.035095,-0.00015259,0.048828
0.034943,0.0024414,0.042725
0.033875,0.0018311,0.047607
0.032349,0.0021362,0.042725
0.029755,0.00030518,0.041504
0.027924,-0.00015259,0.039063
0.026245,-0.0022888,0.041504
0.02594,-0.0042725,0.037842
0.024109,-0.0057983,0.042725
0.023193,-0.0068665,0.037842
0.022278,-0.0067139,0.041504
0.020447,-0.0064087,0.036621
0.0177,-0.0065613,0.041504
0.016632,-0.0057983,0.045166
0.016327,-0.0054932,0.040283
0.015717,-0.0038147,0.048828
0.018311,-0.0010681,0.037842
0.019836,0.0015259,0.036621
0.021057,0.0042725,0.046387
0.021515,0.0054932,0.046387
0.025177,0.0047302,0.047607
0.027161,0.0045776,0.05127
0.029755,0.0047302,0.050049
0.031891,0.0041199,0.054932
0.032043,0.0059509,0.057373
0.032806,0.007019,0.058594
0.032349,0.0076294,0.061035
0.033112,0.0079346,0.064697
0.032196,0.0080872,0.064697
0.031128,0.0090027,0.064697
0.031433,0.010071,0.06958
0.032043,0.010376,0.062256
0.033417,0.010986,0.062256
0.034027,0.012054,0.061035
0.032654,0.011444,0.067139
0.033112,0.010834,0.064697
0.031586,0.0097656,0.063477
0.028839,0.0067139,0.064697
0.026093,0.0057983,0.068359
0.023804,0.0041199,0.061035
0.022125,0.0024414,0.061035
0.018768,0.00030518,0.058594
0.016327,0.00015259,0.058594
0.015259,0.00076294,0.053711
0.014801,0.00045776,0.050049
0.014496,0.00015259,0.05127
0.015869,0.00045776,0.05249
0.016937,0.0013733,0.045166
0.017395,0.0030518,0.048828
0.018921,0.0041199,0.058594
0.019379,0.0048828,0.045166
0.019684,0.0057983,0.054932
0.019836,0.0054932,0.043945
0.021057,0.0050354,0.03418
0.022125,0.004425,0.03418
0.023041,0.0038147,0.041504
0.023804,0.0047302,0.039063
0.024719,0.0042725,0.036621
0.024872,0.0041199,0.039063
0.025635,0.0035095,0.041504
0.026703,0.0036621,0.040283
0.027618,0.0035095,0.041504
0.028992,0.0033569,0.037842
0.029144,0.0035095,0.043945
0.028992,0.0032043,0.039063
0.027008,0.0024414,0.043945
0.025787,0.002594,0.053711
0.024719,0.0024414,0.050049
0.023956,0.0028992,0.047607
0.023651,0.0033569,0.05249
0.022736,0.0035095,0.05249
0.021515,0.0038147,0.054932
0.020599,0.0030518,0.050049
0.018463,0.002594,0.059814
0.018768,0.0033569,0.061035
0.018005,0.0019836,0.057373
0.018921,0.0033569,0.059814
0.018616,0.0038147,0.057373
0.017853,0.0022888,0.062256
0.018463,0.0030518,0.059814
0.018311,0.002594,2.2119
0.018311,0.0030518,4.7705
0.019684,0.004425,4.9207
0.021515,0.0061035,4.9268
0.023346,0.0073242,4.9353
0.023193,0.007019,4.9414
0.022583,0.0062561,4.939
0.024567,0.0039673,4.9377
0.024261,0.0021362,4.9304
0.02594,0.0010681,4.9182
0.023041,0.0018311,4.9304
0.022583,0.0018311,4.9255
0.020447,0.002594,4.9219
0.0177,-0.0016785,4.9231
0.0177,0.0016785,4.9219
0.0177,0.0016785,4.9182
0.017242,-0.0013733,4.9072
0.017395,0.002594,4.917
0.016937,0.0035095,4.9121
0.018005,0.0038147,4.9146
0.018005,0.0021362,4.917
0.017395,0.00045776,4.917
0.017395,-0.00045776,4.9097
0.015411,-0.00061035,4.9084
0.016632,0.00061035,4.9146
0.015106,0.0015259,4.9109
0.014038,0.0012207,4.9158
0.01358,0.00030518,4.9097
0.01297,-0.0019836,4.8999
0.014038,0.00045776,4.9084
0.015106,0.0012207,4.9072
0.016785,0.0016785,4.9109
0.018768,0.0013733,4.9109
0.020599,0.0010681,4.9084
0.021973,0.0010681,4.9158
0.022888,0.0012207,4.9146
0.023041,0.0010681,4.9231
0.02182,0.00061035,4.9158
0.02182,-0.00061035,4.9255
0.021667,-0.0013733,4.9231
0.020447,-0.0013733,4.928
0.02121,-0.00091553,4.9402
0.021057,0,4.9304
0.019989,-0.0010681,4.9353
0.019989,-0.00091553,4.9353
0.019531,-0.00061035,4.9207
0.021362,-0.00076294,4.928
0.02182,-0.00015259,4.9316
0.022125,-0.00015259,4.9353
0.02182,-0.00015259,4.9292
0.022125,-0.0015259,4.9304
0.021057,-0.0033569,4.939
0.020294,-0.0045776,4.9341
0.020752,-0.0038147,4.9146
0.019989,-0.0056458,4.9304
0.021973,-0.0050354,4.9353
0.022125,-0.0035095,4.9292
0.022888,-0.0036621,4.9329
0.024567,-0.0030518,4.9304
0.021362,-0.0039673,4.9329
0.024261,-0.0053406,4.928
0.023804,-0.0083923,4.9231
0.025024,-0.007019,4.928
0.025177,-0.0061035,4.9158
0.025024,-0.0056458,4.9255
0.023499,-0.005188,4.9182
0.02182,-0.0059509,4.9158
0.021667,-0.0064087,4.9133
0.022125,-0.0057983,4.9146
0.020905,-0.0027466,4.9084
0.021973,-0.00045776,4.9097
0.021515,0.0030518,4.906
0.019989,0.0050354,4.9133
0.019226,0.0047302,4.9097
0.018463,0.0032043,4.9158
0.019226,0.0047302,4.9109
0.019989,0.0013733,4.9121
0.02121,0.0016785,4.9194
0.020905,0.0033569,4.9146
0.019989,0.0027466,4.9182
0.019226,-0.00045776,4.9158
0.018311,0.00030518,4.906
0.017242,-0.00076294,4.917
0.01709,-0.0012207,4.9146
0.0177,-0.0013733,4.9158
0.0177,-0.0015259,4.9243
0.017242,-0.0013733,4.9243
0.013428,-0.0027466,4.9268
0.016327,-0.0048828,4.9255
0.016479,-0.0068665,4.9341
0.016632,-0.0068665,4.9304
0.016785,-0.0067139,4.9316
0.0177,-0.005188,4.9304
0.018005,-0.0035095,4.9329
0.016785,-0.0045776,4.9304
0.015564,-0.0035095,4.9329
0.016022,-0.0027466,4.9341
0.016327,-0.0030518,4.9353
0.017853,-0.0039673,4.9426
0.018921,-0.0027466,4.9377
0.020142,-0.0019836,4.9292
0.021057,-0.0012207,4.939
0.021515,-0.00030518,4.9316
0.021515,0.00091553,4.9329
0.022125,0.002594,4.9304
0.022736,0.0028992,4.9255
0.023804,0.0035095,4.928
0.024109,0.0042725,4.9255
0.023956,0.0045776,4.9255
0.023346,0.0039673,0.058594
0.023193,0.0027466,0.05249
0.021973,0.0015259,0.046387
0.021515,-0.0010681,0.050049
0.02243,-0.0016785,0.058594
0.021973,-0.0024414,0.046387
0.021973,-0.0021362,0.046387
0.019836,0,0.043945
0.019379,0.0019836,0.029297
0.018616,0.0033569,0.03418
0.018463,0.0036621,0.040283
0.018463,0.0035095,0.039063
0.019073,0.002594,0.040283
0.018005,0.0019836,0.037842
0.017242,0.0010681,0.036621
0.014496,0.00015259,0.036621
0.015564,-0.0010681,0.041504
0.014343,-0.002594,0.037842
0.01236,-0.0041199,0.043945
0.013733,-0.004425,0.041504
0.014343,-0.0039673,0.046387
0.014954,-0.0022888,0.05249
0.014343,-0.0012207,0.047607
0.013885,-0.00061035,0.048828
0.014343,-0.00091553,0.053711
0.014648,-0.0013733,0.050049
0.014648,-0.0015259,0.057373
0.015564,-0.0013733,0.047607
0.015564,-0.0012207,0.061035
0.016479,-0.00045776,0.059814
0.014954,-0.00030518,0.061035
0.016937,0.00061035,0.063477
0.01709,0.00061035,0.059814
0.018311,-0.00030518,0.062256
0.018616,0.0010681,0.059814
0.018768,0.00061035,0.064697
0.019073,-0.00015259,0.059814
0.018768,-0.00076294,0.065918
0.018616,-0.0022888,0.065918
0.018768,-0.0033569,0.065918
0.017395,-0.004425,0.074463
0.017853,-0.0045776,0.065918
0.017548,-0.0033569,0.067139
0.017853,-0.0021362,0.062256
0.017548,0.0016785,0.048828
0.017242,0.0047302,0.057373
0.016632,0.0053406,0.054932
0.016632,0.0061035,0.048828
0.016937,0.005188,0.050049
0.01709,0.0033569,0.046387
0.016479,0.0019836,0.050049
0.016937,0.0016785,0.045166
0.016937,0.0024414,0.050049
0.017395,0.002594,0.041504
0.018158,0.0021362,0.047607
0.018463,0.0019836,0.045166
0.019226,0.0013733,0.039063
0.019379,0.0012207,0.036621
0.018005,0.0021362,0.042725
0.020142,0.0036621,0.037842
0.019989,0.0042725,0.040283
0.020294,0.0041199,0.040283
0.021515,0.0022888,0.039063
0.021973,0.00091553,0.041504
0.024414,-0.0018311,0.037842
0.023193,-0.0028992,0.037842
0.021667,-0.0036621,0.041504
0.020447,-0.0015259,0.040283
0.019989,-0.00091553,0.042725
0.017853,-0.0018311,0.050049
0.018005,-0.0027466,0.046387
0.016937,-0.00045776,0.05249
0.017548,-0.0022888,0.053711
0.018768,-0.00076294,0.056152
0.019073,0.00061035,0.056152
0.020752,0.0012207,0.061035
0.021362,0.00091553,0.076904
0.022125,-0.00061035,0.062256
0.022736,-0.0027466,0.068359
0.023041,-0.0015259,0.061035
0.022736,-0.0012207,0.05127
0.022736,-0.0013733,0.058594
0.023041,-0.00076294,0.062256
0.022125,-0.00061035,0.059814
0.021973,-0.00030518,0.062256
0.023041,-0.00015259,0.061035
0.02594,0.0012207,0.067139
0.025177,0.0018311,0.063477
0.026398,0.0042725,0.064697
0.026398,0.0035095,0.062256
0.027313,0.0027466,0.064697
0.027008,0.0015259,0.061035
0.02655,0,0.059814
0.025635,-0.0012207,0.059814
0.025635,-0.0018311,0.053711
0.024261,-0.0030518,0.059814
0.019531,-0.0032043,0.05127
0.02121,-0.0030518,0.061035
0.019684,-0.0032043,0.047607
0.018768,-0.0039673,0.028076
0.018311,-0.0068665,0.045166
0.019226,-0.0053406,0.042725
0.019989,-0.005188,0.040283
0.02121,-0.0038147,0.041504
0.02243,-0.002594,0.037842
0.023804,-0.0021362,0.041504
0.023041,-0.0010681,0.037842
0.023956,-0.0016785,0.039063
0.024261,-0.0036621,0.036621
0.024872,-0.0019836,0.041504
0.025635,-0.00061035,0.037842
0.023804,0.00091553,0.040283
0.025787,0.00091553,0.046387
0.025482,0.00045776,0.042725
0.026093,-0.0022888,0.045166
0.027008,-0.0045776,0.040283
0.028534,-0.0042725,0.037842
0.03006,-0.0021362,0.045166
0.03067,0.00091553,4.2407
0.029755,0.0036621,4.8706
0.030823,0.005188,4.9182
0.030518,0.0050354,4.9231
0.030365,0.0030518,4.9243
0.027618,0.0019836,4.9268
0.028992,0.0024414,4.9329
0.028381,0.0019836,4.928
0.026703,0.0028992,4.9329
0.026703,0.0030518,4.9316
0.026093,0.0024414,4.9341
0.024872,0.00091553,4.9292
0.025482,0.0027466,4.9353
0.022583,0.0021362,4.9402
0.023651,0.0042725,4.9316
0.024109,0.0050354,4.9414
0.024872,0.0079346,4.939
0.023346,0.0065613,4.9207
0.022583,0.0036621,4.928
0.021973,-0.00076294,4.9329
0.02182,-0.0019836,4.9304
0.021973,-0.0022888,4.9316
0.022583,-0.0019836,4.9243
0.023499,-0.0015259,4.9255
0.023346,-0.0018311,4.9207
0.022888,-0.002594,4.9207
0.021515,-0.0036621,4.9158
0.021973,-0.004425,4.9194
0.022278,-0.0021362,4.9158
0.022736,-0.00030518,4.9207
0.023956,0.00076294,4.9207
0.025024,0.0015259,4.9182
0.024719,0.00061035,4.9121
0.02533,-0.0013733,4.9146
0.025787,-0.0024414,4.8975
0.027161,-0.0021362,4.9084
0.028076,-0.00045776,4.906
0.028992,0.00076294,4.9121
0.030212,0.0016785,4.9084
0.028839,0.0010681,4.906
0.028229,-0.00030518,4.9097
0.02655,-0.002594,4.906
0.025787,-0.0047302,4.9097
0.02655,-0.0032043,4.9097
0.027466,-0.0010681,4.9133
0.02533,0.00076294,4.9146
0.028076,0.002594,4.9182
0.026855,0.0022888,4.9146
0.026093,0.0010681,4.9219
0.028534,0.0013733,4.9268
0.025482,0.0015259,4.9207
0.025635,0.0035095,4.9377
0.02533,0.0059509,4.9304
0.024414,0.0068665,4.9194
0.023499,0.0059509,4.9292
0.022278,0.0038147,4.9316
0.02182,0.0022888,4.9182
0.02121,0.0019836,4.9316
0.023041,0.0042725,4.9304
0.023193,0.0065613,4.9329
0.023346,0.0085449,4.9292
0.023499,0.0080872,4.9365
0.023041,0.0059509,4.9316
0.022888,0.002594,4.9365
0.023041,0.00091553,4.9365
0.022583,0.0016785,4.9377
0.021667,0.0030518,4.9402
0.021515,0.004425,4.9353
0.020599,0.0048828,4.9341
0.020294,0.0033569,4.9316
0.020142,0.0013733,4.9304
0.020599,0.00030518,4.9048
0.021515,0.00030518,4.9207
0.021362,0.002594,4.9207
0.021362,0.0053406,4.9231
0.020294,0.0071716,4.9231
0.019073,0.0074768,4.917
0.018311,0.0047302,4.9133
0.017853,0.0038147,4.9146
0.018158,0.0022888,4.9121
0.018005,0.0028992,4.9121
0.018921,0.0039673,4.9133
0.019836,0.0056458,4.9182
0.019989,0.0059509,4.9109
0.019073,0.0053406,4.9146
0.019073,0.0039673,4.9231
0.019226,0.0038147,4.9133
0.019684,0.004425,4.9207
0.019836,0.0064087,4.9109
0.019226,0.0086975,4.8962
0.018463,0.009613,4.9097
0.0177,0.0088501,4.9109
0.017853,0.0071716,4.9121
0.017548,0.0053406,4.9109
0.018768,0.0027466,4.9121
0.019073,0.0027466,4.9194
0.019073,0.0042725,4.9207
0.018005,0.0057983,4.9243
0.018005,0.0067139,4.9219
0.018311,0.007019,4.9292
0.0177,0.0050354,4.9316
0.016022,0.0042725,4.9329
0.017242,0.0047302,4.9414
0.017242,0.0048828,4.9316
0.018005,0.0056458,4.9329
0.017395,0.0064087,4.9353
0.017853,0.0050354,4.9377
0.017242,0.0028992,4.9316
0.017853,0.00015259,0.078125
0.019379,-0.00015259,0.063477
0.019836,0.00045776,0.062256
0.019379,0.0010681,0.062256
0.018768,0.0021362,0.068359
0.017548,0.0022888,0.063477
0.017242,0.0010681,0.064697
0.016785,-0.00045776,0.062256
0.017548,-0.0022888,0.063477
0.018311,-0.002594,0.057373
0.018768,-0.0018311,0.057373
0.018768,-0.00076294,0.054932
0.01709,0,0.054932
0.0177,0.0015259,0.061035
0.017548,0.0012207,0.050049
0.018005,0.0013733,0.062256
0.019226,0.0015259,0.047607
0.020142,0.0024414,0.040283
0.020142,0.0042725,0.045166
0.019073,0.0059509,0.042725
0.017853,0.0061035,0.039063
0.017242,0.0057983,0.040283
0.017395,0.0047302,0.039063
0.018463,0.0032043,0.039063
0.020447,0.0035095,0.037842
0.02121,0.0047302,0.042725
0.020294,0.0056458,0.039063
0.019684,0.0056458,0.041504
0.018768,0.0047302,0.040283
0.018768,0.0035095,0.041504
0.018311,0.002594,0.046387
0.018921,0.0022888,0.042725
0.018463,0.0013733,0.043945
0.017548,0.0021362,0.043945
0.015259,0.00091553,0.042725
0.012817,-0.0018311,0.046387
0.011597,-0.004425,0.037842
0.012207,-0.0076294,0.050049
0.013885,-0.0093079,0.056152
0.014648,-0.0083923,0.056152
0.014954,-0.0071716,0.058594
0.015411,-0.0065613,0.057373
0.01358,-0.0039673,0.065918
0.013275,-0.0053406,0.057373
0.013733,-0.005188,0.064697
0.014496,-0.0057983,0.062256
0.0177,-0.0045776,0.064697
0.018005,-0.0030518,0.058594
0.023041,-0.0042725,0.063477
0.017548,-0.002594,0.072021
0.016937,-0.0027466,0.067139
0.017853,-0.0038147,0.074463
0.020447,-0.0042725,0.067139
0.023499,-0.0047302,0.05127
0.02594,-0.0045776,0.062256
0.026398,-0.0024414,0.063477
0.026398,-0.00091553,0.059814
0.024719,-0.00030518,0.057373
0.024872,-0.00045776,0.050049
0.026093,-0.0016785,0.054932
0.028992,-0.0033569,0.048828
0.029297,-0.0028992,0.05127
0.028229,-0.0021362,0.047607
0.025024,-0.0019836,0.05127
0.02243,-0.00061035,0.045166
0.020142,-0.00076294,0.047607
0.019073,-0.0018311,0.05127
0.019073,-0.0016785,0.042725
0.019226,-0.0021362,0.039063
0.018005,-0.0015259,0.041504
0.016785,-0.00015259,0.026855
0.015564,-0.0010681,0.036621
0.014191,-0.0027466,0.039063
0.014191,-0.0045776,0.040283
0.014343,-0.0042725,0.037842
0.016327,-0.007782,0.036621
0.017548,-0.0082397,0.041504
0.018311,-0.0085449,0.0354
0.017548,-0.0082397,0.041504
0.016174,-0.0079346,0.037842
0.015106,-0.007782,0.042725
0.015717,-0.0068665,0.042725
0.017242,-0.0064087,0.047607
0.019073,-0.0068665,0.047607
0.020142,-0.0064087,0.053711
0.021057,-0.0061035,0.057373
0.020447,-0.005188,0.056152
0.020599,-0.0053406,0.070801
0.021057,-0.0045776,0.057373
0.023041,-0.0038147,0.050049
0.025024,-0.0030518,0.059814
0.026093,-0.0033569,0.061035
0.026245,-0.0015259,0.061035
0.023346,-0.0053406,0.062256
0.021057,-0.0064087,0.056152
0.018616,-0.0071716,0.057373
0.016632,-0.0076294,0.059814
0.0177,-0.0085449,0.065918
0.019684,-0.0083923,0.062256
0.019531,-0.007019,0.06958
0.019073,-0.007782,0.065918
0.016327,-0.0024414,0.063477
0.015259,-0.00015259,0.065918
0.015564,0.0021362,0.064697
0.018158,0.0030518,0.062256
0.020905,0.002594,0.057373
0.022736,0.0030518,0.057373
0.02182,0.0018311,0.056152
0.021057,0.0019836,0.050049
0.019073,0.0015259,0.047607
0.018463,0.00061035,0.05127
0.019531,-0.00091553,0.047607
0.023804,-0.0015259,0.031738
0.023193,-0.002594,0.042725
0.023956,-0.00061035,0.045166
0.023499,0.00045776,0.040283
0.021667,0.00030518,0.042725
0.021057,0.00076294,0.048828
0.022278,0.0013733,4.436
0.023804,0.00061035,4.8755
0.025635,-0.00015259,4.9072
0.02533,-0.00030518,4.9207
0.024109,-0.0015259,4.9072
0.02121,-0.0030518,4.917
0.020599,-0.0039673,4.9109
0.020294,-0.0039673,4.8901
0.021362,-0.0045776,4.9097
0.023346,-0.0054932,4.9109
0.025482,-0.0079346,4.9097
0.024872,-0.0086975,4.9146
0.025024,-0.0099182,4.895
0.020752,-0.0086975,4.9158
0.018921,-0.0065613,4.9158
0.019531,-0.0045776,4.9207
0.020294,-0.002594,4.9219
0.022583,-0.0012207,4.9341
0.023041,-0.00061035,4.9243
0.02182,-0.0013733,4.9329
0.020752,0.0012207,4.9329
0.020447,0.0016785,4.9316
0.02182,0.0030518,4.9329
0.02533,0.0030518,4.9341
0.027466,0.0022888,4.9414
0.028076,0.0021362,4.9304
0.027008,0.0021362,4.9219
0.023193,0.002594,4.9316
0.022125,0.0028992,4.9268
0.020447,0.0030518,4.9329
0.020447,0.0027466,4.939
0.02243,0.0030518,4.9341
0.024109,0.0015259,4.9365
0.024261,0.0015259,4.9304
0.022583,-0.00061035,4.9341
0.02121,-0.00045776,4.9243
0.020599,-0.00015259,4.9268
0.020905,-0.00045776,4.9207
0.02243,-0.0013733,4.928
0.023193,-0.0028992,4.9255
0.022736,-0.0041199,4.917
0.020752,-0.0041199,4.9207
0.018768,-0.0030518,4.9158
0.018158,-0.00076294,4.9036
0.018768,0.0024414,4.9036
0.020905,0.004425,4.9158
0.024719,0.0048828,4.9109
0.024414,0.0042725,4.9121
0.024261,0.0035095,4.9121
0.021973,0.0028992,4.9109
0.023193,0.0042725,4.9084
0.022888,0.0047302,4.9109
0.024261,0.0053406,4.9072
0.025177,0.0047302,4.9121
0.026703,0.0032043,4.9133
0.027924,0.0010681,4.9158
0.028076,0.0010681,4.9072
0.027466,0.0016785,4.9146
0.029144,0.0035095,4.9121
0.027008,0.007019,4.9133
0.028839,0.0088501,4.906
0.029755,0.0086975,4.9243
0.028992,0.0090027,4.9121
0.027313,0.007782,4.9194
0.024261,0.0082397,4.928
0.021667,0.009613,4.928
0.019531,0.010986,4.9243
0.019531,0.011749,4.9316
0.020599,0.0099182,4.9353
0.021362,0.0079346,4.9329
0.021362,0.0053406,4.9329
0.0177,0.0042725,4.9292
0.016785,0.0047302,4.9353
0.015259,0.0065613,4.9304
0.015259,0.007782,4.9329
0.018463,0.0059509,4.95
0.019073,0.0032043,4.9402
0.020447,0.00076294,4.9353
0.019379,0.00061035,4.939
0.017548,0.0016785,4.9231
0.017395,0.0033569,4.9194
0.018921,0.0039673,4.9316
0.021057,0.0015259,4.9329
0.023041,0.0035095,4.9292
0.024567,0.0016785,4.9243
0.023499,0.00076294,4.9243
0.022125,0.0012207,4.9097
0.020142,0.0035095,4.9194
0.019989,0.0047302,4.9194
0.02182,0.0053406,4.917
0.023956,0.0047302,4.9194
0.025177,0.0035095,4.9219
0.02533,0.0013733,4.9146
0.023956,0.00015259,4.9158
0.025177,0.0019836,4.9182
0.021973,0.0041199,4.9133
0.022125,0.0065613,4.9146
0.023193,0.0057983,4.9072
0.023346,0.005188,4.8999
0.024109,0.002594,4.9109
0.023651,0.00091553,4.9109
0.022125,-0.00061035,4.9072
0.020752,0.0032043,4.9097
0.020599,0.0042725,4.9097
0.020905,0.0048828,4.9121
0.023804,0.0047302,4.906
0.024719,0.0033569,4.917
0.025024,0.0024414,4.541
0.024261,0.0027466,0.048828
0.02243,0.0041199,0.05127
0.021515,0.0064087,0.05249
0.02182,0.0080872,0.067139
0.02243,0.0073242,0.058594
0.024109,0.0053406,0.064697
0.025635,0.0030518,0.057373
0.023804,0.0021362,0.054932
0.021667,0.0013733,0.058594
0.020142,0.004425,0.059814
0.018921,0.0047302,0.059814
0.021515,0.010529,0.061035
0.02243,0.0036621,0.059814
0.023041,0.00061035,0.061035
0.023193,-0.00045776,0.062256
0.021973,-0.0010681,0.063477
0.018311,0.00061035,0.062256
0.016937,0.002594,0.067139
0.016937,0.0035095,0.068359
0.018158,0.0019836,0.06958
0.019836,0.00015259,0.065918
0.021515,-0.0019836,0.062256
0.020599,0.00045776,0.064697
0.018005,-0.00061035,0.057373
0.019379,0.0016785,0.067139
0.019226,0.0035095,0.057373
0.021667,0.0038147,0.056152
0.023193,0.0035095,0.048828
0.023651,0.0019836,0.047607
0.022888,0.0018311,0.046387
0.020752,0.0015259,0.047607
0.018463,0.0035095,0.036621
0.017395,0.0032043,0.046387
0.018005,0.0033569,0.041504
0.019836,0.0010681,0.041504
0.019989,-0.0015259,0.039063
0.019989,-0.0030518,0.043945
0.018616,-0.0018311,0.039063
0.016785,-0.00076294,0.040283
0.015717,0.0015259,0.054932
0.016022,0.0027466,0.040283
0.015717,0.002594,0.045166
0.019073,0.0012207,0.040283
0.019684,-0.00045776,0.021973
0.019073,-0.00076294,0.036621
0.017548,-0.0010681,0.041504
0.017242,0.00015259,0.042725
0.017395,0.00091553,0.046387
0.01709,0.0019836,0.045166
0.019836,-0.0024414,0.048828
0.020447,-0.0048828,0.050049
0.020142,-0.0067139,0.054932
0.019531,-0.0059509,0.05127
0.018005,-0.0041199,0.057373
0.017242,-0.0015259,0.058594
0.018158,-0.0033569,0.062256
0.020294,-0.0010681,0.064697
0.021057,-0.0024414,0.062256
0.022583,-0.0050354,0.062256
0.02121,-0.0047302,0.062256
0.020447,-0.0038147,0.075684
0.019226,-0.0013733,0.058594
0.019379,0.0013733,0.057373
0.020142,0.0016785,0.06958
0.021667,0.00061035,0.065918
0.021973,-0.0024414,0.063477
0.021515,-0.0050354,0.067139
0.019836,-0.0056458,0.062256
0.019989,-0.0047302,0.063477
0.019531,-0.0022888,0.059814
0.020905,-0.002594,0.059814
0.022888,-0.0021362,0.053711
0.024109,-0.0045776,0.057373
0.023651,-0.0059509,0.053711
0.021515,-0.0088501,0.050049
0.019226,-0.0050354,0.057373
0.016937,-0.002594,0.048828
0.016174,-0.00061035,0.05127
0.016327,0.00030518,0.045166
0.017548,-0.00061035,0.032959
0.018463,-0.0018311,0.042725
0.018768,-0.0019836,0.029297
0.018768,-0.00076294,0.037842
0.018311,0.0015259,0.041504
0.018463,0.0035095,0.0354
0.019989,0.0036621,0.031738
0.021362,0.0016785,0.040283
0.022736,-0.0013733,0.039063
0.021515,-0.0032043,0.036621
0.021057,-0.004425,0.039063
0.019836,-0.0039673,0.043945
0.019684,-0.0027466,0.039063
0.019684,-0.0019836,0.043945
0.019531,-0.0036621,0.042725
0.022278,-0.0053406,0.047607
0.021362,-0.007782,0.0354
0.018768,-0.0091553,0.056152
0.017548,-0.0085449,0.05249
0.015717,-0.007019,0.039063
0.014343,-0.0057983,0.053711
0.014496,-0.0061035,0.056152
0.015869,-0.0064087,0.058594
0.016632,-0.0062561,0.058594
0.017242,-0.0054932,0.057373
0.016937,-0.0030518,0.064697
0.016632,0.00045776,0.062256
0.016937,0.0021362,0.061035
0.018921,0.0045776,0.058594
0.020905,0.0042725,0.062256
0.023499,0.0022888,0.061035
0.023346,0.00091553,0.064697
0.024109,-0.00061035,0.076904
0.022583,0.00015259,0.067139
0.022583,0.0013733,0.064697
0.022888,0.0024414,0.064697
0.024567,0.0027466,0.065918
0.026093,0.0021362,0.061035
0.027008,0.00091553,1.5247
0.02655,0.00015259,4.729
0.025177,0.00045776,4.9072
0.023804,0.0013733,4.9194
0.023041,0.0030518,4.9292
0.021515,0.002594,4.9207
0.021515,0.0012207,4.9182
0.020599,-0.00030518,4.9146
0.019836,-0.0028992,4.917
0.018463,-0.0038147,4.9158
0.016022,-0.0035095,4.9158
0.014954,-0.0019836,4.9146
0.012817,-0.00076294,4.9121
0.012665,-0.00030518,4.9207
0.013123,-0.0015259,4.9109
0.013733,-0.0024414,4.9231
0.013885,-0.0035095,4.9097
0.012665,-0.0021362,4.8962
0.012054,0.00076294,4.9133
0.012207,0.0038147,4.9097
0.010834,0.0048828,4.9072
0.015106,0.005188,4.9182
0.017853,0.0019836,4.9097
0.019531,-0.00091553,4.9097
0.019836,-0.0012207,4.9072
0.019989,-0.00015259,4.9146
0.019226,0.0019836,4.9133
0.019531,0.0041199,4.9207
0.020447,0.0048828,4.9219
0.020905,0.0036621,4.9255
0.02182,0.0013733,4.928
0.021362,0,4.9292
0.019684,0,4.9207
0.018463,0.0012207,4.9316
0.016937,0.0021362,4.9365
0.016174,0.0021362,4.9329
0.017548,0.00030518,4.9207
0.017548,-0.0018311,4.9292
0.018616,-0.0033569,4.9304
0.017395,-0.0022888,4.9304
0.016632,0.0012207,4.9329
0.015869,0.0059509,4.9304
0.015869,0.0086975,4.9377
0.016327,0.0099182,4.9316
0.01709,0.0080872,4.9353
0.017853,0.0061035,4.9353
0.018311,0.0027466,4.9353
0.019073,0.0036621,4.9292
0.019684,0.0045776,4.9365
0.019836,0.0053406,4.9438
0.021515,0.0050354,4.9292
0.022125,0.0027466,4.928
0.022736,0.00015259,4.9268
0.023651,-0.0028992,4.9023
0.024261,-0.002594,4.9194
0.023804,-0.0010681,4.9158
0.024261,0.00045776,4.9182
0.02243,0.0027466,4.9194
0.024414,0.0021362,4.9133
0.024567,0.00045776,4.9146
0.026245,-0.00030518,4.9109
0.024872,0.0016785,4.9133
0.026703,0.0019836,4.906
0.027161,0.0042725,4.9133
0.02594,0.0018311,4.9109
0.024567,0.0042725,4.9109
0.023804,0.0027466,4.9133
0.021515,0,4.9109
0.023651,0.00030518,4.8914
0.022125,-0.0012207,4.9121
0.021362,-0.00061035,4.9036
0.020142,0.00076294,4.9036
0.019684,0.0010681,4.9121
0.019989,0.00091553,4.9133
0.021057,0.00045776,4.9146
0.023499,-0.00061035,4.9146
0.023346,-0.00076294,4.9158
0.022736,-0.0015259,4.9182
0.022736,-0.0019836,4.9255
0.022736,-0.00076294,4.9231
0.022583,-0.0016785,4.9292
0.022888,-0.0021362,4.9255
0.023651,-0.0019836,4.9304
0.024261,-0.00030518,4.9292
0.024109,0.00076294,4.9304
0.02533,0.0022888,4.9341
0.024109,0.0019836,4.9353
0.023956,0.0038147,4.9402
0.024109,0.0028992,4.9304
0.023956,0.0022888,4.9207
0.024109,0.0016785,4.9243
0.023346,0.00061035,4.9329
0.024872,0,4.9341
0.02533,0.00015259,4.9353
0.026245,-0.0015259,4.9353
0.025024,-0.00091553,4.9304
0.024567,-0.00091553,4.928
0.02243,-0.0013733,4.9329
0.023956,-0.0010681,4.9231
0.023041,-0.00015259,4.9255
0.02243,0.00091553,4.9255
0.022888,0.0027466,4.9268
0.022125,0.0016785,4.9243
0.021057,0.00045776,4.9219
0.021362,-0.0010681,4.9207
0.022736,-0.004425,4.9194
0.023651,-0.0012207,4.9243
0.024567,0.0012207,4.9146
0.023499,0.002594,0.045166
0.02182,0.0038147,0.036621
0.020447,0.0032043,0.040283
0.019073,0.002594,0.037842
0.019379,0.0024414,0.042725
0.019836,-0.00091553,0.0354
0.02121,0.005188,0.042725
0.021515,0.0073242,0.036621
0.026398,0.0071716,0.040283
0.023956,0.0067139,0.042725
0.024414,0.004425,0.042725
0.024719,0.0030518,0.039063
0.024872,0.004425,0.043945
0.024872,0.0054932,0.053711
0.024414,0.0064087,0.046387
0.023346,0.0054932,0.059814
0.020447,0.0056458,0.050049
0.02243,0.0035095,0.0354
0.02182,0.0028992,0.05127
0.023346,0.002594,0.056152
0.023804,0.0027466,0.048828
0.023651,0.0054932,0.059814
0.023346,0.0050354,0.058594
0.023346,0.0038147,0.065918
0.021667,0.0035095,0.062256
0.02182,0.0028992,0.062256
0.019836,0.0033569,0.058594
0.021362,0.0042725,0.064697
0.018005,0.005188,0.062256
0.018463,0.005188,0.063477
0.017853,0.0036621,0.073242
0.018005,0.002594,0.067139
0.018158,0.0021362,0.067139
0.018921,0.0010681,0.067139
0.019379,0.004425,0.073242
0.020447,0.00015259,0.062256
0.020752,0.0010681,0.061035
0.020599,0.00061035,0.058594
0.021057,-0.00091553,0.054932
0.020599,-0.0030518,0.053711
0.020142,-0.0039673,0.05249
0.019836,-0.0057983,0.047607
0.021362,-0.0065613,0.050049
0.021667,-0.0057983,0.043945
0.022125,-0.0056458,0.048828
0.023346,-0.0045776,0.043945
0.024109,-0.0033569,0.047607
0.02594,-0.0018311,0.041504
0.027161,-0.00030518,0.045166
0.028229,0.0012207,0.05249
0.027924,0.0024414,0.042725
0.029449,0.0038147,0.050049
0.028992,0.0032043,0.040283
0.028687,0.0047302,0.030518
0.027466,0.0045776,0.039063
0.026245,0.0036621,0.039063
0.024872,0.0033569,0.037842
0.024872,0.0064087,0.037842
0.024261,0.0030518,0.039063
0.024109,0.0027466,0.042725
0.023499,0.0027466,0.040283
0.022888,0.0028992,0.046387
0.023041,0.0027466,0.041504
0.023346,0.0032043,0.048828
0.022888,0.0039673,0.05249
0.021973,0.0041199,0.057373
0.02121,0.004425,0.056152
0.019531,0.0036621,0.057373
0.0177,0.0036621,0.061035
0.017853,0.0039673,0.059814
0.0177,0.0036621,0.068359
0.018463,-0.00015259,0.061035
0.019989,0.0024414,0.058594
0.020752,0.0024414,0.058594
0.021362,0.0022888,0.058594
0.021057,0.0021362,0.059814
0.02121,0.0038147,0.061035
0.022278,0.0039673,0.058594
0.022583,0.0039673,0.065918
0.022736,0.0042725,0.064697
0.022278,0.0042725,0.065918
0.021057,0.0045776,0.064697
0.020294,0.0039673,0.065918
0.019836,0.0041199,0.059814
0.020447,0.0041199,0.061035
0.021057,0.0047302,0.074463
0.021362,0.0045776,0.057373
0.021362,0.0041199,0.053711
0.020752,0.0039673,0.05249
0.019684,0.0030518,0.032959
0.018311,0.0015259,0.050049
0.017548,0.0019836,0.047607
0.017853,0.0018311,0.043945
0.018311,0.0027466,0.046387
0.016632,0.0033569,0.041504
0.016785,0.0024414,0.045166
0.016174,0.0019836,0.040283
0.015259,0.0022888,0.042725
0.014343,0.0013733,0.037842
0.015259,0.0030518,0.043945
0.015106,0.0028992,0.039063
0.015411,0.0024414,0.042725
0.015106,0.0024414,0.040283
0.014496,0.0010681,0.040283
0.015411,-0.00015259,0.0354
0.014954,-0.00030518,0.040283
0.0177,0.00076294,0.045166
0.018463,0.0018311,0.039063
0.019684,0.002594,0.031738
0.019989,0.0027466,0.045166
0.019989,0.0024414,0.046387
0.019836,0.0021362,0.047607
0.020142,0.0015259,0.05127
0.019684,0.00076294,0.05127
0.02182,0.00076294,0.056152
0.022125,0.00076294,0.054932
0.021515,0.00045776,0.058594
0.020599,0.00045776,0.064697
0.020142,0,4.6167
0.018921,-0.00015259,4.9084
0.017548,-0.00045776,4.9268
0.0177,0.0013733,4.9377
0.019531,0.0010681,4.9329
0.018768,0.0012207,4.9329
0.019073,0.00030518,4.9341
0.018616,-0.0010681,4.9304
0.019073,-0.0021362,4.9304
0.020294,-0.0015259,4.928
0.019836,-0.0012207,4.9329
0.019989,-0.00091553,4.9341
0.01709,-0.0013733,4.9329
0.018768,-0.0019836,4.9158
0.018311,-0.0024414,4.9292
0.017853,-0.0028992,4.9304
0.017548,-0.0033569,4.9243
0.017548,-0.0021362,4.9255
0.019073,-0.00076294,4.9243
0.019989,-0.00061035,4.9207
0.020294,-0.0012207,4.9182
0.021057,-0.00030518,4.9207
0.02121,-0.00030518,4.9255
0.021667,-0.00015259,4.9158
0.02182,0.00061035,4.9255
0.023193,0.0019836,4.9158
0.023499,0.0027466,4.906
0.021973,0.0033569,4.9109
0.024109,0.0035095,4.9121
0.024567,0.0032043,4.9109
0.026093,0.0030518,4.9084
0.026703,0.002594,4.906
0.027313,0.0015259,4.9097
0.026245,0.0015259,4.906
0.025177,0.0016785,4.9109
0.025177,0.00076294,4.9109
0.022888,-0.00030518,4.9146
0.021667,-0.0019836,4.9109
0.020752,-0.0042725,4.917
0.019989,-0.0071716,4.9207
0.019531,-0.0053406,4.9084
0.018158,-0.0059509,4.917
0.018616,-0.0050354,4.9207
0.019379,-0.0054932,4.917
0.019684,-0.0064087,4.9207
0.019531,-0.0067139,4.9158
0.016785,-0.0057983,4.928
0.019684,-0.0053406,4.928
0.019531,-0.0036621,4.9255
0.019836,-0.00091553,4.9329
0.019989,-0.0038147,4.9304
0.020905,-0.002594,4.9292
0.023193,-0.0036621,4.9292
0.024109,-0.0035095,4.9329
0.023499,-0.0015259,4.9292
0.025787,-0.00015259,4.9329
0.027161,0.00061035,4.9341
0.027771,-0.00045776,4.9377
0.029907,-0.00091553,4.9365
0.031281,-0.0032043,4.9377
0.031586,-0.002594,4.9451
0.030823,0.0013733,4.928
0.030212,-0.00076294,4.9194
0.029449,0.0012207,4.9304
0.028992,0.0019836,4.9243
0.028381,0.0018311,4.9219
0.028381,0.0022888,4.9255
0.027466,0.0030518,4.9231
0.027618,0.0024414,4.9231
0.026245,0.0036621,4.9194
0.02533,0.0028992,4.9207
0.024109,0.0022888,4.9133
0.02243,0.0012207,4.9158
0.021362,0.0010681,4.9109
0.019836,0.00045776,4.9182
0.019073,0.0010681,4.9146
0.017853,0.00061035,4.9133
0.016632,-0.00061035,4.9084
0.01709,-0.00091553,4.9109
0.01297,-0.0015259,4.9011
0.018768,-0.00076294,4.9109
0.020142,0.00045776,4.9109
0.02121,0.0013733,4.9084
0.021515,0.0015259,4.9084
0.02121,0.00091553,4.9084
0.020294,-0.0010681,4.9109
0.020142,-0.0015259,4.9084
0.020905,-0.0021362,4.9158
0.019531,-0.0024414,4.9133
0.020599,-0.002594,4.9219
0.020905,-0.0028992,4.9194
0.020599,-0.0038147,4.928
0.02121,-0.005188,4.9194
0.02243,-0.0045776,4.9304
0.023346,-0.0041199,4.9316
0.022888,-0.0021362,4.9304
0.02243,-0.0010681,4.939
0.021973,-0.00091553,4.9316
0.022125,-0.0024414,4.917
0.020142,-0.0019836,4.9304
0.019226,-0.0024414,4.9341
0.018158,-0.0054932,4.9304
0.018005,-0.002594,4.9329
0.017242,-0.0021362,4.9304
0.0177,-0.0019836,4.9341
0.016479,-0.0019836,4.9365
0.015259,-0.00076294,4.9365
0.014496,-0.0012207,4.9304
0.014191,-0.0024414,0.068359
0.013733,-0.0030518,0.059814
0.014038,-0.0030518,0.062256
0.014496,-0.0038147,0.068359
0.015717,-0.0024414,0.056152
0.017853,-0.0015259,0.050049
0.016174,-0.0013733,0.053711
0.016174,-0.0021362,0.0354
0.016937,-0.00015259,0.047607
0.017548,-0.00015259,0.047607
0.0177,0.00045776,0.046387
0.019226,0.00091553,0.046387
0.019531,0.0013733,0.041504
0.019531,0.002594,0.045166
0.020447,0.0019836,0.040283
0.02121,0.0012207,0.042725
0.022736,0.00015259,0.036621
0.024261,-0.00091553,0.041504
0.023956,-0.0010681,0.039063
0.024719,0.00045776,0.041504
0.023346,0.00061035,0.039063
0.021973,0.00076294,0.040283
0.020294,0.0013733,0.043945
0.018768,0,0.041504
0.021057,0.00061035,0.05127
0.020142,0.0010681,0.037842
0.019989,0.00076294,0.037842
0.018768,0.00076294,0.045166
0.018921,0.00030518,0.046387
0.019836,0.00015259,0.043945
0.019989,0,0.05127
0.021515,-0.00045776,0.047607
0.022583,0.00076294,0.056152
0.021515,0.0015259,0.057373
0.020752,0.0018311,0.059814
0.019226,0.0010681,0.057373
0.019836,0.00030518,0.063477
0.020142,0.0010681,0.064697
0.020447,0.00091553,0.065918
0.023041,0.0012207,0.067139
0.023346,0.0013733,0.061035
0.023651,0.0010681,0.063477
0.022125,0.00091553,0.061035
0.021973,0.00045776,0.063477
0.02121,0.00091553,0.064697
0.021362,0.0015259,0.063477
0.020599,0.00091553,0.065918
0.020447,0.0010681,0.067139
0.021667,0.00015259,0.062256
0.021667,-0.00030518,0.067139
0.021057,0.00061035,0.058594
0.021057,-0.00045776,0.059814
0.020294,0.00045776,0.054932
0.019684,0.00061035,0.054932
0.019836,0.00061035,0.056152
0.020142,0.00076294,0.05249
0.020905,0.00061035,0.048828
0.021057,0.00076294,0.047607
0.020447,-0.00030518,0.058594
0.021362,-0.00091553,0.045166
0.02182,-0.0021362,0.050049
0.023346,-0.0027466,0.045166
0.024261,-0.00045776,0.037842
0.026093,0.00061035,0.039063
0.025635,0.0039673,0.039063
0.02533,0.005188,0.039063
0.024719,0.0065613,0.040283
0.023804,0.0074768,0.036621
0.024109,0.0074768,0.042725
0.024109,0.0071716,0.040283
0.025635,0.0071716,0.040283
0.02594,0.0068665,0.036621
0.025177,0.0061035,0.042725
0.023956,0.0061035,0.042725
0.022278,0.0076294,0.043945
0.021362,0.0090027,0.054932
0.020599,0.010529,0.045166
0.019684,0.011597,0.047607
0.020294,0.011444,0.050049
0.019684,0.010681,0.045166
0.019073,0.0097656,0.053711
0.019531,0.0088501,0.043945
0.019379,0.0085449,0.058594
0.019989,0.007782,0.059814
0.021515,0.0074768,0.057373
0.02243,0.0068665,0.063477
0.023041,0.0057983,0.054932
0.022583,0.0042725,0.063477
0.021057,0.005188,0.058594
0.019531,0.0057983,0.063477
0.019836,0.007019,0.059814
0.018921,0.0083923,0.064697
0.019073,0.007782,0.064697
0.019989,0.0065613,0.058594
0.020752,0.004425,0.074463
0.018463,0.0028992,0.067139
0.017853,0.0012207,0.074463
0.020905,0.0019836,0.063477
0.018158,0.0024414,0.050049
0.018005,0.0032043,0.057373
0.017853,0.0021362,0.054932
0.015411,0.002594,0.05127
0.016785,-0.00061035,0.05127
0.017395,-0.0022888,0.046387
0.017548,-0.0022888,0.046387
0.018921,-0.0015259,0.047607
0.019226,-0.00076294,0.047607
0.020752,-0.00030518,0.042725
0.021057,0.00076294,0.045166
0.022278,0.0013733,0.047607
0.021973,0.0021362,0.043945
0.021973,0.0030518,0.040283
0.020752,0.005188,0.042725
0.022583,0.0059509,0.040283
0.023956,0.0073242,0.036621
0.024872,0.0076294,0.040283
0.02655,0.0073242,0.040283
0.025635,0.0045776,0.048828
0.025482,0.0030518,4.4983
0.025787,0.0016785,4.8853
0.025635,0.0018311,4.9048
0.024567,0.0039673,4.9072
0.024261,0.0054932,4.9084
0.022278,0.0047302,4.9146
0.020905,0.0059509,4.9109
0.019226,0.0041199,4.9194
0.019836,0.0019836,4.9194
0.018921,0.0012207,4.9243
0.022736,0.0012207,4.9255
0.023499,0.0016785,4.9219
0.023804,0.0015259,4.939
0.02243,0.0012207,4.9304
0.021057,0.00061035,4.939
0.020294,0,4.9341
0.02182,-0.00030518,4.9207
0.020752,0.0010681,4.9304
0.020447,0.0024414,4.9329
0.020294,0.0030518,4.9292
0.021973,0.0030518,4.9292
0.020447,0.0024414,4.9292
0.021057,0.00091553,4.9353
0.021667,-0.0013733,4.9341
0.021667,0.0015259,4.9377
0.021667,0.0019836,4.9329
0.02121,0.0028992,4.9377
0.020752,0.0028992,4.9292
0.017853,0.0021362,4.9316
0.019989,0.0021362,4.9353
0.018311,0.0013733,4.9268
0.021057,0.00030518,4.9304
0.021667,0.0018311,4.9243
0.02243,0.0019836,4.9329
0.022125,0.0015259,4.9182
0.02182,0.0012207,4.9255
0.019989,0.00030518,4.9182
0.020142,-0.00015259,4.9133
0.020294,0,4.9158
0.020294,0.00015259,4.9158
0.021667,0.00091553,4.9109
0.02182,0.0018311,4.9121
0.02243,0.0010681,4.9084
0.021515,0.0018311,4.9109
0.022125,0.00030518,4.9121
0.022583,-0.00091553,4.9133
0.02243,-0.00076294,4.9109
0.022125,-0.0010681,4.9121
0.022278,0.00030518,4.9207
0.021362,0.0024414,4.9182
0.020447,0.0042725,4.9207
0.019989,0.0035095,4.9121
0.019836,0.0032043,4.9048
0.019684,0.0022888,4.917
0.02121,0.0021362,4.9158
0.022888,0.0016785,4.9182
0.023804,0.0015259,4.9207
0.024567,0.00061035,4.9207
0.022736,0,4.9243
0.021973,-0.00076294,4.9231
0.021667,-0.0019836,4.9377
0.022736,-0.0018311,4.928
0.022278,-0.0016785,4.9329
0.022736,-0.00091553,4.9304
0.022888,-0.00015259,4.9329
0.022736,0.0010681,4.9316
0.023651,-0.00015259,4.9316
0.023499,-0.0012207,4.9329
0.025177,-0.0048828,4.9365
0.024414,-0.0019836,4.9438
0.025482,-0.0027466,4.9402
0.024719,-0.0018311,4.9207
0.023193,-0.0012207,4.9329
0.022583,-0.0013733,4.9316
0.02121,-0.0012207,4.9329
0.021362,-0.00091553,4.9268
0.021515,-0.00045776,4.9304
0.021057,0.00030518,4.9304
0.022125,0.0012207,4.9255
0.022278,0.0019836,4.9268
0.022583,0.0021362,4.9231
0.02243,0.0012207,4.928
0.02243,0.0013733,4.917
0.024414,0.0019836,4.9207
0.024719,0.0030518,4.9268
0.02533,0.0045776,4.9194
0.025482,0.0053406,4.9158
0.024567,0.0050354,4.9182
0.024414,0.0047302,4.8938
0.023346,0.0033569,4.9072
0.022888,0.0027466,4.9146
0.023041,0.0021362,4.9109
0.023041,0.0022888,4.9084
0.023346,0.0028992,4.9084
0.021515,0.0022888,4.9109
0.02182,0.0018311,4.9084
0.02182,0.00030518,4.9097
0.021362,-0.0015259,4.9097
0.02121,-0.0022888,4.9109
0.019989,-0.0027466,4.8999
0.019226,-0.0036621,4.917
0.01709,-0.004425,4.9158
0.013428,-0.0050354,4.9182
0.014038,-0.0056458,4.917
0.01358,-0.0059509,4.9207
0.014496,-0.0039673,4.9268
0.016174,-0.0032043,4.9255
0.018311,-0.0018311,4.9109
0.020905,-0.00045776,4.928
0.022583,0.00030518,0.057373
0.024872,0.0010681,0.059814
0.025787,0.0015259,0.062256
0.026855,0.0021362,0.057373
0.025787,0.0027466,0.064697
0.028229,0.0048828,0.053711
0.027618,0.0053406,0.063477
0.027771,0.0064087,0.061035
0.027008,0.0067139,0.067139
0.025787,0.007019,0.065918
0.025635,0.0071716,0.067139
0.025482,0.007019,0.074463
0.026398,0.0071716,0.065918
0.025635,0.0062561,0.06958
0.024872,0.0036621,0.058594
0.023346,0.00045776,0.048828
0.021973,-0.0024414,0.058594
0.019684,-0.005188,0.05249
0.017548,-0.007019,0.050049
0.015106,-0.0086975,0.05127
0.013275,-0.0088501,0.047607
0.010376,-0.0079346,0.048828
0.0091553,-0.009613,0.046387
0.0085449,-0.0088501,0.047607
0.0088501,-0.010681,0.042725
0.010223,-0.012817,0.047607
0.012207,-0.014191,0.046387
0.014648,-0.013885,0.045166
0.017395,-0.013123,0.039063
0.018921,-0.011749,0.046387
0.019989,-0.010681,0.042725
0.021667,-0.010223,0.042725
0.02243,-0.009613,0.042725
0.022736,-0.0093079,0.040283
0.022125,-0.0074768,0.028076
0.023804,-0.0045776,0.0354
0.023651,-0.0032043,0.030518
0.023651,-0.00076294,0.036621
0.023651,-0.0010681,0.041504
0.024261,-0.0021362,0.039063
0.024719,-0.0036621,0.063477
0.025177,-0.0038147,0.042725
0.024567,-0.0024414,0.05127
0.023651,-0.00030518,0.048828
0.02182,0.0013733,0.054932
0.020447,0.0019836,0.054932
0.018463,0.0018311,0.056152
0.017853,0.0010681,0.070801
0.016174,0.00076294,0.059814
0.014038,0.00076294,0.063477
0.01297,0.0016785,0.063477
0.011444,0.0038147,0.046387
0.010529,0.0033569,0.061035
0.011749,0.0045776,0.061035
0.011902,0.0042725,0.061035
0.012207,0.0056458,0.062256
0.01236,0.0067139,0.061035
0.013123,0.0079346,0.064697
0.014191,0.010681,0.063477
0.014801,0.0086975,0.063477
0.016022,0.010376,0.063477
0.016785,0.013123,0.068359
0.018768,0.014496,0.061035
0.022278,0.016174,0.064697
0.02533,0.021667,0.064697
0.029449,0.027008,0.056152
0.034637,0.028381,0.063477
0.039063,0.028992,0.05127
0.041809,0.026855,0.061035
0.042114,0.02121,0.046387
0.043182,0.017395,0.048828
0.042572,0.015259,0.042725
0.04303,0.010223,0.047607
0.041046,0.0064087,0.043945
0.037079,0.0012207,0.043945
0.030212,-0.0022888,0.036621
0.023193,-0.0033569,0.040283
0.015869,-0.0018311,0.037842
0.0099182,-0.0021362,0.0354
0.0042725,-0.002594,0.036621
0,-0.005188,0.041504
-0.0033569,-0.011749,0.041504
-0.0056458,-0.017395,0.042725
-0.0062561,-0.022583,0.05127
-0.0057983,-0.02594,0.040283
-0.0030518,-0.028076,0.043945
0.0018311,-0.025635,0.040283
0.0076294,-0.020752,0.03418
0.013123,-0.0094604,0.045166
0.018005,-0.0027466,0.047607
0.026703,0.0054932,0.043945
0.032654,0.014343,0.05249
0.041046,0.019531,0.05249
0.049133,0.022583,0.057373
0.05661,0.021667,0.06958
0.06134,0.018463,0.061035
0.062256,0.014038,0.059814
0.060883,0.0057983,0.062256
0.056458,0.00030518,0.063477
0.049896,-0.0056458,0.063477
0.043793,-0.0079346,0.059814
0.037079,-0.0073242,0.059814
0.032959,-0.0039673,0.067139
0.03006,0.0022888,0.073242
0.030212,0.0056458,0.073242
0.031128,0.0079346,0.064697
0.032654,0.0083923,0.05249
0.033569,0.011139,0.064697
0.03479,0.0048828,0.064697
0.032959,0.004425,0.064697
0.029602,0.0041199,0.058594
0.025787,0.0010681,0.057373
0.020142,-0.0032043,0.057373
0.015106,-0.0076294,0.05249
0.012665,-0.012207,0.053711
0.011749,-0.01709,0.047607
0.014343,-0.017242,0.05249
0.016632,-0.018005,3.4253
0.019379,-0.016174,4.8267
0.02243,-0.016022,4.9158
0.024872,-0.016785,4.9158
0.026398,-0.017395,4.8926
0.028076,-0.017395,4.9158
0.03006,-0.015106,4.8962
0.031891,-0.011139,4.906
0.033417,-0.004425,4.9097
0.033417,0.00076294,4.8926
0.036774,0.0041199,4.9097
0.038605,0.007019,4.9072
0.040894,0.0068665,4.9097
0.041046,0.005188,4.9097
0.041351,0.0022888,4.9097
0.0383,-0.0019836,4.906
0.030823,-0.004425,4.9158
0.028992,-0.0076294,4.9109
0.025482,-0.010681,4.9121
0.021515,-0.011292,4.9121
0.013885,-0.0079346,4.9207
0.014954,-0.0083923,4.9243
0.013885,-0.0033569,4.9231
0.013885,0.002594,4.9329
0.013428,0.0086975,4.9268
0.012512,0.013275,4.9097
0.0076294,0.015717,4.9341
0.0053406,0.018158,4.9316
0.0013733,0.018921,4.9268
0.00015259,0.019989,4.9304
-0.00061035,0.020142,4.9268
0.00030518,0.020752,4.9329
0.0022888,0.019684,4.9316
0.0047302,0.017853,4.9329
0.0076294,0.016174,4.9304
0.0094604,0.014191,4.9377
0.010529,0.013885,4.9329
0.012054,0.012665,4.9377
0.011902,0.012665,4.9426
0.010681,0.0090027,4.9377
0.0094604,0.0050354,4.9329
0.0086975,0.0012207,4.9329
0.0097656,-0.0033569,4.9329
0.011139,-0.002594,4.928
0.014191,-0.0010681,4.9207
0.015869,0.0013733,4.917
0.016479,0.0045776,4.9243
0.016937,0.007782,4.9194
0.014954,0.0082397,4.9207
0.01297,0.0067139,4.9133
0.0085449,0.0050354,4.9194
0.0064087,0.0042725,4.9133
0.0041199,0.0030518,4.9146
0.0028992,0.0021362,4.9133
0.0032043,0.0018311,4.9158
0.0057983,-0.00045776,4.9097
0.010071,-0.0019836,4.9109
0.016174,-0.002594,4.9255
0.021515,-0.00076294,4.9097
0.024872,0.0033569,4.9182
0.027008,0.0076294,4.9097
0.026703,0.010223,4.8999
0.025177,0.011139,4.9097
0.022736,0.010529,4.9109
0.020142,0.0083923,4.9109
0.017548,0.0085449,4.9146
0.016785,0.0097656,4.9109
0.016937,0.009613,4.9182
0.018768,0.011292,4.9194
0.020447,0.012207,4.9243
0.024261,0.011902,4.9194
0.028229,0.0086975,4.9292
0.030823,0.0064087,4.9292
0.035095,0.0032043,4.9316
0.036011,0.0013733,4.9414
0.034637,0.00061035,4.9329
0.031586,-0.0028992,4.9304
0.027161,-0.0082397,4.9341
0.023346,-0.014648,4.9304
0.020599,-0.019836,4.9304
0.018616,-0.023346,4.9255
0.017548,-0.02243,4.9316
0.016479,-0.019989,4.9304
0.016785,-0.018768,4.9316
0.017853,-0.017853,4.9365
0.020599,-0.0177,4.9341
0.023651,-0.017242,4.9353
0.026398,-0.014343,4.9304
0.030975,-0.0093079,4.9377
0.033417,-0.0047302,4.9292
0.035248,-0.00076294,4.9304
0.036469,0.0018311,4.9304
0.0383,0.0019836,4.9304
0.040283,0.0021362,4.9341
0.042725,0.0018311,4.9243
0.045319,0.0045776,4.9316
0.045776,0.007782,4.9182
0.044861,0.011749,4.9097
0.041962,0.014191,4.9182
0.039825,0.013733,4.917
0.038605,0.012207,4.9121
0.037994,0.010071,4.9146
0.038452,0.0088501,4.9109
0.037842,0.0099182,4.9109
0.036774,0.012665,4.9084
0.034027,0.015564,4.9109
0.029907,0.017242,4.9109
0.026855,0.01709,4.9158
0.023651,0.016937,4.9109
0.02182,0.015717,4.9121
0.021515,0.016174,0.042725
0.020752,0.016632,0.042725
0.020447,0.018463,0.042725
0.018463,0.017242,0.041504
0.016479,0.014954,0.037842
0.015717,0.01297,0.047607
0.015411,0.010986,0.05249
0.016479,0.0076294,0.050049
0.016632,0.0061035,0.053711
0.014496,0.0047302,0.057373
0.011902,0.0028992,0.056152
0.0076294,0.0016785,0.057373
0.0054932,-0.00091553,0.061035
0.0041199,-0.0028992,0.058594
0.0067139,-0.0047302,0.063477
0.0065613,-0.0050354,0.062256
0.0067139,-0.0042725,0.067139
0.0074768,-0.0028992,0.058594
0.007782,-0.0015259,0.062256
0.0097656,-0.0022888,0.067139
0.011139,-0.0036621,0.064697
0.012207,-0.0054932,0.072021
0.01358,-0.0091553,0.067139
0.01358,-0.011597,0.056152
0.011444,-0.012054,0.062256
0.0083923,-0.012512,0.065918
0.0057983,-0.012512,0.061035
0.0042725,-0.011139,0.061035
0.0048828,-0.010986,0.056152
0.007782,-0.0099182,0.058594
0.010529,-0.0071716,0.05249
0.012054,-0.0028992,0.05127
0.013123,0.0036621,0.050049
0.014648,0.0080872,0.05127
0.016479,0.01236,0.039063
0.018158,0.013885,0.046387
0.024261,0.015717,0.056152
0.025482,0.010223,0.046387
0.027161,0.0080872,0.042725
0.027161,0.0073242,0.040283
0.025635,0.0047302,0.025635
0.024567,0.0019836,0.037842
0.023499,-0.00030518,0.040283
0.023193,-0.0048828,0.040283
0.022125,-0.0071716,0.042725
0.022583,-0.0094604,0.036621
0.020905,-0.0083923,0.040283
0.018768,-0.0073242,0.039063
0.017395,-0.0054932,0.040283
0.016632,-0.0054932,0.039063
0.016785,-0.0061035,0.031738
0.018005,-0.0057983,0.043945
0.019531,-0.0074768,0.046387
0.020142,-0.0071716,0.046387
0.02243,-0.0061035,0.048828
0.018921,-0.0045776,0.05249
0.018463,-0.0019836,0.053711
0.018616,-0.0013733,0.067139
0.020294,-0.0019836,0.05249
0.02121,-0.0016785,0.048828
0.023041,-0.00076294,0.059814
0.023499,-0.0030518,0.058594
0.024261,0.0019836,0.057373
0.022736,0.0038147,0.062256
0.023041,0.0045776,0.059814
0.02533,0.0056458,0.059814
0.028992,0.0071716,0.059814
0.031738,0.0071716,0.063477
0.034332,0.0074768,0.061035
0.034637,0.0047302,0.063477
0.032806,0.0047302,0.068359
0.031586,0.0032043,0.067139
0.031433,0.0021362,0.072021
0.032501,0.0035095,0.065918
0.032654,0.0061035,0.053711
0.032654,0.0076294,0.059814
0.030212,0.010376,0.059814
0.027161,0.012207,0.054932
0.024872,0.012817,0.05127
0.023193,0.013885,0.047607
0.024109,0.013733,0.05249
0.023346,0.016327,0.043945
0.026093,0.015411,0.046387
0.024567,0.014038,0.043945
0.02182,0.012207,0.047607
0.018921,0.0085449,0.036621
0.016937,0.0042725,0.042725
0.015869,0.0016785,0.032959
0.014801,0.0038147,0.043945
0.015106,-0.00015259,0.037842
0.015106,-0.00015259,0.039063
0.016022,-0.00030518,0.05249
0.0177,0.00015259,0.039063
0.020599,0.00091553,0.050049
0.024414,0.0012207,0.041504
0.029144,0.00030518,0.025635
0.032806,-0.00091553,0.036621
0.036163,-0.0024414,0.041504
0.037689,-0.0050354,0.0354
0.038147,-0.0053406,0.042725
0.0354,-0.0062561,0.040283
0.034027,-0.0064087,0.047607
0.032654,-0.005188,0.047607
0.033569,-0.0033569,0.048828
0.034332,-0.005188,0.05249
0.034485,-0.0045776,0.056152
0.033722,-0.0036621,0.058594
0.032806,-0.0019836,0.061035
0.031433,-0.00045776,0.06958
0.030975,0.0013733,0.063477
0.032043,0.0033569,0.057373
0.032196,0.002594,0.061035
0.031891,0.0018311,0.06958
0.026245,0.0016785,0.061035
0.025024,0.0016785,0.05249
0.022888,0.0028992,0.059814
0.020752,0.0039673,1.1658
0.019989,0.0042725,4.7095
0.021667,0.0042725,4.9207
0.022736,0.004425,4.9316
0.023956,0.0027466,4.9292
0.022278,0.0045776,4.9316
0.021362,0.0057983,4.9353
0.019989,0.0076294,4.9304
0.020142,0.0086975,4.9292
0.02121,0.0080872,4.928
0.021362,0.007019,4.9268
0.021515,0.0041199,4.9304
0.019226,0.0010681,4.9231
0.01709,-0.00045776,4.9219
0.015106,-0.0015259,4.917
0.014343,-0.0015259,4.9072
0.016785,-0.00076294,4.9146
0.01709,-0.00091553,4.9133
0.018463,-0.00076294,4.9133
0.018158,-0.0013733,4.9133
0.0177,-0.0012207,4.9084
0.014801,-0.00061035,4.9097
0.01358,0,4.9072
0.014954,0.00045776,4.9121
0.018311,0.00015259,4.906
0.020599,-0.0018311,4.9133
0.02243,-0.0035095,4.9109
0.022888,-0.0047302,4.9097
0.021515,-0.004425,4.9048
0.020905,-0.0021362,4.9109
0.023193,-0.00045776,4.9109
0.02594,0.00045776,4.9109
0.029907,0.0012207,4.9207
0.031128,0.0012207,4.9207
0.032501,0.0015259,4.8938
0.031433,0.0015259,4.9207
0.031281,0.0041199,4.9207
0.031586,0.0053406,4.9231
0.033417,0.0061035,4.9231
0.035706,0.004425,4.9255
0.037384,0.0015259,4.9341
0.037231,0.00015259,4.9316
0.036621,-0.0021362,4.9329
0.033875,-0.0030518,4.928
0.032196,-0.0032043,4.9329
0.03418,-0.0032043,4.9268
0.034027,-0.004425,4.9304
0.034943,-0.0065613,4.9426
0.034943,-0.0094604,4.9353
0.034332,-0.011139,4.9341
0.033112,-0.011902,4.9365
0.031586,-0.0094604,4.9243
0.031738,-0.007782,4.9341
0.032959,-0.0093079,4.9304
0.033875,-0.0080872,4.9304
0.03418,-0.0093079,4.9316
0.034332,-0.011139,4.9182
0.034027,-0.010529,4.928
0.032806,-0.0071716,4.9231
0.033722,-0.0038147,4.9219
0.0354,-0.0024414,4.9109
0.036621,-0.0019836,4.9194
0.037384,-0.0035095,4.917
0.037689,-0.0045776,4.9219
0.036469,-0.0039673,4.9182
0.032806,-0.0030518,4.9158
0.031433,-0.00045776,4.9268
0.030823,0.0019836,4.9146
0.030518,0.0021362,4.9158
0.031586,-0.00015259,4.9072
0.031433,-0.0019836,4.9036
0.030975,-0.0042725,4.9182
0.029144,-0.0038147,4.9084
0.026703,-0.0013733,4.9072
0.024872,0,4.9109
0.024414,0.00091553,4.9084
0.024261,0.0012207,4.9109
0.025177,0.00030518,4.9072
0.024872,-0.0010681,4.9146
0.023956,-0.00076294,4.9109
0.022888,0.0018311,4.9146
0.02121,0.0048828,4.9182
0.021973,0.0079346,4.9207
0.020905,0.0079346,4.9353
0.024261,0.0080872,4.9268
0.024261,0.007019,4.9341
0.02243,0.0056458,4.9292
0.020447,0.0059509,4.9231
0.017548,0.004425,4.9255
0.016174,0.0036621,4.9304
0.016327,0.0032043,4.928
0.017853,0.0013733,4.9316
0.019073,-0.00015259,4.9329
0.019989,-0.0016785,4.9304
0.016785,-0.0012207,4.9304
0.016937,0.0012207,4.9365
0.016174,0.0039673,4.9329
0.016479,0.0048828,4.9353
0.016327,0.0050354,4.9438
0.018005,0.0032043,4.9377
0.018158,0.00091553,4.9365
0.016785,-0.0022888,4.9377
0.014954,-0.00015259,4.9353
0.01358,0.0016785,4.9316
0.011902,0.0036621,4.9377
0.012512,0.0045776,4.9292
0.014496,0.0042725,4.9304
0.015106,0.002594,4.9219
0.015106,0.0016785,4.9207
0.013733,0.0027466,4.9207
0.012512,0.0024414,4.9194
0.010681,0.0035095,0.045166
0.015106,0.0032043,0.050049
0.013885,0.0021362,0.041504
0.015106,-0.0012207,0.041504
0.016479,-0.0039673,0.042725
0.015869,-0.0061035,0.043945
0.01358,-0.004425,0.039063
0.011749,-0.0019836,0.042725
0.011139,-0.00045776,0.057373
0.013123,-0.00045776,0.041504
0.013275,-0.0018311,0.047607
0.013275,-0.0033569,0.040283
0.01297,-0.0038147,0.021973
0.011749,-0.0033569,0.036621
0.010834,-0.00076294,0.040283
0.010834,0.00076294,0.041504
0.011749,0.00015259,0.042725
0.011139,-0.00045776,0.040283
0.011597,-0.0030518,0.048828
0.010986,-0.005188,0.047607
0.009613,-0.0062561,0.054932
0.007782,-0.0036621,0.05127
0.0074768,-0.0018311,0.059814
0.0082397,-0.0018311,0.059814
0.0094604,-0.0018311,0.058594
0.012512,-0.0042725,0.067139
0.013733,-0.007019,0.064697
0.012817,-0.0079346,0.061035
0.010986,-0.0073242,0.061035
0.0091553,-0.0045776,0.070801
0.0085449,-0.002594,0.057373
0.0088501,-0.0012207,0.047607
0.011139,-0.0028992,0.062256
0.01236,-0.0042725,0.061035
0.012665,-0.0048828,0.062256
0.012512,-0.0024414,0.062256
0.011444,0,0.063477
0.010986,0.0033569,0.065918
0.012512,0.0056458,0.061035
0.014648,0.0068665,0.064697
0.016785,0.0065613,0.054932
0.017853,0.0062561,0.056152
0.016937,0.0086975,0.058594
0.016327,0.0080872,0.053711
0.016022,0.010376,0.062256
0.016632,0.010529,0.048828
0.017853,0.0093079,0.056152
0.020905,0.0064087,0.046387
0.022736,0.0039673,0.036621
0.022278,0.0024414,0.037842
0.023193,0.0027466,0.043945
0.019684,0.0036621,0.037842
0.018768,0.0056458,0.040283
0.018158,0.011902,0.040283
0.019531,0.004425,0.039063
0.020294,0.0030518,0.039063
0.021057,0.0024414,0.043945
0.020447,0.00076294,0.036621
0.019531,0.0056458,0.042725
0.018921,0.0086975,0.042725
0.019836,0.010681,0.041504
0.021515,0.010834,0.037842
0.024109,0.0094604,0.042725
0.024261,0.0083923,0.042725
0.024261,0.007019,0.042725
0.023804,0.007019,0.050049
0.022888,0.0080872,0.048828
0.023651,0.0088501,0.037842
0.025024,0.0086975,0.05249
0.026398,0.0073242,0.05249
0.026703,0.0048828,0.056152
0.026093,0.0036621,0.058594
0.024109,0.0027466,0.058594
0.021973,0.0042725,0.064697
0.020752,0.0059509,0.059814
0.020752,0.0086975,0.062256
0.02243,0.0065613,0.058594
0.024261,0.0053406,0.064697
0.025024,0.004425,0.058594
0.024414,0.0041199,0.063477
0.024872,0.0050354,0.076904
0.024719,0.0067139,0.065918
0.025482,0.0083923,0.065918
0.02655,0.009613,0.067139
0.028381,0.0099182,0.05249
0.028992,0.0083923,0.064697
0.028229,0.0079346,0.063477
0.027466,0.0076294,0.059814
0.02594,0.0076294,0.058594
0.025482,0.0094604,0.053711
0.025635,0.010529,0.056152
0.027466,0.0083923,0.048828
0.028076,0.0045776,0.05127
0.027466,0.004425,0.045166
0.025024,0.0036621,0.050049
0.025177,0.0042725,0.045166
0.023804,0.004425,0.046387
0.022278,0.0045776,0.050049
0.02243,0.0035095,0.045166
0.023651,0.0018311,0.050049
0.024567,-0.0018311,0.040283
0.02533,-0.0032043,0.050049
0.025482,-0.0033569,0.039063
0.025482,-0.0019836,0.039063
0.025177,0.0010681,0.037842
0.026245,0.0028992,0.03418
0.028381,0.0028992,0.037842
0.030365,0.0012207,0.037842
0.03006,-0.0010681,0.037842
0.028687,-0.0027466,0.041504
0.027618,0.00015259,0.039063
0.026703,0.0027466,0.045166
0.027313,0.0042725,0.041504
0.028687,0.0032043,0.045166
0.028839,0.00061035,0.050049
0.028687,-0.0032043,0.048828
0.029144,-0.002594,2.9651
0.028229,-0.00091553,4.8047
0.027618,0.0016785,4.9158
0.026855,0.004425,4.9268
0.025482,0.0056458,4.9304
0.027466,0.0045776,4.9316
0.027466,0.0030518,4.9341
0.027313,0.0016785,4.9304
0.024567,0.00091553,4.9304
0.02533,0.0036621,4.9292
0.024719,0.0059509,4.9304
0.025635,0.0086975,4.9329
0.02594,0.010071,4.9341
0.02594,0.0091553,4.9329
0.025482,0.0065613,4.9377
0.025177,0.0035095,4.9353
0.023041,0.00061035,4.9353
0.020599,-0.0010681,4.9316
0.017853,-0.0024414,4.9341
0.01709,-0.0042725,4.9426
0.015259,-0.0074768,4.9304
0.014648,-0.010681,4.9341
0.013733,-0.01236,4.928
0.01297,-0.013275,4.906
0.011597,-0.012054,4.917
0.011444,-0.0093079,4.9158
0.013733,-0.0082397,4.9207
0.014496,-0.0076294,4.9158
0.016022,-0.0093079,4.9133
0.017853,-0.01236,4.9158
0.019379,-0.016174,4.9109
0.021362,-0.014954,4.9011
0.021515,-0.015564,4.9109
0.022125,-0.014343,4.9133
0.022125,-0.014496,4.9109
0.02121,-0.016479,4.9109
0.021515,-0.017548,4.9133
0.021515,-0.017242,4.9097
0.021667,-0.015106,4.9097
0.02182,-0.012054,4.9097
0.021667,-0.0086975,4.9011
0.022583,-0.0073242,4.9084
0.023956,-0.0068665,4.9036
0.025482,-0.0062561,4.9109
0.026093,-0.0061035,4.9109
0.026703,-0.0047302,4.9097
0.02655,-0.002594,4.9182
0.024719,0.00015259,4.9194
0.022583,0.0013733,4.9219
0.020447,0.0027466,4.9219
0.016937,0.002594,4.9304
0.015869,0.0027466,4.928
0.015106,0.002594,4.9268
0.014801,0.0057983,4.9268
0.014343,0.0083923,4.9329
0.015869,0.010529,4.939
0.018616,0.011749,4.9341
0.019989,0.012512,4.9414
0.023041,0.012512,4.9304
0.027008,0.013733,4.9207
0.028229,0.015869,4.9316
0.032196,0.01709,4.9341
0.031433,0.018005,4.9341
0.032349,0.018005,4.9329
0.028534,0.012665,4.9329
0.02655,0.0090027,4.9365
0.025024,0.0061035,4.9304
0.022888,0.0047302,4.9353
0.020905,0.0056458,4.9268
0.017853,0.0064087,4.9304
0.016022,0.0038147,4.9243
0.013428,0.0056458,4.9292
0.012665,0.0032043,4.9268
0.011597,-0.00061035,4.9255
0.011139,-0.0032043,4.9158
0.0080872,-0.0059509,4.9158
0.0074768,-0.0064087,4.917
0.007782,-0.007019,4.9133
0.0076294,-0.0076294,4.9109
0.0086975,-0.010529,4.9121
0.0097656,-0.012054,4.9133
0.010681,-0.011902,4.9121
0.01236,-0.0067139,4.9109
0.015869,-0.0030518,4.9084
0.020752,0.0028992,4.9036
0.02594,0.0083923,4.9109
0.033112,0.013733,4.9121
0.039368,0.016174,4.9109
0.045166,0.017548,4.9121
0.049896,0.018921,4.9072
0.051727,0.019226,4.9146
0.05249,0.018311,4.9231
0.051117,0.015564,4.9158
0.045624,0.011444,4.9243
0.041809,0.0080872,4.9207
0.036774,0.0050354,4.8975
0.032806,0.0036621,4.9219
0.028839,0.0050354,4.9243
0.025024,0.0065613,4.9304
0.023193,0.0097656,4.9255
0.022736,0.013123,4.9194
0.023499,0.015564,4.9316
0.024719,0.018616,4.9329
0.02594,0.019989,4.9329
0.024719,0.020752,4.928
0.027008,0.019836,4.9341
0.026703,0.0177,4.9304
0.025482,0.014801,4.9316
0.023956,0.0086975,4.9438
0.022278,0.0033569,4.9365
0.020752,-0.00091553,0.057373
0.021362,-0.0012207,0.06958
0.020905,-0.0022888,0.070801
0.023499,-0.0010681,0.063477
0.025635,-0.00015259,0.062256
0.027771,0.00030518,0.063477
0.03006,0.00030518,0.056152
0.032806,0.0010681,0.046387
0.034027,0.0032043,0.056152
0.035553,0.0057983,0.05127
0.03479,0.0082397,0.05249
0.032501,0.0090027,0.047607
0.028534,0.0086975,0.05249
0.025177,0.0056458,0.046387
0.022125,0.0047302,0.050049
0.019073,0.0039673,0.043945
0.016785,0.0035095,0.045166
0.01709,0.0047302,0.053711
0.015411,0.0045776,0.040283
0.016632,0.0065613,0.054932
0.016937,-0.00015259,0.041504
0.018616,-0.0019836,0.031738
0.019836,-0.0032043,0.040283
0.019684,-0.0032043,0.041504
0.018921,-0.0032043,0.037842
0.016937,-0.0027466,0.040283
0.014496,-0.0039673,0.03418
0.011902,-0.0047302,0.040283
0.009613,-0.0057983,0.040283
0.010529,-0.0042725,0.043945
0.011444,-0.0030518,0.041504
0.016327,-0.0016785,0.046387
0.018463,0.00030518,0.050049
0.021362,0.00091553,0.05127
0.02594,0.0012207,0.061035
0.029755,0.00030518,0.057373
0.032806,-0.00030518,0.059814
0.033569,-0.0015259,0.057373
0.032349,-0.0019836,0.056152
0.03006,-0.0033569,0.059814
0.026245,-0.0047302,0.070801
0.02243,-0.0064087,0.059814
0.019226,-0.0094604,0.061035
0.016327,-0.0090027,0.061035
0.016327,-0.0086975,0.057373
0.015717,-0.0071716,0.061035
0.018311,-0.0057983,0.063477
0.020142,-0.0042725,0.062256
0.022125,-0.0032043,0.065918
0.023651,-0.0024414,0.061035
0.023804,-0.0033569,0.068359
0.02655,-0.0027466,0.063477
0.026703,-0.0033569,0.065918
0.026245,-0.0045776,0.073242
0.025024,-0.0048828,0.058594
0.024414,-0.0056458,0.062256
0.022888,-0.0056458,0.056152
0.02243,-0.0056458,0.037842
0.022888,-0.0048828,0.048828
0.025024,-0.0039673,0.046387
0.028992,-0.0022888,0.048828
0.031891,-0.002594,0.043945
0.034485,-0.0028992,0.042725
0.037689,-0.0039673,0.047607
0.03891,-0.0048828,0.042725
0.039978,-0.0054932,0.041504
0.038452,-0.0050354,0.040283
0.036926,-0.004425,0.042725
0.03479,-0.0042725,0.037842
0.032349,-0.0041199,0.041504
0.029755,-0.0047302,0.042725
0.026855,-0.0039673,0.041504
0.024719,-0.0030518,0.036621
0.023499,-0.00045776,0.042725
0.023651,0.00030518,0.026855
0.023651,0.00030518,0.03418
0.023804,-0.0021362,0.053711
0.023041,-0.0062561,0.042725
0.020142,-0.010681,0.041504
0.017395,-0.015106,0.042725
0.01358,-0.018921,0.047607
0.01236,-0.022125,0.046387
0.0097656,-0.024261,0.048828
0.0080872,-0.028687,0.05249
0.0068665,-0.031433,0.057373
0.0064087,-0.031891,0.056152
0.0073242,-0.031586,0.064697
0.0091553,-0.029602,0.061035
0.013123,-0.027161,0.062256
0.018158,-0.024567,0.06958
0.022583,-0.02182,0.064697
0.026245,-0.018921,0.06958
0.028076,-0.016327,0.062256
0.030975,-0.012817,0.050049
0.032349,-0.010681,0.063477
0.031891,-0.0091553,0.063477
0.032501,-0.0073242,0.062256
0.032501,-0.0057983,0.065918
0.032501,-0.0042725,0.063477
0.032349,-0.0010681,0.065918
0.032349,0.0022888,0.063477
0.032043,0.0050354,0.061035
0.032349,0.0074768,0.053711
0.032959,0.0094604,0.057373
0.033875,0.010834,0.058594
0.033112,0.011902,0.056152
0.031891,0.012665,0.050049
0.03006,0.012817,0.047607
0.026703,0.013885,0.056152
0.024872,0.014191,0.046387
0.02243,0.015564,0.057373
0.020447,0.016174,0.045166
0.019836,0.016327,0.05127
0.018005,0.014496,0.037842
0.016022,0.013275,0.039063
0.014801,0.011444,0.039063
0.013733,0.010834,0.040283
0.013275,0.0093079,4.4763
0.013885,0.0073242,4.884
0.014038,0.0082397,4.9048
0.013733,0.0054932,4.9109
0.01358,0.0036621,4.9097
0.011902,0.0028992,4.9133
0.0097656,0.0032043,4.9097
0.0086975,0.0067139,4.9109
0.0082397,0.0048828,4.9268
0.0082397,0.0059509,4.9133
0.0091553,0.0062561,4.9194
0.0086975,0.0056458,4.9194
0.0097656,0.0050354,4.9084
0.011139,0.0038147,4.9194
0.0093079,0.0035095,4.9255
0.01358,0.0032043,4.9268
0.013885,0.0030518,4.9255
0.014648,0.002594,4.9231
0.013733,0.0021362,4.9304
0.012665,0.002594,4.9329
0.011902,0.0024414,4.9316
0.010834,0.0035095,4.9292
0.010986,0.0045776,4.928
0.010529,0.0045776,4.9316
0.0094604,0.0064087,4.9292
0.009613,0.0090027,4.9365
0.0083923,0.0080872,4.9365
0.010986,0.0082397,4.9365
0.012512,0.0090027,4.939
0.015411,0.0093079,4.9438
0.016022,0.0090027,4.9353
0.016632,0.0088501,4.9219
0.016937,0.0082397,4.9316
0.017395,0.0062561,4.928
0.016174,0.0038147,4.9268
0.015259,0.0015259,4.9255
0.01358,-0.0012207,4.9231
0.014191,-0.00015259,4.9219
0.012512,0.00030518,4.9182
0.01236,0,4.9158
0.013275,0.00015259,4.9182
0.014496,0.0012207,4.9182
0.016174,0.00030518,4.9182
0.017395,0.00030518,4.9194
0.019379,0,4.9158
0.021515,0.0012207,4.9146
0.022125,0.0021362,4.9133
0.026398,0.0032043,4.9121
0.023804,0.0038147,4.9011
0.025177,0.0042725,4.9084
0.026398,0.0048828,4.9084
0.027161,0.0065613,4.9097
0.028076,0.0076294,4.9109
0.027924,0.0094604,4.9097
0.027771,0.010376,4.9097
0.026703,0.011749,4.906
0.028229,0.012817,4.9133
0.028381,0.01297,4.9109
0.028229,0.013428,4.9182
0.024872,0.013428,4.9182
0.026245,0.011444,4.9109
0.023804,0.010376,4.9194
0.023956,0.010223,4.928
0.02243,0.0083923,4.9255
0.022278,0.0090027,4.928
0.02243,0.0097656,4.9377
0.023193,0.01236,4.9329
0.02121,0.0086975,4.9182
0.019531,0.007019,4.9292
0.018005,0.0068665,4.9292
0.016937,0.0059509,4.9341
0.016327,0.0076294,4.928
0.014496,0.0085449,4.9292
0.013733,0.010834,4.9377
0.011444,0.0071716,4.9329
0.010834,0.0057983,4.9353
0.0097656,0.0053406,4.9353
0.010986,0.0057983,4.939
0.009613,0.0064087,4.9329
0.0099182,0.0073242,4.9365
0.010376,0.0076294,4.9475
0.009613,0.0067139,4.9243
0.010223,0.0036621,4.9268
0.011597,0.0027466,4.9292
0.011902,0.00061035,4.9109
0.013885,0.0010681,4.9207
0.016937,0.00091553,4.9194
0.019684,0.0010681,4.9182
0.021515,0.0022888,4.9194
0.023346,-0.00030518,4.9133
0.025635,-0.0019836,4.917
0.026703,-0.0033569,4.9109
0.028229,-0.0048828,4.9146
0.028687,-0.0045776,4.9048
0.028992,-0.005188,4.9133
0.029602,-0.0067139,4.9097
0.028534,-0.0083923,4.9109
0.028992,-0.0085449,4.8962
0.028839,-0.010986,4.9158
0.029755,-0.011292,4.9146
0.028534,-0.010071,4.9109
0.029602,-0.0094604,4.9158
0.028992,-0.0079346,4.9097
0.028229,-0.0067139,4.9023
0.027618,-0.0054932,4.9146
0.027466,-0.0039673,4.9133
0.028381,-0.0021362,4.9121
0.030365,-0.00091553,4.9182
0.032654,0.00030518,4.9158
0.034332,0,0.054932
0.035095,0.0028992,0.053711
0.035706,0.0030518,0.056152
0.035858,0.0027466,0.057373
0.036316,0.0010681,0.063477
0.037994,0.00045776,0.062256
0.036926,-0.00061035,0.064697
0.036469,-0.0012207,0.072021
0.03418,-0.0013733,0.063477
0.032043,-0.0019836,0.064697
0.028839,-0.0033569,0.058594
0.027313,-0.0048828,0.056152
0.02594,-0.0062561,0.063477
0.025024,-0.007019,0.063477
0.023956,-0.0073242,0.063477
0.022583,-0.0088501,0.064697
0.019684,-0.0090027,0.061035
0.016479,-0.0086975,0.065918
0.013733,-0.0093079,0.063477
0.011444,-0.011292,0.063477
0.010223,-0.010681,0.059814
0.010529,-0.011444,0.061035
0.0099182,-0.011902,0.058594
0.0094604,-0.012054,0.057373
0.0093079,-0.01236,0.05249
0.010681,-0.012054,0.05127
0.011749,-0.012054,0.058594
0.014038,-0.012817,0.047607
0.016327,-0.012665,0.056152
0.018463,-0.01236,0.045166
0.019989,-0.011139,0.039063
0.020599,-0.0083923,0.036621
0.02121,-0.0062561,0.042725
0.021973,-0.0035095,0.041504
0.023346,-0.0010681,0.039063
0.024414,0.00030518,0.036621
0.026093,0.0021362,0.036621
0.025787,0.0041199,0.037842
0.027008,0.0062561,0.041504
0.027618,0.0073242,0.040283
0.029297,0.0059509,0.041504
0.029449,0.0045776,0.042725
0.03006,0.0024414,0.042725
0.03006,0,0.054932
0.03006,-0.0010681,0.045166
0.029297,-0.002594,0.047607
0.027924,-0.0047302,0.047607
0.027161,-0.0061035,0.032959
0.02594,-0.0073242,0.048828
0.02533,-0.0067139,0.05249
0.024872,-0.0062561,0.053711
0.024414,-0.0064087,0.056152
0.025024,-0.007019,0.057373
0.02594,-0.0073242,0.062256
0.027161,-0.0082397,0.058594
0.028992,-0.0076294,0.062256
0.030518,-0.0062561,0.061035
0.032349,-0.0048828,0.062256
0.032349,-0.0042725,0.062256
0.036011,-0.0018311,0.063477
0.037384,-0.0015259,0.068359
0.037079,-0.00045776,0.064697
0.036926,0.0013733,0.065918
0.034637,0.0028992,0.063477
0.034332,0.0053406,0.080566
0.032959,0.0071716,0.065918
0.032196,0.0083923,0.056152
0.030212,0.0097656,0.062256
0.029449,0.0083923,0.057373
0.029297,0.0099182,0.05127
0.028229,0.010376,0.057373
0.026703,0.010223,0.050049
0.025635,0.010223,0.05249
0.023804,0.009613,0.050049
0.02243,0.0080872,0.048828
0.020905,0.0068665,0.046387
0.019531,0.0056458,0.046387
0.018005,0.0047302,0.047607
0.016174,0.0039673,0.046387
0.014648,0.0033569,0.050049
0.012207,0.0027466,0.040283
0.011292,0.0027466,0.045166
0.009613,0.002594,0.040283
0.0090027,0.0010681,0.031738
0.0099182,0.002594,0.039063
0.0094604,0.0021362,0.040283
0.0099182,0.00030518,0.036621
0.010071,0.0016785,0.040283
0.012054,0.0032043,0.03418
0.014191,0.0054932,0.039063
0.015564,0.0057983,0.037842
0.017853,0.0076294,0.043945
0.0177,0.0086975,0.041504
0.019379,0.0082397,0.043945
0.02243,0.0086975,0.050049
0.021362,0.0088501,0.048828
0.021515,0.0094604,0.050049
0.021057,0.0093079,0.054932
0.021515,0.0076294,0.061035
0.020447,0.0074768,0.058594
0.019073,0.0068665,0.070801
0.018768,0.0076294,0.061035
0.018768,0.0080872,0.045166
0.018463,0.0090027,0.059814
0.017853,0.009613,0.058594
0.017242,0.010986,0.061035
0.0177,0.010376,0.059814
0.0177,0.0086975,0.056152
0.018616,0.0068665,0.065918
0.019684,0.0061035,0.062256
0.018463,0.005188,0.067139
0.018616,0.0057983,0.061035
0.017853,0.0065613,0.067139
0.020599,0.0062561,0.063477
0.019379,0.005188,0.063477
0.019989,0.0038147,0.074463
0.023041,0.0050354,0.061035
0.024261,0.0057983,1.925
0.026245,0.0082397,4.7498
0.029144,0.0099182,4.906
0.031586,0.0093079,4.9194
0.031738,0.0093079,4.9194
0.03067,0.0082397,4.9207
0.031433,0.0071716,4.9146
0.032349,0.0074768,4.9133
0.030365,0.0079346,4.9158
0.028381,0.0082397,4.9133
0.02594,0.0071716,4.9146
0.024872,0.007019,4.9072
0.020752,0.0054932,4.9109
0.018158,0.0039673,4.9084
0.017242,0.0038147,4.9146
0.017242,0.002594,4.906
0.016174,0.0022888,4.9109
0.015106,0.0013733,4.9194
0.013275,0.00030518,4.9109
0.012665,-0.00091553,4.9194
0.011139,-0.0024414,4.9109
0.011139,-0.0038147,4.8999
0.009613,-0.0032043,4.9121
0.010376,-0.0036621,4.9109
0.010071,-0.0028992,4.9158
0.0093079,-0.0036621,4.9158
0.0088501,-0.0041199,4.917
0.0099182,-0.0048828,4.9207
0.011749,-0.0050354,4.9207
0.014801,-0.0036621,4.9292
0.017548,-0.0022888,4.9243
0.019379,-0.00015259,4.9304
0.02182,0.0013733,4.9329
0.02243,0.00061035,4.9341
0.023956,0.0010681,4.9097
0.02533,0,4.9329
0.026093,0.00076294,4.9304
0.024872,-0.0012207,4.9353
0.026855,-0.00061035,4.9402
0.025635,-0.00061035,4.9341
0.024109,-0.00076294,4.9329
0.024414,-0.0010681,4.9304
0.024414,-0.0022888,4.9329
0.027313,-0.0024414,4.939
0.025787,-0.0021362,4.9353
0.025787,-0.0021362,4.9316
0.02594,-0.0015259,4.9329
0.026398,-0.00076294,4.9304
0.028534,-0.00076294,4.9292
0.024261,-0.0015259,4.9268
0.023651,-0.0015259,4.9219
0.023041,-0.0028992,4.9207
0.023041,-0.0027466,4.9219
0.023804,-0.002594,4.9329
0.023346,-0.0013733,4.917
0.025177,-0.00045776,4.9182
0.024719,-0.00030518,4.9158
0.025482,-0.00015259,4.8999
0.025024,-0.0018311,4.9158
0.026245,-0.00061035,4.9097
0.026245,0,4.9109
0.025635,0.00015259,4.9109
0.025482,-0.00076294,4.9048
0.024719,-0.0015259,4.9048
0.023651,-0.0035095,4.9097
0.023346,-0.0054932,4.9109
0.02182,-0.0064087,4.9072
0.023956,-0.0067139,4.9133
0.024414,-0.0068665,4.9109
0.021667,-0.0065613,4.917
0.023956,-0.005188,4.9158
0.021667,-0.0056458,4.9158
0.022278,-0.0050354,4.9121
0.022278,-0.0056458,4.917
0.02182,-0.005188,4.917
0.022125,-0.0042725,4.9207
0.022278,-0.0041199,4.9146
0.020447,-0.0035095,4.9255
0.020447,-0.0032043,4.9243
0.019379,-0.0035095,4.9255
0.019989,-0.0027466,4.9304
0.019073,-0.002594,4.9329
0.019379,-0.0024414,4.9329
0.019226,-0.0019836,4.9292
0.018921,-0.0018311,4.9133
0.019073,-0.0033569,4.928
0.018005,-0.0033569,4.9353
0.017242,-0.0047302,4.9304
0.016937,-0.0067139,4.9353
0.016937,-0.007019,4.9451
0.016937,-0.0076294,4.9243
0.014801,-0.0091553,4.95
0.015717,-0.0076294,4.9341
0.015564,-0.0071716,4.9219
0.015259,-0.0068665,4.9329
0.015564,-0.0062561,4.9304
0.017242,-0.0071716,4.9243
0.018311,-0.0053406,4.9255
0.019684,-0.0053406,4.9255
0.019836,-0.0039673,4.9231
0.021057,-0.0042725,4.9158
0.021515,-0.0038147,4.9207
0.021973,-0.0038147,4.9072
0.02182,-0.0033569,4.9194
0.022583,-0.0022888,4.9158
0.022736,-0.0012207,4.917
0.022125,0.00045776,4.9121
0.020599,0.0015259,4.9121
0.020599,0.0018311,4.9097
0.020752,0.0015259,0.040283
0.021667,0.00030518,0.039063
0.023651,-0.00061035,0.037842
0.024567,-0.0012207,0.039063
0.025482,-0.0015259,0.036621
0.025635,-0.0010681,0.039063
0.026245,-0.00076294,0.039063
0.026398,-0.00061035,0.041504
0.025482,-0.00091553,0.0354
0.024719,0.00045776,0.043945
0.023041,0.00076294,0.042725
0.022278,0.0027466,0.043945
0.021057,0.0042725,0.048828
0.019989,0.0053406,0.053711
0.019379,0.0054932,0.05127
0.017548,0.0036621,0.057373
0.014648,0.0018311,0.067139
0.017395,0.0010681,0.059814
0.016479,0.0015259,0.068359
0.016174,0.0028992,0.063477
0.015564,0.0047302,0.042725
0.013733,0.0050354,0.062256
0.012665,0.0035095,0.063477
0.012665,0.00076294,0.062256
0.012817,-0.0013733,0.061035
0.012512,-0.0019836,0.059814
0.011597,-0.0015259,0.065918
0.011139,-0.0047302,0.063477
0.011444,-0.00015259,0.067139
0.011749,-0.00030518,0.061035
0.01236,-0.0016785,0.06958
0.015259,-0.00076294,0.065918
0.016327,-0.00076294,0.064697
0.018005,0.00061035,0.072021
0.019684,0.0019836,0.058594
0.018158,0.0021362,0.056152
0.020447,0.0021362,0.058594
0.020599,0.00061035,0.05249
0.020752,-0.0028992,0.048828
0.023499,-0.0021362,0.046387
0.020294,-0.0018311,0.046387
0.019989,-0.00015259,0.046387
0.018921,-0.00015259,0.042725
0.019379,0.0016785,0.046387
0.019073,0.0030518,0.040283
0.018768,0.0027466,0.037842
0.018463,0.0038147,0.03418
0.018463,0.0057983,0.043945
0.018616,0.0059509,0.040283
0.018158,0.0061035,0.039063
0.017548,0.0053406,0.039063
0.016479,0.0047302,0.042725
0.016174,0.0042725,0.05127
0.016632,0.0036621,0.041504
0.018311,0.0027466,0.05249
0.018616,0.0030518,0.039063
0.019836,0.0015259,0.031738
0.018921,0.0039673,0.040283
0.021515,0.0045776,0.045166
0.022736,0.0041199,0.043945
0.023804,0.0033569,0.05127
0.025482,0.0033569,0.047607
0.026245,0.0035095,0.053711
0.026703,0.0042725,0.053711
0.025635,0.0022888,0.061035
0.026093,0.004425,0.054932
0.024109,0.0028992,0.059814
0.023041,0.00015259,0.061035
0.020752,-0.0027466,0.062256
0.02121,-0.0047302,0.067139
0.019989,-0.0050354,0.063477
0.019531,-0.0048828,0.061035
0.019684,-0.0041199,0.061035
0.019684,-0.0036621,0.073242
0.019531,-0.0047302,0.063477
0.020142,-0.0073242,0.053711
0.019073,-0.0073242,0.063477
0.019531,-0.0065613,0.065918
0.019531,-0.0045776,0.063477
0.019684,-0.0028992,0.064697
0.018311,-0.002594,0.058594
0.016632,-0.0035095,0.063477
0.016022,-0.004425,0.057373
0.016479,-0.0062561,0.056152
0.016785,-0.0039673,0.05249
0.018921,-0.0015259,0.05249
0.020752,0.0010681,0.047607
0.022888,0.002594,0.048828
0.024109,0.0022888,0.063477
0.024414,0.00030518,0.048828
0.024414,-0.0027466,0.047607
0.024872,-0.0041199,0.043945
0.02533,-0.0036621,0.028076
0.025635,-0.0028992,0.040283
0.026093,-0.0022888,0.040283
0.024414,-0.0027466,0.039063
0.022736,-0.005188,0.037842
0.02121,-0.007782,0.037842
0.02182,-0.0093079,0.040283
0.022125,-0.0088501,0.036621
0.022888,-0.0074768,0.041504
0.025177,-0.0027466,0.037842
0.024109,-0.0062561,0.042725
0.023193,-0.0080872,0.040283
0.021667,-0.010681,0.042725
0.023041,-0.016785,0.046387
0.02182,-0.011292,0.046387
0.022278,-0.0079346,0.045166
0.023499,-0.0038147,0.047607
0.024567,-0.00076294,0.054932
0.024567,-0.00045776,0.05249
0.024414,-0.0024414,0.046387
0.023651,-0.0039673,0.058594
0.024109,-0.0045776,0.054932
0.02533,-0.0036621,0.058594
0.027161,-0.002594,0.062256
0.029144,-0.0016785,0.059814
0.029144,-0.0015259,0.061035
0.028992,-0.0013733,3.5291
0.028687,-0.0032043,4.845
0.029755,-0.0039673,4.9207
0.028839,-0.0039673,4.9304
0.028687,-0.0027466,4.9304
0.028534,0.0012207,4.9329
0.028076,0.00015259,4.9451
0.026245,0.0013733,4.9402
0.024414,0.00091553,4.9377
0.022736,0.00045776,4.9341
0.02243,0.0021362,4.9231
0.022888,0.0042725,4.9316
0.023651,0.0071716,4.9255
0.025787,0.0086975,4.9243
0.024872,0.0090027,4.9255
0.025482,0.0071716,4.9207
0.025177,0.0039673,4.9207
0.024109,0.0016785,4.917
0.023804,0.0013733,4.9194
0.023041,0.0021362,4.9158
0.02243,0.0033569,4.9158
0.020905,0.0038147,4.917
0.019531,0.0033569,4.917
0.019379,0.0027466,4.9121
0.018005,0.002594,4.9133
0.018921,0.0035095,4.9158
0.019379,0.0048828,4.9097
0.020142,0.007019,4.9182
0.021057,0.0073242,4.9084
0.020905,0.0064087,4.9023
0.020905,0.0042725,4.9084
0.021057,0.0021362,4.9133
0.021057,0.00015259,4.9109
0.021515,0.00076294,4.9109
0.02121,0.0027466,4.9097
0.020752,0.0036621,4.9146
0.019989,0.0056458,4.9146
0.019531,0.0050354,4.9194
0.019226,0.0041199,4.9158
0.019531,0.0030518,4.9231
0.020905,0.0039673,4.9231
0.021973,0.0048828,4.9292
0.023499,0.0064087,4.9414
0.024567,0.0073242,4.9292
0.02533,0.0068665,4.9329
0.026398,0.0056458,4.9329
0.027161,0.0039673,4.9219
0.027771,0.0033569,4.9304
0.027771,0.0048828,4.9304
0.027161,0.0062561,4.9329
0.02655,0.0083923,4.9304
0.025482,0.0086975,4.9292
0.025787,0.0079346,4.9377
0.026093,0.0062561,4.9341
0.027618,0.004425,4.9377
0.028534,0.007019,4.9329
0.028839,0.0094604,4.939
0.028992,0.012207,4.9353
0.027924,0.013733,4.9341
0.026855,0.013733,4.9353
0.025024,0.012665,4.9316
0.02533,0.012207,4.9329
0.024567,0.011444,4.9255
0.023804,0.011139,4.9329
0.022278,0.011597,4.9207
0.02121,0.011597,4.9255
0.019684,0.010071,4.9182
0.019684,0.0079346,4.9182
0.019226,0.0059509,4.9109
0.019379,0.0047302,4.9158
0.019684,0.0048828,4.9121
0.018158,0.0057983,4.9146
0.016174,0.0076294,4.9084
0.016022,0.0088501,4.9133
0.015259,0.0088501,4.9097
0.016022,0.0076294,4.906
0.015717,0.0062561,4.9109
0.016785,0.0047302,4.9121
0.016632,0.0047302,4.917
0.016632,0.0039673,4.9109
0.016022,0.0059509,4.9158
0.014954,0.0056458,4.9036
0.014496,0.0053406,4.8999
0.014496,0.005188,4.9158
0.014801,0.0059509,4.9146
0.015411,0.0076294,4.9146
0.015717,0.0097656,4.9207
0.016479,0.011902,4.9207
0.015106,0.011444,4.9207
0.014648,0.010986,4.9231
0.014954,0.0088501,4.9304
0.013733,0.0065613,4.9268
0.017242,0.0047302,4.9304
0.016632,0.0038147,4.9146
0.015717,0.0041199,4.9353
0.01358,0.0041199,4.9292
0.011902,0.0035095,4.9341
0.010834,0.0028992,4.9353
0.011139,0.0013733,4.9377
0.012817,0.0012207,4.9438
0.014038,0.0013733,4.9329
0.014801,0.0032043,4.9207
0.014038,0.0039673,4.9329
0.01358,0.0033569,4.9207
0.014343,-0.00045776,4.9377
0.015411,-0.00061035,4.9329
0.018158,-0.0024414,4.9329
0.018616,-0.0024414,4.9329
0.019531,-0.00091553,0.057373
0.02182,0.00061035,0.054932
0.018158,0.0022888,0.057373
0.017395,0.0018311,0.056152
0.016327,0.0012207,0.050049
0.014648,-0.0028992,0.05127
0.019226,-0.0018311,0.059814
0.020599,-0.0022888,0.048828
0.020905,-0.0042725,0.042725
0.020599,-0.0013733,0.045166
0.019226,-0.00076294,0.024414
0.019073,-0.0012207,0.039063
0.019989,0,0.040283
0.022125,-0.0016785,0.036621
0.02243,-0.0010681,0.037842
0.021973,-0.00030518,0.037842
0.020294,0,0.042725
0.018463,0.00015259,0.040283
0.017242,-0.00045776,0.039063
0.016937,-0.0021362,0.0354
0.017242,-0.0039673,0.041504
0.019073,-0.0045776,0.041504
0.019531,-0.0048828,0.041504
0.019379,-0.0045776,0.042725
0.019379,-0.0036621,0.043945
0.01709,-0.0035095,0.037842
0.015564,-0.0028992,0.050049
0.016327,-0.0015259,0.062256
0.018005,-0.0015259,0.05249
0.019379,-0.00015259,0.046387
0.019684,0.0012207,0.057373
0.020142,0.0019836,0.056152
0.018158,0.0024414,0.058594
0.018768,0.0018311,0.057373
0.019531,0.00045776,0.062256
0.024872,-0.00015259,0.063477
0.026703,-0.0012207,0.059814
0.028839,-0.0019836,0.063477
0.027466,-0.002594,0.061035
0.025024,-0.0041199,0.067139
0.02243,-0.0054932,0.068359
0.019684,-0.007019,0.065918
0.020599,-0.0085449,0.075684
0.021515,-0.0091553,0.068359
0.022736,-0.0091553,0.072021
0.023346,-0.0076294,0.063477
0.022125,-0.0073242,0.053711
0.02182,-0.0073242,0.061035
0.02121,-0.0073242,0.058594
0.022125,-0.010834,0.05127
0.024261,-0.0080872,0.053711
0.025177,-0.0064087,0.05127
0.026245,-0.0054932,0.050049
0.024719,-0.0038147,0.046387
0.023346,-0.0039673,0.05127
0.022278,-0.0038147,0.039063
0.022583,-0.0039673,0.043945
0.024872,-0.0050354,0.046387
0.028687,-0.0048828,0.045166
0.031433,-0.0048828,0.037842
0.034637,-0.0041199,0.043945
0.032196,-0.0047302,0.048828
0.031433,-0.0053406,0.039063
0.031738,-0.0064087,0.047607
0.032349,-0.0068665,0.039063
0.033417,-0.007019,0.032959
0.033417,-0.0059509,0.037842
0.032349,-0.0068665,0.041504
0.031128,-0.0050354,0.039063
0.028534,-0.0057983,0.0354
0.026703,-0.0059509,0.037842
0.02594,-0.0039673,0.045166
0.026703,-0.0030518,0.042725
0.027008,-0.0012207,0.046387
0.02655,-0.0015259,0.053711
0.025635,-0.0036621,0.053711
0.023041,-0.0065613,0.054932
0.021667,-0.0080872,0.057373
0.021515,-0.0080872,0.073242
0.019989,-0.007782,0.062256
0.021515,-0.0065613,0.064697
0.021667,-0.0064087,0.061035
0.019531,-0.0071716,0.054932
0.016632,-0.007782,0.059814
0.014954,-0.0076294,0.062256
0.013885,-0.0073242,0.062256
0.015869,-0.010986,0.061035
0.017853,-0.0073242,0.056152
0.019989,-0.0074768,0.065918
0.021667,-0.0079346,0.062256
0.021667,-0.0091553,0.065918
0.020599,-0.0059509,0.063477
0.019836,-0.0062561,0.068359
0.020294,-0.0045776,0.064697
0.021362,-0.0050354,0.061035
0.021667,-0.0050354,0.062256
0.020905,-0.0056458,0.059814
0.019989,-0.005188,0.061035
0.0177,-0.0033569,0.053711
0.015869,-0.0013733,0.067139
0.015717,0.00045776,0.047607
0.01709,0.00061035,0.041504
0.017242,0.00076294,0.046387
0.020447,0.00076294,0.046387
0.020752,0.00015259,0.042725
0.018463,-0.00015259,0.046387
0.016479,-0.00091553,0.037842
0.014954,0.00015259,0.037842
0.014648,0.0012207,0.040283
0.016174,0.0012207,0.041504
0.018005,-0.00061035,0.037842
0.018921,-0.0012207,0.042725
0.018768,-0.002594,0.036621
0.016937,-0.0022888,0.041504
0.016632,-0.00045776,0.041504
0.016785,-0.00015259,0.040283
0.018158,-0.00061035,0.041504
0.019226,-0.002594,0.040283
0.019989,-0.0056458,3.8171
0.019379,-0.0062561,4.8462
0.017242,-0.0057983,4.8975
0.014648,-0.0042725,4.9121
0.014496,-0.0015259,4.9146
0.016022,0.00015259,4.9231
0.018463,0.00030518,4.9219
0.019684,-0.00061035,4.9219
0.020142,-0.0080872,4.9304
0.019836,-0.0038147,4.928
0.018158,-0.005188,4.9292
0.016479,-0.004425,4.928
0.0177,-0.0027466,4.9341
0.017853,-0.0016785,4.928
0.020294,-0.002594,4.9304
0.021057,-0.0039673,4.9182
0.018768,-0.0050354,4.9341
0.016174,-0.0050354,4.9365
0.013885,-0.0036621,4.939
0.01297,-0.00015259,4.9158
0.015411,0.00091553,4.9329
0.017242,0.00045776,4.9316
0.019989,-0.0015259,4.9341
0.019836,-0.0032043,4.9329
0.018768,-0.0036621,4.9292
0.017395,-0.0021362,4.9304
0.017395,0.00030518,4.9255
0.018768,0.0024414,4.928
0.021057,0.0028992,4.9207
0.02121,0.0019836,4.9219
0.020752,0.00030518,4.9194
0.019379,0,4.9231
0.017395,-0.00015259,4.9182
0.014954,0.0028992,4.9219
0.017853,0.0041199,4.917
0.020447,0.0056458,4.917
0.023804,0.0041199,4.9109
0.02533,0.0018311,4.9121
0.025177,0.00061035,4.928
0.022888,0.00045776,4.9121
0.020752,0.0024414,4.9109
0.019684,0.005188,4.9084
0.020447,0.0076294,4.9133
0.02243,0.0085449,4.9072
0.023804,0.0080872,4.9109
0.024261,0.007019,4.9072
0.023804,0.0062561,4.9146
0.023193,0.0071716,4.9097
0.023651,0.0080872,4.9146
0.024567,0.0082397,4.9121
0.024719,0.007782,4.9194
0.028534,0.0064087,4.9292
0.029602,0.005188,4.9207
0.028534,0.0053406,4.9341
0.026093,0.0030518,4.928
0.024414,0.0083923,4.9158
0.023956,0.010681,4.9243
0.025024,0.012207,4.928
0.027313,0.011444,4.9304
0.028687,0.010529,4.9341
0.029297,0.0090027,4.9304
0.027466,0.007782,4.9304
0.027466,0.0086975,4.9304
0.02655,0.0093079,4.9353
0.026703,0.0099182,4.9292
0.02655,0.009613,4.9341
0.027008,0.0079346,4.9365
0.026093,0.0073242,4.9377
0.024872,0.0042725,4.9402
0.023651,0.0086975,4.9377
0.022736,0.0094604,4.9365
0.02243,0.010681,4.9341
0.023651,0.01236,4.9414
0.024719,0.0094604,4.9292
0.025177,0.0071716,4.9146
0.025635,0.0064087,4.9231
0.024872,0.0048828,4.9255
0.024261,0.0059509,4.9219
0.023499,0.007782,4.9194
0.020294,0.0086975,4.9133
0.023956,0.0082397,4.9219
0.024872,0.0064087,4.9146
0.024567,0.005188,4.917
0.023804,0.004425,4.9133
0.022583,0.0064087,4.917
0.021667,0.0082397,4.9133
0.022583,0.0093079,4.9158
0.025177,0.0085449,4.9243
0.024109,0.0054932,4.9109
0.024872,0.0022888,4.917
0.023499,0.00045776,4.9133
0.021667,0.00061035,4.895
0.019836,0.00091553,4.9109
0.017548,0.0018311,4.9109
0.016174,0.00061035,4.9121
0.017242,-0.0016785,4.9109
0.017548,-0.0038147,4.9084
0.017242,-0.0054932,4.9097
0.01236,-0.005188,4.9121
0.014954,-0.0030518,4.9182
0.014343,-0.00091553,4.9158
0.015564,-0.0013733,4.9243
0.018768,0.0010681,4.9207
0.020599,-0.00015259,4.9255
0.021667,-0.0012207,4.9353
0.021667,-0.0010681,4.9292
0.020447,0.00076294,4.928
0.020294,0.0035095,4.9365
0.019684,0.0045776,0.070801
0.02121,0.0062561,0.061035
0.022888,0.0036621,0.048828
0.023651,0.0019836,0.061035
0.024109,0.00015259,0.059814
0.020905,0.0032043,0.061035
0.021667,0.00091553,0.064697
0.020905,0.00061035,0.065918
0.02182,-0.0010681,0.06958
0.024109,-0.0012207,0.058594
0.023956,-0.0035095,0.068359
0.024261,-0.0047302,0.061035
0.021973,-0.0067139,0.065918
0.020142,-0.0030518,0.061035
0.018158,-0.0015259,0.058594
0.016937,-0.00030518,0.063477
0.02182,-0.00076294,0.05249
0.018921,-0.0015259,0.058594
0.019684,-0.0024414,0.050049
0.019836,-0.0032043,0.028076
0.01709,-0.0024414,0.047607
0.018005,-0.00091553,0.045166
0.017548,0.0010681,0.043945
0.018311,0.0021362,0.043945
0.020447,0.0021362,0.041504
0.021057,-0.00076294,0.039063
0.021667,-0.0041199,0.037842
0.020447,-0.0045776,0.042725
0.018921,-0.00015259,0.037842
0.018463,0.0039673,0.040283
0.018463,0.0054932,0.043945
0.019073,0.0041199,0.042725
0.021667,0.0015259,0.040283
0.021667,0,0.042725
0.02121,-0.00076294,0.039063
0.019073,-0.00061035,0.040283
0.019989,0.0018311,0.042725
0.019684,0.0039673,0.045166
0.020905,0.0028992,0.032959
0.020447,0.0010681,0.045166
0.019989,-0.00015259,0.05127
0.019531,0.00030518,0.05127
0.017853,-0.00091553,0.05249
0.016479,-0.00045776,0.057373
0.015259,0.0021362,0.061035
0.014954,0.0010681,0.056152
0.015869,-0.00091553,0.062256
0.018158,-0.00091553,0.062256
0.020142,-0.0033569,0.065918
0.019531,-0.0057983,0.057373
0.016632,-0.004425,0.062256
0.015717,-0.00091553,0.073242
0.015106,-0.00091553,0.059814
0.015717,0.00045776,0.067139
0.015869,0.0016785,0.064697
0.016327,0,0.047607
0.016174,-0.00015259,0.067139
0.014801,-0.00015259,0.065918
0.015259,0.0024414,0.065918
0.016479,0.0035095,0.063477
0.019073,-0.00015259,0.054932
0.02121,0.0018311,0.059814
0.022125,-0.0016785,0.05127
0.022278,-0.0028992,0.05127
0.020752,-0.002594,0.047607
0.020294,-0.0021362,0.050049
0.020294,0.00015259,0.048828
0.020599,0.0013733,0.046387
0.02243,0.00045776,0.05127
0.021057,0.0010681,0.047607
0.023651,0.0022888,0.048828
0.023956,0.0021362,0.041504
0.021973,0.0015259,0.046387
0.019989,0.0022888,0.041504
0.018768,0.0021362,0.041504
0.016937,0.00091553,0.039063
0.016785,-0.00030518,0.037842
0.016327,-0.0018311,0.037842
0.016479,-0.0028992,0.037842
0.015869,-0.0027466,0.037842
0.014343,-0.0010681,0.039063
0.013885,-0.00045776,0.037842
0.014954,0.00076294,0.043945
0.017548,0.00045776,0.040283
0.019836,0.00045776,0.043945
0.020142,-0.0018311,0.045166
0.020294,-0.0033569,0.047607
0.020447,-0.0028992,0.062256
0.020142,-0.00015259,0.053711
0.020752,0.0028992,0.063477
0.022125,0.005188,0.053711
0.023956,0.0050354,0.046387
0.02533,0.0038147,0.058594
0.025635,0.0016785,0.061035
0.025024,0.0012207,0.057373
0.024261,0.0019836,0.05249
0.022278,0.0047302,0.059814
0.02182,0.0047302,0.061035
0.021515,0.0030518,0.061035
0.020294,0,0.063477
0.018463,-0.0035095,0.058594
0.017548,-0.0053406,0.064697
0.015411,-0.0042725,0.068359
0.013885,-0.0015259,0.067139
0.01297,0.00030518,0.056152
0.012665,-0.00076294,0.062256
0.014954,-0.0032043,0.072021
0.014954,-0.0062561,0.061035
0.015411,-0.0088501,0.06958
0.015259,-0.0088501,0.056152
0.014343,-0.0059509,0.046387
0.015106,-0.0028992,0.050049
0.016022,-0.00091553,0.050049
0.017853,-0.0013733,0.047607
0.019836,-0.0030518,0.048828
0.020905,-0.0041199,0.041504
0.022583,-0.0042725,0.040283
0.023651,-0.0019836,0.041504
0.024872,0.00091553,4.4971
0.025635,0.0021362,4.8816
0.026855,0.0016785,4.9109
0.030518,-0.00015259,4.9097
0.028839,-0.0016785,4.9109
0.029755,-0.0022888,4.917
0.028687,-0.0015259,4.9097
0.02655,0.00061035,4.9109
0.025024,0.0013733,4.906
0.02243,0.00091553,4.8962
0.022583,0.00091553,4.9109
0.021362,0,4.9072
0.020447,-0.0013733,4.9109
0.020599,-0.0010681,4.8914
0.020599,-0.00061035,4.9109
0.020294,0.0010681,4.9158
0.020142,0.0035095,4.9158
0.020752,0.0019836,4.9194
0.020905,0.0022888,4.9194
0.020905,0.00091553,4.9243
0.020294,0.00015259,4.9255
0.020294,-0.00061035,4.9292
0.019989,-0.00061035,4.9268
0.019989,0.00015259,4.9292
0.020294,0.0013733,4.9341
0.02182,0.0013733,4.9353
0.02243,0.00045776,4.9438
0.023499,-0.00045776,4.9304
0.021515,-0.0010681,4.917
0.023956,-0.0016785,4.9341
0.022888,-0.0016785,4.9268
0.021973,-0.0027466,4.9316
0.02182,-0.0013733,4.9353
0.02121,-0.0035095,4.9353
0.019989,-0.0048828,4.9377
0.018921,-0.005188,4.9341
0.017548,-0.0053406,4.9353
0.017242,-0.0035095,4.928
0.016022,-0.0010681,4.9341
0.015106,-0.0012207,4.928
0.014801,-0.00076294,4.928
0.014648,-0.0015259,4.9316
0.013733,-0.0022888,4.9231
0.013275,-0.0015259,4.9207
0.014496,-0.00015259,4.9158
0.015106,0.0018311,4.9133
0.014496,0.0021362,4.917
0.016022,0.0021362,4.9146
0.016174,0.0012207,4.9109
0.0177,-0.00015259,4.917
0.018921,-0.0015259,4.9084
0.020447,0.00045776,4.895
0.022583,0,4.906
0.022888,-0.00015259,4.9121
0.023193,0.00091553,4.906
0.023651,-0.00061035,4.9097
0.023499,-0.0013733,4.8901
0.024567,-0.0028992,4.9121
0.024261,-0.00015259,4.9084
0.024872,0.0021362,4.9121
0.025482,0.0038147,4.9207
0.027618,0.0036621,4.9133
0.025177,0.0035095,4.9219
0.025024,0.0019836,4.9182
0.025482,0.00061035,4.9048
0.025635,0.00045776,4.917
0.027008,0.0022888,4.9219
0.027313,0.0032043,4.9255
0.027313,0.0045776,4.9255
0.024872,0.0033569,4.9243
0.023956,0.0015259,4.9316
0.022888,0.00030518,4.9316
0.019226,-0.00015259,4.9329
0.022583,0.00015259,4.9268
0.024109,0.00091553,4.9329
0.023041,-0.00061035,4.9292
0.023041,0.00045776,4.9329
0.02121,0.00091553,4.9402
0.021362,-0.0021362,4.9341
0.02182,-0.002594,4.9329
0.024567,-0.0022888,4.9377
0.023193,-0.00045776,4.9353
0.023346,-0.00015259,4.9329
0.023346,-0.00091553,4.928
0.024567,-0.00015259,4.9341
0.024109,0.00015259,4.9304
0.025177,0.00030518,4.9268
0.026245,0.0013733,4.928
0.027161,0.0018311,4.9243
0.028229,0.0033569,4.9243
0.029602,0.0021362,4.9194
0.02655,0.0012207,4.9231
0.025482,0,4.9182
0.024109,-0.0010681,4.9194
0.022888,-0.0022888,4.9023
0.020294,-0.00076294,4.9182
0.020142,-0.00030518,4.9243
0.019379,-0.0079346,4.9146
0.019073,-0.0021362,4.9243
0.018768,-0.0033569,4.9097
0.018158,-0.0042725,4.9023
0.018921,-0.0036621,4.9109
0.018921,-0.0064087,4.9109
0.019379,-0.0010681,4.9084
0.019836,-0.00030518,4.9084
0.019226,-0.0015259,4.9072
0.019226,-0.0018311,4.9097
0.019073,-0.0013733,0.039063
0.019073,-0.00030518,0.043945
0.019531,0.0015259,0.040283
0.019684,0.0028992,0.045166
0.021667,0.0038147,0.046387
0.022888,0.0019836,0.048828
0.023499,0.0027466,0.058594
0.025787,0.0022888,0.05249
0.027313,0.002594,0.043945
0.028687,0.0022888,0.057373
0.028992,0.0042725,0.056152
0.029144,0.0022888,0.062256
0.028839,0.0016785,0.057373
0.027618,-0.0019836,0.059814
0.025024,0.0015259,0.061035
0.023956,0.0022888,0.061035
0.021973,0.0032043,0.062256
0.021057,0.0041199,0.05249
0.02182,0.0048828,0.059814
0.021973,0.0028992,0.058594
0.022583,0.0022888,0.064697
0.022888,0.0032043,0.068359
0.022888,0.0041199,0.065918
0.023346,0.005188,0.063477
0.023956,0.0059509,0.065918
0.02243,0.0067139,0.074463
0.020599,0.0057983,0.061035
0.019836,0.0050354,0.067139
0.018921,0.0045776,0.059814
0.017242,0.0050354,0.042725
0.017395,0.0056458,0.047607
0.017548,0.0059509,0.048828
0.019226,0.0057983,0.047607
0.020905,0.005188,0.047607
0.021667,0.0048828,0.043945
0.021973,0.0041199,0.047607
0.021667,0.0045776,0.045166
0.02121,0.0054932,0.043945
0.020447,0.0041199,0.041504
0.018311,0.002594,0.043945
0.019073,0.0010681,0.037842
0.017395,-0.0019836,0.041504
0.014343,-0.0036621,0.050049
0.016937,-0.005188,0.040283
0.016327,-0.004425,0.039063
0.017242,-0.0036621,0.041504
0.019073,-0.0032043,0.024414
0.019531,-0.0019836,0.037842
0.020142,-0.0042725,0.039063
0.02121,-0.0015259,0.039063
0.02243,-0.0010681,0.040283
0.022888,-0.0010681,0.040283
0.02243,0.00015259,0.045166
0.024109,0.0016785,0.047607
0.024719,0.0022888,0.05249
0.025177,0.0028992,0.048828
0.024872,0.0038147,0.054932
0.024872,0.0042725,0.056152
0.024719,0.0047302,0.059814
0.024872,0.0038147,0.059814
0.024414,0.0065613,0.063477
0.026245,0.0057983,0.061035
0.02594,0.0050354,0.063477
0.027313,0.0039673,0.076904
0.026855,0.0027466,0.058594
0.026093,0.0027466,0.05127
0.023956,0.0032043,0.062256
0.024261,0.0041199,0.061035
0.025787,0.0045776,0.061035
0.024414,0.0050354,0.068359
0.023193,0.005188,0.064697
0.023041,0.0045776,0.068359
0.022736,0.0047302,0.062256
0.02182,0.0033569,0.068359
0.022125,0.004425,0.056152
0.022888,0.0039673,0.062256
0.023041,0.0028992,0.059814
0.023651,0.0019836,0.057373
0.022888,0.0016785,0.056152
0.021362,0.0012207,0.05249
0.020599,0.0013733,0.050049
0.020599,0.0022888,0.048828
0.021667,0.0028992,0.045166
0.02243,0.0024414,0.040283
0.022888,0.0013733,0.043945
0.022278,0.0010681,0.040283
0.022125,0.00030518,0.042725
0.02243,0.00091553,0.041504
0.020447,0.0028992,0.040283
0.02243,0.0038147,0.036621
0.022278,0.00045776,0.041504
0.02243,0.0042725,0.037842
0.021515,0.0038147,0.041504
0.021515,0.0028992,0.036621
0.019989,0.002594,0.040283
0.019989,-0.00091553,0.036621
0.019684,0.0047302,0.042725
0.020905,0.0056458,0.05249
0.021057,0.0056458,0.042725
0.020905,0.0056458,0.05127
0.020294,0.0045776,0.045166
0.018921,0.0042725,0.03418
0.014648,0.0039673,0.048828
0.017853,0.0048828,0.048828
0.01709,0.0054932,0.054932
0.016479,0.0053406,0.056152
0.016632,0.0048828,0.054932
0.016785,0.0036621,0.059814
0.016632,0.0027466,0.062256
0.016632,0.0024414,0.064697
0.016937,0.0022888,0.061035
0.017548,0.0035095,0.062256
0.017242,0.0041199,0.061035
0.017242,0.0062561,0.062256
0.017853,0.0022888,0.06958
0.017548,0.0013733,0.056152
0.017853,0.00061035,0.062256
0.018158,0.00061035,0.067139
0.018158,0.00015259,3.9612
0.018158,-0.00045776,4.8694
0.019073,-0.00015259,4.9243
0.019073,-0.0012207,4.9304
0.019836,-0.0016785,4.9304
0.019989,-0.0016785,4.9243
0.019989,0.00045776,4.9268
0.019073,-0.00061035,4.9207
0.019684,-0.00076294,4.9158
0.019531,-0.00076294,4.9182
0.018768,-0.002594,4.9158
0.018311,-0.0024414,4.9158
0.017395,-0.0024414,4.9207
0.018158,-0.0035095,4.917
0.017853,-0.002594,4.9182
0.019226,-0.0024414,4.9207
0.019073,-0.0018311,4.9158
0.017548,-0.00015259,4.9158
0.020599,0.00061035,4.9109
0.020599,0.00030518,4.8999
0.020752,0.00076294,4.9146
0.020905,0,4.9084
0.020447,0.00030518,4.9097
0.020447,0.00030518,4.9097
0.020142,0.00061035,4.9109
0.021057,0.00076294,4.9109
0.021667,0.00061035,4.9084
0.022888,-0.00030518,4.9133
0.023804,0.00015259,4.9133
0.022888,0.0012207,4.9158
0.024261,0.0021362,4.917
0.024261,0.0041199,4.9207
0.022736,0.0076294,4.9194
0.023651,0.0041199,4.9255
0.021667,0.0032043,4.9255
0.020294,0.0030518,4.928
0.019226,-0.00030518,4.9353
0.018158,0.0027466,4.9304
0.016632,0.0028992,4.9158
0.015564,-0.00015259,4.9304
0.015869,0.00076294,4.9292
0.014343,-0.0018311,4.9316
0.014496,-0.0035095,4.9292
0.014496,-0.0061035,4.9292
0.013885,-0.005188,4.9353
0.011902,-0.0050354,4.9304
0.011902,-0.0050354,4.9243
0.012054,-0.0062561,4.9341
0.013428,-0.0048828,4.9377
0.014191,-0.004425,4.9329
0.015411,-0.0036621,4.9365
0.016479,-0.0024414,4.9463
0.017548,-0.0013733,4.9341
0.018616,-0.0013733,4.9255
0.019531,-0.0013733,4.9255
0.021057,0,4.9109
0.022736,0.00061035,4.9243
0.024567,0.0015259,4.9194
0.025482,0.00061035,4.9219
0.02533,0.0018311,4.917
0.025024,0.0015259,4.9158
0.024719,0.0019836,4.9036
0.024567,0.00061035,4.9158
0.02533,0.00061035,4.9146
0.02655,0.00045776,4.9084
0.026703,0.00076294,4.9146
0.025787,0.0019836,4.9109
0.024414,0.0027466,4.9158
0.022583,0.0032043,4.9084
0.025787,0.0027466,4.9109
0.020294,0.0030518,4.9158
0.019531,0.0018311,4.9097
0.018158,0.0012207,4.9109
0.017242,0.0018311,4.9097
0.016174,0.00076294,4.9023
0.016327,0.00045776,4.9097
0.016327,0.00015259,4.9194
0.017548,-0.00015259,4.9109
0.018616,0.00015259,4.9158
0.019989,-0.00015259,4.917
0.019684,0.0010681,4.9219
0.018921,0.0018311,4.9207
0.018158,0.0015259,4.928
0.017242,0.0016785,4.9243
0.015564,0.0016785,4.9304
0.016479,0.0010681,4.9304
0.016174,0.00045776,4.9329
0.016327,-0.00030518,4.9463
0.015869,-0.00061035,4.9341
0.01709,-0.0015259,4.9365
0.01709,-0.0015259,4.9304
0.018616,-0.0027466,4.9255
0.018921,-0.0028992,4.9329
0.019531,-0.002594,4.9292
0.019226,-0.0024414,4.9304
0.017548,-0.0018311,4.9341
0.016632,-0.0012207,4.9341
0.015106,-0.0016785,4.9353
0.014343,-0.0016785,4.9353
0.014801,-0.0010681,4.9341
0.016479,-0.00061035,4.928
0.01709,0.00045776,4.9304
0.018768,0.0013733,4.9268
0.019379,0.0013733,4.9243
0.018311,-0.00015259,4.9231
0.019531,0.00030518,4.9243
0.017395,0.00061035,4.9268
0.016937,0.00030518,4.9231
0.016785,0.00061035,0.12939
0.016479,0.0012207,0.048828
0.015106,0.00091553,0.030518
0.015106,-0.00076294,0.039063
0.014954,-0.0021362,0.043945
0.016479,-0.0041199,0.039063
0.018311,-0.005188,0.042725
0.020905,-0.0048828,0.037842
0.022583,-0.0042725,0.041504
0.023651,-0.0016785,0.039063
0.022736,-0.00015259,0.042725
0.023499,0.00030518,0.042725
0.023346,0.00030518,0.042725
0.020599,0.00045776,0.041504
0.024719,0.00076294,0.042725
0.026093,0.0012207,0.057373
0.027466,0.0019836,0.045166
0.028076,0.0022888,0.050049
0.027924,0.0022888,0.045166
0.028687,0.0021362,0.03418
0.028839,0.0032043,0.048828
0.028534,0.0015259,0.053711
0.028992,0.0019836,0.058594
0.027466,0.0019836,0.056152
0.026398,0.0021362,0.054932
0.023956,0.0010681,0.061035
0.022278,0.00061035,0.061035
0.021667,-0.00015259,0.061035
0.021515,-0.00076294,0.056152
0.02182,-0.00030518,0.063477
0.023651,0.00015259,0.062256
0.022888,0.00030518,0.063477
0.023041,0.00015259,0.072021
0.021667,-0.00030518,0.062256
0.02121,-0.00030518,0.065918
0.02243,-0.00076294,0.065918
0.022278,0.00045776,0.080566
0.023346,0.00030518,0.065918
0.023956,-0.00015259,0.063477
0.024567,-0.0024414,0.062256
0.024719,-0.00061035,0.057373
0.02533,-0.00061035,0.053711
0.025177,0.00015259,0.058594
0.02594,0.00091553,0.05249
0.025787,0.0013733,0.053711
0.025787,0.002594,0.048828
0.024261,0.0018311,0.05127
0.022888,0.00015259,0.047607
0.02121,-0.00076294,0.050049
0.019836,-0.0021362,0.045166
0.020752,-0.00015259,0.045166
0.021973,0.0010681,0.05127
0.023499,0.0016785,0.043945
0.024414,0.00076294,0.046387
0.024109,-0.0016785,0.039063
0.024719,-0.0021362,0.028076
0.024261,-0.0028992,0.041504
0.023956,-0.0036621,0.039063
0.024109,-0.00076294,0.036621
0.024719,0.00030518,0.032959
0.025787,0.00015259,0.036621
0.027466,0.0022888,0.039063
0.027924,-0.0013733,0.037842
0.028381,-0.0019836,0.043945
0.028687,-0.0013733,0.041504
0.027924,0.00091553,0.046387
0.030518,0.0024414,0.046387
0.030823,0.0036621,0.050049
0.031586,0.0047302,0.050049
0.033417,0.0042725,0.053711
0.03067,0.0042725,0.057373
0.029297,0.0048828,0.056152
0.028076,0.005188,0.068359
0.027924,0.0053406,0.059814
0.028381,0.0068665,0.05127
0.029449,0.0067139,0.062256
0.029907,0.0067139,0.063477
0.029449,0.0074768,0.062256
0.028534,0.0065613,0.062256
0.027313,0.005188,0.057373
0.02655,0.0048828,0.068359
0.027313,0.0048828,0.061035
0.02655,0.0056458,0.064697
0.026398,0.0074768,0.064697
0.024109,0.0074768,0.06958
0.024109,0.0057983,0.061035
0.023346,0.0030518,0.065918
0.023956,0.0016785,0.078125
0.022583,-0.00015259,0.061035
0.023041,0.00045776,0.054932
0.021973,0.0013733,0.056152
0.020294,0.0022888,0.036621
0.019073,0.0012207,0.05249
0.018921,0,0.05249
0.018768,-0.0021362,0.045166
0.017853,0.00061035,0.048828
0.01709,0.0030518,0.041504
0.017395,0.0041199,0.048828
0.01709,0.0013733,0.041504
0.016632,0.0022888,0.043945
0.016632,-0.0018311,0.037842
0.016937,-0.0048828,0.045166
0.017242,-0.0057983,0.037842
0.018921,-0.0041199,0.041504
0.019684,-0.00061035,0.039063
0.02121,0.0015259,0.03418
0.022278,0.0012207,0.047607
0.02243,0.0019836,0.041504
0.022888,0.00030518,0.050049
0.022278,0.00061035,0.03418
0.024872,0.00091553,0.030518
0.025635,0.002594,0.039063
0.026398,0.0036621,0.041504
0.024261,0.0039673,0.042725
0.026398,0.0030518,0.045166
0.027161,0.0022888,0.047607
0.028229,-0.0010681,0.053711
0.031128,0.0036621,0.05249
0.029602,0.0062561,3.4119
0.029602,0.0080872,4.8352
0.028381,0.0085449,4.9231
0.027313,0.0083923,4.9304
0.026093,0.0057983,4.9341
0.026093,0.0022888,4.9353
0.027008,0.0041199,4.9329
0.026245,0.0012207,4.9316
0.026245,0.0015259,4.9329
0.026245,0.0018311,4.9365
0.024567,0.0013733,4.9341
0.025482,-0.00015259,4.9231
0.024872,-0.00045776,4.9316
0.024719,-0.00015259,4.9365
0.02533,0.00061035,4.9353
0.024567,0.0019836,4.9353
0.024414,0.0018311,4.9255
0.023346,0.0015259,4.9329
0.019684,0.0010681,4.928
0.02243,0,4.928
0.022125,-0.00030518,4.9231
0.02243,-0.00076294,4.906
0.02243,0.0015259,4.9194
0.021973,0.0027466,4.9255
0.021667,0.0036621,4.9353
0.021057,0.0033569,4.9194
0.019989,0.0024414,4.9207
0.019073,0.00091553,4.9146
0.018463,-0.00045776,4.9023
0.018463,-0.00061035,4.9109
0.019379,-0.0010681,4.9109
0.020142,-0.0012207,4.9109
0.020447,-0.00061035,4.9121
0.021057,-0.00076294,4.906
0.020905,-0.00076294,4.9109
0.021057,-0.00091553,4.9097
0.018005,-0.0010681,4.9084
0.020599,-0.00015259,4.9084
0.020447,0.00061035,4.9048
0.019379,0.0010681,4.9121
0.018768,0.00045776,4.9109
0.017853,0.00045776,4.9146
0.017395,-0.00091553,4.9109
0.018311,-0.0018311,4.9146
0.018616,-0.0021362,4.9182
0.019073,-0.0018311,4.9182
0.019226,-0.00045776,4.9219
0.019226,0.00076294,4.9121
0.018768,0.0013733,4.9268
0.018005,0.0013733,4.9292
0.018158,-0.00030518,4.9268
0.017853,-0.00076294,4.9304
0.017548,-0.0012207,4.9304
0.0177,-0.0010681,4.9329
0.0177,0.00030518,4.9304
0.018158,0.0015259,4.9353
0.018768,0.00045776,4.9304
0.019379,-0.0030518,4.9304
0.020447,-0.0027466,4.9292
0.021057,-0.0036621,4.9402
0.022583,-0.0019836,4.9438
0.021973,-0.00076294,4.9365
0.022583,-0.00061035,4.9414
0.022278,-0.00061035,4.9365
0.02182,-0.00091553,4.9207
0.02182,-0.0021362,4.9341
0.022583,-0.0022888,4.9255
0.023041,-0.0027466,4.9255
0.022583,-0.0012207,4.928
0.022278,-0.00076294,4.9219
0.020599,-0.0012207,4.9219
0.020447,-0.00061035,4.9182
0.020294,-0.0012207,4.9207
0.020142,-0.00061035,4.9133
0.018921,0,4.917
0.018158,0.00015259,4.9182
0.016327,0.00045776,4.9207
0.015717,0.00030518,4.9158
0.015411,-0.00030518,4.9146
0.016022,-0.00045776,4.9097
0.016937,-0.00091553,4.9072
0.0177,0.00076294,4.9084
0.01709,-0.0036621,4.9109
0.018768,0.0016785,4.9133
0.018921,0.0024414,4.9084
0.019836,0.0018311,4.9109
0.019989,0.0018311,4.9097
0.019836,0.0019836,4.9097
0.019684,0.0027466,4.906
0.018921,0.00091553,4.9158
0.018311,0.0030518,4.9084
0.017242,0.0024414,4.9182
0.016327,0.0013733,4.9158
0.016022,0.00045776,4.9231
0.016174,0.00045776,4.9207
0.015259,0.0010681,4.9255
0.016174,0.0016785,4.9316
0.015717,0.0019836,4.9304
0.015869,0.0024414,4.939
0.015717,0.0027466,4.9341
0.015411,0.0022888,4.9158
0.015869,0.00091553,4.9304
0.015717,-0.00030518,4.9329
0.015259,0.00015259,4.9304
0.014801,-0.0012207,4.9304
0.014191,-0.00030518,4.9304
0.013733,0.0022888,4.9353
0.012817,0.0019836,4.9329
0.013275,0.0021362,4.9365
0.014496,0.0013733,0.057373
0.016632,0.00030518,0.073242
0.018616,0.00076294,0.064697
0.021057,0.0015259,0.065918
0.020142,0.0030518,0.074463
0.023499,0.0048828,0.062256
0.024414,0.004425,0.057373
0.024109,0.0036621,0.057373
0.024261,0.0015259,0.05127
0.024109,0.0038147,0.05249
0.023499,0.0038147,0.048828
0.023346,0.0059509,0.047607
0.022125,0.0076294,0.048828
0.020752,0.0083923,0.042725
0.020599,0.0079346,0.047607
0.020905,0.0067139,0.041504
0.021362,0.0071716,0.045166
0.021667,0.0059509,0.037842
0.02243,0.0061035,0.040283
0.02243,0.0059509,0.036621
0.02182,0.0056458,0.041504
0.020599,0.0045776,0.041504
0.018158,0.0022888,0.041504
0.017395,0.0010681,0.047607
0.015106,0.00045776,0.042725
0.014191,0.0013733,0.05127
0.013733,0.0056458,0.036621
0.015717,0.0016785,0.031738
0.012817,0.00091553,0.040283
0.013123,-0.0013733,0.041504
0.014191,-0.002594,0.041504
0.015564,-0.0012207,0.047607
0.016327,-0.00045776,0.047607
0.017395,0.0022888,0.053711
0.017548,0.0045776,0.050049
0.018768,0.0053406,0.057373
0.01709,0.0041199,0.053711
0.016327,0.0024414,0.059814
0.014191,0.0019836,0.062256
0.014496,0.0030518,0.064697
0.015717,0.0054932,0.070801
0.0177,0.0086975,0.061035
0.018616,0.0073242,0.063477
0.019379,0.0057983,0.062256
0.018768,0.0036621,0.064697
0.019379,0.0028992,0.064697
0.019379,0.0022888,0.061035
0.019531,0.0036621,0.063477
0.020294,0.0050354,0.067139
0.019379,0.0061035,0.061035
0.017548,0.0045776,0.068359
0.015259,0.004425,0.062256
0.013428,0.002594,0.065918
0.012665,0.0054932,0.057373
0.011597,0.0012207,0.059814
0.011139,0.0012207,0.057373
0.011139,0.0022888,0.058594
0.011902,0.0016785,0.046387
0.012817,0.0015259,0.05249
0.012665,0.00030518,0.061035
0.013275,-0.00030518,0.050049
0.014191,-0.0030518,0.05249
0.014496,-0.0019836,0.047607
0.016327,-0.00030518,0.037842
0.020294,0.0013733,0.040283
0.018158,0.0024414,0.042725
0.018921,0.0022888,0.041504
0.019379,0.00015259,0.037842
0.020599,-0.0019836,0.037842
0.021515,-0.0024414,0.041504
0.023956,-0.00061035,0.037842
0.024261,-0.0035095,0.040283
0.028229,0.002594,0.036621
0.028381,0.0016785,0.043945
0.027161,-0.00015259,0.037842
0.025787,-0.0019836,0.041504
0.026093,-0.0018311,0.058594
0.02655,-0.00015259,0.046387
0.026245,0.0041199,0.040283
0.025024,0.0024414,0.047607
0.024261,0.0016785,0.046387
0.023651,-0.00045776,0.048828
0.023499,-0.0027466,0.036621
0.022736,-0.0038147,0.05249
0.023346,-0.0019836,0.053711
0.024872,0.00061035,0.054932
0.023651,0.0021362,0.061035
0.023346,0.0012207,0.057373
0.023346,-0.0013733,0.063477
0.022278,-0.0015259,0.059814
0.022125,-0.00030518,0.062256
0.023193,-0.00061035,0.061035
0.024109,0.00091553,0.064697
0.024872,0.0016785,0.062256
0.02533,0.0032043,0.064697
0.02533,0.0039673,0.070801
0.026398,0.0027466,0.067139
0.027008,0.0018311,0.072021
0.027618,0.00045776,0.068359
0.028076,0.00030518,0.056152
0.029144,0.00091553,0.058594
0.028229,0.00091553,0.061035
0.028992,0.00030518,0.056152
0.028992,-0.0010681,0.054932
0.027771,-0.002594,0.05249
0.029297,-0.002594,0.05127
0.026398,-0.00076294,0.037842
0.026245,0.00091553,0.05249
0.026398,0.005188,0.043945
0.025177,0.0015259,0.047607
0.024872,0.00045776,0.047607
0.023041,-0.0012207,0.045166
0.023804,-0.0022888,0.042725
0.023651,-0.00015259,0.041504
0.024261,0.0016785,0.042725
0.025787,0.0027466,0.040283
0.027924,0.0038147,0.042725
0.027618,0.0027466,0.043945
0.028229,0.00076294,4.5825
0.027618,0,4.8853
0.027618,0,4.9036
0.028076,0.0013733,4.9072
0.028992,0.0032043,4.9097
0.029449,0.0041199,4.906
0.029449,0.0032043,4.9109
0.03006,0.0035095,4.9109
0.03006,0.0019836,4.9158
0.031586,0.0015259,4.9133
0.032501,0.0032043,4.9219
0.03418,0.004425,4.9231
0.03479,0.0057983,4.9194
0.033722,0.0071716,4.9353
0.03479,0.0057983,4.9268
0.033417,0.0045776,4.9304
0.033722,0.0030518,4.9329
0.033722,0.0032043,4.9231
0.033722,0.0038147,4.9243
0.033722,0.0056458,4.9292
0.033264,0.0057983,4.9304
0.031891,0.0061035,4.9292
0.031891,0.0048828,4.9304
0.031891,0.0035095,4.9329
0.032806,0.002594,4.9304
0.031586,0.0024414,4.9377
0.03067,0.0035095,4.9316
0.029907,0.0039673,4.9377
0.027924,0.004425,4.9194
0.027161,0.0030518,4.9365
0.026093,0.0024414,4.9304
0.025787,0.0010681,4.9341
0.026093,0.0015259,4.9341
0.02533,0.0012207,4.928
0.025177,0.0019836,4.9365
0.024414,0.00076294,4.9255
0.024109,0.00076294,4.9097
0.024567,-0.00091553,4.9121
0.025024,-0.002594,4.9146
0.026703,-0.0033569,4.9133
0.027466,-0.0018311,4.9182
0.026703,0.00091553,4.9121
0.027313,0.0022888,4.9121
0.025787,0.0042725,4.9097
0.025787,0.0038147,4.9121
0.02594,0.0022888,4.9036
0.026398,0.0010681,4.9146
0.027313,0,4.9097
0.027161,-0.00045776,4.9121
0.027008,-0.00030518,4.9109
0.026093,-0.00015259,4.9011
0.025635,-0.0019836,4.9121
0.025635,-0.0030518,4.9072
0.025177,-0.0038147,4.9036
0.026245,-0.0041199,4.9158
0.026245,-0.0035095,4.9121
0.026093,-0.0018311,4.9146
0.025482,-0.00076294,4.917
0.024567,-0.00030518,4.9207
0.024109,-0.0015259,4.9207
0.023346,-0.0027466,4.9194
0.022583,-0.0041199,4.9304
0.02533,-0.0039673,4.9268
0.026703,-0.0038147,4.9304
0.027161,-0.0027466,4.9304
0.027008,-0.0022888,4.9341
0.025482,-0.0022888,4.9304
0.02594,-0.0030518,4.9243
0.02655,-0.0038147,4.9365
0.027618,-0.004425,4.9329
0.028534,-0.0035095,4.939
0.028839,-0.0019836,4.9304
0.027618,0,4.9219
0.026245,0.0010681,4.9341
0.02533,0.0021362,4.9353
0.024872,0.0016785,4.9365
0.026398,0.0021362,4.9341
0.02655,0.0012207,4.9268
0.027313,0.00091553,4.9329
0.028839,0.0024414,4.9292
0.024261,0.0024414,4.9304
0.02243,0.0018311,4.9243
0.022125,0.00076294,4.9292
0.022125,-0.0021362,4.9219
0.022278,-0.0015259,4.9219
0.021667,-0.00091553,4.928
0.02121,0.0027466,4.9194
0.018921,0.0022888,4.9182
0.018158,0.0024414,4.906
0.015564,0.0028992,4.8987
0.016937,0.0016785,4.9109
0.017395,0.00091553,4.9133
0.018158,0.00030518,4.9109
0.018616,0,4.9109
0.016479,0.00091553,4.9072
0.016022,0.00091553,4.9109
0.014343,0.00045776,4.9097
0.013733,0.00091553,4.9109
0.014954,0.0013733,4.9023
0.015869,0.0010681,4.9133
0.016937,0.0021362,4.9109
0.017395,0.0045776,4.9158
0.016937,0.005188,4.9121
0.016785,0.0057983,4.917
0.017853,0.0064087,4.9194
0.018005,0.0047302,4.9194
0.018311,0.0033569,4.9292
0.019379,0.0021362,4.9243
0.018463,0.0012207,4.9158
0.016022,0.0015259,4.9304
0.015717,0.0022888,0.058594
0.015106,0.0018311,0.058594
0.014648,0.002594,0.063477
0.01358,0.0019836,0.058594
0.016022,0.00030518,0.062256
0.0177,0.00076294,0.059814
0.019073,0.00045776,0.063477
0.0177,0.0019836,0.059814
0.017853,0.0027466,0.064697
0.018005,0.0032043,0.062256
0.017395,0.0022888,0.067139
0.020905,0.0027466,0.076904
0.022125,0.0027466,0.068359
0.021667,0.0010681,0.067139
0.019684,0.0035095,0.064697
0.017242,0.0035095,0.053711
0.015564,0.0038147,0.061035
0.016022,0.004425,0.056152
0.016174,0.0045776,0.05249
0.019684,0.0045776,0.054932
0.021057,0.0047302,0.050049
0.020905,0.004425,0.047607
0.020294,0.0041199,0.047607
0.019836,0.0042725,0.05249
0.020905,0.0042725,0.042725
0.021973,0.0028992,0.05127
0.023956,0.0038147,0.046387
0.023346,0.0041199,0.045166
0.018768,0.0041199,0.039063
0.019989,0.0042725,0.042725
0.017853,0.004425,0.048828
0.01709,0.0047302,0.036621
0.017395,0.0056458,0.047607
0.018463,0.0042725,0.042725
0.019836,0.0042725,0.030518
0.020142,0.0053406,0.036621
0.0177,0.0032043,0.040283
0.016174,0.0024414,0.041504
0.014954,0.0018311,0.039063
0.014343,0.0019836,0.039063
0.014801,0.0013733,0.043945
0.016632,0.00091553,0.043945
0.017548,0.00061035,0.048828
0.016785,0.00015259,0.046387
0.015106,-0.00015259,0.053711
0.013428,0.00030518,0.054932
0.012817,0.0012207,0.059814
0.011597,0.0018311,0.070801
0.014343,0.0018311,0.061035
0.016327,0.0018311,0.063477
0.016937,0.0024414,0.063477
0.016479,0.0021362,0.056152
0.014801,0.0024414,0.057373
0.016022,0.0015259,0.057373
0.019073,-0.0013733,0.061035
0.02243,0.0018311,0.061035
0.024719,0.0013733,0.059814
0.026093,0.00091553,0.063477
0.024719,-0.0013733,0.065918
0.022125,0.0018311,0.067139
0.019531,0.00091553,0.063477
0.0177,0.0013733,0.065918
0.018463,0.00076294,0.061035
0.018311,0.00061035,0.063477
0.018921,0.0010681,0.059814
0.016022,0.00030518,0.053711
0.018616,0.00076294,0.062256
0.019379,0.00045776,0.05249
0.02121,0.00061035,0.064697
0.023346,0.0024414,0.050049
0.026855,0.0013733,0.040283
0.026245,0.00015259,0.046387
0.024719,0.00091553,0.042725
0.02182,0.00030518,0.042725
0.018616,0.00091553,0.045166
0.017242,0.0021362,0.039063
0.018005,0.0015259,0.041504
0.019989,0.0018311,0.040283
0.022125,0.00076294,0.041504
0.023804,0,0.036621
0.022736,0.00076294,0.042725
0.021057,0.0013733,0.042725
0.019836,0.0010681,0.042725
0.019836,0.00076294,0.043945
0.019989,-0.0012207,0.039063
0.020447,-0.0033569,0.037842
0.019073,-0.0050354,0.039063
0.016479,-0.0053406,0.036621
0.013428,-0.0042725,0.042725
0.012665,-0.0024414,0.050049
0.01297,-0.00045776,0.043945
0.014954,0.0010681,0.05127
0.017548,0.0024414,0.05249
0.020447,0.00091553,0.053711
0.020599,-0.0027466,0.054932
0.019226,-0.0024414,0.058594
0.0177,0.00076294,0.056152
0.015717,0.0027466,0.063477
0.016174,0.0035095,0.063477
0.016632,0.0030518,0.064697
0.017548,0.00061035,0.057373
0.01709,-0.0019836,0.062256
0.016785,-0.0035095,0.072021
0.015869,-0.0030518,0.058594
0.015411,-0.0019836,0.068359
0.016632,-0.00076294,0.065918
0.0177,-0.0015259,0.045166
0.020905,-0.002594,0.063477
0.021667,-0.0041199,0.061035
0.021973,-0.0047302,0.063477
0.02182,-0.0033569,0.062256
0.021515,0.00015259,0.059814
0.020905,0.0033569,0.062256
0.022583,0.0054932,0.054932
0.023956,0.0059509,0.056152
0.024872,0.0047302,0.05127
0.026093,0.0041199,4.0894
0.026245,0.004425,4.8682
0.026703,0.0053406,4.9158
0.027161,0.0067139,4.9182
0.028839,0.0062561,4.917
0.03006,0.005188,4.9146
0.031281,0.0024414,4.9158
0.031738,-0.00076294,4.906
0.029755,-0.002594,4.9097
0.027008,-0.0028992,4.9133
0.023956,-0.0015259,4.9097
0.022583,0.00015259,4.8962
0.02182,-0.00015259,4.906
0.022583,-0.00030518,4.9072
0.022888,-0.0028992,4.906
0.023041,-0.0062561,4.906
0.022125,-0.0054932,4.8914
0.02243,-0.0038147,4.9158
0.020905,-0.00091553,4.9097
0.02243,0.0016785,4.9146
0.024261,0.0018311,4.9109
0.026093,-0.00015259,4.9158
0.027466,-0.0013733,4.9316
0.028229,-0.0018311,4.9194
0.027466,0.002594,4.9304
0.027618,0.0028992,4.9255
0.028687,0.0045776,4.9194
0.03067,0.0048828,4.9316
0.032806,0.0035095,4.9316
0.033722,0.00045776,4.9292
0.033112,-0.00061035,4.9304
0.03067,-0.00076294,4.928
0.03067,0.00091553,4.9316
0.029602,0.0032043,4.9207
0.029144,0.0041199,4.9353
0.03006,0.0032043,4.9304
0.028992,0.00045776,4.9341
0.028229,-0.002594,4.9353
0.026245,-0.0039673,4.939
0.024261,-0.0041199,4.939
0.022278,-0.0021362,4.9402
0.022125,0.00030518,4.9377
0.023041,0.0033569,4.9341
0.023651,-0.00091553,4.9353
0.023193,-0.002594,4.9292
0.02182,-0.0035095,4.9292
0.02121,-0.0027466,4.9207
0.019226,0.00015259,4.9255
0.018616,0.0038147,4.9231
0.022736,0.0062561,4.9207
0.024109,0.0059509,4.9133
0.02655,0.0038147,4.9194
0.027771,0.0024414,4.917
0.028229,0.0024414,4.917
0.028839,0.0033569,4.9048
0.028076,0.0050354,4.917
0.028687,0.0059509,4.9109
0.030823,0.0057983,4.9121
0.031586,0.0035095,4.9243
0.033264,0.0015259,4.9109
0.031738,-0.00015259,4.9158
0.029907,0.0015259,4.9109
0.028381,0.0022888,4.8926
0.027771,0.0042725,4.9097
0.029449,0.0056458,4.9133
0.031433,0.0047302,4.9048
0.032043,0.0038147,4.9109
0.031891,0.0028992,4.9097
0.030975,0.0033569,4.9133
0.027008,0.0053406,4.9048
0.024414,0.0076294,4.9219
0.023041,0.0079346,4.9194
0.024872,0.0083923,4.9268
0.024567,0.0068665,4.9255
0.025177,0.0054932,4.9292
0.023956,0.005188,4.9255
0.024261,0.005188,4.9329
0.020752,0.0073242,4.9316
0.020294,0.0079346,4.9329
0.02121,0.0088501,4.9402
0.023193,0.005188,4.9158
0.022583,0.0030518,4.9304
0.02121,0.0021362,4.9329
0.019684,0.00091553,4.9304
0.017548,0.0045776,4.9292
0.01709,0.0057983,4.9353
0.019226,0.0056458,4.939
0.021973,0.0050354,4.939
0.023804,0.0039673,4.9341
0.025177,0.002594,4.9377
0.024261,0.005188,4.9304
0.023346,0.0050354,4.9341
0.022888,0.0076294,4.928
0.022888,0.0076294,4.9304
0.023346,0.0065613,4.9341
0.024719,0.0035095,4.9243
0.024261,0.00076294,4.9231
0.023956,-0.00091553,4.9158
0.02243,-0.00030518,4.9072
0.020752,0.0010681,4.9158
0.020752,0.0018311,4.9133
0.021667,0.0013733,4.9146
0.022888,0.00076294,4.9158
0.023651,-0.0016785,4.9109
0.023193,-0.0030518,4.9109
0.022278,-0.0027466,4.9109
0.020447,-0.0013733,4.9109
0.019684,0.0010681,4.906
0.020752,0.0022888,4.9121
0.022583,0.00091553,4.9109
0.025635,-0.0013733,4.9146
0.027771,-0.0038147,0.037842
0.025787,-0.0041199,0.039063
0.029144,-0.0028992,0.041504
0.028229,0.0016785,0.040283
0.029907,0.0050354,0.042725
0.030823,0.0068665,0.046387
0.033875,0.0041199,0.037842
0.035248,0.0010681,0.043945
0.033569,0,0.047607
0.031433,0.0015259,0.054932
0.031281,0.0042725,0.05249
0.029907,0.007019,0.054932
0.030518,0.010376,0.058594
0.030975,0.0050354,0.058594
0.030823,0.0018311,0.062256
0.029907,-0.0015259,0.061035
0.028381,-0.0030518,0.064697
0.026093,-0.002594,0.053711
0.023956,-0.00091553,0.061035
0.022888,0.00061035,0.073242
0.022125,0.00030518,0.062256
0.022736,-0.0010681,0.065918
0.022125,-0.0018311,0.068359
0.020294,-0.002594,0.045166
0.018921,-0.0021362,0.063477
0.017395,0.00061035,0.067139
0.016632,0.0016785,0.064697
0.017242,0.0027466,0.063477
0.017853,0.0019836,0.054932
0.017853,-0.00015259,0.058594
0.018616,-0.00076294,0.053711
0.017853,-0.0015259,0.056152
0.01709,-0.00076294,0.050049
0.016937,0.00091553,0.053711
0.016327,0.00076294,0.050049
0.01709,-0.00061035,0.048828
0.018311,-0.0015259,0.05127
0.019989,-0.0018311,0.046387
0.019226,-0.0013733,0.046387
0.018768,0.00015259,0.041504
0.018616,0.0027466,0.037842
0.018158,0.0038147,0.040283
0.019226,0.0032043,0.043945
0.019684,0.0018311,0.041504
0.020752,-0.00015259,0.037842
0.020905,-0.00076294,0.037842
0.021057,-0.00045776,0.042725
0.019531,0.00030518,0.037842
0.018463,0.00030518,0.040283
0.018005,0.0021362,0.0354
0.019073,0.00061035,0.041504
0.019836,-0.00076294,0.037842
0.020599,-0.002594,0.045166
0.020447,-0.0028992,0.043945
0.019226,-0.0016785,0.047607
0.018463,-0.00015259,0.059814
0.018463,0.00091553,0.05127
0.018768,0.0013733,0.064697
0.019226,0.00030518,0.054932
0.019836,-0.0012207,0.045166
0.020447,-0.0022888,0.059814
0.020752,-0.0021362,0.058594
0.018921,-0.0012207,0.058594
0.018463,0.00030518,0.063477
0.018463,-0.0032043,0.059814
0.019684,-0.00076294,0.059814
0.020905,-0.0021362,0.058594
0.021515,-0.0038147,0.065918
0.021515,-0.0033569,0.057373
0.019989,-0.0030518,0.065918
0.019073,-0.0013733,0.070801
0.018768,-0.00076294,0.067139
0.018768,-0.00045776,0.067139
0.019684,-0.0010681,0.067139
0.020752,-0.0033569,0.067139
0.020599,-0.0050354,0.062256
0.019989,-0.005188,0.068359
0.019531,-0.0038147,0.057373
0.019531,-0.0016785,0.056152
0.020752,-0.00076294,0.05249
0.021973,-0.00061035,0.050049
0.023193,-0.0012207,0.047607
0.023956,-0.0016785,0.048828
0.023346,-0.0012207,0.045166
0.021667,-0.00091553,0.046387
0.020752,0.0010681,0.041504
0.019989,0.0032043,0.047607
0.019379,0.0022888,0.042725
0.020142,0.00045776,0.045166
0.020294,-0.00045776,0.039063
0.020294,-0.0016785,0.041504
0.019836,-0.00030518,0.05249
0.018768,0.00091553,0.041504
0.018005,0.0027466,0.041504
0.017242,0.0018311,0.041504
0.016937,0.00045776,0.021973
0.017242,-0.0016785,0.036621
0.016632,-0.0041199,0.037842
0.016327,-0.0035095,0.039063
0.015717,-0.0028992,0.041504
0.015564,-0.0018311,0.039063
0.015717,0.0010681,0.046387
0.016174,-0.0016785,0.045166
0.017242,-0.0033569,0.045166
0.018158,-0.0047302,0.046387
0.019531,-0.0047302,0.057373
0.020752,-0.0027466,0.056152
0.02182,0.00015259,0.059814
0.023193,0.0024414,0.061035
0.025482,0.0028992,0.063477
0.025635,0.0022888,0.061035
0.02655,0.00061035,0.062256
0.027161,-0.00030518,0.074463
0.028839,0.00015259,0.058594
0.028229,0.0012207,0.041504
0.026398,0.0032043,0.5188
0.026093,0.0035095,4.6729
0.025177,0.0033569,4.9097
0.024719,0.0021362,4.9268
0.024872,0.00045776,4.9353
0.024719,-0.00015259,4.9365
0.024872,0.0013733,4.9316
0.025024,0.0028992,4.9353
0.024719,0.0042725,4.9304
0.024567,0.0053406,4.9304
0.023956,0.0047302,4.9255
0.022125,0.0038147,4.9304
0.021515,0.0032043,4.9316
0.021515,0.0030518,4.9255
0.019836,0.0038147,4.9182
0.018768,0.0056458,4.9207
0.018463,0.007019,4.9121
0.01709,0.0065613,4.9158
0.016022,0.0056458,4.9158
0.016327,0.0048828,4.9158
0.017242,0.0074768,4.9146
0.0177,0.0057983,4.9146
0.017853,0.0062561,4.9084
0.016937,0.0047302,4.906
0.016785,0.0061035,4.9109
0.015106,0.0030518,4.906
0.014801,0.0022888,4.9146
0.014496,0,4.9109
0.015259,0.0035095,4.9146
0.015717,0.004425,4.906
0.014648,0.0050354,4.9133
0.015717,0.0050354,4.917
0.016479,0.0041199,4.9121
0.016785,0.0028992,4.9207
0.017242,0.0022888,4.9158
0.018005,0.0039673,4.9158
0.018311,0.0036621,4.917
0.017853,0.0036621,4.9219
0.014954,0.0027466,4.9207
0.014496,0.0012207,4.9255
0.012817,-0.00030518,4.9243
0.012665,-0.00091553,4.9341
0.013123,0.00015259,4.9316
0.014038,0.0022888,4.9329
0.015564,0.0041199,4.9268
0.016632,0.0010681,4.9341
0.016785,0.0047302,4.9304
0.018158,0.0041199,4.9353
0.018616,0.0035095,4.9414
0.019379,0.0038147,4.9353
0.015717,0.0056458,4.9329
0.022888,0.0065613,4.9377
0.024414,0.0082397,4.9402
0.024567,0.005188,4.9341
0.024261,0.0062561,4.9329
0.025177,0.0042725,4.9353
0.025177,0.0033569,4.9329
0.027313,0.0033569,4.9243
0.027618,0.0033569,4.9304
0.028229,0.0036621,4.9268
0.028839,0.0047302,4.9231
0.027924,0.0027466,4.9194
0.027008,0.0028992,4.9182
0.026703,0.0018311,4.917
0.02594,0.0018311,4.9207
0.023499,0.0016785,4.9182
0.023804,0.0010681,4.917
0.022278,0.0019836,4.9231
0.022278,0.0019836,4.9158
0.02121,0.0010681,4.9243
0.020752,-0.00015259,4.9109
0.020447,-0.0013733,4.9023
0.020294,0.0019836,4.9121
0.020599,-0.0013733,4.9084
0.021515,-0.0018311,4.906
0.022736,-0.0021362,4.9097
0.021973,-0.0028992,4.9072
0.02121,-0.0033569,4.9084
0.020752,-0.0032043,4.9084
0.02121,-0.0021362,4.9158
0.02243,-0.00015259,4.9097
0.024414,0.0016785,4.9133
0.026398,0.0041199,4.917
0.025787,0.0032043,4.9231
0.027618,0.0039673,4.9243
0.028687,0.0035095,4.9231
0.03006,0.0036621,4.9231
0.030823,0.0054932,4.9268
0.03067,0.0041199,4.9243
0.029602,0.0030518,4.9304
0.028992,0.0010681,4.9207
0.026398,0.00030518,4.9292
0.02533,-0.00045776,4.928
0.02533,-0.00061035,4.9316
0.026093,-0.00091553,4.9292
0.025177,0,4.9353
0.024414,0.00045776,4.9353
0.022583,-0.0015259,4.9316
0.023041,-0.0030518,4.9341
0.022583,-0.0038147,4.9341
0.023041,-0.0038147,4.9377
0.023346,-0.0039673,4.9341
0.024109,-0.0036621,4.939
0.024567,-0.0028992,4.9451
0.024109,0.0033569,4.9341
0.024872,-0.0027466,4.9414
0.02594,-0.0016785,4.9255
0.027618,-0.00015259,4.917
0.029144,0.0010681,4.9231
0.030365,0.0022888,4.9255
0.032043,0.0016785,4.9219
0.033875,0.0015259,0.056152
0.034637,0.0010681,0.046387
0.036011,0.00030518,0.047607
0.037079,0.00091553,0.043945
0.037689,0.0016785,0.046387
0.036163,0.00091553,0.042725
0.036163,0.0022888,0.042725
0.03479,0.0016785,0.042725
0.032654,0.00030518,0.042725
0.031433,-0.00045776,0.050049
0.029297,-0.00030518,0.041504
0.027313,0.00015259,0.039063
0.026703,0.00076294,0.040283
0.026093,0.00091553,0.024414
0.026398,0.00030518,0.036621
0.025177,0.00030518,0.037842
0.024567,0.00045776,0.041504
0.024872,0.0010681,0.042725
0.024567,0.0030518,0.041504
0.024872,0.0041199,0.043945
0.023651,0.0048828,0.046387
0.023193,0.004425,0.05127
0.022583,0.0041199,0.050049
0.021362,0.0035095,0.056152
0.021057,0.0036621,0.053711
0.020752,0.0036621,0.062256
0.020905,0.0030518,0.059814
0.019226,0.0018311,0.062256
0.020599,0.00076294,0.065918
0.020599,-0.00061035,0.062256
0.020142,-0.0012207,0.074463
0.018463,-0.0012207,0.061035
0.019684,-0.0016785,0.050049
0.020599,-0.0022888,0.061035
0.021973,-0.0028992,0.064697
0.022278,-0.0045776,0.061035
0.022278,-0.004425,0.065918
0.022125,-0.0047302,0.063477
0.022278,-0.0047302,0.065918
0.021667,-0.0064087,0.064697
0.022736,-0.0027466,0.067139
0.023041,-0.0022888,0.058594
0.023193,-0.0047302,0.059814
0.023041,-0.0028992,0.058594
0.023041,-0.0039673,0.054932
0.022736,-0.0038147,0.059814
0.023804,-0.0042725,0.047607
0.024872,-0.0032043,0.046387
0.026245,-0.0027466,0.050049
0.026245,-0.0021362,0.039063
0.027008,-0.0021362,0.047607
0.02655,-0.0021362,0.046387
0.026245,-0.0013733,0.043945
0.02533,-0.00045776,0.041504
0.025635,0.00076294,0.039063
0.026855,0.0021362,0.040283
0.027008,0.0028992,0.0354
0.027161,0.0019836,0.042725
0.027161,0.0024414,0.039063
0.027771,0.0016785,0.039063
0.027924,0.0022888,0.040283
0.027618,0.002594,0.040283
0.028839,0.0032043,0.036621
0.029602,0.0033569,0.045166
0.029907,0.0027466,0.05127
0.029297,0.0018311,0.042725
0.027924,0.00076294,0.05249
0.026093,0.00015259,0.046387
0.025787,0.00015259,0.0354
0.02533,0.00061035,0.046387
0.024719,0.00091553,0.05249
0.024414,0.0015259,0.053711
0.022125,-0.00045776,0.054932
0.022125,-0.0019836,0.054932
0.020752,-0.0022888,0.061035
0.018616,-0.0016785,0.059814
0.017853,0.00045776,0.061035
0.017395,0.00091553,0.059814
0.016632,0.0012207,0.065918
0.016479,0.0041199,0.062256
0.014801,0.00030518,0.062256
0.014496,0.00030518,0.076904
0.013733,0.00091553,0.063477
0.016479,0.002594,0.064697
0.016327,0.0039673,0.067139
0.018158,0.0054932,0.070801
0.018616,0.0061035,0.067139
0.019073,0.0050354,0.063477
0.019379,0.0045776,0.063477
0.019684,0.0045776,0.061035
0.020599,0.0059509,0.05249
0.021057,0.0067139,0.061035
0.020294,0.0076294,0.05249
0.019836,0.0091553,0.057373
0.019836,0.0080872,0.048828
0.018921,0.0085449,0.053711
0.019226,0.0080872,0.048828
0.018921,0.007782,0.048828
0.018921,0.0099182,0.045166
0.019684,0.0068665,0.046387
0.019226,0.0064087,0.05249
0.021667,0.0053406,0.042725
0.018158,0.004425,0.05127
0.017548,0.0041199,0.039063
0.016785,0.0048828,0.031738
0.015717,0.005188,0.047607
0.016327,0.0054932,0.037842
0.015106,0.005188,0.037842
0.014496,0.0056458,0.040283
0.015106,0.0048828,0.0354
0.014038,0.0032043,0.040283
0.013885,0.0024414,0.036621
0.014648,0.0012207,0.041504
0.015869,0.00076294,0.039063
0.01709,0.0013733,0.042725
0.018463,0.0013733,0.048828
0.019226,-0.0010681,2.2412
0.018921,0.0016785,4.762
0.019226,0.0016785,4.9084
0.020905,0.0016785,4.9207
0.023041,0.0022888,4.9231
0.021667,0.0028992,4.9329
0.02243,0.0035095,4.9304
0.022278,0.0039673,4.928
0.02243,0.0039673,4.9292
0.02243,0.0035095,4.9316
0.021667,0.0036621,4.9268
0.020752,0.0010681,4.9304
0.020447,0.0033569,4.9304
0.019073,0.0022888,4.9353
0.018616,0.0016785,4.9329
0.017548,0.00061035,4.9341
0.0177,-0.00076294,4.9329
0.016479,-0.0021362,4.9304
0.016785,-0.002594,4.9341
0.016479,-0.00076294,4.9377
0.015411,-0.0013733,4.9463
0.016327,-0.00045776,4.9316
0.014954,0.00061035,4.928
0.016327,0.00076294,4.9292
0.016479,0.0027466,4.9097
0.015259,0.0041199,4.9219
0.01709,0.0065613,4.9194
0.018005,0.0068665,4.9182
0.018921,0.0067139,4.917
0.020142,0.0064087,4.9158
0.019989,0.0054932,4.9182
0.021515,0.0036621,4.9158
0.020752,0.0018311,4.917
0.018921,0.0010681,4.9109
0.021057,0,4.9146
0.017548,-0.00091553,4.9133
0.016479,-0.0012207,4.9109
0.012665,0.0016785,4.9109
0.016479,-0.0035095,4.9121
0.017242,-0.0022888,4.9097
0.017395,-0.002594,4.9133
0.01709,-0.0038147,4.9121
0.016632,-0.0019836,4.9072
0.017395,-0.0019836,4.9109
0.0177,-0.0015259,4.9182
0.019379,-0.0019836,4.9109
0.020599,-0.0021362,4.9097
0.021515,-0.0013733,4.9158
0.021515,-0.0012207,4.9146
0.019989,-0.0016785,4.9219
0.019836,-0.0010681,4.9207
0.02182,-0.0010681,4.9243
0.023346,-0.00061035,4.9207
0.026398,-0.00030518,4.9292
0.027924,0.00061035,4.9292
0.026855,0.0018311,4.9341
0.027924,0.0021362,4.9426
0.025482,0.0010681,4.9353
0.025482,0.00061035,4.9377
0.025482,-0.0012207,4.9304
0.026245,-0.00061035,4.9304
0.027161,-0.00015259,4.9316
0.027313,0.00015259,4.9304
0.026398,0.00015259,4.9316
0.025482,-0.0015259,4.9341
0.025024,-0.0024414,4.9353
0.025635,-0.0021362,4.9365
0.025787,-0.00061035,4.9329
0.026245,0.0032043,4.9402
0.026093,0.0041199,4.9316
0.024414,0.004425,4.9329
0.021973,0.0045776,4.9268
0.020294,0.002594,4.928
0.019684,0.0022888,4.9231
0.019379,0.0016785,4.9231
0.018311,0.0021362,4.928
0.018158,0.002594,4.9231
0.017548,0.0019836,4.928
0.016174,-0.00091553,4.9194
0.014496,-0.0033569,4.9109
0.014954,-0.0059509,4.9146
0.015869,-0.007782,4.9207
0.01709,-0.0086975,4.9146
0.01709,-0.0082397,4.9109
0.017395,-0.0088501,4.9048
0.017395,-0.009613,4.9109
0.016174,-0.0093079,4.9084
0.016022,-0.0094604,4.9109
0.018463,-0.007782,4.9121
0.018311,-0.0056458,4.9133
0.02182,-0.005188,4.906
0.023346,-0.0039673,4.9133
0.025177,-0.0028992,4.9329
0.025635,-0.0036621,4.9109
0.026398,-0.0035095,4.9182
0.026398,-0.0033569,4.9146
0.026093,-0.0033569,4.9048
0.025177,-0.0036621,4.9207
0.024261,-0.0027466,4.9182
0.024872,-0.0021362,4.9219
0.025635,-0.00076294,4.9243
0.025635,0.00045776,4.9231
0.025024,0.00061035,4.9255
0.023804,0.00076294,4.9304
0.023499,0.0010681,4.9329
0.022736,0.00061035,4.9292
0.022583,0.00045776,4.9329
0.021057,0.00015259,4.9329
0.019379,-0.0015259,4.9353
0.016022,-0.002594,4.9329
0.015106,-0.0032043,0.065918
0.013428,-0.0041199,0.064697
0.013885,-0.004425,0.064697
0.015717,-0.0032043,0.070801
0.019684,-0.002594,0.063477
0.023346,-0.0010681,0.068359
0.026093,-0.00076294,0.064697
0.028229,-0.0013733,0.062256
0.030518,-0.0016785,0.056152
0.032501,-0.0013733,0.059814
0.033875,-0.0016785,0.053711
0.03479,-0.0019836,0.053711
0.032196,-0.00091553,0.048828
0.03006,-0.0019836,0.05249
0.027008,-0.0019836,0.042725
0.024872,-0.0015259,0.05127
0.021973,-0.0015259,0.045166
0.020447,-0.00091553,0.047607
0.02121,0.00045776,0.054932
0.022583,0.00015259,0.045166
0.024414,-0.00015259,0.050049
0.025787,-0.0016785,0.040283
0.026093,-0.0030518,0.030518
0.026093,-0.0035095,0.039063
0.026855,-0.0047302,0.042725
0.027008,-0.004425,0.0354
0.02655,-0.005188,0.040283
0.024719,-0.0074768,0.036621
0.022583,-0.0062561,0.037842
0.02121,-0.0057983,0.039063
0.020294,-0.0039673,0.040283
0.023193,-0.0018311,0.037842
0.022125,0.00015259,0.045166
0.023499,0.0028992,0.047607
0.025482,0.0039673,0.050049
0.023651,0.0038147,0.05249
0.027008,0.0030518,0.053711
0.026703,0.0013733,0.05249
0.026093,-0.00076294,0.05249
0.025024,-0.00091553,0.063477
0.023956,-0.0022888,0.059814
0.023346,-0.0024414,0.054932
0.022278,-0.0032043,0.058594
0.020447,-0.0038147,0.061035
0.020447,-0.005188,0.061035
0.020752,-0.0054932,0.058594
0.021362,-0.0054932,0.061035
0.022278,-0.004425,0.061035
0.022888,-0.0019836,0.059814
0.024567,-0.00091553,0.063477
0.02533,0.00045776,0.063477
0.025787,-0.00045776,0.067139
0.025635,0.00015259,0.063477
0.02533,0.0010681,0.067139
0.027161,0.0032043,0.078125
0.028534,0.0057983,0.059814
0.029449,0.0065613,0.05249
0.025787,0.004425,0.058594
0.029602,0.0050354,0.0354
0.029602,0.0033569,0.05127
0.03006,0.00076294,0.054932
0.030823,0.0030518,0.046387
0.030823,0.0047302,0.046387
0.029449,0.0056458,0.041504
0.028229,0.0053406,0.047607
0.027313,0.0064087,0.043945
0.026398,0.0074768,0.045166
0.025024,0.0080872,0.037842
0.025024,0.0082397,0.042725
0.024109,0.0094604,0.042725
0.024414,0.009613,0.042725
0.024109,0.0079346,0.039063
0.023651,0.0061035,0.036621
0.022888,0.0050354,0.041504
0.02182,0.0033569,0.043945
0.016785,0.002594,0.043945
0.020599,0.0019836,0.037842
0.020599,0.0024414,0.028076
0.020447,0.0041199,0.041504
0.020447,0.0054932,0.046387
0.020142,0.0071716,0.043945
0.02121,0.007782,0.046387
0.019989,0.0079346,0.048828
0.019531,0.0068665,0.05127
0.021667,0.0074768,0.05249
0.02243,0.0071716,0.054932
0.022278,0.0067139,0.053711
0.021515,0.0053406,0.061035
0.020142,0.004425,0.061035
0.018311,0.0021362,0.059814
0.017853,0.0013733,0.074463
0.017242,0.00045776,0.063477
0.016937,0.00045776,0.064697
0.018463,0.0012207,0.058594
0.018005,0.0016785,0.059814
0.019226,0.0012207,0.059814
0.020447,0,0.062256
0.022125,-0.0018311,0.063477
0.024567,-0.0012207,0.064697
0.02594,-0.0010681,0.064697
0.026398,0.00015259,0.065918
0.026245,0.0047302,0.063477
0.027161,0.00091553,0.064697
0.023193,-0.00045776,0.057373
0.02121,-0.0022888,0.062256
0.020905,-0.0030518,0.056152
0.021057,-0.0012207,0.057373
0.020752,0,0.05127
0.021515,0.0018311,0.05249
0.022736,0.0019836,0.059814
0.023193,0.0015259,0.047607
0.024109,0.0012207,0.058594
0.027008,0.00091553,0.046387
0.028381,0.0016785,0.03418
0.028687,0.0033569,0.040283
0.028534,0.0042725,0.042725
0.028534,0.0048828,0.039063
0.026703,0.0039673,2.7881
0.024567,0.0027466,4.7766
0.022278,0.0015259,4.8999
0.018463,0.0024414,4.9048
0.023041,0.0035095,4.9072
0.02243,0.0048828,4.906
0.022278,0.0056458,4.9146
0.023193,0.0035095,4.9109
0.022736,0.0048828,4.9121
0.022278,0.0038147,4.9182
0.022736,0.0030518,4.9146
0.023651,0.0021362,4.9109
0.022278,0.0012207,4.917
0.019226,0.00045776,4.9133
0.016174,-0.00045776,4.9207
0.014496,-0.00091553,4.9329
0.012665,-0.0013733,4.9231
0.013428,-0.0012207,4.9255
0.011444,-0.00061035,4.9255
0.01236,0.00015259,4.9316
0.013123,0.0010681,4.9304
0.013428,-0.0012207,4.9292
0.013275,0,4.928
0.013275,0.00030518,4.9329
0.014343,-0.00045776,4.928
0.014801,-0.00030518,4.9341
0.014496,-0.0010681,4.9304
0.015717,-0.00076294,4.9353
0.015564,0.00091553,4.9426
0.015717,0.0022888,4.9377
0.016632,0.0028992,4.9426
0.017548,0.0033569,4.9353
0.018768,0.0032043,4.9219
0.019531,0.0036621,4.9341
0.020905,0.0038147,4.9316
0.02121,0.0039673,4.9255
0.021362,0.0041199,4.9292
0.018768,0.0038147,4.9255
0.019226,0.0028992,4.9231
0.018921,0.0016785,4.9182
0.019226,0.00076294,4.9231
0.019684,-0.00045776,4.9109
0.019684,-0.00045776,4.9194
0.018463,0.00030518,4.9194
0.018158,0.0012207,4.9182
0.01709,0.0018311,4.9158
0.016632,0.0013733,4.9146
0.01709,0.00030518,4.9109
0.0177,-0.00015259,4.9121
0.018616,-0.0012207,4.9023
0.018158,-0.0010681,4.9097
0.016327,-0.00030518,4.906
0.016022,0,4.9072
0.016174,0.00030518,4.9109
0.017242,0.00091553,4.9072
0.018616,0.00091553,4.9097
0.019531,0.00030518,4.9097
0.020905,-0.0013733,4.9109
0.019989,-0.00030518,4.9109
0.021362,-0.00076294,4.9158
0.02182,-0.0013733,4.9158
0.022125,-0.0024414,4.9207
0.022125,-0.0033569,4.9182
0.021515,-0.0038147,4.9231
0.020752,-0.0035095,4.9304
0.020447,-0.0027466,4.9292
0.015106,-0.0013733,4.9353
0.017395,-0.00015259,4.9316
0.01709,-0.00030518,4.9133
0.016937,-0.00076294,4.9292
0.017853,-0.002594,4.9316
0.018311,-0.0012207,4.9329
0.019531,-0.00045776,4.9316
0.019531,0,4.9292
0.018768,-0.00015259,4.9353
0.019226,0,4.9316
0.019684,-0.00061035,4.9341
0.020142,0.00030518,4.9316
0.019226,0.0016785,4.9402
0.018463,0.0030518,4.9353
0.017853,0.005188,4.9377
0.01709,0.0068665,4.9463
0.018158,0.0074768,4.9329
0.018921,0.0068665,4.928
0.021057,0.0068665,4.9292
0.022583,0.0050354,4.9182
0.023651,0.004425,4.9207
0.023041,0.0045776,4.9194
0.021515,0.0030518,4.9182
0.020142,0.0024414,4.9194
0.017853,0.00030518,4.9146
0.015564,-0.0022888,4.9182
0.013733,-0.0036621,4.9121
0.01236,-0.0042725,4.9158
0.010223,-0.0045776,4.906
0.010071,-0.0039673,4.9109
0.0097656,-0.0033569,4.9109
0.010834,-0.0021362,4.9146
0.013733,-0.0021362,4.9109
0.015869,-0.0028992,4.9121
0.019989,-0.0015259,4.9182
0.020752,0,4.9133
0.022888,-0.0015259,4.9182
0.026703,0.0028992,4.9097
0.023651,0.0038147,4.9011
0.023041,0.0035095,4.9158
0.023041,0.0028992,4.9133
0.022125,0.0028992,4.9146
0.02243,0.0047302,4.917
0.023346,0.0061035,0.048828
0.023804,0.0067139,0.05249
0.024261,0.0054932,0.053711
0.025177,0.0038147,0.056152
0.027008,0.0010681,0.056152
0.027771,-0.00045776,0.063477
0.029297,-0.0018311,0.062256
0.029449,-0.0013733,0.062256
0.029755,-0.00015259,0.065918
0.027618,0.00076294,0.062256
0.028534,0.0022888,0.062256
0.027313,0.0021362,0.062256
0.027008,0.0022888,0.061035
0.028839,0.0013733,0.063477
0.023041,0.0021362,0.063477
0.021057,0.0028992,0.065918
0.018463,0.0042725,0.068359
0.016632,0.0010681,0.065918
0.014648,-0.0010681,0.067139
0.01358,-0.0041199,0.061035
0.011902,-0.010376,0.059814
0.010834,-0.0057983,0.057373
0.011749,-0.0053406,0.061035
0.011749,-0.0047302,0.058594
0.011139,-0.0032043,0.053711
0.010834,-0.0030518,0.053711
0.010681,-0.0033569,0.054932
0.010834,-0.0045776,0.058594
0.011139,-0.0041199,0.048828
0.014038,-0.0038147,0.059814
0.016785,-0.0022888,0.045166
0.021515,-0.0012207,0.036621
0.020447,-0.00045776,0.043945
0.02243,-0.0012207,0.040283
0.023346,-0.0028992,0.042725
0.024109,-0.0042725,0.039063
0.02533,-0.0042725,0.036621
0.025787,-0.0035095,0.042725
0.025482,-0.0021362,0.037842
0.025024,-0.0032043,0.039063
0.023041,-0.0036621,0.040283
0.022888,-0.0057983,0.041504
0.022125,-0.0079346,0.037842
0.021515,-0.0083923,0.040283
0.021362,-0.0059509,0.05249
0.02243,-0.0057983,0.045166
0.02243,0.00045776,0.046387
0.021515,0.0027466,0.047607
0.019836,0.002594,0.037842
0.018768,0.0010681,0.050049
0.0177,0.00091553,0.050049
0.016785,0.0010681,0.054932
0.016632,0.0021362,0.058594
0.0177,0.0033569,0.057373
0.0177,0.00091553,0.061035
0.017395,-0.00091553,0.058594
0.018616,-0.0056458,0.062256
0.019684,-0.0038147,0.059814
0.019684,-0.0045776,0.065918
0.022278,-0.0019836,0.059814
0.024719,-0.00015259,0.062256
0.026398,0.0030518,0.062256
0.027008,0.0030518,0.063477
0.026703,0.00091553,0.06958
0.025635,0.00061035,0.068359
0.02533,-0.0021362,0.076904
0.023956,-0.0018311,0.065918
0.024261,-0.00076294,0.05127
0.026855,0,0.063477
0.02182,-0.00045776,0.056152
0.020142,-0.0021362,0.056152
0.0177,-0.0054932,0.057373
0.016174,-0.0090027,0.05127
0.015564,-0.0093079,0.05127
0.016022,-0.0082397,0.046387
0.016937,-0.0079346,0.05249
0.016632,-0.0065613,0.031738
0.015717,-0.0073242,0.046387
0.014343,-0.0091553,0.047607
0.013885,-0.010834,0.048828
0.014191,-0.0091553,0.047607
0.015564,-0.0059509,0.047607
0.0177,-0.0010681,0.036621
0.019836,0.0018311,0.040283
0.020294,0.0036621,0.036621
0.020905,0.0035095,0.037842
0.021515,0.0021362,0.039063
0.023499,0.0012207,0.03418
0.02533,0.0016785,0.039063
0.027008,0.0035095,0.039063
0.028076,0.0032043,0.037842
0.028687,0.0038147,0.039063
0.030212,0.0019836,0.039063
0.028534,-0.0010681,0.039063
0.030212,-0.0045776,0.045166
0.02655,-0.0041199,0.046387
0.026093,-0.0027466,0.05127
0.024567,-0.0018311,0.050049
0.02243,-0.0022888,0.054932
0.021362,-0.0028992,0.063477
0.019684,-0.0042725,0.057373
0.018311,-0.0061035,0.065918
0.018158,-0.0071716,0.062256
0.018311,-0.0064087,0.046387
0.018158,-0.0050354,0.059814
0.016632,-0.0032043,0.058594
0.018158,-0.0024414,0.061035
0.019226,-0.0022888,0.061035
0.020294,-0.0022888,0.057373
0.02243,-0.0015259,0.062256
0.024719,-0.00015259,0.054932
0.026093,-0.00045776,0.065918
0.026245,-0.00076294,0.062256
0.02594,0.0021362,0.068359
0.026245,0.0012207,0.064697
0.026245,-0.00030518,0.064697
0.026703,-0.00091553,0.070801
0.026703,0,1.1938
0.02655,0.0015259,4.7046
0.025177,0.0028992,4.9109
0.025787,0.0056458,4.9255
0.027313,0.0064087,4.9207
0.028687,0.0059509,4.9341
0.03006,0.004425,4.917
0.031281,0.0030518,4.9158
0.032196,0.0028992,4.9182
0.031891,0.0028992,4.9146
0.03006,0.0033569,4.9133
0.027924,0.0036621,4.9121
0.025635,0.0050354,4.9146
0.023804,0.0057983,4.9133
0.02243,0.007019,4.9097
0.02182,0.0080872,4.9158
0.021973,0.009613,4.9109
0.02243,0.0097656,4.9133
0.021515,0.009613,4.9207
0.021667,0.0079346,4.9109
0.021973,0.0053406,4.917
0.023193,0.0030518,4.9097
0.023651,0.0012207,4.9011
0.023041,0.00091553,4.9133
0.023041,0.0016785,4.9121
0.021667,0.0022888,4.9109
0.019531,0.0036621,4.9158
0.018158,0.0038147,4.9194
0.018158,0.0033569,4.9194
0.018463,0.0028992,4.9194
0.02182,0.002594,4.9292
0.023041,0.0024414,4.928
0.024109,0.002594,4.9304
0.024567,0.0010681,4.9243
0.02594,-0.00045776,4.9341
0.026398,-0.0019836,4.9304
0.028687,-0.0032043,4.9329
0.029449,-0.0027466,4.9304
0.029449,-0.0018311,4.9365
0.029602,0.00015259,4.9402
0.028687,0.0018311,4.9329
0.028534,0.0021362,4.9255
0.027924,0.0016785,4.9341
0.027924,0.00091553,4.9377
0.029144,0.00045776,4.9341
0.029449,0.00030518,4.9353
0.029907,0.0012207,4.9316
0.03006,0.0015259,4.9353
0.029144,0.0016785,4.928
0.029449,0.0013733,4.9194
0.029602,0.00045776,4.9219
0.030212,-0.00015259,4.9243
0.03067,0.00030518,4.9207
0.03067,0.0010681,4.9219
0.029755,0.0022888,4.9268
0.028229,0.0036621,4.9182
0.026703,0.0039673,4.9158
0.026245,0.0047302,4.9182
0.027313,0.004425,4.8962
0.028076,0.0047302,4.9097
0.030212,0.0062561,4.9133
0.030975,0.0083923,4.9133
0.029602,0.009613,4.9109
0.03006,0.010681,4.9097
0.028839,0.0091553,4.9109
0.027771,0.0071716,4.9084
0.026245,0.0041199,4.9097
0.025482,0.0033569,4.9072
0.024261,0.0033569,4.9121
0.021667,0.002594,4.9109
0.019836,0.0032043,4.9158
0.0177,0.0015259,4.9109
0.015411,-0.00045776,4.9158
0.015869,-0.0032043,4.917
0.016022,-0.0027466,4.9194
0.016022,-0.0024414,4.9292
0.015869,-0.0015259,4.9158
0.015717,0,4.917
0.013428,0.0010681,4.9255
0.01297,0.0019836,4.928
0.014496,0.0024414,4.9268
0.017395,0.0022888,4.9304
0.019836,0.0028992,4.9329
0.022125,0.0035095,4.9329
0.021973,0.0032043,4.9292
0.022736,0.005188,4.9329
0.021667,0.0059509,4.928
0.021515,0.0059509,4.9329
0.018005,0.0057983,4.9329
0.021667,0.0053406,4.9341
0.021973,0.0048828,4.9426
0.020599,0.0035095,4.9377
0.018921,0.0053406,4.9377
0.01709,0.0047302,4.9365
0.01709,0.0036621,4.928
0.017548,0.0030518,4.9341
0.020142,0.0018311,4.9292
0.020905,-0.00015259,4.928
0.020294,0,4.9292
0.017853,0.00045776,4.9231
0.015259,0.00015259,4.9219
0.012817,0.00061035,4.9158
0.01236,0,4.9219
0.013733,0.00045776,4.9146
0.015106,0.00076294,4.917
0.01709,0.0013733,4.9146
0.0177,0.0030518,4.9207
0.018158,0.0032043,4.9121
0.016327,0.0033569,4.9194
0.018311,0.0030518,0.048828
0.020294,0.0010681,0.039063
0.021667,0.0019836,0.047607
0.02243,0.0018311,0.041504
0.022125,0.0019836,0.037842
0.019531,0.0019836,0.036621
0.017395,0.0013733,0.042725
0.014954,0.0015259,0.041504
0.014496,0.0010681,0.040283
0.015564,0.00061035,0.032959
0.017548,-0.0013733,0.042725
0.018768,-0.0015259,0.041504
0.018463,-0.00061035,0.045166
0.015717,-0.0010681,0.045166
0.014496,-0.0018311,0.05249
0.013733,-0.0019836,0.05127
0.014496,-0.0021362,0.054932
0.015564,-0.0024414,0.073242
0.016937,-0.0022888,0.056152
0.015717,-0.0015259,0.063477
0.013733,-0.00091553,0.067139
0.011444,0.00015259,0.050049
0.0099182,0.00015259,0.058594
0.010681,0.0010681,0.063477
0.012665,0.0028992,0.061035
0.015717,0.0030518,0.059814
0.017242,0.0035095,0.061035
0.018005,0.0010681,0.063477
0.016937,0.004425,0.064697
0.017242,0.0059509,0.067139
0.018616,0.0061035,0.061035
0.020447,0.007019,0.06958
0.023346,0.0073242,0.063477
0.024414,0.007019,0.065918
0.026398,0.0064087,0.070801
0.022583,0.0053406,0.062256
0.018768,0.0042725,0.063477
0.018005,0.0035095,0.054932
0.018616,0.0016785,0.068359
0.019989,-0.00015259,0.047607
0.018005,-0.002594,0.048828
0.015411,-0.0061035,0.045166
0.011902,-0.005188,0.039063
0.0073242,-0.0059509,0.042725
0.0053406,-0.0057983,0.046387
0.005188,-0.0059509,0.042725
0.0071716,-0.0054932,0.041504
0.0091553,-0.0056458,0.039063
0.010834,-0.0061035,0.040283
0.011444,-0.0048828,0.037842
0.011597,-0.004425,0.041504
0.01297,-0.0030518,0.040283
0.015411,-0.0022888,0.041504
0.017242,-0.00091553,0.047607
0.021667,0.00045776,0.043945
0.023499,0.00091553,0.046387
0.023804,0.0012207,0.039063
0.02182,0.0019836,0.030518
0.02182,0.0012207,0.040283
0.022736,0.0010681,0.042725
0.024872,0.00015259,0.042725
0.027313,-0.00061035,0.046387
0.03006,-0.002594,0.048828
0.031128,-0.0035095,0.048828
0.029907,-0.0038147,0.053711
0.027771,-0.0022888,0.059814
0.025482,-0.00076294,0.054932
0.024261,0.00091553,0.05249
0.024414,0.002594,0.061035
0.024567,0.0027466,0.065918
0.023193,0.0024414,0.059814
0.021057,0.0019836,0.064697
0.015259,0.00091553,0.064697
0.011444,0.00061035,0.058594
0.0094604,0.00030518,0.06958
0.0083923,-0.00030518,0.061035
0.0086975,-0.00076294,0.048828
0.0083923,-0.0030518,0.063477
0.0071716,-0.0053406,0.065918
0.0048828,-0.007019,0.065918
0.0028992,-0.0050354,0.063477
0.0028992,-0.0036621,0.061035
0.0050354,-0.0033569,0.064697
0.0086975,-0.0022888,0.057373
0.012512,-0.0030518,0.058594
0.015411,-0.0035095,0.05127
0.016937,-0.0033569,0.056152
0.017242,-0.0018311,0.050049
0.017548,0.00015259,0.053711
0.018921,0.0016785,0.057373
0.021362,0.0018311,0.05127
0.022888,-0.00045776,0.043945
0.024109,-0.0030518,0.043945
0.023346,-0.0054932,0.029297
0.020905,-0.0074768,0.041504
0.019073,-0.0068665,0.039063
0.017548,-0.0059509,0.039063
0.018463,-0.0056458,0.037842
0.019989,-0.0062561,0.037842
0.021515,-0.0079346,0.041504
0.022278,-0.0090027,0.037842
0.02182,-0.0088501,0.039063
0.021057,-0.0067139,0.0354
0.020142,-0.0030518,0.041504
0.020752,-0.00015259,0.039063
0.022278,0.0021362,0.031738
0.02243,0.00091553,0.040283
0.02243,0.0018311,0.046387
0.021057,0.0024414,0.05249
0.019379,0.0030518,0.048828
0.018921,0.0045776,0.063477
0.019073,0.0053406,0.050049
0.021515,0.004425,0.040283
0.024261,0.0022888,0.056152
0.02655,-0.00030518,0.056152
0.027924,-0.0028992,0.056152
0.026245,-0.0047302,0.061035
0.025635,-0.0041199,0.058594
0.023346,-0.0032043,4.4287
0.022888,-0.0013733,4.8938
0.023651,-0.00076294,4.9255
0.023651,-0.00030518,4.928
0.024261,-0.00015259,4.9316
0.022888,-0.00015259,4.9329
0.02121,-0.00015259,4.9341
0.020294,0.00045776,4.939
0.019684,0.00015259,4.9377
0.019989,-0.002594,4.9414
0.023346,-0.0038147,4.9329
0.024261,-0.0068665,4.9402
0.022736,-0.0094604,4.9329
0.020752,-0.010986,4.9255
0.017853,-0.011749,4.9255
0.015411,-0.011597,4.928
0.014496,-0.010529,4.9194
0.015869,-0.010529,4.9219
0.017395,-0.010681,4.9158
0.018158,-0.010071,4.9219
0.018463,-0.0080872,4.9207
0.017853,-0.0056458,4.9158
0.018158,-0.0039673,4.9146
0.020294,-0.0027466,4.9194
0.022583,-0.0027466,4.9121
0.025024,-0.0036621,4.9146
0.028229,-0.0050354,4.928
0.028229,-0.0039673,4.9097
0.028687,-0.0068665,4.9182
0.027771,0.00015259,4.9109
0.028229,0.0019836,4.895
0.029449,0.0027466,4.906
0.031891,0.0024414,4.9097
0.032501,0.0015259,4.9097
0.032501,0.00045776,4.9097
0.03067,-0.00015259,4.906
0.029449,0.00030518,4.9146
0.027466,0.0021362,4.9121
0.027618,0.0027466,4.9158
0.029144,0.0027466,4.9158
0.029449,0.00091553,4.9207
0.028534,-0.00030518,4.9255
0.027924,-0.00076294,4.9255
0.02594,-0.00061035,4.9329
0.023956,0.0015259,4.9292
0.023499,0.0016785,4.9268
0.024109,-0.0035095,4.9341
0.024261,-0.0033569,4.939
0.023804,-0.0082397,4.9304
0.021667,-0.010681,4.9292
0.018463,-0.010529,4.9316
0.016785,-0.0073242,4.9304
0.01709,-0.0021362,4.9255
0.018158,0.0010681,4.9304
0.019073,0.00076294,4.9341
0.021362,0,4.9341
0.023499,0.00061035,4.9329
0.025787,0.0059509,4.9402
0.029144,0.0079346,4.9329
0.034637,0.014191,4.9353
0.03952,0.016785,4.9304
0.043182,0.015564,4.9341
0.045166,0.010223,4.9353
0.04364,0.0021362,4.9304
0.03891,-0.0039673,4.9268
0.032349,-0.0061035,4.9207
0.025787,-0.0083923,4.906
0.020447,-0.0080872,4.9304
0.013275,-0.0065613,4.9194
0.012512,-0.0067139,4.9158
0.0099182,-0.0062561,4.917
0.0071716,-0.0048828,4.9121
0.0064087,-0.0015259,4.9158
0.0074768,0.0024414,4.9097
0.010376,0.007019,4.9133
0.017242,0.011139,4.906
0.025177,0.013428,4.9133
0.028534,0.015106,4.9133
0.03067,0.015717,4.9109
0.029755,0.01709,4.9084
0.031433,0.018158,4.9109
0.026093,0.019836,4.9097
0.023956,0.020599,4.9121
0.021973,0.019989,4.9097
0.02121,0.018005,4.9133
0.018768,0.014191,4.9121
0.015869,0.010529,4.9146
0.012054,0.0048828,4.9182
0.011139,0.0016785,4.9097
0.011444,-0.00061035,4.9194
0.01297,-0.0039673,4.917
0.014801,-0.010223,4.928
0.017395,-0.014801,4.9292
0.018463,-0.018463,4.9304
0.018005,-0.022583,4.9292
0.016937,-0.020447,4.9292
0.015717,-0.016632,4.9292
0.014801,-0.010986,4.9329
0.015717,-0.0041199,4.9402
0.017853,0.0010681,4.9353
0.020599,0.0064087,4.939
0.02243,0.011292,4.9377
0.022888,0.016785,4.9158
0.026245,0.020447,4.9341
0.028534,0.023956,4.9377
0.031128,0.024414,4.9341
0.033722,0.021667,4.9353
0.035095,0.017242,0.058594
0.036469,0.012054,0.064697
0.036469,0.0068665,0.058594
0.034637,0.0067139,0.059814
0.033417,0.0050354,0.050049
0.032959,0.0028992,0.054932
0.032196,0.00061035,0.05249
0.032043,-0.0015259,0.05249
0.03067,-0.0030518,0.043945
0.029907,-0.0024414,0.047607
0.027161,0.00030518,0.047607
0.024414,0.0039673,0.045166
0.022888,0.0071716,0.040283
0.021362,0.0073242,0.041504
0.020752,0.0085449,0.037842
0.020294,0.0082397,0.040283
0.018311,0.0086975,0.040283
0.016479,0.010223,0.037842
0.014191,0.011597,0.040283
0.012512,0.013733,0.037842
0.01236,0.014191,0.039063
0.012207,0.016479,0.037842
0.013275,0.016479,0.043945
0.015106,0.015259,0.039063
0.016327,0.015259,0.041504
0.018768,0.015259,0.040283
0.019989,0.014038,0.045166
0.022736,0.01358,0.056152
0.023804,0.011902,0.048828
0.02655,0.010223,0.063477
0.027771,0.0083923,0.05127
0.027771,0.0065613,0.046387
0.028381,0.0059509,0.057373
0.02594,0.005188,0.058594
0.02533,0.0041199,0.057373
0.025177,0.002594,0.061035
0.02533,0.00091553,0.062256
0.025635,-0.0015259,0.061035
0.025787,-0.0030518,0.059814
0.025024,-0.0038147,0.063477
0.024261,0.00061035,0.054932
0.024567,0.0036621,0.056152
0.024414,0.0079346,0.065918
0.024109,0.010529,0.064697
0.024567,0.010834,0.070801
0.023956,0.011139,0.06958
0.021973,0.010681,0.064697
0.018311,0.010834,0.065918
0.014343,0.011902,0.073242
0.010529,0.01236,0.061035
0.0082397,0.011292,0.057373
0.0064087,0.0099182,0.053711
0.005188,0.0080872,0.053711
0.0050354,0.0061035,0.05127
0.0045776,0.0062561,0.053711
0.0053406,0.0064087,0.043945
0.0074768,0.0068665,0.048828
0.010071,0.0073242,0.045166
0.014343,0.007019,0.047607
0.019226,0.0053406,0.047607
0.023499,0.0032043,0.047607
0.026398,0.0015259,0.039063
0.027008,0,0.042725
0.027618,0.00045776,0.057373
0.027008,0.00076294,0.041504
0.02594,0.00015259,0.047607
0.024414,-0.0015259,0.041504
0.021515,-0.0039673,0.024414
0.019073,-0.0059509,0.0354
0.016479,-0.007019,0.039063
0.01236,-0.0057983,0.039063
0.0090027,-0.0039673,0.039063
0.0067139,-0.0027466,0.030518
0.0054932,-0.0035095,0.042725
0.0057983,-0.0057983,0.042725
0.0067139,-0.0085449,0.046387
0.0074768,-0.0088501,0.042725
0.0083923,-0.0068665,0.05127
0.0097656,-0.002594,0.05127
0.011902,0.0022888,0.056152
0.015411,0.0047302,0.059814
0.019073,0.0047302,0.059814
0.022736,0.0032043,0.058594
0.026093,0.00045776,0.058594
0.030365,-0.0010681,0.072021
0.03067,-0.00076294,0.059814
0.031738,-0.0012207,0.053711
0.031128,-0.0028992,0.058594
0.029602,-0.0080872,0.065918
0.026855,-0.014191,0.059814
0.023651,-0.019684,0.064697
0.020142,-0.022736,0.061035
0.016479,-0.023193,0.067139
0.012665,-0.020142,0.063477
0.009613,-0.017853,0.06958
0.0099182,-0.016022,0.061035
0.010071,-0.016022,0.065918
0.010529,-0.016479,0.061035
0.011597,-0.016022,0.059814
0.015106,-0.01297,0.063477
0.017242,-0.0079346,0.054932
0.020294,-0.0019836,0.05249
0.023804,0.0019836,0.05249
0.026703,0.0036621,0.037842
0.028381,0.0024414,0.041504
0.028534,-0.0013733,0.043945
0.026855,-0.0036621,0.045166
0.027313,-0.0057983,0.045166
0.025177,-0.0067139,0.042725
0.024414,-0.0097656,0.045166
0.023956,-0.0079346,0.039063
0.023499,-0.0097656,0.041504
0.02533,-0.013275,0.036621
0.026398,-0.015106,0.043945
0.027924,-0.02121,0.041504
0.029907,-0.023041,0.043945
0.030823,-0.023346,0.032959
0.030212,-0.022278,0.041504
0.031433,-0.021973,2.6917
0.030365,-0.021362,4.7742
0.029755,-0.020752,4.9109
0.028229,-0.018768,4.9121
0.025635,-0.015259,4.8999
0.023041,-0.011139,4.9133
0.015717,-0.0059509,4.9194
0.020142,-0.0022888,4.9194
0.020142,0.00045776,4.9231
0.021667,0.0016785,4.9219
0.022583,0.0028992,4.9292
0.023804,0.0032043,4.9304
0.024719,0.0019836,4.9329
0.025177,-0.00030518,4.9292
0.026093,-0.0032043,4.9329
0.026245,-0.0053406,4.9304
0.026093,-0.0074768,4.9316
0.026855,-0.0082397,4.9426
0.028534,-0.007782,4.9329
0.027161,-0.0068665,4.9219
0.02533,-0.0056458,4.9341
0.024872,-0.0062561,4.9304
0.023651,-0.0050354,4.9304
0.023346,-0.005188,4.9353
0.02243,-0.004425,4.9329
0.023041,-0.0028992,4.9329
0.021362,-0.00091553,4.928
0.019684,0,4.9316
0.017395,-0.0016785,4.928
0.015106,-0.0012207,4.9243
0.012512,-0.0039673,4.9207
0.010986,-0.0039673,4.9255
0.009613,-0.0024414,4.9194
0.010529,-0.0013733,4.9231
0.0093079,0.00076294,4.9158
0.0094604,0.00091553,4.9231
0.0093079,0.0016785,4.9255
0.009613,0.00091553,4.9194
0.010681,0.0012207,4.9255
0.012512,0.0022888,4.9109
0.015564,0.0015259,4.906
0.017548,0.0061035,4.9133
0.019684,0.0076294,4.9097
0.020447,0.0079346,4.9097
0.018768,0.0074768,4.9109
0.018921,0.0062561,4.9097
0.019684,0.0036621,4.9109
0.020905,0.0019836,4.9084
0.023346,0.00076294,4.9109
0.023804,-0.00091553,4.9084
0.024414,-0.0056458,4.9133
0.023499,-0.002594,4.9121
0.023804,-0.0039673,4.9158
0.023651,-0.0036621,4.9231
0.023651,-0.0032043,4.9207
0.024261,-0.0018311,4.9219
0.025024,0.0013733,4.928
0.024872,0.0041199,4.9243
0.022736,0.0064087,4.9292
0.020905,0.0071716,4.9158
0.019073,0.0071716,4.9304
0.016479,0.0067139,4.9255
0.015259,0.0068665,4.9304
0.012512,0.0076294,4.9316
0.010529,0.0076294,4.928
0.0083923,0.0056458,4.9353
0.0064087,0.0057983,4.9292
0.0047302,0.004425,4.9365
0.0045776,0.0032043,4.9353
0.0059509,0.0061035,4.9365
0.0057983,0.0045776,4.9341
0.011444,0.0050354,4.939
0.01297,0.0054932,4.95
0.014954,0.0035095,4.9353
0.016632,0.004425,4.9414
0.019226,0.005188,4.9329
0.021057,0.0056458,4.9097
0.021973,0.0067139,4.928
0.02182,0.0080872,4.9268
0.02121,0.0083923,4.9207
0.018921,0.0082397,4.9207
0.016937,0.007019,4.917
0.016479,0.0056458,4.9158
0.014954,0.004425,4.917
0.014648,0.0041199,4.9182
0.012817,0.0027466,4.9133
0.013733,0.00076294,4.9158
0.01236,-0.0010681,4.9109
0.0085449,-0.0022888,4.9158
0.009613,-0.0032043,4.9194
0.010071,-0.0028992,4.9121
0.0097656,-0.0024414,4.9097
0.011139,-0.00091553,4.9121
0.012665,-0.00030518,4.8865
0.012512,0.00045776,4.9097
0.015717,0.0024414,4.9109
0.018311,0.0045776,4.9109
0.020905,0.0064087,4.9084
0.023956,0.0094604,4.9072
0.026855,0.010223,4.9133
0.029907,0.011292,4.9121
0.031891,0.010681,4.9158
0.032196,0.010376,4.9158
0.032043,0.010071,4.9243
0.031586,0.0093079,4.9158
0.031586,0.0094604,4.928
0.030518,0.0074768,4.9243
0.027161,0.0064087,4.9304
0.025177,0.0062561,0.067139
0.022125,0.0050354,0.062256
0.019684,0.0032043,0.074463
0.01709,0.0038147,0.058594
0.016479,0.0036621,0.05249
0.016479,0.0030518,0.062256
0.016327,0.0027466,0.063477
0.017548,0.0018311,0.061035
0.019379,0.0015259,0.065918
0.019989,0.0024414,0.063477
0.02121,0.0036621,0.067139
0.023956,0.0036621,0.065918
0.026703,0.0039673,0.067139
0.028687,0.0076294,0.063477
0.03006,0.0050354,0.065918
0.030518,0.0057983,0.063477
0.030823,0.0053406,0.058594
0.031586,0.0053406,0.063477
0.033112,0.0059509,0.05127
0.034332,0.0047302,0.050049
0.035248,0.0041199,0.047607
0.035858,0.0024414,0.041504
0.035858,0.00061035,0.05127
0.036163,-0.0013733,0.045166
0.035706,-0.0030518,0.042725
0.035858,-0.0028992,0.046387
0.034943,-0.0024414,0.042725
0.035095,-0.002594,0.043945
0.034637,-0.0012207,0.036621
0.032959,-0.0012207,0.039063
0.031586,-0.0010681,0.037842
0.030365,-0.0012207,0.042725
0.029449,-0.0012207,0.041504
0.029449,-0.0010681,0.042725
0.029755,0,0.039063
0.029449,-0.00015259,0.041504
0.030212,0.00045776,0.046387
0.029602,0.00015259,0.037842
0.029144,-0.00076294,0.050049
0.028992,-0.0012207,0.042725
0.027618,-0.0010681,0.03418
0.026855,-0.0012207,0.043945
0.026245,-0.0015259,0.046387
0.024109,-0.0027466,0.05249
0.024719,-0.0047302,0.05249
0.022888,-0.0062561,0.05127
0.022278,-0.0074768,0.059814
0.022125,-0.0083923,0.056152
0.021667,-0.0079346,0.063477
0.02182,-0.0079346,0.056152
0.023041,-0.0068665,0.063477
0.022888,-0.0065613,0.062256
0.023499,-0.0057983,0.063477
0.024719,-0.0039673,0.075684
0.026093,-0.0024414,0.059814
0.028534,0,0.061035
0.028687,0.0024414,0.064697
0.030212,0.0028992,0.065918
0.029602,0.0024414,0.063477
0.029602,0.0015259,0.062256
0.029602,0,0.067139
0.029907,-0.0030518,0.065918
0.028534,-0.0022888,0.057373
0.028839,-0.0024414,0.063477
0.026703,-0.0022888,0.054932
0.024567,-0.0035095,0.056152
0.022278,-0.0038147,0.05127
0.020447,-0.005188,0.056152
0.019226,-0.0056458,0.05127
0.018616,-0.0076294,0.05127
0.018005,-0.0041199,0.047607
0.0177,-0.0036621,0.041504
0.014496,-0.0035095,0.057373
0.016479,-0.0041199,0.046387
0.015411,-0.0053406,0.058594
0.014038,-0.0061035,0.040283
0.01358,-0.0065613,0.031738
0.01297,-0.0064087,0.039063
0.012512,-0.0054932,0.039063
0.011749,0.00015259,0.039063
0.01236,-0.004425,0.037842
0.010071,-0.005188,0.036621
0.0093079,-0.0056458,0.039063
0.0086975,-0.0042725,0.036621
0.0086975,-0.0033569,0.041504
0.0086975,-0.0021362,0.037842
0.0093079,-0.0018311,0.041504
0.0079346,-0.0022888,0.043945
0.0079346,-0.0033569,0.046387
0.007019,-0.0045776,0.050049
0.005188,-0.0057983,0.05127
0.0032043,-0.0059509,0.05249
0.0042725,-0.0061035,0.047607
0.0041199,-0.0061035,0.054932
0.004425,-0.0039673,0.057373
0.0047302,-0.0050354,0.046387
0.0061035,-0.0042725,0.056152
0.0076294,-0.0033569,0.062256
0.0090027,-0.0019836,0.061035
0.010529,-0.00091553,0.061035
0.01236,0.00015259,0.058594
0.014191,0.0010681,0.063477
0.014038,0.0035095,0.057373
0.015106,0.0033569,0.059814
0.015259,0.0032043,0.064697
0.014954,0.0038147,0.067139
0.015411,0.0067139,0.064697
0.015259,0.0056458,0.067139
0.015717,0.0071716,0.076904
0.016022,0.009613,0.065918
0.015259,0.010529,0.067139
0.015869,0.01236,0.062256
0.015411,0.012817,0.040283
0.015411,0.011139,0.057373
0.015411,0.01236,0.05249
0.014801,0.011139,0.05249
0.013733,0.010986,0.05127
0.016632,0.010223,0.045166
0.013428,0.0090027,4.5203
0.013428,0.0091553,4.8853
0.013733,0.0088501,4.9133
0.013275,0.0091553,4.9097
0.01358,0.0094604,4.9146
0.013428,0.010223,4.9121
0.010223,0.0093079,4.8987
0.013275,0.011902,4.9109
0.01297,0.012665,4.9121
0.015564,0.012817,4.9097
0.016022,0.012054,4.9133
0.015411,0.011749,4.9097
0.015717,0.010834,4.9084
0.015411,0.011597,4.906
0.015717,0.013123,4.9109
0.015717,0.014343,4.9097
0.015869,0.015411,4.9072
0.015564,0.016479,4.9133
0.014648,0.016937,4.9133
0.015564,0.015564,4.9158
0.016327,0.016632,4.917
0.017242,0.015869,4.9255
0.019684,0.01709,4.9231
0.020599,0.018311,4.9255
0.022125,0.019836,4.928
0.023346,0.021362,4.9316
0.023346,0.020599,4.939
0.024567,0.020905,4.9365
0.025635,0.021973,4.9377
0.026703,0.021362,4.9329
0.027313,0.02243,4.9268
0.027466,0.023193,4.9304
0.028229,0.020752,4.9304
0.027618,0.022736,4.9316
0.027313,0.021515,4.9329
0.026703,0.020599,4.9329
0.024261,0.019226,4.9365
0.02533,0.019531,4.9341
0.024719,0.019684,4.9365
0.023651,0.018311,4.9341
0.022583,0.018005,4.9353
0.020447,0.015259,4.9329
0.018768,0.01358,4.9304
0.018921,0.010986,4.9304
0.019226,0.010223,4.928
0.020752,0.010223,4.9304
0.021973,0.0099182,4.9243
0.02243,0.012512,4.9304
0.022736,0.010529,4.9219
0.024261,0.010223,4.9097
0.025787,0.009613,4.9146
0.028229,0.009613,4.9158
0.030975,0.010071,4.9146
0.032043,0.0099182,4.917
0.032654,0.0093079,4.9097
0.031586,0.0074768,4.9146
0.031281,0.0056458,4.9072
0.031586,0.0033569,4.9072
0.034332,0.0018311,4.9109
0.033722,0.0021362,4.9146
0.033569,0.0030518,4.9097
0.033875,0.0041199,4.9146
0.032043,0.0048828,4.9231
0.032654,0.0050354,4.9109
0.032349,0.0045776,4.9146
0.031891,0.0048828,4.9158
0.031891,0.0054932,4.8999
0.030975,0.0062561,4.9158
0.03006,0.007019,4.9084
0.028992,0.007019,4.9219
0.026245,0.0061035,4.9268
0.024872,0.004425,4.9231
0.022888,0.0036621,4.9268
0.022583,0.0016785,4.9292
0.02243,0.00076294,4.9329
0.021667,-0.0010681,4.9292
0.021667,-0.0035095,4.9353
0.02121,-0.005188,4.9304
0.021667,-0.0074768,4.9316
0.02182,-0.0088501,4.9341
0.02121,-0.0088501,4.9268
0.020905,-0.011292,4.9353
0.019989,-0.011139,4.9353
0.018768,-0.011902,4.9463
0.018463,-0.011749,4.9341
0.018311,-0.016785,4.9194
0.019073,-0.018005,4.9353
0.019836,-0.018158,4.9304
0.019836,-0.018463,4.9304
0.021973,-0.0177,4.9329
0.023651,-0.017395,4.928
0.02594,-0.018005,4.9268
0.026093,-0.017853,4.9219
0.026703,-0.01709,4.9255
0.02655,-0.017395,4.9182
0.025635,-0.016632,4.9207
0.025177,-0.016022,4.917
0.024567,-0.016479,4.9231
0.025177,-0.017395,4.9231
0.024567,-0.019531,4.9158
0.02243,-0.020294,4.9194
0.020905,-0.021057,4.9109
0.018921,-0.020599,4.8975
0.019226,-0.019836,4.9121
0.019684,-0.018463,4.9097
0.020905,-0.018768,4.9084
0.021515,-0.019226,4.9084
0.021515,-0.019989,4.9097
0.019684,-0.020905,0.041504
0.018311,-0.021667,0.036621
0.01709,-0.02182,0.042725
0.016632,-0.021667,0.039063
0.0177,-0.021362,0.043945
0.018768,-0.020294,0.046387
0.019989,-0.019989,0.048828
0.020294,-0.019073,0.046387
0.020447,-0.017853,0.05127
0.02243,-0.016174,0.050049
0.024261,-0.01358,0.05249
0.026703,-0.010986,0.058594
0.027924,-0.0088501,0.058594
0.027924,-0.0071716,0.048828
0.028381,-0.0099182,0.056152
0.027618,-0.011902,0.056152
0.025482,-0.014343,0.062256
0.025787,-0.015106,0.062256
0.025787,-0.016327,0.057373
0.02655,-0.016327,0.064697
0.026093,-0.01709,0.057373
0.023651,-0.017548,0.064697
0.023346,-0.018463,0.062256
0.021057,-0.019836,0.067139
0.019073,-0.018311,0.064697
0.019379,-0.018768,0.068359
0.017853,-0.017548,0.079346
0.018158,-0.015106,0.065918
0.015717,-0.013275,0.064697
0.016327,-0.014038,0.063477
0.016632,-0.014038,0.040283
0.018463,-0.011597,0.056152
0.020447,-0.0083923,0.056152
0.021973,-0.005188,0.050049
0.023804,-0.0024414,0.048828
0.024719,-0.00076294,0.046387
0.025787,-0.00076294,0.042725
0.025787,-0.0022888,0.047607
0.027313,-0.002594,0.05127
0.028229,-0.00045776,0.042725
0.03006,0.00061035,0.045166
0.030365,0.0042725,0.042725
0.030365,0.0061035,0.041504
0.030212,0.007782,0.043945
0.030518,0.0074768,0.041504
0.029297,0.0064087,0.039063
0.028992,0.0061035,0.042725
0.028229,0.0067139,0.036621
0.027618,0.0054932,0.0354
0.02594,0.0036621,0.036621
0.022888,0.00030518,0.039063
0.02121,-0.0018311,0.040283
0.020447,-0.0030518,0.037842
0.020752,-0.0019836,0.042725
0.020447,0.00015259,0.042725
0.022125,0.0016785,0.047607
0.022278,0.0047302,0.047607
0.021667,0.0068665,0.053711
0.021515,0.0093079,0.05127
0.02121,0.010376,0.057373
0.021973,0.011292,0.057373
0.022278,0.011444,0.062256
0.023499,0.013428,0.068359
0.024109,0.013885,0.063477
0.024261,0.015411,0.068359
0.023041,0.015869,0.058594
0.024261,0.016479,0.056152
0.024261,0.017242,0.061035
0.025482,0.017242,0.062256
0.025787,0.018616,0.061035
0.027161,0.020294,0.063477
0.027313,0.021362,0.063477
0.026855,0.023346,0.067139
0.025635,0.021515,0.063477
0.02594,0.020142,0.068359
0.025635,0.0177,0.059814
0.026245,0.015106,0.063477
0.02533,0.016022,0.062256
0.025024,0.015106,0.061035
0.023499,0.015106,0.056152
0.021057,0.014954,0.053711
0.019684,0.013885,0.056152
0.018005,0.013733,0.050049
0.015259,0.014648,0.057373
0.018158,0.014954,0.046387
0.017853,0.016479,0.05249
0.017853,0.01709,0.041504
0.017853,0.015564,0.045166
0.016479,0.015106,0.043945
0.017242,0.014496,0.040283
0.016937,0.013428,0.039063
0.016174,0.014191,0.042725
0.016327,0.015106,0.036621
0.015564,0.014954,0.041504
0.015564,0.014191,0.041504
0.014496,0.012665,0.043945
0.013885,0.010681,0.039063
0.013885,0.0088501,0.040283
0.015564,0.0082397,0.056152
0.016632,0.0080872,0.040283
0.016937,0.0082397,0.045166
0.017853,0.0083923,0.042725
0.020599,0.0073242,0.029297
0.020447,0.0067139,0.046387
0.020905,0.0065613,0.047607
0.021667,0.0056458,0.05249
0.021667,0.004425,0.05249
0.02243,0.0042725,0.050049
0.023346,0.0028992,0.057373
0.022888,0.0048828,0.058594
0.023041,0.0028992,0.062256
0.021515,0.0027466,0.058594
0.020294,0.0035095,0.062256
0.019226,0.0057983,0.061035
0.019073,0.0059509,0.062256
0.019073,0.0071716,0.065918
0.019684,0.007782,0.061035
0.019531,0.0068665,0.065918
0.020142,0.0062561,4.5398
0.020142,0.004425,4.917
0.019836,0.0015259,4.9292
0.020905,-0.00015259,4.9207
0.021667,-0.0018311,4.9329
0.022736,-0.0024414,4.9304
0.023041,-0.0012207,4.9304
0.02182,-0.00015259,4.9329
0.021362,-0.00061035,4.9268
0.020599,-0.0016785,4.9243
0.021057,-0.002594,4.9194
0.02182,-0.0035095,4.9255
0.022583,-0.0027466,4.9182
0.023956,-0.0022888,4.9194
0.024872,-0.0032043,4.9194
0.025177,-0.0038147,4.9194
0.025024,-0.0056458,4.9207
0.024261,-0.007019,4.917
0.023346,-0.0065613,4.9121
0.022125,-0.0056458,4.9109
0.020599,-0.0045776,4.8999
0.0177,-0.0035095,4.9109
0.016174,-0.0038147,4.9084
0.015869,-0.0041199,4.9097
0.015411,-0.0048828,4.9109
0.016632,-0.0059509,4.906
0.019073,-0.0071716,4.9109
0.020905,-0.007782,4.9048
0.022125,-0.0086975,4.9084
0.022583,-0.01236,4.9084
0.022278,-0.0082397,4.9121
0.023193,-0.0086975,4.9133
0.024109,-0.0068665,4.9158
0.025177,-0.0062561,4.9158
0.024872,-0.0059509,4.9182
0.025482,-0.0047302,4.9255
0.027618,-0.0045776,4.9231
0.02594,-0.0045776,4.9353
0.026245,-0.0057983,4.9292
0.02655,-0.0074768,4.9146
0.027924,-0.0076294,4.928
0.028687,-0.0071716,4.9304
0.028534,-0.0073242,4.9341
0.026703,-0.0056458,4.9292
0.025024,-0.005188,4.9268
0.023956,-0.0053406,4.9377
0.022888,-0.0057983,4.9243
0.022888,-0.0068665,4.9353
0.022583,-0.0068665,4.9304
0.022583,-0.0064087,4.939
0.021362,-0.0064087,4.9304
0.020447,-0.0062561,4.939
0.020294,-0.0064087,4.9438
0.019379,-0.007019,4.9353
0.019836,-0.0080872,4.9316
0.020599,-0.0071716,4.9304
0.021057,-0.0064087,4.917
0.02182,-0.0062561,4.9268
0.022278,-0.004425,4.9194
0.022736,-0.0045776,4.9194
0.023499,-0.0038147,4.9182
0.024414,-0.004425,4.9158
0.024567,-0.0042725,4.9146
0.024414,-0.0039673,4.9207
0.024414,-0.0032043,4.9158
0.023651,-0.0021362,4.9084
0.022583,-0.0024414,4.9158
0.021667,-0.002594,4.9146
0.020599,-0.0035095,4.9133
0.020752,-0.0039673,4.9097
0.019073,-0.0036621,4.9109
0.020142,-0.0030518,4.917
0.019531,-0.0028992,4.9109
0.018616,-0.0012207,4.9182
0.017853,-0.0015259,4.906
0.017395,-0.0010681,4.9036
0.01709,-0.0010681,4.9084
0.017853,0.0018311,4.9097
0.017548,0.00015259,4.9109
0.017242,0.0019836,4.9146
0.016327,0.0015259,4.9133
0.015564,0.0016785,4.917
0.014496,0.0015259,4.9194
0.013275,0.00061035,4.9231
0.010223,0.00015259,4.9207
0.011139,-0.00061035,4.9268
0.010681,-0.0016785,4.9231
0.010071,-0.0010681,4.9329
0.0088501,-0.0022888,4.9377
0.0097656,-0.0022888,4.9329
0.011292,-0.002594,4.9365
0.013123,-0.0021362,4.9341
0.014801,-0.0019836,4.9292
0.016479,-0.0016785,4.9316
0.01709,-0.00015259,4.9304
0.018005,0.00030518,4.9304
0.017548,0.0019836,4.9304
0.017395,0.0024414,4.9316
0.016785,0.0036621,4.9414
0.015869,0.0041199,4.9341
0.016327,0.0032043,4.9402
0.016632,0.005188,4.9304
0.017395,0.0064087,4.9329
0.017242,0.007019,4.9304
0.0177,0.0074768,4.9304
0.018463,0.0074768,4.9243
0.018616,0.0065613,4.9268
0.020142,0.0074768,4.9304
0.021362,0.0079346,4.9207
0.022125,0.0088501,0.061035
0.023193,0.011139,0.048828
0.022583,0.010834,0.040283
0.020599,0.010223,0.041504
0.018616,0.0091553,0.046387
0.016785,0.0086975,0.042725
0.015411,0.0057983,0.037842
0.013885,0.0056458,0.021973
0.012512,0.0048828,0.041504
0.010681,0.0050354,0.039063
0.007782,0.0050354,0.041504
0.0059509,0.0033569,0.041504
0.0039673,0.0010681,0.042725
0.0048828,0.0010681,0.041504
0.0042725,0.00076294,0.042725
0.0050354,0.0028992,0.054932
0.0061035,0.0030518,0.041504
0.0057983,0.0041199,0.042725
0.0071716,0.0039673,0.047607
0.0082397,0.0045776,0.03418
0.012207,0.0042725,0.045166
0.011902,0.007782,0.050049
0.014496,0.010986,0.05127
0.017548,0.01297,0.05249
0.018768,0.016327,0.05249
0.020294,0.016937,0.048828
0.021057,0.015717,0.061035
0.022736,0.013428,0.061035
0.024261,0.013123,0.062256
0.024719,0.012207,0.067139
0.025177,0.012817,0.065918
0.024872,0.011139,0.065918
0.023804,0.009613,0.065918
0.022278,0.0071716,0.063477
0.018921,0.007019,0.067139
0.017395,0.0042725,0.062256
0.017242,0.0067139,0.081787
0.0177,0.0088501,0.064697
0.016937,0.011444,0.057373
0.016327,0.012207,0.067139
0.015564,0.011444,0.064697
0.014801,0.0097656,0.056152
0.014954,0.0086975,0.062256
0.016174,0.0085449,0.054932
0.0177,0.010376,0.056152
0.019531,0.012665,0.05127
0.021973,0.014038,0.054932
0.023956,0.014648,0.046387
0.02594,0.013885,0.046387
0.027313,0.015411,0.047607
0.03067,0.015717,0.047607
0.033569,0.018311,0.050049
0.036163,0.020447,0.047607
0.036011,0.020905,0.043945
0.036163,0.020447,0.039063
0.034637,0.017242,0.030518
0.032196,0.01358,0.040283
0.031433,0.010529,0.039063
0.027924,0.0074768,0.032959
0.02655,0.004425,0.041504
0.027618,0.0038147,0.032959
0.02182,-0.00015259,0.041504
0.019989,-0.0027466,0.036621
0.016937,-0.0065613,0.040283
0.012207,-0.010834,0.037842
0.014954,-0.011292,0.043945
0.014954,-0.010834,0.043945
0.01709,-0.0088501,0.043945
0.018311,-0.0057983,0.042725
0.018463,-0.0027466,0.05127
0.019379,-0.00015259,0.056152
0.020142,0.0016785,0.056152
0.021973,0.0033569,0.064697
0.024109,0.0067139,0.05249
0.026093,0.0088501,0.042725
0.024719,0.012054,0.061035
0.029449,0.012054,0.061035
0.03067,0.010529,0.062256
0.032501,0.010529,0.061035
0.035553,0.0064087,0.045166
0.038147,0.0050354,0.062256
0.040283,0.0064087,0.062256
0.042267,0.0079346,0.064697
0.043488,0.0086975,0.061035
0.044098,0.0083923,0.067139
0.044403,0.0086975,0.065918
0.043488,0.007782,0.067139
0.042572,0.0076294,0.078125
0.040283,0.0079346,0.064697
0.037994,0.007019,0.05249
0.0354,0.0047302,0.062256
0.032501,0.00061035,0.057373
0.028839,-0.0036621,0.053711
0.025635,-0.007019,0.048828
0.023499,-0.009613,0.050049
0.021973,-0.009613,0.048828
0.019684,-0.0093079,0.045166
0.017548,-0.0088501,0.046387
0.015259,-0.0088501,0.039063
0.013733,-0.0094604,0.043945
0.013275,-0.0091553,0.039063
0.014954,-0.0085449,0.043945
0.018005,-0.0061035,0.039063
0.019836,-0.0032043,0.042725
0.021973,-0.00076294,0.037842
0.022888,0.0010681,0.039063
0.025482,0.0015259,0.050049
0.027618,0.0016785,0.042725
0.029907,0.00091553,0.056152
0.033875,0.00061035,0.0354
0.036316,0.00045776,0.029297
0.038757,0.00045776,0.036621
0.040894,0.00030518,0.040283
0.040894,-0.00061035,0.043945
0.041962,-0.0027466,0.043945
0.041809,-0.0056458,0.042725
0.042267,-0.0083923,0.047607
0.041504,-0.0083923,3.9758
0.039825,-0.0076294,4.8669
0.036926,-0.0080872,4.9146
0.032959,-0.0032043,4.9243
0.029602,-0.0019836,4.928
0.027161,-0.0018311,4.9304
0.02594,-0.0016785,4.9341
0.026093,-0.00091553,4.9304
0.025787,0.00045776,4.9304
0.025177,0.0018311,4.9329
0.023804,0.0019836,4.939
0.021667,0.0010681,4.9329
0.020294,-0.0015259,4.928
0.018463,-0.0042725,4.9231
0.018463,-0.007019,4.9341
0.018005,-0.0074768,4.9341
0.018005,-0.0061035,4.9353
0.018616,-0.0053406,4.9304
0.018463,-0.0042725,4.9402
0.019379,-0.0036621,4.9292
0.02121,-0.0045776,4.9316
0.024414,-0.0048828,4.928
0.027924,-0.0050354,4.9292
0.030365,-0.0047302,4.9158
0.032196,-0.0027466,4.9255
0.032196,-0.0013733,4.9329
0.03067,-0.0019836,4.9194
0.029449,-0.0030518,4.9133
0.028534,-0.0054932,4.8987
0.028381,-0.0059509,4.8962
0.028229,-0.0061035,4.9133
0.026703,-0.0057983,4.9133
0.026398,-0.0061035,4.9158
0.023041,-0.007019,4.9146
0.021057,-0.0091553,4.9084
0.018768,-0.010834,4.9097
0.018005,-0.011597,4.9097
0.018768,-0.011597,4.9084
0.018158,-0.0094604,4.906
0.018463,-0.0080872,4.9146
0.016479,-0.0028992,4.9097
0.014801,-0.00045776,4.9133
0.014343,0.00076294,4.9109
0.015717,0.0027466,4.9146
0.016632,0.00091553,4.9121
0.018921,0.00061035,4.9133
0.020294,0.0016785,4.9207
0.019989,0.0035095,4.9182
0.021515,0.0048828,4.9194
0.022125,0.0059509,4.9231
0.024261,0.0068665,4.9231
0.026245,0.0076294,4.9255
0.028992,0.0079346,4.9292
0.030212,0.0090027,4.9316
0.026855,0.010681,4.9316
0.027771,0.010681,4.928
0.026093,0.009613,4.9353
0.025177,0.007782,4.9304
0.024872,0.0048828,4.9341
0.024109,0.0015259,4.9304
0.023804,-0.00091553,4.9243
0.022888,-0.0018311,4.9426
0.020599,-0.0021362,4.939
0.017395,-0.0015259,4.9402
0.015411,-0.00061035,4.9353
0.014648,0.0010681,4.928
0.013275,0.0016785,4.9353
0.016022,0.0013733,4.9292
0.015717,0.0018311,4.9292
0.015564,0.0030518,4.9292
0.014496,0.0027466,4.9268
0.013885,0.0027466,4.9255
0.014954,0.0024414,4.9207
0.017548,0.0028992,4.9231
0.018005,-0.00061035,4.9182
0.019531,-0.00091553,4.917
0.019073,-0.00030518,4.9097
0.0177,0.00076294,4.9231
0.017242,0.0033569,4.9158
0.015717,0.0045776,4.917
0.018311,0.0033569,4.917
0.019379,0.0038147,4.9109
0.022888,0.0033569,4.9146
0.024261,0.0033569,4.9097
0.024872,0.0035095,4.8987
0.024261,0.0039673,4.9097
0.023651,0.0033569,4.9084
0.023956,0.0028992,4.9146
0.023651,0.0022888,4.9109
0.024872,0.00030518,4.906
0.023956,-0.00015259,4.9109
0.020752,-0.00091553,4.9084
0.018463,-0.00091553,4.8926
0.016479,-0.0015259,4.9133
0.016022,-0.0018311,4.9182
0.01709,-0.0018311,4.9158
0.018463,-0.0027466,4.9231
0.020294,-0.0019836,4.9377
0.019989,-0.0018311,4.9243
0.019684,-0.00045776,4.9304
0.017395,0.00045776,4.9316
0.016785,0.00030518,4.9146
0.017548,-0.00015259,4.9268
0.016479,-0.00061035,4.9304
0.018616,-0.0012207,4.9329
0.018768,-0.0019836,4.9292
0.01709,0.00015259,4.928
0.015869,-0.0027466,4.9329
0.015717,-0.002594,4.9329
0.016785,-0.0013733,4.939
0.018311,-0.00030518,0.058594
0.021057,0.00091553,0.068359
0.023346,0.0015259,0.065918
0.024261,0.0016785,0.068359
0.023651,0.0012207,0.070801
0.023346,0.00045776,0.063477
0.022888,0.00015259,0.063477
0.023346,-0.0012207,0.059814
0.022736,-0.00076294,0.068359
0.024872,-0.00076294,0.05127
0.023956,-0.0016785,0.05127
0.022888,-0.0021362,0.050049
0.020599,-0.0013733,0.047607
0.019379,-0.0010681,0.045166
0.019531,-0.00045776,0.046387
0.020447,0.00061035,0.045166
0.021362,0.00045776,0.046387
0.022583,0.00076294,0.039063
0.021362,0.0012207,0.045166
0.020599,0.00076294,0.041504
0.017548,-0.0010681,0.041504
0.017395,0.00030518,0.040283
0.016785,-0.00061035,0.042725
0.017242,-0.00061035,0.05249
0.018311,-0.0018311,0.041504
0.017548,-0.0022888,0.053711
0.014038,-0.0018311,0.039063
0.014496,-0.0015259,0.028076
0.013733,-0.00045776,0.041504
0.015564,-0.00030518,0.040283
0.017242,0.00045776,0.039063
0.019684,-0.0016785,0.041504
0.019531,-0.0024414,0.042725
0.018463,-0.0016785,0.047607
0.017395,-0.0032043,0.048828
0.014343,-0.0028992,0.054932
0.014038,-0.0032043,0.05249
0.014648,-0.0045776,0.061035
0.016174,-0.0062561,0.061035
0.018005,-0.007019,0.062256
0.018311,-0.0068665,0.065918
0.017853,-0.0056458,0.063477
0.016937,-0.0036621,0.061035
0.016632,-0.0018311,0.062256
0.019073,-0.0018311,0.070801
0.02182,-0.002594,0.061035
0.023956,-0.0039673,0.063477
0.023804,-0.0050354,0.059814
0.023499,-0.0045776,0.064697
0.021515,-0.0047302,0.064697
0.020294,-0.0033569,0.067139
0.021057,-0.0027466,0.065918
0.023041,-0.0033569,0.063477
0.024567,-0.0041199,0.061035
0.02533,-0.0045776,0.063477
0.024567,-0.004425,0.058594
0.023499,-0.0041199,0.058594
0.021515,-0.002594,0.048828
0.020905,-0.0016785,0.05249
0.021973,-0.00061035,0.063477
0.021362,-0.00091553,0.05127
0.022888,-0.0010681,0.046387
0.022278,-0.0015259,0.047607
0.021057,-0.00091553,0.025635
0.017395,0.00015259,0.041504
0.016174,0.0013733,0.042725
0.016937,0.0021362,0.042725
0.018158,0.0022888,0.042725
0.019989,0.0010681,0.037842
0.020752,0.00061035,0.041504
0.020752,-0.00015259,0.0354
0.019684,0.00045776,0.041504
0.0177,0.0019836,0.037842
0.019684,0.0022888,0.040283
0.021515,0.0032043,0.0354
0.023346,0.0027466,0.042725
0.023804,0.0019836,0.042725
0.02243,0.00045776,0.041504
0.020294,0.00015259,0.041504
0.018768,0.0010681,0.046387
0.017548,0.0021362,0.05249
0.018463,0.0028992,0.046387
0.019989,0.0022888,0.040283
0.020447,0.00030518,0.05127
0.020599,-0.00091553,0.05249
0.021057,-0.0019836,0.053711
0.017395,0,0.059814
0.017395,0.0022888,0.058594
0.018463,0.0045776,0.061035
0.019379,0.0059509,0.058594
0.022278,0.0057983,0.063477
0.023956,0.0053406,0.058594
0.023956,0.0048828,0.061035
0.022583,0.005188,0.062256
0.021667,0.0094604,0.062256
0.022736,0.011597,0.073242
0.024261,0.010681,0.062256
0.025482,0.010834,0.067139
0.026093,0.0085449,0.067139
0.026093,0.0068665,0.061035
0.025482,0.0056458,0.063477
0.023956,0.0074768,0.063477
0.023193,0.0093079,0.057373
0.024261,0.010376,0.059814
0.024872,0.0097656,0.05249
0.025024,0.007019,0.048828
0.024414,0.0053406,0.048828
0.022888,0.0039673,0.05249
0.021515,0.0054932,0.046387
0.020142,0.0071716,0.05127
0.020905,0.010071,0.047607
0.02243,0.0067139,0.050049
0.023956,0.0056458,0.042725
0.025787,0.0039673,0.046387
0.025787,0.0036621,0.056152
0.02594,0.0064087,0.041504
0.025024,0.0073242,0.10498
0.024567,0.0088501,4.624
0.025482,0.009613,4.8816
0.024872,0.0086975,4.9084
0.025482,0.0059509,4.9109
0.025482,0.0039673,4.9097
0.023651,0.0042725,4.9097
0.023651,0.0057983,4.906
0.022125,0.0068665,4.9109
0.023346,0.007019,4.9097
0.024719,0.0059509,4.9109
0.026398,0.0047302,4.9133
0.026703,0.0027466,4.9182
0.02533,0.0027466,4.9182
0.024414,0.0045776,4.9231
0.023804,0.0079346,4.9243
0.025024,0.010681,4.9231
0.026398,0.0065613,4.9243
0.028229,0.010986,4.9316
0.029602,0.0090027,4.9268
0.030365,0.0065613,4.9304
0.02655,0.0057983,4.939
0.027313,0.0065613,4.9329
0.025635,0.0071716,4.9292
0.026093,0.0071716,4.9292
0.02594,0.0064087,4.9329
0.026703,0.0038147,4.9158
0.027161,0.0016785,4.9341
0.025787,0.00015259,4.9304
0.026093,0.0036621,4.9365
0.024261,0.007782,4.9353
0.025482,0.010223,4.939
0.026703,0.010376,4.928
0.028381,0.0082397,4.939
0.028992,0.0053406,4.9402
0.027161,0.0019836,4.9316
0.025024,0.0015259,4.9353
0.023804,0.002594,4.928
0.022888,0.0035095,4.9109
0.027008,0.002594,4.9219
0.025177,0.0010681,4.9219
0.026245,-0.0021362,4.9182
0.027008,-0.0035095,4.9182
0.026398,-0.0022888,4.917
0.025787,-0.00045776,4.9133
0.025177,0.0027466,4.9146
0.025635,0.0035095,4.9146
0.025787,0.0036621,4.9084
0.026398,0.0016785,4.9158
0.026398,-0.00061035,4.9146
0.025482,-0.0010681,4.9146
0.024261,0.00015259,4.9121
0.023499,0.0028992,4.9133
0.023804,0.0039673,4.9097
0.025177,-0.00015259,4.9109
0.02594,0.0030518,4.9048
0.027008,0.00045776,4.9097
0.026855,-0.00030518,4.8999
0.023041,0.00030518,4.9084
0.023956,0.002594,4.9133
0.024109,0.0048828,4.9146
0.024414,0.0088501,4.9182
0.025787,0.004425,4.9182
0.027771,0.0019836,4.9243
0.029449,-0.0010681,4.9255
0.028229,-0.0021362,4.928
0.026093,-0.00076294,4.928
0.024261,0.0015259,4.9329
0.023499,0.0027466,4.9304
0.023804,0.0041199,4.9304
0.024109,0.0021362,4.9402
0.024872,0.00030518,4.9329
0.023956,-0.00030518,4.9365
0.022888,0,4.9329
0.021667,0.0032043,4.9036
0.020599,0.0047302,4.9353
0.023346,0.007019,4.9341
0.02533,0.0042725,4.9353
0.026245,0.00045776,4.9353
0.025635,-0.0028992,4.9304
0.023499,-0.0021362,4.9377
0.020752,-0.0024414,4.9341
0.018616,0.00076294,4.9304
0.018616,0.0028992,4.928
0.019531,0.0033569,4.928
0.020142,0.0021362,4.9255
0.020599,0,4.9243
0.020142,-0.00045776,4.9268
0.019836,0.00061035,4.9207
0.020447,0.0024414,4.9182
0.021057,0.0033569,4.9207
0.022125,0.0048828,4.9097
0.022736,-0.00045776,4.9133
0.023651,-0.004425,4.9109
0.022583,-0.0068665,4.9133
0.021362,-0.0067139,4.9158
0.020294,-0.0048828,4.9097
0.018768,-0.002594,4.9121
0.018768,-0.00030518,4.906
0.019836,-0.0013733,4.9048
0.022125,-0.00091553,4.9048
0.023956,-0.0012207,4.9133
0.023956,-0.00091553,4.9109
0.024109,0.00030518,4.9133
0.023193,0.0012207,4.9109
0.022736,0.0024414,4.9146
0.023346,0.0012207,4.9231
0.024414,0.00076294,4.9158
0.023651,-0.0015259,4.928
0.02243,-0.0019836,4.9182
0.021362,-0.0021362,4.9084
0.02121,-0.00045776,0.053711
0.02121,0.0013733,0.053711
0.022125,0.0024414,0.054932
0.023804,0.0030518,0.061035
0.02655,0.0019836,0.058594
0.028381,0.0013733,0.063477
0.027771,0.0022888,0.05127
0.026855,0.0032043,0.065918
0.02533,0.0053406,0.059814
0.024261,0.0068665,0.062256
0.024414,0.0064087,0.063477
0.024414,0.0053406,0.064697
0.025482,0.0035095,0.070801
0.023346,0.0024414,0.064697
0.022125,0.0024414,0.067139
0.02182,0.0036621,0.068359
0.021362,0.0042725,0.068359
0.022125,0.0021362,0.062256
0.022583,0.0022888,0.061035
0.023651,0.00061035,0.058594
0.022736,-0.00061035,0.058594
0.021515,-0.0016785,0.05249
0.019989,0.00030518,0.053711
0.018311,0.0018311,0.048828
0.018311,0.0019836,0.05249
0.018311,0.0032043,0.047607
0.019226,0.002594,0.048828
0.020142,0.0012207,0.048828
0.020752,0.00015259,0.045166
0.020294,0.00030518,0.042725
0.020447,0.0010681,0.045166
0.019989,0.0022888,0.056152
0.019989,0.0019836,0.042725
0.021973,0.00061035,0.05249
0.02182,-0.0012207,0.040283
0.021973,-0.0030518,0.028076
0.02121,-0.002594,0.036621
0.020294,-0.00061035,0.037842
0.020294,0.00076294,0.036621
0.019684,0.0024414,0.037842
0.02121,0.0024414,0.036621
0.022278,0.00091553,0.040283
0.023804,-0.00030518,0.039063
0.023956,0.00015259,0.041504
0.024261,0.00091553,0.042725
0.022583,0.0027466,0.048828
0.021973,0.0035095,0.046387
0.020752,0.0036621,0.05249
0.020599,0.0027466,0.064697
0.020294,0.0012207,0.056152
0.019531,-0.0013733,0.053711
0.019379,-0.0013733,0.058594
0.018311,-0.00045776,0.062256
0.018158,0.00091553,0.061035
0.018616,0.0018311,0.074463
0.019531,0.0010681,0.061035
0.020447,-0.00015259,0.061035
0.021667,-0.0013733,0.058594
0.022736,-0.00045776,0.062256
0.022278,-0.0032043,0.057373
0.021057,-0.0024414,0.064697
0.020599,-0.00045776,0.063477
0.019226,-0.00030518,0.070801
0.019379,-0.0018311,0.064697
0.019684,-0.0039673,0.067139
0.020294,-0.0054932,0.065918
0.020447,-0.0048828,0.065918
0.020447,-0.0035095,0.067139
0.020142,-0.0013733,0.058594
0.019073,-0.00091553,0.064697
0.020447,-0.0019836,0.05249
0.020294,-0.0038147,0.039063
0.019836,-0.0048828,0.048828
0.02243,-0.007019,0.045166
0.020294,-0.0033569,0.045166
0.020142,-0.0010681,0.046387
0.020142,-0.0047302,0.046387
0.019989,-0.00061035,0.042725
0.019379,-0.00091553,0.042725
0.019684,-0.0024414,0.045166
0.019989,-0.0030518,0.041504
0.021362,-0.00045776,0.041504
0.021057,0.0012207,0.042725
0.020599,0.0033569,0.041504
0.021362,0.0036621,0.040283
0.022736,0.0039673,0.043945
0.02243,0.0038147,0.040283
0.022888,0.002594,0.040283
0.023956,0.0027466,0.039063
0.023193,0.0028992,0.039063
0.023193,0.0032043,0.041504
0.021667,0.0032043,0.036621
0.020599,0.0018311,0.042725
0.019073,0.00076294,0.046387
0.017548,-0.00076294,0.050049
0.016327,-0.0022888,0.048828
0.015564,-0.0021362,0.054932
0.015259,-0.0018311,0.053711
0.014801,-0.0018311,0.061035
0.015564,-0.0022888,0.058594
0.015869,-0.0038147,0.062256
0.015564,-0.005188,0.057373
0.015717,-0.007019,0.058594
0.016479,-0.0074768,0.073242
0.016785,-0.0059509,0.062256
0.017548,-0.0045776,0.063477
0.018921,-0.0022888,0.061035
0.018921,-0.002594,0.048828
0.018921,-0.0028992,0.061035
0.019989,-0.0028992,0.064697
0.020447,-0.0015259,0.065918
0.024109,0.00091553,0.064697
0.026703,0.0035095,0.058594
0.027618,0.0038147,0.063477
0.029144,0.0057983,0.062256
0.029297,0.005188,0.059814
0.03006,0.0039673,3.8379
0.03067,0.0039673,4.8572
0.031281,0.0033569,4.9146
0.031738,0.0036621,4.9219
0.030975,0.0036621,4.9231
0.031891,0.0030518,4.9182
0.028992,0.00091553,4.9243
0.027008,-0.00045776,4.9158
0.025787,-0.0010681,4.9292
0.024261,0.00061035,4.9109
0.02243,0.0013733,4.8987
0.02182,0.0033569,4.9146
0.016785,0.0038147,4.9146
0.019073,0.002594,4.9097
0.017548,0.0018311,4.9109
0.01709,0.00015259,4.9097
0.01709,-0.00045776,4.9121
0.017242,0.0016785,4.906
0.018005,0.0024414,4.9182
0.018463,0.0045776,4.9109
0.016479,0.0041199,4.9109
0.0177,0.0035095,4.9121
0.017548,0.0028992,4.9133
0.018158,0.0038147,4.9231
0.018921,0.004425,4.9194
0.019684,0.0045776,4.9219
0.021362,0.0054932,4.9194
0.022736,0.0048828,4.9146
0.023041,0.0047302,4.9243
0.023651,0.0042725,4.928
0.024872,0.0033569,4.928
0.023651,0.0039673,4.928
0.025787,0.0038147,4.928
0.026703,0.0036621,4.9292
0.026398,0.0042725,4.9316
0.025482,0.0012207,4.9365
0.023956,0.00015259,4.9304
0.022278,-0.0016785,4.9329
0.021362,-0.0062561,4.9329
0.021362,-0.0032043,4.9365
0.02121,-0.002594,4.9304
0.021515,-0.0024414,4.9365
0.019073,-0.0010681,4.9402
0.017853,-0.00045776,4.9377
0.0177,0.00015259,4.9438
0.018463,0.0010681,4.9377
0.018616,0.0021362,4.9207
0.019226,0.0036621,4.9292
0.019379,0.0050354,4.9292
0.021057,0.0057983,4.9292
0.020142,0.0062561,4.9133
0.02121,0.007019,4.9207
0.023804,0.0073242,4.9243
0.025177,0.0083923,4.9182
0.028534,0.0082397,4.9219
0.027008,0.007782,4.917
0.027466,0.0082397,4.9207
0.027466,0.0036621,4.9158
0.026703,0.0015259,4.9182
0.027008,0.00030518,4.9219
0.027008,0,4.9133
0.027008,-0.0021362,4.9133
0.027924,-0.00076294,4.9109
0.027313,-0.0019836,4.8938
0.026703,-0.004425,4.906
0.025024,-0.0057983,4.9084
0.024261,-0.007019,4.9109
0.023041,-0.0068665,4.9097
0.02182,-0.0071716,4.9048
0.020752,-0.007019,4.9146
0.019684,-0.0071716,4.9072
0.016632,-0.0082397,4.9158
0.015717,-0.0079346,4.9109
0.015259,-0.0074768,4.9207
0.014648,-0.0054932,4.917
0.015259,-0.0038147,4.9219
0.015869,-0.0013733,4.9048
0.016632,-0.00015259,4.9255
0.018463,0.00045776,4.928
0.019684,-0.00015259,4.9268
0.021515,0.00045776,4.9402
0.024109,0.0010681,4.9316
0.02594,0.0021362,4.9072
0.026093,0.0027466,4.9329
0.028534,0.002594,4.9292
0.030212,0.0015259,4.928
0.029297,0.00061035,4.9329
0.028992,-0.00015259,4.9304
0.028534,0.00015259,4.9353
0.028076,0.0015259,4.9329
0.027313,0.0019836,4.9365
0.026703,0.0019836,4.9353
0.02594,0.0015259,4.939
0.024719,-0.00076294,4.9316
0.023193,-0.0015259,4.9329
0.021667,-0.0010681,4.9377
0.020752,-0.0013733,4.9329
0.02121,-0.0012207,4.9268
0.019836,-0.0019836,4.9255
0.018463,-0.0033569,4.9133
0.016022,-0.004425,4.9194
0.013428,-0.004425,4.9182
0.011749,-0.0036621,4.9158
0.010986,-0.0024414,4.9194
0.011444,-0.0027466,4.9146
0.013275,-0.0030518,4.9146
0.014801,-0.0028992,4.9097
0.016937,-0.0033569,4.9133
0.018311,-0.0027466,4.9084
0.019989,-0.0015259,4.9133
0.022278,-0.00015259,0.040283
0.025024,0.0013733,0.042725
0.027618,0.0019836,0.036621
0.027771,0.0027466,0.042725
0.029755,0.0035095,0.041504
0.029755,0.0036621,0.041504
0.029755,0.0042725,0.046387
0.030212,0.0059509,0.041504
0.030518,0.0064087,0.0354
0.031586,0.0076294,0.041504
0.031891,0.0071716,0.039063
0.032501,0.0067139,0.046387
0.031128,0.0062561,0.050049
0.03006,0.0054932,0.048828
0.029144,0.0047302,0.053711
0.027771,0.0065613,0.054932
0.026703,0.0061035,0.059814
0.025177,0.0054932,0.058594
0.022888,0.0050354,0.063477
0.02121,0.0050354,0.064697
0.018616,0.0048828,0.063477
0.018158,0.0056458,0.075684
0.018463,0.0061035,0.061035
0.018616,0.0061035,0.064697
0.019226,0.0062561,0.063477
0.019989,0.0048828,0.048828
0.020294,0.0038147,0.059814
0.019684,0.004425,0.067139
0.020142,0.0065613,0.065918
0.019989,0.0056458,0.065918
0.021667,0.0048828,0.064697
0.022888,0.0047302,0.067139
0.024261,0.0047302,0.061035
0.024567,0.0010681,0.061035
0.024567,0.0010681,0.054932
0.024872,0.00045776,0.057373
0.02594,0,0.05127
0.02594,0.00030518,0.05249
0.027008,0.00015259,0.053711
0.027008,0,0.05127
0.026703,-0.0013733,0.05127
0.026093,-0.0016785,0.046387
0.02594,-0.00061035,0.056152
0.026398,-0.00030518,0.043945
0.027771,0.00091553,0.029297
0.029144,0.0013733,0.040283
0.030212,0.0013733,0.042725
0.029602,0.00030518,0.036621
0.030518,0.0012207,0.039063
0.029755,0.00076294,0.036621
0.028687,0.0012207,0.039063
0.027924,0.0035095,0.036621
0.027771,0.0033569,0.040283
0.027618,0.0036621,0.037842
0.028076,0.0030518,0.041504
0.027008,0.0024414,0.043945
0.026245,0.0021362,0.043945
0.02655,0.002594,0.05127
0.024567,0.0032043,0.041504
0.027313,0.0045776,0.05249
0.028381,0.0048828,0.047607
0.027466,0.0056458,0.046387
0.027466,0.0042725,0.05249
0.025787,0.0038147,0.057373
0.024719,0.0035095,0.056152
0.024872,0.0036621,0.061035
0.027466,0.0036621,0.058594
0.024567,0.0032043,0.063477
0.024261,0.0035095,0.057373
0.023193,0.0045776,0.063477
0.022583,0.0032043,0.059814
0.021973,0.0028992,0.063477
0.022125,0.002594,0.062256
0.022278,0.00030518,0.065918
0.021667,0.002594,0.064697
0.02121,0.0022888,0.067139
0.020294,0.0013733,0.073242
0.019531,0.00030518,0.065918
0.018616,-0.00015259,0.074463
0.018005,-0.00091553,0.064697
0.017548,0.00076294,0.05127
0.017395,0.00030518,0.058594
0.016785,0.00091553,0.058594
0.016632,0.0018311,0.053711
0.014496,0.0018311,0.05249
0.017548,0.0024414,0.047607
0.018463,0.0024414,0.050049
0.018463,0.0033569,0.047607
0.019836,0.0035095,0.047607
0.020447,0.0039673,0.043945
0.022278,0.0033569,0.043945
0.023346,0.0030518,0.045166
0.022888,0.0022888,0.043945
0.022736,0.0019836,0.048828
0.021362,0.0022888,0.041504
0.019379,0.0028992,0.036621
0.017548,0.002594,0.042725
0.016937,0.0022888,0.024414
0.016785,0.0015259,0.037842
0.015717,0.0018311,0.039063
0.016479,0.0013733,0.036621
0.015564,0.0018311,0.039063
0.016632,0.002594,0.037842
0.016022,0.0022888,0.041504
0.018158,0.00076294,0.040283
0.018005,0.00030518,0.042725
0.01709,0.0010681,0.043945
0.018005,-0.00015259,0.048828
0.017242,0.00061035,0.048828
0.016479,0.0013733,0.053711
0.015869,0.0018311,0.054932
0.014343,0.00030518,0.058594
0.014496,-0.00045776,0.062256
0.015411,0.00076294,0.061035
0.016327,-0.0013733,0.070801
0.0177,-0.0012207,0.059814
0.018616,-0.00045776,2.6074
0.019226,0.0019836,4.7913
0.019684,-0.00045776,4.9158
0.019531,-0.0012207,4.9268
0.019531,-0.0021362,4.917
0.022125,-0.0022888,4.9292
0.019989,-0.0032043,4.9316
0.019226,-0.0027466,4.9304
0.018463,-0.0021362,4.9353
0.014648,-0.0024414,4.9304
0.016785,-0.0024414,4.9341
0.016327,-0.0024414,4.9316
0.016327,-0.0032043,4.9341
0.01709,-0.002594,4.9353
0.016937,-0.0016785,4.928
0.017853,-0.0013733,4.9255
0.017853,0.00061035,4.9255
0.018158,-0.00061035,4.9231
0.018921,-0.0012207,4.9194
0.019226,-0.00061035,4.917
0.019684,0.00076294,4.9121
0.020905,0.002594,4.8926
0.021515,0.0053406,4.9158
0.023041,0.0068665,4.9133
0.023041,0.007019,4.9084
0.021973,0.0057983,4.9121
0.02182,0.0054932,4.9072
0.022125,0.0045776,4.9146
0.022278,0.0057983,4.9109
0.02243,0.0062561,4.9146
0.022888,0.0054932,4.9097
0.021362,0.0048828,4.9121
0.019531,0.002594,4.9243
0.018616,0.00091553,4.9121
0.017853,-0.00076294,4.9158
0.016632,-0.0024414,4.9121
0.015869,-0.0028992,4.895
0.014343,-0.0042725,4.9146
0.014343,-0.0047302,4.9133
0.01236,-0.0065613,4.917
0.011749,-0.0068665,4.9207
0.010834,-0.0068665,4.9194
0.011749,-0.0064087,4.9194
0.01358,-0.0056458,4.9268
0.014954,-0.004425,4.9316
0.016479,-0.0030518,4.9255
0.019073,-0.0021362,4.9341
0.018616,-0.00045776,4.9329
0.02121,-0.00076294,4.9377
0.023651,0.00045776,4.9353
0.026093,0.00091553,4.9341
0.028534,0.00076294,4.9292
0.029907,0.0013733,4.9341
0.03067,0.0032043,4.9463
0.03067,0.0032043,4.9341
0.028992,0.004425,4.9377
0.027466,0.0048828,4.9353
0.026245,0.0041199,4.9365
0.025787,0.0028992,4.9316
0.024872,0.0015259,4.9316
0.025482,0.0013733,4.9316
0.025024,0.00061035,4.9304
0.023804,0.00061035,4.9243
0.023804,-0.00030518,4.9292
0.022583,-0.0013733,4.9194
0.022583,-0.0019836,4.9231
0.022125,-0.0024414,4.9194
0.020905,-0.0013733,4.9219
0.020447,-0.0010681,4.9255
0.017548,0.00015259,4.9207
0.014954,-0.00030518,4.9207
0.012817,0.00030518,4.9133
0.012512,-0.00030518,4.9036
0.012817,0,4.9146
0.014648,-0.00030518,4.9109
0.016327,-0.00076294,4.9072
0.018311,-0.0024414,4.9109
0.017853,-0.0032043,4.9084
0.017395,-0.0039673,4.9084
0.017853,-0.0039673,4.906
0.018311,-0.002594,4.9109
0.018463,-0.002594,4.9084
0.017853,-0.0022888,4.9109
0.018463,-0.0036621,4.9121
0.017395,-0.0035095,4.9146
0.017853,-0.0036621,4.9133
0.018921,-0.0021362,4.9207
0.022278,-0.00091553,4.9121
0.025635,0.00045776,4.9194
0.028076,0.0010681,4.9243
0.029907,0.0010681,4.9255
0.030518,0.00091553,4.9207
0.029144,0.0013733,4.9243
0.027313,0.0015259,4.9329
0.025482,0.0013733,4.9316
0.024109,0.0010681,4.9304
0.022583,-0.00061035,4.928
0.020599,-0.0019836,4.9329
0.016937,-0.0038147,4.9304
0.016174,-0.0056458,4.9316
0.014496,-0.0064087,4.9316
0.010834,-0.0064087,4.9353
0.015106,-0.0054932,4.9304
0.015717,-0.004425,4.939
0.017242,-0.0036621,4.9475
0.0177,-0.0027466,4.9353
0.018158,-0.0033569,4.9402
0.018311,-0.0021362,4.9353
0.019836,-0.0012207,4.9146
0.021667,0.00061035,4.9255
0.023956,0.0021362,0.054932
0.026398,0.0035095,0.05249
0.028381,0.0038147,0.05127
0.029449,0.0032043,0.046387
0.03006,0.002594,0.050049
0.031738,0.0016785,0.046387
0.033722,0.00091553,0.046387
0.035706,0.0015259,0.046387
0.036316,0.0010681,0.047607
0.037079,0.00076294,0.042725
0.034943,-0.0013733,0.043945
0.033875,-0.0018311,0.046387
0.031891,-0.0030518,0.041504
0.03067,-0.0039673,0.036621
0.028534,-0.0035095,0.041504
0.027161,-0.0022888,0.028076
0.024719,-0.0015259,0.039063
0.022278,-0.00015259,0.037842
0.018768,-0.0028992,0.039063
0.016022,-0.0054932,0.040283
0.014648,-0.0062561,0.037842
0.017853,-0.0065613,0.040283
0.016785,-0.005188,0.040283
0.018005,-0.0039673,0.046387
0.018616,-0.0030518,0.043945
0.019684,-0.0028992,0.05249
0.020294,-0.002594,0.050049
0.02182,-0.0021362,0.056152
0.023346,-0.00061035,0.054932
0.027161,0.0012207,0.05249
0.028687,0.0033569,0.063477
0.029602,0.004425,0.061035
0.028839,0.0047302,0.076904
0.030212,0.0045776,0.063477
0.030518,0.0047302,0.05127
0.033264,0.0076294,0.062256
0.035706,0.0065613,0.061035
0.036011,0.0079346,0.061035
0.035706,0.0080872,0.063477
0.03479,0.0059509,0.067139
0.035095,0.0033569,0.064697
0.030823,0.00061035,0.064697
0.029449,-0.0018311,0.070801
0.027313,-0.0021362,0.062256
0.02533,-0.0041199,0.065918
0.022888,-0.0045776,0.061035
0.020294,-0.0067139,0.061035
0.018311,-0.0057983,0.062256
0.016327,-0.0062561,0.056152
0.015411,-0.0057983,0.054932
0.015869,-0.004425,0.047607
0.01709,-0.0021362,0.047607
0.017548,0,0.050049
0.020905,0.002594,0.048828
0.023041,0.0027466,0.043945
0.024719,0.0042725,0.047607
0.02594,0.0045776,0.045166
0.028839,0.0047302,0.040283
0.029144,0.005188,0.042725
0.031128,0.0053406,0.040283
0.033112,0.007019,0.037842
0.032349,0.007019,0.041504
0.031586,0.007019,0.042725
0.031281,0.0067139,0.042725
0.032196,0.0067139,0.039063
0.033112,0.007019,0.041504
0.033112,0.0079346,0.05127
0.033417,0.009613,0.041504
0.034637,0.010681,0.050049
0.03418,0.010223,0.036621
0.031738,0.0091553,0.029297
0.031738,0.0079346,0.041504
0.030518,0.0067139,0.046387
0.027924,0.0062561,0.047607
0.025482,0.0056458,0.05127
0.023651,0.0054932,0.046387
0.020294,0.004425,0.058594
0.019226,0.0027466,0.058594
0.016937,0.0022888,0.062256
0.015717,0.00076294,0.059814
0.015259,0.0018311,0.065918
0.015869,0.00061035,0.062256
0.015411,0.0012207,0.062256
0.016327,0.0024414,0.072021
0.017242,0.0019836,0.059814
0.018158,0.0027466,0.061035
0.018616,0.002594,0.063477
0.020599,0.0022888,0.063477
0.020294,0.0033569,0.063477
0.021362,0.0038147,0.078125
0.022125,0.004425,0.065918
0.023193,0.0045776,0.065918
0.023193,0.0039673,0.061035
0.025177,0.0027466,0.064697
0.025482,0.0012207,0.062256
0.025787,-0.00030518,0.056152
0.02594,0.00061035,0.05127
0.026703,0.0015259,0.054932
0.026855,0.0021362,0.05127
0.026703,0.0027466,0.05127
0.026245,0.002594,0.047607
0.025787,0.0016785,0.043945
0.024414,0.00076294,0.057373
0.02533,0.00045776,0.048828
0.024719,0.00015259,0.048828
0.023956,0.00076294,0.042725
0.023193,0.0013733,0.025635
0.022736,0.0012207,0.039063
0.020294,0.00091553,0.040283
0.019684,-0.00030518,0.036621
0.016937,-0.00030518,0.040283
0.01709,-0.00030518,0.039063
0.01709,0.00076294,0.037842
0.016327,0.0021362,0.0354
0.016174,0.0048828,0.040283
0.016632,0.0032043,0.0354
0.017853,0.0027466,0.042725
0.018921,0.0012207,1.8201
0.021515,0.0030518,4.7339
0.023041,0.0041199,4.8975
0.022125,0.0053406,4.9158
0.023499,0.0065613,4.9146
0.023804,0.0059509,4.9194
0.022736,0.0047302,4.9341
0.022736,0.0033569,4.9292
0.021973,0.0019836,4.9158
0.021515,0.0010681,4.928
0.021057,0.00061035,4.9353
0.018616,-0.00030518,4.9304
0.016632,0.00045776,4.9268
0.016174,-0.00076294,4.9292
0.015717,-0.0010681,4.9292
0.016785,-0.00030518,4.928
0.016937,-0.00045776,4.9316
0.017395,0.00030518,4.928
0.016327,0.0027466,4.9341
0.016937,0.0035095,4.9353
0.014801,0.0045776,4.9377
0.013733,0.0048828,4.9487
0.014038,0.0028992,4.9377
0.014191,0.0032043,4.9292
0.014343,0.0035095,4.939
0.013275,0,4.9194
0.01297,0.0030518,4.9255
0.013428,0.0021362,4.9255
0.014191,0.0012207,4.9231
0.014801,-0.0010681,4.9194
0.01709,-0.0012207,4.9158
0.018158,-0.00030518,4.9207
0.019379,0.00030518,4.9158
0.019226,0.0028992,4.9158
0.018768,0.0028992,4.9158
0.019531,0.0024414,4.9182
0.018158,0.0013733,4.9133
0.017548,-0.00030518,4.9146
0.01709,-0.00030518,4.9109
0.017853,-0.00030518,4.9097
0.017395,0.00030518,4.9182
0.01709,0.00091553,4.9133
0.016937,0.00076294,4.917
0.016632,0.00045776,4.9084
0.01709,-0.00061035,4.906
0.01709,-0.00091553,4.9133
0.016785,0.00091553,4.9072
0.016937,0.0015259,4.906
0.015869,0.0016785,4.9109
0.015869,0.00076294,4.9109
0.015717,-0.0013733,4.9121
0.016174,-0.0030518,4.917
0.014954,-0.004425,4.9231
0.0177,-0.0054932,4.917
0.017242,-0.005188,4.9268
0.018768,-0.0038147,4.9268
0.0177,-0.0022888,4.9316
0.019531,-0.0021362,4.939
0.019073,-0.0021362,4.9304
0.020447,-0.0035095,4.9329
0.020905,-0.004425,4.9316
0.020294,-0.0038147,4.9292
0.02121,-0.0036621,4.9329
0.02121,-0.0032043,4.928
0.020599,-0.0035095,4.9304
0.020905,-0.0038147,4.9304
0.021973,-0.0042725,4.9304
0.023499,-0.0032043,4.9414
0.023041,-0.0013733,4.9341
0.02121,0.00061035,4.939
0.021057,0.0036621,4.9341
0.019836,0.0041199,4.9377
0.018311,0.004425,4.9329
0.017853,0.0028992,4.9341
0.017548,0.0032043,4.9268
0.019989,0.0012207,4.928
0.018616,0.0013733,4.9329
0.018616,0.0019836,4.9182
0.019073,0.0041199,4.9292
0.019836,0.0032043,4.9219
0.020752,0.002594,4.9146
0.020599,0.0015259,4.9158
0.020142,-0.0010681,4.9207
0.018311,0.00061035,4.9194
0.017242,0.0012207,4.9146
0.014954,0.00045776,4.9097
0.014801,-0.0013733,4.9133
0.013885,-0.002594,4.9109
0.014343,-0.0056458,4.9097
0.014191,-0.0067139,4.9097
0.015259,-0.0064087,4.9158
0.016632,-0.0056458,4.9072
0.017242,-0.0074768,4.9097
0.019684,-0.0036621,4.9231
0.018005,-0.0036621,4.9133
0.018005,-0.0039673,4.9109
0.017853,-0.005188,4.9121
0.017853,-0.0061035,4.8962
0.018463,-0.0056458,4.9133
0.019379,-0.0047302,4.9219
0.019379,-0.0062561,4.9207
0.020599,-0.0015259,4.9207
0.019989,-0.00015259,4.9207
0.021057,0.00015259,4.9231
0.023346,0.00030518,4.9316
0.023193,0.0015259,4.9329
0.024261,0.0030518,4.928
0.023651,0.0036621,4.9341
0.024719,0.0054932,4.9316
0.023193,0.0041199,0.064697
0.021515,0.0012207,0.065918
0.021057,-0.0050354,0.063477
0.020142,-0.0053406,0.063477
0.02121,-0.0054932,0.062256
0.020599,-0.0039673,0.078125
0.019989,-0.00091553,0.062256
0.018311,-0.00076294,0.059814
0.016937,-0.00091553,0.064697
0.0177,-0.0021362,0.065918
0.019684,-0.0021362,0.058594
0.021362,-0.0018311,0.059814
0.02182,-0.00076294,0.056152
0.020447,0,0.057373
0.019226,0.00045776,0.05249
0.018616,-0.0010681,0.054932
0.018311,-0.0027466,0.047607
0.018616,-0.0054932,0.053711
0.017242,-0.005188,0.047607
0.016785,-0.0041199,0.05249
0.015717,-0.0018311,0.053711
0.016937,-0.0010681,0.045166
0.016479,0,0.048828
0.016174,-0.0019836,0.043945
0.016937,-0.0039673,0.032959
0.017548,-0.0056458,0.040283
0.017548,-0.0057983,0.040283
0.017853,-0.004425,0.0354
0.019684,-0.0035095,0.039063
0.018311,-0.002594,0.037842
0.017548,-0.0039673,0.040283
0.0177,-0.0039673,0.037842
0.020599,-0.0071716,0.042725
0.018005,-0.00045776,0.03418
0.018921,0.0019836,0.042725
0.019836,0.0021362,0.050049
0.021515,0.0021362,0.045166
0.020905,0.00091553,0.045166
0.018005,-0.0015259,0.048828
0.020294,-0.002594,0.047607
0.020294,-0.0035095,0.05127
0.020599,-0.0038147,0.064697
0.020142,-0.0024414,0.058594
0.020752,-0.0021362,0.043945
0.018921,-0.00030518,0.057373
0.018005,0.00076294,0.058594
0.015717,0.00030518,0.063477
0.016022,0.0010681,0.059814
0.015564,0.00015259,0.057373
0.015869,0.00091553,0.064697
0.016174,0.0039673,0.061035
0.017242,0.0018311,0.062256
0.016937,0.0010681,0.061035
0.0177,-0.00045776,0.063477
0.019684,-0.0038147,0.059814
0.020447,-0.00076294,0.065918
0.022278,0.00076294,0.080566
0.022125,0.0028992,0.067139
0.021973,0.0038147,0.064697
0.021973,0.0032043,0.063477
0.022125,0.0019836,0.046387
0.022278,-0.00030518,0.056152
0.023346,-0.0010681,0.053711
0.024414,-0.0015259,0.053711
0.024261,-0.00061035,0.047607
0.024261,0.00076294,0.046387
0.025024,0.0012207,0.05249
0.024109,0.0012207,0.045166
0.024109,-0.00045776,0.048828
0.023651,-0.00076294,0.040283
0.023193,-0.0010681,0.047607
0.02243,-0.00030518,0.041504
0.021667,0.00045776,0.042725
0.02121,0.0015259,0.040283
0.020294,0.00091553,0.040283
0.019836,-0.0022888,0.045166
0.02121,-0.0028992,0.036621
0.022278,-0.0036621,0.05127
0.023041,-0.0024414,0.037842
0.024414,-0.00061035,0.05249
0.02655,0.0019836,0.037842
0.025635,0.0030518,0.039063
0.02594,0.0030518,0.039063
0.025635,0.0032043,0.041504
0.027313,0.0022888,0.040283
0.02655,0.0036621,0.042725
0.027313,0.0041199,0.047607
0.028076,0.0065613,0.053711
0.028534,0.0064087,0.048828
0.028839,0.0056458,0.056152
0.029449,0.0035095,0.056152
0.029755,0.0012207,0.059814
0.029755,0.00030518,0.06958
0.029755,0.00015259,0.059814
0.028992,0.00045776,0.064697
0.027313,0.00091553,0.061035
0.024719,0.00076294,0.059814
0.023956,-0.00015259,0.058594
0.023041,-0.0015259,0.059814
0.023499,-0.002594,0.057373
0.023193,-0.0022888,0.062256
0.024109,-0.0021362,0.061035
0.024719,-0.0022888,0.067139
0.024261,-0.0015259,0.063477
0.022888,-0.0022888,0.067139
0.023041,-0.0019836,0.063477
0.023041,-0.0015259,0.063477
0.024261,-0.0028992,0.061035
0.025024,-0.0019836,0.058594
0.02533,-0.00061035,0.054932
0.025635,0.0010681,0.057373
0.024719,0.0016785,0.063477
0.024719,0.0013733,0.047607
0.026245,0.00061035,0.058594
0.027924,-0.00015259,0.05127
0.03006,0.00015259,0.032959
0.030518,0.0015259,0.045166
0.030212,0.0038147,0.043945
0.029297,0.0056458,4.2798
0.027771,0.0065613,4.8694
0.027924,0.0062561,4.9023
0.028839,0.0048828,4.9109
0.030365,0.0045776,4.8962
0.030518,0.0028992,4.9097
0.03006,0.0013733,4.9084
0.028992,0.0032043,4.9158
0.027618,0.0027466,4.9109
0.027313,0.0018311,4.9121
0.027618,0.0013733,4.9133
0.028229,0.0012207,4.9084
0.028381,0.0024414,4.9097
0.026703,0.0041199,4.917
0.025177,0.0064087,4.9048
0.023956,0.0065613,4.9146
0.023193,0.0057983,4.9182
0.022583,0.0047302,4.917
0.019531,0.0035095,4.9207
0.023193,0.002594,4.9219
0.022736,0.0019836,4.9255
0.02121,0.0012207,4.9255
0.019226,-0.00091553,4.9292
0.018158,-0.00091553,4.9268
0.017853,-0.0015259,4.9316
0.018158,-0.0021362,4.9292
0.019379,-0.0022888,4.9353
0.020447,-0.0015259,4.9304
0.020447,-0.00091553,4.9329
0.020294,-0.0012207,4.939
0.019684,-0.0016785,4.9353
0.020599,-0.002594,4.939
0.021362,-0.0035095,4.9304
0.023651,-0.0033569,4.9255
0.025024,-0.0027466,4.9353
0.025787,-0.0019836,4.9329
0.026398,-0.0015259,4.9292
0.024872,0,4.9353
0.024567,-0.00015259,4.9304
0.025024,-0.00015259,4.928
0.024567,-0.0021362,4.9231
0.026703,-0.0012207,4.928
0.027466,-0.00045776,4.906
0.027618,-0.0013733,4.9207
0.027161,0.0016785,4.9194
0.026398,0.0019836,4.9219
0.026245,0.0027466,4.9182
0.026245,0.0039673,4.9133
0.028076,0.00091553,4.9158
0.027466,0.00061035,4.9146
0.026855,0.0010681,4.9109
0.024872,0.0015259,4.9121
0.023956,0.0019836,4.906
0.022583,0.0018311,4.9084
0.022278,0.0015259,4.9133
0.022278,0.0018311,4.9109
0.022736,0.0016785,4.9109
0.023499,0.0019836,4.9084
0.02121,0.0018311,4.9121
0.023041,0.0033569,4.9084
0.022736,0.0041199,4.9146
0.022736,0.0036621,4.9121
0.024109,0.0036621,4.9182
0.024719,0.0015259,4.9121
0.024719,0.00045776,4.9219
0.025177,0.00061035,4.9304
0.023651,0.0018311,4.9207
0.021667,0.0028992,4.9304
0.02121,0.002594,4.928
0.021057,0.0030518,4.9146
0.021515,0.002594,4.9268
0.02243,0.0024414,4.9304
0.022736,0.0032043,4.9316
0.022888,0.0061035,4.9304
0.022125,0.0033569,4.9292
0.02121,0.0033569,4.9304
0.020447,0.0033569,4.9329
0.021057,0.0027466,4.9329
0.021515,0.0024414,4.9292
0.022125,0.0028992,4.9353
0.02121,0.0035095,4.9353
0.019073,0.0030518,4.9365
0.018005,0.002594,4.9438
0.017242,0.0022888,4.939
0.016937,0.0048828,4.9377
0.019226,0.0028992,4.9329
0.018921,0.0039673,4.9377
0.019073,0.0047302,4.9268
0.017853,0.0050354,4.9182
0.016632,0.0054932,4.9231
0.016327,0.0050354,4.9231
0.016327,0.004425,4.9207
0.017242,0.0027466,4.9219
0.018311,0.0038147,4.9194
0.018921,0.0032043,4.9158
0.019226,0.0030518,4.9084
0.015106,0.0028992,4.9182
0.014496,0.0038147,4.9146
0.013123,0.0045776,4.9182
0.013428,0.0048828,4.9109
0.015411,0.0048828,4.9133
0.017242,0.0047302,4.9207
0.016937,0.0028992,4.9121
0.015259,0.0028992,4.9194
0.015717,0.0022888,4.9097
0.015411,0.0012207,4.9011
0.016327,0.00061035,4.9109
0.018005,-0.0010681,4.9109
0.019226,-0.00076294,0.037842
0.019684,-0.0010681,0.037842
0.01709,-0.0010681,0.041504
0.014496,-0.0018311,0.045166
0.01236,0.00015259,0.046387
0.01236,0.0010681,0.048828
0.013885,0.0021362,0.047607
0.014954,0.002594,0.053711
0.016327,0.002594,0.059814
0.020447,0.0018311,0.059814
0.017242,0.0013733,0.062256
0.016174,0.0010681,0.062256
0.016174,0.0016785,0.064697
0.0177,0,0.062256
0.019226,0.0027466,0.068359
0.020599,0.0028992,0.063477
0.020599,0.0027466,0.061035
0.019073,0.0032043,0.059814
0.016785,0.0032043,0.062256
0.015259,0.004425,0.059814
0.014648,0.0053406,0.062256
0.015717,0.0061035,0.064697
0.01709,0.0050354,0.06958
0.018158,0.0042725,0.064697
0.018005,0.002594,0.068359
0.018005,0.0033569,0.064697
0.018005,0.0041199,0.062256
0.017548,0.0048828,0.057373
0.019379,0.0048828,0.056152
0.020599,0.0047302,0.068359
0.021973,0.0036621,0.048828
0.02121,0.0027466,0.05249
0.016022,0.0022888,0.050049
0.013275,0.0018311,0.032959
0.010376,0.0012207,0.046387
0.0086975,0.0013733,0.048828
0.0094604,-0.00030518,0.043945
0.011139,-0.0019836,0.042725
0.012512,-0.0041199,0.037842
0.012054,-0.0065613,0.043945
0.010986,-0.0071716,0.040283
0.010834,-0.0064087,0.037842
0.012512,-0.0054932,0.037842
0.015717,-0.0041199,0.042725
0.018921,-0.0041199,0.040283
0.021515,-0.0053406,0.039063
0.02182,-0.007019,0.043945
0.019989,-0.0079346,0.040283
0.018616,-0.0085449,0.037842
0.018005,-0.0082397,0.043945
0.019836,-0.007019,0.041504
0.02182,-0.0064087,0.040283
0.023804,-0.007019,0.041504
0.024719,-0.0067139,0.047607
0.023193,-0.0074768,0.05127
0.023956,-0.0068665,0.050049
0.024109,-0.0039673,0.057373
0.023346,-0.0018311,0.053711
0.02655,-0.00076294,0.061035
0.027008,-0.00015259,0.058594
0.027618,-0.0016785,0.063477
0.02594,-0.0032043,0.058594
0.023346,-0.0038147,0.061035
0.019531,-0.0027466,0.058594
0.016022,0.00015259,0.062256
0.016174,0.004425,0.06958
0.016022,0.0030518,0.063477
0.016174,0.0018311,0.070801
0.015564,0.00076294,0.067139
0.013733,0.00015259,0.054932
0.011749,0.00030518,0.064697
0.011139,0.0016785,0.064697
0.011292,0.0019836,0.062256
0.013733,-0.0010681,0.062256
0.016327,-0.0047302,0.056152
0.0177,-0.0088501,0.057373
0.017395,-0.010834,0.05249
0.015564,-0.010376,0.054932
0.014801,-0.0071716,0.045166
0.014801,-0.0047302,0.048828
0.015717,-0.0033569,0.05127
0.015869,-0.0019836,0.047607
0.016479,-0.0019836,0.045166
0.014496,-0.0013733,0.043945
0.014648,-0.00091553,0.046387
0.01358,0.00076294,0.042725
0.014038,0.0021362,0.046387
0.015411,0.0024414,0.042725
0.018463,0.00076294,0.047607
0.020752,-0.0012207,0.036621
0.02182,-0.0032043,0.037842
0.020142,-0.0036621,0.039063
0.018005,-0.0035095,0.040283
0.016632,-0.0021362,0.036621
0.015869,-0.0033569,0.039063
0.019684,-0.0010681,0.03418
0.016022,-0.002594,0.042725
0.01709,-0.0050354,0.040283
0.016632,-0.0064087,0.043945
0.014343,-0.0065613,0.042725
0.01358,-0.002594,0.05127
0.01358,0.00076294,0.064697
0.015564,0.0032043,0.05127
0.018921,0.0042725,0.059814
0.02121,0.0039673,0.057373
0.02243,0.0038147,0.045166
0.019989,0.0042725,0.058594
0.020905,0.0053406,0.061035
0.020905,0.0073242,0.061035
0.02243,0.0086975,0.062256
0.025787,0.007019,0.057373
0.026703,0.0038147,0.063477
0.027771,-0.00030518,0.059814
0.027618,-0.0035095,0.063477
0.027466,-0.0050354,0.061035
0.026245,-0.0045776,0.064697
0.027008,-0.0033569,0.061035
0.028229,-0.00091553,0.072021
0.029907,-0.0021362,4.6204
0.030823,-0.0033569,4.9121
0.028381,-0.0039673,4.9329
0.027161,-0.0041199,4.9316
0.025177,-0.00045776,4.9414
0.025482,0.0024414,4.9255
0.024414,0.0045776,4.9219
0.028687,0.0038147,4.9231
0.028992,0.0010681,4.9243
0.029755,-0.0024414,4.9207
0.027161,-0.0038147,4.9194
0.025024,-0.0048828,4.9121
0.023651,-0.0032043,4.9146
0.022888,-0.00091553,4.9097
0.022583,-0.00061035,4.9133
0.024261,-0.0019836,4.9097
0.024109,-0.0030518,4.9182
0.024261,-0.0033569,4.9109
0.023346,-0.0021362,4.9133
0.023193,-0.00076294,4.917
0.024567,0.0018311,4.9133
0.024719,0.0041199,4.9121
0.027008,0.0030518,4.9109
0.028534,0.0021362,4.8975
0.028229,0.0015259,4.9109
0.025024,0.0027466,4.9109
0.025177,0.0045776,4.9097
0.023041,0.0064087,4.9121
0.024109,0.0059509,4.9109
0.025787,0.0042725,4.9097
0.026093,0.00076294,4.9121
0.027313,-0.002594,4.9243
0.026398,-0.0045776,4.9182
0.024872,-0.004425,4.9231
0.024261,-0.0022888,4.9219
0.024261,-0.00045776,4.9304
0.024261,0.00076294,4.9292
0.024567,0.0015259,4.9329
0.024567,0.00061035,4.9353
0.023193,0.00045776,4.9329
0.020142,0,4.9304
0.018463,0.0022888,4.9353
0.020599,0.005188,4.9158
0.02243,0.0065613,4.9316
0.025635,0.0073242,4.9365
0.027008,0.0053406,4.9329
0.027466,0.0033569,4.9341
0.02655,0.00061035,4.9341
0.024872,0.0019836,4.9377
0.023804,0.0033569,4.9353
0.024414,0.0045776,4.9377
0.02594,0.0042725,4.9194
0.02594,0.0012207,4.9316
0.026245,-0.00076294,4.9243
0.024872,-0.0015259,4.9304
0.02182,-0.00045776,4.9316
0.024261,0.0024414,4.9243
0.025177,0.0045776,4.9207
0.028381,-0.0016785,4.9207
0.028839,0.0054932,4.9072
0.030212,0.0033569,4.9133
0.029907,0.0032043,4.9133
0.027924,0.0039673,4.9146
0.025482,0.0064087,4.9158
0.023041,0.0080872,4.9109
0.022736,0.0086975,4.9146
0.02182,0.0076294,4.9121
0.022583,0.0047302,4.9133
0.022736,0.0036621,4.9084
0.022125,0.0030518,4.9133
0.022125,0.0033569,4.9121
0.02182,0.0048828,4.9146
0.023651,0.0045776,4.9084
0.027008,0.004425,4.9084
0.027924,0.0013733,4.917
0.028839,-0.0012207,4.9109
0.028076,-0.0042725,4.9231
0.027008,-0.0054932,4.9158
0.027008,-0.0054932,4.9084
0.026703,-0.0050354,4.9207
0.027924,-0.0065613,4.9207
0.029449,-0.0054932,4.9219
0.029297,-0.0065613,4.9255
0.029602,-0.0082397,4.9207
0.028687,-0.0079346,4.9316
0.026398,-0.0059509,4.9292
0.025024,-0.0030518,4.9329
0.024261,-0.00091553,4.9268
0.02533,0,4.9341
0.025787,-0.00076294,4.9329
0.026398,-0.0021362,4.9329
0.026245,-0.0032043,4.9377
0.026245,-0.0033569,4.9353
0.024872,-0.002594,4.9268
0.023346,-0.0028992,4.9353
0.025177,-0.0010681,4.9341
0.025635,-0.0016785,4.9353
0.02655,-0.0028992,4.9341
0.026245,-0.0042725,4.9292
0.024414,-0.0054932,4.9329
0.022888,-0.0048828,4.9292
0.021057,-0.004425,4.9292
0.019989,-0.0038147,4.9194
0.02121,-0.0050354,4.9255
0.023804,-0.0050354,4.9109
0.025177,-0.0050354,4.9207
0.025635,-0.0048828,4.9182
0.024872,-0.0032043,0.056152
0.024872,-0.00091553,0.046387
0.023804,0.00091553,0.045166
0.024261,0.0019836,0.057373
0.024872,0.0019836,0.043945
0.025482,0.00015259,0.05249
0.02533,-0.00030518,0.042725
0.024719,0.00030518,0.037842
0.023499,0.0013733,0.039063
0.021973,0.0024414,0.039063
0.02121,0.0033569,0.039063
0.021057,0.0030518,0.037842
0.022583,0.0013733,0.03418
0.022278,-0.00091553,0.041504
0.021057,-0.0015259,0.037842
0.019531,-0.00091553,0.042725
0.016937,0.00015259,0.040283
0.015717,0.0013733,0.047607
0.016785,0.00091553,0.043945
0.016327,-0.00015259,0.046387
0.017548,-0.0018311,0.064697
0.017548,-0.0032043,0.05249
0.017548,-0.0016785,0.056152
0.01709,0.0010681,0.057373
0.015869,0.0036621,0.048828
0.016022,0.0059509,0.058594
0.016327,0.0054932,0.058594
0.017853,0.0038147,0.061035
0.0177,0.0024414,0.063477
0.016174,0.0028992,0.056152
0.014191,0.0035095,0.062256
0.012054,0.0064087,0.059814
0.010681,0.0097656,0.062256
0.010376,0.0083923,0.061035
0.010376,0.0064087,0.06958
0.011139,0.004425,0.067139
0.010681,0.0024414,0.068359
0.010986,0.0024414,0.070801
0.011444,0.0032043,0.065918
0.0091553,0.005188,0.068359
0.0083923,0.0056458,0.056152
0.0090027,0.0050354,0.070801
0.0091553,0.0038147,0.058594
0.0094604,0.0022888,0.042725
0.010223,0.00076294,0.053711
0.010986,0.0022888,0.05127
0.010986,0.0038147,0.046387
0.010681,0.0048828,0.050049
0.010223,0.0036621,0.046387
0.010986,0.0015259,0.048828
0.011292,-0.00076294,0.040283
0.012054,-0.0030518,0.036621
0.012665,-0.0032043,0.041504
0.012512,-0.0015259,0.042725
0.011444,0.00061035,0.042725
0.010986,0.0021362,0.043945
0.011597,0.0027466,0.045166
0.012512,0.0022888,0.043945
0.014191,0.0013733,0.042725
0.014801,0.0019836,0.040283
0.015869,0.0028992,0.029297
0.016327,0.0048828,0.041504
0.016937,0.0053406,0.037842
0.017853,0.0064087,0.039063
0.018768,0.0053406,0.042725
0.018616,0.0042725,0.042725
0.019531,0.0032043,0.043945
0.018768,0.002594,0.046387
0.018616,0.0030518,0.053711
0.018921,0.0033569,0.05127
0.017395,0.0033569,0.058594
0.018158,0.002594,0.058594
0.018158,0.00091553,0.057373
0.018005,-0.00091553,0.054932
0.01709,-0.0013733,0.063477
0.018005,-0.00045776,0.067139
0.017548,0.0018311,0.063477
0.014191,0.0021362,0.06958
0.014954,0.0050354,0.061035
0.013885,0.0054932,0.045166
0.014191,0.0042725,0.059814
0.013885,0.0047302,0.067139
0.014801,0.0047302,0.070801
0.015106,0.0064087,0.065918
0.014648,0.0080872,0.061035
0.013885,0.0059509,0.068359
0.014954,0.004425,0.062256
0.015564,0.0016785,0.064697
0.015717,-0.00076294,0.059814
0.015564,-0.0013733,0.061035
0.016479,-0.0010681,0.057373
0.016174,-0.00015259,0.056152
0.016327,-0.0010681,0.063477
0.017242,-0.0010681,0.05249
0.017548,-0.0019836,0.046387
0.018005,-0.002594,0.050049
0.018616,-0.005188,0.037842
0.018311,-0.00091553,0.046387
0.019073,0.00030518,0.042725
0.018616,0.00091553,0.043945
0.018311,0.00045776,0.041504
0.017853,-0.00045776,0.037842
0.018005,-0.0010681,0.040283
0.018311,-0.0021362,0.0354
0.018616,0.00015259,0.036621
0.019073,0.0021362,0.0354
0.019684,0.0047302,0.042725
0.020752,0.0064087,0.039063
0.021362,0.0062561,0.040283
0.021973,0.0054932,0.036621
0.022583,0.0038147,0.041504
0.023193,0.0021362,0.05127
0.023651,0.0027466,0.043945
0.023651,0.002594,0.056152
0.024261,0.0018311,0.040283
0.022888,0.0012207,0.03418
0.02243,0.00030518,0.05127
0.02243,0.00030518,0.05127
0.020142,0.00091553,2.5684
0.023041,0.0027466,4.7815
0.02243,0.005188,4.9146
0.02243,0.0053406,4.9268
0.022125,0.0074768,4.928
0.022278,0.0065613,4.9329
0.022583,0.0059509,4.928
0.02243,0.0024414,4.9329
0.021515,0.0048828,4.9304
0.022583,0.0045776,4.9329
0.021362,0.0035095,4.9353
0.020142,0.0015259,4.9353
0.018463,-0.00030518,4.9329
0.017242,-0.0016785,4.9353
0.01709,-0.002594,4.9438
0.016937,-0.0024414,4.9353
0.01709,-0.0021362,4.9207
0.016632,-0.0013733,4.9316
0.017395,-0.00061035,4.9329
0.018158,0,4.9304
0.018005,0.00076294,4.9255
0.019836,0.0015259,4.9219
0.020752,0.0027466,4.9243
0.020905,0.0019836,4.9194
0.02243,0.0016785,4.9231
0.02243,-0.0033569,4.9194
0.02182,-0.00045776,4.9194
0.020294,-0.00076294,4.9158
0.019531,-0.0016785,4.9146
0.019226,-0.0015259,4.9268
0.018921,-0.0033569,4.9158
0.018616,-0.00091553,4.9133
0.018463,-0.00076294,4.9121
0.018158,-0.00045776,4.8938
0.019073,-0.00076294,4.9109
0.019379,-0.00076294,4.9109
0.019989,-0.0015259,4.9109
0.018005,-0.0021362,4.9109
0.020447,-0.0027466,4.9048
0.019836,-0.0036621,4.9109
0.018921,-0.004425,4.9084
0.0177,-0.0039673,4.9109
0.017548,-0.0035095,4.9072
0.0177,-0.0021362,4.9146
0.018158,-0.0010681,4.9158
0.018616,0.0016785,4.9207
0.018921,0.0012207,4.9219
0.02121,0.00061035,4.9243
0.02121,0.00045776,4.9219
0.022278,-0.00061035,4.928
0.023499,-0.0015259,4.9353
0.024261,-0.0022888,4.9292
0.024719,-0.0030518,4.9146
0.02533,-0.0039673,4.9304
0.024567,-0.0042725,4.9304
0.025177,-0.0053406,4.9292
0.02594,-0.0053406,4.9329
0.026703,-0.0048828,4.9316
0.027924,-0.0053406,4.9329
0.028381,-0.0042725,4.9304
0.029602,-0.0041199,4.9402
0.03006,-0.0042725,4.9194
0.03006,-0.0050354,4.9377
0.029449,-0.0054932,4.9316
0.028229,-0.0067139,4.9365
0.027771,-0.0080872,4.9426
0.026855,-0.0079346,4.9341
0.027161,-0.0074768,4.9329
0.027313,-0.0071716,4.9268
0.025635,-0.007019,4.9133
0.024567,-0.0073242,4.9243
0.023499,-0.0067139,4.906
0.023193,-0.0054932,4.9194
0.025024,-0.0033569,4.9182
0.024872,-0.0021362,4.9182
0.027924,-0.0012207,4.9158
0.027771,-0.0013733,4.9182
0.028534,-0.0027466,4.9158
0.027924,-0.0030518,4.9084
0.027771,-0.0022888,4.9121
0.027924,-0.0019836,4.9194
0.026703,-0.00045776,4.9109
0.027008,0.00015259,4.9146
0.025635,-0.0012207,4.9146
0.025024,-0.0021362,4.9084
0.02533,-0.0035095,4.9097
0.024872,-0.0041199,4.9097
0.026245,-0.0038147,4.9084
0.028076,-0.0030518,4.9133
0.029297,-0.0032043,4.9084
0.030823,-0.0033569,4.9146
0.030365,-0.0045776,4.9133
0.029144,-0.0047302,4.9109
0.028229,-0.0041199,4.9146
0.027313,-0.0030518,4.9219
0.026703,-0.0010681,4.9207
0.026245,-0.0012207,4.9304
0.025177,-0.0018311,4.9231
0.02533,-0.0021362,4.9292
0.024414,-0.0018311,4.9268
0.024567,-0.00045776,4.9329
0.024261,0.0018311,4.9414
0.025635,0.0038147,4.9341
0.025177,0.004425,4.9207
0.02533,0.002594,4.9341
0.026398,0.0035095,4.917
0.026398,0.0021362,4.9292
0.02594,0.00061035,4.9304
0.024414,0.0022888,0.065918
0.024109,0.0033569,0.064697
0.023041,0.0038147,0.062256
0.023193,0.0032043,0.067139
0.023041,0.0036621,0.065918
0.023041,0.0036621,0.065918
0.022278,0.0050354,0.061035
0.021973,0.0059509,0.058594
0.022125,0.0068665,0.057373
0.023499,0.0076294,0.056152
0.024261,0.007782,0.065918
0.02533,0.0068665,0.053711
0.02533,0.0074768,0.053711
0.024872,0.007782,0.05127
0.024261,0.0074768,0.048828
0.024872,0.0091553,0.048828
0.024567,0.0099182,0.042725
0.025635,0.0097656,0.042725
0.024872,0.0091553,0.043945
0.023804,0.0094604,0.039063
0.023346,0.0086975,0.040283
0.021057,0.0088501,0.039063
0.020142,0.0045776,0.041504
0.020447,0.0080872,0.032959
0.020142,0.0082397,0.042725
0.019379,0.0083923,0.039063
0.019226,0.0080872,0.041504
0.019531,0.0065613,0.036621
0.018463,0.007019,0.039063
0.022583,0.0071716,0.048828
0.019226,0.0065613,0.043945
0.019531,0.0067139,0.057373
0.019531,0.0076294,0.042725
0.019379,0.0065613,0.037842
0.019226,0.0056458,0.047607
0.018463,0.0048828,0.053711
0.018005,0.0048828,0.05249
0.018158,0.0039673,0.056152
0.018005,0.0033569,0.054932
0.017395,0.0022888,0.054932
0.017853,0.0032043,0.059814
0.018463,-0.00076294,0.063477
0.018768,-0.0016785,0.058594
0.019684,-0.002594,0.062256
0.020142,-0.0015259,0.062256
0.020752,0.00015259,0.063477
0.022583,0.0016785,0.063477
0.022278,0.002594,0.065918
0.022583,0.0013733,0.070801
0.02243,0.00091553,0.065918
0.023651,-0.00045776,0.078125
0.023956,0.00061035,0.065918
0.023193,-0.00015259,0.061035
0.023956,0.00091553,0.062256
0.024567,0.0013733,0.061035
0.024872,0.0010681,0.057373
0.024719,0.0015259,0.058594
0.025024,0.00061035,0.05249
0.024719,0.00030518,0.050049
0.024414,0.0016785,0.047607
0.024567,0.0010681,0.048828
0.024261,0.0013733,0.05127
0.020294,0.0021362,0.050049
0.023346,0.0022888,0.045166
0.021667,0.0012207,0.047607
0.021057,0.0018311,0.058594
0.020294,0.0022888,0.045166
0.018921,0.0032043,0.045166
0.0177,0.0028992,0.042725
0.017548,0.0030518,0.026855
0.017853,0.0024414,0.0354
0.01709,0.0019836,0.037842
0.018311,0.0010681,0.041504
0.018768,0.0010681,0.040283
0.020752,0.00091553,0.0354
0.019531,0.0010681,0.040283
0.019073,0.0018311,0.037842
0.019684,0.0012207,0.042725
0.020294,0.0016785,0.039063
0.019989,0.0015259,0.045166
0.019989,0.0015259,0.043945
0.019379,-0.0012207,0.048828
0.019684,0.0022888,0.05127
0.018158,0.0013733,0.05127
0.020905,0.00030518,0.053711
0.020752,0.0016785,0.056152
0.020752,0.0012207,0.068359
0.020752,0.00091553,0.058594
0.019684,-0.0024414,0.050049
0.018616,0.0018311,0.059814
0.017242,0.0015259,0.063477
0.016174,0.0016785,0.061035
0.01297,0.0012207,0.059814
0.014191,0.0018311,0.061035
0.013275,0.00091553,0.062256
0.01297,0.00091553,0.061035
0.013733,0.00061035,0.067139
0.01358,0.00076294,0.063477
0.013885,0.00015259,0.067139
0.013885,-0.00015259,0.067139
0.013275,0.00091553,0.067139
0.013275,0.0018311,0.073242
0.012665,0.002594,0.064697
0.01297,0.0015259,0.059814
0.013123,0.0018311,0.053711
0.013428,0.0012207,0.047607
0.014648,0.00076294,0.053711
0.015564,0.00045776,0.048828
0.01709,0.0013733,0.045166
0.017853,0.0019836,0.048828
0.018311,0.0022888,0.043945
0.019379,0.0028992,0.047607
0.018768,0.0030518,0.043945
0.019073,0.0024414,0.045166
0.022736,0.0027466,0.039063
0.018768,0.0032043,0.041504
0.018768,0.002594,0.042725
0.018158,0.0022888,0.043945
0.017548,0.0019836,4.3628
0.016937,0.00045776,4.8743
0.016327,0.00015259,4.9084
0.016632,-0.00015259,4.906
0.0177,-0.00030518,4.9146
0.019073,-0.00015259,4.9072
0.019226,-0.00015259,4.8987
0.019379,-0.00045776,4.9072
0.019379,-0.00015259,4.9084
0.018921,-0.00076294,4.9133
0.018463,-0.00076294,4.9121
0.015106,-0.00015259,4.9133
0.017853,-0.00015259,4.9194
0.018005,0.00015259,4.9231
0.016785,0.00076294,4.9268
0.014496,0.0012207,4.9207
0.014801,0.00091553,4.9304
0.014496,0.0010681,4.9316
0.015259,0.00045776,4.9329
0.0177,0.0013733,4.9426
0.019226,0.0019836,4.9329
0.020447,0.0024414,4.9329
0.020294,0.0027466,4.9329
0.019379,0.0021362,4.9316
0.018463,0.0012207,4.9304
0.018921,0.00076294,4.9304
0.018463,0.00045776,4.9341
0.019989,0.0012207,4.9329
0.02121,0.0022888,4.9341
0.02243,0.0033569,4.939
0.023651,0.0039673,4.9365
0.024261,0.0042725,4.9353
0.024567,0.0022888,4.9255
0.025024,0.0010681,4.9329
0.025024,0.00030518,4.928
0.025024,-0.00045776,4.928
0.024261,-0.0010681,4.9255
0.022583,-0.0021362,4.9243
0.020599,-0.0038147,4.9304
0.019073,-0.0048828,4.9207
0.018463,-0.0054932,4.9304
0.017548,-0.0047302,4.9182
0.0177,-0.0042725,4.9109
0.018311,-0.0035095,4.9158
0.018463,-0.0041199,4.9133
0.018158,-0.0048828,4.9097
0.018158,-0.0064087,4.9121
0.017548,-0.0076294,4.9072
0.017548,-0.0079346,4.9109
0.018311,-0.0074768,4.9048
0.018921,-0.0064087,4.9109
0.020752,-0.0053406,4.9084
0.02121,-0.0039673,4.9133
0.023346,-0.0027466,4.9097
0.023651,-0.0018311,4.9097
0.024567,-0.0022888,4.917
0.025177,-0.0013733,4.9133
0.027618,-0.00045776,4.9146
0.029602,-0.00061035,4.9133
0.030518,-0.00091553,4.9109
0.03006,-0.00045776,4.9207
0.029449,-0.00045776,4.9207
0.028534,0.00045776,4.9158
0.027618,0.0016785,4.9243
0.027466,0.0036621,4.9255
0.027924,0.0039673,4.9268
0.027466,0.005188,4.9292
0.027924,0.0056458,4.9353
0.026703,0.0036621,4.9329
0.02533,0.002594,4.9353
0.024872,0.0013733,4.9329
0.024719,-0.00045776,4.9341
0.023499,-0.00045776,4.928
0.023193,-0.00076294,4.9353
0.022125,0.00076294,4.939
0.019989,0.00061035,4.9377
0.017548,-0.00030518,4.9426
0.016174,-0.00045776,4.9353
0.016937,-0.00061035,4.9292
0.017395,-0.00015259,4.9329
0.019226,0.00015259,4.9304
0.020599,0.00045776,4.9304
0.021057,-0.00030518,4.917
0.020752,0,4.9207
0.020294,-0.0013733,4.9243
0.019836,-0.0018311,4.9207
0.019684,-0.0019836,4.9207
0.019073,-0.00076294,4.9146
0.019836,-0.00076294,4.9255
0.019989,-0.00015259,4.9109
0.018463,-0.0021362,4.9207
0.019836,-0.0027466,4.9231
0.021057,-0.002594,4.9121
0.022736,-0.0036621,4.9084
0.025177,-0.0035095,4.9194
0.026703,-0.0019836,4.8975
0.026093,0.0010681,4.9097
0.025177,-0.0024414,4.9109
0.022888,-0.0033569,4.9121
0.02121,-0.0041199,4.9084
0.019989,-0.0030518,4.9036
0.019836,-0.0019836,4.9109
0.019836,-0.0015259,4.9084
0.019836,-0.0019836,4.906
0.019836,-0.0019836,4.9084
0.019226,-0.0030518,4.9011
0.018616,-0.0018311,4.9207
0.019684,-0.00061035,4.9207
0.019379,0.00045776,0.045166
0.019226,0.0013733,0.054932
0.019226,0.00091553,0.058594
0.019226,-0.00061035,0.057373
0.018158,-0.0035095,0.06958
0.018311,-0.0030518,0.058594
0.0177,-0.0041199,0.050049
0.018768,-0.0035095,0.059814
0.019073,-0.0010681,0.063477
0.020142,0.00045776,0.061035
0.019836,-0.00015259,0.062256
0.020905,0.0021362,0.059814
0.022583,0.0018311,0.062256
0.023651,0.0018311,0.062256
0.02533,0.00061035,0.067139
0.026855,0.00030518,0.061035
0.029297,0.00045776,0.065918
0.029297,0.0013733,0.067139
0.027924,-0.00076294,0.068359
0.029907,0.00091553,0.073242
0.028076,-0.00061035,0.061035
0.027466,-0.0028992,0.05249
0.024872,-0.0035095,0.058594
0.023651,-0.0010681,0.046387
0.02243,0.00076294,0.053711
0.020142,0.0033569,0.050049
0.018463,0.00076294,0.047607
0.018463,-0.00076294,0.046387
0.018005,-0.0038147,0.043945
0.019836,-0.0035095,0.045166
0.021362,-0.002594,0.041504
0.022888,-0.0013733,0.047607
0.024261,0.00030518,0.046387
0.023956,-0.00045776,0.042725
0.023499,0,0.043945
0.023041,-0.00045776,0.045166
0.02182,-0.00030518,0.037842
0.023499,0.0010681,0.042725
0.022583,0.002594,0.048828
0.023041,0.0039673,0.042725
0.021973,0.0024414,0.047607
0.021515,0.00015259,0.041504
0.021057,-0.0016785,0.031738
0.023651,-0.0019836,0.037842
0.024872,-0.00091553,0.039063
0.027313,0.0013733,0.042725
0.028534,0.0024414,0.043945
0.028381,0.0019836,0.045166
0.027924,0.00030518,0.05249
0.026093,-0.00076294,0.05249
0.024567,-0.0028992,0.05127
0.023499,0.0015259,0.050049
0.022583,-0.00076294,0.058594
0.020599,0.00045776,0.061035
0.018768,0.00076294,0.061035
0.018311,0.00061035,0.074463
0.01709,0.00076294,0.061035
0.017395,0.00061035,0.059814
0.016479,0.0010681,0.063477
0.02182,0.0021362,0.057373
0.023956,0.002594,0.056152
0.026093,0.0032043,0.063477
0.027008,0.002594,0.062256
0.024109,0.0027466,0.062256
0.026703,0.0027466,0.064697
0.025635,0.0032043,0.068359
0.02533,0.002594,0.063477
0.023804,0.0050354,0.067139
0.024261,0.0054932,0.059814
0.024109,0.0068665,0.062256
0.024872,0.007782,0.057373
0.025177,0.0080872,0.058594
0.024109,0.007782,0.054932
0.024414,0.0074768,0.048828
0.025024,0.0080872,0.063477
0.024414,0.0085449,0.05249
0.023956,0.010223,0.061035
0.022888,0.011292,0.045166
0.021973,0.011292,0.037842
0.02182,0.010376,0.041504
0.021515,0.0082397,0.037842
0.022278,0.0076294,0.041504
0.02243,0.0073242,0.041504
0.023651,0.0076294,0.037842
0.023804,0.0086975,0.041504
0.02243,0.0091553,0.040283
0.02182,0.0094604,0.042725
0.019989,0.0082397,0.037842
0.019379,0.0073242,0.041504
0.019226,0.0071716,0.042725
0.018463,0.0086975,0.040283
0.018311,0.0093079,0.045166
0.017395,0.010071,0.042725
0.016937,0.0088501,0.045166
0.017242,0.0073242,0.045166
0.017242,0.0054932,0.046387
0.017395,0.0042725,0.050049
0.016632,0.0039673,0.040283
0.016327,0.0038147,0.05127
0.015106,0.0036621,0.054932
0.014191,0.0032043,0.05127
0.013428,0.0024414,0.058594
0.013733,0.00091553,0.061035
0.015106,0.0016785,0.063477
0.01709,0.0015259,0.059814
0.018768,0.0010681,0.062256
0.019989,0.0016785,0.056152
0.021973,0.0016785,0.065918
0.02182,0.0024414,0.059814
0.023041,0.0036621,0.068359
0.024414,0.0047302,0.073242
0.024109,0.0067139,0.062256
0.024261,0.0080872,0.070801
0.023041,0.0083923,0.065918
0.022736,0.0083923,0.046387
0.022888,0.0074768,0.063477
0.023041,0.0068665,0.059814
0.023041,0.0056458,0.058594
0.023804,0.0068665,4.3909
0.023804,0.007019,4.8853
0.023651,0.0068665,4.9194
0.02243,0.007019,4.917
0.022583,0.0064087,4.9207
0.021515,0.0056458,4.9133
0.021057,0.0048828,4.9194
0.020905,0.0045776,4.9194
0.020905,0.0045776,4.9182
0.018768,0.0050354,4.9158
0.020599,0.005188,4.9146
0.021362,0.0045776,4.9133
0.021515,0.0045776,4.9133
0.020752,0.0035095,4.9109
0.020142,0.002594,4.9097
0.019379,0.0027466,4.9133
0.019379,0.0019836,4.9109
0.019531,0.0028992,4.9036
0.020294,0.0036621,4.9072
0.020752,0.0038147,4.9097
0.021362,0.0033569,4.9097
0.020752,0.0015259,4.9121
0.021515,0.00015259,4.9084
0.021057,0.00045776,4.917
0.020905,0.00076294,4.9133
0.020447,0.0019836,4.9207
0.019226,0.0021362,4.9207
0.018311,0.0021362,4.9219
0.019379,0.0012207,4.9341
0.019379,0.00015259,4.9207
0.020142,-0.00015259,4.9329
0.020752,0.00030518,4.9304
0.021515,0.0015259,4.9255
0.022278,0.0059509,4.9329
0.02182,0.0022888,4.9304
0.020905,0.0024414,4.9304
0.020294,0.00045776,4.9292
0.019531,-0.00076294,4.9268
0.019989,-0.0018311,4.9304
0.019684,-0.0022888,4.928
0.015717,-0.0019836,4.9402
0.018921,-0.0013733,4.9329
0.019684,-0.0012207,4.9377
0.02121,-0.0024414,4.9402
0.020599,-0.00076294,4.9377
0.018768,-0.0027466,4.9353
0.020599,-0.0022888,4.9329
0.019836,-0.00076294,4.9353
0.019684,0.0015259,4.9304
0.019684,0.0021362,4.9341
0.019226,0.0010681,4.9231
0.019684,-0.00045776,4.9207
0.020294,-0.0021362,4.9194
0.020905,-0.0024414,4.9207
0.02243,-0.0013733,4.9207
0.022736,0.00091553,4.917
0.022736,0.00076294,4.9109
0.022736,0.00091553,4.917
0.022583,-0.00091553,4.9097
0.021973,-0.0022888,4.9133
0.021973,-0.0028992,4.9097
0.021667,-0.0021362,4.9109
0.022125,0.0013733,4.9121
0.024261,-0.0013733,4.9121
0.022888,-0.00091553,4.9231
0.023804,-0.0019836,4.9109
0.025177,-0.0036621,4.9109
0.025024,-0.0022888,4.9109
0.025024,-0.0028992,4.8901
0.024261,-0.0018311,4.9084
0.023804,0.00091553,4.9109
0.022583,0,4.9146
0.020599,-0.00061035,4.9158
0.019836,-0.0021362,4.9109
0.020447,-0.0033569,4.9182
0.019531,-0.0045776,4.9207
0.020599,-0.0028992,4.9268
0.02182,-0.00015259,4.9231
0.023041,0.00030518,4.928
0.023804,0.0016785,4.9316
0.023346,0.0016785,4.9329
0.024261,0.0012207,4.9341
0.024872,0.00061035,4.9316
0.024719,0.00076294,4.9304
0.024414,0.0024414,4.9365
0.023499,0.002594,4.9426
0.022125,0.0032043,4.9316
0.020447,0.0024414,4.9316
0.019989,0.00030518,4.9292
0.019684,-0.0012207,4.9329
0.020599,-0.0010681,4.9353
0.022278,0.00015259,4.9377
0.023651,0.0018311,4.9353
0.023651,0.0021362,4.9353
0.023956,0.0015259,4.9292
0.023041,-0.0013733,4.9329
0.021973,-0.0032043,4.9243
0.021515,-0.0062561,4.928
0.019684,-0.0061035,4.9243
0.018463,-0.0050354,4.917
0.016937,-0.0047302,4.9329
0.015259,-0.0042725,4.9207
0.014191,-0.0062561,4.9207
0.012054,-0.0086975,4.9158
0.011597,-0.010681,4.9048
0.01297,-0.0088501,4.917
0.015869,-0.0056458,4.9121
0.018311,-0.0061035,4.9133
0.023499,-0.00030518,4.9121
0.025635,-0.00061035,0.039063
0.027466,-0.0045776,0.039063
0.026245,-0.0042725,0.037842
0.029755,-0.0042725,0.041504
0.030365,-0.0016785,0.037842
0.03006,0.0022888,0.043945
0.029297,0.004425,0.041504
0.028229,0.0042725,0.041504
0.02594,0.0036621,0.039063
0.025177,0.0016785,0.045166
0.023651,0.0015259,0.042725
0.023956,0.0028992,0.041504
0.025177,0.0042725,0.047607
0.025177,0.0057983,0.05249
0.025482,0.0035095,0.045166
0.024414,0.00015259,0.05249
0.022888,-0.004425,0.061035
0.020142,-0.007019,0.056152
0.019073,-0.0093079,0.058594
0.016479,-0.0091553,0.057373
0.013885,-0.0097656,0.063477
0.010071,-0.0076294,0.059814
0.0074768,-0.0088501,0.062256
0.0065613,-0.011139,0.061035
0.0064087,-0.01236,0.064697
0.0088501,-0.014954,0.058594
0.011597,-0.015106,0.061035
0.015869,-0.014191,0.075684
0.018616,-0.013428,0.065918
0.02121,-0.013428,0.06958
0.023346,-0.013733,0.067139
0.025177,-0.015106,0.042725
0.026245,-0.014801,0.063477
0.025177,-0.012512,0.061035
0.025635,-0.007782,0.059814
0.026398,-0.0015259,0.057373
0.025177,-0.002594,0.05249
0.02533,-0.0030518,0.054932
0.024872,-0.005188,0.050049
0.023956,-0.0033569,0.05127
0.024414,-0.0059509,0.043945
0.023499,-0.0041199,0.05127
0.022583,-0.0010681,0.046387
0.021515,0.00030518,0.046387
0.019531,0.0015259,0.046387
0.016785,0.0010681,0.043945
0.017242,0.00045776,0.043945
0.016327,0.00061035,0.043945
0.016479,0.0028992,0.039063
0.015717,0.0047302,0.036621
0.014496,0.0065613,0.050049
0.012512,0.0062561,0.036621
0.010071,0.004425,0.039063
0.007782,0.0035095,0.039063
0.0068665,0.0032043,0.031738
0.0076294,0.0041199,0.036621
0.0080872,0.007019,0.039063
0.0091553,0.010376,0.040283
0.010376,0.012207,0.046387
0.011902,0.010986,0.041504
0.014191,0.009613,0.047607
0.016937,0.0097656,0.05249
0.020599,0.01297,0.05127
0.026093,0.018616,0.063477
0.029449,0.024872,0.057373
0.032654,0.030212,0.063477
0.035858,0.031891,0.057373
0.039215,0.030365,0.054932
0.041962,0.027008,0.061035
0.043488,0.02243,0.059814
0.044403,0.019684,0.062256
0.043945,0.017548,0.061035
0.041504,0.012512,0.058594
0.036774,0.0082397,0.063477
0.031586,0.0028992,0.061035
0.025635,-0.0021362,0.062256
0.019531,-0.004425,0.064697
0.013275,-0.0039673,0.065918
0.007782,-0.0022888,0.067139
0.0027466,-0.0010681,0.068359
-0.0012207,-0.0032043,0.064697
-0.0039673,-0.0080872,0.064697
-0.0056458,-0.014496,0.064697
-0.0057983,-0.020294,0.061035
-0.004425,-0.024567,0.067139
-0.0015259,-0.024567,0.05127
0.0022888,-0.022125,0.048828
0.0074768,-0.016937,0.046387
0.010223,-0.009613,0.05127
0.016632,-0.0021362,0.046387
0.024872,0.007019,0.046387
0.034332,0.015411,0.041504
0.046234,0.023041,0.046387
0.056915,0.027924,0.039063
0.065308,0.030823,0.043945
0.069122,0.025787,0.040283
0.068665,0.019989,0.042725
0.063171,0.011292,0.039063
0.056915,0.0053406,0.040283
0.048981,-0.00045776,0.050049
0.042114,-0.0033569,0.041504
0.035553,-0.0033569,0.042725
0.030365,-0.0019836,0.039063
0.026245,0.0012207,0.024414
0.025787,0.0039673,0.036621
0.028076,0.0074768,0.037842
0.030365,0.0094604,0.042725
0.034485,0.011139,0.042725
0.035248,0.011139,0.041504
0.033417,0.010376,0.048828
0.029144,0.0082397,0.05127
0.02243,0.0045776,0.053711
0.016479,-0.00030518,0.054932
0.012054,-0.0053406,0.057373
0.011597,-0.0094604,0.056152
0.01297,-0.01236,0.063477
0.014343,-0.014648,0.063477
0.015411,-0.015869,2.8662
0.018463,-0.017395,4.8059
0.022125,-0.0177,4.9194
0.025787,-0.017395,4.9402
0.031128,-0.016632,4.9292
0.034943,-0.01297,4.917
0.038605,-0.0086975,4.9341
0.038452,-0.0032043,4.9329
0.040741,0.0022888,4.9316
0.040894,0.0065613,4.9377
0.043488,0.0082397,4.9353
0.047455,0.011597,4.9377
0.048218,0.007782,4.9304
0.048676,0.0045776,4.9341
0.046234,0.0041199,4.928
0.040588,-0.0030518,4.928
0.032806,-0.0071716,4.9231
0.027466,-0.011444,4.9255
0.023956,-0.014038,4.9292
0.020752,-0.014801,4.9207
0.019684,-0.012817,4.9194
0.018158,-0.0080872,4.9158
0.01709,-0.0019836,4.9121
0.014496,0.0039673,4.9048
0.012207,0.009613,4.9109
0.012207,0.014496,4.9109
0.011292,0.018616,4.9109
0.010223,0.019989,4.9109
0.007782,0.020294,4.9121
0.0057983,0.019989,4.9072
0.0035095,0.016327,4.9097
0.002594,0.016785,4.906
0.0047302,0.015411,4.9121
0.007782,0.013733,4.9109
0.011139,0.011902,4.9158
0.01297,0.010071,4.9097
0.012512,0.0086975,4.9133
0.010681,0.0065613,4.9219
0.009613,0.0050354,4.8914
0.0090027,0.0039673,4.9231
0.009613,0.0021362,4.9219
0.011292,0.00030518,4.9036
0.014038,-0.0013733,4.9207
0.015717,-0.0018311,4.9219
0.0177,-0.0019836,4.928
0.0177,0.0019836,4.928
0.018158,0.0039673,4.9243
0.018311,0.0059509,4.9341
0.015411,0.0065613,4.9329
0.015411,0.0065613,4.9304
0.010986,0.0068665,4.9304
0.0050354,0.0054932,4.9353
0.00030518,0.0048828,4.9304
-0.0032043,0.0047302,4.9329
-0.0021362,0.0035095,4.939
0.0022888,0.0050354,4.939
0.0080872,0.0013733,4.9353
0.016632,0.0018311,4.9377
0.02182,0.0036621,4.9414
0.023651,0.005188,4.9341
0.02594,0.0080872,4.9304
0.026093,0.007782,4.9316
0.02594,0.0079346,4.9292
0.026245,0.0073242,4.9243
0.025024,0.0059509,4.9255
0.02243,0.0073242,4.9207
0.017395,0.0093079,4.9207
0.0177,0.011292,4.9146
0.018311,0.012665,4.9194
0.021057,0.013123,4.9146
0.02594,0.011749,4.9231
0.029755,0.012207,4.9158
0.033417,0.011444,4.917
0.034332,0.010681,4.9219
0.033112,0.0064087,4.9146
0.031281,-0.00061035,4.9243
0.028229,-0.0074768,4.9097
0.025482,-0.014191,4.8999
0.024261,-0.018005,4.9109
0.023499,-0.022125,4.9084
0.020447,-0.023041,4.906
0.016632,-0.022125,4.9097
0.012665,-0.021362,4.9084
0.010681,-0.019226,4.9097
0.012054,-0.017853,4.9048
0.016785,-0.015564,4.9133
0.019836,-0.015411,4.9084
0.025024,-0.014343,4.9194
0.028076,-0.01236,4.9207
0.030975,-0.010834,4.9207
0.032806,-0.0082397,4.9255
0.0354,-0.0048828,4.9231
0.039063,-0.0045776,4.9255
0.041962,0.0018311,4.9292
0.044098,0.0032043,4.9329
0.043793,0.005188,4.9329
0.041351,0.0079346,4.9207
0.037842,0.009613,4.9304
0.035706,0.011139,4.9329
0.034332,0.012665,4.9304
0.035553,0.013885,4.9329
0.037079,0.014191,4.9304
0.038147,0.014343,4.9377
0.035553,0.015259,4.9341
0.034332,0.016937,4.9353
0.031128,0.020142,4.9365
0.029602,0.022125,4.9377
0.028992,0.023499,4.9341
0.028839,0.021362,4.9402
0.027924,0.019836,4.9426
0.026703,0.017242,0.057373
0.023651,0.015259,0.062256
0.022125,0.014191,0.058594
0.020905,0.01358,0.039063
0.020905,0.01236,0.047607
0.020905,0.011292,0.050049
0.020752,0.0086975,0.046387
0.018311,0.0065613,0.048828
0.014191,0.0047302,0.039063
0.0082397,0.004425,0.045166
0.0041199,0.0056458,0.043945
0.0022888,0.0061035,0.042725
0.0036621,0.0065613,0.039063
0.0054932,0.0053406,0.042725
0.007019,0.0036621,0.039063
0.0067139,0.0028992,0.042725
0.0047302,0.0030518,0.047607
0.0041199,0.0033569,0.040283
0.0035095,0.0042725,0.039063
0.005188,0.0039673,0.036621
0.0073242,0.0021362,0.028076
0.0094604,-0.0016785,0.037842
0.011139,-0.0038147,0.032959
0.009613,-0.0057983,0.042725
0.0085449,-0.0050354,0.043945
0.007782,-0.0032043,0.045166
0.009613,-0.0019836,0.050049
0.012665,-0.0013733,0.050049
0.014954,-0.0016785,0.057373
0.016632,-0.0033569,0.056152
0.015564,-0.0041199,0.061035
0.015259,-0.0021362,0.056152
0.014801,-0.00045776,0.062256
0.016937,0.0036621,0.061035
0.021515,0.0053406,0.063477
0.024414,0.0050354,0.065918
0.027161,0.0048828,0.063477
0.027618,0.0041199,0.074463
0.025787,0.0035095,0.058594
0.022888,0.0038147,0.050049
0.017242,0.004425,0.062256
0.017853,0.0035095,0.058594
0.017548,0.0012207,0.064697
0.017395,-0.002594,0.067139
0.016632,-0.0057983,0.063477
0.014954,-0.0093079,0.064697
0.013733,-0.0088501,0.061035
0.013733,-0.0076294,0.062256
0.016022,-0.0085449,0.05249
0.018768,-0.0054932,0.057373
0.021515,-0.0065613,0.053711
0.023193,-0.0088501,0.054932
0.022736,-0.0086975,0.048828
0.021362,-0.0074768,0.050049
0.019989,-0.0050354,0.048828
0.019989,-0.0028992,0.045166
0.021667,-0.0018311,0.040283
0.024414,-0.0032043,0.046387
0.027313,-0.0059509,0.042725
0.028992,-0.0083923,0.037842
0.029602,-0.0082397,0.041504
0.028839,-0.0067139,0.037842
0.029449,-0.0036621,0.036621
0.030518,-0.0013733,0.037842
0.03479,-0.0013733,0.041504
0.033722,-0.0022888,0.036621
0.034027,-0.0041199,0.040283
0.031738,-0.0047302,0.040283
0.029449,-0.0016785,0.043945
0.026245,-0.0015259,0.036621
0.023804,0.00045776,0.043945
0.024261,0.0010681,0.05127
0.024109,0.00076294,0.043945
0.024261,0.00030518,0.057373
0.023193,0.00061035,0.05249
0.023346,0.0016785,0.036621
0.021515,0.0045776,0.05127
0.02121,0.0085449,0.056152
0.022583,0.010681,0.057373
0.026245,0.012512,0.059814
0.026855,0.011139,0.057373
0.026855,0.0073242,0.064697
0.024872,0.0082397,0.062256
0.020905,0.0027466,0.062256
0.0177,0.0036621,0.057373
0.015564,0.0045776,0.064697
0.016327,0.0064087,0.063477
0.01709,0.0015259,0.064697
0.018616,-0.0036621,0.076904
0.020447,-0.0076294,0.065918
0.021667,-0.009613,0.064697
0.024719,-0.0082397,0.065918
0.028381,-0.0059509,0.074463
0.035553,-0.0045776,0.065918
0.036011,-0.0042725,0.05127
0.036621,-0.0064087,0.058594
0.036011,-0.0094604,0.054932
0.033417,-0.010986,0.05127
0.031891,-0.01297,0.05249
0.029449,-0.011902,0.047607
0.029297,-0.011597,0.048828
0.028992,-0.010223,0.046387
0.03067,-0.010223,0.047607
0.032043,-0.011292,0.046387
0.032654,-0.011139,0.047607
0.031128,-0.0097656,0.046387
0.030212,-0.0062561,0.042725
0.03006,-0.0024414,0.050049
0.030212,0,0.039063
0.029297,0.0015259,0.05127
0.028687,0.0019836,0.037842
0.026398,0.0022888,0.031738
0.02655,0.0027466,0.037842
0.019684,0.0053406,0.041504
0.017853,0.0061035,0.036621
0.016937,0.0050354,0.031738
0.018616,0.0057983,2.0166
0.019531,0.0030518,4.7375
0.019989,0.00061035,4.8962
0.019379,-0.00076294,4.9121
0.019379,0.00030518,4.9146
0.018311,0.0018311,4.9194
0.019226,0.0033569,4.9207
0.021057,0.0027466,4.9231
0.022583,0.0027466,4.9255
0.023041,0.00091553,4.9255
0.02243,-0.00076294,4.9304
0.02121,-0.0048828,4.9292
0.016937,-0.0019836,4.9377
0.014038,-0.0015259,4.9304
0.012817,-0.0035095,4.9194
0.01297,-0.0041199,4.9292
0.012207,-0.0062561,4.9316
0.010986,-0.0073242,4.928
0.010071,-0.0039673,4.9316
0.0091553,-0.0036621,4.9304
0.010223,-0.0012207,4.9353
0.011597,0.00045776,4.9341
0.010376,0.00076294,4.9365
0.016022,-0.0013733,4.9329
0.0177,-0.0027466,4.9365
0.016479,-0.0030518,4.9268
0.015411,-0.0016785,4.9329
0.013733,0.00030518,4.9438
0.012665,0.0032043,4.9268
0.014648,0.0047302,4.9231
0.016632,0.004425,4.9255
0.019379,0.0027466,4.9097
0.021515,0.0027466,4.9158
0.021973,0.0039673,4.917
0.022888,0.0061035,4.9182
0.023956,0.009613,4.9194
0.026093,0.011749,4.9121
0.030365,0.012512,4.9158
0.031586,0.010376,4.9109
0.032654,0.0074768,4.9133
0.030823,0.0057983,4.9084
0.029755,0.0048828,4.9146
0.027313,0.005188,4.9121
0.026398,0.0042725,4.9133
0.02655,0.002594,4.9097
0.026703,-0.0013733,4.9109
0.026855,-0.0048828,4.9121
0.025635,-0.007019,4.9121
0.023499,-0.0074768,4.9146
0.022583,-0.0039673,4.9097
0.022736,-0.0018311,4.8999
0.023193,-0.0028992,4.9146
0.025482,-0.00076294,4.9097
0.026703,-0.0035095,4.9194
0.027466,-0.0028992,4.9207
0.026093,-0.00061035,4.9182
0.02594,-0.0010681,4.9255
0.025635,0.0022888,4.9231
0.026703,0.0045776,4.9292
0.028534,0.0053406,4.928
0.031128,0.0042725,4.9329
0.032196,0.0018311,4.9316
0.031128,-0.00015259,4.9353
0.031586,-0.0010681,4.9463
0.030212,0.0010681,4.9377
0.028381,0.0032043,4.9377
0.028229,0.0071716,4.9329
0.027161,0.0048828,4.928
0.027008,0.0022888,4.9377
0.02533,0.00015259,4.9353
0.023041,0,4.9329
0.020905,0.0015259,4.9377
0.019684,0.0030518,4.9341
0.019531,0.005188,4.9329
0.020447,0.0045776,4.9304
0.02243,0.0042725,4.9341
0.023346,0.0039673,4.9255
0.023346,0.0036621,4.928
0.023041,0.0038147,4.9231
0.022583,0.0048828,4.9255
0.021667,0.0057983,4.9231
0.021667,0.0061035,4.9231
0.020905,0.0061035,4.9243
0.020905,0.0053406,4.9182
0.020142,0.0050354,4.9243
0.019531,0.0056458,4.9146
0.018616,0.0065613,4.9011
0.018921,0.0079346,4.9109
0.020142,0.0088501,4.9084
0.02243,0.0091553,4.8914
0.024872,0.0082397,4.9121
0.025787,0.0061035,4.906
0.02533,0.0041199,4.9121
0.025482,0.0033569,4.906
0.024567,0.0036621,4.9121
0.024109,0.0045776,4.9158
0.024872,0.0045776,4.9133
0.02594,0.0035095,4.9109
0.027008,0.0015259,4.9158
0.027618,-0.00030518,4.9243
0.028381,-0.00030518,4.8914
0.028076,0.00076294,4.9207
0.028076,0.0035095,4.9231
0.028381,0.0041199,4.9084
0.028839,0.0059509,4.9243
0.029144,0.0048828,4.9207
0.029297,0.0024414,4.9268
0.027924,0.0016785,4.9304
0.027008,0.0021362,4.928
0.02533,0.0041199,4.9353
0.024414,0.0064087,4.9365
0.025482,0.0073242,0.063477
0.026855,0.0067139,0.061035
0.027924,0.0047302,0.063477
0.028534,0.0030518,0.063477
0.027924,0.0036621,0.064697
0.027466,0.0048828,0.063477
0.025787,0.0061035,0.064697
0.024414,0.0074768,0.06958
0.023956,0.007782,0.068359
0.023499,0.0065613,0.079346
0.023804,0.0038147,0.062256
0.023193,0.0024414,0.059814
0.02243,0.0033569,0.061035
0.021667,0.0041199,0.057373
0.021057,0.0047302,0.053711
0.020905,0.004425,0.054932
0.020752,0.0015259,0.05127
0.020294,-0.0012207,0.047607
0.018616,-0.0032043,0.045166
0.016937,-0.0041199,0.050049
0.015411,-0.0022888,0.043945
0.015106,-0.0010681,0.047607
0.016022,-0.00061035,0.046387
0.016632,-0.0012207,0.043945
0.01709,-0.0016785,0.048828
0.018005,-0.0027466,0.041504
0.018463,-0.0032043,0.047607
0.018768,-0.0028992,0.037842
0.019073,-0.00061035,0.028076
0.018616,-0.0021362,0.039063
0.018311,-0.0015259,0.039063
0.018005,-0.0033569,0.036621
0.018158,-0.005188,0.040283
0.018005,-0.005188,0.039063
0.018005,-0.004425,0.040283
0.018768,-0.0016785,0.041504
0.020599,0.00045776,0.043945
0.021667,0.0018311,0.039063
0.023956,0.0022888,0.045166
0.024872,0.002594,0.05249
0.026398,0.0024414,0.053711
0.028229,0.0032043,0.054932
0.026703,0.004425,0.053711
0.028076,0.0053406,0.057373
0.028381,0.0062561,0.058594
0.026093,0.0061035,0.068359
0.025635,0.0054932,0.063477
0.024719,0.0045776,0.048828
0.024567,0.0027466,0.059814
0.023651,0.0028992,0.059814
0.022736,0.002594,0.061035
0.021973,0.0030518,0.063477
0.02121,0.002594,0.058594
0.02121,0.0015259,0.065918
0.021973,0.00091553,0.063477
0.021973,0.00045776,0.067139
0.02243,0.00061035,0.067139
0.02243,0.0015259,0.064697
0.022736,0.0027466,0.062256
0.022888,0.0027466,0.068359
0.023193,0.0021362,0.075684
0.022583,0.00076294,0.059814
0.02182,-0.0016785,0.053711
0.02121,-0.00091553,0.054932
0.020752,-0.0027466,0.03418
0.020599,-0.0013733,0.048828
0.019989,-0.0022888,0.048828
0.020599,-0.0019836,0.043945
0.020447,-0.0030518,0.046387
0.020447,-0.0042725,0.039063
0.020599,-0.0041199,0.039063
0.019531,-0.0030518,0.041504
0.018463,-0.0016785,0.042725
0.016479,-0.00091553,0.037842
0.013733,-0.0010681,0.043945
0.014496,-0.0024414,0.042725
0.014038,-0.002594,0.042725
0.014954,-0.0024414,0.040283
0.015411,0.00061035,0.040283
0.016632,0.0033569,0.045166
0.018768,0.0047302,0.026855
0.017548,0.0042725,0.050049
0.021667,0.0038147,0.041504
0.022125,0.0018311,0.03418
0.023651,0.00076294,0.041504
0.026703,0.00030518,0.040283
0.024261,0.0013733,0.042725
0.023956,0.0030518,0.05127
0.023041,0.0056458,0.05127
0.020905,0.0016785,0.054932
0.021362,-0.00030518,0.05127
0.020599,-0.0028992,0.061035
0.020752,-0.0041199,0.054932
0.018005,-0.0032043,0.063477
0.022125,-0.002594,0.063477
0.02243,-0.0019836,0.058594
0.022888,-0.0028992,0.070801
0.022583,-0.0022888,0.062256
0.023499,-0.0027466,0.065918
0.022736,-0.0030518,0.059814
0.022736,-0.0028992,0.062256
0.023041,-0.0018311,0.061035
0.022888,-0.00045776,0.056152
0.019226,0.00045776,0.067139
0.022125,-0.00061035,0.065918
0.021667,-0.0013733,0.062256
0.022583,-0.0027466,0.067139
0.023193,-0.0028992,0.059814
0.023193,-0.0035095,0.061035
0.023651,-0.0022888,0.056152
0.024414,-0.0010681,0.056152
0.025482,-0.0016785,0.054932
0.02655,-0.0019836,0.053711
0.027466,-0.0019836,0.047607
0.027466,-0.0024414,0.048828
0.027771,0.0021362,0.063477
0.026855,-0.00030518,1.9019
0.025787,0.00015259,4.7424
0.024414,0.00091553,4.8999
0.023193,0.0013733,4.906
0.022583,0.0018311,4.9084
0.02182,0.0022888,4.9133
0.022583,0.0030518,4.9121
0.022125,0.0053406,4.9097
0.020447,0.0064087,4.906
0.020294,0.0083923,4.9121
0.019226,0.0088501,4.9084
0.020752,0.0094604,4.9109
0.020905,0.010223,4.9084
0.021515,0.010376,4.9133
0.022125,0.010529,4.9109
0.02182,0.010834,4.9133
0.020599,0.0099182,4.9194
0.019531,0.010986,4.9109
0.017853,0.005188,4.9109
0.016327,0.0024414,4.9207
0.016022,-0.00061035,4.917
0.015869,-0.0033569,4.9219
0.013733,-0.0047302,4.9084
0.012207,-0.0068665,4.9268
0.010834,-0.007782,4.9268
0.010071,-0.0085449,4.9255
0.010071,-0.0082397,4.9341
0.010681,-0.0074768,4.9304
0.012054,-0.0079346,4.9353
0.01358,-0.0054932,4.9255
0.013733,-0.005188,4.9353
0.013428,-0.0045776,4.928
0.014648,-0.0045776,4.9341
0.014954,-0.0032043,4.9304
0.015564,-0.0018311,4.9365
0.01709,-0.00076294,4.9438
0.018158,-0.00015259,4.939
0.019379,0.00061035,4.9414
0.019684,0.00045776,4.9316
0.020294,0.00045776,4.9268
0.02182,0.00076294,4.9304
0.022736,0.0018311,4.9255
0.024261,0.0030518,4.9243
0.026703,0.0038147,4.9255
0.027161,0.0038147,4.9207
0.028839,0.0028992,4.9231
0.027008,0.0033569,4.9182
0.025787,0.0035095,4.9194
0.025635,0.0054932,4.9146
0.024261,0.0071716,4.9133
0.023651,0.0085449,4.9158
0.022125,0.0099182,4.9182
0.020905,0.010223,4.9097
0.018005,0.010071,4.9146
0.018158,0.010223,4.9097
0.019379,0.011597,4.9121
0.020294,0.013275,4.9084
0.022888,0.015259,4.9121
0.02594,0.017395,4.9146
0.028839,0.018616,4.9072
0.031128,0.019836,4.9158
0.031128,0.019226,4.9109
0.031128,0.018311,4.9109
0.03006,0.018616,4.906
0.029449,0.014038,4.9158
0.027161,0.010071,4.9121
0.024414,0.0067139,4.9182
0.020905,0.0036621,4.9207
0.017242,0.00061035,4.9255
0.014343,-0.0019836,4.9207
0.01297,-0.0033569,4.9255
0.014038,-0.0047302,4.9341
0.013733,-0.0050354,4.9292
0.016479,-0.0067139,4.9353
0.015411,-0.010529,4.9341
0.014801,-0.014343,4.9146
0.013123,-0.016632,4.9304
0.012665,-0.017242,4.9304
0.01236,-0.014801,4.928
0.012665,-0.01358,4.9304
0.012054,-0.012207,4.928
0.01236,-0.012207,4.9353
0.013123,-0.012054,4.9414
0.014801,-0.0099182,4.9353
0.0177,-0.0050354,4.9353
0.024109,0.00091553,4.9377
0.031281,0.0053406,4.9377
0.037994,0.0082397,4.9353
0.045013,0.0090027,4.9414
0.049133,0.0088501,4.9304
0.052795,0.0080872,4.928
0.053253,0.0076294,4.9255
0.052032,0.0062561,4.9255
0.048828,0.0047302,4.9182
0.043488,0.0028992,4.9158
0.036469,-0.0028992,4.9158
0.029602,-0.0041199,4.9182
0.023956,-0.0045776,4.9133
0.018921,-0.0033569,4.9146
0.016632,-0.00091553,4.9121
0.016327,0.0013733,4.9158
0.0177,0.0047302,4.906
0.02121,0.0071716,4.9146
0.024414,0.0090027,4.9133
0.027313,0.0086975,4.9109
0.028534,0.007782,4.9097
0.031586,0.0061035,4.9133
0.028992,0.0030518,4.9194
0.028992,-0.00076294,4.9072
0.027161,-0.0030518,4.9207
0.024414,-0.0071716,4.9109
0.022583,-0.0086975,0.032959
0.02182,-0.0091553,0.043945
0.021667,-0.0088501,0.043945
0.024109,-0.0074768,0.039063
0.02655,-0.0071716,0.05127
0.030365,-0.0071716,0.05249
0.034332,-0.010376,0.054932
0.035553,-0.0068665,0.056152
0.037231,-0.0065613,0.062256
0.036774,-0.0056458,0.054932
0.034332,-0.0032043,0.062256
0.032349,-0.00091553,0.065918
0.029144,0.00091553,0.063477
0.025024,0.0012207,0.070801
0.02121,0.00030518,0.062256
0.017395,-0.00076294,0.062256
0.014801,-0.0021362,0.062256
0.013885,-0.0010681,0.06958
0.015717,-0.0024414,0.064697
0.015564,-0.002594,0.064697
0.016479,-0.0036621,0.063477
0.016327,-0.0038147,0.068359
0.015869,-0.0036621,0.064697
0.015717,-0.0028992,0.063477
0.014801,-0.00015259,0.058594
0.014191,0.0019836,0.061035
0.013275,0.0041199,0.054932
0.013275,0.0054932,0.057373
0.014648,0.0056458,0.056152
0.013123,0.0056458,0.053711
0.015106,0.0045776,0.046387
0.018158,0.0035095,0.05127
0.022125,0.0022888,0.061035
0.02533,0.0024414,0.048828
0.028381,0.0013733,0.056152
0.03067,-0.00091553,0.041504
0.03006,-0.0030518,0.0354
0.028839,-0.005188,0.039063
0.025024,-0.0048828,0.040283
0.022888,-0.0038147,0.039063
0.020905,-0.0024414,0.037842
0.017853,-0.0010681,0.037842
0.016937,0,0.042725
0.017242,-0.0022888,0.037842
0.016785,0.0013733,0.041504
0.018005,0.0024414,0.037842
0.019836,0.0036621,0.042725
0.023499,0.0054932,0.042725
0.02243,0.0047302,0.045166
0.021973,0.004425,0.054932
0.02121,0.0059509,0.039063
0.019226,0.0024414,0.047607
0.017853,0.0019836,0.050049
0.015564,0.0022888,0.045166
0.014954,0.0036621,0.054932
0.014496,0.0053406,0.050049
0.015869,0.0062561,0.057373
0.017548,0.0076294,0.068359
0.020599,0.0090027,0.058594
0.023346,0.0097656,0.061035
0.026245,0.0097656,0.059814
0.029297,0.0086975,0.062256
0.032501,0.0085449,0.061035
0.034485,0.0059509,0.063477
0.034637,0.0048828,0.062256
0.034637,0.0061035,0.063477
0.033417,0.0064087,0.063477
0.032654,0.0074768,0.068359
0.030365,0.0093079,0.070801
0.029144,0.011139,0.067139
0.027466,0.010681,0.074463
0.024872,0.010681,0.064697
0.023041,0.010529,0.048828
0.02182,0.010071,0.058594
0.020447,0.0086975,0.053711
0.018921,0.0065613,0.05127
0.018005,0.0035095,0.053711
0.017853,-0.00045776,0.047607
0.014191,-0.005188,0.048828
0.012512,-0.0093079,0.046387
0.0062561,-0.012054,0.048828
0.0091553,-0.016022,0.043945
0.0074768,-0.018616,0.046387
0.0067139,-0.019531,0.045166
0.0065613,-0.019989,0.043945
0.0083923,-0.019989,0.041504
0.0086975,-0.018158,0.041504
0.012817,-0.016479,0.037842
0.016632,-0.013885,0.039063
0.02182,-0.011139,0.036621
0.026093,-0.0086975,0.037842
0.03006,-0.0059509,0.032959
0.031738,-0.005188,0.037842
0.033417,-0.0047302,0.036621
0.03418,-0.0041199,0.036621
0.037842,-0.0027466,0.041504
0.03479,-0.0012207,0.036621
0.034485,0.00091553,0.047607
0.033875,0.0041199,0.043945
0.033722,0.0067139,0.046387
0.033417,0.0082397,0.047607
0.034332,0.010071,0.056152
0.035248,0.011749,0.05249
0.036163,0.013885,0.058594
0.036774,0.015411,0.067139
0.03479,0.01709,0.059814
0.033722,0.016479,0.065918
0.030975,0.016937,0.062256
0.028839,0.016022,0.042725
0.026093,0.015717,0.059814
0.025024,0.015106,0.059814
0.023041,0.014191,0.061035
0.020905,0.014038,0.061035
0.018921,0.01297,0.059814
0.018005,0.011139,0.064697
0.0177,0.0090027,0.065918
0.016785,0.0071716,3.5828
0.015564,0.0062561,4.8474
0.014801,0.0048828,4.9292
0.014496,0.004425,4.9304
0.01358,0.0039673,4.9304
0.012665,0.002594,4.9377
0.011444,0.0019836,4.9316
0.010681,0.0013733,4.928
0.010071,0.00091553,4.9243
0.0099182,0.00091553,4.9304
0.0091553,-0.00061035,4.9219
0.010834,0.0013733,4.9036
0.012207,0.0013733,4.9158
0.012817,0.00061035,4.9158
0.01297,0,4.917
0.01297,0.00030518,4.9158
0.015411,0.00030518,4.9109
0.014801,-0.00091553,4.9121
0.015717,-0.0010681,4.906
0.016022,-0.0013733,4.9109
0.015564,-0.0016785,4.9097
0.014191,-0.0021362,4.906
0.012665,-0.0024414,4.9097
0.011292,-0.0050354,4.9109
0.012207,-0.00030518,4.9182
0.012207,0.0015259,4.9121
0.013275,0.0010681,4.906
0.015869,0.0021362,4.9048
0.0177,0.0021362,4.9023
0.019531,0.002594,4.9158
0.020294,0.0032043,4.9146
0.022278,0.0027466,4.9146
0.023041,0.0016785,4.9207
0.023651,0.00045776,4.9207
0.022888,-0.0016785,4.9207
0.02243,-0.0024414,4.9219
0.021057,-0.0047302,4.9292
0.018921,-0.0053406,4.9268
0.017853,-0.0056458,4.9304
0.018311,-0.0050354,4.9316
0.019684,-0.0048828,4.9365
0.020752,-0.0047302,4.9292
0.021515,-0.005188,4.9304
0.023041,-0.0067139,4.9304
0.024567,-0.0068665,4.928
0.025024,-0.0068665,4.939
0.026398,-0.0059509,4.9341
0.026855,-0.0039673,4.9194
0.028229,-0.0032043,4.9329
0.029144,-0.0030518,4.9341
0.029297,-0.0030518,4.9377
0.029755,-0.0030518,4.9304
0.030518,-0.0033569,4.9304
0.030975,-0.002594,4.9316
0.030975,-0.00091553,4.9255
0.031738,0.0010681,4.9304
0.032806,0.0030518,4.928
0.031891,0.0057983,4.9207
0.031586,0.0057983,4.9194
0.029297,0.0047302,4.9219
0.027313,0.004425,4.928
0.024872,0.0010681,4.9121
0.023956,0.0010681,4.9158
0.023956,0.0018311,4.9182
0.023346,0.002594,4.8938
0.023651,0.0035095,4.9097
0.022278,0.002594,4.9109
0.02243,0.00091553,4.9072
0.023346,0.0012207,4.9109
0.022125,0.0013733,4.9084
0.021057,0.0021362,4.9109
0.020294,0.0028992,4.9084
0.018311,0.0019836,4.906
0.017242,0.00076294,4.906
0.015259,-0.00030518,4.9146
0.013275,-0.0015259,4.9109
0.01236,-0.0013733,4.9109
0.011749,0,4.9133
0.011749,-0.00015259,4.9146
0.012054,0,4.9146
0.011749,-0.0019836,4.9194
0.011749,-0.0041199,4.9194
0.013123,-0.0057983,4.9268
0.014801,-0.0038147,4.9182
0.015564,-0.0032043,4.9268
0.018158,-0.0019836,4.928
0.018463,-0.0015259,4.928
0.020599,-0.0030518,4.9329
0.019836,-0.0056458,4.9329
0.021362,-0.0061035,4.9341
0.021667,-0.0073242,4.9292
0.023804,-0.0053406,4.9341
0.02533,-0.004425,4.928
0.025482,-0.0054932,4.9353
0.023956,-0.0094604,4.9353
0.02655,-0.007019,4.9341
0.026245,-0.0088501,4.9438
0.02655,-0.0082397,4.9402
0.025024,-0.0093079,4.9353
0.024719,-0.0086975,4.9316
0.02533,-0.007782,4.9255
0.025177,-0.0047302,4.9304
0.025177,-0.0064087,4.9255
0.024872,-0.0054932,4.9207
0.024261,-0.0050354,4.9268
0.024261,-0.0032043,4.9207
0.025787,-0.00015259,4.9255
0.026855,0.0022888,4.9133
0.028534,0.0035095,4.9207
0.030365,0.0042725,4.9133
0.032349,0.0064087,0.05127
0.033569,0.0059509,0.042725
0.034637,0.0042725,0.042725
0.035248,0.0048828,0.040283
0.0354,0.0045776,0.042725
0.03479,0.0041199,0.046387
0.032806,0.0035095,0.041504
0.030518,0.0024414,0.045166
0.027618,0.0013733,0.041504
0.024261,0.0035095,0.039063
0.019836,-0.00015259,0.0354
0.020447,0,0.041504
0.018921,0.00030518,0.043945
0.017395,0.00061035,0.036621
0.015259,-0.00045776,0.039063
0.013123,-0.00061035,0.045166
0.010986,-0.002594,0.047607
0.0099182,-0.0054932,0.047607
0.0091553,-0.0039673,0.047607
0.0088501,-0.0032043,0.053711
0.0073242,-0.0028992,0.05127
0.0065613,-0.0030518,0.057373
0.0050354,-0.0039673,0.072021
0.0048828,-0.0054932,0.058594
0.0062561,-0.0079346,0.063477
0.0082397,-0.0061035,0.054932
0.010986,-0.0050354,0.05127
0.013733,-0.0032043,0.059814
0.014648,0.00030518,0.059814
0.019684,-0.00091553,0.058594
0.018463,0,0.062256
0.021057,0.00030518,0.061035
0.022583,0.0030518,0.068359
0.024261,0.0042725,0.063477
0.025482,0.0061035,0.068359
0.025635,0.0083923,0.050049
0.02533,0.0083923,0.068359
0.025482,0.0074768,0.063477
0.025482,0.0065613,0.064697
0.027771,0.0064087,0.061035
0.028992,0.0057983,0.057373
0.028992,0.0064087,0.062256
0.028992,0.0057983,0.056152
0.026703,0.0054932,0.064697
0.024872,0.0035095,0.05249
0.024109,0.0019836,0.057373
0.023804,-0.00015259,0.043945
0.027313,0.00045776,0.045166
0.023499,0,0.045166
0.023956,-0.00015259,0.045166
0.023346,-0.00030518,0.042725
0.023956,-0.0019836,0.041504
0.024567,-0.00091553,0.037842
0.02655,-0.0010681,0.040283
0.029297,-0.00061035,0.039063
0.032043,0.00045776,0.041504
0.033722,0.0012207,0.039063
0.034637,0.0010681,0.042725
0.034943,0.0015259,0.047607
0.035553,0.00045776,0.039063
0.03418,-0.00015259,0.046387
0.034332,-0.00015259,0.039063
0.033875,0.00061035,0.032959
0.032196,0.0022888,0.043945
0.031128,0.004425,0.037842
0.029907,0.0050354,0.042725
0.030365,0.0067139,0.05127
0.029144,0.0073242,0.050049
0.029449,0.0074768,0.054932
0.029297,0.0076294,0.053711
0.029449,0.0068665,0.058594
0.027313,0.0073242,0.058594
0.024719,0.0073242,0.062256
0.021667,0.0064087,0.062256
0.018616,0.0059509,0.063477
0.014954,0.0048828,0.05249
0.01297,0.0027466,0.063477
0.01236,0.0021362,0.064697
0.011444,0.0016785,0.062256
0.009613,0.0010681,0.070801
0.0090027,0.0013733,0.064697
0.0094604,0.00061035,0.053711
0.0094604,0.00076294,0.063477
0.010681,-0.00030518,0.063477
0.011902,-0.0010681,0.063477
0.013428,-0.0015259,0.067139
0.014191,-0.0013733,0.056152
0.014191,-0.0010681,0.061035
0.015259,0.00015259,0.057373
0.015564,0.0013733,0.056152
0.016479,0.0012207,0.05127
0.018005,0.00091553,0.05249
0.019379,0.0010681,0.048828
0.021057,0.0036621,0.048828
0.021362,0.0022888,0.056152
0.022888,0.0021362,0.047607
0.023651,0.0022888,0.047607
0.024567,0.0022888,0.045166
0.025482,0.0015259,0.026855
0.02594,0.0013733,0.040283
0.025024,0.0018311,0.037842
0.024414,0.0018311,0.039063
0.021667,0.0022888,0.040283
0.021057,0.0016785,0.03418
0.019379,0.0010681,0.040283
0.018921,-0.00045776,0.037842
0.018921,-0.00061035,0.039063
0.0177,-0.00076294,0.03418
0.018768,-0.0012207,0.040283
0.019989,-0.00030518,0.037842
0.019836,0,0.042725
0.021667,0.00045776,0.045166
0.02243,-0.00091553,0.046387
0.025482,-0.0010681,0.05249
0.027466,-0.0032043,0.05127
0.028229,-0.00061035,0.061035
0.029297,0.00076294,0.053711
0.028992,0.0016785,4.3591
0.026703,0.0019836,4.8926
0.027618,0.0021362,4.9219
0.028229,0.0010681,4.9255
0.028992,0.0015259,4.9316
0.028229,0.0016785,4.9292
0.028229,0.0021362,4.9292
0.030518,0.0033569,4.9304
0.028381,0.0039673,4.9329
0.027771,0.0036621,4.9292
0.026093,0.0021362,4.9353
0.025482,0.0030518,4.9255
0.023346,-0.0013733,4.9353
0.020905,-0.00045776,4.9414
0.017548,0.00045776,4.9365
0.015259,0.00030518,4.9341
0.013123,0.00091553,4.939
0.011444,0.0012207,4.9414
0.0088501,0,4.928
0.0090027,-0.0013733,4.9243
0.0088501,-0.0024414,4.9219
0.0093079,-0.0024414,4.9255
0.0088501,-0.0019836,4.9231
0.010681,-0.0018311,4.9207
0.011597,-0.0019836,4.917
0.012817,-0.0033569,4.9182
0.013428,-0.0045776,4.9158
0.015564,-0.0041199,4.9121
0.016785,-0.004425,4.9146
0.018311,-0.0047302,4.917
0.023193,-0.00061035,4.9121
0.019836,0.00091553,4.9133
0.021973,0.0015259,4.9255
0.023346,0.0010681,4.9097
0.025482,0.00030518,4.917
0.02594,0.0015259,4.9109
0.027313,0.0030518,4.895
0.026398,0.0042725,4.9072
0.027008,0.0061035,4.9097
0.026245,0.0054932,4.9133
0.026093,0.0045776,4.9097
0.026245,0.0038147,4.9084
0.025177,0.0041199,4.9109
0.024261,0.005188,4.9146
0.025177,0.0073242,4.9182
0.023346,0.0079346,4.917
0.02243,0.0071716,4.9231
0.022278,0.0054932,4.9243
0.02243,0.0013733,4.9292
0.02243,0.002594,4.9353
0.023499,0.0021362,4.928
0.023193,0.0030518,4.9255
0.023651,0.0016785,4.9329
0.023651,0.0021362,4.9402
0.024261,0.00061035,4.9304
0.025177,-0.00061035,4.9341
0.024719,-0.0045776,4.9329
0.02655,-0.0010681,4.928
0.02533,-0.00015259,4.9255
0.022125,0.0012207,4.9353
0.024109,0.0016785,4.9353
0.022583,0.0012207,4.9353
0.021973,-0.00030518,4.9341
0.02121,-0.0030518,4.939
0.021362,-0.0035095,4.9353
0.022278,-0.0022888,4.9377
0.022278,-0.00061035,4.9292
0.018311,0.0015259,4.9316
0.021667,0.0013733,4.9365
0.020905,0,4.928
0.020599,-0.002594,4.9304
0.019989,-0.0027466,4.9207
0.020142,-0.0024414,4.9072
0.020599,0.00015259,4.917
0.018616,0.0024414,4.9133
0.019989,0.0036621,4.9146
0.019073,0.002594,4.9146
0.0177,0.00045776,4.9146
0.018311,-0.0016785,4.9109
0.01709,-0.0013733,4.9072
0.018921,0,4.9097
0.019379,-0.00030518,4.9097
0.020752,0.0036621,4.9121
0.019379,0.0039673,4.9133
0.019989,0.0018311,4.9146
0.019684,-0.00061035,4.9097
0.019226,-0.0013733,4.9146
0.020447,-0.0015259,4.9072
0.019531,-0.00045776,4.9109
0.019531,0.00015259,4.9109
0.017853,0.00061035,4.9158
0.015564,-0.00076294,4.9011
0.015717,-0.002594,4.9158
0.016937,-0.0048828,4.917
0.016479,-0.0042725,4.9207
0.018158,-0.002594,4.9255
0.019989,-0.0010681,4.9194
0.021667,-0.0013733,4.9268
0.023193,-0.00061035,4.9292
0.023193,-0.0028992,4.9304
0.023499,-0.0041199,4.928
0.023499,-0.0039673,4.9304
0.023956,-0.0027466,4.9316
0.022125,0,4.9341
0.02533,0.0022888,4.9402
0.02182,0.0028992,4.9329
0.021667,0.0018311,4.939
0.021057,0.00076294,4.9365
0.019531,0.00061035,4.9158
0.02243,0.0015259,0.063477
0.024414,0.0033569,0.061035
0.024261,0.0010681,0.067139
0.024719,0.0045776,0.064697
0.024719,0.0022888,0.056152
0.025482,-0.00045776,0.064697
0.024567,-0.0010681,0.056152
0.023956,-0.0016785,0.056152
0.023651,0.00030518,0.05127
0.02182,0.0030518,0.056152
0.02121,0.0053406,0.050049
0.019684,0.0041199,0.050049
0.019073,0.0021362,0.056152
0.018616,-0.00030518,0.047607
0.019379,-0.0010681,0.045166
0.019379,0,0.046387
0.019531,0.0012207,0.03418
0.019531,0.0010681,0.041504
0.018616,0.0016785,0.039063
0.018158,-0.00030518,0.040283
0.017242,-0.002594,0.037842
0.016022,-0.0035095,0.037842
0.016174,-0.0024414,0.041504
0.015717,-0.0019836,0.036621
0.014648,-0.0036621,0.040283
0.014038,-0.0021362,0.0354
0.012665,-0.0032043,0.042725
0.01236,-0.005188,0.037842
0.01297,-0.0062561,0.042725
0.014496,-0.0059509,0.041504
0.016174,-0.0032043,0.048828
0.01709,-0.00045776,0.057373
0.017548,0.0015259,0.05127
0.018158,0.0024414,0.065918
0.018768,0.00045776,0.050049
0.018158,-0.0013733,0.047607
0.0177,-0.002594,0.059814
0.018311,-0.0030518,0.058594
0.018005,-0.0024414,0.059814
0.016937,-0.0032043,0.062256
0.015869,-0.0022888,0.059814
0.016327,-0.0036621,0.062256
0.016937,-0.0045776,0.057373
0.018158,-0.0061035,0.063477
0.019989,-0.0027466,0.057373
0.022888,-0.00015259,0.063477
0.024261,0.0021362,0.064697
0.024261,0.0039673,0.068359
0.023804,0.0041199,0.070801
0.023499,0.0022888,0.065918
0.022583,0.00015259,0.063477
0.022125,-0.0010681,0.067139
0.021515,-0.0015259,0.065918
0.020142,-0.0013733,0.057373
0.018921,-0.00045776,0.056152
0.018768,0.00061035,0.05249
0.019379,0.00030518,0.05249
0.021362,0.00030518,0.050049
0.023041,0,0.05127
0.02594,0.0012207,0.047607
0.027161,0.0030518,0.050049
0.027313,0.0056458,0.045166
0.027313,0.0065613,0.047607
0.027008,0.0057983,0.042725
0.026093,0.0036621,0.043945
0.025024,0.00015259,0.037842
0.022736,-0.0022888,0.041504
0.021973,-0.0028992,0.057373
0.019989,-0.0033569,0.039063
0.018158,-0.0028992,0.046387
0.017395,-0.0033569,0.039063
0.016327,-0.004425,0.024414
0.016327,-0.0050354,0.037842
0.018768,-0.0059509,0.036621
0.019226,-0.0059509,0.03418
0.021515,-0.0048828,0.039063
0.021362,-0.002594,0.036621
0.020905,-0.0028992,0.042725
0.019989,-0.0032043,0.040283
0.019684,-0.0050354,0.050049
0.019226,-0.0064087,0.047607
0.019379,-0.0065613,0.056152
0.019684,-0.0062561,0.053711
0.018921,-0.004425,0.058594
0.017395,-0.0022888,0.062256
0.016785,-0.00091553,0.059814
0.017242,-0.00045776,0.059814
0.019684,-0.0010681,0.061035
0.023193,-0.0021362,0.070801
0.026245,-0.002594,0.061035
0.028076,-0.0015259,0.048828
0.027313,-0.00015259,0.061035
0.027924,0.00015259,0.062256
0.02655,-0.00076294,0.061035
0.025787,-0.0024414,0.068359
0.025024,-0.004425,0.063477
0.024261,-0.005188,0.065918
0.023041,-0.0041199,0.064697
0.02121,-0.0028992,0.068359
0.020142,-0.0016785,0.059814
0.018463,-0.0019836,0.064697
0.0177,-0.0038147,0.058594
0.018463,-0.0059509,0.058594
0.021057,-0.0071716,0.062256
0.02243,-0.0061035,0.05249
0.023499,-0.0045776,0.05127
0.023041,-0.0030518,0.048828
0.022583,-0.0010681,0.036621
0.022278,-0.00045776,0.048828
0.023041,-0.00030518,0.043945
0.023346,-0.0010681,0.040283
0.025177,-0.00045776,0.043945
0.025177,0.00030518,0.041504
0.024872,-0.00015259,0.041504
0.024109,0.00091553,0.039063
0.023651,0.00015259,0.041504
0.024109,-0.00030518,0.03418
0.026093,-0.00015259,0.55542
0.028229,0.00061035,4.6582
0.03006,0.0018311,4.8926
0.030365,0.0035095,4.9023
0.03006,0.0038147,4.9109
0.028534,0.0032043,4.9109
0.026093,0.002594,4.9109
0.025482,0.0019836,4.9194
0.027924,0.0013733,4.9158
0.025024,0.0015259,4.9036
0.023956,0.0021362,4.917
0.020599,0.0015259,4.9182
0.019226,0.0039673,4.9219
0.0177,0.0050354,4.9219
0.017395,0.0054932,4.9243
0.019226,0.0056458,4.9304
0.020905,0.0053406,4.9304
0.022736,0.0041199,4.9316
0.021515,0.0057983,4.928
0.020294,0.0030518,4.9329
0.018311,0.0027466,4.9329
0.017395,0.0033569,4.9292
0.017853,0.0042725,4.9426
0.019531,0.0047302,4.9329
0.020294,0.005188,4.9329
0.019684,0.0057983,4.9341
0.018768,0.0059509,4.9304
0.017395,0.0053406,4.9353
0.017395,0.0048828,4.9341
0.018768,0.0042725,4.9353
0.020142,0.0054932,4.9341
0.021973,0.002594,4.917
0.022278,0.0013733,4.9316
0.025635,0.0012207,4.928
0.020752,-0.00045776,4.9255
0.019073,0.00076294,4.9207
0.019226,0.0013733,4.9243
0.020294,0.00076294,4.9194
0.021667,0.0022888,4.9219
0.022583,0.0027466,4.9158
0.022583,0.0024414,4.9194
0.021057,0.0021362,4.9231
0.022125,0.00061035,4.9194
0.02182,0.00045776,4.9255
0.022583,0.0010681,4.9109
0.025024,0.0018311,4.9097
0.027161,0.0021362,4.9097
0.028381,0.0035095,4.9109
0.027924,0.0050354,4.9097
0.025787,0.0064087,4.9097
0.024261,0.007019,4.9084
0.023651,0.0068665,4.9109
0.02655,0.0073242,4.906
0.027313,0.0059509,4.9121
0.028381,0.0054932,4.9097
0.028229,0.0041199,4.9158
0.026703,0.0045776,4.9146
0.024719,0.0038147,4.9182
0.023956,0.0048828,4.9243
0.023804,0.0074768,4.9207
0.024109,0.0053406,4.9243
0.025177,0.0050354,4.9231
0.023956,0.0056458,4.9231
0.022736,0.0076294,4.9341
0.021057,0.0057983,4.9231
0.019531,0.0061035,4.9255
0.020447,0.0061035,4.9316
0.021057,0.0054932,4.9292
0.023346,0.0041199,4.9329
0.02243,0.0030518,4.9304
0.022888,0.00061035,4.9341
0.018463,0.0010681,4.9304
0.015411,0.0012207,4.9353
0.015106,0.0015259,4.9365
0.015259,0.0012207,4.9292
0.015106,0.0018311,4.9341
0.018463,0.00076294,4.939
0.017242,-0.00061035,4.9438
0.015869,-0.0013733,4.9341
0.015106,-0.0010681,4.9414
0.014648,-0.00045776,4.9304
0.016174,0.00030518,4.9219
0.017242,0,4.9243
0.018311,0.00030518,4.928
0.019226,-0.00030518,4.9121
0.015717,-0.00015259,4.9194
0.015411,0.00061035,4.9146
0.014191,0.0015259,4.9158
0.014343,0.0030518,4.917
0.015411,0.004425,4.9084
0.018005,0.0042725,4.9121
0.020447,0.0041199,4.9194
0.020752,0.0033569,4.9121
0.020142,0.0027466,4.9146
0.017395,0.0039673,4.9207
0.016174,0.0039673,4.9097
0.016937,0.0041199,4.9109
0.018616,0.0030518,4.9121
0.020599,0.0019836,4.8938
0.02121,0.00061035,4.9097
0.018768,0.0012207,4.9109
0.015717,0.00030518,4.9133
0.014191,0.00091553,4.9097
0.014191,0.0018311,4.9084
0.016174,0.0018311,4.9133
0.017395,0.00045776,4.906
0.017242,-0.0019836,4.9231
0.0177,-0.002594,4.9194
0.015259,-0.0021362,4.9255
0.015106,-0.0016785,0.056152
0.016174,-0.00030518,0.058594
0.017548,0.00076294,0.059814
0.017548,0.0012207,0.059814
0.022583,0.00076294,0.063477
0.023651,0.00091553,0.063477
0.02243,0.00030518,0.074463
0.020599,0.0010681,0.058594
0.020294,0.0018311,0.050049
0.020142,0.0030518,0.063477
0.022125,0.0042725,0.062256
0.023499,0.002594,0.063477
0.023956,0.0012207,0.064697
0.022583,-0.0032043,0.064697
0.020599,0.0010681,0.068359
0.018616,0.0018311,0.064697
0.017395,0.0032043,0.067139
0.018311,0.0028992,0.059814
0.019379,0.0022888,0.062256
0.020752,0.00030518,0.059814
0.020294,-0.00076294,0.058594
0.019989,-0.0019836,0.059814
0.018158,-0.00045776,0.053711
0.018463,0,0.050049
0.019379,0.00061035,0.048828
0.020905,0.00091553,0.039063
0.021973,-0.0012207,0.043945
0.021362,-0.0016785,0.045166
0.020142,-0.0013733,0.040283
0.016937,0.00076294,0.042725
0.016327,0.0032043,0.040283
0.016479,0.005188,0.039063
0.017548,0.0057983,0.040283
0.019989,0.0033569,0.042725
0.02243,0.0010681,0.036621
0.023193,-0.00030518,0.041504
0.023193,0,0.041504
0.022888,0.0013733,0.041504
0.021973,0.0021362,0.0354
0.023041,0.0022888,0.041504
0.023346,0,0.043945
0.022583,-0.0030518,0.039063
0.020752,-0.0042725,0.050049
0.018463,-0.005188,0.041504
0.014954,-0.004425,0.032959
0.013123,-0.0033569,0.047607
0.01358,-0.0030518,0.047607
0.015411,-0.004425,0.053711
0.017395,-0.0061035,0.053711
0.019379,-0.0079346,0.053711
0.019379,-0.0097656,0.058594
0.019531,-0.0062561,0.057373
0.019379,-0.0032043,0.062256
0.019989,-0.00091553,0.061035
0.021973,-0.00061035,0.063477
0.024261,0.00091553,0.061035
0.02533,-0.00015259,0.062256
0.025177,-0.0010681,0.075684
0.023651,-0.0016785,0.062256
0.023041,-0.00061035,0.062256
0.023956,0.0010681,0.064697
0.023956,0.0022888,0.064697
0.027466,0.00076294,0.064697
0.029449,-0.0012207,0.064697
0.030365,-0.0028992,0.064697
0.029907,-0.0030518,0.063477
0.027771,-0.0032043,0.057373
0.027771,-0.0013733,0.059814
0.027924,-0.00030518,0.054932
0.028534,0.0021362,0.056152
0.028381,0.00015259,0.048828
0.027161,-0.0022888,0.050049
0.024872,-0.0038147,0.048828
0.021515,-0.0045776,0.048828
0.018768,-0.002594,0.046387
0.01709,-0.0016785,0.047607
0.016785,-0.00061035,0.05249
0.019379,-0.00061035,0.042725
0.020905,-0.0028992,0.056152
0.020905,-0.0042725,0.042725
0.023346,-0.0047302,0.037842
0.017395,-0.0038147,0.040283
0.014954,-0.0028992,0.039063
0.016174,-0.0015259,0.036621
0.016022,0.00015259,0.040283
0.018463,-0.0022888,0.03418
0.018463,-0.0050354,0.039063
0.016632,-0.0054932,0.037842
0.011902,-0.0057983,0.042725
0.014191,-0.0048828,0.037842
0.015564,-0.0038147,0.047607
0.017242,-0.0061035,0.046387
0.020142,-0.0054932,0.043945
0.02121,-0.0076294,0.053711
0.020599,-0.0086975,0.05249
0.019836,-0.0086975,0.05249
0.018311,-0.0074768,0.05249
0.018311,-0.0050354,0.053711
0.018921,-0.0021362,0.063477
0.020142,-0.0021362,0.067139
0.020599,-0.002594,0.061035
0.019379,-0.0028992,0.062256
0.017853,-0.0045776,0.058594
0.016327,-0.0016785,0.061035
0.015259,0.00091553,0.058594
0.015411,0.0024414,0.062256
0.016632,0.0021362,0.059814
0.018463,0.0018311,0.062256
0.020142,0,0.065918
0.020752,-0.00091553,0.05127
0.019989,-0.00015259,0.062256
0.019531,0.0016785,0.067139
0.020599,0.0033569,0.074463
0.021362,0.0035095,0.080566
0.023041,0.0016785,0.061035
0.023956,-0.0024414,0.053711
0.022583,-0.0057983,0.041504
0.020142,-0.0068665,0.05127
0.017853,-0.0059509,4.3628
0.015564,-0.0032043,4.884
0.016632,-0.0012207,4.9158
0.019379,-0.00030518,4.9133
0.021057,-0.0018311,4.9158
0.022736,-0.0022888,4.9158
0.023346,-0.0027466,4.9146
0.023804,-0.00091553,4.9036
0.022278,0.0012207,4.9146
0.023193,0.0022888,4.9133
0.02594,-0.0012207,4.9109
0.02533,-0.0018311,4.9133
0.024109,-0.0053406,4.9109
0.023499,-0.0064087,4.9084
0.02182,-0.0056458,4.9109
0.019684,-0.0027466,4.9011
0.018616,0,4.9109
0.020294,0,4.9121
0.02182,0,4.9133
0.023651,-0.0022888,4.9109
0.024261,-0.0035095,4.9084
0.023346,-0.0045776,4.9097
0.022888,-0.0022888,4.9158
0.023041,-0.0013733,4.9207
0.022736,0.0012207,4.9182
0.024872,0.00091553,4.9255
0.024567,-0.0016785,4.9243
0.024567,-0.0036621,4.9292
0.023499,-0.004425,4.9316
0.020447,-0.0030518,4.9329
0.019836,0.00015259,4.9365
0.019989,0.0021362,4.9329
0.021057,0.0030518,4.9377
0.023193,0.00091553,4.9329
0.026093,-0.0016785,4.9207
0.027466,-0.0032043,4.9329
0.027924,-0.0024414,4.9316
0.026703,-0.0013733,4.9304
0.025635,0.0012207,4.9353
0.02533,0.0021362,4.9353
0.024261,0.00091553,4.9377
0.023956,0.00015259,4.9341
0.022888,-0.0010681,4.9377
0.021057,-0.00045776,4.9292
0.019989,0.0016785,4.9341
0.019531,0.0048828,4.928
0.020599,0.0074768,4.928
0.023499,0.0076294,4.9268
0.027008,0.0067139,4.9255
0.029297,0.0048828,4.9219
0.030823,0.0021362,4.9219
0.030975,0.00091553,4.9231
0.028992,0.0021362,4.9194
0.027466,0.0030518,4.9194
0.02533,0.0035095,4.9133
0.025177,0.0032043,4.917
0.024567,0.0028992,4.9133
0.024567,0.0024414,4.9097
0.023956,0.0033569,4.906
0.023499,0.004425,4.9121
0.023193,0.0074768,4.895
0.023041,0.0085449,4.9109
0.023041,0.0083923,4.9109
0.027313,0.0067139,4.9133
0.028229,0.0042725,4.9084
0.028534,0.0021362,4.9109
0.02533,0.0019836,4.9255
0.024109,0.0035095,4.9109
0.02121,0.0054932,4.9207
0.020447,0.004425,4.9146
0.020752,0.0068665,4.9011
0.021057,0.0057983,4.9207
0.021057,0.0038147,4.9231
0.020294,0.0016785,4.9231
0.019379,0.004425,4.9243
0.019073,0.0061035,4.917
0.019531,0.0065613,4.9304
0.021667,0.0067139,4.9329
0.022278,0.0061035,4.9341
0.023193,0.004425,4.928
0.023193,0.0033569,4.9341
0.022583,0.0024414,4.9341
0.020599,0.0048828,4.9304
0.019531,0.007019,4.9414
0.019531,0.0080872,4.9341
0.019379,0.0086975,4.9329
0.020447,0.0065613,4.9146
0.020447,0.0042725,4.9463
0.019989,0.0032043,4.9353
0.019836,0.0030518,4.9353
0.018768,0.0039673,4.9341
0.018616,0.0045776,4.9316
0.018616,0.0038147,4.9341
0.019379,0.00076294,4.9316
0.018768,-0.0018311,4.9255
0.017548,-0.0042725,4.9219
0.015717,-0.0041199,4.917
0.013428,-0.0018311,4.9243
0.011444,-0.00030518,4.9182
0.011749,-0.00015259,4.9243
0.01236,-0.00030518,4.9158
0.014191,-0.0022888,4.9207
0.016327,-0.0038147,4.9255
0.018616,-0.0035095,4.9084
0.019989,-0.0018311,4.9231
0.02182,0.00076294,4.9133
0.023041,0.0022888,4.9011
0.023651,0.0038147,4.9121
0.023956,0.0030518,0.039063
0.024719,0.0021362,0.037842
0.024261,0.002594,0.039063
0.023499,0.0033569,0.037842
0.023193,0.004425,0.040283
0.02182,0.0061035,0.03418
0.021362,0.0047302,0.043945
0.02121,0.0032043,0.040283
0.021973,0.00076294,0.045166
0.022888,-0.0021362,0.046387
0.020599,-0.0019836,0.047607
0.023499,-0.0013733,0.05249
0.022278,-0.00015259,0.050049
0.02121,0.00045776,0.05249
0.020447,0.0015259,0.056152
0.018921,0.0010681,0.059814
0.018616,0.00030518,0.059814
0.018311,0.0054932,0.054932
0.017853,-0.00045776,0.059814
0.017548,0.00045776,0.063477
0.016479,0.0018311,0.061035
0.016937,0.0019836,0.062256
0.018768,0.00076294,0.057373
0.019684,-0.00076294,0.063477
0.020599,-0.0022888,0.058594
0.020599,-0.00076294,0.064697
0.021515,0.0024414,0.067139
0.020599,0.0045776,0.072021
0.018311,0.0048828,0.065918
0.018616,0.0045776,0.067139
0.018311,0.0039673,0.079346
0.019073,0.0019836,0.067139
0.019684,0.00076294,0.062256
0.019684,0.0021362,0.061035
0.020905,0.0036621,0.040283
0.02121,0.0059509,0.05249
0.021667,0.0038147,0.053711
0.021515,0.0015259,0.046387
0.020905,0.00015259,0.047607
0.020599,0.0010681,0.046387
0.019989,-0.00015259,0.046387
0.018616,0.00030518,0.043945
0.016327,0.00091553,0.046387
0.015717,0.0016785,0.040283
0.015259,0.0013733,0.045166
0.015869,0.00091553,0.042725
0.016327,0.00076294,0.042725
0.017242,0.00030518,0.045166
0.019073,0.0015259,0.041504
0.019073,0.0019836,0.03418
0.021362,0.0021362,0.042725
0.018616,0.0024414,0.0354
0.017853,0.00076294,0.0354
0.017853,-0.00015259,0.05127
0.017395,-0.0010681,0.039063
0.0177,-0.00061035,0.042725
0.01709,0.00076294,0.040283
0.01709,0.002594,0.045166
0.018311,0.0016785,0.043945
0.019073,0.0013733,0.047607
0.019684,-0.00076294,0.048828
0.02121,-0.0016785,0.056152
0.024719,-0.0018311,0.05249
0.024567,-0.00045776,0.057373
0.024719,0.00061035,0.05127
0.023193,0.002594,0.061035
0.021973,0.0010681,0.068359
0.02121,0.0012207,0.062256
0.021515,0.0010681,0.070801
0.02121,0.0015259,0.056152
0.020599,0.0018311,0.05249
0.021057,0.0027466,0.062256
0.019836,0.0016785,0.061035
0.019684,0.00091553,0.059814
0.018921,-0.00061035,0.062256
0.019073,-0.0022888,0.064697
0.019226,-0.0010681,0.065918
0.019989,-0.0030518,0.063477
0.018463,-0.0024414,0.065918
0.017853,-0.0021362,0.061035
0.017548,-0.0022888,0.058594
0.01709,-0.0018311,0.061035
0.01709,-0.0012207,0.057373
0.018463,-0.0013733,0.054932
0.019989,-0.0036621,0.05249
0.020447,0.00045776,0.054932
0.022125,0.00076294,0.046387
0.022125,0.00076294,0.056152
0.023499,0.00015259,0.045166
0.025024,0.00030518,0.031738
0.02655,0.0012207,0.040283
0.027313,0.0022888,0.043945
0.028076,0.0042725,0.042725
0.027618,0.005188,0.041504
0.02655,0.0045776,0.037842
0.027313,0.004425,0.043945
0.025177,0.0036621,0.037842
0.023804,0.0028992,0.042725
0.023651,0.0024414,0.039063
0.023346,0.00045776,0.039063
0.021515,0.0010681,0.039063
0.019989,-0.00061035,0.037842
0.018158,-0.00045776,0.056152
0.01709,-0.0032043,0.041504
0.016327,-0.0032043,0.047607
0.015564,-0.0035095,0.043945
0.015411,-0.0035095,0.029297
0.01358,-0.0038147,0.047607
0.01358,-0.0033569,0.05127
0.013733,-0.0036621,0.053711
0.013885,-0.0035095,0.054932
0.015106,-0.002594,0.053711
0.017395,-0.0016785,0.061035
0.019379,-0.00015259,0.059814
0.020599,0.00061035,0.063477
0.02182,0,0.057373
0.02243,-0.0042725,0.064697
0.023651,-0.00091553,3.2019
0.024567,-0.00061035,4.8279
0.025787,-0.00030518,4.9207
0.028534,0,4.9329
0.029144,0,4.9365
0.029144,-0.00015259,4.9341
0.028839,0.00061035,4.9414
0.026245,0.0015259,4.9365
0.024414,0.0016785,4.9219
0.023346,0.0028992,4.9341
0.021973,0.0022888,4.9316
0.022278,0.0016785,4.928
0.021667,0.0015259,4.9304
0.019989,0.00076294,4.9255
0.019073,0,4.9219
0.01709,0.00076294,4.9207
0.017242,0.0010681,4.9133
0.016632,0.0015259,4.9158
0.018158,0.0019836,4.917
0.018463,0.0050354,4.9194
0.017548,0.0018311,4.917
0.01709,0.0010681,4.9182
0.015717,-0.00015259,4.9146
0.016022,-0.00076294,4.9121
0.01709,-0.00045776,4.9109
0.019531,-0.00030518,4.8999
0.021362,0.00076294,4.9109
0.022278,0.0013733,4.9011
0.02121,0.0010681,4.9097
0.021515,0.00030518,4.9097
0.02121,-0.00030518,4.9072
0.020142,-0.00030518,4.9072
0.020142,-0.00045776,4.9072
0.019684,-0.00061035,4.9133
0.018158,-0.00030518,4.9109
0.016937,-0.00076294,4.9146
0.015564,-0.0028992,4.9146
0.01236,-0.0035095,4.9182
0.014954,-0.002594,4.9146
0.014191,-0.0012207,4.9243
0.014648,0.00061035,4.9268
0.016479,0.0013733,4.9255
0.014801,0.00061035,4.9365
0.013428,-0.0012207,4.9316
0.012054,-0.0024414,4.9146
0.012054,0,4.928
0.012512,-0.0012207,4.928
0.013885,0.00061035,4.9304
0.015564,0.002594,4.9304
0.016174,0.0012207,4.9292
0.017548,0,4.9353
0.0177,-0.00076294,4.9329
0.019531,-0.00091553,4.9353
0.021362,-0.00030518,4.9304
0.022583,0.00045776,4.939
0.023804,0.00076294,4.9353
0.023956,-0.00030518,4.9353
0.023346,-0.00061035,4.9463
0.023956,-0.0010681,4.9341
0.023193,-0.00091553,4.9304
0.023804,0.00030518,4.9304
0.024261,0.0021362,4.9182
0.024109,0.0030518,4.9219
0.024109,0.0036621,4.9219
0.024109,0.0024414,4.9194
0.023193,0.00030518,4.9207
0.022125,-0.0010681,4.9194
0.022125,-0.0019836,4.9158
0.02243,-0.0022888,4.9158
0.02243,-0.00045776,4.9146
0.022888,-0.0019836,4.9097
0.021667,-0.0018311,4.9133
0.020599,-0.0024414,4.9109
0.019531,-0.0015259,4.9146
0.018921,-0.0010681,4.906
0.018921,0,4.9158
0.018768,0,4.9182
0.019226,-0.00045776,4.9121
0.018463,-0.0013733,4.9194
0.020752,-0.0030518,4.9072
0.021973,-0.0038147,4.8999
0.021973,-0.0036621,4.9109
0.023499,-0.004425,4.9109
0.023956,-0.0016785,4.9109
0.02533,-0.0013733,4.9158
0.026398,-0.0054932,4.9146
0.026093,-0.0013733,4.9194
0.027008,-0.0010681,4.9182
0.027618,-0.0010681,4.928
0.027618,-0.00030518,4.9231
0.029602,-0.00015259,4.9304
0.029144,-0.00030518,4.9316
0.026093,-0.0012207,4.9329
0.026703,-0.002594,4.9402
0.02594,-0.004425,4.9353
0.024872,-0.004425,4.9353
0.024261,-0.002594,4.9304
0.021515,-0.0024414,4.9304
0.022125,-0.0012207,4.9329
0.021667,-0.0010681,4.9304
0.020752,-0.0012207,4.928
0.020752,-0.0027466,4.9353
0.020905,-0.0028992,4.9353
0.020752,-0.0032043,4.9255
0.021973,-0.0013733,4.9329
0.02182,0.00076294,4.9377
0.021667,0.00045776,4.928
0.018768,0.00061035,4.9365
0.020905,-0.00015259,0.056152
0.019531,-0.0012207,0.058594
0.019531,-0.0013733,0.05127
0.018921,-0.0010681,0.045166
0.022278,-0.00061035,0.058594
0.024109,-0.00061035,0.047607
0.024872,-0.00030518,0.059814
0.025024,-0.00030518,0.046387
0.027618,-0.00030518,0.0354
0.027924,-0.00030518,0.042725
0.027924,0.00030518,0.040283
0.028534,0.0013733,0.042725
0.029449,0.0019836,0.040283
0.028381,0.0028992,0.037842
0.025787,0.0018311,0.043945
0.02594,0.0038147,0.039063
0.024567,0.0032043,0.040283
0.023956,0.0045776,0.041504
0.023193,0.0048828,0.041504
0.024414,0.005188,0.040283
0.024872,0.0056458,0.041504
0.024567,0.0054932,0.056152
0.024109,0.0048828,0.041504
0.024109,0.0035095,0.046387
0.022278,0.0038147,0.045166
0.021057,0.0045776,0.03418
0.019379,0.0045776,0.046387
0.018616,0.004425,0.05127
0.018005,0.0041199,0.050049
0.017242,0.0041199,0.042725
0.0177,0.0028992,0.053711
0.018463,0.0024414,0.061035
0.018921,0.002594,0.059814
0.020447,0.0021362,0.063477
0.020447,0.0022888,0.054932
0.021362,0.0030518,0.065918
0.021515,0.0019836,0.061035
0.021515,0.0030518,0.063477
0.02121,0.0030518,0.064697
0.019226,0.0019836,0.064697
0.018158,0.00015259,0.067139
0.01709,-0.00061035,0.062256
0.017242,-0.0022888,0.080566
0.0177,-0.0032043,0.063477
0.019379,-0.0038147,0.057373
0.019226,-0.0028992,0.067139
0.019684,-0.0028992,0.058594
0.019989,-0.0024414,0.056152
0.018463,-0.0016785,0.058594
0.021057,-0.0018311,0.054932
0.022278,-0.0010681,0.053711
0.024719,-0.0019836,0.050049
0.022888,0.00015259,0.05249
0.023499,0.0010681,0.046387
0.024872,0.0012207,0.050049
0.02533,0.0027466,0.047607
0.02533,0.0016785,0.047607
0.02533,0.002594,0.05127
0.024719,0.0039673,0.045166
0.024719,0.0053406,0.041504
0.025482,0.0062561,0.040283
0.025482,0.0065613,0.030518
0.025024,0.0061035,0.041504
0.025177,0.0059509,0.032959
0.023651,0.0039673,0.0354
0.023499,0.0050354,0.040283
0.024567,0.0053406,0.037842
0.023804,0.0056458,0.041504
0.023041,0.0062561,0.041504
0.02243,0.0065613,0.040283
0.020447,0.0065613,0.040283
0.020447,0.0065613,0.045166
0.020752,0.0062561,0.043945
0.019989,0.0068665,0.048828
0.019989,0.004425,0.039063
0.020447,0.0030518,0.05127
0.020447,0.0022888,0.058594
0.020752,0.0012207,0.054932
0.019836,0.0022888,0.065918
0.019989,0.0015259,0.061035
0.020294,0.0018311,0.041504
0.021515,0.0015259,0.054932
0.020752,0.0021362,0.063477
0.021515,0.0019836,0.059814
0.020752,0.0027466,0.063477
0.018463,0.0027466,0.05127
0.018311,0.0015259,0.062256
0.017853,0.0021362,0.059814
0.018311,0.0036621,0.065918
0.018921,0.0038147,0.063477
0.019684,0.0047302,0.067139
0.019836,0.0061035,0.063477
0.019531,0.0068665,0.068359
0.018616,0.0064087,0.075684
0.017548,0.0064087,0.063477
0.017853,0.0067139,0.063477
0.018768,0.0073242,0.061035
0.019226,0.0079346,0.056152
0.018921,0.0085449,0.05249
0.018005,0.0082397,0.05127
0.016785,0.0064087,0.048828
0.016022,0.005188,0.045166
0.015869,0.0045776,0.046387
0.016174,0.004425,0.047607
0.016937,0.0045776,0.042725
0.01709,0.0048828,0.045166
0.017548,0.0062561,0.041504
0.016937,0.0059509,0.041504
0.015869,0.0053406,0.041504
0.016174,0.0050354,0.042725
0.016632,0.0047302,0.040283
0.017395,0.004425,0.041504
0.018616,0.004425,0.047607
0.018158,0.0041199,0.041504
0.0177,0.0038147,0.05249
0.017242,0.0032043,0.039063
0.016174,0.0032043,0.030518
0.016022,0.0032043,0.040283
0.01709,0.0032043,4.1882
0.018005,0.0030518,4.8633
0.018768,0.002594,4.9084
0.018921,0.0024414,4.9048
0.0177,0.0012207,4.9158
0.017242,0.0013733,4.9194
0.016022,0.0010681,4.9268
0.016022,0.0013733,4.9219
0.016479,0.00076294,4.928
0.0177,0.0010681,4.928
0.018463,0.00091553,4.9329
0.018921,0.0015259,4.9353
0.018921,0.00030518,4.9353
0.019073,0.00045776,4.9304
0.018921,-0.00015259,4.9353
0.020142,-0.00030518,4.9353
0.019836,-0.00015259,4.9316
0.020142,-0.00061035,4.9292
0.019989,-0.00045776,4.9304
0.019531,-0.0010681,4.9341
0.018158,-0.00030518,4.9365
0.018158,0.00015259,4.9353
0.018311,0.0013733,4.9353
0.019531,0.0018311,4.9365
0.02121,0.0027466,4.9316
0.023346,0.0022888,4.9304
0.023804,0.0019836,4.9268
0.02533,0.0016785,4.928
0.025635,0.0018311,4.9207
0.025787,0.0019836,4.9243
0.02655,0.0027466,4.9268
0.026703,0.0038147,4.9219
0.026703,0.0035095,4.9207
0.026398,0.0030518,4.9207
0.024567,0.0013733,4.8962
0.022888,0.00030518,4.9133
0.02121,-0.00061035,4.9109
0.018921,-0.00061035,4.9146
0.018463,-0.00030518,4.9097
0.018921,-0.00045776,4.906
0.019379,-0.0016785,4.9109
0.020599,-0.0038147,4.9097
0.018005,-0.0047302,4.9097
0.01709,-0.0057983,4.9072
0.016937,-0.0076294,4.9146
0.015717,-0.0054932,4.9109
0.014648,-0.0053406,4.9182
0.014648,-0.0039673,4.9084
0.012054,-0.0045776,4.9133
0.014648,-0.0047302,4.9109
0.015564,-0.0053406,4.9133
0.017548,-0.0053406,4.9207
0.019379,-0.004425,4.9207
0.02182,-0.0027466,4.9207
0.023651,-0.00061035,4.9231
0.026093,-0.00015259,4.9255
0.025635,-0.0016785,4.9255
0.028687,-0.0027466,4.9292
0.028381,-0.0042725,4.928
0.027924,-0.004425,4.9341
0.027618,-0.0032043,4.9292
0.027313,-0.0015259,4.9341
0.027771,0.00030518,4.9292
0.028534,-0.0021362,4.9341
0.02594,-0.00030518,4.9304
0.025787,-0.0012207,4.9341
0.025787,-0.00091553,4.9426
0.026855,0.00076294,4.9353
0.026398,0.0028992,4.9463
0.024414,0.0053406,4.9377
0.022888,0.0054932,4.9243
0.020142,0.0048828,4.9341
0.018768,0.0027466,4.9304
0.018463,-0.00030518,4.928
0.018311,-0.00045776,4.928
0.018463,-0.0010681,4.9255
0.017853,-0.00045776,4.9231
0.0177,0,4.9194
0.01709,-0.0021362,4.9219
0.017548,-0.0016785,4.906
0.016479,-0.0024414,4.9182
0.020752,-0.0019836,4.9194
0.019073,-0.0012207,4.9207
0.019073,-0.00061035,4.9121
0.019989,0.00015259,4.917
0.018005,-0.00015259,4.9121
0.017853,-0.0021362,4.9121
0.016785,-0.0027466,4.9121
0.017548,-0.0042725,4.9097
0.018005,-0.0047302,4.9146
0.018921,-0.0041199,4.9109
0.018921,-0.0041199,4.9084
0.018463,-0.0039673,4.9097
0.018158,-0.0039673,4.9072
0.017548,-0.0033569,4.9084
0.017853,-0.0027466,4.9121
0.018005,-0.0019836,4.9097
0.018005,-0.002594,4.9158
0.018158,-0.0024414,4.9121
0.018005,-0.0024414,4.9133
0.018463,-0.0039673,4.9207
0.018616,-0.002594,4.9243
0.0177,-0.0018311,4.9365
0.017853,-0.00030518,4.9243
0.018158,-0.00061035,4.9329
0.017853,-0.00061035,4.9304
0.018005,-0.00091553,4.9158
0.017548,-0.0050354,4.9292
0.016327,-0.0016785,0.061035
0.016174,-0.0024414,0.061035
0.015564,-0.0035095,0.056152
0.016479,-0.0024414,0.057373
0.017395,-0.0041199,0.063477
0.019531,-0.0036621,0.062256
0.020905,-0.0035095,0.064697
0.02182,-0.0030518,0.062256
0.02243,-0.0028992,0.067139
0.023041,-0.002594,0.064697
0.02182,-0.0024414,0.065918
0.025482,-0.0015259,0.072021
0.025787,-0.00091553,0.061035
0.026703,-0.00076294,0.056152
0.026398,-0.0013733,0.056152
0.025024,-0.00061035,0.062256
0.026245,-0.00076294,0.05127
0.027161,0.0013733,0.045166
0.031738,0.00045776,0.048828
0.030518,0.0013733,0.050049
0.030975,0.002594,0.043945
0.03067,0.0038147,0.047607
0.029755,0.0036621,0.043945
0.027313,0.0016785,0.042725
0.025482,-0.00045776,0.041504
0.023804,-0.0019836,0.041504
0.022278,-0.0028992,0.039063
0.021667,-0.0030518,0.042725
0.021057,-0.0019836,0.040283
0.020142,-0.00076294,0.039063
0.020905,0.00045776,0.05249
0.020142,0.0013733,0.042725
0.020599,0.0010681,0.053711
0.02182,0.0013733,0.037842
0.023651,0.0019836,0.031738
0.025024,0.0024414,0.040283
0.024872,0.0038147,0.042725
0.024567,0.0038147,0.042725
0.024414,0.0019836,0.046387
0.023956,0.00030518,0.050049
0.023499,-0.0016785,0.050049
0.023651,-0.00061035,0.05249
0.023499,0.00030518,0.057373
0.024261,0.0015259,0.054932
0.023651,0.0019836,0.063477
0.023956,0.0024414,0.058594
0.022736,0.00076294,0.063477
0.023499,0.00015259,0.065918
0.023651,0.00045776,0.063477
0.024567,0.00091553,0.061035
0.024719,0.0013733,0.059814
0.025177,0.0015259,0.06958
0.02594,0.0016785,0.063477
0.023346,0.0013733,0.059814
0.023346,0.00030518,0.062256
0.022125,0.00030518,0.068359
0.022736,0.0013733,0.063477
0.023499,0.0024414,0.065918
0.023041,0.0032043,0.059814
0.023651,0.0027466,0.065918
0.023804,0.0030518,0.074463
0.02533,0.0018311,0.059814
0.027008,0.0022888,0.057373
0.029755,0.0027466,0.056152
0.030365,0.0045776,0.05127
0.03067,0.0057983,0.05249
0.030975,0.0062561,0.063477
0.029907,0.0071716,0.046387
0.029449,0.0067139,0.05249
0.028381,0.005188,0.045166
0.027924,0.0053406,0.029297
0.027924,0.0053406,0.039063
0.027313,0.0064087,0.043945
0.026703,0.007782,0.039063
0.026245,0.0082397,0.040283
0.026398,0.0079346,0.036621
0.026855,0.0080872,0.041504
0.027313,0.007782,0.03418
0.029907,0.0068665,0.037842
0.028534,0.0076294,0.037842
0.026398,0.0079346,0.042725
0.029144,0.0079346,0.039063
0.02594,0.0083923,0.042725
0.02533,0.007782,0.041504
0.027771,0.0067139,0.042725
0.024261,0.0059509,0.043945
0.023651,0.0079346,0.043945
0.022736,0.005188,0.053711
0.02182,0.0057983,0.050049
0.02121,0.0064087,0.046387
0.020142,0.0065613,0.056152
0.020142,0.0061035,0.058594
0.018921,0.0053406,0.056152
0.019379,0.0039673,0.058594
0.019073,0.0033569,0.059814
0.018463,0.0030518,0.062256
0.018311,0.0022888,0.061035
0.017548,0.0015259,0.064697
0.016937,-0.00015259,0.058594
0.016022,-0.0016785,0.061035
0.015106,-0.0018311,0.063477
0.014343,-0.0019836,0.064697
0.014648,-0.0018311,0.073242
0.015564,-0.0012207,0.06958
0.016327,-0.00030518,0.06958
0.017548,-0.00091553,0.065918
0.019989,-0.0013733,0.056152
0.02182,-0.0016785,0.065918
0.023193,-0.0012207,0.059814
0.024414,0.0010681,0.053711
0.025024,0.0033569,0.053711
0.026093,0.0041199,0.053711
0.026398,0.0041199,0.050049
0.02594,0.002594,0.048828
0.026093,-0.0010681,0.05127
0.025635,0.00061035,0.043945
0.02594,0.00091553,0.047607
0.025635,0.0022888,0.050049
0.022125,0.0028992,0.47729
0.026398,0.0022888,4.6545
0.025482,-0.00030518,4.8926
0.026093,-0.00061035,4.9158
0.025787,0.0010681,4.9109
0.025177,0.00030518,4.9158
0.024261,0.0024414,4.9097
0.022888,0.0035095,4.9023
0.022125,0.0033569,4.9084
0.021057,0.0033569,4.9109
0.021057,0.0012207,4.9097
0.020905,-0.00015259,4.9097
0.02182,-0.00076294,4.9048
0.02121,-0.0010681,4.9097
0.021667,0.0015259,4.9109
0.02243,0.0013733,4.9158
0.021973,0.0016785,4.9121
0.021515,0.0010681,4.9023
0.021515,-0.00030518,4.9194
0.019073,0.00076294,4.9243
0.020599,0.00015259,4.9377
0.019836,0.0013733,4.928
0.019531,-0.00061035,4.9255
0.018463,0.00076294,4.939
0.018768,-0.00015259,4.9304
0.018158,-0.0016785,4.9304
0.017853,-0.0030518,4.9109
0.018616,-0.0033569,4.9316
0.018616,-0.0033569,4.928
0.018158,-0.0018311,4.928
0.017548,-0.0015259,4.9353
0.0177,-0.0013733,4.9316
0.01709,-0.00091553,4.9353
0.017548,-0.0024414,4.9304
0.018158,-0.0024414,4.9353
0.017548,-0.0015259,4.9341
0.0177,0.00091553,4.9341
0.014343,0.0028992,4.9329
0.018768,0.0036621,4.9329
0.018311,0.002594,4.9402
0.018616,0.00076294,4.9304
0.018463,-0.00015259,4.9329
0.018768,-0.0012207,4.9207
0.018158,0.00015259,4.9121
0.016174,0.0012207,4.9255
0.017548,-0.00015259,4.917
0.016022,-0.00091553,4.9158
0.016174,-0.0021362,4.9158
0.015564,-0.0032043,4.9133
0.016327,-0.0027466,4.9121
0.01709,-0.00045776,4.9084
0.017548,0.0041199,4.9109
0.018311,0.0019836,4.906
0.017395,0.0013733,4.9146
0.016937,-0.00015259,4.9133
0.016785,-0.0012207,4.9133
0.019073,-0.0028992,4.9109
0.017853,-0.0032043,4.9097
0.018921,-0.0018311,4.9048
0.019226,-0.0018311,4.9072
0.020599,-0.0012207,4.906
0.020599,-0.0012207,4.9121
0.021057,-0.0018311,4.9023
0.020447,-0.0030518,4.9133
0.022736,-0.00015259,4.9133
0.024261,0.0019836,4.9109
0.024414,0.0028992,4.9231
0.026093,0.0027466,4.9231
0.025482,0.00030518,4.928
0.024261,-0.0019836,4.9255
0.022278,-0.0032043,4.9292
0.021362,-0.004425,4.9292
0.020599,-0.004425,4.9341
0.019989,-0.0024414,4.9316
0.014801,-0.00030518,4.9316
0.018616,-0.00030518,4.939
0.017853,0,4.9329
0.018311,-0.00015259,4.9377
0.017548,0.00015259,4.9341
0.020142,0.0016785,4.9121
0.022125,0.0028992,4.9304
0.024109,0.002594,4.9377
0.025482,0.0024414,4.9353
0.024872,0.0012207,4.9377
0.023804,0.00030518,4.9329
0.02243,0.00030518,4.9353
0.022278,0.0012207,4.9316
0.022125,0.0032043,4.9268
0.021057,0.0054932,4.9231
0.021057,0.0064087,4.9268
0.020599,0.0062561,4.9231
0.020294,0.0050354,4.9268
0.020447,0.0027466,4.9304
0.020599,0.0022888,4.9207
0.021057,0.0018311,4.9158
0.020752,0.0010681,4.9158
0.021515,0.0018311,4.9023
0.016632,0.00061035,4.9133
0.013885,0.00030518,4.9072
0.010986,-0.00091553,4.9097
0.007019,-0.0022888,4.9121
0.0091553,-0.00076294,4.906
0.0091553,0.00061035,4.9121
0.009613,0.0018311,4.9109
0.010376,0.0036621,4.9109
0.011902,0.0013733,4.906
0.013885,-0.00015259,4.9146
0.016327,-0.00091553,4.9097
0.018463,-0.00030518,4.9194
0.020752,0.0022888,0.043945
0.021057,0.0041199,0.043945
0.022888,0.0056458,0.05249
0.021362,0.0056458,0.047607
0.020752,0.0038147,0.062256
0.020599,0.0019836,0.05127
0.022736,0.00091553,0.042725
0.021973,0.0015259,0.056152
0.023041,0.0028992,0.058594
0.023499,0.0061035,0.056152
0.024109,0.0045776,0.059814
0.023499,0.0039673,0.061035
0.024109,0.0030518,0.063477
0.024414,0.0045776,0.062256
0.024109,0.0047302,0.064697
0.023651,0.0067139,0.056152
0.022888,0.0083923,0.061035
0.02182,0.0088501,0.063477
0.020142,0.0076294,0.067139
0.019531,0.0054932,0.073242
0.018921,0.0041199,0.057373
0.018768,0.002594,0.064697
0.019226,0.0035095,0.065918
0.019836,0.0042725,0.064697
0.019684,0.0056458,0.062256
0.019073,0.0053406,0.059814
0.017853,0.004425,0.056152
0.016785,0.0022888,0.057373
0.016632,0,0.05249
0.015564,-0.00091553,0.053711
0.015259,-0.00076294,0.046387
0.014496,0.00061035,0.05249
0.014191,0.0010681,0.043945
0.013733,0.00030518,0.046387
0.01358,-0.0010681,0.046387
0.015259,-0.0015259,0.047607
0.015869,-0.0016785,0.042725
0.018158,0.00045776,0.045166
0.018921,0.0030518,0.054932
0.020447,0.005188,0.037842
0.018921,0.0068665,0.05249
0.019531,0.0061035,0.041504
0.020599,0.004425,0.028076
0.022888,0.0032043,0.036621
0.02182,0.0032043,0.039063
0.022736,0.0047302,0.039063
0.022583,0.005188,0.039063
0.021973,0.0071716,0.0354
0.02121,0.0062561,0.040283
0.020142,0.004425,0.043945
0.020142,0.0021362,0.045166
0.019531,0.0013733,0.046387
0.019379,0.0016785,0.05127
0.018463,0.0024414,0.050049
0.016174,0.0032043,0.057373
0.014496,0.0022888,0.068359
0.013428,0,0.056152
0.013885,-0.0016785,0.056152
0.015564,-0.0030518,0.062256
0.017548,-0.0027466,0.061035
0.018616,-0.0018311,0.061035
0.018616,-0.00045776,0.064697
0.018311,0.00015259,0.059814
0.018311,-0.0012207,0.057373
0.018158,-0.0018311,0.056152
0.019989,-0.002594,0.063477
0.02182,-0.0033569,0.061035
0.023956,-0.0035095,0.064697
0.024719,-0.0010681,0.061035
0.024719,0.0010681,0.070801
0.02533,0.0021362,0.065918
0.025787,0.0021362,0.065918
0.026398,0.00091553,0.061035
0.029144,0.00015259,0.062256
0.031128,0.0010681,0.068359
0.031281,0.0019836,0.053711
0.030823,0.002594,0.063477
0.028229,0.0028992,0.05249
0.026245,0.0010681,0.039063
0.023956,-0.0012207,0.042725
0.025177,-0.0036621,0.046387
0.024414,-0.0062561,0.045166
0.024261,-0.0061035,0.046387
0.023499,-0.0041199,0.039063
0.021057,-0.0035095,0.040283
0.02182,-0.0019836,0.039063
0.020752,-0.0016785,0.041504
0.022125,-0.0022888,0.037842
0.025482,-0.0027466,0.041504
0.027161,-0.002594,0.045166
0.028229,-0.0016785,0.042725
0.026245,0,0.039063
0.025177,0.00061035,0.041504
0.024872,0.0010681,0.039063
0.024109,-0.00015259,0.037842
0.023804,-0.0015259,0.039063
0.02655,-0.0018311,0.039063
0.027161,-0.0016785,0.046387
0.028839,-0.00045776,0.041504
0.025177,-0.00076294,0.046387
0.025024,-0.0010681,0.047607
0.02533,-0.0010681,0.05249
0.028381,-0.002594,0.05127
0.028076,-0.0048828,0.056152
0.028992,-0.004425,0.053711
0.027771,-0.0062561,0.059814
0.024567,-0.0030518,0.059814
0.022736,-0.0024414,0.063477
0.020447,-0.0016785,0.058594
0.020142,-0.0016785,0.062256
0.020905,-0.0019836,0.072021
0.022125,-0.0027466,0.061035
0.022278,-0.0024414,0.059814
0.022125,-0.0030518,0.062256
0.02121,-0.0021362,0.045166
0.02182,-0.0016785,0.062256
0.023651,-0.0016785,0.063477
0.025482,-0.0028992,0.059814
0.027771,-0.0016785,4.5081
0.028076,-0.00076294,4.8987
0.027313,-0.00045776,4.9268
0.025177,0.0021362,4.9255
0.024872,0.0036621,4.9304
0.025482,0.004425,4.9231
0.027161,0.0048828,4.9268
0.029297,0.0045776,4.9231
0.031586,0.0039673,4.9243
0.032501,0.0028992,4.9182
0.032806,0.0032043,4.917
0.030975,0.0024414,4.9207
0.030823,0.002594,4.9158
0.031281,0.0027466,4.9207
0.032806,0.0018311,4.9097
0.033112,0.0027466,4.9182
0.033875,0.0032043,4.9109
0.030975,0.0038147,4.9133
0.029602,0.004425,4.9072
0.028381,0.005188,4.9109
0.027771,0.0053406,4.9048
0.033569,0.0061035,4.9121
0.031891,0.007019,4.9048
0.034027,0.0067139,4.9109
0.033569,0.007019,4.9097
0.029297,0.007019,4.9121
0.027008,0.0059509,4.9133
0.024414,0.0062561,4.9146
0.023499,0.0059509,4.9268
0.023956,0.0050354,4.9182
0.024567,0.004425,4.9255
0.025482,0.0035095,4.9219
0.023193,0.0039673,4.9194
0.021515,0.0021362,4.9255
0.020599,0.0024414,4.9268
0.021057,0.0022888,4.9255
0.023041,0.0024414,4.9304
0.02655,0.002594,4.9304
0.027924,0.0021362,4.9316
0.025482,0.0028992,4.9292
0.025635,0.0035095,4.9341
0.023651,0.0036621,4.9243
0.022736,0.0047302,4.9341
0.024261,0.0045776,4.9329
0.024567,0.005188,4.9353
0.028534,0.0050354,4.9353
0.028534,0.0053406,4.9377
0.028534,0.0035095,4.9426
0.027008,0.0039673,4.9377
0.025177,0.0038147,4.9426
0.025024,0.0035095,4.9341
0.026703,0.0056458,4.928
0.027466,0.0021362,4.9243
0.027161,0.00076294,4.9243
0.025787,0.00030518,4.9243
0.024109,0,4.9219
0.02243,0.00015259,4.917
0.022278,0.00091553,4.9194
0.02533,0.0013733,4.9158
0.025177,0.00091553,4.9158
0.026093,0.00061035,4.9121
0.026245,0.00076294,4.9207
0.023346,0.00061035,4.906
0.021973,0.00061035,4.9182
0.02243,0.0019836,4.9231
0.023193,0.0024414,4.9109
0.025635,0.0015259,4.9109
0.028534,0.00076294,4.9048
0.029755,-0.00030518,4.8901
0.029755,0.00076294,4.9084
0.028687,0,4.9109
0.027008,0.0015259,4.9109
0.02655,0.0032043,4.9097
0.027924,0.0039673,4.9084
0.028687,0.0035095,4.9146
0.029602,0.0028992,4.9109
0.028229,0.0024414,4.9158
0.02594,0.0027466,4.9146
0.023346,0.0032043,4.9133
0.022125,0.0038147,4.9219
0.022125,0.0038147,4.928
0.023193,0.0022888,4.9292
0.025482,0.00091553,4.928
0.023804,-0.00045776,4.9304
0.02121,0,4.9341
0.0177,0.0018311,4.9426
0.015869,0.0038147,4.9316
0.015259,0.0057983,4.9207
0.017242,0.0054932,4.9316
0.018921,0.0038147,4.9292
0.019684,0.0015259,4.9268
0.018616,-0.00030518,4.9329
0.01709,-0.00015259,4.9329
0.015717,0.00030518,4.9365
0.015259,0.0022888,4.9304
0.016022,0.0027466,4.9341
0.013885,0.002594,4.9353
0.016785,0.0015259,4.9365
0.014343,0.0010681,4.9304
0.011292,0.00030518,4.9353
0.0097656,0.0019836,4.939
0.009613,0.0032043,4.9292
0.011292,0.0039673,4.9268
0.014496,0.0035095,4.9219
0.018005,0.0019836,4.9084
0.019226,0.00076294,4.9182
0.019073,0.00030518,4.9158
0.017548,0.0013733,4.9158
0.0177,0.002594,4.9158
0.016937,0.0041199,0.043945
0.0177,0.0035095,0.045166
0.017853,0.0021362,0.040283
0.018158,0,0.041504
0.016327,-0.0013733,0.03418
0.013733,-0.0016785,0.040283
0.012817,-0.00015259,0.043945
0.013275,0.0010681,0.042725
0.015869,0.0015259,0.039063
0.016937,0.0013733,0.041504
0.020447,0,0.040283
0.021515,-0.00061035,0.043945
0.020599,0,0.045166
0.019684,0.0019836,0.042725
0.017853,0.0041199,0.039063
0.016022,0.0048828,0.042725
0.01709,0.0036621,0.042725
0.018005,0.0010681,0.047607
0.017853,-0.0016785,0.048828
0.016174,-0.0021362,0.048828
0.014801,-0.0021362,0.057373
0.014648,0.00091553,0.058594
0.016022,0.0036621,0.058594
0.019531,0.0032043,0.057373
0.022888,0.0041199,0.065918
0.025482,0.0021362,0.058594
0.026398,0.0012207,0.064697
0.025635,0.0016785,0.076904
0.023346,0.0032043,0.058594
0.021057,0.0045776,0.063477
0.019989,0.0050354,0.061035
0.020752,0.0038147,0.048828
0.021057,0.0012207,0.061035
0.020294,-0.00061035,0.067139
0.019684,-0.0010681,0.064697
0.018768,-0.00045776,0.065918
0.017548,0.0015259,0.058594
0.0177,0.0032043,0.062256
0.018921,0.0032043,0.056152
0.020142,0.0019836,0.047607
0.02121,-0.0016785,0.05127
0.020294,-0.0028992,0.054932
0.017548,-0.00015259,0.05249
0.014648,-0.0013733,0.05249
0.01358,0.00061035,0.050049
0.015411,0.0021362,0.05127
0.015106,0.0016785,0.050049
0.016022,0.00045776,0.046387
0.01709,-0.0013733,0.048828
0.016479,-0.0013733,0.041504
0.016632,-0.00045776,0.029297
0.0177,0.0019836,0.040283
0.019379,0.0035095,0.037842
0.020447,0.0036621,0.037842
0.025024,0.00091553,0.040283
0.026703,-0.0021362,0.040283
0.026855,-0.0041199,0.042725
0.025482,-0.0032043,0.037842
0.024567,-0.00045776,0.040283
0.024261,0.00076294,0.039063
0.025024,0.00030518,0.041504
0.025787,0.0012207,0.041504
0.025024,-0.00045776,0.046387
0.023956,-0.0019836,0.053711
0.022278,-0.0021362,0.048828
0.020294,-0.00045776,0.058594
0.019531,0.0016785,0.05249
0.021057,0.0024414,0.048828
0.023804,0.0013733,0.057373
0.02533,-0.0010681,0.057373
0.02594,-0.0036621,0.057373
0.024719,-0.0073242,0.061035
0.023651,-0.0032043,0.057373
0.02243,-0.00045776,0.061035
0.022736,0.0019836,0.059814
0.023346,0.0027466,0.075684
0.024719,0.0030518,0.059814
0.025482,0.0010681,0.064697
0.023956,0.00045776,0.065918
0.022888,0.00030518,0.067139
0.020599,0.0028992,0.065918
0.019531,0.0041199,0.068359
0.021973,0.0036621,0.068359
0.020905,0.0016785,0.064697
0.020905,-0.0013733,0.073242
0.020294,-0.0038147,0.059814
0.018311,-0.0038147,0.047607
0.016479,-0.0024414,0.054932
0.015564,0.00015259,0.054932
0.016022,0.0018311,0.05127
0.016174,0.0027466,0.05127
0.018921,0.00045776,0.045166
0.019531,-0.0013733,0.0354
0.017395,-0.002594,0.043945
0.014191,-0.0013733,0.045166
0.015106,0.0019836,0.045166
0.016022,0.0030518,0.045166
0.018005,0.0054932,0.040283
0.018463,0.0016785,0.042725
0.019836,-0.0010681,0.047607
0.019379,-0.0022888,0.041504
0.016022,-0.0012207,0.039063
0.015869,-0.00076294,0.040283
0.015411,0.00076294,0.021973
0.015869,0.0024414,0.040283
0.016174,-0.00061035,0.039063
0.016632,-0.0035095,0.037842
0.016174,-0.005188,0.039063
0.015717,-0.0062561,0.0354
0.014496,-0.0035095,0.045166
0.013885,-0.00076294,0.040283
0.015411,0.002594,0.047607
0.018768,0.002594,0.045166
0.021362,0.0024414,0.05127
0.023956,0.00015259,0.048828
0.023804,-0.0010681,0.057373
0.023346,-0.0010681,0.062256
0.021515,0.0016785,4.6143
0.02182,0.0038147,4.8889
0.023804,0.0057983,4.9292
0.025482,0.004425,4.9426
0.026855,0.0019836,4.9292
0.027008,0,4.9207
0.026703,0.0015259,4.9329
0.02655,0.0018311,4.939
0.026245,0.004425,4.9292
0.027771,0.004425,4.9329
0.030365,0.0035095,4.9341
0.029602,0.00045776,4.9353
0.027924,-0.0027466,4.9377
0.025177,-0.0047302,4.939
0.020599,-0.0041199,4.9304
0.019379,-0.0021362,4.9329
0.019073,-0.00091553,4.9304
0.018768,-0.0010681,4.9304
0.02121,-0.0010681,4.9304
0.022125,-0.0024414,4.9255
0.023193,-0.0027466,4.9255
0.024109,-0.0012207,4.9219
0.024872,-0.00045776,4.9182
0.026398,0.0015259,4.9158
0.028992,0.0022888,4.9146
0.029755,0.0019836,4.9146
0.030365,0.00061035,4.917
0.03006,-0.00030518,4.9146
0.028534,0.00076294,4.9109
0.027008,0.0018311,4.906
0.02655,0.0042725,4.9109
0.027466,0.0068665,4.9084
0.028839,0.0071716,4.9109
0.030975,0.0061035,4.9121
0.032654,0.0038147,4.9158
0.032806,0.0018311,4.9097
0.030212,0.00091553,4.9121
0.029755,0.00045776,4.9219
0.028687,0.00076294,4.9097
0.027771,-0.0030518,4.9255
0.027618,-0.0015259,4.9158
0.026093,-0.0030518,4.8987
0.024872,-0.0048828,4.9121
0.022888,-0.0065613,4.9146
0.020142,-0.0036621,4.9231
0.018768,-0.00091553,4.9219
0.018616,0.0015259,4.9207
0.019836,0.0024414,4.9292
0.022125,0.0027466,4.9292
0.024414,0.0019836,4.9316
0.024872,0.00045776,4.9243
0.02594,0.00091553,4.9341
0.025482,0.0027466,4.9353
0.026245,0.0056458,4.9341
0.027771,0.0073242,4.9402
0.030365,0.0073242,4.9316
0.031128,0.0064087,4.9304
0.031281,0.004425,4.9341
0.03067,0.0035095,4.9438
0.029602,0.0041199,4.9377
0.028534,0.0050354,4.9097
0.028687,0.0057983,4.9316
0.029297,0.0056458,4.9341
0.030823,0.0047302,4.9292
0.031281,0.002594,4.9329
0.031128,0.00091553,4.9268
0.029907,0.0022888,4.9255
0.028992,0.0041199,4.9231
0.026703,0.0067139,4.9243
0.025787,0.007782,4.9219
0.026093,0.0067139,4.9194
0.02533,0.0047302,4.9207
0.024567,0.0032043,4.9231
0.023804,0.0036621,4.9255
0.023041,0.0050354,4.917
0.021667,0.0073242,4.9231
0.020905,0.0074768,4.9109
0.02121,0.0068665,4.9023
0.021362,0.0045776,4.9133
0.021515,0.0027466,4.9109
0.021667,0.0016785,4.9109
0.020905,0.0038147,4.9109
0.020599,0.0061035,4.9084
0.019531,0.0082397,4.9097
0.019379,0.0094604,4.9084
0.020599,0.0086975,4.9121
0.021667,0.0061035,4.9084
0.022278,0.0041199,4.9133
0.02243,0.0035095,4.9146
0.021362,0.0041199,4.917
0.020294,0.0047302,4.917
0.019379,0.0045776,4.9194
0.019226,0.0027466,4.9121
0.018768,-0.00030518,4.9243
0.019379,-0.0012207,4.9292
0.018768,-0.0015259,4.9292
0.018005,-0.00091553,4.9133
0.017548,-0.00015259,4.9255
0.01709,0.00076294,4.9316
0.018005,0.0012207,4.9329
0.019531,0.00045776,4.9316
0.020599,-0.0016785,4.928
0.02182,-0.0042725,4.9365
0.023193,-0.0039673,4.9365
0.023193,-0.0028992,4.9329
0.02243,-0.0019836,4.9329
0.020142,-0.0015259,4.9353
0.02121,-0.0022888,4.9304
0.02121,-0.0039673,4.9402
0.021515,-0.0045776,4.9451
0.023346,-0.0047302,0.068359
0.023499,-0.0030518,0.065918
0.024719,-0.00045776,0.062256
0.026855,0.0022888,0.040283
0.029602,0.0012207,0.057373
0.031738,-0.00030518,0.05249
0.032196,-0.0015259,0.050049
0.033417,-0.0057983,0.05127
0.033875,-0.0012207,0.047607
0.033417,-0.00045776,0.048828
0.032349,0.00045776,0.05127
0.031281,0.00030518,0.045166
0.029755,0.00045776,0.043945
0.029449,0.00045776,0.045166
0.028992,0.00045776,0.040283
0.028839,0.0024414,0.039063
0.029449,0.0028992,0.046387
0.028839,0.0038147,0.040283
0.029297,0.0033569,0.039063
0.027618,0.0033569,0.040283
0.027466,0.0018311,0.029297
0.026245,-0.00045776,0.036621
0.024261,-0.0012207,0.029297
0.021973,-0.0022888,0.037842
0.019226,-0.0030518,0.039063
0.017548,-0.0036621,0.036621
0.015106,-0.0036621,0.041504
0.014496,-0.005188,0.043945
0.014801,-0.0082397,0.047607
0.014954,-0.0062561,0.046387
0.011444,-0.004425,0.054932
0.016937,-0.0028992,0.05249
0.017548,-0.0010681,0.057373
0.017548,0.00091553,0.058594
0.019379,-0.00045776,0.057373
0.020752,-0.00091553,0.068359
0.02182,-0.00076294,0.065918
0.021057,0.00045776,0.073242
0.022125,0.0027466,0.061035
0.022278,0.0045776,0.05249
0.021515,0.0059509,0.059814
0.022583,0.0041199,0.057373
0.021973,0.0027466,0.061035
0.022278,0.0019836,0.065918
0.021973,0.00045776,0.063477
0.021057,0.0027466,0.065918
0.022736,0.0041199,0.058594
0.021973,0.0041199,0.070801
0.021973,0.0035095,0.061035
0.020447,0.0022888,0.064697
0.019226,0.00045776,0.062256
0.0177,-0.00076294,0.057373
0.017853,-0.00061035,0.057373
0.017548,-0.00015259,0.057373
0.018311,0.00091553,0.054932
0.018463,0.00045776,0.05127
0.017548,-0.00030518,0.050049
0.018158,-0.00091553,0.047607
0.019073,-0.00076294,0.047607
0.020294,0.00076294,0.042725
0.021515,0.0021362,0.045166
0.02243,0.004425,0.042725
0.021667,0.0086975,0.041504
0.02243,0.0059509,0.037842
0.021057,0.0042725,0.040283
0.020905,0.0041199,0.037842
0.021057,0.0033569,0.042725
0.022125,0.0038147,0.041504
0.023193,0.0018311,0.040283
0.023041,0.0013733,0.037842
0.022583,0.0013733,0.041504
0.021057,-0.0015259,0.053711
0.019836,-0.0028992,0.041504
0.019379,-0.0038147,0.048828
0.019379,-0.0041199,0.040283
0.019531,-0.0033569,0.028076
0.019379,-0.0027466,0.046387
0.019073,-0.0022888,0.046387
0.018768,-0.0022888,0.048828
0.020752,-0.0013733,0.054932
0.022125,-0.00045776,0.053711
0.023346,-0.0010681,0.058594
0.024872,0.0041199,0.057373
0.025024,0.0050354,0.062256
0.025024,0.0053406,0.058594
0.023651,0.005188,0.064697
0.022736,0.0042725,0.061035
0.021362,0.0035095,0.061035
0.020142,0.0035095,0.074463
0.019531,0.0045776,0.061035
0.018921,0.0047302,0.059814
0.017548,0.0042725,0.064697
0.017242,0.0028992,0.075684
0.016022,0.0013733,0.061035
0.015717,0.00061035,0.048828
0.015869,0,0.065918
0.016479,-0.00030518,0.063477
0.018311,0.00030518,0.057373
0.016785,0.00015259,0.062256
0.016632,-0.00045776,0.054932
0.017548,-0.0022888,0.057373
0.014954,-0.0033569,0.05249
0.013885,-0.004425,0.05249
0.01358,-0.0036621,0.05127
0.015106,-0.0027466,0.05249
0.015717,-0.0013733,0.047607
0.016785,-0.00030518,0.047607
0.018158,0.00061035,0.056152
0.019836,0.0016785,0.047607
0.022583,0.0028992,0.05127
0.024719,0.0032043,0.042725
0.026245,0.0028992,0.030518
0.027161,0.0036621,0.041504
0.027313,0.0033569,0.037842
0.027008,0.0024414,0.037842
0.026703,0.0018311,0.041504
0.02594,0.0019836,2.8381
0.026093,0.0015259,4.7839
0.025482,0.0015259,4.8962
0.026245,0.0016785,4.9097
0.026245,0.0015259,4.9048
0.025482,0.0012207,4.9133
0.024719,0.0019836,4.9146
0.024567,0.0022888,4.9158
0.023956,0.0030518,4.9133
0.024414,0.0041199,4.9207
0.023346,0.0039673,4.9097
0.022278,0.0036621,4.9219
0.021515,0.0032043,4.9377
0.020447,0.002594,4.9292
0.019684,0.0035095,4.9158
0.019226,0.0048828,4.9268
0.019073,0.0067139,4.9304
0.019684,0.0028992,4.9304
0.020142,0.007019,4.9316
0.019989,0.0061035,4.928
0.019531,0.0045776,4.9329
0.018005,0.0036621,4.9316
0.017395,0.0038147,4.9353
0.015869,0.0035095,4.9316
0.016327,0.0028992,4.9377
0.015259,0.0022888,4.9329
0.014801,0.0012207,4.9402
0.013733,0.00045776,4.9475
0.013733,0,4.9353
0.013428,0.00061035,4.9304
0.01358,0.00076294,4.9329
0.014343,0.00045776,4.9121
0.015717,0.00045776,4.9243
0.016785,0.00091553,4.9243
0.016785,0.00045776,4.9231
0.015564,0,4.9231
0.015411,0.00015259,4.917
0.014954,0.00030518,4.9182
0.014343,0.00076294,4.9194
0.015106,0,4.9182
0.014496,-0.00091553,4.9121
0.015411,-0.0010681,4.9158
0.014496,-0.0012207,4.9133
0.014496,-0.00091553,4.9121
0.014191,0.00091553,4.9097
0.017853,0.0024414,4.9097
0.018616,0.0033569,4.9133
0.0177,0.0027466,4.9084
0.020294,0.0022888,4.9146
0.019989,0.0013733,4.9084
0.019531,0.0015259,4.8999
0.019989,0.0019836,4.9109
0.020447,0.0028992,4.9109
0.022736,0.0028992,4.9097
0.023041,0.0027466,4.9109
0.024261,0.0016785,4.9133
0.025177,0.00076294,4.917
0.026093,0.00091553,4.8938
0.02655,0.00091553,4.9207
0.028076,0.0018311,4.9243
0.03006,0.0018311,4.9292
0.029755,0.002594,4.928
0.028839,0.0015259,4.9316
0.028229,0.0015259,4.9414
0.026245,0.00061035,4.9377
0.024719,0.0013733,4.9377
0.027008,0.0016785,4.9329
0.021057,0.0015259,4.928
0.020142,0.00076294,4.9316
0.019379,0.00045776,4.9329
0.018158,-0.0015259,4.9268
0.016632,-0.0021362,4.9341
0.017548,-0.0024414,4.9304
0.018463,-0.0022888,4.9365
0.018616,-0.0018311,4.9377
0.020294,-0.00091553,4.9353
0.021515,-0.0013733,4.9329
0.019073,-0.0016785,4.9329
0.019226,-0.0015259,4.9292
0.019531,-0.0013733,4.9292
0.021057,-0.00045776,4.928
0.021973,0.00091553,4.928
0.024567,0.0022888,4.9304
0.02594,0.0033569,4.9231
0.023956,0.0032043,4.9292
0.029602,0.0030518,4.9207
0.03067,0.0021362,4.9182
0.031586,0.0022888,4.9036
0.030975,0.0022888,4.917
0.031128,0.0024414,4.9146
0.029907,0.0028992,4.9109
0.028992,0.0021362,4.9072
0.026398,0.0010681,4.9182
0.025482,0,4.9072
0.024414,0.00015259,4.9133
0.023651,-0.00061035,4.9072
0.02243,-0.00030518,4.9133
0.022125,-0.00061035,4.9097
0.021667,-0.00030518,4.9121
0.021515,-0.0019836,4.9194
0.021973,-0.0021362,4.9109
0.022278,-0.002594,4.9133
0.022736,-0.0030518,4.9121
0.024261,-0.0022888,4.8999
0.023041,-0.0018311,4.9146
0.023956,-0.0015259,4.9158
0.024567,-0.0018311,4.9219
0.026093,0,4.917
0.027466,-0.00015259,4.9231
0.028992,0.0018311,4.9292
0.030518,0.00061035,0.063477
0.032501,0.0035095,0.062256
0.034332,0.0048828,0.062256
0.035706,0.0048828,0.061035
0.036926,0.0050354,0.059814
0.037689,0.0047302,0.065918
0.036774,0.0041199,0.067139
0.036469,0.0045776,0.057373
0.035248,0.0039673,0.065918
0.034332,0.0033569,0.067139
0.033417,0.0033569,0.076904
0.029297,0.0027466,0.065918
0.030975,0.0015259,0.058594
0.029449,0.0012207,0.067139
0.028534,0.0010681,0.067139
0.027313,0.0013733,0.057373
0.027313,0.00045776,0.061035
0.027313,0.0013733,0.057373
0.028687,0.0016785,0.057373
0.027466,0.0016785,0.05249
0.027618,0.0027466,0.05249
0.026093,0.0030518,0.046387
0.026245,0.0050354,0.05127
0.025482,0.0050354,0.05127
0.025482,0.0056458,0.048828
0.024872,0.0057983,0.054932
0.025024,0.005188,0.048828
0.024719,0.0061035,0.047607
0.024719,0.0047302,0.041504
0.024719,0.0048828,0.031738
0.02533,0.0039673,0.040283
0.024567,0.0016785,0.043945
0.023956,-0.00030518,0.036621
0.023193,-0.0019836,0.032959
0.023956,-0.0038147,0.039063
0.023499,-0.004425,0.039063
0.023193,-0.0047302,0.036621
0.021973,-0.0047302,0.040283
0.021515,-0.0050354,0.03418
0.020447,-0.0061035,0.042725
0.020752,-0.0099182,0.045166
0.021515,-0.0059509,0.046387
0.02121,-0.0047302,0.043945
0.022736,-0.0035095,0.05127
0.023346,-0.00030518,0.043945
0.023499,-0.002594,0.05127
0.02533,-0.0041199,0.061035
0.026093,-0.0041199,0.057373
0.028992,-0.0042725,0.050049
0.027008,-0.0035095,0.054932
0.027313,-0.0032043,0.063477
0.026703,-0.0018311,0.062256
0.024261,-0.0013733,0.062256
0.026245,-0.0027466,0.057373
0.02533,-0.0030518,0.062256
0.025787,-0.00030518,0.064697
0.027466,-0.0012207,0.065918
0.027924,0.00030518,0.063477
0.028687,0.00076294,0.067139
0.029297,-0.0015259,0.063477
0.028992,0,0.068359
0.028992,-0.0013733,0.081787
0.028992,-0.0013733,0.065918
0.028992,-0.0018311,0.063477
0.029297,-0.0016785,0.063477
0.028381,-0.0016785,0.041504
0.027466,-0.0021362,0.050049
0.024872,-0.0022888,0.05127
0.024567,-0.002594,0.05127
0.023804,-0.0022888,0.050049
0.02243,-0.0022888,0.043945
0.023499,-0.0018311,0.048828
0.022736,-0.0015259,0.046387
0.021973,-0.0010681,0.046387
0.020599,-0.0024414,0.041504
0.019226,-0.0032043,0.045166
0.018005,-0.0036621,0.040283
0.017853,-0.0032043,0.042725
0.018005,-0.0033569,0.040283
0.017853,-0.002594,0.042725
0.016937,-0.0016785,0.045166
0.015564,-0.0010681,0.040283
0.015106,-0.00061035,0.047607
0.013733,0.00015259,0.039063
0.014038,0.00076294,0.03418
0.014954,0.00045776,0.037842
0.016479,0.00076294,0.041504
0.0177,0.00091553,0.037842
0.018768,0.0012207,0.040283
0.018616,0.0019836,0.043945
0.018768,0.0018311,0.047607
0.019073,0.002594,0.046387
0.020294,0.0028992,0.05249
0.020447,0.0047302,0.05127
0.020905,0.0061035,0.056152
0.020447,0.0067139,0.059814
0.018921,0.0067139,0.061035
0.018311,0.0076294,0.070801
0.018768,0.0062561,0.062256
0.018311,0.0065613,0.061035
0.018158,0.0061035,0.061035
0.017853,0.0057983,0.061035
0.016937,0.0059509,0.059814
0.016174,0.005188,0.061035
0.015106,0.004425,0.062256
0.014648,0.0036621,0.063477
0.014191,0.0036621,0.063477
0.014648,0.0039673,0.063477
0.014496,0.004425,0.059814
0.014191,0.0042725,0.064697
0.013885,0.0035095,0.063477
0.014191,0.00091553,0.063477
0.014343,0.00030518,0.061035
0.014954,-0.00091553,0.059814
0.016022,-0.00045776,0.05249
0.016174,0.00030518,0.056152
0.018616,0.0016785,0.063477
0.019226,0.002594,1.7358
0.019989,0.002594,4.7351
0.020447,0.0027466,4.8975
0.021057,0.0027466,4.9072
0.021362,0.0041199,4.9146
0.022125,0.0054932,4.9182
0.021973,0.0064087,4.9146
0.022736,0.0076294,4.9109
0.022278,0.007019,4.9097
0.022125,0.0057983,4.9109
0.020752,0.0048828,4.9097
0.020142,0.0039673,4.9097
0.019226,0.0036621,4.9072
0.018768,0.0039673,4.9097
0.0177,0.0035095,4.9121
0.018463,0.0042725,4.9109
0.018921,0.0033569,4.9158
0.0177,0.0022888,4.9109
0.017242,0.0010681,4.9097
0.018463,0.0010681,4.9158
0.016022,0.0012207,4.9097
0.015717,0.0018311,4.917
0.016479,0.0027466,4.9182
0.016937,0.0032043,4.9194
0.016327,0.0033569,4.9231
0.016785,0.0042725,4.9243
0.016632,0.004425,4.9268
0.019073,0.0054932,4.9268
0.018463,0.0073242,4.9304
0.019684,0.0082397,4.9292
0.020447,0.0085449,4.9329
0.018768,0.0067139,4.9292
0.02182,0.0067139,4.9353
0.020294,0.005188,4.9304
0.019379,0.00045776,4.9304
0.018463,0.0039673,4.9402
0.016785,0.0039673,4.9365
0.015564,0.0038147,4.9426
0.014496,0.0027466,4.9353
0.014496,0.00061035,4.9243
0.014648,-0.00076294,4.9377
0.014496,-0.002594,4.9341
0.014496,-0.0033569,4.9304
0.015564,-0.0027466,4.9353
0.016174,-0.0012207,4.9304
0.017395,0.00015259,4.9231
0.019226,0.00045776,4.9243
0.019379,0.0019836,4.9243
0.018768,0.0015259,4.9182
0.018921,0.0016785,4.9207
0.019379,0.0013733,4.9194
0.021362,0.002594,4.9207
0.023346,0.0048828,4.9182
0.024567,0.007019,4.917
0.023804,0.0054932,4.9158
0.024109,0.0036621,4.917
0.02594,0.0019836,4.9133
0.025177,0.00030518,4.9121
0.026245,0.0010681,4.9109
0.026703,0.0027466,4.9097
0.02655,0.0038147,4.9146
0.026093,0.0027466,4.9109
0.02533,0.0018311,4.9109
0.023499,-0.00045776,4.906
0.023956,-0.00091553,4.9097
0.023346,-0.0018311,4.9072
0.024109,-0.00030518,4.9182
0.025024,0.0016785,4.9133
0.026703,0.0024414,4.9158
0.021973,0.0027466,4.9146
0.020447,0.002594,4.9194
0.019379,0.0015259,4.9316
0.018311,0.0030518,4.9243
0.018921,0.0041199,4.9304
0.018463,0.0054932,4.928
0.017548,0.0053406,4.9121
0.016785,0.0035095,4.928
0.016022,0.0016785,4.928
0.014801,-0.0013733,4.9329
0.013123,-0.0027466,4.9292
0.013123,-0.0047302,4.928
0.013123,-0.0054932,4.9329
0.012817,-0.0064087,4.9304
0.010681,-0.0042725,4.9329
0.011139,-0.0093079,4.9292
0.011902,-0.009613,4.9341
0.016937,-0.0088501,4.9341
0.016174,-0.0071716,4.9292
0.019531,-0.007019,4.9463
0.023041,-0.0050354,4.939
0.023499,-0.0047302,4.9329
0.026093,-0.0039673,4.9353
0.026245,-0.0027466,4.9353
0.026855,-0.0021362,4.9243
0.029144,-0.0016785,4.9194
0.027161,-0.00076294,4.9255
0.02655,-0.0010681,4.9207
0.025635,-0.0012207,4.9194
0.023804,-0.0022888,4.9036
0.022583,-0.0039673,4.9194
0.022888,-0.0035095,4.9158
0.023956,-0.0030518,4.9097
0.025024,-0.0021362,4.9133
0.025787,-0.00045776,4.9121
0.02594,0.00030518,4.9158
0.02121,0.00091553,4.9097
0.021973,0.00030518,4.9133
0.020905,-0.00045776,4.9207
0.019989,-0.0021362,4.9133
0.019684,-0.0019836,0.08667
0.020599,-0.0018311,0.0354
0.020294,-0.0015259,0.029297
0.020599,-0.0018311,0.037842
0.02182,-0.0042725,0.041504
0.024261,-0.005188,0.036621
0.026703,-0.0056458,0.042725
0.030365,-0.0068665,0.041504
0.032043,-0.0062561,0.043945
0.034027,-0.0039673,0.045166
0.034027,-0.0027466,0.053711
0.032501,-0.0019836,0.05127
0.031891,-0.0021362,0.054932
0.029907,-0.0036621,0.058594
0.027466,-0.0035095,0.063477
0.026703,-0.0030518,0.065918
0.025635,-0.002594,0.063477
0.024567,-0.0018311,0.062256
0.022736,-0.0022888,0.062256
0.02121,-0.0039673,0.065918
0.02182,-0.0048828,0.062256
0.02243,-0.0065613,0.046387
0.023041,-0.0065613,0.059814
0.023956,-0.0065613,0.063477
0.023956,-0.0065613,0.063477
0.023041,-0.0065613,0.067139
0.022125,-0.0065613,0.063477
0.02182,-0.0067139,0.070801
0.021667,-0.0057983,0.061035
0.022125,-0.0041199,0.065918
0.023956,-0.0027466,0.061035
0.02533,-0.0010681,0.062256
0.025787,-0.00061035,0.054932
0.027008,0.0013733,0.054932
0.026855,0.00061035,0.067139
0.027161,-0.00076294,0.05249
0.027771,-0.0022888,0.056152
0.029755,-0.0036621,0.045166
0.029602,-0.0041199,0.031738
0.029449,-0.004425,0.042725
0.027771,-0.0048828,0.048828
0.026245,-0.0028992,0.042725
0.025482,-0.0053406,0.039063
0.025024,-0.0057983,0.031738
0.024261,-0.0062561,0.041504
0.024261,-0.004425,0.037842
0.024414,-0.0042725,0.040283
0.023956,-0.0038147,0.037842
0.022736,-0.0041199,0.040283
0.022125,-0.0041199,0.043945
0.021362,-0.0041199,0.037842
0.022125,-0.0028992,0.047607
0.023041,-0.0010681,0.040283
0.023651,0,0.041504
0.024261,0.0022888,0.042725
0.023804,0.0027466,0.037842
0.024567,0.0035095,0.045166
0.025482,0.0039673,0.054932
0.027313,0.0032043,0.05127
0.028687,0.0041199,0.05127
0.03006,0.0041199,0.05249
0.03006,0.0042725,0.054932
0.029755,0.0045776,0.057373
0.028534,0.0032043,0.059814
0.027618,0.004425,0.059814
0.026855,0.0045776,0.061035
0.026093,0.0033569,0.061035
0.026245,0.0050354,0.064697
0.025177,0.0053406,0.050049
0.023651,0.0061035,0.062256
0.022583,0.0074768,0.06958
0.022278,0.0065613,0.063477
0.021667,0.0047302,0.072021
0.021667,0.0033569,0.065918
0.02121,0.0022888,0.048828
0.020294,0.0021362,0.065918
0.020294,0.0033569,0.065918
0.018616,0.0050354,0.063477
0.017853,0.0062561,0.062256
0.018463,0.0071716,0.057373
0.018463,0.007019,0.057373
0.018616,0.0067139,0.053711
0.018463,0.007019,0.054932
0.019226,0.0076294,0.047607
0.019379,0.0090027,0.050049
0.018921,0.010223,0.050049
0.018768,0.009613,0.048828
0.018463,0.007782,0.046387
0.018311,0.0057983,0.047607
0.018158,-0.00015259,0.046387
0.018158,0.002594,0.040283
0.018158,0.0027466,0.046387
0.018768,0.0028992,0.040283
0.018005,0.0030518,0.032959
0.018311,0.002594,0.037842
0.018921,0.00061035,0.040283
0.022583,-0.00091553,0.03418
0.02121,-0.00045776,0.036621
0.022583,-0.00030518,0.037842
0.023193,0.00061035,0.041504
0.024719,0.0018311,0.037842
0.023651,0.0016785,0.040283
0.024719,0.0012207,0.040283
0.024414,-0.00015259,0.047607
0.024872,-0.00030518,0.042725
0.023804,0.00091553,0.05127
0.023804,0.002594,0.061035
0.023651,0.0024414,0.05127
0.023041,0.0047302,0.058594
0.023041,0.0047302,0.056152
0.023651,0.0039673,0.043945
0.024719,0.0027466,0.056152
0.025635,0.0024414,0.057373
0.026093,0.0024414,0.061035
0.027466,0.0033569,0.058594
0.027618,0.0047302,0.056152
0.026398,0.005188,0.062256
0.026398,0.0042725,0.050049
0.02594,0.0041199,3.5767
0.024872,0.0033569,4.845
0.022736,0.0039673,4.9268
0.023193,0.0048828,4.9329
0.022736,0.0054932,4.9353
0.022278,0.0054932,4.939
0.022125,0.0050354,4.9377
0.022736,0.0032043,4.9365
0.022888,0.0018311,4.9341
0.02243,0.0015259,4.9414
0.020905,0.0016785,4.9268
0.020599,0.002594,4.9182
0.018463,0.0022888,4.9243
0.014954,0.0019836,4.9207
0.012665,0.00091553,4.917
0.011902,-0.00061035,4.9182
0.011749,-0.0018311,4.9182
0.012817,-0.0013733,4.9158
0.01236,-0.002594,4.9133
0.014496,0.0015259,4.9146
0.014801,0.0022888,4.9121
0.015106,0.0021362,4.9158
0.015411,-0.00030518,4.9121
0.013885,-0.00091553,4.9121
0.016632,-0.00076294,4.9158
0.016479,0.00045776,4.9109
0.016022,0.0032043,4.9146
0.015564,0.0035095,4.9097
0.016022,0.0027466,4.8999
0.016937,0.0013733,4.9133
0.018768,0.0013733,4.9084
0.019531,-0.00076294,4.8901
0.021667,-0.00076294,4.9097
0.023193,0.0022888,4.9133
0.024261,0.0047302,4.9133
0.023499,0.0047302,4.9121
0.023041,0.0027466,4.9207
0.022125,0.0019836,4.9219
0.021362,-0.00030518,4.9268
0.020294,0.00045776,4.9243
0.019073,0.0024414,4.9316
0.018463,0.0036621,4.9268
0.016632,0.0041199,4.9377
0.016785,0.0010681,4.9353
0.018158,-0.0016785,4.9329
0.019073,-0.0035095,4.939
0.020142,-0.0030518,4.9329
0.021515,-0.0018311,4.9146
0.02243,0,4.9292
0.02243,0.00076294,4.9341
0.022125,-0.00045776,4.9329
0.020294,-0.002594,4.9329
0.019684,-0.0041199,4.928
0.019531,-0.004425,4.9365
0.019836,-0.0024414,4.9353
0.020142,-0.00061035,4.9329
0.020752,0.00061035,4.928
0.02121,0.00015259,4.9353
0.021362,-0.0018311,4.9268
0.021515,-0.0038147,4.9304
0.02243,-0.005188,4.9341
0.023956,-0.0048828,4.9243
0.023956,-0.0036621,4.9207
0.02533,-0.0048828,4.9194
0.021973,-0.0032043,4.9036
0.019989,-0.0042725,4.917
0.018005,-0.0056458,4.9133
0.019989,-0.0047302,4.9158
0.017548,-0.0047302,4.9084
0.018005,-0.0018311,4.9133
0.019073,0.0010681,4.9121
0.019073,0.0028992,4.9109
0.020142,0.0028992,4.9109
0.021515,0.0016785,4.9072
0.021973,-0.00030518,4.9158
0.023041,-0.0018311,4.9084
0.023041,-0.0013733,4.9109
0.022888,0.00015259,4.9097
0.02243,0.0016785,4.9109
0.019989,0.0021362,4.9158
0.020294,0.0018311,4.9146
0.019989,0.00045776,4.9231
0.020294,0.00030518,4.9133
0.021973,0.0021362,4.9072
0.023346,0.0035095,4.9219
0.024567,0.0042725,4.9219
0.024719,0.0064087,4.9207
0.023651,0.0045776,4.9243
0.023041,0.0012207,4.9255
0.022125,-0.0012207,4.9329
0.021667,-0.002594,4.9304
0.019836,-0.002594,4.9341
0.017242,-0.0019836,4.9304
0.015106,-0.0019836,4.9329
0.013885,-0.0022888,4.9329
0.012665,-0.0033569,4.9316
0.013428,-0.0042725,4.939
0.014496,-0.0041199,4.9341
0.016785,-0.0028992,4.9304
0.018311,-0.00076294,4.9353
0.020599,0.0010681,4.9329
0.021667,0.0018311,4.939
0.023193,0.0010681,4.9353
0.023346,-0.00045776,4.9304
0.024414,-0.0015259,4.9341
0.024261,-0.0015259,4.9316
0.024261,0,4.9353
0.023499,0.0021362,4.9255
0.02182,0.0036621,4.928
0.02182,0.0048828,0.048828
0.023193,0.0036621,0.054932
0.024719,0.0013733,0.048828
0.026245,-0.00030518,0.05127
0.027771,-0.00061035,0.045166
0.029449,0,0.046387
0.029144,0.0018311,0.056152
0.028839,0.0027466,0.042725
0.028992,0.0028992,0.05249
0.027313,0.0033569,0.043945
0.027466,0.0035095,0.041504
0.026855,0.0042725,0.037842
0.026093,0.005188,0.036621
0.023956,0.0061035,0.040283
0.021362,0.0054932,0.039063
0.018311,0.0035095,0.0354
0.016632,0,0.040283
0.015717,-0.0024414,0.040283
0.015411,-0.005188,0.042725
0.015106,-0.0047302,0.037842
0.013733,-0.0035095,0.045166
0.01236,-0.0024414,0.046387
0.010376,-0.0018311,0.047607
0.010223,-0.002594,0.065918
0.0099182,-0.0039673,0.05127
0.010223,-0.0047302,0.056152
0.011444,-0.0038147,0.053711
0.011749,-0.0016785,0.047607
0.011749,0.00045776,0.057373
0.011597,0.00030518,0.056152
0.010529,-0.0012207,0.058594
0.014038,-0.0030518,0.062256
0.016327,-0.0056458,0.059814
0.019226,-0.0047302,0.064697
0.021362,-0.0035095,0.058594
0.022278,-0.0035095,0.061035
0.023041,-0.0015259,0.059814
0.021667,-0.002594,0.064697
0.022125,-0.0036621,0.064697
0.021515,-0.0053406,0.063477
0.021667,-0.0067139,0.067139
0.021362,-0.0059509,0.068359
0.02182,-0.0054932,0.06958
0.020599,-0.0038147,0.064697
0.019379,-0.0028992,0.072021
0.019379,-0.002594,0.054932
0.019379,-0.0021362,0.050049
0.019989,-0.0019836,0.05249
0.019684,-0.00045776,0.05127
0.019836,0.0015259,0.048828
0.018616,0.0039673,0.05127
0.017853,0.004425,0.046387
0.015717,0.0033569,0.046387
0.016174,0.0024414,0.046387
0.016785,0.00076294,0.046387
0.018768,0.00015259,0.041504
0.020905,0.00045776,0.043945
0.021667,0.0015259,0.037842
0.022125,0.002594,0.039063
0.02182,0.0032043,0.046387
0.021667,0.0019836,0.039063
0.022583,-0.00015259,0.039063
0.026398,-0.0024414,0.036621
0.024261,-0.0036621,0.030518
0.023956,-0.0042725,0.039063
0.020599,-0.0048828,0.039063
0.018616,-0.0032043,0.0354
0.016174,-0.0027466,0.041504
0.014496,-0.0027466,0.041504
0.014038,-0.0036621,0.041504
0.015411,-0.0045776,0.043945
0.015259,-0.0054932,0.05127
0.014801,-0.0042725,0.050049
0.013275,-0.004425,0.053711
0.012207,-0.0045776,0.053711
0.01236,-0.0053406,0.061035
0.013123,-0.0071716,0.056152
0.014954,-0.0085449,0.063477
0.015564,-0.0082397,0.065918
0.016022,-0.0068665,0.061035
0.014648,-0.0041199,0.06958
0.014801,-0.0010681,0.062256
0.015411,0.00091553,0.045166
0.016937,0.0024414,0.057373
0.018921,0.0019836,0.059814
0.021515,0.0015259,0.063477
0.022736,0.0013733,0.062256
0.024261,0.0012207,0.062256
0.024414,0.00091553,0.06958
0.024261,0.00030518,0.065918
0.024872,-0.00015259,0.067139
0.02594,-0.00091553,0.058594
0.028534,-0.0022888,0.064697
0.029297,-0.0022888,0.054932
0.028839,-0.0013733,0.056152
0.027771,0.00076294,0.063477
0.02594,0.0019836,0.05249
0.024414,0.0027466,0.047607
0.022736,0.0028992,0.05249
0.022888,0.002594,0.041504
0.02243,0.00061035,0.046387
0.021057,-0.00015259,0.043945
0.020142,-0.00045776,0.042725
0.01709,-0.0018311,0.040283
0.016174,-0.002594,0.040283
0.015106,-0.0036621,0.041504
0.016327,-0.0048828,0.036621
0.018005,-0.0062561,0.040283
0.020905,-0.0042725,0.037842
0.022888,-0.0047302,0.042725
0.02182,-0.0010681,0.037842
0.023346,-0.00015259,0.041504
0.023193,0.00091553,0.039063
0.024414,0.0012207,0.040283
0.028992,0.0015259,0.046387
0.028992,0.0010681,0.042725
0.030365,0.0022888,0.056152
0.029602,0.004425,1.1426
0.028229,0.004425,4.6838
0.026855,0.0057983,4.9011
0.027161,0.0064087,4.9146
0.03067,0.007019,4.9194
0.032654,0.0076294,4.9268
0.034485,0.0076294,4.9243
0.034332,0.0074768,4.928
0.032349,0.0076294,4.9329
0.030975,0.0074768,4.9329
0.029297,0.0062561,4.9292
0.028229,0.0056458,4.9329
0.028687,0.0048828,4.9329
0.027008,0.0039673,4.9316
0.024872,0.005188,4.9365
0.021362,0.0053406,4.9353
0.019226,0.0065613,4.9341
0.018005,0.0068665,4.9365
0.018158,0.0064087,4.939
0.020447,0.0054932,4.9353
0.021973,0.0045776,4.9268
0.023346,0.0045776,4.9292
0.022888,0.0035095,4.9304
0.019836,0.0033569,4.9304
0.018921,0.0030518,4.9304
0.018158,0.0033569,4.9255
0.019226,0.0050354,4.928
0.019989,0.0061035,4.9219
0.021057,0.0071716,4.9243
0.021667,0.0050354,4.9109
0.021057,0.0053406,4.9243
0.020447,0.0045776,4.9182
0.021057,0.0035095,4.9207
0.023193,0.0019836,4.928
0.026398,-0.0021362,4.917
0.028381,-0.0024414,4.917
0.029449,-0.0042725,4.9133
0.028076,-0.0073242,4.895
0.026855,-0.0053406,4.9084
0.02594,-0.0036621,4.9084
0.026093,-0.0021362,4.9182
0.027771,-0.00091553,4.9097
0.028992,-0.00045776,4.9084
0.03006,-0.0010681,4.9072
0.029144,-0.00076294,4.9072
0.027771,-0.0010681,4.9121
0.026093,0,4.9084
0.026703,0.00091553,4.9146
0.028229,0.0024414,4.9146
0.030365,0.0028992,4.9207
0.032501,0.0028992,4.9194
0.031891,0.002594,4.9182
0.031281,0.0022888,4.917
0.029755,0.0030518,4.9243
0.027161,0.0042725,4.9341
0.026855,0.0050354,4.9304
0.027161,0.0041199,4.9194
0.027771,0.0030518,4.9316
0.028687,0.0018311,4.9304
0.027313,0.0016785,4.9304
0.026093,0.0027466,4.9329
0.024719,0.0047302,4.9353
0.024567,0.0062561,4.9329
0.026245,0.0074768,4.9292
0.027771,0.0064087,4.9353
0.028534,0.0047302,4.9316
0.027161,0.0032043,4.9365
0.023041,0.0028992,4.9341
0.022125,0.0035095,4.939
0.019836,0.0042725,4.9463
0.018616,0.0035095,4.9365
0.018158,0.00061035,4.9329
0.018463,-0.0016785,4.9365
0.018616,-0.0036621,4.9182
0.016632,-0.0032043,4.9243
0.015106,-0.00091553,4.9207
0.013733,-0.0048828,4.9194
0.013733,0.0018311,4.9219
0.015106,0.0021362,4.9194
0.016174,0.00076294,4.917
0.018158,0.00030518,4.9146
0.0177,0.00091553,4.9194
0.017853,0.0027466,4.9146
0.017853,0.0056458,4.9182
0.018616,0.0057983,4.917
0.020447,0.0057983,4.9146
0.022888,0.004425,4.9097
0.024261,0.002594,4.9109
0.026398,0.0021362,4.9146
0.024719,0.0024414,4.9109
0.024567,0.0039673,4.9121
0.022736,0.005188,4.9109
0.02182,0.0054932,4.8999
0.023346,0.0053406,4.9097
0.022125,0.0033569,4.9109
0.02243,0.0022888,4.9146
0.021057,0.002594,4.9133
0.019226,0.0033569,4.9109
0.017548,0.0038147,4.9207
0.016937,0.0041199,4.9182
0.017395,0.0065613,4.9219
0.018311,0.0036621,4.9231
0.019684,0.0018311,4.9292
0.019226,0.00045776,4.9243
0.017242,-0.00015259,4.9268
0.016327,0.0012207,4.9402
0.014801,0.0024414,4.9316
0.015869,0.0032043,4.9341
0.017548,0.0033569,0.073242
0.019073,0.0028992,0.047607
0.020447,0.0022888,0.059814
0.020294,0.0032043,0.062256
0.018158,0.0039673,0.062256
0.019379,0.0048828,0.065918
0.019531,0.0035095,0.064697
0.021057,0.0038147,0.074463
0.021515,0.00091553,0.064697
0.022278,-0.0016785,0.067139
0.02121,-0.0030518,0.062256
0.020447,-0.0039673,0.063477
0.018768,-0.0022888,0.057373
0.017242,0,0.059814
0.017242,0.0012207,0.062256
0.017853,0.0013733,0.054932
0.018463,0.00091553,0.054932
0.017853,-0.00015259,0.047607
0.016937,-0.00030518,0.05249
0.014191,-0.00045776,0.047607
0.013123,0.0010681,0.048828
0.01236,0.00061035,0.043945
0.013275,0.0010681,0.045166
0.014648,-0.0013733,0.039063
0.015717,-0.0030518,0.042725
0.015411,-0.0032043,0.037842
0.014038,-0.0013733,0.041504
0.013428,0.002594,0.0354
0.014343,0.0057983,0.036621
0.01709,0.01236,0.039063
0.019531,0.0079346,0.042725
0.02243,0.0065613,0.041504
0.023651,0.0059509,0.043945
0.025024,0.0064087,0.05127
0.022888,0.0080872,0.041504
0.021667,0.0093079,0.056152
0.021973,0.0083923,0.041504
0.023499,0.005188,0.032959
0.023651,0.0013733,0.05249
0.023193,-0.0016785,0.047607
0.020599,-0.0030518,0.048828
0.014496,-0.0035095,0.054932
0.011597,-0.0033569,0.054932
0.0088501,-0.0032043,0.056152
0.0076294,-0.0041199,0.057373
0.0083923,-0.0061035,0.062256
0.0091553,-0.0091553,0.058594
0.0086975,-0.0099182,0.063477
0.0085449,-0.0080872,0.063477
0.0082397,-0.007782,0.062256
0.009613,-0.0053406,0.065918
0.011444,-0.0036621,0.062256
0.017548,-0.0036621,0.062256
0.02121,-0.0041199,0.063477
0.022583,-0.0041199,0.075684
0.022583,-0.0024414,0.067139
0.02182,-0.0012207,0.050049
0.02121,0.0012207,0.063477
0.022125,0.0030518,0.064697
0.024261,0.0030518,0.059814
0.027924,0.0019836,0.062256
0.028992,-0.0010681,0.053711
0.028229,-0.0021362,0.056152
0.027924,-0.0022888,0.05249
0.027771,-0.00076294,0.057373
0.028229,0.0012207,0.05249
0.028534,0.0053406,0.05249
0.029449,0.00061035,0.045166
0.029144,-0.0013733,0.048828
0.027771,-0.0033569,0.057373
0.02182,-0.0028992,0.040283
0.020142,-0.0013733,0.046387
0.018463,0.00076294,0.042725
0.015869,-0.0010681,0.024414
0.014191,0.0015259,0.036621
0.01297,-0.0015259,0.036621
0.010071,-0.0048828,0.037842
0.0073242,-0.0068665,0.039063
0.0054932,-0.007019,0.036621
0.0041199,-0.0045776,0.039063
0.004425,-0.0028992,0.036621
0.0059509,-0.0032043,0.039063
0.0091553,-0.0021362,0.037842
0.011444,-0.0041199,0.043945
0.012054,-0.0050354,0.042725
0.011444,-0.0053406,0.047607
0.012054,-0.0010681,0.048828
0.014343,0.0024414,0.05249
0.014343,0.0028992,0.05249
0.017242,0.0022888,0.05249
0.019073,-0.0013733,0.065918
0.019989,-0.0050354,0.056152
0.018921,-0.010986,0.047607
0.019531,-0.007782,0.061035
0.019226,-0.0064087,0.061035
0.020447,-0.0048828,0.061035
0.020752,-0.0045776,0.062256
0.023193,-0.0065613,0.057373
0.023193,-0.0094604,0.062256
0.02121,-0.010529,0.054932
0.01709,-0.0099182,0.062256
0.018311,-0.0074768,0.062256
0.018005,-0.0045776,0.063477
0.018768,-0.0056458,0.064697
0.019989,-0.0018311,0.067139
0.02182,-0.0024414,0.074463
0.021362,-0.0013733,0.065918
0.020142,0.0016785,0.062256
0.019073,0.0024414,0.058594
0.018768,0.0048828,0.050049
0.019684,0.0059509,0.057373
0.020447,0.0056458,0.053711
0.02182,0.0033569,0.047607
0.023956,0.00045776,0.05249
0.023804,-0.0019836,0.045166
0.023651,-0.0028992,0.047607
0.023193,-0.0030518,0.043945
0.023193,-0.0035095,0.047607
0.023956,-0.0028992,0.83862
0.025177,-0.0035095,4.6765
0.025177,-0.0036621,4.8962
0.02594,-0.0041199,4.9121
0.023651,-0.0032043,4.9048
0.022125,-0.0010681,4.9133
0.021057,0.00091553,4.9182
0.02182,0,4.9121
0.020447,0.00076294,4.9158
0.019989,-0.0010681,4.9097
0.019989,-0.0032043,4.8926
0.018768,-0.0062561,4.9084
0.017548,-0.0062561,4.9109
0.015564,-0.007019,4.9109
0.014954,-0.0074768,4.9109
0.016022,-0.0090027,4.9109
0.016785,-0.010376,4.9182
0.0177,-0.011749,4.9109
0.017548,-0.011597,4.9255
0.016632,-0.010529,4.9194
0.015717,-0.0088501,4.9255
0.015717,-0.0062561,4.9329
0.01709,-0.0047302,4.9316
0.019226,-0.0059509,4.9414
0.02182,-0.0062561,4.9304
0.023041,-0.0068665,4.9304
0.024414,-0.0057983,4.9341
0.025024,-0.0042725,4.9304
0.02533,-0.0019836,4.9304
0.026703,0.00045776,4.9207
0.028534,0.0010681,4.9292
0.031128,0.0010681,4.9304
0.032501,-0.00045776,4.9304
0.032196,-0.00091553,4.939
0.030518,-0.00061035,4.9353
0.028839,0.0012207,4.9377
0.027771,0.002594,4.9316
0.027924,0.002594,4.9341
0.028076,0.00076294,4.9292
0.029144,-0.00091553,4.9304
0.029602,-0.0024414,4.9268
0.027618,-0.0021362,4.9268
0.026245,0.00015259,4.9304
0.024719,0.0018311,4.9219
0.023346,0.0033569,4.9329
0.023499,0.0028992,4.9158
0.023346,0.00091553,4.9109
0.023346,-0.0018311,4.9133
0.02243,-0.002594,4.9109
0.02182,-0.0024414,4.9097
0.020905,-0.0010681,4.9109
0.021057,0.00091553,4.9097
0.022278,0.0010681,4.9109
0.024261,0.00030518,4.9133
0.026703,-0.0012207,4.9133
0.027161,-0.002594,4.9072
0.028229,-0.0012207,4.9133
0.026398,0.0010681,4.9109
0.025024,0.0042725,4.9146
0.02533,0.0071716,4.9146
0.025635,0.0076294,4.9133
0.027313,0.0068665,4.9109
0.028229,0.005188,4.9133
0.029297,0.0032043,4.9109
0.028839,0.0054932,4.9182
0.028839,0.0073242,4.9292
0.028381,0.0086975,4.9207
0.027618,0.0083923,4.9231
0.028381,0.007019,4.9268
0.027008,0.0047302,4.9304
0.02655,0.0035095,4.9231
0.024414,0.0027466,4.9341
0.023041,0.0048828,4.9304
0.021973,0.0064087,4.9329
0.021515,0.0073242,4.9316
0.021973,0.0071716,4.9341
0.022888,0.0053406,4.9292
0.023651,0.0042725,4.9329
0.024109,0.0056458,4.9377
0.024567,0.005188,4.9353
0.023346,0.007019,4.9463
0.023041,0.010986,4.9402
0.021515,0.0086975,4.9243
0.020447,0.0079346,4.9341
0.020142,0.0062561,4.9304
0.020294,0.0048828,4.9316
0.019531,0.0050354,4.9304
0.019379,0.0048828,4.9255
0.018158,0.0045776,4.9304
0.018005,0.0036621,4.9243
0.018616,0.0018311,4.9255
0.019379,0,4.917
0.020142,-0.0019836,4.9182
0.019989,-0.0019836,4.9182
0.019989,-0.0012207,4.9194
0.020599,-0.00015259,4.9255
0.021362,0.00045776,4.9158
0.022736,0.00015259,4.9121
0.022736,-0.00045776,4.9109
0.023499,-0.00091553,4.8962
0.024261,0.00015259,4.9072
0.024567,0.00091553,4.9133
0.025177,0.0024414,4.9109
0.026093,0.0038147,4.9109
0.02655,0.0041199,4.9072
0.027924,0.0038147,4.9109
0.028839,0.0028992,4.9084
0.029907,0.0024414,4.9097
0.030365,0.0036621,0.037842
0.03067,0.0053406,0.045166
0.030212,0.0067139,0.041504
0.028534,0.0061035,0.047607
0.027618,0.0065613,0.046387
0.026398,0.0053406,0.048828
0.02594,0.0041199,0.054932
0.027313,0.0041199,0.054932
0.023651,0.0057983,0.068359
0.022736,0.0065613,0.056152
0.021057,0.0071716,0.05127
0.019073,0.0065613,0.059814
0.018311,0.0059509,0.063477
0.018005,0.0048828,0.058594
0.017395,0.0012207,0.062256
0.016937,0.0059509,0.059814
0.016479,0.0065613,0.062256
0.016022,0.0065613,0.063477
0.015106,0.0053406,0.065918
0.014954,0.0039673,0.061035
0.016327,0.0019836,0.067139
0.016785,0.0010681,0.067139
0.016785,-0.00045776,0.067139
0.016937,0.0030518,0.076904
0.016785,0.0042725,0.064697
0.018158,0.0038147,0.063477
0.015411,0.002594,0.058594
0.015411,0.0019836,0.047607
0.014801,0.0012207,0.053711
0.014343,0.0021362,0.053711
0.014496,0.0030518,0.047607
0.015106,0.0035095,0.048828
0.015259,0.0033569,0.048828
0.015411,0.0027466,0.046387
0.016327,0.0018311,0.045166
0.017853,0.00091553,0.046387
0.018005,0.00076294,0.039063
0.018463,0.00030518,0.045166
0.018921,0.0015259,0.045166
0.019226,0.0022888,0.042725
0.019226,0.0024414,0.036621
0.018158,0.0028992,0.041504
0.018616,0.0035095,0.046387
0.018463,0.0033569,0.039063
0.018463,0.0039673,0.048828
0.0177,0.0045776,0.039063
0.0177,0.0053406,0.037842
0.017395,0.0048828,0.039063
0.017242,0.0050354,0.040283
0.01709,0.0030518,0.041504
0.016632,0.0027466,0.045166
0.01709,-0.0036621,0.040283
0.018616,0.00076294,0.048828
0.017395,0.0012207,0.046387
0.01709,0.0010681,0.05127
0.017242,0.00076294,0.05249
0.016937,-0.00015259,0.056152
0.016479,-0.00030518,0.056152
0.017242,-0.00015259,0.061035
0.018768,0.00030518,0.074463
0.020294,0.00076294,0.063477
0.020905,0.0015259,0.062256
0.020447,0.0012207,0.063477
0.021057,0.00091553,0.054932
0.020294,0.00091553,0.059814
0.019531,0.00030518,0.061035
0.019531,-0.00015259,0.061035
0.017853,-0.00061035,0.062256
0.017853,-0.00091553,0.062256
0.016632,-0.0028992,0.067139
0.016174,-0.0015259,0.065918
0.015259,-0.0027466,0.063477
0.015717,-0.0010681,0.061035
0.016479,-0.0019836,0.063477
0.016937,-0.0036621,0.057373
0.018005,-0.0033569,0.057373
0.017548,-0.002594,0.056152
0.017395,-0.0024414,0.053711
0.016022,-0.0012207,0.058594
0.016022,-0.00030518,0.05249
0.016327,0.00091553,0.063477
0.014496,0.0012207,0.045166
0.016937,0.00030518,0.039063
0.016937,0,0.045166
0.01709,-0.00076294,0.042725
0.015717,-0.00045776,0.041504
0.016937,-0.00045776,0.041504
0.017853,-0.00015259,0.036621
0.019226,-0.0035095,0.041504
0.019684,-0.0015259,0.037842
0.020599,-0.0018311,0.039063
0.019989,-0.0015259,0.036621
0.019989,-0.002594,0.042725
0.018921,-0.0016785,0.043945
0.019073,-0.0018311,0.041504
0.020447,-0.0022888,0.048828
0.020752,-0.002594,0.042725
0.021667,-0.0033569,0.047607
0.019989,-0.004425,0.042725
0.019989,-0.005188,0.036621
0.019226,-0.0041199,0.045166
0.020142,-0.0022888,0.046387
0.021362,-0.00091553,0.047607
0.021973,0.00091553,0.056152
0.021973,0.0015259,0.057373
0.021667,0.00076294,0.059814
0.021057,-0.00045776,0.057373
0.020599,-0.0024414,0.053711
0.020142,-0.0013733,0.057373
0.020905,-0.00045776,0.059814
0.021057,0.0010681,0.064697
0.021515,0.0016785,0.063477
0.021362,0.0016785,0.059814
0.021973,-0.00030518,0.063477
0.021667,-0.0024414,0.073242
0.021362,-0.0027466,0.061035
0.022278,-0.0027466,0.070801
0.023041,-0.0021362,0.065918
0.023804,-0.0019836,4.0686
0.023041,-0.0012207,4.8804
0.022278,-0.0010681,4.9292
0.020905,-0.0013733,4.9268
0.020294,-0.00030518,4.9268
0.019379,0.00061035,4.9243
0.019989,0.0015259,4.928
0.019836,0.0016785,4.9231
0.019989,0.00045776,4.9219
0.020142,-0.00045776,4.9146
0.019531,-0.0013733,4.9207
0.019531,-0.0019836,4.9194
0.019379,-0.0015259,4.9207
0.019684,-0.0012207,4.9158
0.019989,-0.00061035,4.9158
0.019684,0.00061035,4.9146
0.018921,0.00091553,4.9133
0.01709,0.00091553,4.9048
0.016174,0.00045776,4.9097
0.015564,0.0024414,4.9182
0.014954,0.0010681,4.9109
0.015564,0.0013733,4.9097
0.016479,0.00091553,4.9097
0.01709,-0.00015259,4.9097
0.016022,-0.00091553,4.895
0.015259,-0.0013733,4.9036
0.013885,-0.002594,4.9048
0.01358,-0.0018311,4.9133
0.014191,-0.0018311,4.9084
0.014038,-0.002594,4.9133
0.01297,-0.004425,4.9158
0.011292,-0.0061035,4.9219
0.011444,-0.0062561,4.9329
0.012512,-0.0076294,4.9231
0.011902,-0.005188,4.9304
0.01358,-0.0033569,4.928
0.015106,-0.0015259,4.9182
0.016785,-0.00076294,4.9304
0.019073,-0.00076294,4.9304
0.019684,-0.00091553,4.9292
0.020752,0,4.9304
0.021057,0.0010681,4.9316
0.021667,0.0019836,4.9292
0.021667,0.0032043,4.9255
0.02182,0.002594,4.9353
0.02243,0.0018311,4.9304
0.021667,0.00030518,4.9365
0.022125,-0.0015259,4.9353
0.023193,-0.0024414,4.9377
0.02182,-0.0024414,4.9353
0.024109,-0.0015259,4.9377
0.023956,-0.0024414,4.9316
0.020905,-0.0018311,4.9329
0.022736,-0.0021362,4.9377
0.021515,-0.0039673,4.9304
0.021362,-0.0013733,4.9304
0.02121,-0.00076294,4.9231
0.019989,0.0018311,4.9219
0.019073,0.0033569,4.9182
0.017548,0.0033569,4.9048
0.019379,0.0027466,4.9231
0.018768,0.0016785,4.9158
0.019531,0.00045776,4.9146
0.022583,0,4.9133
0.021362,-0.00076294,4.9133
0.022583,-0.00045776,4.9158
0.022736,0.00015259,4.9097
0.023041,-0.00091553,4.9146
0.021667,-0.0013733,4.9243
0.020294,-0.0012207,4.9097
0.019073,-0.00091553,4.9146
0.015411,-0.00030518,4.9097
0.017853,-0.00030518,4.8999
0.0177,-0.00076294,4.9097
0.01709,-0.0018311,4.9084
0.018768,-0.0013733,4.9109
0.020294,-0.0015259,4.9109
0.021362,-0.002594,4.9109
0.023193,-0.00045776,4.9207
0.022736,-0.0019836,4.9146
0.023956,-0.0015259,4.9194
0.024261,-0.00015259,4.917
0.024872,0.00030518,4.9231
0.02533,0.0013733,4.9194
0.024109,0.0015259,4.9329
0.025787,0.00045776,4.9377
0.024567,0.0010681,4.9316
0.024872,0,4.9304
0.02533,-0.00076294,4.9414
0.027008,-0.00076294,4.9402
0.024872,-0.0015259,4.9377
0.024872,-0.0021362,4.9316
0.024719,-0.0022888,4.9292
0.02533,-0.0010681,4.9304
0.026398,-0.0016785,4.9329
0.026245,-0.00030518,4.9365
0.024719,0.0012207,4.9341
0.026703,0.0028992,4.9377
0.026703,0.0047302,4.9329
0.027924,0.0064087,4.9365
0.028076,0.0080872,4.9268
0.028992,0.0057983,4.9194
0.028076,0.0033569,4.9292
0.029449,0.004425,4.928
0.031128,0.0036621,4.9353
0.031281,0.0027466,4.9243
0.031281,0.0022888,4.9255
0.030518,0.0030518,4.9182
0.030518,0.0039673,0.036621
0.028534,0.0045776,0.047607
0.027771,0.0059509,0.042725
0.026093,0.0048828,0.041504
0.025787,0.0061035,0.042725
0.025024,0.0047302,0.039063
0.025177,0.0038147,0.040283
0.025635,0.0032043,0.029297
0.023193,0.002594,0.042725
0.025024,0.0032043,0.039063
0.025177,-0.00045776,0.039063
0.025787,0.0018311,0.041504
0.026245,0.0022888,0.037842
0.026398,0.0028992,0.032959
0.024567,0.0016785,0.041504
0.025024,0.0067139,0.041504
0.024567,0.007019,0.042725
0.025024,0.0068665,0.040283
0.021667,0.0056458,0.047607
0.02655,0.0045776,0.047607
0.027618,0.005188,0.047607
0.028534,0.0059509,0.054932
0.031738,0.0061035,0.053711
0.027924,0.0054932,0.057373
0.027771,0.0048828,0.054932
0.027008,0.0048828,0.056152
0.025482,0.0035095,0.059814
0.025024,0.0041199,0.061035
0.022736,0.0041199,0.059814
0.021667,0.0039673,0.064697
0.020752,0.0035095,0.058594
0.019989,0.0022888,0.062256
0.02121,0.0019836,0.075684
0.021362,0.0019836,0.062256
0.024261,0.002594,0.064697
0.025024,0.0030518,0.067139
0.025787,0.0028992,0.046387
0.024719,0.0015259,0.064697
0.024261,-0.00061035,0.064697
0.023956,-0.0019836,0.062256
0.021973,-0.0022888,0.062256
0.023346,-0.0022888,0.056152
0.022888,-0.0019836,0.058594
0.022125,-0.0027466,0.053711
0.020447,-0.0033569,0.05249
0.021515,-0.0062561,0.047607
0.021515,-0.0067139,0.048828
0.023346,-0.0064087,0.046387
0.024872,-0.0054932,0.048828
0.026093,-0.0038147,0.05249
0.027618,-0.0024414,0.046387
0.026703,-0.0024414,0.047607
0.026855,-0.0022888,0.043945
0.026093,-0.0010681,0.039063
0.027618,0,0.037842
0.028229,0.0018311,0.021973
0.029602,0.0028992,0.036621
0.030365,0.0035095,0.041504
0.030365,0.0035095,0.037842
0.030212,0.0022888,0.040283
0.028992,0.0016785,0.037842
0.028687,0.0012207,0.040283
0.028381,0.0016785,0.037842
0.028534,0.0013733,0.042725
0.027618,0.00091553,0.041504
0.026703,0.00076294,0.045166
0.025177,-0.00015259,0.043945
0.02243,0.00030518,0.050049
0.022888,0.0016785,0.061035
0.02182,0.0030518,0.056152
0.021667,0.0041199,0.068359
0.021515,0.0042725,0.054932
0.02121,0.0035095,0.05127
0.020142,0.0027466,0.061035
0.019073,0.0024414,0.062256
0.017395,0.0024414,0.058594
0.016785,0.0027466,0.063477
0.016022,0.0018311,0.057373
0.015869,0.0015259,0.062256
0.016022,0.0015259,0.059814
0.015564,0.0019836,0.065918
0.015411,0.0032043,0.059814
0.015869,0.0024414,0.063477
0.014954,0.0032043,0.06958
0.014801,0.0038147,0.067139
0.015564,0.0036621,0.067139
0.016174,0.0028992,0.067139
0.01709,0.0022888,0.06958
0.0177,0.00030518,0.058594
0.017242,0.00015259,0.070801
0.016327,-0.0012207,0.056152
0.015717,-0.0010681,0.058594
0.014801,-0.0010681,0.05127
0.016479,-0.00061035,0.05127
0.01709,0.00045776,0.048828
0.017548,0.0016785,0.047607
0.018158,0.0019836,0.042725
0.016785,0.002594,0.048828
0.016174,0.002594,0.039063
0.015717,0.0019836,0.043945
0.016174,0.0030518,0.041504
0.017548,0.0036621,0.042725
0.018005,0.0030518,0.040283
0.0177,0.0022888,0.041504
0.017853,0.0013733,0.050049
0.017395,0.00091553,0.041504
0.01709,0.0016785,0.039063
0.0177,0.0028992,0.040283
0.018158,0.005188,0.025635
0.018311,0.0065613,0.031738
0.018311,0.0064087,0.037842
0.018463,0.0057983,0.041504
0.019226,0.0050354,0.042725
0.019379,0.0038147,0.040283
0.020294,0.0042725,0.045166
0.018768,0.0042725,0.046387
0.018768,0.0042725,0.048828
0.018616,0.0039673,3.4082
0.01709,0.0035095,4.8328
0.016327,0.0010681,4.9158
0.015106,-0.0010681,4.9243
0.014038,0.00091553,4.9268
0.014648,0.0024414,4.928
0.013123,0.0039673,4.9353
0.01358,0.0045776,4.9329
0.014496,0.0042725,4.9414
0.013733,0.002594,4.9316
0.014191,0.00091553,4.9219
0.013275,0.00030518,4.9329
0.012817,0.00061035,4.9316
0.01236,0.0010681,4.9353
0.012207,0.0027466,4.939
0.012665,0.0028992,4.9341
0.013428,0.0036621,4.9365
0.01236,0.0018311,4.9316
0.012207,0.0010681,4.9353
0.011902,0.0016785,4.9292
0.013275,0.0015259,4.9304
0.014038,0.002594,4.928
0.015259,0.0038147,4.9292
0.017548,0.0036621,4.9255
0.017853,0.004425,4.9146
0.017548,0.002594,4.9207
0.018921,0.0010681,4.9182
0.016632,0.00091553,4.9146
0.020599,0.0021362,4.9133
0.020752,0.0039673,4.9121
0.021515,0.0056458,4.9133
0.021515,0.0057983,4.9121
0.021362,0.0048828,4.9121
0.021362,0.0041199,4.9097
0.024261,0.0032043,4.9084
0.021057,0.004425,4.9158
0.020905,0.0059509,4.9084
0.019531,0.0057983,4.9109
0.01709,0.0054932,4.9109
0.016479,0.0035095,4.9109
0.014191,0.00091553,4.9097
0.012665,-0.0053406,4.9097
0.011444,-0.0041199,4.9219
0.012054,-0.0053406,4.9146
0.011597,-0.0053406,4.9207
0.011597,-0.005188,4.9158
0.011139,-0.0047302,4.8987
0.012817,-0.0047302,4.9207
0.015106,-0.0045776,4.9182
0.017395,-0.0038147,4.9231
0.019073,-0.0019836,4.9255
0.021973,-0.00091553,4.9255
0.023651,0.00015259,4.9329
0.026093,0.00045776,4.9329
0.025635,-0.00061035,4.9316
0.026245,-0.0012207,4.928
0.026855,-0.0024414,4.9231
0.02655,-0.0045776,4.9304
0.028992,-0.0032043,4.9316
0.029297,-0.0030518,4.9426
0.028534,-0.0019836,4.9365
0.026703,-0.0010681,4.9329
0.026855,0,4.9377
0.027008,0.00061035,4.9426
0.027618,0.00076294,4.9353
0.028229,0.0018311,4.9304
0.028229,0.0027466,4.9329
0.027466,0.0033569,4.9329
0.026855,0.002594,4.9255
0.025177,0.0041199,4.9255
0.023193,0.0038147,4.9231
0.020447,0.0030518,4.9243
0.019531,0.0027466,4.9097
0.018921,0.002594,4.9207
0.018768,0.0015259,4.9194
0.016479,0.00045776,4.9207
0.0177,-0.0016785,4.9146
0.0177,-0.0035095,4.917
0.018768,-0.0028992,4.9255
0.018616,-0.005188,4.9133
0.019684,-0.0041199,4.9219
0.020142,-0.0024414,4.9097
0.019379,-0.0015259,4.9023
0.01709,-0.00091553,4.9133
0.015411,-0.0024414,4.9121
0.015259,-0.0042725,4.9072
0.015259,-0.0074768,4.9109
0.017242,-0.0054932,4.9097
0.018463,-0.0053406,4.9084
0.020294,-0.0053406,4.9072
0.022278,-0.0056458,4.9133
0.023041,-0.007019,4.9097
0.023193,-0.0067139,4.9146
0.022125,-0.0065613,4.9011
0.025482,-0.005188,4.9194
0.02655,-0.0039673,4.9268
0.026093,-0.0024414,4.9243
0.025787,-0.00076294,4.928
0.021057,-0.0024414,4.928
0.023041,-0.0036621,4.9316
0.022278,-0.0050354,4.9329
0.021667,-0.0054932,4.9194
0.022583,-0.0050354,4.9292
0.022888,-0.0041199,4.9304
0.02243,-0.0024414,4.9304
0.022125,-0.0016785,4.9316
0.020599,-0.0021362,4.9292
0.019989,-0.0035095,4.9353
0.020294,-0.004425,4.9329
0.020294,-0.0045776,0.063477
0.02121,-0.0033569,0.068359
0.020294,-0.0039673,0.068359
0.018005,-0.0038147,0.062256
0.019226,-0.0039673,0.065918
0.019989,-0.0039673,0.075684
0.021362,-0.0047302,0.061035
0.024719,-0.0035095,0.067139
0.025635,-0.0021362,0.057373
0.027466,-0.00015259,0.037842
0.027924,0.0021362,0.05127
0.029297,0.0021362,0.050049
0.029755,0.0039673,0.046387
0.029755,0.0032043,0.050049
0.029755,0.0057983,0.042725
0.03006,0.0018311,0.050049
0.029907,0.0018311,0.041504
0.03006,0.0019836,0.045166
0.028992,0.00091553,0.041504
0.028839,-0.00045776,0.043945
0.027313,-0.0015259,0.040283
0.027008,-0.0032043,0.040283
0.026245,-0.0038147,0.042725
0.02533,-0.0048828,0.040283
0.024872,-0.0047302,0.040283
0.022736,-0.0053406,0.042725
0.020752,-0.0057983,0.030518
0.018158,-0.0057983,0.036621
0.017395,-0.0061035,0.036621
0.0177,-0.0045776,0.040283
0.018005,-0.0038147,0.041504
0.018768,-0.0022888,0.039063
0.019531,-0.00030518,0.042725
0.019379,0.00061035,0.041504
0.021973,0.00030518,0.048828
0.023041,0.0010681,0.05249
0.026398,0.0024414,0.056152
0.027924,0.0019836,0.058594
0.029297,0.0036621,0.059814
0.029755,0.0035095,0.061035
0.029144,0.0047302,0.062256
0.029602,0.0059509,0.063477
0.028687,0.0048828,0.062256
0.028229,0.0042725,0.074463
0.027313,0.0042725,0.056152
0.02655,0.0035095,0.048828
0.02533,0.002594,0.061035
0.023651,0.00045776,0.067139
0.022888,-0.0018311,0.061035
0.02243,-0.0047302,0.065918
0.022125,-0.0073242,0.062256
0.022278,-0.0071716,0.067139
0.022736,-0.0065613,0.063477
0.023193,-0.0048828,0.065918
0.022278,-0.0038147,0.056152
0.022583,-0.0015259,0.059814
0.022278,0.00045776,0.058594
0.021667,0.0016785,0.056152
0.023041,0.0019836,0.056152
0.023041,0.0028992,0.048828
0.023499,0.0039673,0.048828
0.023956,0.0059509,0.043945
0.024567,0.0083923,0.041504
0.024872,0.010071,0.046387
0.025787,0.010681,0.041504
0.026093,0.010071,0.040283
0.026398,0.009613,0.043945
0.027313,0.0099182,0.040283
0.028229,0.010529,0.039063
0.028534,0.011444,0.037842
0.029144,0.011902,0.039063
0.029449,0.012512,0.037842
0.029449,0.011139,0.040283
0.029297,0.0094604,0.040283
0.028687,0.0093079,0.041504
0.028229,0.0082397,0.0354
0.027466,0.010376,0.037842
0.025787,0.011139,0.054932
0.025024,0.012512,0.043945
0.023651,0.011139,0.053711
0.02243,0.0093079,0.047607
0.021362,0.0082397,0.031738
0.02121,0.0085449,0.047607
0.02121,0.009613,0.056152
0.016785,0.010986,0.056152
0.019531,0.011444,0.057373
0.018158,0.010071,0.053711
0.0177,0.0082397,0.061035
0.017242,0.009613,0.061035
0.015411,0.0082397,0.062256
0.014801,0.0090027,0.058594
0.014191,0.010529,0.064697
0.013123,0.010223,0.062256
0.013428,0.010071,0.063477
0.014038,0.0080872,0.072021
0.014801,0.0056458,0.063477
0.015259,0.0074768,0.063477
0.015869,0.0045776,0.064697
0.016479,0.0050354,0.076904
0.017548,0.0050354,0.065918
0.018768,0.0033569,0.070801
0.019073,0.0028992,0.064697
0.020142,0.00076294,0.059814
0.020599,-0.00045776,0.058594
0.021667,-0.00015259,0.054932
0.021667,0.0010681,0.05249
0.023041,0.005188,0.05127
0.023041,0.0019836,0.045166
0.024261,0.0032043,0.048828
0.024261,0.0032043,0.046387
0.023956,0.0033569,0.050049
0.023651,0.0041199,0.043945
0.023193,0.0048828,0.047607
0.023346,0.0056458,0.05127
0.023041,0.0083923,0.043945
0.022888,0.0059509,0.048828
0.022278,0.0050354,0.039063
0.021973,0.0032043,1.4612
0.022888,0.0015259,4.7058
0.021973,0.0015259,4.8938
0.021515,0.0027466,4.9048
0.02182,0.0061035,4.9097
0.02243,0.0061035,4.9097
0.021973,0.0062561,4.9109
0.022125,0.0056458,4.906
0.02182,0.007019,4.9133
0.022278,0.002594,4.9097
0.021515,0.0028992,4.9194
0.022125,0.0035095,4.9182
0.022736,0.0036621,4.9231
0.022888,0.0045776,4.9194
0.02121,0.0030518,4.9219
0.022125,0.0015259,4.9231
0.020905,-0.0018311,4.906
0.020142,-0.0012207,4.939
0.019226,0.00030518,4.9304
0.017548,0.0022888,4.9231
0.015869,0.0027466,4.9304
0.014191,0.0024414,4.9329
0.01236,0.00045776,4.9304
0.01236,-0.0010681,4.9292
0.011597,-0.0019836,4.928
0.01358,-0.0012207,4.9353
0.014648,0.00015259,4.9341
0.014191,0.0012207,4.9377
0.016174,0.00030518,4.9341
0.016632,-0.0018311,4.9377
0.017242,-0.0039673,4.9304
0.016785,-0.0050354,4.9377
0.019836,-0.0033569,4.9451
0.020905,-0.0012207,4.9304
0.021057,0.0032043,4.928
0.021362,0.0027466,4.928
0.022125,0.0021362,4.9084
0.021515,-0.00076294,4.9194
0.018616,0.00076294,4.9207
0.02243,-0.0032043,4.9194
0.022888,-0.0015259,4.9194
0.023651,-0.0010681,4.9072
0.024109,0.0013733,4.9158
0.023499,0.00045776,4.9133
0.022278,-0.0015259,4.9207
0.020142,-0.0041199,4.9097
0.019989,-0.0033569,4.9146
0.019684,-0.0012207,4.9109
0.019989,0.00076294,4.9146
0.020294,0.0032043,4.9097
0.018921,0.0021362,4.9121
0.01709,-0.00045776,4.9146
0.016479,-0.0032043,4.9097
0.015717,-0.0050354,4.9182
0.016632,-0.0042725,4.9182
0.017548,-0.0028992,4.9036
0.018311,-0.0024414,4.9109
0.018463,-0.0010681,4.9109
0.018311,-0.0019836,4.9109
0.018463,-0.0030518,4.9146
0.018768,-0.0030518,4.9158
0.019836,-0.0045776,4.9194
0.020447,-0.0028992,4.9231
0.021057,-0.0016785,4.9292
0.021667,-0.00015259,4.9268
0.02182,-0.00045776,4.9304
0.021362,-0.0010681,4.9292
0.02121,-0.0024414,4.9329
0.022583,-0.0022888,4.9402
0.023193,-0.00076294,4.9341
0.02243,0.0019836,4.9329
0.022736,0.0047302,4.9341
0.02121,0.0038147,4.9292
0.020599,0.0021362,4.9329
0.019836,0,4.9341
0.019531,-0.0027466,4.9353
0.020599,-0.0016785,4.9377
0.019989,-0.00076294,4.9377
0.020142,0.0010681,4.9353
0.019226,0.0022888,4.9329
0.0177,0.00076294,4.928
0.016632,-0.0015259,4.9268
0.015717,-0.0033569,4.9304
0.014496,-0.0041199,4.928
0.01358,-0.0030518,4.9268
0.012665,-0.0016785,4.9231
0.011444,-0.0012207,4.9146
0.010681,-0.0024414,4.9316
0.010834,-0.0035095,4.917
0.011292,-0.0061035,4.928
0.011597,-0.007782,4.9182
0.014343,-0.0068665,4.9146
0.016022,-0.0053406,4.9109
0.018463,-0.0036621,4.9109
0.018768,-0.00045776,4.9109
0.019379,-0.00076294,4.9133
0.020294,-0.00030518,4.9048
0.021362,-0.00091553,4.9182
0.022278,-0.0010681,4.9084
0.02182,-0.00045776,4.9109
0.021667,0.00091553,4.9097
0.02182,0.00061035,4.9133
0.020905,0,4.9109
0.021362,-0.0028992,4.9146
0.022736,-0.0067139,4.9243
0.023651,-0.0073242,4.9158
0.025177,-0.0067139,4.9194
0.02594,-0.0045776,4.9146
0.02594,-0.0032043,4.9084
0.02655,-0.00045776,4.9243
0.02533,0,0.053711
0.026245,-0.00030518,0.056152
0.02655,-0.0019836,0.056152
0.027008,-0.00076294,0.056152
0.027161,0.00076294,0.062256
0.026703,0.0024414,0.059814
0.024414,0.002594,0.064697
0.022278,0.0019836,0.058594
0.019226,-0.00061035,0.062256
0.016785,-0.0032043,0.059814
0.016174,-0.0042725,0.063477
0.015259,-0.0047302,0.06958
0.01358,-0.0050354,0.064697
0.011902,-0.0041199,0.067139
0.010376,-0.0053406,0.067139
0.0097656,-0.0080872,0.079346
0.010223,-0.009613,0.065918
0.012512,-0.012207,0.05127
0.015106,-0.011597,0.062256
0.015411,-0.010376,0.059814
0.018311,-0.0067139,0.05127
0.01709,-0.0036621,0.057373
0.017548,-0.0010681,0.05127
0.017395,0.0012207,0.05249
0.019379,0.0024414,0.047607
0.02182,0.0033569,0.05127
0.023193,0.005188,0.047607
0.025024,0.0057983,0.042725
0.02533,0.0057983,0.047607
0.024872,0.0035095,0.045166
0.02533,0,0.05127
0.025024,-0.0027466,0.043945
0.028534,-0.0054932,0.046387
0.026093,-0.0062561,0.039063
0.024567,-0.0047302,0.026855
0.020905,-0.0027466,0.040283
0.017395,-0.0018311,0.039063
0.013733,-0.0013733,0.037842
0.011749,-0.0018311,0.037842
0.012207,-0.0018311,0.040283
0.013123,-0.0013733,0.040283
0.014648,-0.00061035,0.036621
0.015259,0.00030518,0.043945
0.014496,0.0012207,0.039063
0.015411,0.0012207,0.045166
0.016937,0.00091553,0.05127
0.019836,0.0013733,0.05249
0.023804,0.0018311,0.050049
0.026703,0.0036621,0.054932
0.029907,0.0064087,0.056152
0.029755,0.009613,0.059814
0.029297,0.011597,0.065918
0.029449,0.013428,0.062256
0.029297,0.014343,0.05127
0.032501,0.015869,0.059814
0.029907,0.011444,0.063477
0.029755,0.009613,0.058594
0.027008,0.0080872,0.061035
0.022888,0.0054932,0.059814
0.019379,0.0027466,0.063477
0.0177,-0.00061035,0.059814
0.016479,-0.007019,0.067139
0.016479,-0.0083923,0.061035
0.016022,-0.012512,0.065918
0.015411,-0.014801,0.064697
0.01358,-0.015106,0.065918
0.012512,-0.015106,0.076904
0.012207,-0.012512,0.062256
0.014038,-0.009613,0.054932
0.017395,-0.0064087,0.054932
0.019989,-0.0024414,0.036621
0.021515,0.0015259,0.048828
0.022736,0.0041199,0.048828
0.022125,0.0093079,0.046387
0.022125,0.011444,0.045166
0.023804,0.012512,0.045166
0.027008,0.011444,0.043945
0.029755,0.010071,0.042725
0.032501,0.007782,0.043945
0.0354,0.007019,0.037842
0.035553,0.0074768,0.043945
0.036163,0.0093079,0.037842
0.037079,0.010986,0.041504
0.038452,0.012512,0.037842
0.036469,0.012817,0.041504
0.040588,0.013885,0.046387
0.039673,0.014038,0.041504
0.036774,0.013733,0.048828
0.033722,0.013275,0.036621
0.030518,0.011444,0.037842
0.028992,0.007782,0.040283
0.029755,0.0039673,0.042725
0.027771,-0.00030518,0.042725
0.026398,-0.0035095,0.05127
0.023499,-0.0050354,0.046387
0.021057,-0.0067139,0.054932
0.016479,-0.0071716,0.05127
0.014191,-0.0065613,0.058594
0.014038,-0.0053406,0.053711
0.014801,-0.0041199,0.059814
0.016327,-0.0018311,0.064697
0.016327,0.0013733,0.063477
0.016174,0.0045776,0.072021
0.015869,0.0071716,0.062256
0.016479,0.0097656,0.064697
0.019226,0.011292,0.05249
0.023041,0.011749,0.064697
0.027618,0.013123,0.064697
0.031281,0.012207,0.062256
0.031738,0.011902,0.061035
0.034027,0.011292,0.067139
0.036316,0.0099182,0.065918
0.038757,0.0090027,0.065918
0.041351,0.007782,0.061035
0.043793,0.0042725,0.062256
0.045471,0.0024414,0.056152
0.044861,0.0028992,0.83008
0.042419,0.0015259,4.6875
0.036163,0.0030518,4.906
0.032196,0.0050354,4.9158
0.029907,0.0065613,4.9207
0.031128,0.0076294,4.9329
0.032196,0.0071716,4.9158
0.030975,0.0067139,4.9268
0.029144,0.007019,4.9158
0.02655,0.0076294,4.9072
0.025177,0.0090027,4.9109
0.023651,0.0088501,4.9121
0.024261,0.0080872,4.9121
0.023193,0.0071716,4.9097
0.021667,0.0061035,4.9084
0.016937,0.005188,4.9133
0.016327,0.0056458,4.9072
0.016479,0.0056458,4.9084
0.017395,0.0065613,4.9084
0.020142,0.0090027,4.9146
0.024261,0.0054932,4.9072
0.027008,0.0032043,4.9121
0.028229,0.0021362,4.9158
0.027313,0.0024414,4.9146
0.026703,0.0022888,4.9121
0.026398,0.0033569,4.9194
0.026703,0.0053406,4.9194
0.028839,0.0059509,4.9231
0.031738,0.0056458,4.9207
0.032654,0.0045776,4.9292
0.032806,0.0027466,4.928
0.031281,0.0019836,4.9182
0.029755,0.0010681,4.9304
0.029755,0.00045776,4.9304
0.029144,-0.00061035,4.9329
0.029144,-0.0036621,4.9268
0.027008,-0.0059509,4.9329
0.024414,-0.007019,4.928
0.02182,-0.0061035,4.9341
0.016937,-0.0035095,4.9329
0.015106,-0.00015259,4.9341
0.014801,0.0027466,4.9426
0.016327,0.0033569,4.9292
0.0177,0.0019836,4.9426
0.019989,0.00091553,4.9341
0.020142,-0.00030518,4.9207
0.020294,0.00015259,4.9316
0.020599,0.0013733,4.9292
0.022278,0.0024414,4.9255
0.024261,0.0032043,4.9268
0.026703,0.0030518,4.9231
0.027924,0.0033569,4.9231
0.027771,0.0045776,4.9194
0.027313,0.0065613,4.9207
0.025482,0.0099182,4.917
0.024872,0.011902,4.917
0.02594,0.011444,4.9182
0.027008,0.011139,4.9023
0.029144,0.0064087,4.9133
0.027313,0.0030518,4.9146
0.029144,0,4.9109
0.024261,-0.00091553,4.9109
0.021362,-0.0013733,4.9084
0.017853,-0.0013733,4.9036
0.019073,-0.0016785,4.9182
0.017548,-0.002594,4.906
0.016937,-0.0032043,4.9084
0.014343,-0.002594,4.9084
0.01297,-0.0013733,4.9109
0.011139,-0.00091553,4.9097
0.010834,0.00061035,4.9133
0.01236,-0.0018311,4.9109
0.014496,-0.0012207,4.9158
0.017395,-0.0038147,4.9207
0.019226,-0.005188,4.9219
0.017395,-0.0056458,4.9207
0.015564,-0.0039673,4.9243
0.014343,-0.0021362,4.9329
0.015717,0.00076294,4.9194
0.016632,-0.00030518,4.9353
0.0177,0.00030518,4.9316
0.019989,0.00091553,4.9158
0.020447,0.0018311,4.9304
0.020752,0.0038147,4.9304
0.020905,0.0053406,4.9377
0.022125,0.0062561,4.928
0.023346,0.0062561,4.928
0.024414,0.0028992,4.9353
0.024872,-0.00045776,4.9329
0.023041,-0.0024414,4.9377
0.019379,-0.0041199,4.9329
0.015106,-0.0036621,4.9377
0.012665,-0.0038147,4.9341
0.01236,-0.0047302,4.9341
0.014191,-0.007019,4.9402
0.015717,-0.0086975,4.9304
0.017242,-0.0093079,4.9255
0.015411,-0.0083923,4.9268
0.014038,-0.0056458,4.9231
0.012512,-0.0022888,4.9194
0.01358,-0.00015259,4.9194
0.017395,0.00015259,4.9182
0.015717,-0.0018311,4.9194
0.015869,-0.0038147,4.9146
0.015259,-0.0053406,4.9158
0.012817,-0.0062561,4.9048
0.0097656,-0.0065613,4.917
0.0099182,-0.005188,4.906
0.011292,-0.0045776,4.9109
0.01297,-0.005188,4.9097
0.014954,-0.0054932,4.9109
0.016785,-0.0053406,0.041504
0.01709,-0.0048828,0.041504
0.015411,-0.0018311,0.050049
0.015259,0.00091553,0.040283
0.017395,0.0032043,0.05249
0.021667,0.0042725,0.0354
0.023193,0.0035095,0.031738
0.025787,0.0019836,0.042725
0.025024,-0.0036621,0.042725
0.024872,-0.0015259,0.043945
0.021515,-0.0015259,0.047607
0.019684,-0.0010681,0.048828
0.019684,-0.00091553,0.05249
0.019379,-0.0013733,0.054932
0.019989,-0.002594,0.059814
0.018616,-0.0039673,0.056152
0.016327,-0.0032043,0.063477
0.014648,-0.00076294,0.063477
0.012054,0.0013733,0.064697
0.01358,0.0032043,0.067139
0.011902,0.0038147,0.062256
0.01236,0.0013733,0.059814
0.011902,-0.00061035,0.062256
0.0099182,-0.0028992,0.067139
0.0065613,-0.0019836,0.063477
0.0045776,-0.00076294,0.062256
0.0048828,0.00045776,0.053711
0.007782,0,0.064697
0.0093079,0.00061035,0.065918
0.010986,0.0022888,0.065918
0.011597,0.0042725,0.059814
0.011139,0.007019,0.063477
0.010529,0.010986,0.057373
0.011597,0.012665,0.057373
0.014648,0.013428,0.054932
0.017548,0.011139,0.054932
0.020447,0.0071716,0.048828
0.02182,0.0027466,0.050049
0.021515,-0.00030518,0.058594
0.021362,-0.0019836,0.047607
0.020599,-0.0035095,0.054932
0.021057,-0.0042725,0.047607
0.020294,-0.0076294,0.030518
0.022125,-0.010071,0.040283
0.02121,-0.011749,0.042725
0.019379,-0.010986,0.037842
0.016174,-0.0079346,0.041504
0.015411,-0.0039673,0.0354
0.015106,-0.00030518,0.040283
0.016327,0.00091553,0.037842
0.018005,0.00091553,0.041504
0.018768,-0.0010681,0.037842
0.018921,-0.0022888,0.042725
0.018768,-0.00045776,0.037842
0.018616,0.0012207,0.042725
0.019836,0.0047302,0.05127
0.022583,0.0064087,0.043945
0.025482,0.0064087,0.045166
0.027466,0.0045776,0.046387
0.028534,0.0035095,0.046387
0.028229,0.0062561,0.05127
0.027771,0.0074768,0.057373
0.026855,0.011139,0.058594
0.027161,0.013275,0.059814
0.026093,0.012512,0.058594
0.031281,0.0094604,0.059814
0.032196,0.0061035,0.059814
0.032043,0.0036621,0.058594
0.033722,0.0012207,0.058594
0.031433,0.0016785,0.064697
0.031281,0.00076294,0.059814
0.031128,0.0048828,0.065918
0.033417,-0.0012207,0.064697
0.033875,-0.0030518,0.065918
0.032196,-0.0028992,0.076904
0.028992,-0.00030518,0.068359
0.02594,0.0038147,0.074463
0.023651,0.0085449,0.063477
0.023193,0.012054,0.05127
0.023956,0.013275,0.061035
0.023804,0.011597,0.057373
0.022278,0.0090027,0.05249
0.020294,0.0073242,0.056152
0.016937,0.0065613,0.05127
0.016022,0.0067139,0.05127
0.015717,0.007782,0.047607
0.016479,0.0068665,0.05127
0.018768,0.0061035,0.045166
0.020447,0.0041199,0.046387
0.021667,0.0028992,0.046387
0.023346,0.0042725,0.045166
0.026245,0.0065613,0.041504
0.026855,0.010376,0.042725
0.032043,0.011749,0.041504
0.034332,0.011902,0.037842
0.036774,0.0099182,0.042725
0.036926,0.007782,0.040283
0.035706,0.0061035,0.029297
0.033722,0.0064087,0.037842
0.031586,0.0074768,0.040283
0.031281,0.007782,0.036621
0.03067,0.0067139,0.040283
0.031433,0.0047302,0.037842
0.031586,0.0022888,0.043945
0.029755,0.0021362,0.043945
0.02655,0.0032043,0.048828
0.02594,0.0053406,0.046387
0.025024,0.0082397,0.053711
0.023956,0.0059509,0.054932
0.023651,0.0091553,0.057373
0.023651,0.0074768,0.070801
0.022583,0.0054932,0.061035
0.022125,0.0050354,0.059814
0.02121,0.0056458,0.059814
0.02121,0.0073242,0.050049
0.021973,0.007782,0.064697
0.023651,0.007019,4.5605
0.023499,0.004425,4.9036
0.024261,0.0016785,4.9243
0.023804,-0.00015259,4.9255
0.024109,-0.00076294,4.9353
0.025024,-0.00030518,4.9316
0.026245,0.0027466,4.9353
0.02655,0.0015259,4.9316
0.030823,0.0012207,4.9377
0.032654,0,4.9341
0.033264,-0.0012207,4.9329
0.032349,-0.0010681,4.9353
0.032501,0.00045776,4.9316
0.029907,0.0022888,4.9304
0.029297,0.0035095,4.9255
0.029907,0.0033569,4.9341
0.031128,0.0024414,4.9207
0.031128,0.00030518,4.9231
0.030518,-0.00045776,4.9207
0.030518,-0.00076294,4.9158
0.03006,0.00045776,4.9133
0.030518,0.0012207,4.9146
0.03067,0.00045776,4.9133
0.031891,-0.0016785,4.9109
0.032043,-0.0039673,4.9084
0.031281,-0.0062561,4.9097
0.028992,-0.0064087,4.9097
0.030212,-0.0057983,4.9133
0.03006,-0.0036621,4.9097
0.030212,-0.0028992,4.9121
0.031586,-0.0028992,4.9158
0.032959,-0.0038147,4.9133
0.033569,-0.005188,4.9146
0.033417,-0.0064087,4.9084
0.033417,-0.0036621,4.8999
0.033875,-0.0018311,4.9158
0.033569,-0.00076294,4.9097
0.034027,-0.0012207,4.9146
0.035553,-0.0039673,4.9207
0.036011,-0.0068665,4.9182
0.035858,-0.0097656,4.9182
0.03479,-0.010529,4.9231
0.033264,-0.0097656,4.9304
0.031586,-0.0088501,4.9268
0.030823,-0.0086975,4.9316
0.028381,-0.0091553,4.9316
0.027313,-0.010681,4.9341
0.026398,-0.011597,4.9316
0.025482,-0.010986,4.9304
0.025635,-0.0083923,4.9329
0.02594,-0.0053406,4.9353
0.026703,-0.0027466,4.9414
0.027924,-0.0024414,4.9329
0.029449,-0.0042725,4.9219
0.031128,-0.0064087,4.9329
0.032196,-0.0073242,4.9329
0.032959,-0.0062561,4.9353
0.032959,-0.0033569,4.9353
0.033264,-0.0013733,4.9304
0.031586,-0.00061035,4.9329
0.031891,-0.0013733,4.9268
0.032043,-0.0033569,4.9268
0.032043,-0.0059509,4.9231
0.031738,-0.0067139,4.9255
0.03067,-0.0059509,4.9207
0.029144,-0.0053406,4.9231
0.028229,-0.0042725,4.9304
0.027161,-0.0053406,4.9182
0.026398,-0.0068665,4.9146
0.025787,-0.007782,4.9158
0.025177,-0.0080872,4.895
0.024261,-0.0061035,4.9109
0.024567,-0.0028992,4.9109
0.024261,0.00061035,4.9121
0.024261,0.0030518,4.9109
0.023956,0.0042725,4.9072
0.023804,0.0039673,4.9097
0.023193,0.0032043,4.9084
0.023651,0.0032043,4.8987
0.020752,0.0028992,4.9084
0.020294,0.0038147,4.9158
0.02121,0.0041199,4.9109
0.016022,0.002594,4.9146
0.014343,0.0010681,4.917
0.012054,0.00030518,4.9133
0.011749,-0.00015259,4.9133
0.01358,0.00030518,4.9194
0.013275,0.0019836,4.9268
0.012512,-0.0019836,4.9255
0.011292,0.0019836,4.9207
0.010529,0.00045776,4.9255
0.011139,-0.0010681,4.9292
0.011749,-0.0015259,4.9292
0.012665,-0.00045776,4.9304
0.012665,0.00015259,4.9304
0.011902,0.00030518,4.9316
0.009613,0.00015259,4.9243
0.010223,-0.00030518,4.9341
0.010071,0.00045776,4.9292
0.010681,0.0013733,4.9329
0.011444,0.0039673,4.9341
0.012665,0.0036621,4.9377
0.01358,0.0047302,4.9414
0.012512,0.0038147,4.9377
0.010986,0.0018311,4.9377
0.010834,0.00015259,4.9353
0.010681,-0.0018311,4.9243
0.010529,-0.0019836,4.9341
0.010834,-0.00091553,4.9255
0.010223,-0.00076294,4.9231
0.0099182,-0.00015259,0.12695
0.0076294,-0.0012207,0.05127
0.0094604,-0.0019836,0.047607
0.010681,-0.002594,0.046387
0.011597,-0.0019836,0.047607
0.012817,0.00076294,0.045166
0.013428,0.0028992,0.043945
0.01358,0.0053406,0.047607
0.014191,0.0062561,0.045166
0.013123,0.0054932,0.037842
0.012207,0.0045776,0.041504
0.013428,0.0041199,0.045166
0.016022,0.0045776,0.039063
0.014801,0.0062561,0.041504
0.015564,0.0073242,0.037842
0.015259,0.0083923,0.030518
0.017242,0.005188,0.037842
0.017242,0.0027466,0.040283
0.01709,0.00076294,0.040283
0.016632,0.0027466,0.040283
0.010681,0.0010681,0.028076
0.014954,0,0.042725
0.013428,0.00015259,0.043945
0.011902,0.00061035,0.047607
0.010071,-0.0013733,0.046387
0.0088501,-0.0012207,0.05249
0.0080872,-0.0010681,0.053711
0.0073242,0.00015259,0.058594
0.0086975,0.0012207,0.070801
0.009613,0.0024414,0.057373
0.013733,0.0021362,0.067139
0.013275,0.0022888,0.063477
0.01358,0.002594,0.046387
0.014801,0.0028992,0.061035
0.015717,0.0030518,0.054932
0.014496,0.0045776,0.061035
0.016479,0.0062561,0.061035
0.016785,0.0097656,0.061035
0.016785,0.0068665,0.065918
0.017242,0.0057983,0.063477
0.01709,0.0057983,0.068359
0.01709,0.0061035,0.063477
0.0177,0.010529,0.06958
0.018311,0.0068665,0.064697
0.017853,0.0068665,0.064697
0.0177,0.0054932,0.065918
0.0177,0.004425,0.058594
0.018616,0.0042725,0.056152
0.018921,0.0041199,0.054932
0.021515,0.004425,0.063477
0.020294,0.0054932,0.050049
0.019989,0.0056458,0.059814
0.019989,0.005188,0.047607
0.021667,0.0047302,0.045166
0.02121,0.0042725,0.042725
0.020599,0.0047302,0.047607
0.019989,0.0050354,0.03418
0.019684,0.0048828,0.040283
0.019684,0.0061035,0.039063
0.019379,0.0061035,0.045166
0.019379,0.0071716,0.037842
0.019379,0.0048828,0.043945
0.019226,0.0048828,0.041504
0.019379,0.0047302,0.041504
0.021515,0.0047302,0.048828
0.021667,0.0056458,0.041504
0.021973,0.0059509,0.050049
0.022736,0.0048828,0.036621
0.023041,0.004425,0.029297
0.023041,0.0042725,0.043945
0.022736,0.0048828,0.045166
0.022736,0.0050354,0.046387
0.023499,0.0053406,0.047607
0.023651,0.0050354,0.050049
0.024414,0.0045776,0.054932
0.024872,0.0047302,0.056152
0.025635,0.005188,0.059814
0.027008,0.0064087,0.057373
0.027924,0.0076294,0.057373
0.029297,0.0085449,0.062256
0.029907,0.0079346,0.065918
0.030518,0.0079346,0.061035
0.030518,0.0076294,0.061035
0.030823,0.0083923,0.062256
0.031128,0.0094604,0.064697
0.030212,0.010529,0.074463
0.029297,0.011139,0.063477
0.03006,0.010529,0.053711
0.027313,0.0088501,0.062256
0.022278,0.007019,0.064697
0.024567,0.007019,0.064697
0.024567,0.0073242,0.064697
0.02533,0.0071716,0.045166
0.025024,0.0067139,0.062256
0.02533,0.005188,0.054932
0.024872,0.0028992,0.053711
0.024109,0.00091553,0.05249
0.023651,-0.0013733,0.05249
0.022583,-0.0012207,0.050049
0.023499,-0.00061035,0.048828
0.02182,-0.00015259,0.058594
0.021362,-0.00061035,0.046387
0.021057,-0.0010681,0.043945
0.021057,-0.0033569,0.045166
0.021362,-0.0045776,0.029297
0.020905,-0.0050354,0.037842
0.022278,-0.0028992,0.037842
0.024109,-0.0036621,0.037842
0.026093,-0.0033569,0.037842
0.027771,-0.0019836,0.03418
0.029144,-0.0013733,0.037842
0.030365,0,0.037842
0.030212,0.00091553,0.040283
0.03067,0.0015259,0.037842
0.031891,0.0022888,0.043945
0.03006,0.0022888,0.039063
0.033417,0.0016785,1.3721
0.032043,0.0016785,4.7046
0.030365,0.0018311,4.9011
0.030212,0.00030518,4.9182
0.03006,0.0016785,4.9121
0.031891,0.0016785,4.9341
0.033722,0.00076294,4.9243
0.034485,0.00091553,4.9158
0.033569,-0.00076294,4.9255
0.032806,-0.0021362,4.9268
0.031586,-0.0035095,4.9268
0.028992,-0.0042725,4.9316
0.027008,-0.004425,4.9304
0.02533,-0.005188,4.9329
0.022888,-0.0048828,4.928
0.021057,-0.005188,4.9304
0.018158,-0.0053406,4.928
0.016937,-0.005188,4.9341
0.015564,-0.005188,4.9316
0.017242,-0.0047302,4.9353
0.017548,-0.005188,4.9268
0.018616,-0.0012207,4.939
0.019684,-0.0019836,4.9353
0.020142,-0.002594,4.9353
0.020905,-0.0032043,4.9353
0.021057,-0.0039673,4.9316
0.021515,-0.0016785,4.9353
0.022583,-0.0030518,4.9255
0.022736,-0.0018311,4.9231
0.023193,-0.0013733,4.9207
0.022888,-0.0027466,4.9207
0.022583,-0.0033569,4.9146
0.022736,-0.004425,4.9194
0.027008,-0.005188,4.9133
0.023956,-0.004425,4.9133
0.024109,-0.0050354,4.9133
0.024872,-0.004425,4.9146
0.023193,-0.0079346,4.9072
0.022736,-0.009613,4.9133
0.022736,-0.010223,4.9231
0.020599,-0.010376,4.9084
0.020447,-0.0099182,4.9182
0.018616,-0.0088501,4.9084
0.017242,-0.0073242,4.8938
0.015411,-0.0079346,4.9109
0.013885,-0.0061035,4.9097
0.01358,-0.0048828,4.9133
0.013885,-0.0024414,4.895
0.014343,0.00015259,4.9097
0.016937,0.0042725,4.9158
0.018158,0.0068665,4.9146
0.020142,0.0085449,4.9194
0.021515,0.0079346,4.9158
0.022278,0.007019,4.9255
0.022736,0.0067139,4.9255
0.023804,0.0045776,4.9292
0.024109,0.0064087,4.939
0.023499,0.0057983,4.9304
0.023041,0.0048828,4.9304
0.022278,0.0032043,4.9341
0.022278,0.0010681,4.9353
0.022125,-0.00061035,4.9292
0.021667,-0.00076294,4.928
0.02182,-0.0027466,4.9316
0.020752,-0.00091553,4.9304
0.019531,-0.0013733,4.928
0.021362,-0.0018311,4.9341
0.017853,-0.0027466,4.9377
0.016785,-0.0033569,4.9426
0.016937,-0.0021362,4.9353
0.016785,-0.0012207,4.9402
0.016174,-0.00061035,4.9329
0.016479,0.00030518,4.9341
0.016632,0.0013733,4.9365
0.015869,0.0019836,4.9341
0.017548,0.0036621,4.9353
0.017853,0.0048828,4.928
0.018921,0.0061035,4.9329
0.017395,0.0076294,4.9207
0.020294,0.0082397,4.906
0.020905,0.0086975,4.917
0.022125,0.011292,4.9194
0.023193,0.0099182,4.9158
0.025024,0.010071,4.9158
0.026245,0.0099182,4.9133
0.028534,0.011444,4.9121
0.029449,0.0079346,4.9084
0.03006,0.0073242,4.9121
0.029907,0.0090027,4.9109
0.029449,0.0076294,4.9146
0.029144,0.0080872,4.9146
0.027466,0.007782,4.9133
0.027313,0.0097656,4.9121
0.02594,0.0076294,4.9121
0.025482,0.0071716,4.9097
0.023193,0.0074768,4.9097
0.023499,0.0076294,4.9084
0.020752,0.0074768,4.9158
0.019226,0.0064087,4.9207
0.018768,0.0056458,4.9146
0.01709,0.0053406,4.9219
0.016022,0.0047302,4.9231
0.014343,0.0039673,4.9231
0.012817,0.0048828,4.9194
0.012512,0.0022888,4.9304
0.013123,0.0033569,4.9304
0.013733,0.0033569,4.9341
0.015106,0.0053406,4.9304
0.017242,0.0047302,4.9353
0.017242,0.0057983,4.9292
0.018158,0.0065613,4.7705
0.02243,0.007782,0.067139
0.024261,0.0082397,0.062256
0.027008,0.0091553,0.06958
0.029907,0.010223,0.064697
0.029755,0.010223,0.047607
0.032501,0.0097656,0.064697
0.033417,0.0086975,0.065918
0.031433,0.0080872,0.067139
0.03479,0.0073242,0.063477
0.034943,0.0074768,0.059814
0.034943,0.0080872,0.061035
0.036469,0.0094604,0.057373
0.032501,0.0071716,0.056152
0.030212,0.0062561,0.05249
0.029297,0.0057983,0.056152
0.028534,0.0050354,0.05127
0.028687,0.0050354,0.048828
0.027924,0.0053406,0.057373
0.026703,0.0056458,0.050049
0.024719,0.0041199,0.043945
0.021973,0.0022888,0.045166
0.020905,0.0016785,0.026855
0.023346,0.00076294,0.037842
0.021667,0.0016785,0.040283
0.021667,0.0024414,0.040283
0.021667,0.002594,0.039063
0.020599,0.0027466,0.037842
0.020905,0.0013733,0.041504
0.021515,0.00030518,0.039063
0.023956,-0.0012207,0.037842
0.025787,-0.0010681,0.040283
0.027313,-0.0012207,0.040283
0.026855,-0.0013733,0.0354
0.026245,-0.0045776,0.042725
0.025482,-0.0048828,0.041504
0.024872,-0.0079346,0.045166
0.025024,-0.009613,0.053711
0.026245,-0.010529,0.048828
0.026093,-0.0093079,0.064697
0.027161,-0.0090027,0.05249
0.027924,-0.0086975,0.042725
0.027924,-0.0091553,0.056152
0.028229,-0.010071,0.058594
0.030212,-0.0097656,0.059814
0.030975,-0.009613,0.061035
0.032501,-0.0099182,0.058594
0.034485,-0.0097656,0.063477
0.035248,-0.010223,0.059814
0.034332,-0.010681,0.063477
0.033875,-0.010681,0.058594
0.033875,-0.010681,0.062256
0.032806,-0.0088501,0.067139
0.032806,-0.007782,0.065918
0.033264,-0.0074768,0.070801
0.033569,-0.007019,0.054932
0.033264,-0.0062561,0.067139
0.032349,-0.0056458,0.063477
0.032043,-0.0054932,0.064697
0.032043,-0.0056458,0.059814
0.031738,-0.0056458,0.057373
0.032349,-0.0062561,0.05127
0.032654,-0.007019,0.053711
0.032501,-0.0076294,0.050049
0.031128,-0.0071716,0.048828
0.029297,-0.0074768,0.041504
0.027771,-0.0083923,0.050049
0.026855,-0.0074768,0.042725
0.026245,-0.0061035,0.043945
0.02594,-0.0050354,0.047607
0.026093,-0.0047302,0.042725
0.025635,-0.004425,0.040283
0.024261,-0.0050354,0.041504
0.023499,-0.0067139,0.054932
0.023041,-0.0080872,0.046387
0.023193,-0.0091553,0.048828
0.022278,-0.0099182,0.039063
0.022583,-0.0091553,0.025635
0.021667,-0.0085449,0.0354
0.019531,-0.0086975,0.037842
0.018463,-0.0083923,0.0354
0.017395,-0.0085449,0.039063
0.017548,-0.0086975,0.036621
0.017548,-0.0079346,0.042725
0.018616,-0.0073242,0.043945
0.019531,-0.0059509,0.048828
0.019989,-0.0054932,0.042725
0.020142,-0.0045776,0.05127
0.020294,-0.0038147,0.05249
0.020294,-0.0041199,0.059814
0.021362,-0.0033569,0.065918
0.020905,-0.0013733,0.058594
0.020447,-0.00030518,0.058594
0.020752,-0.00061035,0.062256
0.020294,-0.0010681,0.068359
0.020294,-0.0015259,0.061035
0.019836,-0.0016785,0.061035
0.019226,-0.0010681,0.061035
0.019379,-0.00061035,0.061035
0.017853,0.00015259,0.061035
0.018311,0.00045776,0.065918
0.016327,0.00045776,0.063477
0.018463,-0.00015259,0.065918
0.018768,-0.0010681,0.062256
0.0177,-0.0022888,0.068359
0.01709,0.00015259,0.061035
0.016632,0.0018311,0.065918
0.016632,0.0027466,0.058594
0.016785,0.0019836,0.062256
0.016174,0.00045776,0.064697
0.014496,-0.00076294,0.056152
0.014648,-0.0016785,0.058594
0.016327,-0.0012207,0.046387
0.016479,-0.00061035,0.036621
0.017395,0.00030518,0.047607
0.019226,0.00015259,0.036621
0.022888,-0.00076294,0.041504
0.019531,-0.0010681,3.717
0.018921,-0.00076294,4.8364
0.017395,0.00061035,4.8914
0.019684,0.0016785,4.906
0.019989,0.0022888,4.9097
0.018921,0.0028992,4.9072
0.017395,0.0027466,4.9109
0.015717,0.0022888,4.9121
0.014801,0.00091553,4.9146
0.014496,-0.00045776,4.906
0.015717,-0.00076294,4.9097
0.014496,-0.00076294,4.9109
0.014191,0.00015259,4.9097
0.014648,0.00091553,4.917
0.014954,0.0016785,4.9158
0.013733,0.0018311,4.9048
0.013885,0.0021362,4.9158
0.015717,0.004425,4.9194
0.015869,0.0048828,4.9231
0.016937,0.0074768,4.9243
0.017395,0.0091553,4.9231
0.018616,0.01297,4.9316
0.016174,0.011749,4.9292
0.016632,0.011292,4.9292
0.01709,0.011597,4.9292
0.017395,0.010986,4.9329
0.017242,0.010681,4.9292
0.017548,0.010529,4.9414
0.016785,0.0091553,4.9463
0.016174,0.0088501,4.9353
0.014954,0.007782,4.9341
0.016022,0.0057983,4.9353
0.015869,0.0056458,4.9255
0.014343,0.0042725,4.9353
0.012665,0.0041199,4.9341
0.012054,0.0050354,4.9341
0.010071,0.0057983,4.9341
0.0083923,0.0035095,4.9292
0.0071716,0.0015259,4.9329
0.0086975,0,4.928
0.0073242,-0.0012207,4.9255
0.0071716,0.0012207,4.9207
0.007782,0.002594,4.9243
0.0090027,0.004425,4.9194
0.0094604,0.0039673,4.917
0.011139,0.004425,4.9182
0.01297,0.0030518,4.9182
0.018768,0.005188,4.9231
0.020447,0.0079346,4.9158
0.022125,0.010376,4.9219
0.023651,0.011749,4.9121
0.024414,0.010834,4.8975
0.025024,0.010376,4.9121
0.024872,0.0091553,4.9072
0.025177,0.0086975,4.9109
0.02594,0.011597,4.9109
0.02594,0.01236,4.9048
0.024719,0.013123,4.9097
0.024567,0.013733,4.9072
0.022888,0.01297,4.9133
0.023041,0.010529,4.9072
0.026245,0.0082397,4.9158
0.022583,0.0071716,4.9146
0.020294,0.0057983,4.9182
0.019531,0.0057983,4.9243
0.017853,0.0065613,4.9219
0.019836,0.0054932,4.9292
0.014496,0.0039673,4.928
0.012207,0.0032043,4.9194
0.011444,0.004425,4.9255
0.010529,0.0041199,4.9207
0.010223,0.0050354,4.9304
0.0099182,0.0068665,4.9329
0.010986,0.0067139,4.9304
0.011902,0.0056458,4.9329
0.01297,0.0042725,4.9292
0.014801,0.0036621,4.9353
0.016022,0.0039673,4.9255
0.016632,0.0038147,4.9353
0.016327,0.004425,4.9365
0.016479,0.0041199,4.9353
0.016937,0.0030518,4.9353
0.014191,0.0018311,4.9402
0.015106,0.00061035,4.9426
0.015717,0.00076294,4.9377
0.018921,0.0016785,4.9426
0.02121,0.0028992,4.9316
0.023346,0.0028992,4.928
0.026398,0.0054932,4.9243
0.028839,0.0035095,4.9243
0.028534,0.0030518,4.9243
0.028381,0.0018311,4.9219
0.028076,0.0018311,4.917
0.026398,0.0016785,4.9182
0.024719,0.0027466,4.9158
0.022278,0.0024414,4.9158
0.020599,0.00061035,4.9133
0.018158,-0.0015259,4.9158
0.015564,-0.0039673,4.9109
0.014954,-0.0057983,4.9158
0.015717,-0.0059509,4.9194
0.016174,-0.004425,4.9109
0.016632,-0.0030518,4.9109
0.016785,-0.0022888,4.9109
0.016479,-0.0021362,4.8962
0.016479,-0.0039673,4.9097
0.017548,-0.0048828,4.9097
0.019073,-0.0047302,4.9121
0.020294,-0.0033569,4.8999
0.020752,-0.0016785,4.9121
0.024414,0.0015259,0.043945
0.026245,0.0019836,0.043945
0.028687,0.0016785,0.048828
0.030365,0.00076294,0.042725
0.032959,-0.00015259,0.054932
0.0354,-0.00015259,0.053711
0.036621,-0.00061035,0.057373
0.036926,-0.0013733,0.062256
0.036774,-0.0018311,0.059814
0.0383,-0.0021362,0.061035
0.035248,-0.0030518,0.062256
0.034637,-0.0032043,0.074463
0.034332,-0.0033569,0.057373
0.032349,-0.0027466,0.057373
0.030823,-0.0018311,0.058594
0.028992,-0.0024414,0.062256
0.026398,-0.0038147,0.059814
0.023193,-0.0056458,0.064697
0.020752,-0.0076294,0.062256
0.019073,-0.0079346,0.05249
0.019836,-0.0082397,0.063477
0.0177,-0.0083923,0.06958
0.017242,-0.007782,0.061035
0.016937,-0.0079346,0.064697
0.016785,-0.0088501,0.062256
0.0177,-0.0083923,0.058594
0.019989,-0.007019,0.064697
0.022888,-0.0061035,0.053711
0.025024,-0.0033569,0.056152
0.027466,-0.0012207,0.050049
0.029907,-0.00030518,0.039063
0.031586,0.00076294,0.045166
0.032501,0.00030518,0.048828
0.032806,0.00030518,0.042725
0.036011,0.0015259,0.045166
0.036316,0.0018311,0.045166
0.036316,0.0016785,0.042725
0.036469,0.0016785,0.039063
0.0354,0.00030518,0.042725
0.03418,-0.0021362,0.036621
0.032654,-0.0033569,0.043945
0.031433,-0.0047302,0.040283
0.029602,-0.0057983,0.041504
0.028381,-0.0065613,0.036621
0.025177,-0.010529,0.042725
0.024109,-0.010376,0.040283
0.021973,-0.011902,0.039063
0.020142,-0.01236,0.047607
0.019989,-0.013123,0.046387
0.019836,-0.010986,0.039063
0.020142,-0.0079346,0.046387
0.022888,-0.0061035,0.047607
0.019684,-0.0028992,0.045166
0.020599,-0.0018311,0.050049
0.021362,-0.0012207,0.053711
0.023346,-0.0027466,0.058594
0.028229,0,0.058594
0.027924,0.00091553,0.058594
0.029755,0.002594,0.059814
0.031586,0.0019836,0.063477
0.032349,0.002594,0.058594
0.032806,0.0021362,0.064697
0.033264,0.00091553,0.075684
0.033875,0.00091553,0.059814
0.033722,0.0022888,0.061035
0.033417,0.0042725,0.064697
0.032654,0.0067139,0.056152
0.031738,0.0080872,0.065918
0.03067,0.0080872,0.067139
0.03006,0.0071716,0.063477
0.029907,0.0059509,0.063477
0.028992,0.004425,0.059814
0.028076,0.0041199,0.059814
0.02655,-0.00015259,0.05249
0.024719,0.0024414,0.054932
0.023651,0.0039673,0.047607
0.022888,0.0010681,0.054932
0.020905,-0.00076294,0.05249
0.020905,-0.0022888,0.048828
0.019379,-0.0021362,0.047607
0.018463,-0.0015259,0.050049
0.017242,0.004425,0.053711
0.016937,0,0.045166
0.016632,-0.00015259,0.05249
0.017548,-0.0010681,0.036621
0.017548,-0.0016785,0.028076
0.019379,-0.0010681,0.039063
0.020294,0.00061035,0.039063
0.020905,0.0027466,0.037842
0.022278,0.0056458,0.040283
0.02243,0.0056458,0.037842
0.02243,0.0041199,0.042725
0.023193,0.0013733,0.037842
0.023193,0.0022888,0.041504
0.024872,0.0027466,0.039063
0.027313,0.0035095,0.041504
0.027771,0.0038147,0.046387
0.027771,0.0048828,0.050049
0.028534,0.0041199,0.056152
0.028839,0.0024414,0.050049
0.028229,0.0013733,0.059814
0.027771,0.0010681,0.054932
0.026093,0.0032043,0.05249
0.026093,0.0045776,0.058594
0.024567,0.0056458,0.061035
0.023651,0.0059509,0.058594
0.023804,0.0041199,0.058594
0.023041,0.0019836,0.062256
0.022888,0.0027466,0.062256
0.022583,0.0035095,0.058594
0.023346,0.005188,0.062256
0.020447,0.0061035,0.061035
0.020905,0.005188,0.063477
0.020599,0.0035095,0.064697
0.019989,0.0013733,0.068359
0.018768,0.00076294,0.063477
0.019073,0.0024414,0.065918
0.018921,0.004425,4.5898
0.020447,0.0094604,4.9084
0.019531,0.0094604,4.9304
0.019379,0.0099182,4.9292
0.02121,0.0080872,4.9109
0.024872,0.0065613,4.9243
0.023193,0.007019,4.9243
0.024261,0.0076294,4.9231
0.024872,0.0050354,4.9194
0.026245,0.0079346,4.9194
0.023041,0.0065613,4.9146
0.020905,0.0035095,4.9133
0.019379,0.00076294,4.9146
0.016937,-0.00045776,4.9109
0.017242,0.00091553,4.9182
0.016327,0.0033569,4.9146
0.016937,0.0054932,4.9146
0.016937,0.007782,4.917
0.015564,0.0071716,4.9109
0.016022,0.004425,4.9097
0.016632,0.0018311,4.9097
0.017242,0.0018311,4.8999
0.018158,0.0022888,4.9097
0.019073,0.0022888,4.9011
0.017548,0.0028992,4.9109
0.01709,0.0021362,4.9109
0.015869,0.00045776,4.9109
0.015717,-0.0021362,4.9133
0.015411,-0.0018311,4.9121
0.017242,0.00091553,4.9182
0.018311,0.0027466,4.9109
0.019836,0.004425,4.9292
0.020599,0.0062561,4.9207
0.021057,0.0054932,4.9255
0.022278,0.0041199,4.9207
0.02182,0.0018311,4.9341
0.023041,0.0018311,4.939
0.023804,0.002594,4.9353
0.023651,-0.00015259,4.939
0.02243,0.0028992,4.9329
0.020905,0.0018311,4.9207
0.020142,0,4.9329
0.019531,-0.0032043,4.9304
0.018616,-0.0010681,4.9292
0.018768,0.00045776,4.9353
0.0177,0.0013733,4.939
0.0177,0.0013733,4.939
0.017548,-0.00030518,4.9353
0.018005,-0.0019836,4.9353
0.018616,-0.0042725,4.9292
0.019989,-0.0045776,4.9304
0.020142,-0.0038147,4.9304
0.021362,-0.0012207,4.9292
0.021515,-0.00015259,4.9255
0.021362,0.00045776,4.9255
0.020294,-0.0012207,4.9219
0.020447,-0.0033569,4.917
0.020294,-0.0056458,4.9207
0.020752,-0.0059509,4.9194
0.021362,-0.0050354,4.9146
0.02121,-0.0036621,4.9121
0.021973,-0.0045776,4.9146
0.021362,-0.0061035,4.9048
0.020905,-0.0082397,4.9146
0.022125,-0.0099182,4.9084
0.022888,-0.0093079,4.9133
0.023651,-0.007019,4.906
0.023041,-0.0038147,4.9084
0.023651,-0.0010681,4.9133
0.022278,-0.00015259,4.9146
0.02121,-0.00030518,4.9072
0.020905,-0.0016785,4.9109
0.020905,-0.0022888,4.9255
0.021057,-0.0016785,4.9207
0.02243,-0.00030518,4.9231
0.02182,0.0012207,4.917
0.02121,0.00091553,4.8987
0.020599,0.00061035,4.9182
0.020599,-0.00030518,4.9207
0.020447,-0.0022888,4.9231
0.021362,-0.0027466,4.9219
0.021057,-0.0028992,4.9219
0.020294,-0.0028992,4.9292
0.018768,-0.0021362,4.9304
0.01709,-0.0038147,4.9304
0.016785,-0.0059509,4.9304
0.016937,-0.0082397,4.9304
0.017395,-0.0099182,4.9329
0.0177,-0.010529,4.9316
0.017548,-0.0088501,4.9402
0.015259,-0.0073242,4.9341
0.016785,-0.0061035,4.9353
0.016785,-0.0059509,4.9365
0.016785,-0.007019,4.9402
0.016785,-0.007019,4.9304
0.01709,-0.005188,4.9255
0.017242,-0.002594,4.9341
0.018158,0,4.9304
0.019684,0.00076294,4.9255
0.020905,-0.00076294,4.9304
0.020905,-0.002594,4.9268
0.021667,-0.0050354,4.9255
0.023956,-0.0047302,4.9194
0.025635,-0.0032043,4.9207
0.026398,-0.0010681,4.9219
0.024414,0.00030518,4.9207
0.022888,0.0022888,4.9158
0.021515,0.0018311,4.917
0.020142,0.0015259,4.9255
0.019531,0,0.046387
0.019836,-0.0012207,0.057373
0.020294,-0.0016785,0.039063
0.021515,-0.00045776,0.031738
0.02182,0.00045776,0.040283
0.021515,0.00061035,0.037842
0.021362,0.00030518,0.037842
0.020599,0.00015259,0.042725
0.022125,-0.00045776,0.037842
0.021667,0.00030518,0.040283
0.020752,0.0016785,0.037842
0.018005,0.0022888,0.043945
0.013733,0.002594,0.039063
0.012054,0.00061035,0.043945
0.010681,-0.0021362,0.048828
0.010376,-0.0048828,0.048828
0.012817,-0.0064087,0.05249
0.014191,-0.0057983,0.054932
0.016174,-0.004425,0.056152
0.015717,-0.0030518,0.053711
0.014954,-0.0019836,0.057373
0.014648,-0.0024414,0.059814
0.012665,-0.0036621,0.047607
0.016327,-0.0030518,0.059814
0.016327,-0.0024414,0.062256
0.015411,-0.0048828,0.061035
0.013885,-0.00045776,0.063477
0.011444,-0.00045776,0.058594
0.011292,-0.00091553,0.058594
0.012665,0.00015259,0.054932
0.016022,-0.0016785,0.065918
0.018463,-0.0016785,0.064697
0.019531,-0.00030518,0.067139
0.019379,0.0010681,0.064697
0.017395,0.0021362,0.06958
0.017242,0.0021362,0.075684
0.017548,0.0013733,0.064697
0.0177,-0.00030518,0.067139
0.019684,-0.0028992,0.058594
0.019836,-0.0039673,0.043945
0.018463,-0.004425,0.050049
0.016937,-0.0038147,0.053711
0.015869,-0.002594,0.048828
0.015564,-0.0013733,0.047607
0.015564,0.00045776,0.046387
0.016327,0.00076294,0.048828
0.015259,0.0019836,0.042725
0.013885,0.0041199,0.045166
0.013123,0.0054932,0.041504
0.011597,0.0053406,0.043945
0.011444,0.0048828,0.036621
0.01297,0.0038147,0.042725
0.018463,0.0024414,0.046387
0.019531,0.0015259,0.042725
0.021667,0.0018311,0.036621
0.023041,0.0045776,0.039063
0.022278,0.0035095,0.030518
0.021973,0.0041199,0.036621
0.021057,0.0039673,0.028076
0.022278,0.002594,0.039063
0.019836,0.0018311,0.040283
0.019989,-0.00030518,0.040283
0.018463,0.00091553,0.046387
0.016327,-0.0013733,0.046387
0.014954,-0.0047302,0.048828
0.015106,-0.0030518,0.047607
0.015259,-0.0053406,0.056152
0.017242,-0.0032043,0.05249
0.018616,-0.0019836,0.061035
0.018768,-0.0012207,0.059814
0.018311,0.00015259,0.061035
0.017395,-0.00091553,0.068359
0.016785,0.00076294,0.062256
0.016632,0.00045776,0.070801
0.017242,0.0027466,0.063477
0.019073,-0.00015259,0.048828
0.020294,-0.00076294,0.059814
0.022736,-0.00030518,0.059814
0.019684,0.00015259,0.062256
0.019989,0.00061035,0.065918
0.020447,0.00091553,0.063477
0.022736,0.0018311,0.064697
0.024261,0.0019836,0.062256
0.025482,0.0019836,0.067139
0.025787,-0.0013733,0.059814
0.027771,0.0015259,0.061035
0.024567,0.0012207,0.057373
0.023804,0.0010681,0.058594
0.025024,0.00015259,0.053711
0.027008,-0.00030518,0.05127
0.028076,-0.0016785,0.054932
0.028992,-0.0024414,0.046387
0.028687,-0.0028992,0.05127
0.025787,-0.0021362,0.043945
0.023346,-0.00091553,0.041504
0.021515,-0.00015259,0.040283
0.019226,0.00045776,0.043945
0.021362,0.00030518,0.041504
0.02182,-0.00030518,0.040283
0.02182,-0.0015259,0.037842
0.020142,-0.0012207,0.041504
0.019684,-0.0012207,0.036621
0.019836,-0.00030518,0.041504
0.021515,0.0015259,0.041504
0.023651,-0.0012207,0.041504
0.024414,-0.0021362,0.037842
0.024414,-0.0033569,0.042725
0.023193,-0.0018311,0.058594
0.021515,-0.0021362,0.041504
0.02121,-0.0012207,0.050049
0.021057,-0.00030518,0.045166
0.023499,-0.00045776,0.031738
0.025482,-0.0015259,0.045166
0.027618,-0.0019836,0.05127
0.029907,-0.0016785,0.043945
0.029144,-0.00091553,0.056152
0.028839,0.00076294,0.054932
0.028992,0.0019836,3.3008
0.030212,0.0016785,4.8315
0.032196,0.0018311,4.9243
0.032349,0.0019836,4.9255
0.032501,0,4.9329
0.03006,0.0012207,4.9292
0.027313,0.0018311,4.9329
0.025482,0.0027466,4.9341
0.026093,0.0039673,4.9341
0.027771,0.0048828,4.9353
0.028992,0.0050354,4.9377
0.029602,0.0039673,4.9475
0.027618,0.002594,4.9353
0.024872,0.0032043,4.9316
0.022736,0.0027466,4.9341
0.021515,0.0022888,4.9316
0.02182,0.0016785,4.9255
0.022736,0.00045776,4.9292
0.02243,0.00061035,4.9133
0.020447,0.00030518,4.9243
0.019226,-0.00030518,4.9194
0.017242,-0.00015259,4.9207
0.016022,0.0010681,4.9158
0.017853,0,4.9194
0.019531,0.0016785,4.9194
0.021057,0.0015259,4.9182
0.022278,0.00076294,4.9219
0.020905,0.0021362,4.9146
0.019073,0.0013733,4.9158
0.018311,0.0021362,4.9097
0.0177,0.0036621,4.9011
0.019379,0.0030518,4.9121
0.020599,0.0013733,4.9109
0.021667,-0.0010681,4.9023
0.022736,-0.0030518,4.9097
0.02243,-0.004425,4.9084
0.021973,-0.0030518,4.9109
0.022125,-0.0021362,4.9084
0.024414,-0.00076294,4.9109
0.027008,-0.00091553,4.8999
0.028229,-0.0019836,4.9146
0.030212,-0.0018311,4.9158
0.028839,-0.00091553,4.9182
0.027466,0.00076294,4.9146
0.027161,0.0021362,4.9194
0.028229,0.0035095,4.928
0.029907,0.0030518,4.9268
0.031281,0.0016785,4.9341
0.031586,0,4.9329
0.030365,-0.00076294,4.9158
0.027924,-0.00061035,4.9329
0.026703,0.0042725,4.928
0.02594,0.0065613,4.9292
0.025787,0.010529,4.9316
0.026398,0.010376,4.9255
0.027924,0.0086975,4.9341
0.027161,0.007782,4.9304
0.02533,0.0079346,4.9353
0.024109,0.0090027,4.9329
0.023499,0.0099182,4.9402
0.02533,0.0094604,4.928
0.02655,0.0073242,4.9377
0.027618,0.0045776,4.9475
0.028381,0.002594,4.9353
0.02655,0.0016785,4.928
0.024109,0.0028992,4.9304
0.023193,0.0047302,4.9133
0.023041,0.0059509,4.9207
0.021362,0.0053406,4.9194
0.024567,0.0035095,4.9194
0.024872,0.0015259,4.9207
0.024567,0.00030518,4.9158
0.024261,0.0015259,4.9158
0.023804,0.004425,4.9133
0.023651,0.007782,4.9158
0.024567,0.0079346,4.9084
0.025482,0.0076294,4.917
0.025635,0.0062561,4.9146
0.025482,0.0041199,4.9121
0.024872,0.0038147,4.9097
0.023193,0.0048828,4.9109
0.02182,0.0064087,4.9158
0.022583,0.007782,4.917
0.023499,0.0076294,4.9158
0.023804,0.0056458,4.9072
0.024872,0.005188,4.8999
0.024567,0.0022888,4.9146
0.023651,0.0073242,4.9133
0.02243,0.0088501,4.9133
0.021057,0.010376,4.9182
0.02182,0.0071716,4.9146
0.02243,0.0062561,4.9182
0.022888,0.0030518,4.9219
0.022125,0.0016785,4.9304
0.019684,0.0024414,4.9243
0.018616,0.0048828,4.9304
0.018311,0.0073242,4.9304
0.017548,0.0083923,4.9329
0.019989,0.0080872,4.9414
0.020447,0.0062561,4.9341
0.020905,0.005188,4.9353
0.019684,0.004425,4.9329
0.016785,0.0061035,4.928
0.016479,0.0076294,4.9304
0.016632,0.0082397,4.9316
0.019684,0.0064087,4.9304
0.016937,0.0035095,4.9353
0.017853,-0.00015259,4.9341
0.017548,-0.0027466,0.063477
0.015564,-0.0016785,0.063477
0.014191,-0.0019836,0.065918
0.013885,0.0018311,0.061035
0.013428,0.0038147,0.059814
0.016022,0.0041199,0.058594
0.017853,0.0018311,0.053711
0.017853,-0.00015259,0.05127
0.014496,-0.0013733,0.05127
0.015259,-0.0012207,0.057373
0.01358,-0.00076294,0.05127
0.014038,-0.00076294,0.056152
0.014648,-0.00045776,0.048828
0.017853,-0.0018311,0.047607
0.018463,-0.0032043,0.041504
0.018158,-0.0030518,0.042725
0.015411,-0.0015259,0.042725
0.016937,0.0019836,0.043945
0.016632,0.0045776,0.036621
0.017395,0.0080872,0.042725
0.018311,0.0076294,0.037842
0.019379,0.0056458,0.041504
0.018768,0.0050354,0.041504
0.016937,0.0074768,0.043945
0.01709,0.0038147,0.037842
0.016632,0.0035095,0.042725
0.016785,0.0032043,0.056152
0.017853,0.0010681,0.041504
0.018921,-0.0013733,0.047607
0.019989,-0.0018311,0.046387
0.019073,-0.0018311,0.030518
0.019073,0.00045776,0.047607
0.017853,0.0024414,0.05127
0.017395,0.0024414,0.054932
0.021057,0.00061035,0.056152
0.016632,-0.0018311,0.053711
0.016632,-0.0053406,0.059814
0.015564,-0.0074768,0.068359
0.014038,-0.0086975,0.062256
0.012207,-0.0073242,0.057373
0.01236,-0.007019,0.065918
0.013275,-0.0065613,0.061035
0.014801,-0.0080872,0.063477
0.016632,-0.010071,0.067139
0.015869,-0.010223,0.064697
0.015717,-0.0094604,0.065918
0.014496,-0.0071716,0.065918
0.014343,-0.0041199,0.079346
0.015411,-0.0024414,0.067139
0.016937,-0.0022888,0.058594
0.019531,-0.0038147,0.064697
0.020447,-0.0059509,0.062256
0.019989,-0.0074768,0.054932
0.019073,-0.0062561,0.057373
0.020905,-0.0041199,0.05249
0.023041,-0.0022888,0.053711
0.026703,-0.0015259,0.048828
0.028839,-0.0024414,0.05249
0.03006,-0.0053406,0.046387
0.028534,-0.0071716,0.047607
0.027618,-0.0071716,0.046387
0.026093,-0.0065613,0.047607
0.024261,-0.0042725,0.05127
0.023499,0.0012207,0.045166
0.023956,-0.0016785,0.043945
0.024109,-0.0033569,0.040283
0.023651,-0.0048828,0.030518
0.022736,-0.0056458,0.037842
0.020905,-0.0032043,0.041504
0.018768,0.00030518,0.037842
0.017395,0.0036621,0.037842
0.015411,0.0045776,0.037842
0.016174,0.0016785,0.039063
0.015259,-0.0010681,0.039063
0.013733,-0.0053406,0.039063
0.015411,-0.0079346,0.037842
0.013428,-0.0085449,0.043945
0.013885,-0.0071716,0.046387
0.015259,-0.010223,0.048828
0.0177,-0.007019,0.045166
0.017395,-0.0083923,0.056152
0.019379,-0.0088501,0.056152
0.019379,-0.0079346,0.054932
0.018463,-0.0059509,0.065918
0.018005,-0.0032043,0.058594
0.01709,0.00015259,0.048828
0.018616,0.00076294,0.058594
0.020294,0.00015259,0.056152
0.022125,-0.0012207,0.061035
0.023346,-0.0030518,0.062256
0.022888,-0.0032043,0.057373
0.02243,-0.0030518,0.063477
0.022278,-0.0027466,0.062256
0.022888,-0.0024414,0.064697
0.023346,-0.0028992,0.063477
0.023346,-0.0050354,0.068359
0.022278,-0.0082397,0.063477
0.020294,-0.0093079,0.065918
0.018463,-0.0090027,0.076904
0.016174,-0.0073242,0.063477
0.015411,-0.0045776,0.056152
0.015717,-0.0030518,0.057373
0.016937,-0.0022888,0.046387
0.017395,-0.0022888,0.05127
0.0177,-0.0022888,0.05127
0.016937,-0.00061035,0.047607
0.016937,0.0012207,0.047607
0.016479,0.0036621,0.045166
0.0177,0.0045776,0.047607
0.018463,0.0047302,0.043945
0.019684,0.0042725,0.043945
0.021515,-0.00030518,0.037842
0.021057,-0.0019836,0.043945
0.022583,-0.0024414,0.039063
0.021667,-0.0013733,0.040283
0.021362,0.00045776,0.039063
0.022125,0.0018311,0.040283
0.023041,0.0010681,0.047607
0.023651,-0.00061035,3.8647
0.022583,-0.0085449,4.8511
0.020447,-0.0028992,4.9011
0.019379,-0.002594,4.9011
0.018463,-0.00091553,4.9048
0.018921,-0.0010681,4.9097
0.019684,-0.0027466,4.9109
0.020599,-0.0056458,4.9158
0.020905,-0.0093079,4.9133
0.020142,-0.012207,4.9158
0.019379,-0.014954,4.9207
0.018768,-0.012817,4.9231
0.017853,-0.012207,4.9243
0.017395,-0.010071,4.9255
0.016785,-0.0085449,4.928
0.01709,-0.0071716,4.9292
0.01709,-0.0074768,4.9402
0.018616,-0.0027466,4.9341
0.018921,0.00030518,4.9329
0.018768,0.0027466,4.9329
0.019989,0.0028992,4.9365
0.021667,0.0016785,4.9329
0.023499,0.00076294,4.9353
0.024872,0.00030518,4.9292
0.025482,0.0018311,4.9316
0.026245,0.0041199,4.9353
0.02655,0.0061035,4.9414
0.025482,0.0067139,4.9353
0.025177,0.0054932,4.9353
0.023956,0.0032043,4.9329
0.022583,0.00091553,4.9316
0.022125,0.00015259,4.928
0.02182,0,4.9292
0.021973,0.00091553,4.9194
0.02182,0.0016785,4.928
0.021973,0.0010681,4.9329
0.021667,-0.00015259,4.9182
0.022125,-0.0010681,4.9219
0.024414,-0.0013733,4.9182
0.023956,-0.00045776,4.8999
0.023041,0.0019836,4.9121
0.02182,0.0039673,4.9133
0.020905,0.0041199,4.9133
0.020905,0.002594,4.9097
0.02121,0.00076294,4.9109
0.022125,-0.00015259,4.895
0.022278,0.0013733,4.906
0.023193,0.0035095,4.9072
0.023651,0.0061035,4.906
0.020599,0.0059509,4.9158
0.023193,0.0065613,4.9121
0.024567,0.0054932,4.9133
0.02533,0.002594,4.9146
0.02594,0.0015259,4.9121
0.02655,0.0016785,4.9084
0.026093,0.0030518,4.8987
0.026245,0.0047302,4.9109
0.025787,0.005188,4.9158
0.026855,0.0056458,4.9023
0.028076,0.0062561,4.9219
0.028687,0.0067139,4.9231
0.027313,0.0091553,4.9255
0.028229,0.010223,4.9341
0.028381,0.012817,4.9292
0.027008,0.012054,4.9341
0.02655,0.011749,4.9304
0.024872,0.010071,4.9341
0.024261,0.0094604,4.928
0.024261,0.007782,4.9353
0.023041,0.010376,4.9304
0.022888,0.011444,4.9353
0.022278,0.011292,4.9426
0.020905,0.0083923,4.9353
0.020447,0.0056458,4.9438
0.018463,0.0022888,4.9365
0.018768,0.0027466,4.9231
0.0177,0.0022888,4.9353
0.0177,0.0022888,4.9341
0.018158,0.002594,4.9268
0.019836,0.0019836,4.9243
0.017395,0.00030518,4.9292
0.020447,0.00045776,4.9255
0.022583,0.0013733,4.9207
0.024414,0.0015259,4.9219
0.02533,0.0041199,4.917
0.027161,0.0053406,4.9207
0.027161,0.0059509,4.9243
0.023804,0.0053406,4.9219
0.022888,0.0039673,4.9158
0.022736,0.0024414,4.9158
0.021973,0.0013733,4.9048
0.02243,0.0022888,4.9121
0.023804,0.0028992,4.906
0.022583,0.00061035,4.9121
0.022888,0.0030518,4.9109
0.022888,0.0019836,4.9097
0.022888,0.00076294,4.9109
0.023499,0.00076294,4.9097
0.02655,0.0012207,4.9084
0.021973,0.002594,4.9048
0.021362,0.0019836,4.9121
0.019684,0.0045776,4.9109
0.019379,0.0030518,4.9146
0.019836,0.0021362,4.9133
0.020599,0.0010681,4.9182
0.02182,0.00030518,4.9158
0.022278,0.00045776,4.9243
0.023651,0.0012207,4.9292
0.023193,0.00061035,0.058594
0.023346,0.00045776,0.06958
0.023346,0.00061035,0.061035
0.02243,0.0010681,0.043945
0.02243,0,0.059814
0.022583,0.0024414,0.062256
0.021973,0.004425,0.065918
0.02182,0.0054932,0.061035
0.020599,0.0045776,0.057373
0.02121,0.0032043,0.063477
0.020142,0.0019836,0.061035
0.020142,0.00045776,0.065918
0.019379,-0.0035095,0.061035
0.019226,-0.0015259,0.068359
0.017853,-0.0032043,0.063477
0.015259,-0.004425,0.054932
0.015259,-0.0048828,0.075684
0.014648,-0.0045776,0.061035
0.014648,-0.0032043,0.059814
0.014801,-0.0016785,0.061035
0.016174,-0.0012207,0.056152
0.0177,0.00045776,0.053711
0.017548,0,0.05249
0.019226,-0.00045776,0.050049
0.019989,-0.00015259,0.048828
0.021362,0,0.042725
0.022278,0.00015259,0.047607
0.022736,0.00045776,0.043945
0.022888,0.00091553,0.045166
0.02182,0.0013733,0.040283
0.020752,-0.0019836,0.042725
0.019989,0.00015259,0.040283
0.020142,-0.00030518,0.042725
0.019684,-0.00045776,0.040283
0.019379,-0.00076294,0.037842
0.019073,-0.00030518,0.050049
0.019073,-0.00061035,0.032959
0.016327,-0.0013733,0.05127
0.016937,-0.0015259,0.036621
0.017242,-0.00076294,0.029297
0.017853,0.00061035,0.040283
0.017242,0.0027466,0.040283
0.016785,0.0035095,0.041504
0.017548,0.0027466,0.045166
0.017548,-0.0016785,0.042725
0.017548,-0.00015259,0.047607
0.018463,-0.00076294,0.05249
0.019073,0.00030518,0.056152
0.019531,0.0016785,0.053711
0.020142,0.0018311,0.056152
0.020294,0.0013733,0.062256
0.020752,0.00061035,0.061035
0.020599,-0.00045776,0.068359
0.020294,-0.00045776,0.063477
0.019684,0.00061035,0.062256
0.019531,0.0013733,0.058594
0.018921,0.0015259,0.06958
0.020599,0.00030518,0.062256
0.019531,0.00015259,0.067139
0.021667,-0.00061035,0.063477
0.021515,-0.00076294,0.065918
0.020447,-0.00030518,0.062256
0.020447,0.00030518,0.067139
0.020752,0.00045776,0.063477
0.020599,0.00015259,0.067139
0.020905,0.00015259,0.058594
0.020905,-0.00045776,0.058594
0.020294,0.0012207,0.058594
0.020294,0.0015259,0.057373
0.020142,0.0021362,0.05249
0.019989,0.0033569,0.053711
0.021362,0.0035095,0.064697
0.022736,0.0028992,0.047607
0.023346,0.0016785,0.05127
0.022583,0.00076294,0.046387
0.021973,0.00015259,0.029297
0.02121,-0.0021362,0.048828
0.021057,0.00030518,0.042725
0.020447,0.0010681,0.039063
0.020142,0,0.032959
0.018616,0.00061035,0.036621
0.017395,0.0019836,0.041504
0.016937,0.0032043,0.037842
0.017395,0.0050354,0.041504
0.019379,0.0064087,0.039063
0.021362,0.0071716,0.045166
0.023346,0.007019,0.039063
0.024109,0.0053406,0.043945
0.024414,0.0039673,0.042725
0.025787,0.0032043,0.037842
0.023499,0.00030518,0.040283
0.023804,0.00015259,0.045166
0.023041,-0.0018311,0.048828
0.021515,-0.0036621,0.046387
0.020599,-0.0062561,0.047607
0.018463,-0.0071716,0.05249
0.016937,-0.007782,0.054932
0.01709,-0.007782,0.053711
0.016785,-0.0067139,0.061035
0.018158,-0.0050354,0.058594
0.0177,-0.0056458,0.064697
0.017853,-0.0027466,0.059814
0.016785,-0.0033569,0.063477
0.016022,-0.0032043,0.056152
0.015717,-0.0022888,0.061035
0.015106,-0.00061035,0.062256
0.016785,0.0015259,0.064697
0.018616,0.0021362,0.073242
0.020142,0.002594,0.064697
0.022125,0.0016785,0.06958
0.023193,0.00015259,0.063477
0.025024,-0.00061035,0.056152
0.025024,-0.00076294,0.063477
0.026093,-0.00030518,0.063477
0.027008,-0.00030518,0.058594
0.026245,-0.00061035,0.058594
0.02655,-0.0016785,0.05249
0.025635,-0.0021362,0.056152
0.024414,-0.0012207,4.519
0.020599,-0.00045776,4.8926
0.022583,0.0016785,4.9109
0.022583,0.0016785,4.9084
0.020447,-0.00015259,4.9207
0.021362,0.00091553,4.9194
0.020905,0.00076294,4.9133
0.018921,0.00091553,4.9158
0.018921,0.0010681,4.9036
0.017242,0,4.9121
0.016174,-0.00061035,4.9194
0.014648,-0.0019836,4.9097
0.014038,-0.0068665,4.9097
0.01358,-0.0050354,4.9072
0.014496,-0.0053406,4.9133
0.014954,-0.005188,4.9109
0.015717,-0.0042725,4.9084
0.014801,-0.0032043,4.9036
0.015564,-0.0027466,4.9097
0.016174,-0.0012207,4.9084
0.01709,-0.0012207,4.9133
0.017548,-0.0012207,4.9121
0.018005,-0.00061035,4.9194
0.018921,0.00061035,4.9158
0.018463,0.00015259,4.9219
0.021973,0.00030518,4.9243
0.021973,0.00030518,4.9243
0.022583,0.00030518,4.9255
0.023041,0.00076294,4.9304
0.022736,0.0019836,4.9255
0.022583,0.0019836,4.9304
0.02121,0.0030518,4.9255
0.020294,0.00015259,4.9329
0.019226,-0.0019836,4.9304
0.015106,-0.0033569,4.9255
0.017853,-0.0039673,4.9329
0.016785,-0.0036621,4.9316
0.015259,-0.0016785,4.9353
0.014801,-0.0013733,4.9304
0.014038,-0.0012207,4.9353
0.015106,-0.00045776,4.9329
0.014954,0.0030518,4.939
0.013733,0.0022888,4.9365
0.016632,0.0039673,4.9377
0.016479,0.0041199,4.9414
0.018158,0.0050354,4.9316
0.019226,0.0042725,4.939
0.019379,0.002594,4.9255
0.020599,0.0024414,4.9182
0.020294,0.0041199,4.9207
0.022125,0.0010681,4.9182
0.022125,0.00076294,4.9158
0.022278,0.00030518,4.9194
0.021515,0.00015259,4.9158
0.022888,-0.00015259,4.917
0.024261,0,4.9109
0.025024,0.00015259,4.9182
0.025635,0.00076294,4.9097
0.026093,0.00015259,4.9146
0.026703,0.00061035,4.9146
0.028992,-0.0038147,4.9121
0.030212,0.00030518,4.9109
0.030212,0.00030518,4.9133
0.029602,0.00030518,4.8975
0.027771,-0.00091553,4.9084
0.026245,-0.00076294,4.9011
0.024261,-0.00091553,4.9121
0.022583,-0.00091553,4.9109
0.02182,-0.00091553,4.9084
0.021515,-0.00030518,4.9121
0.020599,0.00015259,4.9158
0.020294,-0.00015259,4.917
0.020752,0.0012207,4.9158
0.021057,0.0010681,4.928
0.021515,0.0015259,4.9255
0.02243,0.00045776,4.9304
0.022583,0.00091553,4.9304
0.023499,0.00030518,4.9329
0.023346,0.00045776,4.9292
0.023193,-0.00015259,4.9329
0.023499,0.00091553,4.9353
0.024261,0.0024414,4.9316
0.024414,0.0033569,4.9402
0.023651,0.0036621,4.9365
0.027008,0.0028992,4.917
0.026398,0.0021362,4.9316
0.027313,0.0010681,4.9304
0.026855,0.0022888,4.9353
0.027313,0.0016785,4.9316
0.028076,0.0012207,4.9304
0.02655,-0.00061035,4.9377
0.025482,-0.0018311,4.9316
0.024109,-0.002594,4.9304
0.023346,-0.0024414,4.9255
0.023651,-0.0016785,4.9255
0.023499,-0.00030518,4.9255
0.023041,0.00061035,4.9255
0.022736,0.00045776,4.9316
0.021515,0.00030518,4.9182
0.021667,0.00015259,4.9268
0.021667,0.0010681,4.9182
0.022583,0.0022888,4.9011
0.021515,0.0030518,4.9109
0.02182,0.0024414,4.9121
0.021973,0.002594,4.8999
0.019684,0.00076294,4.9121
0.019989,-0.00015259,4.906
0.019073,0.00045776,0.041504
0.019073,-0.00030518,0.039063
0.019226,0.0019836,0.041504
0.019379,0.0027466,0.032959
0.019531,0.0036621,0.042725
0.019073,0.0042725,0.040283
0.018005,0.0050354,0.042725
0.019226,0.005188,0.040283
0.020447,0.0059509,0.03418
0.022278,0.0059509,0.047607
0.023651,0.0064087,0.048828
0.024872,0.0059509,0.056152
0.02533,0.0064087,0.047607
0.024261,0.0068665,0.040283
0.023499,0.0064087,0.053711
0.023041,0.0073242,0.053711
0.022736,0.0064087,0.058594
0.022583,0.0053406,0.058594
0.022736,0.0047302,0.059814
0.021973,0.0041199,0.063477
0.020752,0.0045776,0.057373
0.019226,0.005188,0.064697
0.018311,0.005188,0.058594
0.018311,0.0042725,0.059814
0.018463,0.0027466,0.062256
0.017548,0.0030518,0.063477
0.017853,0.0030518,0.072021
0.016632,0.0032043,0.065918
0.016479,0.0027466,0.067139
0.014954,0.0033569,0.065918
0.015106,0.0045776,0.061035
0.013428,0.0045776,0.063477
0.016327,0.0048828,0.059814
0.017548,0.004425,0.061035
0.018768,0.0028992,0.057373
0.017548,0.0018311,0.053711
0.019379,0.00015259,0.050049
0.018768,0.00015259,0.048828
0.019379,-0.0010681,0.05127
0.019836,0.00045776,0.045166
0.020294,-0.00015259,0.048828
0.021057,-0.0021362,0.046387
0.021057,-0.0042725,0.048828
0.020599,-0.0062561,0.042725
0.020447,-0.0064087,0.043945
0.020599,-0.0047302,0.042725
0.022278,-0.0033569,0.039063
0.023804,-0.0015259,0.05127
0.025024,-0.00030518,0.041504
0.025482,-0.00061035,0.029297
0.025024,-0.00091553,0.036621
0.02533,-0.00076294,0.041504
0.024414,0.00076294,0.039063
0.024872,0.0032043,0.040283
0.025177,0.0047302,0.0354
0.026398,0.0042725,0.041504
0.026245,0.0047302,0.045166
0.027161,0.0010681,0.045166
0.026398,0.0024414,0.042725
0.025635,0.002594,0.05127
0.025787,0.004425,0.05127
0.026245,0.0054932,0.053711
0.026398,0.0064087,0.072021
0.026245,0.0059509,0.057373
0.025787,0.0048828,0.058594
0.024719,0.0030518,0.062256
0.023041,0.0021362,0.058594
0.021515,0.00030518,0.056152
0.020905,0.00015259,0.059814
0.019226,0,0.062256
0.019226,0.00015259,0.059814
0.020294,0.00015259,0.057373
0.021057,0.00015259,0.063477
0.020752,0.00061035,0.064697
0.019989,0.00015259,0.065918
0.019989,0.00091553,0.063477
0.019226,0.004425,0.068359
0.020752,0.0057983,0.064697
0.02182,0.0068665,0.062256
0.022278,0.0065613,0.065918
0.023651,0.0054932,0.062256
0.022125,0.0047302,0.068359
0.021973,0.0041199,0.061035
0.02243,0.0041199,0.064697
0.023346,0.0039673,0.048828
0.023804,0.0039673,0.041504
0.023804,0.0035095,0.048828
0.023804,0.002594,0.047607
0.022125,0.0015259,0.043945
0.020752,0.0010681,0.045166
0.019379,0.00030518,0.040283
0.018921,0.0012207,0.043945
0.018768,0.0018311,0.039063
0.019073,0.0016785,0.041504
0.018616,-0.00030518,0.037842
0.018158,-0.00076294,0.041504
0.01709,-0.0019836,0.041504
0.016174,-0.0018311,0.042725
0.015411,-0.00030518,0.040283
0.014648,0.0010681,0.040283
0.015106,0.0024414,0.037842
0.014648,0.0024414,0.041504
0.013123,0.0015259,0.037842
0.014648,0,0.040283
0.015564,-0.00091553,0.039063
0.0177,-0.00045776,0.042725
0.019531,0.0010681,0.046387
0.020142,0.0032043,0.048828
0.021057,0.0039673,0.050049
0.02121,0.0016785,0.050049
0.020599,0.0027466,0.057373
0.019531,0.0015259,0.054932
0.019531,0.0012207,0.058594
0.020142,0.0024414,0.059814
0.020294,0.0027466,0.062256
0.020599,0.002594,0.058594
0.019836,-0.00091553,0.064697
0.019836,0,0.073242
0.021515,-0.0016785,4.2126
0.020752,-0.0036621,4.8877
0.021362,-0.0036621,4.9255
0.021515,-0.0021362,4.9109
0.021973,-0.00076294,4.9329
0.02121,0.00015259,4.9341
0.020294,-0.00030518,4.9353
0.019836,-0.00076294,4.9329
0.019684,-0.002594,4.9304
0.020905,-0.0033569,4.9353
0.019989,-0.0033569,4.9292
0.020294,-0.0019836,4.9255
0.019989,-0.00076294,4.9219
0.019989,-0.00030518,4.9231
0.018311,-0.00015259,4.9207
0.018768,-0.0012207,4.9207
0.018005,-0.0038147,4.9243
0.020599,-0.0018311,4.917
0.018463,-0.0012207,4.9194
0.017853,0,4.9194
0.017395,0.0012207,4.9207
0.017853,0.0013733,4.9121
0.018311,0.00061035,4.8914
0.019073,-0.0010681,4.9084
0.020447,-0.0021362,4.9097
0.021667,-0.0015259,4.9084
0.02243,-0.00061035,4.9084
0.023193,0.0012207,4.9084
0.02182,0.0032043,4.9084
0.023956,0.004425,4.906
0.023499,0.004425,4.9146
0.024261,0.0039673,4.9097
0.025177,0.0032043,4.9146
0.025024,0.0022888,4.9121
0.024872,0.0024414,4.9231
0.024261,0.0010681,4.9268
0.020905,0.0016785,4.9182
0.020447,-0.00030518,4.9268
0.019073,-0.0024414,4.9207
0.019073,-0.0042725,4.917
0.018768,-0.0050354,4.928
0.018768,-0.0039673,4.9243
0.018158,-0.0033569,4.9304
0.016937,-0.0030518,4.9316
0.015717,-0.004425,4.9304
0.015106,-0.0062561,4.9304
0.01709,-0.0071716,4.9292
0.018768,-0.0062561,4.9329
0.019989,-0.0038147,4.928
0.021057,-0.0024414,4.9304
0.020905,-0.0035095,4.9341
0.020142,-0.0036621,4.9353
0.021362,-0.0048828,4.9377
0.022736,-0.0035095,4.939
0.026093,-0.0024414,4.939
0.026703,0.00061035,4.928
0.027618,0.0015259,4.9475
0.028992,0.0033569,4.9353
0.029144,0.0048828,4.9231
0.028534,0.00061035,4.928
0.028229,-0.00076294,4.9243
0.027771,-0.00061035,4.9255
0.027771,-0.00015259,4.9207
0.02594,0.0015259,4.917
0.02533,0.0022888,4.9231
0.024414,0.0021362,4.917
0.02243,0.0013733,4.9182
0.021667,0.0013733,4.9133
0.019836,0.00061035,4.9194
0.021515,0.0012207,4.9121
0.023346,0.002594,4.9146
0.024261,0.0032043,4.9133
0.023346,0.0039673,4.9109
0.022125,0.0039673,4.9146
0.019989,0.0024414,4.9121
0.019073,-0.00045776,4.8938
0.017242,-0.0010681,4.9084
0.016785,-0.00045776,4.8999
0.016174,0,4.9097
0.01709,0.0012207,4.9084
0.017395,0.0022888,4.906
0.017853,0.002594,4.9109
0.018463,0.0024414,4.9109
0.019073,0.0010681,4.9158
0.020447,0.00076294,4.9146
0.02182,-0.00015259,4.9207
0.021973,-0.00015259,4.9207
0.020752,-0.00045776,4.9243
0.019989,-0.00030518,4.9219
0.020142,-0.00091553,4.9268
0.019684,-0.0015259,4.9243
0.019073,-0.002594,4.9304
0.019379,-0.0028992,4.9414
0.019684,-0.0019836,4.9304
0.019836,-0.00045776,4.9243
0.019836,0.0019836,4.9316
0.019226,0.0027466,4.9268
0.018768,0.0021362,4.9316
0.017853,-0.00030518,4.9377
0.018463,-0.00091553,4.9304
0.018616,-0.0068665,4.9365
0.018005,-0.0013733,4.9329
0.017853,-0.00061035,4.9353
0.018311,-0.00030518,4.9133
0.018005,-0.00045776,4.9353
0.018158,-0.0016785,4.9292
0.0177,-0.0024414,4.9341
0.018005,-0.0028992,4.9414
0.017242,-0.0021362,0.054932
0.015717,-0.0019836,0.05127
0.014496,-0.0010681,0.048828
0.014343,-0.0015259,0.039063
0.014496,-0.0028992,0.046387
0.015259,-0.0041199,0.050049
0.017242,-0.0042725,0.043945
0.017548,-0.0033569,0.046387
0.017548,-0.0013733,0.041504
0.019989,0,0.045166
0.019379,0.0010681,0.040283
0.021057,0.0010681,0.039063
0.022125,-0.00015259,0.039063
0.023804,0.0015259,0.042725
0.024109,0.00091553,0.042725
0.023804,0.0010681,0.042725
0.023499,0.0010681,0.040283
0.02533,0.0012207,0.041504
0.023651,0.00076294,0.037842
0.024567,0.00015259,0.041504
0.024872,-0.00045776,0.041504
0.024719,-0.00045776,0.041504
0.024414,-0.00061035,0.03418
0.022278,0.00030518,0.043945
0.022125,0.00030518,0.05249
0.020599,0.00061035,0.05127
0.019989,0,0.053711
0.020142,-0.0024414,0.05127
0.019531,-0.0038147,0.059814
0.019226,-0.0033569,0.057373
0.019684,-0.0032043,0.061035
0.019836,-0.0016785,0.058594
0.021515,-0.00091553,0.063477
0.021515,-0.0012207,0.059814
0.021667,-0.0027466,0.05249
0.021515,-0.0033569,0.073242
0.02243,-0.0038147,0.062256
0.022583,-0.0028992,0.063477
0.020905,-0.0010681,0.062256
0.022888,-0.00015259,0.048828
0.023346,0.00076294,0.063477
0.024414,0.00091553,0.065918
0.023956,0.0010681,0.064697
0.024261,0.00045776,0.056152
0.024261,-0.00076294,0.056152
0.024567,0.0015259,0.064697
0.02121,0.00076294,0.056152
0.025177,-0.00030518,0.053711
0.02533,-0.0016785,0.050049
0.02533,-0.002594,0.05127
0.025177,-0.00061035,0.05127
0.024414,-0.0018311,0.05249
0.023499,-0.0021362,0.05127
0.022278,-0.0019836,0.047607
0.020905,-0.0021362,0.050049
0.019836,-0.002594,0.046387
0.019379,-0.0018311,0.047607
0.020142,-0.00061035,0.041504
0.020599,0.00030518,0.043945
0.021667,0.0015259,0.043945
0.023804,0.0028992,0.041504
0.02533,0.00091553,0.039063
0.026093,-0.00015259,0.037842
0.026703,-0.0015259,0.037842
0.026703,-0.0062561,0.040283
0.025177,-0.00045776,0.03418
0.024261,0.00076294,0.041504
0.024719,0.0024414,0.037842
0.024719,0.0053406,0.043945
0.023956,0.0041199,0.043945
0.024261,0.0048828,0.043945
0.024872,0.0053406,0.059814
0.026398,0.0079346,0.048828
0.026703,0.007782,0.061035
0.027008,0.0090027,0.05249
0.024872,0.010376,0.045166
0.025635,0.010223,0.056152
0.024567,0.010529,0.058594
0.024567,0.0082397,0.057373
0.023651,0.0061035,0.062256
0.024109,0.0056458,0.058594
0.024567,0.0062561,0.062256
0.024261,0.0074768,0.059814
0.028381,0.0082397,0.064697
0.025024,0.0085449,0.059814
0.024109,0.0068665,0.064697
0.024872,0.0050354,0.067139
0.024414,0.0038147,0.063477
0.023804,0.0047302,0.067139
0.023804,0.0057983,0.067139
0.022278,0.0076294,0.073242
0.022278,0.0076294,0.065918
0.021057,0.007019,0.074463
0.019226,0.0056458,0.062256
0.016937,0.0038147,0.048828
0.018311,0.0035095,0.056152
0.018311,0.004425,0.05249
0.019073,0.007782,0.05249
0.019684,0.0065613,0.048828
0.020142,0.0047302,0.046387
0.018616,0.002594,0.048828
0.018616,-0.00015259,0.042725
0.017548,-0.0015259,0.046387
0.019531,-0.00076294,0.043945
0.020905,0.00076294,0.046387
0.021667,0.0022888,0.041504
0.021973,0.0024414,0.042725
0.021973,0.0022888,0.05127
0.021362,0.0012207,0.041504
0.020142,0.0010681,0.040283
0.022125,0.0035095,0.040283
0.022583,0.0056458,0.024414
0.024414,0.0067139,0.036621
0.024872,0.0088501,0.039063
0.025482,0.0080872,0.037842
0.02594,0.0065613,0.039063
0.025787,0.0048828,0.039063
0.025787,0.0050354,0.042725
0.026245,0.0061035,3.7195
0.026093,0.0080872,4.8401
0.023041,0.0093079,4.9072
0.023651,0.0094604,4.9231
0.021973,0.0088501,4.9231
0.020447,0.0065613,4.9036
0.019531,0.0053406,4.9243
0.020599,0.0059509,4.9304
0.020752,0.0061035,4.9341
0.022278,0.010071,4.9341
0.023193,0.0076294,4.9451
0.023651,0.0064087,4.9304
0.024109,0.0039673,4.9207
0.022583,0.0021362,4.9292
0.022888,0.0021362,4.9304
0.023346,0.0039673,4.9292
0.023193,0.0053406,4.9341
0.023651,0.0064087,4.9353
0.023651,0.0053406,4.9353
0.023499,0.0036621,4.9329
0.023804,0.0010681,4.9353
0.023346,0.00045776,4.9243
0.023956,0.00045776,4.9353
0.024719,0.0033569,4.9304
0.021515,0.0068665,4.9329
0.022278,0.0071716,4.9304
0.021057,0.0062561,4.9255
0.020294,0.004425,4.9243
0.018768,0.002594,4.9207
0.019073,0.0024414,4.9207
0.019379,0.0028992,4.9158
0.020294,0.0059509,4.917
0.020905,0.0022888,4.9133
0.02182,0.0016785,4.9109
0.021973,-0.00015259,4.9133
0.021515,-0.00091553,4.9109
0.021515,-0.0013733,4.9048
0.021515,0.00061035,4.9158
0.02182,0.0019836,4.9072
0.020905,0.0027466,4.9121
0.020447,0.0027466,4.9109
0.020599,0.0010681,4.9158
0.020905,-0.00091553,4.906
0.022278,-0.0015259,4.9072
0.02182,-0.00061035,4.9231
0.021973,0.00061035,4.9133
0.021057,0.0036621,4.9207
0.019836,0.0030518,4.9158
0.019379,0.0019836,4.8987
0.018768,0.0013733,4.9158
0.019379,0.0015259,4.9182
0.019684,0.00015259,4.9207
0.020142,0.0018311,4.9255
0.020599,0.0030518,4.9133
0.020142,0.0030518,4.9316
0.02182,0.0033569,4.9304
0.022278,0.0016785,4.9329
0.021667,-0.00030518,4.9182
0.02243,-0.0015259,4.9304
0.02182,-0.0016785,4.9304
0.021973,-0.0015259,4.9329
0.02182,-0.00015259,4.939
0.020599,-0.00045776,4.9329
0.020447,-0.0021362,4.9329
0.020752,-0.0038147,4.9304
0.021362,-0.0062561,4.9414
0.023651,-0.0048828,4.9341
0.025024,-0.0032043,4.9268
0.02594,-0.0010681,4.9365
0.024872,0.00045776,4.9329
0.023499,0.00030518,4.9304
0.02243,-0.0010681,4.9316
0.02121,-0.0027466,4.9268
0.021667,-0.0028992,4.9255
0.021362,-0.002594,4.9207
0.02121,-0.0012207,4.9255
0.020294,0.00015259,4.9182
0.019073,-0.00045776,4.9207
0.018463,-0.0019836,4.9146
0.018158,-0.0033569,4.9182
0.019531,-0.0039673,4.9243
0.020294,-0.0019836,4.917
0.020752,0.00076294,4.9268
0.020447,0.0041199,4.9121
0.019989,0.0061035,4.9036
0.019073,0.0057983,4.9109
0.019989,0.004425,4.9097
0.020599,0.0024414,4.9121
0.022583,0.0013733,4.9097
0.023346,0.0016785,4.9084
0.023193,0.0022888,4.9109
0.02243,0.0030518,4.9072
0.020599,0.0024414,4.9121
0.019836,0.00091553,4.9109
0.019379,-0.00076294,4.9158
0.019379,-0.0024414,4.9146
0.019684,-0.0022888,4.9109
0.018921,-0.0021362,4.9231
0.018616,0,4.9207
0.015717,0.00061035,4.917
0.014496,-0.0015259,4.9255
0.014496,-0.0036621,4.9255
0.014954,-0.0065613,4.9329
0.015259,-0.007019,4.9365
0.014648,-0.0064087,4.928
0.015106,-0.0054932,4.9316
0.015106,-0.0032043,4.9304
0.016785,-0.0022888,4.9365
0.019684,-0.0024414,4.9304
0.022125,-0.0028992,0.074463
0.026093,-0.0028992,0.059814
0.028076,-0.0012207,0.062256
0.028992,0.00076294,0.064697
0.029297,0.0030518,0.067139
0.027466,0.0047302,0.065918
0.02655,0.0054932,0.068359
0.025635,0.0057983,0.076904
0.02655,0.0067139,0.064697
0.025787,0.0057983,0.06958
0.025635,0.0064087,0.063477
0.024872,0.0073242,0.040283
0.023346,0.0061035,0.054932
0.02182,0.004425,0.05249
0.020752,0.0030518,0.050049
0.02121,0,0.047607
0.021667,-0.0022888,0.045166
0.020752,-0.0036621,0.047607
0.019073,-0.0056458,0.043945
0.014343,-0.007019,0.046387
0.010834,-0.0068665,0.037842
0.0086975,-0.0071716,0.046387
0.0071716,-0.0079346,0.043945
0.005188,-0.009613,0.042725
0.010376,-0.011139,0.046387
0.012512,-0.011444,0.039063
0.015411,-0.010681,0.037842
0.014496,-0.012207,0.041504
0.015411,-0.011902,0.029297
0.017853,-0.013885,0.036621
0.021973,-0.014343,0.029297
0.025177,-0.013885,0.037842
0.02594,-0.011902,0.041504
0.025635,-0.010834,0.040283
0.023651,-0.0054932,0.045166
0.022888,-0.0039673,0.043945
0.022278,-0.0024414,0.048828
0.023804,-0.0033569,0.046387
0.023651,-0.0035095,0.054932
0.025024,-0.0027466,0.053711
0.024567,-0.0015259,0.057373
0.022583,-0.0010681,0.059814
0.019379,0,0.061035
0.018921,0.0010681,0.067139
0.016937,0.0018311,0.064697
0.017548,0.0021362,0.075684
0.018158,0.0035095,0.061035
0.017395,0.0042725,0.050049
0.012665,0.0042725,0.062256
0.01297,0.0048828,0.062256
0.010681,0.004425,0.062256
0.0097656,0.004425,0.065918
0.0090027,0.0038147,0.062256
0.0097656,0.0028992,0.067139
0.010376,0.0047302,0.064697
0.012207,0.0062561,0.065918
0.014343,0.0076294,0.061035
0.010834,0.0083923,0.062256
0.010834,0.0090027,0.059814
0.011444,0.009613,0.059814
0.014954,0.007782,0.056152
0.018463,0.0093079,0.05127
0.020599,0.011902,0.05127
0.023041,0.015564,0.045166
0.024719,0.018768,0.046387
0.027008,0.022888,0.047607
0.031891,0.024261,0.047607
0.034485,0.024414,0.036621
0.042725,0.022736,0.043945
0.045624,0.020752,0.040283
0.046844,0.019531,0.040283
0.043793,0.016327,0.036621
0.040588,0.012665,0.040283
0.037079,0.0082397,0.036621
0.032654,0.0038147,0.040283
0.027618,-0.00030518,0.037842
0.023804,-0.0019836,0.042725
0.017242,-0.002594,0.036621
0.0091553,-0.0048828,0.042725
0.0030518,-0.0038147,0.056152
-0.00091553,-0.007019,0.041504
-0.0016785,-0.012207,0.05127
-0.00076294,-0.018921,0.042725
-0.00061035,-0.025024,0.028076
0,-0.029297,0.045166
-0.00061035,-0.030975,0.05249
0.0010681,-0.029602,0.05249
0.0032043,-0.025635,0.054932
0.0079346,-0.018158,0.05127
0.014954,-0.0088501,0.062256
0.02182,0.0022888,0.059814
0.032501,0.01236,0.063477
0.041809,0.02182,0.058594
0.049438,0.025024,0.063477
0.056152,0.025024,0.062256
0.060577,0.020599,0.063477
0.062256,0.014954,0.070801
0.062408,0.0079346,0.061035
0.057983,0.0016785,0.063477
0.050812,-0.0028992,0.061035
0.042114,-0.0045776,0.076904
0.033417,-0.0057983,0.064697
0.026703,-0.0042725,0.053711
0.023651,-0.0012207,0.063477
0.027771,0.0027466,0.064697
0.029755,0.0074768,0.056152
0.033875,0.010529,0.058594
0.034637,0.012817,0.05249
0.035858,0.013123,0.05249
0.034485,0.012665,0.05127
0.031281,0.010223,0.05249
0.027313,0.0076294,0.047607
0.024261,0.0022888,0.048828
0.021667,-0.0039673,0.046387
0.018616,-0.010681,0.046387
0.016937,-0.016327,0.056152
0.015411,-0.018768,0.045166
0.015717,-0.021973,3.5071
0.018311,-0.023193,4.8206
0.022125,-0.023956,4.8926
0.027008,-0.024261,4.9072
0.029755,-0.02243,4.9084
0.031891,-0.020447,4.9084
0.031738,-0.015564,4.9097
0.031586,-0.0097656,4.9084
0.032654,-0.0035095,4.9072
0.033417,0.0012207,4.9109
0.039215,0.0056458,4.9121
0.041656,0.0080872,4.9121
0.043182,0.0080872,4.9146
0.042725,0.0071716,4.9158
0.039978,0.0064087,4.9231
0.035553,0.0041199,4.917
0.029144,0.00061035,4.9255
0.028229,-0.0033569,4.9243
0.025787,-0.0080872,4.9231
0.023651,-0.010986,4.9329
0.020905,-0.018158,4.928
0.018921,-0.0082397,4.9146
0.018005,-0.0027466,4.9255
0.017395,0.0028992,4.9329
0.019073,0.0076294,4.9304
0.019684,0.010681,4.9316
0.018158,0.012665,4.9304
0.014038,0.013885,4.9353
0.0093079,0.014954,4.9353
0.005188,0.015411,4.9377
0.0028992,0.014801,4.9292
0.0033569,0.01358,4.9402
0.0064087,0.01236,4.9329
0.0090027,0.010529,4.9365
0.011292,0.010223,4.9475
0.011444,0.011749,4.9316
0.012665,0.013123,4.9304
0.009613,0.015869,4.9329
0.010071,0.01709,4.9133
0.011749,0.014801,4.9231
0.013733,0.011749,4.9194
0.014648,0.0082397,4.9207
0.013733,0.0050354,4.9182
0.013733,0.0038147,4.9146
0.015411,0.004425,4.9158
0.017242,0.005188,4.9146
0.020752,0.005188,4.9109
0.023651,0.0062561,4.9097
0.023193,0.0050354,4.9158
0.020294,0.0041199,4.9146
0.014801,0.0036621,4.9133
0.0086975,0.0030518,4.9109
0.0047302,0.002594,4.9158
0.0022888,0.00030518,4.9158
0.0022888,-0.0024414,4.9121
0.0059509,-0.0050354,4.9158
0.010223,-0.0074768,4.9072
0.013733,-0.0065613,4.9011
0.016327,-0.0047302,4.9133
0.018311,-0.00061035,4.9097
0.020905,0.0028992,4.9133
0.022125,0.0050354,4.9146
0.023346,0.0059509,4.917
0.023041,0.0059509,4.9194
0.019989,0.0067139,4.9243
0.016785,0.0091553,4.9268
0.014191,0.01236,4.9255
0.013733,0.014496,4.9316
0.01709,0.016022,4.9304
0.020294,0.016785,4.9329
0.025787,0.014954,4.9377
0.03006,0.013885,4.9341
0.031891,0.01236,4.9341
0.032806,0.011749,4.9329
0.029602,0.009613,4.928
0.028076,0.0074768,4.9316
0.026855,-0.0022888,4.9316
0.026245,-0.009613,4.9292
0.024719,-0.017242,4.9353
0.022583,-0.022888,4.9353
0.019379,-0.024872,4.9353
0.017395,-0.024872,4.9353
0.016479,-0.02121,4.9353
0.019226,-0.020905,4.9292
0.021973,-0.019379,4.9292
0.02594,-0.018616,4.9304
0.027924,-0.01709,4.928
0.027771,-0.013123,4.9231
0.029449,-0.009613,4.9243
0.031433,-0.0050354,4.9255
0.033569,-0.0032043,4.9207
0.034943,-0.00091553,4.928
0.039215,-0.0012207,4.917
0.041351,-0.0013733,4.9097
0.041504,-0.00015259,4.9146
0.044403,0.0027466,4.9133
0.039978,0.0074768,4.9146
0.039215,0.010986,4.9097
0.039825,0.013885,4.9072
0.040588,0.010376,4.9121
0.041351,0.0085449,4.9072
0.039978,0.007019,4.9133
0.038452,0.0079346,4.9109
0.034943,0.011292,4.9158
0.032043,0.015869,4.9084
0.030365,0.018158,4.9121
0.028534,0.019684,4.9243
0.026855,0.020142,4.9121
0.02533,0.019073,4.9194
0.022888,0.021057,4.9207
0.020599,0.018616,0.03418
0.019989,0.020142,0.05127
0.019836,0.019379,0.053711
0.020599,0.016022,0.05127
0.021515,0.011597,0.058594
0.021057,0.0067139,0.054932
0.018768,0.0041199,0.064697
0.015106,0.0028992,0.061035
0.010986,0.0041199,0.063477
0.0065613,0.0056458,0.056152
0.0082397,0.0054932,0.065918
0.0045776,0.0057983,0.062256
0.0054932,0.0041199,0.063477
0.0059509,0.0030518,0.072021
0.0054932,0.0028992,0.063477
0.0053406,0.0022888,0.064697
0.005188,0.0027466,0.067139
0.0062561,0.002594,0.079346
0.0091553,0.0016785,0.065918
0.01236,-0.00045776,0.048828
0.013885,-0.0021362,0.064697
0.015106,-0.0032043,0.061035
0.01358,-0.0033569,0.053711
0.015106,-0.0018311,0.058594
0.016174,-0.00015259,0.05127
0.019226,0.0027466,0.053711
0.020752,-0.00030518,0.046387
0.022278,-0.0018311,0.05249
0.021515,-0.0022888,0.046387
0.017548,-0.0015259,0.046387
0.016937,0.00076294,0.046387
0.015106,0.0032043,0.045166
0.015869,0.0071716,0.057373
0.017548,0.005188,0.043945
0.019379,0.0045776,0.05249
0.021057,0.0035095,0.040283
0.022125,0.0053406,0.031738
0.02243,0.0038147,0.039063
0.021667,0.0050354,0.037842
0.02243,0.0047302,0.039063
0.022736,0.0030518,0.041504
0.022125,0.0010681,0.037842
0.020905,-0.0019836,0.037842
0.018768,-0.0036621,0.037842
0.017853,-0.0047302,0.045166
0.014343,-0.0042725,0.039063
0.014038,-0.0038147,0.046387
0.015259,-0.0047302,0.050049
0.018005,-0.0067139,0.053711
0.020752,-0.0086975,0.050049
0.022278,-0.0099182,0.054932
0.023651,-0.0083923,0.05249
0.024414,-0.0073242,0.057373
0.025024,-0.0047302,0.064697
0.02533,-0.0033569,0.064697
0.025635,-0.0036621,0.050049
0.027313,-0.0048828,0.058594
0.027313,-0.0061035,0.061035
0.027466,-0.0061035,0.064697
0.026855,-0.0059509,0.062256
0.026093,-0.0035095,0.057373
0.027466,-0.0019836,0.062256
0.028839,-0.0016785,0.059814
0.030975,-0.0024414,0.065918
0.032043,-0.0035095,0.064697
0.032196,-0.0041199,0.067139
0.030518,-0.0021362,0.064697
0.028229,0,0.062256
0.026245,0.0024414,0.075684
0.025024,0.004425,0.061035
0.024414,0.0038147,0.057373
0.023651,0.0010681,0.057373
0.022125,-0.00061035,0.030518
0.020294,-0.00045776,0.05127
0.017853,0.0021362,0.048828
0.015259,0.0056458,0.047607
0.015717,0.0091553,0.05127
0.018158,0.010681,0.043945
0.019379,0.010529,0.047607
0.019684,0.0094604,0.041504
0.019684,0.0080872,0.042725
0.019531,0.0085449,0.039063
0.018311,0.0090027,0.043945
0.017853,0.0093079,0.039063
0.019226,0.0080872,0.041504
0.020752,0.0068665,0.037842
0.020447,0.0041199,0.042725
0.02243,0.00076294,0.041504
0.021667,0.00015259,0.042725
0.02182,-0.0022888,0.042725
0.022583,-0.0032043,0.0354
0.024414,-0.0041199,0.026855
0.02655,-0.0047302,0.039063
0.029297,-0.0059509,0.042725
0.031128,-0.0082397,0.042725
0.031738,-0.011749,0.050049
0.031586,-0.013428,0.046387
0.030365,-0.013733,0.053711
0.029449,-0.012054,0.050049
0.029602,-0.0094604,0.057373
0.03067,-0.0073242,0.05249
0.031891,-0.0076294,0.058594
0.031433,-0.0083923,0.057373
0.029144,-0.0093079,0.062256
0.027771,-0.0088501,0.073242
0.026398,-0.0079346,0.061035
0.025635,-0.0061035,0.065918
0.02533,-0.0047302,0.059814
0.025482,-0.0038147,0.059814
0.025024,-0.0038147,0.061035
0.023804,-0.0027466,0.061035
0.02182,-0.00045776,0.062256
0.020752,0.0028992,0.067139
0.018921,0.0056458,0.061035
0.018005,0.0068665,0.062256
0.018768,0.0067139,0.062256
0.018768,0.0048828,0.065918
0.019073,0.0024414,4.5447
0.018616,0.0013733,4.9036
0.018463,0.002594,4.9231
0.019073,0.0047302,4.9268
0.019073,0.0054932,4.9219
0.018158,0.0061035,4.9255
0.019684,0.0038147,4.9292
0.019073,0.0012207,4.9194
0.018616,-0.00015259,4.9268
0.0177,0.00076294,4.9182
0.016479,0.0021362,4.9048
0.016327,0.0038147,4.906
0.014343,0.0038147,4.9158
0.015411,0.0013733,4.9097
0.014648,-0.0010681,4.9121
0.014191,-0.0028992,4.906
0.014191,-0.0018311,4.9097
0.012512,0.00076294,4.9036
0.012207,0.0038147,4.9072
0.013275,0.0039673,4.9084
0.01236,0.0024414,4.9146
0.012054,-0.00030518,4.9109
0.010834,-0.0033569,4.9146
0.012054,-0.010071,4.9158
0.011444,-0.0041199,4.9133
0.011292,-0.0018311,4.9109
0.012054,0.00030518,4.9182
0.012054,0.0018311,4.9133
0.01358,0.0032043,4.9182
0.014648,0.0035095,4.9207
0.016479,0.0050354,4.9268
0.019379,0.0073242,4.9268
0.021515,0.009613,4.9243
0.022736,0.012665,4.9316
0.02533,0.014343,4.9365
0.026245,0.013123,4.9341
0.027618,0.013123,4.9304
0.028534,0.011597,4.9365
0.030365,0.010681,4.9304
0.029602,0.0091553,4.9231
0.030365,0.0085449,4.9304
0.030365,0.0067139,4.9353
0.029144,0.0050354,4.9426
0.028839,0.0018311,4.9365
0.028229,-0.00076294,4.9426
0.028534,-0.0047302,4.9316
0.028839,-0.0032043,4.9268
0.029297,-0.0041199,4.9341
0.028381,-0.0041199,4.9304
0.028534,-0.0054932,4.9255
0.028076,-0.0062561,4.928
0.029144,-0.007019,4.9243
0.03006,-0.0067139,4.9231
0.031433,-0.0047302,4.9182
0.031738,-0.0033569,4.9194
0.031433,-0.0019836,4.9158
0.031586,-0.0019836,4.9146
0.031891,-0.0015259,4.9207
0.032196,-0.0010681,4.9207
0.033569,-0.00045776,4.9158
0.033722,0.0015259,4.9158
0.034332,0.0024414,4.9109
0.034637,0.0036621,4.9109
0.033569,0.002594,4.906
0.030823,0.0038147,4.9097
0.030212,0.002594,4.9097
0.028381,0.0024414,4.906
0.027618,0.0018311,4.9109
0.023956,0.0024414,4.9121
0.02533,0.004425,4.8999
0.023041,0.0035095,4.9097
0.022888,0.0067139,4.9133
0.02243,0.0036621,4.9109
0.02182,0.0027466,4.917
0.022278,0.0030518,4.917
0.023499,0.0038147,4.9194
0.023346,0.0045776,4.9182
0.024261,0.0047302,4.9255
0.025024,0.0057983,4.9292
0.024261,0.0039673,4.9255
0.023651,0.0033569,4.9353
0.02243,0.0035095,4.9304
0.021667,0.0019836,4.9146
0.020294,0.0038147,4.9219
0.02121,0.0045776,4.9329
0.021057,0.0045776,4.9329
0.021057,0.0042725,4.9292
0.019989,0.0045776,4.928
0.019073,0.0033569,4.9353
0.019226,0.0027466,4.9341
0.020294,0.0047302,4.9353
0.021667,0.0038147,4.9329
0.023804,0.0053406,4.9402
0.026093,0.0047302,4.9329
0.025787,0.0045776,4.9341
0.026245,0.0042725,4.9438
0.025787,0.0039673,4.9292
0.025482,0.0039673,4.9316
0.024719,0.0035095,4.9304
0.025482,0.0033569,4.9255
0.025635,0.0047302,4.9231
0.026703,0.002594,4.9219
0.025024,0.0021362,4.9109
0.023041,0.0016785,4.9194
0.023499,0.0024414,4.917
0.024261,0.004425,4.917
0.024414,0.0041199,4.9133
0.024719,0.005188,4.9158
0.025482,0.0042725,4.9097
0.023956,0.005188,4.9146
0.024414,0.0057983,0.040283
0.023499,0.0065613,0.043945
0.023956,0.0065613,0.03418
0.024261,0.0059509,0.039063
0.024414,0.0062561,0.050049
0.028839,0.0048828,0.039063
0.022736,0.0045776,0.054932
0.023041,0.004425,0.039063
0.02243,0.004425,0.026855
0.022278,0.0042725,0.041504
0.02243,0.0048828,0.041504
0.021667,0.0038147,0.041504
0.021057,0.0045776,0.046387
0.020447,0.00061035,0.045166
0.020752,-0.00091553,0.046387
0.020447,-0.00076294,0.050049
0.020599,-0.00061035,0.056152
0.02121,0.00015259,0.053711
0.02121,0.00061035,0.059814
0.021057,-0.00030518,0.062256
0.020905,-0.0022888,0.065918
0.020447,-0.0036621,0.068359
0.019379,-0.0045776,0.062256
0.018921,-0.0047302,0.063477
0.018463,-0.0048828,0.059814
0.019684,-0.0022888,0.063477
0.018005,-0.0016785,0.061035
0.017853,-0.0030518,0.063477
0.019073,-0.0042725,0.059814
0.018768,-0.0048828,0.067139
0.018616,-0.0041199,0.065918
0.018463,-0.0035095,0.064697
0.018311,-0.0068665,0.063477
0.018616,-0.0038147,0.067139
0.019531,-0.0036621,0.050049
0.019531,-0.005188,0.059814
0.020599,-0.0028992,0.058594
0.021057,-0.00030518,0.057373
0.02182,0.0013733,0.05127
0.022125,0.0022888,0.05249
0.023346,0.0030518,0.063477
0.024567,0.0032043,0.048828
0.025024,0.0032043,0.057373
0.025024,0.0045776,0.047607
0.025177,0.0053406,0.036621
0.024872,0.0054932,0.046387
0.026093,0.0045776,0.040283
0.025635,0.0022888,0.040283
0.02533,0.002594,0.041504
0.02533,0.0013733,0.036621
0.024414,0.0010681,0.042725
0.023499,0.0015259,0.040283
0.022125,0.0021362,0.040283
0.022125,0.0024414,0.036621
0.020447,0.0033569,0.042725
0.020599,0.0033569,0.040283
0.020905,0.0018311,0.040283
0.019989,0.0010681,0.047607
0.019684,-0.0024414,0.042725
0.019989,0.0013733,0.042725
0.020447,0.0028992,0.047607
0.021057,0.00030518,0.041504
0.02121,0.0032043,0.048828
0.020905,0.0022888,0.050049
0.020447,0.0018311,0.05127
0.020294,0.0012207,0.056152
0.020447,0.0013733,0.056152
0.022278,0.00091553,0.061035
0.022888,0.00061035,0.058594
0.023041,-0.0012207,0.061035
0.023346,-0.0016785,0.058594
0.021973,-0.0032043,0.063477
0.02182,-0.0045776,0.059814
0.020447,-0.0039673,0.063477
0.019379,-0.0041199,0.058594
0.018921,-0.0032043,0.065918
0.017395,-0.0022888,0.072021
0.016937,-0.0015259,0.05249
0.015869,-0.0013733,0.073242
0.016632,0.0010681,0.065918
0.01709,0.0019836,0.053711
0.018921,0.0030518,0.063477
0.021362,0.0024414,0.058594
0.022736,0.0010681,0.056152
0.024261,-0.00030518,0.056152
0.024109,-0.0016785,0.054932
0.023193,-0.0018311,0.05127
0.021667,-0.00091553,0.048828
0.019684,-0.0010681,0.053711
0.019531,-0.00061035,0.041504
0.018921,-0.00045776,0.048828
0.018768,-0.0015259,0.048828
0.018921,-0.0019836,0.047607
0.020294,-0.0024414,0.043945
0.021973,-0.0019836,0.045166
0.021362,-0.0022888,0.042725
0.022125,-0.00091553,0.039063
0.022888,-0.0010681,0.037842
0.022278,0.0019836,0.040283
0.022736,-0.0027466,0.046387
0.023193,-0.004425,0.036621
0.023499,-0.005188,0.040283
0.023956,-0.004425,0.037842
0.022583,-0.0042725,0.041504
0.024109,-0.0045776,0.039063
0.026855,-0.0042725,0.040283
0.025635,-0.0057983,0.040283
0.026245,-0.0053406,0.042725
0.026855,-0.0056458,0.043945
0.026703,-0.0053406,0.046387
0.030212,-0.0036621,0.048828
0.027161,-0.0012207,0.05249
0.028839,-0.00015259,0.067139
0.028534,0.00076294,0.058594
0.029449,0.0016785,0.068359
0.029755,0.0013733,0.059814
0.028534,0.0015259,3.2532
0.027618,0.00076294,4.8279
0.026703,0.0010681,4.9194
0.026093,0.0015259,4.9292
0.024261,0.0010681,4.9316
0.022736,0.0016785,4.928
0.021057,0.0018311,4.9316
0.019836,0.0018311,4.9316
0.018311,0.002594,4.9353
0.018005,0.0045776,4.9304
0.018311,0.0057983,4.939
0.018616,0.0068665,4.9353
0.020142,0.0074768,4.9353
0.020142,0.007782,4.9377
0.02121,0.007782,4.9316
0.020447,0.007019,4.9316
0.021057,0.0059509,4.928
0.019531,0.0062561,4.9353
0.018005,0.0050354,4.9231
0.016785,0.004425,4.9231
0.015869,0.0010681,4.9194
0.015259,-0.0013733,4.917
0.014038,-0.0024414,4.9146
0.012665,-0.0033569,4.9194
0.011902,-0.0035095,4.9109
0.010834,-0.0048828,4.9133
0.010986,-0.0035095,4.9084
0.010834,-0.0048828,4.9133
0.012817,-0.0056458,4.9084
0.014343,-0.0056458,4.9121
0.015106,-0.0076294,4.9109
0.015106,-0.004425,4.9133
0.016937,-0.0041199,4.9146
0.018616,-0.0033569,4.9121
0.019073,-0.0039673,4.9146
0.019684,-0.0033569,4.9084
0.021362,-0.0021362,4.9023
0.021515,-0.0016785,4.9109
0.022125,-0.0015259,4.9109
0.02182,0.0012207,4.9121
0.022736,0.0015259,4.9133
0.023193,0.0030518,4.9158
0.023346,0.0022888,4.9194
0.024414,0.0028992,4.9194
0.025787,0.0028992,4.9255
0.026855,0.0054932,4.9243
0.026398,0.0048828,4.928
0.027161,0.004425,4.928
0.026245,0.0054932,4.9341
0.023193,0.0057983,4.9304
0.021667,0.0065613,4.9329
0.02182,0.0082397,4.9365
0.020905,0.0099182,4.9353
0.019531,0.011597,4.9426
0.019684,0.013123,4.9353
0.020294,0.01358,4.9219
0.01709,0.016022,4.9316
0.022278,0.013733,4.9353
0.024872,0.016022,4.9304
0.028534,0.018158,4.9377
0.032043,0.018463,4.9329
0.033112,0.018616,4.9353
0.033112,0.017853,4.9329
0.032043,0.014801,4.9341
0.031281,0.011292,4.9268
0.029144,0.0086975,4.9292
0.026703,0.0067139,4.9231
0.023804,0.0048828,4.9255
0.021057,0.0033569,4.9377
0.017853,0.00076294,4.9231
0.015564,-0.0012207,4.9158
0.014343,-0.0027466,4.9194
0.014038,-0.0038147,4.8962
0.013733,-0.0061035,4.9146
0.011902,-0.0088501,4.9146
0.012207,-0.012512,4.9109
0.0091553,-0.016327,4.9109
0.0091553,-0.018921,4.9084
0.0083923,-0.02121,4.9084
0.0086975,-0.0177,4.9011
0.0090027,-0.015411,4.9109
0.0099182,-0.013428,4.9023
0.010986,-0.010223,4.9109
0.012665,-0.0086975,4.9109
0.015564,-0.005188,4.9146
0.02121,-0.00030518,4.9097
0.028229,0.004425,4.9133
0.0354,0.0086975,4.9133
0.042877,0.010376,4.9146
0.047607,0.011597,4.9304
0.051727,0.010681,4.9207
0.052185,0.0093079,4.9146
0.050354,0.0086975,4.9268
0.04776,0.0073242,4.9231
0.042114,0.0047302,4.9243
0.037689,0.0021362,4.9304
0.031891,-0.00045776,4.9304
0.026245,-0.0024414,4.9329
0.021515,-0.0016785,4.9304
0.018005,0.00015259,4.9377
0.016632,0.0024414,4.9207
0.018616,0.0056458,4.9353
0.022125,0.0083923,4.928
0.024414,0.010071,4.9341
0.026245,0.010071,4.9438
0.025482,0.0082397,4.9402
0.024414,0.005188,4.9402
0.023346,0.00045776,4.9377
0.022125,-0.0041199,4.928
0.02182,-0.0080872,4.9329
0.021057,-0.0099182,0.028076
0.020752,-0.010071,0.053711
0.018921,-0.0093079,0.057373
0.020447,-0.0083923,0.05249
0.023041,-0.0080872,0.053711
0.026398,-0.0067139,0.048828
0.030518,-0.0065613,0.053711
0.035095,-0.004425,0.042725
0.036774,-0.0015259,0.047607
0.037231,0.00030518,0.048828
0.0354,0.0016785,0.046387
0.032806,0.0030518,0.041504
0.029297,0.0018311,0.047607
0.025787,0.0015259,0.046387
0.02243,0.0013733,0.042725
0.019379,0.0018311,0.046387
0.017242,0.0012207,0.040283
0.014954,0.00045776,0.043945
0.014343,-0.0016785,0.0354
0.014648,-0.0039673,0.040283
0.016174,-0.0054932,0.039063
0.017853,-0.0067139,0.039063
0.019226,-0.0062561,0.0354
0.020142,-0.0059509,0.041504
0.018463,-0.0050354,0.040283
0.016479,-0.0035095,0.045166
0.014038,-0.0018311,0.046387
0.011292,0.00076294,0.05249
0.009613,0.0028992,0.048828
0.0086975,0.0053406,0.054932
0.0086975,0.0059509,0.06958
0.010681,0.0054932,0.057373
0.013275,0.004425,0.061035
0.017242,0.0032043,0.059814
0.021362,0.0028992,0.050049
0.02533,0.0027466,0.061035
0.028534,0.0016785,0.059814
0.029449,0.0013733,0.062256
0.029297,0.0010681,0.061035
0.026703,0.0022888,0.057373
0.023956,0.0019836,0.064697
0.020905,0.0030518,0.061035
0.019531,0.0047302,0.063477
0.018921,0.0054932,0.062256
0.019379,0.0071716,0.065918
0.020599,0.0076294,0.065918
0.021973,0.0067139,0.067139
0.024414,0.0057983,0.06958
0.02594,0.004425,0.061035
0.026703,0.0041199,0.064697
0.028229,0.0033569,0.056152
0.027771,0.0024414,0.070801
0.026398,0.00076294,0.053711
0.025024,-0.0013733,0.054932
0.020599,-0.0022888,0.043945
0.020447,-0.0019836,0.046387
0.019379,0.00091553,0.045166
0.018463,0.0033569,0.046387
0.018158,0.0062561,0.041504
0.019684,0.0074768,0.043945
0.02121,0.0082397,0.040283
0.023041,0.0090027,0.043945
0.025177,0.0080872,0.037842
0.028076,0.0071716,0.042725
0.029449,0.0073242,0.040283
0.029907,0.0076294,0.036621
0.029907,0.0090027,0.048828
0.029602,0.010681,0.039063
0.028992,0.011749,0.048828
0.028534,0.013733,0.036621
0.026093,0.015259,0.031738
0.024261,0.016022,0.040283
0.023193,0.016022,0.041504
0.022278,0.016785,0.043945
0.022888,0.016632,0.042725
0.022888,0.014038,0.050049
0.019684,0.0088501,0.050049
0.020599,0.0059509,0.050049
0.018005,0.0012207,0.056152
0.015717,-0.0038147,0.057373
0.013733,-0.0076294,0.058594
0.011902,-0.011139,0.061035
0.010529,-0.014954,0.062256
0.007782,-0.016479,0.061035
0.0057983,-0.020142,0.063477
0.0067139,-0.02121,0.067139
0.0085449,-0.02121,0.058594
0.010529,-0.019836,0.070801
0.014496,-0.016479,0.063477
0.017853,-0.013275,0.050049
0.02182,-0.0097656,0.062256
0.025177,-0.0088501,0.065918
0.027466,-0.0056458,0.065918
0.03006,-0.0056458,0.065918
0.029144,-0.0048828,0.059814
0.033264,-0.004425,0.064697
0.033569,-0.0027466,0.054932
0.032806,-0.00045776,0.057373
0.032349,0.00061035,0.056152
0.032349,0.0028992,0.057373
0.032196,0.0045776,0.05249
0.032349,0.0057983,0.054932
0.033722,0.0080872,0.059814
0.03418,0.010529,0.050049
0.034485,0.01236,0.045166
0.03418,0.013275,0.045166
0.033264,0.012817,0.030518
0.032196,0.01297,0.040283
0.031433,0.012665,0.040283
0.029755,0.011902,0.040283
0.027313,0.014191,0.041504
0.025635,0.014648,0.037842
0.022736,0.014954,0.037842
0.018158,0.014343,0.037842
0.018158,0.014038,0.040283
0.01709,0.011292,0.0354
0.01709,0.0074768,0.043945
0.015411,0.0065613,3.5095
0.014954,0.0042725,4.8279
0.014801,0.0038147,4.8987
0.014191,-0.00091553,4.9084
0.014496,0.0015259,4.9194
0.01236,0.00091553,4.9158
0.01236,0.00030518,4.9292
0.012512,-0.0010681,4.9219
0.011597,0.0016785,4.9133
0.012207,0.0024414,4.9268
0.011444,0.0030518,4.9268
0.011292,0.0022888,4.9243
0.012054,0.0010681,4.9329
0.013733,-0.0012207,4.928
0.016479,-0.0021362,4.9329
0.015717,-0.0015259,4.928
0.017242,-0.0013733,4.9329
0.0177,-0.00091553,4.9304
0.017395,-0.0015259,4.9329
0.018158,-0.00030518,4.9329
0.017395,-0.00091553,4.9329
0.017853,-0.0039673,4.939
0.013275,-0.0022888,4.9365
0.016479,-0.0019836,4.9353
0.017242,0.00015259,4.9365
0.01709,0.0010681,4.939
0.017242,0.00061035,4.9341
0.016937,0.00091553,4.9255
0.017242,-0.00061035,4.9268
0.0177,-0.00076294,4.9255
0.018311,-0.0010681,4.9231
0.020294,-0.0018311,4.9243
0.020294,-0.002594,4.917
0.017548,-0.0039673,4.9207
0.018616,-0.0059509,4.917
0.018616,-0.0071716,4.9158
0.020599,-0.0088501,4.9146
0.019989,-0.0085449,4.9194
0.019379,-0.0074768,4.9133
0.021057,-0.0054932,4.9146
0.021667,-0.0056458,4.9243
0.02182,-0.0036621,4.9133
0.021667,-0.0038147,4.9182
0.023651,-0.0047302,4.9011
0.025482,-0.0067139,4.8987
0.029755,-0.0050354,4.9097
0.031281,-0.0041199,4.9097
0.033112,-0.0038147,4.9084
0.032959,-0.0036621,4.906
0.033722,-0.0047302,4.9072
0.033722,-0.005188,4.9109
0.034332,-0.0054932,4.9097
0.03479,-0.0048828,4.9182
0.033264,-0.0028992,4.9121
0.032043,-0.0018311,4.917
0.03006,-0.0013733,4.9207
0.027313,-0.0021362,4.9255
0.028687,-0.0027466,4.9316
0.028687,-0.0041199,4.928
0.028839,-0.0027466,4.9146
0.028534,-0.0021362,4.9316
0.028076,-0.0010681,4.9353
0.027313,-0.00015259,4.9304
0.02533,0.00045776,4.9316
0.023804,0.00061035,4.9304
0.023041,0.00061035,4.9365
0.021057,0.00045776,4.9292
0.020447,0.0016785,4.9329
0.018005,0.002594,4.9316
0.017395,0.0027466,4.9353
0.016937,0.0042725,4.9353
0.016174,0.0033569,4.9377
0.015411,0.0033569,4.9353
0.016479,0.0024414,4.9353
0.01709,0.0022888,4.9341
0.015869,0.0018311,4.9329
0.015411,0.0018311,4.939
0.015411,0.0021362,4.9292
0.014954,0.0033569,4.9329
0.012817,0.0013733,4.9219
0.011749,0.00045776,4.906
0.011902,-0.0016785,4.9207
0.013275,-0.0019836,4.9182
0.014038,-0.002594,4.9158
0.016022,-0.0018311,4.9182
0.014648,-0.00076294,4.9121
0.020752,-0.0010681,4.9146
0.02243,-0.0024414,4.9084
0.023651,-0.0042725,4.9121
0.025177,-0.0057983,4.9036
0.025635,-0.0076294,4.9109
0.024872,-0.0050354,4.9011
0.023804,-0.0048828,4.9158
0.023041,-0.005188,4.9121
0.02182,-0.0057983,4.9097
0.021362,-0.0073242,4.9097
0.021362,-0.0082397,4.9121
0.021515,-0.0082397,4.8962
0.020294,-0.0079346,4.9121
0.022583,-0.0062561,4.9011
0.023956,-0.0056458,4.9121
0.02594,-0.0054932,4.9133
0.026093,-0.0067139,4.9207
0.025787,-0.0064087,4.9182
0.024719,-0.0068665,4.9194
0.023499,-0.0056458,4.928
0.02243,0,4.9255
0.022583,0.00030518,4.928
0.023346,0.0027466,4.928
0.024261,0.0041199,4.8792
0.026245,0.0048828,0.061035
0.027008,0.0048828,0.063477
0.029297,0.0062561,0.072021
0.030518,0.007782,0.061035
0.032349,0.0093079,0.068359
0.033417,0.009613,0.063477
0.032654,0.0080872,0.046387
0.030212,0.0047302,0.059814
0.028992,0.0012207,0.065918
0.026245,-0.00015259,0.063477
0.021667,-0.00045776,0.065918
0.018616,0.00030518,0.062256
0.014343,0.00076294,0.064697
0.013275,0.00091553,0.061035
0.011139,0,0.058594
0.0097656,-0.002594,0.053711
0.0091553,-0.0056458,0.056152
0.0071716,-0.0045776,0.050049
0.0059509,-0.0041199,0.05249
0.0061035,-0.0022888,0.054932
0.0067139,-0.0022888,0.048828
0.0065613,-0.0028992,0.046387
0.0071716,-0.004425,0.047607
0.0090027,-0.0056458,0.0354
0.0088501,-0.0059509,0.042725
0.010834,-0.0050354,0.043945
0.013123,-0.0041199,0.036621
0.016327,-0.0018311,0.040283
0.018158,-0.00076294,0.039063
0.020294,-0.00091553,0.036621
0.021667,-0.00015259,0.036621
0.025177,0.00030518,0.042725
0.023041,0.0013733,0.037842
0.023651,0.0038147,0.043945
0.024261,0.0071716,0.037842
0.024261,0.0061035,0.041504
0.023346,0.0059509,0.040283
0.023499,0.0053406,0.045166
0.023956,0.0048828,0.05127
0.024719,0.0047302,0.048828
0.025177,0.0053406,0.063477
0.026093,0.0053406,0.050049
0.027618,0.0036621,0.042725
0.027466,0.0018311,0.056152
0.027008,-0.00015259,0.056152
0.027161,-0.0024414,0.057373
0.027313,-0.002594,0.058594
0.026093,-0.0022888,0.057373
0.02533,-0.0016785,0.062256
0.027008,-0.00076294,0.059814
0.024109,-0.0010681,0.065918
0.023499,-0.0012207,0.057373
0.023651,-0.0027466,0.059814
0.025635,-0.0030518,0.063477
0.027924,-0.0032043,0.063477
0.03067,-0.0013733,0.073242
0.032654,-0.00015259,0.067139
0.034943,0.00030518,0.067139
0.035553,0,0.065918
0.037079,-0.0021362,0.06958
0.037231,-0.0027466,0.062256
0.037079,-0.0013733,0.058594
0.036316,0.00091553,0.057373
0.036163,0.00030518,0.054932
0.033875,0.0073242,0.053711
0.032349,0.0080872,0.05249
0.031738,0.0079346,0.048828
0.030212,0.0057983,0.05249
0.028687,0.0050354,0.045166
0.029907,0.0054932,0.048828
0.030365,0.0068665,0.047607
0.027924,0.010223,0.048828
0.026398,0.0090027,0.037842
0.023193,0.007019,0.040283
0.021973,0.0035095,0.056152
0.019836,0.0028992,0.041504
0.018158,0.00030518,0.050049
0.01709,0.0010681,0.037842
0.016479,0.0021362,0.026855
0.014648,0.0045776,0.036621
0.012665,0.0038147,0.040283
0.012207,0.0010681,0.040283
0.012054,-0.0021362,0.041504
0.012665,-0.0033569,0.037842
0.01236,-0.0019836,0.039063
0.01236,0,0.045166
0.016174,0.0013733,0.046387
0.013275,0.0013733,0.043945
0.013733,-0.00030518,0.05249
0.013885,-0.0018311,0.05127
0.014954,-0.0024414,0.053711
0.0177,-0.00015259,0.063477
0.020447,0.0024414,0.058594
0.022888,0.0045776,0.056152
0.023956,0.0056458,0.05249
0.025024,0.0053406,0.068359
0.024719,0.0032043,0.059814
0.024872,0.0022888,0.047607
0.024719,0.0024414,0.063477
0.02533,0.0028992,0.062256
0.025024,0.0039673,0.059814
0.024109,0.0041199,0.063477
0.02182,0.0033569,0.059814
0.020599,0.0013733,0.065918
0.018616,0.00030518,0.065918
0.019379,-0.0010681,0.068359
0.019379,-0.00061035,0.062256
0.020294,0.00030518,0.065918
0.018616,0.0012207,0.062256
0.020294,0.0019836,0.061035
0.020905,0.0012207,0.068359
0.02121,-0.00076294,0.056152
0.023956,-0.0022888,0.057373
0.023346,-0.0021362,0.047607
0.025024,-0.00045776,0.039063
0.025635,0.0053406,0.047607
0.026093,0.0041199,0.71289
0.027466,0.0045776,4.6716
0.027618,0.0039673,4.8987
0.028076,0.0030518,4.9109
0.029297,0.0035095,4.9146
0.031128,0.0059509,4.9084
0.031281,0.0079346,4.9133
0.031586,0.0088501,4.9084
0.029907,0.0083923,4.9121
0.028687,0.0061035,4.9133
0.027924,0.0045776,4.9133
0.023346,0.0022888,4.9084
0.023041,0.0030518,4.9109
0.022125,0.0042725,4.9109
0.019226,0.0045776,4.9097
0.01709,0.0048828,4.9158
0.015564,0.0033569,4.9158
0.014191,0.00045776,4.9011
0.01358,-0.0024414,4.9121
0.010986,-0.0027466,4.9158
0.011444,-0.0022888,4.9158
0.0097656,-0.00061035,4.9207
0.0097656,0,4.9194
0.0090027,-0.00076294,4.928
0.0094604,-0.0018311,4.9255
0.0093079,-0.0036621,4.9292
0.010223,-0.0042725,4.9268
0.011749,-0.0032043,4.9341
0.01236,-0.0012207,4.9304
0.013733,0,4.9329
0.015717,0.0019836,4.9426
0.017548,0.0024414,4.9329
0.018616,0.0018311,4.9316
0.022125,0.0015259,4.9329
0.023804,0.0019836,4.9268
0.025482,0.0032043,4.9304
0.025177,0.0050354,4.9365
0.02533,0.0062561,4.9377
0.024414,0.005188,4.9353
0.023956,0.0039673,4.9329
0.023651,0.0021362,4.9353
0.023956,0.00091553,4.928
0.024567,0.00015259,4.9316
0.023499,0.0032043,4.9231
0.022125,0.0047302,4.9255
0.02243,0.0064087,4.9219
0.021973,0.0064087,4.9219
0.022278,0.004425,4.9207
0.020142,0.0018311,4.9219
0.02243,0.0016785,4.9268
0.022278,0.0016785,4.9182
0.022125,0.0028992,4.9268
0.020294,0.0042725,4.9146
0.020599,0.0038147,4.9097
0.020142,0.0028992,4.9133
0.02121,0.0022888,4.9097
0.021973,0.0018311,4.9097
0.022888,0.0024414,4.9109
0.023499,0.0032043,4.9084
0.023193,0.0028992,4.9109
0.022888,0.0018311,4.906
0.022278,0.00045776,4.9146
0.02243,-0.0015259,4.9097
0.021973,-0.0027466,4.9109
0.022125,-0.0024414,4.9109
0.02182,-0.0013733,4.9158
0.021515,0.00045776,4.9231
0.019531,0.0021362,4.9194
0.018616,0.0018311,4.9231
0.017853,0.0012207,4.9231
0.018311,-0.00030518,4.9182
0.020599,-0.00091553,4.9268
0.021362,-0.00076294,4.9243
0.02243,0.00061035,4.9268
0.022125,0.0012207,4.9219
0.020447,0.0010681,4.9304
0.020447,0.00061035,4.9304
0.019836,0,4.9304
0.019989,-0.00045776,4.9133
0.019684,0.00045776,4.9268
0.018616,0.0016785,4.9329
0.017395,0.0030518,4.9353
0.015259,0.0039673,4.9365
0.014343,0.0030518,4.9341
0.012512,0.0019836,4.9402
0.014801,0.00015259,4.9402
0.016327,-0.00045776,4.9365
0.017242,0.00061035,4.9426
0.016937,0.0032043,4.9329
0.015411,0.0015259,4.928
0.014648,0.00076294,4.928
0.015259,-0.00030518,4.9219
0.016022,-0.0015259,4.9243
0.01709,-0.0013733,4.9243
0.018311,-0.0016785,4.9158
0.018768,-0.0010681,4.9231
0.020142,-0.00076294,4.9194
0.018921,-0.0012207,4.917
0.019836,-0.0015259,4.9146
0.02182,-0.0013733,4.9158
0.025482,-0.0024414,4.9133
0.024567,-0.0022888,4.9133
0.024567,-0.0016785,4.9207
0.023193,-0.0030518,4.9146
0.021057,-0.00045776,4.9109
0.020142,-0.00045776,4.9048
0.020142,-0.00030518,4.8914
0.018616,-0.00076294,4.9109
0.023499,-0.0013733,4.9084
0.024872,-0.00076294,4.9072
0.026093,0.0012207,0.042725
0.026093,0,0.037842
0.025177,-0.00045776,0.042725
0.025024,-0.0010681,0.042725
0.02594,-0.002594,0.047607
0.027924,-0.0027466,0.045166
0.027008,-0.0028992,0.053711
0.02594,-0.0021362,0.048828
0.023651,-0.0010681,0.054932
0.022125,0.00076294,0.058594
0.020294,0.0013733,0.056152
0.021973,0.0015259,0.063477
0.023346,0.0032043,0.062256
0.024414,-0.00030518,0.072021
0.024109,-0.00030518,0.061035
0.023041,0.00030518,0.05249
0.020752,-0.00061035,0.059814
0.019073,-0.0012207,0.059814
0.018158,-0.0018311,0.057373
0.017548,-0.0027466,0.064697
0.017395,-0.0036621,0.063477
0.017548,-0.0035095,0.064697
0.016937,-0.002594,0.064697
0.0177,-0.0010681,0.068359
0.014496,-0.0012207,0.062256
0.014648,-0.002594,0.064697
0.014954,-0.0032043,0.059814
0.015869,-0.0033569,0.064697
0.018158,-0.0045776,0.065918
0.018616,-0.0048828,0.056152
0.019684,-0.0042725,0.053711
0.017242,-0.0033569,0.048828
0.016479,-0.0033569,0.037842
0.0177,-0.0039673,0.048828
0.015717,-0.0047302,0.046387
0.021515,-0.0057983,0.045166
0.023346,-0.0061035,0.046387
0.022278,-0.0079346,0.041504
0.020447,-0.0061035,0.041504
0.019226,-0.0067139,0.039063
0.016937,-0.0065613,0.042725
0.017548,-0.0059509,0.039063
0.018768,-0.0054932,0.042725
0.019836,-0.0047302,0.043945
0.019684,-0.002594,0.041504
0.019073,-0.0024414,0.0354
0.018311,0.00045776,0.043945
0.017548,0.0013733,0.041504
0.018158,0.0012207,0.039063
0.020447,0.00091553,0.043945
0.020752,0.00015259,0.042725
0.021515,-0.00030518,0.032959
0.021057,-0.00091553,0.043945
0.019684,-0.0010681,0.050049
0.018921,-0.0015259,0.048828
0.019226,-0.00076294,0.05249
0.021362,-0.00030518,0.05127
0.025635,-0.00030518,0.061035
0.02655,0.00015259,0.057373
0.027771,-0.00061035,0.058594
0.027466,0,0.05127
0.02594,-0.00045776,0.063477
0.025024,-0.0010681,0.059814
0.024872,-0.00091553,0.062256
0.02594,-0.0032043,0.076904
0.026703,-0.0022888,0.062256
0.026398,-0.002594,0.062256
0.024567,-0.0041199,0.063477
0.021973,-0.0047302,0.054932
0.019836,-0.0047302,0.063477
0.019989,-0.004425,0.064697
0.020294,-0.0036621,0.063477
0.023193,-0.0027466,0.065918
0.024414,-0.002594,0.059814
0.024109,-0.0030518,0.062256
0.023956,-0.0038147,0.056152
0.019836,-0.0035095,0.057373
0.018463,-0.0045776,0.050049
0.018768,-0.0050354,0.053711
0.019684,-0.0067139,0.048828
0.020447,-0.0053406,0.053711
0.019989,-0.0050354,0.047607
0.018616,-0.0079346,0.047607
0.017395,-0.002594,0.054932
0.016937,-0.00045776,0.043945
0.018921,0.00076294,0.057373
0.022125,0.0015259,0.041504
0.025482,0.0016785,0.041504
0.028381,0.0012207,0.037842
0.028839,0.00030518,0.039063
0.026703,0.00015259,0.039063
0.025024,0.00015259,0.041504
0.023956,-0.00015259,0.036621
0.023651,-0.00045776,0.039063
0.023804,-0.00061035,0.036621
0.023499,-0.0027466,0.041504
0.023041,-0.0018311,0.037842
0.021515,-0.0021362,0.041504
0.020142,-0.00045776,0.045166
0.020142,-0.00015259,0.045166
0.021667,-0.00061035,0.05249
0.023193,-0.0013733,0.05127
0.025024,-0.0033569,0.05249
0.026245,-0.0042725,0.05249
0.025024,-0.0045776,0.05127
0.022736,-0.0038147,0.054932
0.021057,-0.0016785,0.064697
0.02121,-0.00015259,0.058594
0.022583,0.0019836,0.062256
0.025635,0.0021362,0.061035
0.025787,0.0016785,0.062256
0.024872,0.0016785,0.057373
0.025177,0.0019836,0.064697
0.024414,0.0041199,0.059814
0.023956,0.0050354,0.061035
0.025482,0.0053406,0.058594
0.027313,0.0042725,0.068359
0.028839,0.0027466,2.1948
0.029144,0.0021362,4.7778
0.028992,0.0024414,4.928
0.027924,0.0038147,4.9329
0.026398,0.0056458,4.9377
0.02655,0.0064087,4.9341
0.027008,0.0056458,4.9158
0.026703,0.0053406,4.9255
0.02594,0.004425,4.9231
0.024261,0.004425,4.9231
0.02182,0.005188,4.9231
0.019684,0.0059509,4.9182
0.018921,0.0083923,4.9182
0.019989,0.0099182,4.9182
0.021057,0.0097656,4.917
0.022583,0.0091553,4.9121
0.022888,0.0071716,4.9158
0.021057,0.0061035,4.9133
0.020447,0.0062561,4.9146
0.019379,0.0073242,4.9158
0.018768,0.0074768,4.9121
0.020142,0.0068665,4.9084
0.020905,0.0047302,4.9121
0.02121,0.0035095,4.8975
0.019989,0.0033569,4.9084
0.018158,0.0056458,4.8926
0.017548,0.0079346,4.9121
0.018158,0.0094604,4.9097
0.019073,0.011139,4.9109
0.020599,0.0082397,4.9133
0.022125,0.0053406,4.9109
0.021667,0.0013733,4.9158
0.020294,0.0027466,4.9121
0.018463,0.0039673,4.9243
0.017853,0.0047302,4.9219
0.017853,0.0048828,4.9304
0.018616,0.0036621,4.9255
0.019684,0.0012207,4.9304
0.020599,0.00015259,4.9377
0.019836,-0.00030518,4.9341
0.017548,0.00061035,4.9463
0.019836,0.0019836,4.9292
0.020142,0.0027466,4.9231
0.023651,0.0027466,4.9304
0.025024,0.0018311,4.9304
0.027466,0.00061035,4.9304
0.027618,0,4.9353
0.027466,-0.0028992,4.9292
0.025787,0.0016785,4.9353
0.025482,0.0036621,4.9353
0.025787,0.0042725,4.9377
0.027313,0.0035095,4.9329
0.028992,0.0024414,4.9341
0.028992,0.0013733,4.9304
0.025177,0.0021362,4.9329
0.026398,0.0038147,4.9304
0.024872,0.0056458,4.928
0.024261,0.0061035,4.9207
0.026093,0.0071716,4.9207
0.023193,0.0065613,4.9219
0.023193,0.0050354,4.9207
0.020752,0.0036621,4.9158
0.018768,0.0041199,4.9146
0.0177,0.0045776,4.917
0.016479,0.0054932,4.9146
0.018311,0.0079346,4.9133
0.018921,0.002594,4.9072
0.019684,0.00061035,4.9133
0.020447,-0.0010681,4.906
0.019836,-0.0018311,4.9109
0.016785,-0.00091553,4.9133
0.015411,0.0019836,4.9133
0.014648,0.0035095,4.9036
0.014496,0.0024414,4.9121
0.015411,0.0010681,4.9243
0.017242,-0.00030518,4.9097
0.016937,0.0016785,4.9182
0.016022,-0.00076294,4.9158
0.016022,-0.00015259,4.895
0.015717,0.00061035,4.9133
0.017242,0.00061035,4.9194
0.018158,-0.0010681,4.9219
0.019531,-0.0018311,4.928
0.0177,-0.0028992,4.9207
0.017548,-0.00091553,4.928
0.015411,-0.00015259,4.9292
0.014801,0.0022888,4.9341
0.015411,0.0039673,4.9231
0.018616,0.0045776,4.9341
0.019684,0.0039673,4.9329
0.019684,0.002594,4.9316
0.018768,0.002594,4.9402
0.017548,0.0016785,4.9316
0.016479,0.0021362,4.9329
0.016479,0.0016785,4.9353
0.017242,0.00091553,4.9438
0.016174,-0.00076294,4.9353
0.015869,-0.0032043,4.9341
0.014801,-0.0041199,4.9329
0.014343,-0.004425,4.9329
0.012207,-0.0018311,4.9292
0.011444,0.00076294,4.9329
0.012054,-0.00061035,4.9243
0.01358,0.00045776,4.9255
0.015717,-0.00076294,4.9219
0.015869,-0.002594,4.9231
0.017242,-0.0032043,4.9194
0.016174,-0.0012207,4.9207
0.016174,-0.00015259,0.046387
0.017395,-0.0018311,0.047607
0.018921,0.00030518,0.054932
0.021362,-0.0018311,0.045166
0.022125,-0.0027466,0.056152
0.02121,-0.0033569,0.042725
0.020294,-0.0010681,0.030518
0.018921,0.00091553,0.039063
0.019226,0.0018311,0.040283
0.019989,0.0018311,0.040283
0.02182,-0.00030518,0.037842
0.023651,-0.0024414,0.037842
0.023499,-0.0042725,0.041504
0.021515,-0.0028992,0.039063
0.020447,-0.0018311,0.042725
0.019684,-0.00015259,0.037842
0.020599,0.00091553,0.043945
0.020599,0.00091553,0.045166
0.019989,-0.00030518,0.047607
0.019226,-0.00091553,0.05127
0.017853,-0.0021362,0.050049
0.01709,0.00030518,0.054932
0.016479,0.0018311,0.053711
0.017395,0.0022888,0.054932
0.0177,0.0016785,0.059814
0.020447,0,0.046387
0.021057,-0.0010681,0.057373
0.021057,-0.00061035,0.063477
0.020294,0.0012207,0.061035
0.018311,0.0032043,0.062256
0.018158,0.005188,0.058594
0.0177,0.0033569,0.063477
0.020142,0.0045776,0.061035
0.020599,0.0027466,0.063477
0.02182,0.0013733,0.064697
0.022278,0.00015259,0.067139
0.023041,0.0018311,0.062256
0.023499,0.0035095,0.065918
0.024261,0.0032043,0.079346
0.023651,0.0021362,0.064697
0.023346,0.00045776,0.06958
0.022583,-0.0013733,0.059814
0.02121,-0.0021362,0.042725
0.019379,-0.0021362,0.056152
0.017242,-0.00015259,0.056152
0.016785,0.00091553,0.050049
0.017242,0.00091553,0.050049
0.018311,-0.00061035,0.046387
0.019989,-0.0033569,0.050049
0.020447,-0.0048828,0.042725
0.019531,-0.0053406,0.048828
0.018005,-0.0047302,0.043945
0.017395,-0.0033569,0.043945
0.017548,-0.0010681,0.042725
0.018463,-0.0010681,0.043945
0.019989,-0.0018311,0.042725
0.021057,-0.0024414,0.040283
0.022278,-0.0038147,0.036621
0.021973,-0.0032043,0.037842
0.022125,-0.0016785,0.030518
0.024109,0,0.037842
0.026398,0.00076294,0.023193
0.03006,0.00030518,0.040283
0.032196,-0.00045776,0.039063
0.032501,-0.0016785,0.036621
0.031128,-0.00091553,0.042725
0.028839,-0.00030518,0.041504
0.027924,0.00015259,0.046387
0.028381,0.0010681,0.046387
0.029755,0.00091553,0.050049
0.028381,-0.00045776,0.050049
0.026703,-0.0015259,0.057373
0.023956,-0.0013733,0.056152
0.021362,-0.00076294,0.058594
0.019531,0.0018311,0.067139
0.019073,0.0032043,0.063477
0.019073,0.002594,0.070801
0.019531,0.00061035,0.062256
0.019684,-0.0024414,0.05249
0.019226,-0.0050354,0.062256
0.017853,-0.0053406,0.061035
0.015717,-0.0042725,0.061035
0.014801,-0.0022888,0.063477
0.01358,-0.0022888,0.062256
0.014801,-0.0030518,0.067139
0.014648,-0.0041199,0.062256
0.014954,-0.0050354,0.06958
0.016022,-0.0041199,0.058594
0.016937,-0.0021362,0.063477
0.018005,0.00015259,0.061035
0.019836,0.0015259,0.057373
0.02243,0.00015259,0.053711
0.024109,-0.0013733,0.056152
0.024719,-0.0039673,0.056152
0.023956,-0.005188,0.05127
0.021057,-0.0059509,0.053711
0.01709,-0.0053406,0.048828
0.015106,-0.0045776,0.047607
0.014343,-0.0041199,0.042725
0.015106,-0.0042725,0.043945
0.016632,-0.0045776,0.041504
0.018463,-0.0045776,0.037842
0.017395,-0.0033569,0.036621
0.019989,-0.0013733,0.042725
0.020294,0.00030518,0.036621
0.020142,0.0012207,0.041504
0.020599,0.0012207,0.041504
0.020752,0.00030518,0.043945
0.019836,-0.00015259,0.037842
0.019379,-0.0032043,0.041504
0.018768,0.00045776,0.053711
0.018768,0.0013733,0.041504
0.018768,0.0019836,0.046387
0.021362,0.0028992,0.042725
0.02243,0.0010681,0.028076
0.022888,-0.00076294,0.046387
0.023956,-0.0027466,0.048828
0.024567,-0.0041199,0.05127
0.024719,-0.0032043,2.9956
0.024414,-0.0022888,4.8035
0.025177,-0.0013733,4.9158
0.022888,-0.0012207,4.9255
0.022278,-0.0019836,4.928
0.021667,-0.0027466,4.9292
0.023041,-0.00091553,4.9341
0.023499,-0.00030518,4.9304
0.023651,0.00061035,4.9329
0.023804,0.00015259,4.9353
0.023499,0.00030518,4.9329
0.024109,-0.0032043,4.9353
0.024719,-0.0064087,4.9377
0.025482,-0.0054932,4.9475
0.026093,-0.0091553,4.9353
0.025482,-0.007019,4.9304
0.024872,-0.0041199,4.9377
0.023346,-0.0033569,4.9316
0.023346,-0.002594,4.928
0.02243,-0.0022888,4.9304
0.023346,-0.0032043,4.9268
0.023956,-0.0027466,4.9243
0.024261,-0.0018311,4.9207
0.025177,-0.0016785,4.9243
0.023956,-0.00091553,4.917
0.026245,-0.002594,4.9207
0.02655,-0.0027466,4.9182
0.026245,-0.0036621,4.9194
0.026245,-0.0038147,4.9182
0.024567,-0.0033569,4.9158
0.022888,-0.0019836,4.9133
0.020752,-0.00061035,4.9097
0.018921,-0.00030518,4.9036
0.017853,-0.00045776,4.9109
0.018463,-0.0019836,4.9109
0.020599,-0.0021362,4.9084
0.023193,-0.0021362,4.9084
0.026093,-0.0010681,4.9048
0.027466,-0.00076294,4.9097
0.028992,-0.0013733,4.906
0.027466,-0.0018311,4.9097
0.026245,-0.0024414,4.9231
0.025635,-0.0024414,4.9158
0.024872,-0.0016785,4.9158
0.022278,0.00076294,4.9182
0.020447,0.0024414,4.9146
0.019073,0.0027466,4.9243
0.019073,0.0013733,4.9194
0.019989,-0.00076294,4.9255
0.019836,-0.0036621,4.9329
0.021515,-0.0085449,4.9292
0.022278,-0.0047302,4.9158
0.021362,-0.0032043,4.928
0.021973,-0.00076294,4.9353
0.02121,0.00061035,4.9329
0.020447,-0.00030518,4.9292
0.020142,-0.0012207,4.928
0.020447,-0.00030518,4.9365
0.02243,0.0018311,4.9316
0.026093,0.0068665,4.9341
0.030212,0.010681,4.9316
0.032806,0.010986,4.9377
0.034332,0.0076294,4.9329
0.033112,0.0036621,4.9377
0.030212,-0.0012207,4.9487
0.026703,-0.0039673,4.9414
0.023041,-0.0054932,4.9316
0.018616,-0.0059509,4.9304
0.014648,-0.0088501,4.9121
0.0094604,-0.0065613,4.9194
0.0068665,-0.0053406,4.9207
0.004425,-0.0039673,4.9207
0.004425,-0.0019836,4.917
0.0062561,0.00015259,4.917
0.0093079,0.0042725,4.917
0.013733,0.0065613,4.9158
0.01709,0.007782,4.917
0.020447,0.010223,4.9097
0.022583,0.012512,4.9182
0.023804,0.014496,4.906
0.024261,0.016632,4.9182
0.024872,0.018311,4.9109
0.024567,0.017548,4.9158
0.022583,0.016174,4.9146
0.021362,0.014343,4.906
0.019531,0.012207,4.917
0.017395,0.0097656,4.9097
0.016327,0.010223,4.8999
0.012817,0.0050354,4.9109
0.014191,0.0022888,4.9109
0.013428,-0.0013733,4.9084
0.012207,-0.0041199,4.9109
0.011292,-0.0071716,4.9121
0.009613,-0.010071,4.9158
0.0086975,-0.010834,4.9158
0.0088501,-0.012207,4.928
0.0076294,-0.011444,4.9207
0.0076294,-0.010071,4.9268
0.0053406,-0.007019,4.9292
0.005188,-0.0024414,4.9329
0.0059509,0.0018311,4.9341
0.0071716,0.0062561,4.9316
0.010071,0.010376,4.9377
0.011444,0.012665,4.9316
0.016479,0.014038,4.9304
0.019379,0.013885,4.9316
0.022125,0.014801,4.9329
0.025177,0.015717,4.9329
0.027618,0.015564,0.065918
0.029907,0.014038,0.063477
0.032654,0.014191,0.067139
0.034332,0.010223,0.070801
0.034637,0.0076294,0.068359
0.033722,0.0019836,0.059814
0.032196,-0.00091553,0.064697
0.031281,-0.0024414,0.061035
0.029297,-0.0035095,0.061035
0.028992,-0.0030518,0.054932
0.028229,-0.002594,0.053711
0.025482,-0.0019836,0.059814
0.023956,-0.00091553,0.05249
0.022125,0.00061035,0.061035
0.019989,0.0028992,0.047607
0.018921,0.0056458,0.046387
0.018616,0.0071716,0.042725
0.018616,0.0094604,0.045166
0.018768,0.010986,0.041504
0.017242,0.01236,0.040283
0.016327,0.013123,0.039063
0.016022,0.014954,0.040283
0.016479,0.017853,0.039063
0.018158,0.019073,0.041504
0.020905,0.019531,0.042725
0.023346,0.018768,0.03418
0.024261,0.017548,0.040283
0.02533,0.016022,0.042725
0.02594,0.014801,0.056152
0.02594,0.014038,0.045166
0.027466,0.012665,0.047607
0.027924,0.011292,0.045166
0.028839,0.0085449,0.026855
0.029449,0.0053406,0.047607
0.027313,0.002594,0.048828
0.026703,0.00015259,0.050049
0.02655,-0.00030518,0.056152
0.026398,0.00030518,0.053711
0.025787,0.0012207,0.058594
0.024719,0.0030518,0.058594
0.022736,0.0048828,0.062256
0.022125,0.0057983,0.058594
0.020447,0.0076294,0.065918
0.019379,0.010223,0.062256
0.019226,0.011597,0.061035
0.018311,0.013428,0.065918
0.016937,0.013275,0.063477
0.016022,0.012817,0.064697
0.014648,0.010834,0.063477
0.01297,0.010376,0.079346
0.011749,0.0099182,0.063477
0.011749,0.010223,0.058594
0.011139,0.010071,0.065918
0.011749,0.0091553,0.062256
0.011902,0.0076294,0.057373
0.013123,0.0059509,0.062256
0.013733,0.0042725,0.056152
0.015717,0.0030518,0.056152
0.0177,0.0038147,0.05249
0.019379,0.0042725,0.054932
0.022278,0.0045776,0.047607
0.025482,0.0038147,0.050049
0.026703,0.002594,0.047607
0.027924,0.0019836,0.050049
0.027771,0.0022888,0.05127
0.027008,0.0018311,0.043945
0.026703,0.0032043,0.045166
0.025482,0.0027466,0.040283
0.024414,0.0030518,0.026855
0.023041,0.0028992,0.040283
0.02121,0.0016785,0.041504
0.019073,0.00076294,0.036621
0.018005,0.00030518,0.036621
0.016937,0.00045776,0.040283
0.016479,-0.00045776,0.039063
0.01709,-0.0021362,0.037842
0.016479,-0.0041199,0.041504
0.016937,-0.0059509,0.0354
0.017548,-0.0065613,0.042725
0.019531,-0.0068665,0.042725
0.018158,-0.0054932,0.047607
0.024261,-0.0045776,0.042725
0.027008,-0.0041199,0.05249
0.028534,-0.0071716,0.056152
0.029297,-0.0076294,0.054932
0.029755,-0.0090027,0.067139
0.029602,-0.010223,0.057373
0.028839,-0.0094604,0.046387
0.028229,-0.0088501,0.054932
0.027771,-0.0091553,0.053711
0.025635,-0.0099182,0.063477
0.025482,-0.010986,0.061035
0.024109,-0.012207,0.057373
0.02243,-0.011597,0.061035
0.022278,-0.0097656,0.062256
0.022125,-0.0073242,0.067139
0.023041,-0.0059509,0.061035
0.023041,-0.004425,0.067139
0.025177,-0.0073242,0.062256
0.019836,-0.0091553,0.057373
0.017853,-0.011902,0.076904
0.018005,-0.010376,0.064697
0.019684,-0.0090027,0.057373
0.020599,-0.007019,0.058594
0.022736,-0.0061035,0.05249
0.02243,-0.0074768,0.053711
0.022125,-0.010529,0.050049
0.02121,-0.014191,0.047607
0.019379,-0.017853,0.048828
0.017242,-0.019073,0.042725
0.019531,-0.019989,0.047607
0.020599,-0.020752,0.042725
0.019989,-0.021973,0.046387
0.020447,-0.021973,0.039063
0.021973,-0.022583,0.045166
0.023499,-0.022736,0.039063
0.026703,-0.021057,0.041504
0.027161,-0.019226,0.039063
0.030823,-0.016022,4.27
0.032196,-0.012512,4.8743
0.032806,-0.010986,4.906
0.032806,-0.0090027,4.9158
0.032654,-0.0085449,4.9072
0.030823,-0.0065613,4.8962
0.030518,-0.0018311,4.9109
0.029297,-0.0027466,4.8901
0.028229,-0.0010681,4.9097
0.027924,-0.00015259,4.9121
0.027313,-0.00091553,4.9146
0.027771,-0.002594,4.917
0.028076,-0.0047302,4.9158
0.028381,-0.0076294,4.9377
0.029144,-0.0068665,4.9194
0.029144,-0.0080872,4.928
0.03067,-0.0093079,4.928
0.033264,-0.010223,4.928
0.031891,-0.011139,4.9341
0.030975,-0.010834,4.9329
0.029602,-0.0094604,4.9329
0.028076,-0.0083923,4.9329
0.025177,-0.0073242,4.9377
0.024109,-0.0056458,4.9353
0.019836,-0.0036621,4.9219
0.022125,-0.00091553,4.9304
0.02121,0.0015259,4.9316
0.019989,0.0030518,4.9329
0.019226,0.0033569,4.9353
0.016327,0.0038147,4.9353
0.015411,0.0038147,4.9341
0.014648,0.0042725,4.9316
0.014191,0.0059509,4.9316
0.014038,0.0064087,4.928
0.013275,0.0056458,4.9243
0.012817,0.0033569,4.9219
0.011597,0.0018311,4.9268
0.01236,0.00030518,4.9353
0.013885,0.00045776,4.9194
0.014496,0.00030518,4.9231
0.015259,0.0022888,4.9194
0.014954,0.0024414,4.8999
0.014496,0.0012207,4.9133
0.014496,-0.00091553,4.9109
0.012512,-0.0036621,4.9109
0.01297,-0.005188,4.9182
0.013123,-0.0076294,4.9084
0.012665,-0.0054932,4.9109
0.014496,-0.0053406,4.9084
0.014954,-0.004425,4.9097
0.016937,-0.0067139,4.906
0.017548,-0.0036621,4.9133
0.018616,-0.0035095,4.9109
0.020142,-0.0024414,4.9109
0.0177,0.00030518,4.9121
0.020905,0.002594,4.9133
0.020599,0.0056458,4.8987
0.019989,0.0074768,4.917
0.022888,0.0090027,4.9158
0.019073,0.0082397,4.9182
0.019684,0.0080872,4.9133
0.018463,0.0088501,4.9255
0.018005,0.0079346,4.9268
0.0177,0.0083923,4.9255
0.017395,0.0074768,4.928
0.016785,0.0090027,4.9304
0.015106,0.0039673,4.939
0.015259,0.0036621,4.9316
0.015717,0.002594,4.9341
0.015869,0.0035095,4.9292
0.016174,0.0045776,4.9329
0.016327,0.0050354,4.9304
0.015717,0.0053406,4.9365
0.015564,0.005188,4.9414
0.015717,0.0048828,4.9377
0.01709,0.0056458,4.9414
0.017242,0.0059509,4.9353
0.017853,0.007019,4.9231
0.017853,0.007782,4.9341
0.016022,0.0071716,4.9341
0.01297,0.0062561,4.928
0.010834,0.0042725,4.9329
0.010223,0.0024414,4.9182
0.010223,0.0013733,4.928
0.009613,0.0022888,4.9219
0.010834,0.0030518,4.9243
0.0097656,0.0039673,4.9158
0.010071,0.0047302,4.9231
0.010529,0.0053406,4.917
0.010986,0.0045776,4.9219
0.014343,0.0054932,4.9158
0.015717,0.0067139,4.917
0.019379,0.0076294,4.9146
0.021515,0.0080872,4.9121
0.022888,0.0073242,4.9109
0.022736,0.0062561,4.9121
0.02121,0.0048828,4.8975
0.019379,0.0047302,4.9097
0.018463,0.0038147,4.9036
0.016479,0.0021362,4.9109
0.014801,0.0019836,4.9109
0.012207,0.0012207,4.906
0.010834,0.0019836,4.9109
0.0090027,0.0012207,4.9097
0.0079346,0.0021362,4.917
0.0082397,0.0036621,4.9158
0.0099182,0.0038147,4.9207
0.011444,0.0054932,4.917
0.013885,0.0073242,0.054932
0.016937,0.0082397,0.062256
0.018616,0.0080872,0.053711
0.019531,0.0074768,0.064697
0.019989,0.0059509,0.058594
0.021057,0.0041199,0.042725
0.020905,0.0039673,0.061035
0.02182,0.004425,0.062256
0.023041,0.0041199,0.061035
0.024567,0.004425,0.061035
0.024719,0.0028992,0.057373
0.02594,0.0022888,0.070801
0.028381,0.0028992,0.061035
0.031433,0.0038147,0.058594
0.033569,0.005188,0.063477
0.036316,0.0047302,0.068359
0.037994,0.0036621,0.064697
0.03891,0.0010681,0.068359
0.0383,-0.0012207,0.073242
0.036774,-0.002594,0.064697
0.034637,-0.0032043,0.062256
0.033417,-0.0021362,0.061035
0.032043,-0.00015259,0.053711
0.030823,-0.00030518,0.05249
0.030823,0,0.05127
0.028992,0.00045776,0.048828
0.027771,0.0010681,0.047607
0.029297,0.0022888,0.046387
0.029297,0.0045776,0.047607
0.030975,0.0059509,0.042725
0.032806,0.0054932,0.047607
0.03418,0.0035095,0.040283
0.0354,0.0013733,0.043945
0.035858,-0.00045776,0.037842
0.0354,-0.00045776,0.040283
0.03479,-0.00045776,0.041504
0.033569,0,0.041504
0.031738,0.00091553,0.05127
0.03067,-0.00061035,0.041504
0.030518,-0.0016785,0.05127
0.029907,-0.0032043,0.039063
0.029907,-0.0050354,0.030518
0.032349,-0.0056458,0.039063
0.03067,-0.0061035,0.039063
0.029297,-0.0056458,0.037842
0.030518,-0.0048828,0.043945
0.03067,-0.0065613,0.045166
0.028839,-0.0064087,0.048828
0.027313,-0.0061035,0.046387
0.026398,-0.0027466,0.050049
0.025635,-0.0042725,0.053711
0.025024,-0.0027466,0.057373
0.025482,-0.00076294,0.059814
0.025177,-0.00015259,0.061035
0.026398,-0.00015259,0.065918
0.027161,-0.00015259,0.064697
0.027008,-0.0013733,0.062256
0.027618,-0.0012207,0.059814
0.026855,-0.00076294,0.070801
0.027008,-0.00030518,0.062256
0.02655,-0.00015259,0.06958
0.025787,-0.0010681,0.059814
0.02533,-0.0024414,0.063477
0.025177,-0.0041199,0.065918
0.024567,-0.0053406,0.065918
0.024567,-0.0054932,0.062256
0.024109,-0.0047302,0.063477
0.023651,-0.0036621,0.061035
0.022125,-0.0057983,0.062256
0.020752,-0.0047302,0.059814
0.018616,-0.005188,0.057373
0.017395,-0.0059509,0.05249
0.015717,-0.0057983,0.05127
0.017548,-0.0050354,0.065918
0.01709,-0.0045776,0.047607
0.016632,-0.0042725,0.05127
0.016632,-0.0047302,0.043945
0.014954,-0.0056458,0.030518
0.016937,-0.0061035,0.041504
0.016479,-0.0080872,0.043945
0.016174,-0.007019,0.041504
0.015106,-0.0061035,0.037842
0.013885,-0.0061035,0.037842
0.0091553,-0.0059509,0.041504
0.0097656,-0.0061035,0.037842
0.0090027,-0.007019,0.041504
0.0080872,-0.0088501,0.03418
0.0083923,-0.0057983,0.040283
0.0094604,-0.0048828,0.039063
0.011139,-0.0038147,0.041504
0.012207,-0.0032043,0.041504
0.011749,-0.0041199,0.040283
0.01358,-0.004425,0.041504
0.014038,-0.0050354,0.043945
0.014496,-0.0048828,0.047607
0.014343,-0.0019836,0.046387
0.013275,0.0010681,0.047607
0.010986,0.0030518,0.05127
0.0097656,-0.0010681,0.053711
0.0074768,0.0041199,0.054932
0.0059509,0.0035095,0.057373
0.0059509,0.0033569,0.058594
0.0083923,0.002594,0.062256
0.010681,0.0045776,0.061035
0.012054,0.0059509,0.063477
0.011444,0.0061035,0.057373
0.010834,0.0053406,0.062256
0.010376,0.0047302,0.062256
0.0091553,0.0038147,0.061035
0.007782,0.0041199,0.072021
0.0088501,0.005188,0.068359
0.0093079,0.0074768,0.068359
0.0082397,0.007782,0.064697
0.0082397,0.0073242,0.057373
0.0083923,0.0057983,0.065918
0.0094604,0.004425,0.062256
0.011444,0.0042725,0.057373
0.013123,0.0067139,2.6526
0.014801,0.0082397,4.7913
0.015564,0.010071,4.9097
0.016937,0.0093079,4.9158
0.013428,0.0074768,4.9231
0.011902,0.0074768,4.9158
0.011292,0.007019,4.9207
0.010223,0.0076294,4.9194
0.011139,0.0082397,4.9194
0.012054,0.0097656,4.9146
0.011749,0.0099182,4.917
0.01236,0.010529,4.9219
0.01236,0.010529,4.917
0.013428,0.0097656,4.9194
0.014496,0.0079346,4.9097
0.014954,0.011444,4.9084
0.015106,0.012054,4.9084
0.014954,0.01236,4.9109
0.014648,0.012817,4.9109
0.013275,0.012665,4.9109
0.01358,0.012817,4.906
0.015106,0.012512,4.9121
0.017548,0.014191,4.9084
0.020752,0.016022,4.9207
0.023651,0.017548,4.9133
0.024567,0.018768,4.9182
0.024261,0.019684,4.9182
0.026855,0.020599,4.9207
0.028992,0.020905,4.9353
0.03006,0.021362,4.928
0.03067,0.02243,4.928
0.030975,0.023041,4.9292
0.03067,0.023651,4.9255
0.029907,0.022736,4.9316
0.029907,0.021667,4.9231
0.028534,0.019989,4.9316
0.028534,0.019379,4.9292
0.026855,0.019379,4.9292
0.025787,0.020294,4.9365
0.023346,0.021057,4.9316
0.019836,0.021362,4.9341
0.018463,0.019379,4.9316
0.017242,0.0177,4.9377
0.016174,0.015106,4.9365
0.017395,0.014801,4.9329
0.017853,0.013428,4.9341
0.017548,0.013275,4.9377
0.017242,0.01297,4.9377
0.017242,0.0088501,4.9292
0.017853,0.010376,4.939
0.018616,0.009613,4.9268
0.019989,0.0099182,4.9158
0.02121,0.010223,4.9207
0.02243,0.011444,4.9158
0.023193,0.012512,4.9182
0.023804,0.013428,4.9194
0.023651,0.013275,4.9146
0.024872,0.011749,4.9146
0.026703,0.010834,4.9109
0.027618,0.0099182,4.9133
0.029297,0.009613,4.9109
0.030365,0.0094604,4.9158
0.029755,0.010071,4.9133
0.029602,0.009613,4.9133
0.030365,0.0090027,4.9133
0.03067,0.007782,4.9121
0.030365,0.0085449,4.9109
0.029449,0.0085449,4.9097
0.028381,0.0097656,4.9048
0.026703,0.010986,4.9133
0.025787,0.010223,4.9048
0.024261,0.0088501,4.9133
0.023651,0.0068665,4.9121
0.023804,0.0053406,4.9158
0.023804,0.002594,4.9158
0.024109,0.0021362,4.9182
0.023956,0.0016785,4.9219
0.023804,0.00045776,4.9243
0.023193,0.00061035,4.928
0.022278,-0.00030518,4.9292
0.022278,-0.0016785,4.9329
0.021057,-0.0028992,4.9268
0.020294,-0.0032043,4.9329
0.02121,-0.0042725,4.9341
0.02243,-0.0047302,4.9341
0.023041,-0.0057983,4.939
0.023346,-0.0074768,4.9341
0.023499,-0.010376,4.917
0.025635,-0.011597,4.9316
0.027008,-0.012207,4.9341
0.027161,-0.01236,4.9329
0.02655,-0.011902,4.9353
0.026703,-0.01236,4.9316
0.02594,-0.012665,4.9341
0.024872,-0.01358,4.9146
0.024109,-0.015564,4.9316
0.022888,-0.012665,4.9255
0.023499,-0.016022,4.9304
0.023651,-0.014801,4.9243
0.023651,-0.015564,4.9292
0.024109,-0.015717,4.9304
0.023956,-0.01709,4.9231
0.023956,-0.018158,4.9146
0.022278,-0.019531,4.9194
0.022736,-0.019226,4.8999
0.02121,-0.019226,4.9146
0.019684,-0.018005,4.9133
0.017548,-0.019379,4.9146
0.018768,-0.019531,4.8999
0.017242,-0.020447,0.0354
0.018768,-0.020905,0.041504
0.018311,-0.020447,0.039063
0.018311,-0.02121,0.039063
0.018616,-0.020752,0.03418
0.019226,-0.020752,0.045166
0.020142,-0.021362,0.039063
0.020599,-0.021057,0.041504
0.021362,-0.021515,0.041504
0.020294,-0.021973,0.041504
0.020752,-0.02182,0.046387
0.021362,-0.022278,0.045166
0.019684,-0.021057,0.057373
0.023804,-0.020447,0.046387
0.025024,-0.018921,0.041504
0.026245,-0.017853,0.05249
0.026703,-0.018616,0.056152
0.028076,-0.018005,0.054932
0.028992,-0.017548,0.058594
0.030975,-0.018005,0.057373
0.031128,-0.018158,0.058594
0.030823,-0.016937,0.061035
0.028687,-0.01709,0.063477
0.027466,-0.017395,0.061035
0.026398,-0.016174,0.061035
0.024261,-0.018768,0.061035
0.022736,-0.018158,0.063477
0.022125,-0.016479,0.072021
0.02243,-0.015411,0.067139
0.022888,-0.01358,0.065918
0.02182,-0.01297,0.065918
0.022736,-0.013428,0.062256
0.023956,-0.012817,0.063477
0.024109,-0.011902,0.062256
0.025177,-0.0079346,0.059814
0.025177,-0.0099182,0.057373
0.02533,-0.0086975,0.053711
0.025024,-0.0090027,0.054932
0.025177,-0.0097656,0.047607
0.027771,-0.0097656,0.05249
0.026093,-0.0086975,0.048828
0.025787,-0.0062561,0.047607
0.026245,-0.0056458,0.048828
0.02533,-0.002594,0.046387
0.024872,-0.00091553,0.041504
0.024719,-0.0012207,0.042725
0.024719,-0.0030518,0.053711
0.025024,-0.00045776,0.037842
0.026245,0.0016785,0.050049
0.027618,0.0053406,0.040283
0.028076,0.0057983,0.0354
0.027008,0.0054932,0.037842
0.02594,0.0041199,0.039063
0.024719,0.005188,0.042725
0.023956,0.00076294,0.037842
0.022736,0.0021362,0.037842
0.022583,0.0041199,0.040283
0.021973,0.0065613,0.037842
0.021515,0.0071716,0.043945
0.019531,0.0071716,0.041504
0.020142,0.0054932,0.047607
0.020599,0.0041199,0.050049
0.022888,0.0059509,0.05249
0.024414,0.0085449,0.065918
0.025787,0.012054,0.056152
0.026398,0.013123,0.057373
0.026245,0.012207,0.061035
0.025482,0.010834,0.053711
0.025177,0.0099182,0.057373
0.024414,0.010529,0.063477
0.024719,0.013885,0.061035
0.024414,0.018158,0.061035
0.024109,0.020752,0.057373
0.024261,0.022125,0.063477
0.023956,0.02121,0.048828
0.024567,0.020142,0.063477
0.024414,0.018005,0.063477
0.025024,0.0177,0.067139
0.02594,0.0177,0.068359
0.024567,0.019531,0.067139
0.026398,0.017242,0.068359
0.025177,0.015717,0.062256
0.026398,0.014496,0.068359
0.023193,0.015869,0.058594
0.025482,0.01297,0.067139
0.026245,0.014038,0.048828
0.025787,0.015411,0.043945
0.025482,0.014954,0.047607
0.024567,0.014343,0.047607
0.023041,0.013428,0.046387
0.021362,0.012512,0.047607
0.020447,0.012665,0.042725
0.020599,0.013733,0.045166
0.020905,0.014954,0.039063
0.019073,0.016632,0.043945
0.020447,0.015869,0.037842
0.019073,0.014496,0.039063
0.018005,0.011902,0.042725
0.016632,0.009613,0.042725
0.016174,0.0080872,0.042725
0.016022,0.0068665,0.041504
0.015564,0.0082397,0.041504
0.015106,0.0068665,0.040283
0.014954,0.0061035,0.03418
0.015717,0.0042725,0.037842
0.016785,0.0048828,0.0354
0.018311,0.002594,0.041504
0.020752,0.0038147,0.043945
0.022736,0.0053406,0.045166
0.023651,0.007782,0.050049
0.024719,0.0080872,0.047607
0.024872,0.0074768,0.058594
0.025177,0.0050354,0.048828
0.025024,0.0041199,0.061035
0.025024,0.0042725,0.058594
0.02594,0.0062561,0.061035
0.02594,0.0074768,0.057373
0.024719,0.0076294,2.5525
0.024872,0.0062561,4.7961
0.024872,0.0030518,4.9194
0.024261,0.00061035,4.9341
0.024261,0.0016785,4.9219
0.023651,0.0022888,4.9133
0.023346,0.0035095,4.9304
0.022736,0.0035095,4.9341
0.021667,0.0018311,4.9329
0.020447,-0.0012207,4.9341
0.019684,-0.0032043,4.9255
0.019836,-0.0045776,4.9365
0.019836,-0.0039673,4.9292
0.020294,-0.0022888,4.9292
0.021057,-0.0010681,4.9207
0.020905,-0.0013733,4.928
0.020905,-0.0018311,4.9219
0.02121,-0.004425,4.9255
0.021667,-0.0061035,4.9219
0.024261,-0.0056458,4.9219
0.023193,-0.0039673,4.9207
0.021667,-0.0056458,4.9207
0.022736,-0.00061035,4.9194
0.022125,-0.0019836,4.9121
0.02182,-0.0041199,4.9207
0.021515,-0.0068665,4.9121
0.021973,-0.0086975,4.9109
0.02182,-0.0085449,4.9072
0.022583,-0.0073242,4.9121
0.023041,-0.0065613,4.9097
0.02121,-0.007019,4.9097
0.020294,-0.0079346,4.8975
0.019531,-0.010681,4.9182
0.019531,-0.010529,4.9109
0.020905,-0.0093079,4.9109
0.021057,-0.0080872,4.9097
0.020447,-0.0050354,4.917
0.020447,-0.004425,4.9219
0.020447,-0.004425,4.9182
0.021362,-0.0059509,4.9255
0.022583,-0.0076294,4.9182
0.023499,-0.0073242,4.9133
0.024261,-0.0061035,4.9231
0.023651,-0.0042725,4.9255
0.021667,-0.0024414,4.9231
0.019226,-0.0027466,4.928
0.018005,-0.0041199,4.928
0.017242,-0.0054932,4.9304
0.017853,-0.0068665,4.9304
0.019379,-0.0068665,4.9353
0.019226,-0.0064087,4.928
0.018616,-0.0056458,4.9304
0.019073,-0.0053406,4.9341
0.018005,-0.0064087,4.9329
0.018158,-0.0071716,4.9353
0.018463,-0.0079346,4.9353
0.019836,-0.0082397,4.9365
0.020599,-0.0074768,4.9353
0.019836,-0.0065613,4.9451
0.018921,-0.0048828,4.9353
0.018158,-0.0053406,4.9255
0.017548,-0.0059509,4.928
0.018311,-0.0068665,4.928
0.020447,-0.007782,4.9243
0.02182,-0.0073242,4.9219
0.022583,-0.0057983,4.9207
0.021515,-0.0033569,4.9207
0.021057,-0.0027466,4.9158
0.020142,-0.0028992,4.9182
0.020599,-0.0036621,4.917
0.024261,-0.0048828,4.9207
0.02243,-0.0042725,4.9158
0.022278,-0.0033569,4.9133
0.020905,-0.0012207,4.9243
0.019684,-0.0016785,4.9158
0.017548,-0.0019836,4.9158
0.01709,-0.0027466,4.9109
0.017242,-0.0028992,4.8938
0.018768,-0.0021362,4.9072
0.020142,-0.00030518,4.9084
0.020752,0.0019836,4.9109
0.020294,0.0039673,4.9109
0.019836,0.004425,4.9072
0.019836,0.004425,4.9109
0.020599,0.004425,4.9121
0.021667,0.0032043,4.9048
0.023193,0.0022888,4.9146
0.024261,0.0022888,4.9194
0.023499,0.0033569,4.9194
0.020905,0.004425,4.9255
0.018463,0.0048828,4.9316
0.0177,0.005188,4.9268
0.019226,0.0050354,4.9255
0.019836,0.0035095,4.9329
0.020142,0.0036621,4.9365
0.019379,0.0041199,4.9255
0.016327,0.004425,4.928
0.015411,0.0056458,4.9329
0.01358,0.005188,4.9304
0.01358,0.0018311,4.9255
0.013123,0.0016785,4.9329
0.01358,0.0012207,4.9353
0.011749,0.0015259,4.9353
0.0099182,0.0024414,4.9341
0.007782,0.0039673,4.939
0.0064087,0.0048828,4.9353
0.0074768,0.004425,4.9402
0.0088501,0.0045776,4.9292
0.010681,0.0053406,4.9353
0.012665,0.0061035,4.9402
0.012817,0.0061035,0.057373
0.013885,0.0071716,0.061035
0.014648,0.0065613,0.053711
0.016479,0.0067139,0.041504
0.018768,0.0068665,0.047607
0.020905,0.0062561,0.046387
0.021362,0.0071716,0.045166
0.020294,0.0099182,0.045166
0.019073,0.010071,0.043945
0.014954,0.011444,0.042725
0.013428,0.011902,0.040283
0.012665,0.012512,0.042725
0.011139,0.01236,0.036621
0.015259,0.01236,0.041504
0.015411,0.012665,0.043945
0.015411,0.011292,0.040283
0.015106,0.011749,0.041504
0.014496,0.010834,0.040283
0.015411,0.0097656,0.039063
0.017242,0.0088501,0.039063
0.016174,0.0083923,0.039063
0.015564,0.0088501,0.039063
0.014038,0.0094604,0.047607
0.011139,0.010376,0.041504
0.0088501,0.010681,0.046387
0.0080872,0.010986,0.048828
0.0086975,0.010834,0.05127
0.0090027,0.0099182,0.050049
0.01358,0.010223,0.056152
0.013885,0.0093079,0.054932
0.01358,0.0093079,0.058594
0.012512,0.0082397,0.061035
0.012207,0.0080872,0.064697
0.013275,0.007782,0.056152
0.014191,0.0088501,0.063477
0.016327,0.0088501,0.06958
0.017395,0.010223,0.062256
0.015869,0.011749,0.068359
0.015411,0.013275,0.062256
0.014496,0.014648,0.045166
0.015106,0.016174,0.064697
0.017548,0.016937,0.067139
0.020905,0.016785,0.064697
0.023804,0.016785,0.065918
0.024719,0.017548,0.061035
0.024261,0.014954,0.063477
0.021973,0.013885,0.059814
0.021667,0.01236,0.058594
0.021515,0.010681,0.05249
0.022125,0.010071,0.054932
0.022125,0.0083923,0.05249
0.020294,0.0067139,0.05127
0.017548,0.0076294,0.056152
0.012817,0.0059509,0.048828
0.0099182,0.0057983,0.047607
0.0082397,0.0054932,0.047607
0.009613,0.0048828,0.040283
0.011597,0.0028992,0.042725
0.012817,0.0012207,0.041504
0.011902,0.0016785,0.040283
0.013733,0.0024414,0.040283
0.013885,0.0035095,0.036621
0.015869,0.0054932,0.040283
0.018158,0.0073242,0.037842
0.021057,0.0068665,0.039063
0.023804,0.0054932,0.037842
0.024567,0.0054932,0.042725
0.024719,0.0065613,0.040283
0.024719,0.0067139,0.040283
0.024567,0.0076294,0.041504
0.026398,0.0073242,0.046387
0.029907,0.007019,0.053711
0.03418,0.0045776,0.048828
0.037079,0.0022888,0.061035
0.037079,0.00076294,0.050049
0.036163,0,0.040283
0.034943,0.00015259,0.056152
0.033722,0.00076294,0.054932
0.033417,0,0.053711
0.032959,-0.0015259,0.058594
0.033112,-0.0035095,0.057373
0.030975,-0.0050354,0.061035
0.030365,-0.0053406,0.058594
0.026398,-0.0041199,0.062256
0.026398,-0.0027466,0.056152
0.027466,-0.0012207,0.063477
0.029755,-0.00015259,0.065918
0.031433,0.00015259,0.067139
0.032959,0.00030518,0.068359
0.032196,0.00076294,0.068359
0.031586,0.0013733,0.068359
0.030975,0.0015259,0.068359
0.030975,0.0019836,0.074463
0.032043,0.0010681,0.056152
0.033722,-0.00045776,0.058594
0.034332,-0.0013733,0.054932
0.034027,-0.0021362,0.053711
0.033417,-0.0022888,0.05249
0.032654,-0.0016785,0.047607
0.032043,-0.0015259,0.048828
0.033417,-0.0018311,0.050049
0.035095,-0.0028992,0.047607
0.036926,-0.0045776,0.045166
0.036316,-0.0067139,0.046387
0.033112,-0.0068665,0.043945
0.030365,-0.0065613,0.039063
0.029297,-0.0056458,0.042725
0.027771,-0.0054932,0.054932
0.027313,-0.0062561,0.039063
0.028076,-0.0076294,0.041504
0.027618,-0.0086975,0.041504
0.02594,-0.009613,0.020752
0.023193,-0.0086975,0.037842
0.021515,-0.0057983,0.039063
0.022278,-0.0047302,0.036621
0.024719,-0.0076294,0.037842
0.027771,-0.0053406,0.032959
0.029755,-0.0068665,3.8989
0.029907,-0.0073242,4.8462
0.029144,-0.0061035,4.9084
0.028381,-0.0045776,4.9097
0.027161,-0.0027466,4.9158
0.028534,-0.0027466,4.9182
0.029602,-0.002594,4.9243
0.031433,-0.0039673,4.9231
0.03006,-0.005188,4.928
0.03006,-0.0059509,4.917
0.030365,-0.0041199,4.9219
0.028381,-0.0033569,4.9414
0.03006,-0.0024414,4.9304
0.032501,-0.0022888,4.9182
0.035553,-0.0036621,4.9304
0.037384,-0.0050354,4.9292
0.036774,-0.0048828,4.928
0.036163,-0.0033569,4.9329
0.033569,-0.00061035,4.9329
0.032654,0.00076294,4.9341
0.032196,0.0022888,4.9329
0.032654,0.00091553,4.9365
0.032654,-0.0019836,4.9329
0.032043,-0.0035095,4.9329
0.029907,-0.0036621,4.9292
0.027924,-0.0022888,4.9329
0.025635,0.00015259,4.939
0.024719,0.0016785,4.9353
0.025635,0,4.9231
0.02594,-0.0030518,4.9231
0.025482,-0.0053406,4.9121
0.023956,-0.0068665,4.9194
0.022888,-0.0061035,4.9084
0.020905,-0.0035095,4.9255
0.020905,-0.0018311,4.917
0.021515,0.004425,4.9146
0.022125,-0.0028992,4.9109
0.023956,-0.0054932,4.906
0.024414,-0.0074768,4.9146
0.022736,-0.0064087,4.9036
0.022583,-0.0033569,4.9109
0.022125,-0.00045776,4.9133
0.022888,0.0018311,4.9146
0.023193,0.0022888,4.9084
0.024719,0.00045776,4.9121
0.025787,-0.0010681,4.9158
0.026093,-0.0024414,4.9109
0.027313,0,4.9158
0.023956,0.0028992,4.9072
0.022278,0.0022888,4.9048
0.023499,0.0039673,4.9146
0.023956,0.00045776,4.917
0.023956,-0.0024414,4.9158
0.022888,-0.0041199,4.9243
0.020905,-0.0050354,4.9231
0.019836,-0.0019836,4.928
0.018616,0,4.9268
0.022736,0.0010681,4.9316
0.02182,0.00061035,4.9268
0.023041,-0.0015259,4.9304
0.023499,-0.002594,4.9231
0.02182,-0.0036621,4.9316
0.020294,-0.0015259,4.9414
0.019226,0.00091553,4.9329
0.019379,0.0022888,4.9304
0.023346,0.002594,4.9316
0.022736,0.0015259,4.9341
0.024414,0.00030518,4.9341
0.024719,0.0010681,4.9353
0.024872,0.0021362,4.9365
0.025024,0.0045776,4.9341
0.025635,0.0053406,4.9329
0.027771,0.00076294,4.9292
0.028381,0.0047302,4.9304
0.028992,0.0039673,4.9268
0.027924,0.0030518,4.9231
0.02655,0.0032043,4.9243
0.023346,0.0035095,4.9243
0.021515,0.007019,4.9194
0.020905,0.0068665,4.9194
0.020905,0.0064087,4.9219
0.022583,0.0047302,4.9255
0.023041,0.0027466,4.9109
0.022736,0.0010681,4.9304
0.021667,0.0030518,4.9097
0.020142,0.0045776,4.9048
0.019684,0.0053406,4.9109
0.020447,0.0061035,4.9084
0.020142,0.004425,4.9097
0.019989,0.0035095,4.9097
0.018463,0.0033569,4.9097
0.017242,0.0045776,4.9109
0.015717,0.0065613,4.906
0.015869,0.0083923,4.917
0.016937,0.0082397,4.9109
0.018616,0.0074768,4.9146
0.019836,0.004425,4.9121
0.019379,0.0022888,4.9158
0.018311,0.0032043,4.9243
0.016479,0.002594,4.9207
0.014496,0.0047302,4.9255
0.013885,0.0057983,4.9219
0.015411,0.0057983,4.9194
0.014038,0.0027466,4.9304
0.014496,0.0012207,4.9243
0.014648,0.00030518,4.9292
0.016785,0.0010681,4.9304
0.014191,0.0033569,4.9304
0.014648,0.0045776,4.9304
0.013733,0.0079346,4.9304
0.018311,0.0035095,0.065918
0.020142,0.00015259,0.059814
0.020447,-0.0013733,0.063477
0.019989,-0.0030518,0.064697
0.018768,-0.00061035,0.067139
0.017242,0.0022888,0.064697
0.016632,0.0030518,0.064697
0.017548,0.0022888,0.075684
0.018463,0.00061035,0.067139
0.020142,-0.00076294,0.070801
0.020752,-0.0010681,0.062256
0.021362,-0.00030518,0.05127
0.02182,0.0022888,0.057373
0.022736,0.0027466,0.053711
0.02182,0.0016785,0.048828
0.023651,0.00045776,0.050049
0.022583,-0.0028992,0.045166
0.021362,-0.0045776,0.05127
0.018921,-0.004425,0.047607
0.017242,-0.0038147,0.046387
0.016022,-0.0028992,0.045166
0.017395,-0.0019836,0.047607
0.018921,-0.0024414,0.042725
0.02182,-0.0030518,0.042725
0.024109,-0.0028992,0.05127
0.025482,-0.0036621,0.037842
0.026245,-0.0016785,0.037842
0.02533,0.00061035,0.042725
0.024719,0.0022888,0.024414
0.023499,0.0019836,0.03418
0.024109,0.0015259,0.037842
0.023499,-0.00076294,0.039063
0.021515,-0.0030518,0.041504
0.018616,-0.0035095,0.039063
0.018158,-0.0039673,0.042725
0.016479,-0.0032043,0.043945
0.017548,-0.0035095,0.047607
0.019073,-0.0032043,0.041504
0.019379,-0.0045776,0.05127
0.020294,-0.0061035,0.05127
0.019379,-0.0079346,0.054932
0.018463,-0.0064087,0.056152
0.015106,-0.0059509,0.059814
0.015411,-0.005188,0.061035
0.015106,-0.0053406,0.062256
0.014801,-0.0064087,0.075684
0.013733,-0.0076294,0.057373
0.011902,-0.0082397,0.05249
0.011902,-0.0071716,0.062256
0.010223,-0.0047302,0.061035
0.010071,-0.002594,0.059814
0.011444,-0.0013733,0.063477
0.014496,-0.0012207,0.061035
0.017548,-0.0024414,0.067139
0.019379,-0.0028992,0.065918
0.02121,-0.0036621,0.06958
0.022278,-0.0035095,0.061035
0.022736,-0.0024414,0.059814
0.021057,-0.0022888,0.062256
0.022125,-0.00076294,0.062256
0.02243,-0.0015259,0.063477
0.022125,-0.0027466,0.054932
0.020905,-0.0030518,0.05249
0.019836,-0.0033569,0.05127
0.017395,-0.0015259,0.041504
0.016632,-0.0012207,0.047607
0.016174,-0.0019836,0.046387
0.0177,-0.0028992,0.042725
0.019684,-0.0054932,0.037842
0.021057,-0.007019,0.040283
0.02121,-0.0062561,0.041504
0.02182,-0.0047302,0.037842
0.020905,-0.0019836,0.042725
0.020905,0.00030518,0.036621
0.02121,0.00091553,0.041504
0.021362,0.00045776,0.042725
0.02182,0.00015259,0.042725
0.021515,0.0013733,0.037842
0.021515,0.0024414,0.041504
0.020905,0.0045776,0.046387
0.020294,0.0057983,0.039063
0.019684,0.0053406,0.050049
0.019684,0.0033569,0.040283
0.018616,0.00045776,0.031738
0.018005,-0.0012207,0.042725
0.017242,-0.0019836,0.047607
0.016479,-0.00045776,0.047607
0.016174,0.0018311,0.050049
0.018158,0.0022888,0.05127
0.016632,0.0016785,0.056152
0.016479,0.0012207,0.057373
0.01709,-0.00015259,0.061035
0.018005,-0.00030518,0.057373
0.018768,0.0015259,0.064697
0.018921,0.0041199,0.062256
0.019073,0.0041199,0.064697
0.018463,0.0074768,0.073242
0.018158,0.0064087,0.061035
0.016785,0.0042725,0.059814
0.017395,0.0021362,0.063477
0.016174,0.00076294,0.06958
0.017242,0.0024414,0.063477
0.01709,0.0036621,0.067139
0.015564,0.0042725,0.067139
0.015411,0.0036621,0.064697
0.014801,0.0022888,0.061035
0.014648,0.0010681,0.064697
0.014954,0.0022888,0.056152
0.014801,0.0030518,0.059814
0.015411,0.007019,0.05127
0.015106,0.0093079,0.054932
0.016022,0.010834,0.05249
0.016785,0.010071,0.05249
0.018005,0.0088501,0.050049
0.020599,0.0073242,0.048828
0.022125,0.0086975,0.059814
0.023499,0.0099182,1.1975
0.023956,0.010681,4.7046
0.024109,0.0099182,4.895
0.023804,0.0085449,4.9011
0.023804,0.007019,4.9109
0.02533,0.0054932,4.9097
0.024567,0.0071716,4.9084
0.027618,0.0086975,4.9084
0.028229,0.010376,4.9084
0.028534,0.013123,4.9084
0.028992,0.012054,4.906
0.029297,0.010834,4.9097
0.028229,0.009613,4.906
0.027008,0.0091553,4.9133
0.026703,0.0076294,4.9121
0.025177,0.0074768,4.9158
0.023346,0.0038147,4.9182
0.021973,0.0057983,4.917
0.020599,0.0048828,4.9182
0.020599,0.0042725,4.9207
0.021515,0.0068665,4.9268
0.022278,0.0045776,4.9304
0.024261,0.0054932,4.9255
0.024872,0.007019,4.928
0.026093,0.007019,4.9292
0.027313,0.0073242,4.9329
0.028534,0.0071716,4.9329
0.03006,0.0068665,4.9194
0.031433,0.0079346,4.9341
0.031586,0.007019,4.9304
0.031281,0.0073242,4.9341
0.030365,0.0076294,4.9292
0.031433,0.0067139,4.939
0.03067,0.0065613,4.9329
0.030365,0.0057983,4.939
0.030365,0.0056458,4.95
0.030365,0.0071716,4.939
0.03006,0.0071716,4.9292
0.029297,0.0065613,4.9353
0.028687,0.0045776,4.9133
0.027313,0.0028992,4.9268
0.026398,0.0019836,4.9268
0.02533,0.00091553,4.9243
0.024414,0.0013733,4.9243
0.023956,0.0012207,4.9207
0.023346,0.00091553,4.9194
0.023193,-0.0013733,4.9158
0.022736,-0.0019836,4.9146
0.02182,-0.0033569,4.9121
0.021667,-0.002594,4.9158
0.02121,-0.0010681,4.9133
0.023804,0.00015259,4.9133
0.025177,0.0021362,4.9121
0.026093,0.0036621,4.9109
0.027924,0.002594,4.9133
0.028534,0.0022888,4.9109
0.028992,0.0027466,4.9109
0.029449,0.0065613,4.9084
0.027161,0.0045776,4.8987
0.031586,0.0053406,4.917
0.032043,0.0053406,4.9121
0.031891,0.005188,4.9072
0.030975,0.0035095,4.9133
0.031128,0.0022888,4.9133
0.031281,0.0012207,4.9158
0.031738,0.0024414,4.9158
0.032349,0.0027466,4.9243
0.032654,0.0035095,4.9182
0.03418,0.0032043,4.9243
0.031128,0.0018311,4.9158
0.029755,0.0015259,4.9316
0.028839,0.0015259,4.9402
0.027161,0.0018311,4.9329
0.026855,0.0032043,4.9377
0.026093,0.0033569,4.9304
0.026855,0.0039673,4.9268
0.023651,0.0019836,4.9329
0.024414,0.0012207,4.9316
0.023651,0.0012207,4.9304
0.024109,0.0015259,4.9316
0.023956,0.0050354,4.939
0.024261,0.0013733,4.9365
0.023346,0.0021362,4.9365
0.023041,0.0018311,4.939
0.021973,0.0016785,4.9353
0.02243,0.002594,4.9341
0.02243,0.0036621,4.9341
0.024567,0.0038147,4.9329
0.025024,0.0042725,4.9304
0.02533,0.0030518,4.9304
0.025635,0.0022888,4.928
0.02533,0.0016785,4.9219
0.024261,0.0021362,4.928
0.023346,0.0022888,4.9207
0.023041,0.0028992,4.9255
0.023041,0.00030518,4.917
0.023041,-0.00076294,4.9146
0.022125,-0.0022888,4.9146
0.021973,-0.0039673,4.917
0.02182,-0.0045776,4.9072
0.022888,-0.0048828,4.9133
0.024109,-0.004425,4.906
0.025024,-0.0039673,4.9084
0.02533,-0.0042725,4.9097
0.024872,-0.004425,4.9109
0.023499,-0.0047302,4.9109
0.021973,-0.004425,4.9023
0.020752,-0.0041199,4.9231
0.020447,-0.0032043,4.9097
0.02121,-0.0027466,4.9194
0.02121,-0.0016785,4.9146
0.022583,-0.0027466,0.020752
0.023346,-0.0032043,0.032959
0.023804,-0.0038147,0.046387
0.026093,-0.0022888,0.047607
0.027618,-0.00091553,0.050049
0.029602,0.00045776,0.048828
0.030365,0.0010681,0.056152
0.030975,0.0018311,0.057373
0.030975,0.0012207,0.059814
0.030365,0.00061035,0.058594
0.030365,0.0015259,0.064697
0.030975,0.0016785,0.059814
0.031586,0.0022888,0.061035
0.032043,0.0019836,0.070801
0.031433,0.0013733,0.063477
0.03067,0.0010681,0.061035
0.029297,0,0.057373
0.027313,-0.00045776,0.072021
0.026093,-0.00030518,0.062256
0.024872,-0.00091553,0.070801
0.023193,-0.00061035,0.065918
0.021362,-0.00091553,0.065918
0.019989,-0.0010681,0.058594
0.019226,-0.0013733,0.062256
0.017242,-0.0022888,0.058594
0.013885,-0.0018311,0.057373
0.015411,-0.0010681,0.053711
0.014801,-0.00045776,0.053711
0.015106,0.00015259,0.05127
0.014343,0.00061035,0.05127
0.013275,0.00030518,0.050049
0.012817,-0.0012207,0.047607
0.013123,-0.0028992,0.056152
0.014648,-0.00076294,0.046387
0.015564,-0.00076294,0.048828
0.015869,-0.00030518,0.043945
0.016327,0,0.032959
0.016479,0.00015259,0.040283
0.01709,0.00076294,0.039063
0.0177,0.0010681,0.037842
0.018616,0.0022888,0.041504
0.019531,0.0032043,0.039063
0.017395,0.0036621,0.040283
0.020142,0.0038147,0.036621
0.020294,0.0035095,0.039063
0.019531,0.0033569,0.036621
0.019379,0.0032043,0.041504
0.018768,0.0036621,0.043945
0.018768,0.0032043,0.046387
0.019226,0.0032043,0.045166
0.018311,0.0022888,0.050049
0.018158,0.0018311,0.048828
0.017395,0.0022888,0.05127
0.017242,0.002594,0.058594
0.017242,0.0028992,0.056152
0.017548,0.0032043,0.05127
0.017853,0.0021362,0.054932
0.018005,0.00076294,0.059814
0.019073,-0.00045776,0.058594
0.019531,-0.0019836,0.061035
0.018768,-0.0018311,0.057373
0.019226,-0.00091553,0.063477
0.020294,-0.00045776,0.058594
0.020447,0.00030518,0.062256
0.020599,0.0036621,0.061035
0.024261,-0.0021362,0.062256
0.021515,-0.0036621,0.062256
0.02121,-0.0042725,0.067139
0.020599,-0.0033569,0.081787
0.020752,-0.0022888,0.065918
0.021057,0.00091553,0.062256
0.02121,0.0016785,0.064697
0.021515,0.00091553,0.042725
0.020599,-0.0010681,0.054932
0.020905,-0.0030518,0.054932
0.019989,-0.0033569,0.05127
0.016785,-0.0022888,0.054932
0.019684,-0.0010681,0.043945
0.020752,0,0.05249
0.022888,0.00091553,0.045166
0.02243,-0.00045776,0.047607
0.023956,-0.00076294,0.040283
0.023651,0,0.046387
0.023346,0.0016785,0.042725
0.024261,0.002594,0.043945
0.02243,0.0035095,0.041504
0.021515,0.0027466,0.039063
0.022278,0.0015259,0.045166
0.020294,0.00030518,0.040283
0.019531,0.00061035,0.046387
0.019379,0.00091553,0.037842
0.019836,0.0019836,0.03418
0.018005,0.0019836,0.039063
0.01709,0.0016785,0.039063
0.016937,0.0018311,0.041504
0.016632,0,0.042725
0.016785,-0.00015259,0.039063
0.016632,-0.00061035,0.047607
0.01709,-0.0010681,0.043945
0.018005,0.00045776,0.05249
0.018311,-0.00015259,0.047607
0.018463,-0.0010681,0.056152
0.015717,-0.002594,0.061035
0.0177,-0.0036621,0.061035
0.018158,-0.0042725,0.072021
0.0177,-0.0041199,0.063477
0.0177,-0.0035095,0.067139
0.017853,-0.002594,0.058594
0.019684,-0.0015259,0.056152
0.022583,-0.00045776,0.059814
0.022888,0,0.061035
0.024109,-0.00015259,0.059814
0.024872,0.00076294,0.063477
0.027618,0.0013733,0.059814
0.027008,0.0016785,0.063477
0.027618,0.0022888,0.064697
0.026855,0.0035095,0.72144
0.026398,0.0032043,4.6863
0.026703,0.0024414,4.9182
0.026703,0.0019836,4.9243
0.026703,0.0018311,4.9292
0.02533,0.0022888,4.9268
0.025635,0.0024414,4.9268
0.025787,0.0028992,4.9268
0.024567,0.0056458,4.9231
0.025482,0.005188,4.928
0.025787,0.0057983,4.9194
0.025024,0.0057983,4.9048
0.025177,0.0085449,4.9146
0.023499,0.004425,4.9072
0.023193,0.0038147,4.9158
0.02121,0.004425,4.9146
0.020447,0.0035095,4.906
0.019684,0.0035095,4.9133
0.018463,0.0033569,4.9121
0.0177,0.0059509,4.9097
0.01709,0.0030518,4.9072
0.015564,0.0024414,4.9146
0.014801,0.0030518,4.9097
0.018158,0.0041199,4.9109
0.016022,0.0050354,4.9146
0.015869,0.0053406,4.9121
0.016022,0.0059509,4.9084
0.016022,0.0059509,4.9146
0.016174,0.0059509,4.9048
0.016174,0.0054932,4.917
0.015869,0.0038147,4.9304
0.016022,0.0028992,4.9231
0.016937,0.0027466,4.9219
0.016785,0.0028992,4.9231
0.016632,0.0028992,4.9304
0.016022,0.0022888,4.9243
0.015259,-0.00030518,4.9316
0.014801,-0.00015259,4.9268
0.015259,-0.0010681,4.9316
0.015411,-0.0015259,4.9304
0.015717,-0.00061035,4.9341
0.015564,0,4.9304
0.014343,0.00076294,4.9304
0.015564,0.00015259,4.9402
0.016327,0.00045776,4.939
0.021057,0.0016785,4.9438
0.018463,0.0022888,4.9329
0.019531,0.0041199,4.9255
0.019989,0.0054932,4.9365
0.023346,0.0061035,4.9268
0.020599,0.0054932,4.928
0.020447,0.005188,4.9316
0.02121,0.0042725,4.9268
0.02243,0.0045776,4.928
0.024109,0.0056458,4.9243
0.026093,0.0053406,4.9194
0.027161,0.0056458,4.9219
0.028839,0.0048828,4.9158
0.03006,0.0033569,4.9231
0.030823,0.002594,4.9194
0.031281,0.0019836,4.9158
0.032043,0.0022888,4.9158
0.032196,0.0030518,4.9121
0.031281,0.0028992,4.9146
0.029144,0.0018311,4.906
0.026093,0.00045776,4.9133
0.024414,-0.00061035,4.9097
0.022583,-0.0047302,4.9072
0.021973,-0.002594,4.9109
0.02182,-0.0022888,4.9072
0.02182,-0.0012207,4.9084
0.021973,-0.0012207,4.906
0.021515,-0.00045776,4.9109
0.021362,-0.00061035,4.9097
0.02243,-0.00045776,4.9146
0.022888,-0.00061035,4.9158
0.023346,-0.00045776,4.917
0.021667,-0.00045776,4.9182
0.023041,0.00076294,4.9231
0.021973,0.0016785,4.928
0.020752,0.0019836,4.9231
0.021667,0.002594,4.9304
0.022888,0.0018311,4.9304
0.024719,0.0010681,4.9158
0.027313,0.0010681,4.9316
0.029602,0.0010681,4.9304
0.029907,0.00091553,4.9329
0.029755,0.0015259,4.9255
0.028381,0.00030518,4.9316
0.029144,-0.00015259,4.9353
0.028076,0.00015259,4.9292
0.027466,-0.00061035,4.9316
0.026855,-0.0010681,4.9146
0.026703,-0.00061035,4.9353
0.02594,-0.00076294,4.9377
0.024719,-0.00061035,4.9377
0.024414,-0.00045776,4.9451
0.024872,-0.0013733,4.939
0.024719,-0.0015259,4.9316
0.024719,-0.0013733,4.9316
0.02533,-0.0013733,4.928
0.024109,-0.0021362,4.9231
0.023651,-0.0022888,4.9219
0.023041,-0.0028992,4.9243
0.021667,-0.0027466,4.9231
0.021362,-0.0022888,4.917
0.021667,-0.0021362,4.9182
0.022736,-0.0019836,4.9182
0.023499,-0.0019836,4.917
0.024414,-0.00076294,4.8975
0.023804,-0.00061035,4.9146
0.026703,0.00061035,0.036621
0.029297,0.0016785,0.042725
0.031433,0.0028992,0.041504
0.034637,0.0032043,0.042725
0.035858,0.0039673,0.05127
0.035095,0.0041199,0.041504
0.034332,0.0033569,0.05127
0.032349,0.002594,0.039063
0.028992,0.0019836,0.03418
0.030212,0.0012207,0.041504
0.028992,0.0012207,0.040283
0.027924,0.00076294,0.040283
0.027466,-0.0013733,0.042725
0.02655,-0.00045776,0.043945
0.02594,-0.00091553,0.046387
0.025024,-0.00030518,0.047607
0.024414,0.00045776,0.054932
0.024261,0.0015259,0.048828
0.024109,0.002594,0.056152
0.024414,0.0030518,0.061035
0.022278,0.0027466,0.058594
0.02243,0.0027466,0.06958
0.02121,0.0028992,0.062256
0.020599,0.0033569,0.062256
0.020905,0.0050354,0.062256
0.021515,0.0057983,0.063477
0.02243,0.0067139,0.059814
0.021973,0.0047302,0.059814
0.023804,0.004425,0.058594
0.023041,0.0035095,0.063477
0.023041,0.0016785,0.059814
0.022125,0.0022888,0.065918
0.02243,0.0016785,0.063477
0.022736,0.0012207,0.068359
0.022583,-0.00030518,0.061035
0.02182,-0.0036621,0.061035
0.020905,-0.0059509,0.061035
0.020142,-0.0074768,0.058594
0.02121,-0.0079346,0.053711
0.019379,-0.0068665,0.053711
0.019379,-0.0057983,0.062256
0.019379,-0.0053406,0.045166
0.020142,-0.0053406,0.057373
0.020905,-0.0042725,0.047607
0.022278,-0.0042725,0.041504
0.021362,-0.0036621,0.043945
0.025787,-0.0028992,0.042725
0.026703,-0.0012207,0.041504
0.027466,-0.00045776,0.041504
0.026245,-0.0012207,0.036621
0.02533,-0.0018311,0.041504
0.024567,-0.0030518,0.036621
0.024109,0.00045776,0.039063
0.024414,-0.0021362,0.039063
0.024567,-0.00091553,0.040283
0.025787,0,0.037842
0.02655,0.00030518,0.040283
0.029449,0.00045776,0.047607
0.03006,0.00045776,0.043945
0.031433,0.00015259,0.039063
0.034027,0.00076294,0.041504
0.034027,0.00076294,0.036621
0.034332,0.0012207,0.041504
0.034027,0.0013733,0.0354
0.032196,0.0047302,0.053711
0.029449,0.00076294,0.05249
0.026093,0.00015259,0.056152
0.024109,-0.0015259,0.054932
0.023651,-0.0010681,0.057373
0.023041,-0.00015259,0.062256
0.022583,-0.00015259,0.058594
0.022583,-0.00045776,0.063477
0.023499,-0.0012207,0.058594
0.022888,-0.0022888,0.061035
0.021515,-0.0038147,0.062256
0.020752,-0.0038147,0.063477
0.020599,-0.0041199,0.068359
0.019836,-0.0033569,0.063477
0.018616,-0.0019836,0.073242
0.016937,-0.0012207,0.067139
0.015259,-0.0013733,0.056152
0.013885,-0.0016785,0.063477
0.013733,-0.0010681,0.062256
0.015106,0.00045776,0.056152
0.016022,0.0015259,0.057373
0.018158,0.0041199,0.056152
0.020599,0.004425,0.050049
0.018158,0.0042725,0.05127
0.018158,0.0039673,0.054932
0.019836,0.0016785,0.046387
0.022888,0.0039673,0.048828
0.023346,0.0057983,0.05127
0.023651,0.007019,0.048828
0.023193,0.0076294,0.042725
0.021362,0.0067139,0.041504
0.019989,0.007019,0.043945
0.019989,0.0073242,0.043945
0.020599,0.0080872,0.042725
0.021667,0.0088501,0.040283
0.02182,0.009613,0.042725
0.020599,0.0091553,0.037842
0.019073,0.0071716,0.039063
0.017395,0.0065613,0.037842
0.015411,0.0050354,0.041504
0.016632,0.0042725,0.0354
0.015564,0.0047302,0.042725
0.015106,0.0041199,0.036621
0.013885,0.0039673,0.042725
0.012665,0.004425,0.042725
0.014343,0.0015259,0.048828
0.011444,0.00015259,0.047607
0.010834,-0.0038147,0.05127
0.012054,-0.00076294,0.065918
0.015259,0,0.053711
0.016632,0.00015259,0.061035
0.017853,-0.0012207,0.059814
0.018311,-0.0012207,3.5437
0.018768,-0.0015259,4.8425
0.019073,-0.0015259,4.9182
0.019989,-0.00045776,4.9268
0.020905,0.0012207,4.9255
0.022278,0.002594,4.9292
0.022583,0.0027466,4.9341
0.018921,0.0038147,4.9329
0.019379,0.0039673,4.9329
0.016785,0.0041199,4.9316
0.016327,0.0045776,4.9353
0.015259,0.0041199,4.9353
0.016785,0.0041199,4.9377
0.017395,0.0047302,4.9402
0.018616,0.005188,4.9365
0.01709,0.0045776,4.9365
0.016479,0.0032043,4.9316
0.016785,0.0015259,4.939
0.017548,-0.0033569,4.9255
0.018463,-0.0013733,4.9255
0.018158,-0.0013733,4.9121
0.016937,-0.0019836,4.9219
0.016479,-0.00015259,4.9146
0.015869,0.0016785,4.9158
0.014648,0.0016785,4.9146
0.014343,0.0021362,4.9158
0.015717,0.0033569,4.9109
0.016937,0.0041199,4.9133
0.0177,0.0059509,4.8987
0.018311,0.0064087,4.9146
0.019531,0.007019,4.9109
0.019684,0.0054932,4.9146
0.020599,0.0038147,4.917
0.020294,0.0018311,4.9121
0.020294,0.00061035,4.9146
0.019379,0.00061035,4.906
0.017548,0.00015259,4.8987
0.016937,-0.00015259,4.9109
0.016174,0.00015259,4.9109
0.015106,-0.0012207,4.9084
0.014496,-0.0028992,4.9133
0.013733,-0.0016785,4.9133
0.014954,-0.0021362,4.9182
0.015411,-0.0032043,4.9158
0.014954,-0.0010681,4.9243
0.015869,-0.0016785,4.9231
0.017395,-0.0022888,4.9255
0.018463,-0.002594,4.9268
0.019226,-0.0015259,4.9329
0.018768,-0.00061035,4.9304
0.017548,0.00061035,4.9353
0.019379,0.0010681,4.9316
0.019836,0.0012207,4.9304
0.019989,0.0012207,4.9402
0.020294,0.0019836,4.9365
0.02121,0.0024414,4.9158
0.022888,0.0024414,4.9316
0.024567,0.0028992,4.9353
0.026093,0.002594,4.9353
0.026855,0.0022888,4.9341
0.026703,0.0015259,4.9341
0.026703,0.00045776,4.9377
0.02655,-0.00076294,4.9341
0.027008,-0.0022888,4.9316
0.026245,-0.0016785,4.9243
0.025635,-0.00045776,4.9304
0.024719,0.0010681,4.9231
0.023956,0.0024414,4.9255
0.025177,0.0038147,4.9329
0.025787,0.0035095,4.9231
0.025024,0.0033569,4.917
0.025787,0.0035095,4.9231
0.025635,0.0039673,4.8987
0.024719,0.0045776,4.9146
0.023651,0.0059509,4.9194
0.023346,0.005188,4.9158
0.022736,0.0030518,4.9121
0.020752,0.00045776,4.9097
0.018921,-0.0022888,4.9109
0.017395,-0.0036621,4.906
0.016174,-0.0041199,4.9084
0.014496,-0.0074768,4.906
0.013428,-0.004425,4.9146
0.012665,-0.005188,4.9109
0.012665,-0.0068665,4.9109
0.013123,-0.0071716,4.9109
0.013733,-0.0073242,4.9109
0.015564,-0.0057983,4.9121
0.021515,-0.0035095,4.9133
0.020294,-0.0018311,4.9207
0.02243,-0.0010681,4.9158
0.025024,-0.0021362,4.9084
0.026398,-0.0036621,4.9207
0.027313,-0.0030518,4.9231
0.028381,-0.002594,4.9243
0.028839,-0.0012207,4.9268
0.028534,-0.0012207,4.928
0.027771,-0.00061035,4.9329
0.026398,0.00030518,4.9316
0.026093,-0.00015259,4.9329
0.02594,-0.0030518,4.928
0.02655,-0.00030518,4.9353
0.027008,0.00076294,4.9304
0.027008,0.00076294,4.9316
0.027618,0.00061035,4.9402
0.026093,0.00030518,4.939
0.025787,-0.0010681,4.9365
0.024109,-0.0018311,4.9365
0.023041,-0.0016785,4.9268
0.021667,-0.0013733,4.9316
0.020142,-0.0022888,0.063477
0.019684,-0.00061035,0.058594
0.019684,0.00030518,0.062256
0.020294,-0.00045776,0.056152
0.023041,-0.0018311,0.057373
0.026093,-0.0016785,0.05127
0.029297,-0.0013733,0.054932
0.032043,-0.00015259,0.047607
0.033112,-0.0035095,0.050049
0.034027,0.00076294,0.048828
0.033875,-0.00045776,0.050049
0.033875,-0.0019836,0.040283
0.03067,-0.0032043,0.046387
0.031586,-0.0036621,0.048828
0.030518,-0.0028992,0.040283
0.028534,-0.0018311,0.047607
0.026855,-0.00076294,0.041504
0.025024,-0.0018311,0.03418
0.022888,-0.0047302,0.037842
0.022125,-0.0094604,0.039063
0.021973,-0.0085449,0.039063
0.02182,-0.0071716,0.036621
0.022125,-0.005188,0.039063
0.021973,-0.0036621,0.040283
0.021515,-0.0030518,0.037842
0.020447,-0.0027466,0.045166
0.020294,-0.0039673,0.041504
0.020599,-0.0030518,0.048828
0.020294,-0.0042725,0.046387
0.023499,-0.0010681,0.048828
0.026245,0.00091553,0.06958
0.025635,0.0021362,0.054932
0.027008,0.0024414,0.059814
0.027313,0.0019836,0.056152
0.027771,0.00076294,0.046387
0.028229,0.00091553,0.059814
0.029449,0.0024414,0.061035
0.029602,0.0032043,0.059814
0.030518,0.0033569,0.058594
0.027618,0.0015259,0.050049
0.026855,-0.0013733,0.064697
0.024414,-0.0042725,0.062256
0.027008,-0.0059509,0.063477
0.023651,-0.0057983,0.059814
0.024414,-0.0050354,0.067139
0.02533,-0.0038147,0.065918
0.023651,-0.0048828,0.068359
0.023804,-0.0056458,0.073242
0.022583,-0.0062561,0.065918
0.023346,-0.0085449,0.061035
0.022125,-0.0033569,0.057373
0.02243,-0.00015259,0.070801
0.023499,0.0062561,0.059814
0.023956,0.0057983,0.0354
0.024261,0.0068665,0.048828
0.025024,0.0071716,0.046387
0.025787,0.0074768,0.047607
0.02655,0.0079346,0.047607
0.028839,0.0080872,0.043945
0.030212,0.0091553,0.045166
0.032806,0.0093079,0.040283
0.031738,0.0086975,0.045166
0.030212,0.0065613,0.041504
0.027313,0.0036621,0.043945
0.027924,0.0027466,0.041504
0.025177,0.0028992,0.041504
0.025024,0.0042725,0.047607
0.023956,0.0071716,0.041504
0.023956,0.0073242,0.047607
0.024414,0.0064087,0.039063
0.023651,0.0050354,0.028076
0.023499,0.0024414,0.039063
0.024872,0.0024414,0.037842
0.024872,0.0027466,0.039063
0.023956,0.0042725,0.040283
0.02243,0.0039673,0.043945
0.021667,0.0036621,0.048828
0.021515,0.0028992,0.046387
0.019989,0.0019836,0.05127
0.019379,0.0032043,0.05249
0.020447,0.0056458,0.057373
0.020599,0.0086975,0.059814
0.019684,0.0086975,0.062256
0.019836,0.010834,0.063477
0.019531,0.010834,0.062256
0.020599,0.0085449,0.062256
0.020905,0.005188,0.062256
0.020599,0.0059509,0.072021
0.020294,0.0053406,0.063477
0.019379,0.0045776,0.047607
0.019226,0.0038147,0.062256
0.018768,0.0013733,0.064697
0.017853,-0.00091553,0.062256
0.018768,-0.0022888,0.063477
0.018616,-0.0028992,0.064697
0.019684,-0.0018311,0.065918
0.021362,0,0.062256
0.023193,0.0010681,0.061035
0.02533,0.0015259,0.057373
0.026703,0.00045776,0.057373
0.027313,-0.0013733,0.053711
0.028381,-0.0016785,0.053711
0.028229,-0.00076294,0.057373
0.028076,0,0.046387
0.028076,0.00076294,0.046387
0.02655,0.0022888,0.046387
0.024261,0.0018311,0.03418
0.02243,0.0012207,0.043945
0.02243,0.00030518,0.041504
0.022888,0.00015259,0.042725
0.023651,0.0012207,0.040283
0.024872,0.0016785,0.036621
0.024872,0.0024414,0.041504
0.024261,0.0027466,0.039063
0.024719,0.0010681,0.040283
0.024719,0.00015259,0.037842
0.025635,-0.00030518,0.042725
0.025482,0.00076294,3.8062
0.025024,0.0010681,4.8315
0.024567,0.0032043,4.9023
0.021973,0.0038147,4.9097
0.02121,0.0039673,4.9182
0.02121,0.0030518,4.9146
0.021973,0.0028992,4.928
0.023193,0.0015259,4.9084
0.022888,0.0019836,4.9097
0.023041,0.0033569,4.9207
0.022736,0.0036621,4.9243
0.020905,0.002594,4.9243
0.019073,0.0012207,4.928
0.017548,-0.0015259,4.9268
0.015106,-0.0019836,4.9292
0.014496,-0.0012207,4.9292
0.012817,-0.00030518,4.9365
0.012817,0.0010681,4.9207
0.010986,0.00061035,4.9365
0.01236,0.00015259,4.9316
0.01236,-0.00030518,4.9316
0.013123,-0.0010681,4.9377
0.015564,-0.0015259,4.9377
0.016785,-0.00015259,4.9341
0.017395,0.00015259,4.9353
0.015869,0.0010681,4.9438
0.015869,0.00045776,4.9365
0.015411,-0.00030518,4.9329
0.015717,-0.0010681,4.9304
0.016632,-0.0012207,4.9304
0.018768,0.00091553,4.928
0.020599,0.0030518,4.928
0.02182,0.0053406,4.9182
0.021667,0.0059509,4.9207
0.021667,0.0059509,4.9207
0.023041,0.0048828,4.9194
0.022736,0.0038147,4.917
0.024261,0.0033569,4.9207
0.024261,0.0039673,4.9146
0.023193,0.0039673,4.9158
0.021515,0.004425,4.928
0.019989,0.0035095,4.9158
0.019379,0.0022888,4.9194
0.019531,0.0012207,4.9097
0.020599,0.00061035,4.9011
0.021973,0.0012207,4.9097
0.022278,0.0024414,4.9109
0.021973,0.0027466,4.9121
0.020905,0.0024414,4.9097
0.019989,0.00076294,4.9084
0.019684,-0.00091553,4.9097
0.021515,-0.0018311,4.9084
0.020447,-0.0021362,4.9121
0.020905,-0.002594,4.9109
0.019379,-0.0013733,4.9182
0.018463,-0.00061035,4.9182
0.016174,-0.00015259,4.9231
0.016937,-0.00015259,4.9268
0.016022,-0.0018311,4.9231
0.020752,-0.0012207,4.9255
0.022125,-0.00091553,4.9304
0.021667,-0.002594,4.9304
0.020905,0.00015259,4.9292
0.018616,0.00030518,4.9304
0.017395,0.00015259,4.9304
0.016174,0.0024414,4.9304
0.016327,-0.00076294,4.928
0.016174,-0.00061035,4.9329
0.015259,0.00015259,4.9292
0.013123,0.00061035,4.9329
0.01236,0.0019836,4.9316
0.01236,0.0016785,4.939
0.013275,0.0016785,4.9353
0.016327,0.0010681,4.9365
0.019684,0.00015259,4.9316
0.021667,-0.00015259,4.9353
0.022888,0.00061035,4.9426
0.02121,0.00091553,4.9329
0.020142,0.0019836,4.9353
0.018921,0.0027466,4.9255
0.019989,0.0036621,4.9146
0.020752,0.0047302,4.9231
0.020905,0.0050354,4.9207
0.019989,0.0053406,4.9182
0.019226,0.0059509,4.9207
0.0177,0.005188,4.9158
0.017242,0.0042725,4.917
0.0177,0.0032043,4.9121
0.019379,0.0016785,4.9146
0.019684,-0.00061035,4.906
0.019073,-0.0018311,4.9133
0.017242,-0.0019836,4.9133
0.013733,-0.0045776,4.9109
0.010986,-0.0048828,4.9109
0.009613,-0.0057983,4.9146
0.0091553,-0.0057983,4.9072
0.011292,-0.0042725,4.9084
0.01236,-0.0032043,4.9036
0.01358,-0.0022888,4.9097
0.014343,-0.00076294,4.9072
0.016479,-0.00076294,4.9084
0.018005,-0.00045776,4.9109
0.019989,-0.0012207,4.9146
0.023346,-0.00015259,4.9207
0.024567,-0.00030518,4.917
0.024567,-0.00076294,4.9243
0.022736,0.00061035,4.9207
0.020447,0.00015259,4.9268
0.019531,0.00015259,4.9292
0.019379,0.00045776,0.065918
0.021057,0.0038147,0.056152
0.023651,-0.00045776,0.065918
0.025024,-0.0018311,0.067139
0.026093,-0.0028992,0.062256
0.02533,-0.0033569,0.06958
0.024719,-0.004425,0.061035
0.024719,-0.0035095,0.045166
0.024261,-0.0021362,0.061035
0.024567,-0.0010681,0.067139
0.023956,0.00076294,0.067139
0.022583,-0.00030518,0.065918
0.023041,0.0033569,0.062256
0.018921,0.0032043,0.065918
0.017242,0.0032043,0.061035
0.016022,0.0024414,0.062256
0.016327,0.0015259,0.054932
0.018311,-0.0021362,0.057373
0.016632,-0.0045776,0.053711
0.015259,-0.0067139,0.05249
0.012207,-0.0085449,0.058594
0.0097656,-0.0091553,0.050049
0.0085449,-0.0086975,0.045166
0.0076294,-0.0080872,0.05127
0.0099182,-0.007782,0.028076
0.0093079,-0.0056458,0.042725
0.0080872,-0.0047302,0.042725
0.0068665,-0.004425,0.040283
0.0062561,-0.0035095,0.041504
0.007019,-0.0030518,0.036621
0.0097656,-0.0047302,0.037842
0.01297,-0.0028992,0.039063
0.017242,-0.0032043,0.037842
0.0177,-0.0036621,0.037842
0.018311,-0.0033569,0.043945
0.017242,-0.0047302,0.037842
0.017548,-0.0038147,0.039063
0.018158,-0.0033569,0.040283
0.018768,-0.0036621,0.042725
0.021362,-0.0050354,0.046387
0.02121,-0.0057983,0.043945
0.020447,-0.0065613,0.057373
0.018158,-0.0076294,0.046387
0.016174,-0.0071716,0.042725
0.016327,-0.0057983,0.053711
0.018463,-0.0045776,0.056152
0.018768,-0.0028992,0.054932
0.021973,-0.0018311,0.056152
0.019989,-0.0010681,0.059814
0.015411,-0.00030518,0.063477
0.013885,0.0010681,0.059814
0.012512,0.0030518,0.063477
0.013733,0.0039673,0.054932
0.016479,0.0042725,0.061035
0.018463,0.0027466,0.064697
0.020599,0.0013733,0.063477
0.02121,0.00076294,0.073242
0.020599,0.0012207,0.065918
0.020752,0.002594,0.064697
0.022278,0.0035095,0.062256
0.024261,0.0032043,0.06958
0.025482,0.0013733,0.063477
0.02655,-0.0010681,0.058594
0.02533,-0.0028992,0.058594
0.023346,-0.0033569,0.05127
0.021362,-0.0038147,0.05249
0.020142,-0.0030518,0.05249
0.020447,-0.0022888,0.048828
0.021057,-0.0027466,0.05127
0.020905,-0.0030518,0.050049
0.019531,-0.0053406,0.046387
0.0177,-0.004425,0.05127
0.015717,-0.0041199,0.048828
0.014496,-0.0036621,0.041504
0.014038,-0.0028992,0.046387
0.016479,-0.00076294,0.056152
0.018768,-0.0036621,0.040283
0.020142,-0.0050354,0.047607
0.018768,-0.0056458,0.040283
0.018158,-0.0050354,0.028076
0.018463,-0.0018311,0.0354
0.019073,0.00091553,0.040283
0.022888,0.007019,0.041504
0.025177,0.0047302,0.040283
0.027771,0.0035095,0.036621
0.028076,0.0021362,0.041504
0.027161,0.0016785,0.040283
0.026245,0.0018311,0.041504
0.026093,0.0030518,0.042725
0.027924,0.0039673,0.048828
0.030975,0.0028992,0.050049
0.031891,0.00091553,0.053711
0.033112,-0.00076294,0.064697
0.032043,-0.0015259,0.061035
0.031433,-0.00061035,0.058594
0.03067,0.00061035,0.061035
0.030975,0.0016785,0.064697
0.032196,0.0018311,0.057373
0.031891,-0.00015259,0.063477
0.030365,-0.0018311,0.062256
0.028229,-0.0013733,0.059814
0.025177,-0.00091553,0.061035
0.023041,0.0010681,0.064697
0.021667,0.0024414,0.061035
0.02243,0.0018311,0.063477
0.021667,0.00061035,0.064697
0.024109,0.00015259,0.067139
0.023804,-0.0016785,0.064697
0.023041,-0.0022888,0.067139
0.024261,-0.0018311,0.062256
0.024109,-0.00030518,0.062256
0.026398,0.0015259,0.070801
0.024872,0.0021362,0.058594
0.028992,0.0016785,0.061035
0.029755,0.00091553,0.05127
0.029449,0.00015259,0.042725
0.028229,0.0015259,0.047607
0.026245,0.0016785,0.050049
0.027313,0.0028992,4.3738
0.028229,0.0039673,4.8816
0.029907,0.0041199,4.9084
0.031738,0.0035095,4.9133
0.033112,0.0035095,4.9084
0.031433,0.0041199,4.9109
0.032196,0.0054932,4.9072
0.030975,0.0071716,4.9146
0.030518,0.0073242,4.9121
0.029907,0.0071716,4.9048
0.030365,0.0041199,4.9109
0.028687,0.0021362,4.9109
0.027618,0.0010681,4.9121
0.023804,0.0024414,4.9084
0.023346,0.0048828,4.9146
0.023346,0.0068665,4.9182
0.024109,0.0080872,4.906
0.025482,0.007782,4.9133
0.02594,0.0048828,4.9133
0.02655,0.002594,4.9158
0.02533,0.0012207,4.9182
0.024261,0.0015259,4.9207
0.023804,0.0018311,4.917
0.023041,0.002594,4.9255
0.023804,0.0015259,4.928
0.023346,0.00015259,4.9255
0.023346,-0.00091553,4.9304
0.02243,-0.00091553,4.928
0.02121,0.0018311,4.9243
0.02121,0.0050354,4.9451
0.022125,0.005188,4.9341
0.020599,0.0042725,4.9329
0.025024,0.00045776,4.9353
0.02655,-0.0039673,4.9255
0.026398,-0.0050354,4.928
0.02533,-0.0050354,4.9316
0.02533,-0.0038147,4.9329
0.024872,-0.0018311,4.9329
0.02594,-0.0015259,4.9329
0.028229,-0.0019836,4.9353
0.030212,-0.0027466,4.9304
0.030365,-0.0012207,4.9304
0.026703,-0.0012207,4.9255
0.028839,0.00015259,4.9255
0.028229,0.0010681,4.9255
0.027924,-0.0018311,4.9255
0.029144,-0.00030518,4.9207
0.03006,-0.0018311,4.9255
0.031281,-0.0028992,4.9158
0.029907,-0.0019836,4.9194
0.030823,-0.00076294,4.9268
0.028534,0.0010681,4.9133
0.028992,0.0021362,4.8962
0.029297,0.0041199,4.9158
0.03067,0.0036621,4.9121
0.030975,0.002594,4.9109
0.030365,0.0013733,4.9097
0.027771,0.0027466,4.9084
0.027008,0.0041199,4.9146
0.026703,0.0059509,4.9072
0.029144,0.0065613,4.9048
0.030365,0.0068665,4.9084
0.031891,0.0059509,4.9109
0.031586,0.0048828,4.9097
0.028687,0.0016785,4.9158
0.025635,0.004425,4.9243
0.022125,0.0054932,4.9182
0.020294,0.0047302,4.9231
0.02243,0.0028992,4.928
0.019226,-0.00015259,4.9158
0.018005,-0.0027466,4.9268
0.016785,-0.0039673,4.9194
0.014496,-0.0032043,4.9243
0.013428,-0.0013733,4.9341
0.012512,0.00061035,4.9292
0.016479,-0.0054932,4.9304
0.016327,0.0012207,4.9304
0.018768,0.00076294,4.9353
0.019379,0.00045776,4.9292
0.0177,0.00091553,4.9316
0.016937,0.0042725,4.9329
0.016479,0.0062561,4.9341
0.017242,0.0074768,4.9329
0.016937,0.0064087,4.9365
0.021057,0.004425,4.9377
0.021362,0.0027466,4.9402
0.020599,0.0018311,4.9451
0.019989,0.0018311,4.9377
0.019379,0.0036621,4.9219
0.019531,0.0048828,4.9182
0.019379,0.005188,4.9292
0.02182,0.0035095,4.928
0.021515,0.0021362,4.9268
0.020294,0.0010681,4.9207
0.018311,0.00045776,4.9268
0.015717,0.0035095,4.9182
0.01358,0.0056458,4.9194
0.012817,0.007019,4.9146
0.013885,0.0035095,4.9207
0.014343,0.0018311,4.9146
0.014343,0.00045776,4.9219
0.013123,-0.0038147,4.9207
0.012054,0.0012207,4.9121
0.011749,0.0030518,4.9109
0.013428,0.0035095,4.9121
0.015564,0.0021362,4.895
0.016632,0.00061035,4.9097
0.018311,-0.00076294,4.9097
0.018158,-0.00061035,0.042725
0.017853,0.00045776,0.040283
0.014954,0.0019836,0.026855
0.014038,0.0027466,0.042725
0.014801,0.0048828,0.041504
0.015411,0.0039673,0.046387
0.016174,0.0024414,0.043945
0.016479,0.0010681,0.048828
0.016327,0.0016785,0.05127
0.015411,-0.00030518,0.05249
0.014496,0.00030518,0.056152
0.015717,0.00045776,0.058594
0.014038,0.00030518,0.057373
0.014801,-0.00015259,0.059814
0.014496,-0.0016785,0.070801
0.013428,-0.0028992,0.059814
0.011902,-0.0032043,0.054932
0.0099182,-0.0024414,0.061035
0.0093079,0,0.059814
0.0086975,0.0022888,0.059814
0.012512,0.0027466,0.063477
0.01358,0.0028992,0.061035
0.013885,0.0015259,0.062256
0.013428,0.0018311,0.062256
0.011444,0.0030518,0.06958
0.011749,0.0064087,0.062256
0.01297,0.0082397,0.067139
0.014343,0.0097656,0.064697
0.015259,0.0094604,0.062256
0.017548,0.0074768,0.067139
0.01709,0.0056458,0.058594
0.01709,0.0045776,0.054932
0.017242,0.0050354,0.053711
0.017242,0.0053406,0.039063
0.018005,0.004425,0.042725
0.017548,0.0015259,0.047607
0.018005,-0.00061035,0.046387
0.016479,-0.0028992,0.046387
0.014801,-0.0039673,0.045166
0.013733,-0.0032043,0.042725
0.012054,-0.00061035,0.040283
0.011749,0.0024414,0.043945
0.012512,0.0028992,0.039063
0.014038,0.002594,0.040283
0.015106,0.00076294,0.042725
0.016327,-0.00061035,0.039063
0.016327,-0.0012207,0.0354
0.015564,-0.00015259,0.041504
0.015411,0.00030518,0.047607
0.015106,0,0.039063
0.015717,-0.0016785,0.050049
0.015717,-0.0039673,0.040283
0.015717,-0.0061035,0.03418
0.015869,-0.0071716,0.041504
0.016327,-0.0056458,0.043945
0.015717,-0.0030518,0.047607
0.014954,-0.0010681,0.043945
0.018005,-0.0013733,0.05127
0.020599,-0.0027466,0.056152
0.023041,-0.0041199,0.056152
0.024719,-0.004425,0.058594
0.024719,-0.0045776,0.058594
0.023651,-0.0015259,0.064697
0.023193,0.0013733,0.062256
0.022278,0.0032043,0.064697
0.023346,0.004425,0.075684
0.021973,0.0047302,0.062256
0.021515,0.0050354,0.058594
0.020447,0.0054932,0.062256
0.019379,0.0080872,0.058594
0.018921,0.0094604,0.061035
0.0177,0.009613,0.065918
0.0177,0.0071716,0.064697
0.016022,0.0042725,0.064697
0.014954,0.00045776,0.059814
0.013123,-0.002594,0.063477
0.010834,-0.005188,0.057373
0.0083923,-0.0083923,0.058594
0.0062561,-0.0088501,0.05249
0.0042725,-0.0080872,0.057373
0.002594,-0.0093079,0.05127
0.0012207,-0.0097656,0.05249
0.0018311,-0.0082397,0.047607
0.0024414,-0.0076294,0.05249
0.0050354,-0.0041199,0.056152
0.0065613,-0.00030518,0.046387
0.0082397,0.0030518,0.058594
0.010681,0.0041199,0.042725
0.011902,0.0033569,0.041504
0.016479,0.0028992,0.039063
0.017395,0.0021362,0.041504
0.020294,0.0021362,0.037842
0.020142,0.0019836,0.040283
0.01709,-0.00061035,0.037842
0.019073,-0.00076294,0.040283
0.018311,-0.0027466,0.037842
0.018158,-0.004425,0.041504
0.018463,-0.0085449,0.036621
0.019073,-0.0054932,0.041504
0.018158,-0.0041199,0.039063
0.018616,0.0015259,0.043945
0.019989,-0.002594,0.047607
0.022583,-0.0022888,0.047607
0.023956,-0.0033569,0.05127
0.024719,-0.0035095,0.048828
0.025482,-0.0033569,0.05127
0.024567,-0.0021362,0.056152
0.023804,-0.0012207,0.047607
0.023346,-0.00091553,0.056152
0.022888,-0.0015259,0.062256
0.022125,-0.0015259,0.057373
0.02121,-0.0019836,0.061035
0.021667,-0.0028992,0.058594
0.021973,-0.00091553,0.062256
0.022583,0.0028992,0.059814
0.024109,0.0042725,0.063477
0.02533,0.0042725,0.059814
0.027008,0.0039673,0.067139
0.027161,0.0032043,0.70435
0.028229,0.0016785,4.6973
0.029297,0.0039673,4.9292
0.03006,0.0047302,4.9341
0.029907,0.0053406,4.9353
0.031738,0.0047302,4.9329
0.029144,0.0035095,4.9109
0.027466,0.00091553,4.9292
0.026245,-0.00091553,4.9219
0.026703,-0.0028992,4.9219
0.027161,-0.0033569,4.9231
0.028229,-0.0047302,4.9207
0.028381,-0.0062561,4.9158
0.028381,-0.0082397,4.9146
0.028992,-0.010529,4.9219
0.029449,-0.011902,4.9084
0.028839,-0.012054,4.917
0.031433,-0.011139,4.9109
0.031433,-0.0086975,4.9158
0.030365,-0.0080872,4.9133
0.029297,-0.0035095,4.9109
0.026703,-0.0024414,4.9109
0.024719,-0.0030518,4.9121
0.023193,-0.0027466,4.9146
0.02594,-0.002594,4.9097
0.02243,-0.0018311,4.9194
0.022888,-0.00030518,4.9097
0.023651,-0.00076294,4.9109
0.024872,0.00015259,4.906
0.026398,0.00015259,4.9133
0.028076,-0.00061035,4.9121
0.03006,0.00015259,4.9146
0.032501,0.00030518,4.9133
0.033875,0.0010681,4.9219
0.031891,0.0021362,4.917
0.0354,0.0021362,4.9255
0.035706,0.0019836,4.9243
0.036163,0.0018311,4.9304
0.036926,0.00091553,4.9353
0.039673,0.0021362,4.9341
0.039063,0.002594,4.9402
0.039215,0.0013733,4.9341
0.038757,0.0010681,4.9219
0.037537,-0.00045776,4.9329
0.034943,-0.0021362,4.9316
0.032654,-0.0038147,4.9268
0.030823,-0.0086975,4.9292
0.028687,-0.0057983,4.9304
0.026703,-0.0067139,4.9341
0.023956,-0.0068665,4.9341
0.02243,-0.0074768,4.9402
0.021667,-0.0065613,4.9304
0.020599,-0.0065613,4.9353
0.023956,-0.0054932,4.9329
0.02182,-0.0041199,4.9329
0.023193,-0.0035095,4.9255
0.022888,-0.0019836,4.9292
0.023499,-0.00045776,4.9292
0.023956,0.00091553,4.9219
0.025177,0.0030518,4.928
0.026398,0.0042725,4.9084
0.028229,0.0053406,4.9243
0.030212,0.007019,4.917
0.031891,0.0074768,4.917
0.032501,0.005188,4.9146
0.032806,0.0073242,4.9146
0.033417,0.0061035,4.9109
0.032806,0.0047302,4.9109
0.033264,0.0035095,4.9072
0.032654,0.0012207,4.9109
0.032196,-0.00076294,4.9097
0.029602,-0.002594,4.9194
0.027771,-0.0047302,4.9084
0.027313,-0.0056458,4.9109
0.026398,-0.0059509,4.9255
0.026245,-0.0062561,4.9121
0.027008,-0.0056458,4.9133
0.027313,-0.005188,4.9133
0.027008,-0.0038147,4.8987
0.025482,-0.0022888,4.9133
0.023804,0.00061035,4.9158
0.023041,0.0032043,4.9182
0.023041,0.0056458,4.9231
0.022888,0.0067139,4.9207
0.022888,0.0065613,4.9255
0.022736,0.0059509,4.9255
0.021667,0.0047302,4.9304
0.021057,0.0035095,4.928
0.021362,0.0027466,4.9341
0.02182,0.0016785,4.9329
0.021973,0.00015259,4.9341
0.023651,-0.0018311,4.9365
0.022125,-0.0045776,4.9292
0.019226,-0.0064087,4.9329
0.018616,-0.0082397,4.9353
0.018463,-0.0086975,4.9451
0.018463,-0.0085449,4.9341
0.019989,-0.0076294,4.917
0.020142,-0.0091553,4.9207
0.018616,-0.0083923,4.9329
0.020905,-0.0059509,4.9304
0.02182,-0.0053406,4.9341
0.023193,-0.0042725,4.9292
0.024719,-0.0022888,4.9304
0.027313,-0.00061035,4.9231
0.028839,0.00061035,4.928
0.029297,0.0021362,4.9219
0.028381,0.002594,4.9231
0.02655,0.0027466,0.048828
0.025482,0.0035095,0.047607
0.025635,0.0039673,0.054932
0.02533,0.0067139,0.048828
0.025024,0.007782,0.054932
0.024719,0.0074768,0.042725
0.025635,0.0065613,0.029297
0.022736,0.0054932,0.040283
0.020294,0.004425,0.041504
0.019989,0.0038147,0.039063
0.018768,0.0035095,0.039063
0.016327,0.002594,0.039063
0.016327,0.0013733,0.039063
0.014801,0.00061035,0.039063
0.012207,0,0.041504
0.010376,-0.00076294,0.036621
0.010071,0,0.041504
0.010529,0.0018311,0.045166
0.011444,0.0032043,0.046387
0.013123,0.0032043,0.047607
0.014343,0.0045776,0.050049
0.014038,0.0047302,0.05127
0.013123,0.0053406,0.048828
0.012054,0.0061035,0.054932
0.012207,0.0074768,0.059814
0.012817,0.007782,0.058594
0.012207,0.0074768,0.05127
0.011749,0.0061035,0.061035
0.010223,0.0053406,0.061035
0.0090027,0.0047302,0.061035
0.0086975,0.0048828,0.059814
0.0074768,0.0054932,0.065918
0.0094604,0.0050354,0.057373
0.010376,0.0030518,0.058594
0.010223,0.0024414,0.063477
0.011139,0.0016785,0.068359
0.010376,0.0012207,0.063477
0.0094604,0.0016785,0.067139
0.011139,0.0016785,0.079346
0.012054,0.0030518,0.067139
0.012817,0.0041199,0.072021
0.013428,0.0041199,0.063477
0.014343,0.0047302,0.042725
0.014191,0.0053406,0.05127
0.01358,0.005188,0.054932
0.0099182,0.0064087,0.05249
0.012054,0.007782,0.05127
0.012817,0.0082397,0.046387
0.012207,0.0085449,0.048828
0.011749,0.0085449,0.045166
0.012207,0.0076294,0.047607
0.011444,0.0062561,0.043945
0.011292,0.0050354,0.047607
0.011597,0.0045776,0.043945
0.012054,0.0042725,0.042725
0.012665,0.0041199,0.041504
0.010681,0.0042725,0.042725
0.012054,0.0028992,0.040283
0.011902,0.0018311,0.040283
0.012054,0.0016785,0.036621
0.013123,0.0018311,0.037842
0.013123,0.0018311,0.039063
0.014496,0.0018311,0.040283
0.013428,0.0024414,0.045166
0.015106,0.0027466,0.03418
0.014496,0.0028992,0.043945
0.016174,0.0027466,0.041504
0.016327,0.0035095,0.047607
0.016022,0.0035095,0.043945
0.016632,0.0035095,0.050049
0.016479,0.0041199,0.048828
0.015869,0.0036621,0.057373
0.015106,0.002594,0.059814
0.013733,0.0012207,0.059814
0.012817,0.00015259,0.06958
0.012054,0.0021362,0.061035
0.011902,0.0010681,0.068359
0.011597,0.0028992,0.062256
0.0094604,0.0041199,0.053711
0.011292,0.0047302,0.059814
0.011749,0.0047302,0.059814
0.01297,0.0038147,0.059814
0.014954,0.0028992,0.063477
0.015564,0.002594,0.061035
0.015869,0.0019836,0.064697
0.016174,0.0021362,0.062256
0.016479,0.0015259,0.063477
0.015411,-0.00061035,0.061035
0.014038,-0.0019836,0.065918
0.012665,-0.0021362,0.064697
0.015869,-0.0015259,0.061035
0.01297,-0.0013733,0.056152
0.014496,-0.0010681,0.057373
0.01358,-0.0010681,0.062256
0.014954,-0.0024414,0.05127
0.017242,-0.0018311,0.059814
0.019531,0.00015259,0.047607
0.022278,-0.0019836,0.037842
0.021515,0.0032043,0.046387
0.021515,0.0041199,0.043945
0.019836,0.0018311,0.043945
0.019684,0.0032043,0.041504
0.020294,0.0032043,0.039063
0.019379,0.0035095,0.042725
0.020447,0.0016785,0.036621
0.020905,0.0054932,0.041504
0.021362,0.0041199,0.040283
0.023651,0.0024414,0.041504
0.023956,0.0010681,0.039063
0.026703,0.00076294,0.041504
0.027313,0.0012207,0.05249
0.027618,0.0022888,0.040283
0.028076,0.0024414,0.041504
0.026398,-0.00061035,0.041504
0.025177,-0.0021362,0.026855
0.023041,-0.0048828,0.042725
0.021667,-0.0045776,0.043945
0.020599,-0.0039673,0.048828
0.020142,-0.0028992,2.5159
0.020294,-0.0018311,4.7705
0.019379,-0.00015259,4.9109
0.019684,0.00030518,4.9231
0.020294,0.0022888,4.928
0.020599,0.0038147,4.928
0.022888,0.0059509,4.9329
0.023193,0.0076294,4.9304
0.024109,0.007782,4.9341
0.025635,0.0071716,4.9304
0.02533,0.0042725,4.9304
0.023956,0.0021362,4.9341
0.024261,0.0013733,4.9353
0.022583,-0.00091553,4.9426
0.022125,-0.0013733,4.9341
0.02121,-0.00091553,4.906
0.020447,-0.002594,4.9365
0.02121,-0.0010681,4.9353
0.022736,-0.0021362,4.9341
0.023651,-0.0015259,4.9316
0.024567,-0.0013733,4.9304
0.026245,-0.00091553,4.9109
0.027771,-0.0019836,4.9268
0.029449,-0.0019836,4.9243
0.028687,-0.0030518,4.9182
0.027161,-0.0050354,4.9207
0.024567,-0.0059509,4.9219
0.01709,-0.0057983,4.9255
0.019836,-0.0050354,4.9207
0.016632,-0.0038147,4.9158
0.014496,-0.0027466,4.9146
0.011902,-0.0022888,4.9146
0.010834,-0.0030518,4.906
0.012054,-0.0032043,4.9121
0.014648,-0.0015259,4.9072
0.018311,-0.00061035,4.9072
0.021667,0.00030518,4.9084
0.024109,0.00061035,4.9109
0.027008,0.00030518,4.9097
0.027618,-0.00015259,4.906
0.028992,0.00030518,4.906
0.028381,-0.0010681,4.9084
0.026855,-0.0012207,4.9109
0.026093,-0.0019836,4.9133
0.024719,-0.0038147,4.9158
0.022888,-0.005188,4.9097
0.021362,-0.0056458,4.917
0.021057,-0.0056458,4.9268
0.022125,-0.0048828,4.9231
0.024414,-0.005188,4.9292
0.02655,-0.005188,4.9304
0.028381,-0.0057983,4.9133
0.029449,-0.0059509,4.9255
0.029449,-0.0061035,4.9268
0.027771,-0.0061035,4.9304
0.026703,-0.005188,4.9304
0.025787,-0.0045776,4.928
0.023956,-0.0035095,4.9329
0.022583,-0.0019836,4.9329
0.019989,-0.00061035,4.9341
0.018921,-0.00015259,4.9268
0.016937,-0.00061035,4.9353
0.015564,-0.0019836,4.9353
0.014801,-0.002594,4.9377
0.014954,-0.0041199,4.95
0.018005,-0.0042725,4.939
0.020447,-0.0047302,4.9329
0.023346,-0.0047302,4.9341
0.022736,-0.0065613,4.9304
0.023499,-0.0073242,4.9158
0.022583,-0.0082397,4.9231
0.021667,-0.0097656,4.9231
0.021362,-0.0068665,4.9243
0.020447,-0.004425,4.9182
0.019836,-0.002594,4.9194
0.019989,-0.0019836,4.9207
0.019379,-0.0038147,4.9158
0.019226,-0.0039673,4.9109
0.020294,-0.0035095,4.9133
0.021667,-0.0013733,4.9109
0.024261,-0.00015259,4.9182
0.027008,0.00030518,4.9109
0.029144,0.00015259,4.9158
0.031281,-0.00030518,4.9194
0.029449,-0.00061035,4.9121
0.027313,-0.00061035,4.9255
0.024872,-0.0013733,4.9084
0.023041,-0.0024414,4.8999
0.02182,-0.0039673,4.9109
0.020142,-0.0056458,4.9084
0.018768,-0.0048828,4.8975
0.018158,-0.0057983,4.9109
0.018768,-0.0056458,4.9121
0.020599,-0.0053406,4.9133
0.024109,-0.0038147,4.9133
0.027618,-0.0021362,4.9219
0.030365,-0.00045776,4.917
0.032196,0.0019836,4.9268
0.033722,0.0041199,4.9243
0.033569,0.0054932,4.928
0.032196,0.0067139,4.9377
0.031281,0.0073242,4.9329
0.031281,0.0067139,4.9341
0.030212,0.0065613,4.9341
0.030365,0.0067139,4.9341
0.030365,0.0062561,4.9316
0.028687,0.0056458,4.9219
0.026855,0.0048828,4.9329
0.028076,0.0035095,0.064697
0.028381,0.0061035,0.062256
0.028229,0.0074768,0.065918
0.028229,0.0080872,0.064697
0.028534,0.0079346,0.068359
0.028076,0.0059509,0.063477
0.027313,0.0047302,0.067139
0.02655,0.0030518,0.062256
0.025177,0.0027466,0.063477
0.025635,0.0036621,0.058594
0.024872,0.0039673,0.056152
0.024719,0.0038147,0.075684
0.020905,0.0041199,0.053711
0.026245,0.0047302,0.061035
0.025787,0.0054932,0.048828
0.02655,0.0068665,0.039063
0.02655,0.0079346,0.045166
0.027618,0.0091553,0.041504
0.027313,0.010071,0.046387
0.028229,0.009613,0.043945
0.029144,0.0097656,0.03418
0.028687,0.0093079,0.039063
0.028992,0.0088501,0.041504
0.028687,0.0093079,0.040283
0.027008,0.011139,0.040283
0.026093,0.011444,0.042725
0.024261,0.011139,0.041504
0.021362,0.010376,0.042725
0.021362,0.0082397,0.050049
0.020447,0.0074768,0.041504
0.019989,0.0067139,0.041504
0.02121,0.0050354,0.042725
0.02182,0.004425,0.030518
0.022583,0.0041199,0.040283
0.021667,-0.0016785,0.05127
0.023499,0.0035095,0.050049
0.022888,0.0041199,0.050049
0.023041,0.004425,0.047607
0.021973,0.0054932,0.058594
0.019989,0.0064087,0.057373
0.018768,0.0068665,0.062256
0.016937,0.0048828,0.057373
0.016632,0.0036621,0.062256
0.018463,0.002594,0.061035
0.019379,0.0010681,0.064697
0.019989,-0.00015259,0.061035
0.020294,-0.0016785,0.063477
0.021973,-0.0027466,0.065918
0.023193,-0.002594,0.065918
0.023041,-0.0038147,0.075684
0.023804,-0.002594,0.063477
0.023041,-0.0028992,0.05249
0.021057,-0.0035095,0.067139
0.022278,-0.0022888,0.064697
0.022278,-0.00045776,0.061035
0.023041,0.0013733,0.064697
0.023346,0.0032043,0.059814
0.023804,0.0036621,0.056152
0.024872,0.0038147,0.053711
0.026855,0.0039673,0.056152
0.029907,0.0032043,0.048828
0.029755,0.0033569,0.05127
0.029755,0.0027466,0.050049
0.028992,0.002594,0.05249
0.027008,0.0021362,0.05127
0.025482,0.0016785,0.047607
0.023804,0.0021362,0.045166
0.022736,0.0041199,0.041504
0.020447,0.0042725,0.037842
0.019531,0.005188,0.040283
0.018921,0.0056458,0.039063
0.016327,0.005188,0.037842
0.017548,0.0027466,0.039063
0.017548,0.00030518,0.041504
0.0177,-0.0015259,0.039063
0.018921,-0.0028992,0.037842
0.018921,-0.0038147,0.039063
0.018616,-0.0012207,0.036621
0.016479,-0.0027466,0.041504
0.013733,-0.0022888,0.041504
0.013123,-0.004425,0.043945
0.01236,-0.0048828,0.041504
0.01236,-0.004425,0.047607
0.012817,-0.0013733,0.057373
0.014954,0.0012207,0.053711
0.016937,0.0016785,0.059814
0.016174,0.00061035,0.058594
0.01709,-0.00061035,0.041504
0.017548,-0.0019836,0.057373
0.019073,-0.0027466,0.061035
0.018005,-0.0024414,0.062256
0.018311,-0.0012207,0.062256
0.0177,-0.0013733,0.057373
0.016022,-0.0019836,0.063477
0.014191,-0.0027466,0.059814
0.014496,-0.0047302,0.064697
0.014648,-0.0062561,0.059814
0.013275,-0.0067139,0.064697
0.016785,-0.0067139,0.064697
0.018616,-0.0061035,0.065918
0.018921,-0.0047302,0.078125
0.018616,-0.004425,0.067139
0.018005,-0.0035095,0.064697
0.018616,-0.0035095,0.062256
0.018158,-0.0032043,0.06958
0.018768,-0.0024414,0.053711
0.019226,-0.0013733,0.054932
0.018768,0.00076294,0.05249
0.018311,0.0018311,0.050049
0.018311,0.002594,0.050049
0.018005,0.0022888,0.047607
0.019379,0.0015259,0.046387
0.020142,0.0019836,0.045166
0.020905,0.0032043,0.042725
0.020752,0.0047302,0.045166
0.019989,0.005188,0.039063
0.016785,0.0048828,0.042725
0.015869,0.0032043,2.1619
0.014801,-0.00030518,4.7461
0.014496,-0.00030518,4.9036
0.014648,-0.0010681,4.9072
0.015106,-0.0010681,4.9133
0.015564,-0.0018311,4.9072
0.014648,-0.0013733,4.8987
0.013885,-0.0010681,4.9109
0.013275,-0.0015259,4.9084
0.01358,-0.0012207,4.9048
0.01358,-0.00091553,4.9084
0.014648,0.00015259,4.9133
0.013885,0.0010681,4.9133
0.01297,0.0018311,4.9146
0.013428,0.0013733,4.928
0.01236,0.00076294,4.9207
0.013123,-0.00076294,4.9219
0.015411,-0.0010681,4.9255
0.014191,-0.0013733,4.9329
0.014648,-0.00061035,4.928
0.014954,-0.00015259,4.9353
0.016174,0.0010681,4.9329
0.015717,0.0018311,4.9329
0.015411,0.0018311,4.9402
0.016174,0.0018311,4.9329
0.016479,0.0024414,4.9194
0.014648,0.0030518,4.9292
0.017395,0.0041199,4.9316
0.017548,0.0050354,4.9316
0.018768,0.005188,4.9341
0.019684,0.0047302,4.9329
0.021515,0.0028992,4.9377
0.022278,0.0012207,4.9353
0.023193,0.0016785,4.9353
0.023651,0.0022888,4.9304
0.022278,0.0033569,4.9329
0.020905,0.0041199,4.928
0.019989,0.0030518,4.9304
0.018158,0.00015259,4.9365
0.017548,-0.0016785,4.9231
0.016937,-0.0030518,4.917
0.016479,-0.0027466,4.9243
0.014954,-0.0012207,4.8975
0.013733,-0.0018311,4.9158
0.013275,-0.0028992,4.9133
0.01358,-0.0054932,4.9146
0.014191,-0.0076294,4.9109
0.015259,-0.0088501,4.9109
0.016174,-0.0073242,4.9109
0.016022,-0.0050354,4.9084
0.016022,-0.00061035,4.9097
0.017242,-0.0028992,4.906
0.018005,-0.0032043,4.9011
0.018005,-0.005188,4.9109
0.02121,-0.0045776,4.9109
0.022583,-0.0041199,4.9084
0.023193,-0.0028992,4.9097
0.022888,-0.0019836,4.9011
0.023956,-0.00091553,4.9109
0.024567,-0.00030518,4.9194
0.024719,-0.0012207,4.9146
0.025635,-0.0032043,4.9133
0.02594,-0.0013733,4.9194
0.02533,-0.00045776,4.9194
0.024414,0.00076294,4.9194
0.024261,0.0021362,4.9231
0.024261,0.0024414,4.9255
0.023193,0.002594,4.9304
0.023193,0.0041199,4.9255
0.02243,0.0047302,4.9365
0.02182,0.0056458,4.9292
0.020905,0.0059509,4.9341
0.018158,0.0054932,4.9304
0.017395,0.0041199,4.9304
0.0177,0.002594,4.939
0.016479,0.00091553,4.9365
0.015869,-0.0010681,4.9377
0.015411,-0.0024414,4.9353
0.014954,-0.0036621,4.9219
0.014191,-0.0018311,4.9353
0.015717,-0.0019836,4.9329
0.015106,-0.00045776,4.9304
0.015106,0.00045776,4.9353
0.015564,0.0015259,4.9304
0.015106,0.0012207,4.9243
0.015106,0.00045776,4.9219
0.016022,0.0012207,4.9255
0.016785,-0.0056458,4.9182
0.018158,-0.00015259,4.917
0.019379,-0.00061035,4.9231
0.019379,-0.0010681,4.9255
0.019836,-0.0010681,4.9133
0.019989,-0.00030518,4.917
0.021515,0.00076294,4.9207
0.022278,0.002594,4.917
0.023499,0.0030518,4.9023
0.021362,0.0024414,4.9133
0.02182,0.00076294,4.9023
0.020752,0.0013733,4.9097
0.02182,-0.0022888,4.9072
0.020752,-0.0018311,4.9097
0.022583,-0.00045776,4.9097
0.023041,0.0016785,4.9084
0.022736,0.0021362,4.9109
0.023193,0.0022888,4.9072
0.022888,0.0010681,4.9084
0.023804,-0.00030518,4.9097
0.023651,0.00091553,4.917
0.023499,0.0019836,4.9133
0.023651,0.0022888,0.046387
0.023041,0.0018311,0.065918
0.022125,0.00045776,0.053711
0.021515,-0.0015259,0.059814
0.02121,-0.0027466,0.056152
0.02182,-0.0039673,0.045166
0.023346,-0.0024414,0.058594
0.025024,0,0.054932
0.028381,0.0010681,0.061035
0.026703,0.0038147,0.062256
0.02655,0.0027466,0.059814
0.026703,0.0016785,0.064697
0.027313,0.0015259,0.061035
0.028076,0.0033569,0.064697
0.029144,0.0059509,0.059814
0.027161,0.005188,0.067139
0.028992,0.007782,0.068359
0.028229,0.005188,0.067139
0.027161,0.0012207,0.070801
0.023499,-0.0016785,0.063477
0.026703,-0.0022888,0.065918
0.026398,-0.0012207,0.061035
0.027313,-0.00015259,0.072021
0.026855,-0.00030518,0.057373
0.026703,-0.0013733,0.058594
0.025177,-0.0033569,0.05249
0.024567,-0.0045776,0.05127
0.023193,-0.0041199,0.048828
0.023041,-0.0021362,0.043945
0.022583,0,0.043945
0.021973,0.0018311,0.047607
0.021973,0.0021362,0.042725
0.02243,0.0010681,0.047607
0.022888,0,0.041504
0.023651,0.00015259,0.042725
0.025635,0,0.040283
0.026855,0.0013733,0.042725
0.028381,0.0021362,0.05127
0.028687,0.0047302,0.041504
0.03006,0.0065613,0.050049
0.029907,0.007019,0.036621
0.03067,0.0076294,0.030518
0.030823,0.0071716,0.039063
0.032501,0.0071716,0.037842
0.032501,0.0071716,0.036621
0.032959,0.0073242,0.043945
0.031891,0.0065613,0.041504
0.030518,0.0041199,0.046387
0.028381,0.0015259,0.032959
0.024414,-0.0012207,0.054932
0.024109,-0.0019836,0.048828
0.023041,-0.0016785,0.056152
0.021667,0.0021362,0.058594
0.020599,-0.00091553,0.058594
0.020905,-0.0018311,0.059814
0.019989,-0.0039673,0.064697
0.021667,-0.0067139,0.062256
0.023956,-0.0056458,0.061035
0.026093,-0.0033569,0.070801
0.028687,-0.0012207,0.064697
0.03006,0.0018311,0.047607
0.029144,0.0030518,0.059814
0.028687,0.0033569,0.063477
0.027924,0.0027466,0.061035
0.027008,0.0038147,0.064697
0.02594,0.0056458,0.062256
0.02594,0.0079346,0.067139
0.024567,0.010681,0.062256
0.026093,0.010986,0.063477
0.02655,0.0097656,0.062256
0.028076,0.0083923,0.062256
0.030975,0.0071716,0.054932
0.031586,0.0074768,0.054932
0.032349,0.0090027,0.065918
0.032501,0.010376,0.05127
0.030975,0.010223,0.050049
0.028839,0.0083923,0.046387
0.026245,0.0061035,0.030518
0.024719,0.0039673,0.042725
0.023651,0.0032043,0.043945
0.022888,0.0041199,0.042725
0.022583,0.0053406,0.043945
0.021515,0.0062561,0.036621
0.022278,0.0071716,0.041504
0.022736,0.0068665,0.039063
0.023651,0.0059509,0.039063
0.024109,0.0057983,0.036621
0.024872,0.0062561,0.043945
0.024872,0.0065613,0.039063
0.023499,0.0067139,0.041504
0.020599,0.0071716,0.041504
0.018463,0.0064087,0.040283
0.016174,0.0053406,0.042725
0.015411,0.004425,0.042725
0.015869,0.005188,0.05127
0.016632,0.0065613,0.042725
0.016937,0.0074768,0.039063
0.017853,0.007782,0.047607
0.019226,0.007019,0.054932
0.019989,0.0048828,0.05249
0.020599,0.0027466,0.053711
0.021362,-0.00015259,0.057373
0.02182,-0.0019836,0.057373
0.022278,-0.0016785,0.057373
0.02243,-0.00076294,0.063477
0.021973,0.00015259,0.058594
0.022278,0.0012207,0.063477
0.021973,0.0019836,0.062256
0.022278,0.0016785,0.062256
0.024109,0.002594,0.070801
0.026093,0.0041199,0.062256
0.026398,0.0056458,0.064697
0.025482,0.0074768,0.064697
0.024414,0.007019,0.063477
0.023041,0.0056458,0.065918
0.022583,0.0047302,0.063477
0.022736,0.0047302,0.059814
0.023651,0.0048828,0.061035
0.024261,0.0071716,4.2908
0.023804,0.0074768,4.8853
0.023041,0.0073242,4.9182
0.02243,0.0064087,4.9243
0.022736,0.0038147,4.9231
0.022278,0.0013733,4.917
0.024719,0.0018311,4.9231
0.024261,0.0027466,4.9207
0.023499,0.0035095,4.9121
0.021515,0.0048828,4.9158
0.020752,0.0041199,4.928
0.020599,0.002594,4.9036
0.021973,0.00045776,4.9207
0.023346,-0.00030518,4.9121
0.024872,-0.00091553,4.9048
0.024872,0,4.9097
0.023499,0.00091553,4.9121
0.020447,0.00091553,4.9023
0.018311,-0.00030518,4.9072
0.016327,-0.00045776,4.906
0.015717,-0.0021362,4.9084
0.014954,-0.0016785,4.9084
0.014801,-0.00030518,4.9097
0.012512,0.00091553,4.9109
0.01236,0.0018311,4.9194
0.011902,0.00091553,4.9158
0.011902,-0.00076294,4.9194
0.016785,-0.0018311,4.9292
0.015259,-0.004425,4.9207
0.016937,-0.0053406,4.9231
0.0177,-0.00091553,4.928
0.017395,-0.002594,4.928
0.016937,-0.0012207,4.928
0.017395,-0.00076294,4.9341
0.018158,-0.0032043,4.9292
0.019226,-0.0021362,4.928
0.020599,-0.0028992,4.9292
0.019989,-0.002594,4.9316
0.019531,-0.0018311,4.9304
0.019073,-0.0021362,4.9219
0.018463,-0.0022888,4.9255
0.018158,-0.0033569,4.9329
0.019684,-0.0036621,4.9316
0.020447,-0.0047302,4.9353
0.020752,-0.0042725,4.9329
0.019531,-0.0039673,4.939
0.018921,-0.0010681,4.9426
0.016479,-0.00076294,4.9329
0.015106,-0.00045776,4.9377
0.014648,-0.0021362,4.9255
0.015411,-0.0033569,4.9133
0.016022,-0.0057983,4.9158
0.015564,-0.0073242,4.9207
0.014496,-0.0065613,4.9194
0.014801,-0.005188,4.9194
0.015259,-0.0045776,4.9133
0.016022,-0.0042725,4.9109
0.015411,-0.005188,4.9133
0.021057,-0.0047302,4.9182
0.021667,-0.0047302,4.9097
0.020905,-0.0059509,4.9158
0.019684,-0.002594,4.9121
0.018158,-0.0018311,4.9158
0.017395,-0.0018311,4.8987
0.015259,-0.0038147,4.9182
0.020905,-0.0038147,4.9084
0.023041,-0.0039673,4.9084
0.023346,-0.0041199,4.9048
0.021973,-0.0018311,4.9109
0.020447,-0.00091553,4.917
0.018768,0.0012207,4.9084
0.018768,0.0030518,4.9146
0.018463,-0.00045776,4.9146
0.020447,-0.0010681,4.9182
0.019836,-0.0016785,4.9146
0.018616,-0.0024414,4.9219
0.01709,-0.00015259,4.9219
0.015564,0.00045776,4.9207
0.014496,-0.00015259,4.9292
0.018158,-0.0022888,4.9304
0.018768,-0.0015259,4.9268
0.018158,-0.0028992,4.9329
0.014191,-0.002594,4.9414
0.013885,-0.002594,4.9207
0.009613,-0.0033569,4.9438
0.0090027,-0.0022888,4.9329
0.0099182,-0.0032043,4.9109
0.011902,-0.0050354,4.928
0.014343,-0.0054932,4.9292
0.015411,-0.00091553,4.9341
0.01297,-0.0048828,4.9341
0.014954,-0.0041199,4.9341
0.015259,-0.0018311,4.9353
0.017242,-0.00091553,4.9316
0.019836,-0.00076294,4.9329
0.021973,0.00015259,4.9268
0.02243,0.00015259,4.9304
0.020447,0.00091553,4.9084
0.019073,0.00061035,4.9255
0.016632,0.00045776,4.9341
0.016479,-0.00015259,4.9243
0.017242,-0.0012207,4.9182
0.021362,-0.0033569,4.9194
0.023804,-0.0042725,4.9146
0.023041,-0.0039673,4.9133
0.023346,-0.0039673,4.9146
0.020905,-0.0024414,4.9158
0.021515,-0.00091553,4.9121
0.023041,-0.0035095,4.9097
0.02655,0.0019836,0.040283
0.028839,0.002594,0.040283
0.029297,0.0022888,0.040283
0.027161,0.0028992,0.036621
0.024414,0.0045776,0.046387
0.023193,0.0047302,0.039063
0.022736,0.0056458,0.041504
0.023346,0.0047302,0.039063
0.023499,0.0028992,0.042725
0.022125,0.0012207,0.046387
0.018158,0,0.043945
0.014496,-0.0021362,0.053711
0.010834,-0.0033569,0.043945
0.0093079,-0.0042725,0.039063
0.010529,-0.0053406,0.047607
0.011597,-0.0067139,0.050049
0.012665,-0.0079346,0.048828
0.014038,-0.0057983,0.057373
0.01358,-0.0074768,0.057373
0.01297,-0.0056458,0.057373
0.013885,-0.0028992,0.061035
0.016327,0.00076294,0.064697
0.018921,0.0071716,0.057373
0.022583,0.0045776,0.063477
0.023499,0.0056458,0.063477
0.023041,0.0056458,0.059814
0.021667,0.0056458,0.070801
0.021515,0.0067139,0.064697
0.021667,0.0074768,0.063477
0.023651,0.0067139,0.063477
0.025177,0.004425,0.070801
0.026093,0.0012207,0.068359
0.024414,-0.0019836,0.062256
0.02243,-0.0039673,0.062256
0.019531,-0.0035095,0.062256
0.017853,-0.0013733,0.057373
0.016785,0.002594,0.054932
0.017548,0.0030518,0.050049
0.0177,0.0010681,0.053711
0.016022,-0.00030518,0.047607
0.013733,-0.00045776,0.048828
0.010834,0.00091553,0.05127
0.010071,0.0022888,0.050049
0.010681,0.0041199,0.042725
0.01297,0.0041199,0.046387
0.017242,0.0038147,0.057373
0.02121,0.0028992,0.042725
0.022278,0.0022888,0.053711
0.023804,0.0045776,0.040283
0.023804,0.0085449,0.032959
0.025635,0.011749,0.037842
0.028076,0.01358,0.041504
0.030518,0.01358,0.039063
0.032349,0.012665,0.037842
0.030823,0.010681,0.036621
0.027924,0.0086975,0.037842
0.024567,0.0083923,0.0354
0.02182,0.0085449,0.041504
0.02182,0.0091553,0.039063
0.02121,0.0074768,0.047607
0.020905,0.0033569,0.047607
0.019226,-0.00061035,0.05127
0.016632,-0.0036621,0.062256
0.01297,-0.0054932,0.054932
0.0097656,-0.0068665,0.05127
0.0090027,-0.0073242,0.057373
0.010681,-0.0086975,0.058594
0.012512,-0.010986,0.056152
0.015259,-0.011749,0.050049
0.016327,-0.010223,0.058594
0.016937,-0.0062561,0.062256
0.017548,-0.00015259,0.058594
0.018158,0.0056458,0.063477
0.02182,0.009613,0.062256
0.024414,0.010986,0.063477
0.027771,0.011292,0.058594
0.028839,0.009613,0.065918
0.029144,0.0094604,0.064697
0.028381,0.0093079,0.067139
0.028687,0.010376,0.068359
0.030212,0.010986,0.065918
0.036926,0.010071,0.073242
0.037231,0.0090027,0.062256
0.03891,0.0085449,0.062256
0.038147,0.0086975,0.054932
0.036621,0.0080872,0.041504
0.033722,0.013885,0.053711
0.032349,0.015411,0.047607
0.033112,0.014038,0.045166
0.033417,0.010834,0.041504
0.032806,0.0050354,0.043945
0.032501,0.0013733,0.045166
0.03006,-0.0015259,0.042725
0.027008,-0.0038147,0.043945
0.023346,-0.0042725,0.037842
0.020599,-0.0045776,0.040283
0.020447,-0.0045776,0.043945
0.019073,-0.0057983,0.042725
0.017548,-0.0065613,0.040283
0.014801,-0.0057983,0.041504
0.013123,-0.0056458,0.039063
0.01236,-0.0012207,0.041504
0.013885,0.0028992,0.040283
0.018005,0.0076294,0.039063
0.023346,0.0071716,0.032959
0.027771,0.007019,0.039063
0.030518,0.0059509,0.041504
0.032043,0.0073242,0.043945
0.032043,0.009613,0.045166
0.032654,0.011139,0.045166
0.036621,0.012054,0.05249
0.03952,0.0099182,0.05127
0.042114,0.005188,0.057373
0.043182,0.0021362,0.057373
0.042572,0.0010681,0.062256
0.041656,0.0010681,0.059814
0.040131,0.002594,0.063477
0.040131,0.0036621,3.2312
0.037384,0.0030518,4.8279
0.040283,0.00091553,4.9255
0.03952,-0.0010681,4.9304
0.037384,-0.0016785,4.9133
0.034485,-0.0018311,4.9268
0.032349,0.0024414,4.9304
0.03067,0.0050354,4.9353
0.031586,0.007019,4.9341
0.031891,0.0056458,4.9329
0.032501,0.0038147,4.9377
0.029602,0.0022888,4.9353
0.029755,0.0012207,4.9353
0.023346,0.0030518,4.9268
0.021057,0.0050354,4.9316
0.021973,0.007782,4.928
0.024261,0.0054932,4.9243
0.025635,0.0032043,4.9268
0.026398,0.00045776,4.9231
0.027008,-0.00076294,4.9231
0.028381,0.00030518,4.9194
0.028076,0.002594,4.9292
0.029449,0.0038147,4.9158
0.031128,0.0035095,4.9072
0.033875,0.0024414,4.9158
0.035248,-0.00076294,4.9133
0.033417,-0.0018311,4.9097
0.033112,-0.0048828,4.9109
0.030823,0.00030518,4.9084
0.029907,0.0021362,4.9109
0.030518,0.0022888,4.9011
0.031586,0,4.9133
0.031586,-0.0042725,4.9084
0.03067,-0.007782,4.9109
0.027161,-0.0091553,4.9097
0.023193,-0.0079346,4.9121
0.021057,-0.0048828,4.9182
0.020142,-0.0028992,4.906
0.018158,-0.0013733,4.9207
0.021057,-0.0021362,4.9146
0.022583,-0.0035095,4.9084
0.021057,-0.002594,4.917
0.019836,-0.00015259,4.9219
0.018158,0.002594,4.9194
0.018616,0.0047302,4.9268
0.018921,0.004425,4.9268
0.022736,0.0022888,4.9304
0.025482,-0.00076294,4.9268
0.026398,-0.0022888,4.9377
0.02594,-0.00091553,4.9304
0.025482,0.0021362,4.9316
0.02594,0.0062561,4.9329
0.028687,0.0093079,4.9377
0.031891,0.010681,4.9341
0.033417,0.0099182,4.9353
0.033722,0.0083923,4.9377
0.032806,0.0068665,4.9377
0.030518,0.0062561,4.9463
0.027161,0.0059509,4.9402
0.026398,0.0068665,4.9304
0.02594,0.0042725,4.9304
0.026093,0.00061035,4.9304
0.024872,-0.0042725,4.9292
0.022278,-0.0071716,4.928
0.017242,-0.0085449,4.9207
0.015259,-0.004425,4.9231
0.012512,-0.00030518,4.9219
0.011902,0.0027466,4.9207
0.012665,0.0016785,4.9146
0.013428,-0.00061035,4.9194
0.014191,-0.002594,4.917
0.014038,-0.0013733,4.917
0.014343,-0.0019836,4.9243
0.013885,-0.00030518,4.9158
0.014496,0.00076294,4.9133
0.018768,-0.00030518,4.9133
0.016785,-0.0022888,4.8914
0.016785,-0.0042725,4.9109
0.016479,-0.0041199,4.9084
0.014038,-0.0022888,4.9072
0.015717,0.0016785,4.9084
0.016022,0.0053406,4.906
0.017548,0.007019,4.9097
0.019836,0.0080872,4.9097
0.022736,0.0062561,4.9036
0.023956,0.0042725,4.9121
0.022888,0.0035095,4.9194
0.022278,0.0027466,4.917
0.020294,0.0027466,4.9194
0.019379,0.0024414,4.9231
0.017395,0.0013733,4.9231
0.018616,-0.0019836,4.9255
0.017853,-0.0039673,4.928
0.015717,-0.0050354,4.939
0.014038,-0.0045776,4.9292
0.012512,-0.0030518,4.9182
0.012054,-0.00091553,4.9304
0.011292,0.00061035,4.9341
0.012665,0.00030518,4.9292
0.01297,-0.00015259,4.9316
0.013428,-0.00076294,4.9329
0.012512,-0.00076294,4.9365
0.011597,0.00015259,4.9353
0.010071,0.0013733,4.9377
0.010834,0.0019836,4.9329
0.011902,0.0012207,4.939
0.012817,-0.00030518,4.9353
0.012817,-0.0013733,4.9377
0.013275,-0.0010681,4.9414
0.012054,-0.0010681,4.9353
0.011749,0.00091553,0.062256
0.012207,0.002594,0.054932
0.014648,0.0033569,0.043945
0.016174,0.004425,0.053711
0.017853,0.0042725,0.050049
0.018463,0.0032043,0.045166
0.018921,0.0027466,0.047607
0.017242,0.0033569,0.050049
0.017242,0.0032043,0.047607
0.0177,0.00030518,0.043945
0.018616,0.0019836,0.045166
0.019226,0.00045776,0.040283
0.019531,-0.0013733,0.039063
0.018311,-0.0021362,0.042725
0.016174,-0.0016785,0.042725
0.014343,0.00045776,0.037842
0.013428,0.0033569,0.036621
0.013885,0.0042725,0.043945
0.015259,0.0050354,0.040283
0.016022,0.0047302,0.042725
0.016327,0.0036621,0.041504
0.015106,0.0036621,0.037842
0.014343,0.0045776,0.037842
0.013123,0.0059509,0.048828
0.01236,0.0062561,0.043945
0.012054,0.0062561,0.048828
0.012054,0.0039673,0.046387
0.01297,0.0015259,0.056152
0.01297,0.00045776,0.05127
0.013428,0,0.056152
0.012512,0.0019836,0.056152
0.011902,0.0039673,0.062256
0.01236,0.0047302,0.058594
0.012512,0.004425,0.062256
0.014648,0.0019836,0.078125
0.014496,-0.00045776,0.057373
0.014954,-0.0016785,0.064697
0.013885,-0.0019836,0.062256
0.013428,-0.0016785,0.047607
0.013275,-0.00091553,0.061035
0.014343,-0.00076294,0.062256
0.015259,-0.0016785,0.064697
0.016479,-0.0027466,0.067139
0.017548,-0.0028992,0.062256
0.018311,-0.0010681,0.067139
0.018311,0.0012207,0.059814
0.018616,0.0018311,0.065918
0.019226,0.0036621,0.057373
0.020599,0.0019836,0.059814
0.021667,-0.00015259,0.053711
0.022583,-0.0018311,0.056152
0.023193,-0.0022888,0.053711
0.023956,-0.0016785,0.05127
0.02243,-0.00061035,0.05249
0.02243,0.00015259,0.047607
0.022583,-0.00045776,0.05249
0.023499,-0.0022888,0.042725
0.023499,-0.0033569,0.029297
0.02533,-0.0039673,0.039063
0.023193,-0.002594,0.040283
0.022278,-0.00076294,0.041504
0.021973,0.0018311,0.040283
0.02182,0.0015259,0.036621
0.021973,0.0010681,0.041504
0.02182,0.00091553,0.037842
0.021515,0.00045776,0.029297
0.021057,0.00091553,0.039063
0.021362,0.0032043,0.040283
0.021057,0.0050354,0.042725
0.020905,0.0059509,0.041504
0.02182,0.0061035,0.048828
0.022583,0.0045776,0.042725
0.022888,0.0033569,0.053711
0.023804,0.0024414,0.045166
0.023193,0.0021362,0.041504
0.023804,0.002594,0.048828
0.024719,0.0033569,0.050049
0.024261,0.0030518,0.05249
0.024414,0.0027466,0.057373
0.024109,0.00076294,0.058594
0.023041,0.0010681,0.061035
0.023193,-0.00030518,0.059814
0.022583,0.0010681,0.063477
0.021973,0.00091553,0.058594
0.02182,0.00076294,0.059814
0.022125,-0.00076294,0.064697
0.021973,-0.0024414,0.061035
0.023041,-0.0048828,0.059814
0.021667,-0.0030518,0.065918
0.023804,-0.00091553,0.072021
0.024261,0.0016785,0.067139
0.024567,0.0039673,0.075684
0.024414,0.0053406,0.064697
0.023651,0.0059509,0.053711
0.024261,0.0062561,0.059814
0.025635,0.0065613,0.061035
0.02655,0.007019,0.056152
0.026703,0.007782,0.058594
0.024567,0.0082397,0.050049
0.026398,0.0068665,0.05249
0.025787,0.0054932,0.050049
0.026398,0.0035095,0.05127
0.025482,0.0028992,0.045166
0.026855,0.0024414,0.050049
0.025177,0.0042725,0.045166
0.023499,0.0093079,0.046387
0.021667,0.0057983,0.050049
0.021515,0.0042725,0.041504
0.021362,0.0010681,0.037842
0.022278,-0.00076294,0.037842
0.019531,-0.0013733,0.025635
0.024719,-0.0013733,0.0354
0.026093,-0.00061035,0.031738
0.028229,-0.0018311,0.036621
0.028534,0.00015259,0.039063
0.029449,0.00076294,0.03418
0.030518,0.0013733,0.040283
0.031128,0.002594,4.0845
0.030365,0.0039673,4.8572
0.028687,0.0042725,4.9048
0.026855,0.004425,4.9158
0.02533,0.0027466,4.9133
0.025177,0.00045776,4.9194
0.025787,-0.0015259,4.9011
0.027618,-0.0022888,4.9207
0.027008,-0.0035095,4.9316
0.028839,-0.0030518,4.928
0.028229,-0.0024414,4.939
0.027161,-0.0019836,4.9304
0.027618,-0.0010681,4.9207
0.028687,-0.0010681,4.9316
0.028992,-0.00061035,4.9304
0.029755,0.0013733,4.9304
0.03067,0.0030518,4.9304
0.03067,0.0047302,4.9292
0.032806,0.005188,4.9341
0.032501,0.0048828,4.9341
0.033264,0.0033569,4.9377
0.033264,0.0018311,4.9316
0.032654,0.00015259,4.9377
0.031891,0,4.9316
0.030518,-0.0015259,4.9341
0.028839,-0.0030518,4.9329
0.026703,-0.0036621,4.9329
0.026398,-0.004425,4.9304
0.025787,-0.0041199,4.928
0.025177,-0.002594,4.9304
0.02533,0.00015259,4.9231
0.02533,0.00045776,4.9182
0.02594,0.0016785,4.9158
0.026703,0.00091553,4.9243
0.027313,0.0038147,4.9158
0.028229,0.0032043,4.9194
0.028381,0.0032043,4.9121
0.029602,0.0019836,4.9158
0.028992,0.00091553,4.9097
0.029449,-0.0015259,4.9133
0.030975,-0.0032043,4.9121
0.028534,-0.0045776,4.9146
0.026398,-0.004425,4.9109
0.024872,-0.0039673,4.9109
0.024261,-0.0050354,4.9146
0.024261,-0.0032043,4.9133
0.023041,-0.0033569,4.9146
0.022888,-0.0042725,4.9097
0.022888,-0.0024414,4.8938
0.024719,-0.0028992,4.9011
0.025482,-0.00061035,4.9133
0.027161,0.00061035,4.9146
0.028229,0.0013733,4.9182
0.028076,0.0012207,4.9158
0.028534,0,4.9207
0.027618,-0.00091553,4.9243
0.026093,-0.00091553,4.9268
0.024872,0.0010681,4.9231
0.024109,0.0019836,4.9316
0.024414,0.0022888,4.9255
0.023956,0.002594,4.9365
0.023956,0.0028992,4.9402
0.024567,0.002594,4.9329
0.026093,0.0027466,4.9329
0.027466,0.0028992,4.9316
0.028839,0.0027466,4.9329
0.028534,0.00091553,4.9353
0.029907,-0.00045776,4.939
0.028076,-0.0022888,4.9353
0.026855,-0.0039673,4.9329
0.024567,-0.0042725,4.9304
0.023041,-0.0028992,4.9365
0.021973,-0.00061035,4.9353
0.020905,0.00015259,4.9329
0.020599,0.0015259,4.928
0.020142,0.0016785,4.9304
0.020294,0.00076294,4.9194
0.020599,0.00030518,4.9255
0.02182,0.00030518,4.9219
0.021973,0.0012207,4.9243
0.022583,0.0015259,4.9304
0.02243,0.0010681,4.9194
0.021515,0.00015259,4.9243
0.020447,0,4.9182
0.019836,0.00030518,4.9023
0.018005,0.0016785,4.9158
0.018768,0.0035095,4.9109
0.019226,0.0042725,4.8962
0.019226,0.0035095,4.9084
0.02121,0.0021362,4.9084
0.020294,0.00015259,4.9084
0.020447,-0.0010681,4.906
0.020142,-0.0028992,4.9109
0.02121,-0.0030518,4.9084
0.02182,-0.0027466,4.9109
0.022583,-0.0022888,4.9109
0.023193,-0.0019836,4.9146
0.022888,-0.0015259,4.9072
0.021667,-0.0018311,4.9133
0.020905,-0.0016785,4.9146
0.020905,-0.0016785,4.9109
0.020599,-0.00091553,4.9207
0.020905,-0.00091553,4.9243
0.021362,-0.0013733,4.9207
0.02121,-0.0019836,4.9219
0.021515,-0.0022888,4.9255
0.020599,-0.0019836,4.9304
0.019989,-0.00076294,4.9292
0.020599,0.0010681,4.9341
0.021973,0.0022888,4.9365
0.022278,0.0024414,2.3181
0.023346,0.0027466,0.062256
0.022583,0.0027466,0.062256
0.022278,0.0013733,0.061035
0.021667,0.002594,0.061035
0.02243,0.0027466,0.064697
0.022278,0.0033569,0.075684
0.02243,0.0036621,0.064697
0.02243,0.0028992,0.070801
0.020294,0.0027466,0.061035
0.020142,0.0024414,0.046387
0.020294,0.0028992,0.063477
0.019073,0.0032043,0.064697
0.021057,0.0041199,0.059814
0.021362,0.004425,0.056152
0.02243,0.0036621,0.05127
0.023956,0.0028992,0.05249
0.023651,0.0018311,0.05127
0.023041,0.0015259,0.05127
0.022583,0.0010681,0.046387
0.021362,0.00091553,0.045166
0.019684,0.0013733,0.047607
0.018768,0.0010681,0.046387
0.016785,0.0042725,0.048828
0.014954,0.00091553,0.045166
0.014343,0.0019836,0.041504
0.014038,0.0027466,0.040283
0.015411,0.0030518,0.031738
0.015717,0.0035095,0.039063
0.016785,0.0028992,0.036621
0.018158,0.0027466,0.037842
0.019531,0.0016785,0.040283
0.019531,0.0018311,0.036621
0.019379,0.0022888,0.042725
0.019531,0.0032043,0.039063
0.020447,0.0033569,0.041504
0.019226,0.0030518,0.040283
0.018921,0.0035095,0.046387
0.019379,0.0022888,0.043945
0.019379,0.0016785,0.05249
0.018921,0.0022888,0.047607
0.019531,0.0030518,0.053711
0.019836,0.00030518,0.063477
0.02121,0.0053406,0.058594
0.022888,0.0059509,0.068359
0.023956,0.0054932,0.059814
0.023346,0.0053406,0.05127
0.022736,0.0047302,0.061035
0.021362,0.004425,0.063477
0.021057,0.0042725,0.058594
0.020142,0.004425,0.059814
0.018921,0.0036621,0.056152
0.017242,0.0041199,0.065918
0.017242,0.0013733,0.061035
0.015869,0.00030518,0.068359
0.015411,0.00061035,0.063477
0.016174,0.0018311,0.068359
0.016937,0.0016785,0.065918
0.016785,0.0024414,0.068359
0.018005,0.0028992,0.068359
0.019226,-0.0012207,0.062256
0.020752,0.0010681,0.062256
0.02243,0.00061035,0.056152
0.022888,0.0010681,0.059814
0.024872,0.0028992,0.05127
0.021667,0.0045776,0.05249
0.019989,0.0048828,0.043945
0.019379,0.005188,0.053711
0.017853,0.0030518,0.045166
0.017853,0.0012207,0.046387
0.018311,0.00045776,0.041504
0.018768,-0.00061035,0.046387
0.018768,0.00045776,0.039063
0.020294,0.00030518,0.037842
0.020905,0.00015259,0.042725
0.022278,0.00061035,0.042725
0.023346,0.0010681,0.039063
0.024261,0.00091553,0.041504
0.024719,0.0032043,0.056152
0.024872,0.0045776,0.040283
0.023651,0.0039673,0.046387
0.022583,0.0047302,0.041504
0.021973,0.0062561,0.023193
0.021362,0.0068665,0.037842
0.02243,0.0076294,0.041504
0.021973,0.0085449,0.043945
0.022583,0.0099182,0.047607
0.022736,0.0085449,0.043945
0.022278,0.0065613,0.053711
0.022736,0.007019,0.05127
0.023956,0.0062561,0.057373
0.023193,0.0057983,0.05249
0.022888,0.0045776,0.058594
0.021515,0.0036621,0.061035
0.021057,0.0010681,0.062256
0.017548,-0.0010681,0.065918
0.015717,-0.0032043,0.064697
0.010834,-0.0036621,0.061035
0.012817,-0.0042725,0.062256
0.01297,-0.0028992,0.073242
0.012817,-0.0015259,0.061035
0.014191,-0.004425,0.056152
0.012207,-0.0013733,0.067139
0.011444,-0.002594,0.065918
0.01236,-0.0027466,0.067139
0.013428,-0.0035095,0.067139
0.015564,-0.0027466,0.062256
0.01709,-0.0018311,0.063477
0.018158,-0.0018311,0.061035
0.018311,-0.0018311,0.059814
0.019836,-0.0027466,0.05249
0.021667,-0.0013733,0.054932
0.024414,0.00030518,0.05249
0.025787,0.0024414,0.05249
0.028381,0.0038147,0.057373
0.03006,0.0036621,0.046387
0.030365,0.0035095,0.046387
0.030823,0.0033569,4.292
0.031128,0.0027466,4.8584
0.030823,0.0050354,4.9097
0.031433,0.0019836,4.8999
0.030975,0.0022888,4.9097
0.03006,0.00076294,4.9109
0.028534,0.00045776,4.9097
0.02533,-0.0013733,4.9097
0.022125,-0.0028992,4.906
0.019989,-0.0038147,4.9048
0.018158,-0.0038147,4.906
0.016327,-0.0030518,4.9109
0.015106,-0.0019836,4.9097
0.015106,-0.00045776,4.9097
0.014648,0.00045776,4.8926
0.015564,0.0013733,4.9146
0.016785,0.0012207,4.917
0.018463,0.0015259,4.9146
0.019073,0.00015259,4.9268
0.020447,0.00061035,4.9207
0.020294,0.0015259,4.8999
0.018921,0.0018311,4.9207
0.0177,0.0022888,4.9304
0.016632,0.0021362,4.928
0.015259,0.0018311,4.928
0.015564,0.00091553,4.9268
0.016937,0.00091553,4.9341
0.018463,0.0012207,4.9316
0.020294,0.0016785,4.9329
0.021057,0.0018311,4.928
0.022888,0.0015259,4.9341
0.024719,0.0015259,4.9304
0.025482,0.0010681,4.9353
0.026703,0,4.9426
0.027771,-0.0015259,4.9365
0.026245,-0.0024414,4.9329
0.022278,-0.0033569,4.9402
0.020905,-0.0041199,4.9304
0.018768,-0.0039673,4.9329
0.017548,-0.0039673,4.9292
0.016632,-0.0036621,4.9268
0.016479,-0.0038147,4.9268
0.016327,-0.0022888,4.9207
0.016327,-0.0015259,4.9255
0.015717,-0.00091553,4.9194
0.016785,-0.0010681,4.9194
0.018005,0.00030518,4.9072
0.019989,0.0012207,4.9158
0.021515,0.0022888,4.9182
0.023651,0.0038147,4.9182
0.024414,0.0041199,4.9146
0.024719,0.004425,4.9146
0.025177,0.0045776,4.9194
0.024719,0.0047302,4.9146
0.026245,0.005188,4.9207
0.027008,0.0054932,4.9084
0.028534,0.0050354,4.9023
0.029907,0.0041199,4.9097
0.03006,0.0033569,4.9097
0.031128,0.00045776,4.906
0.030365,-0.00045776,4.9084
0.029602,-0.0021362,4.9084
0.028687,-0.002594,4.9084
0.028229,-0.0028992,4.9146
0.026855,-0.0036621,4.9158
0.025635,-0.0048828,4.9133
0.024414,-0.0056458,4.917
0.023041,-0.0057983,4.9146
0.02243,-0.0064087,4.9231
0.02121,-0.0059509,4.9304
0.021362,-0.0056458,4.9292
0.020142,-0.0050354,4.9304
0.019989,-0.0042725,4.9304
0.018463,-0.0038147,4.9365
0.019836,-0.0021362,4.9353
0.018005,-0.00076294,4.9292
0.017242,0,4.928
0.018311,0.00076294,4.9304
0.020447,0.0010681,4.9329
0.023956,0,4.9329
0.026703,-0.0021362,4.9329
0.029755,0.00030518,4.9365
0.031586,0.0018311,4.9316
0.033722,0.0035095,4.9365
0.035706,0.0054932,4.9353
0.035858,0.0062561,4.939
0.035248,0.0073242,4.9329
0.034027,0.0067139,4.9353
0.031128,0.0054932,4.9402
0.031128,0.0041199,4.9316
0.029144,0.0028992,4.9304
0.028687,0.0019836,4.9243
0.029297,0.0022888,4.9133
0.028992,0.0021362,4.9182
0.029144,0.0016785,4.9207
0.027771,0.0019836,4.9146
0.026703,0.00061035,4.9182
0.025482,-0.0012207,4.9109
0.022888,-0.0030518,4.9146
0.020447,-0.0032043,4.9109
0.018463,-0.002594,4.9109
0.016632,-0.0016785,4.9097
0.015106,-0.00091553,4.9158
0.013885,-0.0015259,4.9097
0.014801,-0.0035095,4.9121
0.016785,-0.0050354,4.9207
0.018616,-0.005188,4.9097
0.020599,-0.0030518,4.9097
0.023499,-0.00030518,4.9097
0.02533,0.0024414,4.8962
0.025635,0.0059509,0.042725
0.028381,0.004425,0.042725
0.028534,0.0036621,0.043945
0.028839,0.0050354,0.045166
0.028992,0.0041199,0.046387
0.029144,0.0057983,0.053711
0.029907,0.0071716,0.050049
0.029907,0.011292,0.057373
0.030365,0.007782,0.054932
0.030975,0.0071716,0.061035
0.031738,0.0054932,0.059814
0.032349,0.0041199,0.064697
0.032043,0.0041199,0.064697
0.030518,0.0039673,0.063477
0.030212,0.0045776,0.059814
0.027924,0.0050354,0.064697
0.026245,0.0047302,0.072021
0.024261,0.0033569,0.063477
0.024719,0.0030518,0.054932
0.022736,0.0036621,0.065918
0.021057,0.0041199,0.064697
0.020752,0.0054932,0.063477
0.019531,0.0054932,0.067139
0.019379,0.0062561,0.061035
0.019073,0.0050354,0.062256
0.019531,0.0057983,0.057373
0.018616,0.0030518,0.059814
0.020447,0.0027466,0.053711
0.021515,0.0032043,0.054932
0.02121,0.0030518,0.05249
0.02121,0.0024414,0.05249
0.021667,0.0018311,0.056152
0.022888,-0.00030518,0.053711
0.023041,-0.0024414,0.047607
0.023193,-0.0012207,0.045166
0.023651,-0.0013733,0.032959
0.023499,-0.0010681,0.041504
0.021973,-0.0012207,0.042725
0.023499,-0.0022888,0.031738
0.02243,-0.0035095,0.040283
0.024719,-0.0039673,0.039063
0.02533,-0.0035095,0.040283
0.027008,-0.0022888,0.037842
0.028229,-0.0013733,0.041504
0.029449,0.00076294,0.037842
0.030975,-0.00061035,0.040283
0.031128,-0.0010681,0.041504
0.031891,-0.0021362,0.041504
0.031586,-0.0036621,0.036621
0.032043,-0.0022888,0.039063
0.031586,-0.0012207,0.045166
0.030823,-0.00061035,0.046387
0.029144,0.0024414,0.057373
0.027008,-0.0018311,0.05127
0.027008,-0.0028992,0.043945
0.025635,-0.0035095,0.05127
0.026398,-0.002594,0.054932
0.027161,-0.0016785,0.061035
0.026703,0.00030518,0.059814
0.026245,0.0016785,0.057373
0.027313,0.0010681,0.064697
0.025787,0.0013733,0.061035
0.026703,-0.00015259,0.061035
0.023041,0.0024414,0.059814
0.027161,0.0035095,0.063477
0.027466,0.0042725,0.062256
0.026093,0.0039673,0.065918
0.02533,0.0021362,0.079346
0.024872,0.00076294,0.065918
0.024109,-0.0010681,0.064697
0.023804,-0.0033569,0.065918
0.024414,-0.0010681,0.057373
0.024567,-0.00030518,0.058594
0.025024,0.00076294,0.058594
0.022736,0.00076294,0.056152
0.023346,-0.00030518,0.053711
0.022736,-0.0015259,0.048828
0.024414,-0.0021362,0.05249
0.02182,-0.0019836,0.047607
0.021667,-0.0010681,0.048828
0.02121,-0.00076294,0.042725
0.020142,-0.0010681,0.046387
0.018616,-0.00045776,0.041504
0.017548,-0.0010681,0.043945
0.018158,-0.0018311,0.041504
0.018768,0,0.041504
0.019379,0.00061035,0.05127
0.018921,0.0019836,0.041504
0.019073,0.0036621,0.053711
0.018921,0.004425,0.039063
0.019836,0.0042725,0.030518
0.019836,0.004425,0.0354
0.020447,0.0041199,0.039063
0.020905,0.0042725,0.036621
0.021362,0.0053406,0.040283
0.020599,0.0054932,0.039063
0.019379,0.0048828,0.041504
0.016327,0.004425,0.041504
0.01709,0.0038147,0.050049
0.016785,0.0030518,0.047607
0.016632,0.0022888,0.053711
0.016479,0.0024414,0.053711
0.016327,0.0035095,0.061035
0.014496,0.0039673,0.061035
0.014496,0.0041199,0.059814
0.014038,0.0039673,0.059814
0.015106,0.0033569,0.061035
0.016632,0.0028992,0.063477
0.016785,0.0027466,0.062256
0.016937,0.0022888,0.068359
0.016937,0.0022888,0.056152
0.015259,0.0016785,0.062256
0.013885,0.0010681,0.056152
0.015411,0.00030518,0.059814
0.016632,-0.00030518,0.064697
0.01709,0,0.068359
0.016632,0.00061035,1.8604
0.016632,0.00091553,4.7534
0.015717,0.0012207,4.9194
0.016632,0.0019836,4.9304
0.016479,0.0018311,4.9268
0.017395,0.0015259,4.9316
0.017548,0.00076294,4.9402
0.016022,0.00061035,4.9255
0.016479,0.0013733,4.9243
0.016022,0.0012207,4.9255
0.014648,0.0015259,4.9023
0.015106,0.0012207,4.9158
0.015717,-0.00045776,4.917
0.016174,-0.002594,4.9207
0.016174,-0.0045776,4.9133
0.015869,-0.0028992,4.9097
0.016479,-0.0016785,4.9146
0.014954,0.00076294,4.9109
0.016785,0.0019836,4.9097
0.0177,0.0036621,4.9097
0.018616,0.0041199,4.9158
0.020447,0.0038147,4.9109
0.021667,0.0047302,4.9109
0.023804,0.0057983,4.9097
0.022125,0.007782,4.9109
0.022583,0.0088501,4.9084
0.021667,0.0085449,4.9133
0.020294,0.0079346,4.9121
0.018311,0.0048828,4.9146
0.018463,0.004425,4.9036
0.017548,0.0028992,4.9194
0.016937,0.0021362,4.917
0.015717,0.0013733,4.917
0.014801,0.00076294,4.9231
0.014954,-0.00045776,4.9243
0.015411,-0.0027466,4.9182
0.015411,-0.0045776,4.9255
0.014954,-0.0061035,4.9353
0.014648,-0.0057983,4.928
0.014496,-0.0050354,4.9329
0.012512,-0.0047302,4.9255
0.010376,-0.0045776,4.9329
0.010529,-0.0054932,4.939
0.010986,-0.0068665,4.9353
0.011597,-0.0057983,4.9353
0.01358,-0.0036621,4.9341
0.017395,-0.0022888,4.928
0.02243,0.0013733,4.9377
0.021667,0.002594,4.9329
0.023651,0.0028992,4.9353
0.024261,0.002594,4.9402
0.028534,0.0022888,4.9329
0.029755,0.0048828,4.9304
0.031128,0.0061035,4.9316
0.030823,0.007019,4.9304
0.029907,0.007019,4.9243
0.028076,0.0053406,4.9243
0.02655,0.0028992,4.9231
0.024872,0.0010681,4.9231
0.025177,0.00015259,4.9182
0.024719,0.0013733,4.9158
0.023041,0.0010681,4.9219
0.021515,0.0022888,4.9158
0.020142,0.00091553,4.9207
0.019073,-0.0012207,4.9121
0.019379,0.0010681,4.8938
0.0177,-0.0028992,4.9097
0.018616,-0.0012207,4.9121
0.018921,0.00091553,4.9097
0.018005,0.0038147,4.9097
0.016174,0.0024414,4.9072
0.014801,0.00015259,4.9121
0.014343,0,4.9048
0.012665,-0.0021362,4.9133
0.012207,-0.0013733,4.9084
0.012207,-0.0010681,4.9133
0.015717,-0.00015259,4.9109
0.013733,0.00076294,4.917
0.014038,0.00061035,4.928
0.014343,-0.00076294,4.9182
0.016174,-0.0030518,4.9255
0.017395,-0.0033569,4.9243
0.018311,-0.0030518,4.9109
0.020599,-0.0015259,4.9268
0.021057,0.00015259,4.9268
0.021667,0.00045776,4.928
0.020905,-0.00061035,4.9304
0.022125,-0.0030518,4.9292
0.023651,-0.0032043,4.9329
0.024414,-0.0033569,4.9316
0.025024,-0.0012207,4.9329
0.025787,0.00045776,4.928
0.024567,0.0015259,4.9341
0.022736,0.00091553,4.9329
0.02182,-0.0012207,4.9353
0.023804,-0.0036621,4.9438
0.02121,-0.0045776,4.939
0.019989,-0.0036621,4.9353
0.018311,-0.0054932,4.9377
0.017395,-0.0018311,4.9438
0.015411,-0.002594,4.9304
0.013733,-0.0035095,4.9084
0.012207,-0.005188,4.9268
0.011902,-0.005188,4.9243
0.011749,-0.0028992,4.9231
0.012054,0.00030518,4.9231
0.013885,0.0019836,4.9194
0.015411,0.0027466,4.917
0.0177,0.0015259,4.9158
0.019989,-0.00091553,4.9158
0.023956,-0.002594,0.046387
0.026703,-0.002594,0.046387
0.030212,-0.00076294,0.041504
0.032501,-0.00045776,0.043945
0.034027,0.00015259,0.05127
0.034943,-0.00091553,0.041504
0.034332,-0.0024414,0.05249
0.034332,-0.0036621,0.040283
0.033264,-0.0045776,0.030518
0.033417,-0.0027466,0.039063
0.032959,-0.00076294,0.042725
0.034027,0.00015259,0.039063
0.030212,0.00061035,0.037842
0.028076,-0.0015259,0.037842
0.026245,-0.002594,0.046387
0.022736,-0.0033569,0.041504
0.023804,-0.0038147,0.05127
0.023193,-0.002594,0.045166
0.021515,-0.0030518,0.05127
0.019531,-0.0028992,0.057373
0.01709,-0.004425,0.056152
0.015717,-0.0064087,0.063477
0.015564,-0.0085449,0.062256
0.016479,-0.0088501,0.062256
0.0177,-0.007019,0.061035
0.019379,-0.004425,0.064697
0.019531,-0.0021362,0.061035
0.021057,-0.0016785,0.068359
0.021973,-0.0016785,0.059814
0.023804,-0.0027466,0.064697
0.026093,-0.0030518,0.059814
0.028381,-0.0021362,0.064697
0.030365,0.00091553,0.062256
0.03067,0.0019836,0.067139
0.033417,0.0038147,0.063477
0.03479,0.0039673,0.06958
0.035858,0.0041199,0.065918
0.039978,0.0039673,0.064697
0.036774,0.005188,0.058594
0.034027,0.0064087,0.058594
0.034027,0.0050354,0.065918
0.03006,0.0047302,0.054932
0.027618,0.0018311,0.058594
0.024567,-0.0022888,0.05127
0.023193,-0.0061035,0.03418
0.021362,-0.0085449,0.046387
0.020142,-0.0088501,0.048828
0.019989,-0.0090027,0.043945
0.019684,-0.0079346,0.041504
0.019379,-0.0083923,0.040283
0.019836,-0.0086975,0.042725
0.020294,-0.0082397,0.039063
0.021057,-0.0065613,0.042725
0.022278,-0.0036621,0.036621
0.023499,-0.00015259,0.042725
0.025024,0.0022888,0.041504
0.026398,0.0035095,0.041504
0.027618,0.0036621,0.046387
0.028687,0.0032043,0.037842
0.029907,0.0035095,0.040283
0.032959,0.0053406,0.041504
0.033417,0.0076294,0.0354
0.034485,0.009613,0.041504
0.033569,0.010071,0.046387
0.034332,0.0094604,0.045166
0.03418,0.0086975,0.050049
0.033264,0.007782,0.047607
0.032806,0.0080872,0.05249
0.033417,0.009613,0.056152
0.033569,0.011292,0.062256
0.033112,0.010834,0.059814
0.031586,0.0094604,0.061035
0.029907,0.0073242,0.061035
0.027924,0.0048828,0.064697
0.025177,0.0016785,0.061035
0.023346,0.00015259,0.058594
0.02243,-0.00076294,0.06958
0.021973,0.00015259,0.059814
0.019073,0.00076294,0.06958
0.017242,-0.00030518,0.062256
0.016632,-0.0016785,0.053711
0.016785,-0.002594,0.064697
0.017242,-0.0032043,0.058594
0.017853,-0.0015259,0.063477
0.018463,0.0016785,0.064697
0.019073,0.0041199,0.058594
0.018921,0.005188,0.061035
0.019226,0.0050354,0.056152
0.019989,0.0038147,0.048828
0.020752,0.0024414,0.050049
0.023499,0.0033569,0.05249
0.025177,0.0050354,0.05249
0.025177,0.0059509,0.05249
0.025482,0.0076294,0.041504
0.022888,0.0053406,0.050049
0.023499,0.0038147,0.053711
0.024109,0.0010681,0.043945
0.025177,-0.00045776,0.046387
0.02655,-0.0010681,0.040283
0.02655,-0.00091553,0.042725
0.02594,-0.00015259,0.036621
0.025787,-0.00061035,0.037842
0.025024,-0.00076294,0.039063
0.025177,-0.0015259,0.039063
0.026398,-0.0018311,0.03418
0.02655,-0.0019836,0.040283
0.026245,-0.00030518,0.0354
0.022888,0.00076294,0.042725
0.023041,0.0019836,0.040283
0.022583,0.0018311,0.043945
0.019989,0.0018311,0.042725
0.019531,0.0018311,0.043945
0.019379,0.0016785,0.061035
0.019836,0.0022888,0.05127
0.019226,0.0041199,0.057373
0.018311,0.0053406,0.05249
0.019073,0.0059509,0.042725
0.018921,0.0061035,3.5291
0.019379,0.005188,4.8438
0.020905,0.0041199,4.9207
0.023346,0.0042725,4.928
0.024872,0.0045776,4.9255
0.024719,0.0042725,4.9316
0.023193,0.0042725,4.9341
0.022278,0.0045776,4.9329
0.021973,0.002594,4.928
0.020752,0.0016785,4.9341
0.02182,0.0015259,4.9353
0.022125,0.0018311,4.9341
0.020447,0.0010681,4.9341
0.016479,0.0019836,4.9377
0.016022,0.0013733,4.9414
0.016174,0.0012207,4.9353
0.016327,0,4.9438
0.017853,-0.00091553,4.9243
0.0177,-0.00076294,4.9182
0.018311,0.00015259,4.9255
0.0177,0.0013733,4.9207
0.015106,0.0032043,4.9194
0.013428,0.0033569,4.9219
0.012665,0.0030518,4.9182
0.015717,0.0027466,4.9158
0.014343,0.0010681,4.9133
0.015106,0.00076294,4.9158
0.013885,-0.00015259,4.9097
0.016022,0.0012207,4.917
0.016327,0.0015259,4.9109
0.017548,0.0021362,4.9158
0.017395,0.0015259,4.9146
0.021973,0.0015259,4.9146
0.023193,0.0015259,4.9097
0.023041,0.0039673,4.9109
0.022278,0.00061035,4.8901
0.019989,0.00030518,4.9109
0.019379,0.0013733,4.9084
0.018921,0.0013733,4.906
0.019379,0.0015259,4.9097
0.019836,0.0010681,4.906
0.019531,0.00015259,4.9097
0.019379,0.00030518,4.9133
0.0177,-0.00061035,4.9194
0.017548,0.00045776,4.9194
0.016937,0.00076294,4.9243
0.018311,0.002594,4.9243
0.018921,0,4.9194
0.018921,-0.0012207,4.9219
0.019531,-0.0012207,4.9292
0.019073,-0.0015259,4.9353
0.017395,-0.0012207,4.9329
0.017242,-0.0016785,4.9377
0.017548,-0.0030518,4.9329
0.018463,-0.0030518,4.9109
0.02121,-0.0033569,4.9304
0.02243,-0.002594,4.9304
0.019226,-0.0015259,4.9255
0.019531,-0.0028992,4.9377
0.020599,-0.0022888,4.9329
0.020447,-0.0021362,4.939
0.02182,-0.0024414,4.9341
0.024414,-0.0039673,4.9365
0.024567,-0.0036621,4.9304
0.025635,-0.0039673,4.9353
0.023041,-0.0033569,4.928
0.02182,-0.0022888,4.9292
0.02182,-0.00061035,4.9365
0.024719,-0.00061035,4.9292
0.021973,0.0016785,4.917
0.02182,0.0019836,4.9207
0.019836,0.00030518,4.9121
0.019073,0.0013733,4.9146
0.017242,0.00091553,4.9182
0.016479,0.00015259,4.9158
0.017395,0.00091553,4.9158
0.021515,0.0018311,4.9133
0.021667,0.0027466,4.9146
0.022278,0.0041199,4.9097
0.021515,0,4.9084
0.020142,0.0032043,4.9084
0.018311,0.0032043,4.9133
0.018158,0.0021362,4.9121
0.018768,0.00076294,4.9109
0.020752,-0.0010681,4.9097
0.019226,-0.002594,4.9109
0.0177,-0.0035095,4.9158
0.015106,-0.0041199,4.9146
0.013275,-0.0036621,4.9231
0.012512,-0.0036621,4.9048
0.014343,-0.0035095,4.9097
0.018311,-0.004425,4.9182
0.018158,-0.0041199,4.9158
0.017853,-0.0062561,4.9158
0.014954,-0.0013733,4.9231
0.01358,-0.00076294,4.9243
0.01358,-0.00030518,4.928
0.015564,-0.00091553,4.9292
0.018616,-0.002594,4.9329
0.019989,-0.0039673,4.928
0.02243,-0.0035095,4.9316
0.023041,-0.0015259,4.9341
0.021667,0.00091553,4.9341
0.019836,0.0028992,4.9402
0.020142,0.004425,4.9341
0.019226,0.0045776,4.9365
0.02594,0.0042725,4.9353
0.025787,0.0033569,4.939
0.023804,0.0016785,4.9365
0.022125,0.0015259,0.065918
0.019226,0.0016785,0.065918
0.019226,0.0012207,0.061035
0.021057,0.0015259,0.058594
0.022583,0.0015259,0.061035
0.022278,0.00045776,0.053711
0.020447,-0.00030518,0.057373
0.016785,-0.0015259,0.05127
0.015259,-0.0013733,0.05127
0.014801,0.00045776,0.053711
0.017242,0.0013733,0.050049
0.019226,0.002594,0.046387
0.019531,0.0010681,0.05249
0.019684,-0.0010681,0.057373
0.017395,-0.0030518,0.046387
0.015869,-0.0041199,0.053711
0.015411,-0.0033569,0.042725
0.015411,-0.0012207,0.031738
0.016327,0.00076294,0.039063
0.017395,0.0013733,0.037842
0.016479,-0.00030518,0.039063
0.01709,-0.0024414,0.039063
0.015717,-0.0047302,0.03418
0.014648,-0.004425,0.039063
0.014496,-0.002594,0.0354
0.016327,-0.00076294,0.041504
0.019226,-0.0015259,0.040283
0.021057,-0.0038147,0.041504
0.021362,-0.0057983,0.042725
0.020447,-0.0071716,0.046387
0.018311,-0.0059509,0.059814
0.016937,-0.0035095,0.047607
0.016174,0,0.054932
0.01709,0.0015259,0.057373
0.018311,0.0012207,0.048828
0.018616,-0.00061035,0.057373
0.019073,-0.0016785,0.050049
0.018158,-0.0030518,0.059814
0.01709,-0.0019836,0.059814
0.016327,0.00015259,0.059814
0.017853,0.00045776,0.063477
0.019836,0.0010681,0.059814
0.021973,-0.0028992,0.062256
0.021667,-0.0030518,0.061035
0.018768,-0.0035095,0.061035
0.014496,-0.0013733,0.064697
0.009613,0.0013733,0.067139
0.011902,0.0035095,0.06958
0.013733,0.0035095,0.06958
0.016022,0.0019836,0.070801
0.016937,-0.00091553,0.065918
0.018311,-0.0016785,0.073242
0.018768,-0.0013733,0.057373
0.020142,0,0.048828
0.021973,0.0018311,0.056152
0.023804,0.0021362,0.048828
0.025482,0.0013733,0.046387
0.025482,-0.00015259,0.05127
0.024567,-0.0016785,0.043945
0.02182,-0.0021362,0.048828
0.019379,-0.0010681,0.041504
0.018768,0.00045776,0.047607
0.019836,0.00076294,0.040283
0.021362,-0.0010681,0.041504
0.023651,-0.0032043,0.042725
0.025177,-0.005188,0.040283
0.025024,-0.0059509,0.041504
0.024109,-0.0032043,0.040283
0.022736,0.00015259,0.037842
0.021515,0.0022888,0.040283
0.022125,0.0027466,0.032959
0.022278,0.00061035,0.037842
0.022125,-0.0022888,0.043945
0.021362,-0.0036621,0.036621
0.019989,-0.0041199,0.037842
0.019073,-0.0032043,0.041504
0.019684,-0.0016785,0.039063
0.021973,-0.0013733,0.042725
0.023956,-0.00076294,0.050049
0.025635,-0.0018311,0.047607
0.027161,-0.002594,0.05249
0.027161,-0.0015259,0.05249
0.024567,-0.00076294,0.062256
0.023956,0.0018311,0.056152
0.022736,0.00015259,0.061035
0.024109,0.004425,0.070801
0.02594,0.0033569,0.062256
0.028687,0.00061035,0.070801
0.028839,-0.00061035,0.061035
0.027161,0.00015259,0.045166
0.02533,0.0013733,0.058594
0.025024,0.0028992,0.061035
0.025635,0.0033569,0.062256
0.027618,0.0024414,0.064697
0.028687,-0.00030518,0.062256
0.026703,-0.0021362,0.068359
0.026398,-0.0035095,0.064697
0.021362,-0.0032043,0.064697
0.019226,-0.0015259,0.054932
0.019379,-0.0013733,0.061035
0.022125,-0.00045776,0.058594
0.021667,-0.0032043,0.057373
0.023041,-0.0048828,0.062256
0.023193,-0.0064087,0.05249
0.022125,-0.0048828,0.05249
0.02182,-0.0027466,0.05127
0.022278,-0.00030518,0.043945
0.023804,0.00015259,0.046387
0.024414,0.00045776,0.041504
0.02594,-0.0015259,0.047607
0.025177,-0.0030518,0.042725
0.023956,-0.002594,0.037842
0.023499,-0.00015259,0.040283
0.023651,0.0022888,0.036621
0.027313,0.0035095,0.039063
0.028229,0.0018311,0.036621
0.029602,0.00076294,0.041504
0.030518,0.00076294,0.19897
0.029907,0.0035095,4.6411
0.028076,0.005188,4.8889
0.026093,0.0097656,4.9097
0.026703,0.010376,4.9219
0.027618,0.0091553,4.9109
0.028839,0.0059509,4.9194
0.029297,0.0016785,4.8999
0.028229,-0.0013733,4.8914
0.026245,-0.0019836,4.9182
0.024567,-0.00061035,4.9194
0.023956,0.0028992,4.9207
0.024109,0.007019,4.9243
0.024872,0.0074768,4.9146
0.023193,0.005188,4.9292
0.023346,0.0021362,4.928
0.021057,0.00045776,4.9353
0.018921,0.0010681,4.928
0.018005,0.0042725,4.9329
0.018463,0.0065613,4.9341
0.020752,0.007782,4.9329
0.022583,0.0053406,4.9304
0.023804,0.00076294,4.9341
0.022583,-0.00091553,4.9329
0.021057,-0.0022888,4.9329
0.018005,0,4.9451
0.016785,0.0033569,4.9377
0.016174,0.0019836,4.9304
0.018005,0.0018311,4.9329
0.019836,-0.0019836,4.9304
0.019226,-0.0035095,4.9304
0.018921,-0.0083923,4.9304
0.019836,-0.002594,4.9243
0.02182,0.00045776,4.9268
0.024261,0.0033569,4.9219
0.027008,0.0030518,4.9231
0.028534,0.00015259,4.9207
0.029907,-0.0032043,4.9194
0.028381,-0.0065613,4.9158
0.027008,-0.0038147,4.9194
0.024414,0,4.9268
0.023499,0.0016785,4.9146
0.023193,0.0019836,4.9109
0.023956,-0.0013733,4.9133
0.024719,-0.0033569,4.8914
0.024414,-0.0022888,4.9158
0.023499,0.00091553,4.9109
0.023956,0.0042725,4.9121
0.025635,0.0059509,4.9097
0.027924,0.0067139,4.906
0.029907,0.0050354,4.9097
0.029907,0.002594,4.9084
0.027924,0.0015259,4.9109
0.02533,-0.00015259,4.9097
0.02182,0.002594,4.9158
0.020752,0.0033569,4.9158
0.020599,0.0032043,4.9084
0.020599,0.0036621,4.9158
0.021515,0.002594,4.9207
0.023651,0.0021362,4.9243
0.023346,0.0030518,4.9146
0.022736,0.0033569,4.9353
0.02243,0.005188,4.9292
0.023346,0.0056458,4.9219
0.023956,0.0047302,4.9304
0.024872,0.0039673,4.9353
0.024567,0.0024414,4.928
0.022888,0.00061035,4.9329
0.02121,0,4.9316
0.019379,0.0016785,4.9329
0.018463,0.0036621,4.9304
0.018158,0.0035095,4.9255
0.018768,0.0033569,4.9329
0.019684,0.0019836,4.9377
0.021057,0.00076294,4.9353
0.020905,0.00061035,4.939
0.020599,0.0010681,4.9438
0.018616,0.0032043,4.9414
0.0177,0.0039673,4.9316
0.015106,0.0038147,4.9292
0.019073,0.0024414,4.9194
0.019836,0.00091553,4.9243
0.020447,0.00045776,4.9207
0.018311,0.0015259,4.9207
0.018768,0.0038147,4.9231
0.018158,0.0059509,4.9207
0.017853,0.0067139,4.917
0.0177,0.0057983,4.906
0.017853,0.0030518,4.9182
0.017853,0.0022888,4.9121
0.017242,0.0015259,4.9146
0.016174,0.002594,4.9133
0.014954,0.0039673,4.9158
0.015106,0.004425,4.9097
0.015717,0.0042725,4.9133
0.018158,0.0028992,4.9146
0.019684,0.0018311,4.9109
0.021057,0.0012207,4.917
0.021057,0.0021362,4.9097
0.019379,0.0038147,4.8999
0.018005,0.0062561,4.9097
0.017395,0.0068665,4.9133
0.017853,0.0065613,4.9109
0.017548,0.0047302,4.9146
0.017548,0.0016785,4.9121
0.016785,-0.00045776,4.9194
0.015869,0.00030518,4.9207
0.015564,0.0010681,4.9243
0.015106,0.0016785,4.9231
0.015869,0.00076294,0.05249
0.0177,-0.00076294,0.058594
0.018768,-0.0021362,0.062256
0.019531,-0.002594,0.074463
0.019379,-0.0018311,0.062256
0.018768,-0.00076294,0.063477
0.018311,0.0010681,0.063477
0.017853,0.0018311,0.050049
0.019226,0.0015259,0.058594
0.020599,0.00045776,0.061035
0.021515,-0.0010681,0.058594
0.019379,-0.0015259,0.062256
0.020294,-0.00015259,0.063477
0.019379,0.0019836,0.068359
0.019073,0.0032043,0.064697
0.019836,0.0027466,0.06958
0.019684,0.0024414,0.061035
0.019684,0.00076294,0.063477
0.019379,0,0.057373
0.019379,0.0010681,0.057373
0.018768,0.0028992,0.059814
0.017548,0.0035095,0.054932
0.020294,0.0038147,0.05249
0.020905,0.0032043,0.05249
0.02121,-0.00015259,0.062256
0.022125,-0.0022888,0.046387
0.022278,-0.0022888,0.031738
0.021057,-0.00045776,0.042725
0.020905,0.0047302,0.045166
0.019531,0.0088501,0.040283
0.019226,0.0083923,0.040283
0.018463,0.0079346,0.040283
0.018311,0.0030518,0.037842
0.017395,0.0028992,0.036621
0.017242,0.00091553,0.043945
0.016479,0.00015259,0.037842
0.015869,0.00015259,0.042725
0.014801,0.00030518,0.037842
0.01358,-0.0030518,0.041504
0.013733,-0.0056458,0.05249
0.013733,-0.0068665,0.039063
0.013123,-0.0076294,0.05249
0.013885,-0.0056458,0.040283
0.014496,-0.0030518,0.028076
0.014496,-0.0010681,0.048828
0.016632,-0.00076294,0.048828
0.0177,-0.0015259,0.05127
0.018768,-0.002594,0.056152
0.021057,-0.0039673,0.054932
0.021973,-0.0016785,0.056152
0.022736,0.00045776,0.058594
0.021973,0.00091553,0.062256
0.020905,0.0018311,0.059814
0.021057,0.00030518,0.057373
0.021515,-0.0019836,0.065918
0.025177,-0.00015259,0.062256
0.02594,-0.0027466,0.061035
0.025787,-0.0013733,0.062256
0.026245,-0.00045776,0.065918
0.027313,-0.00015259,0.065918
0.027924,-0.0010681,0.075684
0.027313,-0.0015259,0.067139
0.026093,-0.00045776,0.061035
0.024414,0.00045776,0.064697
0.023041,0.0019836,0.062256
0.02182,0.0033569,0.059814
0.022736,0.0030518,0.057373
0.020142,0.0019836,0.053711
0.019836,0.00030518,0.057373
0.020294,-0.00091553,0.05127
0.02121,-0.00091553,0.05127
0.020752,0,0.050049
0.019531,0.00030518,0.05127
0.017395,-0.0033569,0.043945
0.016327,-0.0021362,0.046387
0.015869,-0.0048828,0.05249
0.016937,-0.0067139,0.042725
0.018158,-0.0082397,0.041504
0.022125,-0.0088501,0.041504
0.019989,-0.007019,0.021973
0.019836,-0.0057983,0.037842
0.020294,-0.0056458,0.040283
0.018921,-0.004425,0.039063
0.018005,-0.0047302,0.039063
0.016937,-0.0047302,0.0354
0.016479,-0.007019,0.036621
0.01709,-0.0027466,0.036621
0.017853,-0.0010681,0.040283
0.018768,-0.0015259,0.039063
0.019379,-0.0010681,0.043945
0.020142,-0.0032043,0.041504
0.020905,-0.005188,0.043945
0.022888,-0.004425,0.048828
0.024872,-0.0062561,0.050049
0.024261,-0.0059509,0.05249
0.022125,-0.0059509,0.057373
0.018921,-0.007019,0.067139
0.015869,-0.0091553,0.057373
0.013885,-0.009613,0.05127
0.01358,-0.0085449,0.058594
0.015411,-0.0065613,0.062256
0.016937,-0.00045776,0.057373
0.018463,0.0039673,0.061035
0.018616,0.0062561,0.056152
0.020752,0.0062561,0.063477
0.020905,0.0061035,0.058594
0.021515,0.0053406,0.062256
0.02121,0.0035095,0.063477
0.02182,0.0035095,0.067139
0.019684,0.0021362,0.067139
0.017242,-0.00076294,0.067139
0.014954,-0.0030518,0.06958
0.015869,-0.0048828,0.065918
0.016327,-0.0050354,0.061035
0.017853,-0.0027466,0.057373
0.019379,-0.0018311,0.054932
0.020752,0.00045776,0.05249
0.021057,0.00091553,0.075684
0.020905,0.0036621,4.6204
0.020142,-0.00091553,4.8975
0.019684,-0.00061035,4.9121
0.019989,-0.00045776,4.9146
0.021362,0,4.9121
0.020905,-0.0013733,4.9158
0.020599,-0.0016785,4.9109
0.012512,-0.0036621,4.9121
0.018005,-0.0065613,4.9146
0.016785,-0.0074768,4.9146
0.016327,-0.007782,4.9048
0.016022,-0.0065613,4.9109
0.019226,-0.0067139,4.9207
0.019684,-0.0061035,4.9097
0.020752,-0.0048828,4.9207
0.021057,-0.0068665,4.9121
0.021667,-0.0048828,4.895
0.022888,-0.0035095,4.9097
0.024261,-0.0024414,4.9084
0.024567,-0.00061035,4.9146
0.02533,-0.00061035,4.9097
0.025024,-0.00091553,4.9158
0.023651,-0.00091553,4.9207
0.024109,-0.00076294,4.917
0.022888,-0.00076294,4.9255
0.023346,-0.00076294,4.9182
0.023956,0.00015259,4.9292
0.023041,-0.00030518,4.928
0.025177,-0.00015259,4.9304
0.024109,0,4.9426
0.020294,0.00030518,4.9329
0.023499,0.00061035,4.928
0.023804,0.00061035,4.9341
0.023956,0.00061035,4.939
0.023804,0,4.9304
0.022583,-0.00030518,4.9158
0.02243,-0.00076294,4.9329
0.021362,-0.00076294,4.9329
0.02182,-0.00045776,4.9329
0.022278,0.00030518,4.9377
0.02182,0.00076294,4.9377
0.021667,0.00091553,4.9341
0.02121,0.00030518,4.9292
0.02182,-0.0013733,4.9316
0.021667,-0.0013733,4.9243
0.022888,-0.0012207,4.9255
0.022888,0.00015259,4.9255
0.023651,0.0015259,4.9231
0.025787,0.0018311,4.9304
0.027313,0.00076294,4.9219
0.028687,-0.00015259,4.9243
0.027466,-0.00045776,4.9194
0.027466,-0.00061035,4.9011
0.027618,0.00061035,4.9158
0.028076,0.0022888,4.9158
0.029144,0.0036621,4.8999
0.028687,0.0050354,4.9109
0.028381,0.0053406,4.9121
0.028076,0.0057983,4.9109
0.027161,0.0059509,4.9097
0.026398,0.0071716,4.9121
0.026398,0.0079346,4.906
0.02594,0.0085449,4.9109
0.025635,0.0090027,4.9097
0.02533,0.0074768,4.9133
0.024567,0.0061035,4.9121
0.022583,0.0056458,4.9146
0.02182,0.0067139,4.9109
0.021515,0.0080872,4.9146
0.02243,0.0085449,4.9182
0.02182,0.0083923,4.9219
0.02121,0.0067139,4.9243
0.020752,0.0050354,4.9207
0.019531,0.0032043,4.9255
0.019073,0.0024414,4.9255
0.019073,0.0030518,4.928
0.019226,0.0038147,4.9304
0.020142,0.0041199,4.9353
0.019989,0.0042725,4.9304
0.020294,0.0036621,4.9353
0.020752,0.0038147,4.9316
0.020905,0.0038147,4.9329
0.022278,0.0042725,4.928
0.022278,0.0054932,4.9341
0.024261,0.0062561,4.9365
0.023346,0.0053406,4.9377
0.024109,0.0047302,4.9402
0.023041,0.0036621,4.9377
0.02121,0.0027466,4.9158
0.020752,0.0016785,4.9133
0.019379,0.0024414,4.9329
0.019989,0.0027466,4.9304
0.020599,0.0027466,4.9304
0.021667,0.0024414,4.9243
0.021515,0.0012207,4.9231
0.021515,0.00015259,4.9207
0.02243,0.0016785,4.9207
0.02243,0.0021362,4.9158
0.02243,0.0035095,4.9207
0.023041,0.0039673,4.9182
0.02243,0.0061035,4.9194
0.02182,0.0030518,4.9207
0.019531,0.0021362,4.9158
0.019531,0.0016785,4.9109
0.018768,0.0016785,4.9133
0.019226,0.0027466,4.9023
0.020447,0.0027466,4.9109
0.018158,0.0022888,0.031738
0.022583,0.0018311,0.039063
0.023041,0.0015259,0.040283
0.022736,0.002594,0.037842
0.023804,0.0038147,0.037842
0.020599,0.0059509,0.039063
0.024872,0.005188,0.041504
0.024872,0.007019,0.039063
0.023651,0.0045776,0.046387
0.023041,0.0038147,0.042725
0.02121,0.0012207,0.048828
0.020599,0.00076294,0.043945
0.020752,0.0033569,0.054932
0.020142,0.00061035,0.061035
0.019531,0.00045776,0.057373
0.018616,0.00015259,0.070801
0.020142,-0.00076294,0.056152
0.019989,-0.0015259,0.05127
0.019073,-0.0012207,0.059814
0.018921,-0.00015259,0.063477
0.019379,0.00015259,0.059814
0.020447,0.002594,0.058594
0.020752,0.0035095,0.059814
0.024109,0.0030518,0.063477
0.021362,0.002594,0.061035
0.021515,0.00091553,0.06958
0.021057,0.00045776,0.061035
0.02182,0.0013733,0.065918
0.02243,0.00091553,0.068359
0.021515,0.0021362,0.065918
0.02121,0.0039673,0.072021
0.020905,0.0024414,0.062256
0.021515,0.0024414,0.062256
0.02121,0.0016785,0.059814
0.019836,0.0015259,0.057373
0.021515,0.0012207,0.056152
0.02121,0.0010681,0.050049
0.020599,0.0015259,0.047607
0.019684,0.0021362,0.050049
0.019073,0.0019836,0.045166
0.017548,0.0022888,0.046387
0.017548,0.0015259,0.039063
0.018005,0.0016785,0.048828
0.017853,0.0010681,0.042725
0.018005,0.00061035,0.042725
0.017548,0.0013733,0.045166
0.017548,0.0010681,0.042725
0.018005,0.00045776,0.0354
0.017548,-0.00030518,0.042725
0.0177,0.00061035,0.054932
0.017853,0,0.040283
0.017395,-0.00045776,0.048828
0.016632,-0.0013733,0.036621
0.016327,-0.0018311,0.023193
0.016327,-0.0022888,0.037842
0.01709,-0.002594,0.041504
0.018311,-0.0039673,0.042725
0.019379,-0.0033569,0.042725
0.020294,-0.0027466,0.045166
0.020447,-0.0024414,0.050049
0.021973,-0.0022888,0.048828
0.021362,-0.0013733,0.054932
0.02121,-0.0018311,0.057373
0.019989,-0.0022888,0.059814
0.019531,-0.0016785,0.058594
0.018921,-0.0019836,0.062256
0.018921,-0.0024414,0.073242
0.017395,-0.0073242,0.062256
0.019226,-0.0021362,0.059814
0.019379,-0.0019836,0.062256
0.019836,-0.0018311,0.072021
0.020752,-0.00091553,0.058594
0.020447,-0.0024414,0.045166
0.020752,-0.002594,0.061035
0.020142,-0.0027466,0.063477
0.019989,-0.0019836,0.062256
0.020294,-0.0015259,0.06958
0.019379,-0.0010681,0.064697
0.0177,-0.0012207,0.064697
0.015717,-0.00045776,0.058594
0.014954,-0.00015259,0.062256
0.014496,0.0010681,0.054932
0.016327,0.0022888,0.056152
0.016937,0.0038147,0.05249
0.018463,0.0038147,0.054932
0.019379,0.0042725,0.057373
0.019989,0.002594,0.05249
0.019989,0.00076294,0.054932
0.020294,-0.00091553,0.046387
0.020599,0.00015259,0.032959
0.021057,-0.0035095,0.042725
0.021362,-0.0042725,0.041504
0.019836,-0.0047302,0.037842
0.018921,-0.0076294,0.041504
0.017395,-0.0059509,0.036621
0.016479,-0.0067139,0.037842
0.016479,-0.0068665,0.036621
0.014343,-0.0065613,0.041504
0.015259,-0.0061035,0.036621
0.015411,-0.0054932,0.042725
0.013885,-0.004425,0.039063
0.012817,-0.004425,0.042725
0.01358,-0.0053406,0.037842
0.013123,-0.0048828,0.043945
0.014954,-0.0013733,0.042725
0.016632,0.00030518,0.040283
0.018311,0.0021362,0.047607
0.019684,0.0032043,0.05127
0.019531,0.0024414,0.041504
0.019684,0.0010681,0.053711
0.019836,-0.00091553,0.054932
0.021057,-0.0018311,0.063477
0.02243,-0.0019836,0.056152
0.023804,-0.0024414,0.058594
0.024261,-0.0022888,0.064697
0.023651,-0.0030518,0.059814
0.022736,-0.0033569,0.062256
0.021973,-0.0033569,0.058594
0.022125,-0.0024414,4.0234
0.02182,-0.00061035,4.8694
0.021362,0.00091553,4.9255
0.02243,0.0019836,4.9475
0.02182,0.0021362,4.9377
0.019379,0.0021362,4.9353
0.018158,0.0013733,4.9377
0.016937,0.0016785,4.9219
0.016937,0.0019836,4.9316
0.017242,0.0021362,4.9207
0.016327,0.0015259,4.9292
0.016327,0.00076294,4.928
0.015411,-0.00076294,4.9207
0.015259,-0.0022888,4.9231
0.015411,-0.0027466,4.9194
0.015869,-0.00061035,4.9219
0.016022,-0.0019836,4.9158
0.015411,-0.0015259,4.9182
0.016327,-0.0012207,4.9182
0.016327,-0.00091553,4.9182
0.016632,-0.00076294,4.9194
0.015411,-0.0015259,4.9146
0.017395,-0.0012207,4.9207
0.019379,0.00061035,4.9133
0.020142,0.0012207,4.9231
0.022278,0.0019836,4.9097
0.023651,0.002594,4.9048
0.024414,0.0033569,4.9109
0.024261,0.0021362,4.9097
0.023041,0.0027466,4.9084
0.022278,0.0035095,4.8999
0.020599,0.0033569,4.9097
0.018921,0.002594,4.9097
0.018158,0.0010681,4.9097
0.016632,-0.0012207,4.917
0.016022,-0.0021362,4.9121
0.015717,-0.0021362,4.9231
0.015259,-0.00030518,4.9207
0.016022,0.0015259,4.9231
0.014954,0.0019836,4.9329
0.015869,0.0027466,4.9292
0.0177,0.004425,4.9353
0.018158,0.0050354,4.9304
0.018463,0.0064087,4.9316
0.018158,0.0059509,4.9353
0.019379,0.0057983,4.9353
0.020599,0.0042725,4.9316
0.02121,0.0032043,4.9316
0.022278,0.0035095,4.9292
0.022278,0.0033569,4.9341
0.02243,0.0041199,4.9316
0.02182,0.0039673,4.9316
0.021973,0.0039673,4.9304
0.02243,0.0019836,4.939
0.022583,0.00015259,4.9353
0.024719,-0.00045776,4.9353
0.026703,0.0012207,4.9316
0.025635,0.0028992,4.9329
0.028381,0.0035095,4.939
0.027924,0.0027466,4.928
0.030823,0.0012207,4.9207
0.030975,0.0021362,4.9255
0.03067,0.0013733,4.9097
0.028687,0.0036621,4.9146
0.026093,0.0039673,4.9194
0.023956,0.0018311,4.9158
0.02182,0,4.9194
0.02121,-0.0024414,4.9133
0.021362,-0.0039673,4.9158
0.02182,-0.0015259,4.9097
0.023041,0.0015259,4.9133
0.023193,0.0035095,4.9097
0.022736,0.0039673,4.9146
0.023346,0.0027466,4.9097
0.023804,0.0016785,4.9146
0.025482,0.0016785,4.917
0.025787,0.00061035,4.9109
0.026398,-0.00091553,4.9097
0.025482,-0.0012207,4.9109
0.027924,-0.00045776,4.8975
0.025635,-0.0021362,4.9109
0.025787,-0.0018311,4.9121
0.027008,0.0018311,4.9133
0.027924,-0.00015259,4.906
0.026703,0.0012207,4.9182
0.028687,0.0022888,4.917
0.027924,0.0012207,4.9219
0.028076,0.00015259,4.9255
0.028534,-0.0015259,4.9231
0.027924,-0.002594,4.9316
0.027618,-0.0032043,4.928
0.026703,-0.0036621,4.9316
0.026093,-0.0041199,4.9304
0.024872,-0.0039673,4.9304
0.024872,-0.0030518,4.9316
0.024261,-0.0019836,4.9329
0.023956,0,4.9426
0.023193,0.00015259,4.9316
0.023804,0.0012207,4.9182
0.024109,0.00061035,4.9219
0.023956,0.0016785,4.9377
0.023651,0.002594,4.9329
0.023346,0.0013733,4.9377
0.022736,0.00061035,4.9353
0.023499,-0.00091553,4.9353
0.023499,-0.0024414,4.9304
0.024109,-0.0032043,4.9304
0.023041,-0.0021362,4.9243
0.022888,-0.00061035,0.058594
0.022888,0.00045776,0.05249
0.021515,0.00091553,0.053711
0.020752,0.00015259,0.053711
0.019989,-0.0035095,0.05249
0.02243,0.00061035,0.046387
0.022736,0.0021362,0.045166
0.023499,0.0041199,0.03418
0.024414,0.0050354,0.042725
0.023804,0.0059509,0.041504
0.023956,0.0047302,0.039063
0.024872,0.004425,0.040283
0.025635,0.0048828,0.037842
0.025787,0.0057983,0.042725
0.024261,0.0074768,0.037842
0.024414,0.010834,0.041504
0.022736,0.007019,0.037842
0.023499,0.0056458,0.042725
0.022888,0.0045776,0.043945
0.023193,0.0036621,0.042725
0.024261,0.0048828,0.037842
0.022736,0.0057983,0.043945
0.02182,0.005188,0.047607
0.020752,0.0039673,0.042725
0.019226,0.0027466,0.058594
0.019379,0.0013733,0.050049
0.018463,0.0010681,0.037842
0.021057,0.0027466,0.05249
0.020142,0.0039673,0.058594
0.019836,0.0048828,0.054932
0.018005,0.005188,0.059814
0.016479,0.0033569,0.058594
0.016785,0.0027466,0.065918
0.017395,0.0061035,0.061035
0.015869,0.0013733,0.061035
0.020752,0.0010681,0.059814
0.021515,0.0012207,0.063477
0.021515,0.00030518,0.059814
0.021973,-0.002594,0.062256
0.021515,-0.0024414,0.076904
0.02243,-0.0042725,0.070801
0.021973,-0.0045776,0.063477
0.02243,-0.004425,0.065918
0.022125,-0.004425,0.057373
0.021515,-0.0028992,0.063477
0.022888,-0.0015259,0.061035
0.02121,-0.0018311,0.058594
0.02243,-0.0015259,0.057373
0.023346,-0.0012207,0.05127
0.024567,-0.00061035,0.054932
0.02655,0.00076294,0.054932
0.027161,-0.00030518,0.05249
0.026093,0.0065613,0.043945
0.024109,0.004425,0.05127
0.023193,0.0036621,0.043945
0.02243,0.0022888,0.050049
0.021667,0.0028992,0.046387
0.021515,0.0024414,0.043945
0.022583,0.0030518,0.050049
0.023041,0.0054932,0.041504
0.023499,0.0071716,0.05249
0.023041,0.0067139,0.032959
0.023499,0.0056458,0.031738
0.023651,0.0041199,0.045166
0.023499,0.0028992,0.040283
0.023499,0.0027466,0.036621
0.022278,0.0042725,0.040283
0.020905,0.0050354,0.039063
0.018921,0.0039673,0.040283
0.017395,0.0038147,0.040283
0.016479,0.0018311,0.046387
0.016174,0.00076294,0.041504
0.016937,0.0010681,0.046387
0.017242,0.0015259,0.053711
0.018158,0.0019836,0.054932
0.018768,0.0027466,0.062256
0.019379,0.0024414,0.057373
0.019379,0.0016785,0.061035
0.020142,0.0015259,0.058594
0.020752,0.0022888,0.059814
0.020752,0.0028992,0.059814
0.020447,0.004425,0.061035
0.019379,0.0050354,0.059814
0.018463,0.004425,0.062256
0.019226,0.0045776,0.062256
0.018768,0.0036621,0.061035
0.017853,0.0035095,0.058594
0.018005,0.0032043,0.065918
0.016785,0.0047302,0.064697
0.015259,0.0065613,0.065918
0.014343,0.0028992,0.06958
0.014038,0.0045776,0.067139
0.014648,0.00091553,0.061035
0.015411,0.0021362,0.061035
0.014648,0.0030518,0.070801
0.014343,0.0033569,0.057373
0.014191,0.0041199,0.061035
0.015106,0.0047302,0.053711
0.013275,0.0035095,0.0354
0.013428,0.0022888,0.046387
0.01297,0.0010681,0.053711
0.012665,0.00091553,0.047607
0.01236,0.0032043,0.047607
0.012665,0.0018311,0.046387
0.013275,0.0030518,0.043945
0.013733,0.0032043,0.041504
0.015564,0.0022888,0.042725
0.017242,0.0013733,0.040283
0.018005,0.0013733,0.040283
0.019226,0.0021362,0.0354
0.018616,0.0039673,0.041504
0.019226,0.0054932,0.043945
0.020294,0.0068665,0.040283
0.019989,0.0064087,0.036621
0.020294,0.004425,0.039063
0.019531,0.0019836,0.03418
0.018921,0.00076294,0.037842
0.017548,0,1.0107
0.01709,-0.00061035,4.6838
0.016479,0.0022888,4.895
0.016479,0.0036621,4.9097
0.016327,0.0028992,4.9158
0.0177,0.00076294,4.9194
0.018768,0.00015259,4.9243
0.019684,-0.0021362,4.9231
0.020142,-0.0022888,4.928
0.020599,-0.0015259,4.9292
0.020599,0.00015259,4.9353
0.019989,0.00061035,4.9304
0.018768,-0.00030518,4.9329
0.019073,-0.0016785,4.9377
0.018616,-0.0032043,4.9353
0.017548,-0.0042725,4.9377
0.016327,-0.0038147,4.9304
0.016174,-0.002594,4.9231
0.015717,-0.00045776,4.9341
0.016022,0.00045776,4.9341
0.018158,-0.00030518,4.9341
0.019989,0.0024414,4.9353
0.020905,-0.00061035,4.9353
0.02243,-0.00076294,4.9353
0.02243,0.00015259,4.928
0.022583,0.0012207,4.9304
0.022888,0.0018311,4.9255
0.02243,0.0013733,4.9255
0.022736,0.0012207,4.9231
0.023499,0.00030518,4.9255
0.024567,0.00030518,4.9207
0.024567,0.0010681,4.9231
0.02533,0.00076294,4.9207
0.026093,0.00030518,4.9182
0.026093,-0.0010681,4.9182
0.026398,0.0013733,4.9158
0.025787,-0.0024414,4.9146
0.024567,-0.0021362,4.9097
0.024109,-0.0010681,4.9109
0.022888,-0.0028992,4.9121
0.02182,-0.0021362,4.906
0.021667,-0.0036621,4.906
0.02121,-0.0062561,4.9109
0.019989,-0.0059509,4.9072
0.019989,-0.0059509,4.9109
0.019836,-0.0048828,4.9109
0.018005,-0.0047302,4.9097
0.021057,-0.0057983,4.9109
0.021362,-0.0064087,4.9146
0.021362,-0.007019,4.9255
0.02121,-0.0071716,4.9158
0.022125,-0.0057983,4.9243
0.02243,-0.0036621,4.9231
0.024261,-0.0027466,4.9084
0.024261,-0.0016785,4.9231
0.026703,-0.0013733,4.928
0.027924,-0.0016785,4.928
0.029907,-0.0021362,4.928
0.031891,-0.0016785,4.9268
0.032501,-0.0010681,4.9329
0.034332,-0.00045776,4.9353
0.034027,0.00076294,4.9316
0.033417,0.0013733,4.928
0.031433,0.0016785,4.9341
0.030518,0.0012207,4.9341
0.030975,0.00045776,4.9353
0.028229,0.00091553,4.9426
0.028381,0.0019836,4.9377
0.027313,0.0050354,4.9353
0.027008,0.0039673,4.9377
0.025177,0.0047302,4.9451
0.024261,0.0027466,4.9341
0.023804,0.00045776,4.9194
0.024261,-0.0018311,4.9268
0.022888,-0.002594,4.9255
0.02243,-0.0015259,4.9243
0.021362,-0.0013733,4.9231
0.019989,0.0013733,4.9207
0.018768,0.0010681,4.9146
0.018768,-0.00045776,4.9158
0.019531,-0.0059509,4.9158
0.02121,-0.0035095,4.9158
0.022278,-0.0018311,4.917
0.022736,0.00076294,4.9158
0.022125,0.0018311,4.9146
0.02182,0.0019836,4.9207
0.020752,-0.00045776,4.9133
0.020294,-0.0019836,4.9182
0.020599,-0.004425,4.9072
0.02182,-0.0042725,4.9011
0.022888,-0.0024414,4.9133
0.019836,-0.00091553,4.9097
0.023346,-0.0012207,4.9084
0.022736,-0.0027466,4.9084
0.022736,-0.0048828,4.9011
0.022278,-0.0045776,4.9133
0.023193,-0.0032043,4.9072
0.023499,-0.00015259,4.9182
0.023041,0.0015259,4.9146
0.022736,0.0018311,4.9194
0.020905,-0.00045776,4.9207
0.019379,-0.0028992,4.9243
0.019379,-0.0039673,4.9304
0.020447,-0.0038147,4.9268
0.020599,-0.002594,4.9255
0.020447,-0.00045776,4.9292
0.019836,-0.00045776,4.9377
0.0177,-0.0015259,4.9329
0.016174,-0.0039673,4.9316
0.015259,-0.004425,0.059814
0.016327,-0.0042725,0.062256
0.015869,-0.0022888,0.061035
0.016785,-0.0012207,0.063477
0.019073,0.00030518,0.058594
0.017395,-0.0013733,0.070801
0.017548,-0.00045776,0.065918
0.017853,-0.0018311,0.068359
0.016022,-0.0018311,0.065918
0.019226,-0.00015259,0.068359
0.019989,0.0024414,0.058594
0.021362,0.0042725,0.06958
0.022583,0.005188,0.072021
0.022736,0.0036621,0.057373
0.02243,0.0012207,0.058594
0.022736,-0.0013733,0.05249
0.023041,-0.0018311,0.037842
0.023651,-0.00015259,0.048828
0.025177,0.0022888,0.046387
0.025177,0.0038147,0.043945
0.024872,0.0035095,0.047607
0.023651,0.0022888,0.042725
0.021667,-0.00030518,0.041504
0.022583,-0.0013733,0.037842
0.020752,-0.0013733,0.041504
0.020447,0.00015259,0.039063
0.020447,0.0024414,0.042725
0.019836,0.00015259,0.039063
0.018158,-0.0015259,0.043945
0.017242,-0.0032043,0.043945
0.016022,-0.0057983,0.039063
0.016022,-0.004425,0.036621
0.016632,-0.0022888,0.040283
0.016785,0.00045776,0.032959
0.017395,0.0024414,0.036621
0.01709,0.0033569,0.024414
0.018311,0.0016785,0.042725
0.019379,0.00045776,0.045166
0.020905,-0.00091553,0.046387
0.02243,-0.00061035,0.05127
0.024261,0,0.05249
0.024261,0.0015259,0.054932
0.024109,0.0015259,0.056152
0.023193,0,0.062256
0.02182,-0.00076294,0.059814
0.02182,-0.0012207,0.062256
0.021057,-0.0013733,0.057373
0.020752,0.00030518,0.065918
0.020142,0.0015259,0.068359
0.019379,0.0018311,0.063477
0.018768,0.0012207,0.072021
0.018768,-0.0010681,0.061035
0.019684,-0.0033569,0.042725
0.018616,-0.0036621,0.064697
0.021515,-0.0032043,0.065918
0.02182,-0.00045776,0.062256
0.023193,0.0013733,0.067139
0.022278,0.0022888,0.062256
0.02182,0.0015259,0.063477
0.021973,0.00015259,0.056152
0.022125,-0.0019836,0.056152
0.020905,-0.0024414,0.053711
0.022736,-0.00091553,0.053711
0.021973,0.00076294,0.054932
0.021362,0.0035095,0.05127
0.021362,0.0041199,0.050049
0.021362,0.0033569,0.041504
0.020905,0.0032043,0.050049
0.023804,0.0035095,0.046387
0.024261,0.0056458,0.046387
0.025024,0.0083923,0.03418
0.024414,0.010529,0.039063
0.02243,0.0099182,0.037842
0.022583,0.0091553,0.037842
0.021515,0.0067139,0.039063
0.021973,0.0053406,0.037842
0.022278,0.0056458,0.0354
0.022125,0.0071716,0.041504
0.022125,0.009613,0.036621
0.021667,0.011139,0.037842
0.021362,0.010223,0.039063
0.021515,0.0085449,0.041504
0.021667,0.0074768,0.036621
0.02243,0.0057983,0.043945
0.023346,0.0065613,0.059814
0.022278,0.0086975,0.045166
0.02121,0.0091553,0.05249
0.019073,0.007782,0.053711
0.018311,0.0065613,0.039063
0.018005,0.0045776,0.057373
0.018463,0.0035095,0.05127
0.018921,0.0041199,0.059814
0.019989,0.0048828,0.061035
0.019989,0.0053406,0.058594
0.018616,0.0053406,0.062256
0.017395,0.004425,0.058594
0.016632,0.0027466,0.062256
0.01709,0.0018311,0.059814
0.01709,0.0015259,0.064697
0.016785,0.0015259,0.062256
0.016479,0.0013733,0.064697
0.014954,0.0024414,0.068359
0.014801,0.0016785,0.067139
0.016174,0.0012207,0.070801
0.018463,-0.00076294,0.067139
0.02121,-0.0010681,0.078125
0.02243,-0.00091553,0.076904
0.023346,-0.00015259,0.056152
0.021057,0.0018311,0.057373
0.021515,0.0039673,0.054932
0.021667,0.0041199,0.047607
0.022583,0.0039673,0.05249
0.02182,0.0039673,0.05127
0.024567,0.0035095,0.043945
0.024414,0.0042725,0.045166
0.025177,0.0079346,0.048828
0.024872,0.0068665,0.042725
0.023956,0.0064087,2.8552
0.023651,0.0061035,4.7913
0.024109,0.0038147,4.906
0.024567,0.0033569,4.9133
0.024109,0.002594,4.9097
0.023193,-0.0018311,4.9109
0.021057,0.0039673,4.9097
0.019073,0.005188,4.9011
0.018616,0.0050354,4.9109
0.019379,0.0048828,4.9133
0.020447,0.004425,4.9109
0.024414,0.0035095,4.906
0.02533,0.0028992,4.9084
0.025177,0.0041199,4.9097
0.023499,0.0030518,4.9097
0.022583,0.0028992,4.9182
0.021667,0.0021362,4.9182
0.023651,0.00015259,4.9146
0.024261,-0.00045776,4.9194
0.024567,-0.0010681,4.9268
0.023193,-0.00061035,4.9243
0.02121,0.0012207,4.9292
0.019989,0.002594,4.9353
0.019379,0.0022888,4.9329
0.019531,0.0021362,4.9402
0.020447,0.0012207,4.9353
0.022125,0.0012207,4.9146
0.022125,0.0010681,4.9133
0.017548,0.0022888,4.9329
0.018768,0.0028992,4.9316
0.0177,0.0035095,4.9292
0.019073,0.0032043,4.928
0.021057,0.0015259,4.9377
0.023651,0.0027466,4.9377
0.024261,0.0028992,4.9329
0.020752,0.0018311,4.9316
0.019379,0.0013733,4.9377
0.01709,0.00045776,4.9304
0.016632,-0.0010681,4.9353
0.021515,0.00061035,4.9365
0.020599,0.00076294,4.9268
0.022888,0.0018311,4.9231
0.023346,0.0033569,4.9231
0.023499,0.0019836,4.9146
0.022583,0.0015259,4.917
0.022125,0.0010681,4.9146
0.023346,0.0016785,4.9194
0.020294,0.0018311,4.9146
0.024414,0.0021362,4.906
0.023804,0.0012207,4.9133
0.022125,0.0032043,4.9109
0.019379,0.00030518,4.9121
0.018311,0.0012207,4.9072
0.018768,0.0015259,4.9121
0.019989,0.0015259,4.9121
0.023193,0.0013733,4.9146
0.02533,0.00061035,4.9097
0.026245,0.00061035,4.9121
0.022736,-0.00030518,4.9194
0.020599,-0.00030518,4.9084
0.019684,-0.00076294,4.9182
0.020599,0.0012207,4.9109
0.021515,-0.00030518,4.9048
0.024261,-0.00030518,4.917
0.024414,-0.00076294,4.9182
0.02243,-0.0015259,4.917
0.020905,0.00015259,4.9207
0.020599,0.0010681,4.9207
0.02182,0.0015259,4.9255
0.024567,0.0018311,4.9292
0.025024,-0.00091553,4.9304
0.026245,-0.0015259,4.928
0.024414,-0.0021362,4.9316
0.02121,-0.0019836,4.928
0.019379,-0.00091553,4.9316
0.019684,0.00030518,4.9353
0.020294,0.00030518,4.9365
0.023499,0.0015259,4.9329
0.025024,0.00045776,4.9353
0.024567,0.00091553,4.9402
0.020447,0.00030518,4.939
0.020599,0.0012207,4.9365
0.020294,0.0018311,4.9341
0.02121,0.0032043,4.9353
0.023193,0.0050354,4.9329
0.025177,0.0035095,4.9194
0.026093,0.0033569,4.9255
0.024872,0.0054932,4.9292
0.023651,0.004425,4.9243
0.022888,0.0056458,4.9243
0.022888,0.0067139,4.9231
0.025177,0.0064087,4.9231
0.025635,0.0048828,4.9182
0.025787,0.0027466,4.9182
0.023804,0.00076294,4.9304
0.021973,-0.00061035,4.9158
0.020142,-0.0018311,4.9231
0.019226,-0.0018311,4.9158
0.019684,-0.0021362,4.9036
0.019684,-0.0027466,4.9097
0.019989,-0.0038147,4.9109
0.019073,-0.0050354,4.9109
0.015869,-0.0056458,4.9133
0.013275,-0.0065613,4.906
0.011292,-0.0059509,4.9109
0.012817,-0.0048828,4.9048
0.015411,-0.0032043,4.9109
0.019531,-0.0032043,4.9097
0.022278,-0.0033569,4.917
0.024261,-0.0027466,0.050049
0.024261,-0.0018311,0.043945
0.024719,0.00091553,0.056152
0.025177,0.0033569,0.047607
0.027466,0.0045776,0.045166
0.027008,0.0045776,0.054932
0.030518,0.0033569,0.05127
0.027313,0.0024414,0.058594
0.027313,0.0024414,0.037842
0.025635,0.0038147,0.062256
0.024261,0.0059509,0.062256
0.02533,0.0074768,0.059814
0.027008,0.0071716,0.062256
0.028076,0.0067139,0.061035
0.02655,0.0041199,0.067139
0.024109,0,0.058594
0.019379,-0.0019836,0.064697
0.014801,-0.0027466,0.062256
0.014191,-0.0041199,0.065918
0.013733,-0.0064087,0.068359
0.01297,-0.0085449,0.068359
0.013275,-0.010834,0.072021
0.010986,-0.011749,0.064697
0.009613,-0.011749,0.072021
0.0083923,-0.0088501,0.057373
0.0086975,-0.0094604,0.046387
0.012817,-0.0083923,0.057373
0.016479,-0.0099182,0.05249
0.020142,-0.012207,0.047607
0.022125,-0.013885,0.05127
0.022583,-0.014801,0.047607
0.022125,-0.013428,0.047607
0.021667,-0.011444,0.046387
0.024109,-0.0093079,0.048828
0.024109,-0.0082397,0.041504
0.026398,-0.0085449,0.045166
0.026703,-0.0079346,0.042725
0.025787,-0.0083923,0.042725
0.024261,-0.0053406,0.043945
0.021973,-0.0041199,0.039063
0.022583,-0.0021362,0.039063
0.024109,-0.0024414,0.039063
0.024872,-0.0015259,0.032959
0.024719,-0.0022888,0.041504
0.02182,-0.0022888,0.036621
0.018768,-0.00061035,0.036621
0.015717,0.0018311,0.032959
0.011444,0.0048828,0.041504
0.013733,0.0071716,0.041504
0.01358,0.0079346,0.042725
0.013733,0.0045776,0.050049
0.013885,0.0027466,0.047607
0.011597,0.0010681,0.05249
0.012665,0.0028992,0.054932
0.0086975,0.0056458,0.058594
0.0093079,0.0090027,0.053711
0.010071,0.0085449,0.062256
0.011749,0.0074768,0.06958
0.013123,0.0057983,0.061035
0.012207,0.0054932,0.070801
0.010681,0.0082397,0.063477
0.011597,0.0093079,0.042725
0.014038,0.013428,0.059814
0.019226,0.017853,0.064697
0.02533,0.020599,0.062256
0.031128,0.022125,0.063477
0.036163,0.02243,0.061035
0.041046,0.021973,0.064697
0.040436,0.023956,0.063477
0.042267,0.024109,0.065918
0.042725,0.023651,0.063477
0.044556,0.020905,0.065918
0.042267,0.01358,0.057373
0.039673,0.007782,0.057373
0.034637,0.0027466,0.065918
0.027771,-0.00076294,0.054932
0.021515,-0.00030518,0.05249
0.015564,0.00015259,0.047607
0.010223,-0.0024414,0.042725
0.0059509,-0.0028992,0.042725
0.0030518,-0.0073242,0.046387
-0.00045776,-0.014191,0.042725
-0.0056458,-0.020294,0.042725
-0.0074768,-0.023956,0.039063
-0.0091553,-0.026703,0.040283
-0.0074768,-0.028381,0.039063
-0.0033569,-0.027466,0.037842
0.0028992,-0.027618,0.0354
0.010071,-0.023804,0.042725
0.015869,-0.0177,0.039063
0.022736,-0.0041199,0.037842
0.03067,0.0094604,0.040283
0.039673,0.020752,0.041504
0.050049,0.025787,0.05249
0.059509,0.026703,0.041504
0.065918,0.021515,0.05249
0.066681,0.014954,0.040283
0.062408,0.0073242,0.036621
0.055389,0.0061035,0.047607
0.047607,0.0033569,0.048828
0.043182,0.00015259,0.05127
0.036163,-0.0016785,0.054932
0.031586,-0.0050354,0.054932
0.028839,-0.0056458,0.056152
0.02655,-0.0022888,0.058594
0.026245,0.0042725,0.064697
0.027313,0.012207,0.057373
0.029755,0.0177,0.063477
0.031586,0.019073,0.063477
0.03418,0.014496,0.062256
0.031891,0.0091553,0.061035
0.026703,0.0038147,0.064697
0.018463,0.00045776,0.063477
0.014343,-0.00045776,0.064697
0.010681,-0.0039673,0.073242
0.012054,-0.013123,0.065918
0.013733,-0.016174,0.05127
0.016632,-0.022736,0.56396
0.019684,-0.026855,4.679
0.019379,-0.024719,4.9109
0.023651,-0.02243,4.9219
0.026855,-0.017548,4.9219
0.031586,-0.011139,4.9304
0.035706,-0.010376,4.9207
0.037384,-0.0094604,4.9207
0.0383,-0.0059509,4.917
0.037384,-0.00061035,4.9182
0.037537,0.002594,4.9207
0.037079,0.0073242,4.9182
0.038147,0.0099182,4.9304
0.041046,0.0082397,4.917
0.041809,0.0041199,4.9146
0.041504,-0.00076294,4.9158
0.036469,-0.0061035,4.8914
0.030518,-0.0091553,4.9084
0.024719,-0.0082397,4.9084
0.020752,-0.0073242,4.9084
0.019226,-0.0054932,4.9097
0.019379,-0.0054932,4.9072
0.020752,-0.0042725,4.9084
0.019684,-0.0015259,4.9084
0.0177,0.0048828,4.9109
0.014801,0.0097656,4.8975
0.010223,0.015106,4.9182
0.009613,0.020599,4.9146
0.009613,0.022125,4.9182
0.0057983,0.020142,4.9194
0.002594,0.017242,4.9219
0.0019836,0.014954,4.9255
0.00030518,0.013733,4.9292
0.0013733,0.014648,4.9377
0.0018311,0.014954,4.9292
0.0067139,0.01297,4.9207
0.0091553,0.01236,4.9316
0.010986,0.0090027,4.928
0.012665,0.0053406,4.9304
0.011292,0.0059509,4.9316
0.011444,0.0035095,4.928
0.010986,0.0041199,4.9341
0.012817,0.0050354,4.9316
0.013885,0.0039673,4.9341
0.017242,0.0016785,4.9316
0.019226,0.00015259,4.9402
0.020142,-0.00045776,4.9353
0.021057,0.0012207,4.9365
0.019684,0.0033569,4.9451
0.0177,0.0048828,4.9365
0.015869,0.0041199,4.9329
0.013885,0.0028992,4.9243
0.012207,-0.00030518,4.9207
0.0080872,-0.0015259,4.9268
0.0056458,-0.00061035,4.9207
0.0061035,0.00015259,4.9207
0.007782,0.0022888,4.9194
0.012512,0.002594,4.9146
0.017853,0.0027466,4.9158
0.02243,0.00091553,4.9121
0.025787,0.0016785,4.9182
0.026093,0.0012207,4.9097
0.025024,0.0041199,4.9146
0.023041,0.0080872,4.9146
0.020142,0.010071,4.9158
0.018768,0.010376,4.9097
0.018311,0.010834,4.9133
0.018158,0.0094604,4.9194
0.018311,0.0088501,4.9109
0.019226,0.010681,4.9194
0.019989,0.012054,4.9109
0.023193,0.014496,4.9036
0.026703,0.014648,4.9011
0.031128,0.012665,4.9109
0.033264,0.0082397,4.9133
0.033875,0.0022888,4.9133
0.032349,-0.0045776,4.9097
0.029144,-0.0090027,4.9158
0.024872,-0.012665,4.9146
0.022278,-0.016174,4.9243
0.020142,-0.019531,4.9194
0.019684,-0.022736,4.9292
0.018616,-0.026245,4.9268
0.017548,-0.027161,4.9304
0.017548,-0.025482,4.9426
0.018311,-0.02121,4.9316
0.020752,-0.016174,4.9329
0.022736,-0.012665,4.9329
0.031281,-0.010071,4.9231
0.036621,-0.0090027,4.928
0.041046,-0.0083923,4.9304
0.041351,-0.0064087,4.9329
0.042114,-0.0035095,4.9329
0.041656,-0.00045776,4.9329
0.041504,0.0028992,4.9426
0.041046,0.0053406,4.9365
0.041046,0.0047302,4.9365
0.039673,0.0073242,4.9304
0.037994,0.0083923,4.9365
0.036469,0.010376,4.9304
0.036163,0.012207,4.928
0.035858,0.015106,4.928
0.038605,0.016327,4.928
0.037689,0.016479,4.9304
0.037994,0.016174,4.9243
0.036163,0.016937,4.9329
0.034485,0.018005,4.9194
0.030212,0.02121,4.9072
0.027161,0.024414,4.9158
0.023956,0.025635,4.917
0.02243,0.024261,0.057373
0.021057,0.020294,0.041504
0.020142,0.016327,0.037842
0.019379,0.013428,0.041504
0.018463,0.010529,0.037842
0.017548,0.0093079,0.043945
0.016785,0.0085449,0.040283
0.016022,0.007019,0.042725
0.013733,0.0056458,0.042725
0.011444,0.0047302,0.043945
0.0094604,0.0045776,0.047607
0.0083923,0.0050354,0.040283
0.0067139,0.0079346,0.048828
0.0064087,0.0093079,0.042725
0.0039673,0.0094604,0.036621
0.0064087,0.0067139,0.048828
0.0064087,0.0032043,0.048828
0.0074768,-0.00061035,0.046387
0.0082397,-0.0024414,0.053711
0.0090027,-0.00076294,0.05249
0.010681,0,0.058594
0.011139,0.0041199,0.058594
0.012512,0.00091553,0.059814
0.01358,-0.00030518,0.056152
0.014648,-0.0012207,0.062256
0.016479,-0.0024414,0.067139
0.018158,-0.0010681,0.063477
0.018616,-0.00030518,0.061035
0.018005,0.00045776,0.064697
0.018158,0,0.067139
0.017242,-0.00076294,0.062256
0.017548,-0.0016785,0.075684
0.018616,-0.0015259,0.064697
0.018158,0.00076294,0.063477
0.021057,0.0039673,0.065918
0.021667,0.007782,0.064697
0.022583,0.0097656,0.062256
0.023346,0.010071,0.058594
0.023499,0.0080872,0.053711
0.023499,0.0048828,0.057373
0.02243,0.0027466,0.05249
0.020599,0.0015259,0.056152
0.018616,0.0013733,0.050049
0.016785,0.00030518,0.048828
0.015259,-0.00076294,0.046387
0.013123,-0.0039673,0.047607
0.013275,-0.0065613,0.058594
0.01358,-0.007782,0.043945
0.013123,-0.0073242,0.042725
0.015717,-0.0045776,0.042725
0.017548,-0.002594,0.023193
0.018158,-0.0013733,0.036621
0.020599,-0.0032043,0.040283
0.02121,-0.005188,0.040283
0.023651,-0.0080872,0.037842
0.024261,-0.0057983,0.036621
0.026245,-0.0045776,0.039063
0.026703,-0.0035095,0.037842
0.027008,-0.0016785,0.037842
0.027313,-0.0038147,0.040283
0.027771,-0.0042725,0.042725
0.029144,-0.0045776,0.041504
0.030212,-0.00076294,0.046387
0.030518,-0.0021362,0.047607
0.031586,-0.0010681,0.048828
0.031738,-0.00015259,0.05249
0.031281,-0.00061035,0.05249
0.03006,-0.00061035,0.067139
0.028992,-0.0015259,0.054932
0.027924,-0.0013733,0.047607
0.027161,0.00015259,0.058594
0.026245,0.0010681,0.057373
0.025024,0.0027466,0.061035
0.024109,0.0041199,0.062256
0.021667,0.004425,0.059814
0.020599,0.0048828,0.063477
0.020599,0.0065613,0.059814
0.020599,0.0071716,0.059814
0.020752,0.0097656,0.062256
0.02121,0.011139,0.068359
0.019836,0.014038,0.067139
0.017853,0.010223,0.06958
0.018158,0.0080872,0.072021
0.0177,0.0061035,0.065918
0.017548,0.004425,0.064697
0.018311,0.0036621,0.062256
0.018463,0.0015259,0.05249
0.019073,-0.00076294,0.053711
0.019531,-0.0016785,0.05249
0.020294,-0.0057983,0.048828
0.02121,-0.0076294,0.05127
0.022888,-0.0086975,0.045166
0.025024,-0.0083923,0.045166
0.027924,-0.0073242,0.042725
0.030365,-0.007782,0.048828
0.031891,-0.0074768,0.039063
0.033112,-0.0088501,0.041504
0.032654,-0.010834,0.042725
0.033569,-0.01236,0.042725
0.03418,-0.014191,0.036621
0.030823,-0.010529,0.041504
0.036163,-0.010071,0.05249
0.035553,-0.0091553,0.036621
0.034485,-0.009613,0.050049
0.033112,-0.010376,0.037842
0.031738,-0.010071,0.028076
0.03067,-0.0094604,0.037842
0.029907,-0.0073242,0.040283
0.029907,-0.0048828,0.039063
0.027618,-0.0030518,0.041504
0.026093,-0.0019836,0.039063
0.023346,-0.00076294,0.047607
0.02243,-0.00030518,0.046387
0.020905,0.00015259,0.05127
0.019989,0.00076294,0.05249
0.019836,0.0018311,0.057373
0.0177,0.0022888,0.057373
0.016785,0.0024414,4.2212
0.014496,0.00091553,4.8962
0.016632,0.0013733,4.928
0.017242,0.0015259,4.9268
0.018463,0.0022888,4.9316
0.018921,0.0054932,4.9329
0.019226,0.0036621,4.9316
0.019379,0.0033569,4.9133
0.0177,0.002594,4.9304
0.017395,0.00076294,4.9341
0.016327,-0.00045776,4.9316
0.016327,-0.0016785,4.9377
0.018005,-0.0033569,4.9341
0.016022,-0.0050354,4.9341
0.014343,-0.0056458,4.9304
0.016022,-0.0067139,4.9329
0.013275,-0.0073242,4.9158
0.012665,-0.0054932,4.9268
0.012817,-0.0030518,4.9243
0.013123,-0.0033569,4.9292
0.013275,-0.00076294,4.9304
0.013428,0.00015259,4.9231
0.012512,-0.0015259,4.9158
0.010376,-0.0015259,4.9158
0.011902,-0.0012207,4.9036
0.011139,-0.0010681,4.9146
0.011139,-0.0012207,4.9133
0.011597,-0.0013733,4.8999
0.012665,0.00091553,4.9121
0.014954,0.0016785,4.9146
0.016479,0.0030518,4.9109
0.019379,0.0053406,4.9097
0.021973,0.0080872,4.9109
0.023804,0.010529,4.9097
0.026093,0.012512,4.9158
0.027161,0.012817,4.9109
0.027466,0.012665,4.9133
0.027313,0.011292,4.9084
0.028076,0.0090027,4.9109
0.028229,0.0076294,4.9109
0.027618,0.0067139,4.9121
0.028839,0.0045776,4.9146
0.029144,0.0021362,4.9194
0.028839,-0.00045776,4.9207
0.028534,-0.002594,4.9097
0.028534,-0.0050354,4.9231
0.028534,-0.0038147,4.9231
0.028992,-0.0024414,4.9243
0.029144,-0.002594,4.9243
0.03006,-0.0035095,4.9353
0.030365,-0.0032043,4.9304
0.030365,-0.0035095,4.9329
0.029755,-0.0035095,4.9329
0.029907,-0.0033569,4.9329
0.030823,-0.0028992,4.9133
0.029297,-0.0021362,4.9341
0.031738,-0.00030518,4.9426
0.032349,0,4.9341
0.033264,0.00030518,4.9365
0.033417,0,4.939
0.032959,0.00061035,4.9182
0.031433,0.0013733,4.9341
0.032349,0.0024414,4.9341
0.031433,0.0032043,4.9316
0.028839,0.0024414,4.9292
0.028229,0.0015259,4.928
0.026855,0.00091553,4.9292
0.024261,0.00061035,4.9207
0.023041,-0.00076294,4.9231
0.022278,0.004425,4.9133
0.022278,0.0056458,4.9207
0.02243,0.0065613,4.9194
0.022736,0.0064087,4.9207
0.022278,0.0053406,4.9194
0.020294,0.005188,4.9182
0.02182,0.0059509,4.9133
0.02182,0.0067139,4.9146
0.022278,0.007782,4.9084
0.020142,0.0082397,4.9072
0.020905,0.0071716,4.8975
0.019379,0.0059509,4.9121
0.017853,0.0047302,4.9109
0.016479,0.005188,4.9084
0.016327,0.0038147,4.9109
0.016479,0.0042725,4.9097
0.017395,0.005188,4.9109
0.018005,0.0050354,4.9109
0.018463,0.0057983,4.9182
0.018463,0.0056458,4.9109
0.019073,0.0067139,4.9182
0.019836,0.0074768,4.9158
0.020447,0.0083923,4.9207
0.022278,0.0091553,4.9316
0.023193,0.009613,4.9268
0.024261,0.0091553,4.9377
0.025024,0.0091553,4.9292
0.02533,0.0076294,4.9231
0.02533,0.0071716,4.9304
0.026245,0.0057983,4.9316
0.025787,0.0054932,4.9292
0.026245,0.0073242,4.9316
0.023041,0.002594,4.9292
0.027008,0.0021362,4.9341
0.02655,0.0024414,4.9304
0.02655,0.0030518,4.9365
0.025635,0.0038147,4.9329
0.024414,0.0056458,4.9365
0.022888,0.0059509,4.9316
0.021515,0.0053406,4.9402
0.02243,0.0054932,4.9414
0.02182,0.0050354,0.067139
0.02243,0.005188,0.063477
0.020599,0.0057983,0.061035
0.023651,0.0057983,0.063477
0.024567,0.0057983,0.05127
0.025177,0.0071716,0.05249
0.02533,0.0053406,0.050049
0.024719,0.0048828,0.047607
0.023804,0.0041199,0.047607
0.023651,0.0039673,0.046387
0.023804,0.004425,0.043945
0.023956,0.0039673,0.047607
0.023651,0.0035095,0.043945
0.024109,0.0016785,0.041504
0.023651,0.00091553,0.043945
0.023499,-0.00045776,0.041504
0.023346,-0.0019836,0.039063
0.022278,-0.0068665,0.040283
0.020447,-0.004425,0.056152
0.018768,-0.0065613,0.037842
0.017548,-0.005188,0.048828
0.015869,-0.0064087,0.039063
0.015106,-0.0062561,0.025635
0.014648,-0.0061035,0.036621
0.014801,-0.0048828,0.037842
0.014343,-0.0042725,0.042725
0.015259,-0.0033569,0.043945
0.016327,-0.0032043,0.041504
0.014801,-0.0028992,0.048828
0.018005,-0.0027466,0.047607
0.018921,-0.0035095,0.05127
0.019226,-0.0032043,0.054932
0.019684,-0.0032043,0.061035
0.018921,-0.0033569,0.058594
0.018921,-0.002594,0.059814
0.017853,-0.0010681,0.074463
0.019226,-0.0012207,0.062256
0.020294,-0.00076294,0.059814
0.021667,0,0.063477
0.022583,0.0013733,0.065918
0.023499,0.00076294,0.058594
0.025482,0.00015259,0.056152
0.02533,0.00061035,0.063477
0.025482,0.00030518,0.063477
0.026398,0.00015259,0.061035
0.026398,-0.00030518,0.068359
0.026093,-0.00061035,0.062256
0.025024,-0.0016785,0.067139
0.024109,-0.0018311,0.059814
0.023651,-0.00076294,0.061035
0.02243,0.0010681,0.057373
0.023041,0.0010681,0.058594
0.023499,0.0024414,0.053711
0.02243,0.0022888,0.054932
0.021515,0.0015259,0.061035
0.020447,0.0024414,0.050049
0.019684,0.0019836,0.058594
0.020294,0.0028992,0.046387
0.020752,0.0024414,0.037842
0.021362,0.0019836,0.046387
0.021362,0.0019836,0.042725
0.02121,0.004425,0.037842
0.02182,0.00030518,0.041504
0.020447,-0.00076294,0.040283
0.020752,-0.0018311,0.0354
0.023804,-0.0027466,0.037842
0.02182,-0.0028992,0.041504
0.022278,-0.0028992,0.036621
0.02243,-0.0027466,0.039063
0.020447,-0.0022888,0.042725
0.021362,-0.0022888,0.042725
0.019989,-0.0021362,0.041504
0.019531,-0.0079346,0.040283
0.019379,-0.00076294,0.037842
0.019684,0.0010681,0.043945
0.020294,0.0028992,0.045166
0.020599,0.0048828,0.048828
0.020447,0.0041199,0.040283
0.020447,0.0038147,0.048828
0.021362,0.0036621,0.05127
0.023346,0.0041199,0.056152
0.024567,0.0048828,0.057373
0.025482,0.005188,0.059814
0.025635,0.005188,0.064697
0.02533,0.004425,0.059814
0.023651,0.0021362,0.062256
0.023346,0.0010681,0.061035
0.019073,-0.00015259,0.063477
0.021057,0,0.059814
0.020599,-0.00045776,0.064697
0.019073,-0.00061035,0.075684
0.017853,-0.0015259,0.064697
0.0177,-0.0027466,0.065918
0.017548,-0.0027466,0.064697
0.019379,-0.0032043,0.039063
0.020752,-0.002594,0.061035
0.022278,-0.0012207,0.062256
0.023041,-0.00015259,0.058594
0.022583,0.0013733,0.057373
0.021973,0.0010681,0.054932
0.021362,0.00076294,0.053711
0.020599,0.00015259,0.05127
0.019379,-0.00045776,0.048828
0.019836,-0.0012207,0.047607
0.020599,-0.0022888,0.048828
0.020599,-0.0016785,0.043945
0.020905,-0.0018311,0.047607
0.022583,-0.0021362,0.045166
0.02243,-0.0018311,0.042725
0.025482,-0.0030518,0.045166
0.026398,-0.0015259,0.041504
0.027924,-0.00045776,0.045166
0.028076,0.00045776,0.037842
0.028076,0.00091553,0.037842
0.028076,0.0021362,0.039063
0.027618,0.0036621,0.040283
0.02594,0.0048828,1.2476
0.02594,0.0062561,4.696
0.026093,0.0059509,4.8914
0.02594,0.0064087,4.906
0.026245,0.0062561,4.8999
0.02533,0.0057983,4.9158
0.024261,0.0056458,4.9109
0.023193,0.0056458,4.9182
0.021667,0.0053406,4.9182
0.020905,0.0059509,4.9231
0.021057,0.0068665,4.9304
0.019836,0.0073242,4.9268
0.019379,0.0068665,4.9316
0.018921,0.0067139,4.9292
0.018463,0.0065613,4.9255
0.0177,0.0065613,4.9341
0.018616,0.0062561,4.9304
0.018463,0.0059509,4.9304
0.018005,0.0047302,4.9304
0.01709,0.002594,4.9304
0.016632,0,4.9304
0.015259,-0.002594,4.9316
0.013885,-0.0027466,4.9377
0.012512,-0.0047302,4.9316
0.011902,-0.0050354,4.9353
0.010834,-0.0045776,4.9207
0.010529,-0.0047302,4.9365
0.011292,-0.005188,4.9329
0.011749,-0.0050354,4.9341
0.01236,-0.0054932,4.939
0.012512,-0.0061035,4.9304
0.014343,-0.0057983,4.9341
0.017242,-0.0050354,4.9243
0.018311,-0.0047302,4.9158
0.019836,-0.004425,4.9158
0.021057,-0.0039673,4.9194
0.020599,-0.0036621,4.9243
0.020447,-0.002594,4.9158
0.020599,-0.002594,4.9109
0.021362,-0.0015259,4.9158
0.022278,-0.00045776,4.9133
0.022888,0.00015259,4.9146
0.023041,0.00015259,4.9097
0.024109,0.00076294,4.9158
0.023804,0.0012207,4.9109
0.024414,0.0013733,4.9133
0.024719,0.0018311,4.8999
0.025787,0.0022888,4.9121
0.02533,0.0027466,4.9097
0.024567,0.0019836,4.9109
0.023499,0.0030518,4.8938
0.021515,0.0039673,4.9109
0.019989,0.0010681,4.9084
0.019531,0.0071716,4.9109
0.018463,0.0086975,4.9146
0.017853,0.0099182,4.9146
0.018005,0.009613,4.9194
0.018311,0.0091553,4.9231
0.020752,0.0094604,4.9292
0.02243,0.011597,4.9255
0.024872,0.014801,4.9316
0.027771,0.017242,4.9292
0.028992,0.018463,4.9353
0.029602,0.016327,4.9304
0.026703,0.011902,4.9316
0.027771,0.0083923,4.9353
0.026245,0.0045776,4.9353
0.024414,0.0024414,4.9451
0.02243,-0.00045776,4.9304
0.020599,-0.00091553,4.9231
0.019379,-0.0013733,4.9341
0.019226,-0.0013733,4.9316
0.018921,-0.0047302,4.9329
0.018768,-0.0080872,4.9353
0.017242,-0.01236,4.9316
0.018005,-0.016174,4.9329
0.014038,-0.016632,4.928
0.012817,-0.018005,4.9304
0.011902,-0.018158,4.9255
0.013885,-0.019379,4.928
0.0091553,-0.020599,4.9255
0.0085449,-0.020447,4.9255
0.010834,-0.0177,4.9255
0.011597,-0.013885,4.9207
0.016327,-0.0074768,4.9268
0.02182,-0.00076294,4.9194
0.031128,0.0038147,4.906
0.034332,0.0073242,4.9158
0.041046,0.0086975,4.9146
0.045776,0.010529,4.9121
0.050201,0.0090027,4.9109
0.050964,0.0091553,4.9121
0.050354,0.0091553,4.9109
0.048065,0.0090027,4.9097
0.044556,0.0065613,4.9133
0.038147,0.0028992,4.9072
0.032654,-0.0013733,4.9121
0.028534,-0.0033569,4.9109
0.02594,-0.0041199,4.9109
0.022888,-0.0016785,4.9084
0.02182,0.0018311,4.9121
0.021362,0.0086975,4.9133
0.023346,0.0059509,4.917
0.024719,0.007019,4.928
0.027924,0.0065613,4.9243
0.027924,0.0059509,4.9121
0.028687,0.0048828,4.9255
0.028534,0.002594,4.9255
0.02655,0.00030518,4.9304
0.025177,-0.0033569,4.928
0.022888,-0.0065613,4.9292
0.021362,-0.0091553,0.063477
0.023804,-0.0088501,0.061035
0.022888,-0.007782,0.063477
0.024567,-0.0064087,0.058594
0.026398,-0.004425,0.063477
0.028839,-0.0021362,0.062256
0.032501,-0.0024414,0.062256
0.034485,-0.0021362,0.078125
0.035858,-0.0013733,0.065918
0.037384,-0.00015259,0.063477
0.035858,0.0010681,0.067139
0.032654,0.0022888,0.053711
0.031281,0.0021362,0.064697
0.023346,0.0013733,0.061035
0.020294,0,0.056152
0.0177,0,0.058594
0.016785,0.00030518,0.050049
0.018158,0.0013733,0.05249
0.019379,0.0012207,0.050049
0.020599,0.0010681,0.05249
0.020599,-0.0024414,0.045166
0.022278,-0.0042725,0.047607
0.021973,-0.0057983,0.047607
0.021362,-0.0038147,0.046387
0.020142,-0.0028992,0.043945
0.018768,0.00015259,0.043945
0.015869,0.002594,0.047607
0.01297,0.0033569,0.042725
0.011139,0.0050354,0.047607
0.010376,0.0053406,0.037842
0.01236,0.0057983,0.045166
0.015869,0.0074768,0.040283
0.020142,0.0079346,0.040283
0.024261,0.007782,0.036621
0.026245,0.0079346,0.041504
0.031281,0.0057983,0.039063
0.028839,0.0036621,0.039063
0.027771,0.00030518,0.039063
0.026398,0.0019836,0.046387
0.025024,0.0022888,0.043945
0.023041,0.002594,0.050049
0.020447,0.0028992,0.05249
0.019379,0.0027466,0.054932
0.018311,0.0024414,0.067139
0.018921,0.0018311,0.056152
0.019379,0.0021362,0.064697
0.021667,0.00076294,0.058594
0.023651,0.0016785,0.053711
0.025482,0.0048828,0.061035
0.025482,0.0015259,0.059814
0.026245,0.0036621,0.059814
0.023956,0.00030518,0.063477
0.02243,-0.00030518,0.057373
0.020752,0.0021362,0.063477
0.019836,0.0032043,0.062256
0.019836,0.0045776,0.065918
0.018463,0.005188,0.063477
0.017853,0.0085449,0.068359
0.018311,0.007782,0.068359
0.019379,0.0082397,0.067139
0.02243,0.0090027,0.064697
0.02655,0.0071716,0.061035
0.029602,0.007019,0.067139
0.031128,0.007019,0.057373
0.03067,0.0048828,0.065918
0.03006,0.0093079,0.05249
0.028534,0.010681,0.05127
0.029449,0.010071,0.047607
0.029602,0.012054,0.050049
0.026855,0.010529,0.043945
0.023193,0.01297,0.047607
0.020752,0.014648,0.039063
0.020752,0.015869,0.042725
0.020294,0.014038,0.041504
0.018005,0.0091553,0.040283
0.015564,0.0071716,0.040283
0.016022,0.0035095,0.040283
0.015564,0.0021362,0.040283
0.013275,0.00091553,0.041504
0.010986,-0.0059509,0.05249
0.0082397,-0.009613,0.039063
0.0065613,-0.015106,0.042725
0.0064087,-0.019531,0.037842
0.0067139,-0.019226,0.023193
0.0074768,-0.020905,0.039063
0.0079346,-0.019379,0.042725
0.009613,-0.017242,0.043945
0.01236,-0.016174,0.043945
0.015411,-0.015259,0.042725
0.020752,-0.014496,0.047607
0.024872,-0.01236,0.05127
0.029602,-0.0091553,0.05249
0.030975,-0.0064087,0.05249
0.030975,-0.0050354,0.062256
0.031891,-0.004425,0.058594
0.032501,-0.0032043,0.061035
0.032196,-0.0022888,0.058594
0.033569,-0.00076294,0.059814
0.030518,0.0028992,0.062256
0.032806,0.005188,0.062256
0.032654,0.0093079,0.075684
0.033264,0.011292,0.061035
0.033569,0.013428,0.046387
0.033264,0.014191,0.063477
0.034637,0.014343,0.063477
0.034943,0.013123,0.064697
0.034637,0.014496,0.072021
0.031891,0.014191,0.059814
0.028687,0.015259,0.061035
0.025482,0.014954,0.062256
0.023041,0.015717,0.062256
0.021057,0.014191,0.05249
0.020142,0.012512,0.053711
0.019379,0.011749,0.05249
0.019073,0.011139,0.05249
0.018768,0.0099182,0.053711
0.0177,0.0086975,1.5784
0.016937,0.0073242,4.7229
0.016632,0.0047302,4.8987
0.015564,0.0024414,4.9048
0.014954,0.0012207,4.9133
0.014801,0.00045776,4.9121
0.013275,0.0015259,4.9084
0.012207,0.0016785,4.9121
0.010223,0.0038147,4.9158
0.0099182,0.0038147,4.8938
0.0097656,0.0032043,4.906
0.010071,0.0015259,4.9109
0.011749,0.0028992,4.9084
0.01297,0.0030518,4.8999
0.016479,0.0030518,4.917
0.016022,0.0038147,4.9133
0.016632,0.0035095,4.9097
0.016479,0.0021362,4.9146
0.018463,0.0015259,4.9255
0.018768,-0.00030518,4.917
0.018158,-0.0016785,4.9255
0.017548,0.00061035,4.9231
0.015259,0.0010681,4.9048
0.014191,0.00015259,4.9207
0.013428,0.00045776,4.9255
0.01297,-0.00045776,4.9255
0.014648,-0.0012207,4.9292
0.014954,0.00061035,4.9255
0.015717,0.0010681,4.9341
0.016174,0.002594,4.9316
0.016937,0.002594,4.9329
0.018616,0.0018311,4.9243
0.019989,-0.00076294,4.9329
0.019684,-0.0024414,4.9304
0.021057,-0.0042725,4.9353
0.019989,-0.0047302,4.9414
0.018616,-0.0067139,4.9377
0.01709,-0.0045776,4.9365
0.016479,-0.0048828,4.9377
0.016327,-0.0053406,4.9438
0.017242,-0.0062561,4.9304
0.014801,-0.0062561,4.9426
0.019836,-0.0061035,4.9268
0.021667,-0.0048828,4.9231
0.023499,-0.005188,4.9304
0.024719,-0.002594,4.9207
0.027466,-0.0030518,4.9158
0.028992,-0.004425,4.9194
0.032349,-0.0028992,4.9109
0.032959,-0.0041199,4.9182
0.034637,-0.0021362,4.9231
0.034943,-0.0010681,4.9182
0.03479,0.00091553,4.9121
0.033112,0.00076294,4.9146
0.031891,-0.00076294,4.9231
0.031128,-0.0053406,4.9146
0.03067,-0.004425,4.9182
0.029755,-0.0036621,4.9084
0.030823,-0.0024414,4.9011
0.030365,0.00030518,4.9121
0.029602,0.00015259,4.9109
0.028687,-0.00061035,4.906
0.028381,-0.0013733,4.9084
0.027771,-0.0019836,4.9084
0.027924,-0.0010681,4.9097
0.027008,0.0010681,4.9121
0.026398,0.0018311,4.917
0.024567,0.002594,4.9158
0.021973,0.0016785,4.9219
0.019836,-0.00061035,4.9231
0.017548,-0.0030518,4.928
0.016632,-0.0028992,4.9231
0.016022,-0.0013733,4.9268
0.016479,0.0012207,4.928
0.016785,0.0018311,4.9329
0.013275,0.0019836,4.9402
0.012665,0,4.9329
0.01236,-0.0012207,4.9207
0.011444,-0.0033569,4.928
0.012207,-0.0022888,4.9304
0.012512,-0.0010681,4.9316
0.014191,-0.0022888,4.9304
0.012512,-0.0015259,4.9316
0.012665,-0.002594,4.9365
0.014496,-0.0048828,4.9329
0.018005,-0.0074768,4.9353
0.017395,-0.0054932,4.9194
0.019379,-0.004425,4.9377
0.021515,-0.0010681,4.928
0.022888,-0.002594,4.9353
0.023499,-0.0039673,4.9414
0.024109,-0.0062561,4.9268
0.02533,-0.0082397,4.9255
0.025177,-0.009613,4.9207
0.02533,-0.0099182,4.9023
0.024567,-0.0090027,4.9158
0.022583,-0.0085449,4.9146
0.024567,-0.0085449,4.917
0.023041,-0.0099182,4.9146
0.022736,-0.011597,4.9133
0.023804,-0.01297,4.9158
0.023804,-0.011139,4.9121
0.025024,-0.0088501,4.9084
0.024414,-0.0047302,4.906
0.023956,-0.0032043,4.9133
0.023041,-0.002594,4.9097
0.02243,-0.0018311,4.9109
0.023346,-0.0032043,4.9109
0.025482,-0.00076294,4.9133
0.026703,0.0024414,4.9084
0.027313,0.0057983,0.040283
0.027161,0.0073242,0.040283
0.029144,0.007782,0.039063
0.029297,0.007019,0.0354
0.031891,0.0041199,0.047607
0.032349,0.0024414,0.047607
0.033875,0.002594,0.050049
0.033112,0.0033569,0.05127
0.030975,0.0036621,0.05127
0.027924,0.0042725,0.058594
0.025482,0.0032043,0.053711
0.023651,0.0016785,0.062256
0.02182,0.00030518,0.058594
0.020294,-0.00030518,0.063477
0.0177,0.00076294,0.062256
0.015411,0.0016785,0.062256
0.01236,0.0012207,0.070801
0.010071,-0.00030518,0.063477
0.0093079,-0.0036621,0.070801
0.0082397,-0.0062561,0.061035
0.0086975,-0.0071716,0.054932
0.0091553,-0.0071716,0.067139
0.0090027,-0.0059509,0.064697
0.0067139,-0.0048828,0.063477
0.0086975,-0.0042725,0.064697
0.0097656,-0.0042725,0.058594
0.011902,-0.004425,0.059814
0.015106,-0.0033569,0.056152
0.016327,-0.0015259,0.057373
0.0177,0.0010681,0.05249
0.018921,0.00076294,0.053711
0.019379,0.0050354,0.05249
0.020142,0.0053406,0.05249
0.021973,0.0047302,0.048828
0.023041,0.005188,0.05249
0.025177,0.0032043,0.046387
0.026703,0.0038147,0.042725
0.026855,0.0045776,0.045166
0.026703,0.0059509,0.045166
0.026245,0.0056458,0.039063
0.027008,0.005188,0.037842
0.026855,0.0039673,0.041504
0.026855,0.0039673,0.039063
0.025635,0.0038147,0.041504
0.025024,0.0032043,0.036621
0.024567,0.0016785,0.041504
0.022278,0.0015259,0.037842
0.022125,-0.00030518,0.041504
0.02182,-0.0024414,0.041504
0.022736,-0.0042725,0.041504
0.023651,-0.0048828,0.039063
0.024261,-0.0042725,0.046387
0.025787,-0.0024414,0.059814
0.026398,-0.00091553,0.046387
0.027771,-0.00015259,0.058594
0.028992,-0.00045776,0.053711
0.030365,-0.00091553,0.0354
0.032196,-0.0016785,0.053711
0.034027,-0.00045776,0.058594
0.0354,0.00091553,0.058594
0.035858,0.002594,0.059814
0.035095,0.0041199,0.058594
0.035095,0.0039673,0.059814
0.034027,0.0033569,0.059814
0.035553,0.0036621,0.062256
0.035248,0.0050354,0.056152
0.034943,0.007019,0.063477
0.032806,0.0085449,0.059814
0.031128,0.009613,0.065918
0.029907,0.0097656,0.074463
0.028534,0.0073242,0.065918
0.027008,0.0048828,0.068359
0.026703,0.0035095,0.067139
0.025787,0.0033569,0.076904
0.023499,0.0045776,0.058594
0.020905,0.0053406,0.039063
0.018616,0.0048828,0.056152
0.01709,0.0035095,0.056152
0.014801,0.0016785,0.050049
0.014038,0,0.05249
0.014496,-0.00030518,0.048828
0.014496,-0.00030518,0.050049
0.012054,0.00076294,0.045166
0.010986,0.0010681,0.047607
0.009613,0.00061035,0.043945
0.0097656,0,0.046387
0.010681,-0.00061035,0.043945
0.01236,-0.0012207,0.042725
0.014496,-0.0012207,0.05249
0.016174,0.00045776,0.042725
0.016174,0.0013733,0.046387
0.016632,0.0021362,0.041504
0.016785,0.0033569,0.029297
0.018921,0.0035095,0.036621
0.022278,0.0032043,0.039063
0.023346,0.0035095,0.0354
0.023346,0.0041199,0.039063
0.022583,0.0048828,0.039063
0.02182,0.0056458,0.042725
0.020599,0.0057983,0.042725
0.020294,0.005188,0.045166
0.020294,0.0062561,0.045166
0.020905,0.0032043,0.050049
0.020905,0.0027466,0.05249
0.019836,0.0035095,0.056152
0.018158,0.0024414,0.054932
0.015717,0.0022888,0.059814
0.016632,0.0018311,0.062256
0.018005,0.0032043,0.059814
0.020142,-0.00045776,0.068359
0.021362,-0.0012207,0.058594
0.02243,-0.0010681,0.047607
0.023346,0.00015259,0.058594
0.021667,0.00030518,0.061035
0.021515,0.0010681,0.061035
0.021973,0.0010681,0.059814
0.025787,0.0018311,0.059814
0.027161,0.0012207,4.2957
0.028229,0.0024414,4.8914
0.031281,0.0039673,4.9341
0.028839,0.0048828,4.9316
0.029144,0.0061035,4.928
0.028687,0.0061035,4.9316
0.029907,0.0061035,4.9316
0.031586,0.0054932,4.9402
0.032196,0.0050354,4.9255
0.030365,0.0039673,4.9231
0.028687,0.007019,4.9255
0.024719,0.0074768,4.9097
0.020599,0.007019,4.9207
0.018158,0.005188,4.9158
0.018768,0.0033569,4.917
0.016937,0.0016785,4.917
0.015411,0.00030518,4.9121
0.014038,0.0010681,4.9133
0.010834,-0.00076294,4.9084
0.010071,-0.0041199,4.9133
0.0093079,-0.0030518,4.906
0.009613,-0.0041199,4.9158
0.012512,-0.0045776,4.9084
0.014191,-0.0042725,4.9109
0.015259,-0.0042725,4.9097
0.012817,-0.0030518,4.9011
0.012054,-0.0033569,4.9158
0.013428,-0.0027466,4.9097
0.015717,-0.0022888,4.9207
0.018158,-0.0021362,4.9109
0.021515,-0.00076294,4.8999
0.023041,-0.00045776,4.917
0.024109,-0.00030518,4.9158
0.023346,0.00061035,4.917
0.023804,0.0012207,4.9219
0.026245,0.0013733,4.9182
0.027924,0.0042725,4.9268
0.028229,0.0019836,4.928
0.028076,0.0019836,4.9329
0.02655,0.0021362,4.9304
0.024719,0.0016785,4.9341
0.022888,0.0013733,4.9329
0.021362,0.0022888,4.9341
0.02182,0.0036621,4.9377
0.023193,0.0039673,4.9329
0.023193,0.0038147,4.9316
0.023041,0.0012207,4.9341
0.020905,0.0019836,4.9377
0.020599,0.0015259,4.9377
0.019379,0.0016785,4.9341
0.019379,0.0012207,4.9341
0.020905,0.00076294,4.9377
0.021515,-0.00061035,4.9329
0.022888,-0.0015259,4.9316
0.02121,0.0018311,4.928
0.021057,-0.0021362,4.928
0.019989,-0.0018311,4.9255
0.020294,-0.0010681,4.9255
0.021362,-0.00091553,4.9243
0.025024,-0.0012207,4.9243
0.026398,-0.00091553,4.9182
0.025635,-0.0018311,4.917
0.024261,-0.0019836,4.9304
0.021515,-0.0018311,4.9182
0.020142,-0.0021362,4.9219
0.019989,-0.002594,4.9146
0.021515,-0.0019836,4.9011
0.023193,-0.0022888,4.9036
0.021667,-0.0032043,4.9133
0.020752,-0.0038147,4.9133
0.018311,-0.0028992,4.9084
0.017242,-0.002594,4.9048
0.01709,-0.0010681,4.9109
0.019684,-0.00030518,4.906
0.021515,-0.00045776,4.9109
0.023346,-0.00030518,4.9048
0.022736,0,4.9133
0.019684,-0.0010681,4.9109
0.017853,0,4.917
0.016479,0.00045776,4.9243
0.018768,0.0016785,4.9182
0.019836,0.0013733,4.9158
0.021057,-0.00076294,4.9243
0.019531,-0.0016785,4.9048
0.014801,-0.0013733,4.9243
0.015717,-0.00015259,4.9341
0.015869,0.00076294,4.9304
0.015717,0.00076294,4.9316
0.0177,-0.00091553,4.928
0.019226,-0.002594,4.9207
0.019836,-0.0030518,4.9304
0.019073,-0.004425,4.9316
0.01709,-0.0022888,4.928
0.015106,-0.0016785,4.9316
0.014648,-0.0016785,4.9341
0.016022,-0.0019836,4.9353
0.019226,-0.0033569,4.9377
0.021973,-0.0039673,4.9377
0.021362,-0.0039673,4.9438
0.020447,-0.0036621,4.9353
0.020599,-0.0018311,4.9414
0.020599,-0.00015259,4.9329
0.021515,0.0013733,4.9207
0.023041,0.0015259,4.9268
0.024109,0.0010681,4.9255
0.024261,0.00061035,4.9219
0.022125,-0.00015259,4.9219
0.021057,-0.00015259,4.9194
0.019989,0.00091553,4.9182
0.020142,0.0024414,0.047607
0.023956,0.002594,0.047607
0.02594,-0.00015259,0.042725
0.027008,-0.00076294,0.046387
0.027313,-0.0021362,0.042725
0.025482,0.00061035,0.042725
0.024719,0.00076294,0.042725
0.023499,0.0018311,0.042725
0.023956,0.0059509,0.042725
0.024261,0.0028992,0.039063
0.024567,0.0010681,0.031738
0.023651,-0.0010681,0.037842
0.02243,-0.0013733,0.032959
0.019836,0.00030518,0.03418
0.019226,0.0028992,0.040283
0.019379,0.0028992,0.039063
0.021362,0.0024414,0.042725
0.022736,0.00015259,0.041504
0.021515,-0.0016785,0.048828
0.019531,-0.0028992,0.043945
0.015259,-0.0016785,0.05249
0.013428,-0.00045776,0.053711
0.012665,-0.00030518,0.053711
0.01358,0.00061035,0.046387
0.014191,-0.0015259,0.059814
0.015869,-0.0041199,0.064697
0.015717,-0.0062561,0.058594
0.014496,-0.0056458,0.072021
0.013275,-0.0038147,0.059814
0.013733,-0.0021362,0.046387
0.014954,-0.0010681,0.059814
0.01709,-0.0018311,0.057373
0.019226,-0.0036621,0.062256
0.018768,-0.0033569,0.061035
0.018005,-0.0035095,0.061035
0.016937,-0.0015259,0.068359
0.017242,0.00030518,0.064697
0.018311,-0.00045776,0.067139
0.021057,-0.0010681,0.063477
0.022278,-0.0038147,0.064697
0.022736,-0.0062561,0.058594
0.022125,-0.0068665,0.058594
0.020142,-0.004425,0.065918
0.018768,-0.0019836,0.053711
0.018921,0.00045776,0.05127
0.019226,-0.0048828,0.048828
0.020294,0.0018311,0.036621
0.020447,-0.00015259,0.047607
0.019989,-0.0021362,0.046387
0.016174,-0.0033569,0.043945
0.015411,-0.0022888,0.042725
0.014496,-0.00061035,0.040283
0.015869,0,0.041504
0.018921,-0.00076294,0.039063
0.019989,-0.0036621,0.039063
0.02182,-0.0030518,0.031738
0.021362,-0.0013733,0.042725
0.018768,0.00045776,0.039063
0.019989,0.0032043,0.041504
0.020447,0.005188,0.040283
0.022278,0.0041199,0.039063
0.024109,0.0030518,0.047607
0.025787,0.00030518,0.041504
0.025024,-0.0010681,0.050049
0.023499,0,0.041504
0.022583,0.00015259,0.039063
0.022125,0.0015259,0.047607
0.023041,0.0012207,0.046387
0.024261,-0.00061035,0.047607
0.023651,-0.0035095,0.056152
0.022583,-0.0056458,0.05249
0.019531,-0.0056458,0.059814
0.016785,-0.004425,0.057373
0.015106,-0.0012207,0.062256
0.015411,-0.00045776,0.058594
0.014801,-0.00091553,0.063477
0.018768,-0.0019836,0.064697
0.020752,-0.0048828,0.062256
0.020294,-0.0050354,0.068359
0.019379,-0.0039673,0.062256
0.018768,-0.0016785,0.062256
0.018005,-0.00045776,0.064697
0.018005,0.0038147,0.073242
0.017853,-0.0021362,0.065918
0.01709,-0.0039673,0.064697
0.016632,-0.0039673,0.063477
0.014496,-0.0028992,0.062256
0.017395,-0.00015259,0.054932
0.019226,0.0024414,0.062256
0.022125,0.0012207,0.053711
0.026398,0.0016785,0.058594
0.028229,0.0010681,0.050049
0.029297,-0.0013733,0.05249
0.028534,-0.0019836,0.05249
0.027313,-0.0018311,0.05127
0.024567,-0.00076294,0.042725
0.02182,0.00015259,0.050049
0.02182,-0.0013733,0.054932
0.020294,-0.002594,0.045166
0.02243,-0.004425,0.048828
0.02182,-0.0050354,0.042725
0.020599,-0.0059509,0.028076
0.02182,-0.0030518,0.03418
0.02243,-0.00091553,0.040283
0.023956,-0.00030518,0.037842
0.025177,0,0.040283
0.026093,-0.0019836,0.03418
0.026703,-0.0032043,0.039063
0.025482,-0.0041199,0.041504
0.023651,-0.0015259,0.039063
0.022125,0.0015259,0.039063
0.022583,0.0033569,0.046387
0.022736,0.0028992,0.042725
0.025787,0.00045776,0.046387
0.026703,-0.0018311,0.050049
0.026245,-0.0022888,0.046387
0.023499,-0.0010681,0.047607
0.026093,0.0019836,0.053711
0.026245,0.0050354,4.502
0.03067,0.0018311,4.895
0.029144,0.0057983,4.9109
0.030365,0.0039673,4.9292
0.029907,0.0022888,4.9292
0.028381,0.002594,4.928
0.02655,0.0041199,4.9316
0.02533,0.0068665,4.9292
0.024872,0.0080872,4.9353
0.024567,0.0085449,4.9304
0.024719,0.0068665,4.9365
0.024109,0.0050354,4.928
0.023804,0.005188,4.9365
0.022583,0.0062561,4.9341
0.022583,0.0093079,4.9377
0.023499,0.011139,4.9463
0.024414,0.010834,4.9365
0.025024,0.0079346,4.9365
0.025024,0.0041199,4.9316
0.024261,0.0022888,4.917
0.021973,0.0012207,4.9268
0.020447,0.0036621,4.9243
0.019073,0.0054932,4.9182
0.018616,0.0059509,4.9219
0.019226,0.0053406,4.9207
0.019379,0.0038147,4.9182
0.020294,0.0021362,4.9158
0.020294,-0.00045776,4.917
0.019989,0.0028992,4.9133
0.019379,0.0042725,4.9158
0.019684,0.0047302,4.9146
0.020142,0.0039673,4.9146
0.021515,0.002594,4.9109
0.023041,0.0021362,4.9158
0.022736,0.0016785,4.9146
0.022736,0.0028992,4.9109
0.020447,0.004425,4.9146
0.019073,0.0050354,4.9133
0.019836,0.0053406,4.9036
0.021973,0.0035095,4.9084
0.023651,0.0021362,4.9084
0.024109,0.00015259,4.9109
0.024109,0.00076294,4.9133
0.023346,0.00061035,4.9109
0.023346,0.0015259,4.9182
0.023956,0.0028992,4.9194
0.024872,0.0028992,4.9243
0.026855,0.0021362,4.9207
0.027924,0.0010681,4.928
0.027008,0.0010681,4.9268
0.025635,0.0022888,4.9316
0.024872,0.0036621,4.9426
0.024414,0.005188,4.9329
0.025177,0.0053406,4.9341
0.026245,0.0053406,4.939
0.026703,0.0038147,4.9219
0.02655,0.0038147,4.9304
0.02533,0.0042725,4.9304
0.024261,0.005188,4.9329
0.022736,0.0067139,4.9353
0.021973,0.0073242,4.9341
0.021515,0.0071716,4.9414
0.022125,0.0065613,4.9353
0.022278,0.0032043,4.9365
0.02243,0.004425,4.9255
0.02182,0.0033569,4.9353
0.020752,0.0038147,4.9292
0.019989,0.0038147,4.9304
0.020447,0.0028992,4.9304
0.02243,0.0010681,4.9182
0.020752,-0.00076294,4.9255
0.020752,-0.0015259,4.9231
0.019379,-0.0013733,4.9292
0.016632,0.00015259,4.917
0.014801,0.0013733,4.9036
0.014954,0.0032043,4.9158
0.015869,0.0032043,4.9146
0.017242,0.0024414,4.9133
0.018463,0.0015259,4.9121
0.018921,0.00076294,4.9109
0.018463,0.00045776,4.917
0.0177,0.0012207,4.9084
0.017548,0.0016785,4.9133
0.0177,0.0022888,4.9097
0.018158,0.0015259,4.9121
0.018158,0.00045776,4.9133
0.0177,-0.00015259,4.9097
0.016632,0.00015259,4.9194
0.015564,0.0022888,4.9146
0.015564,0.0041199,4.9194
0.015411,0.0054932,4.9146
0.016022,0.0053406,4.9097
0.016022,0.0041199,4.9182
0.016479,0.0022888,4.9194
0.016785,0.0016785,4.9207
0.016785,0.0016785,4.9255
0.016327,0.002594,4.9304
0.016327,0.0019836,4.9304
0.015564,0.0019836,4.9292
0.015564,0.00076294,4.9353
0.016022,0,4.9304
0.016174,0,4.9304
0.015106,0.00076294,4.9353
0.014954,0.0027466,4.9353
0.014496,0.0030518,4.9341
0.013885,0.002594,4.9353
0.015259,0.0016785,4.9353
0.016327,-0.00030518,4.9268
0.018158,-0.0018311,0.074463
0.019989,-0.00076294,0.065918
0.019836,0.00030518,0.057373
0.019989,0.0022888,0.063477
0.019684,0.0030518,0.062256
0.018921,0.0028992,0.058594
0.018463,0.0013733,0.058594
0.018311,-0.00076294,0.05127
0.018921,-0.00076294,0.054932
0.018616,-0.0012207,0.048828
0.019531,0.00015259,0.045166
0.019379,0.00061035,0.050049
0.020142,0.00061035,0.05249
0.02121,0.00015259,0.047607
0.020905,-0.00030518,0.047607
0.021362,-0.00030518,0.057373
0.019379,0.0010681,0.046387
0.020599,0.0021362,0.042725
0.018768,0.0033569,0.041504
0.018158,0.0019836,0.025635
0.016327,0.0024414,0.0354
0.016479,0.0013733,0.036621
0.016479,0,0.039063
0.018616,-0.0012207,0.039063
0.017395,0.00045776,0.036621
0.017548,0.0010681,0.041504
0.017242,0.0032043,0.040283
0.017242,0.00045776,0.040283
0.0177,-0.00045776,0.037842
0.018311,-0.00061035,0.043945
0.019379,-0.00061035,0.046387
0.019531,0.0019836,0.048828
0.020447,0.0039673,0.05249
0.02182,0.0048828,0.057373
0.020447,0.0047302,0.053711
0.019989,0.0038147,0.054932
0.021515,0.0018311,0.064697
0.022583,0,0.058594
0.022583,-0.0021362,0.05127
0.021667,-0.0010681,0.062256
0.020447,-0.0021362,0.061035
0.018311,-0.0042725,0.061035
0.016479,-0.005188,0.062256
0.016327,-0.0074768,0.057373
0.015564,-0.0080872,0.063477
0.016632,-0.0080872,0.057373
0.01709,-0.0057983,0.06958
0.017395,-0.0038147,0.062256
0.017853,-0.0030518,0.068359
0.018311,-0.0038147,0.065918
0.018768,-0.004425,0.067139
0.019531,-0.0050354,0.076904
0.020142,-0.0050354,0.063477
0.02121,-0.0045776,0.062256
0.021973,-0.0028992,0.057373
0.02243,-0.0015259,0.046387
0.02243,-0.00045776,0.05249
0.023346,-0.0016785,0.05249
0.023956,-0.0022888,0.046387
0.025787,-0.0035095,0.048828
0.026398,-0.0024414,0.047607
0.028534,-0.0018311,0.046387
0.03006,-0.0010681,0.043945
0.03006,-0.0010681,0.045166
0.029755,-0.0015259,0.039063
0.029602,-0.0022888,0.041504
0.029449,-0.0030518,0.042725
0.029297,-0.0071716,0.042725
0.032654,-0.0022888,0.037842
0.028534,-0.00076294,0.041504
0.026703,-0.00015259,0.043945
0.024414,-0.00076294,0.039063
0.022125,-0.0013733,0.046387
0.020599,-0.0019836,0.039063
0.019989,-0.0021362,0.031738
0.019989,-0.0024414,0.036621
0.019989,-0.0021362,0.039063
0.020447,-0.0028992,0.039063
0.019379,-0.0027466,0.043945
0.02182,-0.0042725,0.042725
0.021515,-0.0054932,0.05127
0.019989,-0.005188,0.048828
0.019073,-0.0053406,0.05127
0.018463,-0.0047302,0.053711
0.017853,-0.0042725,0.056152
0.016479,-0.0041199,0.05127
0.0177,-0.005188,0.061035
0.016632,-0.0048828,0.076904
0.0177,-0.0050354,0.062256
0.018616,-0.0039673,0.062256
0.020447,-0.0064087,0.062256
0.021515,-0.0028992,0.057373
0.022583,-0.0033569,0.054932
0.021973,-0.0039673,0.062256
0.021362,-0.0047302,0.063477
0.020294,-0.0054932,0.063477
0.018311,-0.0057983,0.061035
0.016632,-0.0054932,0.068359
0.016785,-0.004425,0.063477
0.016937,-0.002594,0.064697
0.016632,-0.0027466,0.059814
0.016174,-0.0021362,0.063477
0.016632,-0.0013733,0.056152
0.01709,-0.0010681,0.057373
0.018158,0.0033569,0.054932
0.020294,0.0010681,0.050049
0.019226,0.00091553,0.059814
0.021362,0.0016785,0.047607
0.019989,0.0021362,0.062256
0.019073,0.0018311,0.046387
0.019379,0.0024414,0.037842
0.020142,0.0028992,0.042725
0.02243,0.0022888,0.037842
0.023346,0.0016785,0.040283
0.023346,0,0.040283
0.022125,-0.0016785,0.03418
0.021362,-0.0032043,0.039063
0.021667,-0.0036621,0.032959
0.021973,-0.0032043,4.3799
0.021973,-0.0021362,4.8694
0.02243,-0.0015259,4.9048
0.02243,-0.0012207,4.9048
0.022125,-0.0010681,4.9146
0.02121,-0.00030518,4.9146
0.021515,0.00045776,4.9133
0.022583,0.0012207,4.9133
0.023041,0.0019836,4.9133
0.024567,0.00061035,4.9121
0.025177,-0.0010681,4.9194
0.024567,-0.0041199,4.9158
0.023956,-0.0064087,4.9194
0.023346,-0.0071716,4.9243
0.023651,-0.0067139,4.9268
0.023346,-0.0048828,4.928
0.023346,-0.0036621,4.9268
0.024109,-0.0030518,4.9341
0.023651,-0.0028992,4.9316
0.022736,-0.0027466,4.9365
0.022583,-0.0022888,4.9304
0.022736,-0.00091553,4.9329
0.023804,0.00061035,4.9268
0.024109,0,4.9341
0.026093,-0.0016785,4.9426
0.025635,-0.0041199,4.928
0.025482,-0.0054932,4.939
0.024567,-0.0057983,4.9402
0.026703,-0.0038147,4.9146
0.025635,-0.0019836,4.9341
0.024567,-0.00030518,4.9243
0.024567,-0.0012207,4.9353
0.023499,-0.00045776,4.9304
0.02121,-0.0013733,4.9231
0.021057,-0.0021362,4.9243
0.02121,0.00045776,4.9231
0.022888,0.00030518,4.9231
0.023346,0.00076294,4.9133
0.024109,-0.00030518,4.917
0.024414,-0.0015259,4.9182
0.023804,-0.0032043,4.9194
0.022278,-0.0033569,4.9182
0.021973,-0.0028992,4.917
0.021973,-0.00015259,4.9109
0.02121,0.0027466,4.9109
0.021057,0.0045776,4.9036
0.021515,0.0045776,4.9097
0.02243,0.0039673,4.9072
0.023041,0.0030518,4.9121
0.022736,0.0010681,4.9084
0.024567,0.0018311,4.9072
0.026398,0.0010681,4.9109
0.026703,0.00045776,4.9097
0.026855,0.00015259,4.9084
0.026093,-0.00076294,4.9072
0.024567,-0.0010681,4.9146
0.024414,0.00076294,4.9121
0.024261,0.0024414,4.9182
0.024261,0.0039673,4.9158
0.023651,0.0057983,4.9231
0.023804,0.0068665,4.9316
0.023346,0.0068665,4.9255
0.023499,0.0064087,4.9353
0.023804,0.0061035,4.9304
0.023346,0.0059509,4.9182
0.023499,0.0065613,4.9292
0.023956,0.007019,4.9304
0.022888,0.0035095,4.9304
0.019379,0.0067139,4.9304
0.019989,0.0056458,4.9304
0.019226,0.005188,4.9341
0.018616,0.0061035,4.9316
0.018311,0.0074768,4.9365
0.018158,0.0067139,4.9231
0.017853,0.0059509,4.939
0.018921,0.0067139,4.9377
0.018768,0.004425,4.9365
0.019684,0.0036621,4.9414
0.019836,0.0028992,4.9377
0.022278,0.0035095,4.9316
0.020142,0.004425,4.928
0.020905,0.005188,4.9316
0.021057,0.0042725,4.9255
0.022278,0.0053406,4.9194
0.021515,0.0047302,4.9231
0.02121,0.004425,4.9194
0.020294,0.0050354,4.9182
0.017853,0.0054932,4.9146
0.019989,0.0056458,4.9121
0.020142,0.0048828,4.9158
0.019531,0.0042725,4.9097
0.018463,0.0033569,4.9146
0.018463,0.002594,4.9146
0.016937,0.0013733,4.9158
0.015869,0.00091553,4.9084
0.015106,0.00076294,4.9158
0.014496,-0.00015259,4.9243
0.014496,-0.00061035,4.9109
0.013428,-0.00061035,4.9207
0.013275,-0.00030518,4.906
0.013733,-0.00076294,4.895
0.014801,0,4.9097
0.016174,0.00015259,4.9097
0.018463,0.00091553,4.9133
0.020142,0.0019836,4.9146
0.021667,0.0027466,4.9194
0.024109,0.0018311,4.9207
0.023804,0.0018311,4.9207
0.024109,0.0019836,0.05127
0.023804,0.0035095,0.054932
0.023956,0.0032043,0.058594
0.024261,0.0036621,0.057373
0.022278,0.0036621,0.063477
0.023804,0.0038147,0.073242
0.024719,0.0032043,0.061035
0.024414,0.0027466,0.057373
0.023956,0.0024414,0.063477
0.024261,0.0035095,0.065918
0.023499,0.0035095,0.061035
0.023346,0.0035095,0.046387
0.023651,0.0027466,0.062256
0.023193,0.002594,0.062256
0.021362,0.0018311,0.062256
0.019226,0.0021362,0.06958
0.018616,0.0022888,0.063477
0.0177,0.0024414,0.063477
0.018158,0.0022888,0.059814
0.018158,0.0010681,0.063477
0.019379,0.0028992,0.056152
0.019836,0.0028992,0.056152
0.019379,0.0032043,0.054932
0.018311,-0.00045776,0.05249
0.018768,0.0019836,0.061035
0.019226,0.0018311,0.05127
0.019226,0.00076294,0.062256
0.019226,0.002594,0.046387
0.018921,0.0038147,0.039063
0.017395,0.004425,0.039063
0.016632,0.0016785,0.042725
0.016785,0.0042725,0.040283
0.0177,0.0032043,0.041504
0.018005,0.0022888,0.046387
0.014343,0.0019836,0.040283
0.018311,0.0024414,0.037842
0.018463,0.0027466,0.041504
0.018463,0.0032043,0.037842
0.018311,0.0032043,0.042725
0.017242,0.002594,0.041504
0.016632,0.0024414,0.041504
0.016632,0.0016785,0.041504
0.016479,0.0019836,0.042725
0.016022,0.0021362,0.045166
0.015564,0.0015259,0.043945
0.014954,-0.00030518,0.043945
0.014648,-0.00045776,0.050049
0.015259,-0.0016785,0.045166
0.015564,-0.0016785,0.05127
0.015564,-0.00076294,0.054932
0.016022,-0.0010681,0.05249
0.016327,-0.0012207,0.057373
0.016479,-0.00030518,0.059814
0.016327,0.00091553,0.064697
0.016174,0.00061035,0.058594
0.016632,0.0015259,0.064697
0.017853,0.0030518,0.061035
0.018158,0.0022888,0.063477
0.018158,0.0022888,0.059814
0.017853,0.0021362,0.063477
0.016937,0.0018311,0.073242
0.020599,0.00045776,0.067139
0.021362,0,0.068359
0.02182,0.00015259,0.067139
0.02243,0.00030518,0.047607
0.023041,0.00076294,0.063477
0.023041,-0.00030518,0.064697
0.023499,0.00061035,0.061035
0.023041,0.00015259,0.054932
0.023041,-0.00045776,0.050049
0.022888,0.0010681,0.054932
0.022278,0.0016785,0.048828
0.024109,0.0018311,0.047607
0.022736,0.00076294,0.045166
0.022278,-0.00030518,0.047607
0.020447,-0.0015259,0.043945
0.018463,-0.0032043,0.046387
0.01709,-0.004425,0.045166
0.015106,-0.0030518,0.042725
0.016785,-0.0053406,0.042725
0.01709,-0.0045776,0.042725
0.016937,-0.0030518,0.0354
0.016937,-0.0012207,0.041504
0.017242,0,0.043945
0.018158,-0.00030518,0.040283
0.019989,0.00061035,0.040283
0.021515,0.00045776,0.037842
0.023499,0.00045776,0.039063
0.024261,0.00076294,0.037842
0.023956,0.00030518,0.040283
0.023651,-0.00015259,0.037842
0.023499,-0.00061035,0.045166
0.024567,-0.0012207,0.045166
0.025177,-0.0015259,0.048828
0.026093,-0.00015259,0.047607
0.026245,0.0010681,0.054932
0.026703,0.0028992,0.063477
0.026245,0.0035095,0.057373
0.023956,0.0030518,0.068359
0.022888,0.0027466,0.058594
0.021057,0.0022888,0.05249
0.019836,0.0013733,0.062256
0.019379,0.00045776,0.062256
0.017242,-0.00091553,0.062256
0.015717,-0.0021362,0.057373
0.013733,-0.0041199,0.057373
0.013275,-0.0054932,0.061035
0.012817,-0.005188,0.062256
0.01297,-0.005188,0.064697
0.014496,-0.0038147,0.063477
0.015717,-0.0028992,0.067139
0.017548,-0.0019836,0.06958
0.0177,-0.0012207,0.065918
0.019379,-0.00015259,0.063477
0.020752,0.00061035,0.058594
0.022583,0.00015259,0.057373
0.023804,0.0010681,0.058594
0.025635,0.0012207,0.067139
0.027466,0.00076294,4.4763
0.028839,0.00030518,4.8889
0.029449,-0.00030518,4.9121
0.03006,-0.00076294,4.9158
0.029907,-0.00076294,4.9182
0.029144,-0.00015259,4.9146
0.028839,0.0010681,4.9121
0.027618,0.0016785,4.9146
0.027313,0.0022888,4.9097
0.025482,0.0018311,4.9109
0.023041,0.0010681,4.9097
0.021973,0.00076294,4.9146
0.020599,0.00045776,4.906
0.019989,0.00030518,4.9121
0.019684,0.0010681,4.9207
0.020294,0.0012207,4.9109
0.020294,0.0016785,4.9109
0.019379,-0.00030518,4.9109
0.018616,-0.0013733,4.8975
0.018158,0.00045776,4.9084
0.017853,0.0010681,4.9109
0.017548,0.0021362,4.9133
0.018005,0.0016785,4.9146
0.018768,0.0010681,4.917
0.019379,0.00045776,4.9158
0.020447,0.00045776,4.9194
0.021057,0.00061035,4.9243
0.02121,0.0013733,4.9243
0.022125,0.0021362,4.9194
0.019836,0.00091553,4.9316
0.021515,0.00045776,4.9329
0.020294,-0.00030518,4.9304
0.019073,-0.0027466,4.9316
0.018005,-0.004425,4.9316
0.016479,-0.0039673,4.9353
0.016327,-0.0047302,4.9438
0.016022,-0.0033569,4.9304
0.016327,-0.0019836,4.9243
0.016327,-0.0022888,4.9329
0.016937,-0.0012207,4.9316
0.016327,-0.0010681,4.9329
0.015411,-0.0012207,4.9377
0.013733,-0.0013733,4.9329
0.013428,-0.00091553,4.9341
0.013123,-0.00091553,4.9292
0.01297,-0.00045776,4.9329
0.012054,-0.00030518,4.9231
0.01358,-0.0019836,4.9268
0.013733,-0.0028992,4.9231
0.017242,-0.0041199,4.9243
0.018158,-0.0038147,4.9292
0.020142,-0.002594,4.9194
0.022278,-0.0018311,4.9158
0.024261,-0.0013733,4.917
0.023804,-0.0010681,4.9048
0.024719,-0.0019836,4.9133
0.024719,-0.0050354,4.9109
0.025177,-0.0019836,4.9121
0.025024,-0.00061035,4.9109
0.025482,0.00061035,4.9109
0.025787,0.002594,4.9121
0.024872,0.0024414,4.9072
0.024872,0.00091553,4.9109
0.024719,-0.00061035,4.9084
0.024872,-0.0027466,4.9109
0.025177,-0.0027466,4.9109
0.024719,-0.0016785,4.917
0.023499,-0.00091553,4.9048
0.02121,-0.0039673,4.9146
0.020905,-0.00045776,4.9158
0.019379,-0.0012207,4.9146
0.019379,-0.0015259,4.928
0.019073,-0.0018311,4.9207
0.018311,-0.00076294,4.906
0.018768,-0.00076294,4.9231
0.019226,-0.00045776,4.9231
0.018463,-0.0016785,4.9292
0.019073,-0.002594,4.928
0.018311,-0.0036621,4.9255
0.019226,-0.004425,4.9341
0.019226,-0.0039673,4.9304
0.020294,-0.0035095,4.9329
0.019836,-0.002594,4.9292
0.020599,-0.002594,4.9341
0.021515,-0.0015259,4.9292
0.022125,-0.0022888,4.9353
0.02243,-0.002594,4.9463
0.024872,-0.0012207,4.9377
0.027008,-0.0012207,4.9377
0.027771,-0.00061035,4.939
0.025482,0.00015259,4.9207
0.026398,-0.00076294,4.9316
0.025024,-0.0010681,4.9316
0.024414,-0.00061035,4.9304
0.023193,-0.0022888,4.9268
0.02243,-0.0012207,4.9231
0.021973,0.00061035,4.9243
0.018921,0.0013733,4.9219
0.0177,0,4.9182
0.017548,-0.0013733,4.9158
0.016327,-0.0035095,4.9182
0.018463,-0.0019836,4.9194
0.018768,-0.0027466,4.9194
0.019684,-0.0021362,4.9133
0.020142,-0.00076294,4.9146
0.019379,-0.0010681,4.9158
0.019379,-0.0016785,4.9146
0.019073,-0.0015259,4.9133
0.018311,-0.00061035,0.036621
0.020599,0.0012207,0.032959
0.021362,0.0030518,0.040283
0.021973,0.0042725,0.036621
0.022736,0.0024414,0.036621
0.02243,0.0033569,0.041504
0.026093,0.0033569,0.036621
0.027008,0.0033569,0.042725
0.028839,0.0022888,0.040283
0.029907,0.0033569,0.047607
0.030975,0.0024414,0.043945
0.030518,0.002594,0.050049
0.030518,0.0024414,0.048828
0.029144,0.0033569,0.053711
0.027161,0.0041199,0.064697
0.027008,0.005188,0.058594
0.025177,0.0059509,0.065918
0.025482,0.0057983,0.061035
0.024567,0.0056458,0.05249
0.02594,0.0053406,0.062256
0.023193,0.0053406,0.062256
0.023499,0.0053406,0.059814
0.023041,0.0053406,0.063477
0.024109,0.0053406,0.059814
0.022583,0.0053406,0.063477
0.022736,0.0056458,0.059814
0.020294,0.0054932,0.068359
0.020294,0.0056458,0.064697
0.019073,0.0065613,0.068359
0.019989,0.0062561,0.067139
0.020294,0.0091553,0.067139
0.021057,0.0047302,0.063477
0.021057,0.0054932,0.062256
0.021057,0.0061035,0.064697
0.020905,0.0062561,0.058594
0.021973,0.0057983,0.061035
0.022125,0.0053406,0.056152
0.021973,0.0039673,0.036621
0.020905,0.0028992,0.046387
0.020142,0.0013733,0.047607
0.019531,0.0010681,0.047607
0.018921,0,0.043945
0.019226,-0.00091553,0.037842
0.019531,-0.0022888,0.048828
0.019836,-0.0027466,0.040283
0.019989,-0.0022888,0.041504
0.020447,-0.0027466,0.040283
0.02182,-0.0022888,0.03418
0.020599,-0.0016785,0.037842
0.02182,0.00045776,0.042725
0.02243,0.0012207,0.056152
0.023193,0.0013733,0.042725
0.024719,0.0010681,0.046387
0.025024,0.0015259,0.042725
0.026093,0.0022888,0.020752
0.025635,0.0039673,0.040283
0.02594,0.004425,0.041504
0.026245,0.0059509,0.042725
0.026398,0.007019,0.045166
0.027008,0.0064087,0.040283
0.026703,0.0053406,0.050049
0.027618,0.0045776,0.05127
0.028381,0.0041199,0.056152
0.027924,0.0038147,0.063477
0.027466,0.0036621,0.058594
0.027313,0.0045776,0.059814
0.025787,0.0038147,0.062256
0.025024,0.0033569,0.067139
0.023346,0.0028992,0.062256
0.02182,0.0042725,0.061035
0.022125,0.0045776,0.062256
0.021362,0.0056458,0.074463
0.020905,0.0050354,0.061035
0.020447,0.0028992,0.05127
0.020905,0.00076294,0.065918
0.02182,-0.00061035,0.062256
0.021973,-0.0010681,0.061035
0.023041,0.00091553,0.067139
0.021667,0.0018311,0.063477
0.020599,0.002594,0.065918
0.019073,0.002594,0.058594
0.019073,0.0024414,0.059814
0.019531,0.0018311,0.05127
0.020142,0.0022888,0.056152
0.019684,0.0036621,0.05127
0.019989,0.0048828,0.05249
0.019531,0.0053406,0.058594
0.020447,0.0053406,0.046387
0.020447,0.0036621,0.047607
0.020294,0.0021362,0.046387
0.019989,0.0016785,0.0354
0.019531,0.0021362,0.042725
0.019073,0.0038147,0.042725
0.018311,0.0068665,0.039063
0.018158,0.0054932,0.040283
0.018158,0.005188,0.037842
0.019531,0.0039673,0.039063
0.020294,0.0053406,0.039063
0.02121,0.0057983,0.040283
0.021362,0.0065613,0.036621
0.017395,0.0068665,0.041504
0.020599,0.0067139,0.040283
0.019379,0.0053406,0.042725
0.018768,0.0030518,0.040283
0.018005,0.004425,0.045166
0.017242,0.0028992,0.05127
0.016937,0.0038147,0.045166
0.016327,0.0042725,0.05249
0.016022,0.0050354,0.05127
0.016937,0.0045776,0.037842
0.016174,0.0035095,0.053711
0.0177,0.0024414,0.056152
0.0177,0.0056458,0.059814
0.0177,0.0021362,0.058594
0.016937,0.0022888,0.056152
0.016785,0.0024414,0.062256
0.016632,0.0018311,0.062256
0.016174,0.0012207,2.9016
0.016785,-0.00045776,4.8022
0.018005,-0.0013733,4.9255
0.018463,-0.00091553,4.9255
0.018463,0.00015259,4.9341
0.018921,0.002594,4.9426
0.019226,0.00091553,4.9377
0.018463,0.0015259,4.9353
0.018768,0.0010681,4.9365
0.019379,-0.00030518,4.9353
0.019684,-0.00076294,4.9329
0.020142,-0.00045776,4.928
0.019836,-0.00061035,4.9268
0.019989,0.0032043,4.9255
0.020142,-0.00030518,4.9207
0.019226,-0.0012207,4.9231
0.019226,-0.0022888,4.917
0.019836,-0.0022888,4.9048
0.018005,-0.0010681,4.9158
0.018311,0.00091553,4.917
0.018921,0.0033569,4.9158
0.019684,0.0033569,4.9158
0.018921,0.002594,4.917
0.019226,0.0010681,4.9121
0.020142,0.00076294,4.9194
0.021973,-0.00015259,4.9109
0.022736,0.0012207,4.9219
0.023499,0.0032043,4.906
0.024872,0.0033569,4.8999
0.024109,0.0035095,4.9121
0.023346,0.0016785,4.9084
0.023346,-0.00076294,4.906
0.023193,-0.0022888,4.9084
0.023193,0.00045776,4.9109
0.023346,0.0021362,4.9097
0.019531,0.005188,4.9109
0.021667,0.0048828,4.9207
0.019531,0.0038147,4.917
0.018311,0.0012207,4.9219
0.016785,0.00030518,4.9194
0.016174,-0.0021362,4.928
0.015869,-0.0021362,4.9304
0.015259,-0.0021362,4.9292
0.013733,-0.0033569,4.9268
0.013733,-0.0041199,4.9316
0.013123,-0.0065613,4.9365
0.01236,-0.0086975,4.9329
0.0099182,-0.0093079,4.9243
0.012512,-0.0090027,4.928
0.014343,-0.0065613,4.939
0.014496,-0.0048828,4.9304
0.017242,-0.0024414,4.9316
0.018921,-0.0024414,4.9304
0.02121,-0.0033569,4.9365
0.019226,-0.0039673,4.9341
0.023804,-0.0022888,4.9353
0.025635,-0.00076294,4.9353
0.027924,-0.0038147,4.9329
0.029449,0.0016785,4.9304
0.028839,0.00076294,4.939
0.028687,-0.0016785,4.9414
0.027466,-0.0027466,4.928
0.027008,-0.0030518,4.9268
0.026855,-0.0012207,4.9231
0.027313,0.00076294,4.9036
0.028229,0.0022888,4.9158
0.027924,0.0018311,4.9194
0.027008,0.0015259,4.9146
0.025177,0.0012207,4.917
0.023346,0.00015259,4.9121
0.022888,0.00076294,4.9182
0.021515,0.0019836,4.9084
0.021057,0.0013733,4.9121
0.019379,0.0010681,4.9097
0.018311,0.00015259,4.9133
0.017395,-0.0015259,4.9097
0.016937,-0.0016785,4.9146
0.016785,-0.0024414,4.9109
0.0177,-0.00076294,4.9097
0.018768,0.0010681,4.9072
0.019989,0.0024414,4.9146
0.018768,0.0036621,4.906
0.019684,0.0027466,4.9097
0.018616,0.00045776,4.9109
0.017548,-0.0013733,4.9133
0.018463,-0.0016785,4.9158
0.019379,-0.0021362,4.9158
0.019379,0.0010681,4.9207
0.018921,-0.00091553,4.9207
0.018311,-0.0030518,4.9268
0.018005,-0.0042725,4.9255
0.018158,-0.0056458,4.9329
0.018311,-0.0067139,4.9243
0.018768,-0.0056458,4.9341
0.019226,-0.0035095,4.9304
0.019684,-0.0016785,4.9316
0.018768,-0.0013733,4.9377
0.018005,-0.0024414,4.9365
0.017853,-0.0035095,4.9414
0.018768,-0.0042725,4.9329
0.019226,-0.0027466,4.9219
0.019379,-0.00030518,4.9329
0.018311,0.0015259,4.9255
0.018463,0.0027466,4.9329
0.017548,0.0013733,4.9365
0.017242,-0.0013733,4.9329
0.016479,-0.0035095,4.9316
0.017548,-0.0038147,4.9268
0.0177,-0.0027466,4.9304
0.017853,-0.0021362,0.05249
0.017395,-0.00030518,0.056152
0.016327,-0.0013733,0.05249
0.016479,-0.0042725,0.05127
0.017548,-0.0064087,0.05127
0.018463,-0.0076294,0.048828
0.020599,-0.0056458,0.048828
0.02243,-0.0033569,0.043945
0.022278,-0.00061035,0.040283
0.023041,0,0.042725
0.023651,-0.00076294,0.042725
0.025177,-0.0021362,0.036621
0.02594,-0.0021362,0.039063
0.028534,-0.00061035,0.036621
0.030365,0.0018311,0.03418
0.029907,0.0033569,0.037842
0.03006,0.0059509,0.041504
0.029297,0.0042725,0.037842
0.028687,0.0024414,0.041504
0.029602,0.00030518,0.042725
0.029602,0.00061035,0.043945
0.029297,0.0019836,0.039063
0.028381,0.0033569,0.045166
0.027008,0.004425,0.054932
0.026093,0.0032043,0.046387
0.023651,0.00045776,0.059814
0.022736,-0.0028992,0.05127
0.02121,-0.0047302,0.037842
0.021362,-0.0053406,0.056152
0.020752,-0.0030518,0.054932
0.019989,-0.00061035,0.057373
0.018921,0.0013733,0.061035
0.019226,0.00091553,0.059814
0.018921,-0.00045776,0.062256
0.020294,-0.0012207,0.061035
0.023193,-0.0010681,0.064697
0.024567,0.00061035,0.056152
0.025177,0.0041199,0.062256
0.024567,0.0035095,0.064697
0.024567,0.0033569,0.067139
0.024719,0.0016785,0.078125
0.02533,0.00015259,0.067139
0.02594,-0.00045776,0.063477
0.027008,0.00015259,0.065918
0.026398,0.0016785,0.068359
0.024719,0.0035095,0.061035
0.02182,0.0038147,0.057373
0.021057,0.0018311,0.056152
0.02121,-0.00030518,0.053711
0.02243,-0.0016785,0.048828
0.023499,-0.0013733,0.05249
0.024719,0.00015259,0.047607
0.025024,0.0013733,0.050049
0.023193,0.0016785,0.046387
0.021667,0.00076294,0.046387
0.020905,0.00015259,0.043945
0.022736,-0.00045776,0.043945
0.023956,0.00030518,0.040283
0.024261,0.0016785,0.042725
0.025787,0.0038147,0.054932
0.025024,0.004425,0.042725
0.025177,0.0045776,0.05249
0.025177,0.005188,0.040283
0.027313,0.0053406,0.032959
0.030518,0.0053406,0.040283
0.031128,0.0065613,0.039063
0.031433,0.0068665,0.036621
0.029907,0.0076294,0.041504
0.028687,0.0074768,0.037842
0.027008,0.0065613,0.040283
0.027008,0.0071716,0.041504
0.028992,0.0082397,0.047607
0.027466,0.0059509,0.045166
0.027466,0.0065613,0.047607
0.027008,0.0094604,0.056152
0.025177,0.007019,0.054932
0.024719,0.0073242,0.058594
0.024261,0.0071716,0.059814
0.026093,0.0035095,0.053711
0.027313,0.0061035,0.057373
0.028381,0.0067139,0.070801
0.029602,0.0074768,0.063477
0.028076,0.0091553,0.058594
0.02533,0.010376,0.062256
0.023804,0.010071,0.062256
0.022125,0.0099182,0.061035
0.023651,0.0082397,0.061035
0.023193,0.0064087,0.063477
0.023499,0.0056458,0.068359
0.022583,0.0047302,0.064697
0.020752,0.005188,0.065918
0.018158,0.005188,0.064697
0.017395,0.0047302,0.067139
0.017853,0.0021362,0.058594
0.018158,0.0015259,0.062256
0.018921,0.0010681,0.072021
0.017548,0.0015259,0.056152
0.015106,0.0019836,0.053711
0.014038,0.0019836,0.05249
0.01236,0.0015259,0.03418
0.01297,0.00045776,0.042725
0.012512,-0.0013733,0.05127
0.016937,-0.0015259,0.042725
0.018616,-0.0012207,0.045166
0.018158,-0.0022888,0.039063
0.018616,-0.00030518,0.041504
0.019226,0.00061035,0.042725
0.021057,0.0012207,0.041504
0.022278,0.00076294,0.03418
0.02594,0.0012207,0.042725
0.027771,0.0016785,0.042725
0.026855,0.0024414,0.041504
0.025635,0.0032043,0.041504
0.023346,0.0032043,0.041504
0.023956,0.0033569,0.041504
0.025177,0.0030518,0.040283
0.026703,0.0032043,0.047607
0.029144,0.0021362,0.039063
0.03006,0.002594,4.4739
0.028534,0.0022888,4.884
0.027313,0.0012207,4.9084
0.025635,0.0015259,4.9072
0.026093,0.00045776,4.9231
0.02655,-0.00045776,4.9243
0.026398,0.00076294,4.9255
0.025787,0.0010681,4.9219
0.023346,0.00076294,4.9316
0.02121,0.0010681,4.928
0.020447,0.00076294,4.9316
0.020294,0.00030518,4.9304
0.02182,0.00030518,4.9353
0.023346,0.00015259,4.9414
0.025482,-0.00015259,4.9304
0.024261,0.0036621,4.9341
0.021362,0.00015259,4.9353
0.020599,0.00045776,4.9353
0.018463,0.00061035,4.9353
0.017853,0.00015259,4.9353
0.018921,-0.00015259,4.9353
0.019684,0.00091553,4.9341
0.019684,0.0010681,4.9329
0.017548,0.00076294,4.9316
0.015259,0.00091553,4.9255
0.014648,0.00091553,4.928
0.014801,0.00015259,4.9231
0.017853,-0.00061035,4.9207
0.019531,-0.0015259,4.9207
0.020599,-0.002594,4.9243
0.019379,-0.0030518,4.9194
0.017548,-0.0039673,4.9231
0.015717,-0.0024414,4.9255
0.016632,-0.0013733,4.9194
0.017853,-0.0038147,4.9219
0.019379,0.00030518,4.9133
0.022125,-0.00091553,4.8999
0.021667,-0.0016785,4.9097
0.020752,-0.0018311,4.906
0.018463,-0.0015259,4.9109
0.017242,-0.00061035,4.9121
0.017242,0.00061035,4.906
0.018463,0.00030518,4.9109
0.019684,0,4.9072
0.019836,-0.00045776,4.9109
0.018311,-0.00076294,4.9097
0.016327,-0.00045776,4.9121
0.013885,0.00015259,4.9133
0.013885,0.00015259,4.9158
0.015259,0.00030518,4.9255
0.017548,-0.00091553,4.9182
0.019379,-0.002594,4.9231
0.019684,-0.0024414,4.9243
0.019226,-0.0024414,4.917
0.016174,-0.0016785,4.9255
0.015717,0.00045776,4.9451
0.016479,0.0013733,4.9304
0.019989,0.0019836,4.9316
0.02243,0,4.928
0.023041,-0.0015259,4.9316
0.02243,-0.0027466,4.9316
0.021515,-0.0019836,4.9316
0.020142,-0.0018311,4.928
0.020599,-0.00045776,4.9341
0.022736,0.00091553,4.9341
0.025177,0.00091553,4.9365
0.026398,0.00015259,4.9353
0.026093,-0.00091553,4.9377
0.023956,-0.0016785,4.9438
0.02121,-0.0015259,4.9365
0.019073,-0.00015259,4.9414
0.019684,-0.0012207,4.9292
0.020447,-0.00045776,4.9194
0.021362,-0.0021362,4.928
0.020142,-0.0036621,4.9194
0.018158,-0.0022888,4.9207
0.016479,-0.00076294,4.9231
0.016327,0.0013733,4.9207
0.016327,0.0013733,4.9231
0.021667,0.0030518,4.9158
0.023499,0.0013733,4.9158
0.023956,0.00015259,4.9121
0.023499,-0.00045776,4.9133
0.02121,-0.00045776,4.9158
0.019379,0.00045776,4.9133
0.019073,0.0022888,4.9158
0.020142,0.00076294,4.9133
0.02182,0.0027466,4.9109
0.022583,0.0019836,4.9121
0.022583,0.0021362,4.9036
0.020752,0.0021362,4.9109
0.018921,0.0036621,4.9109
0.018158,0.0048828,4.9084
0.018768,0.0045776,4.9109
0.020447,0.0033569,4.9109
0.020294,0.00030518,4.9158
0.019836,-0.002594,4.9121
0.016937,-0.0039673,4.9182
0.014343,-0.0041199,4.9194
0.011292,-0.0018311,4.9207
0.011292,-0.0024414,4.9243
0.013275,0.00015259,4.9292
0.014648,-0.0012207,4.9255
0.016937,-0.0032043,4.9292
0.015869,-0.0028992,4.9353
0.014496,-0.0013733,4.9341
0.01358,0.0013733,4.9414
0.014191,0.0038147,4.9341
0.016632,0.0047302,4.9158
0.019531,0.0039673,0.057373
0.022888,0.0022888,0.067139
0.023346,0.00030518,0.062256
0.022888,0.00045776,0.065918
0.02182,0.0021362,0.063477
0.020447,0.0048828,0.064697
0.02243,0.0059509,0.063477
0.023041,0.0053406,0.068359
0.02533,0.0036621,0.062256
0.025635,0.0010681,0.064697
0.023651,0.00091553,0.057373
0.021973,0.0027466,0.056152
0.020599,0.0056458,0.065918
0.020142,0.0082397,0.054932
0.02182,0.0088501,0.050049
0.023346,0.0076294,0.05127
0.024719,0.0053406,0.036621
0.024261,0.0030518,0.043945
0.024261,0.0028992,0.050049
0.02182,0.0035095,0.043945
0.020142,0.005188,0.046387
0.019684,0.0061035,0.039063
0.019989,0.004425,0.042725
0.020142,0.0013733,0.037842
0.018616,-0.00091553,0.041504
0.016937,-0.00015259,0.037842
0.016022,-0.0010681,0.041504
0.011292,0.0021362,0.041504
0.010986,0.0038147,0.040283
0.012054,0.0039673,0.039063
0.01358,0.0012207,0.040283
0.016327,-0.0016785,0.043945
0.016174,-0.0035095,0.041504
0.014191,-0.0033569,0.05249
0.013123,-0.00045776,0.042725
0.013428,0.0024414,0.0354
0.014954,0.0039673,0.045166
0.01709,0.0033569,0.048828
0.018158,0.0016785,0.05249
0.018616,0.00030518,0.053711
0.018463,0.0015259,0.053711
0.01709,0.0033569,0.058594
0.017242,0.0062561,0.057373
0.018311,0.009613,0.062256
0.016327,0.0086975,0.061035
0.022125,0.0065613,0.065918
0.023193,0.0039673,0.063477
0.021515,0.0018311,0.064697
0.019836,0.0012207,0.070801
0.016785,0.0035095,0.064697
0.015717,0.0048828,0.063477
0.016022,0.0050354,0.064697
0.016022,0.0030518,0.065918
0.016479,0.00030518,0.068359
0.014954,-0.0019836,0.062256
0.015259,-0.002594,0.063477
0.010834,-0.00045776,0.063477
0.010529,0.0021362,0.061035
0.011749,0.0038147,0.059814
0.014496,0.0038147,0.053711
0.016632,0.0015259,0.057373
0.017242,-0.0015259,0.047607
0.016937,-0.0021362,0.05249
0.015717,-0.0012207,0.05249
0.016327,0.00030518,0.05249
0.018005,0.0019836,0.046387
0.021515,0.0019836,0.046387
0.024261,0.00076294,0.059814
0.025482,-0.00061035,0.043945
0.025635,-0.0016785,0.042725
0.026245,-0.0018311,0.041504
0.025177,0.0013733,0.031738
0.024872,0.0036621,0.039063
0.026855,0.0039673,0.039063
0.029144,0.0036621,0.037842
0.030365,0.00015259,0.041504
0.030518,-0.0018311,0.0354
0.028687,-0.00076294,0.040283
0.026398,-0.0016785,0.037842
0.024261,0,0.040283
0.023956,0.0016785,0.039063
0.02121,0.00030518,0.042725
0.024261,-0.0013733,0.045166
0.024719,-0.0030518,0.048828
0.023041,-0.0038147,0.058594
0.023651,-0.0024414,0.050049
0.022278,0.00015259,0.048828
0.022888,0.0021362,0.058594
0.025177,0.0018311,0.054932
0.027618,-0.00015259,0.058594
0.029755,-0.0022888,0.06958
0.029449,-0.0033569,0.058594
0.028381,-0.0019836,0.061035
0.026398,-0.00045776,0.059814
0.024261,0.0022888,0.062256
0.024261,0.0038147,0.059814
0.026245,0.0027466,0.062256
0.027008,0.0015259,0.059814
0.028229,-0.0016785,0.065918
0.027008,-0.0027466,0.062256
0.026855,-0.0019836,0.065918
0.025177,0.00015259,0.065918
0.024719,0.0016785,0.067139
0.027161,0.00076294,0.074463
0.029144,-0.00015259,0.063477
0.029602,-0.0016785,0.067139
0.027618,-0.0024414,0.058594
0.024719,-0.0010681,0.045166
0.023499,0.0010681,0.047607
0.021515,0.002594,0.05127
0.021973,-0.00030518,0.047607
0.022125,0.0015259,0.048828
0.023041,-0.0022888,0.043945
0.023041,-0.0039673,0.046387
0.022583,-0.00045776,0.042725
0.023499,-0.0024414,0.047607
0.023651,0.00015259,0.040283
0.025635,0.0013733,3.6951
0.03006,0.00091553,4.8328
0.02655,-0.00030518,4.906
0.028687,-0.0015259,4.906
0.026703,-0.00091553,4.9109
0.026245,0.00091553,4.9084
0.02594,0.0033569,4.8877
0.025482,0.0057983,4.9097
0.026703,0.0050354,4.9109
0.028534,0.0041199,4.906
0.030823,0.0024414,4.9097
0.030975,0.0019836,4.9097
0.031586,0.0013733,4.9133
0.032196,0.0045776,4.9121
0.031738,0.0062561,4.9109
0.032654,0.0064087,4.917
0.032654,0.0065613,4.917
0.03418,0.0054932,4.9231
0.033875,0.0042725,4.9243
0.032654,0.0045776,4.9268
0.031128,0.005188,4.928
0.029602,0.0062561,4.9316
0.029297,0.007782,4.9304
0.029449,0.0061035,4.9329
0.031738,0.0061035,4.9353
0.032654,0.0047302,4.9329
0.031738,0.0042725,4.9207
0.030518,0.0035095,4.9304
0.027161,0.0045776,4.9329
0.025024,0.0053406,4.9341
0.024567,0.0061035,4.9329
0.024872,0.005188,4.9353
0.02594,0.0038147,4.939
0.026093,0.0019836,4.9341
0.024414,0.00030518,4.9353
0.023041,0.00076294,4.9304
0.021667,0.0019836,4.9341
0.02243,0.0032043,4.928
0.023956,0.0038147,4.9304
0.02655,0.0027466,4.9316
0.029449,0.0019836,4.9268
0.027924,0.00091553,4.928
0.02655,0.0016785,4.9231
0.02533,0.0033569,4.9292
0.024414,0.0050354,4.9182
0.025024,0.007019,4.9048
0.02655,0.0065613,4.917
0.028534,0.0047302,4.9158
0.029144,0.0024414,4.9109
0.028534,0.0019836,4.9146
0.027008,0.0013733,4.9097
0.027008,0.0021362,4.9109
0.026703,0.0032043,4.906
0.026855,0.002594,4.9133
0.027771,0.00091553,4.906
0.027313,-0.0019836,4.9133
0.027924,-0.0032043,4.9097
0.026093,-0.002594,4.9121
0.025635,-0.0010681,4.9182
0.024719,0.00030518,4.9182
0.024261,0.0013733,4.9194
0.023956,0.0012207,4.9133
0.024414,-0.00015259,4.9072
0.024872,-0.00076294,4.9194
0.024567,-0.0015259,4.9207
0.024261,0,4.9194
0.023956,0.0010681,4.9231
0.023956,0.00091553,4.9243
0.025177,0.00015259,4.9268
0.026703,-0.0012207,4.9292
0.028229,-0.0028992,4.9377
0.029449,-0.0028992,4.928
0.029144,-0.0013733,4.9353
0.028534,0.0013733,4.9329
0.027313,0.0041199,4.9341
0.026093,0.005188,4.9329
0.026398,0.0048828,4.9316
0.026398,0.0038147,4.9365
0.027008,0.0028992,4.9377
0.026093,0.0030518,4.9451
0.025177,0.0035095,4.9377
0.024719,0.004425,4.9243
0.023804,0.0033569,4.9353
0.023346,0.0015259,4.9316
0.022583,-0.00015259,4.9316
0.022583,-0.0012207,4.9292
0.021362,-0.002594,4.9194
0.019836,-0.00015259,4.9304
0.019684,0.0028992,4.9243
0.019073,0.0057983,4.9231
0.018921,0.0056458,4.9182
0.018921,0.0039673,4.9219
0.018616,0.0022888,4.9158
0.018768,0.00076294,4.9194
0.018768,0.00045776,4.928
0.01709,0.0010681,4.9158
0.016937,0.0010681,4.9146
0.018158,-0.00061035,4.9133
0.014343,-0.0019836,4.8901
0.01236,-0.0035095,4.9072
0.011902,-0.0047302,4.9109
0.012817,-0.0016785,4.9097
0.012054,-0.0016785,4.8999
0.01297,0.00015259,4.906
0.013733,-0.0022888,4.9084
0.014038,0.0010681,4.9097
0.014801,0.00076294,4.9109
0.014801,0.0013733,4.9072
0.014343,0.00091553,4.9207
0.016327,0.0030518,4.9146
0.0177,0.0035095,4.9158
0.018463,0.0036621,0.050049
0.018463,0.0019836,0.053711
0.018921,-0.00061035,0.05249
0.019073,-0.0038147,0.058594
0.018158,-0.0064087,0.064697
0.017242,-0.0056458,0.056152
0.017242,-0.0064087,0.05249
0.015869,-0.0053406,0.061035
0.014343,-0.0050354,0.059814
0.01297,-0.004425,0.058594
0.012512,-0.0048828,0.062256
0.011902,-0.0056458,0.059814
0.012054,-0.0050354,0.057373
0.010986,-0.0045776,0.061035
0.011902,-0.0035095,0.063477
0.011139,-0.0030518,0.059814
0.0082397,-0.0027466,0.06958
0.009613,-0.0032043,0.064697
0.0080872,-0.0027466,0.064697
0.007019,-0.0027466,0.075684
0.009613,0.00091553,0.065918
0.011597,0.0032043,0.063477
0.013885,0.0056458,0.058594
0.015259,0.0083923,0.042725
0.018921,0.0091553,0.056152
0.020905,0.0099182,0.053711
0.023804,0.0093079,0.047607
0.027618,0.0091553,0.05127
0.02594,0.0080872,0.046387
0.025635,0.0053406,0.047607
0.024567,0.0056458,0.043945
0.022278,-0.0010681,0.042725
0.018311,-0.0054932,0.040283
0.015717,-0.009613,0.043945
0.012817,-0.012207,0.045166
0.0082397,-0.011292,0.043945
0.0097656,-0.0099182,0.037842
0.0088501,-0.0080872,0.046387
0.007782,-0.0074768,0.041504
0.007019,-0.0057983,0.036621
0.0059509,-0.0053406,0.042725
0.0073242,-0.0035095,0.041504
0.0079346,-0.0015259,0.040283
0.0088501,-0.00076294,0.036621
0.0080872,0.00091553,0.037842
0.011292,0.00061035,0.042725
0.0068665,0.0019836,0.045166
0.0059509,0.0027466,0.043945
0.0076294,0.0032043,0.050049
0.0099182,0.0064087,0.050049
0.011749,0.007019,0.05249
0.015259,0.0079346,0.05249
0.017853,0.0074768,0.061035
0.020905,0.0064087,0.057373
0.023651,0.0059509,0.062256
0.026093,0.0042725,0.075684
0.027924,0.0030518,0.063477
0.028839,0.0045776,0.062256
0.029907,0.00076294,0.063477
0.029907,-0.00015259,0.050049
0.029449,-0.0019836,0.058594
0.026855,-0.002594,0.063477
0.02655,-0.0028992,0.062256
0.024872,-0.0022888,0.063477
0.023193,-0.0016785,0.061035
0.025635,0.00015259,0.06958
0.026703,0.0019836,0.062256
0.027008,0.0047302,0.065918
0.026093,0.0059509,0.059814
0.026703,0.0083923,0.062256
0.025482,0.010529,0.058594
0.024414,0.011902,0.053711
0.023193,0.013733,0.061035
0.019989,0.01297,0.05249
0.020599,0.012054,0.056152
0.019379,0.013885,0.05249
0.018616,0.011139,0.063477
0.019989,0.010376,0.048828
0.020294,0.010376,0.047607
0.02182,0.0099182,0.046387
0.022583,0.0085449,0.042725
0.023346,0.0074768,0.041504
0.02533,0.0064087,0.039063
0.023499,0.0045776,0.0354
0.023651,0.0041199,0.040283
0.023651,0.004425,0.0354
0.024567,0.0045776,0.042725
0.024872,0.0048828,0.039063
0.024872,0.0054932,0.041504
0.024261,0.0057983,0.041504
0.023499,0.0042725,0.042725
0.024567,0.0047302,0.046387
0.025024,0.0059509,0.042725
0.026245,0.0068665,0.047607
0.02655,0.007782,0.043945
0.026245,0.0090027,0.040283
0.024719,0.0091553,0.05127
0.023193,0.0085449,0.050049
0.02182,0.0082397,0.050049
0.020447,0.0088501,0.054932
0.019531,0.0091553,0.054932
0.019684,0.0083923,0.057373
0.019073,0.0080872,0.058594
0.018311,0.007019,0.059814
0.01709,0.0042725,0.059814
0.016785,0.0028992,0.063477
0.018158,0.0028992,0.063477
0.018921,0.0036621,0.064697
0.019836,0.0039673,0.058594
0.019073,0.0053406,0.063477
0.021515,0.0048828,0.068359
0.02243,0.005188,0.065918
0.023346,0.0030518,0.070801
0.02533,0.005188,0.065918
0.026855,0.0064087,0.047607
0.028229,0.0079346,0.062256
0.029602,0.0079346,4.447
0.029602,0.007782,4.8962
0.03006,0.0071716,4.9231
0.028534,0.0059509,4.9243
0.028229,0.0053406,4.9268
0.029144,0.007019,4.9231
0.029602,0.0059509,4.9207
0.030518,0.0057983,4.9133
0.031586,0.0048828,4.9219
0.032196,0.0041199,4.9146
0.030975,0.0027466,4.9194
0.030518,0.0016785,4.9194
0.029755,0.0013733,4.9158
0.029297,0.0012207,4.9109
0.028534,0.00091553,4.9146
0.027924,0.00015259,4.9023
0.027771,-0.00091553,4.9097
0.027161,-0.0019836,4.9011
0.027618,-0.0064087,4.9109
0.029144,-0.0039673,4.9121
0.03067,-0.0039673,4.906
0.031891,-0.005188,4.9097
0.032349,-0.005188,4.9072
0.032959,-0.0082397,4.906
0.032959,-0.0080872,4.9048
0.031586,-0.0083923,4.9182
0.030823,-0.0080872,4.917
0.030518,-0.0067139,4.917
0.028839,-0.0050354,4.9194
0.028076,-0.0038147,4.9194
0.028229,-0.0028992,4.917
0.027618,-0.0030518,4.928
0.028687,-0.0018311,4.9365
0.029602,-0.00091553,4.9292
0.031281,0,4.9207
0.033112,-0.00061035,4.9304
0.033875,-0.00015259,4.9304
0.034637,-0.0021362,4.928
0.0354,-0.004425,4.9304
0.034637,-0.0068665,4.9304
0.03418,-0.0097656,4.9329
0.032501,-0.01297,4.9353
0.032501,-0.012054,4.9341
0.031128,-0.01358,4.9316
0.029449,-0.014954,4.9377
0.028381,-0.016785,4.9341
0.027008,-0.016479,4.9341
0.025482,-0.016479,4.939
0.028381,-0.014954,4.9365
0.026093,-0.012817,4.9316
0.027161,-0.010834,4.9304
0.028992,-0.0080872,4.9329
0.03067,-0.007019,4.9292
0.031281,-0.0059509,4.9194
0.032196,-0.004425,4.9194
0.033722,-0.0028992,4.9207
0.03479,-0.0018311,4.9194
0.035095,-0.00015259,4.9158
0.035248,0.00015259,4.9146
0.034637,-0.0015259,4.9158
0.034332,-0.0010681,4.9109
0.034637,-0.0018311,4.9133
0.034027,-0.0018311,4.9146
0.034485,-0.0013733,4.9158
0.034332,-0.0013733,4.9097
0.03418,-0.0012207,4.9109
0.036774,-0.0015259,4.9207
0.03418,-0.0024414,4.9121
0.034332,-0.0027466,4.9182
0.033722,-0.0024414,4.9109
0.032959,-0.0012207,4.8987
0.033112,-0.0015259,4.9109
0.031738,-0.00061035,4.9133
0.031281,0,4.9133
0.030975,-0.00045776,4.9121
0.03067,0.00015259,4.9121
0.03067,0.0015259,4.917
0.030518,0.0035095,4.9194
0.030212,0.0041199,4.9231
0.029449,0.0080872,4.9255
0.028534,0.0093079,4.9292
0.027771,0.0099182,4.9304
0.024567,0.0091553,4.9329
0.023651,0.0071716,4.9426
0.021667,0.0062561,4.9207
0.020294,0.0050354,4.9304
0.019073,0.0039673,4.9353
0.018005,0.0032043,4.939
0.017548,0.0021362,4.9304
0.016174,0.00091553,4.9121
0.015869,0.00061035,4.9304
0.014801,-0.00015259,4.9329
0.013733,-0.00015259,4.9304
0.0091553,0,4.928
0.011597,0.0010681,4.9255
0.011139,0.00030518,4.9377
0.012054,0.00030518,4.9304
0.011749,0.0012207,4.9353
0.01236,0.00091553,4.9292
0.013275,0.00030518,4.9292
0.016327,0.00061035,4.9255
0.014801,0.00045776,4.9255
0.016174,0.00030518,4.9316
0.015869,0.0019836,4.9255
0.014801,-0.0012207,4.9268
0.014343,-0.0019836,4.917
0.012665,-0.0030518,4.9023
0.011444,-0.0012207,4.9158
0.010681,-0.0039673,4.9097
0.010071,-0.004425,4.9109
0.010223,-0.0045776,4.9109
0.011139,-0.0045776,0.039063
0.012054,-0.0059509,0.040283
0.014191,-0.0057983,0.039063
0.015564,-0.0054932,0.042725
0.016632,-0.0036621,0.03418
0.017548,-0.0035095,0.041504
0.017853,-0.0027466,0.041504
0.018158,-0.0013733,0.042725
0.019073,-0.00061035,0.042725
0.019379,0.00045776,0.045166
0.019836,0.0021362,0.043945
0.019379,0.0053406,0.041504
0.019531,0.0059509,0.046387
0.019073,0.007019,0.050049
0.018616,0.0073242,0.036621
0.019073,0.0062561,0.047607
0.018005,0.0054932,0.054932
0.01709,0.0050354,0.054932
0.015869,0.0036621,0.059814
0.014038,0.0027466,0.057373
0.011902,-0.00076294,0.064697
0.0097656,-0.0018311,0.059814
0.0086975,-0.0036621,0.063477
0.007782,-0.0036621,0.064697
0.0073242,-0.002594,0.063477
0.0061035,-0.0016785,0.056152
0.007019,0.0016785,0.065918
0.0038147,-0.00015259,0.073242
0.0042725,0.00045776,0.065918
0.0041199,0.0010681,0.072021
0.0050354,0.0019836,0.065918
0.0064087,0.0032043,0.048828
0.007782,0.0038147,0.063477
0.0086975,0.0041199,0.063477
0.010223,0.0036621,0.057373
0.011597,0.002594,0.061035
0.012054,0.0028992,0.050049
0.0177,0.0030518,0.053711
0.014801,0.0050354,0.048828
0.015259,0.0065613,0.05249
0.015106,0.0068665,0.048828
0.015717,0.0065613,0.047607
0.013885,0.0056458,0.047607
0.013885,0.0056458,0.048828
0.013885,0.005188,0.048828
0.014343,0.0054932,0.043945
0.014343,0.005188,0.042725
0.014648,0.0047302,0.042725
0.014954,0.0039673,0.032959
0.014343,0.0038147,0.040283
0.014343,0.0038147,0.036621
0.015411,0.0039673,0.041504
0.01709,0.005188,0.036621
0.018616,0.0056458,0.037842
0.020142,0.0068665,0.039063
0.02121,0.0073242,0.0354
0.021667,0.0085449,0.039063
0.022278,0.0088501,0.039063
0.022736,0.0088501,0.046387
0.023804,0.0082397,0.042725
0.024567,0.0074768,0.050049
0.024719,0.0067139,0.05127
0.024261,0.0064087,0.053711
0.024261,0.0059509,0.061035
0.022583,0.0054932,0.057373
0.021973,0.004425,0.068359
0.022125,0.002594,0.057373
0.023041,0.0016785,0.05249
0.024719,0.00076294,0.057373
0.02533,0.0012207,0.063477
0.026398,0.002594,0.059814
0.025482,0.0041199,0.061035
0.024872,0.0048828,0.058594
0.02533,0.005188,0.062256
0.027008,0.0050354,0.061035
0.026398,0.0050354,0.065918
0.027008,0.0053406,0.062256
0.028229,0.0056458,0.067139
0.02655,0.0065613,0.067139
0.028076,0.0067139,0.068359
0.028381,0.0067139,0.068359
0.027924,0.0067139,0.063477
0.028839,0.0056458,0.065918
0.028534,0.0054932,0.058594
0.029144,0.0050354,0.067139
0.028381,0.0050354,0.053711
0.027008,0.0050354,0.047607
0.026245,0.0056458,0.046387
0.02594,0.0061035,0.050049
0.02533,0.0067139,0.047607
0.02594,0.0074768,0.046387
0.026398,0.0073242,0.040283
0.026093,0.0067139,0.047607
0.02533,0.0065613,0.040283
0.023651,0.0059509,0.043945
0.023193,0.0050354,0.041504
0.022736,0.004425,0.041504
0.022278,0.0041199,0.037842
0.023193,0.0035095,0.041504
0.023651,0.0030518,0.054932
0.023346,0.0013733,0.039063
0.022888,0.00030518,0.043945
0.02243,-0.0010681,0.040283
0.022888,-0.0018311,0.023193
0.023346,-0.0021362,0.037842
0.023193,-0.0010681,0.039063
0.024109,-0.00045776,0.041504
0.025024,0.00015259,0.045166
0.026245,0.00030518,0.045166
0.027161,0.00061035,0.05127
0.027618,0.0018311,0.05127
0.027771,0.002594,0.057373
0.028381,0.0041199,0.054932
0.029602,0.0048828,0.058594
0.030365,0.0053406,0.058594
0.030823,0.0056458,0.059814
0.030975,0.0050354,4.082
0.03006,0.0045776,4.8792
0.029907,0.0056458,4.9255
0.031281,0.0033569,4.9316
0.032196,0.0027466,4.9414
0.032654,0.0012207,4.9304
0.032196,-0.0022888,4.9182
0.032043,-0.0018311,4.9329
0.029602,-0.0028992,4.9316
0.027161,-0.004425,4.9316
0.026398,-0.0048828,4.9353
0.023193,-0.005188,4.9353
0.021362,-0.0048828,4.9316
0.019684,-0.0047302,4.9255
0.02121,-0.004425,4.9329
0.016785,-0.0042725,4.9231
0.015411,-0.0041199,4.9243
0.014496,-0.0035095,4.9231
0.014648,-0.0033569,4.928
0.014648,-0.0024414,4.928
0.014801,-0.0022888,4.9219
0.014801,-0.0030518,4.9158
0.014038,-0.0057983,4.9158
0.01297,-0.0076294,4.9072
0.011444,-0.0080872,4.9133
0.011749,-0.0076294,4.9109
0.010986,-0.0059509,4.9121
0.010223,-0.0042725,4.9109
0.011139,-0.0030518,4.9109
0.01297,-0.0036621,4.9109
0.011902,-0.004425,4.9084
0.01236,-0.0062561,4.9109
0.013275,-0.0073242,4.9048
0.014801,-0.0064087,4.9133
0.015717,-0.0054932,4.9109
0.016327,-0.0048828,4.9121
0.016174,-0.0047302,4.906
0.014648,-0.0062561,4.9121
0.013885,-0.0076294,4.9182
0.01297,-0.0073242,4.9146
0.012817,-0.0062561,4.9243
0.012207,-0.0042725,4.9219
0.011902,-0.0022888,4.9109
0.011902,-0.0012207,4.9243
0.013123,0.00045776,4.9231
0.014191,0.0010681,4.928
0.015259,0.00061035,4.9292
0.016479,0.00015259,4.9268
0.018768,0.00091553,4.9353
0.019989,0.0015259,4.9304
0.019989,0.0019836,4.9341
0.020294,0.0022888,4.928
0.020599,0.0028992,4.9329
0.02182,0.0027466,4.9304
0.023346,0.0033569,4.9353
0.023651,0.0041199,4.9463
0.024872,0.0042725,4.9365
0.026093,0.0045776,4.9353
0.027008,0.0050354,4.9377
0.027771,0.0041199,4.928
0.027618,0.004425,4.9341
0.028229,0.0039673,4.9316
0.02655,0.0059509,4.9304
0.027771,0.0067139,4.928
0.026093,0.007019,4.9243
0.023804,0.0062561,4.9255
0.022125,0.0047302,4.9219
0.019836,0.0067139,4.9194
0.019073,0.0036621,4.9146
0.019531,0.0033569,4.917
0.021667,0.0064087,4.9158
0.021667,0.0076294,4.9158
0.022736,0.0080872,4.9133
0.023346,0.007782,4.9158
0.022736,0.0057983,4.9194
0.022125,0.0036621,4.9158
0.023041,0.0032043,4.9207
0.022583,0.0036621,4.9097
0.02243,0.0050354,4.8999
0.023041,0.0062561,4.9109
0.023193,0.0056458,4.9109
0.025482,0.0065613,4.9109
0.024719,0.005188,4.9097
0.025787,0.0048828,4.9084
0.027771,0.0068665,4.9109
0.030212,0.0083923,4.906
0.031433,0.011292,4.9194
0.031738,0.01358,4.9158
0.032043,0.013123,4.9231
0.03067,0.012512,4.9207
0.029449,0.011444,4.9243
0.028229,0.010529,4.9353
0.028992,0.010376,4.9255
0.028381,0.010834,4.928
0.028534,0.010681,4.9304
0.027161,0.010681,4.928
0.027313,0.0094604,4.9329
0.027008,0.0076294,4.9292
0.026855,0.0042725,4.928
0.029297,0.0032043,4.9377
0.027771,0.0024414,4.9304
0.026703,0.0024414,4.9341
0.026398,0.0036621,4.9329
0.02533,0.00045776,4.9365
0.025482,0.0041199,4.9329
0.026245,0.0038147,4.9377
0.026703,0.0027466,4.9353
0.027771,0.0038147,4.939
0.028992,0.0045776,4.9329
0.028534,0.0059509,4.9353
0.030975,0.0067139,4.939
0.032654,0.0073242,0.062256
0.033875,0.0062561,0.064697
0.034637,0.005188,0.054932
0.035248,0.0057983,0.048828
0.035553,0.0061035,0.050049
0.036163,0.0062561,0.047607
0.035248,0.0068665,0.042725
0.03418,0.0057983,0.048828
0.032959,0.0054932,0.040283
0.030823,0.0038147,0.046387
0.029755,0.0028992,0.042725
0.028381,0.0024414,0.041504
0.028229,0.0018311,0.037842
0.026855,0.0013733,0.046387
0.025024,0.0013733,0.040283
0.024261,0.0019836,0.042725
0.025024,0.0018311,0.050049
0.026093,0.0021362,0.041504
0.026398,0.0027466,0.042725
0.027008,0.0027466,0.039063
0.026398,0.0028992,0.023193
0.025177,0.0024414,0.037842
0.024872,0.0021362,0.043945
0.024872,0.0021362,0.042725
0.023804,0.0019836,0.043945
0.021057,0.0010681,0.046387
0.023193,0.00015259,0.048828
0.022736,-0.00045776,0.050049
0.021515,-0.0015259,0.05249
0.02121,-0.0024414,0.047607
0.020752,-0.0041199,0.058594
0.020599,-0.0057983,0.058594
0.021515,-0.007782,0.063477
0.021973,-0.0088501,0.064697
0.021515,-0.010529,0.064697
0.022888,-0.0097656,0.065918
0.022125,-0.0099182,0.062256
0.02243,-0.010529,0.075684
0.020905,-0.010986,0.059814
0.021515,-0.011444,0.05127
0.02121,-0.011749,0.065918
0.02243,-0.012054,0.065918
0.023193,-0.012207,0.064697
0.024414,-0.013123,0.065918
0.025787,-0.013885,0.063477
0.027008,-0.015106,0.064697
0.028229,-0.016632,0.061035
0.028229,-0.016785,0.061035
0.030212,-0.017395,0.054932
0.029755,-0.016022,0.056152
0.029449,-0.014191,0.053711
0.029144,-0.013123,0.050049
0.028687,-0.012512,0.05249
0.028534,-0.012207,0.047607
0.029602,-0.012665,0.047607
0.03067,-0.010986,0.046387
0.031586,-0.011139,0.0354
0.033417,-0.009613,0.043945
0.034637,-0.0083923,0.037842
0.035858,-0.0079346,0.036621
0.036316,-0.0083923,0.041504
0.036621,-0.009613,0.0354
0.036774,-0.010376,0.039063
0.036621,-0.011597,0.036621
0.0354,-0.011292,0.039063
0.033112,-0.0090027,0.036621
0.030975,-0.0086975,0.040283
0.029449,-0.0086975,0.041504
0.028992,-0.010223,0.040283
0.028381,-0.011749,0.039063
0.028076,-0.01297,0.037842
0.027008,-0.01297,0.050049
0.026703,-0.010223,0.043945
0.026398,-0.011139,0.056152
0.025787,-0.010681,0.05127
0.024567,-0.010986,0.037842
0.023804,-0.011292,0.053711
0.022583,-0.010834,0.056152
0.021362,-0.010681,0.056152
0.019989,-0.0086975,0.058594
0.019379,-0.0067139,0.061035
0.018768,-0.0056458,0.062256
0.018616,-0.0039673,0.061035
0.019379,-0.0042725,0.061035
0.020142,-0.0054932,0.058594
0.02121,-0.0047302,0.063477
0.021057,-0.0041199,0.062256
0.021057,-0.004425,0.065918
0.023193,-0.0021362,0.075684
0.021667,-0.0013733,0.05127
0.020294,-0.0022888,0.063477
0.021973,-0.00091553,0.065918
0.02182,0.00030518,0.067139
0.021362,0.0024414,0.061035
0.02121,0.0048828,0.061035
0.020294,0.011139,0.056152
0.020599,0.0068665,0.053711
0.020447,0.0065613,0.05249
0.020905,0.005188,0.053711
0.020599,0.005188,0.050049
0.019684,0.0042725,0.05249
0.018311,0.0065613,0.047607
0.017548,0.0059509,0.047607
0.015717,0.0065613,0.045166
0.014343,0.0056458,0.047607
0.013275,0.0036621,0.043945
0.012207,-0.00091553,0.043945
0.0094604,0.00076294,0.05249
0.0094604,0.00030518,0.040283
0.0090027,0.00091553,0.053711
0.0088501,0.00091553,0.039063
0.0085449,0.0012207,0.031738
0.0093079,0.0010681,0.039063
0.010834,0.0013733,0.037842
0.011597,0.0012207,0.039063
0.013885,0.0013733,0.037842
0.014038,0.0028992,4.5532
0.015869,0.0047302,4.884
0.014801,0.0073242,4.9048
0.015717,0.0086975,4.9146
0.016937,0.0083923,4.9133
0.017548,0.0065613,4.9194
0.018921,0.0071716,4.9194
0.019226,0.007019,4.9255
0.019531,0.0080872,4.928
0.016937,0.010223,4.928
0.017395,0.010681,4.928
0.016022,0.0088501,4.9304
0.014954,0.0067139,4.9377
0.013885,0.0050354,4.9316
0.01297,0.0050354,4.9243
0.012207,0.0073242,4.9268
0.012207,0.013275,4.9316
0.012207,0.010529,4.9304
0.011444,0.0086975,4.9304
0.011139,0.0050354,4.9304
0.013275,0.0016785,4.9377
0.012054,0.0024414,4.9353
0.013428,0.005188,4.939
0.013733,0.007019,4.9341
0.013275,0.011139,4.9377
0.010681,0.011749,4.9255
0.010834,0.010223,4.9329
0.010834,0.0091553,4.9438
0.011139,0.0079346,4.9304
0.011292,0.0099182,4.9243
0.012512,0.013428,4.9243
0.014648,0.014343,4.9048
0.015411,0.014343,4.9194
0.014648,0.011597,4.917
0.013733,0.0076294,4.9194
0.012817,0.0048828,4.9207
0.010529,0.0045776,4.9133
0.0097656,0.0054932,4.9133
0.0093079,0.007782,4.9109
0.0086975,0.0080872,4.9121
0.0093079,0.0074768,4.9084
0.0094604,0.0057983,4.917
0.009613,0.0045776,4.9109
0.0099182,0.004425,4.9133
0.011444,0.0064087,4.9097
0.012512,0.0093079,4.9084
0.016937,0.010376,4.9097
0.018005,0.010681,4.9109
0.018463,0.0094604,4.9121
0.017242,0.0080872,4.9084
0.018005,0.0068665,4.906
0.017548,0.007782,4.917
0.018921,0.0088501,4.9146
0.019836,0.0071716,4.917
0.021362,0.011292,4.9207
0.022736,0.010681,4.9219
0.024109,0.0083923,4.9304
0.024261,0.0073242,4.9207
0.024719,0.005188,4.9329
0.025024,0.0057983,4.9292
0.024872,0.007019,4.9329
0.024872,0.0083923,4.9292
0.023346,0.0080872,4.9329
0.02243,0.0073242,4.9414
0.020752,0.0059509,4.9329
0.020599,0.0056458,4.9365
0.02121,0.0068665,4.9341
0.021515,0.009613,4.9292
0.021973,0.01236,4.9329
0.021515,0.012817,4.9353
0.020599,0.011597,4.9341
0.019989,0.0099182,4.9365
0.020294,0.007782,4.9304
0.019073,0.007782,4.9329
0.017548,0.0094604,4.9316
0.016327,0.0086975,4.9304
0.016785,0.010529,4.9231
0.015564,0.0091553,4.9255
0.014954,0.0057983,4.9231
0.013428,0.00091553,4.9255
0.013733,-0.0018311,4.9194
0.012817,-0.0038147,4.9182
0.013275,-0.0041199,4.9011
0.014191,-0.0030518,4.9194
0.01358,-0.0036621,4.9219
0.014648,-0.0056458,4.9182
0.014954,-0.0076294,4.8975
0.017548,-0.0086975,4.9097
0.020447,-0.0079346,4.9011
0.021515,-0.0050354,4.9121
0.024414,0.00030518,4.9097
0.025787,0.0016785,4.9072
0.02655,0.0021362,4.9109
0.026703,0.00030518,4.9109
0.027313,-0.002594,4.9146
0.027008,-0.0024414,4.9084
0.027771,-0.002594,4.9121
0.027466,-0.0013733,4.9097
0.026245,-0.00015259,4.9158
0.026855,-0.00061035,4.9353
0.027161,-0.0021362,4.9158
0.026398,-0.0039673,4.9194
0.027161,-0.0056458,4.9207
0.025787,-0.004425,4.9048
0.025024,-0.0027466,4.9207
0.022736,-0.0012207,4.9255
0.021667,-0.00091553,4.9268
0.020752,-0.0013733,4.9304
0.021057,-0.0030518,4.9292
0.021362,-0.0042725,4.9304
0.022736,-0.0041199,0.061035
0.023041,-0.004425,0.061035
0.024261,-0.0036621,0.057373
0.024719,-0.0028992,0.063477
0.025787,-0.0030518,0.054932
0.02655,-0.0039673,0.063477
0.028534,-0.0048828,0.070801
0.030823,-0.007019,0.06958
0.031891,-0.007019,0.067139
0.031891,-0.0067139,0.065918
0.030975,-0.0074768,0.075684
0.029144,-0.0086975,0.062256
0.027313,-0.0093079,0.042725
0.026398,-0.010681,0.057373
0.026855,-0.010529,0.057373
0.026245,-0.0094604,0.048828
0.02533,-0.0076294,0.05249
0.024719,-0.0056458,0.048828
0.023193,-0.0059509,0.047607
0.021515,-0.0061035,0.047607
0.021057,-0.007019,0.047607
0.022125,-0.0085449,0.042725
0.023346,-0.0094604,0.046387
0.024414,-0.0091553,0.045166
0.024719,-0.0085449,0.043945
0.024567,-0.0064087,0.050049
0.023651,-0.0061035,0.039063
0.023956,-0.005188,0.050049
0.024719,-0.005188,0.036621
0.026245,-0.0050354,0.026855
0.027924,-0.004425,0.039063
0.028687,-0.0036621,0.036621
0.029602,-0.0039673,0.03418
0.028381,-0.0039673,0.039063
0.027771,-0.0050354,0.039063
0.028229,-0.0067139,0.041504
0.027466,-0.007019,0.040283
0.031128,-0.0068665,0.047607
0.031128,-0.0064087,0.041504
0.030365,-0.0082397,0.047607
0.028992,-0.0065613,0.05127
0.026703,-0.0071716,0.054932
0.02594,-0.0074768,0.057373
0.025177,-0.0056458,0.05127
0.027008,-0.0079346,0.059814
0.028229,-0.0086975,0.058594
0.027924,-0.0088501,0.068359
0.027618,-0.0093079,0.061035
0.02594,-0.0080872,0.050049
0.026093,-0.0068665,0.057373
0.026245,-0.0042725,0.062256
0.027161,-0.0024414,0.061035
0.029144,-0.0010681,0.065918
0.03067,0,0.058594
0.03067,-0.00045776,0.064697
0.030518,0.0016785,0.064697
0.030823,0.0021362,0.065918
0.03067,0.002594,0.064697
0.032043,0.0030518,0.068359
0.033417,0.0018311,0.057373
0.03479,0.0010681,0.062256
0.034637,0.0013733,0.073242
0.034027,0.0019836,0.053711
0.030365,0.0024414,0.05249
0.028534,0.0036621,0.043945
0.027771,0.0042725,0.032959
0.029144,0.0059509,0.048828
0.026855,0.0065613,0.045166
0.026245,0.0065613,0.045166
0.024719,0.0057983,0.043945
0.024414,0.0065613,0.041504
0.023651,0.0067139,0.045166
0.023804,0.007019,0.040283
0.02655,0.0057983,0.041504
0.025787,0.0038147,0.036621
0.024567,0.0028992,0.040283
0.024261,0.0021362,0.041504
0.022583,0.0015259,0.042725
0.021362,0.0030518,0.039063
0.019684,0.004425,0.041504
0.020905,0.0036621,0.040283
0.02243,0.0057983,0.040283
0.022125,0.0061035,0.046387
0.02243,0.007019,0.042725
0.021973,0.0086975,0.037842
0.021057,0.009613,0.043945
0.020142,0.0085449,0.048828
0.019073,0.007782,0.048828
0.018921,0.0083923,0.05249
0.019531,0.0041199,0.05249
0.019379,0.0038147,0.054932
0.022583,0.004425,0.053711
0.018616,0.0053406,0.062256
0.017853,0.0064087,0.058594
0.017548,0.0067139,0.064697
0.018616,0.0067139,0.062256
0.020599,0.007019,0.061035
0.023041,0.0061035,0.070801
0.024567,0.0061035,0.062256
0.022125,0.0057983,0.063477
0.022888,0.0054932,0.067139
0.02243,0.005188,0.063477
0.022278,0.0056458,0.065918
0.023956,0.0065613,0.065918
0.024719,0.0054932,0.063477
0.025787,0.0053406,0.063477
0.025177,0.0056458,0.057373
0.023346,0.0057983,0.058594
0.023346,0.0061035,0.056152
0.023346,0.0053406,0.059814
0.02655,0.0059509,0.05249
0.02594,0.005188,0.054932
0.027618,0.0036621,0.054932
0.028687,0.0027466,0.053711
0.028229,0.0041199,0.045166
0.026245,0.0048828,0.045166
0.026093,0.0067139,0.061035
0.024872,0.011292,4.5581
0.024567,0.0071716,4.8987
0.024719,0.0067139,4.9097
0.026245,0.0059509,4.8999
0.026398,0.0061035,4.9097
0.024719,0.0054932,4.9146
0.023651,0.0062561,4.9109
0.023651,0.0073242,4.9109
0.023956,0.007019,4.9072
0.025482,0.0053406,4.9121
0.025024,0.0028992,4.9048
0.02243,0.00076294,4.9146
0.020599,0.00015259,4.9097
0.015411,0.00030518,4.9121
0.012207,0.0012207,4.9133
0.011902,0.0013733,4.9158
0.014038,0.0013733,4.9243
0.014191,0.00091553,4.917
0.013428,-0.0018311,4.9146
0.014191,-0.00091553,4.9243
0.013275,0.00061035,4.9219
0.013733,0.00091553,4.9268
0.014496,0.0015259,4.9207
0.016632,-0.0030518,4.928
0.018768,0.00076294,4.9304
0.019531,-0.00015259,4.928
0.019073,-0.00061035,4.9329
0.018158,-0.00015259,4.9304
0.01709,0.00076294,4.9329
0.016937,0.0019836,4.928
0.017395,0.0032043,4.9353
0.020294,0.0033569,4.9316
0.02243,0.0028992,4.9377
0.023193,0.0022888,4.9341
0.024567,0.0010681,4.9377
0.023651,0.0015259,4.9451
0.023346,0.0013733,4.9377
0.023346,-0.00045776,4.939
0.022736,0.00076294,4.9304
0.023346,-0.00076294,4.917
0.023041,-0.0027466,4.928
0.02243,-0.0022888,4.9207
0.020599,-0.004425,4.9231
0.018921,-0.0016785,4.9231
0.018158,-0.0012207,4.9194
0.018005,-0.00045776,4.917
0.018463,-0.0015259,4.9146
0.019989,-0.0041199,4.9146
0.020294,-0.0057983,4.9097
0.021057,-0.0059509,4.9158
0.020447,-0.0042725,4.917
0.020142,-0.00091553,4.9158
0.020752,0.00091553,4.9097
0.02121,0.0012207,4.9011
0.019379,-0.0010681,4.9109
0.021362,-0.002594,4.906
0.020447,-0.0045776,4.9048
0.020142,-0.0048828,4.9097
0.016022,-0.0036621,4.8767
0.020142,-0.0030518,4.9072
0.021667,-0.0045776,4.9072
0.023193,-0.0065613,4.9121
0.024567,-0.0090027,4.9121
0.024414,-0.010681,4.9133
0.022278,-0.012665,4.9182
0.020142,-0.0094604,4.9182
0.017242,-0.0080872,4.9194
0.016785,-0.0065613,4.9207
0.017242,-0.0057983,4.9255
0.0177,-0.0057983,4.9243
0.017242,-0.005188,4.9194
0.016937,-0.0056458,4.939
0.017548,-0.0047302,4.9316
0.018311,-0.0033569,4.9377
0.020447,-0.002594,4.9255
0.022278,-0.0027466,4.9182
0.024567,-0.0027466,4.9304
0.023651,-0.0019836,4.9292
0.02121,-0.0019836,4.9304
0.018311,-0.0018311,4.9304
0.017242,-0.00015259,4.9316
0.016785,0,4.9377
0.014648,0.00061035,4.9365
0.018005,-0.00030518,4.9341
0.019836,-0.0016785,4.9316
0.020599,-0.0022888,4.9329
0.020905,-0.0015259,4.9292
0.019226,-0.0016785,4.9304
0.018921,-0.0018311,4.9341
0.018463,-0.0019836,4.9255
0.018158,-0.0036621,4.9036
0.017242,-0.0059509,4.9255
0.014954,-0.0073242,4.9207
0.01236,-0.0093079,4.9158
0.0097656,-0.0099182,4.9146
0.0086975,-0.0090027,4.9182
0.010681,-0.0083923,4.9109
0.011139,-0.007019,4.9121
0.014343,-0.0071716,4.9133
0.016479,-0.0064087,4.9084
0.018616,-0.0056458,4.9109
0.018768,-0.0018311,4.906
0.018311,0.0012207,4.9133
0.018921,0.0036621,4.9109
0.020447,0.0061035,4.9146
0.02182,0.0056458,4.9097
0.022583,0.0042725,4.9109
0.02182,0.0038147,4.9194
0.019379,0.0027466,4.9146
0.018005,0.0032043,0.053711
0.018005,0.0035095,0.041504
0.019073,0.0021362,0.032959
0.021057,0.00030518,0.045166
0.023193,-0.0015259,0.047607
0.023956,-0.0033569,0.047607
0.023956,-0.0027466,0.053711
0.021515,-0.0030518,0.053711
0.02121,-0.00045776,0.05249
0.021057,0.002594,0.058594
0.026093,0.0057983,0.063477
0.023499,0.0080872,0.058594
0.024109,0.0076294,0.062256
0.021973,0.0073242,0.064697
0.019836,0.007782,0.067139
0.016174,0.0071716,0.068359
0.013733,0.0065613,0.063477
0.011597,0.0061035,0.063477
0.010681,0.0036621,0.064697
0.0093079,-0.00030518,0.06958
0.0067139,-0.0036621,0.065918
0.0085449,-0.0056458,0.063477
0.0035095,-0.0056458,0.064697
0.0021362,-0.0035095,0.065918
0.0033569,-0.0038147,0.061035
0.0041199,-0.0012207,0.061035
0.0068665,-0.0021362,0.053711
0.0080872,-0.0035095,0.057373
0.0076294,-0.0033569,0.05249
0.0071716,-0.0021362,0.056152
0.0083923,0.00030518,0.053711
0.011139,0.0021362,0.053711
0.014038,0.0047302,0.047607
0.01709,0.0028992,0.047607
0.020294,0.0012207,0.061035
0.021362,0.00015259,0.047607
0.02243,0.00061035,0.05249
0.02243,0.0015259,0.042725
0.02243,0.0024414,0.029297
0.023804,0.0018311,0.03418
0.024414,0,0.030518
0.024872,-0.0039673,0.039063
0.023804,-0.0048828,0.039063
0.022278,-0.0061035,0.0354
0.020599,-0.0047302,0.041504
0.018921,-0.0013733,0.040283
0.017548,0.0035095,0.041504
0.018768,0.0054932,0.037842
0.017395,0.0062561,0.042725
0.016174,0.0048828,0.043945
0.014496,0.0045776,0.047607
0.01358,0.0036621,0.05127
0.012512,0.0067139,0.050049
0.014496,0.0088501,0.05127
0.019989,0.0090027,0.053711
0.020599,0.0074768,0.053711
0.023041,0.004425,0.056152
0.023804,0.0024414,0.056152
0.023956,0.0016785,0.058594
0.023956,0.0021362,0.058594
0.023956,0.0041199,0.059814
0.024872,0.0053406,0.062256
0.025635,0.0056458,0.063477
0.025787,0.002594,0.062256
0.024414,0.0012207,0.059814
0.023193,-0.00076294,0.062256
0.019989,-0.0021362,0.062256
0.019836,-0.0013733,0.067139
0.019989,-0.00076294,0.064697
0.021362,-0.0012207,0.06958
0.021057,-0.0019836,0.075684
0.020599,-0.0045776,0.065918
0.019989,-0.0065613,0.067139
0.019836,-0.0053406,0.062256
0.017395,-0.0062561,0.047607
0.016479,-0.0050354,0.056152
0.016632,-0.0048828,0.053711
0.017242,-0.005188,0.046387
0.017395,-0.0068665,0.05127
0.017548,-0.0079346,0.048828
0.016479,-0.011139,0.045166
0.016479,-0.0036621,0.042725
0.016937,0.00091553,0.048828
0.018768,0.0057983,0.042725
0.017853,0.0076294,0.042725
0.022888,0.0064087,0.043945
0.024872,0.0038147,0.041504
0.026093,0.0016785,0.039063
0.028534,0.00015259,0.042725
0.025787,0.0013733,0.041504
0.027313,0.0022888,0.040283
0.03006,0.0019836,0.041504
0.031586,-0.00015259,0.039063
0.032806,-0.0030518,0.023193
0.032654,-0.0050354,0.028076
0.031586,-0.0056458,0.03418
0.028839,-0.0030518,0.042725
0.027313,-0.00015259,0.042725
0.026093,0.0016785,0.041504
0.026093,0.00091553,0.046387
0.02594,-0.00061035,0.046387
0.02533,-0.0039673,0.05249
0.023804,-0.0071716,0.05249
0.02243,-0.0080872,0.056152
0.021515,-0.0073242,0.056152
0.021362,-0.0047302,0.056152
0.020142,-0.0027466,0.073242
0.022583,-0.0028992,0.061035
0.023346,-0.0041199,0.062256
0.023804,-0.0047302,0.063477
0.021667,-0.0039673,0.05249
0.023193,-0.0024414,0.058594
0.023193,-0.00015259,0.061035
0.022736,0.00076294,0.063477
0.024414,0.00045776,0.062256
0.024567,-0.0018311,0.064697
0.028076,-0.0030518,0.065918
0.028381,-0.0027466,0.10132
0.027924,-0.0021362,4.6411
0.027161,0.00030518,4.906
0.027313,0.0021362,4.9316
0.027924,0.0033569,4.928
0.028992,0.0035095,4.9292
0.03006,0.002594,4.9304
0.032501,0.00076294,4.9255
0.030212,0.00061035,4.928
0.028687,0.0012207,4.9194
0.027618,0.0022888,4.9329
0.026703,-0.00015259,4.9146
0.027008,0.0039673,4.9097
0.026855,0.0036621,4.906
0.025787,0.0019836,4.9182
0.024261,0.00091553,4.9109
0.02243,0.0033569,4.9146
0.020599,0.0047302,4.9097
0.019073,0.0057983,4.9121
0.019226,0.004425,4.9133
0.020294,0.002594,4.9084
0.020142,-0.00091553,4.9072
0.019836,-0.0036621,4.9109
0.017548,-0.0036621,4.9109
0.016785,-0.0018311,4.9133
0.015411,0.0013733,4.917
0.015259,0.0035095,4.9121
0.016022,0.0050354,4.9146
0.016937,0.0042725,4.9121
0.018768,0.0032043,4.9109
0.019836,0.0024414,4.9194
0.02121,0.0027466,4.906
0.022583,0.0035095,4.9194
0.023499,0.0038147,4.9194
0.024872,0.0030518,4.9243
0.028229,0.0012207,4.9268
0.028076,-0.0015259,4.9255
0.028687,-0.002594,4.9353
0.029297,-0.0027466,4.9304
0.029297,-0.00061035,4.9341
0.028992,0.0021362,4.9292
0.029297,0.0032043,4.9353
0.029449,0.0035095,4.9292
0.028992,0.0019836,4.9316
0.030518,-0.00030518,4.9377
0.030975,-0.00030518,4.9365
0.030518,0.0010681,4.9438
0.030365,0.0032043,4.9353
0.030365,0.0036621,4.917
0.030212,0.0045776,4.9341
0.031128,0.0038147,4.9292
0.031128,0.002594,4.9219
0.031128,0.0028992,4.9304
0.032501,0.0038147,4.9219
0.032349,0.0054932,4.928
0.031128,0.007019,4.9231
0.030212,0.0073242,4.9268
0.03006,0.0074768,4.9207
0.030365,0.0068665,4.9207
0.030823,0.0073242,4.9207
0.029755,0.0085449,4.9207
0.031891,0.010376,4.9231
0.030975,0.012665,4.9023
0.030518,0.011902,4.9133
0.029907,0.011902,4.9146
0.029144,0.010376,4.8975
0.028381,0.0079346,4.9097
0.027008,0.0099182,4.9097
0.026093,0.0053406,4.9109
0.023651,0.0047302,4.9097
0.02182,0.0038147,4.9072
0.019073,0.0032043,4.9121
0.018311,0.0018311,4.9084
0.018768,0.00015259,4.906
0.018616,0.00045776,4.9072
0.018463,0.00076294,4.9158
0.019531,0.0016785,4.9133
0.018768,0.0035095,4.9084
0.017242,0.0039673,4.917
0.016632,0.0045776,4.9231
0.017242,0.0050354,4.928
0.017853,0.0053406,4.9268
0.020142,0.0061035,4.9402
0.02121,0.0079346,4.9292
0.022278,0.0091553,4.9207
0.022125,0.011292,4.9304
0.02243,0.010529,4.9341
0.021973,0.0094604,4.9304
0.023041,0.0073242,4.9158
0.023651,0.0067139,4.9255
0.024109,0.0054932,4.9341
0.023956,0.0059509,4.9304
0.022736,0.0067139,4.9353
0.020905,0.0067139,4.9329
0.020142,0.0062561,4.9426
0.020447,0.0057983,4.9353
0.020599,0.0045776,4.9365
0.021362,0.004425,4.9426
0.02121,0.004425,4.9353
0.019836,0.0042725,4.9329
0.019684,0.0027466,4.9316
0.016785,0.0016785,4.9255
0.016327,0.00045776,4.9255
0.015717,0,4.9219
0.015259,-0.00045776,4.9158
0.015869,-0.00030518,4.9182
0.015259,0.00061035,4.9231
0.014801,-0.0018311,4.9158
0.014038,0.00091553,4.9158
0.014038,-0.00015259,0.046387
0.014648,0.00045776,0.039063
0.014801,-0.00015259,0.041504
0.016479,0.00045776,0.043945
0.014496,0.0016785,0.042725
0.013428,0.0022888,0.042725
0.01236,0.0030518,0.040283
0.012207,0.0013733,0.05249
0.012512,0.00061035,0.040283
0.012512,0,0.05127
0.012817,-0.00045776,0.037842
0.01358,-0.00030518,0.029297
0.01358,0,0.037842
0.014191,0.00015259,0.040283
0.014191,-0.00030518,0.042725
0.01358,-0.0012207,0.043945
0.013885,-0.002594,0.043945
0.013885,-0.0028992,0.048828
0.014648,-0.002594,0.048828
0.014191,-0.0016785,0.054932
0.013428,-0.0013733,0.05249
0.01236,-0.0013733,0.061035
0.011597,-0.0019836,0.059814
0.011444,-0.0022888,0.062256
0.012512,-0.002594,0.078125
0.013428,-0.0028992,0.062256
0.014343,-0.00030518,0.062256
0.014648,0.0012207,0.059814
0.014954,0.0024414,0.056152
0.0177,0.0033569,0.062256
0.019379,0.0048828,0.061035
0.020752,0.0056458,0.064697
0.020294,0.0062561,0.073242
0.023041,0.0062561,0.063477
0.023041,0.0054932,0.068359
0.022278,0.0042725,0.062256
0.022736,0.002594,0.067139
0.02121,-0.00030518,0.059814
0.020447,-0.0024414,0.062256
0.019836,-0.0042725,0.057373
0.018005,-0.0064087,0.057373
0.016479,-0.0057983,0.057373
0.014038,-0.0061035,0.05249
0.012817,-0.0045776,0.057373
0.012054,-0.0062561,0.05249
0.01236,-0.0059509,0.059814
0.01358,-0.0057983,0.046387
0.015717,-0.0053406,0.041504
0.015564,-0.0057983,0.045166
0.016937,-0.0064087,0.042725
0.016174,-0.0061035,0.039063
0.018158,-0.0057983,0.041504
0.019684,-0.004425,0.037842
0.020752,-0.0030518,0.040283
0.021973,-0.00030518,0.037842
0.019531,0.00030518,0.041504
0.022125,0,0.037842
0.021973,-0.0010681,0.037842
0.021667,-0.0021362,0.041504
0.021515,-0.002594,0.042725
0.022888,-0.0028992,0.047607
0.024109,-0.0033569,0.042725
0.02655,-0.0036621,0.045166
0.028839,-0.0032043,0.042725
0.030212,-0.0032043,0.045166
0.029297,-0.0022888,0.047607
0.028687,-0.0015259,0.039063
0.027161,0.00030518,0.050049
0.02655,0.0010681,0.054932
0.025177,0.0024414,0.054932
0.023193,0.0018311,0.056152
0.022278,0.0010681,0.058594
0.019379,-0.0013733,0.065918
0.018768,-0.0010681,0.057373
0.014648,-0.0018311,0.063477
0.01358,-0.0018311,0.062256
0.012512,-0.0024414,0.064697
0.011749,-0.0021362,0.058594
0.010681,-0.0047302,0.063477
0.011139,-0.0053406,0.073242
0.0097656,-0.0045776,0.064697
0.010071,-0.0050354,0.072021
0.010986,-0.004425,0.064697
0.012665,-0.0035095,0.047607
0.014496,-0.002594,0.062256
0.015717,-0.0015259,0.058594
0.016937,-0.0012207,0.058594
0.018158,-0.0010681,0.058594
0.018921,-0.0013733,0.05127
0.019989,-0.0015259,0.053711
0.021057,-0.0018311,0.048828
0.021515,-0.0019836,0.041504
0.02121,-0.0033569,0.046387
0.020905,-0.004425,0.048828
0.019836,-0.0054932,0.045166
0.018616,-0.0074768,0.047607
0.018005,-0.0076294,0.047607
0.019379,-0.0079346,0.042725
0.019684,-0.0082397,0.041504
0.020599,-0.0083923,0.041504
0.020905,-0.0080872,0.031738
0.020142,-0.007782,0.037842
0.019073,-0.0056458,0.03418
0.018005,-0.0056458,0.039063
0.018005,-0.0022888,0.036621
0.018005,-0.0022888,0.036621
0.017853,0.002594,0.041504
0.017853,0.0038147,0.039063
0.017853,0.0041199,0.039063
0.01709,0.0035095,0.039063
0.017548,0.0019836,0.042725
0.018158,0.00045776,0.043945
0.019836,-0.0015259,0.047607
0.021362,-0.0038147,0.056152
0.021515,-0.0057983,0.05127
0.02182,-0.0073242,0.064697
0.021057,-0.0083923,0.056152
0.019684,-0.0085449,0.068359
0.018311,-0.007782,3.9319
0.017853,-0.0054932,4.8608
0.017548,-0.0038147,4.9243
0.017853,-0.0019836,4.9268
0.017853,-0.0012207,4.928
0.018005,-0.00076294,4.928
0.018158,-0.00045776,4.9194
0.017548,-0.00045776,4.9316
0.017242,0,4.9304
0.018158,-0.0013733,4.9353
0.0177,-0.0033569,4.9377
0.017548,-0.0061035,4.939
0.016632,-0.0085449,4.9353
0.015564,-0.010681,4.9353
0.014343,-0.012512,4.9353
0.014038,-0.01236,4.9353
0.014343,-0.011902,4.9243
0.01358,-0.011749,4.9304
0.015869,-0.010223,4.9341
0.015717,-0.0090027,4.9219
0.016785,-0.0074768,4.906
0.017853,-0.0057983,4.9146
0.018616,-0.0032043,4.9194
0.019836,-0.0013733,4.9194
0.020599,-0.00091553,4.9158
0.021515,-0.0054932,4.9109
0.023346,-0.0032043,4.917
0.023346,-0.0036621,4.9109
0.024414,-0.0032043,4.9121
0.024719,-0.00091553,4.9097
0.026245,0.00030518,4.9158
0.028229,0.0012207,4.9109
0.026093,0.0013733,4.9133
0.028992,0.0016785,4.9243
0.029755,0.0018311,4.9121
0.029297,0.0013733,4.9133
0.029449,0.0018311,4.9097
0.026703,0.0015259,4.8914
0.028687,0.0021362,4.9133
0.027771,0.002594,4.9133
0.02655,0.0019836,4.9133
0.025787,0.0016785,4.9158
0.025482,0.0010681,4.9133
0.025635,0.00045776,4.9194
0.024567,0.0035095,4.9231
0.023804,0.00091553,4.928
0.023651,0.0022888,4.9243
0.022278,0.002594,4.9292
0.024719,0.0028992,4.9194
0.024414,0.0028992,4.9341
0.025482,0.0027466,4.9353
0.024872,0.0032043,4.9365
0.02594,0.0028992,4.9316
0.027008,0.0024414,4.9341
0.027771,0.0018311,4.9451
0.026703,0.0041199,4.9316
0.028534,0.0056458,4.9207
0.029449,0.0065613,4.9341
0.029449,0.0067139,4.9341
0.029297,0.0064087,4.9377
0.029449,0.0062561,4.9365
0.028992,0.005188,4.9316
0.028381,0.0079346,4.9329
0.029297,0.0048828,4.928
0.028839,0.0047302,4.9304
0.029144,0.0050354,4.9243
0.027466,0.0054932,4.9268
0.027771,0.0059509,4.9231
0.027313,0.0065613,4.9255
0.02655,0.0062561,4.9219
0.026855,0.0073242,4.917
0.026703,0.0073242,4.9207
0.027161,0.007019,4.9158
0.027161,0.0065613,4.9048
0.027313,0.007782,4.9194
0.027313,0.007782,4.9133
0.027161,0.0073242,4.9084
0.027466,0.0065613,4.9109
0.027924,0.0059509,4.9109
0.027161,0.0065613,4.9097
0.026245,0.007782,4.9072
0.025482,0.0079346,4.9109
0.024414,0.0091553,4.9084
0.024109,0.0085449,4.9146
0.023804,0.0064087,4.9109
0.024567,0.0059509,4.9146
0.024414,0.0041199,4.9109
0.024567,0.0024414,4.9146
0.024414,0,4.9158
0.024567,-0.00030518,4.9146
0.024414,-0.0016785,4.9255
0.024261,-0.0022888,4.9207
0.023346,-0.0030518,4.9133
0.021057,-0.0033569,4.9207
0.019989,-0.0027466,4.9207
0.019989,-0.0018311,4.9268
0.018311,0.00015259,4.928
0.020294,0.00076294,4.928
0.020294,0.0018311,4.9365
0.023499,0.0021362,4.9329
0.02243,0.0038147,4.9329
0.023193,0.0050354,4.9292
0.025024,0.0062561,4.9353
0.026398,0.010834,4.9292
0.027313,0.007019,4.9341
0.028229,0.0064087,4.9475
0.027924,0.0047302,4.9353
0.026855,0.0047302,4.9377
0.025482,0.0036621,0.067139
0.026093,0.0033569,0.048828
0.025177,0.0038147,0.057373
0.025024,0.0042725,0.059814
0.025024,0.0038147,0.056152
0.024567,0.0050354,0.056152
0.024261,0.0059509,0.048828
0.024872,0.0050354,0.05249
0.023804,0.0057983,0.050049
0.023956,0.0061035,0.048828
0.02182,0.0050354,0.045166
0.020294,0.0047302,0.047607
0.018158,0.0036621,0.046387
0.017548,0.0050354,0.046387
0.016937,0.0035095,0.043945
0.016327,0.0038147,0.042725
0.014343,0.0035095,0.042725
0.013428,0.0016785,0.041504
0.01297,0.0028992,0.040283
0.013733,0.0022888,0.037842
0.015106,0.0024414,0.036621
0.015717,0.0033569,0.041504
0.016937,0.0033569,0.041504
0.016174,0.0030518,0.036621
0.016174,0.0032043,0.042725
0.015259,0.0027466,0.039063
0.013885,0.0028992,0.042725
0.01297,0.0027466,0.042725
0.013428,0.0018311,0.048828
0.013885,0.0035095,0.046387
0.014343,0.0027466,0.05127
0.014954,0.0018311,0.053711
0.016174,0.00030518,0.058594
0.0177,-0.00061035,0.063477
0.019836,-0.00045776,0.058594
0.021057,-0.00030518,0.06958
0.022736,0.00015259,0.062256
0.023499,0.00091553,0.053711
0.023651,0.0010681,0.061035
0.023346,0.0019836,0.059814
0.02182,0.0027466,0.061035
0.019836,0.004425,0.063477
0.019379,0.0053406,0.057373
0.018158,0.0050354,0.063477
0.017853,0.004425,0.062256
0.017395,0.0033569,0.065918
0.017395,0.0030518,0.063477
0.016022,0.0028992,0.067139
0.016785,0.0030518,0.067139
0.016022,0.0028992,0.064697
0.015717,0.0018311,0.063477
0.016174,0,0.059814
0.016632,-0.00091553,0.058594
0.0177,-0.00061035,0.053711
0.017395,-0.00015259,0.059814
0.01709,0.0010681,0.050049
0.016937,0.0016785,0.037842
0.0177,0.0013733,0.043945
0.017548,0.0010681,0.050049
0.019379,0.0015259,0.045166
0.020447,0.0016785,0.043945
0.021362,0.0019836,0.040283
0.02121,0.0016785,0.043945
0.020599,0.0016785,0.0354
0.018463,0.00015259,0.037842
0.018463,0.00061035,0.037842
0.018311,0.00061035,0.043945
0.017548,0.00076294,0.037842
0.018463,0.00015259,0.040283
0.0177,0.00030518,0.053711
0.016327,-0.00030518,0.040283
0.016479,-0.00015259,0.045166
0.015411,-0.00015259,0.039063
0.015106,0.00045776,0.025635
0.015411,0,0.031738
0.016022,-0.00015259,0.045166
0.016785,-0.00061035,0.045166
0.015717,-0.00030518,0.048828
0.014801,0,0.047607
0.013733,0.00045776,0.05249
0.01358,0.00015259,0.057373
0.01297,0.00030518,0.058594
0.01358,0.0012207,0.056152
0.014801,0.00030518,0.063477
0.015106,0.00015259,0.062256
0.015411,0.00045776,0.063477
0.014496,0.00030518,0.063477
0.015869,0.0032043,0.059814
0.014801,0.0015259,0.062256
0.015106,0.0021362,0.061035
0.016785,0.0015259,0.075684
0.017242,0.00045776,0.062256
0.017548,-0.0012207,0.053711
0.016479,-0.0021362,0.067139
0.016174,-0.0033569,0.064697
0.015411,-0.0035095,0.064697
0.015259,-0.002594,0.065918
0.016479,-0.0019836,0.058594
0.01709,-0.0018311,0.061035
0.019073,-0.0016785,0.053711
0.018768,-0.0016785,0.056152
0.019684,-0.00076294,0.048828
0.020905,0,0.05127
0.022125,0.0013733,0.05127
0.022888,0.0027466,0.05249
0.023956,0.002594,0.050049
0.024261,-0.00045776,0.047607
0.023193,-0.0015259,0.043945
0.021667,-0.0030518,0.042725
0.02121,-0.0030518,0.0354
0.019226,-0.0030518,0.036621
0.018768,-0.0013733,0.037842
0.018921,-0.00061035,0.036621
0.019379,-0.0012207,0.040283
0.018158,-0.0013733,0.037842
0.018921,-0.0024414,0.039063
0.018921,-0.0030518,0.0354
0.020294,-0.0028992,0.041504
0.019226,-0.0016785,4.4727
0.019226,-0.00076294,4.8804
0.019073,-0.00015259,4.906
0.021667,-0.0036621,4.9121
0.019684,-0.0012207,4.906
0.018463,-0.002594,4.9182
0.018921,-0.005188,4.9268
0.018616,-0.0041199,4.9146
0.019989,-0.0033569,4.9316
0.019531,-0.0027466,4.9243
0.019836,-0.0050354,4.906
0.019226,-0.0033569,4.9219
0.019379,-0.0038147,4.928
0.020294,-0.0045776,4.928
0.022125,-0.0050354,4.9377
0.023346,-0.0028992,4.9268
0.023193,-0.0012207,4.9341
0.022736,0.00030518,4.9341
0.02121,-0.00061035,4.9329
0.019836,-0.00045776,4.9268
0.018768,-0.0019836,4.9377
0.014801,-0.002594,4.9329
0.018921,-0.0033569,4.9365
0.018463,-0.0032043,4.9451
0.018158,-0.002594,4.9377
0.018311,-0.0015259,4.9353
0.016785,-0.0022888,4.9316
0.016785,-0.0032043,4.9365
0.016785,-0.0042725,4.9255
0.015411,-0.0048828,4.9158
0.018311,-0.0054932,4.9158
0.0177,-0.0054932,4.9231
0.017395,-0.0053406,4.9194
0.016632,-0.0056458,4.9194
0.016022,-0.0062561,4.9182
0.016785,-0.0065613,4.9194
0.018768,-0.0042725,4.9133
0.019684,-0.0038147,4.9146
0.020599,-0.0018311,4.9146
0.021515,-0.00045776,4.9146
0.023041,0.0010681,4.9121
0.02121,0.0010681,4.9146
0.02243,0.0012207,4.9207
0.023651,0.0021362,4.9146
0.025482,0.0019836,4.9194
0.028381,0.0027466,4.9084
0.028839,0.0019836,4.9036
0.029449,0.00045776,4.9097
0.029297,0.00076294,4.9097
0.026398,-0.0019836,4.906
0.025787,-0.0039673,4.9097
0.024261,-0.0053406,4.9097
0.024261,-0.0061035,4.9158
0.023651,-0.0048828,4.9121
0.021515,-0.0042725,4.9231
0.020447,-0.0079346,4.9146
0.019226,-0.002594,4.9255
0.018921,-0.0012207,4.9231
0.02182,-0.00015259,4.928
0.021057,0.0012207,4.9292
0.022278,0.0028992,4.9304
0.022125,0.0032043,4.928
0.021515,0.0018311,4.9353
0.021057,0.0016785,4.9414
0.021667,-0.00061035,4.9304
0.021362,-0.00076294,4.9182
0.024567,-0.0022888,4.928
0.02121,-0.002594,4.9304
0.020447,-0.0010681,4.939
0.021362,-0.00030518,4.9353
0.019379,0,4.9316
0.019226,0.00076294,4.9377
0.019379,0.00045776,4.9304
0.019684,-0.00076294,4.9353
0.020752,0,4.9304
0.023041,-0.00030518,4.9329
0.024261,-0.00045776,4.9292
0.026855,-0.00091553,4.9329
0.026245,-0.0013733,4.9438
0.027313,-0.0021362,4.9268
0.02594,-0.0042725,4.9231
0.025482,-0.0050354,4.9207
0.024567,-0.0050354,4.8999
0.024414,-0.0045776,4.9036
0.023956,0.00045776,4.9182
0.022583,-0.0013733,4.917
0.022278,-0.0015259,4.9121
0.02182,-0.0024414,4.9097
0.02182,-0.0038147,4.9146
0.023346,-0.0019836,4.9109
0.023956,0.00030518,4.9109
0.025787,0.0019836,4.9072
0.026245,0.0027466,4.9146
0.026855,0.0028992,4.9121
0.027466,0.0022888,4.9133
0.028229,0.00091553,4.9109
0.027618,0.0019836,4.9121
0.027771,0.0024414,4.9084
0.027313,0.0036621,4.9121
0.028229,0.0057983,4.9109
0.029297,0.0065613,4.9158
0.029297,0.0059509,4.9231
0.029449,0.0050354,4.9194
0.030212,0.0038147,4.9194
0.031281,0.0036621,4.917
0.030975,0.0036621,4.9231
0.03067,0.0033569,4.9255
0.029755,0.005188,0.065918
0.028839,0.005188,0.059814
0.027313,0.0048828,0.062256
0.025635,0.0045776,0.059814
0.024414,0.0035095,0.063477
0.022736,0.0030518,0.059814
0.021515,0.0032043,0.062256
0.022125,0.0033569,0.06958
0.022125,0.0035095,0.062256
0.021973,0.0045776,0.073242
0.022125,0.0050354,0.062256
0.022736,0.0047302,0.053711
0.023499,0.005188,0.067139
0.024109,0.0054932,0.067139
0.024109,0.0053406,0.059814
0.023499,0.0068665,0.062256
0.023651,0.007782,0.061035
0.02243,0.0071716,0.061035
0.022736,0.0074768,0.054932
0.023499,0.0062561,0.057373
0.024261,0.0053406,0.048828
0.02243,0.0056458,0.053711
0.025024,0.0059509,0.053711
0.025024,0.0059509,0.05127
0.025482,0.0056458,0.05249
0.026245,0.0054932,0.046387
0.027466,0.0048828,0.047607
0.027618,0.0065613,0.045166
0.028076,0.0059509,0.039063
0.025787,0.0071716,0.041504
0.024719,0.0074768,0.040283
0.022278,0.0065613,0.039063
0.020599,0.0053406,0.040283
0.020294,0.0038147,0.036621
0.020294,0.0024414,0.041504
0.020752,0.0021362,0.037842
0.021362,0.0016785,0.041504
0.021362,0.0036621,0.037842
0.021362,0.0041199,0.042725
0.020905,0.0033569,0.040283
0.021057,0.0015259,0.050049
0.02121,0.00030518,0.041504
0.020752,0.00061035,0.046387
0.021515,0.00091553,0.059814
0.022278,0.0016785,0.048828
0.023041,0.00091553,0.058594
0.023651,0.00015259,0.048828
0.023499,-0.0013733,0.032959
0.025482,-0.0016785,0.054932
0.026398,-0.0015259,0.059814
0.027771,-0.0010681,0.061035
0.027466,0.00061035,0.058594
0.026855,0.0016785,0.057373
0.027161,0.0024414,0.063477
0.026855,0.002594,0.059814
0.027466,0.0019836,0.061035
0.027924,0.0021362,0.057373
0.027618,0.0027466,0.062256
0.027161,0.0019836,0.064697
0.024414,0.0039673,0.067139
0.028534,0.0038147,0.075684
0.029907,0.0038147,0.065918
0.03067,0.0030518,0.063477
0.029602,0.0035095,0.064697
0.028534,0.0028992,0.070801
0.027161,0.0028992,0.057373
0.025482,0.0035095,0.050049
0.024261,0.0048828,0.056152
0.023346,0.0050354,0.05127
0.022125,0.0047302,0.047607
0.021667,0.0053406,0.054932
0.020447,0.0053406,0.043945
0.019836,0.005188,0.045166
0.018921,0.0061035,0.041504
0.018463,0.0062561,0.047607
0.018921,0.0056458,0.041504
0.018616,0.0053406,0.043945
0.018463,0.00076294,0.039063
0.019989,0.0035095,0.041504
0.017242,0.0033569,0.050049
0.016785,0.0033569,0.040283
0.015717,0.0021362,0.05249
0.015717,0.0028992,0.037842
0.016327,0.0018311,0.029297
0.016327,0.0015259,0.040283
0.015411,0.0018311,0.039063
0.015411,0.0024414,0.039063
0.015564,0.0033569,0.040283
0.011292,0.004425,0.040283
0.014954,0.0036621,0.042725
0.014801,0.0019836,0.046387
0.014801,0,0.05249
0.014954,-0.0019836,0.047607
0.015411,-0.0030518,0.057373
0.016327,-0.0028992,0.057373
0.016632,-0.0013733,0.057373
0.016632,0,0.059814
0.016785,0.0010681,0.062256
0.016785,0.00015259,0.063477
0.016785,-0.0018311,0.059814
0.016937,-0.0041199,0.072021
0.016785,-0.0030518,0.061035
0.017853,-0.0019836,0.05249
0.016479,0,0.058594
0.018463,0.0010681,0.063477
0.017548,0.0012207,0.063477
0.0177,-0.00030518,0.064697
0.013885,-0.0012207,0.062256
0.017395,-0.0022888,0.067139
0.017853,-0.00030518,0.063477
0.019226,0.0030518,0.064697
0.019684,0.0036621,0.057373
0.019684,0.0045776,0.063477
0.019226,0.0030518,0.053711
0.018311,0.00091553,0.058594
0.017853,0.00015259,0.064697
0.019073,-0.00015259,0.05127
0.019379,0.0018311,0.047607
0.019073,0.0041199,3.9368
0.017395,0.0030518,4.8413
0.015564,0.0027466,4.9011
0.014954,0.0010681,4.9097
0.01358,0.0012207,4.9158
0.015106,-0.00015259,4.9109
0.015717,0.00076294,4.9084
0.015717,0.0018311,4.9109
0.015717,0.0021362,4.9109
0.015259,0.00091553,4.9109
0.014191,-0.0010681,4.9036
0.01236,-0.0030518,4.9109
0.012207,-0.004425,4.9109
0.013123,-0.0036621,4.9121
0.01297,-0.0028992,4.9072
0.011749,-0.0013733,4.9097
0.01297,-0.00061035,4.9146
0.013123,-0.0016785,4.9097
0.013428,-0.0021362,4.8962
0.016174,-0.0036621,4.9133
0.015564,-0.0022888,4.9084
0.016479,0.00061035,4.9194
0.017853,0.0036621,4.9207
0.019379,0.0033569,4.9231
0.016937,0.0024414,4.9304
0.018616,0.0013733,4.9243
0.018463,-0.00076294,4.9304
0.018158,0.00030518,4.9292
0.019226,0.0018311,4.9341
0.020752,0.0038147,4.9304
0.02243,0.0050354,4.9329
0.021973,0.005188,4.9304
0.021515,0.004425,4.9341
0.020599,0.0033569,4.9402
0.019379,0.0032043,4.9353
0.019989,0.0036621,4.9329
0.018768,0.0045776,4.9353
0.018921,0.0050354,4.939
0.016632,0.0032043,4.9353
0.015106,0.0010681,4.9329
0.013275,-0.0016785,4.9316
0.009613,-0.0033569,4.9329
0.011597,-0.0054932,4.9304
0.011749,-0.0062561,4.9304
0.012665,-0.0035095,4.9231
0.013275,-0.0062561,4.9243
0.012207,-0.0056458,4.9207
0.01236,-0.0054932,4.9207
0.012207,-0.004425,4.9207
0.014038,-0.0035095,4.9207
0.015564,-0.0015259,4.9182
0.017853,0.00061035,4.9182
0.020599,0.0016785,4.928
0.021667,0.0024414,4.9158
0.022125,0.0015259,4.9243
0.023193,-0.00015259,4.9121
0.023651,-0.0024414,4.8987
0.025635,-0.0032043,4.9084
0.027008,-0.0027466,4.9109
0.028381,-0.0016785,4.9072
0.028076,0.00015259,4.9097
0.027313,0.00030518,4.9048
0.026398,-0.00015259,4.9109
0.02594,0.0010681,4.9084
0.02655,-0.00045776,4.9097
0.026245,0.00045776,4.9109
0.02533,0.0024414,4.9133
0.024567,0.0036621,4.9146
0.022583,0.0028992,4.9207
0.021057,0.0022888,4.928
0.019531,0.00030518,4.9207
0.018616,-0.0012207,4.9231
0.018616,-0.00030518,4.9304
0.017853,0.0016785,4.9243
0.016785,0.0033569,4.928
0.016022,0.0038147,4.9341
0.014954,0.0022888,4.9316
0.014038,-0.00091553,4.9304
0.014801,-0.0024414,4.9243
0.016174,-0.0041199,4.9329
0.016632,-0.004425,4.9292
0.017548,-0.0024414,4.9316
0.01709,-0.0010681,4.9292
0.016327,0.00076294,4.9377
0.015411,0.00076294,4.9329
0.015259,-0.00015259,4.939
0.016327,-0.0015259,4.9353
0.017395,-0.0024414,4.9402
0.019379,-0.0022888,4.9402
0.020752,-0.0016785,4.9353
0.021362,-0.0019836,4.939
0.02243,-0.0033569,4.928
0.023041,-0.0050354,4.9158
0.02533,-0.0064087,4.9255
0.025787,-0.0064087,4.9182
0.026093,-0.0050354,4.9182
0.025177,-0.002594,4.9182
0.023804,-0.0015259,4.9182
0.021515,-0.0010681,4.9109
0.019226,-0.0019836,4.917
0.020752,0,4.9182
0.021362,-0.0013733,4.9097
0.023499,-0.0010681,4.9133
0.024109,-0.0010681,4.9133
0.023041,-0.00030518,4.9121
0.022278,-0.00030518,4.9133
0.02121,-0.0010681,4.9097
0.021362,-0.0012207,4.9109
0.02243,-0.0013733,-0.0354
0.022888,-0.0012207,0.030518
0.021362,-0.00076294,0.032959
0.020294,-0.00091553,0.036621
0.0177,-0.0018311,0.040283
0.017395,-0.0032043,0.042725
0.018005,-0.0047302,0.040283
0.020752,-0.0048828,0.042725
0.023499,-0.0042725,0.046387
0.025482,-0.0028992,0.05249
0.026703,-0.00045776,0.050049
0.026398,0.0019836,0.057373
0.027008,0.0035095,0.048828
0.02533,0.004425,0.061035
0.026855,0.0047302,0.058594
0.025635,0.0038147,0.062256
0.027924,0.0019836,0.064697
0.027771,0.0015259,0.061035
0.027008,0.0016785,0.074463
0.026245,0.0010681,0.058594
0.026093,-0.00045776,0.046387
0.026093,-0.002594,0.059814
0.027008,-0.0048828,0.058594
0.027161,-0.0068665,0.059814
0.026703,-0.0054932,0.065918
0.02594,-0.0035095,0.063477
0.023346,-0.0038147,0.067139
0.020905,-0.0035095,0.067139
0.020142,-0.0045776,0.064697
0.019836,-0.0071716,0.059814
0.02121,-0.0073242,0.064697
0.021362,-0.0074768,0.057373
0.021973,-0.0062561,0.057373
0.023041,-0.0042725,0.06958
0.023346,-0.0016785,0.05127
0.024719,0.00015259,0.048828
0.025635,0.0013733,0.048828
0.027924,0.00091553,0.031738
0.030975,0.0010681,0.045166
0.032043,0.0022888,0.042725
0.032043,0.0045776,0.043945
0.029755,0.0067139,0.041504
0.029144,0.0079346,0.039063
0.029144,0.0076294,0.041504
0.029602,0.0059509,0.03418
0.031891,0.0041199,0.037842
0.032806,0.0028992,0.039063
0.031433,-0.00091553,0.041504
0.028687,0.0022888,0.039063
0.02594,0.00045776,0.037842
0.024109,-0.0018311,0.040283
0.021667,-0.0045776,0.042725
0.02182,-0.0074768,0.046387
0.02243,-0.0090027,0.042725
0.02243,-0.0086975,0.043945
0.021057,-0.007782,0.042725
0.020447,-0.0048828,0.0354
0.021515,-0.0024414,0.05249
0.023346,-0.00091553,0.053711
0.026398,-0.0021362,0.05249
0.03006,0.0010681,0.056152
0.032196,0.0024414,0.054932
0.032196,0.0041199,0.059814
0.030823,0.0053406,0.057373
0.028839,0.0059509,0.064697
0.028076,0.0065613,0.056152
0.027924,0.0071716,0.05249
0.028076,0.0059509,0.062256
0.028229,0.0065613,0.063477
0.028839,0.0074768,0.068359
0.030518,0.0082397,0.064697
0.027161,0.0093079,0.064697
0.02655,0.0097656,0.064697
0.027008,0.0094604,0.070801
0.028534,0.0085449,0.065918
0.029449,0.0082397,0.065918
0.03067,0.0068665,0.057373
0.028229,0.0053406,0.063477
0.02594,0.004425,0.059814
0.023499,0.0039673,0.056152
0.022125,0.0041199,0.05249
0.024414,0.0045776,0.054932
0.02243,0.0062561,0.050049
0.023193,0.007782,0.050049
0.023193,0.0097656,0.05127
0.021973,0.009613,0.05127
0.020599,0.010681,0.043945
0.019379,0.010681,0.046387
0.019836,0.009613,0.057373
0.019836,0.0080872,0.042725
0.023041,0.0067139,0.05249
0.023804,0.0053406,0.045166
0.021667,0.0068665,0.032959
0.019379,0.0053406,0.036621
0.01709,0.0057983,0.039063
0.016022,0.0061035,0.039063
0.016327,0.005188,0.036621
0.018463,0.0038147,0.03418
0.020905,0.0027466,0.037842
0.022278,0.0028992,0.042725
0.019836,0.0036621,0.042725
0.019226,0.0032043,0.039063
0.018921,0.0042725,0.045166
0.021057,0.0024414,0.047607
0.022125,0.0032043,0.05127
0.025482,0.0033569,0.058594
0.025482,0.0033569,0.050049
0.024261,0.0039673,0.050049
0.023346,0.0057983,0.058594
0.02182,0.0071716,0.063477
0.022583,0.0090027,0.058594
0.025024,0.007782,0.047607
0.026855,0.0074768,0.059814
0.027466,0.0071716,0.06958
0.02533,0.0074768,0.059814
0.022888,0.0080872,0.062256
0.021057,0.0088501,0.059814
0.020599,0.0086975,0.062256
0.025635,0.0090027,3.8647
0.022888,0.0073242,4.8669
0.025177,0.0054932,4.9255
0.024719,0.0045776,4.9353
0.021362,0.0039673,4.9329
0.020752,0.0045776,4.9365
0.019836,0.0056458,4.9426
0.020599,0.0071716,4.9316
0.022125,0.0083923,4.9304
0.023651,0.0067139,4.928
0.024109,0.0064087,4.9133
0.023041,0.0083923,4.9158
0.022278,0.0067139,4.9219
0.021362,0.0080872,4.9182
0.022583,0.0083923,4.9207
0.024567,0.0074768,4.917
0.02533,0.0047302,4.917
0.025787,0.0022888,4.9121
0.023193,0.0012207,4.9146
0.018768,0.0015259,4.9084
0.014954,0.002594,4.9146
0.012512,0.0036621,4.9133
0.01236,0.004425,4.9182
0.01358,0.0024414,4.9109
0.014801,0.00091553,4.9133
0.014954,-0.0010681,4.9084
0.014496,-0.0019836,4.9072
0.014343,-0.0013733,4.9146
0.014801,-0.00045776,4.9133
0.016632,0.00091553,4.8999
0.019684,0.0012207,4.9084
0.022736,-0.00015259,4.9133
0.023956,-0.00076294,4.9182
0.024109,0.00015259,4.9182
0.02243,0.00015259,4.9158
0.020447,0.0019836,4.9219
0.020447,0.0035095,4.9231
0.019531,0.0036621,4.9243
0.02182,0.0018311,4.9268
0.02594,-0.00045776,4.9292
0.024567,-0.0022888,4.9304
0.023651,-0.0028992,4.9329
0.021667,-0.0018311,4.9426
0.020752,-0.00061035,4.9414
0.020905,0.00091553,4.9341
0.020905,0,4.9341
0.022125,-0.0010681,4.9231
0.021973,-0.0018311,4.9304
0.020752,-0.0030518,4.9353
0.018768,-0.002594,4.9341
0.018158,-0.0021362,4.9353
0.016785,-0.0024414,4.9329
0.017853,-0.0032043,4.9377
0.018768,-0.005188,4.9341
0.019226,-0.0054932,4.9353
0.018158,-0.0068665,4.9255
0.016937,-0.0062561,4.928
0.016327,-0.0048828,4.9243
0.015259,-0.0028992,4.9255
0.016632,-0.0027466,4.9255
0.019073,-0.0038147,4.9219
0.020905,-0.0050354,4.9268
0.02121,-0.0061035,4.9182
0.020142,-0.0062561,4.9304
0.019073,-0.0045776,4.9194
0.019073,-0.0028992,4.9231
0.018768,-0.0027466,4.9146
0.020752,-0.0032043,4.9133
0.020905,-0.004425,4.9072
0.02182,-0.0053406,4.9109
0.019684,-0.0050354,4.9097
0.017548,-0.0032043,4.9097
0.016022,-0.00015259,4.9084
0.015564,0.0021362,4.9109
0.016937,0.00045776,4.9084
0.018921,-0.00015259,4.9146
0.019836,-0.0027466,4.9121
0.019226,-0.0027466,4.9109
0.018463,-0.0022888,4.9207
0.016937,-0.00091553,4.917
0.015411,-0.00061035,4.9207
0.015106,-0.0012207,4.9158
0.015869,-0.0032043,4.9121
0.014496,-0.0054932,4.9255
0.013428,-0.0071716,4.9219
0.010834,-0.0073242,4.9231
0.0083923,-0.0067139,4.9304
0.007782,-0.0059509,4.928
0.0067139,-0.0033569,4.9292
0.0091553,-0.0067139,4.9304
0.010681,-0.0082397,4.9341
0.013428,-0.0083923,4.9304
0.015106,-0.0076294,4.9353
0.016022,-0.0076294,4.9329
0.016479,-0.0019836,4.9353
0.017395,0.0010681,4.9341
0.019989,0.0035095,4.9316
0.02121,0.0035095,4.9426
0.024261,0.0033569,4.939
0.023804,0.0021362,4.9463
0.020294,0.0018311,4.9353
0.020447,0.0010681,4.9329
0.019531,0.00091553,4.9316
0.020599,0.0018311,4.9292
0.020447,0.00045776,4.928
0.023499,-0.0013733,4.9268
0.024414,-0.0041199,4.9182
0.023804,-0.0054932,4.9243
0.022583,-0.0045776,4.9207
0.020752,-0.0016785,4.9158
0.020905,0.00015259,0.050049
0.023041,0.0015259,0.047607
0.023651,0.0010681,0.041504
0.023041,-0.00091553,0.045166
0.020752,-0.0027466,0.056152
0.019226,-0.0028992,0.041504
0.015869,-0.0015259,0.043945
0.014648,0.00076294,0.040283
0.014496,0.0030518,0.019531
0.014496,0.0030518,0.03418
0.014954,0.0010681,0.041504
0.014191,-0.0021362,0.037842
0.013428,-0.0056458,0.030518
0.010681,-0.0045776,0.03418
0.010681,-0.0035095,0.040283
0.011597,-0.0024414,0.042725
0.013275,-0.0028992,0.043945
0.015717,-0.0027466,0.042725
0.017853,-0.0061035,0.047607
0.017548,-0.0074768,0.039063
0.018768,-0.0054932,0.050049
0.016632,-0.002594,0.057373
0.016937,0.0012207,0.054932
0.018463,0.004425,0.054932
0.020599,0.0053406,0.062256
0.022583,0.0038147,0.070801
0.022278,0.0012207,0.058594
0.021667,-0.00015259,0.05127
0.021057,0.00061035,0.062256
0.019989,0.002594,0.062256
0.020752,0.004425,0.057373
0.020294,0.004425,0.064697
0.022888,0.0022888,0.062256
0.021973,-0.00061035,0.063477
0.020142,-0.0013733,0.062256
0.018311,-0.00061035,0.068359
0.015411,0.0033569,0.063477
0.014343,0.0064087,0.068359
0.014038,0.0099182,0.063477
0.014496,0.0062561,0.06958
0.015106,0.0030518,0.06958
0.014343,0.00076294,0.056152
0.011902,0.0024414,0.061035
0.013275,0.0010681,0.053711
0.014038,0.0035095,0.042725
0.017395,0.0068665,0.050049
0.020752,0.005188,0.05127
0.025024,0.0036621,0.046387
0.027313,0.0033569,0.046387
0.027924,0.0064087,0.043945
0.027771,0.0064087,0.048828
0.027771,0.010681,0.042725
0.029449,0.013275,0.045166
0.029907,0.014191,0.0354
0.031281,0.01358,0.041504
0.03006,0.010834,0.043945
0.028229,0.0076294,0.041504
0.025635,0.0057983,0.037842
0.022125,0.0053406,0.040283
0.019684,0.0048828,0.042725
0.019379,0.0041199,0.040283
0.018616,0.00015259,0.041504
0.018311,-0.005188,0.040283
0.015869,-0.010529,0.031738
0.01297,-0.011139,0.040283
0.010681,-0.01358,0.045166
0.0097656,-0.012512,0.043945
0.010986,-0.010529,0.05127
0.014191,-0.0094604,0.048828
0.0177,-0.0091553,0.053711
0.020142,-0.0061035,0.054932
0.02121,-0.0032043,0.057373
0.02243,0,0.054932
0.022125,0.0071716,0.063477
0.023041,0.011292,0.062256
0.027466,0.011444,0.063477
0.028687,0.011902,0.075684
0.03006,0.009613,0.061035
0.030975,0.0073242,0.062256
0.031738,0.0071716,0.061035
0.033417,0.0086975,0.054932
0.034485,0.011444,0.061035
0.037231,0.012817,0.062256
0.038147,0.01358,0.063477
0.038757,0.01297,0.067139
0.038147,0.011902,0.061035
0.036163,0.011597,0.064697
0.033417,0.011749,0.058594
0.030365,0.013885,0.061035
0.028076,0.010834,0.056152
0.03006,0.007019,0.058594
0.026093,0.0021362,0.053711
0.024719,-0.0038147,0.05249
0.023041,-0.0076294,0.050049
0.023956,-0.009613,0.050049
0.019531,-0.0085449,0.056152
0.017548,-0.0068665,0.048828
0.017853,-0.0062561,0.058594
0.018616,-0.0042725,0.040283
0.018463,-0.0041199,0.0354
0.018158,-0.0036621,0.040283
0.018311,-0.0027466,0.037842
0.019989,0.00030518,0.037842
0.020905,0.0039673,0.037842
0.022888,0.0079346,0.03418
0.025635,0.010529,0.039063
0.028076,0.011292,0.036621
0.030975,0.010681,0.043945
0.032501,0.0091553,0.036621
0.034485,0.0086975,0.040283
0.034943,0.010071,0.043945
0.036621,0.011292,0.042725
0.038452,0.011139,0.050049
0.040131,0.0097656,0.047607
0.042572,0.0053406,0.050049
0.043182,0.00061035,0.040283
0.042419,-0.0016785,1.9604
0.040436,-0.0015259,4.7498
0.036774,0.0010681,4.8999
0.034332,0.0054932,4.9194
0.033417,0.0053406,4.9292
0.031738,0.0056458,4.928
0.031586,0.0047302,4.9304
0.03067,0.0036621,4.9292
0.029755,0.0038147,4.9341
0.028229,0.0067139,4.9365
0.027313,0.0083923,4.928
0.027771,0.0088501,4.9292
0.026398,0.0064087,4.9353
0.026245,0.0028992,4.9329
0.023804,0.00076294,4.9219
0.02533,0.0012207,4.9451
0.022278,0.0033569,4.939
0.02121,0.0061035,4.939
0.021515,0.007782,4.9329
0.022888,0.0065613,4.9146
0.023804,0.0042725,4.9255
0.02594,0.0024414,4.928
0.027466,0.0010681,4.9255
0.028992,0.0022888,4.9231
0.029755,0.0033569,4.9182
0.030975,0.0042725,4.9207
0.031586,0.0038147,4.9207
0.032501,0.0030518,4.917
0.033264,0.0021362,4.9133
0.03418,0.00076294,4.917
0.034637,0.00076294,4.9072
0.032196,-0.00061035,4.9207
0.031891,-0.00045776,4.9146
0.032196,-0.0019836,4.9109
0.028534,-0.0047302,4.9072
0.026855,-0.0074768,4.9097
0.024872,-0.0091553,4.9023
0.023041,-0.010834,4.9084
0.02182,-0.0080872,4.9243
0.019989,-0.0056458,4.9121
0.019836,-0.0027466,4.9084
0.019073,-0.00091553,4.9023
0.019073,0.00030518,4.9109
0.019073,0,4.9109
0.019531,-0.0013733,4.9158
0.020599,-0.00061035,4.9146
0.021057,-0.00061035,4.9207
0.022583,-0.00030518,4.9194
0.022583,0.0010681,4.9255
0.023804,0.0013733,4.9243
0.023804,0.0015259,4.9292
0.02533,0.002594,4.9353
0.026245,0.0053406,4.9329
0.027466,0.0062561,4.9414
0.028687,0.010223,4.9329
0.029297,0.010376,4.9231
0.029907,0.010986,4.9316
0.028381,0.0085449,4.9292
0.028687,0.005188,4.9316
0.028229,0.00015259,4.9341
0.027771,-0.00045776,4.9329
0.026398,-0.0016785,4.9353
0.025024,-0.0027466,4.9268
0.022125,-0.004425,4.9414
0.021362,-0.0038147,4.9304
0.019073,-0.0041199,4.9377
0.017853,-0.0035095,4.9329
0.016022,-0.0016785,4.9158
0.015259,-0.00091553,4.9329
0.014648,-0.00061035,4.9304
0.0099182,0.00015259,4.928
0.014496,-0.0015259,4.9207
0.015564,-0.0028992,4.9268
0.016632,-0.0033569,4.9219
0.018005,-0.0041199,4.9146
0.0177,-0.0045776,4.9133
0.016937,-0.0047302,4.917
0.016174,-0.0045776,4.9158
0.015869,-0.0035095,4.9146
0.016022,-0.0024414,4.9109
0.016632,-0.0012207,4.9146
0.017242,0.0024414,4.9097
0.016022,0.0047302,4.9121
0.020142,0.0065613,4.9121
0.019531,0.0065613,4.9182
0.02243,0.0073242,4.9109
0.02182,0.0050354,4.9133
0.022736,0.0027466,4.9243
0.022736,0.00076294,4.9109
0.020905,0.0010681,4.9182
0.019836,-0.0013733,4.9133
0.017548,-0.0022888,4.8962
0.016632,-0.0041199,4.9133
0.014648,-0.0064087,4.9133
0.01358,-0.0076294,4.9194
0.013733,-0.0061035,4.9207
0.014038,-0.0065613,4.9194
0.012817,-0.0024414,4.9243
0.015106,-0.00015259,4.9255
0.015564,0.00091553,4.9316
0.015717,0.00045776,4.9268
0.015564,-0.00061035,4.9316
0.014954,-0.0019836,4.9316
0.015411,-0.0027466,4.9353
0.015564,-0.0021362,4.9377
0.015411,-0.0033569,4.9377
0.015411,-0.0013733,4.928
0.016174,-0.0019836,4.9365
0.012817,-0.0021362,4.9377
0.012665,-0.0019836,4.9329
0.01297,-0.0013733,4.9414
0.014496,0.00076294,0.06958
0.015869,0.0024414,0.063477
0.018005,0.0032043,0.061035
0.018616,0.0018311,0.062256
0.020142,0.0022888,0.058594
0.019836,0.00061035,0.046387
0.019531,0.00030518,0.05249
0.020447,0.00015259,0.057373
0.02121,0.00091553,0.050049
0.020905,0.00091553,0.048828
0.020294,0.0015259,0.059814
0.018921,0.0022888,0.050049
0.017395,0.0015259,0.056152
0.016632,0.0018311,0.048828
0.016937,0.0035095,0.057373
0.017242,0.0053406,0.037842
0.018463,0.0059509,0.031738
0.019379,0.007019,0.040283
0.021515,0.0062561,0.036621
0.018463,0.005188,0.039063
0.018158,0.0045776,0.040283
0.018158,0.0039673,0.037842
0.017853,0.0018311,0.041504
0.013275,0.0042725,0.039063
0.016937,0.0039673,0.040283
0.015717,0.0033569,0.039063
0.014954,0.0035095,0.041504
0.014343,0.002594,0.042725
0.013428,0.0018311,0.047607
0.014038,0.0021362,0.048828
0.014343,0.0027466,0.048828
0.016022,0.0032043,0.05249
0.016022,0.0024414,0.047607
0.016632,0.0015259,0.053711
0.016632,0.00076294,0.053711
0.015259,-0.00015259,0.047607
0.014343,0,0.056152
0.01358,-0.00091553,0.058594
0.015564,-0.00045776,0.061035
0.015411,0.00061035,0.061035
0.015564,-0.00061035,0.059814
0.01709,0.0010681,0.062256
0.016174,0.00091553,0.056152
0.01709,0.0012207,0.062256
0.018311,0.0024414,0.064697
0.02121,0.0047302,0.067139
0.022888,0.0042725,0.062256
0.02243,0.0042725,0.068359
0.023804,0.0036621,0.080566
0.022583,0.0022888,0.067139
0.022583,0.0018311,0.067139
0.021973,0.00091553,0.062256
0.022736,0.00015259,0.037842
0.022736,-0.00030518,0.056152
0.023041,-0.00030518,0.058594
0.023041,-0.0010681,0.05249
0.024567,-0.0013733,0.05127
0.024872,-0.0015259,0.046387
0.025024,-0.00076294,0.050049
0.024872,0,0.043945
0.024414,0.00045776,0.048828
0.023499,0.0022888,0.042725
0.022583,0.002594,0.045166
0.020599,0.0041199,0.041504
0.020447,0.0045776,0.042725
0.020294,0.0045776,0.042725
0.021057,0.0050354,0.040283
0.020142,0.005188,0.040283
0.020905,0.0047302,0.040283
0.019989,0.0050354,0.024414
0.02182,0.0038147,0.037842
0.022888,0.0038147,0.021973
0.023041,0.0039673,0.041504
0.022583,0.0038147,0.041504
0.022583,0.0022888,0.039063
0.022125,0.0032043,0.043945
0.021973,0.0033569,0.042725
0.02243,0.0039673,0.046387
0.02243,0.002594,0.043945
0.023193,0.0027466,0.05127
0.023651,0.0016785,0.040283
0.023651,-0.00076294,0.057373
0.02243,-0.0013733,0.056152
0.021057,-0.0032043,0.061035
0.020752,-0.0042725,0.06958
0.021057,-0.0045776,0.061035
0.019836,-0.0038147,0.070801
0.020142,-0.0024414,0.061035
0.019531,-0.00076294,0.053711
0.020142,0.00061035,0.061035
0.020905,0.0019836,0.062256
0.023346,0.0024414,0.059814
0.024109,0.0035095,0.064697
0.02533,0.005188,0.064697
0.026093,0.0065613,0.068359
0.027008,0.007782,0.054932
0.027466,0.0065613,0.06958
0.027008,0.0067139,0.062256
0.027161,0.0057983,0.065918
0.026855,0.0056458,0.063477
0.024414,0.0050354,0.061035
0.026245,0.005188,0.05249
0.024414,0.0059509,0.053711
0.025024,0.0057983,0.059814
0.022583,0.004425,0.05127
0.023193,0.0024414,0.061035
0.023041,0.00015259,0.046387
0.02243,-0.0012207,0.045166
0.022888,-0.00061035,0.042725
0.023499,-0.0013733,0.043945
0.024872,-0.00091553,0.043945
0.024719,-0.0036621,0.040283
0.026245,-0.00076294,0.039063
0.026703,-0.00076294,0.039063
0.027161,0.00030518,0.036621
0.026703,0.0019836,0.040283
0.025787,0.0033569,2.0935
0.025482,0.0041199,4.7437
0.02243,0.0041199,4.8962
0.023651,0.0035095,4.9084
0.024109,0.0027466,4.9207
0.024567,0.00061035,4.9109
0.025024,-0.00076294,4.9097
0.028687,-0.0016785,4.9121
0.026855,-0.0015259,4.8975
0.027466,-0.0015259,4.9146
0.027466,-0.00061035,4.9133
0.027466,-0.0013733,4.917
0.027771,-0.0019836,4.9207
0.028076,-0.0024414,4.9255
0.027313,-0.0019836,4.9255
0.02655,-0.00091553,4.9255
0.026855,0.00061035,4.9304
0.026093,0.00015259,4.9292
0.02655,0.00015259,4.9353
0.027466,-0.00030518,4.9304
0.027771,-0.00030518,4.9353
0.027771,0.00030518,4.9316
0.029297,0.00045776,4.9316
0.027161,0.0010681,4.9365
0.027008,0.0047302,4.9353
0.023651,0.00076294,4.9451
0.02594,0.0010681,4.9341
0.02533,0.00091553,4.9255
0.025482,0.0018311,4.9377
0.02594,0.0018311,4.9365
0.026398,0.0036621,4.9316
0.026703,0.0041199,4.9329
0.026703,0.0013733,4.9268
0.027313,0.0027466,4.928
0.027771,0.002594,4.9231
0.027466,0.0022888,4.9255
0.028534,0.0018311,4.9194
0.027008,0.0016785,4.9182
0.026093,0.0010681,4.9194
0.02533,0.00091553,4.9207
0.02533,-0.0021362,4.9207
0.026093,-0.0035095,4.9158
0.027313,-0.0042725,4.9133
0.027161,-0.007782,4.9121
0.02533,-0.0024414,4.9011
0.02655,-0.0019836,4.9097
0.026398,-0.00030518,4.9109
0.025482,-0.00061035,4.9097
0.02594,0.00045776,4.9109
0.025482,0.0010681,4.9084
0.025177,0.0019836,4.9109
0.024719,0.004425,4.9072
0.024261,0.0042725,4.9109
0.024261,0.0050354,4.9109
0.024719,0.0054932,4.9146
0.024414,0.0045776,4.9146
0.025177,0.0036621,4.9158
0.025482,0.0041199,4.9121
0.025787,0.0047302,4.917
0.025177,0.004425,4.9219
0.02655,0.0039673,4.9231
0.027008,0.0036621,4.9329
0.027008,0.0030518,4.9304
0.026855,0.0013733,4.9133
0.027008,0.00061035,4.928
0.027008,-0.00030518,4.9292
0.028992,-0.00061035,4.9304
0.025024,-0.0012207,4.928
0.024414,-0.0013733,4.928
0.02182,0.0022888,4.9353
0.023041,0.00061035,4.9316
0.022888,0.0018311,4.9353
0.023041,0.0027466,4.9304
0.023499,0.0036621,4.9377
0.022888,0.0035095,4.9341
0.022736,0.0047302,4.9377
0.023193,0.0059509,4.9487
0.023193,0.0061035,4.9377
0.022583,0.0057983,4.9316
0.021973,0.005188,4.9329
0.02121,0.004425,4.9146
0.020142,0.0035095,4.9243
0.019073,0.0041199,4.9231
0.019226,0.0045776,4.9219
0.018616,0.0061035,4.9207
0.020447,0.0065613,4.9158
0.022125,0.0054932,4.9194
0.023346,0.0047302,4.9158
0.023956,0.0024414,4.9182
0.023499,0.0015259,4.9109
0.022583,-0.00030518,4.917
0.02243,-0.0038147,4.9121
0.021362,-0.0033569,4.9146
0.021667,-0.0045776,4.9109
0.021057,-0.0053406,4.9121
0.019379,-0.0021362,4.9146
0.018616,-0.0039673,4.9109
0.0177,-0.0024414,4.9146
0.018311,-0.00091553,4.9109
0.021515,0.0010681,4.9097
0.02182,0.0028992,4.917
0.023193,0.0038147,4.9084
0.023499,0.0047302,4.9072
0.024109,0.0048828,4.9146
0.021973,0.002594,4.9109
0.02121,0.0012207,4.9121
0.021362,-0.00045776,4.9194
0.020599,-0.00030518,4.9268
0.020447,-0.00015259,4.9194
0.020294,-0.00091553,4.9255
0.019684,-0.0019836,4.9292
0.019379,-0.00076294,0.058594
0.019684,-0.00091553,0.074463
0.020905,-0.00091553,0.059814
0.021667,0.00076294,0.067139
0.023956,0.0018311,0.062256
0.025635,0.0021362,0.057373
0.026093,0.002594,0.061035
0.025635,0.002594,0.058594
0.024109,0.0019836,0.062256
0.023499,0.0019836,0.063477
0.021973,0.0027466,0.062256
0.023651,0.0033569,0.067139
0.023193,0.0047302,0.057373
0.021667,0.0024414,0.068359
0.020447,0.0041199,0.062256
0.02121,0.0032043,0.063477
0.020905,0.0022888,0.062256
0.021667,0.0013733,0.057373
0.022125,0.00015259,0.053711
0.022583,-0.00091553,0.053711
0.021515,0.00030518,0.061035
0.019989,0.00061035,0.05249
0.017548,0.00015259,0.059814
0.016327,0,0.048828
0.016022,-0.00061035,0.040283
0.016174,-0.00091553,0.041504
0.017242,-0.00030518,0.046387
0.019226,0.00015259,0.042725
0.019989,0.00061035,0.040283
0.020599,0,0.0354
0.02121,-0.00076294,0.041504
0.021362,0.00030518,0.039063
0.02243,0.00030518,0.041504
0.022888,0.00076294,0.041504
0.024261,0.00076294,0.041504
0.024567,0.00076294,0.042725
0.024414,0.00030518,0.043945
0.023346,0.0010681,0.054932
0.022125,0.0015259,0.040283
0.021515,0.0019836,0.046387
0.021057,0.0022888,0.046387
0.021362,0.00061035,0.030518
0.021515,0.00045776,0.042725
0.02182,0.00061035,0.046387
0.02121,0.00091553,0.053711
0.020294,0.00091553,0.053711
0.019684,0.0016785,0.053711
0.017853,0.0012207,0.057373
0.019226,0.0012207,0.058594
0.020294,0.0018311,0.062256
0.020752,0.0021362,0.061035
0.02121,0.0013733,0.063477
0.020905,0.0012207,0.062256
0.020294,0.00091553,0.062256
0.020447,-0.00030518,0.064697
0.020752,-0.00030518,0.063477
0.021362,-0.00061035,0.065918
0.022736,-0.00030518,0.064697
0.022736,-0.00030518,0.074463
0.022736,-0.00061035,0.065918
0.02182,-0.0010681,0.053711
0.021667,-0.0010681,0.062256
0.021362,-0.00045776,0.063477
0.022125,-0.00015259,0.061035
0.022736,0.00015259,0.059814
0.023346,-0.0015259,0.053711
0.023346,-0.0028992,0.056152
0.022125,-0.0039673,0.047607
0.020905,-0.004425,0.05249
0.020294,-0.0042725,0.050049
0.019379,-0.0036621,0.047607
0.018921,-0.0028992,0.05127
0.019073,-0.0022888,0.047607
0.019531,-0.0012207,0.050049
0.019531,-0.0015259,0.046387
0.019684,-0.00045776,0.037842
0.020447,0.00015259,0.039063
0.02121,0.0013733,0.032959
0.021057,0.0036621,0.041504
0.023193,0.0050354,0.040283
0.024261,0.0056458,0.03418
0.024872,0.0061035,0.040283
0.026245,0.0053406,0.037842
0.025787,0.005188,0.039063
0.024567,0.0057983,0.039063
0.024109,0.0064087,0.040283
0.023804,0.0071716,0.040283
0.023346,0.0067139,0.043945
0.019531,0.0048828,0.041504
0.021667,0.0038147,0.042725
0.020752,0.002594,0.046387
0.019379,-0.0016785,0.05249
0.019379,0.00061035,0.059814
0.018311,0.00045776,0.053711
0.018158,-0.00076294,0.063477
0.018005,-0.0019836,0.057373
0.01709,-0.0036621,0.045166
0.01709,-0.005188,0.061035
0.016022,-0.0048828,0.05249
0.015869,-0.0050354,0.059814
0.014648,-0.0039673,0.062256
0.014191,-0.0035095,0.058594
0.013885,-0.0039673,0.061035
0.013733,-0.0047302,0.061035
0.013428,-0.0050354,0.062256
0.014343,-0.0057983,0.061035
0.015564,-0.0061035,0.064697
0.017853,-0.0048828,0.065918
0.019836,-0.0032043,0.067139
0.022278,-0.0012207,0.076904
0.023956,0.0013733,0.063477
0.025482,0.0024414,0.062256
0.027313,0.002594,0.059814
0.028229,0.0032043,0.062256
0.029602,0.0030518,0.05249
0.029449,0.0039673,0.050049
0.028992,0.004425,3.7463
0.028076,0.0042725,4.8462
0.026093,0.0030518,4.9072
0.025024,0.0022888,4.9133
0.024261,-0.00030518,4.9109
0.025635,0.0021362,4.9146
0.025482,-0.0016785,4.9072
0.025787,-0.0013733,4.9109
0.024719,-0.0013733,4.9084
0.026703,-0.0015259,4.9158
0.020905,-0.00045776,4.9097
0.018616,-0.00045776,4.9146
0.016174,-0.0013733,4.9194
0.014191,0.00045776,4.9121
0.013733,0.00030518,4.9255
0.013123,0.0010681,4.9097
0.012207,-0.00061035,4.8975
0.01236,0.0028992,4.9121
0.012817,0.0028992,4.9084
0.014343,0.0018311,4.906
0.016327,0.0030518,4.9158
0.019073,0.0027466,4.9146
0.021057,0.0041199,4.9158
0.02182,0.0047302,4.917
0.021515,0.0073242,4.9207
0.021057,0.0028992,4.9231
0.020752,0.0019836,4.9268
0.020447,0.0022888,4.9292
0.022583,0.0042725,4.9329
0.024872,0.0062561,4.9329
0.026398,0.007019,4.9316
0.026398,0.0067139,4.9329
0.027008,0.0064087,4.9341
0.025787,0.0050354,4.9426
0.024261,-0.00091553,4.9341
0.027771,0.0022888,4.9182
0.023804,0.0019836,4.9304
0.023193,0.00091553,4.9341
0.021057,-0.00015259,4.9353
0.019073,-0.0012207,4.9341
0.017853,-0.002594,4.9316
0.016022,-0.0041199,4.9341
0.015564,-0.0028992,4.9316
0.016632,-0.0016785,4.9316
0.017548,0,4.9292
0.018005,0.0016785,4.9304
0.016022,0.002594,4.906
0.015564,0.0030518,4.9268
0.018158,0.0042725,4.9341
0.019684,0.0062561,4.9231
0.02121,0.0068665,4.9194
0.023499,0.0080872,4.9182
0.025482,0.0093079,4.8999
0.027008,0.014191,4.9146
0.027618,0.0094604,4.9146
0.028229,0.0099182,4.9146
0.029144,0.0094604,4.9133
0.030212,0.0091553,4.9036
0.030365,0.0088501,4.9133
0.03067,0.0076294,4.9109
0.03006,0.0054932,4.9109
0.028076,0.0022888,4.8914
0.027008,-0.00091553,4.9109
0.025482,-0.0039673,4.9109
0.023041,-0.0056458,4.9133
0.02243,-0.0056458,4.9109
0.020447,-0.0056458,4.9109
0.019684,-0.0054932,4.9109
0.018463,-0.0067139,4.9121
0.015717,-0.0076294,4.9182
0.016327,-0.0071716,4.9158
0.016327,-0.0074768,4.9133
0.016632,-0.0067139,4.8962
0.018005,-0.0054932,4.9231
0.018768,-0.0039673,4.9243
0.020294,-0.0012207,4.928
0.020905,0.0010681,4.928
0.021057,0.002594,4.9316
0.019989,0.0024414,4.9329
0.022583,0.0019836,4.9353
0.023499,0.0012207,4.9304
0.025635,0.0012207,4.9353
0.026398,0.0035095,4.9304
0.026855,0.0061035,4.9353
0.028687,0.0083923,4.9426
0.03067,0.0080872,4.9353
0.032043,0.0053406,4.9377
0.033112,0.0022888,4.9365
0.032654,-0.00030518,4.9243
0.032196,0,4.9365
0.029602,-0.00030518,4.9292
0.028381,0.002594,4.9268
0.026093,0.00030518,4.9304
0.024872,-0.0010681,4.9255
0.024414,-0.0019836,4.9268
0.023041,-0.0024414,4.9207
0.022583,-0.0013733,4.9243
0.020905,0.00045776,4.917
0.019073,0.00076294,4.9158
0.017853,0.00076294,4.9158
0.015869,-0.00076294,4.9207
0.016785,-0.0010681,4.9133
0.015411,-0.00061035,4.917
0.016937,-0.00045776,4.9121
0.016937,-0.00076294,4.906
0.016022,-0.0016785,4.9146
0.016785,-0.002594,4.9121
0.018005,-0.0027466,4.8987
0.020752,-0.0024414,4.9084
0.022888,-0.0018311,4.9097
0.023804,-0.00061035,0.036621
0.026398,0.00045776,0.039063
0.026703,0.0010681,0.036621
0.027008,0.00076294,0.042725
0.029297,0.0032043,0.041504
0.03067,0.0035095,0.043945
0.032196,0.0033569,0.043945
0.032959,0.0041199,0.048828
0.032806,0.0041199,0.046387
0.033569,0.0035095,0.05249
0.033112,0.0048828,0.068359
0.034332,0.0059509,0.057373
0.032196,0.0056458,0.064697
0.030518,0.0050354,0.061035
0.028992,0.0045776,0.045166
0.026245,0.0038147,0.059814
0.023804,0.0036621,0.062256
0.02243,0.0036621,0.061035
0.020905,0.0041199,0.062256
0.020142,0.0041199,0.057373
0.020447,0.0030518,0.064697
0.019684,0.0018311,0.062256
0.020294,0.0013733,0.063477
0.019684,0.0012207,0.061035
0.019531,0.0015259,0.06958
0.0177,0.0022888,0.068359
0.018768,0.0018311,0.068359
0.018921,0.0013733,0.072021
0.019073,0,0.064697
0.019989,-0.00076294,0.061035
0.021057,-0.0010681,0.058594
0.022736,-0.00091553,0.061035
0.023193,-0.00091553,0.05127
0.024567,-0.00045776,0.059814
0.025024,-0.00076294,0.047607
0.02655,-0.0022888,0.050049
0.028381,-0.0032043,0.058594
0.027771,-0.0035095,0.048828
0.028687,-0.0036621,0.041504
0.028229,-0.0039673,0.043945
0.028381,-0.0024414,0.037842
0.028076,-0.0015259,0.043945
0.027924,-0.0013733,0.039063
0.029602,-0.0054932,0.043945
0.028992,-0.0015259,0.037842
0.029297,-0.0018311,0.042725
0.030212,-0.0012207,0.05249
0.029755,-0.0022888,0.040283
0.029755,-0.0010681,0.048828
0.029602,-0.0016785,0.039063
0.029602,-0.0030518,0.028076
0.029297,-0.0038147,0.041504
0.028229,-0.0036621,0.040283
0.027771,-0.002594,0.039063
0.030518,-0.00061035,0.043945
0.02655,0.0015259,0.046387
0.02655,0.0024414,0.05127
0.026245,0.0024414,0.05127
0.026855,0.0033569,0.054932
0.026398,0.0015259,0.057373
0.02655,0.0015259,0.059814
0.026398,0.0027466,0.062256
0.025787,0.0035095,0.065918
0.02533,0.0036621,0.062256
0.024872,0.0038147,0.061035
0.024872,0.0022888,0.063477
0.024414,0.0033569,0.061035
0.024109,0.002594,0.072021
0.024719,0.0035095,0.061035
0.025787,0.0041199,0.054932
0.025024,0.0041199,0.062256
0.024567,0.0035095,0.067139
0.024109,0.0015259,0.065918
0.022583,-0.00015259,0.064697
0.023804,-0.00091553,0.057373
0.024109,-0.00030518,0.059814
0.023651,-0.00045776,0.057373
0.02243,0.0015259,0.058594
0.021973,0.0015259,0.054932
0.020447,0.00030518,0.054932
0.019531,-0.0019836,0.050049
0.018463,-0.0028992,0.05127
0.019073,-0.0021362,0.061035
0.018463,0,0.05127
0.018768,0.0041199,0.045166
0.018921,0.0038147,0.043945
0.016479,0.0045776,0.026855
0.017853,0.0036621,0.041504
0.018616,0.0065613,0.041504
0.018463,0.0030518,0.039063
0.019226,0.0045776,0.040283
0.019531,0.0054932,0.037842
0.020447,0.0076294,0.042725
0.019989,0.0073242,0.037842
0.019531,0.0048828,0.040283
0.018768,0.0038147,0.037842
0.018768,0.00091553,0.043945
0.018768,0.0019836,0.037842
0.019531,0.0035095,0.043945
0.023956,0.0065613,0.041504
0.018921,0.0074768,0.042725
0.019379,0.0061035,0.045166
0.019073,0.004425,0.047607
0.019073,0.0019836,0.061035
0.019836,0.0021362,0.048828
0.020294,0.0035095,0.042725
0.023193,0.0041199,0.05127
0.019684,0.0050354,0.057373
0.019073,0.0045776,0.057373
0.017853,0.0032043,0.061035
0.016327,0.0013733,0.059814
0.017395,0.00030518,0.061035
0.017548,0.0013733,0.059814
0.018463,0.002594,0.062256
0.019073,0.0032043,0.058594
0.019531,0.0027466,0.062256
0.019531,0.0015259,0.064697
0.018768,-0.0010681,4.3689
0.017242,-0.0019836,4.9011
0.01709,-0.002594,4.9316
0.017395,-0.0019836,4.9329
0.018005,-0.002594,4.9341
0.017395,-0.0015259,4.9341
0.017395,-0.0019836,4.9329
0.017242,-0.0033569,4.9268
0.018921,-0.0048828,4.9268
0.016632,-0.0027466,4.9243
0.016937,-0.00076294,4.9243
0.017242,-0.00076294,4.9194
0.0177,0.00091553,4.9158
0.017395,0.00030518,4.9194
0.016937,0.00061035,4.9133
0.017395,0.00030518,4.9182
0.018921,0.0012207,4.9146
0.020142,0.0036621,4.9207
0.020599,0.0053406,4.9121
0.019073,0.0068665,4.9146
0.021667,0.0064087,4.9231
0.020905,0.005188,4.9048
0.019989,0.0019836,4.9207
0.018463,0.002594,4.9109
0.020905,0.0030518,4.8999
0.020447,0.0047302,4.9097
0.019989,0.0050354,4.9084
0.020752,0.0065613,4.906
0.020752,0.0047302,4.9084
0.020294,0.0038147,4.9072
0.020599,0.00030518,4.9121
0.02121,0.0021362,4.9121
0.020447,0.0035095,4.9158
0.018463,0.0039673,4.9146
0.01709,0.0028992,4.9219
0.015259,0.00061035,4.9231
0.013428,-0.0035095,4.9255
0.012054,-0.0074768,4.9316
0.010986,-0.0094604,4.9268
0.011597,-0.0090027,4.9243
0.011597,-0.0079346,4.9316
0.010681,-0.0067139,4.9353
0.010223,-0.0056458,4.9304
0.010986,-0.0050354,4.9158
0.013428,-0.0036621,4.928
0.015869,-0.0032043,4.9316
0.019073,0,4.928
0.021667,0.0028992,4.9353
0.024109,0.0045776,4.9341
0.025482,0.0045776,4.9377
0.027008,0.0041199,4.9341
0.028992,0.0027466,4.9377
0.030975,0.0016785,4.9304
0.030823,0.0016785,4.9304
0.030212,0.0035095,4.9341
0.028381,0.0056458,4.9341
0.025787,0.0065613,4.9365
0.024567,0.0061035,4.928
0.023651,0.0045776,4.9316
0.024261,0.0032043,4.9231
0.024261,0.0016785,4.9097
0.025482,0.0016785,4.9207
0.024719,0.0010681,4.9194
0.023193,-0.0015259,4.9158
0.022125,-0.0013733,4.9158
0.020447,-0.0027466,4.9133
0.019684,-0.0045776,4.9109
0.018616,-0.0042725,4.9097
0.01709,-0.0041199,4.9109
0.015411,-0.0028992,4.8987
0.012665,-0.0012207,4.9109
0.010223,-0.00030518,4.9109
0.0094604,0.00015259,4.9146
0.010223,-0.00045776,4.9109
0.012665,-0.0016785,4.9109
0.016327,-0.0032043,4.9097
0.019379,-0.0019836,4.9097
0.021362,-0.00045776,4.906
0.02182,0.00015259,4.9109
0.020294,0.0016785,4.9072
0.020905,0.00045776,4.9158
0.020752,-0.00076294,4.9158
0.020447,-0.0030518,4.9194
0.019989,-0.0028992,4.917
0.019836,-0.0028992,4.9207
0.020142,-0.0021362,4.9304
0.020294,-0.00061035,4.9182
0.020752,-0.00030518,4.9304
0.023041,-0.00091553,4.928
0.026093,-0.0013733,4.9341
0.027008,-0.0019836,4.928
0.028381,-0.0012207,4.9341
0.027771,-0.00015259,4.939
0.026093,0.00061035,4.9329
0.023193,0.0010681,4.939
0.019379,0.00015259,4.9341
0.016937,-0.0013733,4.9097
0.015106,-0.0032043,4.9316
0.01236,-0.0048828,4.9365
0.010834,-0.0064087,4.9353
0.0091553,-0.0061035,4.9329
0.0090027,-0.0056458,4.928
0.0090027,-0.0047302,4.9353
0.010071,-0.004425,4.928
0.012512,-0.0030518,4.9316
0.015259,-0.0033569,4.9231
0.018311,-0.0019836,4.9243
0.020294,0.00045776,4.9316
0.021057,0.0019836,4.9255
0.020905,0.0041199,4.9292
0.022278,0.0042725,0.050049
0.023804,0.0032043,0.047607
0.028687,0.00091553,0.042725
0.028229,-0.00030518,0.0354
0.029449,-0.00091553,0.042725
0.026855,-0.00076294,0.041504
0.029449,0.00045776,0.039063
0.028839,0.00015259,0.036621
0.03006,-0.00061035,0.030518
0.030823,-0.0013733,0.039063
0.032196,-0.0030518,0.037842
0.033417,-0.0027466,0.040283
0.032654,-0.0036621,0.0354
0.03067,-0.0035095,0.039063
0.028076,-0.0035095,0.039063
0.02533,-0.0038147,0.042725
0.022888,-0.0054932,0.040283
0.019684,-0.0067139,0.043945
0.018768,-0.0080872,0.05127
0.016022,-0.007019,0.045166
0.013275,-0.005188,0.062256
0.011902,-0.0033569,0.05249
0.012054,-0.0022888,0.045166
0.012817,-0.0015259,0.056152
0.014191,-0.00045776,0.057373
0.018616,-0.0030518,0.057373
0.022583,-0.0024414,0.062256
0.025635,-0.00061035,0.062256
0.027924,-0.00030518,0.062256
0.029602,0.0016785,0.063477
0.029755,0.0019836,0.062256
0.030365,0.0013733,0.056152
0.031281,0.00061035,0.064697
0.032654,0.00045776,0.064697
0.032349,0.0021362,0.067139
0.033569,0.0041199,0.072021
0.03067,0.0047302,0.065918
0.031128,0.0050354,0.064697
0.031128,0.0041199,0.068359
0.032654,0.0028992,0.058594
0.032654,-0.00030518,0.059814
0.032349,-0.00030518,0.059814
0.031586,-0.0016785,0.053711
0.025787,-0.0035095,0.054932
0.023041,-0.0059509,0.053711
0.019989,-0.0071716,0.050049
0.014648,-0.0088501,0.045166
0.016937,-0.0093079,0.05249
0.016632,-0.0073242,0.043945
0.016327,-0.0080872,0.048828
0.015259,-0.0032043,0.048828
0.016937,-0.0012207,0.046387
0.018463,0.0012207,0.040283
0.021515,0.0030518,0.042725
0.023804,0.0054932,0.054932
0.027466,0.0059509,0.037842
0.029449,0.0054932,0.047607
0.030518,0.0061035,0.041504
0.029755,0.0045776,0.028076
0.029755,0.0045776,0.036621
0.030212,0.005188,0.040283
0.032043,0.0053406,0.036621
0.033417,0.0061035,0.036621
0.033112,0.0065613,0.040283
0.031281,0.0074768,0.042725
0.032196,0.0083923,0.042725
0.031433,0.0097656,0.047607
0.030365,0.010681,0.047607
0.031128,0.010834,0.053711
0.032349,0.010223,0.053711
0.033722,0.0088501,0.056152
0.032806,0.0067139,0.067139
0.03067,0.0041199,0.057373
0.027313,0.0030518,0.059814
0.024719,0.0024414,0.063477
0.02243,0.0028992,0.064697
0.021973,0.0056458,0.061035
0.02182,0.0018311,0.046387
0.020905,0.0013733,0.059814
0.017242,0.00030518,0.062256
0.015259,0.00015259,0.059814
0.014191,0.00030518,0.063477
0.013733,0.00015259,0.061035
0.016174,0.00045776,0.063477
0.019073,0.00091553,0.062256
0.021057,0.00030518,0.068359
0.022583,0.0010681,0.063477
0.021515,0.0015259,0.064697
0.022125,0.0022888,0.059814
0.022583,0.0033569,0.058594
0.023956,0.0036621,0.065918
0.026245,0.0035095,0.054932
0.027771,0.0032043,0.057373
0.028687,0.0027466,0.040283
0.028076,0.00045776,0.037842
0.026703,0.0030518,0.050049
0.024872,0.0036621,0.047607
0.025482,0.0041199,0.045166
0.027008,0.0041199,0.050049
0.029297,0.0032043,0.040283
0.030975,0.0010681,0.041504
0.028534,0,0.040283
0.027924,-0.00076294,0.041504
0.025635,-0.00076294,0.039063
0.023041,-0.00015259,0.040283
0.023956,-0.0015259,0.040283
0.023804,-0.00061035,0.042725
0.024261,-0.00091553,0.036621
0.021667,-0.00015259,0.040283
0.022125,-0.0015259,0.039063
0.020142,-0.00030518,0.040283
0.018921,0.0010681,0.042725
0.019989,0.0015259,0.041504
0.022583,0.0016785,0.039063
0.024872,0.00030518,0.042725
0.02533,-0.00015259,0.046387
0.02594,-0.00015259,0.05249
0.024261,0.00091553,4.0308
0.022888,0.0027466,4.8596
0.02182,0.0041199,4.9011
0.023499,0.0057983,4.9255
0.024261,0.0059509,4.9304
0.024719,0.005188,4.9292
0.025482,0.0042725,4.9341
0.023041,0.0035095,4.9292
0.021515,0.0041199,4.9377
0.020905,0.0045776,4.9451
0.020447,0.004425,4.9353
0.022278,0.0036621,4.9341
0.02182,0.0016785,4.9365
0.020294,-0.00045776,4.9243
0.017395,-0.0013733,4.9329
0.015411,-0.0010681,4.9353
0.013275,-0.00061035,4.9365
0.013275,0.0021362,4.9329
0.012665,0.0028992,4.9255
0.014801,0.0019836,4.9316
0.015717,0.00045776,4.928
0.016632,0.00091553,4.9255
0.015564,-0.00091553,4.9182
0.014801,-0.0010681,4.9182
0.014801,0.0019836,4.9207
0.016327,0.0021362,4.9255
0.017395,0.0021362,4.9182
0.019073,0.0013733,4.9219
0.019531,0.0010681,4.9243
0.018463,0.0012207,4.9146
0.018005,0.0019836,4.9243
0.017853,0.0033569,4.9121
0.017395,0.0042725,4.8987
0.019836,0.0038147,4.9109
0.02121,0.0022888,4.9121
0.02182,0.00030518,4.906
0.02182,-0.00045776,4.9084
0.020294,-0.00061035,4.9072
0.019684,0.00061035,4.9097
0.018463,0.0019836,4.9072
0.018616,0.0016785,4.9084
0.020294,0.00061035,4.9097
0.020599,-0.00076294,4.9121
0.019226,-0.0019836,4.9146
0.018158,-0.0016785,4.9158
0.016632,-0.00061035,4.9255
0.015869,0.0013733,4.9219
0.016022,0.0018311,4.9255
0.017242,0.0010681,4.9243
0.018005,-0.00045776,4.9207
0.018463,-0.0028992,4.9255
0.017395,-0.002594,4.9292
0.015106,-0.0016785,4.928
0.016174,0,4.9304
0.016174,0.00015259,4.9316
0.017853,-0.00076294,4.9329
0.019836,-0.002594,4.9292
0.022125,-0.0045776,4.9329
0.02182,-0.0047302,4.9304
0.021515,-0.0048828,4.9365
0.019379,-0.0036621,4.9341
0.018005,-0.0033569,4.9268
0.016785,-0.0041199,4.9353
0.019379,-0.0041199,4.9365
0.020142,-0.0042725,4.9414
0.020447,-0.0038147,4.9341
0.017548,-0.0019836,4.9377
0.019684,0.00030518,4.9329
0.018768,0.0028992,4.9182
0.019379,0.002594,4.9243
0.020447,0.0038147,4.9243
0.022583,0.0018311,4.9219
0.023651,0.0013733,4.9255
0.023193,0.0010681,4.9158
0.020447,0.0022888,4.9194
0.018005,0.0035095,4.9158
0.015717,0.0032043,4.9158
0.015259,0.0057983,4.9146
0.016022,0.0016785,4.917
0.016479,0.00015259,4.9121
0.016632,-0.00061035,4.9109
0.016632,0,4.9207
0.015259,0.0010681,4.9121
0.015411,0.0019836,4.9072
0.016632,0.0021362,4.9109
0.018005,0.00091553,4.895
0.020142,-0.0012207,4.9048
0.02121,-0.0030518,4.9084
0.020294,-0.0047302,4.9109
0.018768,-0.0033569,4.9121
0.016785,-0.0019836,4.9084
0.016022,-0.0024414,4.9121
0.016937,-0.0019836,4.9133
0.018616,-0.0033569,4.9182
0.018768,-0.0050354,4.917
0.018005,-0.004425,4.9146
0.01709,-0.0021362,4.9231
0.015717,-0.0010681,4.9268
0.016937,0.00091553,4.9304
0.017395,0.0027466,4.9316
0.021057,0.0027466,4.9329
0.022736,0.0012207,4.9353
0.024109,-0.00061035,4.9438
0.02182,-0.00076294,4.9304
0.021515,-0.00061035,4.906
0.019989,0.0012207,4.9304
0.02182,0.0032043,4.9292
0.024109,0.0045776,4.9292
0.021973,0.0039673,4.9329
0.02182,0.0028992,0.061035
0.020599,0.0021362,0.067139
0.022736,0.0024414,0.065918
0.019684,0.0027466,0.065918
0.020142,0.0028992,0.062256
0.020752,0.0039673,0.063477
0.021667,0,0.061035
0.019836,-0.0024414,0.057373
0.020294,-0.0036621,0.062256
0.016937,-0.0028992,0.053711
0.017853,-0.00076294,0.05127
0.01709,0.0012207,0.05127
0.016327,0.00045776,0.032959
0.015259,0.00091553,0.047607
0.015869,-0.00030518,0.045166
0.016327,-0.0021362,0.041504
0.017395,-0.0057983,0.045166
0.01709,-0.0032043,0.039063
0.01709,-0.0015259,0.041504
0.018158,-0.00061035,0.0354
0.018616,0,0.041504
0.02182,-0.00091553,0.0354
0.018616,-0.0024414,0.042725
0.016937,-0.0038147,0.040283
0.014343,-0.0033569,0.041504
0.012817,-0.0019836,0.036621
0.011139,-0.00076294,0.042725
0.0099182,-0.0015259,0.043945
0.013428,-0.0012207,0.041504
0.015564,-0.0022888,0.05127
0.018158,-0.0041199,0.043945
0.019073,-0.0048828,0.036621
0.020294,-0.0010681,0.043945
0.020752,0.0016785,0.050049
0.021362,0.0024414,0.05249
0.019836,0.0021362,0.056152
0.021973,-0.0010681,0.053711
0.021362,-0.0042725,0.058594
0.019226,-0.0067139,0.057373
0.016937,-0.0071716,0.061035
0.014496,-0.0062561,0.059814
0.014191,-0.0048828,0.064697
0.010071,-0.0039673,0.058594
0.014801,-0.0042725,0.063477
0.015259,-0.0030518,0.076904
0.015869,-0.0021362,0.063477
0.015564,-0.0013733,0.061035
0.015717,0.0042725,0.065918
0.016327,0.007019,0.057373
0.0177,0.0076294,0.062256
0.018616,0.007019,0.065918
0.020752,0.0047302,0.064697
0.023041,0.0028992,0.059814
0.024719,0.0010681,0.053711
0.024872,0.0010681,0.058594
0.024261,0.0013733,0.05127
0.023193,0.0015259,0.054932
0.020905,0.0015259,0.047607
0.020599,-0.0010681,0.053711
0.020599,-0.0030518,0.050049
0.019836,-0.004425,0.047607
0.018616,-0.0041199,0.048828
0.017395,-0.0039673,0.046387
0.018311,-0.0035095,0.053711
0.019989,-0.0039673,0.043945
0.021973,-0.0050354,0.056152
0.024567,-0.0054932,0.039063
0.025482,-0.0045776,0.037842
0.025177,-0.0045776,0.039063
0.022736,0.00015259,0.036621
0.020142,0.0027466,0.036621
0.0177,0.0041199,0.040283
0.015564,0.0024414,0.037842
0.016937,-0.00045776,0.041504
0.017242,-0.0015259,0.036621
0.018311,-0.002594,0.042725
0.019379,-0.0015259,0.037842
0.019836,0.00030518,0.047607
0.021057,0.0019836,0.048828
0.023651,0.0019836,0.047607
0.026093,0.0030518,0.056152
0.028992,0.0019836,0.05249
0.028534,0.0015259,0.05249
0.027161,0.0015259,0.054932
0.025635,0.0018311,0.056152
0.024261,0.0022888,0.059814
0.023956,0.0015259,0.048828
0.025024,0,0.057373
0.026855,-0.0013733,0.061035
0.026855,-0.0030518,0.058594
0.027313,-0.0038147,0.061035
0.02594,-0.0024414,0.057373
0.025635,-0.0010681,0.062256
0.02533,0.0021362,0.059814
0.024414,0.0032043,0.063477
0.026703,0.0028992,0.064697
0.026245,0.0019836,0.065918
0.025635,0.00091553,0.065918
0.024109,0.00030518,0.067139
0.022583,0.00061035,0.078125
0.02182,0.0012207,0.062256
0.02182,0.00076294,0.061035
0.023041,-0.00030518,0.058594
0.023804,-0.0013733,0.039063
0.023804,-0.0032043,0.05249
0.023041,-0.0038147,0.046387
0.021515,-0.0035095,0.046387
0.021362,-0.0016785,0.047607
0.021515,0,0.043945
0.023193,0.0010681,0.047607
0.025177,0.0012207,0.045166
0.026703,0.00015259,0.043945
0.028992,-0.0016785,0.037842
0.030823,-0.0013733,0.041504
0.030975,0.00045776,0.039063
0.031891,0.002594,0.040283
0.032196,0.0041199,0.046387
0.032196,0.0057983,0.41626
0.03006,0.005188,4.6509
0.028381,0.0042725,4.8914
0.027008,0.0036621,4.8999
0.026093,0.0042725,4.9084
0.025635,0.0054932,4.9109
0.025482,0.0068665,4.9097
0.025635,0.0068665,4.9109
0.026398,0.005188,4.9084
0.026855,0.0028992,4.9146
0.027313,0.00015259,4.9109
0.027008,-0.00091553,4.9182
0.02655,0.0018311,4.9182
0.025482,0.0038147,4.9255
0.023193,0.0054932,4.9219
0.022583,0.0050354,4.9292
0.021667,0.0030518,4.9268
0.022278,0.00076294,4.9329
0.021667,0.0013733,4.9402
0.020447,0.0018311,4.9341
0.020599,0.0038147,4.9402
0.020599,0.0018311,4.9316
0.02121,0.004425,4.9243
0.02243,0.0028992,4.9316
0.023956,0.0012207,4.9304
0.025177,-0.00030518,4.9304
0.024261,0.0010681,4.9353
0.023804,0.0015259,4.9304
0.022888,0.0018311,4.9304
0.021515,0.0021362,4.9329
0.020294,0.0015259,4.9353
0.019531,-0.00061035,4.928
0.020142,-0.0022888,4.9304
0.020905,-0.0033569,4.9255
0.02182,-0.0033569,4.9304
0.022888,-0.0019836,4.9255
0.023041,-0.00030518,4.9243
0.02594,-0.00061035,4.9255
0.027313,-0.0010681,4.9231
0.028687,-0.0010681,4.9268
0.028992,-0.0018311,4.9158
0.029755,-0.0018311,4.9158
0.029297,-0.0012207,4.9121
0.027924,-0.00045776,4.9133
0.026398,-0.00030518,4.9133
0.025635,0.00015259,4.9109
0.02533,0,4.9072
0.025177,-0.00045776,4.9121
0.027618,0.0010681,4.9036
0.025482,0.002594,4.9109
0.025177,0.004425,4.9121
0.025024,0.0041199,4.9097
0.023804,0.0050354,4.9084
0.023499,0.0048828,4.9109
0.023651,0.0041199,4.9255
0.025635,-0.00030518,4.9133
0.023651,0.0033569,4.9194
0.023499,0.0035095,4.917
0.022583,0.0019836,4.9036
0.022125,0.0022888,4.917
0.021362,0.0021362,4.9207
0.021515,0.00045776,4.9243
0.021667,-0.0028992,4.9243
0.023346,0.0010681,4.9231
0.022583,0.0016785,4.9316
0.023041,0.0022888,4.9304
0.022583,0.0015259,4.9341
0.022278,0.00091553,4.9292
0.022736,-0.00015259,4.9353
0.023193,-0.00076294,4.9304
0.024414,-0.00045776,4.9377
0.025177,0.00091553,4.9365
0.024109,0.0018311,4.9341
0.02121,0.0019836,4.9341
0.021667,0.0013733,4.9365
0.020905,0.00091553,4.9487
0.020752,0.00045776,4.9341
0.020294,0.0018311,4.928
0.020447,0.0024414,4.9365
0.019836,0.0030518,4.9316
0.019531,0.0035095,4.928
0.019684,0.0019836,4.9292
0.020142,0.00061035,4.9268
0.020294,-0.00015259,4.9255
0.020599,-0.00061035,4.9194
0.020447,-0.00076294,4.9207
0.019531,0.00061035,4.9158
0.018768,0.0010681,4.9243
0.01709,0.00015259,4.917
0.015717,0.0018311,4.9219
0.015259,0.002594,4.9219
0.014954,0.0032043,4.9231
0.015411,0.0036621,4.9194
0.016479,0.0045776,4.9146
0.017395,0.0054932,4.8999
0.018311,0.0059509,4.9109
0.018463,0.0047302,4.8938
0.019684,0.0038147,4.9097
0.020294,0.0030518,4.9109
0.020447,-0.00045776,4.9109
0.022736,0.0027466,4.9097
0.019073,0.0033569,4.9097
0.018005,0.0024414,4.906
0.01709,0.0027466,4.9109
0.015411,0.00045776,4.9182
0.014801,-0.00045776,4.9158
0.015564,-0.0018311,4.9158
0.016479,-0.0016785,4.9194
0.017395,-0.0015259,4.9219
0.018311,-0.00076294,0.053711
0.018311,-0.00045776,0.057373
0.019073,-0.00091553,0.064697
0.018616,-0.0010681,0.061035
0.018616,-0.00045776,0.05127
0.018616,-0.00045776,0.058594
0.018921,0.00015259,0.062256
0.0177,0,0.063477
0.016937,0.0010681,0.062256
0.016937,-0.0010681,0.058594
0.015259,-0.00091553,0.065918
0.014496,0.00045776,0.061035
0.016022,0.0015259,0.062256
0.017242,-0.0013733,0.064697
0.018311,0.0028992,0.065918
0.018158,0.0030518,0.056152
0.016022,0.0019836,0.06958
0.01709,0.0027466,0.080566
0.017395,0.0038147,0.062256
0.018616,0.0050354,0.061035
0.019684,0.0059509,0.056152
0.020142,0.0067139,0.037842
0.019989,0.0059509,0.053711
0.015869,0.0048828,0.05127
0.017548,0.0038147,0.048828
0.018005,0.0041199,0.042725
0.018311,0.0047302,0.043945
0.018311,0.0073242,0.046387
0.018311,0.0067139,0.045166
0.019073,0.0056458,0.043945
0.018768,0.007782,0.041504
0.018616,0.0030518,0.042725
0.017242,0.0027466,0.041504
0.016785,0.0022888,0.041504
0.016785,0.0021362,0.040283
0.015411,0.0013733,0.039063
0.016785,0.00061035,0.037842
0.016022,-0.0015259,0.041504
0.015106,-0.0032043,0.039063
0.01358,-0.004425,0.036621
0.012512,-0.0047302,0.037842
0.01236,-0.004425,0.040283
0.013123,-0.0045776,0.039063
0.014191,-0.0041199,0.039063
0.015106,-0.0039673,0.045166
0.014801,-0.0042725,0.046387
0.014648,-0.0036621,0.05249
0.014801,-0.0032043,0.048828
0.016174,-0.002594,0.057373
0.018616,-0.0013733,0.053711
0.021057,0.00015259,0.058594
0.023193,0.00091553,0.058594
0.023956,0.0015259,0.061035
0.025024,0.0015259,0.070801
0.025635,0.0012207,0.063477
0.026855,-0.00045776,0.067139
0.027313,-0.0010681,0.063477
0.027008,-0.0012207,0.05249
0.026855,-0.00091553,0.063477
0.025635,-0.00076294,0.062256
0.024719,-0.0018311,0.057373
0.023499,-0.0022888,0.067139
0.023193,-0.0030518,0.062256
0.022583,-0.002594,0.068359
0.02243,-0.0019836,0.064697
0.02182,-0.0012207,0.067139
0.021362,-0.00076294,0.056152
0.020294,-0.00061035,0.062256
0.019836,-0.00076294,0.059814
0.018921,0,0.057373
0.018463,0.00045776,0.053711
0.016785,0.00061035,0.050049
0.016479,0.00030518,0.056152
0.015411,-0.00091553,0.050049
0.014191,-0.0032043,0.053711
0.013733,-0.005188,0.046387
0.01297,-0.0054932,0.056152
0.013733,-0.0065613,0.040283
0.014191,-0.0068665,0.041504
0.015106,-0.0053406,0.040283
0.016479,-0.004425,0.039063
0.018311,-0.0032043,0.036621
0.019226,-0.0016785,0.042725
0.019684,-0.00045776,0.03418
0.019531,0.00076294,0.041504
0.020447,0.00091553,0.042725
0.020599,0.00061035,0.042725
0.02182,-0.00076294,0.036621
0.022125,-0.0013733,0.042725
0.021515,-0.0022888,0.056152
0.02121,-0.0033569,0.041504
0.019684,-0.004425,0.048828
0.020294,-0.0061035,0.046387
0.019836,-0.0080872,0.030518
0.019073,-0.0090027,0.048828
0.018311,-0.0097656,0.050049
0.01709,-0.0097656,0.056152
0.016479,-0.0088501,0.053711
0.015717,-0.0068665,0.054932
0.015869,-0.0039673,0.059814
0.016327,-0.0013733,0.057373
0.016479,0.00091553,0.059814
0.016327,0.002594,0.056152
0.016022,0.0032043,0.062256
0.016479,0.0038147,0.062256
0.017548,0.0045776,0.064697
0.018005,0.0056458,0.064697
0.019684,0.0059509,0.063477
0.020447,0.0032043,0.064697
0.0177,0.004425,0.067139
0.02121,0.0022888,0.079346
0.021515,0.00015259,0.065918
0.021515,-0.0012207,0.05249
0.02121,-0.0015259,0.062256
0.021362,-0.0030518,0.058594
0.020294,-0.0028992,0.056152
0.020447,-0.0039673,0.057373
0.020447,-0.0048828,0.05249
0.021057,-0.0065613,4.3298
0.020752,-0.0068665,4.8792
0.023193,-0.0057983,4.9158
0.021973,-0.0048828,4.9133
0.022278,-0.0032043,4.9194
0.021973,-0.0024414,4.9146
0.023651,-0.002594,4.917
0.023956,-0.0035095,4.9182
0.023651,-0.004425,4.9158
0.024109,-0.0021362,4.9109
0.024567,-0.0018311,4.9109
0.023346,-0.0033569,4.8987
0.021973,-0.0036621,4.9109
0.021515,-0.0042725,4.9084
0.021057,-0.0073242,4.9072
0.020905,-0.010376,4.9097
0.020752,-0.012207,4.9109
0.021515,-0.010376,4.9109
0.022278,-0.007019,4.9084
0.023499,-0.0021362,4.9109
0.021515,0.00076294,4.9084
0.024414,0.0016785,4.9146
0.025024,-0.00045776,4.9133
0.024872,-0.0016785,4.9194
0.025177,-0.0016785,4.9133
0.024261,0.00091553,4.9243
0.024414,0.0030518,4.9255
0.023651,0.0042725,4.9268
0.028229,0.0032043,4.9377
0.025482,0.00076294,4.9329
0.025482,-0.0010681,4.9158
0.025482,-0.00091553,4.9292
0.023193,-0.00015259,4.9292
0.021667,0.0022888,4.9316
0.022125,0.0035095,4.9292
0.022125,0.0028992,4.928
0.024872,0.0021362,4.9341
0.02594,0.00076294,4.9353
0.025482,-0.0016785,4.9329
0.025482,-0.0019836,4.9329
0.024567,-0.0012207,4.9377
0.024261,-0.00030518,4.9304
0.023804,0.0016785,4.9329
0.024414,0.0032043,4.9451
0.024872,0.0027466,4.9341
0.024567,0.0019836,4.9268
0.02533,-0.00030518,4.928
0.023499,-0.0033569,4.9194
0.023346,-0.0079346,4.9207
0.023499,-0.010376,4.9182
0.023651,-0.013428,4.9207
0.023651,-0.011139,4.9194
0.021667,-0.0061035,4.9146
0.020294,-0.0012207,4.9194
0.020294,0.0045776,4.9146
0.020294,0.0074768,4.9158
0.022278,0.0080872,4.9072
0.025177,0.011902,4.9133
0.028534,0.015869,4.9109
0.031433,0.019073,4.9158
0.036011,0.019073,4.9121
0.037231,0.011597,4.9158
0.036621,0.0062561,4.9182
0.031891,-0.002594,4.9121
0.025177,-0.0079346,4.9133
0.017242,-0.0099182,4.906
0.013885,-0.0076294,4.9048
0.010223,-0.0032043,4.9121
0.0065613,0.0015259,4.9133
0.004425,0.0035095,4.9121
0.005188,0.004425,4.9194
0.007782,0.0057983,4.9158
0.01358,0.011902,4.9194
0.020142,0.010986,4.9231
0.026398,0.013123,4.928
0.032806,0.013275,4.9243
0.035248,0.0086975,4.9292
0.033417,0.0035095,4.928
0.027924,-0.0012207,4.9353
0.020447,-0.0047302,4.9377
0.013428,-0.0056458,4.9316
0.0088501,-0.0050354,4.9304
0.0053406,-0.0033569,4.9341
0.0035095,-0.00045776,4.9304
0.0024414,0.0032043,4.9353
0.0038147,0.0059509,4.9316
0.0067139,0.0085449,4.9329
0.0094604,0.011139,4.9353
0.017395,0.012665,4.9353
0.023499,0.012207,4.9292
0.028229,0.0097656,4.9316
0.029755,0.0068665,4.9341
0.032654,0.0024414,4.928
0.029755,-0.0024414,4.9268
0.026245,-0.0056458,4.9243
0.022125,-0.0073242,4.9268
0.018158,-0.0045776,4.9219
0.016022,0.00015259,4.9182
0.013123,0.0033569,4.9316
0.012817,0.0067139,4.9207
0.013275,0.0082397,4.9268
0.015106,0.0091553,4.9207
0.019836,0.011597,4.9036
0.024261,0.013275,4.9084
0.028534,0.012817,4.9109
0.031433,0.012207,4.9121
0.03418,0.009613,4.9097
0.033875,0.005188,4.906
0.032349,0.0022888,0.040283
0.029144,0.0021362,0.037842
0.025024,-0.00015259,0.037842
0.020905,0.00015259,0.039063
0.019226,0.0018311,0.042725
0.017548,0.0042725,0.040283
0.0177,0.0053406,0.043945
0.016785,0.0073242,0.05127
0.016785,0.0083923,0.046387
0.017548,0.0097656,0.045166
0.019684,0.010376,0.046387
0.021973,0.012207,0.040283
0.023193,0.013885,0.050049
0.02594,0.016022,0.056152
0.027313,0.015259,0.057373
0.028229,0.015411,0.058594
0.028992,0.014191,0.056152
0.028839,0.011749,0.064697
0.028534,0.0091553,0.058594
0.027618,0.0079346,0.062256
0.026703,0.0048828,0.061035
0.02533,0.0039673,0.064697
0.023804,0.0064087,0.061035
0.021667,0.007782,0.061035
0.022736,0.0082397,0.061035
0.024109,0.0064087,0.064697
0.024719,0.0050354,0.073242
0.025177,0.0054932,0.067139
0.025787,0.0062561,0.080566
0.026093,0.0082397,0.064697
0.02655,0.0085449,0.053711
0.028076,0.0074768,0.061035
0.028229,0.0054932,0.058594
0.026703,0.0045776,0.053711
0.024414,0.0038147,0.056152
0.022583,0.0032043,0.05249
0.020142,0.0041199,0.05127
0.019531,0.0064087,0.050049
0.019531,0.007019,0.05249
0.020752,0.0088501,0.046387
0.021973,0.0094604,0.062256
0.024567,0.0091553,0.047607
0.026398,0.010223,0.048828
0.027466,0.0097656,0.047607
0.027008,0.0093079,0.043945
0.02594,0.0083923,0.042725
0.024567,0.0079346,0.040283
0.023041,0.0062561,0.031738
0.021667,0.0032043,0.037842
0.019226,0.00091553,0.039063
0.016327,-0.0010681,0.0354
0.015869,-0.0021362,0.039063
0.014954,-0.0016785,0.039063
0.015411,-0.00045776,0.040283
0.017548,0.00030518,0.039063
0.020447,0.0015259,0.040283
0.023499,0.0015259,0.040283
0.026093,0.002594,0.046387
0.026703,0.0015259,0.048828
0.02655,0.0024414,0.05127
0.025024,0.0039673,0.047607
0.023956,0.005188,0.053711
0.022125,0.0054932,0.063477
0.019989,0.0059509,0.059814
0.018158,0.0057983,0.067139
0.016479,0.0048828,0.061035
0.016632,0.0042725,0.046387
0.015869,0.0042725,0.061035
0.018005,0.0045776,0.062256
0.018768,0.0035095,0.061035
0.019684,0.0022888,0.058594
0.021515,-0.00091553,0.057373
0.02121,-0.0032043,0.064697
0.021973,-0.0071716,0.062256
0.020447,-0.0082397,0.065918
0.019073,-0.0080872,0.062256
0.017242,-0.0057983,0.065918
0.015411,-0.0041199,0.062256
0.014496,-0.0019836,0.065918
0.014801,-0.002594,0.072021
0.01709,-0.00091553,0.059814
0.019226,0.00045776,0.058594
0.023346,0.0013733,0.056152
0.025482,0.0027466,0.056152
0.029907,0.0038147,0.047607
0.031586,0.002594,0.05127
0.030975,-0.00076294,0.046387
0.029602,-0.005188,0.043945
0.027161,-0.0099182,0.042725
0.024567,-0.01358,0.045166
0.023193,-0.015564,0.041504
0.020447,-0.016632,0.042725
0.017395,-0.0177,0.037842
0.013885,-0.0177,0.042725
0.0085449,-0.018311,0.037842
0.0090027,-0.018616,0.042725
0.0094604,-0.018311,0.039063
0.0099182,-0.01709,0.037842
0.011597,-0.015869,0.048828
0.014343,-0.014191,0.041504
0.015564,-0.01236,0.05249
0.015564,-0.010834,0.037842
0.015717,-0.009613,0.030518
0.016632,-0.0071716,0.043945
0.019531,-0.005188,0.0354
0.022736,-0.0016785,0.042725
0.024872,0.00030518,0.047607
0.025635,0.00030518,0.048828
0.025024,-0.0013733,0.053711
0.024414,-0.0065613,0.05127
0.022736,-0.0057983,0.058594
0.023346,-0.0076294,0.053711
0.024567,-0.0086975,0.063477
0.027313,-0.010529,0.061035
0.029602,-0.011902,0.062256
0.03067,-0.014038,0.064697
0.029602,-0.015259,0.061035
0.028687,-0.016174,2.002
0.027924,-0.015869,4.7583
0.028229,-0.015564,4.9194
0.031281,-0.014801,4.9292
0.028839,-0.013123,4.9292
0.028229,-0.012207,4.9329
0.026093,-0.010681,4.9341
0.023651,-0.0099182,4.9353
0.020752,-0.0062561,4.9353
0.019989,-0.0045776,4.9292
0.020142,-0.0027466,4.9329
0.020752,-0.00076294,4.9255
0.022278,0.00045776,4.9255
0.022888,0.0012207,4.9231
0.020752,0.0010681,4.928
0.024261,0.00030518,4.9207
0.024872,-0.0018311,4.9243
0.02594,-0.0042725,4.9255
0.026398,-0.0059509,4.9194
0.027161,-0.0067139,4.9146
0.027466,-0.0065613,4.9158
0.026703,-0.0065613,4.8938
0.025024,-0.0073242,4.9084
0.023956,-0.0083923,4.9182
0.02243,-0.010071,4.9133
0.020905,-0.01236,4.9072
0.021515,-0.0088501,4.906
0.021667,-0.0068665,4.9097
0.02182,-0.0039673,4.906
0.021515,-0.0016785,4.9109
0.020447,-0.00061035,4.9072
0.019989,0,4.9146
0.020599,0.00045776,4.9158
0.017242,0.0019836,4.9146
0.01709,0.0032043,4.9146
0.013885,0.0047302,4.917
0.012665,0.0059509,4.9158
0.0073242,0.0067139,4.9194
0.0079346,0.0053406,4.9304
0.0068665,0.0054932,4.9255
0.007019,0.0024414,4.9182
0.0094604,0.0024414,4.928
0.011292,0.0039673,4.9304
0.011292,0.0062561,4.9255
0.011749,0.0071716,4.9329
0.011292,0.0050354,4.9255
0.012665,0.0015259,4.9377
0.014496,-0.0012207,4.9292
0.016479,-0.0027466,4.9329
0.018463,-0.0032043,4.9292
0.018768,-0.0021362,4.9341
0.018616,-0.0022888,4.9341
0.017853,-0.0033569,4.9377
0.018768,-0.0039673,4.9438
0.020599,-0.0057983,4.9365
0.02182,-0.0059509,4.9207
0.02121,-0.0041199,4.9365
0.022888,-0.00015259,4.9268
0.022125,0.002594,4.9292
0.022125,0.0045776,4.928
0.020599,0.0054932,4.9231
0.02121,0.0054932,4.9268
0.020142,0.0065613,4.9219
0.019379,0.0042725,4.9207
0.01709,0.0047302,4.917
0.013885,0.0062561,4.9194
0.0099182,0.0045776,4.9207
0.0088501,0.0050354,4.9146
0.0074768,0.0033569,4.9146
0.0080872,0.0015259,4.9182
0.0085449,0.00091553,4.9097
0.0094604,0.00061035,4.9121
0.0093079,0.00045776,4.9207
0.0086975,0.0013733,4.9121
0.0099182,0.0010681,4.9158
0.011444,0.0018311,4.9109
0.014496,0.0018311,4.906
0.016022,0.00061035,4.906
0.015717,0.00015259,4.9109
0.014496,0.00076294,4.9109
0.01358,0.0010681,4.9097
0.014038,0.0018311,4.9036
0.01358,0.0027466,4.9146
0.013733,0.0036621,4.9146
0.015106,0.0013733,4.9207
0.015717,0.0036621,4.9182
0.016479,0.0033569,4.9243
0.015717,0.0030518,4.9219
0.016327,0.0047302,4.9292
0.016937,0.0062561,4.9426
0.01709,0.0064087,4.9292
0.017548,0.0057983,4.9316
0.016937,0.004425,4.9158
0.01709,0.0042725,4.9243
0.016174,0.0047302,4.9304
0.016327,0.0050354,4.9292
0.016937,0.0047302,4.9304
0.018005,0.0038147,4.9304
0.017395,0.0019836,4.9377
0.018616,-0.00030518,4.939
0.022125,-0.00030518,4.9329
0.020142,0.0013733,4.9365
0.021057,0.0024414,4.9329
0.02182,0.0041199,4.939
0.022125,0.0047302,4.9329
0.02182,0.0035095,4.9316
0.021667,0.0024414,4.9316
0.02182,0.0013733,4.9292
0.021667,0.0016785,0.064697
0.021515,0.0030518,0.046387
0.022125,0.0053406,0.065918
0.02243,0.0061035,0.050049
0.023193,0.0061035,0.047607
0.024414,0.0047302,0.046387
0.024872,0.0042725,0.046387
0.026398,0.0045776,0.040283
0.027313,0.0059509,0.043945
0.029297,0.0065613,0.039063
0.029907,0.0057983,0.041504
0.031128,0.0042725,0.037842
0.032349,0.0018311,0.042725
0.034027,-0.00030518,0.037842
0.035553,-0.00030518,0.042725
0.036163,0.00091553,0.041504
0.036469,0.0013733,0.039063
0.036774,0.0012207,0.048828
0.036621,-0.00045776,0.041504
0.036316,-0.0028992,0.047607
0.034637,-0.0041199,0.039063
0.033722,-0.0038147,0.031738
0.030823,-0.0032043,0.042725
0.029907,-0.0010681,0.045166
0.026703,0.00015259,0.041504
0.027313,0.0012207,0.05249
0.027008,0.0019836,0.05127
0.02594,0.0027466,0.058594
0.026245,0.004425,0.056152
0.027924,0.0039673,0.062256
0.025787,0.0042725,0.059814
0.025024,0.0041199,0.062256
0.024872,0.0028992,0.059814
0.023956,0.0013733,0.063477
0.022736,0.00045776,0.062256
0.021667,-0.00045776,0.063477
0.021667,-0.0010681,0.062256
0.022888,-0.00061035,0.061035
0.024719,-0.00045776,0.073242
0.02655,0.00030518,0.067139
0.028381,-0.00030518,0.053711
0.029449,-0.0015259,0.063477
0.030518,-0.0038147,0.065918
0.03006,-0.0068665,0.063477
0.032654,-0.0082397,0.059814
0.033875,-0.0083923,0.058594
0.034637,-0.0083923,0.058594
0.034485,-0.0065613,0.05249
0.03479,-0.0048828,0.054932
0.033722,-0.004425,0.05127
0.032349,-0.0036621,0.05249
0.034637,-0.0038147,0.047607
0.030365,-0.0016785,0.048828
0.029907,0.0012207,0.059814
0.028076,0.0071716,0.037842
0.026245,0.0061035,0.042725
0.024414,0.0064087,0.046387
0.022888,0.0047302,0.025635
0.023346,0.0019836,0.036621
0.021515,0.0018311,0.040283
0.022736,0.0033569,0.037842
0.021973,0.0068665,0.042725
0.021057,0.0085449,0.037842
0.020294,0.0074768,0.042725
0.019073,0.0036621,0.040283
0.017853,0.0015259,0.040283
0.016327,-0.0024414,0.039063
0.016022,-0.002594,0.042725
0.016327,-0.00045776,0.039063
0.015717,0.0018311,0.045166
0.015411,0.0021362,0.045166
0.014648,0.0012207,0.05127
0.015564,-0.0015259,0.050049
0.016785,-0.0042725,0.053711
0.018616,-0.0042725,0.065918
0.020294,-0.0035095,0.054932
0.020599,-0.0015259,0.046387
0.020905,-0.0018311,0.057373
0.019379,-0.0041199,0.063477
0.018463,-0.0065613,0.058594
0.01709,-0.0091553,0.062256
0.016327,-0.010071,0.057373
0.016327,-0.0076294,0.062256
0.01709,-0.0045776,0.058594
0.016022,-0.0022888,0.063477
0.017395,0,0.059814
0.0177,0.00045776,0.067139
0.017853,-0.0010681,0.063477
0.015411,-0.00045776,0.067139
0.016479,-0.00030518,0.073242
0.015259,0.00015259,0.063477
0.014801,0.0022888,0.064697
0.01236,-0.00076294,0.063477
0.010223,-0.0019836,0.058594
0.0079346,-0.0041199,0.057373
0.0032043,-0.0057983,0.05249
0.0047302,-0.0059509,0.048828
0.0057983,-0.0039673,0.05127
0.0073242,-0.0050354,0.050049
0.0085449,0.00061035,0.048828
0.0091553,0.0019836,0.045166
0.0093079,0.0012207,0.050049
0.010071,0.00045776,0.043945
0.010376,0.00091553,0.045166
0.012207,0.0016785,0.043945
0.014648,0.0033569,0.043945
0.017242,0.0054932,0.037842
0.015411,0.0061035,0.039063
0.014343,0.0064087,0.05127
0.013885,0.0053406,0.041504
0.012207,0.0056458,0.05127
0.013275,0.0056458,0.039063
0.014801,0.0068665,0.029297
0.016327,0.007782,0.039063
0.017242,0.0082397,0.040283
0.017242,0.0067139,0.037842
0.017853,0.0047302,0.043945
0.017395,0.004425,0.039063
0.018616,0.0024414,3.866
0.019531,0.004425,4.8523
0.019684,0.0065613,4.9158
0.019226,0.0085449,4.917
0.017395,0.0086975,4.928
0.015717,0.0074768,4.9268
0.014801,0.0062561,4.928
0.014801,0.0054932,4.9377
0.014191,0.007782,4.9341
0.015259,0.010986,4.928
0.015869,0.014343,4.9304
0.014954,0.013123,4.9426
0.015869,0.013123,4.9316
0.015106,0.01236,4.9268
0.014954,0.011139,4.9304
0.015411,0.011597,4.9316
0.015564,0.01358,4.9329
0.015869,0.016174,4.9365
0.016479,0.017395,4.9353
0.016174,0.016937,4.9377
0.016785,0.016785,4.9329
0.018005,0.015869,4.9329
0.019684,0.016479,4.9304
0.020905,0.016937,4.9304
0.020752,0.018921,4.928
0.022583,0.019379,4.9292
0.021362,0.019226,4.917
0.022125,0.018158,4.9231
0.023346,0.017548,4.9207
0.025482,0.016785,4.9194
0.027313,0.01709,4.906
0.028229,0.0177,4.9146
0.028229,0.018463,4.917
0.028381,0.019531,4.9133
0.027161,0.019531,4.9121
0.025635,0.019531,4.9097
0.024414,0.019226,4.9109
0.022888,0.019379,4.9084
0.021057,0.018768,4.9109
0.018768,0.018463,4.9084
0.016937,0.0177,4.9133
0.014801,0.016327,4.9133
0.014191,0.014496,4.9097
0.013733,0.012665,4.9072
0.015564,0.010376,4.9133
0.016174,0.0090027,4.9097
0.017242,0.0085449,4.9121
0.0177,0.0082397,4.9207
0.018311,0.0085449,4.9194
0.017853,0.0085449,4.9097
0.018768,0.007019,4.9194
0.019989,0.0053406,4.9255
0.02182,0.0065613,4.9255
0.024261,0.0073242,4.9304
0.025482,0.010376,4.9219
0.027161,0.011444,4.9341
0.028076,0.011292,4.9304
0.030212,0.0097656,4.9329
0.032806,0.0073242,4.9255
0.0354,0.0050354,4.9365
0.036469,0.0048828,4.9304
0.036011,0.0064087,4.9329
0.034637,0.0074768,4.9475
0.031891,0.0085449,4.9365
0.029907,0.0085449,4.9341
0.028839,0.0071716,4.939
0.028229,0.0067139,4.9219
0.029144,0.0076294,4.9353
0.029144,0.0082397,4.9341
0.028992,0.0085449,4.9329
0.027618,0.0091553,4.9329
0.026093,0.0067139,4.9243
0.025482,0.004425,4.928
0.024872,0.0016785,4.9231
0.024414,0.00045776,4.9243
0.023956,0.00061035,4.9182
0.021973,0.00061035,4.9243
0.020599,0.00030518,4.917
0.018311,-0.00076294,4.9182
0.018463,-0.0030518,4.9158
0.018005,-0.0048828,4.9194
0.022278,-0.0062561,4.917
0.025482,-0.0065613,4.9133
0.026703,-0.0064087,4.9109
0.027466,-0.0059509,4.9084
0.025787,-0.0071716,4.8987
0.024261,-0.009613,4.9109
0.023041,-0.011292,4.9084
0.023041,-0.015717,4.9048
0.024261,-0.01358,4.9097
0.025177,-0.01358,4.906
0.02594,-0.013885,4.9109
0.026093,-0.013428,4.9072
0.024872,-0.014191,4.9158
0.025787,-0.014801,4.9133
0.025177,-0.015259,4.9146
0.023499,-0.015564,4.9219
0.026398,-0.015106,4.9219
0.025787,-0.014496,4.9304
0.025635,-0.014801,4.9194
0.023041,-0.014954,4.9329
0.021515,-0.015411,4.9304
0.020905,-0.015717,4.9231
0.02243,-0.015717,4.9316
0.022736,-0.017242,4.9304
0.023651,-0.017548,4.9292
0.022583,-0.017853,4.9292
0.020447,-0.015717,4.9255
0.019684,-0.015259,4.9329
0.019073,-0.015106,0.059814
0.019531,-0.019684,0.047607
0.020294,-0.019684,0.059814
0.021057,-0.02243,0.067139
0.021667,-0.023651,0.070801
0.019379,-0.023041,0.06958
0.021362,-0.02182,0.068359
0.020905,-0.018768,0.065918
0.022125,-0.017853,0.062256
0.023041,-0.016174,0.058594
0.024414,-0.015259,0.068359
0.026093,-0.015106,0.054932
0.024567,-0.014496,0.056152
0.026398,-0.013123,0.048828
0.026245,-0.013123,0.050049
0.026398,-0.01358,0.050049
0.027924,-0.014801,0.046387
0.029297,-0.016937,0.042725
0.03067,-0.019226,0.048828
0.030518,-0.016632,0.040283
0.027161,-0.0177,0.043945
0.024719,-0.015411,0.042725
0.02243,-0.013885,0.043945
0.022125,-0.012665,0.039063
0.021057,-0.013275,0.041504
0.023804,-0.013428,0.054932
0.024414,-0.013275,0.041504
0.023193,-0.014496,0.046387
0.022583,-0.013275,0.042725
0.02182,-0.01236,0.021973
0.021057,-0.010834,0.039063
0.022583,-0.010071,0.040283
0.022278,-0.0091553,0.039063
0.021973,-0.0086975,0.042725
0.02182,-0.0074768,0.041504
0.020294,-0.0076294,0.050049
0.018768,-0.0062561,0.050049
0.019073,-0.0050354,0.056152
0.02121,-0.0045776,0.05127
0.023041,-0.0032043,0.058594
0.026093,-0.0032043,0.056152
0.026093,-0.0032043,0.061035
0.02594,-0.002594,0.068359
0.024414,-0.0024414,0.062256
0.023651,-0.00076294,0.058594
0.023956,0.00061035,0.058594
0.024567,-0.0016785,0.072021
0.025635,0.0012207,0.061035
0.024567,0.00076294,0.062256
0.024109,0.00076294,0.062256
0.019836,0.00030518,0.065918
0.018311,0.00045776,0.058594
0.017242,0.0016785,0.067139
0.018005,0.0033569,0.065918
0.018616,0.002594,0.065918
0.019684,0.0035095,0.062256
0.020599,0.005188,0.063477
0.021973,0.0047302,0.054932
0.020447,0.0064087,0.058594
0.020752,0.0073242,0.056152
0.022278,0.0074768,0.054932
0.024872,0.0068665,0.056152
0.027313,0.0068665,0.05127
0.027771,0.007019,0.053711
0.026703,0.0042725,0.047607
0.023804,0.0099182,0.0354
0.02121,0.011139,0.043945
0.020447,0.012817,0.043945
0.021515,0.01297,0.037842
0.022888,0.012207,0.043945
0.024414,0.012207,0.039063
0.026703,0.011902,0.039063
0.02182,0.012817,0.03418
0.021362,0.014343,0.042725
0.019531,0.014954,0.037842
0.020599,0.014954,0.042725
0.021515,0.014648,0.042725
0.022888,0.012665,0.042725
0.022736,0.012665,0.037842
0.02182,0.012665,0.041504
0.019073,0.013123,0.043945
0.018311,0.013123,0.043945
0.019684,0.013275,0.057373
0.021973,0.012665,0.043945
0.024261,0.011444,0.036621
0.024872,0.011292,0.05127
0.023956,0.010223,0.056152
0.021515,0.0099182,0.057373
0.018768,0.010681,0.057373
0.018158,0.011139,0.056152
0.018463,0.011749,0.064697
0.020142,0.011597,0.057373
0.02182,0.009613,0.064697
0.021515,0.0082397,0.057373
0.023041,0.0076294,0.063477
0.017853,0.0062561,0.058594
0.015869,0.0059509,0.064697
0.015869,0.0057983,0.075684
0.016479,0.0048828,0.068359
0.017242,0.0028992,0.065918
0.016174,0.0013733,0.067139
0.014648,0.00045776,0.058594
0.012512,0.00061035,0.063477
0.012207,0.0024414,0.063477
0.014038,0.0036621,0.058594
0.017853,0.0030518,0.057373
0.02182,0.0022888,0.054932
0.024261,0.00076294,0.054932
0.023804,-0.00091553,0.047607
0.02243,0.00091553,0.054932
0.020447,0.0012207,0.046387
0.019379,0.0036621,0.050049
0.020447,0.005188,0.046387
0.021362,0.0064087,0.048828
0.023499,0.0035095,0.042725
0.023499,0.0038147,0.037842
0.023193,0.0035095,0.05249
0.021973,0.0053406,3.9697
0.02182,0.0074768,4.8596
0.023804,0.007019,4.9023
0.024261,0.0053406,4.8987
0.026703,0.0028992,4.9109
0.027161,0.00061035,4.9109
0.026093,0,4.9084
0.023804,-0.0010681,4.9072
0.021973,0.0028992,4.9072
0.021362,0.0030518,4.9084
0.021667,-0.0013733,4.9097
0.022736,-0.00030518,4.9133
0.023346,-0.0036621,4.9109
0.022736,-0.0036621,4.9194
0.021362,-0.0036621,4.9194
0.020447,-0.0012207,4.9219
0.020447,0.00061035,4.928
0.020905,0.00076294,4.9268
0.023041,-0.00045776,4.9231
0.024719,-0.0022888,4.928
0.027161,-0.0047302,4.9329
0.02594,-0.0050354,4.9414
0.023041,-0.0036621,4.9158
0.021057,-0.0024414,4.928
0.019989,-0.0010681,4.9292
0.019684,-0.00045776,4.9316
0.020142,-0.0010681,4.9316
0.020599,-0.0021362,4.9292
0.019531,-0.0016785,4.9353
0.018616,-0.00091553,4.9341
0.015259,0.00045776,4.9377
0.018005,0.0013733,4.9353
0.020447,0.00061035,4.939
0.023041,-0.00076294,4.9316
0.025177,-0.0033569,4.9353
0.025787,-0.0056458,4.9438
0.023956,-0.0054932,4.9304
0.021667,-0.0048828,4.9329
0.019379,-0.002594,4.9268
0.019226,-0.0016785,4.9072
0.020905,-0.0021362,4.917
0.021362,-0.0041199,4.9231
0.02182,-0.0062561,4.9194
0.021057,-0.0059509,4.9158
0.020294,-0.005188,4.9109
0.018921,-0.002594,4.9133
0.019226,-0.00045776,4.9146
0.019836,0.0057983,4.9146
0.020294,-0.0016785,4.9097
0.021362,-0.0035095,4.9133
0.020905,-0.0042725,4.9109
0.020752,-0.0032043,4.9133
0.018921,-0.00061035,4.9121
0.018616,0.0012207,4.9109
0.019379,0.0021362,4.9084
0.021973,0.0013733,4.9121
0.023346,0,4.9036
0.024414,-0.0021362,4.9097
0.023499,-0.0035095,4.8938
0.023956,-0.00091553,4.9158
0.02182,0,4.9146
0.021515,0.00076294,4.9146
0.022125,0.00076294,4.9243
0.023956,-0.0027466,4.9207
0.024414,-0.005188,4.9231
0.024872,-0.0059509,4.9255
0.023956,-0.0091553,4.9292
0.022278,-0.0030518,4.9292
0.02121,-0.0018311,4.9329
0.022278,-0.0012207,4.9304
0.022888,-0.0018311,4.9329
0.023346,-0.0030518,4.9353
0.022888,-0.0032043,4.9316
0.022125,-0.0027466,4.9451
0.019836,-0.00045776,4.9304
0.018158,0.0019836,4.9219
0.018921,0.0032043,4.9353
0.023041,0.0028992,4.9341
0.02121,0.0015259,4.9365
0.022125,0.00076294,4.9377
0.021515,0.00076294,4.9353
0.019531,0.002594,4.9353
0.018463,0.0054932,4.9304
0.018921,0.0068665,4.9353
0.020447,0.0053406,4.9207
0.020905,0.0073242,4.9255
0.022278,0.0054932,4.9243
0.022125,0.0042725,4.928
0.020905,0.0047302,4.9158
0.021057,0.0062561,4.9194
0.020142,0.007782,4.9182
0.020447,0.0097656,4.9182
0.020905,0.0059509,4.9121
0.02121,0.0030518,4.9146
0.020447,0.00091553,4.9036
0.018921,0.0010681,4.9109
0.016174,0.0016785,4.9121
0.015259,0.0047302,4.9097
0.014801,0.0061035,4.9097
0.015717,0.0068665,4.9097
0.016632,0.0030518,4.9121
0.016022,0.00076294,4.906
0.01358,-0.00076294,4.9097
0.010834,0.00030518,4.9121
0.0082397,0.0022888,4.9121
0.0071716,0.0048828,4.9158
0.0083923,0.0062561,4.9158
0.011749,0.0061035,4.9231
0.014801,0.0050354,4.917
0.0177,0.0047302,0.072021
0.019531,0.0059509,0.050049
0.019531,0.0064087,0.036621
0.020905,0.0091553,0.05249
0.023041,0.011292,0.053711
0.026398,0.011597,0.058594
0.026245,0.010529,0.05249
0.024872,0.0091553,0.058594
0.023804,0.0091553,0.065918
0.022888,0.010986,0.062256
0.019531,0.01358,0.062256
0.019531,0.015717,0.057373
0.017395,0.019684,0.062256
0.022736,0.014191,0.063477
0.023041,0.010223,0.065918
0.023041,0.007019,0.075684
0.021667,0.0047302,0.065918
0.018463,0.005188,0.065918
0.014954,0.0056458,0.068359
0.012665,0.005188,0.068359
0.010529,0.0028992,0.061035
0.0088501,-0.00015259,0.06958
0.0062561,-0.0024414,0.057373
0.004425,-0.0038147,0.057373
0.0032043,-0.0035095,0.05127
0.0033569,-0.002594,0.053711
0.005188,-0.0013733,0.046387
0.0094604,-0.0027466,0.048828
0.015106,-0.0036621,0.048828
0.018768,-0.0062561,0.048828
0.021057,-0.0073242,0.046387
0.022583,-0.0065613,0.047607
0.02243,-0.0041199,0.041504
0.023041,-0.0021362,0.042725
0.02243,-0.002594,0.05249
0.024109,-0.00076294,0.041504
0.025482,-0.0018311,0.05249
0.024414,-0.0016785,0.040283
0.023804,0.0030518,0.030518
0.022583,0.0027466,0.040283
0.020599,0.0059509,0.037842
0.021515,0.007782,0.0354
0.020294,0.007782,0.039063
0.022125,0.0062561,0.037842
0.02121,0.0050354,0.041504
0.020142,0.0056458,0.037842
0.019073,0.0079346,0.046387
0.016022,0.010529,0.043945
0.015411,0.012054,0.05127
0.014801,0.010376,0.053711
0.014954,0.010834,0.05249
0.015717,0.0091553,0.062256
0.014496,0.0085449,0.059814
0.01297,0.0086975,0.061035
0.011139,0.010529,0.057373
0.0097656,0.011292,0.064697
0.010071,0.011139,0.063477
0.011444,0.0099182,0.063477
0.013885,0.0079346,0.058594
0.014954,0.0061035,0.054932
0.015717,0.0032043,0.058594
0.01709,0.0045776,0.063477
0.0177,0.0083923,0.061035
0.020599,0.013428,0.067139
0.024414,0.019226,0.064697
0.030823,0.024261,0.065918
0.036011,0.027771,0.067139
0.040131,0.028229,0.065918
0.042267,0.028229,0.058594
0.042419,0.027008,0.062256
0.042267,0.025177,0.06958
0.042114,0.022583,0.054932
0.041962,0.018616,0.058594
0.041351,0.012207,0.05249
0.038452,0.0056458,0.036621
0.033569,0.00015259,0.046387
0.028229,-0.002594,0.046387
0.021973,-0.0010681,0.046387
0.015411,0.00015259,0.043945
0.010071,0.00061035,0.041504
0.0065613,-0.0033569,0.041504
0.0036621,-0.010986,0.039063
0.00091553,-0.020599,0.040283
-0.002594,-0.027008,0.039063
-0.0032043,-0.030365,0.041504
-0.0024414,-0.030823,0.037842
0.00030518,-0.028839,0.042725
0.0045776,-0.025482,0.042725
0.010071,-0.022583,0.040283
0.015564,-0.016022,0.037842
0.02243,-0.0086975,0.039063
0.030365,0.004425,0.037842
0.037842,0.016785,0.029297
0.045929,0.025635,0.031738
0.053558,0.027161,0.043945
0.06073,0.023499,0.046387
0.065155,0.015411,0.047607
0.065308,0.0068665,0.05249
0.063171,0.0012207,0.05127
0.057831,-0.0018311,0.053711
0.051422,-0.0036621,0.054932
0.045471,-0.0048828,0.061035
0.039063,-0.0061035,0.056152
0.034943,-0.0074768,0.061035
0.033875,-0.0059509,0.061035
0.033569,-0.0030518,0.063477
0.036316,0.0016785,0.072021
0.037689,0.0067139,0.062256
0.038757,0.010071,0.068359
0.037994,0.0093079,0.059814
0.035248,0.0064087,0.056152
0.03067,0.0012207,0.063477
0.024719,-0.0039673,0.067139
0.017853,-0.0091553,0.063477
0.013275,-0.010223,0.065918
0.010376,-0.01236,0.061035
0.0091553,-0.015259,0.062256
0.010681,-0.019379,0.058594
0.013275,-0.024261,4.0466
0.016785,-0.027161,4.8657
0.022583,-0.027008,4.9158
0.027313,-0.024261,4.9182
0.031281,-0.020447,4.9243
0.034485,-0.014801,4.9158
0.036011,-0.013428,4.9146
0.037537,-0.010834,4.9243
0.037994,-0.0074768,4.9146
0.039063,-0.0036621,4.9207
0.041809,0.00061035,4.9133
0.043793,0.0039673,4.9036
0.045929,0.0045776,4.9084
0.046692,0.0024414,4.9133
0.044708,-0.0027466,4.9109
0.040588,-0.0085449,4.9084
0.036316,-0.013428,4.9036
0.032349,-0.016937,4.9097
0.027771,-0.016937,4.906
0.024719,-0.015869,4.9097
0.023041,-0.012207,4.9084
0.020599,-0.0097656,4.9133
0.020294,-0.0050354,4.9109
0.019989,-0.00030518,4.9133
0.018311,0.0079346,4.9292
0.019379,0.011139,4.9194
0.016632,0.014496,4.9231
0.012207,0.016479,4.9255
0.0073242,0.015564,4.9146
0.0028992,0.01358,4.9255
0.00045776,0.011597,4.9231
-0.00076294,0.011902,4.9292
0.00030518,0.011139,4.928
0.0028992,0.012054,4.9292
0.0054932,0.013275,4.9316
0.007782,0.013733,4.9316
0.010071,0.014648,4.9329
0.014038,0.010834,4.928
0.016174,0.0079346,4.9341
0.018921,0.0047302,4.9329
0.018768,0.0030518,4.9353
0.019073,0.0010681,4.9353
0.019989,-0.00091553,4.939
0.019226,-0.0027466,4.9402
0.019989,-0.0036621,4.939
0.021057,-0.0033569,4.9463
0.022125,-0.00076294,4.9304
0.022125,0.00061035,4.9194
0.019989,0.0022888,4.9268
0.018005,0.0022888,4.9255
0.013885,0.0019836,4.9231
0.011597,-0.00030518,4.9231
0.0086975,-0.0032043,4.9194
0.0071716,-0.0047302,4.9207
0.0068665,-0.0048828,4.9158
0.009613,-0.0042725,4.9207
0.011902,-0.002594,4.9121
0.016174,-0.0012207,4.917
0.018311,0.00015259,4.9146
0.019379,0.0016785,4.9109
0.021973,0.0033569,4.9182
0.022736,0.0045776,4.9133
0.021362,0.0071716,4.9109
0.019836,0.0097656,4.9097
0.017853,0.010986,4.9011
0.015106,0.011292,4.9121
0.01358,0.011292,4.9097
0.013275,0.011139,4.9097
0.014801,0.015106,4.9109
0.014496,0.014496,4.9109
0.021667,0.015869,4.9109
0.02533,0.016022,4.9097
0.027618,0.014801,4.9182
0.028839,0.0091553,4.9146
0.028381,0.0032043,4.9219
0.027618,-0.002594,4.9231
0.027008,-0.0083923,4.9255
0.024872,-0.012665,4.9231
0.02243,-0.016174,4.9292
0.022583,-0.020294,4.9292
0.017853,-0.02243,4.9304
0.015564,-0.023499,4.9438
0.015106,-0.022583,4.9329
0.015564,-0.020294,4.917
0.015717,-0.016937,4.9268
0.019531,-0.013123,4.9268
0.023346,-0.014343,4.9316
0.024872,-0.0082397,4.9304
0.028076,-0.007019,4.9304
0.031433,-0.0056458,4.9365
0.032196,-0.0036621,4.9353
0.034332,-0.00076294,4.9377
0.035553,0.00091553,4.9329
0.037384,0.002594,4.9365
0.039215,0.0042725,4.928
0.040131,0.0062561,4.9329
0.040436,0.0086975,4.9426
0.040436,0.010529,4.928
0.042267,0.011749,4.9231
0.041809,0.01236,4.9243
0.042114,0.012054,4.9036
0.042114,0.010834,4.9158
0.042267,0.012054,4.9207
0.040283,0.014343,4.9194
0.0383,0.017242,4.9146
0.036469,0.015717,4.9146
0.033569,0.021973,4.9146
0.031128,0.021667,4.9146
0.028534,0.020905,4.9109
0.026703,0.021057,4.9084
0.02533,0.018311,0.043945
0.024567,0.016632,0.039063
0.024261,0.014954,0.041504
0.023956,0.013275,0.040283
0.022736,0.010986,0.041504
0.021057,0.0091553,0.041504
0.018768,0.0076294,0.043945
0.014801,0.007019,0.048828
0.011597,0.007019,0.040283
0.0083923,0.0079346,0.036621
0.0062561,0.0068665,0.043945
0.0061035,0.0073242,0.047607
0.0054932,0.0059509,0.047607
0.0059509,0.0035095,0.056152
0.0067139,0.0016785,0.053711
0.0079346,-0.0012207,0.057373
0.0091553,-0.0027466,0.059814
0.0099182,-0.0036621,0.062256
0.011597,-0.005188,0.058594
0.01297,-0.0061035,0.062256
0.012512,-0.0088501,0.059814
0.013885,-0.0093079,0.065918
0.013733,-0.0097656,0.070801
0.013733,-0.010376,0.063477
0.014648,-0.010376,0.067139
0.015259,-0.011444,0.053711
0.016937,-0.012512,0.058594
0.017395,-0.011292,0.064697
0.017242,-0.011292,0.065918
0.017548,-0.010071,0.064697
0.017853,-0.0086975,0.064697
0.018311,-0.0067139,0.053711
0.018768,-0.0056458,0.061035
0.020599,-0.0028992,0.056152
0.022888,-0.0019836,0.059814
0.023956,-0.0013733,0.050049
0.024719,-0.0016785,0.050049
0.023499,-0.0012207,0.05249
0.025024,-0.00076294,0.05249
0.024567,-0.00076294,0.047607
0.02182,-0.0010681,0.047607
0.022583,-0.0021362,0.056152
0.020142,-0.0035095,0.043945
0.017548,-0.0056458,0.05127
0.015411,-0.0061035,0.042725
0.014343,-0.0073242,0.046387
0.014191,-0.0074768,0.037842
0.014801,-0.0073242,0.037842
0.0177,-0.0085449,0.039063
0.018616,-0.0085449,0.039063
0.019226,-0.009613,0.0354
0.019379,-0.010681,0.040283
0.019836,-0.010529,0.037842
0.020599,-0.010376,0.040283
0.021057,-0.0091553,0.036621
0.021362,-0.0083923,0.042725
0.02243,-0.0074768,0.041504
0.02243,-0.0074768,0.045166
0.022888,-0.0090027,0.061035
0.023193,-0.0080872,0.046387
0.023956,-0.0080872,0.054932
0.02594,-0.0061035,0.053711
0.027924,-0.0050354,0.041504
0.029602,-0.0062561,0.056152
0.031128,-0.0064087,0.054932
0.030975,-0.0068665,0.050049
0.029602,-0.0074768,0.061035
0.028992,-0.0045776,0.059814
0.027924,-0.0033569,0.063477
0.025787,-0.0018311,0.056152
0.023956,-0.0022888,0.063477
0.021515,-0.00030518,0.061035
0.019989,0.00076294,0.065918
0.017853,0.0022888,0.065918
0.015869,0.0047302,0.067139
0.015717,0.0071716,0.070801
0.01297,0.010071,0.06958
0.017853,0.0093079,0.06958
0.016937,0.009613,0.065918
0.017242,0.009613,0.075684
0.016937,0.0083923,0.061035
0.016022,0.0071716,0.054932
0.015717,0.0067139,0.057373
0.014954,0.0056458,0.05127
0.01297,0.0030518,0.047607
0.014038,0.0010681,0.05249
0.013733,-0.00061035,0.047607
0.013428,-0.0032043,0.046387
0.015717,-0.0045776,0.043945
0.014801,-0.0053406,0.045166
0.016327,-0.0053406,0.040283
0.019226,-0.0036621,0.047607
0.021515,-0.004425,0.043945
0.025787,-0.0041199,0.042725
0.028992,-0.0047302,0.043945
0.030212,-0.0054932,0.041504
0.029602,-0.0068665,0.041504
0.031586,-0.0074768,0.037842
0.031738,-0.0071716,0.029297
0.032043,-0.0067139,0.037842
0.032959,-0.0056458,0.040283
0.034027,-0.0048828,0.0354
0.033417,-0.0039673,0.039063
0.032654,-0.0027466,0.039063
0.032654,-0.0019836,0.042725
0.032196,-0.00076294,0.041504
0.031433,0.00091553,0.05127
0.030212,0.0016785,0.046387
0.029144,0.002594,0.05249
0.027161,0.0036621,0.050049
0.026398,0.0042725,0.058594
0.023346,0.0068665,0.054932
0.02182,0.0076294,0.061035
0.019989,0.0093079,0.067139
0.018921,0.0091553,0.059814
0.016632,0.0091553,0.070801
0.015259,0.009613,3.2959
0.015106,0.0091553,4.812
0.014648,0.009613,4.9194
0.014496,0.010681,4.9304
0.016022,0.010529,4.9304
0.015717,0.010376,4.9329
0.016174,0.009613,4.9316
0.018005,0.0083923,4.9377
0.019073,0.0074768,4.9365
0.019836,0.0074768,4.9377
0.019379,0.0064087,4.9304
0.019226,0.005188,4.9353
0.019073,0.0082397,4.9304
0.016174,0.0030518,4.9304
0.016479,0.0016785,4.9304
0.015717,0.0018311,4.928
0.015106,0.0032043,4.9231
0.012512,0.0053406,4.9231
0.014038,0.007019,4.9194
0.014954,0.0074768,4.9194
0.014648,0.009613,4.9146
0.015564,0.0074768,4.917
0.014954,0.0067139,4.9158
0.013885,0.007019,4.9121
0.012512,0.0088501,4.9133
0.012665,0.007019,4.9084
0.012817,0.0067139,4.9109
0.013123,0.0076294,4.9072
0.012817,0.0068665,4.9121
0.014343,0.0090027,4.9097
0.015564,0.011292,4.9121
0.016937,0.016479,4.9072
0.019379,0.015106,4.9121
0.02121,0.015869,4.9243
0.023956,0.016785,4.9158
0.029297,0.01709,4.9194
0.028076,0.016937,4.9146
0.028839,0.016327,4.9048
0.030365,0.014954,4.9158
0.030518,0.013428,4.9182
0.030975,0.011902,4.9231
0.031586,0.0094604,4.9219
0.032349,0.0071716,4.9231
0.032501,0.0047302,4.9268
0.032501,0.0032043,4.928
0.032501,0.0012207,4.9329
0.032501,0.0012207,4.928
0.032043,-0.0013733,4.9316
0.032501,-0.0024414,4.9329
0.032959,-0.0030518,4.9329
0.03418,-0.0036621,4.9341
0.033417,-0.002594,4.9353
0.033722,-0.0016785,4.9341
0.032806,-0.00015259,4.9341
0.031891,0.0010681,4.9426
0.03067,0.0010681,4.9353
0.030365,0.0012207,4.9377
0.031586,0.0013733,4.9353
0.03067,0.0033569,4.9304
0.030518,0.0047302,4.9304
0.031128,0.0061035,4.9316
0.032806,0.007782,4.9255
0.030365,0.0053406,4.9292
0.03006,0.005188,4.9255
0.029907,0.0047302,4.9243
0.029144,0.0053406,4.9194
0.028534,0.0054932,4.9231
0.02655,0.0056458,4.9268
0.025787,0.0057983,4.9219
0.023651,0.0047302,4.9292
0.022583,0.0036621,4.9158
0.022278,0.0027466,4.9182
0.025787,0.0030518,4.8962
0.023499,0.0033569,4.895
0.024109,0.0035095,4.9097
0.024719,0.004425,4.9097
0.022125,0.0048828,4.9109
0.023651,0.0045776,4.9109
0.023346,0.0045776,4.9097
0.023499,0.0027466,4.9109
0.023499,0.0039673,4.9084
0.023041,0.0033569,4.9109
0.022736,0.0030518,4.9097
0.021973,0.0019836,4.9194
0.020447,0.002594,4.9158
0.019226,0.0028992,4.917
0.019379,0.0030518,4.9158
0.020447,0.0028992,4.9194
0.020905,0.0028992,4.9219
0.020905,0.0024414,4.9158
0.020905,0.0032043,4.9304
0.020294,0.0042725,4.9268
0.019836,0.005188,4.9268
0.020447,0.0057983,4.9304
0.021667,0.0045776,4.9329
0.022278,0.0038147,4.9292
0.023499,0.0038147,4.9316
0.024261,0.0033569,4.9292
0.024414,0.0030518,4.9341
0.023193,0.0032043,4.928
0.023499,0.0028992,4.9341
0.023499,0.0036621,4.9316
0.024872,0.0032043,4.9353
0.025024,0.0036621,4.9329
0.025024,0.0041199,4.9377
0.025024,0.0050354,4.9475
0.024567,0.0050354,4.9365
0.023499,0.0041199,4.9353
0.023041,0.0035095,4.9316
0.023346,0.0032043,4.9158
0.023956,0.0028992,4.9219
0.025635,0.0038147,0.054932
0.026703,0.0035095,0.047607
0.027313,0.0035095,0.05127
0.027313,0.0032043,0.047607
0.027313,0.0022888,0.047607
0.028229,0.0032043,0.043945
0.027771,0.0028992,0.046387
0.027466,0.0039673,0.041504
0.02594,0.0048828,0.045166
0.024261,0.0042725,0.045166
0.022736,0.0036621,0.040283
0.021057,0.0024414,0.037842
0.019989,0.0019836,0.046387
0.021057,0.0013733,0.039063
0.02182,0.00045776,0.042725
0.022583,-0.00015259,0.039063
0.023041,-0.0022888,0.040283
0.021973,-0.0042725,0.031738
0.021057,-0.0065613,0.0354
0.019073,-0.0073242,0.037842
0.018005,-0.007019,0.041504
0.017242,-0.0053406,0.043945
0.016785,-0.0041199,0.042725
0.017242,-0.0033569,0.05127
0.017395,-0.0050354,0.050049
0.018005,-0.0045776,0.053711
0.018158,-0.0061035,0.053711
0.018616,-0.0057983,0.058594
0.019073,-0.0054932,0.054932
0.018463,-0.0056458,0.062256
0.019379,-0.0061035,0.075684
0.020142,-0.0068665,0.058594
0.019379,-0.0068665,0.065918
0.018768,-0.0057983,0.061035
0.019379,-0.0041199,0.043945
0.020294,-0.002594,0.058594
0.021667,-0.00045776,0.062256
0.023499,0.00091553,0.064697
0.025787,0.0024414,0.063477
0.026855,0.0033569,0.059814
0.028076,0.0030518,0.068359
0.027924,0.0030518,0.064697
0.027008,0.00076294,0.064697
0.026703,0.0021362,0.058594
0.02655,0.0021362,0.063477
0.026703,0.0027466,0.059814
0.027161,0.004425,0.061035
0.027466,0.00091553,0.059814
0.027008,0.00015259,0.05249
0.027008,-0.00030518,0.053711
0.027771,-0.00015259,0.05127
0.026855,0.0012207,0.05249
0.02655,0.0021362,0.041504
0.025635,0.0018311,0.05249
0.027771,0.0018311,0.046387
0.022736,0.0015259,0.043945
0.021515,-0.00061035,0.037842
0.018921,-0.0010681,0.041504
0.021057,-0.00076294,0.0354
0.020599,-0.0010681,0.041504
0.020599,0.00015259,0.037842
0.019989,0.00015259,0.041504
0.019379,-0.0015259,0.039063
0.019226,-0.002594,0.036621
0.019073,-0.0022888,0.041504
0.019836,-0.0035095,0.042725
0.02121,-0.0036621,0.05127
0.021973,-0.0028992,0.041504
0.023041,-0.002594,0.053711
0.023651,-0.0033569,0.042725
0.02182,-0.0030518,0.0354
0.020447,-0.0042725,0.050049
0.019836,-0.0033569,0.047607
0.018158,-0.0024414,0.05127
0.017242,-0.0019836,0.05249
0.017395,-0.00076294,0.054932
0.018005,0.0033569,0.058594
0.018005,-0.00045776,0.054932
0.018158,-0.00076294,0.064697
0.019531,-0.0018311,0.056152
0.020599,-0.00061035,0.062256
0.022125,0,0.065918
0.022583,0.0013733,0.063477
0.022125,0,0.062256
0.021667,0,0.065918
0.020752,-0.00091553,0.065918
0.020294,-0.0027466,0.064697
0.020142,-0.0036621,0.076904
0.018768,-0.004425,0.067139
0.018616,-0.0047302,0.059814
0.018921,-0.0038147,0.064697
0.019531,-0.0024414,0.063477
0.019836,-0.0039673,0.059814
0.020142,-0.0050354,0.056152
0.021362,-0.0059509,0.05249
0.022888,-0.0062561,0.053711
0.024261,-0.0045776,0.047607
0.024109,-0.0039673,0.05127
0.020599,-0.0033569,0.047607
0.022888,-0.0042725,0.046387
0.021973,-0.005188,0.047607
0.021973,-0.0068665,0.046387
0.023346,-0.0064087,0.05249
0.023041,-0.0057983,0.043945
0.024414,-0.0054932,0.040283
0.024261,-0.0057983,0.042725
0.025024,-0.0067139,0.020752
0.025482,-0.0068665,0.036621
0.025787,-0.0073242,0.037842
0.02655,-0.0082397,0.037842
0.027008,-0.0041199,0.037842
0.027008,-0.0016785,0.0354
0.027618,0.00030518,0.042725
0.027008,0.0021362,0.039063
0.027008,0.0021362,0.040283
0.026093,0.0021362,0.037842
0.024414,0.0016785,3.3606
0.02533,0.0030518,4.8157
0.024414,0.0038147,4.9097
0.023956,0.0054932,4.9146
0.021515,0.0074768,4.9194
0.023041,0.005188,4.9243
0.021515,0.0045776,4.9304
0.021973,0.0038147,4.9377
0.022278,0.005188,4.928
0.023041,0.0056458,4.9207
0.023956,0.0064087,4.9316
0.023651,0.0076294,4.928
0.023041,0.0094604,4.9255
0.02243,0.0057983,4.9316
0.021973,0.0045776,4.9304
0.022125,0.0042725,4.9341
0.021362,0.0047302,4.9329
0.021362,0.0048828,4.9353
0.020752,0.0041199,4.9316
0.016174,0.0028992,4.9377
0.018311,0.00030518,4.9353
0.016937,-0.0022888,4.9377
0.016022,-0.0045776,4.9365
0.016174,-0.0061035,4.9341
0.012817,-0.0062561,4.9292
0.012665,-0.0067139,4.9255
0.011902,-0.0062561,4.9255
0.011749,-0.0061035,4.9268
0.012207,-0.0071716,4.9194
0.01297,-0.007782,4.9158
0.01358,-0.010071,4.9219
0.014343,-0.0048828,4.9182
0.016785,-0.0033569,4.9182
0.019073,-0.0015259,4.9109
0.019531,-0.0027466,4.9182
0.020599,-0.0022888,4.9097
0.02121,-0.002594,4.9121
0.02182,-0.002594,4.9133
0.022583,-0.00091553,4.9146
0.023499,-0.00015259,4.9097
0.024872,0.0019836,4.9097
0.025787,0.0033569,4.9231
0.025635,0.0036621,4.9109
0.026703,0.0038147,4.9194
0.027161,0.0024414,4.9109
0.028229,0.0024414,4.8962
0.028229,0.0027466,4.9097
0.028839,0.0033569,4.9109
0.027466,0.0036621,4.9121
0.025024,0.0041199,4.9133
0.023041,0.004425,4.9146
0.020752,0.0048828,4.9182
0.019226,0.0067139,4.9207
0.019073,0.0083923,4.928
0.018616,0.0099182,4.9231
0.020142,0.01236,4.9292
0.020294,0.013123,4.9292
0.020905,0.014038,4.9329
0.024872,0.014801,4.9414
0.028076,0.015717,4.9353
0.031891,0.017242,4.9292
0.032654,0.018158,4.9341
0.032654,0.018463,4.9341
0.03006,0.017853,4.9292
0.027618,0.014648,4.939
0.023804,0.009613,4.9365
0.02243,0.0059509,4.9341
0.019684,0.0033569,4.9304
0.018768,0.0012207,4.9377
0.017395,0.00030518,4.9353
0.015869,-0.00015259,4.9353
0.015259,-0.0010681,4.928
0.015411,-0.0028992,4.9316
0.015564,-0.0053406,4.9255
0.014801,-0.0094604,4.9268
0.014191,-0.013733,4.928
0.011749,-0.014954,4.9243
0.0088501,-0.016327,4.9304
0.0061035,-0.015717,4.9231
0.0047302,-0.015717,4.928
0.0039673,-0.014954,4.906
0.0042725,-0.014648,4.9048
0.0054932,-0.01358,4.9133
0.0094604,-0.010834,4.9146
0.013885,-0.0057983,4.9121
0.018921,0,4.9109
0.027466,0.0053406,4.9072
0.033722,0.010071,4.9121
0.040436,0.012512,4.9048
0.046692,0.011749,4.9109
0.050812,0.011139,4.9084
0.052338,0.011749,4.9133
0.051575,0.011902,4.9109
0.048218,0.011292,4.9121
0.04303,0.0097656,4.9146
0.036621,0.0065613,4.9158
0.031128,0.0021362,4.9036
0.024872,-0.0010681,4.9158
0.022125,-0.00091553,4.9158
0.018768,0.0012207,4.9207
0.017395,0.0033569,4.9084
0.018005,0.0050354,4.9207
0.019531,0.0059509,4.9268
0.020905,0.0065613,4.928
0.022125,0.0045776,4.9255
0.02182,0.0059509,4.9292
0.022583,0.0045776,4.9353
0.022125,0.002594,4.9329
0.020447,-0.0010681,4.9304
0.018921,-0.0033569,4.9292
0.017853,-0.0062561,0.061035
0.018158,-0.0085449,0.059814
0.018616,-0.0093079,0.063477
0.020447,-0.007019,0.072021
0.023956,-0.0053406,0.064697
0.027161,-0.0027466,0.073242
0.029297,-0.0010681,0.065918
0.033264,-0.00030518,0.050049
0.035248,-0.00045776,0.062256
0.036163,-0.0016785,0.059814
0.034027,-0.0016785,0.059814
0.032349,-0.00076294,0.057373
0.028992,-0.00045776,0.05127
0.02594,0.0016785,0.053711
0.02121,0.0024414,0.05127
0.018311,0.0019836,0.050049
0.015717,0.00091553,0.047607
0.015106,0.00061035,0.05127
0.014496,-0.00076294,0.045166
0.015411,-0.0013733,0.056152
0.016479,0.002594,0.053711
0.017548,-0.0022888,0.042725
0.018005,-0.002594,0.040283
0.017548,-0.0027466,0.042725
0.016174,-0.0024414,0.025635
0.014191,-0.0010681,0.036621
0.011902,0.0018311,0.040283
0.0094604,0.0039673,0.039063
0.0074768,0.0079346,0.040283
0.0062561,0.0091553,0.032959
0.005188,0.0094604,0.041504
0.0082397,0.0073242,0.039063
0.011597,0.0082397,0.040283
0.016022,0.0071716,0.040283
0.020752,0.0071716,0.045166
0.025635,0.0059509,0.043945
0.027924,0.0047302,0.048828
0.028839,0.0028992,0.047607
0.029449,0.00030518,0.05127
0.027618,0.00015259,0.057373
0.026093,-0.0012207,0.058594
0.023956,0.00015259,0.070801
0.024414,0.0015259,0.057373
0.018616,0.002594,0.050049
0.016479,0.0028992,0.062256
0.016479,0.0015259,0.062256
0.016022,-0.00030518,0.062256
0.018463,0.00061035,0.062256
0.020752,0.0024414,0.059814
0.022888,0.0050354,0.062256
0.024414,0.0067139,0.057373
0.024414,0.0062561,0.067139
0.022888,0.004425,0.061035
0.02182,0.0019836,0.067139
0.023193,0.00061035,0.067139
0.019836,0.0012207,0.068359
0.019531,0.0045776,0.070801
0.020294,0.0053406,0.063477
0.018616,0.0093079,0.058594
0.018463,0.0091553,0.059814
0.019379,0.0074768,0.056152
0.024414,0.0048828,0.053711
0.026093,0.0047302,0.05127
0.030365,0.0050354,0.047607
0.033569,0.0064087,0.05127
0.0354,0.007782,0.047607
0.0354,0.0071716,0.046387
0.033722,0.0057983,0.043945
0.032043,0.0056458,0.043945
0.029755,0.0059509,0.040283
0.028687,0.0088501,0.040283
0.026855,0.011749,0.041504
0.024719,0.012817,0.041504
0.022736,0.012817,0.037842
0.020752,0.010529,0.042725
0.019836,0.0074768,0.053711
0.019531,0.0050354,0.040283
0.018768,0.0019836,0.05127
0.018616,0.00045776,0.040283
0.016785,-0.0016785,0.023193
0.014954,-0.0068665,0.036621
0.011902,-0.011597,0.040283
0.0094604,-0.017395,0.041504
0.0068665,-0.021667,0.046387
0.0056458,-0.023956,0.045166
0.005188,-0.023499,0.048828
0.0059509,-0.02121,0.048828
0.0065613,-0.019073,0.054932
0.009613,-0.016937,0.05249
0.01358,-0.016632,0.062256
0.018311,-0.015717,0.058594
0.024109,-0.014648,0.064697
0.028076,-0.011749,0.070801
0.031433,-0.0076294,0.063477
0.031586,-0.0061035,0.058594
0.033569,-0.0032043,0.061035
0.032043,-0.0032043,0.070801
0.031281,-0.0035095,0.059814
0.031281,-0.0030518,0.05249
0.031128,-0.00045776,0.064697
0.031891,0.0032043,0.064697
0.031738,0.0079346,0.064697
0.031891,0.011139,0.065918
0.032654,0.013123,0.062256
0.031281,0.011902,0.065918
0.034332,0.011292,0.053711
0.035095,0.010834,0.063477
0.034943,0.011139,0.056152
0.033875,0.012512,0.056152
0.031891,0.014038,0.05127
0.028381,0.014954,0.05249
0.02594,0.014954,0.059814
0.023193,0.014191,0.050049
0.021667,0.012512,0.053711
0.020905,0.011444,0.046387
0.02121,0.010529,0.0354
0.019989,0.010376,0.045166
0.018311,0.0099182,4.0002
0.017548,0.0074768,4.8511
0.016479,0.005188,4.9048
0.016479,-0.00045776,4.9084
0.016327,-0.00030518,4.9072
0.016327,-0.00015259,4.906
0.015106,0.00076294,4.9097
0.013428,0.0032043,4.9072
0.011749,0.0028992,4.9109
0.010529,0.0027466,4.9072
0.009613,0.00076294,4.9133
0.010223,-0.00091553,4.9097
0.011749,-0.0013733,4.9121
0.013275,-0.00045776,4.9097
0.013885,0.0012207,4.917
0.014191,0.0016785,4.9231
0.015564,0.00061035,4.9207
0.016785,-0.0021362,4.9084
0.018311,-0.0036621,4.9219
0.019836,-0.0032043,4.9231
0.020294,-0.0028992,4.9268
0.018616,-0.0012207,4.9268
0.016022,0,4.9255
0.014801,-0.0013733,4.9329
0.014496,-0.0018311,4.9316
0.013428,-0.0016785,4.9329
0.015564,-0.0013733,4.928
0.0177,0.00091553,4.9329
0.019684,0.0028992,4.9304
0.020905,0.0036621,4.9377
0.021973,0.0035095,4.939
0.023956,0.0018311,4.9377
0.025482,-0.00045776,4.9341
0.024872,-0.002594,4.9365
0.025177,-0.0042725,4.9219
0.024567,-0.0047302,4.9329
0.02243,-0.0053406,4.9304
0.019989,-0.0056458,4.9304
0.018158,-0.0061035,4.9268
0.018005,-0.0064087,4.9255
0.018463,-0.0062561,4.9316
0.020599,-0.0050354,4.9231
0.022278,-0.0030518,4.9207
0.024872,-0.0030518,4.9146
0.026398,-0.0018311,4.9207
0.027771,-0.0024414,4.9146
0.029755,-0.0027466,4.9158
0.030975,-0.0038147,4.9133
0.033417,-0.004425,4.9146
0.032196,-0.0039673,4.9194
0.031891,-0.002594,4.9133
0.029602,-0.0015259,4.9243
0.030518,0.0016785,4.9097
0.029297,0.0022888,4.9133
0.029144,0.0027466,4.9121
0.029755,0.0019836,4.9097
0.031738,0.0013733,4.9084
0.032501,0.0015259,4.9109
0.032959,0.0021362,4.9097
0.031738,0.0022888,4.9109
0.029755,0.0021362,4.9097
0.028381,0.0012207,4.9158
0.02655,-0.00076294,4.9133
0.02655,-0.0022888,4.917
0.026093,-0.0028992,4.9219
0.025024,-0.0019836,4.9219
0.024567,-0.00030518,4.9353
0.022125,0.00076294,4.9268
0.020294,0.00076294,4.9304
0.019989,0.00015259,4.9304
0.018463,-0.00030518,4.9268
0.020447,-0.00061035,4.9316
0.02121,-0.00076294,4.9377
0.020294,-0.00045776,4.9255
0.017548,0.0021362,4.9304
0.01358,0.0019836,4.928
0.011749,0.0015259,4.9304
0.010834,0.005188,4.9329
0.010986,-0.0010681,4.9377
0.011292,-0.00030518,4.9304
0.011139,0.00015259,4.9353
0.012512,0,4.939
0.009613,-0.00015259,4.939
0.0099182,-0.00076294,4.9243
0.010681,-0.0016785,4.9329
0.016785,-0.0019836,4.939
0.019989,-0.0028992,4.928
0.022583,-0.0033569,4.9353
0.023956,-0.0032043,4.9243
0.023651,-0.0032043,4.9255
0.022736,-0.0041199,4.9194
0.022888,-0.0050354,4.9182
0.023956,-0.0048828,4.9194
0.02533,-0.007019,4.9097
0.024414,-0.0091553,4.9158
0.02533,-0.0080872,4.9158
0.024261,-0.0073242,4.9109
0.023041,-0.0076294,4.9097
0.022583,-0.0074768,4.9109
0.024567,-0.0083923,4.9182
0.025024,-0.0090027,4.9084
0.028229,-0.0094604,4.9121
0.029144,-0.0091553,4.9219
0.027924,-0.0056458,4.9097
0.025482,-0.0048828,4.9084
0.024567,-0.0021362,4.9109
0.024719,0.00015259,4.895
0.028381,0.0016785,4.9097
0.029449,0.0024414,4.9109
0.032349,0.0035095,1.9897
0.034637,0.004425,0.047607
0.033875,0.0068665,0.045166
0.033112,0.0076294,0.05127
0.033569,0.0079346,0.047607
0.034332,0.0062561,0.058594
0.033569,0.0057983,0.054932
0.036011,0.0042725,0.058594
0.03418,0.0033569,0.063477
0.03067,0.0033569,0.061035
0.026398,0.0028992,0.068359
0.023346,0.0019836,0.063477
0.022583,0.0021362,0.063477
0.022888,0.0030518,0.062256
0.023346,0.00030518,0.074463
0.022583,0.00015259,0.059814
0.019836,-0.00045776,0.048828
0.015259,-0.0010681,0.064697
0.011597,-0.0019836,0.064697
0.0088501,-0.002594,0.064697
0.0080872,-0.0036621,0.067139
0.0079346,-0.0054932,0.064697
0.0080872,-0.0067139,0.063477
0.0080872,-0.0083923,0.058594
0.0086975,-0.0064087,0.063477
0.0065613,-0.0061035,0.05249
0.0079346,-0.0042725,0.057373
0.010986,-0.0030518,0.05249
0.014954,-0.00045776,0.05127
0.018311,0,0.059814
0.021057,0.0010681,0.047607
0.021362,0.0013733,0.05249
0.022125,0.0036621,0.045166
0.021362,0.0053406,0.0354
0.023041,0.0065613,0.040283
0.023956,0.0085449,0.043945
0.026855,0.0094604,0.040283
0.028687,0.0094604,0.040283
0.027618,0.0091553,0.03418
0.025177,0.0082397,0.040283
0.024261,0.0085449,0.037842
0.024567,0.0083923,0.042725
0.026398,0.010986,0.036621
0.030823,0.0071716,0.042725
0.028992,0.0039673,0.041504
0.028534,0.0012207,0.043945
0.026398,-0.0010681,0.037842
0.024567,-0.0050354,0.045166
0.023346,-0.0048828,0.042725
0.023193,-0.0041199,0.039063
0.024109,-0.0027466,0.05249
0.024872,-0.002594,0.050049
0.024719,-0.0033569,0.045166
0.023804,-0.0035095,0.057373
0.024719,-0.002594,0.059814
0.025482,-0.0010681,0.057373
0.027466,0.0012207,0.059814
0.030975,0.0035095,0.056152
0.035553,0.0039673,0.064697
0.036163,0.0038147,0.062256
0.036774,0.0024414,0.061035
0.037842,0.0016785,0.061035
0.033722,0.002594,0.063477
0.032806,0.0035095,0.058594
0.030518,0.005188,0.067139
0.031433,0.0062561,0.079346
0.031433,0.0068665,0.067139
0.031738,0.0074768,0.065918
0.030823,0.0068665,0.064697
0.029297,0.0061035,0.053711
0.026855,0.0064087,0.058594
0.02533,0.0062561,0.058594
0.025787,0.007019,0.059814
0.02594,0.0062561,0.057373
0.025787,0.0045776,0.05127
0.022125,0.0032043,0.05249
0.018158,0.0019836,0.048828
0.014343,0.0048828,0.050049
0.012665,0.0036621,0.046387
0.01236,0.0019836,0.048828
0.011902,0.0032043,0.042725
0.012054,0.0013733,0.042725
0.013123,-0.00015259,0.045166
0.011597,-0.00091553,0.043945
0.011139,-0.0010681,0.048828
0.0097656,0,0.039063
0.010834,-0.00045776,0.05127
0.012665,-0.00061035,0.037842
0.014343,-0.0018311,0.030518
0.016632,-0.0032043,0.037842
0.016479,-0.0027466,0.039063
0.016479,-0.0013733,0.032959
0.016632,0.0013733,0.039063
0.016022,0.0028992,0.037842
0.018311,0.0064087,0.042725
0.020142,0.0038147,0.041504
0.02243,0.0015259,0.046387
0.023041,0.00030518,0.043945
0.022583,-0.00045776,0.050049
0.021667,0,0.05249
0.020905,0.0019836,0.053711
0.020294,0.0028992,0.062256
0.020905,0.0018311,0.054932
0.02182,0.0012207,0.059814
0.021667,0.00045776,0.058594
0.019073,0.00091553,0.059814
0.016937,0.0018311,0.062256
0.015411,0.0032043,0.056152
0.015259,0.0042725,0.059814
0.01709,0.0041199,0.062256
0.018768,0.0019836,0.059814
0.020294,-0.00076294,0.058594
0.022278,-0.0013733,0.057373
0.022278,-0.0021362,0.062256
0.02243,0.00015259,0.065918
0.023346,0.0021362,0.065918
0.024567,0.0022888,0.06958
0.027161,0.0021362,0.06958
0.027924,0.00076294,4.5056
0.028381,0.00045776,4.9036
0.029144,0.00015259,4.9353
0.029297,0.0019836,4.928
0.028992,0.0042725,4.9304
0.029297,0.0056458,4.9243
0.029449,0.0056458,4.9072
0.032349,0.0039673,4.9194
0.032043,0.0030518,4.9158
0.029907,0.0033569,4.9207
0.027008,0.0048828,4.9158
0.024261,0.0059509,4.9146
0.020142,0.0061035,4.9146
0.018311,0.0050354,4.9133
0.017395,0.0027466,4.9109
0.016785,0.00015259,4.9097
0.014496,-0.0013733,4.9146
0.011139,-0.0018311,4.9109
0.0090027,-0.00091553,4.9109
0.007782,-0.00015259,4.9109
0.0054932,0.00045776,4.9109
0.007019,0.00015259,4.9097
0.0082397,-0.0027466,4.9121
0.0088501,-0.0038147,4.906
0.0093079,-0.0033569,4.9097
0.0082397,-0.0024414,4.9146
0.0090027,0.00015259,4.9109
0.0091553,0.00030518,4.9158
0.013885,-0.00030518,4.9158
0.016174,-0.00076294,4.9194
0.019684,-0.002594,4.9194
0.021515,-0.0016785,4.9219
0.022278,-0.00030518,4.9243
0.02121,0.0018311,4.9329
0.021057,0.0041199,4.9268
0.023346,0.0050354,4.9329
0.023651,0.0042725,4.9316
0.024109,0.0016785,4.9341
0.025482,0.0018311,4.9353
0.024719,0.0010681,4.9353
0.023956,0.002594,4.9377
0.023041,0.004425,4.9316
0.022888,0.002594,4.9219
0.027466,0.0073242,4.9377
0.024719,0.0064087,4.9341
0.025024,0.0036621,4.9329
0.02243,0.0015259,4.9365
0.020447,0.0010681,4.9365
0.018311,0.002594,4.9329
0.0177,0.0036621,4.9292
0.018005,0.0042725,4.9329
0.019684,0.0054932,4.9255
0.020447,0.0041199,4.9255
0.021362,0.0010681,4.9255
0.01709,-0.00045776,4.9255
0.020905,-0.0013733,4.9194
0.021362,-0.00061035,4.9194
0.023041,0,4.9243
0.023651,0.0019836,4.9182
0.025482,0.00076294,4.9133
0.024872,-0.00015259,4.9146
0.023651,-0.00015259,4.9109
0.024109,0.00061035,4.9084
0.020905,0.0012207,4.9146
0.019531,0.0010681,4.9097
0.019379,0.00015259,4.9084
0.021973,0.00015259,4.906
0.023651,-0.0024414,4.9097
0.023041,-0.0012207,4.906
0.019226,-0.00061035,4.9109
0.019379,0.0019836,4.9097
0.019531,0.0036621,4.9133
0.020447,0.0036621,4.9109
0.021057,-0.00076294,4.917
0.019684,-0.0024414,4.9255
0.019989,-0.00076294,4.9194
0.020599,-0.0027466,4.9207
0.018158,-0.00091553,4.9231
0.016785,0.0021362,4.9084
0.015717,0.00045776,4.9231
0.018768,-0.00030518,4.9194
0.020294,0.00061035,4.9292
0.02121,-0.0021362,4.9268
0.019684,-0.0033569,4.9243
0.01709,-0.00091553,4.9316
0.016785,0.00045776,4.9329
0.018616,0.0019836,4.9316
0.021973,0.004425,4.9292
0.020142,0.0012207,4.9353
0.021057,-0.002594,4.9329
0.020599,-0.0021362,4.9341
0.019684,-0.0039673,4.9438
0.018158,-0.0047302,4.9341
0.018158,-0.00015259,4.9353
0.019073,-0.00076294,4.9365
0.019989,-0.0016785,4.9426
0.02182,-0.0019836,4.9292
0.020905,-0.0056458,4.9133
0.019989,-0.0064087,4.9268
0.019531,-0.0045776,4.9255
0.019531,-0.0036621,4.9231
0.019379,-0.0016785,4.9316
0.02121,-0.00061035,4.9194
0.021362,-0.002594,4.9194
0.02243,-0.0012207,4.9146
0.023651,-0.0015259,4.917
0.021362,-0.00076294,4.9146
0.02121,0.00076294,4.9194
0.02182,0.0042725,4.9146
0.022583,0.0053406,0.045166
0.024414,0.0028992,0.05127
0.025024,0.00091553,0.042725
0.025635,-0.0021362,0.054932
0.025024,-0.007019,0.037842
0.022888,-0.0013733,0.030518
0.021973,-0.0012207,0.037842
0.022278,0.00045776,0.041504
0.020294,0.0010681,0.036621
0.023956,0.00045776,0.040283
0.024719,0,0.040283
0.02533,-0.0010681,0.041504
0.024414,-0.00091553,0.041504
0.023499,0.00030518,0.046387
0.023651,0.0021362,0.03418
0.023499,0.00015259,0.05249
0.024261,-0.00045776,0.053711
0.024872,-0.0019836,0.054932
0.023499,-0.0041199,0.063477
0.021667,-0.0024414,0.059814
0.017853,-0.0032043,0.058594
0.016174,-0.0012207,0.059814
0.015717,0.00030518,0.065918
0.016174,-0.00015259,0.062256
0.017395,-0.0019836,0.061035
0.016479,-0.0039673,0.058594
0.014648,-0.004425,0.062256
0.01358,-0.0039673,0.061035
0.012054,-0.0030518,0.062256
0.012512,-0.0019836,0.064697
0.012665,-0.0010681,0.065918
0.015564,-0.0010681,0.064697
0.017395,-0.0015259,0.067139
0.017853,-0.0015259,0.068359
0.017395,-0.0016785,0.065918
0.017242,-0.00061035,0.053711
0.0177,-0.00061035,0.061035
0.019531,-0.00091553,0.070801
0.020447,-0.0028992,0.056152
0.02182,-0.0048828,0.057373
0.022736,-0.007019,0.053711
0.022888,-0.0062561,0.0354
0.022125,-0.0048828,0.045166
0.022125,-0.0030518,0.047607
0.02121,-0.00045776,0.043945
0.02182,-0.00015259,0.042725
0.021667,-0.00030518,0.037842
0.020905,-0.00091553,0.045166
0.021057,-0.0024414,0.039063
0.019531,-0.0016785,0.041504
0.018311,-0.00076294,0.037842
0.018158,-0.00030518,0.040283
0.018311,0.0012207,0.039063
0.019989,0.00076294,0.042725
0.021362,-0.00061035,0.042725
0.022583,-0.0012207,0.040283
0.022888,-0.00030518,0.037842
0.022888,0.0010681,0.041504
0.021057,0.0022888,0.0354
0.020905,0.0032043,0.036621
0.02121,0.0028992,0.045166
0.022125,0.0018311,0.041504
0.022583,-0.00030518,0.045166
0.023346,-0.0021362,0.045166
0.023651,-0.0018311,0.05249
0.023956,-0.0013733,0.05249
0.023651,-0.00015259,0.056152
0.025024,0.00076294,0.053711
0.024872,-0.00061035,0.058594
0.026398,-0.0030518,0.061035
0.026093,-0.0048828,0.064697
0.024567,-0.0057983,0.061035
0.022736,-0.0045776,0.058594
0.02182,-0.002594,0.06958
0.020599,-0.0021362,0.059814
0.020142,-0.0024414,0.068359
0.019989,-0.004425,0.063477
0.020447,-0.0057983,0.05127
0.021057,-0.0059509,0.061035
0.020905,-0.0039673,0.063477
0.020294,-0.0015259,0.064697
0.019073,0.00015259,0.067139
0.018768,-0.00015259,0.062256
0.018463,-0.0021362,0.062256
0.018311,-0.0039673,0.059814
0.018921,-0.0050354,0.061035
0.022583,-0.0036621,0.05249
0.020599,-0.00030518,0.054932
0.021515,0.0024414,0.05127
0.021057,0.0032043,0.053711
0.024567,0.0027466,0.046387
0.025787,0.00076294,0.047607
0.026703,-0.0022888,0.050049
0.027771,-0.0030518,0.047607
0.027161,-0.002594,0.048828
0.02655,-0.0016785,0.042725
0.024567,-0.0013733,0.047607
0.023804,-0.0010681,0.036621
0.023499,-0.0021362,0.039063
0.023651,-0.0033569,0.037842
0.024261,-0.0039673,0.037842
0.024261,-0.0041199,0.036621
0.025787,-0.0038147,0.041504
0.02594,-0.002594,0.037842
0.021973,-0.0030518,0.041504
0.025482,-0.002594,0.040283
0.024872,-0.0030518,0.041504
0.026093,-0.0039673,0.041504
0.027161,-0.0086975,0.043945
0.024719,-0.0030518,0.057373
0.023193,-0.0013733,0.046387
0.022278,0.0038147,0.054932
0.02243,0.0024414,0.050049
0.023499,0.0024414,0.040283
0.024567,0.0021362,0.054932
0.026398,0.0016785,0.056152
0.027313,0.0013733,0.057373
0.028229,0.0028992,0.35889
0.027924,0.004425,4.6619
0.027466,0.0045776,4.9133
0.027466,0.0045776,4.9292
0.027161,0.0035095,4.9304
0.026703,0.0022888,4.928
0.026245,0.00091553,4.9329
0.024567,0.0032043,4.9316
0.023651,0.0039673,4.9341
0.022583,0.0048828,4.939
0.022125,0.0045776,4.9377
0.022125,0.0039673,4.9402
0.022888,0.0032043,4.939
0.023499,0.0038147,4.9451
0.023651,0.005188,4.9304
0.024261,0.0062561,4.9243
0.023956,0.0057983,4.928
0.024719,0.0048828,4.9255
0.021057,0.0030518,4.9231
0.019989,0.0015259,4.9255
0.019531,0.00061035,4.9207
0.018921,0.00061035,4.9182
0.018158,0.0024414,4.9158
0.018158,0.0036621,4.9194
0.018311,0.0047302,4.9146
0.019073,0.0050354,4.9158
0.019836,0.0042725,4.9146
0.02121,0.0036621,4.9158
0.02243,0.0033569,4.9194
0.022736,0.0036621,4.9109
0.022736,0.0035095,4.9146
0.021362,0.0016785,4.9109
0.020905,0.0012207,4.8999
0.018921,-0.00061035,4.9121
0.017548,-0.0022888,4.9084
0.016632,-0.0024414,4.906
0.020294,-0.0013733,4.9109
0.018311,0.00091553,4.9097
0.018921,0.0032043,4.9084
0.019379,0.0036621,4.9121
0.020599,0.0022888,4.9194
0.02121,0.00091553,4.9158
0.021515,0.00015259,4.9207
0.023041,-0.0028992,4.9219
0.023193,0.0013733,4.9255
0.023499,0.0015259,4.9255
0.020142,0.0015259,4.9304
0.022125,0.00091553,4.9304
0.021973,0.00061035,4.9329
0.022125,0.00061035,4.9426
0.023041,0.00045776,4.9353
0.025024,0.0027466,4.9207
0.024567,0.0041199,4.9292
0.025482,0.0050354,4.9329
0.02533,0.0042725,4.9341
0.024872,0.0039673,4.9353
0.023956,0.0032043,4.9329
0.023804,0.0030518,4.939
0.023499,0.0041199,4.9365
0.023041,0.0054932,4.9377
0.021362,0.0059509,4.9353
0.020599,0.0059509,4.9268
0.019226,0.0045776,4.9304
0.018616,0.0041199,4.9353
0.018463,0.0035095,4.9402
0.021515,0.0036621,4.928
0.019836,0.0041199,4.9231
0.019226,0.0042725,4.9146
0.019226,0.0041199,4.906
0.019379,0.0015259,4.917
0.0177,0,4.9194
0.016632,-0.00076294,4.917
0.016022,0,4.9146
0.01709,0.00015259,4.9121
0.016937,0.0019836,4.9133
0.015717,0.0024414,4.9097
0.015106,-0.00045776,4.9121
0.014191,0.0015259,4.8865
0.014038,0.00061035,4.9158
0.014954,0.00045776,4.9133
0.014191,0.00030518,4.9121
0.014343,0.00015259,4.9084
0.014801,-0.00030518,4.9109
0.012817,-0.00030518,4.9109
0.014191,0,4.9133
0.014038,0.00045776,4.9182
0.014038,0.0016785,4.9109
0.014954,0.0045776,4.9072
0.012665,0.0050354,4.917
0.01709,0.0054932,4.9182
0.01709,0.0065613,4.9207
0.017242,0.0067139,4.9231
0.017395,0.0054932,4.9231
0.0177,0.0053406,4.9255
0.018311,0.0048828,4.9329
0.018768,0.0039673,4.9292
0.018616,0.0028992,4.928
0.017395,0.0024414,4.9316
0.015869,0.0016785,4.9292
0.014801,0.0010681,4.9304
0.014954,0.0018311,4.9414
0.014191,0.0021362,4.9292
0.013275,0.0018311,4.9377
0.014801,0.0021362,4.9341
0.014343,0.0021362,4.9292
0.013733,0.00091553,4.9353
0.01236,0,4.9316
0.012665,0,4.9329
0.012817,0.00015259,4.9329
0.013885,0.00061035,0.061035
0.014496,0.0021362,0.062256
0.015564,0.002594,0.057373
0.016632,0.004425,0.059814
0.017395,0.005188,0.05249
0.018768,0.004425,0.054932
0.019379,0.0042725,0.054932
0.020599,0.0042725,0.053711
0.021667,0.0042725,0.047607
0.02182,0.0033569,0.050049
0.021362,0.0030518,0.058594
0.020599,0.0016785,0.046387
0.019684,0.0010681,0.056152
0.019684,0,0.037842
0.019073,0.0022888,0.030518
0.019226,0.0021362,0.036621
0.018921,0.0022888,0.039063
0.017853,0.0022888,0.041504
0.017242,0.0019836,0.036621
0.016785,0.0021362,0.0354
0.016022,0.0022888,0.042725
0.016632,0.0032043,0.036621
0.016174,0.0038147,0.041504
0.016022,0.0032043,0.040283
0.016785,0.002594,0.045166
0.016785,0.0018311,0.042725
0.015869,0.00045776,0.047607
0.016022,0.0028992,0.063477
0.01709,0.0047302,0.048828
0.018616,0.0061035,0.05249
0.019379,0.0064087,0.042725
0.02121,0.0065613,0.041504
0.02182,0.0062561,0.056152
0.021057,0.0053406,0.059814
0.02121,0.0048828,0.059814
0.022736,0.005188,0.058594
0.02243,0.005188,0.058594
0.023651,0.0033569,0.062256
0.023499,0.0010681,0.059814
0.021973,-0.00091553,0.062256
0.020294,-0.0028992,0.058594
0.018616,-0.0041199,0.063477
0.019379,-0.0035095,0.063477
0.019073,-0.0036621,0.065918
0.018463,-0.0030518,0.072021
0.0177,-0.002594,0.068359
0.018768,-0.0030518,0.072021
0.018768,-0.0053406,0.064697
0.018311,-0.0062561,0.076904
0.018768,-0.0059509,0.059814
0.019531,-0.0054932,0.05249
0.020599,-0.004425,0.063477
0.021362,-0.0035095,0.050049
0.021973,-0.0028992,0.050049
0.022736,-0.0022888,0.05249
0.022888,-0.0022888,0.045166
0.021057,-0.0027466,0.046387
0.024261,-0.0015259,0.046387
0.025482,-0.0012207,0.046387
0.02655,-0.00091553,0.042725
0.026855,-0.0013733,0.045166
0.027313,-0.0027466,0.041504
0.026093,-0.0032043,0.042725
0.026093,-0.0035095,0.046387
0.026093,-0.0018311,0.041504
0.027161,-0.0013733,0.040283
0.027161,-0.00015259,0.041504
0.027008,-0.0013733,0.030518
0.027161,0.00015259,0.039063
0.027161,-0.00045776,0.036621
0.026093,0.00015259,0.037842
0.025635,0.00015259,0.040283
0.022888,0.00045776,0.039063
0.02121,-0.00030518,0.042725
0.015411,-0.002594,0.047607
0.016785,-0.0042725,0.048828
0.015411,-0.0067139,0.046387
0.014496,-0.0079346,0.05249
0.014496,-0.0082397,0.05249
0.015564,-0.0068665,0.057373
0.016785,-0.0056458,0.056152
0.015717,-0.0042725,0.059814
0.0177,-0.0035095,0.062256
0.017853,-0.0021362,0.061035
0.018616,-0.0013733,0.073242
0.018158,0.00045776,0.061035
0.018158,0.0033569,0.047607
0.0177,0.0028992,0.057373
0.016632,0.0028992,0.061035
0.015106,0.0016785,0.061035
0.015411,0,0.063477
0.016327,-0.0024414,0.065918
0.016937,-0.0033569,0.068359
0.0177,-0.0032043,0.065918
0.017395,-0.0028992,0.065918
0.017395,-0.0035095,0.063477
0.016632,-0.0057983,0.063477
0.016022,-0.0054932,0.056152
0.017395,-0.0062561,0.061035
0.019989,-0.0057983,0.067139
0.02121,-0.0045776,0.054932
0.024872,-0.0027466,0.048828
0.022125,-0.0010681,0.050049
0.02182,0.00015259,0.041504
0.020599,0.0012207,0.046387
0.021362,0.0024414,0.046387
0.020905,0.002594,0.046387
0.020447,0.0038147,0.042725
0.019531,0.0041199,0.039063
0.020905,0.0050354,0.041504
0.022278,0.0045776,0.037842
0.023041,0.0027466,0.045166
0.024872,0.0035095,0.036621
0.027313,0.0027466,0.040283
0.028992,0.00091553,0.039063
0.030365,-0.0036621,0.040283
0.031281,-0.0033569,0.039063
0.031128,-0.0047302,0.041504
0.032043,-0.0050354,4.2993
0.031281,-0.0050354,4.8718
0.030823,-0.0036621,4.9158
0.030823,-0.0028992,4.9084
0.030365,-0.0016785,4.9011
0.030518,-0.0015259,4.9182
0.029755,-0.00045776,4.917
0.03006,-0.00030518,4.9158
0.029907,-0.00045776,4.9194
0.030823,0.00045776,4.9207
0.031281,-0.0012207,4.9243
0.031433,-0.0019836,4.9231
0.031891,-0.0039673,4.9329
0.031281,-0.0036621,4.9268
0.030823,-0.0039673,4.9304
0.029907,-0.0036621,4.9329
0.027618,-0.0027466,4.9353
0.027466,-0.0016785,4.9341
0.02533,-0.0012207,4.9329
0.023499,-0.00091553,4.9329
0.022583,-0.00076294,4.9329
0.021667,-0.0018311,4.9353
0.02121,-0.0039673,4.9377
0.02594,-0.0030518,4.9231
0.024719,-0.0035095,4.9329
0.025482,-0.0039673,4.9341
0.025787,-0.0035095,4.9329
0.024414,-0.005188,4.9316
0.024719,-0.0036621,4.9255
0.024414,-0.004425,4.9292
0.022278,-0.0038147,4.9207
0.02121,-0.004425,4.9231
0.019684,-0.0035095,4.9158
0.018463,-0.0016785,4.9231
0.018616,-0.00091553,4.9146
0.020599,-0.00061035,4.9194
0.024719,-0.0015259,4.9292
0.027771,-0.0019836,4.9146
0.03067,-0.0012207,4.9194
0.033569,-0.00076294,4.9121
0.033569,0.00045776,4.8938
0.032654,0.0012207,4.9097
0.030212,0.0010681,4.9084
0.025787,-0.0019836,4.9146
0.022583,-0.0013733,4.9097
0.018158,-0.0022888,4.906
0.016479,0,4.9097
0.014954,0.0018311,4.9084
0.015259,0.0024414,4.9109
0.016174,0.00061035,4.9097
0.018768,-0.00015259,4.9158
0.022125,-0.0019836,4.9097
0.024261,-0.0018311,4.9182
0.026245,-0.00091553,4.9158
0.026245,0.00030518,4.9182
0.027008,0.0010681,4.9194
0.025482,0.0024414,4.9219
0.023651,0.0032043,4.9304
0.02121,0.0042725,4.9268
0.019989,0.005188,4.9207
0.019379,0.0061035,4.9304
0.020447,0.0073242,4.9304
0.02243,0.0079346,4.9304
0.024719,0.0073242,4.9316
0.02594,0.0056458,4.9304
0.027466,0.0033569,4.9329
0.027771,0.0021362,4.9304
0.028076,0.0010681,4.9341
0.027924,0.00091553,4.9329
0.027618,0.00045776,4.9353
0.026855,-0.00015259,4.9341
0.024261,0.00015259,4.9353
0.02182,-0.00045776,4.9438
0.019684,-0.00076294,4.9377
0.018921,-0.00015259,4.9365
0.017853,-0.00030518,4.9353
0.022888,0.00015259,4.9207
0.024567,0.00045776,4.9268
0.027008,0.0013733,4.9231
0.027924,0.0022888,4.9207
0.028076,0.0019836,4.9243
0.027771,0.0021362,4.9207
0.028229,0.0012207,4.9182
0.027618,0.0016785,4.917
0.027008,0.0021362,4.9194
0.026245,0.0032043,4.9158
0.025024,0.0038147,4.906
0.023499,0.0033569,4.9194
0.021515,0.0022888,4.917
0.020752,0.0013733,4.9109
0.020905,-0.00045776,4.9133
0.020752,-0.0013733,4.9121
0.02121,-0.0024414,4.9109
0.021057,-0.0041199,4.9109
0.019531,-0.0050354,4.9109
0.018005,-0.0071716,4.9011
0.016479,-0.0086975,4.9036
0.016174,-0.0085449,4.9146
0.015106,-0.007019,4.9109
0.014191,-0.004425,4.9097
0.014191,-0.0033569,4.9084
0.014801,-0.0036621,4.917
0.014954,-0.0018311,4.9158
0.016479,-0.0013733,4.9194
0.017853,-0.00045776,4.9219
0.020294,0.00045776,4.9268
0.022583,0.0015259,4.9255
0.024109,0.0022888,4.9292
0.024872,0.0021362,0.062256
0.025482,0.0013733,0.062256
0.02655,0.0010681,0.067139
0.026093,0.0010681,0.062256
0.027008,0.0016785,0.043945
0.026398,0.0016785,0.061035
0.026245,0.0019836,0.058594
0.02594,0.0018311,0.062256
0.023956,0.00091553,0.061035
0.023041,-0.00045776,0.058594
0.021362,-0.0010681,0.065918
0.018921,-0.00045776,0.064697
0.017853,0.00091553,0.067139
0.017242,0.0018311,0.063477
0.016174,0.0013733,0.067139
0.015717,-0.00030518,0.062256
0.015717,0.00076294,0.063477
0.015869,0.0018311,0.067139
0.016632,0.0033569,0.053711
0.016174,0.0059509,0.057373
0.017395,0.0059509,0.05249
0.017548,0.0062561,0.053711
0.016632,0.0053406,0.05249
0.011749,0.0039673,0.050049
0.014801,0.0027466,0.043945
0.013885,0.0019836,0.047607
0.01297,0.0022888,0.042725
0.012817,0.005188,0.046387
0.012665,0.0068665,0.039063
0.013123,0.0067139,0.041504
0.013275,0.0065613,0.037842
0.014496,0.0059509,0.045166
0.015106,0.0047302,0.039063
0.015106,0.0042725,0.045166
0.014954,0.0045776,0.041504
0.014496,0.0045776,0.042725
0.015259,0.0048828,0.050049
0.014801,0.004425,0.042725
0.012665,0.0036621,0.054932
0.01297,0.0016785,0.039063
0.011292,0.0015259,0.032959
0.010071,0.0030518,0.041504
0.010834,0.0038147,0.041504
0.010681,0.0054932,0.046387
0.011139,0.007019,0.050049
0.011139,0.0041199,0.050049
0.011139,0.0042725,0.053711
0.011444,0.0018311,0.056152
0.011139,-0.00061035,0.059814
0.011902,0.00015259,0.057373
0.011444,0.0015259,0.063477
0.012054,0.0024414,0.063477
0.011444,0.0021362,0.064697
0.010376,0.0018311,0.065918
0.010223,0.00091553,0.063477
0.0094604,-0.00045776,0.062256
0.010223,-0.00030518,0.061035
0.010834,0.00030518,0.072021
0.012512,0.0015259,0.068359
0.014496,0.002594,0.056152
0.016327,0.0021362,0.063477
0.018158,0.0019836,0.064697
0.020599,0.00061035,0.061035
0.019989,0.0012207,0.065918
0.024414,0.0015259,0.058594
0.024414,0.002594,0.061035
0.023804,0.0045776,0.056152
0.021515,0.0050354,0.057373
0.019684,0.0053406,0.05127
0.018616,0.0045776,0.05249
0.0177,0.0064087,0.047607
0.018616,0.0035095,0.05249
0.017548,0.0039673,0.058594
0.018311,0.0036621,0.043945
0.018158,0.0030518,0.043945
0.018158,0.0013733,0.043945
0.017548,-0.00076294,0.024414
0.01709,-0.0022888,0.039063
0.017548,-0.0041199,0.037842
0.017242,-0.0028992,0.041504
0.016022,-0.0018311,0.039063
0.014648,-0.00076294,0.036621
0.011444,-0.00030518,0.042725
0.011749,-0.00076294,0.037842
0.011902,-0.0010681,0.0354
0.013275,-0.0015259,0.032959
0.016479,0.00045776,0.042725
0.019379,0.0021362,0.041504
0.022736,0.0041199,0.042725
0.023651,0.0050354,0.046387
0.023956,0.0041199,0.047607
0.02655,0.0036621,0.048828
0.027161,0.0030518,0.05249
0.027313,0.0035095,0.061035
0.027008,0.0035095,0.05249
0.026398,0.0045776,0.048828
0.024261,0.0054932,0.056152
0.021515,0.0048828,0.062256
0.020142,0.0035095,0.061035
0.019989,0.0022888,0.064697
0.020752,0.0015259,0.059814
0.020599,0.0022888,0.059814
0.02243,0.0027466,0.058594
0.021973,0.0030518,0.064697
0.020905,0.0022888,0.058594
0.019379,0.00091553,0.057373
0.017853,-0.0012207,0.063477
0.016327,-0.0018311,0.067139
0.016479,-0.0010681,0.075684
0.014191,-0.00076294,0.067139
0.014038,0.00015259,0.068359
0.013885,0,0.063477
0.014191,0.00061035,0.057373
0.015564,0.00061035,0.057373
0.017548,0.00091553,0.056152
0.019684,0.0016785,0.05127
0.023041,0.0022888,0.054932
0.025787,0.0035095,0.047607
0.027618,0.0041199,4.4531
0.029755,0.004425,4.884
0.028534,0.0018311,4.9121
0.027618,0.0018311,4.9133
0.027008,0.00045776,4.9121
0.02594,-0.00030518,4.9146
0.026398,0.00030518,4.9158
0.025787,0.0010681,4.9072
0.025177,0.0013733,4.9146
0.025177,0.0016785,4.9231
0.024414,0.002594,4.9109
0.024109,0.0016785,4.9207
0.024261,0.0018311,4.9109
0.023956,0.0015259,4.9011
0.024109,0.0019836,4.9084
0.023346,0.0027466,4.9011
0.02182,0.002594,4.9121
0.019989,0.0016785,4.9109
0.019226,0.00045776,4.9109
0.018616,-0.00076294,4.9097
0.019073,-0.00045776,4.9121
0.018463,0.00030518,4.9207
0.019226,0.00061035,4.9121
0.019684,0.00045776,4.9243
0.021057,0,4.9231
0.020752,-0.0015259,4.9292
0.02121,-0.0016785,4.939
0.024872,-0.0010681,4.9292
0.022736,-0.00061035,4.9292
0.022583,0.00015259,4.9329
0.022278,0.00045776,4.9231
0.019989,-0.0010681,4.9329
0.02121,-0.00030518,4.9097
0.02182,-0.00091553,4.9304
0.022278,-0.0013733,4.928
0.022888,-0.0021362,4.9292
0.022583,-0.0042725,4.9377
0.021057,-0.0024414,4.9353
0.020905,-0.0033569,4.9353
0.019073,-0.0033569,4.9341
0.018005,-0.0028992,4.9377
0.0177,-0.0045776,4.9353
0.017242,-0.0028992,4.9292
0.016479,-0.0028992,4.9255
0.015411,-0.0030518,4.9304
0.015869,-0.0027466,4.9329
0.015259,-0.0027466,4.9243
0.016479,-0.0028992,4.9316
0.017548,-0.0033569,4.9219
0.015869,-0.0032043,4.9084
0.0177,-0.0039673,4.9194
0.018768,-0.0038147,4.9121
0.019073,-0.0038147,4.9121
0.019989,-0.0033569,4.917
0.020294,-0.0027466,4.9109
0.021515,-0.0038147,4.9121
0.022125,-0.0036621,4.9133
0.023499,-0.0050354,4.9121
0.024261,-0.0036621,4.9084
0.024872,-0.0033569,4.9133
0.02533,-0.0032043,4.9097
0.024567,-0.0012207,4.9109
0.024414,-0.0013733,4.9084
0.023651,-0.002594,4.9121
0.024261,-0.0033569,4.9084
0.024261,-0.0042725,4.9084
0.023956,-0.0038147,4.906
0.023346,-0.0039673,4.9146
0.023346,-0.0032043,4.9023
0.022888,-0.0032043,4.9133
0.02121,-0.0042725,4.9207
0.021057,-0.0057983,4.9243
0.021057,-0.0054932,4.9231
0.019073,-0.0054932,4.9292
0.020752,-0.0091553,4.9329
0.019836,-0.0022888,4.9292
0.019379,-0.0027466,4.9304
0.019073,-0.0033569,4.9304
0.019836,-0.0041199,4.9353
0.020905,-0.0042725,4.928
0.021515,-0.004425,4.9316
0.023193,-0.0030518,4.9377
0.022583,-0.002594,4.9353
0.022888,-0.0021362,4.9414
0.022888,-0.00076294,4.9365
0.022583,-0.0018311,4.9182
0.022736,-0.0021362,4.9341
0.023956,-0.0021362,4.9377
0.024261,-0.0015259,4.9304
0.025482,-0.00076294,4.9329
0.023804,0.0012207,4.9304
0.027161,0.0010681,4.9341
0.026398,0.00030518,4.9292
0.026703,-0.00076294,4.9255
0.026093,-0.0015259,4.9219
0.024872,-0.0016785,4.9219
0.024719,-0.00015259,4.9207
0.022888,-0.005188,4.9207
0.022278,0.00061035,4.9255
0.02121,-0.00015259,4.9207
0.020447,-0.0015259,4.9133
0.020905,-0.0013733,4.917
0.021973,-0.0013733,4.8987
0.023499,0.00015259,4.9109
0.024567,0.0015259,4.9097
0.024567,0.0018311,4.9011
0.024261,0.0015259,4.9109
0.02533,0.0021362,4.9072
0.025635,-0.00076294,0.041504
0.028076,0.0027466,0.037842
0.025482,0.0036621,0.041504
0.025635,0.005188,0.0354
0.025787,0.0067139,0.042725
0.025787,0.0061035,0.041504
0.026703,0.0054932,0.046387
0.027771,0.0048828,0.042725
0.028992,0.0019836,0.047607
0.030365,0.0039673,0.05249
0.031891,0.0039673,0.050049
0.028992,0.0047302,0.067139
0.033417,0.0050354,0.05249
0.032501,0.0056458,0.046387
0.031891,0.0059509,0.061035
0.030823,0.0054932,0.058594
0.028992,0.0053406,0.058594
0.028381,0.0059509,0.061035
0.027313,0.0064087,0.059814
0.027008,0.0074768,0.062256
0.025482,0.0091553,0.061035
0.025024,0.0090027,0.064697
0.024261,0.0068665,0.059814
0.025024,0.0045776,0.065918
0.024261,0.0042725,0.065918
0.024567,0.0054932,0.06958
0.023193,0.0018311,0.076904
0.025177,0.0091553,0.067139
0.023956,0.009613,0.065918
0.023499,0.0083923,0.062256
0.020447,0.0068665,0.056152
0.022736,0.0064087,0.057373
0.022888,0.0071716,0.056152
0.024414,0.0062561,0.048828
0.024414,0.0097656,0.05249
0.024414,0.0090027,0.048828
0.022736,0.0071716,0.050049
0.021667,0.0041199,0.047607
0.020294,0.00015259,0.048828
0.021057,0.0010681,0.043945
0.021667,0.0013733,0.045166
0.022125,0.0016785,0.047607
0.02243,0.00015259,0.045166
0.022125,-0.0015259,0.037842
0.021362,-0.0030518,0.041504
0.020905,-0.002594,0.05127
0.02121,-0.0038147,0.039063
0.022736,-0.0019836,0.048828
0.023499,-0.00091553,0.039063
0.023346,0.0013733,0.029297
0.022583,0.0022888,0.032959
0.020599,0.00091553,0.041504
0.022278,0.00091553,0.041504
0.022583,0.00030518,0.041504
0.024261,0.00015259,0.037842
0.025024,0.0018311,0.043945
0.02533,0.0039673,0.046387
0.02594,0.0045776,0.05249
0.02594,0.0033569,0.047607
0.02533,0.0018311,0.058594
0.027771,-0.00015259,0.056152
0.025482,-0.00030518,0.054932
0.026398,0.0013733,0.070801
0.027008,0.0067139,0.062256
0.027771,0.0045776,0.059814
0.02655,0.0045776,0.067139
0.025177,0.0021362,0.063477
0.024261,0.00045776,0.059814
0.023346,-0.00091553,0.064697
0.023041,-0.00045776,0.062256
0.022888,0.0012207,0.064697
0.022736,0.0030518,0.061035
0.022125,0.0024414,0.065918
0.021362,0.00030518,0.065918
0.021515,-0.0042725,0.065918
0.021362,-0.0050354,0.062256
0.022278,-0.0048828,0.065918
0.02243,-0.0041199,0.059814
0.020447,-0.0015259,0.064697
0.020752,-0.0016785,0.059814
0.018921,-0.0035095,0.056152
0.018768,-0.0064087,0.064697
0.018158,-0.0086975,0.039063
0.018311,-0.0088501,0.059814
0.019379,-0.0045776,0.048828
0.019379,0.00061035,0.036621
0.018768,0.00091553,0.047607
0.019073,0.0015259,0.046387
0.018463,-0.00030518,0.041504
0.018158,0.0013733,0.043945
0.0177,-0.002594,0.037842
0.018005,-0.0012207,0.041504
0.018158,0.0016785,0.037842
0.018311,0.0036621,0.040283
0.017242,0.004425,0.036621
0.017853,0.0027466,0.040283
0.018158,0.0015259,0.042725
0.019073,0.00091553,0.042725
0.020599,0.0019836,0.040283
0.02121,0.0036621,0.041504
0.020905,0.0038147,0.041504
0.020142,0.0050354,0.041504
0.018768,0.0027466,0.042725
0.018463,0.00015259,0.043945
0.018158,-0.0032043,0.046387
0.017853,-0.0022888,0.045166
0.018311,-0.0012207,0.05249
0.017853,0.00091553,0.053711
0.016785,0.0021362,0.053711
0.016327,0.0018311,0.053711
0.014648,-0.00030518,0.063477
0.014801,-0.00076294,0.057373
0.014648,-0.0013733,0.063477
0.015411,-0.00045776,0.059814
0.016937,0.00015259,0.063477
0.016937,0.0021362,0.056152
0.016632,0.0033569,0.064697
0.016479,0.0027466,2.9932
0.016785,0.0010681,4.8145
0.017853,-0.00076294,4.9207
0.018616,-0.0013733,4.9353
0.018005,0.00030518,4.9158
0.017548,0.0016785,4.9341
0.015717,0.0032043,4.9292
0.013885,0.0022888,4.9329
0.013428,0.00061035,4.9207
0.014191,-0.0019836,4.9268
0.016632,-0.0024414,4.928
0.018921,-0.0022888,4.9243
0.019379,-0.0015259,4.9231
0.019836,0.00076294,4.9182
0.018616,0.0010681,4.9231
0.017548,0.00015259,4.9207
0.01709,-0.00045776,4.9231
0.01709,-0.0016785,4.917
0.015717,-0.0021362,4.9146
0.016174,-0.00091553,4.9146
0.015869,-0.00030518,4.9146
0.014496,0.0015259,4.9194
0.01358,0.0013733,4.9109
0.014191,0.00076294,4.9133
0.015411,0,4.9121
0.01709,0,4.9097
0.020294,0.0012207,4.9072
0.020599,0.0028992,4.9097
0.02121,0.0039673,4.9072
0.020294,0.0039673,4.9109
0.019836,0.0035095,4.906
0.019073,0.0024414,4.9146
0.018921,0.0019836,4.9109
0.020294,0.0021362,4.9158
0.020294,0.0030518,4.9158
0.019073,0.0038147,4.9207
0.018158,0.0042725,4.9304
0.016479,0.0032043,4.9255
0.016174,0.0019836,4.9329
0.016785,-0.00045776,4.9243
0.018005,-0.00076294,4.9292
0.019531,-0.0012207,4.9329
0.018005,-0.0012207,4.9292
0.016937,-0.00091553,4.928
0.014801,-0.0013733,4.9304
0.013275,-0.002594,4.9304
0.012512,-0.0033569,4.9329
0.012512,-0.004425,4.9292
0.014191,-0.0033569,4.9329
0.015259,-0.0028992,4.9341
0.014343,-0.00076294,4.9304
0.013885,0,4.9341
0.014038,0.00030518,4.939
0.015869,-0.00015259,4.9341
0.019226,-0.00061035,4.9377
0.022125,-0.00030518,4.939
0.023956,0.00030518,4.9353
0.024261,0.0012207,4.9414
0.024109,0.0015259,4.928
0.023041,0.0010681,4.9255
0.024261,0.00061035,4.9207
0.025482,-0.0015259,4.9255
0.027161,0.00061035,4.9158
0.028381,0.00091553,4.9231
0.027161,0.0016785,4.9121
0.025024,0.002594,4.9194
0.024414,0.0036621,4.917
0.023041,0.0053406,4.9146
0.022125,0.0054932,4.9109
0.020142,0.0048828,4.9158
0.021667,0.004425,4.9121
0.020447,0.0042725,4.9121
0.019226,0.0042725,4.9207
0.017242,0.0030518,4.9146
0.016785,0.0028992,4.9121
0.016479,0.0027466,4.9097
0.016937,0.0022888,4.895
0.017395,0.0012207,4.9097
0.017548,0.00045776,4.9109
0.016632,0.00015259,4.9109
0.014954,0.00045776,4.9133
0.01358,0.0010681,4.9097
0.013733,0.0024414,4.9097
0.013733,0.004425,4.9207
0.017242,0.0015259,4.9243
0.018616,0.00015259,4.9182
0.018921,-0.0015259,4.9255
0.017548,-0.0030518,4.9231
0.016174,-0.0024414,4.9316
0.015106,-0.0013733,4.9304
0.013885,-0.00061035,4.9316
0.016785,-0.0024414,4.9329
0.018768,-0.0013733,4.9329
0.019226,-0.0016785,4.9426
0.016785,-0.00076294,4.9329
0.018158,0.00045776,4.9243
0.016327,0.0015259,4.9316
0.016785,0.0021362,4.9304
0.017395,0.0012207,4.9316
0.018921,0.00045776,4.9377
0.020142,-0.0012207,4.9353
0.019531,-0.0019836,4.9353
0.019531,-0.0015259,4.9329
0.015564,-0.00061035,4.9353
0.014496,-0.0012207,4.9304
0.016785,0.00045776,4.9292
0.018768,-0.00061035,4.9243
0.020294,0.00015259,4.928
0.021057,0.00015259,4.9304
0.019989,0.00076294,0.05127
0.017242,0.0012207,0.05249
0.014954,0.00091553,0.048828
0.014801,-0.00045776,0.03418
0.014954,-0.0010681,0.045166
0.019531,-0.0016785,0.039063
0.021515,-0.0021362,0.040283
0.022583,0.00045776,0.042725
0.020752,0.00091553,0.040283
0.021057,0.00045776,0.041504
0.02121,0.00061035,0.040283
0.024567,0.002594,0.041504
0.025635,-0.0015259,0.036621
0.03006,-0.0010681,0.041504
0.030823,0,0.043945
0.029144,-0.00045776,0.041504
0.027161,0.0012207,0.037842
0.027008,0.0021362,0.039063
0.02655,0.0016785,0.041504
0.029297,0.00091553,0.041504
0.030975,0.0010681,0.050049
0.031281,0.0010681,0.046387
0.031433,0.0018311,0.042725
0.02655,0.0022888,0.048828
0.024567,0.0024414,0.05127
0.022583,0.0028992,0.054932
0.023499,0.0021362,0.057373
0.023956,0.002594,0.057373
0.02655,0.00015259,0.059814
0.025482,0.0012207,0.061035
0.023499,-0.00030518,0.064697
0.02182,-0.00076294,0.061035
0.022278,0.00076294,0.061035
0.022125,0.0019836,0.059814
0.025024,0.0059509,0.063477
0.02655,0.0022888,0.076904
0.027313,0.0012207,0.064697
0.026245,0.00015259,0.065918
0.024567,0,0.072021
0.023804,-0.00030518,0.048828
0.024109,0,0.063477
0.028687,0.00061035,0.064697
0.027161,0,0.061035
0.028992,-0.00091553,0.062256
0.029449,0,0.053711
0.025482,0.00091553,0.057373
0.02243,0.0027466,0.05249
0.022125,0.0039673,0.05127
0.023346,0.004425,0.045166
0.025635,0.0038147,0.050049
0.02655,0.0022888,0.050049
0.027771,0.0013733,0.050049
0.027008,-0.00076294,0.045166
0.025787,0.0030518,0.046387
0.024109,0.0021362,0.047607
0.024414,0.0024414,0.043945
0.026703,0.002594,0.046387
0.028076,0.0012207,0.037842
0.028534,0,0.037842
0.027313,-0.0016785,0.037842
0.026093,-0.0010681,0.036621
0.02533,0.00030518,0.036621
0.026245,0.0018311,0.040283
0.028992,0.0019836,0.036621
0.031281,0.0012207,0.039063
0.033417,0.00091553,0.039063
0.033722,0.00045776,0.042725
0.031586,0.00061035,0.042725
0.030212,0.0041199,0.047607
0.028076,0.0067139,0.043945
0.028229,0.0091553,0.050049
0.029297,0.010681,0.062256
0.029907,0.0091553,0.054932
0.029755,0.0074768,0.064697
0.027924,0.0050354,0.056152
0.025482,0.0062561,0.056152
0.023804,0.0080872,0.061035
0.023956,0.0088501,0.058594
0.025787,0.0091553,0.061035
0.027771,0.0064087,0.062256
0.028687,0.0030518,0.059814
0.027924,0.0022888,0.058594
0.02533,0.0028992,0.058594
0.022736,0.0065613,0.065918
0.022278,0.0074768,0.057373
0.02182,0.0080872,0.065918
0.023499,0.0073242,0.067139
0.024414,0.0039673,0.06958
0.023804,0.0021362,0.064697
0.021515,0.0016785,0.067139
0.018463,0.0030518,0.072021
0.018005,0.0057983,0.058594
0.018463,0.0068665,0.064697
0.021362,0.0061035,0.054932
0.021057,0.0036621,0.041504
0.021057,0.0012207,0.050049
0.019531,-0.00091553,0.048828
0.016937,-0.00030518,0.047607
0.015564,0.0013733,0.05127
0.014954,0.002594,0.040283
0.015869,0.0030518,0.047607
0.017395,0.0013733,0.032959
0.019073,-0.0012207,0.041504
0.020294,-0.0016785,0.042725
0.019684,-0.0010681,0.041504
0.019073,0.00030518,0.039063
0.018616,0.0022888,0.042725
0.018921,0.002594,0.046387
0.023499,0.0015259,0.041504
0.02594,0,0.039063
0.027924,-0.0015259,0.041504
0.027313,-0.00076294,0.028076
0.026093,0.00015259,0.032959
0.024567,0.0021362,0.040283
0.025482,0.0047302,0.041504
0.027008,0.0053406,0.043945
0.029602,0.004425,0.039063
0.031281,0.0019836,0.32104
0.031433,0.00091553,4.6545
0.029297,0.0028992,4.9011
0.027161,0.0013733,4.9182
0.025482,0.0033569,4.9268
0.025482,0.0039673,4.9255
0.026703,0.0032043,4.9304
0.027771,0.0018311,4.9292
0.027618,0.00045776,4.9304
0.02594,-0.00091553,4.9377
0.024261,0.0015259,4.9341
0.02243,0.0030518,4.9426
0.022125,0.0071716,4.9316
0.023651,0.0039673,4.9207
0.023804,0.0019836,4.9329
0.025177,-0.00091553,4.9304
0.023651,-0.0021362,4.928
0.021667,-0.0041199,4.9341
0.019531,-0.00091553,4.9353
0.019226,0.00061035,4.9353
0.019836,0.0019836,4.9316
0.020905,0.0010681,4.9341
0.021515,-0.00030518,4.9268
0.021667,-0.0019836,4.9292
0.017395,-0.0021362,4.9268
0.017853,-0.0012207,4.928
0.016937,0.00045776,4.9243
0.016022,0.0022888,4.9219
0.017395,0.0022888,4.9231
0.019073,-0.00061035,4.9158
0.019073,-0.002594,4.9194
0.017853,-0.0041199,4.9146
0.016327,-0.0036621,4.9097
0.014801,-0.0013733,4.9146
0.015411,-0.00015259,4.9097
0.016632,0.00045776,4.9109
0.018158,0.00061035,4.9109
0.019226,-0.0018311,4.906
0.019226,-0.0045776,4.9084
0.018768,-0.0036621,4.9084
0.017853,-0.0018311,4.9109
0.0177,0.00045776,4.9084
0.019684,0.0013733,4.9133
0.020752,0.0012207,4.9084
0.02182,-0.00076294,4.9158
0.021515,-0.0027466,4.9243
0.020294,-0.0012207,4.9121
0.017395,-0.0018311,4.9231
0.016022,-0.00030518,4.9219
0.015106,0.00076294,4.8962
0.01236,0.0013733,4.9207
0.016785,-0.0010681,4.9207
0.017548,-0.0036621,4.9219
0.017395,-0.0039673,4.928
0.016785,-0.0028992,4.9255
0.016632,-0.0013733,4.9304
0.017548,0.00045776,4.9304
0.020599,0.00045776,4.9329
0.021362,-0.00076294,4.9268
0.022736,-0.0028992,4.9377
0.022736,-0.0057983,4.9316
0.019836,-0.0047302,4.9341
0.018921,-0.0036621,4.939
0.017548,-0.0019836,4.9341
0.018311,0.00015259,4.9377
0.021057,0.00030518,4.9402
0.02243,-0.0018311,4.9451
0.023956,-0.0035095,4.9341
0.023193,-0.0042725,4.9341
0.023041,-0.0041199,4.9329
0.020905,-0.0022888,4.9292
0.020447,-0.00076294,4.9255
0.022888,0.00076294,4.928
0.023346,-0.0010681,4.9231
0.023346,-0.0030518,4.9207
0.02182,-0.0045776,4.9182
0.018005,-0.0056458,4.9219
0.016785,-0.0010681,4.9146
0.016937,0.0012207,4.9207
0.01709,0.0027466,4.917
0.019531,0.0032043,4.9182
0.021515,0.0010681,4.928
0.02182,-0.0012207,4.9158
0.020905,0.0018311,4.9207
0.019531,0.00015259,4.9097
0.019073,0.0030518,4.9036
0.019226,0.0048828,4.9048
0.023499,0.0042725,4.9084
0.021362,0.0024414,4.9097
0.02182,0.00030518,4.9109
0.020294,-0.00061035,4.9109
0.018158,-0.00045776,4.9097
0.0177,0.0022888,4.9072
0.017395,0.0041199,4.9158
0.018311,0.0036621,4.9121
0.019684,0.0028992,4.9182
0.020599,-0.00015259,4.9194
0.019379,-0.0024414,4.9207
0.017853,-0.0028992,4.9268
0.015106,-0.0018311,4.9243
0.013123,0.00030518,4.9231
0.01297,0.002594,4.9255
0.014343,0.0028992,4.9207
0.014343,0.00061035,4.9329
0.014801,-0.0012207,4.9182
0.01297,-0.0032043,4.928
0.011292,-0.0030518,4.9292
0.011444,-0.00045776,4.9292
0.01236,0.0018311,4.9329
0.014496,0.0030518,4.9304
0.018005,0.00030518,0.067139
0.02121,-0.0015259,0.063477
0.022736,-0.004425,0.067139
0.024872,-0.0047302,0.072021
0.023804,-0.0019836,0.067139
0.023651,0.0015259,0.062256
0.024872,0.0036621,0.064697
0.026093,0.0035095,0.075684
0.02655,0.0018311,0.059814
0.02594,0.00015259,0.061035
0.024261,0,0.054932
0.022278,0.0018311,0.036621
0.021057,0.0050354,0.047607
0.020294,0.0074768,0.047607
0.021515,0.0073242,0.047607
0.023041,0.0050354,0.046387
0.023956,0.0021362,0.043945
0.023499,0,0.047607
0.023346,-0.00091553,0.039063
0.021667,0.00061035,0.045166
0.020294,0.0022888,0.039063
0.019379,0.00030518,0.041504
0.019073,0.0013733,0.040283
0.019836,-0.00076294,0.037842
0.018616,-0.0028992,0.045166
0.017548,-0.0024414,0.041504
0.015411,-0.0019836,0.037842
0.01297,0.00015259,0.040283
0.011597,0.0019836,0.028076
0.012054,0.0012207,0.039063
0.013275,0.00030518,0.042725
0.014801,-0.0022888,0.041504
0.015411,-0.0032043,0.041504
0.016174,-0.0027466,0.042725
0.015717,-0.00045776,0.048828
0.016632,0.0021362,0.048828
0.016174,0.0027466,0.05249
0.018005,0.004425,0.050049
0.018158,0.0033569,0.058594
0.018158,0.0015259,0.058594
0.0177,0.0016785,0.062256
0.01709,0.0019836,0.062256
0.016174,0.0045776,0.064697
0.016327,0.0065613,0.06958
0.016022,0.0067139,0.063477
0.018311,0.0054932,0.073242
0.019226,0.0036621,0.061035
0.020142,0.0024414,0.048828
0.020142,0.0030518,0.062256
0.018463,0.0047302,0.062256
0.018158,0.0065613,0.063477
0.01709,0.0067139,0.067139
0.016022,0.0054932,0.063477
0.014343,0.0024414,0.065918
0.012817,0.00015259,0.062256
0.010834,-0.00061035,0.061035
0.0091553,0.00091553,0.056152
0.0090027,0.0028992,0.057373
0.0093079,0.0039673,0.056152
0.010986,0.0038147,0.053711
0.013428,0.0021362,0.053711
0.014954,0.00030518,0.050049
0.01709,-0.00015259,0.050049
0.018921,0.00091553,0.046387
0.019379,0.0027466,0.045166
0.020142,0.0047302,0.054932
0.020599,0.0038147,0.041504
0.020905,0.0027466,0.040283
0.021362,0.0010681,0.042725
0.021667,-0.00091553,0.037842
0.023041,-0.00061035,0.039063
0.024261,0.00045776,0.0354
0.024872,0.0022888,0.040283
0.026245,0.0032043,0.03418
0.027313,0.0030518,0.041504
0.028076,0.0010681,0.040283
0.028687,-0.00061035,0.040283
0.027924,-0.0032043,0.037842
0.026703,0,0.042725
0.024567,0.0016785,0.054932
0.023346,0.0032043,0.042725
0.02243,0.0028992,0.054932
0.021973,0.0027466,0.047607
0.02121,0.0012207,0.0354
0.021515,-0.00030518,0.046387
0.023346,0.00045776,0.053711
0.023499,0.0013733,0.053711
0.023956,0.0030518,0.059814
0.02594,0.0042725,0.058594
0.026855,0.0038147,0.062256
0.027618,0.0028992,0.062256
0.027466,0.0016785,0.061035
0.026245,0.0021362,0.059814
0.026855,0.0021362,0.063477
0.025787,0.0038147,0.061035
0.02533,0.0030518,0.064697
0.026703,0.004425,0.070801
0.027008,0.002594,0.065918
0.027466,0.0015259,0.064697
0.027771,-0.00030518,0.064697
0.028839,0.00076294,0.076904
0.029144,0.0027466,0.062256
0.030365,0.0035095,0.037842
0.030975,0.0038147,0.062256
0.03006,0.0032043,0.056152
0.029755,0.0024414,0.053711
0.027924,0.0019836,0.053711
0.027313,0.0024414,0.050049
0.026703,0.0021362,0.05127
0.024719,0.0028992,0.046387
0.019226,0.0036621,0.050049
0.022888,0.0030518,0.045166
0.022888,0.0021362,0.048828
0.023193,0.0010681,0.043945
0.022888,0,0.045166
0.026093,-0.0010681,0.05127
0.027313,-0.00061035,0.042725
0.027466,0.0041199,4.2419
0.027313,0,4.8657
0.027924,0.00061035,4.8926
0.028534,-0.00030518,4.906
0.028381,0.00061035,4.9072
0.027618,0.0032043,4.9084
0.029449,0.0053406,4.9072
0.029449,0.0074768,4.9084
0.030365,0.0086975,4.9109
0.030975,0.0074768,4.9072
0.032196,0.0065613,4.9146
0.032654,0.005188,4.9109
0.03418,0.004425,4.9158
0.034332,0.0048828,4.917
0.033722,0.004425,4.9219
0.033264,0.0036621,4.9182
0.032654,0.0036621,4.928
0.031891,0.0033569,4.9231
0.031281,0.0032043,4.9268
0.030365,0.0027466,4.9377
0.030365,0.0056458,4.9329
0.030975,0.0064087,4.9182
0.031891,0.0073242,4.9304
0.031891,0.0059509,4.928
0.031891,0.0048828,4.9268
0.030975,0.004425,4.9316
0.029297,0.0038147,4.928
0.028076,0.0033569,4.9341
0.02594,0.0056458,4.9316
0.025635,0.0061035,4.9353
0.02533,0.0061035,4.9329
0.023651,0.0047302,4.939
0.023193,0.0035095,4.9316
0.021973,0.0024414,4.9353
0.02121,0.0024414,4.9487
0.023041,0.0030518,4.9304
0.022888,0.002594,4.9255
0.023499,0.00045776,4.9255
0.025787,0.0010681,4.9097
0.024719,0,4.9219
0.025482,-0.00030518,4.9231
0.02533,0.00076294,4.9194
0.025024,0.0027466,4.9207
0.024872,0.002594,4.9158
0.025635,0.0030518,4.9158
0.025635,0.00091553,4.9146
0.02533,0.0036621,4.9109
0.026398,0.0012207,4.9084
0.026245,0.0010681,4.9121
0.026093,0.0018311,4.9097
0.026398,0.0018311,4.9133
0.026703,0.0015259,4.9097
0.028229,-0.00015259,4.9133
0.026703,-0.00061035,4.9158
0.026703,-0.0012207,4.9133
0.02655,-0.0019836,4.9182
0.026398,-0.0041199,4.9084
0.02655,-0.0022888,4.8999
0.024872,-0.0028992,4.9146
0.023804,-0.0068665,4.9121
0.024109,-0.0032043,4.9146
0.023804,-0.0041199,4.9158
0.023804,-0.0036621,4.9207
0.024719,-0.0039673,4.9219
0.023804,-0.0028992,4.928
0.024872,-0.0024414,4.9304
0.024414,-0.0021362,4.9243
0.024567,-0.0027466,4.9304
0.025787,-0.0028992,4.9304
0.026245,-0.0032043,4.9353
0.027466,-0.002594,4.9377
0.028229,-0.0022888,4.9329
0.029144,-0.00076294,4.9341
0.028229,0.00061035,4.9329
0.027771,0.00061035,4.9304
0.03006,0.0015259,4.9341
0.027924,0.0016785,4.9304
0.027313,0.00091553,4.9316
0.027008,0.0015259,4.9341
0.02655,-0.0030518,4.9353
0.02594,0.00061035,4.9377
0.024567,0.0013733,4.9329
0.024872,-0.00015259,4.9341
0.023346,0.0013733,4.9255
0.022583,0.0015259,4.9292
0.02121,0.0018311,4.928
0.019836,0.0021362,4.9268
0.018463,0.0022888,4.917
0.017548,0.0016785,4.9219
0.016937,0.0012207,4.9292
0.016174,0.00045776,4.9182
0.016022,0,4.928
0.016327,0,4.9158
0.016632,-0.00045776,4.9048
0.018005,-0.00015259,4.9109
0.018005,0.0018311,4.917
0.017853,0.0027466,4.9121
0.016632,0.0033569,4.9133
0.016327,0.0022888,4.9109
0.015411,0.0024414,4.9084
0.01358,0.0024414,4.906
0.014648,0.002594,4.9097
0.013733,0.002594,4.906
0.01358,0.0042725,4.9011
0.013428,0.0024414,4.9158
0.014343,0.004425,4.9133
0.015411,0.0032043,4.9231
0.015869,0.005188,4.9158
0.016937,0.0030518,4.9182
0.017548,0.0021362,4.9207
0.018311,-0.00061035,0.037842
0.018463,0.00045776,0.047607
0.018311,-0.00061035,0.05249
0.017548,-0.00061035,0.061035
0.017853,-0.00076294,0.059814
0.017242,-0.00076294,0.05127
0.018311,0.00015259,0.061035
0.017548,0.00061035,0.059814
0.017853,0.00091553,0.063477
0.017548,0.0027466,0.057373
0.017853,0.0032043,0.064697
0.018616,0.0035095,0.057373
0.019684,0.0039673,0.061035
0.020294,0.0036621,0.067139
0.019379,0.0028992,0.063477
0.020142,0.0024414,0.06958
0.018616,0.0013733,0.068359
0.017548,0.0012207,0.079346
0.016785,0.00061035,0.063477
0.016174,0.00030518,0.056152
0.015564,-0.00076294,0.062256
0.015259,-0.00061035,0.056152
0.015411,-0.00030518,0.053711
0.016174,0.00076294,0.054932
0.016632,0.0012207,0.05127
0.019379,0.0022888,0.048828
0.021973,0.0027466,0.045166
0.024261,0.0045776,0.048828
0.025787,0.0048828,0.046387
0.02655,0.0047302,0.050049
0.025787,0.0050354,0.043945
0.024261,0.0047302,0.043945
0.022736,0.0053406,0.045166
0.020447,0.0047302,0.042725
0.018311,0.0038147,0.043945
0.016327,0.0039673,0.037842
0.015106,0.0015259,0.031738
0.01358,0.00076294,0.040283
0.012207,0.0010681,0.039063
0.01297,0.0010681,0.037842
0.014191,0.00061035,0.036621
0.015411,-0.00015259,0.039063
0.014343,-0.00091553,0.037842
0.016785,-0.0024414,0.039063
0.017242,-0.0024414,0.045166
0.016022,-0.0027466,0.040283
0.014496,-0.0030518,0.046387
0.014343,-0.0019836,0.05127
0.01236,-0.00015259,0.05127
0.011292,0.0015259,0.050049
0.010071,0.0016785,0.056152
0.011597,0.0019836,0.059814
0.013123,0.0018311,0.058594
0.015869,0.0018311,0.070801
0.018616,-0.0013733,0.059814
0.02121,0.0035095,0.048828
0.023804,0.0030518,0.059814
0.025635,0.0018311,0.065918
0.026245,0.00015259,0.062256
0.026703,-0.00091553,0.061035
0.025177,-0.0013733,0.056152
0.023651,-0.00015259,0.064697
0.02121,0.00091553,0.063477
0.019531,0.0015259,0.067139
0.01709,0.005188,0.056152
0.017548,0.00045776,0.06958
0.016479,-0.00045776,0.062256
0.016785,-0.0015259,0.065918
0.018768,-0.0027466,0.075684
0.021057,-0.0035095,0.058594
0.02182,-0.0028992,0.05249
0.022888,-0.0027466,0.054932
0.023346,-0.0041199,0.042725
0.023346,-0.00030518,0.050049
0.023499,0.0010681,0.046387
0.022583,0.0018311,0.047607
0.023041,0.0033569,0.048828
0.02121,0.0042725,0.043945
0.021362,0.0039673,0.043945
0.020447,0.005188,0.040283
0.020294,0.0045776,0.041504
0.02121,0.00091553,0.037842
0.021057,0.00030518,0.042725
0.021362,0.00061035,0.040283
0.020294,-0.0013733,0.039063
0.021057,-0.0019836,0.03418
0.020142,-0.0024414,0.039063
0.019684,-0.0013733,0.047607
0.018921,-0.0010681,0.039063
0.018463,-0.00076294,0.05249
0.018463,-0.00091553,0.039063
0.018616,0.0013733,0.031738
0.018768,-0.00015259,0.040283
0.018921,0.00076294,0.043945
0.018768,0.0028992,0.043945
0.019379,0.0038147,0.048828
0.020142,0.0042725,0.046387
0.020142,0.0047302,0.056152
0.020447,0.0050354,0.054932
0.021057,0.0024414,0.061035
0.020599,0.0012207,0.059814
0.02121,0.00015259,0.062256
0.021973,-0.00015259,0.062256
0.019989,-0.00076294,0.064697
0.019226,-0.00076294,0.067139
0.018005,-0.00076294,0.062256
0.020294,-0.00076294,0.059814
0.016937,-0.0012207,0.059814
0.01709,-0.00091553,0.070801
0.014801,0.00015259,0.063477
0.018463,0.00061035,0.06958
0.020294,0.0015259,0.067139
0.02182,0.0022888,0.067139
0.024261,-0.0012207,0.063477
0.024567,0.0019836,0.064697
0.025024,0.0018311,0.058594
0.026245,0.0042725,2.7307
0.026855,0.002594,4.7925
0.026398,0.0030518,4.917
0.027466,0.0027466,4.9194
0.027618,0.0032043,4.9231
0.027161,0.0028992,4.9194
0.026855,0.0013733,4.9243
0.027161,0.0015259,4.9304
0.028381,0.00091553,4.9182
0.028229,0.00045776,4.9219
0.028534,0.00091553,4.9158
0.028839,0.0012207,4.8914
0.027161,0.0010681,4.9109
0.026398,0.0015259,4.9121
0.024567,0.00091553,4.9121
0.022888,-0.0022888,4.9072
0.021362,-0.0013733,4.8889
0.021362,-0.0024414,4.9109
0.021362,-0.0033569,4.9109
0.022125,-0.0015259,4.9072
0.02243,-0.0024414,4.906
0.023651,-0.002594,4.9158
0.024567,-0.0015259,4.917
0.027008,-0.0010681,4.9133
0.027008,-0.00030518,4.9146
0.030518,0.0010681,4.9146
0.028687,0.0024414,4.9146
0.028229,0.0022888,4.9231
0.027618,0.0024414,4.9292
0.027618,0.0024414,4.9231
0.028229,0.0013733,4.9133
0.029602,0.0028992,4.9255
0.031433,0.0030518,4.9292
0.030518,0.0035095,4.9329
0.031891,0.0042725,4.9292
0.031281,0.0019836,4.9304
0.029449,0.00061035,4.9316
0.028229,-0.00015259,4.9292
0.026703,-0.00061035,4.9341
0.02655,-0.00091553,4.9292
0.025635,-0.00091553,4.9341
0.024872,-0.0012207,4.9304
0.023041,-0.0016785,4.939
0.02182,-0.0022888,4.9414
0.021515,-0.0022888,4.9341
0.021973,-0.002594,4.9377
0.023041,-0.0019836,4.9353
0.023346,-0.0010681,4.9194
0.023651,-0.00076294,4.9451
0.023193,-0.00045776,4.928
0.023193,0,4.9231
0.023193,-0.00015259,4.9255
0.024109,-0.00015259,4.9207
0.025177,0.00015259,4.9194
0.027008,0.00091553,4.9109
0.029297,0.0019836,4.9219
0.030365,0.0032043,4.9146
0.03067,0.0041199,4.9158
0.031433,0.0042725,4.9158
0.031891,0.0041199,4.9146
0.032654,0.0039673,4.9109
0.032806,0.0033569,4.9146
0.032196,0.0021362,4.9158
0.031281,0.0016785,4.9109
0.030365,0.0016785,4.9146
0.028687,0.0010681,4.9158
0.029297,0.0013733,4.9084
0.029144,0.0018311,4.9072
0.028534,0.0021362,4.9084
0.028076,0.0032043,4.9109
0.028076,0.0035095,4.9109
0.027313,0.0030518,4.9084
0.025635,0.002594,4.9146
0.024567,0.0036621,4.9146
0.023346,0.0042725,4.9207
0.022736,0.0039673,4.9146
0.022736,0.0042725,4.9255
0.023804,0.0039673,4.9255
0.023651,0.0041199,4.9316
0.023041,0.0041199,4.9402
0.022125,0.0039673,4.9304
0.020905,0.0042725,4.9341
0.019684,0.0048828,4.9353
0.019684,0.0045776,4.9219
0.020142,0.0038147,4.9292
0.020752,0.0039673,4.9304
0.020752,0.0036621,4.9304
0.02243,0.0035095,4.9304
0.022888,0.0035095,4.9304
0.022888,0.00091553,4.939
0.023346,0.0042725,4.9353
0.023193,0.0048828,4.939
0.022888,0.004425,4.9341
0.02243,0.0038147,4.9353
0.022125,0.0024414,4.9316
0.020599,0.0015259,4.9329
0.019531,0.00061035,4.9353
0.020142,-0.0010681,4.9329
0.018921,-0.00061035,4.9268
0.018616,-0.0018311,4.9231
0.020142,-0.0028992,4.9292
0.019226,-0.0042725,4.9158
0.02121,-0.0054932,4.9316
0.02121,-0.0053406,4.9182
0.020752,-0.0041199,4.9194
0.018921,-0.0030518,4.9133
0.018311,-0.0018311,4.9158
0.017242,-0.0015259,4.9097
0.016937,-0.0013733,4.9109
0.017395,-0.0012207,4.9084
0.018005,-0.0013733,4.9109
0.019684,-0.0012207,0.03418
0.022125,0.00015259,0.042725
0.024261,0.0016785,0.042725
0.026855,0.0024414,0.042725
0.028992,0.0028992,0.05127
0.031281,0.0021362,0.042725
0.030823,0.00076294,0.05249
0.031281,0.00030518,0.036621
0.029297,-0.0012207,0.031738
0.03006,0.0013733,0.045166
0.030975,0.002594,0.046387
0.03067,0.0032043,0.046387
0.028992,0.0016785,0.054932
0.031738,0.0022888,0.054932
0.031891,0.00076294,0.053711
0.031738,0.0019836,0.057373
0.031433,0.00045776,0.063477
0.031128,0.00076294,0.057373
0.029144,0.0010681,0.063477
0.028076,0.0041199,0.063477
0.026093,0.00091553,0.064697
0.023956,-0.00030518,0.063477
0.021667,-0.00061035,0.064697
0.019989,-0.00091553,0.062256
0.018921,0.00061035,0.063477
0.017853,0.0015259,0.075684
0.016785,0.0024414,0.065918
0.016937,0.0015259,0.072021
0.016937,0.0013733,0.064697
0.017548,0.00076294,0.067139
0.020294,0.00045776,0.064697
0.018463,0.0012207,0.062256
0.019379,0.0015259,0.058594
0.020752,0.0016785,0.058594
0.02182,0.0012207,0.05127
0.022125,0.00061035,0.056152
0.021973,0.00015259,0.05127
0.021515,-0.00045776,0.05249
0.022278,-0.00015259,0.046387
0.021057,0.0013733,0.047607
0.021057,0.0038147,0.062256
0.021362,0.0042725,0.047607
0.020752,0.004425,0.047607
0.021667,0.0041199,0.046387
0.022278,0.0033569,0.024414
0.022888,0.00091553,0.037842
0.023041,0.002594,0.040283
0.023193,0.002594,0.036621
0.02243,0.0028992,0.040283
0.019684,0.0032043,0.036621
0.019684,0.0015259,0.039063
0.018768,0.00030518,0.0354
0.0177,-0.0016785,0.040283
0.017395,-0.00061035,0.039063
0.017853,0.00076294,0.041504
0.018005,0.0027466,0.040283
0.018158,0.0030518,0.043945
0.019379,0.0028992,0.047607
0.019836,0.0019836,0.046387
0.019684,-0.00015259,0.045166
0.020599,-0.0010681,0.05249
0.021667,0.0013733,0.054932
0.021515,0.0035095,0.054932
0.021362,0.0045776,0.048828
0.019989,0.0083923,0.058594
0.019531,0.0030518,0.062256
0.019836,0.00091553,0.061035
0.018768,0.00045776,0.064697
0.021057,0.00045776,0.059814
0.022583,0.00091553,0.061035
0.023041,0.0027466,0.059814
0.022125,0.0019836,0.067139
0.023041,0.0013733,0.058594
0.022125,-0.00076294,0.063477
0.022125,-0.0035095,0.064697
0.018616,-0.0030518,0.070801
0.02182,-0.0022888,0.074463
0.02182,-0.0012207,0.067139
0.02121,-0.00015259,0.065918
0.020599,0.0013733,0.062256
0.020599,0.0010681,0.048828
0.019836,0.00091553,0.061035
0.020752,0.0016785,0.048828
0.021057,0.0024414,0.048828
0.02182,0.0033569,0.053711
0.02121,0.0042725,0.046387
0.020599,0.0039673,0.05249
0.019531,0.004425,0.042725
0.018768,0.0035095,0.050049
0.019379,0.0032043,0.040283
0.019989,0.0033569,0.047607
0.018158,0.0030518,0.045166
0.01709,0.0035095,0.042725
0.016327,0.0019836,0.036621
0.015259,0.0028992,0.042725
0.015259,0.0030518,0.048828
0.014801,0.0021362,0.041504
0.015564,0.0021362,0.048828
0.016632,0.00076294,0.040283
0.018311,0.0010681,0.0354
0.018311,0.0012207,0.037842
0.018616,0.00061035,0.039063
0.019073,-0.00045776,0.0354
0.018616,-0.0022888,0.037842
0.019836,-0.004425,0.03418
0.020905,-0.0047302,0.046387
0.022125,-0.0036621,0.045166
0.023193,-0.0024414,0.05127
0.023346,-0.00045776,0.048828
0.022583,0,0.056152
0.023346,-0.00015259,0.057373
0.023499,-0.0015259,0.061035
0.024109,-0.0016785,0.074463
0.025024,-0.0013733,0.058594
0.025635,0.00030518,0.056152
0.024872,0.002594,0.063477
0.024872,0.0039673,2.1753
0.024414,0.0047302,4.7644
0.024719,0.0028992,4.9146
0.025024,0.0010681,4.928
0.025482,0.00076294,4.928
0.025635,0.0010681,4.9316
0.02533,0.0024414,4.9377
0.024872,0.0033569,4.9353
0.024261,0.0048828,4.9365
0.024719,0.005188,4.9329
0.024261,0.0033569,4.9365
0.023651,0.002594,4.9316
0.023346,0.0015259,4.9304
0.022278,0.0018311,4.9268
0.02121,0.00061035,4.9304
0.019531,0.0022888,4.9341
0.019073,0.002594,4.9243
0.018311,0.0016785,4.9304
0.018311,0.00076294,4.9182
0.017548,-0.00061035,4.9048
0.018768,0.00061035,4.9133
0.018921,0.00061035,4.9146
0.016632,0.00061035,4.9121
0.016937,0.0012207,4.9121
0.016785,0,4.9036
0.016327,-0.00076294,4.9097
0.015411,0.00015259,4.9084
0.015717,-0.00076294,4.9072
0.015564,0.0016785,4.9109
0.015869,0.0028992,4.9109
0.014954,0.0030518,4.8987
0.013733,0.0033569,4.9121
0.015717,0.0030518,4.9109
0.015717,0.0024414,4.9133
0.016632,0.0018311,4.9109
0.016632,0.0018311,4.9146
0.014801,0.00076294,4.9133
0.013123,-0.00030518,4.9146
0.011139,-0.0021362,4.9084
0.0099182,-0.0045776,4.9158
0.010071,-0.0057983,4.9219
0.010376,-0.0054932,4.9243
0.010834,-0.0054932,4.9243
0.01236,-0.0038147,4.9243
0.014038,-0.0018311,4.9316
0.016479,0.00045776,4.9292
0.018616,0.0022888,4.9341
0.020905,0.002594,4.9219
0.021973,0.0041199,4.9341
0.02243,0.0056458,4.928
0.023193,0.0068665,4.9316
0.022583,0.007782,4.95
0.024109,0.0068665,4.9377
0.022583,0.0059509,4.9377
0.022888,0.004425,4.9353
0.022736,0.0036621,4.9194
0.023804,0.0033569,4.9329
0.025482,0.0038147,4.939
0.026855,0.0036621,4.9353
0.026398,0.0035095,4.9329
0.029907,0.002594,4.9268
0.029602,0.00076294,4.9304
0.03006,-0.0010681,4.9231
0.029449,-0.0030518,4.9243
0.028076,-0.0028992,4.9182
0.026093,-0.0022888,4.9207
0.023346,-0.0016785,4.9182
0.020294,-0.0010681,4.9231
0.018158,-0.0013733,4.9207
0.016479,-0.0027466,4.9182
0.017548,-0.0022888,4.9109
0.018158,-0.0018311,4.917
0.018158,0.00061035,4.9048
0.020294,0.0024414,4.8987
0.021515,0.0032043,4.9036
0.023193,0.0027466,4.9109
0.022583,0.0012207,4.9109
0.022278,0.0028992,4.9084
0.018921,0.00045776,4.9109
0.020752,0.0010681,4.9072
0.019073,0.0041199,4.9084
0.018768,0.0048828,4.9072
0.019226,0.0028992,4.9158
0.020294,0.0012207,4.9146
0.021973,-0.00030518,4.9133
0.023651,-0.0022888,4.9121
0.024719,-0.0016785,4.917
0.026093,-0.00015259,4.9243
0.028992,0.0015259,4.9219
0.026855,0.0024414,4.9353
0.026245,0.0030518,4.928
0.024719,0.0021362,4.9194
0.022736,0.00061035,4.9304
0.02243,0.00015259,4.9316
0.020142,0,4.9304
0.020447,0.00076294,4.9316
0.020599,0.0019836,4.9304
0.022736,0.0021362,4.9341
0.023499,0.0018311,4.9365
0.024414,0.00076294,4.9353
0.024872,0.0010681,4.9316
0.025177,0.00030518,4.9353
0.025482,0.0013733,4.9365
0.025635,0.0027466,4.9377
0.024567,0.0027466,4.9353
0.022888,0.00091553,4.9414
0.023499,-0.00076294,4.9353
0.026703,-0.0021362,4.9316
0.025177,-0.0021362,4.9329
0.02655,0.00015259,4.928
0.028687,0.0012207,4.9268
0.030975,0.0041199,0.048828
0.032349,0.0054932,0.053711
0.033417,0.0050354,0.048828
0.034485,0.0035095,0.047607
0.0354,0.0022888,0.042725
0.034943,0.002594,0.048828
0.0354,0.0045776,0.041504
0.034485,0.0071716,0.046387
0.034485,0.0067139,0.043945
0.033417,0.0062561,0.043945
0.032501,0.0039673,0.037842
0.032349,0.00076294,0.041504
0.029907,0.0019836,0.056152
0.030212,0.0032043,0.036621
0.028839,0.0042725,0.056152
0.027466,0.0054932,0.040283
0.02594,0.0054932,0.025635
0.024719,0.0033569,0.037842
0.022888,0.0022888,0.041504
0.02243,0.0018311,0.041504
0.02243,0.0030518,0.041504
0.023956,0.0048828,0.040283
0.028229,0.0064087,0.046387
0.026245,0.0064087,0.046387
0.025787,0.0050354,0.05127
0.02533,0.0032043,0.05249
0.021973,0.0024414,0.057373
0.025024,0.0024414,0.058594
0.025482,0.0028992,0.059814
0.025482,0.0018311,0.073242
0.026093,0.0018311,0.062256
0.025177,0.00030518,0.059814
0.024872,-0.0024414,0.062256
0.025177,-0.0039673,0.064697
0.025635,-0.0032043,0.059814
0.026855,-0.0021362,0.058594
0.027008,-0.0013733,0.057373
0.02594,-0.0024414,0.061035
0.025482,-0.0041199,0.061035
0.024109,-0.0067139,0.067139
0.02243,-0.0076294,0.064697
0.022736,-0.0076294,0.067139
0.023193,-0.0041199,0.063477
0.023651,-0.0012207,0.065918
0.023956,0.00030518,0.058594
0.02655,0,0.059814
0.028534,-0.0027466,0.054932
0.029907,-0.0048828,0.054932
0.032349,-0.0071716,0.061035
0.031433,-0.0053406,0.05249
0.032349,-0.0032043,0.058594
0.032349,-0.00061035,0.047607
0.031891,0.00061035,0.03418
0.031128,0.00061035,0.046387
0.030365,-0.00091553,0.042725
0.030365,-0.0024414,0.039063
0.030365,-0.0032043,0.043945
0.031281,-0.0018311,0.037842
0.032043,-0.00045776,0.036621
0.030975,0.00091553,0.039063
0.033722,0.00061035,0.040283
0.033112,-0.00076294,0.039063
0.033569,-0.0030518,0.040283
0.032043,-0.0041199,0.040283
0.033264,-0.0036621,0.041504
0.032654,-0.0028992,0.039063
0.03067,-0.0053406,0.041504
0.028992,0,0.041504
0.027008,-0.00076294,0.041504
0.026245,-0.0019836,0.042725
0.024719,-0.0048828,0.046387
0.024567,-0.0047302,0.037842
0.024109,-0.0036621,0.050049
0.023499,-0.0021362,0.05127
0.022888,-0.00061035,0.054932
0.021515,-0.00030518,0.054932
0.020294,-0.00091553,0.057373
0.019989,-0.002594,0.062256
0.019073,-0.0036621,0.061035
0.019226,-0.0028992,0.063477
0.019684,-0.0013733,0.059814
0.019073,-0.00030518,0.062256
0.0177,0,0.057373
0.016937,-0.00030518,0.064697
0.017395,-0.0013733,0.072021
0.0177,-0.0024414,0.065918
0.019226,-0.0021362,0.065918
0.020142,-0.00076294,0.068359
0.020752,0.00091553,0.046387
0.020905,0.0033569,0.062256
0.020752,0.0036621,0.058594
0.021515,0.0038147,0.063477
0.02182,0.0033569,0.061035
0.023041,0.0028992,0.053711
0.024872,0.0039673,0.058594
0.023804,0.0053406,0.053711
0.023193,0.0079346,0.05249
0.02121,0.0090027,0.047607
0.020294,0.0082397,0.05127
0.019989,0.0067139,0.045166
0.018311,0.004425,0.046387
0.018463,0.0041199,0.047607
0.0177,0.0042725,0.047607
0.016174,0.0047302,0.050049
0.015564,0.0056458,0.041504
0.014801,0.0054932,0.050049
0.014801,0.0039673,0.040283
0.015411,-0.00030518,0.036621
0.015411,0.0013733,0.040283
0.015717,0.0012207,0.037842
0.015869,0.0010681,0.03418
0.014954,0.0016785,0.040283
0.013885,0.0013733,0.03418
0.014191,-0.00015259,0.039063
0.014648,-0.0012207,0.036621
0.016022,-0.0018311,0.042725
0.017395,-0.0012207,2.6453
0.019226,0.00015259,4.7791
0.019073,0.0016785,4.9036
0.020599,0.0030518,4.9133
0.022278,0.0024414,4.928
0.022736,0.0028992,4.9182
0.023499,0.0018311,4.9292
0.023193,0.002594,4.9255
0.02243,0.0036621,4.9207
0.021667,0.0041199,4.9292
0.019073,0.0047302,4.9207
0.016632,0.0048828,4.9292
0.014648,0.0042725,4.9304
0.014801,0.0033569,4.9304
0.015564,0.0024414,4.9316
0.017395,0.0018311,4.9304
0.017242,0.0013733,4.9377
0.0177,0.002594,4.928
0.016632,0.0027466,4.9365
0.016174,0.0024414,4.9353
0.015411,0.0015259,4.9353
0.015869,0.00091553,4.9353
0.015411,0.0015259,4.939
0.016632,0.0030518,4.9426
0.014801,0.0053406,4.9329
0.012207,0.0074768,4.939
0.011902,0.0073242,4.9292
0.011749,0.0065613,4.9121
0.014191,0.0057983,4.9207
0.017548,0.0028992,4.9255
0.020294,0.0027466,4.9207
0.02243,0.002594,4.917
0.022583,0.0028992,4.9158
0.020294,0.0030518,4.917
0.018616,0.002594,4.9158
0.016785,0.0022888,4.9146
0.017242,0.0015259,4.9097
0.014648,0.00076294,4.9182
0.014191,0.0010681,4.9023
0.0094604,0.0010681,4.9133
0.010986,0.0016785,4.9158
0.0097656,0.0012207,4.9109
0.011444,-0.00076294,4.906
0.011597,-0.00061035,4.9097
0.016479,-0.0021362,4.8987
0.019531,-0.002594,4.906
0.021667,0.0021362,4.9146
0.02121,-0.00015259,4.9097
0.019531,-0.00045776,4.9121
0.016632,0.0013733,4.9084
0.015717,0.0012207,4.9146
0.016327,0.00030518,4.9158
0.016937,-0.0010681,4.9194
0.017548,0.00076294,4.9207
0.018005,0.0010681,4.9268
0.017548,0.0030518,4.9255
0.018158,0.0033569,4.9304
0.019531,0.0035095,4.9292
0.022278,0.0053406,4.9329
0.025787,0.0032043,4.9329
0.027313,0.0036621,4.9316
0.027771,0.0030518,4.9438
0.024719,0.0033569,4.9329
0.022583,0.0021362,4.917
0.019836,0.00076294,4.9329
0.020294,-0.00030518,4.9292
0.02121,-0.00030518,4.9329
0.022583,-0.00015259,4.9353
0.022888,0.00061035,4.9353
0.024109,0.0012207,4.9292
0.018616,0.0010681,4.9353
0.019073,0.0018311,4.9377
0.019379,0.0019836,4.928
0.019989,0.0032043,4.928
0.020599,0.0028992,4.928
0.019379,0.0030518,4.9316
0.018311,0.002594,4.9304
0.014038,0.0018311,4.9255
0.010986,0,4.9207
0.0091553,-0.0021362,4.9182
0.0065613,-0.0042725,4.9023
0.010681,-0.0048828,4.917
0.010681,-0.0057983,4.9121
0.010986,-0.0082397,4.9121
0.010376,-0.0068665,4.9146
0.010529,-0.0065613,4.9109
0.011292,-0.0054932,4.9121
0.014038,-0.0042725,4.9048
0.0177,-0.0042725,4.9121
0.020294,-0.0027466,4.9048
0.02121,-0.0019836,4.9109
0.022125,-0.0035095,4.9097
0.021667,-0.0015259,4.9121
0.021057,-0.0018311,4.906
0.022125,-0.0018311,4.9109
0.024872,-0.0021362,4.9133
0.026245,-0.0022888,4.9146
0.027313,-0.0024414,4.9219
0.021973,-0.002594,4.9158
0.024109,-0.0033569,4.9023
0.021057,-0.0030518,4.9158
0.020447,-0.0024414,4.9219
0.02121,-0.0015259,4.9194
0.022888,-0.00076294,4.9255
0.024414,-0.00030518,4.9231
0.023651,-0.00091553,4.9304
0.021667,-0.00091553,4.9292
0.019226,-0.0010681,4.9353
0.017548,-0.00091553,4.928
0.018463,0,4.9329
0.019531,0.002594,0.062256
0.022125,0,0.063477
0.023193,-0.00091553,0.075684
0.02182,-0.0018311,0.062256
0.022125,-0.0022888,0.062256
0.022278,-0.0024414,0.065918
0.024109,-0.0013733,0.062256
0.024719,-0.0012207,0.063477
0.030975,-0.0013733,0.063477
0.032501,-0.0016785,0.063477
0.032501,-0.0035095,0.062256
0.031586,-0.0038147,0.056152
0.028534,-0.0032043,0.059814
0.027313,-0.0021362,0.053711
0.028839,-0.0019836,0.05127
0.029907,-0.0013733,0.047607
0.030518,-0.0021362,0.05127
0.028839,-0.0033569,0.05127
0.025482,-0.0068665,0.047607
0.02243,-0.0042725,0.050049
0.019531,-0.0042725,0.046387
0.019989,-0.0039673,0.056152
0.019989,-0.0048828,0.045166
0.021515,-0.0057983,0.05127
0.021667,-0.0068665,0.037842
0.020447,-0.0071716,0.031738
0.018768,-0.0067139,0.039063
0.017242,-0.0041199,0.037842
0.018768,-0.0013733,0.03418
0.02243,0.00091553,0.040283
0.025787,0.002594,0.039063
0.028839,0.0022888,0.040283
0.030365,0.0016785,0.037842
0.029297,0.0012207,0.043945
0.028076,0.0018311,0.040283
0.027771,0.0028992,0.043945
0.028534,0.0036621,0.047607
0.029907,0.0028992,0.047607
0.030975,0.00076294,0.061035
0.030518,-0.0022888,0.053711
0.029297,-0.0047302,0.058594
0.026703,-0.0054932,0.056152
0.024872,-0.0045776,0.053711
0.024567,-0.0036621,0.059814
0.024567,-0.0028992,0.059814
0.028839,-0.0038147,0.057373
0.028992,-0.0062561,0.061035
0.029449,-0.0076294,0.061035
0.028534,-0.0082397,0.062256
0.025635,-0.0056458,0.058594
0.02533,-0.0015259,0.058594
0.026245,0.00045776,0.061035
0.027618,0.0016785,0.062256
0.028839,0.0013733,0.068359
0.028229,0.00061035,0.068359
0.026398,0.00091553,0.064697
0.02594,0.0027466,0.068359
0.025177,0.0053406,0.074463
0.028229,0.0074768,0.063477
0.031891,0.007782,0.068359
0.035706,0.0059509,0.056152
0.036163,0.0035095,0.043945
0.0354,0.002594,0.05127
0.032043,0.0028992,0.053711
0.030212,0.0024414,0.043945
0.029144,0.0074768,0.048828
0.028076,0.0085449,0.042725
0.027618,0.0074768,0.047607
0.027313,0.0053406,0.043945
0.02594,0.0035095,0.045166
0.023651,0.0027466,0.041504
0.022278,0.0024414,0.045166
0.022736,0.0039673,0.041504
0.023346,0.004425,0.041504
0.024109,0.0045776,0.047607
0.025482,0.0028992,0.040283
0.02533,0.00030518,0.039063
0.023499,0.00045776,0.039063
0.020752,-0.00015259,0.026855
0.018463,0.0036621,0.036621
0.017853,0.0065613,0.037842
0.018158,0.0082397,0.041504
0.018158,0.0076294,0.040283
0.018463,0.0053406,0.040283
0.018158,0.002594,0.045166
0.017548,0.0016785,0.047607
0.016937,0.0027466,0.053711
0.016632,0.0047302,0.042725
0.018158,0.0048828,0.053711
0.020599,0.0038147,0.056152
0.022888,0.0012207,0.061035
0.023651,-0.00091553,0.058594
0.022278,-0.0015259,0.061035
0.019836,-0.00045776,0.065918
0.019684,0.0015259,0.065918
0.019379,0.0013733,0.070801
0.021667,0.0022888,0.059814
0.023499,0.00030518,0.050049
0.025024,-0.0016785,0.061035
0.026398,-0.0024414,0.058594
0.024872,0.00015259,0.063477
0.024414,0,0.065918
0.024261,0.0015259,0.064697
0.025177,0.0024414,0.067139
0.027313,0.0013733,0.062256
0.027618,-0.0013733,0.065918
0.026093,-0.0022888,0.056152
0.019684,-0.0022888,0.061035
0.022736,-0.00091553,0.058594
0.02121,0.0021362,0.05249
0.020752,0.0022888,0.053711
0.025024,0.004425,0.05127
0.025177,0.002594,0.05249
0.025635,0.00045776,0.047607
0.02533,0,0.048828
0.024414,0.0010681,0.047607
0.023956,0.0033569,0.045166
0.022736,0.0047302,3.501
0.022583,0.005188,4.8254
0.023499,0.0028992,4.9023
0.023804,0,4.8999
0.023651,-0.0010681,4.9048
0.02243,-0.00015259,4.9109
0.020905,0.0027466,4.906
0.021057,0.0053406,4.8962
0.021515,0.0062561,4.9146
0.023193,0.0053406,4.9121
0.023651,0.0028992,4.9084
0.022278,-0.00015259,4.9109
0.018921,0.00091553,4.9243
0.016022,-0.0013733,4.9048
0.01297,0.00076294,4.9194
0.011902,0.0016785,4.9158
0.011444,0.0024414,4.8987
0.01236,0.00061035,4.9182
0.013123,-0.0010681,4.9207
0.01358,-0.0013733,4.9194
0.01358,-0.00045776,4.9255
0.013885,0.0016785,4.9231
0.014343,0.0027466,4.9316
0.01709,0.0035095,4.9329
0.017548,0.0013733,4.9316
0.016785,-0.0018311,4.9292
0.016937,-0.0033569,4.9353
0.015411,-0.0024414,4.9304
0.014801,-0.00045776,4.9329
0.014496,0.002594,4.9377
0.016479,0.004425,4.9341
0.020752,0.0053406,4.9341
0.021973,0.0039673,4.9377
0.023651,0.0024414,4.9463
0.023499,0.0019836,4.9341
0.026093,0.002594,4.9341
0.02243,0.0042725,4.9353
0.021515,0.0054932,4.9292
0.021515,0.0028992,4.928
0.02243,0.0036621,4.9292
0.022583,0.0019836,4.9243
0.022583,0.00076294,4.9243
0.021362,-0.0019836,4.9194
0.019073,0.0018311,4.9194
0.018768,0.0027466,4.9194
0.019684,0.0022888,4.9207
0.021362,0.0033569,4.9194
0.023499,0.00061035,4.917
0.024261,-0.0021362,4.9231
0.023041,-0.007019,4.9158
0.021515,-0.0027466,4.9158
0.019989,0,4.9109
0.019379,0.0013733,4.8987
0.020142,0.0010681,4.9109
0.020142,0.00091553,4.9097
0.020905,-0.0021362,4.9097
0.019989,-0.0045776,4.9097
0.018463,-0.0028992,4.9084
0.018311,-0.0018311,4.9084
0.018616,-0.00061035,4.9072
0.019836,0.00091553,4.9133
0.020905,0.00015259,4.9097
0.022278,-0.0041199,4.9158
0.02243,-0.0056458,4.9146
0.02121,-0.0054932,4.9194
0.019379,-0.0048828,4.9207
0.017548,-0.00091553,4.9231
0.016785,0.0018311,4.9219
0.016785,0.0013733,4.9255
0.018005,0.00045776,4.9329
0.018921,-0.0016785,4.9329
0.018311,-0.0035095,4.9207
0.018005,-0.0013733,4.9304
0.018768,0.0012207,4.9329
0.018921,0.002594,4.9329
0.0177,0.0050354,4.9304
0.022125,0.0016785,4.9292
0.022125,-0.00091553,4.9341
0.022583,-0.0022888,4.9316
0.021057,-0.0038147,4.9365
0.020599,0.00076294,4.9353
0.019531,0.0036621,4.9377
0.019379,0.0053406,4.9304
0.020447,0.0057983,4.9365
0.021667,0.005188,4.9475
0.021667,0.0036621,4.9329
0.020752,0.0030518,4.9304
0.018616,0.0045776,4.9292
0.016937,0.0054932,4.9084
0.016174,0.005188,4.9231
0.012054,0.0048828,4.9231
0.016479,0.0018311,4.9207
0.015869,-0.00061035,4.9182
0.015717,-0.0033569,4.9158
0.013275,-0.0053406,4.9158
0.011444,-0.0041199,4.9133
0.011292,-0.0030518,4.9133
0.011902,-0.0015259,4.9097
0.014648,-0.00045776,4.9158
0.016785,-0.0010681,4.9133
0.019073,-0.0021362,4.9146
0.019531,-0.0027466,4.9109
0.018158,-0.0012207,4.9121
0.018768,0.00015259,4.9097
0.019684,0.0018311,4.9109
0.020752,0.0038147,4.9048
0.022888,0.0033569,4.9097
0.023041,0.0035095,4.906
0.023041,0.0027466,4.9109
0.022583,0.0039673,0.041504
0.02182,0.0059509,0.041504
0.02243,0.0067139,0.046387
0.022736,0.0067139,0.048828
0.02533,0.0036621,0.05127
0.026855,0.0021362,0.050049
0.028229,-0.00045776,0.056152
0.027466,-0.0012207,0.056152
0.026093,-0.00045776,0.062256
0.023651,0.0024414,0.061035
0.022583,0.0047302,0.061035
0.023346,0.0062561,0.067139
0.024261,0.0047302,0.064697
0.022583,0.002594,0.073242
0.02182,0.00015259,0.058594
0.018463,0,0.050049
0.016479,0.00015259,0.062256
0.015259,0.00076294,0.063477
0.013885,0.00015259,0.061035
0.013885,-0.0018311,0.065918
0.01297,-0.0048828,0.063477
0.012207,-0.0079346,0.062256
0.0085449,-0.0076294,0.065918
0.0085449,-0.0054932,0.064697
0.0079346,-0.0016785,0.056152
0.0073242,0.00015259,0.062256
0.0079346,0.0024414,0.059814
0.0094604,0.00091553,0.056152
0.011444,-0.0015259,0.056152
0.012817,-0.0032043,0.053711
0.01297,-0.0032043,0.050049
0.014343,-0.0012207,0.05127
0.016327,0,0.046387
0.017548,-0.00015259,0.047607
0.020142,-0.0018311,0.043945
0.020752,-0.0045776,0.037842
0.02243,-0.0073242,0.042725
0.021515,-0.0076294,0.040283
0.021667,-0.0067139,0.039063
0.020599,-0.0050354,0.036621
0.019836,-0.0039673,0.041504
0.019989,-0.0050354,0.039063
0.019531,-0.0056458,0.040283
0.020599,-0.0059509,0.037842
0.020447,-0.0041199,0.043945
0.020599,-0.0019836,0.037842
0.02121,0.0019836,0.040283
0.02182,0.0050354,0.053711
0.022125,0.007019,0.03418
0.020447,0.0061035,0.05249
0.021057,0.0042725,0.048828
0.021667,0.002594,0.031738
0.021973,0.0016785,0.047607
0.021973,0.002594,0.053711
0.02121,0.0030518,0.054932
0.022125,0.0030518,0.057373
0.02121,0.0015259,0.056152
0.020752,-0.00015259,0.058594
0.02121,-0.0021362,0.05127
0.022888,-0.0013733,0.058594
0.021973,-0.0016785,0.058594
0.02243,0.00061035,0.064697
0.023041,0.0033569,0.061035
0.023804,0.0015259,0.063477
0.024414,-0.00030518,0.073242
0.024414,-0.0027466,0.062256
0.024872,-0.0035095,0.063477
0.024261,-0.0042725,0.067139
0.024261,-0.0027466,0.076904
0.022736,-0.0012207,0.065918
0.021515,-0.00091553,0.057373
0.020294,-0.0022888,0.067139
0.019836,-0.005188,0.059814
0.018768,-0.0071716,0.05249
0.015717,-0.0085449,0.057373
0.018768,-0.0088501,0.05127
0.017395,-0.0080872,0.050049
0.021973,-0.0071716,0.05127
0.017853,-0.0068665,0.050049
0.017853,-0.0062561,0.047607
0.019226,-0.0056458,0.047607
0.019989,-0.0039673,0.047607
0.02121,-0.0018311,0.042725
0.021667,-0.00030518,0.053711
0.023651,0.0018311,0.043945
0.023499,0.0022888,0.05127
0.024109,0.0013733,0.039063
0.025635,-0.00030518,0.028076
0.027008,-0.0010681,0.037842
0.028839,-0.0024414,0.040283
0.029755,-0.00030518,0.036621
0.029907,0.00061035,0.040283
0.029449,-0.00030518,0.0354
0.029602,0,0.042725
0.029907,-0.0013733,0.040283
0.030212,-0.0019836,0.039063
0.028534,-0.0050354,0.040283
0.027771,-0.0010681,0.043945
0.026093,-0.00015259,0.047607
0.023956,-0.0021362,0.05127
0.022583,-0.0021362,0.05127
0.021362,-0.0041199,0.05249
0.020294,-0.0062561,0.053711
0.020905,-0.0080872,0.056152
0.021667,-0.005188,0.067139
0.02121,-0.0033569,0.057373
0.020599,-0.0019836,0.047607
0.021667,-0.0012207,0.058594
0.022278,-0.0016785,0.061035
0.023651,-0.0018311,0.059814
0.025482,-0.0015259,0.057373
0.02655,-0.0012207,0.057373
0.027161,-0.00045776,0.065918
0.02594,0.00076294,0.059814
0.024261,0,0.057373
0.025787,-0.0015259,0.063477
0.026245,-0.00091553,0.067139
0.026245,-0.00045776,0.072021
0.026093,0.0016785,4.6252
0.025787,0.0033569,4.9255
0.025482,0.0048828,4.928
0.026245,0.0067139,4.9243
0.025635,0.0059509,4.928
0.027771,0.0061035,4.9084
0.028229,0.0057983,4.9194
0.028534,0.0064087,4.9182
0.028229,0.0056458,4.9194
0.027618,0.0059509,4.9158
0.026245,0.005188,4.9097
0.024872,0.0022888,4.9158
0.023346,0.0038147,4.9146
0.022125,0.0036621,4.9133
0.020905,0.005188,4.9048
0.018768,0.0061035,4.9146
0.020599,0.007019,4.9121
0.019531,0.0065613,4.9133
0.014801,0.0062561,4.9097
0.019531,0.0035095,4.9194
0.019684,0.0018311,4.9097
0.020142,-0.00015259,4.9109
0.019379,-0.0010681,4.917
0.02243,-0.0019836,4.9048
0.018311,-0.0012207,4.8962
0.017548,-0.00091553,4.9133
0.018005,0.00061035,4.9084
0.017242,0.00076294,4.9109
0.017242,0.0021362,4.9158
0.017548,0.0021362,4.9158
0.018768,0.0018311,4.9182
0.019379,0.0022888,4.917
0.020752,0.0015259,4.9304
0.020905,-0.00045776,4.9231
0.02182,-0.0015259,4.9292
0.022736,-0.0018311,4.9316
0.023651,-0.0022888,4.9316
0.024567,-0.0016785,4.9438
0.024261,-0.0021362,4.9329
0.02533,-0.00076294,4.9304
0.025024,0.00091553,4.9316
0.024872,-0.00030518,4.9316
0.024109,-0.00030518,4.9316
0.025024,-0.00030518,4.9304
0.025482,-0.00061035,4.9316
0.025482,-0.0015259,4.9329
0.026398,0.00045776,4.9353
0.026703,0.00015259,4.9377
0.027618,-0.00030518,4.9304
0.027466,0,4.9329
0.028076,0.00030518,4.9304
0.028534,0.00061035,4.9316
0.028687,0.0015259,4.928
0.029144,0.0028992,4.9329
0.028687,0.0039673,4.9194
0.026245,0.0041199,4.9292
0.02655,0.0045776,4.9353
0.025482,0.004425,4.9194
0.025177,0.0045776,4.928
0.02533,0.0056458,4.917
0.02594,0.0059509,4.9036
0.025787,0.0064087,4.9121
0.025482,0.0061035,4.9182
0.02533,0.005188,4.9133
0.024567,0.0056458,4.9084
0.024261,0.0057983,4.906
0.022736,0.0056458,4.8999
0.021515,0.005188,4.9084
0.019836,0.0030518,4.9084
0.018311,0.0019836,4.9072
0.016479,0.00015259,4.9146
0.015717,0.00030518,4.9109
0.015717,0,4.9133
0.016174,0.00015259,4.9194
0.016632,0.00030518,4.917
0.017395,-0.00076294,4.9109
0.01709,0.0016785,4.9158
0.016479,0.0018311,4.9109
0.015106,0.0027466,4.9194
0.015106,0.0039673,4.9036
0.016174,0.0054932,4.9292
0.01709,0.005188,4.9316
0.018158,0.004425,4.928
0.019531,0.0027466,4.9316
0.019379,0.0018311,4.9329
0.019531,0.0027466,4.9341
0.019989,0.0015259,4.9255
0.018158,0.0010681,4.9341
0.02182,0.0038147,4.928
0.02182,0.0047302,4.9341
0.021667,0.0048828,4.9304
0.02121,0.0048828,4.9158
0.020142,0.0053406,4.9414
0.019836,0.0068665,4.9377
0.020142,0.007782,4.9451
0.021667,0.0082397,4.939
0.02243,0.0074768,4.9231
0.02182,0.0061035,4.9353
0.020447,0.0048828,4.9304
0.019073,0.0041199,4.9292
0.018158,0.0032043,4.9316
0.016327,0.0033569,4.928
0.017242,0.0022888,4.9231
0.0177,0.0019836,4.9207
0.018921,0.00045776,4.9219
0.018768,0.00015259,4.9158
0.018311,-0.0012207,4.9194
0.017548,-0.00076294,4.9194
0.017242,-0.0012207,0.046387
0.018921,0.00015259,0.046387
0.018768,0.0010681,0.045166
0.020142,0.0039673,0.041504
0.020447,0.0015259,0.042725
0.019531,0.0027466,0.032959
0.018005,0.0027466,0.041504
0.016937,0.0033569,0.032959
0.016785,0.0032043,0.040283
0.01709,0.0022888,0.037842
0.018768,0.0028992,0.037842
0.019531,0.0018311,0.041504
0.019226,0.00061035,0.039063
0.019989,0.00015259,0.041504
0.019379,-0.00045776,0.037842
0.017853,-0.00061035,0.047607
0.018616,0.00015259,0.047607
0.018768,0,0.05127
0.0177,-0.00030518,0.045166
0.016785,-0.00091553,0.05249
0.016327,-0.0016785,0.05127
0.015259,-0.0018311,0.056152
0.013885,-0.0019836,0.067139
0.014038,-0.0016785,0.061035
0.014496,-0.0012207,0.046387
0.015106,-0.00061035,0.061035
0.016174,0.00045776,0.061035
0.016174,0.00091553,0.062256
0.017853,0.0024414,0.061035
0.020294,0.0041199,0.058594
0.022278,0.0068665,0.062256
0.025024,0.0086975,0.062256
0.027008,0.0079346,0.065918
0.03067,0.011292,0.064697
0.028076,0.010376,0.068359
0.026703,0.0080872,0.065918
0.024872,0.0061035,0.067139
0.023956,0.0057983,0.078125
0.02182,0.0030518,0.062256
0.019684,0.0013733,0.054932
0.016327,-0.0036621,0.057373
0.013275,-0.0035095,0.039063
0.010223,-0.0064087,0.05127
0.0076294,-0.0079346,0.048828
0.0057983,-0.0086975,0.047607
0.0074768,-0.0088501,0.046387
0.0086975,-0.0079346,0.046387
0.010376,-0.0076294,0.046387
0.011139,-0.0061035,0.042725
0.013885,-0.0041199,0.045166
0.016022,-0.0041199,0.039063
0.018311,0.0010681,0.040283
0.021973,-0.00015259,0.036621
0.021667,0.0018311,0.041504
0.022583,0.0035095,0.037842
0.02243,0.0045776,0.042725
0.022583,0.0036621,0.05127
0.023956,0.0036621,0.039063
0.024109,0.0030518,0.053711
0.024719,0.0021362,0.040283
0.02533,0.0021362,0.029297
0.026398,0.0016785,0.040283
0.027161,0.0012207,0.041504
0.028381,0.00045776,0.042725
0.028381,0.0012207,0.047607
0.028381,0.00091553,0.046387
0.027466,0.00061035,0.05249
0.02594,0.0013733,0.05127
0.024261,0.0016785,0.059814
0.023041,0.0019836,0.05249
0.024567,0.0013733,0.059814
0.020294,0.0012207,0.063477
0.018463,0.00091553,0.063477
0.01709,0.00091553,0.068359
0.012817,0.00015259,0.062256
0.013275,-0.0012207,0.061035
0.012054,-0.0027466,0.063477
0.011292,-0.0062561,0.067139
0.010223,-0.0047302,0.062256
0.0094604,-0.0033569,0.065918
0.0086975,-0.0022888,0.062256
0.0090027,-0.0013733,0.065918
0.009613,-0.00076294,0.065918
0.011139,-0.00045776,0.064697
0.012512,-0.0039673,0.05249
0.012512,0.00091553,0.064697
0.014343,0.0030518,0.059814
0.015259,0.0038147,0.058594
0.017395,0.0022888,0.057373
0.018616,-0.00045776,0.058594
0.019836,-0.0035095,0.050049
0.020752,-0.0057983,0.05127
0.02243,-0.0068665,0.063477
0.02182,-0.0071716,0.046387
0.022583,-0.0067139,0.047607
0.021973,-0.0071716,0.046387
0.021515,-0.0061035,0.031738
0.020294,-0.0085449,0.041504
0.019836,-0.0091553,0.039063
0.019379,-0.009613,0.040283
0.020294,-0.0082397,0.037842
0.021973,-0.0071716,0.036621
0.023346,-0.0054932,0.040283
0.024261,-0.0062561,0.036621
0.024261,-0.00030518,0.040283
0.024414,0.0019836,0.031738
0.023804,0.0039673,0.037842
0.022736,0.0056458,0.040283
0.023804,0.0056458,0.042725
0.023041,0.0054932,0.045166
0.021973,0.0042725,0.041504
0.020752,0.0027466,0.042725
0.021057,0.00030518,0.048828
0.02121,-0.0027466,0.05249
0.021515,-0.0019836,0.047607
0.02243,-0.0080872,0.050049
0.022583,-0.0090027,0.056152
0.023346,-0.0086975,0.058594
0.022125,-0.005188,4.1858
0.021057,-0.0048828,4.8804
0.020599,-0.0039673,4.9121
0.02121,-0.0012207,4.9341
0.021057,0.00045776,4.9304
0.021667,0.00091553,4.9341
0.021057,0.00030518,4.9292
0.020905,-0.00076294,4.9316
0.019379,-0.0027466,4.9255
0.019073,-0.0042725,4.9316
0.019531,-0.0050354,4.9414
0.020599,-0.0061035,4.9365
0.020142,-0.0071716,4.9377
0.019684,-0.0085449,4.9219
0.017548,-0.0099182,4.9255
0.015869,-0.010223,4.9329
0.013733,-0.010986,4.928
0.012665,-0.010834,4.9268
0.013123,-0.010681,4.9268
0.014496,-0.010376,4.9231
0.016174,-0.0099182,4.9194
0.017242,-0.0091553,4.917
0.017853,-0.0074768,4.9207
0.018311,-0.0076294,4.9133
0.018768,-0.0067139,4.9182
0.020447,-0.0057983,4.9158
0.022888,-0.0054932,4.9182
0.022888,-0.0042725,4.9109
0.023804,-0.0035095,4.9146
0.025482,-0.0021362,4.9158
0.025635,-0.0010681,4.9109
0.02655,-0.00015259,4.917
0.027924,0.00076294,4.9084
0.028839,0.0018311,4.8975
0.029602,0.0013733,4.9084
0.030518,0.0018311,4.9097
0.03067,0.0012207,4.9146
0.028839,0.00091553,4.9121
0.027313,-0.00030518,4.906
0.025787,-0.0010681,4.9109
0.024567,-0.0027466,4.9048
0.023041,-0.0032043,4.9182
0.02243,-0.002594,4.917
0.022736,-0.0019836,4.9194
0.022125,-0.0010681,4.9194
0.022125,-0.00091553,4.9243
0.022278,-0.00091553,4.9402
0.02182,-0.00030518,4.9268
0.023956,-0.00030518,4.9292
0.023041,-0.00045776,4.9329
0.024719,-0.00030518,4.9255
0.025635,-0.00076294,4.9219
0.026398,-0.00061035,4.9329
0.025787,-0.0015259,4.9316
0.025024,-0.0010681,4.928
0.024567,-0.00091553,4.9255
0.023804,0.00061035,4.9365
0.024109,0.0022888,4.9365
0.02533,0.005188,4.9365
0.027008,0.0045776,4.9304
0.027924,0.004425,4.939
0.028381,0.0045776,4.9304
0.028534,0.0057983,4.9341
0.028992,0.0061035,4.9377
0.030975,0.007019,4.9316
0.029144,0.0071716,4.9353
0.029144,0.007019,4.9072
0.027313,0.0061035,4.9353
0.027771,0.0057983,4.9231
0.02655,0.0061035,4.9109
0.02594,0.0068665,4.9207
0.024567,0.0068665,4.9158
0.024261,0.0080872,4.9207
0.025482,0.0080872,4.917
0.025635,0.0073242,4.9109
0.026703,0.0059509,4.9158
0.026855,0.0054932,4.9084
0.02594,0.0059509,4.8914
0.024567,0.0056458,4.9109
0.023193,0.0064087,4.9146
0.022125,0.0068665,4.9121
0.021667,0.007019,4.9133
0.021362,0.0074768,4.9182
0.020599,0.0074768,4.9109
0.020447,0.0068665,4.9146
0.019073,0.0057983,4.9097
0.020905,0.0059509,4.9048
0.02182,0.0054932,4.9146
0.022888,0.0053406,4.9146
0.026398,0.004425,4.9146
0.023651,0.0035095,4.9158
0.022278,0.0019836,4.9194
0.02121,0.0030518,4.9194
0.019684,-0.00076294,4.9207
0.019531,-0.0010681,4.9304
0.019989,-0.0012207,4.928
0.020752,-0.00045776,4.9292
0.022736,-0.00015259,4.9304
0.023193,0,4.9341
0.023193,0.00015259,4.9304
0.023956,0.0010681,4.9353
0.024719,0.0022888,4.9329
0.02655,0.0047302,4.9329
0.027771,0.0057983,4.9414
0.028076,0.0062561,4.9426
0.028381,0.005188,4.9219
0.027313,0.0039673,4.9316
0.027161,0.0035095,4.9353
0.026398,0.0042725,0.067139
0.027313,0.0064087,0.065918
0.027161,0.0073242,0.063477
0.02655,0.0065613,0.061035
0.025787,0.0071716,0.059814
0.024567,0.0064087,0.058594
0.025177,0.0057983,0.05249
0.023651,0.0057983,0.056152
0.023651,0.0074768,0.050049
0.023651,0.0079346,0.050049
0.022583,0.0076294,0.061035
0.02182,0.0067139,0.048828
0.019379,0.0054932,0.047607
0.018768,0.004425,0.047607
0.016937,0.00076294,0.028076
0.016785,0.0041199,0.037842
0.01709,0.0042725,0.042725
0.016785,0.0036621,0.042725
0.014496,0.0032043,0.040283
0.01709,0.0016785,0.036621
0.017395,0.0012207,0.040283
0.018463,0.0032043,0.037842
0.017853,0.0033569,0.040283
0.0177,0.0045776,0.037842
0.018463,0.0048828,0.042725
0.018463,0.0076294,0.039063
0.018463,0.0039673,0.042725
0.017242,0.0030518,0.042725
0.018768,0.002594,0.040283
0.01709,0.0013733,0.043945
0.016479,0.0038147,0.048828
0.016937,0.0036621,0.057373
0.017242,0.0027466,0.05249
0.016937,-0.0021362,0.047607
0.01709,0.0010681,0.057373
0.017395,0.00061035,0.058594
0.016479,0.0012207,0.058594
0.020142,0.0024414,0.058594
0.021057,0.0036621,0.059814
0.02182,0.0047302,0.065918
0.021667,0.0056458,0.058594
0.020294,0.0035095,0.065918
0.019836,0.0022888,0.058594
0.019531,0.0048828,0.064697
0.016022,0.00030518,0.062256
0.018768,0.0015259,0.068359
0.019379,0.0027466,0.075684
0.018921,0.0041199,0.067139
0.018158,0.0028992,0.067139
0.017853,0.0033569,0.062256
0.017548,0.0015259,0.053711
0.018768,0.00015259,0.061035
0.018463,0.00015259,0.057373
0.018768,0.00076294,0.054932
0.018158,0.0013733,0.057373
0.018768,0.00091553,0.05127
0.016327,-0.00091553,0.050049
0.016174,-0.0024414,0.046387
0.016785,-0.0047302,0.05249
0.016785,-0.0030518,0.041504
0.018768,-0.0018311,0.046387
0.019684,-0.00061035,0.046387
0.019836,-0.004425,0.046387
0.019073,-0.0018311,0.040283
0.019073,-0.0028992,0.042725
0.018463,-0.0039673,0.05127
0.019073,-0.005188,0.039063
0.019226,-0.0022888,0.050049
0.019379,-0.0012207,0.039063
0.017853,-0.0010681,0.032959
0.016632,-0.0013733,0.040283
0.015259,-0.0019836,0.039063
0.014191,-0.0032043,0.039063
0.015106,-0.0030518,0.041504
0.014496,-0.0028992,0.037842
0.015411,-0.002594,0.042725
0.016632,-0.0013733,0.042725
0.017242,-0.0018311,0.046387
0.014954,-0.0010681,0.045166
0.016937,-0.0019836,0.053711
0.017395,-0.00091553,0.053711
0.017853,-0.0022888,0.056152
0.018768,-0.0016785,0.073242
0.019379,-0.0010681,0.058594
0.018768,-0.00045776,0.059814
0.018311,-0.0012207,0.062256
0.017548,-0.0021362,0.056152
0.016785,-0.0033569,0.059814
0.01709,-0.0039673,0.056152
0.016785,-0.0035095,0.061035
0.0177,-0.0032043,0.061035
0.018158,-0.0021362,0.058594
0.018311,-0.0021362,0.061035
0.016937,-0.0027466,0.062256
0.017853,-0.0036621,0.065918
0.017242,-0.0053406,0.063477
0.017548,-0.0061035,0.067139
0.019379,-0.0056458,0.063477
0.018616,-0.004425,0.062256
0.018463,-0.0021362,0.063477
0.019073,-0.0030518,0.059814
0.018768,-0.00061035,0.063477
0.019684,-0.0016785,0.054932
0.020752,-0.0012207,0.062256
0.02243,0.00091553,0.048828
0.023651,0.0015259,0.040283
0.023804,0.0016785,0.043945
0.022583,0.00076294,0.048828
0.021362,-0.00015259,0.041504
0.020599,-0.00061035,0.043945
0.019836,-0.0012207,0.039063
0.019989,-0.0013733,0.041504
0.019989,-0.0021362,0.037842
0.019531,-0.002594,0.039063
0.019226,-0.0030518,0.032959
0.019073,-0.0036621,0.042725
0.018616,-0.0039673,0.043945
0.019379,-0.0042725,2.4695
0.019684,-0.0041199,4.7632
0.021057,-0.0038147,4.8962
0.020905,-0.0022888,4.906
0.020447,-0.0013733,4.9109
0.019836,-0.00030518,4.9072
0.018616,0.00091553,4.9146
0.018311,0.00045776,4.8914
0.016632,-0.0015259,4.9158
0.019073,-0.00061035,4.9158
0.017853,-0.0018311,4.9182
0.018005,-0.0033569,4.9207
0.017853,-0.0015259,4.9194
0.018311,-0.0024414,4.9292
0.019379,-0.0019836,4.928
0.020447,-0.0022888,4.9316
0.02121,-0.0018311,4.928
0.021362,-0.00091553,4.9316
0.020447,0.00045776,4.9292
0.018616,0.0018311,4.9329
0.017395,0.002594,4.9414
0.015564,0.0022888,4.9316
0.015717,0.00061035,4.9353
0.016022,-0.0012207,4.928
0.016785,-0.0015259,4.9158
0.015259,-0.00076294,4.9316
0.015564,-0.00045776,4.9316
0.015259,0.00015259,4.9377
0.014496,0.00045776,4.9341
0.014801,-0.00091553,4.9207
0.013428,-0.0019836,4.9329
0.013885,-0.0028992,4.9255
0.01236,-0.0032043,4.9255
0.012512,-0.0024414,4.9207
0.012665,-0.0018311,4.9255
0.012512,-0.0013733,4.9231
0.013123,-0.0018311,4.9243
0.013733,-0.0028992,4.9207
0.013275,-0.0028992,4.9219
0.01709,-0.0012207,4.9023
0.017395,-0.00015259,4.9182
0.021362,0.0038147,4.9121
0.02182,0.0057983,4.9109
0.023346,0.0059509,4.9194
0.023804,0.0047302,4.9133
0.024872,0.0064087,4.9109
0.025482,0.0018311,4.9109
0.024872,0.0015259,4.9097
0.025482,0.0018311,4.9097
0.024261,0.0036621,4.9109
0.023041,0.0012207,4.895
0.021667,-0.00076294,4.9109
0.020905,-0.0030518,4.9133
0.02121,-0.0042725,4.9121
0.020599,-0.0042725,4.9133
0.020294,-0.0022888,4.9146
0.018311,0.00015259,4.9268
0.02182,0.0022888,4.9182
0.02243,0.0038147,4.9292
0.022888,0.0041199,4.9243
0.02243,0.0033569,4.9158
0.024261,0.0033569,4.9304
0.02182,0.0021362,4.9304
0.021973,0.0016785,4.928
0.02121,0.00076294,4.9268
0.020142,0,4.9292
0.019073,-0.00045776,4.9341
0.018921,-0.0013733,4.928
0.019379,-0.0022888,4.9329
0.020142,-0.0012207,4.9316
0.020905,0.00015259,4.9329
0.020447,0.0016785,4.9304
0.02121,0.0024414,4.9377
0.02121,0.002594,4.9426
0.020752,0.0016785,4.9402
0.023499,-0.00030518,4.9377
0.022278,-0.00076294,4.9341
0.023956,-0.0016785,4.9402
0.024872,-0.00061035,4.9182
0.025177,-0.00091553,4.9158
0.023804,-0.00091553,4.9219
0.023346,-0.0012207,4.9243
0.024261,-0.0012207,4.9316
0.027313,-0.0016785,4.9219
0.025635,0.00045776,4.9158
0.026093,0.002594,4.9207
0.025482,0.0015259,4.9146
0.024414,0.0027466,4.9182
0.023346,0.0012207,4.917
0.023804,-0.0012207,4.917
0.024109,-0.0061035,4.9109
0.024872,-0.0035095,4.9146
0.025635,-0.0019836,4.9207
0.02594,-0.00030518,4.9036
0.025635,0,4.9194
0.02655,-0.00045776,4.9097
0.026245,-0.0013733,4.8938
0.027161,-0.00015259,4.9072
0.027771,-0.0013733,4.9121
0.028534,0.0012207,4.9097
0.030518,0.0047302,4.9109
0.026398,0.007019,4.9084
0.032043,0.0073242,4.9133
0.031586,0.0050354,4.9097
0.032349,0.0024414,4.9072
0.032196,0.0010681,4.9158
0.031891,0.0010681,4.9219
0.032501,0.0030518,4.9231
0.028687,0.0053406,0.054932
0.031738,0.0068665,0.065918
0.029602,0.0061035,0.058594
0.027313,0.0042725,0.059814
0.025482,0.0028992,0.061035
0.023956,0.0027466,0.068359
0.023804,0.0039673,0.061035
0.025024,0.0065613,0.047607
0.025024,0.0067139,0.062256
0.025635,0.0059509,0.062256
0.025635,0.0042725,0.059814
0.026703,0.0010681,0.065918
0.027008,0.0012207,0.063477
0.026703,0.002594,0.067139
0.027618,0.0045776,0.063477
0.027008,0.0091553,0.067139
0.026093,0.0080872,0.062256
0.025177,0.0065613,0.062256
0.024261,0.0050354,0.061035
0.02182,0.002594,0.059814
0.024261,0.0030518,0.065918
0.024872,0.0045776,0.05249
0.026245,0.0085449,0.058594
0.027008,0.0061035,0.048828
0.027618,0.005188,0.036621
0.027008,0.0036621,0.05127
0.027161,0.0013733,0.040283
0.025787,0.0010681,0.042725
0.026398,0.0028992,0.042725
0.024872,0.004425,0.042725
0.02594,0.0059509,0.041504
0.023193,0.0059509,0.040283
0.022888,0.0033569,0.041504
0.02243,0.00076294,0.037842
0.022278,-0.00076294,0.042725
0.025024,-0.0015259,0.041504
0.02655,-0.00030518,0.042725
0.026855,0.0021362,0.036621
0.026398,0.0019836,0.041504
0.025177,0.00076294,0.039063
0.023346,-0.0012207,0.037842
0.022583,-0.0013733,0.041504
0.02182,-0.0036621,0.040283
0.021515,-0.002594,0.037842
0.021362,-0.0021362,0.041504
0.02243,-0.0022888,0.047607
0.02182,-0.0032043,0.05127
0.022125,-0.0050354,0.056152
0.023804,-0.0064087,0.056152
0.025482,-0.0067139,0.061035
0.026703,-0.0056458,0.058594
0.026855,-0.0019836,0.058594
0.026703,0.00015259,0.061035
0.027161,0.00076294,0.065918
0.026245,-0.00030518,0.061035
0.025482,-0.0013733,0.061035
0.025635,-0.00091553,0.074463
0.025482,-0.00061035,0.062256
0.02533,0.0013733,0.065918
0.025787,0.0033569,0.06958
0.026398,0.0038147,0.047607
0.026703,0.0027466,0.065918
0.02655,0.0016785,0.064697
0.027313,0.00045776,0.064697
0.028381,0.00030518,0.065918
0.028381,0.0013733,0.058594
0.027313,0.0035095,0.062256
0.026398,0.004425,0.056152
0.023651,0.0048828,0.057373
0.021515,0.0048828,0.050049
0.019379,0.0041199,0.053711
0.019379,0.0039673,0.050049
0.018921,0.0050354,0.05249
0.018158,0.0059509,0.050049
0.016479,0.0074768,0.045166
0.018158,0.0061035,0.048828
0.016937,0.0045776,0.046387
0.016632,0.0030518,0.047607
0.016174,-0.00030518,0.040283
0.016479,0.00061035,0.05249
0.016632,0.00091553,0.024414
0.015106,0.0021362,0.037842
0.015106,0.0035095,0.037842
0.013885,0.0038147,0.042725
0.012817,0.0032043,0.037842
0.013275,0.0021362,0.039063
0.013428,0.0016785,0.0354
0.015411,0.0018311,0.041504
0.015411,0.002594,0.039063
0.015259,0.0032043,0.041504
0.013275,0.0036621,0.043945
0.012665,0.0019836,0.047607
0.01236,0.00030518,0.057373
0.013123,-0.0018311,0.048828
0.014648,-0.0018311,0.058594
0.014954,-0.00091553,0.05127
0.014801,0.00091553,0.045166
0.014496,0.002594,0.057373
0.013885,0.0022888,0.057373
0.014038,0.0015259,0.059814
0.014648,0.00091553,0.057373
0.015869,0.00015259,0.058594
0.0177,0,0.062256
0.0177,0.0022888,0.056152
0.017242,0.0033569,0.063477
0.016022,0.0028992,0.059814
0.015106,0.0015259,0.063477
0.014801,0.00076294,0.064697
0.015106,0.00045776,0.064697
0.016632,0.0010681,0.063477
0.016785,0.0027466,0.06958
0.0177,0.0042725,0.070801
0.01709,0.0056458,0.070801
0.016937,0.0048828,0.06958
0.016632,0.0033569,0.061035
0.016937,0.0022888,0.05249
0.018158,0.002594,0.056152
0.019073,0.0036621,0.053711
0.019226,0.0050354,4.2908
0.016174,0.0056458,4.8755
0.014038,0.0047302,4.9109
0.012207,0.0030518,4.9158
0.011902,0.0019836,4.9182
0.013733,0.00091553,4.9146
0.013733,0.0018311,4.9109
0.014801,0.0028992,4.9158
0.016479,0.0045776,4.9133
0.01297,0.0048828,4.9146
0.011749,0.0041199,4.9109
0.011292,0.0027466,4.9133
0.012207,0.0010681,4.9097
0.013885,-0.00015259,4.9097
0.014191,-0.00076294,4.8962
0.014343,-0.00076294,4.9097
0.012207,-0.00091553,4.9011
0.010986,-0.00091553,4.9109
0.010834,-0.00091553,4.9072
0.011292,-0.00076294,4.906
0.013428,-0.0016785,4.9109
0.016022,-0.00076294,4.9097
0.016632,0.00061035,4.917
0.017395,0.00061035,4.9146
0.016174,0.0018311,4.9231
0.016479,0.0030518,4.9243
0.0177,0.0041199,4.928
0.020447,0.0039673,4.9158
0.023041,0.0053406,4.9329
0.024719,0.0057983,4.9341
0.025024,0.0054932,4.9329
0.023956,0.0068665,4.9414
0.022278,0.0071716,4.9341
0.021515,0.0074768,4.9182
0.021973,0.0038147,4.9341
0.02182,0.004425,4.9316
0.022278,0.0028992,4.9304
0.020905,0.0018311,4.9292
0.016479,0.0010681,4.9353
0.016022,-0.00030518,4.9353
0.013733,-0.00061035,4.9341
0.012817,-0.002594,4.9365
0.013733,-0.0048828,4.9292
0.015717,-0.0053406,4.9353
0.016632,-0.0065613,4.9304
0.014038,-0.0061035,4.9316
0.015259,-0.005188,4.9316
0.014191,-0.0047302,4.9268
0.014496,-0.0036621,4.9207
0.016174,-0.0033569,4.9231
0.019379,-0.0032043,4.9231
0.023499,-0.0024414,4.9146
0.024414,0.0012207,4.9158
0.025482,0.00015259,4.9133
0.024261,0.00091553,4.917
0.025024,0.0016785,4.9146
0.027313,0.00076294,4.9109
0.029907,-0.0012207,4.9097
0.033112,-0.0019836,4.9109
0.032806,-0.0012207,4.906
0.030518,-0.0010681,4.9121
0.028534,0.00076294,4.9109
0.027008,0.00076294,4.9146
0.026398,0.00030518,4.8889
0.028839,-0.00091553,4.9109
0.029297,-0.00091553,4.9207
0.029602,-0.00091553,4.9109
0.030212,0.0012207,4.9207
0.024261,0.0027466,4.9158
0.022736,0.0041199,4.8999
0.021515,0.0050354,4.9121
0.021057,0.0048828,4.9158
0.021667,0.0028992,4.9207
0.022278,0.0022888,4.9194
0.02121,0.00091553,4.9231
0.019379,0.00061035,4.928
0.016479,-0.00045776,4.9268
0.015869,-0.0010681,4.9304
0.016327,-0.0012207,4.9304
0.017548,-0.0033569,4.9353
0.019379,-0.0013733,4.928
0.018921,-0.0016785,4.9316
0.019073,-0.00091553,4.9414
0.016022,-0.0015259,4.9316
0.014648,-0.0016785,4.9292
0.015869,-0.0021362,4.9365
0.017242,-0.0030518,4.939
0.02121,-0.0042725,4.9353
0.023956,-0.005188,4.9243
0.023956,-0.0061035,4.9353
0.024414,-0.0062561,4.9329
0.022736,-0.0053406,4.9219
0.022278,-0.004425,4.9316
0.023499,-0.0036621,4.9268
0.026398,-0.0038147,4.9255
0.027313,-0.004425,4.9011
0.027161,-0.0056458,4.9255
0.025635,-0.004425,4.9231
0.022736,-0.0048828,4.9231
0.021973,-0.0033569,4.9158
0.021515,-0.0019836,4.9219
0.023651,-0.00091553,4.9255
0.025024,-0.0012207,4.9158
0.026398,-0.0018311,4.9243
0.027161,-0.0013733,4.9133
0.023346,-0.00091553,4.9023
0.021057,0.00030518,4.9133
0.020447,0.00015259,4.9097
0.021515,-0.00091553,4.9097
0.023499,-0.0021362,0.041504
0.024109,-0.0057983,0.036621
0.022736,-0.0057983,0.039063
0.018311,-0.0086975,0.037842
0.017548,-0.0080872,0.039063
0.016022,-0.0068665,0.036621
0.017853,-0.005188,0.043945
0.02182,-0.0045776,0.042725
0.02533,-0.0039673,0.046387
0.027618,-0.0033569,0.053711
0.027161,-0.0012207,0.050049
0.027618,0.0010681,0.056152
0.027771,0.0036621,0.053711
0.029144,0.0053406,0.053711
0.031281,0.0059509,0.059814
0.03067,0.0039673,0.065918
0.032043,0.0018311,0.058594
0.027161,-0.00061035,0.061035
0.026398,-0.002594,0.062256
0.024261,-0.0028992,0.061035
0.02182,-0.0022888,0.058594
0.022583,-0.0016785,0.064697
0.023499,-0.0033569,0.058594
0.024872,-0.0053406,0.063477
0.025177,-0.0074768,0.062256
0.023041,-0.0083923,0.063477
0.019989,-0.007019,0.064697
0.016937,-0.0050354,0.068359
0.017395,-0.0036621,0.076904
0.019531,-0.0036621,0.067139
0.02121,-0.0053406,0.070801
0.022736,-0.0064087,0.061035
0.023346,-0.0068665,0.046387
0.021973,-0.0053406,0.057373
0.022278,-0.0013733,0.045166
0.023499,0.0010681,0.040283
0.026093,0.0035095,0.048828
0.029297,0.0045776,0.046387
0.031738,0.0041199,0.048828
0.031891,0.0039673,0.045166
0.028839,0.0042725,0.047607
0.028229,0.0056458,0.045166
0.026093,0.0080872,0.046387
0.025635,0.0082397,0.039063
0.026398,0.0071716,0.042725
0.028381,0.0036621,0.047607
0.028534,-0.00015259,0.040283
0.026245,-0.0024414,0.036621
0.023041,-0.0021362,0.042725
0.020905,-0.0030518,0.025635
0.019531,-0.002594,0.037842
0.020599,-0.0048828,0.03418
0.02182,-0.0045776,0.037842
0.023346,-0.0059509,0.039063
0.022583,-0.0059509,0.036621
0.021973,-0.0053406,0.041504
0.021515,-0.0030518,0.042725
0.022583,-0.0010681,0.047607
0.024261,0.0013733,0.046387
0.02594,0.0022888,0.053711
0.028229,0.0016785,0.050049
0.028687,0.0021362,0.057373
0.027313,0.0030518,0.058594
0.026245,0.0059509,0.059814
0.024567,0.010529,0.063477
0.024872,0.012512,0.062256
0.026703,0.013885,0.076904
0.028839,0.012665,0.059814
0.031128,0.0097656,0.048828
0.03067,0.0079346,0.059814
0.029297,0.007782,0.057373
0.028076,0.0085449,0.061035
0.027161,0.010681,0.065918
0.027313,0.01236,0.062256
0.027924,0.011139,0.064697
0.027618,0.0090027,0.065918
0.02655,0.0079346,0.067139
0.02533,0.0064087,0.062256
0.02182,0.0076294,0.063477
0.019379,0.0094604,0.063477
0.018921,0.010834,0.058594
0.020142,0.009613,0.059814
0.021515,0.007782,0.056152
0.023499,0.0061035,0.053711
0.022888,0.0057983,0.05127
0.02121,0.0065613,0.05127
0.019226,0.0097656,0.047607
0.0177,0.011597,0.046387
0.018463,0.015717,0.041504
0.017853,0.010834,0.045166
0.017242,0.0091553,0.040283
0.016479,0.0074768,0.040283
0.012665,0.0067139,0.037842
0.012665,0.0065613,0.041504
0.011902,0.0080872,0.039063
0.013123,0.007782,0.040283
0.016174,0.0056458,0.042725
0.019379,0.0022888,0.039063
0.020599,0.00015259,0.037842
0.019989,-0.00091553,0.042725
0.019836,0.00030518,0.05249
0.018005,0.0024414,0.042725
0.019073,0.0036621,0.053711
0.020447,0.0047302,0.041504
0.022888,0.0024414,0.029297
0.024567,0.00061035,0.045166
0.023804,0.00076294,0.047607
0.022888,0.00076294,0.050049
0.020905,0.0048828,0.05249
0.020752,0.007782,0.05249
0.02243,0.0086975,0.059814
0.023499,0.0082397,0.059814
0.024261,0.0056458,0.061035
0.023651,0.0032043,0.057373
0.021515,0.0022888,0.064697
0.019531,0.0047302,0.062256
0.018616,0.0062561,0.063477
0.018616,0.010681,4.0417
0.022125,0.0074768,4.8718
0.021667,0.0039673,4.9268
0.022125,0.0013733,4.9341
0.021973,0.0010681,4.9451
0.01709,0.0021362,4.9341
0.019379,0.0045776,4.9194
0.018768,0.0064087,4.9353
0.020599,0.0050354,4.9329
0.021057,0.0039673,4.9304
0.021667,0.0010681,4.9341
0.021362,-0.00076294,4.9255
0.021057,-0.00045776,4.9255
0.018921,0.002594,4.9231
0.018921,0.005188,4.9268
0.019836,0.0068665,4.9194
0.021667,0.0050354,4.9207
0.022736,0.0022888,4.9158
0.021515,0.00030518,4.9231
0.019989,0.0024414,4.9243
0.0177,0.0010681,4.9194
0.015106,0.0028992,4.9182
0.01358,0.0038147,4.9109
0.014343,0.0016785,4.8999
0.014496,0.00015259,4.9121
0.014801,-0.0027466,4.9097
0.014648,-0.0041199,4.9084
0.013885,-0.0042725,4.9097
0.012512,-0.0027466,4.9097
0.01236,-0.00091553,4.8975
0.013733,-0.00030518,4.9048
0.017242,-0.00015259,4.9109
0.019531,-0.0013733,4.9084
0.021057,-0.0033569,4.9121
0.021057,-0.0019836,4.9133
0.020447,-0.0022888,4.9182
0.020599,0.00045776,4.9084
0.021057,0.0019836,4.9194
0.024567,0.0021362,4.9194
0.025024,-0.00030518,4.9231
0.024872,-0.002594,4.9329
0.024261,-0.0039673,4.9329
0.02243,-0.0030518,4.9109
0.021057,0.00015259,4.9268
0.02121,0.002594,4.9316
0.019073,0.0041199,4.9304
0.023956,0.0018311,4.928
0.023956,-0.00076294,4.9316
0.024414,-0.002594,4.9329
0.02243,0,4.9304
0.02121,-0.0010681,4.9341
0.018768,-0.00045776,4.9316
0.018311,-0.0013733,4.9243
0.018005,-0.0035095,4.9365
0.018463,-0.0057983,4.9353
0.019073,-0.0073242,4.9475
0.018158,-0.0074768,4.939
0.017395,-0.0056458,4.9316
0.016785,-0.0036621,4.9329
0.016785,-0.0022888,4.9109
0.018768,-0.0024414,4.9255
0.020752,-0.0028992,4.9231
0.022583,-0.004425,4.9231
0.022583,-0.0053406,4.9194
0.022583,-0.0050354,4.9158
0.020142,-0.0027466,4.9292
0.018921,-0.00091553,4.9146
0.019226,0.0010681,4.9158
0.020294,0.00015259,4.9133
0.021515,-0.0010681,4.9146
0.021057,-0.0010681,4.9109
0.020447,-0.002594,4.9182
0.019073,-0.00076294,4.9097
0.018921,0.0013733,4.9121
0.018768,0.0016785,4.9158
0.019531,0.00030518,4.9146
0.02121,-0.0010681,4.9011
0.020447,-0.0035095,4.9097
0.020599,-0.0039673,4.8987
0.018921,-0.0036621,4.9084
0.016479,-0.0024414,4.906
0.014496,-0.00076294,4.9048
0.014648,0.00030518,4.9133
0.015869,0,4.9121
0.015869,-0.0016785,4.9158
0.015411,-0.0027466,4.9146
0.015564,-0.0032043,4.9207
0.014496,-0.0033569,4.9231
0.014648,-0.0018311,4.9255
0.015411,-0.0013733,4.9231
0.015564,-0.0022888,4.9292
0.017853,-0.0041199,4.939
0.019073,-0.0065613,4.9304
0.018921,-0.0079346,4.939
0.018768,-0.0061035,4.9341
0.01709,-0.0038147,4.9268
0.016479,-0.00015259,4.9304
0.017548,0.0012207,4.928
0.018921,0.0018311,4.9316
0.019379,0.0010681,4.9304
0.020905,-0.00015259,4.9243
0.019989,-0.00076294,4.9365
0.022278,0.00045776,4.9353
0.023041,0.0012207,4.9365
0.02243,0.0039673,4.9341
0.023041,0.0036621,4.9377
0.023193,0.0019836,4.9207
0.023499,-0.00030518,4.9353
0.022736,-0.0018311,4.928
0.02121,-0.00030518,0.056152
0.02243,0.0016785,0.062256
0.022583,0.0047302,0.056152
0.024261,0.005188,0.059814
0.025177,0.0036621,0.050049
0.025787,0.00091553,0.05249
0.026093,-0.0018311,0.041504
0.024261,-0.0024414,0.047607
0.021973,-0.0013733,0.041504
0.018463,0.00076294,0.041504
0.014954,0.0012207,0.037842
0.013123,0,0.042725
0.010376,-0.0030518,0.039063
0.0090027,-0.0065613,0.039063
0.007782,-0.0094604,0.0354
0.0079346,-0.0094604,0.041504
0.007782,-0.007782,0.039063
0.0090027,-0.0054932,0.040283
0.011139,-0.0038147,0.056152
0.013428,-0.0038147,0.039063
0.016327,-0.0030518,0.047607
0.019531,-0.0016785,0.043945
0.020294,0.0010681,0.026855
0.02243,0.005188,0.045166
0.021973,0.0083923,0.050049
0.022278,0.009613,0.048828
0.023041,0.0088501,0.056152
0.022736,0.0064087,0.056152
0.023651,0.0033569,0.058594
0.023804,0.0013733,0.059814
0.023346,0.00076294,0.063477
0.02243,0.00076294,0.057373
0.02182,0.0015259,0.063477
0.02182,-0.00091553,0.061035
0.021667,-0.0021362,0.064697
0.020752,-0.002594,0.065918
0.019836,-0.002594,0.063477
0.019073,-0.0013733,0.061035
0.017853,0.0019836,0.064697
0.016937,0.0042725,0.079346
0.016479,0.0048828,0.065918
0.016785,0.0050354,0.062256
0.017548,0.0035095,0.065918
0.018005,0.0022888,0.063477
0.0177,0.0033569,0.059814
0.02121,0.0045776,0.061035
0.023193,0.0071716,0.056152
0.025024,0.0080872,0.057373
0.028534,0.0099182,0.05249
0.03067,0.0097656,0.054932
0.032959,0.010071,0.048828
0.03479,0.010376,0.050049
0.035095,0.011749,0.048828
0.035553,0.013275,0.047607
0.03418,0.013733,0.050049
0.033417,0.012512,0.045166
0.03067,0.0099182,0.045166
0.028687,0.0057983,0.042725
0.026703,0.0022888,0.030518
0.021515,0.00015259,0.036621
0.022278,-0.00091553,0.041504
0.020599,-0.0010681,0.037842
0.017242,-0.0010681,0.039063
0.016632,-0.0041199,0.037842
0.013885,-0.0079346,0.040283
0.012512,-0.010834,0.037842
0.010834,-0.010529,0.041504
0.011292,-0.012665,0.0354
0.012054,-0.011139,0.042725
0.013428,-0.0079346,0.043945
0.015717,-0.0074768,0.047607
0.017853,-0.0047302,0.043945
0.019531,-0.0022888,0.050049
0.023193,0.0039673,0.054932
0.024414,0.0054932,0.053711
0.027466,0.0085449,0.062256
0.029449,0.010834,0.054932
0.030212,0.011292,0.043945
0.031128,0.0083923,0.057373
0.031281,0.005188,0.061035
0.032959,0.0032043,0.062256
0.035706,0.0028992,0.058594
0.036316,0.0039673,0.057373
0.037537,0.0068665,0.064697
0.037537,0.0091553,0.061035
0.037231,0.010223,0.062256
0.036926,0.011139,0.061035
0.036011,0.011139,0.065918
0.034943,0.0099182,0.065918
0.032043,0.009613,0.06958
0.029755,0.0074768,0.079346
0.027161,0.0022888,0.062256
0.024261,-0.00015259,0.059814
0.021973,-0.004425,0.061035
0.019379,-0.0067139,0.054932
0.017853,-0.0086975,0.053711
0.016022,-0.0071716,0.05127
0.01358,-0.0059509,0.05127
0.01297,-0.0053406,0.048828
0.011597,-0.0074768,0.043945
0.010681,-0.0042725,0.048828
0.010986,-0.0036621,0.042725
0.012054,-0.0038147,0.045166
0.014801,-0.00045776,0.040283
0.017242,0.0018311,0.043945
0.019836,0.004425,0.041504
0.023041,0.0045776,0.042725
0.026703,0.0061035,0.037842
0.028839,0.0059509,0.036621
0.031433,0.0059509,0.05127
0.034637,0.0091553,0.039063
0.034027,0.007782,0.054932
0.039673,0.007782,0.039063
0.040894,0.007019,0.029297
0.041046,0.0047302,0.039063
0.040741,0.0024414,0.039063
0.039825,0.00045776,0.036621
0.03891,0,0.1062
0.037231,0.00045776,4.6277
0.0354,0.0010681,4.8926
0.032806,0.0018311,4.9109
0.030823,0.0019836,4.9243
0.027924,0.0019836,4.9182
0.026245,0.0019836,4.9255
0.025024,0.0022888,4.9304
0.024719,0.0035095,4.9316
0.023499,0.0042725,4.9341
0.023956,0.0042725,4.9316
0.022888,0.0010681,4.928
0.018311,0.0032043,4.9316
0.020142,0.0032043,4.939
0.018616,0.0036621,4.9316
0.019073,0.0042725,4.9182
0.018921,0.0083923,4.928
0.020294,0.004425,4.9316
0.02182,0.0048828,4.9341
0.023041,0.0036621,4.9353
0.024261,0.0024414,4.9353
0.025787,0.0012207,4.9377
0.027161,0.00091553,4.9243
0.028381,0.00045776,4.939
0.030518,0.0018311,4.9304
0.031586,0.002594,4.9292
0.032349,0.0030518,4.9243
0.03067,0.0039673,4.9268
0.031128,0.0042725,4.9365
0.030518,0.0041199,4.9231
0.031433,0.0028992,4.9207
0.031281,0.0015259,4.9182
0.031281,0,4.8999
0.030975,-0.0057983,4.9133
0.028229,-0.0053406,4.9109
0.025787,-0.0059509,4.9146
0.023346,-0.0067139,4.9109
0.020599,-0.0056458,4.9097
0.020294,-0.0041199,4.9097
0.019836,-0.0022888,4.9109
0.019836,-0.00045776,4.9072
0.019684,0.00061035,4.9072
0.019073,0.0024414,4.9133
0.020294,0.0032043,4.9121
0.02121,0.004425,4.9133
0.021515,0.0047302,4.9084
0.021362,0.0045776,4.9109
0.023041,0.0039673,4.9097
0.023041,0.0033569,4.9146
0.023041,0.0022888,4.917
0.023193,0.0032043,4.9182
0.024567,0.0047302,4.9109
0.026398,0.0065613,4.9207
0.027313,0.0091553,4.9231
0.028534,0.011292,4.9231
0.028381,0.012665,4.9182
0.027771,0.012054,4.9255
0.027161,0.010986,4.9329
0.027161,0.010681,4.928
0.026855,0.0082397,4.939
0.026093,0.0057983,4.9341
0.024719,0.0039673,4.9341
0.023346,0.0015259,4.9304
0.020294,-0.00015259,4.9353
0.018158,-0.0015259,4.9402
0.016632,-0.00061035,4.9341
0.015564,0,4.9341
0.014648,0.0012207,4.9377
0.013275,0.0019836,4.928
0.01358,0.0021362,4.9341
0.013275,0.0010681,4.9329
0.013428,-0.00061035,4.9329
0.0099182,-0.00061035,4.9316
0.014343,-0.0015259,4.928
0.015717,-0.0027466,4.9268
0.014038,-0.0030518,4.9231
0.015259,-0.0038147,4.9133
0.013275,-0.0045776,4.9182
0.013885,-0.0032043,4.9207
0.014191,-0.0038147,4.9182
0.014954,0.0018311,4.9243
0.017395,0.0047302,4.9133
0.019226,0.0059509,4.9182
0.021667,0.0065613,4.9182
0.023041,0.0061035,4.9146
0.023346,0.0048828,4.917
0.022583,0.0042725,4.9072
0.022125,0.0032043,4.9084
0.023041,0.0032043,4.9097
0.018768,0.0022888,4.9121
0.019531,0.00030518,4.9097
0.016785,-0.0016785,4.9146
0.014801,-0.0038147,4.906
0.01236,-0.0048828,4.9109
0.011902,-0.0054932,4.9097
0.012665,-0.005188,4.9133
0.013428,-0.004425,4.9109
0.014038,-0.0050354,4.917
0.015259,-0.0045776,4.9158
0.014496,-0.0045776,4.9207
0.014954,-0.0035095,4.9341
0.014648,-0.002594,4.9231
0.014954,-0.00045776,4.9304
0.015411,0.00076294,4.9292
0.014801,0.00091553,4.9109
0.013733,0.00045776,4.928
0.01358,0.00015259,4.9304
0.013733,-0.00091553,4.9329
0.014496,-0.0016785,4.928
0.014954,-0.0016785,4.928
0.016632,-0.0010681,4.9329
0.019226,0.0019836,0.059814
0.021515,-0.00061035,0.062256
0.020294,-0.00015259,0.059814
0.020752,0.00061035,0.068359
0.02121,0.0012207,0.064697
0.021515,-0.00030518,0.06958
0.020752,0.002594,0.074463
0.02121,0.002594,0.063477
0.020447,0.0021362,0.065918
0.018921,0.0012207,0.062256
0.018768,-0.00045776,0.06958
0.018158,-0.00076294,0.054932
0.016632,-0.00030518,0.05127
0.018921,0.00030518,0.05127
0.019379,0.00061035,0.050049
0.019836,0.0032043,0.046387
0.019684,0.0028992,0.050049
0.021362,0.0038147,0.042725
0.021057,0.0048828,0.043945
0.022125,0.0086975,0.041504
0.020142,0.0059509,0.046387
0.020599,0.0067139,0.042725
0.019684,0.0062561,0.042725
0.018463,0.0047302,0.041504
0.017242,0.0036621,0.041504
0.015717,0.0022888,0.05127
0.015717,0.0013733,0.037842
0.015717,-0.00045776,0.053711
0.015411,0.00061035,0.039063
0.016174,-0.00030518,0.029297
0.018463,0.00061035,0.041504
0.016937,0.00045776,0.039063
0.016632,0.0010681,0.039063
0.016937,0.0015259,0.043945
0.0177,0.00045776,0.042725
0.016479,0.0015259,0.048828
0.016479,0.0019836,0.048828
0.016327,0.0016785,0.056152
0.012512,0.00045776,0.050049
0.016632,-0.00015259,0.059814
0.017548,-0.00076294,0.062256
0.019836,-0.00045776,0.064697
0.021973,0.00076294,0.064697
0.022888,0.0012207,0.064697
0.024109,0.0022888,0.061035
0.02533,0.002594,0.059814
0.025787,0.0018311,0.073242
0.025482,0.0010681,0.062256
0.026398,0,0.048828
0.028687,0.00045776,0.061035
0.025024,-0.00015259,0.063477
0.023804,0.00045776,0.061035
0.023651,0.00091553,0.068359
0.024567,-0.00045776,0.063477
0.02594,-0.0018311,0.067139
0.026245,-0.0024414,0.061035
0.027008,-0.0030518,0.065918
0.027313,-0.0019836,0.057373
0.026398,-0.00076294,0.058594
0.026398,0.00091553,0.05249
0.025635,0.0033569,0.054932
0.024414,0.0027466,0.064697
0.025024,0.004425,0.05249
0.024261,0.0050354,0.047607
0.023346,0.0056458,0.048828
0.022888,0.004425,0.028076
0.023041,0.0039673,0.042725
0.022583,0.0028992,0.042725
0.023651,0.002594,0.040283
0.024261,0.0033569,0.041504
0.024109,0.0032043,0.036621
0.024719,0.0056458,0.041504
0.024567,0.0022888,0.036621
0.024109,0.0021362,0.042725
0.023499,0.0022888,0.036621
0.026245,0.0028992,0.041504
0.023041,0.0041199,0.040283
0.023193,0.0048828,0.041504
0.022583,0.0050354,0.039063
0.021515,0.0039673,0.042725
0.022125,0.0024414,0.042725
0.022125,0.0013733,0.046387
0.02182,-0.0042725,0.05249
0.022125,-0.00076294,0.046387
0.022278,-0.0012207,0.042725
0.021362,-0.0013733,0.048828
0.02121,-0.00061035,0.053711
0.020752,-0.0019836,0.053711
0.020905,-0.002594,0.058594
0.021057,-0.0019836,0.061035
0.022278,-0.0013733,0.061035
0.022583,0.0012207,0.061035
0.022736,0.0035095,0.064697
0.022736,0.004425,0.057373
0.023956,0.0053406,0.061035
0.022888,0.0045776,0.063477
0.023041,0.0047302,0.064697
0.023804,0.0050354,0.073242
0.024109,0.005188,0.065918
0.025177,0.0056458,0.067139
0.025482,0.0057983,0.067139
0.029297,0.0045776,0.065918
0.025787,0.0038147,0.064697
0.025177,0.0021362,0.061035
0.024872,0.0010681,0.059814
0.024719,0.00091553,0.058594
0.024567,0,0.053711
0.024567,0.00015259,0.05249
0.024414,-0.00061035,0.050049
0.023193,-0.0022888,0.05127
0.023041,-0.00061035,0.043945
0.023499,-0.00030518,0.050049
0.023651,0,0.050049
0.025177,0.00091553,0.047607
0.02655,0.0022888,0.039063
0.027771,0.0019836,0.043945
0.026245,0.0022888,3.9697
0.026093,0.0016785,4.8511
0.025482,0.00045776,4.9109
0.025177,-0.0039673,4.8999
0.025482,-0.0022888,4.9011
0.02655,-0.0035095,4.9084
0.026398,-0.0035095,4.9109
0.025787,-0.0054932,4.9109
0.025177,-0.0042725,4.9084
0.02533,-0.0045776,4.9048
0.024872,-0.0047302,4.906
0.025024,-0.0042725,4.9084
0.026398,-0.0027466,4.9109
0.026855,-0.0015259,4.9109
0.027924,-0.00015259,4.917
0.027618,0.00091553,4.9182
0.028839,0.0012207,4.9219
0.029297,0.0016785,4.9292
0.030975,0.00061035,4.9255
0.031738,0.00091553,4.9255
0.032196,0.0018311,4.9329
0.030975,0.00076294,4.9341
0.029449,0.00030518,4.9292
0.027008,-0.0013733,4.9219
0.025635,-0.0027466,4.9292
0.024261,-0.0041199,4.9304
0.023804,-0.0045776,4.9304
0.024567,-0.0036621,4.9329
0.024567,-0.0024414,4.9316
0.025787,-0.0016785,4.9329
0.025787,-0.0019836,4.9304
0.026245,-0.00030518,4.9329
0.025482,0.00015259,4.9365
0.025482,-0.00015259,4.9353
0.02533,0.00091553,4.9304
0.024872,0.0015259,4.9353
0.025177,0.0010681,4.939
0.023956,0,4.9316
0.024872,-0.0018311,4.9329
0.024872,-0.0027466,4.9219
0.024567,-0.0028992,4.9097
0.024872,-0.0019836,4.9219
0.026093,-0.0013733,4.9158
0.025635,-0.00061035,4.917
0.026245,-0.00015259,4.917
0.025482,-0.00045776,4.9158
0.025024,-0.00091553,4.9158
0.024109,0.00015259,4.9158
0.024567,0.00091553,4.9158
0.025635,0.0019836,4.9109
0.026398,0.0027466,4.9146
0.026855,0.0022888,4.9048
0.02594,0.00061035,4.9158
0.026855,0.00045776,4.9109
0.026398,0.00015259,4.9109
0.025482,0.00045776,4.9084
0.025024,0.00091553,4.9084
0.02533,0.0021362,4.9097
0.025024,0.0028992,4.9133
0.023041,0.0028992,4.9182
0.024414,0.0028992,4.9121
0.023804,0.0039673,4.9133
0.023193,0.0054932,4.9255
0.024261,0.0057983,4.9194
0.024414,0.0061035,4.917
0.025024,0.0038147,4.9255
0.025635,0.0032043,4.9194
0.025635,0.0022888,4.928
0.025635,0.00061035,4.928
0.025024,0.00030518,4.9316
0.023804,0.00091553,4.9292
0.023651,0.0018311,4.9353
0.023193,0.0033569,4.9414
0.021667,0.0041199,4.9316
0.021057,0.0033569,4.9353
0.021057,0.004425,4.9329
0.019684,0.0038147,4.9146
0.019379,0.0036621,4.9304
0.018616,0.0028992,4.9329
0.019531,0.0036621,4.9402
0.019684,0.0035095,4.9365
0.019989,0.004425,4.9329
0.019836,0.0022888,4.9365
0.018463,0.0016785,4.9268
0.017242,0.0018311,4.9292
0.018616,0.0027466,4.928
0.0177,0.0041199,4.9255
0.018616,0.0053406,4.9255
0.019379,0.0054932,4.9304
0.021057,0.004425,4.9292
0.020752,0.002594,4.9243
0.020752,0.00091553,4.9182
0.02121,0.00030518,4.9207
0.02243,0.00061035,4.9146
0.02243,0.0024414,4.9133
0.02243,0.0022888,4.9109
0.018158,0.00045776,4.9146
0.018768,-0.0012207,4.9109
0.0177,-0.0032043,4.9084
0.017548,-0.0039673,4.9097
0.018768,-0.0022888,4.9097
0.019531,0.00045776,4.9109
0.020599,0.0019836,4.9072
0.021667,0.0021362,4.9121
0.02243,0.0016785,4.9109
0.021973,0.00061035,4.9109
0.02182,-0.00045776,4.9146
0.021515,0.00045776,4.9146
0.022278,0.0016785,4.9207
0.02243,0.0022888,4.9158
0.02121,0.0035095,4.9292
0.020447,0.0064087,0.047607
0.019226,0.0033569,0.040283
0.019073,0.0027466,0.05127
0.020294,0.0027466,0.053711
0.021515,0.0028992,0.057373
0.023499,0.0042725,0.059814
0.023804,0.0041199,0.059814
0.023956,0.0050354,0.061035
0.024261,0.0038147,0.062256
0.022888,0.0030518,0.067139
0.023346,0.002594,0.059814
0.020142,0.0032043,0.063477
0.024261,0.0041199,0.065918
0.023346,0.0047302,0.064697
0.023956,0.0045776,0.067139
0.023346,0.0039673,0.065918
0.023193,0.0027466,0.064697
0.022583,0.00076294,0.067139
0.022125,0.00015259,0.075684
0.022278,0.0012207,0.067139
0.02182,0.002594,0.061035
0.020142,0.0030518,0.059814
0.02243,0.002594,0.058594
0.017548,0.0013733,0.054932
0.016327,-0.00015259,0.053711
0.016022,0.00015259,0.050049
0.016785,0.00076294,0.05127
0.017395,0.0030518,0.047607
0.017395,0.0041199,0.048828
0.017548,0.0041199,0.048828
0.017853,0.0027466,0.048828
0.017548,0.0019836,0.040283
0.018463,0.00091553,0.045166
0.019684,0.002594,0.057373
0.020752,0.002594,0.041504
0.021515,0.0033569,0.050049
0.022278,0.0030518,0.037842
0.021057,0.0022888,0.026855
0.020294,0.0018311,0.039063
0.019684,0.00061035,0.039063
0.017242,0.00030518,0.03418
0.020599,0.00045776,0.040283
0.021057,0.0012207,0.036621
0.021362,0.0019836,0.042725
0.021362,0.0036621,0.040283
0.02243,0.002594,0.043945
0.022278,0.002594,0.040283
0.022888,0.00076294,0.046387
0.023499,0.00091553,0.050049
0.023956,0.0027466,0.056152
0.023499,0.0032043,0.061035
0.022888,0.0032043,0.053711
0.021362,0.0028992,0.057373
0.019989,0.0016785,0.059814
0.018311,0.00076294,0.068359
0.018616,-0.00015259,0.058594
0.019379,-0.00076294,0.053711
0.019226,-0.00030518,0.058594
0.019684,-0.00030518,0.05249
0.014954,0.00030518,0.058594
0.019989,0.00061035,0.065918
0.020599,0.00015259,0.062256
0.021057,-0.00076294,0.064697
0.021362,-0.0018311,0.062256
0.021057,-0.0022888,0.067139
0.020905,-0.0022888,0.065918
0.020447,-0.0027466,0.067139
0.018921,-0.0013733,0.063477
0.018616,-0.0021362,0.062256
0.018463,-0.0019836,0.072021
0.018311,-0.0041199,0.058594
0.019379,-0.0010681,0.059814
0.020294,0.00030518,0.053711
0.021362,0.0012207,0.037842
0.02243,0.0019836,0.053711
0.023346,0.0027466,0.050049
0.023651,0.0027466,0.043945
0.024567,0.002594,0.046387
0.024719,0.0030518,0.042725
0.024719,0.0028992,0.043945
0.025177,0.0027466,0.042725
0.023804,0.002594,0.042725
0.023193,0.002594,0.037842
0.023193,0.0027466,0.040283
0.023193,0.0019836,0.037842
0.023499,0.0022888,0.041504
0.023499,0.0024414,0.037842
0.023193,0.0028992,0.041504
0.023956,0.0032043,0.042725
0.023193,0.0036621,0.040283
0.023651,0.0039673,0.043945
0.022888,0.0033569,0.037842
0.022583,0.0021362,0.0354
0.021515,0.0015259,0.041504
0.020294,0.0013733,0.047607
0.018463,0.00015259,0.047607
0.016937,-0.00015259,0.050049
0.015564,-0.0010681,0.048828
0.014191,-0.0021362,0.053711
0.013123,-0.0018311,0.053711
0.01236,-0.0028992,0.050049
0.012207,-0.0036621,0.053711
0.012512,-0.0035095,0.059814
0.01236,-0.0041199,0.058594
0.012054,-0.0042725,0.063477
0.012512,-0.0048828,0.080566
0.014191,-0.0061035,0.062256
0.016479,-0.0048828,0.062256
0.017395,-0.0039673,0.063477
0.020905,-0.0016785,0.05249
0.023804,-0.00076294,0.062256
0.025787,0.00030518,0.058594
0.02655,0.00015259,0.063477
0.029449,0.0015259,0.067139
0.031128,0.0012207,0.061035
0.032501,0.0016785,0.067139
0.032654,0.0022888,3.8306
0.032349,0.0021362,4.8621
0.030823,0.0045776,4.917
0.029449,0.0045776,4.9255
0.028381,0.0039673,4.9219
0.027924,0.0022888,4.9243
0.027771,-0.00045776,4.9194
0.027161,0,4.9207
0.024567,0.00015259,4.9255
0.023041,0.0013733,4.9182
0.021667,0.0012207,4.9292
0.020142,0.0018311,4.9146
0.018311,-0.00015259,4.9036
0.016937,-0.00091553,4.9121
0.015564,-0.0015259,4.9146
0.014191,-0.00030518,4.9084
0.013428,0.002594,4.9121
0.012512,0.0045776,4.8999
0.012512,0.0039673,4.9109
0.012665,0.0036621,4.906
0.01358,0.0019836,4.9133
0.015106,0.00091553,4.9158
0.016327,0.0015259,4.9158
0.017853,0.0024414,4.9121
0.020447,0.0039673,4.9182
0.021057,0.0050354,4.9194
0.02243,0.0042725,4.917
0.023499,0.0030518,4.9097
0.024414,0.0013733,4.9207
0.024414,0.0024414,4.9194
0.02655,0.0036621,4.9255
0.026398,0.0062561,4.939
0.02594,0.0053406,4.9268
0.02533,0.0050354,4.9304
0.024719,0.0022888,4.9304
0.024109,-0.0013733,4.9304
0.023193,-0.0021362,4.928
0.022125,-0.0059509,4.9353
0.020599,-0.0042725,4.9292
0.020294,-0.0033569,4.9292
0.017395,-0.0035095,4.9304
0.01709,-0.0041199,4.9353
0.015411,-0.0041199,4.9316
0.014801,-0.0036621,4.9353
0.016479,-0.002594,4.9451
0.016327,0.00015259,4.9377
0.01709,0.0022888,4.9426
0.018158,0.0042725,4.9353
0.018768,0.0054932,4.9072
0.019073,0.0038147,4.928
0.021515,0.0036621,4.9255
0.022583,0.004425,4.9255
0.023804,0.0050354,4.9243
0.024719,0.0064087,4.9182
0.02533,0.0050354,4.9231
0.026245,0.0064087,4.9182
0.027161,0.0048828,4.9194
0.027313,0.0024414,4.9146
0.026855,0.0015259,4.9194
0.028381,0.00030518,4.9146
0.028687,0.00045776,4.9158
0.028534,0.00045776,4.9109
0.027618,0.00091553,4.9146
0.026703,-0.0010681,4.906
0.025177,-0.0038147,4.9109
0.023956,-0.0067139,4.8962
0.024567,-0.0076294,4.9097
0.022125,-0.007019,4.9048
0.021057,-0.0064087,4.9109
0.020142,-0.0050354,4.9097
0.018311,-0.0048828,4.9109
0.01709,-0.0061035,4.9133
0.016632,-0.0068665,4.906
0.016632,-0.0073242,4.9121
0.017395,-0.0062561,4.9109
0.0177,-0.0033569,4.9207
0.021667,-0.0012207,4.9182
0.018921,0.00045776,4.9231
0.018921,0.00091553,4.9194
0.018921,-0.00015259,4.9292
0.021057,-0.0018311,4.9304
0.023041,-0.00091553,4.9146
0.024567,0.0010681,4.9438
0.027008,0.0036621,4.9316
0.029144,0.0050354,4.9182
0.03006,0.0054932,4.9329
0.030365,0.0039673,4.9304
0.030823,0.0024414,4.9316
0.031128,0.0016785,4.9329
0.031738,0.0015259,4.9329
0.031586,0.0027466,4.9365
0.032043,0.0016785,4.9243
0.028839,0.0036621,4.9402
0.027618,0.0021362,4.9341
0.025787,-0.00015259,4.9365
0.023804,-0.0010681,4.9304
0.02243,-0.0039673,4.9377
0.021667,-0.0033569,4.9353
0.020752,0.0013733,4.9304
0.019531,-0.0015259,4.9255
0.0177,-0.0024414,4.9255
0.016327,-0.0039673,4.9146
0.015106,-0.0050354,4.9097
0.014496,-0.0050354,4.9158
0.017242,-0.0035095,4.9133
0.019684,-0.0016785,4.9158
0.021362,0.00061035,4.9146
0.022583,0.0013733,4.9036
0.024414,0.00015259,4.9121
0.025177,-0.00045776,4.9133
0.027008,-0.00015259,0.036621
0.029144,0.0016785,0.040283
0.030823,0.0042725,0.045166
0.032654,0.0065613,0.043945
0.032806,0.0061035,0.039063
0.032806,0.0054932,0.041504
0.032959,0.0036621,0.050049
0.032806,0.0024414,0.040283
0.032806,0.0027466,0.050049
0.034332,0.0036621,0.041504
0.035095,0.0050354,0.028076
0.034485,0.0057983,0.045166
0.03418,0.0048828,0.042725
0.032654,0.002594,0.042725
0.031586,-0.00030518,0.048828
0.029297,-0.00076294,0.050049
0.028229,0,0.056152
0.02594,0.002594,0.056152
0.023956,0.004425,0.059814
0.02182,0.0050354,0.057373
0.020447,0.005188,0.064697
0.019073,0.0042725,0.062256
0.018921,0.0039673,0.062256
0.020142,0.0042725,0.078125
0.021973,0.0056458,0.057373
0.023499,0.0067139,0.053711
0.024872,0.0071716,0.064697
0.025482,0.0068665,0.059814
0.025787,0.004425,0.064697
0.025787,0.0015259,0.065918
0.026245,-0.00030518,0.065918
0.02655,0.00015259,0.064697
0.026703,0.00045776,0.063477
0.024261,0.0013733,0.064697
0.025177,0.0013733,0.057373
0.025024,0.00091553,0.056152
0.025024,-0.0032043,0.05249
0.024719,-0.0041199,0.054932
0.028229,-0.0041199,0.05127
0.029602,-0.0022888,0.05249
0.030823,-0.0012207,0.05249
0.030518,0.00076294,0.05127
0.03067,0.00015259,0.056152
0.030365,-0.0018311,0.046387
0.030975,-0.002594,0.059814
0.031128,-0.0038147,0.026855
0.031128,-0.0045776,0.040283
0.031281,-0.0013733,0.039063
0.029755,0.00015259,0.041504
0.028381,0.00061035,0.037842
0.027313,0.00015259,0.040283
0.027924,-0.00030518,0.036621
0.028076,-0.00030518,0.040283
0.028687,0.0018311,0.037842
0.028381,0.0035095,0.043945
0.028229,0.0056458,0.040283
0.027924,0.0065613,0.037842
0.027313,0.0059509,0.040283
0.026855,0.0047302,0.043945
0.027008,0.0028992,0.050049
0.026703,0.00076294,0.047607
0.02655,0.00061035,0.05249
0.026245,0.0012207,0.048828
0.025024,0.0019836,0.047607
0.024261,0.0019836,0.054932
0.023346,0.00091553,0.042725
0.023346,-0.00015259,0.05127
0.023499,-0.00091553,0.059814
0.024109,0.00030518,0.059814
0.024109,0.0018311,0.061035
0.023804,0.0036621,0.059814
0.02182,0.0038147,0.063477
0.021057,0.0039673,0.061035
0.020599,0.0032043,0.063477
0.020905,0.0010681,0.062256
0.02182,-0.00015259,0.064697
0.020599,0,0.061035
0.020599,-0.002594,0.063477
0.018616,0.0013733,0.076904
0.017548,0.0016785,0.067139
0.016632,0.0019836,0.072021
0.016479,0.0010681,0.065918
0.017853,0.00015259,0.047607
0.018768,-0.00061035,0.058594
0.019531,-0.00015259,0.053711
0.018921,0.00091553,0.05249
0.017548,0.0015259,0.05249
0.016022,0.0018311,0.047607
0.017242,0.0010681,0.05249
0.017242,-0.00015259,0.045166
0.019073,-0.00030518,0.047607
0.019073,0.00061035,0.045166
0.018463,0.0022888,0.048828
0.016937,0.0041199,0.041504
0.016022,0.0048828,0.045166
0.015106,0.0047302,0.047607
0.014954,0.0022888,0.041504
0.016174,0.0042725,0.040283
0.016785,0.0042725,0.039063
0.017395,0.0056458,0.032959
0.016174,0.0059509,0.037842
0.014343,0.0053406,0.043945
0.01297,0.0038147,0.036621
0.013275,0.0022888,0.040283
0.015717,0.00045776,0.036621
0.016632,0.00091553,0.041504
0.016479,0.00030518,0.037842
0.014496,0.00091553,0.045166
0.013428,0.00091553,0.041504
0.012665,0.00030518,0.050049
0.012054,0.00015259,0.047607
0.01297,0.00061035,0.054932
0.015106,0.00015259,0.054932
0.017242,0.00076294,0.056152
0.018158,0.0016785,0.067139
0.018158,0.0013733,0.062256
0.017395,0.0013733,0.070801
0.016785,0.00061035,4.4727
0.01709,0.0016785,4.8889
0.0177,-0.00030518,4.9268
0.019836,-0.00091553,4.9231
0.020447,-0.0010681,4.9255
0.019531,-0.00076294,4.9292
0.016174,-0.0013733,4.9304
0.014496,-0.0018311,4.928
0.014038,-0.0013733,4.9353
0.014954,-0.0010681,4.9377
0.016327,-0.0019836,4.9316
0.017395,-0.0013733,4.939
0.020905,-0.0012207,4.9353
0.016479,-0.0013733,4.9292
0.014343,-0.0022888,4.9353
0.014954,-0.00091553,4.9316
0.017395,-0.00015259,4.9292
0.019226,0.00030518,4.9243
0.020599,0.00061035,4.9329
0.021362,0.00091553,4.9207
0.020599,0.002594,4.9048
0.020294,0.0041199,4.9146
0.019989,0.005188,4.917
0.021515,0.0062561,4.9158
0.02243,0.0079346,4.9158
0.025024,0.0068665,4.9072
0.025024,0.0067139,4.9133
0.023499,0.0076294,4.9097
0.021667,0.0062561,4.9109
0.019226,0.0054932,4.9036
0.017853,0.0042725,4.9146
0.017242,0.0027466,4.9109
0.018311,0.0012207,4.9133
0.017853,-0.00030518,4.9207
0.016174,-0.002594,4.9121
0.013275,-0.002594,4.9109
0.011902,-0.0042725,4.9097
0.010376,-0.0050354,4.895
0.011444,-0.0047302,4.9121
0.013275,-0.0045776,4.9133
0.016174,-0.0036621,4.9182
0.01709,-0.0036621,4.9219
0.016022,-0.0028992,4.9182
0.015564,-0.0036621,4.9255
0.015564,-0.0030518,4.9255
0.018158,-0.0021362,4.9255
0.020447,0.00045776,4.9304
0.026093,0.00030518,4.9341
0.028076,0.0018311,4.9292
0.027924,0.0028992,4.9329
0.028381,0.0038147,4.9329
0.028229,0.0039673,4.9329
0.029907,0.004425,4.9316
0.03067,0.005188,4.9353
0.032654,0.0057983,4.9463
0.033264,0.0053406,4.9329
0.032196,0.0054932,4.9182
0.029297,0.0039673,4.9377
0.02594,0.0027466,4.9341
0.024109,0.0035095,4.9329
0.024109,0.0032043,4.9353
0.024872,0.0039673,4.9329
0.02594,0.0010681,4.9316
0.024567,0.00045776,4.9243
0.022583,0.0022888,4.928
0.020294,-0.0010681,4.9194
0.018005,-0.0010681,4.9219
0.016632,0.00045776,4.9255
0.016174,0.0021362,4.9219
0.017242,0.0021362,4.9255
0.016785,0.0024414,4.9194
0.015106,0.0015259,4.9158
0.01297,0.00045776,4.9158
0.01236,0.00030518,4.9036
0.013428,0.00091553,4.9121
0.015564,-0.00015259,4.9097
0.018005,0.00015259,4.9097
0.020752,-0.00076294,4.9084
0.022125,-0.0022888,4.9158
0.019836,-0.0039673,4.9084
0.018463,-0.0041199,4.9072
0.018005,-0.0036621,4.9097
0.019226,-0.0027466,4.9072
0.019379,-0.0013733,4.9109
0.020905,-0.0012207,4.9109
0.022278,-0.0015259,4.9158
0.021362,-0.0022888,4.9109
0.021973,-0.002594,4.917
0.021362,-0.0018311,4.9146
0.023499,0,4.9207
0.025482,0.0013733,4.9329
0.028076,0.0019836,4.928
0.027466,0.0018311,4.9146
0.02594,0.00076294,4.9231
0.021057,-0.00015259,4.9304
0.019531,-0.00015259,4.9292
0.017548,0.00076294,4.9316
0.016937,0.00061035,4.9292
0.016022,-0.0027466,4.9365
0.016022,-0.0028992,4.9304
0.016327,-0.0059509,4.9341
0.014343,-0.0076294,4.928
0.013123,-0.0082397,4.9341
0.012207,-0.0065613,4.9292
0.012054,-0.0039673,4.9353
0.014038,-0.0024414,4.9512
0.015106,-0.0024414,4.939
0.018158,-0.0030518,4.9341
0.018768,-0.0041199,4.9377
0.018921,-0.0030518,0.042725
0.021362,-0.0012207,0.057373
0.022583,0.0016785,0.057373
0.025177,0.0036621,0.054932
0.028839,0.0033569,0.054932
0.032349,0.0021362,0.047607
0.034332,-0.00015259,0.048828
0.034332,-0.0012207,0.047607
0.033417,-0.00061035,0.05127
0.032196,0.0016785,0.045166
0.029907,0.002594,0.043945
0.031586,0.0018311,0.045166
0.030212,-0.00076294,0.046387
0.029907,-0.0030518,0.043945
0.027313,-0.0048828,0.040283
0.02533,-0.0050354,0.041504
0.022736,-0.0018311,0.041504
0.020752,-0.0016785,0.041504
0.019073,0.00076294,0.039063
0.019531,-0.0045776,0.048828
0.019684,-0.0074768,0.037842
0.019226,-0.0091553,0.039063
0.01709,-0.0093079,0.037842
0.016174,-0.0076294,0.041504
0.015106,-0.0053406,0.039063
0.016022,-0.004425,0.042725
0.018463,-0.0039673,0.046387
0.02121,-0.0045776,0.05127
0.024414,-0.0045776,0.050049
0.024567,-0.002594,0.053711
0.02594,0.00015259,0.056152
0.025787,0.0033569,0.057373
0.028687,0.0050354,0.068359
0.031128,0.0059509,0.062256
0.03418,0.0036621,0.070801
0.035858,0.0022888,0.061035
0.0354,0.0018311,0.05127
0.034027,0.0016785,0.059814
0.032349,0.0024414,0.062256
0.030365,0.0024414,0.059814
0.030365,0.0019836,0.063477
0.029602,-0.00030518,0.059814
0.029144,-0.0036621,0.063477
0.027618,-0.0054932,0.064697
0.024567,-0.0064087,0.067139
0.021667,-0.0061035,0.062256
0.020294,-0.0050354,0.067139
0.019989,-0.0041199,0.067139
0.020294,-0.0035095,0.064697
0.020447,-0.0042725,0.059814
0.021057,-0.0047302,0.056152
0.019836,-0.0050354,0.058594
0.018463,-0.0048828,0.05127
0.017242,-0.0010681,0.058594
0.017853,0.0010681,0.050049
0.019684,-0.0012207,0.050049
0.022278,0.0036621,0.046387
0.02533,0.0024414,0.046387
0.027466,0.0018311,0.045166
0.026855,0.0027466,0.043945
0.027924,0.0041199,0.040283
0.027313,0.0065613,0.042725
0.031433,0.0080872,0.037842
0.031281,0.0088501,0.041504
0.033264,0.0074768,0.039063
0.033417,0.0062561,0.042725
0.031738,0.0064087,0.037842
0.029602,0.0064087,0.041504
0.028229,0.0090027,0.054932
0.028687,0.010986,0.040283
0.03006,0.010986,0.047607
0.031891,0.010529,0.041504
0.031738,0.007019,0.024414
0.03006,0.0057983,0.039063
0.027008,0.0083923,0.046387
0.025177,0.005188,0.047607
0.021973,0.0065613,0.05127
0.021667,0.0064087,0.047607
0.019989,0.0038147,0.05249
0.020447,0.00045776,0.056152
0.019073,-0.0027466,0.058594
0.015717,-0.0047302,0.057373
0.014191,-0.0027466,0.063477
0.012054,0.00015259,0.061035
0.01358,0.0019836,0.063477
0.011444,0.0028992,0.065918
0.017548,0.0019836,0.062256
0.020142,0.00015259,0.059814
0.020142,0,0.062256
0.020142,0.00061035,0.076904
0.019836,0.0047302,0.064697
0.020599,0.0062561,0.059814
0.02243,0.0086975,0.065918
0.024109,0.004425,0.067139
0.025787,0.002594,0.063477
0.025787,0,0.062256
0.025482,0.00045776,0.061035
0.02533,0.0019836,0.059814
0.02533,0.004425,0.054932
0.027313,0.0032043,0.054932
0.028839,0.0041199,0.048828
0.029449,0.0018311,0.048828
0.028992,-0.0019836,0.048828
0.026703,-0.0033569,0.047607
0.025024,-0.0015259,0.05127
0.021973,0.00091553,0.048828
0.022278,0.0039673,0.045166
0.022888,0.0035095,0.043945
0.023346,0.0030518,0.028076
0.022888,0.00015259,0.042725
0.022125,-0.0022888,0.039063
0.019531,-0.0048828,0.036621
0.019226,-0.00076294,0.040283
0.018311,0.0018311,0.039063
0.020142,0.0030518,0.036621
0.021667,0.0030518,0.036621
0.021362,0,0.042725
0.021057,-0.0019836,0.039063
0.020447,-0.0028992,4.4666
0.019684,0.0024414,4.8804
0.018921,0.0071716,4.9109
0.018463,0.0099182,4.9109
0.020294,0.0091553,4.9194
0.021667,0.0053406,4.9219
0.023193,0.0021362,4.9207
0.023956,0.0010681,4.9353
0.022125,0.0012207,4.9255
0.023041,0.0032043,4.9121
0.02182,0.0041199,4.9255
0.021667,0.0021362,4.928
0.022125,0.0016785,4.9304
0.021515,-0.00076294,4.928
0.019684,-0.0021362,4.9268
0.018005,-0.0021362,4.9329
0.016174,0.00061035,4.9316
0.015717,0.0038147,4.9329
0.014801,0.005188,4.928
0.017242,0.0050354,4.9329
0.017548,0.002594,4.9341
0.018921,-0.00030518,4.9353
0.018311,-0.0021362,4.9438
0.017395,-0.0018311,4.9365
0.015564,0.0013733,4.9316
0.015717,0.0033569,4.9316
0.015717,0.004425,4.9255
0.017548,0.0022888,4.9268
0.018768,-0.00061035,4.9219
0.018768,-0.0018311,4.9207
0.018463,-0.0022888,4.9207
0.018158,0.00015259,4.9194
0.018311,0.0032043,4.9182
0.019379,0.0061035,4.917
0.021057,0.0042725,4.9194
0.02121,0.0021362,4.9133
0.021667,0.00030518,4.9158
0.020599,-0.0041199,4.9121
0.019989,0.00061035,4.9158
0.018616,0.0015259,4.9084
0.018768,0.0010681,4.9158
0.0177,0.00015259,4.9207
0.019531,-0.0018311,4.9121
0.019531,-0.0036621,4.8975
0.019836,-0.0045776,4.906
0.019073,-0.0032043,4.8999
0.018616,-0.0015259,4.9097
0.018005,0.00030518,4.9048
0.018616,0.0015259,4.9072
0.019836,0.00076294,4.9109
0.02121,-0.0019836,4.9036
0.019531,-0.0033569,4.9121
0.020752,-0.004425,4.9146
0.019379,-0.0036621,4.9231
0.019226,-0.0027466,4.9207
0.018616,-0.0028992,4.9268
0.02121,-0.0030518,4.9255
0.023346,-0.0047302,4.928
0.023956,-0.0056458,4.9341
0.024261,-0.0065613,4.9292
0.023804,-0.0056458,4.9304
0.023041,-0.0045776,4.9316
0.02182,-0.0035095,4.939
0.020905,-0.0028992,4.9353
0.021667,-0.0024414,4.9146
0.021362,-0.0036621,4.9292
0.02121,-0.0042725,4.928
0.018158,-0.0041199,4.9377
0.019379,-0.002594,4.9353
0.018463,0.00015259,4.9316
0.018463,0.0015259,4.9365
0.019379,0.0033569,4.9341
0.020905,0.0030518,4.9341
0.022125,0.0012207,4.9377
0.021667,0.0010681,4.9268
0.019989,0.0016785,4.928
0.018158,0.0032043,4.928
0.018311,0.0053406,4.9377
0.0177,0.0059509,4.9243
0.018768,0.0048828,4.928
0.019226,0.0030518,4.9231
0.019836,0.00030518,4.9011
0.019073,-0.0010681,4.9146
0.016937,-0.00091553,4.9133
0.016174,-0.00076294,4.9109
0.015869,0.0012207,4.9146
0.017395,-0.0022888,4.906
0.018005,-0.005188,4.9109
0.018005,-0.0079346,4.9072
0.018005,-0.009613,4.9109
0.016785,-0.0067139,4.9084
0.016174,-0.0036621,4.9133
0.015869,-0.00076294,4.9121
0.016022,0.00076294,4.9133
0.01709,0.00045776,4.9158
0.0177,-0.00076294,4.9109
0.018005,-0.0028992,4.906
0.018005,-0.0019836,4.9158
0.018768,-0.0010681,4.906
0.019379,0.00015259,4.9158
0.017395,0.00076294,4.9146
0.020905,-0.00030518,4.9207
0.022125,-0.0013733,4.9231
0.02243,-0.0018311,4.9207
0.023804,-0.00030518,4.9243
0.022888,0.0021362,4.928
0.023041,0.0039673,4.9304
0.023651,0.0065613,4.9353
0.023041,0.0057983,0.063477
0.023193,0.0038147,0.061035
0.023499,0.00076294,0.064697
0.023804,-0.0013733,0.063477
0.023499,-0.0015259,0.061035
0.023804,-0.00015259,0.068359
0.022888,0.0013733,0.064697
0.021057,0.0018311,0.075684
0.019989,0.0013733,0.062256
0.019989,0.00061035,0.054932
0.019379,-0.00015259,0.063477
0.018616,0.00061035,0.063477
0.018768,0.0021362,0.061035
0.018005,0.0033569,0.062256
0.016785,0.0032043,0.054932
0.016479,0.0012207,0.057373
0.015869,-0.00061035,0.053711
0.016327,-0.002594,0.054932
0.016022,-0.0032043,0.048828
0.016632,-0.002594,0.05127
0.015106,-0.00061035,0.05249
0.014038,0.00076294,0.047607
0.013275,0.00061035,0.050049
0.013275,-0.00091553,0.047607
0.014038,-0.0018311,0.043945
0.014496,-0.0028992,0.039063
0.015259,-0.0028992,0.0354
0.014343,-0.0018311,0.040283
0.014191,-0.00091553,0.040283
0.014343,-0.0013733,0.036621
0.015869,-0.0010681,0.037842
0.0177,-0.00091553,0.032959
0.018158,-0.00030518,0.040283
0.02182,-0.0045776,0.036621
0.019684,0.0010681,0.041504
0.019226,0.0021362,0.037842
0.018616,0.00030518,0.042725
0.018768,0.0010681,0.041504
0.018463,-0.00091553,0.043945
0.019073,-0.0032043,0.042725
0.018616,-0.0064087,0.048828
0.019379,-0.005188,0.053711
0.019226,-0.0033569,0.048828
0.019073,-0.0021362,0.061035
0.018158,-0.00091553,0.056152
0.01709,0.00045776,0.041504
0.016937,0.0015259,0.058594
0.016785,0.0019836,0.063477
0.01709,0.0024414,0.061035
0.017242,0.0042725,0.059814
0.017548,0.005188,0.058594
0.0177,0.004425,0.067139
0.018158,0.0024414,0.053711
0.017853,0,0.064697
0.020599,-0.0015259,0.058594
0.02121,-0.0022888,0.070801
0.02121,-0.00061035,0.067139
0.020294,0.0013733,0.065918
0.019531,0.0024414,0.078125
0.019989,0.0033569,0.067139
0.018158,0.0022888,0.062256
0.018311,0.00091553,0.061035
0.018768,0.00015259,0.057373
0.019836,-0.00030518,0.05127
0.020905,0.00061035,0.05249
0.02182,0.00061035,0.05127
0.020752,0.0012207,0.05127
0.02121,-0.00061035,0.047607
0.020447,-0.0015259,0.048828
0.018616,-0.002594,0.043945
0.016174,-0.0028992,0.047607
0.015564,-0.0018311,0.040283
0.014801,-0.0013733,0.045166
0.014648,0.00076294,0.041504
0.016632,-0.0013733,0.041504
0.017242,-0.0028992,0.039063
0.019226,-0.004425,0.041504
0.021057,-0.00045776,0.05127
0.025787,-0.0032043,0.042725
0.024109,-0.00045776,0.05249
0.024414,0.0016785,0.037842
0.024109,0.0027466,0.029297
0.022888,0.0021362,0.037842
0.021515,0.0010681,0.042725
0.020905,-0.00091553,0.037842
0.019989,-0.00091553,0.040283
0.02121,-0.00030518,0.042725
0.02182,0.00030518,0.047607
0.021362,0.0015259,0.045166
0.024109,0.00076294,0.053711
0.025635,0.00045776,0.050049
0.027008,0.00015259,0.056152
0.027924,0,0.059814
0.028992,0.0012207,0.061035
0.027924,0.0016785,0.063477
0.02594,0.0050354,0.058594
0.025482,-0.00076294,0.061035
0.02182,-0.002594,0.062256
0.020142,-0.0035095,0.068359
0.019073,-0.0038147,0.061035
0.019531,-0.0038147,0.048828
0.020294,-0.0022888,0.059814
0.020294,-0.0027466,0.064697
0.02182,-0.0030518,0.062256
0.022125,-0.0030518,0.064697
0.023651,-0.002594,0.067139
0.025177,-0.0015259,0.06958
0.028381,-0.0012207,0.074463
0.027008,-0.00030518,0.063477
0.025787,-0.00045776,0.059814
0.025482,-0.00091553,0.059814
0.024261,-0.0018311,0.053711
0.023804,-0.0018311,0.056152
0.024567,-0.0015259,0.065918
0.024719,0.0028992,0.05249
0.02655,-0.0018311,0.048828
0.027618,-0.0010681,0.045166
0.029449,-0.00091553,0.028076
0.03067,-0.0019836,2.5623
0.031433,0.00061035,4.7742
0.031281,0.0019836,4.9036
0.031281,0.0042725,4.9109
0.031891,0.0045776,4.9084
0.031128,0.0053406,4.9121
0.029602,0.005188,4.9097
0.027924,0.0048828,4.9084
0.026245,0.0038147,4.8999
0.023651,0.0024414,4.9158
0.023804,0.002594,4.9109
0.023346,0.0028992,4.9121
0.021057,0.0022888,4.9084
0.023651,0.0016785,4.9109
0.023346,0.0033569,4.9133
0.022736,0.0027466,4.9121
0.023041,0.0030518,4.917
0.023499,0.0035095,4.9158
0.023041,0.0033569,4.906
0.023193,0.0028992,4.9207
0.023041,0.0010681,4.9207
0.022888,0.00015259,4.9207
0.022125,-0.00091553,4.9231
0.021973,-0.0019836,4.9231
0.021973,-0.0021362,4.9243
0.021667,-0.0016785,4.928
0.02121,-0.0018311,4.9329
0.022278,-0.0016785,4.9304
0.022125,-0.0016785,4.9329
0.023041,-0.0015259,4.9329
0.021515,-0.00045776,4.9304
0.024261,0.00015259,4.9414
0.024872,0.00015259,4.9341
0.025482,0.00030518,4.9353
0.02655,0.0010681,4.9353
0.02655,-0.0015259,4.9316
0.02655,-0.0022888,4.9353
0.027161,-0.002594,4.9353
0.027924,-0.0022888,4.9316
0.028534,-0.0015259,4.9329
0.027924,-0.002594,4.9231
0.028992,-0.0041199,4.9329
0.027618,-0.0039673,4.9231
0.027008,-0.0047302,4.9243
0.025787,-0.0024414,4.9182
0.025787,-0.0016785,4.9194
0.025635,0.00015259,4.9207
0.026245,0.00045776,4.9243
0.025635,0.0015259,4.9146
0.024872,0.0021362,4.9182
0.024567,0.0021362,4.9243
0.023346,0.0024414,4.8999
0.023499,0.0022888,4.9219
0.023956,0.0036621,4.9121
0.023346,0.0038147,4.9048
0.022736,0.0036621,4.9084
0.021667,0.0028992,4.9097
0.02121,0.0035095,4.9133
0.02121,0.0035095,4.9097
0.020447,0.0036621,4.906
0.020447,0.0047302,4.9109
0.021515,0.0053406,4.9109
0.022125,0.0093079,4.9146
0.023041,0.0050354,4.9109
0.023346,0.0045776,4.917
0.023193,0.004425,4.9146
0.022278,0.0038147,4.9182
0.021973,0.0033569,4.9329
0.021973,0.0030518,4.9231
0.02182,0.0024414,4.9268
0.020905,0.0018311,4.9304
0.019989,0.0010681,4.9194
0.019226,0.00015259,4.928
0.019531,0.00015259,4.9231
0.019073,0.00030518,4.9329
0.019073,0.0015259,4.9304
0.019989,0.0028992,4.928
0.019379,0.0035095,4.9329
0.019226,0.0038147,4.9353
0.018921,0.0038147,4.9329
0.018921,0.0030518,4.9316
0.018616,0.0032043,4.9377
0.018768,0.0039673,4.9365
0.019073,0.0048828,4.9329
0.019684,0.0048828,4.939
0.018616,0.0054932,4.939
0.019531,0.005188,4.9402
0.019379,0.0047302,4.9329
0.019073,0.0048828,4.9243
0.016937,0.0050354,4.9329
0.019684,0.0064087,4.9255
0.020752,0.0065613,4.9255
0.020599,0.0053406,4.9255
0.019531,0.0050354,4.9182
0.020599,0.0038147,4.9097
0.019531,0.002594,4.9194
0.020294,0.0028992,4.9146
0.023041,0.0047302,4.9146
0.021057,0.0050354,4.9146
0.020905,0.005188,4.9133
0.020447,0.0045776,4.9158
0.019684,0.0050354,4.9133
0.018616,0.0054932,4.9146
0.017853,0.0059509,4.9182
0.0177,0.0064087,4.9121
0.0177,0.0054932,4.9133
0.018005,0.0045776,4.9097
0.016937,0.0035095,4.9011
0.018005,0.0022888,0.041504
0.018311,0.0027466,0.039063
0.018921,0.0033569,0.037842
0.018921,0.0038147,0.041504
0.019226,0.0038147,0.042725
0.019379,0.0028992,0.045166
0.020294,0.0024414,0.045166
0.019836,0.0024414,0.056152
0.019073,0.0028992,0.050049
0.018311,0.002594,0.057373
0.018311,0.0018311,0.056152
0.018005,0.0013733,0.062256
0.018463,0.00045776,0.056152
0.018005,0.00091553,0.063477
0.018768,0.0016785,0.064697
0.018005,0.0024414,0.063477
0.017853,0.0035095,0.070801
0.01709,0.0050354,0.062256
0.017853,0.0048828,0.05127
0.018311,0.0057983,0.059814
0.018768,0.0059509,0.063477
0.018005,0.0021362,0.063477
0.018616,0.0074768,0.064697
0.017853,0.0076294,0.062256
0.018158,0.0073242,0.06958
0.018158,0.0074768,0.068359
0.019531,0.0065613,0.067139
0.019073,0.0062561,0.062256
0.019379,0.0061035,0.059814
0.019073,0.0041199,0.053711
0.018768,0.0050354,0.058594
0.018311,0.0053406,0.065918
0.0177,0.0050354,0.053711
0.016174,0.0038147,0.048828
0.014648,0.0013733,0.048828
0.013733,-0.00045776,0.030518
0.01358,-0.0042725,0.042725
0.013275,-0.0039673,0.045166
0.013275,-0.0050354,0.043945
0.01297,-0.0061035,0.041504
0.013275,-0.0083923,0.037842
0.012512,-0.0061035,0.042725
0.01358,-0.0068665,0.037842
0.013428,-0.0061035,0.042725
0.012207,-0.0057983,0.037842
0.014496,-0.0042725,0.043945
0.015564,-0.0035095,0.037842
0.016632,-0.0022888,0.041504
0.016785,-0.0016785,0.040283
0.017242,-0.0033569,0.041504
0.018005,-0.0030518,0.045166
0.019073,-0.0022888,0.042725
0.020447,-0.0015259,0.054932
0.022125,-0.00030518,0.043945
0.023346,0.00030518,0.037842
0.024414,-0.00091553,0.048828
0.024567,-0.0015259,0.05249
0.025177,-0.0021362,0.05249
0.025482,-0.0016785,0.057373
0.024872,-0.0010681,0.057373
0.026398,-0.0015259,0.048828
0.02655,-0.0022888,0.058594
0.026093,-0.0028992,0.064697
0.024872,-0.0039673,0.056152
0.023499,-0.0042725,0.062256
0.021515,-0.0036621,0.065918
0.019379,-0.00076294,0.063477
0.019684,-0.0015259,0.06958
0.019531,-0.0010681,0.064697
0.018921,-0.00015259,0.065918
0.019226,-0.0016785,0.064697
0.017395,-0.0010681,0.064697
0.016479,-0.0021362,0.063477
0.015106,0,0.064697
0.014496,-0.0042725,0.061035
0.014954,-0.0053406,0.059814
0.015411,-0.0067139,0.061035
0.016022,-0.007782,0.054932
0.016022,-0.0093079,0.050049
0.016022,-0.010071,0.05249
0.016174,-0.010376,0.046387
0.016785,-0.0093079,0.05249
0.018311,-0.0073242,0.048828
0.018768,-0.0057983,0.047607
0.018768,-0.0041199,0.043945
0.020752,-0.0039673,0.045166
0.017853,-0.0047302,0.054932
0.019684,-0.005188,0.041504
0.020752,-0.0041199,0.048828
0.022736,-0.0036621,0.041504
0.024109,-0.0039673,0.031738
0.023956,-0.0045776,0.036621
0.022888,-0.0050354,0.045166
0.021973,-0.0062561,0.040283
0.02121,-0.007782,0.0354
0.019531,-0.0085449,0.03418
0.018616,-0.0093079,0.040283
0.017548,-0.0085449,0.039063
0.017548,-0.0079346,0.041504
0.016479,-0.0073242,0.037842
0.015869,-0.0064087,0.046387
0.015259,-0.0047302,0.047607
0.016022,-0.0032043,0.05127
0.017242,-0.0013733,0.05127
0.0177,0.00030518,0.056152
0.019684,0.0021362,0.054932
0.019989,0.0028992,0.058594
0.021057,0.0033569,0.054932
0.020142,0.0024414,0.061035
0.019836,0.0019836,0.045166
0.019531,0.0012207,0.061035
0.019531,-0.00015259,0.057373
0.020142,-0.0012207,0.057373
0.02182,-0.0028992,0.063477
0.022125,-0.0028992,0.056152
0.022278,-0.0027466,0.061035
0.022278,-0.0019836,0.061035
0.02243,-0.0022888,0.068359
0.023041,-0.0028992,0.064697
0.023346,-0.0045776,4.5691
0.023346,-0.005188,4.9048
0.023346,-0.0045776,4.9329
0.02182,-0.0038147,4.939
0.02121,-0.0022888,4.9304
0.020599,-0.0019836,4.9329
0.020599,-0.0033569,4.9146
0.020294,-0.0041199,4.9121
0.020142,-0.0054932,4.9194
0.020447,-0.0067139,4.9158
0.020447,-0.0074768,4.9146
0.020599,-0.007782,4.9182
0.020294,-0.0079346,4.9158
0.020294,-0.0073242,4.917
0.020294,-0.0065613,4.9097
0.020905,-0.0054932,4.9146
0.021667,-0.004425,4.9048
0.023346,-0.0038147,4.9146
0.024109,-0.0022888,4.9109
0.023193,-0.0018311,4.9109
0.023041,-0.00061035,4.9084
0.022278,-0.00061035,4.9011
0.024261,0.00015259,4.9084
0.025482,0.0013733,4.9109
0.027161,0.002594,4.9072
0.027313,0.0036621,4.9121
0.027618,0.0035095,4.9072
0.025787,0.0042725,4.9011
0.026093,0.0027466,4.9109
0.02594,0.0024414,4.9158
0.025482,0.0018311,4.917
0.025635,0.00076294,4.9158
0.025177,0.0012207,4.9268
0.023804,0,4.9255
0.022888,-0.0016785,4.9292
0.021515,-0.0021362,4.9243
0.02121,-0.0018311,4.9304
0.021057,-0.00091553,4.9243
0.02121,0.00045776,4.9304
0.021362,0.00091553,4.9426
0.019989,0.00030518,4.9329
0.019989,0.00030518,4.9377
0.019836,0.00030518,4.9353
0.019989,0.00076294,4.9182
0.020447,0.0018311,4.9304
0.02121,0.0032043,4.9304
0.022583,0.0030518,4.9341
0.023346,0.0018311,4.9353
0.024261,0.0010681,4.9329
0.025482,0.0019836,4.9341
0.026398,0.002594,4.9341
0.026703,0.0038147,4.9329
0.027313,0.0059509,4.9255
0.027924,0.0071716,4.9292
0.027618,0.0074768,4.9231
0.025024,0.0068665,4.9268
0.027618,0.0061035,4.928
0.028992,0.0061035,4.9219
0.031128,0.0062561,4.9207
0.028534,0.0076294,4.9207
0.028534,0.0091553,4.9207
0.028992,0.0088501,4.9146
0.027466,0.0085449,4.8962
0.025787,0.0071716,4.9158
0.023346,0.0064087,4.9109
0.022125,0.0057983,4.9084
0.02121,0.0067139,4.9121
0.020294,0.0085449,4.9072
0.019836,0.0097656,4.9133
0.019531,0.009613,4.9097
0.019226,0.0097656,4.9146
0.019226,0.007782,4.9084
0.019684,0.0061035,4.9121
0.019531,0.0056458,4.9084
0.019684,0.0047302,4.9146
0.020752,0.0045776,4.9243
0.020142,0.0039673,4.9182
0.019379,0.0016785,4.9255
0.019684,0.0024414,4.9182
0.018921,0.0021362,4.9121
0.019989,0.002594,4.9243
0.020905,0.0019836,4.9231
0.02121,0.0033569,4.9268
0.02182,0.004425,4.928
0.022583,0.0061035,4.9292
0.022125,0.0039673,4.9329
0.023346,0.0035095,4.9329
0.023346,0.0022888,4.9341
0.024109,0.0019836,4.928
0.023651,0.0018311,4.9341
0.024109,0.0035095,4.9316
0.023041,0.004425,4.9365
0.023499,0.0039673,4.9365
0.023041,0.0050354,4.9353
0.022278,0.0038147,4.9353
0.022888,0.0028992,4.9377
0.022736,0.0036621,4.9451
0.023193,0.004425,4.9377
0.022736,0.0061035,4.9451
0.024567,0.0059509,4.9304
0.021667,0.0056458,4.9304
0.02121,0.0042725,4.9304
0.021362,0.0053406,4.9194
0.022736,0.0021362,4.9207
0.023346,0.0015259,4.9219
0.024261,0.0021362,4.9182
0.023804,0.0028992,4.917
0.023651,0.002594,-0.58594
0.023041,0.0027466,0.048828
0.021667,0.0027466,0.046387
0.021515,0.0061035,0.046387
0.022125,0.0054932,0.058594
0.023193,0.0067139,0.042725
0.023041,0.0067139,0.048828
0.021973,0.0062561,0.041504
0.022125,0.0047302,0.026855
0.02121,0.0022888,0.037842
0.021667,0.00076294,0.040283
0.022583,0.00045776,0.039063
0.022125,0.0010681,0.041504
0.021362,0.0018311,0.036621
0.020752,0.00045776,0.040283
0.020599,0.0016785,0.039063
0.017853,0.00091553,0.040283
0.01709,0.00045776,0.041504
0.018158,0,0.050049
0.018616,0.0012207,0.048828
0.020142,0.00076294,0.054932
0.020142,0.00030518,0.064697
0.020447,-0.0039673,0.057373
0.020905,0.0024414,0.056152
0.020294,0.002594,0.061035
0.021057,0.0036621,0.063477
0.02121,0.0030518,0.064697
0.02121,0.0022888,0.054932
0.019989,-0.00045776,0.063477
0.022125,-0.005188,0.059814
0.019073,-0.0061035,0.059814
0.019073,-0.0054932,0.063477
0.019226,-0.0041199,0.061035
0.01709,0.00076294,0.067139
0.020142,0.0033569,0.061035
0.020905,0.0027466,0.068359
0.020752,0.0021362,0.065918
0.020447,0.0016785,0.063477
0.018463,0.0010681,0.065918
0.016785,0.0022888,0.064697
0.016479,0.002594,0.06958
0.0177,0.0013733,0.058594
0.019073,0,0.062256
0.019989,-0.00045776,0.05127
0.019684,0.00076294,0.041504
0.018768,0.0022888,0.05127
0.017242,0.0033569,0.048828
0.01709,0.0035095,0.043945
0.018768,0.0016785,0.046387
0.019379,0.00015259,0.042725
0.020294,-0.0018311,0.045166
0.019531,-0.0030518,0.041504
0.018768,-0.0028992,0.042725
0.018463,-0.0045776,0.037842
0.019836,-0.0042725,0.041504
0.02121,-0.0030518,0.042725
0.021515,-0.0022888,0.043945
0.022278,0.00015259,0.039063
0.022736,0.0010681,0.031738
0.020905,0.0010681,0.037842
0.019989,0.0010681,0.041504
0.019379,-0.0012207,0.036621
0.019531,-0.0039673,0.039063
0.020447,-0.0065613,0.028076
0.020447,-0.005188,0.040283
0.019684,-0.0038147,0.047607
0.018005,-0.00030518,0.045166
0.018311,0.002594,0.048828
0.016022,0.0032043,0.047607
0.018616,0.0022888,0.058594
0.02182,0.0015259,0.053711
0.022583,0.00061035,0.058594
0.023499,-0.00030518,0.058594
0.023804,-0.00076294,0.070801
0.023041,-0.0024414,0.061035
0.020905,-0.0039673,0.064697
0.019684,-0.0059509,0.073242
0.018616,-0.0076294,0.061035
0.017548,-0.0068665,0.064697
0.014648,-0.0042725,0.062256
0.016937,-0.00076294,0.047607
0.015869,0.0018311,0.059814
0.016937,0.0038147,0.063477
0.018616,0.0035095,0.067139
0.021362,0.0028992,0.065918
0.024567,0.0022888,0.061035
0.02655,0.0016785,0.067139
0.026855,0.0010681,0.061035
0.025024,-0.00015259,0.056152
0.024109,-0.0019836,0.05249
0.021667,-0.0030518,0.046387
0.019989,-0.0033569,0.05249
0.019684,-0.0030518,0.05249
0.018921,-0.0024414,0.053711
0.019531,-0.0027466,0.05127
0.019226,-0.0039673,0.050049
0.016632,-0.0057983,0.048828
0.018005,-0.007782,0.053711
0.018463,-0.0086975,0.042725
0.018158,-0.0090027,0.05127
0.0177,-0.0082397,0.037842
0.016022,-0.007782,0.036621
0.014343,-0.0061035,0.037842
0.012512,-0.0050354,0.040283
0.01236,-0.0028992,0.036621
0.012665,-0.0015259,0.040283
0.014496,-0.00015259,0.03418
0.015717,0.00015259,0.040283
0.0177,0.0013733,0.037842
0.019989,0.0019836,0.041504
0.020905,0.0024414,0.042725
0.021515,0.0027466,0.042725
0.023193,0.0019836,0.053711
0.023499,0.00045776,0.046387
0.022888,-0.00015259,0.054932
0.025177,-0.00076294,0.046387
0.023346,-0.00061035,0.041504
0.024261,0.00015259,0.05127
0.024414,0.0019836,2.1692
0.023956,0.0028992,4.762
0.023346,0.0022888,4.9133
0.023651,0.00061035,4.9243
0.023956,-0.0027466,4.9304
0.023193,-0.00091553,4.928
0.021362,-0.0018311,4.9341
0.018463,0.00045776,4.9304
0.016327,0.0015259,4.9316
0.014954,0.00076294,4.9329
0.013275,0.00015259,4.9341
0.012665,0.00015259,4.9304
0.011749,0,4.9377
0.010834,0,4.9414
0.011444,0.0012207,4.9365
0.011749,0.0013733,4.9438
0.011292,-0.00061035,4.9365
0.012665,-0.00076294,4.917
0.01297,-0.0038147,4.928
0.013733,-0.0019836,4.9255
0.014496,0.0015259,4.9255
0.015106,0.0028992,4.9268
0.015259,0.00015259,4.9182
0.016632,0.0021362,4.9194
0.016937,0,4.9158
0.017548,0.00015259,4.9194
0.017853,0.00091553,4.9121
0.019684,0.00015259,4.9194
0.020905,0.0019836,4.9146
0.022125,0.0022888,4.917
0.022888,0.0010681,4.9207
0.022736,0.0010681,4.9158
0.02121,-0.00030518,4.906
0.020142,-0.00045776,4.9121
0.018921,-0.0028992,4.895
0.018158,-0.002594,4.9084
0.018616,-0.0018311,4.9109
0.018616,-0.00045776,4.9011
0.016937,0.00091553,4.9109
0.015717,-0.00045776,4.9048
0.014954,-0.00015259,4.9084
0.016022,-0.00091553,4.9084
0.016937,0.0035095,4.9158
0.018463,0.0074768,4.9121
0.015717,0.010529,4.9207
0.018768,0.010223,4.9194
0.020294,0.0091553,4.9219
0.020294,0.0057983,4.917
0.022736,0.0028992,4.9268
0.023193,-0.00061035,4.9316
0.023956,-0.00091553,4.9304
0.024719,-0.00076294,4.9402
0.024261,-0.0019836,4.9304
0.023956,-0.0018311,4.9194
0.023499,-0.0047302,4.9329
0.022888,-0.0059509,4.9304
0.023193,-0.0048828,4.9292
0.027161,-0.0028992,4.9353
0.028381,0.0013733,4.9255
0.029907,0.005188,4.9365
0.031281,0.0056458,4.9329
0.032043,0.004425,4.9377
0.031433,0.0022888,4.9316
0.027771,0.00076294,4.9377
0.028992,0.00061035,4.9341
0.027313,0.0022888,4.9353
0.026245,0.0013733,4.9377
0.025177,0.0047302,4.9316
0.024261,0.0033569,4.9231
0.023346,0.00076294,4.9231
0.022125,-0.00061035,4.9182
0.021362,-0.0019836,4.9207
0.022278,-0.0012207,4.9146
0.023804,0.00061035,4.9158
0.02533,0.0013733,4.9207
0.025787,0.0012207,4.9182
0.026093,-0.00061035,4.9146
0.025177,-0.002594,4.9097
0.023804,-0.0061035,4.9133
0.024261,-0.004425,4.9133
0.024261,-0.0019836,4.9097
0.024109,-0.0016785,4.9109
0.025177,-0.00015259,4.9109
0.025024,-0.00045776,4.906
0.025787,-0.0018311,4.9121
0.025482,-0.0021362,4.9194
0.025482,-0.0013733,4.9109
0.026093,0.00091553,4.9182
0.026398,0.0036621,4.9133
0.028076,0.004425,4.9023
0.02594,0.0042725,4.9146
0.025024,0.0028992,4.9158
0.024109,0,4.9182
0.021973,-0.0013733,4.9194
0.024261,-0.0012207,4.9158
0.025177,-0.00030518,4.9268
0.027466,0.0010681,4.9292
0.025177,0.00091553,4.9304
0.023651,-0.0010681,4.928
0.023041,-0.0032043,4.9353
0.022888,-0.0021362,4.9292
0.022583,-0.0028992,4.9329
0.024109,-0.00015259,4.9438
0.024261,0.0019836,4.9304
0.023804,0.0022888,4.9304
0.023346,0.0010681,4.9341
0.02182,-0.0015259,4.9304
0.021973,-0.0036621,4.9329
0.022125,-0.0030518,0.070801
0.02243,-0.0015259,0.065918
0.022278,0.0018311,0.064697
0.020599,0.0038147,0.064697
0.022278,0.0053406,0.063477
0.020905,0.0047302,0.058594
0.021362,0.0027466,0.058594
0.02121,0.0042725,0.053711
0.021973,0.0061035,0.053711
0.023041,0.0091553,0.05249
0.023651,0.0094604,0.05249
0.024414,0.011292,0.05249
0.023651,0.0094604,0.050049
0.024261,0.0067139,0.058594
0.023956,0.0057983,0.046387
0.023499,0.0035095,0.058594
0.023956,0.0038147,0.042725
0.023956,0.0050354,0.041504
0.023956,0.005188,0.040283
0.023346,0.0038147,0.041504
0.022583,0.0010681,0.0354
0.022583,0.00030518,0.040283
0.022888,-0.00015259,0.037842
0.023041,0.0012207,0.043945
0.023041,0.0033569,0.0354
0.022736,0.004425,0.03418
0.021667,0.0061035,0.039063
0.019836,0.0056458,0.039063
0.019531,0.0045776,0.043945
0.018005,0.0032043,0.050049
0.018921,0.0038147,0.053711
0.018463,0.0038147,0.048828
0.018616,0.0047302,0.050049
0.018005,0.0047302,0.05249
0.017548,0.0038147,0.050049
0.0177,0.00091553,0.053711
0.019379,-0.00061035,0.050049
0.020447,-0.0022888,0.057373
0.021667,-0.0024414,0.061035
0.02182,-0.0018311,0.058594
0.020447,-0.0012207,0.061035
0.021057,-0.00091553,0.061035
0.019989,-0.004425,0.062256
0.020905,-0.0048828,0.057373
0.022278,-0.0059509,0.062256
0.023956,-0.0056458,0.064697
0.02533,-0.0045776,0.063477
0.025482,-0.0010681,0.062256
0.023956,0.00076294,0.067139
0.024719,0.00045776,0.075684
0.024872,-0.00061035,0.064697
0.02594,-0.0012207,0.072021
0.02655,-0.0010681,0.064697
0.027313,0.00091553,0.05127
0.025482,0.0045776,0.056152
0.024109,0.0059509,0.056152
0.022583,0.007019,0.05127
0.021057,0.0062561,0.05127
0.021515,0.0053406,0.046387
0.02182,0.0045776,0.048828
0.024261,0.0048828,0.046387
0.025024,0.0054932,0.047607
0.024719,0.0056458,0.045166
0.023193,0.0054932,0.048828
0.022583,0.0038147,0.042725
0.021057,0.0021362,0.045166
0.02121,-0.0012207,0.046387
0.020447,0.00045776,0.040283
0.020142,0.0016785,0.036621
0.018463,0.0035095,0.042725
0.01709,0.0053406,0.026855
0.016327,0.0050354,0.039063
0.016479,0.0041199,0.039063
0.017548,0.0030518,0.039063
0.019989,0.0024414,0.040283
0.02243,0.0028992,0.037842
0.023499,0.0035095,0.042725
0.023193,0.0045776,0.039063
0.021057,0.0047302,0.043945
0.019226,0.0050354,0.042725
0.0177,0.0048828,0.05127
0.017395,0.005188,0.05249
0.018005,0.0047302,0.054932
0.018463,0.0054932,0.053711
0.018158,0.0064087,0.057373
0.017548,0.0065613,0.064697
0.01709,0.0067139,0.062256
0.018005,0.0059509,0.073242
0.019684,0.0010681,0.063477
0.020905,0.0039673,0.050049
0.021973,0.0030518,0.058594
0.02121,0.0030518,0.059814
0.018158,0.0028992,0.058594
0.016479,0.0024414,0.063477
0.014191,0.0015259,0.062256
0.012054,0.00091553,0.064697
0.01236,0,0.064697
0.013733,-0.00045776,0.067139
0.014801,0,0.062256
0.014191,0.0010681,0.062256
0.012665,0.0024414,0.063477
0.011597,0.0036621,0.062256
0.012054,0.0038147,0.062256
0.01358,0.002594,0.056152
0.015717,0.0018311,0.057373
0.016937,0.0010681,0.05249
0.017242,0.00091553,0.053711
0.016327,0.0010681,0.047607
0.016174,0.0016785,0.045166
0.016327,0.0018311,0.042725
0.017242,0.0016785,0.042725
0.017395,0.00045776,0.045166
0.019073,0.00076294,0.043945
0.019073,0.00015259,0.036621
0.0177,-0.0022888,0.043945
0.016937,0,0.036621
0.016937,0.00030518,0.039063
0.018005,0.0010681,0.040283
0.019073,0.00076294,3.031
0.021973,-0.00015259,4.7925
0.023346,-0.00076294,4.8999
0.022736,-0.00030518,4.9194
0.020142,-0.0018311,4.906
0.018768,-0.0015259,4.917
0.0177,-0.00091553,4.9109
0.018463,0.0035095,4.8962
0.020294,-0.00076294,4.9133
0.021515,-0.0013733,4.9146
0.021362,-0.0013733,4.917
0.019836,-0.0012207,4.9182
0.018158,-0.00045776,4.9158
0.017853,0.00015259,4.9255
0.0177,-0.00015259,4.9255
0.019379,-0.0032043,4.9292
0.020447,-0.002594,4.9243
0.019989,-0.0039673,4.9329
0.019989,-0.0045776,4.9304
0.016174,-0.0045776,4.9353
0.014954,-0.0039673,4.9353
0.015106,-0.0021362,4.9316
0.017853,-0.0016785,4.928
0.021057,-0.0015259,4.9304
0.023804,-0.0012207,4.9426
0.024567,-0.0010681,4.9329
0.022125,-0.00015259,4.9353
0.02182,0.00076294,4.9365
0.022736,0.0016785,4.9341
0.023193,0.0035095,4.9304
0.02533,0.0035095,4.9353
0.027466,0.0038147,4.9304
0.028687,0.0027466,4.9304
0.028229,0.0028992,4.9255
0.026093,0.00091553,4.9304
0.024719,-0.00015259,4.9194
0.024414,-0.00015259,4.9231
0.023804,-0.00045776,4.9194
0.02594,-0.0018311,4.9255
0.024719,-0.0033569,4.9255
0.022583,-0.005188,4.9158
0.020142,-0.0068665,4.9194
0.016632,-0.0065613,4.9133
0.016327,-0.0062561,4.8999
0.017548,-0.0093079,4.9133
0.017548,-0.0064087,4.9097
0.021515,-0.005188,4.9084
0.021515,-0.0061035,4.9084
0.020905,-0.0076294,4.9109
0.019684,-0.0059509,4.9097
0.018921,-0.0053406,4.906
0.020142,-0.0036621,4.9109
0.022583,-0.0021362,4.9072
0.025787,-0.0015259,4.9121
0.027924,-0.0013733,4.9109
0.028839,-0.0016785,4.9158
0.027008,-0.00061035,4.9109
0.024872,0.00030518,4.917
0.028534,0.0019836,4.9158
0.031738,0.0013733,4.9182
0.034027,-0.00015259,4.9268
0.037231,-0.00091553,4.9268
0.036011,-0.0028992,4.9109
0.030212,-0.0018311,4.9255
0.029297,-0.00045776,4.9268
0.027618,0.0013733,4.9304
0.028534,0.0022888,4.9292
0.029297,0.0061035,4.9292
0.03006,0.002594,4.9365
0.028992,0.0021362,4.9304
0.02655,0.0018311,4.9316
0.023651,0.0015259,4.9304
0.021973,0.0019836,4.9377
0.020599,0.0032043,4.9329
0.02243,0.0041199,4.9353
0.022736,0.0039673,4.95
0.022736,0.0030518,4.9365
0.020752,0.0015259,4.9365
0.019226,0.00045776,4.9353
0.017395,0.00076294,4.9133
0.01709,0.00091553,4.928
0.019531,0,4.928
0.02243,0.00091553,4.9255
0.024567,-0.00091553,4.9243
0.024719,-0.0030518,4.9182
0.023041,-0.0033569,4.9207
0.020599,-0.0030518,4.917
0.019379,-0.0019836,4.9158
0.019226,0.00030518,4.9158
0.020599,0.00091553,4.9194
0.022278,-0.00061035,4.9158
0.023956,-0.0033569,4.9158
0.022888,-0.0050354,4.9121
0.021362,-0.0057983,4.9133
0.021362,-0.0050354,4.9084
0.020905,-0.0027466,4.9121
0.022278,-0.0016785,4.906
0.023193,-0.0024414,4.9072
0.023041,-0.0028992,4.8914
0.023041,-0.0041199,4.9133
0.020142,-0.0036621,4.9084
0.018005,-0.0012207,4.9084
0.017242,0.00015259,4.9133
0.018005,0.00091553,4.9109
0.019989,0.00045776,4.9158
0.020905,-0.0027466,4.9133
0.019989,-0.0048828,4.9207
0.017548,-0.0056458,4.917
0.014496,-0.0048828,4.9231
0.012817,-0.0032043,0.057373
0.01236,-0.0012207,0.058594
0.014191,-0.0010681,0.064697
0.015869,-0.0028992,0.063477
0.01709,-0.0050354,0.073242
0.016937,-0.0067139,0.059814
0.016174,-0.0059509,0.05249
0.016479,-0.0033569,0.059814
0.016479,-0.00015259,0.062256
0.018463,0.0016785,0.062256
0.019989,0.0010681,0.061035
0.022888,-0.00091553,0.061035
0.023499,-0.0015259,0.064697
0.02243,-0.00045776,0.064697
0.02121,0.0021362,0.06958
0.020447,0.0053406,0.063477
0.022125,0.0065613,0.067139
0.020752,0.0045776,0.065918
0.025177,0.0012207,0.062256
0.026245,-0.0010681,0.062256
0.024719,-0.0016785,0.058594
0.022736,0.0010681,0.056152
0.020142,0.0027466,0.05127
0.0177,0.0036621,0.053711
0.019989,0.004425,0.05127
0.019684,0.0019836,0.045166
0.021362,-0.00045776,0.045166
0.021057,-0.0018311,0.045166
0.018768,-0.0012207,0.040283
0.016479,0,0.043945
0.017242,0.0021362,0.037842
0.016785,0.0016785,0.042725
0.020142,0.0013733,0.036621
0.020142,-0.00030518,0.039063
0.020447,-0.00045776,0.043945
0.020447,0.00045776,0.041504
0.019684,0.0018311,0.0354
0.019531,0.0041199,0.043945
0.020447,0.0056458,0.054932
0.023346,0.004425,0.042725
0.024567,0.002594,0.043945
0.025024,-0.00076294,0.042725
0.024414,-0.00045776,0.028076
0.022736,0.00030518,0.043945
0.019989,0.0036621,0.046387
0.019226,0.0054932,0.048828
0.018921,0.007019,0.053711
0.019836,0.0053406,0.047607
0.020447,0.0019836,0.057373
0.020447,-0.00030518,0.058594
0.019684,-0.00045776,0.059814
0.018616,-0.00030518,0.058594
0.019379,0.0028992,0.064697
0.018158,0.0068665,0.058594
0.014801,0.0035095,0.065918
0.019226,0.0016785,0.072021
0.020447,-0.00076294,0.062256
0.020142,-0.0019836,0.058594
0.019531,-0.00076294,0.053711
0.019073,0.002594,0.072021
0.019531,0.004425,0.064697
0.022278,0.005188,0.073242
0.023956,0.0039673,0.065918
0.026703,0.0010681,0.065918
0.028229,0.0010681,0.061035
0.03006,0.0016785,0.064697
0.025482,0.0050354,0.058594
0.023499,0.0082397,0.057373
0.023956,0.011444,0.054932
0.024872,0.0088501,0.057373
0.026245,0.0074768,0.046387
0.02655,0.0048828,0.05127
0.024719,0.0042725,0.050049
0.020142,0.0065613,0.046387
0.021057,0.0094604,0.056152
0.020142,0.011139,0.046387
0.021973,0.0099182,0.05127
0.022888,0.010376,0.043945
0.023956,0.0071716,0.032959
0.022736,0.0054932,0.040283
0.02182,0.0082397,0.040283
0.018921,0.0067139,0.037842
0.019073,0.010834,0.039063
0.020142,0.011749,0.036621
0.02243,0.0099182,0.039063
0.022736,0.007782,0.036621
0.023651,0.0045776,0.041504
0.021515,0.0050354,0.03418
0.019379,0.0059509,0.042725
0.018158,0.0083923,0.042725
0.017853,0.0091553,0.046387
0.014954,0.0086975,0.046387
0.019531,0.0053406,0.047607
0.02121,0.0030518,0.053711
0.019989,0.0019836,0.05127
0.018616,0.002594,0.062256
0.016632,0.004425,0.057373
0.01709,0.0045776,0.05249
0.015411,0.0045776,0.056152
0.019226,0.0027466,0.063477
0.019989,0,0.061035
0.019379,-0.0010681,0.062256
0.018311,-0.00076294,0.057373
0.018005,0.0013733,0.062256
0.017395,0.0032043,0.056152
0.018463,0.002594,0.061035
0.021515,0.00045776,0.061035
0.023193,-0.002594,0.065918
0.023499,-0.0053406,0.063477
0.02243,-0.0041199,0.064697
0.02182,-0.0010681,0.076904
0.020905,0.0042725,0.064697
0.021515,0.0079346,0.063477
0.021515,0.0079346,0.064697
0.024261,0.0071716,0.048828
0.025024,0.004425,0.053711
0.024719,0.0027466,0.05127
0.023193,0.0022888,0.05249
0.023193,0.0050354,4.4519
0.023041,0.0071716,4.8853
0.023651,0.0067139,4.9133
0.024414,0.0056458,4.9158
0.025024,0.00091553,4.9146
0.024261,0.00030518,4.9109
0.022278,0.0022888,4.9158
0.021057,0.0027466,4.9146
0.019531,0.005188,4.906
0.021057,0.0065613,4.9097
0.023041,0.0042725,4.9109
0.024414,0.00045776,4.9194
0.02594,-0.002594,4.9109
0.025787,-0.0039673,4.9194
0.025482,-0.0032043,4.9072
0.024109,0.00045776,4.9011
0.022125,0.0027466,4.9097
0.02182,0.00091553,4.9084
0.021973,0.0015259,4.9084
0.022736,-0.0015259,4.9109
0.022888,-0.0030518,4.9097
0.020752,-0.004425,4.9146
0.02121,-0.00045776,4.917
0.020294,0.0024414,4.9219
0.020294,0.0039673,4.917
0.020447,0.0028992,4.9243
0.021667,0.0010681,4.9255
0.021515,-0.0010681,4.9292
0.020752,-0.0019836,4.9329
0.019379,-0.0012207,4.9329
0.018616,0.00091553,4.9316
0.019226,0.0030518,4.9329
0.019836,0.0036621,4.9365
0.02243,0.0022888,4.9304
0.023193,0.00015259,4.928
0.02243,-0.0013733,4.9329
0.023193,-0.0018311,4.9304
0.020294,-0.0010681,4.9316
0.020142,0,4.9353
0.021057,0.00015259,4.9353
0.023041,-0.0021362,4.9353
0.024567,-0.002594,4.9377
0.025482,-0.0038147,4.9353
0.024567,-0.0030518,4.9316
0.023651,-0.0016785,4.9304
0.022125,0.00045776,4.9255
0.02182,0.0019836,4.9304
0.019684,0.0018311,4.9402
0.022736,0.0012207,4.9231
0.022125,-0.00045776,4.9231
0.021515,-0.0010681,4.9194
0.019989,-0.00061035,4.9036
0.019226,0.0016785,4.9158
0.018616,0.0027466,4.9121
0.019531,0.0016785,4.917
0.021973,0.0024414,4.9109
0.023956,0,4.9097
0.025024,-0.0021362,4.9109
0.02533,-0.0030518,4.906
0.023041,-0.002594,4.9133
0.023193,-0.00061035,4.9097
0.02182,0.0010681,4.9146
0.022278,0.0012207,4.9097
0.02243,-0.00061035,4.9133
0.022736,-0.0027466,4.9023
0.02243,-0.0054932,4.9133
0.022888,-0.0032043,4.9097
0.022888,-0.00091553,4.9097
0.022736,0.0021362,4.9072
0.023651,0.0027466,4.9084
0.023956,0.0012207,4.9011
0.024414,-0.0010681,4.9207
0.023956,-0.0041199,4.9194
0.023041,-0.0050354,4.9219
0.021515,-0.0035095,4.9329
0.020447,-0.0016785,4.9268
0.020294,0.00061035,4.9292
0.021362,0.00030518,4.928
0.022888,-0.00091553,4.9329
0.023956,-0.0016785,4.9292
0.024414,-0.0022888,4.9341
0.024261,-0.00061035,4.9316
0.023651,0.0032043,4.9329
0.023041,0.0062561,4.9402
0.022583,0.0068665,4.9377
0.023193,0.0057983,4.9438
0.023346,0.0033569,4.9353
0.023193,0.0013733,4.9255
0.02121,0.00076294,4.9377
0.022278,0.0016785,4.9304
0.021362,0.0033569,4.9304
0.022125,0.004425,4.9353
0.022125,0.0033569,4.9292
0.022583,0.0013733,4.9292
0.022583,0.00015259,4.9231
0.02243,-0.00030518,4.9292
0.021973,-0.00030518,4.9182
0.02121,0.00076294,4.9194
0.019836,0.0010681,4.9243
0.017548,-0.00045776,4.9207
0.017548,-0.0022888,4.9158
0.016937,-0.0045776,4.9084
0.016022,-0.0065613,4.917
0.016785,-0.007019,4.9121
0.014954,-0.0054932,4.906
0.015564,-0.0039673,4.9121
0.015259,-0.0016785,4.9097
0.018005,-0.002594,4.9097
0.019989,-0.0028992,4.9109
0.023041,-0.0035095,0.036621
0.024719,0.00015259,0.042725
0.027008,-0.00091553,0.036621
0.027618,0.0016785,0.042725
0.026703,0.0041199,0.036621
0.025787,0.0054932,0.041504
0.026703,0.0056458,0.042725
0.027161,0.0048828,0.045166
0.027161,0.005188,0.041504
0.026855,0.0068665,0.048828
0.026703,0.0088501,0.059814
0.026245,0.0099182,0.05127
0.025177,0.0093079,0.065918
0.02533,0.0068665,0.057373
0.024261,0.0035095,0.043945
0.023651,0,0.057373
0.022125,-0.0024414,0.062256
0.019989,-0.0027466,0.061035
0.018158,-0.002594,0.059814
0.015259,-0.0022888,0.054932
0.012512,-0.0036621,0.064697
0.010681,-0.0054932,0.062256
0.0082397,-0.0073242,0.064697
0.0085449,-0.0076294,0.059814
0.0086975,-0.0085449,0.065918
0.0099182,-0.0079346,0.064697
0.011292,-0.0082397,0.067139
0.013428,-0.0093079,0.078125
0.015411,-0.010681,0.065918
0.017548,-0.013123,0.057373
0.019073,-0.014038,0.063477
0.021515,-0.012512,0.058594
0.022278,-0.0099182,0.054932
0.023041,-0.0062561,0.05249
0.023651,-0.0039673,0.05127
0.021973,-0.0033569,0.05127
0.021667,-0.0033569,0.048828
0.021973,-0.0038147,0.047607
0.023956,-0.0030518,0.045166
0.022583,-0.0032043,0.048828
0.023041,-0.00076294,0.039063
0.023193,0.0022888,0.047607
0.022736,0,0.042725
0.023193,-0.00091553,0.042725
0.02182,-0.00076294,0.040283
0.02121,-0.00076294,0.041504
0.019379,0.0016785,0.050049
0.018463,0.0041199,0.041504
0.0177,0.0059509,0.054932
0.015717,0.0057983,0.037842
0.014038,0.0056458,0.029297
0.013123,0.0042725,0.036621
0.011292,0.0039673,0.040283
0.011292,0.0030518,0.036621
0.010376,0.0056458,0.043945
0.011597,0.0067139,0.041504
0.011444,0.0064087,0.045166
0.011749,0.0074768,0.046387
0.012665,0.0076294,0.054932
0.012665,0.0073242,0.048828
0.013275,0.0083923,0.054932
0.014343,0.0091553,0.056152
0.016632,0.012054,0.061035
0.020294,0.016174,0.067139
0.023804,0.019073,0.062256
0.027618,0.023041,0.062256
0.031281,0.025635,0.062256
0.035095,0.025482,0.068359
0.037994,0.024414,0.063477
0.040283,0.024414,0.061035
0.041504,0.021515,0.056152
0.041809,0.019073,0.064697
0.040894,0.013733,0.063477
0.039978,0.0085449,0.064697
0.036163,0.0039673,0.063477
0.028992,0.00076294,0.06958
0.023956,-0.00015259,0.059814
0.017548,-0.0015259,0.062256
0.009613,-0.0028992,0.063477
0.0030518,-0.0050354,0.061035
-0.0013733,-0.0090027,0.05127
-0.0048828,-0.014648,0.057373
-0.007019,-0.020447,0.063477
-0.007019,-0.024109,0.047607
-0.0061035,-0.027924,0.05249
-0.0041199,-0.029449,0.048828
-0.00030518,-0.028687,0.031738
0.0050354,-0.025787,0.043945
0.011749,-0.019836,0.045166
0.018158,-0.010223,0.042725
0.024872,0.00030518,0.040283
0.032043,0.011292,0.037842
0.039368,0.019531,0.041504
0.046234,0.023804,0.031738
0.05127,0.023346,0.041504
0.056915,0.019836,0.039063
0.058899,0.014038,0.041504
0.056915,0.0068665,0.041504
0.05188,0.0036621,0.039063
0.049133,0.00076294,0.041504
0.044556,-0.0057983,0.040283
0.037231,-0.0010681,0.037842
0.033112,-0.00091553,0.045166
0.030518,0.0016785,0.046387
0.029297,0.0039673,0.043945
0.031128,0.0076294,0.036621
0.032501,0.0090027,0.050049
0.032806,0.0094604,0.05127
0.032501,0.0079346,0.053711
0.031128,0.0047302,0.054932
0.027466,0.0021362,0.057373
0.02243,0.0012207,0.062256
0.020447,-0.00061035,0.058594
0.012512,-0.002594,0.063477
0.009613,-0.005188,0.057373
0.0094604,-0.0097656,0.054932
0.010071,-0.014191,0.061035
0.013275,-0.018005,2.9956
0.018158,-0.020599,4.8206
0.022125,-0.020752,4.9231
0.027618,-0.02243,4.9353
0.030823,-0.015717,4.9353
0.032806,-0.013123,4.928
0.032959,-0.012665,4.9329
0.031891,-0.0073242,4.9316
0.032043,-0.0039673,4.9194
0.029449,0.00045776,4.9304
0.031738,0.0054932,4.9329
0.033875,0.0085449,4.928
0.036316,0.0090027,4.9219
0.03952,0.0065613,4.9146
0.040588,0.0039673,4.917
0.040894,-0.00045776,4.9194
0.038452,-0.0041199,4.9207
0.035248,-0.0076294,4.9194
0.031433,-0.0093079,4.9133
0.028076,-0.010071,4.9121
0.025024,-0.0093079,4.9243
0.021057,-0.0080872,4.9121
0.019073,-0.0054932,4.9182
0.017242,-0.0018311,4.9097
0.015411,0.0019836,4.9011
0.014496,0.007019,4.9084
0.011749,0.011597,4.9109
0.0091553,0.015564,4.9109
0.0065613,0.014954,4.9109
0.0036621,0.02121,4.8926
0.0015259,0.019684,4.9146
0.0024414,0.019226,4.9097
0.0028992,0.018616,4.9133
0.0053406,0.016785,4.9121
0.0071716,0.014496,4.917
0.0088501,0.012665,4.9207
0.0099182,0.010986,4.9219
0.010376,0.009613,4.9341
0.011597,0.0079346,4.9231
0.011902,0.0057983,4.9231
0.012665,0.0038147,4.928
0.012512,0.0019836,4.9231
0.012817,0.0021362,4.928
0.013885,0.002594,4.9316
0.014648,0.0030518,4.9304
0.018158,0.0041199,4.9255
0.020599,0.0042725,4.9292
0.022125,0.0048828,4.9341
0.02182,0.0047302,4.9329
0.019836,0.0022888,4.9316
0.016479,0.002594,4.9316
0.012207,0.0016785,4.9377
0.0085449,-0.00030518,4.9353
0.0053406,-0.0010681,4.9426
0.0047302,-0.0010681,4.9365
0.0054932,0,4.9451
0.0086975,0.00061035,4.9414
0.012207,0.0015259,4.9329
0.015259,0.002594,4.9414
0.019989,0.0041199,4.9255
0.023346,0.0061035,4.9182
0.02594,0.0073242,4.9121
0.025177,0.0071716,4.9231
0.026703,0.0088501,4.9194
0.023956,0.010071,4.9182
0.020905,0.010529,4.9158
0.018311,0.011444,4.9146
0.0177,0.011749,4.9146
0.018768,0.012054,4.9158
0.021362,0.013428,4.9121
0.024719,0.010529,4.917
0.027924,0.0097656,4.9121
0.030518,0.0090027,4.9133
0.033417,0.0074768,4.9158
0.033417,0.0054932,4.9133
0.033112,0.0024414,4.9109
0.030975,-0.002594,4.906
0.028534,-0.0090027,4.8975
0.025177,-0.014954,4.9133
0.021667,-0.020752,4.9084
0.017853,-0.023499,4.9084
0.014496,-0.02533,4.9133
0.013733,-0.024872,4.9158
0.01297,-0.022736,4.9158
0.013428,-0.020752,4.9158
0.016632,-0.019073,4.9243
0.019836,-0.016022,4.9194
0.024567,-0.01358,4.9243
0.027924,-0.010529,4.928
0.031281,-0.0053406,4.9341
0.03418,-0.0021362,4.9268
0.03418,-0.00061035,4.9316
0.038452,-0.00030518,4.9341
0.039368,-0.00030518,4.9268
0.039978,-0.00061035,4.9451
0.041199,0.0016785,4.9341
0.041199,0.005188,4.9182
0.041046,0.0074768,4.9304
0.041504,0.01236,4.9304
0.041656,0.0086975,4.9353
0.041351,0.0091553,4.9377
0.041656,0.0094604,4.9341
0.040741,0.010376,4.939
0.039215,0.013428,4.9353
0.037384,0.015106,4.9329
0.034027,0.016937,4.9292
0.03067,0.018311,4.9316
0.027771,0.018158,4.9255
0.024719,0.018158,4.9292
0.021973,0.018005,4.9365
0.020905,0.017395,4.9255
0.018311,0.016174,0.047607
0.0177,0.014191,0.047607
0.0177,0.013733,0.029297
0.016327,0.010223,0.045166
0.015564,0.0083923,0.041504
0.014496,0.0071716,0.042725
0.013123,0.0076294,0.041504
0.011292,0.007782,0.037842
0.010529,0.0076294,0.041504
0.0091553,0.007782,0.039063
0.0088501,0.0079346,0.039063
0.0080872,0.0065613,0.037842
0.0076294,0.0047302,0.043945
0.0071716,0.0016785,0.037842
0.0071716,-0.00061035,0.041504
0.0079346,-0.0022888,0.039063
0.007782,-0.004425,0.042725
0.0086975,-0.0041199,0.043945
0.0091553,-0.0048828,0.046387
0.010071,-0.0039673,0.05249
0.011139,-0.0041199,0.045166
0.012817,-0.0036621,0.042725
0.014191,-0.0056458,0.05127
0.014191,-0.0079346,0.053711
0.013885,-0.0093079,0.053711
0.013733,-0.010529,0.057373
0.011139,-0.011292,0.056152
0.010529,-0.0090027,0.062256
0.009613,-0.0074768,0.058594
0.0091553,-0.0061035,0.063477
0.010223,-0.0041199,0.058594
0.012817,-0.0010681,0.059814
0.010376,0.0012207,0.062256
0.013885,0.0068665,0.062256
0.018311,0.0094604,0.072021
0.020905,0.011749,0.068359
0.022125,0.011749,0.067139
0.023956,0.0091553,0.067139
0.023346,0.007019,0.061035
0.022583,0.0047302,0.064697
0.022583,0.0024414,0.063477
0.022278,0.0013733,0.058594
0.021362,0.00045776,0.062256
0.020599,-0.00015259,0.056152
0.019379,-0.0016785,0.053711
0.018768,-0.0028992,0.050049
0.018616,-0.0028992,0.05127
0.019684,-0.0041199,0.050049
0.019073,-0.0035095,0.047607
0.019226,-0.0038147,0.05127
0.019073,-0.0035095,0.048828
0.018616,-0.0042725,0.042725
0.0177,-0.0053406,0.046387
0.017242,-0.0061035,0.05249
0.0177,-0.0045776,0.041504
0.018158,-0.0061035,0.05127
0.019684,-0.0053406,0.041504
0.019836,-0.0039673,0.030518
0.020752,-0.00076294,0.03418
0.020905,-0.0012207,0.037842
0.021973,-0.00091553,0.036621
0.023041,0.00015259,0.040283
0.024872,0.00091553,0.0354
0.026093,0.0018311,0.040283
0.027008,0.0036621,0.039063
0.027618,0.0048828,0.048828
0.028076,0.0054932,0.041504
0.028229,0.0054932,0.05127
0.029144,0.0059509,0.045166
0.03006,0.0056458,0.05249
0.031433,0.0056458,0.068359
0.032501,0.0064087,0.054932
0.032806,0.0068665,0.06958
0.032501,0.0090027,0.058594
0.031586,0.010681,0.053711
0.031433,0.012512,0.057373
0.031891,0.01358,0.057373
0.031586,0.014496,0.063477
0.031433,0.015717,0.061035
0.030518,0.015717,0.058594
0.028687,0.015259,0.062256
0.025787,0.01358,0.059814
0.023499,0.010376,0.064697
0.020752,0.0083923,0.061035
0.020905,0.0056458,0.064697
0.018616,0.0041199,0.067139
0.018005,0.0028992,0.06958
0.01709,0.0018311,0.068359
0.013733,-0.00030518,0.063477
0.015106,-0.0027466,0.067139
0.014343,-0.0022888,0.057373
0.016022,-0.0018311,0.070801
0.018005,-0.00015259,0.053711
0.021667,0.00076294,0.042725
0.025635,0.00045776,0.05127
0.028839,0.00091553,0.046387
0.031128,-0.00061035,0.042725
0.032501,-0.0010681,0.05127
0.034027,-0.0015259,0.042725
0.036774,-0.002594,0.046387
0.038757,-0.0032043,0.037842
0.039673,-0.0035095,0.042725
0.039368,-0.0033569,0.039063
0.038452,-0.004425,0.042725
0.036163,-0.004425,0.041504
0.033875,-0.0035095,0.040283
0.033417,-0.0033569,0.041504
0.032196,-0.0022888,0.039063
0.032654,-0.0010681,0.037842
0.032806,-0.00015259,0.040283
0.032806,0.0030518,0.03418
0.031281,0.0036621,0.042725
0.029602,0.0041199,0.032959
0.027924,0.0042725,0.039063
0.02594,0.0050354,0.043945
0.024109,0.0054932,0.047607
0.023346,0.0053406,3.7781
0.021667,0.0065613,4.8364
0.020142,0.0054932,4.9158
0.018311,0.0073242,4.9219
0.017853,0.0073242,4.9255
0.018463,0.0071716,4.9243
0.018921,0.0071716,4.9304
0.020294,0.0071716,4.9268
0.020447,0.0062561,4.9329
0.019989,0.0047302,4.9402
0.019226,0.0022888,4.9316
0.016937,-0.00076294,4.9365
0.015259,-0.0028992,4.9341
0.014191,-0.0033569,4.9133
0.014496,-0.0035095,4.9304
0.015259,-0.0027466,4.9341
0.016785,-0.0019836,4.9341
0.016632,-0.0012207,4.9341
0.016479,-0.0010681,4.9353
0.016174,-0.00076294,4.9377
0.016632,-0.00045776,4.9316
0.017548,-0.00030518,4.9316
0.016937,0,4.9255
0.0177,-0.00045776,4.928
0.018005,-0.0015259,4.9243
0.019073,-0.0030518,4.928
0.019836,-0.0038147,4.9255
0.022736,-0.0024414,4.9133
0.023346,-0.0018311,4.9194
0.025787,0.00045776,4.9194
0.027924,0.002594,4.917
0.029755,0.0039673,4.9158
0.031128,0.0033569,4.9011
0.032196,0.0024414,4.9146
0.033417,0.0015259,4.9121
0.034332,0.0012207,4.9109
0.034332,0.0015259,4.9109
0.034943,0.0021362,4.9121
0.034943,0.00045776,4.9097
0.036316,-0.00030518,4.906
0.035858,-0.0022888,4.9133
0.036163,-0.0039673,4.9072
0.037384,-0.0048828,4.9097
0.036316,-0.0057983,4.9097
0.035553,-0.005188,4.9133
0.0354,-0.0057983,4.9231
0.035095,-0.0042725,4.9158
0.032043,-0.0090027,4.9231
0.031281,-0.011139,4.9255
0.031433,-0.012817,4.9146
0.03006,-0.013123,4.9207
0.030365,-0.011139,4.9243
0.03006,-0.0091553,4.9194
0.030212,-0.0057983,4.9292
0.030518,-0.0088501,4.9304
0.03067,-0.0099182,4.9304
0.031586,-0.010376,4.928
0.033112,-0.010223,4.9353
0.03418,-0.0079346,4.9316
0.035553,-0.0059509,4.9255
0.035553,-0.0047302,4.9377
0.035248,-0.0041199,4.9341
0.035248,-0.0062561,4.9353
0.03479,-0.0071716,4.939
0.037231,-0.0067139,4.9377
0.034637,-0.0061035,4.9353
0.033875,-0.0039673,4.9438
0.032959,-0.0028992,4.9353
0.031433,-0.0024414,4.9243
0.030823,-0.0018311,4.9146
0.028534,-0.0036621,4.928
0.029907,-0.007782,4.928
0.028839,-0.0038147,4.9231
0.028534,-0.0036621,4.9182
0.027771,-0.0038147,4.9243
0.025482,-0.0016785,4.9194
0.023651,-0.0016785,4.9182
0.022583,-0.00076294,4.9182
0.021973,-0.00076294,4.917
0.02121,-0.00015259,4.9146
0.019836,-0.00076294,4.9194
0.020294,0.0018311,4.9268
0.019531,0.0038147,4.9109
0.018616,0.0045776,4.917
0.020142,0.0050354,4.9121
0.020752,0.0048828,4.8962
0.021515,0.0041199,4.9121
0.021515,0.0038147,4.9097
0.02121,0.0041199,4.9109
0.019989,0.0041199,4.9109
0.018463,0.0030518,4.906
0.017395,0.0024414,4.9109
0.01709,0.0012207,4.9109
0.016785,-0.00030518,4.9146
0.017395,-0.00045776,4.9109
0.017853,0.0015259,4.9207
0.018768,0.004425,4.9231
0.018463,0.0064087,4.9255
0.017548,0.010376,4.9292
0.016632,0.0065613,4.9243
0.015869,0.0045776,4.9268
0.014801,0.0035095,4.9316
0.015259,0.0032043,4.9377
0.014496,0.004425,4.9329
0.013885,0.0047302,4.9341
0.011292,0.0050354,4.9316
0.011444,0.0028992,4.9304
0.009613,0.0016785,4.9292
0.010071,0.0022888,4.9329
0.0097656,0.0021362,4.928
0.013275,0.0030518,4.9365
0.014954,0.0047302,0.063477
0.014954,0.0045776,0.065918
0.015564,0.0039673,0.065918
0.015869,0.0024414,0.067139
0.015717,0.0010681,0.064697
0.016174,-0.00015259,0.063477
0.016327,-0.00030518,0.070801
0.015411,0.00015259,0.058594
0.014038,-0.00030518,0.061035
0.011444,-0.00076294,0.05249
0.011902,-0.0013733,0.042725
0.012054,-0.0015259,0.047607
0.0094604,-0.0015259,0.045166
0.013428,-0.0010681,0.046387
0.013275,-0.0012207,0.047607
0.013428,-0.00061035,0.043945
0.013275,-0.00015259,0.045166
0.012665,-0.0010681,0.041504
0.011749,-0.0019836,0.043945
0.010529,-0.0036621,0.037842
0.0099182,-0.0033569,0.040283
0.0090027,-0.0018311,0.042725
0.0093079,-0.0013733,0.037842
0.0094604,-0.0012207,0.040283
0.0091553,-0.0013733,0.043945
0.0099182,-0.0024414,0.040283
0.0099182,-0.004425,0.040283
0.0099182,-0.007019,0.037842
0.0097656,-0.0073242,0.040283
0.0099182,-0.0073242,0.047607
0.009613,-0.0062561,0.041504
0.0088501,-0.0041199,0.042725
0.0068665,-0.0030518,0.045166
0.0080872,-0.0019836,0.040283
0.007782,-0.0010681,0.048828
0.0068665,-0.00061035,0.056152
0.011139,0.002594,0.053711
0.01297,0.005188,0.057373
0.014496,0.0074768,0.058594
0.016174,0.0094604,0.063477
0.016327,0.010681,0.058594
0.017395,0.010071,0.064697
0.018463,0.0093079,0.070801
0.018616,0.0086975,0.061035
0.019684,0.0083923,0.06958
0.019836,0.0088501,0.063477
0.019226,0.0090027,0.046387
0.019836,0.0083923,0.062256
0.020752,0.0073242,0.075684
0.021057,0.0065613,0.064697
0.021667,0.0053406,0.065918
0.021515,0.005188,0.064697
0.021362,0.0061035,0.065918
0.02121,0.0059509,0.059814
0.020905,0.0061035,0.057373
0.020447,0.005188,0.053711
0.019531,0.0042725,0.058594
0.017548,0.0041199,0.054932
0.020142,0.004425,0.05249
0.019989,0.005188,0.056152
0.019073,0.0059509,0.050049
0.021515,0.0061035,0.05127
0.020599,0.0061035,0.047607
0.020447,0.0061035,0.048828
0.021362,0.0059509,0.046387
0.022125,0.0074768,0.05249
0.022583,0.0068665,0.041504
0.023193,0.0074768,0.039063
0.022736,0.007782,0.037842
0.022888,0.0071716,0.041504
0.022888,0.0067139,0.039063
0.022583,0.0050354,0.040283
0.02243,0.0048828,0.037842
0.022125,0.004425,0.041504
0.02243,0.005188,0.037842
0.02243,0.0065613,0.040283
0.022583,0.0083923,0.0354
0.02243,0.0090027,0.043945
0.023499,0.0086975,0.05249
0.024109,0.0082397,0.046387
0.02533,0.0074768,0.057373
0.026398,0.0086975,0.047607
0.027313,0.010071,0.043945
0.028229,0.010529,0.053711
0.029755,0.011292,0.053711
0.03006,0.010986,0.054932
0.030365,0.0097656,0.063477
0.030212,0.0086975,0.056152
0.030212,0.007782,0.062256
0.030823,0.007782,0.061035
0.029449,0.0080872,0.062256
0.028992,0.0083923,0.058594
0.027618,0.007019,0.059814
0.027618,0.0053406,0.062256
0.027313,0.0033569,0.064697
0.026398,0.0019836,0.064697
0.027008,0.0010681,0.065918
0.026245,0.0019836,0.064697
0.027466,0.00091553,0.064697
0.025482,0.00091553,0.076904
0.025177,0.00015259,0.065918
0.025635,-0.0010681,0.063477
0.025787,-0.00045776,0.058594
0.027008,-0.00076294,0.057373
0.028229,0.00030518,0.056152
0.027924,0,0.05249
0.027771,0.0032043,0.046387
0.027466,0.0033569,0.050049
0.027618,0.0033569,0.05127
0.027618,0.0028992,0.048828
0.027161,0.0033569,0.047607
0.027924,0.004425,0.047607
0.028076,0.0054932,0.041504
0.028381,0.0068665,0.041504
0.028229,0.007019,0.053711
0.027771,0.0061035,0.040283
0.027924,0.0079346,3.0811
0.026245,0.0047302,4.801
0.028381,0.0047302,4.8792
0.028534,0.0059509,4.9048
0.028534,0.0074768,4.9109
0.028534,0.0068665,4.9121
0.028534,0.0057983,4.9097
0.028229,0.0039673,4.9072
0.027466,0.0059509,4.9121
0.027618,0.0032043,4.9097
0.027924,0.005188,4.9146
0.030365,0.0062561,4.9121
0.02655,0.0074768,4.9207
0.026093,0.0073242,4.9182
0.025787,0.0050354,4.9243
0.025024,0.002594,4.9207
0.025024,0,4.9292
0.024414,-0.0024414,4.9341
0.023346,-0.0036621,4.9329
0.019684,-0.0050354,4.9426
0.019379,-0.0064087,4.9316
0.017548,-0.0088501,4.9194
0.015717,-0.011597,4.9316
0.014038,-0.013428,4.9304
0.013428,-0.013275,4.9292
0.012665,-0.012817,4.9341
0.013275,-0.0057983,4.9316
0.013885,-0.010071,4.9329
0.014496,-0.010223,4.9304
0.015869,-0.012817,4.939
0.018768,-0.014648,4.9341
0.018768,-0.016022,4.9365
0.020599,-0.015411,4.9316
0.02182,-0.015411,4.9341
0.023193,-0.014038,4.9207
0.02121,-0.015259,4.9304
0.020905,-0.015564,4.9243
0.020599,-0.016174,4.9255
0.020294,-0.015106,4.917
0.02121,-0.012665,4.917
0.022736,-0.0090027,4.9158
0.024109,-0.0073242,4.9158
0.024109,-0.0047302,4.917
0.024719,-0.0047302,4.9158
0.025177,-0.0054932,4.9158
0.026855,-0.007782,4.9097
0.026703,-0.0053406,4.9146
0.027771,-0.0045776,4.9084
0.026245,-0.0030518,4.9109
0.023956,-0.0022888,4.9109
0.022278,-0.0019836,4.9133
0.018463,-0.0021362,4.9097
0.016632,-0.00076294,4.9133
0.016632,-0.00045776,4.9194
0.016632,0.0030518,4.9109
0.017548,0.0064087,4.9231
0.018616,0.010071,4.9109
0.02121,0.011597,4.9036
0.023041,0.01297,4.9146
0.02594,0.01358,4.9146
0.027466,0.014343,4.9182
0.031433,0.015411,4.9231
0.033264,0.015869,4.9194
0.031128,0.011902,4.9292
0.031281,0.013123,4.9268
0.029144,0.0091553,4.9304
0.026703,0.0035095,4.9292
0.023956,0.00045776,4.9304
0.021057,-0.00030518,4.9341
0.018463,-0.00030518,4.9329
0.015564,0.00045776,4.9426
0.013123,0.0015259,4.9329
0.010681,0.0012207,4.9341
0.0082397,-0.0010681,4.9329
0.0061035,-0.0050354,4.9341
0.0059509,-0.0080872,4.9329
0.0048828,-0.0094604,4.9304
0.0048828,-0.0080872,4.9353
0.0054932,-0.0067139,4.9353
0.0068665,-0.0065613,4.9304
0.0074768,-0.0074768,4.9353
0.0083923,-0.0083923,4.9292
0.012512,-0.0071716,4.9329
0.01358,-0.0038147,4.9243
0.017548,0.0027466,4.928
0.022583,0.0085449,4.9231
0.029144,0.013733,4.9219
0.03479,0.017548,4.9207
0.040588,0.018311,4.9231
0.045624,0.015259,4.9268
0.049591,0.01709,4.9231
0.050354,0.016632,4.928
0.049744,0.015259,4.9121
0.045929,0.013123,4.906
0.042877,0.0093079,4.9109
0.037537,0.0048828,4.9109
0.032043,0.0018311,4.9109
0.028381,0.00045776,4.9109
0.024567,0.0010681,4.9109
0.02121,0.0048828,4.906
0.020905,0.010071,4.9072
0.021973,0.012817,4.9133
0.023193,0.015564,4.9097
0.02533,0.01709,4.9146
0.02594,0.017242,4.9133
0.027313,0.016785,4.9182
0.026398,0.016022,4.9219
0.024109,0.014191,4.917
0.021362,0.011139,4.9158
0.018311,0.007019,4.906
0.016174,0.002594,4.9207
0.016022,-0.00030518,0.057373
0.017242,-0.0016785,0.045166
0.020447,-0.00030518,0.058594
0.023499,0.00091553,0.061035
0.027161,0.0033569,0.061035
0.03006,0.0039673,0.059814
0.032959,0.004425,0.059814
0.034943,0.0036621,0.064697
0.0354,0.0045776,0.054932
0.034027,0.0050354,0.062256
0.03067,0.0062561,0.061035
0.026093,0.0079346,0.064697
0.020752,0.0080872,0.064697
0.017853,0.007019,0.065918
0.015106,0.0059509,0.074463
0.014191,0.0035095,0.063477
0.013733,0.0022888,0.073242
0.015717,0.00076294,0.061035
0.016785,0.00076294,0.05127
0.019073,0.0010681,0.058594
0.020447,0.00045776,0.054932
0.021057,-0.00030518,0.053711
0.020447,-0.0016785,0.050049
0.018311,-0.0030518,0.047607
0.016937,-0.0036621,0.05249
0.014191,-0.002594,0.046387
0.01236,-0.0012207,0.047607
0.010376,-0.00045776,0.047607
0.0094604,0,0.047607
0.010223,0.00015259,0.043945
0.012817,0.00091553,0.045166
0.017548,-0.00076294,0.048828
0.023346,-0.00061035,0.041504
0.028381,0.00015259,0.039063
0.032501,0.00045776,0.039063
0.034332,0.00045776,0.023193
0.034943,-0.00076294,0.036621
0.034027,-0.0021362,0.039063
0.032806,-0.0035095,0.039063
0.031433,-0.0039673,0.039063
0.028992,-0.0035095,0.036621
0.02594,-0.0033569,0.041504
0.022736,-0.0024414,0.041504
0.020142,-0.0028992,0.043945
0.019379,-0.0033569,0.043945
0.019989,-0.0042725,0.05249
0.023041,-0.0048828,0.048828
0.02533,-0.004425,0.054932
0.027008,-0.0067139,0.054932
0.026093,-0.0054932,0.058594
0.025177,-0.0071716,0.062256
0.024567,-0.0091553,0.059814
0.024261,-0.010834,0.073242
0.023956,-0.010986,0.061035
0.024872,-0.0099182,0.050049
0.024567,-0.0071716,0.059814
0.024261,-0.0045776,0.062256
0.023193,-0.0022888,0.059814
0.023804,-0.0012207,0.065918
0.026703,-0.00076294,0.061035
0.030365,-0.0012207,0.063477
0.035553,-0.0018311,0.062256
0.03891,-0.002594,0.072021
0.040741,-0.0030518,0.062256
0.040131,-0.0030518,0.065918
0.039063,-0.0041199,0.064697
0.036774,-0.0045776,0.062256
0.035095,-0.0041199,0.065918
0.033722,-0.0054932,0.057373
0.032349,-0.0045776,0.05249
0.029907,-0.0028992,0.050049
0.028381,-0.0012207,0.045166
0.024567,-0.00030518,0.048828
0.022736,-0.0010681,0.047607
0.020905,-0.0027466,0.042725
0.018921,-0.0056458,0.045166
0.019989,-0.0088501,0.042725
0.018768,-0.011444,0.042725
0.01709,-0.014343,0.037842
0.013123,-0.01709,0.042725
0.0083923,-0.019989,0.037842
0.0054932,-0.023193,0.041504
0.0056458,-0.026245,0.041504
0.0059509,-0.029144,0.041504
0.0080872,-0.029907,0.0354
0.0091553,-0.027924,0.042725
0.011749,-0.026093,0.047607
0.01236,-0.023346,0.040283
0.015564,-0.021515,0.048828
0.019073,-0.024261,0.039063
0.023804,-0.018768,0.031738
0.028992,-0.016937,0.041504
0.031586,-0.014343,0.046387
0.032654,-0.012207,0.050049
0.031891,-0.010376,0.050049
0.030975,-0.0091553,0.05127
0.031586,-0.0080872,0.057373
0.032806,-0.0047302,0.053711
0.034027,-0.0036621,0.058594
0.035706,-0.0012207,0.059814
0.036163,0.0015259,0.063477
0.035248,0.0050354,0.061035
0.034637,0.0074768,0.064697
0.034637,0.0099182,0.075684
0.035706,0.011139,0.065918
0.036163,0.012512,0.058594
0.036163,0.01236,0.061035
0.03418,0.01297,0.068359
0.028229,0.013733,0.062256
0.025635,0.014648,0.067139
0.02121,0.015106,0.068359
0.019073,0.014801,0.065918
0.018158,0.015259,0.057373
0.018921,0.012817,0.064697
0.018616,0.010986,0.057373
0.017853,0.0080872,0.056152
0.016174,0.0067139,1.7468
0.014954,0.0050354,4.7388
0.014038,0.0036621,4.9036
0.016479,0.0027466,4.917
0.014954,0.0028992,4.9194
0.015564,0.0028992,4.9158
0.014496,0.0038147,4.928
0.012207,0.0038147,4.9182
0.0088501,0.0036621,4.9231
0.0062561,0.0028992,4.9121
0.0056458,-0.00015259,4.8987
0.0056458,0.0033569,4.9109
0.010071,0.0027466,4.9158
0.012817,0.0030518,4.9011
0.013123,0.0012207,4.9097
0.01236,0.0019836,4.906
0.011139,0.00091553,4.9097
0.011902,0.0019836,4.9133
0.013275,0.0027466,4.9109
0.013885,0.0028992,4.9097
0.014191,0.002594,4.9146
0.010529,0.0019836,4.9146
0.009613,0.0015259,4.917
0.0071716,0.0015259,4.9182
0.0048828,0.0016785,4.9207
0.0074768,0.0057983,4.917
0.0083923,0.0064087,4.9255
0.010529,0.0071716,4.9316
0.011444,0.0093079,4.9292
0.012054,0.0062561,4.9231
0.010834,0.005188,4.9304
0.013428,0.0071716,4.9292
0.016632,0.0080872,4.9304
0.019379,0.0076294,4.9316
0.021667,0.0062561,4.9292
0.022125,0.0038147,4.9341
0.020905,0.0015259,4.9304
0.019531,0.00015259,4.9353
0.016174,0.00076294,4.9292
0.015717,0.0028992,4.9377
0.015411,0.0053406,4.9316
0.019989,0.0056458,4.9353
0.021515,0.0056458,4.9512
0.02121,0.0041199,4.9365
0.022736,0.0019836,4.9316
0.022278,0.0022888,4.9353
0.023041,0.0035095,4.9133
0.024261,0.0033569,4.928
0.025787,0.0050354,4.9268
0.026398,0.0065613,4.9231
0.02655,0.0057983,4.9207
0.024261,0.0030518,4.9158
0.023346,0.0039673,4.9207
0.022278,0.005188,4.9133
0.022888,0.0079346,4.917
0.025024,0.010834,4.8926
0.02655,0.011444,4.9207
0.028839,0.011444,4.9158
0.028076,0.010681,4.9133
0.026093,0.010529,4.9109
0.024567,0.011902,4.9146
0.021973,0.013123,4.9121
0.021667,0.013428,4.9109
0.021057,0.012817,4.9133
0.020599,0.0099182,4.9097
0.019684,0.0080872,4.9048
0.017395,0.0068665,4.9109
0.015869,0.0056458,4.9109
0.015717,0.0061035,4.9121
0.014038,0.0067139,4.9097
0.016327,0.005188,4.9133
0.017548,0.004425,4.9158
0.016327,0.0039673,4.9121
0.014496,0.0045776,4.9207
0.010834,0.005188,4.9219
0.0091553,0.0080872,4.9268
0.007019,0.010071,4.928
0.0065613,0.0090027,4.9329
0.0085449,0.0091553,4.9219
0.010529,0.0065613,4.928
0.010223,0.005188,4.928
0.0090027,0.0045776,4.9341
0.0085449,0.0042725,4.928
0.0093079,0.0042725,4.9353
0.010529,0.0030518,4.9304
0.01358,0.0024414,4.917
0.01709,0,4.9329
0.019531,-0.0021362,4.9329
0.019989,-0.0038147,4.9353
0.019531,-0.0045776,4.9329
0.020142,-0.0048828,4.939
0.021973,-0.0010681,4.9304
0.022125,-0.00045776,4.9353
0.026093,-0.0015259,4.9304
0.027618,-0.0038147,4.9304
0.027466,-0.0064087,4.9109
0.026398,-0.0085449,4.928
0.02594,-0.0073242,4.9304
0.026398,-0.0062561,4.9219
0.027161,-0.0062561,4.928
0.028839,-0.007019,4.9182
0.030212,-0.0090027,4.9048
0.03006,-0.0094604,4.9158
0.028534,-0.0094604,4.9146
0.026398,-0.0062561,4.9146
0.024567,-0.0021362,4.9109
0.024261,0.0010681,4.9109
0.027924,0.0022888,4.9133
0.03067,0.0015259,4.9072
0.032196,0.00076294,4.9109
0.032501,-0.00076294,4.9121
0.032959,0.00061035,0.046387
0.031433,0.0022888,0.039063
0.031586,0.0030518,0.040283
0.033417,0.0028992,0.053711
0.034637,0.0024414,0.041504
0.035095,0.00045776,0.047607
0.033569,-0.00045776,0.048828
0.029144,-0.0010681,0.028076
0.02655,0.00030518,0.045166
0.023193,0.0010681,0.048828
0.021515,-0.00015259,0.05249
0.02121,-0.0016785,0.05249
0.021515,-0.0042725,0.05249
0.019989,-0.0064087,0.058594
0.017395,-0.0068665,0.059814
0.015259,-0.007019,0.061035
0.012054,-0.0056458,0.059814
0.010376,-0.0067139,0.063477
0.0099182,-0.007019,0.062256
0.010834,-0.0090027,0.062256
0.010986,-0.011444,0.068359
0.0091553,-0.012054,0.062256
0.0080872,-0.0091553,0.063477
0.0067139,-0.0093079,0.065918
0.0080872,-0.007782,0.080566
0.010529,-0.0064087,0.064697
0.014191,-0.0064087,0.05249
0.016174,-0.0083923,0.065918
0.019684,-0.0090027,0.062256
0.023956,-0.0079346,0.061035
0.021362,-0.0048828,0.058594
0.022125,-0.00076294,0.05249
0.022583,0.0013733,0.056152
0.026093,0.0039673,0.05127
0.027161,0.0030518,0.053711
0.028229,0.00061035,0.047607
0.027313,0.00061035,0.05127
0.027313,0.0013733,0.050049
0.02594,0.0048828,0.048828
0.027466,0.0071716,0.056152
0.029449,0.007782,0.045166
0.032501,0.0045776,0.05127
0.033875,-0.00015259,0.040283
0.033417,-0.0048828,0.029297
0.031738,-0.007019,0.037842
0.029297,-0.0059509,0.039063
0.028839,-0.0038147,0.036621
0.028839,-0.0019836,0.037842
0.03006,-0.0032043,0.039063
0.030212,-0.0048828,0.036621
0.030365,-0.0074768,0.039063
0.029755,-0.0065613,0.042725
0.028839,-0.0064087,0.039063
0.029907,-0.0036621,0.041504
0.031586,-0.00091553,0.046387
0.037689,-0.00045776,0.048828
0.037384,-0.00091553,0.046387
0.038147,-0.0032043,0.05249
0.039673,-0.0036621,0.05249
0.037994,-0.0035095,0.053711
0.03891,0.00061035,0.063477
0.038605,0.0033569,0.058594
0.039215,0.0048828,0.047607
0.03891,0.005188,0.058594
0.038757,0.004425,0.058594
0.037231,0.0039673,0.062256
0.034943,0.0064087,0.062256
0.031281,0.0085449,0.058594
0.029602,0.010834,0.061035
0.028381,0.011902,0.063477
0.028687,0.011444,0.067139
0.029144,0.0093079,0.063477
0.027313,0.0068665,0.065918
0.024414,0.0054932,0.063477
0.019989,0.0056458,0.067139
0.018921,0.0067139,0.079346
0.017548,0.0076294,0.065918
0.01709,0.0057983,0.059814
0.018311,0.0059509,0.059814
0.016937,0.0030518,0.043945
0.014496,0.00061035,0.056152
0.011902,0.00061035,0.053711
0.010529,0.00030518,0.048828
0.009613,0.0019836,0.048828
0.009613,0.0050354,0.043945
0.011292,0.0030518,0.05127
0.012512,0.0016785,0.045166
0.013275,-0.0012207,0.043945
0.013885,-0.0032043,0.040283
0.014496,0.0012207,0.045166
0.014801,0.0047302,0.040283
0.01709,0.0082397,0.039063
0.013885,0.010223,0.036621
0.022125,0.0094604,0.040283
0.022125,0.007782,0.047607
0.022888,0.0062561,0.040283
0.021362,0.0057983,0.048828
0.020599,0.0082397,0.039063
0.019989,0.011292,0.032959
0.020447,0.013123,0.039063
0.020142,0.011902,0.040283
0.019989,0.0094604,0.040283
0.018921,0.0068665,0.042725
0.018463,0.0048828,0.042725
0.016479,0.0059509,0.05127
0.016785,0.0076294,0.047607
0.016785,0.0083923,0.058594
0.017853,0.0071716,0.050049
0.018768,0.0041199,0.058594
0.019379,0.00091553,0.062256
0.019226,-0.00045776,0.063477
0.018463,-0.00045776,0.06958
0.018921,0.0015259,0.059814
0.02121,0.0036621,0.059814
0.024872,0.0057983,0.062256
0.024261,0.0036621,0.065918
0.02594,0.0022888,0.20142
0.028076,0.0016785,4.6558
0.025787,0.0028992,4.9084
0.027313,0.005188,4.9292
0.028687,0.0074768,4.9341
0.030518,0.0085449,4.9353
0.031433,0.0079346,4.9329
0.032043,0.0067139,4.9353
0.033112,0.0047302,4.9292
0.030823,0.004425,4.9316
0.027771,0.0048828,4.928
0.023651,0.0053406,4.928
0.021667,0.0057983,4.9255
0.020752,0.0059509,4.928
0.018463,0.0047302,4.9353
0.016937,0.002594,4.9231
0.015564,-0.00015259,4.9231
0.014191,-0.0015259,4.9182
0.01236,-0.0015259,4.8901
0.0094604,-0.00091553,4.9133
0.010376,0.00091553,4.9121
0.010223,-0.0027466,4.9121
0.010834,-0.0047302,4.9097
0.010834,-0.007019,4.906
0.010071,-0.0079346,4.9109
0.0090027,-0.0065613,4.9097
0.0088501,-0.0045776,4.9109
0.009613,-0.0019836,4.906
0.012207,-0.00076294,4.9158
0.015411,-0.00076294,4.9219
0.019379,-0.0015259,4.9109
0.02121,-0.0027466,4.9133
0.022278,-0.0019836,4.9109
0.024261,-0.00015259,4.9084
0.024261,0.0015259,4.9158
0.025635,0.0022888,4.917
0.026703,0.00091553,4.917
0.027924,-0.00030518,4.9243
0.027924,-0.0018311,4.9243
0.027466,-0.0015259,4.9231
0.02533,-0.00015259,4.9219
0.023499,0.0021362,4.928
0.022888,0.0028992,4.928
0.022583,0.002594,4.9316
0.022736,0.00076294,4.9304
0.024261,-0.0019836,4.9353
0.024261,-0.0035095,4.9292
0.023956,-0.0032043,4.9329
0.023041,-0.0018311,4.9292
0.021057,0,4.9377
0.020905,0.0013733,4.9426
0.022583,0.00061035,4.9377
0.02182,-0.00045776,4.9414
0.023041,-0.0019836,4.9353
0.019836,-0.0016785,4.9219
0.021973,-0.00076294,4.9329
0.021973,0.00091553,4.9329
0.022278,0.0016785,4.9292
0.022888,0.0016785,4.9292
0.023651,-0.00061035,4.9255
0.024261,-0.0032043,4.9243
0.024414,-0.0042725,4.9182
0.023956,-0.0045776,4.9243
0.023041,-0.0036621,4.9146
0.021973,-0.0027466,4.9158
0.020447,-0.0024414,4.9036
0.020142,-0.0045776,4.9194
0.019379,-0.0065613,4.9133
0.020905,-0.0082397,4.917
0.020142,-0.0082397,4.9097
0.019836,-0.0068665,4.9109
0.021362,-0.0048828,4.9084
0.02121,-0.0041199,4.9097
0.020752,-0.0033569,4.9158
0.020905,-0.0036621,4.9084
0.020294,-0.0045776,4.9109
0.020447,-0.0013733,4.9097
0.019989,-0.0021362,4.9084
0.019073,-0.00091553,4.906
0.018005,-0.0010681,4.9133
0.016785,-0.0012207,4.9097
0.016785,-0.0024414,4.9097
0.015717,-0.0061035,4.9182
0.017853,-0.0064087,4.9231
0.017242,-0.0056458,4.9158
0.017853,-0.005188,4.9231
0.0177,-0.0041199,4.9304
0.018158,-0.0036621,4.9268
0.0177,-0.0042725,4.9353
0.018005,-0.0067139,4.9304
0.017242,-0.0088501,4.9146
0.017853,-0.011444,4.9292
0.016327,-0.0097656,4.9304
0.016327,-0.0074768,4.9304
0.017395,-0.0033569,4.928
0.017548,-0.0048828,4.9255
0.018005,-0.0045776,4.9329
0.019073,-0.0064087,4.9316
0.020142,-0.0056458,4.9353
0.022125,-0.0065613,4.9304
0.02243,-0.0059509,4.9402
0.023346,-0.0048828,4.9341
0.023499,-0.0041199,4.9365
0.021057,-0.0048828,4.9341
0.019836,-0.0062561,4.9377
0.019226,-0.0062561,4.9292
0.019073,-0.0059509,4.9292
0.019379,-0.0032043,4.9292
0.019073,0.00015259,4.917
0.023041,0.0018311,4.9207
0.020752,0.0027466,0.050049
0.022125,0.0015259,0.047607
0.024109,-0.00045776,0.045166
0.025177,-0.0019836,0.040283
0.024872,-0.0018311,0.043945
0.026245,-0.00015259,0.045166
0.024872,-0.0033569,0.040283
0.023956,0.00076294,0.046387
0.023041,0.00045776,0.040283
0.022125,0,0.042725
0.022278,0.00015259,0.039063
0.023193,0.0012207,0.042725
0.021362,0.0018311,0.050049
0.020599,0.0022888,0.041504
0.019226,0.0015259,0.050049
0.018768,0.00076294,0.037842
0.018311,-0.00076294,0.030518
0.018463,-0.0016785,0.040283
0.016785,-0.00045776,0.041504
0.016632,-0.0012207,0.039063
0.014343,0.00076294,0.046387
0.013885,0.0010681,0.045166
0.013123,-0.00061035,0.050049
0.01236,-0.0024414,0.05127
0.01297,-0.0048828,0.058594
0.012207,-0.0053406,0.053711
0.01358,-0.0050354,0.059814
0.012817,-0.0032043,0.062256
0.012665,-0.0016785,0.063477
0.013733,-0.00091553,0.06958
0.013275,-0.0018311,0.061035
0.013733,-0.002594,0.065918
0.014343,-0.0016785,0.062256
0.015717,-0.00015259,0.065918
0.017548,0.0019836,0.062256
0.018616,0.0032043,0.062256
0.020599,0.0027466,0.061035
0.021362,0.0012207,0.065918
0.020752,-0.00076294,0.064697
0.020752,-0.002594,0.065918
0.019379,-0.0033569,0.059814
0.021973,-0.0022888,0.063477
0.021515,0.00045776,0.059814
0.021362,0.0038147,0.061035
0.019226,0.0028992,0.059814
0.019531,0.0028992,0.057373
0.018616,0.0035095,0.056152
0.019226,0.004425,0.05249
0.019379,0.0042725,0.064697
0.019226,0.0048828,0.048828
0.019379,0.0056458,0.054932
0.020294,0.0068665,0.046387
0.019989,0.0042725,0.032959
0.020752,0.0028992,0.041504
0.021515,0.0019836,0.041504
0.022583,0.0024414,0.041504
0.02243,0.0032043,0.042725
0.023041,0.002594,0.032959
0.023346,0.004425,0.040283
0.023651,0.0041199,0.036621
0.023499,0.0038147,0.040283
0.023499,0.0032043,0.040283
0.024109,0.002594,0.041504
0.027161,0.002594,0.040283
0.02533,0.0024414,0.041504
0.026093,0.0061035,0.046387
0.025787,-0.00061035,0.040283
0.025482,-0.0010681,0.037842
0.02533,-0.002594,0.045166
0.025177,-0.0027466,0.046387
0.024719,-0.0024414,0.048828
0.023346,-0.0022888,0.043945
0.022125,-0.0027466,0.053711
0.021515,-0.0032043,0.058594
0.020447,-0.0028992,0.056152
0.020447,-0.002594,0.057373
0.019684,-0.0015259,0.058594
0.020294,-0.0010681,0.062256
0.019531,-0.0015259,0.045166
0.018768,-0.0032043,0.064697
0.018311,-0.002594,0.058594
0.014648,-0.0036621,0.063477
0.016785,-0.0033569,0.062256
0.015564,-0.0016785,0.062256
0.016479,0.00015259,0.073242
0.01709,0.0018311,0.067139
0.019073,0.0016785,0.072021
0.021515,0.00030518,0.064697
0.022888,0.0013733,0.053711
0.023651,-0.0021362,0.062256
0.02594,-0.0018311,0.061035
0.026703,-0.0013733,0.056152
0.027466,-0.00076294,0.058594
0.027618,-0.0012207,0.05249
0.026245,-0.0027466,0.05249
0.024872,-0.0039673,0.048828
0.023041,-0.0042725,0.048828
0.022125,-0.0036621,0.046387
0.023041,-0.0024414,0.047607
0.023651,-0.00045776,0.048828
0.024872,-0.00045776,0.047607
0.02533,-0.00091553,0.042725
0.026093,-0.0022888,0.046387
0.02594,-0.0032043,0.045166
0.025177,-0.0041199,0.041504
0.025482,-0.0028992,0.043945
0.025787,-0.0015259,0.040283
0.025787,-0.00076294,0.025635
0.025635,-0.00076294,0.039063
0.02533,-0.0010681,0.041504
0.024109,-0.00015259,0.032959
0.022278,-0.0033569,0.039063
0.024872,-0.00076294,0.0354
0.02594,-0.0047302,0.041504
0.02655,0.00076294,0.040283
0.027313,0.00045776,0.043945
0.027924,0.00045776,0.045166
0.028076,-0.00015259,0.048828
0.027618,-0.0010681,4.5715
0.027466,-0.00045776,4.8962
0.028534,0.00015259,4.9316
0.029297,0.00030518,4.9243
0.028839,0.00076294,4.9304
0.027618,0.00061035,4.9304
0.025635,0.00061035,4.9207
0.024261,0.00091553,4.9341
0.022736,0.0021362,4.9304
0.02182,0.0042725,4.9316
0.021667,0.0062561,4.9304
0.022125,0.0073242,4.928
0.021667,0.0085449,4.9353
0.02182,0.0083923,4.9353
0.02243,0.0082397,4.9292
0.022888,0.0080872,4.9304
0.023499,0.0065613,4.939
0.023193,0.0056458,4.9353
0.022888,0.0039673,4.9353
0.022278,0.0024414,4.9377
0.019684,0.0010681,4.9365
0.019379,0.0013733,4.9377
0.018311,0.0018311,4.9304
0.018616,0.0032043,4.9402
0.018158,0.0042725,4.9146
0.0177,0.004425,4.9182
0.019226,0.0039673,4.9207
0.019379,0.0033569,4.917
0.019684,0.0030518,4.9158
0.019226,0.0032043,4.917
0.019226,0.0030518,4.917
0.019379,0.0027466,4.9158
0.019226,0.0028992,4.9121
0.019226,0.0036621,4.9146
0.019226,0.0021362,4.9109
0.019684,0.0012207,4.917
0.019379,0.0036621,4.9109
0.018616,0.0047302,4.9121
0.018768,0.0059509,4.9121
0.019531,0.0068665,4.9109
0.023193,0.0062561,4.9109
0.021667,0.005188,4.9109
0.022736,0.0045776,4.9036
0.022583,0.0036621,4.9121
0.023499,0.0045776,4.9109
0.025024,0.0053406,4.9084
0.025787,0.0053406,4.9133
0.025787,0.0056458,4.9182
0.026093,0.0039673,4.9158
0.02533,0.0038147,4.9182
0.024567,0.0028992,4.9304
0.024109,0.0038147,4.9255
0.023956,0.0082397,4.9329
0.024261,0.0064087,4.9304
0.024109,0.007782,4.9341
0.024261,0.0083923,4.9304
0.024109,0.0090027,4.9255
0.024261,0.0090027,4.9365
0.023041,0.011597,4.9304
0.022583,0.012817,4.9414
0.022736,0.013428,4.9316
0.022583,0.013428,4.9158
0.022125,0.0097656,4.9304
0.023041,0.010681,4.939
0.020142,0.0086975,4.9353
0.019531,0.0073242,4.9341
0.018463,0.0059509,4.9329
0.018463,0.0047302,4.9377
0.018463,0.0039673,4.9304
0.0177,0.0032043,4.928
0.016785,0.0050354,4.9243
0.016479,0.0024414,4.9255
0.016632,0.0024414,4.9219
0.016632,0.0032043,4.9255
0.015106,0.0036621,4.9316
0.016327,0.0042725,4.9194
0.016632,0.004425,4.9146
0.01709,0.0028992,4.9109
0.016022,0.002594,4.8999
0.016937,0.0030518,4.9121
0.01709,0.0035095,4.9133
0.016785,0.0018311,4.9146
0.017395,0.005188,4.9109
0.016327,0.0057983,4.9109
0.015717,0.0074768,4.9121
0.016327,0.0079346,4.9097
0.016785,0.0091553,4.9109
0.016937,0.0091553,4.9072
0.016937,0.0093079,4.9048
0.016327,0.0071716,4.9121
0.017548,0.0083923,4.9146
0.017548,0.0073242,4.9097
0.014801,0.0054932,4.9158
0.019379,0.0056458,4.917
0.017242,0.0048828,4.9158
0.016785,0.0047302,4.9304
0.016022,0.0041199,4.9231
0.015717,0.0039673,4.9109
0.015259,0.0033569,4.9255
0.015869,0.0033569,4.9316
0.015411,0.0021362,4.9268
0.016022,0.0018311,4.928
0.015564,0.00045776,4.9292
0.015564,-0.00030518,4.9304
0.012665,0.00015259,4.9304
0.015869,-0.00061035,4.9341
0.016479,-0.00045776,4.928
0.018005,-0.0022888,4.9353
0.017395,-0.00015259,0.063477
0.016937,0.0010681,0.065918
0.016632,0.0024414,0.079346
0.018768,0.004425,0.063477
0.016632,0.002594,0.068359
0.016785,0.0019836,0.067139
0.017395,-0.0018311,0.068359
0.017242,0.00045776,0.062256
0.018616,0.00045776,0.062256
0.018311,0.00045776,0.056152
0.018768,-0.00045776,0.056152
0.018921,-0.0013733,0.05249
0.018921,-0.0030518,0.046387
0.018921,-0.0036621,0.047607
0.020294,-0.0028992,0.05127
0.019989,-0.00045776,0.045166
0.020447,0.00076294,0.047607
0.020447,0.00030518,0.045166
0.020905,-0.00030518,0.047607
0.019989,-0.00045776,0.041504
0.019684,-0.0015259,0.042725
0.019836,0.0010681,0.050049
0.018616,-0.00091553,0.039063
0.019073,-0.00061035,0.05127
0.018921,-0.0012207,0.040283
0.018463,-0.0032043,0.03418
0.017548,-0.0024414,0.037842
0.017242,-0.0032043,0.036621
0.01709,-0.0022888,0.037842
0.018616,-0.00030518,0.041504
0.019684,0.0015259,0.037842
0.020905,0.0028992,0.042725
0.022736,0.0030518,0.041504
0.024261,0.002594,0.050049
0.024109,0.0019836,0.047607
0.025024,0.0012207,0.054932
0.02594,0.0033569,0.05249
0.027008,0.0012207,0.058594
0.026703,0,0.073242
0.02533,-0.0022888,0.061035
0.023651,-0.0057983,0.058594
0.021515,-0.0068665,0.061035
0.019836,-0.0082397,0.056152
0.019684,-0.007782,0.059814
0.020599,-0.0065613,0.056152
0.021362,-0.0064087,0.058594
0.02182,-0.0056458,0.061035
0.020752,-0.0062561,0.058594
0.019989,-0.0064087,0.062256
0.019226,-0.0067139,0.063477
0.019989,-0.0047302,0.065918
0.021057,-0.004425,0.065918
0.021973,-0.0035095,0.06958
0.023804,-0.0022888,0.063477
0.024719,-0.0018311,0.064697
0.025787,-0.0016785,0.063477
0.023804,-0.0032043,0.059814
0.025635,-0.0033569,0.067139
0.026855,-0.0039673,0.057373
0.027924,-0.0039673,0.064697
0.030518,-0.0042725,0.050049
0.031586,-0.0036621,0.039063
0.032349,-0.0042725,0.047607
0.032349,-0.0059509,0.043945
0.031738,-0.0076294,0.046387
0.031433,-0.007782,0.042725
0.030975,-0.0080872,0.040283
0.031281,-0.0061035,0.042725
0.032043,-0.0039673,0.039063
0.031586,-0.0024414,0.041504
0.030212,-0.0021362,0.040283
0.027771,-0.0024414,0.043945
0.025024,-0.0024414,0.042725
0.022736,-0.0030518,0.037842
0.021362,-0.0027466,0.043945
0.020905,-0.0022888,0.040283
0.020294,-0.0027466,0.039063
0.020447,-0.0035095,0.039063
0.020294,-0.0048828,0.03418
0.020294,-0.0068665,0.041504
0.019531,-0.0076294,0.037842
0.019226,-0.0082397,0.041504
0.018768,-0.0079346,0.047607
0.018463,-0.007019,0.047607
0.018768,-0.0065613,0.047607
0.0177,-0.0061035,0.05249
0.018005,-0.0056458,0.063477
0.0177,-0.005188,0.05249
0.014801,-0.0053406,0.059814
0.018158,-0.0045776,0.061035
0.019989,-0.0050354,0.064697
0.021973,-0.0050354,0.058594
0.022888,-0.005188,0.062256
0.023804,-0.0047302,0.06958
0.023499,-0.0048828,0.063477
0.021973,-0.0033569,0.068359
0.020294,-0.0048828,0.063477
0.020294,-0.0056458,0.046387
0.020905,-0.0056458,0.063477
0.020142,-0.0056458,0.058594
0.019531,-0.004425,0.064697
0.019226,-0.0032043,0.064697
0.018616,-0.0015259,0.062256
0.019226,-0.00030518,0.062256
0.019379,0.00015259,0.057373
0.02121,0.00015259,0.057373
0.02243,-0.00045776,0.053711
0.022278,-0.00061035,0.054932
0.02121,-0.0015259,0.047607
0.021515,-0.0010681,0.047607
0.020599,-0.0012207,0.056152
0.021057,-0.0010681,0.048828
0.02182,-0.0010681,0.045166
0.021973,-0.0010681,0.046387
0.02243,-0.0012207,0.040283
0.02182,-0.0021362,0.041504
0.021362,-0.0032043,0.036621
0.021362,-0.0048828,0.041504
0.020599,-0.0054932,4.5093
0.019836,-0.0054932,4.8792
0.020142,-0.0041199,4.9048
0.02121,-0.0039673,4.9048
0.019379,-0.0030518,4.906
0.020294,-0.0038147,4.9036
0.018768,-0.0042725,4.9133
0.020294,-0.0047302,4.9072
0.019531,-0.0045776,4.9121
0.020447,-0.0041199,4.9146
0.020905,-0.0039673,4.9158
0.023346,-0.0042725,4.9255
0.022736,-0.005188,4.9097
0.02243,-0.0067139,4.9304
0.02243,-0.0076294,4.9207
0.023041,-0.0071716,4.9158
0.022278,-0.0059509,4.917
0.022125,-0.0039673,4.9255
0.021667,-0.0068665,4.9255
0.019836,-0.0024414,4.9292
0.019531,-0.0028992,4.9304
0.019989,-0.0038147,4.9304
0.020599,-0.0035095,4.9243
0.02243,-0.0030518,4.9341
0.023193,-0.0019836,4.928
0.023193,-0.0015259,4.9316
0.022888,-0.0019836,4.9329
0.023041,-0.0024414,4.9353
0.023346,-0.0027466,4.9377
0.023346,-0.0022888,4.939
0.023041,-0.0016785,4.939
0.022125,0.00015259,4.9353
0.02121,0.0013733,4.9426
0.020599,0.0027466,4.9207
0.018768,0.0016785,4.917
0.020905,0.00045776,4.9243
0.022583,-0.00076294,4.9231
0.023346,-0.0012207,4.9207
0.024109,-0.0013733,4.9231
0.023499,-0.0010681,4.9158
0.021667,-0.0010681,4.9194
0.023499,-0.00015259,4.9072
0.018921,0.00091553,4.9182
0.019226,0.0016785,4.9109
0.019989,-0.00015259,4.9194
0.019226,0.0054932,4.9146
0.020447,0.0071716,4.9146
0.021667,0.0071716,4.9231
0.024414,0.0064087,4.9133
0.023956,0.004425,4.9158
0.024261,0.0032043,4.9121
0.02533,0.0022888,4.8926
0.024414,0.0021362,4.9097
0.024872,0.002594,4.9097
0.024414,0.002594,4.8999
0.022888,0.0042725,4.9109
0.023346,0.0033569,4.9084
0.02243,0.0045776,4.9133
0.022583,0.0056458,4.9121
0.023804,0.0067139,4.9194
0.024719,0.0090027,4.917
0.02533,0.010071,4.9219
0.02533,0.010529,4.9231
0.025177,0.007782,4.928
0.024261,0.007782,4.9292
0.024261,0.0065613,4.9353
0.025177,0.0057983,4.9255
0.022583,0.0065613,4.9329
0.021973,0.0080872,4.9402
0.02121,0.009613,4.9304
0.019989,0.010529,4.9231
0.017853,0.0094604,4.9329
0.017242,0.0082397,4.9304
0.016937,0.0071716,4.9304
0.015259,0.0059509,4.9353
0.018921,0.0059509,4.9329
0.019379,0.0054932,4.9341
0.020294,0.0061035,4.9353
0.020905,0.0048828,4.939
0.020447,0.0061035,4.9341
0.019989,0.0050354,4.9365
0.019989,0.005188,4.9329
0.020905,0.005188,4.9329
0.021667,0.0054932,4.939
0.022125,0.0062561,4.9304
0.022278,0.0064087,4.9255
0.021515,0.0057983,4.9158
0.021362,0.0057983,4.9084
0.02121,0.0041199,4.917
0.020752,0.0039673,4.917
0.021667,0.0038147,4.9146
0.021362,0.0041199,4.9194
0.020905,0.007019,4.9158
0.019379,0.004425,4.9133
0.0177,0.0022888,4.9097
0.016327,-0.00030518,4.9109
0.015106,-0.00091553,4.9072
0.015411,-0.0033569,4.9109
0.014648,-0.0027466,4.9133
0.014648,-0.0012207,4.9109
0.014648,-0.00061035,4.9097
0.014191,0.00030518,4.9121
0.015411,-0.00015259,4.9084
0.01709,0,4.9072
0.018616,0.00076294,4.9121
0.020752,0.0021362,4.9133
0.02182,0.0035095,4.9097
0.021973,0.0054932,4.9158
0.021515,0.0056458,0.050049
0.021973,0.0054932,0.050049
0.021667,0.0053406,0.056152
0.021362,0.0053406,0.05249
0.021973,0.0050354,0.059814
0.023346,0.0039673,0.05249
0.023499,0.0027466,0.062256
0.022888,0.0022888,0.062256
0.022583,0.0013733,0.062256
0.023651,0.00045776,0.058594
0.022583,0,0.067139
0.022736,0.00045776,0.074463
0.02243,0.00030518,0.061035
0.021362,0.00091553,0.064697
0.019073,0.0013733,0.061035
0.017548,0.0016785,0.047607
0.017395,0.0016785,0.064697
0.017853,0.0022888,0.068359
0.0177,0.0022888,0.067139
0.017395,0.0024414,0.064697
0.018463,0.0021362,0.057373
0.017853,0.0024414,0.058594
0.017853,0.0016785,0.056152
0.017853,0.0024414,0.061035
0.018005,0.0019836,0.05249
0.018158,0.0019836,0.054932
0.018158,0.002594,0.05249
0.018005,0.0028992,0.05249
0.016632,0.0039673,0.05249
0.017548,0.005188,0.05127
0.019073,0.0061035,0.050049
0.019379,0.0056458,0.046387
0.020294,0.0048828,0.043945
0.020447,0.0038147,0.041504
0.02121,0.0030518,0.054932
0.02121,0.002594,0.041504
0.020752,0.0028992,0.040283
0.019836,0.0032043,0.036621
0.018463,0.0033569,0.040283
0.017548,0.0027466,0.0354
0.016632,0.0015259,0.040283
0.016479,0.0021362,0.036621
0.016632,0.0018311,0.041504
0.016632,0.0030518,0.036621
0.017395,0.0024414,0.045166
0.017395,0.0018311,0.043945
0.01709,0,0.046387
0.018921,-0.0018311,0.057373
0.019531,-0.0032043,0.050049
0.019531,-0.0022888,0.061035
0.018463,-0.0016785,0.048828
0.01709,0.00030518,0.045166
0.015717,-0.00015259,0.057373
0.015411,0.00030518,0.057373
0.015259,-0.0012207,0.057373
0.015411,-0.00061035,0.062256
0.015717,0.00061035,0.059814
0.016632,0.0022888,0.063477
0.017395,0.0035095,0.058594
0.018005,0.0038147,0.062256
0.018921,0.0028992,0.059814
0.020599,0.0013733,0.062256
0.021362,0.00015259,0.067139
0.022125,-0.00015259,0.067139
0.022583,0.00030518,0.057373
0.021515,0.0015259,0.068359
0.023499,0.0022888,0.068359
0.022125,0.0032043,0.063477
0.022736,0.0022888,0.074463
0.023499,0.00076294,0.059814
0.023804,0.00015259,0.061035
0.023346,0.0018311,0.054932
0.022736,0.0024414,0.053711
0.021667,0.0028992,0.05127
0.021362,0.0022888,0.05249
0.020142,0.00091553,0.046387
0.019073,-0.002594,0.048828
0.018311,-0.0028992,0.046387
0.01709,-0.0038147,0.046387
0.016479,-0.0035095,0.042725
0.015411,-0.0022888,0.043945
0.014648,-0.0018311,0.042725
0.015564,-0.00045776,0.041504
0.016479,-0.00015259,0.05249
0.018311,0.0024414,0.041504
0.019531,-0.0012207,0.041504
0.021973,-0.00061035,0.041504
0.023041,0.00061035,0.021973
0.023193,0.0010681,0.039063
0.023651,0.0032043,0.036621
0.024261,0.0036621,0.037842
0.025024,0.0032043,0.041504
0.024872,0.0030518,0.036621
0.025482,0.0030518,0.043945
0.025635,0.0041199,0.043945
0.023499,0.0048828,0.043945
0.025024,0.0042725,0.045166
0.024567,0.0036621,0.053711
0.023193,0.0015259,0.054932
0.022125,-0.0010681,0.057373
0.020294,-0.0024414,0.058594
0.016632,-0.0028992,0.058594
0.018158,-0.0024414,0.061035
0.016479,-0.0015259,0.063477
0.015106,-0.0013733,0.073242
0.013885,-0.002594,0.059814
0.012817,-0.0047302,0.05127
0.013428,-0.0064087,0.058594
0.013123,-0.005188,0.063477
0.014801,-0.0033569,0.059814
0.014954,-0.0010681,0.063477
0.016174,0.00045776,0.059814
0.016327,-0.00030518,0.064697
0.0177,-0.0021362,0.063477
0.022278,-0.0045776,0.068359
0.020752,-0.0047302,0.061035
0.023193,-0.0033569,0.062256
0.024719,-0.0015259,0.063477
0.02594,0.0024414,4.1833
0.026703,0.0027466,4.8853
0.027161,0.00076294,4.9182
0.028839,-0.0019836,4.9194
0.028687,-0.0038147,4.9182
0.03067,-0.0028992,4.9121
0.031281,-0.0012207,4.9207
0.029144,-0.00015259,4.9158
0.027161,0.0015259,4.9133
0.023956,0.00015259,4.9146
0.021667,-0.0032043,4.9084
0.020142,-0.0038147,4.9121
0.020142,-0.004425,4.9048
0.019684,-0.002594,4.9097
0.019836,-0.00030518,4.9048
0.019531,0.00076294,4.9023
0.019989,0.00061035,4.9121
0.019989,-0.0016785,4.9109
0.020142,-0.0027466,4.9048
0.020905,-0.0030518,4.9133
0.020294,-0.0016785,4.906
0.019989,-0.00091553,4.9109
0.017242,0.0012207,4.9207
0.020447,0.00076294,4.9121
0.019989,-0.00091553,4.8975
0.020599,-0.0030518,4.9158
0.020905,-0.0024414,4.9182
0.022125,-0.0013733,4.9207
0.023193,0.00091553,4.9219
0.023041,0.0021362,4.9207
0.023651,0.00091553,4.928
0.022125,-0.0021362,4.9316
0.02243,-0.0036621,4.9304
0.021362,-0.0056458,4.9255
0.019836,-0.0056458,4.9341
0.019531,-0.0045776,4.9292
0.018921,-0.0038147,4.9353
0.018921,-0.0022888,4.9402
0.018616,-0.0030518,4.9341
0.01709,-0.0038147,4.9329
0.016327,-0.0048828,4.9353
0.015717,-0.0045776,4.9365
0.014801,-0.0032043,4.9341
0.014801,-0.0019836,4.939
0.016174,-0.0010681,4.9341
0.014801,-0.00076294,4.9329
0.014038,0,4.9292
0.015106,-0.0015259,4.9304
0.013885,-0.0012207,4.9255
0.016937,-0.0015259,4.9304
0.018768,-0.00045776,4.9207
0.019989,0.0021362,4.9243
0.021362,0.0013733,4.9219
0.023193,0.00045776,4.9207
0.023346,-0.0015259,4.9194
0.024109,-0.0035095,4.9194
0.025024,-0.004425,4.9268
0.025177,-0.0024414,4.917
0.02655,-0.0010681,4.928
0.028381,0.00030518,4.9109
0.027618,0.00091553,4.9011
0.02655,-0.00045776,4.9109
0.026093,-0.0021362,4.9109
0.02594,-0.0028992,4.9048
0.025635,-0.00091553,4.9097
0.026245,0,4.9084
0.02594,0.0027466,4.9109
0.025635,0.0021362,4.906
0.024872,0.00076294,4.9133
0.023499,0,4.9084
0.022888,-0.00030518,4.9133
0.023041,-0.00076294,4.9133
0.022125,-0.00030518,4.9133
0.021362,0.00015259,4.9231
0.021057,-0.00015259,4.9194
0.019836,-0.00091553,4.9219
0.019073,-0.002594,4.9243
0.019073,-0.0036621,4.9243
0.018311,-0.0033569,4.9292
0.019684,-0.0027466,4.939
0.020142,-0.00076294,4.9268
0.021057,0.00045776,4.9316
0.021667,0.0010681,4.9316
0.022583,-0.00030518,4.9292
0.023041,-0.0010681,4.9292
0.024719,-0.0035095,4.9353
0.025177,-0.0028992,4.9304
0.026245,-0.0016785,4.9329
0.027618,-0.00030518,4.9329
0.027313,0.00061035,4.9353
0.027924,0.00091553,4.9329
0.028229,0.00076294,4.9377
0.026398,-0.00045776,4.9451
0.026398,-0.0016785,4.9365
0.025177,-0.0016785,4.939
0.023193,-0.00091553,4.9316
0.021973,0.00061035,4.9194
0.019073,0.00091553,4.9268
0.018311,0.00015259,4.9207
0.0177,-0.0018311,4.9243
0.017395,-0.0041199,4.9207
0.019379,-0.0050354,4.9182
0.020599,-0.0039673,4.9158
0.020599,-0.0016785,4.917
0.02121,0.00030518,4.9158
0.020142,-0.00015259,4.9121
0.020294,-0.0021362,4.917
0.019989,-0.0015259,4.9146
0.020447,-0.0038147,0.041504
0.02182,-0.0015259,0.048828
0.021667,0.0024414,0.042725
0.021667,0.0047302,0.039063
0.021515,0.0054932,0.041504
0.02182,0.0048828,0.024414
0.023499,0.0032043,0.03418
0.02594,0.0022888,0.039063
0.029297,0.0024414,0.036621
0.030365,0.0027466,0.040283
0.031128,0.0024414,0.037842
0.029144,0.0018311,0.045166
0.028534,0.00076294,0.043945
0.028229,0.00015259,0.046387
0.027313,0.0018311,0.047607
0.028229,0.0039673,0.05127
0.027008,0.0062561,0.05127
0.025635,0.0083923,0.056152
0.023041,0.0090027,0.059814
0.023041,0.0074768,0.058594
0.02121,0.005188,0.058594
0.021667,0.0042725,0.061035
0.023346,0.0036621,0.074463
0.024872,0.0041199,0.062256
0.024567,0.0054932,0.05127
0.023041,0.0059509,0.059814
0.020599,0.0059509,0.064697
0.019684,0.0054932,0.061035
0.018616,0.0048828,0.065918
0.018768,0.0041199,0.062256
0.018616,0.0045776,0.067139
0.018311,0.0050354,0.064697
0.018311,0.0059509,0.06958
0.017395,0.0067139,0.062256
0.017853,0.0056458,0.063477
0.018768,0.005188,0.062256
0.019684,0.0035095,0.061035
0.021057,0.0045776,0.063477
0.021362,0.004425,0.05249
0.020294,0.0041199,0.053711
0.018463,0.0035095,0.05127
0.016785,0.0015259,0.040283
0.016174,-0.00015259,0.046387
0.016785,-0.0021362,0.050049
0.016937,-0.0033569,0.037842
0.019989,-0.0036621,0.042725
0.021515,-0.0019836,0.042725
0.02533,0.00030518,0.042725
0.021973,0.002594,0.039063
0.022278,0.0030518,0.045166
0.022583,0.0033569,0.036621
0.020752,0.0035095,0.039063
0.023651,0.0019836,0.042725
0.024261,0.0022888,0.042725
0.024872,0.00030518,0.037842
0.024261,0.0038147,0.043945
0.023041,0.0047302,0.045166
0.022278,0.0053406,0.039063
0.023346,0.0059509,0.05249
0.025024,0.0054932,0.042725
0.027313,0.0054932,0.032959
0.028229,0.0054932,0.045166
0.027771,0.0061035,0.046387
0.02655,0.0062561,0.048828
0.024719,0.0059509,0.054932
0.024109,0.0056458,0.05249
0.024719,0.0033569,0.058594
0.025635,0.0036621,0.056152
0.024567,0.0033569,0.061035
0.024567,0.005188,0.058594
0.021973,0.0064087,0.064697
0.019836,0.0074768,0.061035
0.019379,0.007782,0.064697
0.020447,0.0079346,0.074463
0.022736,0.004425,0.065918
0.024414,0.0021362,0.061035
0.023804,0.0016785,0.064697
0.022278,0.0019836,0.067139
0.021057,0.0024414,0.065918
0.019684,0.0032043,0.063477
0.018768,0.0019836,0.064697
0.019836,0.0015259,0.065918
0.02121,0.0018311,0.058594
0.020905,0.0024414,0.062256
0.020447,0.0035095,0.058594
0.018005,0.0045776,0.053711
0.016785,0.0047302,0.048828
0.016937,0.0041199,0.053711
0.022125,0.0028992,0.048828
0.02121,0.0016785,0.05127
0.021667,0.0015259,0.050049
0.021667,0.0032043,0.046387
0.021057,0.0030518,0.05249
0.018158,0.0033569,0.046387
0.016632,0.0039673,0.056152
0.017395,0.0030518,0.041504
0.019684,0.0027466,0.03418
0.021515,0.004425,0.039063
0.022125,0.0056458,0.039063
0.021515,0.0073242,0.036621
0.018921,0.0057983,0.041504
0.017548,0.0048828,0.039063
0.017395,0.0035095,0.040283
0.018311,0.0028992,0.037842
0.020294,0.0019836,0.042725
0.020599,0.0018311,0.039063
0.024109,0.0021362,0.043945
0.017548,0.002594,0.047607
0.015259,0.0021362,0.043945
0.014648,0.0019836,0.048828
0.015717,0.0022888,0.05249
0.018463,0.0012207,0.05249
0.020142,0.0015259,0.05249
0.019989,-0.0021362,0.056152
0.019226,0.00091553,0.056152
0.017395,0.00091553,0.054932
0.016327,0.0019836,0.057373
0.016632,0.0019836,3.1067
0.018768,-0.00076294,4.8193
0.020599,0.00076294,4.9194
0.020142,-0.00076294,4.9231
0.019989,0.00030518,4.9304
0.018158,-0.00015259,4.9304
0.016632,0,4.9316
0.01709,0.00015259,4.9316
0.018158,-0.0012207,4.9304
0.020599,-0.002594,4.9341
0.023651,-0.0036621,4.9377
0.022583,-0.0042725,4.9487
0.019073,-0.0038147,4.9353
0.018158,-0.002594,4.9255
0.017242,-0.0018311,4.9316
0.016937,-0.0012207,4.9072
0.018311,-0.0012207,4.9231
0.018463,-0.0024414,4.9219
0.018158,-0.002594,4.9194
0.016785,-0.00015259,4.9194
0.016632,-0.0010681,4.9158
0.016937,0.00015259,4.917
0.018005,0.0010681,4.9158
0.021362,0.0012207,4.9194
0.022888,0.00076294,4.9133
0.023956,0.00030518,4.9182
0.024261,0.00045776,4.9133
0.020752,0.0018311,4.9146
0.019226,0.0035095,4.9109
0.019073,0.0041199,4.9121
0.020294,0.005188,4.9121
0.022888,0.0032043,4.9109
0.02533,0.0010681,4.9084
0.024261,-0.00045776,4.9084
0.023956,-0.00030518,4.9072
0.02182,0.00076294,4.9109
0.019989,0.002594,4.906
0.019836,0.0027466,4.9158
0.020752,0.0027466,4.9133
0.020905,-0.00015259,4.9109
0.019836,-0.0024414,4.9158
0.017242,-0.0038147,4.9158
0.013275,-0.0047302,4.9207
0.012054,-0.0041199,4.9292
0.01236,-0.0035095,4.9255
0.01358,-0.0033569,4.9268
0.014496,-0.0028992,4.9304
0.016785,-0.0036621,4.9377
0.015869,-0.0048828,4.9341
0.01297,-0.0041199,4.9426
0.012817,-0.0033569,4.9304
0.01236,-0.0027466,4.9255
0.015259,-0.0021362,4.9316
0.018158,-0.0039673,4.928
0.020905,-0.0022888,4.9292
0.022278,-0.0036621,4.9304
0.022125,-0.0042725,4.9341
0.021362,-0.0033569,4.9377
0.022583,-0.00045776,4.9353
0.023346,0.0022888,4.9377
0.025787,0.0016785,4.9329
0.027618,0.0016785,4.9353
0.028687,0.0012207,4.9304
0.028381,0.00030518,4.9304
0.026245,-0.00015259,4.9194
0.025024,0.0019836,4.9255
0.024261,0.0027466,4.9304
0.024109,0.0036621,4.9219
0.02533,0.0041199,4.928
0.025024,0.0028992,4.9207
0.023346,0.0018311,4.9097
0.019836,0.0013733,4.9133
0.016785,0.0018311,4.9182
0.016479,0.0041199,4.9146
0.016174,0.005188,4.9133
0.018158,0.0047302,4.9072
0.020142,0.0019836,4.9121
0.019989,-0.00045776,4.9109
0.019989,-0.0028992,4.9097
0.018005,-0.0010681,4.9121
0.016479,0.0015259,4.9146
0.016479,0.0038147,4.9109
0.016937,0.0045776,4.9121
0.017853,0.0030518,4.9231
0.017548,-0.00091553,4.9121
0.016937,-0.0028992,4.9133
0.015411,-0.0032043,4.9109
0.014496,-0.00091553,4.8999
0.014801,0.0012207,4.9182
0.01709,0.002594,4.9194
0.019989,0.0012207,4.9219
0.022125,-0.0010681,4.9231
0.022278,-0.0038147,4.9219
0.02121,-0.0041199,4.928
0.01709,-0.0021362,4.9292
0.017853,0.0010681,4.9329
0.016785,0.0033569,4.9292
0.016632,0.0030518,4.9353
0.016937,0.00030518,4.9353
0.016632,-0.002594,4.9329
0.017548,-0.004425,4.9341
0.016632,-0.0065613,4.9304
0.015717,-0.00045776,4.9353
0.016022,0.0021362,4.9365
0.016937,0.0032043,4.939
0.017548,0.00091553,4.939
0.019684,-0.0012207,4.9268
0.019226,-0.0027466,4.9353
0.020752,-0.0028992,4.9316
0.014801,-0.00061035,0.061035
0.014343,0.0018311,0.063477
0.014954,0.0032043,0.057373
0.019226,-0.00015259,0.054932
0.020599,-0.0035095,0.050049
0.021973,-0.0064087,0.05249
0.022583,-0.0067139,0.048828
0.022278,-0.0039673,0.047607
0.021057,-0.00091553,0.047607
0.021515,0.0013733,0.046387
0.022888,0.002594,0.053711
0.024261,0.00076294,0.046387
0.025635,-0.0016785,0.047607
0.025787,-0.0021362,0.041504
0.025482,-0.0016785,0.029297
0.024872,0.0018311,0.040283
0.024567,0.0047302,0.041504
0.027008,0.0047302,0.028076
0.028381,0.0024414,0.039063
0.029907,-0.0012207,0.039063
0.029755,-0.0039673,0.039063
0.028229,-0.0056458,0.037842
0.02533,-0.0027466,0.042725
0.02243,0.00045776,0.039063
0.02121,0.0021362,0.040283
0.020905,0.00045776,0.045166
0.021973,-0.0012207,0.048828
0.023499,-0.0038147,0.046387
0.02182,-0.0041199,0.05249
0.02121,-0.0010681,0.050049
0.021057,0.0016785,0.053711
0.019836,0.0041199,0.061035
0.02243,0.0038147,0.059814
0.022736,0.0018311,0.048828
0.023804,-0.0016785,0.058594
0.023956,-0.0035095,0.061035
0.022583,-0.0033569,0.061035
0.02182,-0.00091553,0.062256
0.020752,0.00076294,0.059814
0.021973,0.00091553,0.062256
0.022736,0.00030518,0.061035
0.025482,-0.0019836,0.063477
0.026855,-0.0036621,0.062256
0.026245,-0.0027466,0.068359
0.02243,-0.00076294,0.063477
0.023499,0.002594,0.06958
0.022736,0.0041199,0.080566
0.023804,0.004425,0.067139
0.024567,0.0010681,0.059814
0.024719,-0.0015259,0.061035
0.025177,-0.0033569,0.036621
0.02243,-0.00091553,0.054932
0.023346,-0.00061035,0.05127
0.023041,0.0021362,0.048828
0.023499,0.0041199,0.043945
0.025177,0.0016785,0.047607
0.026703,-0.00030518,0.047607
0.026703,-0.0013733,0.045166
0.025635,0.0019836,0.045166
0.025024,0.00045776,0.041504
0.024872,0.0021362,0.047607
0.02594,0.0032043,0.043945
0.027924,0.0019836,0.041504
0.030212,0.00030518,0.041504
0.031586,-0.0018311,0.039063
0.031586,-0.002594,0.045166
0.030975,-0.0019836,0.040283
0.029449,0.0010681,0.046387
0.029449,0.0042725,0.037842
0.03006,0.0062561,0.032959
0.031128,0.0059509,0.036621
0.030365,0.0048828,0.040283
0.030365,0.0032043,0.041504
0.028839,0.0050354,0.043945
0.027161,0.0056458,0.042725
0.026398,0.0076294,0.047607
0.028076,0.010223,0.048828
0.030212,0.0099182,0.056152
0.031586,0.0074768,0.05249
0.031433,0.0048828,0.059814
0.029144,0.0045776,0.062256
0.028534,0.0062561,0.058594
0.026398,0.0086975,0.072021
0.025024,0.011139,0.064697
0.027008,0.0080872,0.064697
0.024872,0.0073242,0.062256
0.024567,0.0032043,0.059814
0.023346,-0.00076294,0.059814
0.0177,0.00015259,0.061035
0.02121,0.00045776,0.061035
0.020447,0.0033569,0.064697
0.021057,0.0050354,0.064697
0.021515,0.004425,0.067139
0.021667,0.0013733,0.065918
0.02121,0.00045776,0.068359
0.019379,-0.00015259,0.057373
0.017395,0.00076294,0.064697
0.015717,0.0032043,0.061035
0.016632,0.0047302,0.056152
0.020294,0.004425,0.05127
0.018158,0.0022888,0.053711
0.019836,0,0.063477
0.020599,-0.00091553,0.046387
0.020905,-0.00061035,0.056152
0.02121,0.0027466,0.048828
0.022125,0.0045776,0.036621
0.023499,0.0045776,0.043945
0.024872,0.0036621,0.040283
0.026245,0.0010681,0.040283
0.026245,0.00045776,0.040283
0.026093,-0.00015259,0.032959
0.02533,0.0021362,0.042725
0.024414,0.004425,0.039063
0.024261,0.0041199,0.037842
0.027008,0.0042725,0.036621
0.029297,0.0027466,0.041504
0.030518,0.0018311,0.039063
0.031281,0.0016785,0.15381
0.030365,0.002594,4.6399
0.029144,0.0045776,4.8914
0.027924,0.0057983,4.9072
0.026703,0.0068665,4.9158
0.027161,0.0054932,4.9109
0.026703,0.0036621,4.9219
0.026245,0.0033569,4.9292
0.024414,0.0041199,4.9231
0.023346,0.0041199,4.9231
0.02243,0.0047302,4.9243
0.021973,0.0036621,4.9255
0.022583,0.0015259,4.9304
0.023041,0.00061035,4.9353
0.022583,-0.00091553,4.9292
0.02243,-0.00091553,4.9341
0.021667,-0.00015259,4.9292
0.020599,-0.00015259,4.9329
0.020294,0.0016785,4.9255
0.020752,0.0016785,4.9341
0.021057,0.0012207,4.9414
0.021362,0.00030518,4.9377
0.02121,-0.00030518,4.9414
0.022278,0.00091553,4.9377
0.019836,0.0018311,4.9243
0.018616,0.0028992,4.9353
0.0177,0.0010681,4.9329
0.017548,0.0027466,4.9268
0.018463,0.0010681,4.928
0.0177,-0.00091553,4.9255
0.017548,-0.0019836,4.9231
0.016937,-0.0013733,4.9194
0.016937,0,4.9207
0.016479,0.0016785,4.9182
0.017548,0.0019836,4.9182
0.018768,0.0015259,4.9207
0.019073,0.00015259,4.9207
0.019836,-0.0018311,4.917
0.018768,-0.0019836,4.906
0.018158,-0.0022888,4.9182
0.018463,0.00015259,4.9121
0.017548,0.0012207,4.9121
0.017548,0.0013733,4.9109
0.018158,-0.00045776,4.9231
0.019073,-0.0018311,4.9097
0.018616,-0.0015259,4.9109
0.018616,-0.0022888,4.9072
0.018463,0.00045776,4.9109
0.018311,0.00091553,4.906
0.018921,0.00030518,4.9133
0.019684,-0.00045776,4.9084
0.020447,-0.0019836,4.9158
0.021515,-0.0027466,4.9133
0.020752,-0.0016785,4.9194
0.020294,-0.00045776,4.9194
0.018616,0.0012207,4.9255
0.018768,0.0015259,4.9353
0.018616,0.00045776,4.928
0.018768,-0.0012207,4.9329
0.019989,-0.002594,4.9316
0.019379,-0.0032043,4.9194
0.02121,-0.002594,4.9268
0.021362,-0.0018311,4.9292
0.021973,0.0012207,4.9316
0.022278,-0.0015259,4.9304
0.022888,-0.0027466,4.9255
0.023193,-0.0041199,4.9341
0.023804,-0.007019,4.9329
0.024109,-0.0041199,4.9365
0.023651,-0.0024414,4.9304
0.021973,-0.0016785,4.9329
0.019684,-0.0013733,4.9353
0.019684,-0.002594,4.9353
0.018463,-0.0042725,4.939
0.019379,-0.0053406,4.9341
0.017548,-0.0048828,4.9292
0.019836,-0.0041199,4.928
0.019226,-0.0013733,4.9341
0.018768,-0.00045776,4.9231
0.018768,0.00030518,4.9036
0.018921,0.00015259,4.9207
0.019226,-0.0010681,4.9182
0.019073,-0.0021362,4.9182
0.019531,-0.0013733,4.9146
0.019379,0,4.9133
0.019226,0.00091553,4.9158
0.018768,0.0015259,4.8999
0.019684,0.0018311,4.9133
0.020294,0.00061035,4.9121
0.021057,0.00015259,4.9146
0.019379,0.00045776,4.9109
0.020447,0.0015259,4.9133
0.020447,0.0022888,4.9207
0.018463,0.0030518,4.9084
0.017548,0.00015259,4.9194
0.016327,-0.0018311,4.9097
0.015869,-0.0035095,4.8999
0.016022,-0.0065613,4.9109
0.016174,-0.0027466,4.9121
0.016022,-0.0018311,4.9109
0.015564,-0.00030518,4.9146
0.016022,-0.0012207,4.9146
0.016479,-0.0018311,4.9207
0.016937,-0.0021362,4.9194
0.016632,-0.00045776,4.9292
0.015717,-0.00045776,4.9231
0.015564,0.00015259,4.9304
0.014648,0.0013733,4.9341
0.014343,0.0010681,4.9341
0.013275,0.00091553,4.9353
0.013885,0.00045776,0.063477
0.015564,0.00015259,0.063477
0.016937,-0.00045776,0.061035
0.019989,0.0021362,0.073242
0.022888,0.0027466,0.059814
0.026398,0.0033569,0.058594
0.026093,0.0027466,0.061035
0.025787,0.0019836,0.067139
0.026093,0.0012207,0.065918
0.024872,0.0019836,0.062256
0.023956,0.0033569,0.061035
0.023041,0.0048828,0.067139
0.021667,0.0027466,0.061035
0.019836,0.0053406,0.061035
0.019836,0.0053406,0.061035
0.019684,0.0045776,0.058594
0.019989,0.0042725,0.05127
0.020905,0.0048828,0.053711
0.02243,0.0057983,0.063477
0.022888,0.0059509,0.05249
0.02182,0.0073242,0.053711
0.020447,0.005188,0.048828
0.017395,0.0038147,0.031738
0.015411,0.0019836,0.041504
0.01358,0.0012207,0.042725
0.011902,0.0010681,0.042725
0.01236,0.0019836,0.040283
0.011597,0.0012207,0.036621
0.011902,0.00061035,0.042725
0.011292,-0.00045776,0.037842
0.012054,-0.0018311,0.042725
0.013275,-0.0028992,0.036621
0.011749,0,0.042725
0.01709,0.0019836,0.040283
0.017242,0.0032043,0.040283
0.0177,0.0033569,0.045166
0.016479,0.0033569,0.040283
0.015564,0.0027466,0.042725
0.014648,0.0035095,0.045166
0.013885,0.0050354,0.045166
0.015106,0.0068665,0.047607
0.016022,0.0082397,0.05249
0.015564,0.0085449,0.053711
0.017548,0.0071716,0.058594
0.01709,0.0054932,0.054932
0.018158,0.0036621,0.061035
0.018768,0.0022888,0.059814
0.018158,0.0018311,0.061035
0.019073,0.0024414,0.057373
0.017242,0.0012207,0.064697
0.01709,0.0028992,0.058594
0.015106,0.0030518,0.061035
0.012512,0.0035095,0.062256
0.011749,0.0038147,0.064697
0.010223,0.0065613,0.074463
0.010529,0.0032043,0.067139
0.0097656,0.0032043,0.073242
0.010071,0.0032043,0.064697
0.010529,0.0021362,0.056152
0.011139,0.0024414,0.064697
0.012817,0.0021362,0.059814
0.015869,0.0016785,0.056152
0.016174,0.0021362,0.059814
0.016327,0.002594,0.05249
0.016479,0.0021362,0.05127
0.016479,0.0032043,0.047607
0.017548,0.0039673,0.05249
0.018768,0.0036621,0.045166
0.021057,0.0028992,0.046387
0.021973,0.0032043,0.050049
0.023956,0.0027466,0.047607
0.024719,0.00045776,0.043945
0.024414,0.0016785,0.046387
0.02594,0.0012207,0.045166
0.02533,0.0018311,0.040283
0.025635,0.0024414,0.037842
0.025635,0.0024414,0.041504
0.025177,0.0024414,0.026855
0.023956,0.0016785,0.0354
0.02182,0.00045776,0.039063
0.021057,0,0.040283
0.021362,0.00091553,0.039063
0.022888,0.0016785,0.036621
0.024567,0.002594,0.040283
0.024872,0.0033569,0.040283
0.025787,0.002594,0.042725
0.024872,0.0028992,0.043945
0.023651,0.0021362,0.050049
0.02533,0.0019836,0.05249
0.025024,0.002594,0.053711
0.025024,0.0027466,0.06958
0.025024,0.0022888,0.057373
0.024872,0.0013733,0.062256
0.025024,0.0010681,0.063477
0.024414,0.00076294,0.05127
0.025177,0.0013733,0.058594
0.026398,0.0016785,0.061035
0.026855,0.0038147,0.061035
0.028229,0.0041199,0.057373
0.027924,0.0032043,0.053711
0.029297,0.0015259,0.063477
0.028534,0.0012207,0.062256
0.028687,0.0038147,0.065918
0.029297,0.0021362,0.062256
0.028381,0.0021362,0.063477
0.028381,0.0024414,0.065918
0.027924,0.0010681,0.065918
0.027313,0.00045776,0.067139
0.025024,-0.00015259,0.063477
0.024109,-0.00015259,0.062256
0.024567,0.0012207,0.05127
0.023499,0.0015259,0.068359
0.023346,0.0016785,0.05249
0.022583,0.0012207,0.043945
0.024261,-0.00015259,0.046387
0.025482,-0.00045776,0.046387
0.02594,0,0.045166
0.027313,-0.0010681,3.9771
0.028687,0.0013733,4.8523
0.029449,0.0013733,4.9084
0.029907,-0.0010681,4.9023
0.029907,0.00091553,4.9084
0.030365,0.0013733,4.9084
0.030365,0.0016785,4.9133
0.029144,0.0028992,4.9084
0.029449,0.0041199,4.9121
0.029907,0.0045776,4.9158
0.030518,0.0047302,4.9133
0.030365,0.0048828,4.9109
0.031433,0.0041199,4.9097
0.032806,0.004425,4.9036
0.032349,0.0053406,4.9158
0.033569,0.0061035,4.9084
0.033417,0.0059509,4.9121
0.034332,0.0062561,4.9109
0.03479,0.0061035,4.917
0.034027,0.0053406,4.9207
0.033569,0.0045776,4.9207
0.032196,0.0041199,4.9329
0.031891,0.0050354,4.9243
0.031433,0.0054932,4.928
0.032196,0.0056458,4.9292
0.031586,0.005188,4.939
0.031738,0.0033569,4.9292
0.029297,0.0024414,4.9329
0.029144,0.0021362,4.9377
0.028076,0.0018311,4.9341
0.027313,0.0024414,4.9377
0.028076,0.0018311,4.9341
0.027924,0.0057983,4.9158
0.024719,0.00030518,4.9341
0.02655,-0.00061035,4.9365
0.026093,-0.0010681,4.9292
0.024872,-0.002594,4.9377
0.026398,-0.0030518,4.9329
0.027313,-0.0016785,4.9329
0.027618,-0.0012207,4.928
0.027924,0.0013733,4.928
0.027771,-0.00076294,4.9243
0.027161,-0.00076294,4.9255
0.026855,-0.00076294,4.9243
0.025635,-0.00015259,4.9255
0.027466,0.00030518,4.9292
0.027313,0.00045776,4.9158
0.028381,0.0015259,4.9158
0.029297,-0.00030518,4.9182
0.029297,-0.00076294,4.9048
0.029297,-0.0013733,4.9097
0.029907,-0.0057983,4.8926
0.028687,-0.0024414,4.9109
0.030212,-0.0032043,4.9109
0.029755,-0.0045776,4.9109
0.028839,-0.0057983,4.9084
0.028229,-0.0062561,4.9084
0.027618,-0.0045776,4.9146
0.027924,-0.0059509,4.906
0.027313,-0.0030518,4.9121
0.027313,-0.0057983,4.906
0.026703,-0.005188,4.9109
0.027008,-0.0039673,4.9109
0.026703,-0.004425,4.9121
0.027313,-0.004425,4.9219
0.027618,-0.0045776,4.9158
0.027924,-0.0041199,4.9304
0.027313,-0.0047302,4.9219
0.027771,-0.0048828,4.9084
0.028381,-0.0038147,4.928
0.02594,-0.0032043,4.9231
0.029297,-0.0036621,4.9255
0.029755,-0.0028992,4.9292
0.028992,-0.0024414,4.9304
0.029144,-0.00061035,4.9341
0.027313,0.00061035,4.9304
0.026703,0.0013733,4.9353
0.023804,0.0041199,4.928
0.02594,0.0013733,4.9158
0.025177,-0.00091553,4.9353
0.025482,0.00030518,4.9353
0.025635,0.00015259,4.9414
0.023956,-0.00030518,4.9377
0.023804,-0.00076294,4.9329
0.023651,0.0042725,4.9365
0.023499,0.00015259,4.9377
0.022125,0.00015259,4.9341
0.021362,0.00091553,4.9304
0.019836,0.0013733,4.9255
0.019836,0.0016785,4.928
0.018158,0.0013733,4.9219
0.01709,0.0016785,4.9243
0.016327,0.0012207,4.917
0.016479,0.00015259,4.9207
0.016632,0.00030518,4.9182
0.016327,0.00030518,4.9194
0.016632,0.00030518,4.9146
0.016785,0.00076294,4.9194
0.016022,0.00061035,4.9133
0.015564,-0.00061035,4.9084
0.015564,-0.00030518,4.9231
0.016937,0.00091553,4.9133
0.017242,0.0021362,4.9207
0.017395,0.0059509,4.9097
0.0177,0.0045776,4.8987
0.018005,0.0042725,4.9109
0.018463,0.0036621,4.9109
0.020142,0.0024414,4.9121
0.019684,0.0030518,4.9097
0.019379,0.0030518,4.9097
0.018616,0.0038147,0.036621
0.018921,0.0035095,0.043945
0.016327,0.0030518,0.047607
0.015106,0.0016785,0.045166
0.014496,-0.0038147,0.05127
0.013733,0.00045776,0.05127
0.014496,0.00061035,0.056152
0.014954,0.0022888,0.06958
0.015411,0.0030518,0.057373
0.016327,0.0022888,0.062256
0.016937,0.0021362,0.061035
0.017548,0.0022888,0.058594
0.018768,0.0024414,0.058594
0.018768,0.0038147,0.065918
0.018311,0.0038147,0.059814
0.018463,0.0036621,0.059814
0.016022,0.0032043,0.059814
0.015106,0.0024414,0.065918
0.014343,0.002594,0.063477
0.015411,0.0035095,0.065918
0.016632,0.0050354,0.064697
0.018463,0.0062561,0.061035
0.020294,0.0064087,0.062256
0.023804,0.0059509,0.065918
0.021973,0.0048828,0.063477
0.021515,0.0047302,0.061035
0.02182,0.0039673,0.064697
0.022125,0.0042725,0.058594
0.022125,0.0045776,0.067139
0.021667,0.0042725,0.050049
0.020294,0.0038147,0.043945
0.018311,0.0036621,0.050049
0.016632,0.0030518,0.041504
0.016022,0.0027466,0.045166
0.017242,0.0042725,0.045166
0.017853,0.0041199,0.042725
0.019226,0.0038147,0.042725
0.019226,0.0042725,0.040283
0.0177,0.0041199,0.042725
0.016174,0.0033569,0.036621
0.014648,0.0027466,0.041504
0.014038,0.0016785,0.042725
0.014343,0.00091553,0.046387
0.015259,0.00076294,0.041504
0.015259,0.0012207,0.039063
0.015259,0.0018311,0.041504
0.014343,0.0022888,0.040283
0.01358,0.0021362,0.0354
0.013275,0.0027466,0.042725
0.013733,0.0024414,0.030518
0.014648,0.0028992,0.042725
0.016479,0.0028992,0.047607
0.016785,0.0035095,0.048828
0.017548,0.0036621,0.054932
0.019531,0.0036621,0.053711
0.020752,0.0038147,0.059814
0.020447,0.0016785,0.053711
0.023651,0.00091553,0.061035
0.024261,0.00061035,0.062256
0.025024,0.0012207,0.065918
0.024414,0.0013733,0.058594
0.022583,0.0018311,0.062256
0.021515,0.0013733,0.06958
0.019379,0.00045776,0.061035
0.017242,-0.00015259,0.065918
0.018158,0.00015259,0.062256
0.018158,0.00091553,0.047607
0.018921,0.0021362,0.063477
0.019836,0.0021362,0.064697
0.019531,0.0018311,0.065918
0.019836,0.00061035,0.065918
0.019226,-0.00030518,0.058594
0.019531,-0.0012207,0.062256
0.019684,-0.00015259,0.057373
0.020294,0.00091553,0.056152
0.019989,0.0018311,0.056152
0.018921,0.0016785,0.054932
0.018463,0.0018311,0.05127
0.018158,0.0022888,0.05127
0.018616,0.0016785,0.053711
0.018463,0.0024414,0.047607
0.019531,0.0028992,0.048828
0.019989,0.0032043,0.045166
0.020142,0.002594,0.042725
0.019379,0.0015259,0.039063
0.018463,0.00061035,0.042725
0.018311,0.00045776,0.039063
0.018005,0,0.037842
0.017853,-0.00061035,0.039063
0.0177,-0.0012207,0.040283
0.017242,-0.0016785,0.036621
0.01709,-0.0022888,0.040283
0.017242,-0.00045776,0.037842
0.018158,-0.00030518,0.042725
0.017853,-0.00030518,0.037842
0.018616,0.00076294,0.041504
0.018921,0.00045776,0.042725
0.016479,0.00030518,0.043945
0.018158,0.00061035,0.057373
0.017395,0.00015259,0.050049
0.01709,-0.0028992,0.062256
0.016937,-0.00076294,0.054932
0.017242,-0.0010681,0.042725
0.016937,-0.0019836,0.057373
0.01709,-0.0024414,0.054932
0.016937,-0.0028992,0.057373
0.016937,-0.0024414,0.063477
0.017242,-0.002594,0.056152
0.017853,-0.0032043,0.061035
0.018005,-0.0016785,0.061035
0.018616,-0.00076294,0.063477
0.020142,0.0012207,0.058594
0.02121,0.0019836,0.061035
0.02182,0.0038147,0.065918
0.022125,0.0041199,0.065918
0.022888,0.0035095,0.068359
0.023346,0.0041199,0.06958
0.024261,0.0045776,4.5837
0.024567,0.0048828,4.9133
0.026398,0.0045776,4.939
0.026245,0.002594,4.9304
0.026703,0.00076294,4.9133
0.027313,-0.00045776,4.9084
0.029144,-0.00091553,4.9231
0.028076,0.00030518,4.9243
0.027161,0.0015259,4.9219
0.027313,0.0010681,4.9146
0.025635,-0.00030518,4.9194
0.023956,-0.0016785,4.9158
0.022583,-0.0032043,4.9158
0.021973,-0.0016785,4.9133
0.021973,-0.0045776,4.9158
0.02182,-0.0035095,4.9121
0.023346,-0.0022888,4.917
0.025482,-0.00091553,4.9231
0.022888,0,4.9109
0.023041,-0.00030518,4.9109
0.023193,-0.0021362,4.9109
0.024719,0,4.895
0.024872,0.00076294,4.8962
0.023956,0.0016785,4.9097
0.026245,0,4.9109
0.027618,0.0024414,4.9097
0.028229,0.0016785,4.9084
0.03006,0.00015259,4.9121
0.030518,0.00076294,4.9146
0.031586,0.0012207,4.9182
0.031891,0.0033569,4.917
0.031891,0.0039673,4.9243
0.03067,0.0068665,4.9207
0.029449,0.002594,4.928
0.027771,0.00061035,4.9268
0.028076,0.00076294,4.9316
0.02655,0.0015259,4.9304
0.02594,0.0032043,4.9255
0.02655,0.0028992,4.9451
0.026398,0.002594,4.9329
0.025787,-0.00091553,4.9194
0.025482,-0.0033569,4.9304
0.024414,-0.0061035,4.9329
0.027924,-0.002594,4.9304
0.023651,-0.00030518,4.9353
0.02182,0.0010681,4.9353
0.019989,0.00091553,4.9377
0.018768,0.0010681,4.9329
0.018311,-0.00045776,4.939
0.019836,0,4.9329
0.02243,0.0019836,4.9353
0.025787,0.0047302,4.9304
0.028534,0.0068665,4.9329
0.031586,0.0074768,4.9377
0.035095,0.0065613,4.928
0.032654,0.004425,4.9207
0.032349,0.0027466,4.9219
0.032349,0.0033569,4.9109
0.031586,0.0033569,4.9194
0.031128,0.0048828,4.9146
0.031586,0.0065613,4.9194
0.031128,0.010834,4.917
0.030975,0.005188,4.9133
0.031128,0.0033569,4.9121
0.031738,0.0019836,4.9121
0.032501,0.0035095,4.9109
0.032806,0.0027466,4.9072
0.033112,0.0045776,4.9121
0.032654,0.0054932,4.9121
0.031586,0.0056458,4.9121
0.028687,0.0054932,4.9084
0.025482,0.004425,4.9133
0.023499,0.0042725,4.9158
0.022888,0.005188,4.9121
0.022888,0.0064087,4.9207
0.023041,0.0085449,4.9182
0.023041,0.0094604,4.8999
0.02533,0.0076294,4.917
0.022125,0.0059509,4.9182
0.021667,0.0041199,4.9194
0.021362,0.0028992,4.9268
0.02182,0.0039673,4.9231
0.021667,0.0050354,4.9292
0.021973,0.0057983,4.9292
0.021515,0.0038147,4.9329
0.020752,0.0042725,4.9304
0.020752,0.0028992,4.9341
0.019989,0.0022888,4.9304
0.020142,0.0027466,4.9329
0.020752,0.0038147,4.9426
0.021057,0.0048828,4.9341
0.021057,0.0054932,4.9329
0.02182,0.004425,4.9377
0.021667,0.0032043,4.9292
0.020447,0.0015259,4.9353
0.023041,0.0016785,4.9341
0.022736,0.0013733,4.9353
0.023193,0.0019836,4.9353
0.021973,0.0013733,4.9304
0.02182,0.0010681,4.9341
0.021667,-0.0019836,4.9255
0.021667,-0.0024414,4.9255
0.022125,-0.0021362,4.9194
0.023041,-0.002594,4.9231
0.022888,-0.0022888,4.9194
0.02243,-0.0013733,4.9219
0.021515,-0.0013733,4.9194
0.021057,-0.0030518,4.9207
0.021973,-0.0018311,4.9219
0.022125,-0.0021362,4.917
0.024109,-0.0019836,0.057373
0.025635,-0.0022888,0.043945
0.02655,-0.0019836,0.030518
0.027771,-0.0021362,0.037842
0.029297,-0.0015259,0.040283
0.031128,-0.0013733,0.036621
0.032806,-0.00061035,0.041504
0.033264,0,0.037842
0.03418,0.00061035,0.042725
0.032043,0.00091553,0.036621
0.032043,0.0027466,0.043945
0.030975,0.0033569,0.037842
0.031586,0.0036621,0.045166
0.031281,0.0030518,0.046387
0.030518,0.0024414,0.048828
0.030823,0.0024414,0.059814
0.029907,0.0022888,0.05127
0.028839,0.0021362,0.062256
0.027161,0.0012207,0.050049
0.026398,0.00030518,0.046387
0.025482,-0.00076294,0.056152
0.024261,-0.0024414,0.062256
0.023346,-0.0033569,0.061035
0.02243,-0.0028992,0.063477
0.021515,-0.0027466,0.058594
0.020599,-0.0022888,0.061035
0.019989,-0.0012207,0.058594
0.019531,-0.0015259,0.063477
0.019073,-0.0018311,0.058594
0.018311,-0.0013733,0.064697
0.018768,-0.0015259,0.064697
0.019073,-0.0010681,0.067139
0.019073,-0.0015259,0.068359
0.017242,-0.0015259,0.06958
0.018768,-0.0018311,0.06958
0.018463,-0.0021362,0.062256
0.018921,-0.0030518,0.06958
0.019989,-0.0010681,0.061035
0.019989,-0.0015259,0.053711
0.020752,0.00015259,0.05249
0.021057,0.0010681,0.048828
0.020752,0.0024414,0.048828
0.02121,0.0032043,0.05127
0.020752,0.0027466,0.045166
0.02121,0.0018311,0.048828
0.021515,0.0018311,0.042725
0.021973,0.00076294,0.046387
0.02182,0.0016785,0.042725
0.022125,0.0015259,0.045166
0.021515,0.0018311,0.041504
0.021515,0.00076294,0.041504
0.02243,-0.0035095,0.053711
0.022278,-0.0012207,0.037842
0.022125,-0.0013733,0.041504
0.021667,-0.00061035,0.041504
0.021515,-0.0012207,0.020752
0.021362,0,0.040283
0.021515,0.0012207,0.041504
0.021667,0.00076294,0.041504
0.021362,0.00091553,0.039063
0.022278,0.00091553,0.039063
0.022278,0.00091553,0.040283
0.023346,0.0018311,0.043945
0.020905,0.0018311,0.05249
0.021057,0.0012207,0.050049
0.020142,-0.00061035,0.056152
0.020142,-0.00061035,0.057373
0.019989,-0.0030518,0.057373
0.019684,-0.0022888,0.062256
0.022278,-0.0015259,0.062256
0.020599,-0.00091553,0.062256
0.019989,-0.0013733,0.061035
0.020142,-0.0030518,0.073242
0.018158,-0.0036621,0.058594
0.019836,-0.0019836,0.050049
0.019989,-0.0024414,0.062256
0.019073,-0.0010681,0.065918
0.019836,0.00015259,0.062256
0.019226,0.00061035,0.067139
0.018921,0.00030518,0.065918
0.019836,-0.00061035,0.063477
0.018616,-0.00045776,0.061035
0.020142,-0.00045776,0.065918
0.020142,0.00061035,0.059814
0.020599,0.0015259,0.062256
0.019684,0.0024414,0.058594
0.019836,0.002594,0.057373
0.018921,0.0021362,0.059814
0.018463,0.0018311,0.05249
0.019379,0.00076294,0.050049
0.019989,0.00045776,0.048828
0.020447,0.00076294,0.046387
0.019836,-0.00015259,0.045166
0.018616,0.0010681,0.045166
0.018005,0.00045776,0.040283
0.016937,-0.00061035,0.043945
0.017395,0.00015259,0.041504
0.016785,-0.0016785,0.041504
0.016479,-0.0013733,0.036621
0.016632,-0.0010681,0.041504
0.016632,-0.00015259,0.037842
0.015106,-0.00076294,0.040283
0.014648,-0.002594,0.041504
0.015717,-0.0061035,0.042725
0.018005,-0.0057983,0.037842
0.018921,-0.0048828,0.039063
0.020599,-0.0024414,0.05249
0.021973,-0.00030518,0.041504
0.02243,0.00091553,0.05127
0.022736,0.00045776,0.045166
0.023499,-0.0015259,0.032959
0.024872,-0.0021362,0.047607
0.02655,-0.00061035,0.050049
0.027161,0.0024414,0.05127
0.029602,0.0061035,0.056152
0.027008,0.0074768,0.056152
0.02533,0.0062561,0.38696
0.024567,0.0027466,4.668
0.023804,-0.00061035,4.9109
0.023651,-0.0015259,4.9243
0.024872,0.00030518,4.9316
0.024872,0.0032043,4.9316
0.024261,0.0047302,4.9329
0.024261,0.0039673,4.9414
0.022888,0.0022888,4.9341
0.022583,0.00030518,4.9316
0.021362,0,4.9377
0.020447,0.0016785,4.9402
0.019836,0.0039673,4.9353
0.019226,0.0047302,4.9377
0.018616,0.0059509,4.9341
0.017548,0.004425,4.9316
0.016937,0.0036621,4.928
0.017548,0.0047302,4.9316
0.016479,0.0036621,4.9255
0.018005,0.0053406,4.9255
0.019073,0.0094604,4.9182
0.018768,0.0062561,4.9219
0.018158,0.0053406,4.9194
0.016479,0.0030518,4.9207
0.015411,0.0016785,4.9158
0.01358,0.0015259,4.9207
0.013428,0.0028992,4.9255
0.013428,0.0045776,4.9158
0.0094604,0.0057983,4.9243
0.013123,0.0054932,4.9133
0.012512,0.0038147,4.9011
0.012665,0.0024414,4.9109
0.015106,0.00076294,4.9109
0.014801,0.0015259,4.9084
0.016327,0.0030518,4.9109
0.018005,0.0045776,4.9097
0.017548,0.0042725,4.9097
0.016632,0.0039673,4.9072
0.014954,0.0015259,4.9133
0.01358,-0.0015259,4.9097
0.013733,-0.0013733,4.9158
0.013275,-0.00015259,4.917
0.01358,0.0018311,4.9182
0.014343,0.0039673,4.9231
0.014954,0.0045776,4.9243
0.015717,0.0038147,4.9219
0.01709,0.0016785,4.9292
0.018616,0.00091553,4.9316
0.019684,0.0015259,4.9304
0.020447,0.0035095,4.9231
0.025177,0.0065613,4.9304
0.022125,0.007019,4.9292
0.023346,0.0071716,4.9329
0.024414,0.0061035,4.9304
0.024872,0.0041199,4.9304
0.02533,0.0039673,4.9341
0.026855,0.0048828,4.9304
0.027161,0.0062561,4.9353
0.027313,0.0076294,4.9353
0.027771,0.0071716,4.939
0.028687,0.0050354,4.9341
0.027618,0.0032043,4.9377
0.029144,0.0015259,4.9463
0.028839,0.0012207,4.9329
0.027618,0.00091553,4.9329
0.024567,0.0021362,4.9304
0.022278,0.0013733,4.9109
0.019226,0.00030518,4.9207
0.01709,-0.0013733,4.917
0.015717,-0.0028992,4.9207
0.016327,-0.0024414,4.9194
0.017242,-0.0018311,4.9182
0.017395,-0.0036621,4.9158
0.017548,-0.00030518,4.9133
0.018005,-0.00076294,4.9121
0.019531,-0.0021362,4.9109
0.019684,-0.0036621,4.9146
0.020599,-0.0033569,4.9146
0.020905,-0.0018311,4.9133
0.020142,0.00015259,4.9158
0.019226,0.0024414,4.9109
0.018616,0.0036621,4.9084
0.019531,0.0038147,4.9133
0.020447,0.0030518,4.9011
0.022583,0.0022888,4.9109
0.025177,0.0030518,4.9231
0.027161,0.0028992,4.906
0.027466,0.0045776,4.9109
0.027618,0.004425,4.9109
0.027924,0.0032043,4.9158
0.028229,0.0013733,4.9182
0.027161,-0.002594,4.9194
0.027466,-0.0016785,4.9207
0.026093,-0.00061035,4.9255
0.024872,0,4.9255
0.023041,0.00061035,4.928
0.020599,0.00045776,4.9255
0.020294,-0.00061035,4.9438
0.020599,-0.0012207,4.9353
0.019684,-0.0032043,4.9329
0.02121,-0.0027466,4.9414
0.022278,-0.0022888,4.9292
0.023499,-0.0015259,4.9219
0.022888,-0.00030518,4.9304
0.022583,-0.00030518,4.9341
0.023956,-0.00045776,4.9304
0.02594,-0.0016785,4.9353
0.028229,-0.00091553,4.9353
0.03006,0,4.9365
0.030975,0.0015259,4.9365
0.031128,0.0035095,4.9353
0.031586,0.0035095,0.061035
0.032959,0.0036621,0.061035
0.034485,0.0033569,0.073242
0.036316,0.0019836,0.056152
0.038452,0.002594,0.053711
0.037842,0.0027466,0.053711
0.036774,0.0035095,0.050049
0.03418,0.0038147,0.050049
0.032196,0.002594,0.047607
0.030365,0.0021362,0.050049
0.030212,0.00076294,0.042725
0.029602,0.00030518,0.042725
0.028534,0.00076294,0.043945
0.027313,0.0016785,0.039063
0.025787,0.0022888,0.039063
0.023651,0.0018311,0.036621
0.024719,0.0027466,0.041504
0.025482,0.0022888,0.039063
0.02594,0.0021362,0.040283
0.027161,0.0027466,0.040283
0.025482,0.0033569,0.042725
0.024567,0.004425,0.030518
0.02243,0.004425,0.042725
0.022125,0.0038147,0.05249
0.022278,0.0041199,0.043945
0.023956,0.0036621,0.054932
0.024719,0.0030518,0.046387
0.024261,0.0021362,0.031738
0.022736,0.0016785,0.048828
0.021515,0.0010681,0.050049
0.02121,0.00015259,0.054932
0.020599,0,0.058594
0.021973,-0.00015259,0.056152
0.023651,-0.0030518,0.062256
0.024261,-0.0039673,0.061035
0.024872,-0.0047302,0.064697
0.025024,-0.0050354,0.059814
0.023651,-0.0042725,0.064697
0.023956,-0.0036621,0.061035
0.025024,-0.0013733,0.065918
0.026398,-0.0032043,0.075684
0.027466,-0.002594,0.064697
0.027924,-0.0022888,0.061035
0.029144,-0.0019836,0.065918
0.025635,-0.0019836,0.06958
0.025177,-0.002594,0.063477
0.026398,-0.002594,0.062256
0.027771,-0.0032043,0.061035
0.029144,-0.0045776,0.058594
0.030212,-0.0050354,0.054932
0.031586,-0.0054932,0.056152
0.029144,-0.0047302,0.05127
0.028229,-0.0045776,0.053711
0.027466,-0.0027466,0.048828
0.028076,-0.0022888,0.048828
0.029602,-0.0015259,0.046387
0.031281,-0.0013733,0.048828
0.032043,-0.0047302,0.045166
0.031433,0.00045776,0.042725
0.030823,0.00045776,0.05249
0.030823,0.0016785,0.043945
0.03067,0.0024414,0.053711
0.030365,0.0019836,0.040283
0.033112,0.0016785,0.031738
0.032806,0.0016785,0.029297
0.030365,0.0027466,0.036621
0.026703,0.0024414,0.040283
0.024567,0.0018311,0.040283
0.023193,0.0015259,0.036621
0.023041,0.00045776,0.043945
0.024567,-0.00061035,0.03418
0.025482,-0.0013733,0.041504
0.025024,-0.0019836,0.037842
0.023193,-0.0013733,0.046387
0.02121,-0.0018311,0.046387
0.019379,-0.0021362,0.05127
0.018616,-0.0030518,0.05249
0.018616,-0.0024414,0.053711
0.019226,-0.0022888,0.056152
0.018768,-0.0015259,0.057373
0.015869,-0.0013733,0.063477
0.014038,0,0.061035
0.012512,0.00030518,0.057373
0.012512,0.0012207,0.063477
0.015259,0.0038147,0.061035
0.017548,0.0024414,0.063477
0.019684,0.0032043,0.063477
0.019379,0.0028992,0.058594
0.019531,0.0035095,0.06958
0.018768,0.0039673,0.062256
0.018921,0.0047302,0.065918
0.019836,0.0064087,0.065918
0.021362,0.0062561,0.070801
0.022125,0.0067139,0.057373
0.022125,0.0067139,0.065918
0.019226,0.0064087,0.078125
0.018616,0.0067139,0.059814
0.0177,0.0073242,0.058594
0.018616,0.0083923,0.058594
0.020599,0.0086975,0.032959
0.023041,0.0061035,0.048828
0.023346,0.0047302,0.05127
0.02243,0.007019,0.046387
0.019836,0.0032043,0.046387
0.017548,0.0033569,0.045166
0.016174,0.0042725,0.047607
0.016632,0.0041199,0.045166
0.017395,0.0035095,0.041504
0.017242,0.0032043,0.037842
0.014648,0.002594,0.042725
0.014343,0.0027466,0.040283
0.012817,0.0027466,0.041504
0.012817,0.0038147,0.039063
0.014801,0.0038147,0.041504
0.019226,0.0036621,0.039063
0.020905,0.0022888,0.041504
0.021667,0.0050354,2.6392
0.021667,-0.00015259,4.7717
0.019989,0.0010681,4.8889
0.019226,0.0015259,4.9109
0.019379,0.0030518,4.9084
0.020599,0.0042725,4.9109
0.02243,0.0039673,4.9146
0.023346,0.0035095,4.9158
0.022583,0.0039673,4.9158
0.02121,0.0030518,4.9231
0.019989,0.0038147,4.9255
0.018463,0.0039673,4.9255
0.018463,0.0041199,4.9316
0.019531,0.0019836,4.9304
0.020447,-0.00015259,4.9341
0.020294,-0.0013733,4.939
0.017395,-0.0018311,4.9329
0.015259,-0.0012207,4.9207
0.01297,0,4.9304
0.014648,0.0013733,4.9316
0.015717,0.0018311,4.9316
0.017548,0.0016785,4.9329
0.018616,0.00091553,4.9341
0.018616,0.00091553,4.9353
0.016479,0.0022888,4.9365
0.014801,0.0041199,4.9365
0.016022,0.0067139,4.9329
0.018463,0.0088501,4.9316
0.019989,0.0090027,4.9268
0.02182,0.0079346,4.9304
0.022583,0.0054932,4.9268
0.021362,0.0019836,4.9268
0.019226,0.00091553,4.9255
0.017395,0.00076294,4.9231
0.016632,0.0015259,4.9316
0.016632,0.0019836,4.9182
0.016937,0.0012207,4.9255
0.016632,-0.00015259,4.9158
0.015411,-0.0013733,4.9072
0.014191,-0.0016785,4.9097
0.014191,-0.00045776,4.917
0.014648,0.0016785,4.9097
0.016937,0.0022888,4.9121
0.018005,0.00061035,4.9048
0.018463,-0.0019836,4.9121
0.018768,-0.0028992,4.9072
0.019073,-0.0045776,4.9097
0.018311,-0.0018311,4.9109
0.017853,0.00061035,4.9158
0.018311,0,4.9121
0.019684,-0.00061035,4.9121
0.021515,-0.0021362,4.9207
0.023346,-0.0021362,4.9121
0.023499,-0.0012207,4.9158
0.023499,0.0021362,4.9182
0.022888,0.004425,4.9097
0.023651,0.0045776,4.9194
0.024414,0.0019836,4.9268
0.02594,-0.0016785,4.9268
0.026398,-0.0036621,4.9255
0.02594,-0.0042725,4.9255
0.02533,-0.0021362,4.9304
0.023499,0.0012207,4.9292
0.023346,0.0015259,4.9353
0.024414,0.0022888,4.928
0.025482,0.00091553,4.9353
0.026093,-0.00045776,4.9304
0.025177,-0.00061035,4.9329
0.023499,0.0013733,4.9353
0.02182,0.0035095,4.9377
0.018311,0.0054932,4.939
0.018616,0.0050354,4.939
0.020294,0.0030518,4.9487
0.020447,0.00091553,4.9365
0.020447,0.00030518,4.9268
0.019989,-0.0013733,4.9207
0.016937,0.00030518,4.9255
0.015106,0.0013733,4.9268
0.014343,0.00091553,4.928
0.013733,-0.0013733,4.9219
0.014496,-0.0053406,4.9207
0.014038,-0.0085449,4.9048
0.011292,-0.010529,4.9207
0.010071,-0.010681,4.9146
0.009613,-0.0091553,4.9194
0.010071,-0.0083923,4.9158
0.01236,-0.011749,4.9194
0.016174,-0.0082397,4.9182
0.019989,-0.0093079,4.9133
0.021362,-0.0088501,4.9133
0.021515,-0.0082397,4.9097
0.022736,-0.005188,4.9011
0.024109,-0.0027466,4.9109
0.024872,-0.0010681,4.9121
0.026398,-0.00076294,4.9072
0.026093,-0.0022888,4.9084
0.02533,-0.0042725,4.9109
0.023041,-0.0064087,4.9109
0.022278,-0.0048828,4.9097
0.020752,-0.0022888,4.9133
0.020905,-0.00045776,4.9109
0.02243,-0.00015259,4.9207
0.023956,-0.0013733,4.9207
0.024567,-0.0018311,4.9194
0.024872,-0.0030518,4.9219
0.02182,-0.00076294,4.9231
0.021362,-0.0018311,4.9268
0.019836,-0.00045776,4.9268
0.020599,0.00030518,4.939
0.019073,0.00015259,4.9316
0.018768,-0.0022888,0.046387
0.018768,-0.0048828,0.057373
0.018463,-0.0056458,0.067139
0.0177,-0.0050354,0.046387
0.016785,-0.0027466,0.061035
0.021362,-0.0035095,0.058594
0.023041,-0.00015259,0.064697
0.029297,-0.0019836,0.062256
0.032043,-0.0047302,0.064697
0.033417,-0.0059509,0.063477
0.033112,-0.007019,0.070801
0.030975,-0.0038147,0.061035
0.028534,-0.0015259,0.065918
0.027618,0.00076294,0.074463
0.026245,-0.0010681,0.056152
0.024567,-0.002594,0.054932
0.02182,-0.004425,0.056152
0.017548,-0.0035095,0.039063
0.0177,-0.0018311,0.053711
0.017395,-0.00015259,0.050049
0.019379,-0.00076294,0.047607
0.022278,-0.00061035,0.048828
0.025177,-0.0033569,0.042725
0.026855,-0.0053406,0.047607
0.025787,-0.010071,0.041504
0.024567,-0.0048828,0.042725
0.023041,-0.0021362,0.037842
0.023346,-0.00015259,0.045166
0.024261,0.00045776,0.041504
0.024872,-0.0012207,0.042725
0.024872,-0.0033569,0.040283
0.024414,-0.0033569,0.041504
0.023346,-0.00091553,0.045166
0.024414,0.00076294,0.042725
0.025787,0.0032043,0.048828
0.028687,0.0028992,0.036621
0.031586,0.0027466,0.032959
0.032349,-0.00045776,0.041504
0.030365,-0.0030518,0.041504
0.027618,-0.0048828,0.041504
0.026245,-0.0035095,0.047607
0.024261,-0.0013733,0.047607
0.023956,0,0.054932
0.021973,0.0013733,0.053711
0.024261,-0.00091553,0.059814
0.023956,-0.0027466,0.05127
0.023346,-0.0047302,0.062256
0.024872,-0.0050354,0.062256
0.022278,-0.0021362,0.063477
0.023499,0.00061035,0.073242
0.025787,0.0027466,0.063477
0.026855,0.002594,0.064697
0.028839,0.0010681,0.061035
0.028076,0.00076294,0.062256
0.029755,0.0028992,0.062256
0.026093,0.0036621,0.063477
0.02594,0.007019,0.061035
0.027618,0.0085449,0.057373
0.029907,0.0076294,0.063477
0.031281,0.0053406,0.064697
0.032959,0.0024414,0.058594
0.031738,0.0027466,0.061035
0.029449,0.0038147,0.054932
0.027161,0.0071716,0.057373
0.027924,0.009613,0.053711
0.028229,0.010376,0.05249
0.027771,0.0088501,0.048828
0.025482,0.0057983,0.047607
0.025024,0.0068665,0.061035
0.022736,0.0083923,0.046387
0.021973,0.010071,0.058594
0.021667,0.010681,0.046387
0.02243,0.0068665,0.0354
0.023956,0.0071716,0.037842
0.023346,0.0045776,0.040283
0.022888,0.0033569,0.040283
0.020905,0.00015259,0.041504
0.020294,0.0047302,0.03418
0.018921,0.0067139,0.037842
0.018616,0.0079346,0.037842
0.018616,0.007782,0.040283
0.020294,0.0068665,0.039063
0.019684,0.0059509,0.041504
0.019684,0.0057983,0.039063
0.018005,0.0061035,0.042725
0.019073,0.0071716,0.05249
0.019379,0.0074768,0.046387
0.019989,0.0059509,0.048828
0.021362,0.0047302,0.048828
0.021973,0.0030518,0.043945
0.021362,0.00076294,0.053711
0.019684,0.00061035,0.063477
0.017853,0.0013733,0.057373
0.017242,0.0022888,0.062256
0.017242,0.0030518,0.054932
0.018311,0.0027466,0.062256
0.020599,0.0015259,0.058594
0.022888,-0.0016785,0.061035
0.024109,-0.0013733,0.057373
0.024414,-0.0019836,0.062256
0.023956,-0.00015259,0.061035
0.023956,0.0012207,0.063477
0.022278,0.00091553,0.062256
0.024109,-0.00061035,0.065918
0.024567,-0.0019836,0.073242
0.023804,-0.0032043,0.067139
0.021515,-0.0021362,0.06958
0.02182,-0.00015259,0.063477
0.022125,0.002594,0.050049
0.023346,0.0042725,0.056152
0.023956,0.0038147,0.059814
0.026855,0.0030518,0.05127
0.028076,0.0010681,0.056152
0.029297,0.00091553,0.048828
0.028839,0.0021362,0.048828
0.028229,0.0045776,0.045166
0.028229,0.0057983,0.050049
0.026398,0.0056458,3.9441
0.024567,0.0027466,4.8547
0.023346,0.00091553,4.9097
0.02182,-0.00030518,4.9121
0.021515,0.00045776,4.9097
0.019073,0.0033569,4.9097
0.019684,0.0053406,4.9084
0.020905,0.005188,4.9109
0.021362,0.0035095,4.9109
0.022888,0.00076294,4.9072
0.023804,-0.0019836,4.9109
0.023041,-0.0012207,4.9084
0.020905,-0.0015259,4.9109
0.017548,-0.00076294,4.9109
0.015106,0.00061035,4.8999
0.01236,-0.00015259,4.9097
0.013123,-0.0018311,4.9158
0.013275,-0.0021362,4.9133
0.011749,-0.0024414,4.9194
0.012665,-0.00076294,4.9158
0.012512,0.0010681,4.9255
0.012817,0.0027466,4.9243
0.013428,0.002594,4.9292
0.015259,0.0015259,4.9402
0.0177,-0.00030518,4.9231
0.015869,-0.0021362,4.9377
0.0177,-0.00091553,4.9353
0.016479,0.00061035,4.917
0.016327,0.0015259,4.9292
0.015869,0.00061035,4.9316
0.016632,0.0024414,4.9304
0.018005,0.0010681,4.9329
0.019989,0.00045776,4.9304
0.021057,0.00076294,4.9353
0.023193,0.0019836,4.9353
0.024261,0.0021362,4.9304
0.024872,0.0042725,4.9316
0.023499,0.0039673,4.9353
0.02243,0.0022888,4.9329
0.022278,0.00045776,4.9329
0.021515,-0.00091553,4.9329
0.020447,-0.0010681,4.9304
0.02121,-0.00030518,4.9304
0.020447,0.00076294,4.9255
0.020599,0.0018311,4.9316
0.019684,0.0012207,4.9207
0.019836,0,4.8914
0.020905,-0.0018311,4.9194
0.021057,-0.0024414,4.9146
0.02121,-0.0019836,4.9121
0.020905,-0.0010681,4.9109
0.019379,0.00015259,4.9072
0.019226,0.00015259,4.9121
0.018921,0,4.9072
0.018311,-0.00076294,4.9133
0.019379,-0.0010681,4.9084
0.020447,-0.00091553,4.9084
0.02121,0.00061035,4.9109
0.020447,0.0013733,4.9133
0.022125,-0.00076294,4.9182
0.021515,-0.0013733,4.9121
0.02182,-0.0035095,4.9182
0.022125,-0.0054932,4.9121
0.023041,-0.0057983,4.9023
0.02121,-0.0036621,4.9146
0.019379,-0.002594,4.9158
0.017395,-0.0038147,4.917
0.016327,-0.0030518,4.9231
0.016632,-0.0022888,4.9158
0.016022,-0.0030518,4.9243
0.016785,-0.005188,4.9243
0.018768,-0.0019836,4.9292
0.018921,-0.00076294,4.9268
0.019989,0.00015259,4.9341
0.019226,-0.00015259,4.9329
0.020142,0,4.9341
0.019989,-0.00061035,4.9316
0.019379,-0.00061035,4.9341
0.018921,0.0012207,4.9304
0.019073,0.0036621,4.9341
0.019684,0.0061035,4.9438
0.015869,0.0071716,4.9353
0.018768,0.0067139,4.928
0.019379,0.0053406,4.9329
0.020905,0.0039673,4.9353
0.022278,0.0036621,4.9353
0.023346,0.0041199,4.9353
0.022583,0.0045776,4.9292
0.02182,0.0067139,4.9353
0.020294,0.0018311,4.9255
0.017548,-0.00091553,4.928
0.014954,-0.0035095,4.9207
0.013275,-0.0047302,4.9219
0.01236,-0.0045776,4.9158
0.010681,-0.0039673,4.9231
0.0094604,-0.0027466,4.928
0.0086975,0.00061035,4.9158
0.010223,-0.0028992,4.9194
0.012817,-0.0022888,4.917
0.015411,-0.0016785,4.895
0.019379,0.00015259,4.9097
0.02182,0.0032043,4.9121
0.023956,0.0053406,4.9097
0.024567,0.0074768,4.9109
0.024261,0.0059509,4.906
0.024414,0.0047302,4.9109
0.024261,0.0036621,4.9072
0.023346,0.00061035,4.9097
0.025787,0.004425,4.9097
0.023804,0.0057983,0.042725
0.022888,0.005188,0.041504
0.025024,0.0039673,0.045166
0.024719,0.0018311,0.047607
0.026093,0.00045776,0.047607
0.025482,0,0.047607
0.026398,-0.0028992,0.05127
0.02594,0.0010681,0.057373
0.026245,0.0019836,0.054932
0.02533,0.0022888,0.053711
0.024567,0.0018311,0.056152
0.023499,0.0022888,0.058594
0.023346,0.0033569,0.058594
0.02182,0.0042725,0.064697
0.02182,0.005188,0.059814
0.018616,0.0050354,0.063477
0.016327,0.0073242,0.058594
0.01709,0.0019836,0.062256
0.011749,0.00015259,0.061035
0.010376,-0.0012207,0.063477
0.0088501,-0.0019836,0.064697
0.0088501,-0.0036621,0.068359
0.0085449,-0.0024414,0.076904
0.0086975,-0.0030518,0.063477
0.0085449,-0.0038147,0.06958
0.0080872,-0.0047302,0.063477
0.0079346,-0.0036621,0.047607
0.0091553,-0.0027466,0.058594
0.010223,-0.0018311,0.054932
0.012207,-0.0012207,0.05249
0.01358,-0.0018311,0.054932
0.015717,-0.0022888,0.050049
0.015717,-0.0027466,0.048828
0.015869,-0.0030518,0.046387
0.019379,-0.0019836,0.050049
0.020752,0.0012207,0.042725
0.023041,-0.0027466,0.046387
0.024567,-0.0035095,0.043945
0.024719,-0.0036621,0.042725
0.024567,-0.0053406,0.040283
0.022125,-0.007019,0.042725
0.024261,-0.0071716,0.041504
0.023499,-0.0059509,0.039063
0.023193,-0.005188,0.036621
0.022736,-0.0035095,0.040283
0.02243,-0.002594,0.026855
0.021362,-0.00076294,0.036621
0.019989,0.00045776,0.039063
0.019531,0.0018311,0.037842
0.018158,0.0028992,0.041504
0.017853,0.0032043,0.041504
0.015106,0.002594,0.045166
0.018616,0.00045776,0.045166
0.018921,-0.00061035,0.05127
0.019073,-0.0018311,0.046387
0.018616,-0.0030518,0.056152
0.020447,-0.0028992,0.056152
0.021362,-0.002594,0.058594
0.022888,-0.0018311,0.073242
0.023499,-0.0010681,0.059814
0.025177,-0.00015259,0.064697
0.025482,0.00091553,0.063477
0.026093,0.0013733,0.047607
0.026703,0.0015259,0.058594
0.026703,0.0018311,0.061035
0.026093,0.00015259,0.062256
0.025482,0.00030518,0.062256
0.024719,-0.0013733,0.059814
0.02243,-0.0015259,0.064697
0.020294,-0.0021362,0.065918
0.019684,-0.0035095,0.065918
0.017242,-0.0039673,0.064697
0.015869,-0.0061035,0.065918
0.014648,-0.0067139,0.061035
0.014648,-0.0086975,0.061035
0.014343,-0.0097656,0.057373
0.015564,-0.011292,0.05249
0.018005,-0.011597,0.058594
0.015869,-0.010986,0.05249
0.015869,-0.0097656,0.062256
0.019684,-0.0064087,0.047607
0.019531,-0.0036621,0.039063
0.020752,-0.00045776,0.046387
0.021667,0.0016785,0.043945
0.022125,0.0032043,0.040283
0.023499,0.0047302,0.043945
0.024414,0.0047302,0.036621
0.026398,0.0047302,0.042725
0.027466,0.0045776,0.039063
0.028076,0.0033569,0.040283
0.029602,0.0024414,0.036621
0.029907,0.00091553,0.042725
0.029907,0.00030518,0.042725
0.029602,-0.00061035,0.041504
0.029602,-0.0013733,0.048828
0.028381,-0.0028992,0.041504
0.027161,-0.0035095,0.050049
0.025024,-0.004425,0.037842
0.02243,-0.005188,0.03418
0.020752,-0.005188,0.043945
0.019379,-0.004425,0.045166
0.019379,-0.004425,0.046387
0.019836,-0.005188,0.048828
0.020447,-0.005188,0.05249
0.021057,-0.0056458,0.054932
0.02121,-0.0050354,0.05249
0.022125,-0.0038147,0.062256
0.023499,-0.0022888,0.056152
0.025024,-0.00076294,0.063477
0.026398,0.00061035,0.061035
0.027618,0.0010681,0.064697
0.027771,0.0016785,0.059814
0.026093,0.0016785,0.059814
0.028076,0.002594,0.065918
0.027466,0.0033569,0.063477
0.028381,0.0033569,0.072021
0.028229,0.0010681,0.067139
0.02533,0.0016785,0.53345
0.026703,0,4.679
0.025635,-0.00030518,4.9133
0.026093,0.0013733,4.9268
0.027008,0.0048828,4.9292
0.028992,0.0041199,4.9255
0.030518,0.0054932,4.928
0.031128,0.0048828,4.9243
0.030823,0.0038147,4.9231
0.029907,0.0032043,4.917
0.029144,0.0028992,4.9194
0.028839,0.0041199,4.9207
0.02533,0.0056458,4.917
0.023651,0.0067139,4.9255
0.02182,0.0068665,4.917
0.021515,0.007782,4.9109
0.020752,0.007782,4.9146
0.020447,0.0083923,4.8999
0.019531,0.0056458,4.9109
0.021973,0.0093079,4.9084
0.019684,0.0079346,4.9109
0.020142,0.0065613,4.9109
0.019379,0.0038147,4.9109
0.019073,0.0022888,4.9097
0.018158,-0.00015259,4.9097
0.017242,-0.0022888,4.906
0.015717,-0.0019836,4.906
0.015717,0.00061035,4.9182
0.016632,0.0016785,4.9146
0.014954,0.0012207,4.9158
0.018311,0.0013733,4.9158
0.019379,0.00030518,4.9194
0.021057,-0.00076294,4.9292
0.02182,-0.00061035,4.9194
0.023956,-0.0018311,4.9341
0.024719,-0.0021362,4.9268
0.026093,-0.0019836,4.9182
0.023804,-0.0016785,4.9292
0.026245,-0.0010681,4.9316
0.026855,0,4.9304
0.026703,0.0019836,4.9316
0.026703,0.0019836,4.9292
0.026855,0.0022888,4.9341
0.026703,0.0024414,4.9304
0.026398,0.0013733,4.9341
0.026245,0.0010681,4.9304
0.026398,0.00076294,4.9377
0.026398,0.00045776,4.9353
0.023651,0,4.9377
0.027161,-0.00045776,4.9377
0.027466,0,4.939
0.027924,-0.0024414,4.9341
0.028992,0.0015259,4.9304
0.028839,0.0021362,4.9329
0.028534,0.0027466,4.9231
0.028534,0.0022888,4.9207
0.026093,0.0022888,4.9194
0.026703,0.0024414,4.9231
0.026398,0.0030518,4.9182
0.02655,0.0032043,4.9207
0.026245,0.005188,4.9146
0.026855,0.0057983,4.9194
0.026703,0.0073242,4.9109
0.027008,0.0088501,4.9146
0.026398,0.0082397,4.9146
0.026398,0.0074768,4.917
0.025635,0.0067139,4.9048
0.024109,0.0068665,4.9158
0.023041,0.005188,4.9243
0.021667,0.0035095,4.9121
0.019836,-0.00061035,4.9158
0.017395,-0.00015259,4.9084
0.015564,-0.0018311,4.895
0.014496,-0.0018311,4.9097
0.011597,-0.0012207,4.9097
0.014496,-0.0013733,4.9121
0.014801,-0.0010681,4.9133
0.015259,-0.00061035,4.9048
0.015869,0,4.917
0.014496,0.00030518,4.9182
0.015869,0.0012207,4.9243
0.017242,0.0022888,4.9207
0.019073,0.0019836,4.9304
0.020599,0.0030518,4.9304
0.022125,0.0035095,4.9329
0.022888,0.0032043,4.9414
0.023041,0.0048828,4.9255
0.023041,0.0041199,4.9316
0.023804,0.0057983,4.9353
0.023346,0.0068665,4.9377
0.022736,0.0067139,4.9316
0.021973,0.0065613,4.9268
0.020447,0.0057983,4.9341
0.019684,0.005188,4.9329
0.019379,0.0042725,4.9329
0.019073,0.0036621,4.9377
0.019226,0.004425,4.9341
0.019836,0.0028992,4.9329
0.019226,0.0010681,4.9304
0.018768,0.0012207,4.9329
0.016327,0.0010681,4.9292
0.016479,0.00015259,4.9292
0.016174,0.00061035,4.9292
0.015411,0.0013733,4.928
0.016785,0.0016785,4.9304
0.018616,0.0019836,4.9243
0.019379,0.0021362,4.9304
0.020142,0.0021362,4.9207
0.019989,0.0013733,4.9036
0.021362,0.0013733,0.048828
0.02243,0.002594,0.045166
0.023651,0.0036621,0.040283
0.023651,0.0041199,0.045166
0.023193,0.0042725,0.037842
0.02182,0.0032043,0.042725
0.019836,0.002594,0.039063
0.016937,0.0013733,0.039063
0.016174,0.00030518,0.036621
0.016174,0.0010681,0.041504
0.016479,-0.00076294,0.039063
0.01709,-0.0016785,0.040283
0.016937,-0.0022888,0.043945
0.016479,-0.0024414,0.042725
0.015717,-0.0038147,0.043945
0.015106,-0.0035095,0.042725
0.015106,-0.0027466,0.045166
0.015869,-0.0019836,0.050049
0.015564,-0.00061035,0.045166
0.015564,0.00045776,0.048828
0.015259,0.00076294,0.042725
0.01297,0.00030518,0.056152
0.013733,0.0015259,0.058594
0.013885,0.0028992,0.057373
0.014954,0.0053406,0.062256
0.016327,0.0056458,0.058594
0.017548,0.0067139,0.063477
0.018921,0.0062561,0.062256
0.019684,0.0068665,0.064697
0.020142,0.0073242,0.058594
0.022583,0.0085449,0.064697
0.021973,0.0085449,0.073242
0.022888,0.0085449,0.064697
0.023651,0.0073242,0.075684
0.023804,0.0056458,0.06958
0.022583,0.0033569,0.05127
0.02121,0.0012207,0.062256
0.019073,-0.00015259,0.065918
0.0177,-0.0010681,0.061035
0.015411,-0.0021362,0.057373
0.01358,-0.0032043,0.05249
0.012207,-0.0053406,0.056152
0.011902,-0.0064087,0.050049
0.010834,-0.0073242,0.050049
0.0090027,-0.0074768,0.050049
0.0086975,-0.007019,0.048828
0.0091553,-0.0056458,0.039063
0.010071,-0.0048828,0.046387
0.011902,-0.0027466,0.048828
0.014191,-0.0012207,0.046387
0.016327,-0.00045776,0.040283
0.018158,0.00015259,0.041504
0.019836,0.00061035,0.028076
0.020905,0.0010681,0.036621
0.02182,0.0024414,0.039063
0.02243,0.004425,0.040283
0.023193,0.0047302,0.039063
0.024261,0.0036621,0.03418
0.025177,0.0019836,0.040283
0.024719,-0.00076294,0.039063
0.024567,-0.0028992,0.041504
0.024872,-0.0047302,0.037842
0.02594,-0.0056458,0.046387
0.027161,-0.0050354,0.043945
0.028687,-0.0039673,0.046387
0.028687,-0.0035095,0.048828
0.026398,-0.0013733,0.05249
0.025482,0.00015259,0.061035
0.024261,0.0015259,0.057373
0.023041,0.0032043,0.070801
0.021667,0.0048828,0.058594
0.020142,0.0050354,0.050049
0.017395,0.0045776,0.058594
0.014954,0.0038147,0.058594
0.011749,0.0021362,0.057373
0.0090027,0,0.063477
0.0076294,-0.0022888,0.058594
0.0071716,-0.0036621,0.063477
0.0064087,-0.0038147,0.059814
0.0064087,-0.0048828,0.068359
0.0062561,-0.005188,0.062256
0.0062561,-0.0062561,0.068359
0.0071716,-0.0062561,0.067139
0.0086975,-0.0057983,0.068359
0.010986,-0.0027466,0.059814
0.011444,-0.00091553,0.064697
0.015411,0.0010681,0.062256
0.01709,-0.00061035,0.057373
0.019226,0.00030518,0.062256
0.020142,-0.00091553,0.05249
0.021057,-0.0028992,0.05127
0.019989,-0.0039673,0.046387
0.022125,-0.0047302,0.048828
0.022736,-0.0056458,0.047607
0.02243,-0.0057983,0.042725
0.024261,-0.0071716,0.043945
0.020294,-0.0079346,0.046387
0.018768,-0.0082397,0.039063
0.01709,-0.0099182,0.043945
0.018616,-0.0086975,0.040283
0.019684,-0.0086975,0.040283
0.020447,-0.0074768,0.037842
0.022278,-0.0062561,0.041504
0.020599,-0.0038147,0.054932
0.020447,-0.0018311,0.039063
0.020905,-0.0039673,0.047607
0.021362,0.0019836,0.042725
0.021515,0.0028992,0.024414
0.021973,0.0042725,0.036621
0.021667,0.005188,0.043945
0.022125,0.0045776,0.042725
0.020752,0.0032043,0.041504
0.02182,0.00030518,0.042725
0.023804,-0.0024414,0.048828
0.02533,-0.0030518,0.048828
0.027161,-0.0035095,0.056152
0.027313,-0.0033569,0.05249
0.026093,-0.004425,0.058594
0.024872,-0.0024414,4.5581
0.023193,-0.0032043,4.9048
0.023499,-0.0030518,4.928
0.023346,-0.0022888,4.9304
0.022736,-0.00015259,4.9304
0.022125,0.0015259,4.9329
0.020599,0.0010681,4.9414
0.019836,0.00061035,4.9316
0.019226,-0.0019836,4.9304
0.020142,-0.004425,4.9219
0.023193,-0.0059509,4.9304
0.021057,-0.0067139,4.9316
0.020447,-0.0073242,4.9353
0.019684,-0.0088501,4.9329
0.016785,-0.012817,4.9341
0.014954,-0.01358,4.9292
0.014648,-0.015106,4.9329
0.016327,-0.014191,4.9243
0.016632,-0.011444,4.9255
0.01709,-0.0085449,4.9255
0.018616,-0.005188,4.9231
0.016632,-0.0053406,4.9292
0.020294,-0.0050354,4.9207
0.022583,-0.0054932,4.917
0.024261,-0.0065613,4.9133
0.027466,-0.0042725,4.906
0.028992,-0.0022888,4.9158
0.029755,-0.0015259,4.9109
0.029907,-0.0012207,4.9109
0.030212,-0.0019836,4.9121
0.028839,-0.0018311,4.9133
0.030518,-0.0012207,4.9109
0.030365,0.0016785,4.9097
0.03067,0.0012207,4.9097
0.030518,0.0018311,4.9072
0.029297,0.0010681,4.9109
0.028534,-0.00045776,4.9133
0.027466,-0.0021362,4.9109
0.026703,-0.002594,4.906
0.028687,-0.0022888,4.9158
0.027466,-0.00076294,4.917
0.028229,0.00076294,4.9158
0.028229,0.00045776,4.9243
0.026855,-0.00076294,4.9207
0.025635,-0.00030518,4.9084
0.024261,-0.00091553,4.9207
0.023804,-0.004425,4.9207
0.023956,-0.0030518,4.9316
0.023651,-0.0045776,4.928
0.022125,-0.0064087,4.928
0.020599,-0.0074768,4.9341
0.019073,-0.007019,4.9329
0.018463,-0.0061035,4.9341
0.018158,-0.0048828,4.9243
0.018311,-0.0024414,4.9353
0.019226,-0.00091553,4.9304
0.020905,0.0018311,4.9353
0.023651,0.0053406,4.9487
0.029144,0.0097656,4.939
0.03006,0.014496,4.9365
0.035248,0.016785,4.9377
0.039673,0.015259,4.9268
0.041046,0.012054,4.9194
0.042877,0.0067139,4.9316
0.041351,0.0021362,4.9292
0.037994,-0.0032043,4.9255
0.032043,-0.007019,4.9243
0.026703,-0.0080872,4.9243
0.020905,-0.0090027,4.9219
0.015259,-0.010223,4.9194
0.010834,-0.0071716,4.917
0.0065613,-0.0050354,4.917
0.0050354,-0.0012207,4.9182
0.0053406,0.0022888,4.9231
0.0074768,0.005188,4.9133
0.012054,0.0074768,4.9158
0.018463,0.0093079,4.9207
0.023651,0.011902,4.9158
0.028687,0.015564,4.9219
0.029907,0.018463,4.906
0.030975,0.020294,4.9097
0.029144,0.022125,4.9109
0.027008,0.02182,4.9084
0.024872,0.020599,4.9109
0.022583,0.019073,4.8962
0.019836,0.016937,4.9097
0.0177,0.013428,4.9109
0.015869,0.010986,4.9084
0.014191,0.0067139,4.9194
0.014191,0.0015259,4.9158
0.013885,-0.0036621,4.9182
0.014954,-0.0086975,4.9194
0.015869,-0.012512,4.9219
0.017242,-0.015411,4.9329
0.017853,-0.016327,4.9219
0.017548,-0.017395,4.9292
0.016785,-0.016022,4.9292
0.015717,-0.013733,4.9255
0.014801,-0.0097656,4.9316
0.015717,-0.0035095,4.928
0.018158,0.0022888,4.928
0.020447,0.0090027,4.9304
0.022736,0.014496,4.9292
0.025787,0.018768,4.9353
0.028381,0.021515,4.9316
0.030518,0.022888,4.9365
0.032043,0.023804,4.9329
0.033417,0.023346,0.068359
0.036621,0.021515,0.065918
0.035553,0.017853,0.068359
0.034637,0.013275,0.062256
0.033264,0.0091553,0.063477
0.033875,0.0042725,0.067139
0.033264,0.00061035,0.057373
0.032959,-0.00030518,0.064697
0.032196,-0.0010681,0.05249
0.030823,0.00061035,0.042725
0.029144,0.0016785,0.046387
0.026398,0.002594,0.047607
0.024872,0.0036621,0.047607
0.021973,0.0041199,0.047607
0.019531,0.005188,0.041504
0.018158,0.0067139,0.045166
0.015869,0.0080872,0.039063
0.014191,0.0093079,0.040283
0.012207,0.011749,0.040283
0.012817,0.01358,0.041504
0.012665,0.014801,0.039063
0.011749,0.015564,0.041504
0.01236,0.016785,0.054932
0.01297,0.017395,0.040283
0.013885,0.018005,0.046387
0.015717,0.018158,0.042725
0.018158,0.018311,0.023193
0.020599,0.017395,0.040283
0.02182,0.015106,0.041504
0.022736,0.01236,0.041504
0.023651,0.010529,0.046387
0.024109,0.0086975,0.042725
0.025177,0.0071716,0.046387
0.026855,0.0057983,0.05127
0.026855,0.004425,0.056152
0.027313,0.0021362,0.054932
0.02655,0.00015259,0.062256
0.029297,-0.0019836,0.058594
0.027618,-0.0018311,0.063477
0.027466,-0.0038147,0.067139
0.027771,0.0024414,0.062256
0.027924,0.0038147,0.062256
0.028076,0.0045776,0.061035
0.027466,0.0059509,0.074463
0.027466,0.0050354,0.062256
0.026245,0.0088501,0.05249
0.024261,0.010529,0.062256
0.019989,0.012512,0.065918
0.016327,0.013428,0.063477
0.012817,0.01236,0.065918
0.009613,0.010834,0.064697
0.0053406,0.0080872,0.068359
0.005188,0.0071716,0.058594
0.0047302,0.0068665,0.058594
0.0041199,0.0074768,0.05249
0.0048828,0.0074768,0.054932
0.0068665,0.0076294,0.053711
0.009613,0.0056458,0.053711
0.014343,0.0035095,0.057373
0.017548,0.0021362,0.050049
0.02182,0.0027466,0.05249
0.025024,0.0041199,0.046387
0.026855,0.0076294,0.032959
0.028839,0.0047302,0.043945
0.028839,0.0030518,0.039063
0.027618,0.00015259,0.039063
0.027008,-0.0022888,0.041504
0.023651,-0.0036621,0.037842
0.021973,-0.0050354,0.040283
0.019226,-0.0038147,0.042725
0.016937,-0.0042725,0.041504
0.013275,-0.0056458,0.0354
0.010681,-0.0071716,0.040283
0.0088501,-0.0090027,0.040283
0.007019,-0.0099182,0.043945
0.0071716,-0.0093079,0.037842
0.0053406,-0.0067139,0.042725
0.0071716,-0.0042725,0.045166
0.0080872,-0.0019836,0.046387
0.0088501,0.00076294,0.053711
0.01236,0.00091553,0.047607
0.016937,0.00076294,0.040283
0.021973,0.0012207,0.054932
0.026855,0.0016785,0.058594
0.027771,0.0024414,0.058594
0.032806,0.0033569,0.058594
0.033417,-0.00091553,0.058594
0.033112,-0.0059509,0.061035
0.031738,-0.010223,0.059814
0.030518,-0.015106,0.062256
0.028839,-0.0177,0.058594
0.025635,-0.018616,0.062256
0.020905,-0.019531,0.058594
0.015717,-0.019684,0.063477
0.011749,-0.020294,0.078125
0.010834,-0.021515,0.065918
0.010834,-0.02121,0.063477
0.012054,-0.019836,0.068359
0.013275,-0.016022,0.054932
0.012665,-0.011139,0.061035
0.014038,-0.010223,0.062256
0.015106,-0.0082397,0.058594
0.018311,-0.0064087,0.054932
0.019684,-0.0010681,0.048828
0.025482,-0.0016785,0.05127
0.027008,0.00061035,0.047607
0.027618,-0.0024414,0.050049
0.027771,0.0021362,0.046387
0.026093,-0.00091553,0.047607
0.024567,-0.0045776,0.042725
0.025635,-0.0082397,0.043945
0.025635,-0.011444,0.041504
0.027466,-0.01236,0.041504
0.028687,-0.014191,0.047607
0.029144,-0.015717,0.040283
0.029755,-0.018921,0.048828
0.028534,-0.022888,0.037842
0.028687,-0.026245,0.0354
0.027924,-0.028076,3.5193
0.028839,-0.026398,4.8218
0.028687,-0.022583,4.8962
0.026855,-0.017853,4.9084
0.026245,-0.013733,4.9084
0.022888,-0.01236,4.906
0.020599,-0.010071,4.9084
0.019836,-0.0082397,4.917
0.020294,-0.0053406,4.9146
0.02243,-0.00076294,4.9182
0.022125,0.0030518,4.9231
0.023651,0.0047302,4.9268
0.022278,0.004425,4.9329
0.021667,-0.00015259,4.917
0.023346,-0.0035095,4.9243
0.023651,-0.0050354,4.928
0.025635,-0.004425,4.9329
0.02655,-0.0030518,4.9316
0.026703,-0.0012207,4.9316
0.027008,-0.0013733,4.9292
0.027161,-0.0027466,4.9219
0.026245,-0.0041199,4.9292
0.025177,-0.0068665,4.9329
0.024567,-0.0059509,4.9304
0.024261,-0.0041199,4.9353
0.023804,-0.0018311,4.9377
0.022736,-0.00091553,4.9353
0.019836,-0.0012207,4.9329
0.017548,-0.0033569,4.9353
0.014343,-0.0054932,4.928
0.011749,-0.0059509,4.9304
0.011597,-0.004425,4.9353
0.010529,-0.0021362,4.9207
0.013885,0.00045776,4.928
0.010376,0.002594,4.9243
0.010529,0.0033569,4.9011
0.010223,0.002594,4.9158
0.011902,0.0015259,4.9243
0.012207,0.0024414,4.9194
0.013428,0.0038147,4.9133
0.014191,0.0053406,4.9084
0.015411,0.0079346,4.9146
0.015259,0.0088501,4.9109
0.016174,0.0079346,4.9109
0.016174,0.0065613,4.906
0.017548,0.0056458,4.9158
0.019073,0.0053406,4.9109
0.019684,0.0053406,4.9146
0.022583,0.0041199,4.9109
0.023193,0.0018311,4.9133
0.024109,-0.0018311,4.9036
0.024719,-0.005188,4.9109
0.024719,-0.0076294,4.906
0.02533,-0.0067139,4.9084
0.024872,-0.0045776,4.9097
0.023804,-0.00061035,4.9146
0.023346,0.0021362,4.9158
0.022736,0.0035095,4.9158
0.021973,0.004425,4.9207
0.02121,0.0045776,4.9243
0.020447,0.005188,4.9292
0.019379,0.0079346,4.906
0.018005,0.0079346,4.9329
0.015106,0.0091553,4.9292
0.012665,0.007019,4.9329
0.010681,0.0045776,4.9304
0.0076294,0.0022888,4.9231
0.0064087,0.0018311,4.939
0.0059509,0.002594,4.9353
0.0053406,0.0048828,4.9402
0.0062561,0.0067139,4.9353
0.0059509,0.0074768,4.9231
0.0062561,0.0065613,4.9353
0.007782,0.005188,4.9316
0.010529,0.0030518,4.9329
0.015869,0.0036621,4.9353
0.020599,0.005188,4.9329
0.023346,0.0057983,4.9341
0.022888,0.0091553,4.928
0.02182,0.0093079,4.9304
0.020142,0.007782,4.9207
0.018768,0.0061035,4.9243
0.019073,0.0041199,4.9243
0.019073,0.0035095,4.9243
0.018463,0.0038147,4.9219
0.016327,0.0036621,4.9194
0.012512,0.0024414,4.9158
0.010223,0.00045776,4.917
0.0085449,-0.0016785,4.9158
0.009613,-0.0036621,4.9133
0.012054,-0.004425,4.9133
0.011597,-0.0035095,4.9097
0.012665,-0.0016785,4.9109
0.012054,-0.0018311,4.9109
0.012207,0.00045776,4.906
0.013885,0.00091553,4.906
0.017242,0.0016785,4.9109
0.021057,0.0041199,4.9048
0.024261,0.0065613,4.9121
0.026398,0.0093079,4.9121
0.027771,0.010529,4.9158
0.027466,0.010681,4.9146
0.028381,0.009613,4.917
0.029602,0.0083923,4.928
0.032043,0.0073242,4.9182
0.032654,0.0064087,4.9304
0.030823,0.0061035,4.928
0.028992,0.0050354,4.9084
0.025177,0.0041199,0.057373
0.022125,0.0033569,0.059814
0.019989,0.0024414,0.059814
0.019836,0.0016785,0.058594
0.019836,0.0016785,0.058594
0.019379,0.0015259,0.063477
0.018311,0.0018311,0.059814
0.0177,0.0033569,0.057373
0.01709,0.0038147,0.059814
0.018463,0.0036621,0.063477
0.020905,-0.00030518,0.062256
0.024567,0.0022888,0.067139
0.028381,0.0018311,0.075684
0.030365,0.0018311,0.067139
0.028381,0.0035095,0.064697
0.029449,0.0042725,0.065918
0.029602,0.0047302,0.067139
0.03006,0.004425,0.046387
0.031738,0.0027466,0.057373
0.035248,0.0022888,0.056152
0.037079,0.0019836,0.053711
0.034027,0.0015259,0.047607
0.037231,0.0015259,0.05127
0.036469,0.00045776,0.046387
0.037231,-0.0015259,0.047607
0.038757,-0.0032043,0.042725
0.039825,-0.004425,0.047607
0.040741,-0.0036621,0.043945
0.039063,-0.0013733,0.043945
0.035248,-0.00091553,0.040283
0.031891,0.00045776,0.042725
0.030212,0.00076294,0.053711
0.030212,0.00061035,0.040283
0.033112,-0.00015259,0.05127
0.034027,0.00015259,0.039063
0.03418,0,0.029297
0.033112,-0.0012207,0.040283
0.029907,0.00076294,0.041504
0.028229,-0.00015259,0.03418
0.027924,-0.0012207,0.041504
0.027618,-0.0021362,0.039063
0.028534,-0.0038147,0.042725
0.027771,-0.0039673,0.043945
0.025635,-0.0030518,0.048828
0.023041,-0.0038147,0.046387
0.020752,-0.0048828,0.05249
0.020294,-0.0053406,0.057373
0.021515,-0.0076294,0.059814
0.024261,-0.0074768,0.062256
0.025787,-0.0073242,0.046387
0.026093,-0.0076294,0.061035
0.025482,-0.0064087,0.059814
0.025024,-0.0042725,0.068359
0.025635,-0.0028992,0.059814
0.027313,-0.0010681,0.061035
0.03006,-0.0013733,0.058594
0.031433,0.0021362,0.061035
0.031891,0.0030518,0.062256
0.032043,0.0033569,0.063477
0.028839,0.0024414,0.061035
0.028076,0.00091553,0.062256
0.028381,0.00076294,0.064697
0.029449,0.00061035,0.068359
0.030975,-0.00076294,0.062256
0.030823,-0.0015259,0.063477
0.028229,-0.0036621,0.058594
0.023956,-0.0036621,0.058594
0.020599,-0.0038147,0.070801
0.017853,-0.0035095,0.053711
0.01709,-0.0028992,0.054932
0.016327,-0.0033569,0.048828
0.016174,-0.0033569,0.024414
0.016022,-0.0038147,0.047607
0.014496,-0.0079346,0.046387
0.012817,-0.004425,0.043945
0.011139,-0.0048828,0.041504
0.010529,-0.0039673,0.036621
0.01297,-0.0041199,0.041504
0.014038,-0.004425,0.041504
0.014954,-0.0047302,0.041504
0.014191,-0.0048828,0.0354
0.012207,-0.0039673,0.042725
0.0094604,-0.002594,0.039063
0.0085449,-0.00091553,0.041504
0.0091553,-0.0022888,0.041504
0.0056458,-0.00061035,0.039063
0.011749,-0.0015259,0.039063
0.012054,-0.0022888,0.041504
0.010681,-0.0024414,0.042725
0.0071716,-0.0036621,0.041504
0.0048828,-0.0041199,0.043945
0.0039673,-0.005188,0.05127
0.0028992,-0.0079346,0.047607
0.0053406,-0.0074768,0.047607
0.0053406,-0.0076294,0.054932
0.0054932,-0.0073242,0.05249
0.0035095,-0.0064087,0.057373
0.0024414,-0.0027466,0.057373
0.0039673,-0.00061035,0.062256
0.0076294,0.00045776,0.058594
0.0093079,0.0012207,0.064697
0.013733,0.0012207,0.061035
0.014343,0.0013733,0.062256
0.016785,0.0022888,0.074463
0.01358,0.0027466,0.063477
0.012665,0.0048828,0.067139
0.014648,0.0065613,0.063477
0.016022,0.009613,0.059814
0.017395,0.0067139,0.063477
0.018463,0.0061035,0.065918
0.016937,0.0068665,0.064697
0.015411,0.0086975,0.062256
0.01358,0.010834,0.059814
0.01358,0.012817,0.056152
0.014496,0.012817,0.053711
0.016785,0.011597,0.053711
0.01709,0.009613,0.050049
0.015564,0.0082397,0.053711
0.014191,0.0080872,4.5801
0.011597,0.0086975,4.8962
0.010529,0.010071,4.9133
0.0099182,0.011139,4.9158
0.012054,0.011444,4.9243
0.013885,0.0090027,4.9158
0.01358,0.007019,4.9268
0.012207,0.0076294,4.9109
0.009613,0.0083923,4.8999
0.0082397,0.010681,4.9084
0.0083923,0.012207,4.9072
0.0094604,0.012207,4.9109
0.011444,0.010681,4.9097
0.01297,0.0091553,4.9072
0.012665,0.0088501,4.9121
0.012207,0.010071,4.9084
0.012054,0.013885,4.9121
0.011902,0.017242,4.9048
0.013123,0.015564,4.9133
0.015411,0.018768,4.9133
0.017548,0.01709,4.917
0.017853,0.015717,4.9292
0.017853,0.015564,4.9194
0.017548,0.017548,4.9231
0.018005,0.020294,4.9268
0.019989,0.021515,4.9158
0.02243,0.020599,4.9268
0.02594,0.019073,4.9304
0.027466,0.016937,4.9304
0.027924,0.015564,4.9304
0.027313,0.017395,4.9304
0.026703,0.019684,4.9329
0.026245,0.02243,4.9304
0.027771,0.023651,4.9329
0.028076,0.023346,4.9292
0.028534,0.021057,4.9353
0.027008,0.019684,4.9341
0.023651,0.018768,4.9353
0.020905,0.018768,4.9329
0.0177,0.020142,4.9377
0.018158,0.020752,4.9463
0.018463,0.019073,4.9365
0.018921,0.015259,4.9414
0.018616,0.011139,4.9316
0.018005,0.0080872,4.9158
0.017242,0.0079346,4.9255
0.017548,0.0094604,4.9255
0.019531,0.011444,4.9219
0.022888,0.01358,4.9207
0.026855,0.01236,4.9207
0.029297,0.010223,4.9182
0.030823,0.009613,4.917
0.030212,0.010376,4.9158
0.028687,0.012054,4.9146
0.029297,0.013885,4.9182
0.030518,0.010681,4.9146
0.032501,0.010681,4.9146
0.034332,0.0067139,4.9121
0.034027,0.0036621,4.9133
0.033264,0.0021362,4.9097
0.032349,0.0038147,4.9097
0.031891,0.0064087,4.9036
0.031586,0.007782,4.9109
0.033417,0.0079346,4.9146
0.03418,0.0059509,4.9146
0.033722,0.0042725,4.9097
0.031891,0.0048828,4.9109
0.029755,0.0057983,4.9146
0.02655,0.0082397,4.9146
0.025787,0.0088501,4.9207
0.025482,0.007782,4.9097
0.024719,0.0054932,4.9219
0.025787,0.002594,4.9255
0.024567,0.00061035,4.9304
0.023193,-0.0038147,4.9255
0.020752,0.00091553,4.9341
0.020142,0.00030518,4.9353
0.020752,-0.0015259,4.9329
0.022278,-0.0047302,4.939
0.02243,-0.0091553,4.9329
0.022278,-0.011902,4.9109
0.02182,-0.011597,4.928
0.019073,-0.011139,4.9316
0.018463,-0.010223,4.9316
0.018921,-0.0068665,4.9329
0.016327,-0.012665,4.9207
0.02243,-0.015869,4.939
0.023651,-0.018463,4.9353
0.024109,-0.020447,4.9365
0.024414,-0.019073,4.9304
0.024414,-0.018463,4.9341
0.024261,-0.017548,4.9268
0.026703,-0.020294,4.928
0.027008,-0.018921,4.9341
0.028687,-0.020752,4.9255
0.027924,-0.021515,4.9182
0.028076,-0.02121,4.9243
0.024109,-0.018921,4.9084
0.023346,-0.01709,4.9158
0.023651,-0.015411,4.9133
0.024567,-0.017242,4.917
0.024719,-0.018768,4.9158
0.023041,-0.02121,4.9097
0.020447,-0.022125,4.9109
0.018768,-0.021667,4.9084
0.017853,-0.02121,4.9097
0.017548,-0.015869,4.9023
0.020447,-0.013733,4.9121
0.019531,-0.016022,0.040283
0.020447,-0.020447,0.040283
0.019379,-0.023193,0.037842
0.019836,-0.023499,0.043945
0.019226,-0.024719,0.042725
0.020142,-0.023193,0.039063
0.021667,-0.020752,0.053711
0.024109,-0.019989,0.045166
0.024414,-0.020599,0.037842
0.024567,-0.020599,0.05249
0.023956,-0.01709,0.05127
0.024109,-0.014801,0.05127
0.024567,-0.010529,0.054932
0.02594,-0.007782,0.05249
0.029144,-0.0090027,0.061035
0.028381,-0.012665,0.059814
0.028992,-0.016174,0.064697
0.027161,-0.020142,0.058594
0.026855,-0.021667,0.064697
0.024414,-0.020294,0.064697
0.02243,-0.018768,0.063477
0.020905,-0.014496,0.073242
0.022278,-0.019531,0.063477
0.021667,-0.02121,0.062256
0.020752,-0.02243,0.065918
0.0177,-0.020752,0.062256
0.016022,-0.019989,0.067139
0.015259,-0.01709,0.065918
0.015411,-0.015717,0.063477
0.016937,-0.015717,0.063477
0.019226,-0.015259,0.057373
0.020294,-0.015564,0.056152
0.020752,-0.013733,0.05249
0.019531,-0.011139,0.056152
0.020447,-0.0068665,0.047607
0.021973,-0.0027466,0.05127
0.024567,-0.0018311,0.047607
0.027466,-0.00030518,0.047607
0.029144,-0.00030518,0.047607
0.029144,-0.00091553,0.047607
0.028534,0.00015259,0.058594
0.029449,0.0019836,0.043945
0.029449,0.0048828,0.053711
0.031586,0.0039673,0.039063
0.031738,0.0073242,0.032959
0.031738,0.0057983,0.039063
0.030518,0.0045776,0.036621
0.028229,0.0059509,0.040283
0.026093,0.0042725,0.037842
0.023956,0.0045776,0.037842
0.02182,0.0047302,0.046387
0.022125,0.0032043,0.037842
0.021973,0.00061035,0.040283
0.021973,-0.00061035,0.039063
0.021667,-0.00045776,0.046387
0.020447,0.0016785,0.045166
0.020294,0.0048828,0.048828
0.020752,0.0073242,0.057373
0.021973,0.0048828,0.053711
0.022888,0.009613,0.05249
0.024109,0.009613,0.056152
0.024109,0.010986,0.053711
0.023804,0.013733,0.056152
0.023499,0.014954,0.063477
0.02243,0.017242,0.062256
0.023651,0.018463,0.058594
0.024567,0.017853,0.058594
0.02655,0.017853,0.061035
0.027313,0.018311,0.057373
0.026855,0.019226,0.063477
0.027771,0.020294,0.062256
0.02594,0.021973,0.067139
0.02594,0.022278,0.063477
0.025787,0.021973,0.06958
0.027161,0.021362,0.065918
0.028076,0.019379,0.067139
0.027313,0.017853,0.072021
0.026703,0.0177,0.064697
0.023956,0.017395,0.06958
0.021362,0.0177,0.058594
0.019989,0.018311,0.042725
0.020142,0.017548,0.053711
0.019531,0.016479,0.054932
0.019073,0.015411,0.047607
0.018463,0.014191,0.05127
0.017395,0.015106,0.045166
0.017395,0.016022,0.047607
0.0177,0.016785,0.042725
0.018005,0.016785,0.048828
0.020752,0.015564,0.039063
0.020142,0.013275,0.042725
0.019531,0.012207,0.041504
0.018463,0.012817,0.043945
0.016479,0.015717,0.040283
0.016479,0.017242,0.040283
0.016174,0.016937,0.040283
0.016632,0.015717,0.039063
0.018158,0.012512,0.039063
0.019531,0.0093079,0.036621
0.019531,0.0064087,0.030518
0.019073,0.007782,0.0354
0.020294,0.0090027,0.041504
0.019531,0.0086975,0.043945
0.021362,0.0080872,0.045166
0.021973,0.0064087,0.045166
0.022736,0.0056458,0.050049
0.023499,0.0041199,0.050049
0.022583,0.0045776,0.05127
0.021362,0.0059509,0.054932
0.020142,0.0076294,0.059814
0.020599,0.0074768,0.056152
0.020905,0.0062561,0.061035
0.022125,0.0041199,0.074463
0.022125,0.0030518,0.063477
0.021362,0.002594,0.067139
0.021515,0.0041199,0.062256
0.021515,0.0056458,0.046387
0.02182,0.0064087,0.73853
0.022736,0.0050354,4.6863
0.023499,0.0033569,4.9146
0.023804,0.00045776,4.9292
0.024261,-0.00015259,4.9292
0.023804,-0.00030518,4.9365
0.023956,0.00045776,4.9316
0.023193,0.00061035,4.9329
0.02182,0.0013733,4.9304
0.02121,-0.00015259,4.9304
0.021057,-0.0019836,4.9292
0.021362,-0.0033569,4.9292
0.023651,-0.0048828,4.928
0.024261,-0.0050354,4.9268
0.02243,-0.0045776,4.9255
0.023346,-0.0056458,4.9219
0.02243,-0.0068665,4.9243
0.02243,-0.0083923,4.917
0.021515,-0.0085449,4.9207
0.020142,-0.0080872,4.917
0.019073,-0.0056458,4.9146
0.017242,-0.004425,4.9109
0.015717,-0.0030518,4.9109
0.015717,-0.0039673,4.9084
0.014954,-0.0050354,4.9097
0.016022,-0.0062561,4.9048
0.01709,-0.0082397,4.906
0.017395,-0.0082397,4.9097
0.019073,-0.0080872,4.9133
0.019531,-0.0085449,4.9084
0.019836,-0.0082397,4.9109
0.019989,-0.0093079,4.9194
0.020447,-0.0093079,4.9133
0.021362,-0.0086975,4.9182
0.019836,-0.0042725,4.9121
0.023651,-0.0057983,4.9036
0.023804,-0.0045776,4.9231
0.024872,-0.0088501,4.9194
0.025482,-0.005188,4.9194
0.026855,-0.0068665,4.9255
0.027466,-0.0083923,4.9243
0.027924,-0.007019,4.9255
0.027924,-0.007782,4.928
0.025177,-0.0071716,4.9341
0.024261,-0.0054932,4.9353
0.022583,-0.004425,4.9353
0.022125,-0.0053406,4.9304
0.021667,-0.0053406,4.9304
0.021362,-0.0062561,4.928
0.021973,-0.0053406,4.9353
0.021667,-0.004425,4.9353
0.021515,-0.0042725,4.9341
0.020752,-0.0048828,4.9438
0.019684,-0.0064087,4.939
0.018768,-0.0088501,4.9304
0.018158,-0.010223,4.9341
0.018616,-0.0093079,4.9304
0.018463,-0.0074768,4.9316
0.019379,-0.0053406,4.9353
0.019531,-0.0024414,4.9194
0.018463,-0.0022888,4.9255
0.021362,-0.002594,4.9231
0.022125,-0.0033569,4.9231
0.023804,-0.0030518,4.9109
0.02533,-0.0019836,4.9219
0.025635,-0.00076294,4.9146
0.02533,-0.0013733,4.9194
0.02594,-0.0010681,4.9243
0.023041,-0.0050354,4.9133
0.021362,-0.0061035,4.9011
0.019379,-0.0064087,4.9121
0.019836,-0.0041199,4.8914
0.018158,-0.0013733,4.906
0.017242,0.00045776,4.9097
0.016479,-0.00015259,4.9109
0.014496,0.00015259,4.9109
0.014343,-0.0013733,4.9023
0.014343,-0.0021362,4.9109
0.015411,-0.0061035,4.9097
0.015106,0.00045776,4.9084
0.01709,0.0021362,4.9097
0.016174,0.0030518,4.917
0.015564,0.0027466,4.9158
0.014648,0.0018311,4.9182
0.013275,0.00045776,4.9207
0.012512,0.00015259,4.9255
0.011749,0.00045776,4.9231
0.011902,0.0013733,4.9255
0.011597,0.0013733,4.9341
0.012207,0.00076294,4.9292
0.011444,-0.00076294,4.917
0.012207,-0.002594,4.9304
0.013733,-0.0021362,4.9292
0.015717,-0.0010681,4.928
0.017395,-0.00015259,4.9304
0.018768,0.0013733,4.9292
0.019836,0.0021362,4.9353
0.022583,0.0022888,4.9316
0.018463,0.0024414,4.9365
0.016937,0.0028992,4.9329
0.016327,0.002594,4.9402
0.015564,0.0030518,4.9353
0.015564,0.0039673,4.939
0.016632,0.0048828,4.9463
0.016479,0.0050354,4.9353
0.0177,0.0059509,4.9329
0.019379,0.0067139,4.917
0.020752,0.0074768,4.9146
0.020447,0.0082397,4.928
0.023193,0.009613,4.9207
0.023804,0.010376,0.046387
0.023499,0.010376,0.043945
0.020599,0.009613,0.045166
0.021515,0.010223,0.048828
0.020142,0.0091553,0.042725
0.018768,0.0047302,0.047607
0.0177,0.0086975,0.040283
0.015869,0.0065613,0.042725
0.013885,0.0059509,0.043945
0.010834,0.0059509,0.041504
0.0090027,0.0033569,0.036621
0.0073242,0.0024414,0.042725
0.005188,0.0015259,0.039063
0.0048828,0.00015259,0.041504
0.0053406,0,0.043945
0.0065613,0.00030518,0.040283
0.0065613,0.00045776,0.031738
0.0076294,0.00061035,0.037842
0.0085449,0.0019836,0.040283
0.0094604,0.0030518,0.043945
0.011292,0.0053406,0.045166
0.015411,0.0079346,0.043945
0.014801,0.009613,0.05249
0.015717,0.0097656,0.050049
0.01709,0.012054,0.05249
0.0177,0.013733,0.056152
0.019226,0.015106,0.061035
0.02121,0.015411,0.057373
0.02243,0.015411,0.064697
0.023804,0.014648,0.075684
0.023651,0.012054,0.065918
0.023041,0.0091553,0.064697
0.021973,0.0067139,0.063477
0.019989,0.0056458,0.048828
0.018463,0.0047302,0.057373
0.018005,0.005188,0.064697
0.017395,0.0053406,0.064697
0.015259,0.0064087,0.065918
0.014038,0.0067139,0.062256
0.011902,0.0076294,0.067139
0.01236,0.0086975,0.064697
0.012207,0.010834,0.064697
0.01358,0.0097656,0.058594
0.015106,0.0083923,0.059814
0.01709,0.0086975,0.048828
0.019684,0.0053406,0.056152
0.020905,0.0082397,0.058594
0.021057,0.0099182,0.05127
0.024872,0.012512,0.056152
0.027161,0.015564,0.05127
0.028839,0.016937,0.056152
0.031891,0.018158,0.046387
0.033264,0.018463,0.05127
0.033112,0.018768,0.041504
0.032806,0.018921,0.041504
0.032654,0.018616,0.037842
0.030975,0.016937,0.041504
0.029907,0.014191,0.03418
0.028076,0.009613,0.040283
0.026093,0.0056458,0.037842
0.023346,0.00091553,0.040283
0.021362,-0.0028992,0.037842
0.019684,-0.0042725,0.041504
0.018158,-0.0059509,0.040283
0.016327,-0.007782,0.043945
0.015106,-0.0094604,0.050049
0.013885,-0.010529,0.041504
0.013733,-0.010376,0.05127
0.015411,-0.0097656,0.045166
0.017242,-0.0057983,0.037842
0.019379,-0.00045776,0.050049
0.021973,0.0012207,0.053711
0.023956,0.0067139,0.05127
0.02594,0.0086975,0.056152
0.027618,0.0093079,0.057373
0.029449,0.0093079,0.061035
0.029907,0.0094604,0.058594
0.030823,0.0094604,0.063477
0.032349,0.010071,0.061035
0.034332,0.009613,0.062256
0.036926,0.0083923,0.062256
0.038605,0.0074768,0.063477
0.040131,0.0071716,0.062256
0.041351,0.0079346,0.064697
0.040588,0.0083923,0.070801
0.042877,0.009613,0.064697
0.042572,0.010529,0.074463
0.041809,0.010529,0.059814
0.040283,0.007782,0.054932
0.0383,0.0053406,0.062256
0.035706,0.0018311,0.061035
0.032806,-0.0019836,0.059814
0.03006,-0.0030518,0.054932
0.028229,-0.0042725,0.05249
0.025787,-0.0056458,0.054932
0.023041,-0.0064087,0.047607
0.020142,-0.0073242,0.048828
0.0177,-0.0080872,0.046387
0.01709,-0.0076294,0.036621
0.014038,-0.0061035,0.045166
0.015411,-0.0047302,0.046387
0.016632,-0.0021362,0.050049
0.018616,-0.00091553,0.041504
0.020447,-0.0012207,0.040283
0.02243,-0.00061035,0.042725
0.024719,-0.0010681,0.023193
0.026703,0.0013733,0.037842
0.028992,0.004425,0.039063
0.031281,0.0045776,0.039063
0.033569,0.0047302,0.0354
0.035858,0.0030518,0.039063
0.0383,0.0013733,0.040283
0.040741,-0.00015259,0.0354
0.041199,-0.00045776,0.039063
0.042877,-0.00076294,0.037842
0.043335,-0.0018311,0.046387
0.042114,-0.0032043,0.046387
0.040894,-0.0053406,4.043
0.039215,-0.0067139,4.8608
0.036926,-0.0065613,4.906
0.033875,-0.0050354,4.928
0.032043,-0.0030518,4.9255
0.031586,-0.00076294,4.9377
0.029755,0.00076294,4.9304
0.029144,0.0019836,4.9219
0.028076,0.0032043,4.9316
0.027466,0.0039673,4.9316
0.026703,0.0041199,4.9292
0.024719,0.0042725,4.9304
0.023499,0.0016785,4.928
0.021362,-0.00045776,4.9316
0.019684,-0.0019836,4.9304
0.018921,-0.0035095,4.9341
0.018616,-0.0038147,4.9304
0.019684,-0.0048828,4.9365
0.018616,-0.0053406,4.939
0.02121,-0.0048828,4.9353
0.023651,-0.0050354,4.9377
0.025482,-0.0010681,4.9329
0.027618,-0.0047302,4.9329
0.029755,-0.0039673,4.9268
0.031128,-0.0036621,4.9304
0.031433,-0.0035095,4.9255
0.030212,-0.0033569,4.9182
0.029907,-0.0045776,4.9158
0.029297,-0.0050354,4.9194
0.027924,-0.0041199,4.9182
0.027924,-0.0062561,4.9182
0.026093,-0.0073242,4.9109
0.026398,-0.0086975,4.9158
0.025482,-0.0073242,4.9084
0.023346,-0.010681,4.9182
0.021362,-0.011749,4.9121
0.019226,-0.010681,4.9133
0.018311,-0.010834,4.9072
0.018005,-0.0099182,4.9097
0.018005,-0.0082397,4.9255
0.018616,-0.0036621,4.9109
0.019531,-0.005188,4.9182
0.018768,-0.0033569,4.9109
0.018616,-0.002594,4.895
0.020905,-0.0016785,4.9036
0.017395,-0.0021362,4.9182
0.020294,-0.00076294,4.9146
0.020905,0.00015259,4.9121
0.022125,0.00045776,4.9133
0.022736,0.00091553,4.9194
0.023956,0.0024414,4.9219
0.025177,0.0041199,4.928
0.026398,0.0067139,4.9231
0.028687,0.0080872,4.9292
0.029144,0.0088501,4.9329
0.029297,0.010223,4.9304
0.028992,0.0083923,4.939
0.027771,0.0079346,4.9316
0.026245,0.0065613,4.9316
0.025482,0.004425,4.9341
0.023193,0.0027466,4.9365
0.021667,-0.00091553,4.9329
0.019531,-0.0030518,4.9268
0.015564,-0.0041199,4.9341
0.014038,-0.0056458,4.9341
0.011902,-0.0047302,4.9353
0.012054,-0.0047302,4.9377
0.011444,-0.00091553,4.9341
0.011902,0.00045776,4.9341
0.01297,0.0021362,4.928
0.013275,0.0036621,4.928
0.013885,0.00076294,4.9268
0.014038,-0.00076294,4.9255
0.014801,-0.007782,4.9219
0.015717,-0.0028992,4.9243
0.016327,-0.002594,4.9182
0.016022,-0.0024414,4.9207
0.016022,-0.00061035,4.9243
0.015717,0,4.9182
0.015259,0.00076294,4.9036
0.016479,0.0021362,4.9158
0.018768,0.0033569,4.9109
0.020447,0.0039673,4.9146
0.021515,0.0056458,4.9121
0.022888,0.0059509,4.9097
0.021057,0.0053406,4.9109
0.023804,0.0038147,4.9097
0.023956,0.0010681,4.9133
0.023956,0.0019836,4.9048
0.023499,-0.00030518,4.9146
0.021973,-0.00061035,4.9109
0.020447,-0.0010681,4.9109
0.018463,-0.00091553,4.9097
0.016632,-0.0021362,4.9146
0.016174,-0.002594,4.9109
0.016174,-0.0027466,4.9133
0.016327,-0.0019836,4.9182
0.017548,-0.0018311,4.9182
0.018158,-0.00045776,4.9084
0.0177,-0.00045776,4.9194
0.016632,-0.00015259,4.9231
0.016479,0.00045776,4.928
0.016785,0.00091553,4.9292
0.017242,0.00045776,4.928
0.017395,0.00045776,4.9365
0.017853,0.0012207,4.9316
0.017853,0.00076294,4.9329
0.017242,0.00091553,4.9304
0.017242,0,4.9304
0.017853,-0.00015259,4.928
0.019073,0.00030518,0.064697
0.020752,0.0013733,0.076904
0.023041,0.0024414,0.065918
0.024567,0.0033569,0.072021
0.02533,0.0042725,0.067139
0.024872,0.0030518,0.046387
0.024719,0.0028992,0.063477
0.024261,0.002594,0.064697
0.023651,0.0012207,0.057373
0.024261,0.0012207,0.057373
0.023651,0,0.05127
0.022888,-0.0012207,0.056152
0.020905,-0.0015259,0.048828
0.020905,-0.00076294,0.05127
0.020447,-0.00015259,0.043945
0.020905,0.0012207,0.048828
0.021057,0.0019836,0.046387
0.021515,0.0024414,0.046387
0.021973,0.0027466,0.05127
0.022125,0.0022888,0.043945
0.02182,0.0015259,0.0354
0.020599,0.00091553,0.042725
0.020142,0.0010681,0.032959
0.018768,0.0010681,0.036621
0.018311,0.0018311,0.040283
0.017853,0.0015259,0.040283
0.018311,0.0010681,0.040283
0.0177,0.0012207,0.037842
0.016327,0.00045776,0.040283
0.016327,-0.00061035,0.0354
0.016327,-0.0035095,0.040283
0.016632,-0.0013733,0.036621
0.016785,-0.0010681,0.046387
0.017853,-0.00091553,0.041504
0.019226,-0.0016785,0.047607
0.019073,-0.0012207,0.05127
0.018005,-0.0012207,0.054932
0.017853,-0.0024414,0.057373
0.016785,-0.0032043,0.058594
0.017242,-0.0039673,0.070801
0.017853,-0.004425,0.058594
0.019073,-0.004425,0.050049
0.018921,-0.0042725,0.059814
0.018616,-0.0033569,0.061035
0.019531,-0.0033569,0.059814
0.020294,-0.002594,0.062256
0.021515,-0.0019836,0.062256
0.023346,-0.0021362,0.062256
0.025482,-0.00091553,0.059814
0.026703,-0.0016785,0.064697
0.025787,-0.0018311,0.062256
0.025635,-0.0024414,0.06958
0.024567,-0.0041199,0.067139
0.024261,-0.004425,0.067139
0.024261,-0.0038147,0.06958
0.024567,-0.0036621,0.064697
0.024719,-0.00091553,0.062256
0.025177,-0.0019836,0.056152
0.024414,-0.0016785,0.063477
0.023499,-0.0021362,0.053711
0.023346,-0.0015259,0.05127
0.02243,-0.00076294,0.045166
0.021515,0.00030518,0.045166
0.020599,0.00091553,0.043945
0.02243,0.00061035,0.048828
0.017853,-0.00045776,0.041504
0.016632,-0.0012207,0.046387
0.012665,-0.00030518,0.042725
0.016174,-0.00091553,0.041504
0.016327,0.00015259,0.042725
0.0177,0.00076294,0.042725
0.016785,0.00076294,0.040283
0.016937,-0.00015259,0.039063
0.018463,-0.0013733,0.057373
0.018921,-0.0016785,0.037842
0.019989,-0.0013733,0.048828
0.019226,-0.00045776,0.039063
0.019379,0.0013733,0.024414
0.019226,0.0021362,0.041504
0.019836,0.0022888,0.040283
0.018463,0.00076294,0.039063
0.017242,-0.00015259,0.043945
0.017853,-0.0016785,0.042725
0.016479,-0.0013733,0.05127
0.016632,-0.00015259,0.047607
0.016937,0.00015259,0.053711
0.018768,0.0021362,0.053711
0.0177,-0.00015259,0.058594
0.018158,-0.0012207,0.058594
0.019379,-0.0018311,0.061035
0.020752,0.00045776,0.068359
0.02243,0.002594,0.062256
0.023804,0.0053406,0.061035
0.024109,0.005188,0.061035
0.023499,0.007782,0.070801
0.022125,0.0083923,0.058594
0.021515,0.0083923,0.061035
0.02121,0.0076294,0.061035
0.023193,0.0082397,0.064697
0.024261,0.0091553,0.064697
0.024414,0.0097656,0.065918
0.023804,0.0093079,0.064697
0.024414,0.0073242,0.064697
0.023651,0.0061035,0.062256
0.022888,0.0048828,0.063477
0.023651,0.0053406,0.057373
0.023651,0.0067139,0.058594
0.022736,0.0068665,0.05249
0.018768,0.0071716,0.053711
0.02121,0.0064087,0.057373
0.020599,0.004425,0.048828
0.020905,0.0013733,0.05127
0.02182,0.0045776,0.042725
0.023346,0.0059509,0.032959
0.025482,0.0079346,0.045166
0.025787,0.0090027,0.042725
0.024109,0.0073242,2.4023
0.02594,0.0074768,4.7595
0.025482,0.0057983,4.8926
0.02594,0.0035095,4.906
0.02533,0.0064087,4.9072
0.025635,0.0068665,4.9097
0.024567,0.0073242,4.9072
0.024567,0.0071716,4.9146
0.024109,0.0064087,4.9109
0.023956,0.0050354,4.9133
0.024567,0.0053406,4.906
0.024261,0.0053406,4.9133
0.025635,0.0064087,4.9146
0.025635,0.0073242,4.9146
0.02533,0.0057983,4.9243
0.026093,0.0074768,4.9231
0.025482,0.0062561,4.9084
0.02594,0.0054932,4.9207
0.027466,0.0067139,4.9207
0.028687,0.0073242,4.928
0.030212,0.0094604,4.9268
0.030212,0.0099182,4.9255
0.029755,0.012817,4.9329
0.028687,0.007019,4.9304
0.027466,0.0059509,4.9341
0.027161,0.0064087,4.928
0.027008,0.0076294,4.9329
0.02655,0.0093079,4.9292
0.027313,0.0099182,4.9341
0.027466,0.0099182,4.9475
0.028381,0.0094604,4.939
0.027466,0.0083923,4.9365
0.028534,0.0086975,4.9377
0.031738,0.0074768,4.9292
0.029144,0.0080872,4.9341
0.029449,0.0088501,4.9304
0.028687,0.0073242,4.9304
0.027771,0.0039673,4.9292
0.02594,0.0028992,4.9231
0.024414,0.00061035,4.9255
0.024261,-0.00030518,4.9207
0.025635,-0.0018311,4.9207
0.027313,-0.00061035,4.9158
0.028076,0.00045776,4.917
0.027924,0.0013733,4.9182
0.027313,0.0019836,4.9207
0.026398,0.0021362,4.9146
0.02594,0.0021362,4.9182
0.026093,0.0022888,4.9207
0.026093,0.002594,4.9133
0.02594,0.0032043,4.9194
0.025635,0.0036621,4.9097
0.025635,0.0036621,4.8987
0.02533,0.0035095,4.9146
0.02533,0.0024414,4.9109
0.025787,0.002594,4.9109
0.02655,0.0036621,4.9121
0.027161,0.0048828,4.9084
0.027161,0.005188,4.9109
0.02594,0.0057983,4.9097
0.025787,0.0059509,4.9158
0.02533,0.0039673,4.9109
0.025635,0.0027466,4.9207
0.026398,0.0015259,4.9207
0.02655,0.0015259,4.9243
0.027466,0.0021362,4.9329
0.027313,0.0021362,4.9268
0.024567,0.0019836,4.9304
0.02594,0.0021362,4.9292
0.025024,0.0013733,4.9304
0.02243,0.0019836,4.9329
0.024109,0.0024414,4.9304
0.023651,0.0030518,4.9292
0.023041,0.0036621,4.9304
0.022278,0.0035095,4.9316
0.022583,0.0030518,4.9316
0.022125,0.0019836,4.9304
0.023041,0.00076294,4.9353
0.023193,-0.00030518,4.9329
0.023499,-0.0012207,4.9365
0.022888,0.00015259,4.9365
0.021057,0.00030518,4.9377
0.019531,-0.00030518,4.9316
0.016785,-0.00076294,4.9353
0.0177,-0.0012207,4.9402
0.017395,-0.00076294,4.9292
0.018158,0.00045776,4.9365
0.018921,0.0012207,4.9243
0.019989,0.0013733,4.9158
0.021362,-0.00030518,4.9158
0.02182,-0.0016785,4.9207
0.022736,-0.0039673,4.917
0.02243,-0.0048828,4.9158
0.022583,-0.0054932,4.9133
0.022125,-0.0050354,4.9146
0.019989,-0.0039673,4.9109
0.022125,-0.0038147,4.9133
0.020294,-0.0030518,4.9084
0.019379,-0.0030518,4.9158
0.019073,-0.0030518,4.9109
0.018921,-0.0028992,4.9133
0.020599,-0.0021362,4.9207
0.022125,-0.0010681,4.9109
0.023041,0.00015259,4.9133
0.024261,-0.0019836,4.9109
0.023651,-0.0024414,4.895
0.024567,-0.0041199,4.9109
0.023499,-0.0042725,4.9121
0.023346,-0.0039673,4.9146
0.023193,-0.0032043,4.9158
0.021973,-0.0013733,4.9133
0.02182,-0.00030518,0.047607
0.020905,0.00030518,0.05249
0.021362,-0.00045776,0.057373
0.021667,-0.00045776,0.056152
0.02121,-0.0010681,0.059814
0.02533,-0.00015259,0.058594
0.02594,0.0030518,0.058594
0.027008,0.0022888,0.064697
0.027008,0.0032043,0.063477
0.027161,0.0030518,0.063477
0.027161,0.0027466,0.065918
0.026703,0.0050354,0.070801
0.026398,0.0022888,0.061035
0.026398,0.0035095,0.056152
0.025024,0.0036621,0.065918
0.023651,0.0036621,0.064697
0.022736,0.0028992,0.063477
0.022583,0.0015259,0.068359
0.022278,0.00030518,0.061035
0.02182,0.00030518,0.064697
0.02182,0.00076294,0.059814
0.021057,0.00076294,0.058594
0.02182,0.0012207,0.056152
0.020142,0.00045776,0.057373
0.018921,0.00061035,0.05127
0.018463,0.00030518,0.054932
0.019226,0.00091553,0.058594
0.020142,-0.00015259,0.047607
0.021515,0.00015259,0.053711
0.022888,0.0033569,0.047607
0.023499,0.00061035,0.032959
0.022736,0.00045776,0.043945
0.023041,-0.00045776,0.041504
0.022888,-0.00030518,0.037842
0.022736,-0.00061035,0.037842
0.022736,0.00030518,0.037842
0.023346,0.00045776,0.040283
0.022888,0.0022888,0.039063
0.021667,0.0018311,0.041504
0.021667,0.0010681,0.0354
0.022125,-0.0019836,0.037842
0.022125,-0.0018311,0.040283
0.024261,0.00030518,0.043945
0.024567,0.0024414,0.041504
0.024261,0.0030518,0.045166
0.024261,0.0030518,0.043945
0.022888,0.0024414,0.043945
0.021973,0.0019836,0.05127
0.020447,0.0033569,0.054932
0.020905,0.0016785,0.045166
0.020905,0.0018311,0.05127
0.023041,0.0024414,0.057373
0.020294,0.0032043,0.047607
0.019073,0.0018311,0.059814
0.019836,0.00045776,0.057373
0.019836,-0.002594,0.064697
0.020905,-0.002594,0.061035
0.022583,-0.0021362,0.065918
0.023346,-0.00091553,0.061035
0.023956,-0.00045776,0.061035
0.022278,-0.00015259,0.058594
0.021362,-0.0010681,0.064697
0.021057,-0.0035095,0.076904
0.022583,-0.0048828,0.063477
0.021057,-0.0050354,0.067139
0.021362,-0.004425,0.063477
0.021515,0.0010681,0.054932
0.021515,-0.0016785,0.059814
0.021515,-0.0024414,0.062256
0.020752,-0.0039673,0.058594
0.021515,-0.0050354,0.053711
0.020599,-0.005188,0.050049
0.022125,-0.0027466,0.05249
0.022888,0.0012207,0.046387
0.022888,-0.0013733,0.05127
0.021515,0.00030518,0.045166
0.020447,-0.0016785,0.05127
0.019989,-0.0032043,0.045166
0.019379,-0.0030518,0.050049
0.020905,-0.0019836,0.041504
0.021667,-0.00030518,0.041504
0.02182,0.00045776,0.05127
0.021362,0.0016785,0.042725
0.020142,0.00061035,0.054932
0.020294,0.00015259,0.0354
0.021057,0.0013733,0.032959
0.022125,0.0021362,0.040283
0.022888,0.004425,0.039063
0.023193,0.0065613,0.036621
0.022888,0.0050354,0.037842
0.021362,0.0050354,0.039063
0.020294,0.0013733,0.041504
0.018768,0.00061035,0.040283
0.0177,-0.00091553,0.043945
0.01709,-0.00045776,0.042725
0.015869,0,0.043945
0.013275,-0.00091553,0.05127
0.013123,-0.0018311,0.053711
0.012207,-0.0041199,0.063477
0.011902,-0.0061035,0.057373
0.013885,-0.0074768,0.058594
0.013885,-0.0065613,0.059814
0.015106,-0.0050354,0.056152
0.01358,-0.0035095,0.062256
0.015564,-0.0027466,0.06958
0.015411,-0.0030518,0.058594
0.016022,-0.0047302,0.062256
0.016327,-0.0074768,0.061035
0.018311,-0.0036621,0.059814
0.019989,-0.0018311,0.062256
0.021057,0.0010681,0.064697
0.02243,0.0028992,0.065918
0.023499,0.0035095,0.067139
0.025177,0.0022888,0.062256
0.026093,0.0015259,0.061035
0.027618,0.0024414,0.061035
0.028534,0.0041199,2.45
0.03006,0.0054932,4.7888
0.032043,0.0068665,4.9146
0.030518,0.0053406,4.9304
0.03006,0.002594,4.9231
0.029449,0.0012207,4.9036
0.030365,0.00030518,4.917
0.028992,-0.00015259,4.9146
0.027313,0.00076294,4.9182
0.025177,-0.00045776,4.917
0.023041,0.0015259,4.906
0.019989,0.00045776,4.9146
0.018005,-0.00061035,4.9084
0.016632,-0.0047302,4.9109
0.015869,-0.0010681,4.9048
0.015869,0.00091553,4.9158
0.016022,0.0035095,4.9133
0.016174,0.0042725,4.9121
0.016632,0.0033569,4.9133
0.018768,0.0033569,4.9072
0.016785,0.0019836,4.9097
0.017395,0.0022888,4.9133
0.017853,0.0028992,4.9084
0.017853,0.004425,4.9109
0.018463,0.005188,4.9158
0.017853,0.0061035,4.917
0.018768,0.005188,4.9182
0.019226,0.0036621,4.9194
0.020752,0.0032043,4.9231
0.023346,0.0030518,4.9231
0.025177,0.0038147,4.9255
0.026703,0.0047302,4.9268
0.027618,0.0056458,4.9304
0.027618,0.005188,4.9268
0.02655,0.0039673,4.9353
0.026245,0.0030518,4.9341
0.025482,0.0013733,4.9316
0.024872,0.0010681,4.939
0.023041,0.00015259,4.9341
0.020599,-0.00015259,4.939
0.018311,-0.00076294,4.9255
0.01709,-0.0016785,4.9243
0.016479,-0.002594,4.9365
0.016937,-0.002594,4.9329
0.018463,-0.0021362,4.9268
0.019836,-0.00015259,4.9377
0.019989,0.0028992,4.9329
0.019684,0.0050354,4.9316
0.019531,0.0065613,4.9292
0.019226,0.0071716,4.9316
0.020142,0.007019,4.9207
0.02243,0.0071716,4.9243
0.023956,0.007782,4.9231
0.02533,0.009613,4.9255
0.025482,0.010986,4.9194
0.026855,0.010223,4.9231
0.025635,0.0091553,4.9207
0.026703,0.0059509,4.9194
0.028839,0.0033569,4.9182
0.029449,0.0021362,4.9146
0.03067,0.0018311,4.9084
0.029907,0.0018311,4.9109
0.027618,0.0016785,4.9133
0.02594,-0.00015259,4.9097
0.024414,-0.002594,4.9097
0.023956,-0.0033569,4.906
0.024261,-0.0068665,4.9121
0.023804,-0.0062561,4.9084
0.022583,-0.0057983,4.9109
0.020447,-0.0048828,4.9109
0.017395,-0.0053406,4.9158
0.014954,-0.007019,4.9023
0.013275,-0.0093079,4.9207
0.014648,-0.0085449,4.9304
0.015259,-0.0076294,4.9182
0.016174,-0.005188,4.9255
0.014954,-0.0021362,4.9377
0.014954,-0.00030518,4.9133
0.015106,0.00076294,4.9255
0.01709,0.0018311,4.9304
0.018921,0.0018311,4.9304
0.023346,0.0024414,4.9304
0.026093,0.0035095,4.928
0.027466,0.0024414,4.9341
0.027618,0.0054932,4.9316
0.026855,0.0050354,4.9329
0.027161,0.0032043,4.9304
0.027466,0.0036621,4.9353
0.028839,0.00061035,4.9353
0.029907,0,4.9377
0.029907,0.0012207,4.9438
0.029144,0.0018311,4.939
0.026703,0.0016785,4.939
0.026245,0.0013733,4.9426
0.026245,0.00015259,4.9451
0.025482,-0.00076294,4.9304
0.025177,-0.0012207,4.9219
0.024261,-0.0021362,4.9255
0.022278,-0.0021362,4.9146
0.018921,-0.0021362,4.9219
0.016022,-0.0024414,4.9255
0.013123,-0.002594,4.9194
0.01236,-0.0027466,4.9207
0.012665,-0.0041199,4.9158
0.01297,-0.0039673,4.9194
0.013733,-0.002594,4.9133
0.014343,-0.0012207,4.9158
0.014343,0.00061035,4.9133
0.015411,0.00061035,4.9133
0.017548,0.0012207,4.9194
0.020905,0.00076294,0.039063
0.024719,0.0012207,0.05127
0.027618,0.0022888,0.036621
0.028992,0.0030518,0.031738
0.027924,0.004425,0.039063
0.027771,0.0048828,0.039063
0.027924,0.0047302,0.039063
0.030975,0.0047302,0.040283
0.031281,0.0041199,0.036621
0.032959,0.0042725,0.040283
0.032959,0.0033569,0.043945
0.032196,0.0050354,0.048828
0.03067,0.0047302,0.043945
0.03006,0.0042725,0.05127
0.029144,0.00091553,0.053711
0.029144,0.0047302,0.056152
0.029144,0.0038147,0.059814
0.027924,0.0036621,0.058594
0.025482,0.0042725,0.059814
0.022278,0.0042725,0.058594
0.020447,0.0042725,0.067139
0.018311,0.0042725,0.064697
0.018921,0.0061035,0.062256
0.020447,0.0036621,0.061035
0.021667,0.0027466,0.061035
0.019836,0.0030518,0.057373
0.020752,0.0036621,0.061035
0.019836,0.0041199,0.062256
0.019836,0.004425,0.067139
0.02121,0.0048828,0.061035
0.023193,0.0045776,0.06958
0.025482,0.0041199,0.065918
0.026245,0.0032043,0.065918
0.024109,0.0030518,0.058594
0.023499,0.0022888,0.063477
0.022583,0.0016785,0.070801
0.023651,0.00045776,0.056152
0.025482,0.00015259,0.053711
0.028076,-0.0019836,0.05249
0.028839,-0.0021362,0.030518
0.028687,-0.0024414,0.045166
0.027771,-0.00091553,0.047607
0.027161,-0.00061035,0.045166
0.027924,-0.00061035,0.046387
0.031281,-0.00030518,0.041504
0.032196,-0.00091553,0.043945
0.034027,-0.00091553,0.041504
0.033875,-0.00015259,0.041504
0.031586,-0.00045776,0.037842
0.028992,0.00045776,0.042725
0.026855,0.00076294,0.041504
0.027924,0.0036621,0.040283
0.029907,0.0010681,0.041504
0.032043,0.00091553,0.041504
0.029602,0.0016785,0.037842
0.028534,0.0024414,0.040283
0.027618,0.0016785,0.039063
0.027008,0.0021362,0.036621
0.027618,0.0018311,0.046387
0.029602,0.0024414,0.043945
0.031281,0.0019836,0.05127
0.032959,0.0021362,0.046387
0.030975,0.0021362,0.053711
0.030365,0.0028992,0.05249
0.027771,0.0041199,0.058594
0.025787,0.0047302,0.054932
0.025787,0.0048828,0.061035
0.027466,0.0047302,0.059814
0.027008,0.004425,0.065918
0.02655,0.0042725,0.059814
0.027771,0.0024414,0.063477
0.024261,0.0022888,0.072021
0.022583,0.0021362,0.062256
0.023041,0.0018311,0.067139
0.024567,-0.00076294,0.064697
0.025482,-0.00076294,0.05249
0.025177,-0.0019836,0.063477
0.023346,-0.0030518,0.064697
0.020905,-0.0021362,0.062256
0.018005,-0.0013733,0.067139
0.017242,-0.00015259,0.061035
0.016937,0,0.061035
0.020294,-0.00030518,0.053711
0.021515,-0.0016785,0.059814
0.019379,-0.0019836,0.05127
0.020447,-0.00091553,0.054932
0.020447,0.00045776,0.054932
0.020142,0.0022888,0.05127
0.021515,0.004425,0.048828
0.021973,0.0033569,0.047607
0.025787,0.0032043,0.05249
0.025482,0.0024414,0.046387
0.023956,0.0028992,0.054932
0.02121,0.0032043,0.043945
0.019531,0.0035095,0.032959
0.018921,0.0041199,0.037842
0.019379,0.0038147,0.037842
0.021057,0.0021362,0.039063
0.02182,0.00076294,0.037842
0.020599,-0.00045776,0.032959
0.018616,-0.00091553,0.041504
0.016327,0.00045776,0.037842
0.015411,0.0019836,0.041504
0.016632,0.0039673,0.040283
0.017548,0.0033569,0.042725
0.019226,0.0021362,0.042725
0.018616,0.00015259,0.046387
0.017395,-0.00015259,0.059814
0.015411,0.00030518,0.047607
0.013885,0.0022888,0.054932
0.014038,0.0038147,0.053711
0.014954,0.0036621,0.042725
0.017853,0.0019836,0.056152
0.019379,-0.00076294,0.056152
0.018768,-0.0019836,0.058594
0.0177,-0.0016785,0.059814
0.016937,-0.0012207,0.058594
0.016937,-0.00061035,3.9526
0.018005,-0.00045776,4.8706
0.019073,-0.00076294,4.9243
0.020905,-0.0038147,4.9268
0.020294,-0.0048828,4.9304
0.018921,-0.0042725,4.9304
0.016632,-0.0022888,4.9377
0.015106,0,4.9365
0.013733,0.0016785,4.939
0.015717,0.00091553,4.9414
0.015869,-0.00091553,4.9365
0.016022,-0.0027466,4.9426
0.015106,-0.0033569,4.9304
0.014954,-0.0024414,4.9194
0.012665,-0.00076294,4.928
0.013275,-0.00015259,4.9231
0.015411,0.0016785,4.917
0.01709,0.00015259,4.9207
0.018768,-0.00076294,4.917
0.018921,-0.0010681,4.9182
0.017853,0.0021362,4.8962
0.017853,0.0033569,4.9207
0.0177,0.0059509,4.9109
0.019989,0.0068665,4.9158
0.022125,0.0062561,4.9146
0.02182,0.0039673,4.9158
0.021667,0.0021362,4.9097
0.020752,0.0027466,4.9158
0.019684,0.0036621,4.9097
0.018158,0.0053406,4.9109
0.018768,0.0059509,4.9036
0.020905,0.0042725,4.9133
0.02121,0.0013733,4.9097
0.020294,-0.0016785,4.9072
0.018463,-0.0038147,4.9097
0.016174,-0.0035095,4.9097
0.012512,-0.0027466,4.9109
0.011292,-0.0019836,4.9182
0.010681,-0.0018311,4.9182
0.011902,-0.0045776,4.9158
0.012512,-0.0062561,4.9207
0.011444,-0.007019,4.9194
0.010529,-0.0068665,4.928
0.010834,-0.0057983,4.9243
0.011902,-0.004425,4.9304
0.015411,-0.0030518,4.9353
0.019379,-0.0024414,4.9304
0.022583,-0.002594,4.9365
0.024414,-0.0022888,4.9329
0.023956,-0.00076294,4.9133
0.024414,0,4.9292
0.023956,0.002594,4.9316
0.024719,0.0019836,4.9329
0.03006,0.005188,4.9329
0.027466,0.0053406,4.9304
0.028076,0.0041199,4.9402
0.027466,0.0033569,4.9341
0.025482,0.0038147,4.9365
0.025024,0.0047302,4.9365
0.024872,0.0042725,4.9353
0.024872,0.0042725,4.9292
0.025482,0.0012207,4.9316
0.02533,-0.0019836,4.9353
0.022888,-0.0036621,4.928
0.022125,-0.0035095,4.9231
0.01709,-0.0013733,4.9231
0.013885,0.0019836,4.9158
0.012665,0.0013733,4.9158
0.012512,0.0022888,4.9158
0.012512,-0.00045776,4.917
0.011902,-0.0022888,4.9146
0.010071,-0.0019836,4.9121
0.01236,0.00015259,4.9109
0.010529,0.0028992,4.9109
0.011597,0.0048828,4.9121
0.012665,0.0057983,4.9048
0.015411,0.0022888,4.9133
0.016632,-0.00030518,4.9084
0.015717,-0.0028992,4.9121
0.015259,-0.005188,4.9011
0.014343,-0.0022888,4.9109
0.014496,-0.00061035,4.9207
0.014648,-0.00015259,4.9146
0.016022,-0.00015259,4.9182
0.017548,-0.0024414,4.9121
0.019836,-0.0042725,4.9048
0.019226,-0.005188,4.9182
0.019684,-0.0047302,4.917
0.021362,-0.0024414,4.9182
0.023804,-0.00015259,4.9243
0.029449,0.00061035,4.9243
0.026703,0.00045776,4.9243
0.026093,-0.00045776,4.928
0.024261,-0.0021362,4.9341
0.021667,-0.0028992,4.9304
0.018921,-0.0010681,4.9316
0.017242,0.00076294,4.9316
0.019531,0.0013733,4.9341
0.016785,0.00091553,4.9402
0.017548,-0.0012207,4.9329
0.016937,-0.0039673,4.9255
0.015869,-0.0059509,4.9365
0.015259,-0.0041199,4.939
0.013733,-0.0016785,4.9341
0.015106,0,4.9329
0.015717,0.00045776,4.9329
0.018921,-0.0016785,4.9341
0.020142,-0.0035095,4.9329
0.021515,-0.0048828,4.9341
0.021973,-0.0041199,0.063477
0.024567,-0.0016785,0.058594
0.026398,0.00076294,0.05127
0.029449,0.0030518,0.05249
0.031891,0.0024414,0.05249
0.033264,0.0012207,0.05127
0.033417,-0.00030518,0.045166
0.033264,0.00061035,0.047607
0.033417,0.00030518,0.062256
0.032501,0.0022888,0.047607
0.032349,0.0036621,0.053711
0.033112,0.0013733,0.042725
0.033417,-0.0013733,0.030518
0.032501,-0.0033569,0.036621
0.030975,-0.0088501,0.036621
0.028687,-0.0038147,0.039063
0.026245,-0.0013733,0.037842
0.023804,-0.00015259,0.037842
0.020294,0,0.041504
0.020905,-0.0015259,0.039063
0.019379,-0.0039673,0.041504
0.018005,-0.0048828,0.039063
0.016937,-0.0045776,0.042725
0.015411,-0.0030518,0.043945
0.015411,-0.00091553,0.047607
0.017395,0.0015259,0.058594
0.020752,-0.0019836,0.050049
0.023804,-0.0032043,0.05127
0.026093,-0.0033569,0.05249
0.027313,-0.0021362,0.046387
0.028076,0.0012207,0.056152
0.028687,0.0045776,0.067139
0.03067,0.0065613,0.059814
0.033569,0.0064087,0.059814
0.034943,0.0057983,0.057373
0.035248,0.0041199,0.063477
0.034943,0.0042725,0.059814
0.03479,0.0032043,0.062256
0.033875,0.0065613,0.058594
0.033722,0.0074768,0.064697
0.032959,0.0067139,0.062256
0.035706,0.0042725,0.068359
0.034027,0.0018311,0.067139
0.032654,-0.00076294,0.067139
0.027313,-0.0021362,0.072021
0.024414,-0.0033569,0.062256
0.021667,-0.0041199,0.074463
0.020142,-0.0048828,0.061035
0.019989,-0.0064087,0.047607
0.019684,-0.0082397,0.056152
0.019379,-0.0085449,0.047607
0.018158,-0.0067139,0.050049
0.017548,-0.0038147,0.05127
0.018921,-0.00030518,0.045166
0.020294,0.0035095,0.047607
0.023956,0.0048828,0.042725
0.026398,0.0053406,0.045166
0.028534,0.0047302,0.042725
0.03006,0.0042725,0.045166
0.031128,0.0053406,0.045166
0.029907,0.0065613,0.042725
0.031128,0.0080872,0.041504
0.030975,0.010376,0.041504
0.032959,0.0090027,0.039063
0.032806,0.0076294,0.041504
0.033722,0.007019,0.03418
0.032654,0.0061035,0.041504
0.031891,0.007782,0.037842
0.030365,0.0085449,0.0354
0.030212,0.0094604,0.041504
0.031128,0.0093079,0.040283
0.032043,0.007782,0.041504
0.031281,0.005188,0.040283
0.030975,0.0022888,0.047607
0.027924,0.0027466,0.047607
0.024872,0.0028992,0.05249
0.022736,0.0038147,0.05127
0.021362,0.0035095,0.058594
0.021667,0.002594,0.05249
0.019379,0,0.062256
0.018616,-0.0019836,0.068359
0.016632,-0.002594,0.062256
0.016022,-0.00091553,0.068359
0.014038,0.0016785,0.062256
0.014648,0.0033569,0.040283
0.016022,0.0035095,0.059814
0.017853,0.0022888,0.058594
0.019684,0.00061035,0.062256
0.02121,0.0015259,0.062256
0.02182,0.0028992,0.063477
0.022888,0.0047302,0.067139
0.023041,0.0064087,0.067139
0.023499,0.0067139,0.067139
0.023651,0.0038147,0.063477
0.02533,0.0015259,0.065918
0.02655,-0.0013733,0.061035
0.027466,-0.0021362,0.061035
0.026093,-0.00091553,0.062256
0.02594,0.00076294,0.053711
0.02655,0.0010681,0.05249
0.026245,0.00061035,0.05249
0.027008,-0.0013733,0.05249
0.027466,-0.0024414,0.045166
0.027313,-0.0021362,0.046387
0.026245,-0.00076294,0.043945
0.025177,0.0012207,0.043945
0.023956,0.0033569,0.040283
0.022278,0.0036621,0.042725
0.021057,0.0021362,0.037842
0.020447,-0.00091553,0.040283
0.020905,-0.0010681,0.03418
0.020294,-0.00091553,0.041504
0.020294,0.00015259,0.037842
0.019836,0.0015259,0.043945
0.020599,0.0022888,0.036621
0.019684,0.0019836,0.042725
0.019989,0.0012207,0.047607
0.021973,0.00030518,0.042725
0.021973,0.0032043,4.0979
0.021973,0.0027466,4.856
0.022583,0.0038147,4.895
0.023041,0.0056458,4.9158
0.024261,0.0042725,4.9121
0.023499,0.0032043,4.9158
0.023956,0.0016785,4.9194
0.024719,0.0010681,4.9207
0.023651,0.00091553,4.9243
0.022125,0.0015259,4.928
0.021057,0.0013733,4.9329
0.020447,0.00076294,4.928
0.018616,0.00015259,4.9353
0.017548,-0.0018311,4.9316
0.016632,-0.0018311,4.9316
0.018005,-0.0018311,4.9304
0.016022,0.00045776,4.9329
0.016632,0.0027466,4.9341
0.015869,0.0030518,4.9365
0.016479,0.0039673,4.9451
0.016785,0.0036621,4.9377
0.016327,0.002594,4.9231
0.016174,0.0015259,4.9316
0.015869,0.0022888,4.9402
0.016327,0.0032043,4.9341
0.014801,0.0033569,4.9316
0.014191,0.0019836,4.9255
0.014648,0.00076294,4.928
0.016632,-0.0013733,4.9243
0.016785,-0.00091553,4.9231
0.023346,-0.00076294,4.9194
0.019836,0.00061035,4.9219
0.019836,0.0027466,4.9194
0.018158,0.0028992,4.9146
0.018768,0.00061035,4.928
0.019073,0.00061035,4.9182
0.018768,-0.00015259,4.9146
0.015717,-0.00015259,4.9146
0.0177,0.00045776,4.8975
0.0177,0.0012207,4.9097
0.016785,-0.00015259,4.9121
0.01709,0.0013733,4.9109
0.016327,0.00030518,4.9097
0.016022,-0.00076294,4.9048
0.017395,-0.0019836,4.917
0.018616,0.00015259,4.9036
0.017242,0.0012207,4.9097
0.016785,0.0021362,4.9084
0.015869,0.0018311,4.9146
0.015869,-0.0010681,4.9121
0.015564,-0.0032043,4.9182
0.016327,-0.0050354,4.9146
0.018005,-0.0065613,4.9207
0.017548,-0.004425,4.9182
0.018311,-0.0032043,4.9231
0.019379,-0.0022888,4.9377
0.019073,-0.0028992,4.9255
0.019226,-0.0038147,4.917
0.019073,-0.0050354,4.9292
0.020599,-0.0038147,4.928
0.02182,-0.0039673,4.928
0.02121,-0.0019836,4.9304
0.021515,-0.0019836,4.9329
0.020447,-0.0016785,4.9329
0.021362,-0.002594,4.928
0.020599,-0.0024414,4.9219
0.020142,-0.0035095,4.9353
0.02182,-0.00030518,4.9365
0.021362,0.0012207,4.9329
0.020142,0.0027466,4.9353
0.020447,0.0032043,4.9475
0.018768,0.0024414,4.9377
0.017853,0.0018311,4.9329
0.018158,0.00061035,4.9341
0.016327,0.00045776,4.9243
0.019073,0.0015259,4.9292
0.019379,0.0016785,4.9207
0.018616,0.0030518,4.9194
0.019684,0.0024414,4.9231
0.018768,0.002594,4.9207
0.020294,0.0022888,4.9194
0.019684,0.0028992,4.9158
0.019531,0.0024414,4.9207
0.018158,0.0028992,4.9133
0.0177,0.0018311,4.9158
0.016632,0.00030518,4.9133
0.015869,-0.0027466,4.9146
0.014801,-0.0036621,4.8962
0.014801,-0.005188,4.9121
0.016022,-0.0047302,4.9158
0.015411,-0.0033569,4.9109
0.015717,-0.0021362,4.9158
0.015564,-0.0021362,4.9109
0.016327,-0.0027466,4.9036
0.016632,-0.0036621,4.9072
0.016937,-0.0045776,4.9146
0.017395,-0.0032043,4.9109
0.018158,-0.0036621,4.9109
0.019073,-0.0038147,4.906
0.018616,0.00091553,4.917
0.019531,-0.0039673,4.917
0.019531,-0.0030518,4.9219
0.019989,-0.0015259,4.9194
0.02121,0.00015259,4.9304
0.021973,0.0027466,4.9268
0.022888,0.0048828,4.9316
0.023651,0.0056458,4.9451
0.023041,0.0054932,4.9316
0.022583,0.005188,4.9182
0.022583,0.0041199,0.064697
0.023041,0.0042725,0.053711
0.020752,0.0028992,0.059814
0.022888,0.0015259,0.061035
0.024567,0,0.062256
0.023193,-0.00030518,0.062256
0.019836,-0.00091553,0.061035
0.019379,-0.0010681,0.068359
0.018463,-0.00015259,0.064697
0.019073,-0.00061035,0.067139
0.019531,0.0010681,0.063477
0.019989,0,0.064697
0.019073,-0.00091553,0.061035
0.017548,-0.00091553,0.058594
0.017548,-0.0022888,0.062256
0.014954,-0.002594,0.056152
0.018463,-0.0012207,0.057373
0.019836,-0.00091553,0.05127
0.019379,-0.00030518,0.061035
0.018463,-0.00015259,0.047607
0.015717,-0.00015259,0.056152
0.014954,-0.00045776,0.032959
0.014343,-0.00061035,0.045166
0.014954,-0.00091553,0.041504
0.016022,-0.0012207,0.041504
0.016022,-0.0021362,0.039063
0.015411,-0.0027466,0.041504
0.015106,-0.0022888,0.037842
0.015564,-0.0027466,0.042725
0.016937,-0.0016785,0.039063
0.018005,-0.00015259,0.040283
0.018768,0.00091553,0.040283
0.018921,0.0024414,0.037842
0.019836,0.0024414,0.05249
0.019379,0.0013733,0.042725
0.018005,0,0.05249
0.018463,-0.0030518,0.041504
0.018158,-0.0018311,0.03418
0.018311,-0.0057983,0.047607
0.019226,-0.0038147,0.047607
0.019073,-0.004425,0.050049
0.018768,-0.0050354,0.053711
0.017548,-0.0030518,0.05249
0.018311,-0.0022888,0.057373
0.0177,0.0013733,0.057373
0.017853,0.0039673,0.062256
0.017548,0.0050354,0.061035
0.017548,0.0048828,0.062256
0.017548,0.0033569,0.067139
0.016327,0.0022888,0.063477
0.015106,0.0021362,0.064697
0.016937,0.0028992,0.063477
0.015869,0.0028992,0.059814
0.01709,0.0018311,0.065918
0.018921,0.0010681,0.074463
0.019836,0.00030518,0.068359
0.021515,0.00015259,0.062256
0.02182,0.00076294,0.064697
0.022736,0.0015259,0.067139
0.022888,0.0024414,0.058594
0.023346,0.0027466,0.054932
0.023499,0.0015259,0.054932
0.023651,-0.00030518,0.056152
0.024261,-0.0021362,0.048828
0.024567,-0.0022888,0.05127
0.022888,-0.0019836,0.050049
0.023804,-0.00045776,0.048828
0.023956,0.0012207,0.047607
0.024414,0.0012207,0.048828
0.024261,0.0010681,0.057373
0.023651,-0.00076294,0.046387
0.021973,-0.0013733,0.041504
0.020599,-0.0015259,0.041504
0.019836,-0.00030518,0.024414
0.020447,-0.00030518,0.03418
0.019531,-0.00076294,0.039063
0.02182,-0.0019836,0.040283
0.022583,-0.0035095,0.039063
0.022736,-0.0038147,0.036621
0.022583,-0.0024414,0.039063
0.023804,-0.00091553,0.037842
0.023651,0.00076294,0.041504
0.024261,0.0019836,0.036621
0.02533,0.0024414,0.0354
0.024567,0.0021362,0.036621
0.024567,0.0019836,0.045166
0.025635,0.002594,0.047607
0.026398,0.0022888,0.048828
0.028839,0.0027466,0.053711
0.029602,0.0021362,0.059814
0.03006,0.0012207,0.068359
0.029602,-0.00091553,0.054932
0.029602,-0.0021362,0.048828
0.028839,-0.0032043,0.058594
0.028381,-0.0036621,0.062256
0.028076,-0.0013733,0.059814
0.026398,-0.0015259,0.059814
0.025482,-0.0012207,0.059814
0.023956,-0.0016785,0.061035
0.023651,-0.0018311,0.059814
0.023346,-0.0035095,0.067139
0.02243,-0.0041199,0.059814
0.024261,-0.004425,0.06958
0.024567,-0.0045776,0.065918
0.024414,-0.0036621,0.068359
0.024109,-0.0071716,0.076904
0.020752,-0.0019836,0.064697
0.022125,-0.0015259,0.062256
0.022278,-0.00091553,0.061035
0.023956,-0.00045776,0.056152
0.025024,0.00061035,0.054932
0.02594,0.0010681,0.05249
0.026398,0.0018311,0.047607
0.027313,0.0032043,0.050049
0.027771,-0.00030518,0.046387
0.029144,-0.00030518,0.048828
0.029755,0,0.039063
0.029755,-0.00045776,0.51147
0.03067,0.0016785,4.6558
0.030212,0.0035095,4.895
0.029449,0.0039673,4.9121
0.028992,0.0054932,4.9133
0.029144,0.0048828,4.9072
0.029449,0.0042725,4.9121
0.029907,0.0018311,4.9243
0.030365,0.0032043,4.9121
0.029755,0.0027466,4.9133
0.028992,0.002594,4.9109
0.028229,0.0019836,4.8987
0.027466,0.0024414,4.9084
0.027008,0.0028992,4.9097
0.025635,0.0041199,4.9109
0.025177,0.005188,4.9121
0.023804,0.005188,4.9121
0.022583,0.0050354,4.9158
0.021057,0.0033569,4.917
0.019989,0.0024414,4.9219
0.019531,0.0010681,4.9231
0.018616,0.00045776,4.9255
0.018158,-0.00076294,4.9255
0.017395,0,4.9316
0.018311,-0.00045776,4.9365
0.018616,-0.00076294,4.9316
0.017548,-0.00061035,4.9304
0.018921,-0.00091553,4.9353
0.019226,-0.00091553,4.939
0.019684,-0.00015259,4.9316
0.020599,0.00030518,4.9133
0.019379,-0.00061035,4.9231
0.019379,-0.0018311,4.9304
0.022888,0.00015259,4.9316
0.021515,-0.0022888,4.9377
0.022583,-0.0027466,4.9329
0.023499,-0.0024414,4.9365
0.02594,-0.0016785,4.9316
0.024261,-0.0019836,4.9353
0.025482,-0.0021362,4.928
0.02594,-0.0032043,4.928
0.02594,-0.0013733,4.9243
0.025635,-0.0012207,4.9133
0.024719,-0.0018311,4.9341
0.025482,0,4.9231
0.02533,0.00076294,4.9268
0.024719,0.0012207,4.9158
0.025024,0.0018311,4.906
0.024872,0.0030518,4.917
0.025177,0.0036621,4.9158
0.02533,0.0041199,4.9146
0.024872,0.0041199,4.9121
0.023346,0.0032043,4.9109
0.021973,0.0010681,4.9133
0.021667,0.002594,4.9084
0.021515,0.0045776,4.9097
0.020447,0.0036621,4.9084
0.020752,0.0045776,4.9133
0.020905,0.0045776,4.9109
0.020752,0.0027466,4.9158
0.019989,0.0036621,4.9097
0.019989,0.0032043,4.9133
0.020599,0.0036621,4.9133
0.02182,0.0035095,4.9097
0.02182,0.0041199,4.9158
0.022125,0.0039673,4.9207
0.022736,0.0038147,4.9182
0.022278,0.0027466,4.9194
0.02182,0.0016785,4.9255
0.02182,0.0018311,4.9292
0.022278,0.0036621,4.9268
0.022583,0.0032043,4.9255
0.022888,0.0033569,4.9341
0.022583,0.0050354,4.9304
0.02182,0.0047302,4.9329
0.021515,0.0047302,4.9292
0.020905,0.0038147,4.9341
0.020447,0.0032043,4.9268
0.020294,0.002594,4.9316
0.021515,0.0022888,4.9438
0.020447,0.0030518,4.9377
0.020752,0.0036621,4.939
0.019531,0.0038147,4.9377
0.019836,0.0036621,4.917
0.019684,0.0030518,4.9329
0.021515,0.0028992,4.9426
0.021057,0.0028992,4.9329
0.020142,0.0038147,4.9304
0.019226,0.004425,4.9268
0.018311,0.004425,4.9268
0.018463,0.0039673,4.9207
0.018463,0.0041199,4.9243
0.018463,0.0041199,4.9182
0.017853,0.0038147,4.9219
0.018311,0.0041199,4.917
0.017548,0.0042725,4.9158
0.016174,0.0035095,4.9243
0.019226,0.0039673,4.917
0.016174,0.0041199,4.9133
0.015564,0.0042725,4.9146
0.015869,0.0045776,4.9048
0.016937,0.0047302,4.9097
0.016785,0.0041199,4.9207
0.016022,0.0030518,4.9121
0.015717,0.0010681,4.9109
0.016632,-0.00015259,4.906
0.016327,-0.00076294,4.9011
0.015869,-0.00045776,4.9084
0.015564,0.00076294,4.9109
0.015411,0,0.039063
0.016022,0.00030518,0.043945
0.016022,-0.0013733,0.041504
0.016785,-0.00045776,0.046387
0.016937,-0.00061035,0.047607
0.016785,0,0.053711
0.016632,0.0012207,0.061035
0.016937,0.0013733,0.057373
0.01709,0,0.068359
0.018311,0.00061035,0.045166
0.018616,-0.00030518,0.047607
0.018158,-0.00045776,0.061035
0.017395,0,0.061035
0.0177,0.0013733,0.058594
0.017242,0.002594,0.061035
0.018616,0.0032043,0.059814
0.019379,0.0027466,0.062256
0.019989,0.0022888,0.061035
0.019531,0.0016785,0.063477
0.019073,0.0012207,0.057373
0.018158,0.0018311,0.067139
0.018158,0.0027466,0.070801
0.017548,0.0035095,0.070801
0.017853,0.0039673,0.06958
0.017395,0.0035095,0.065918
0.01709,0.0032043,0.061035
0.016785,0.0022888,0.061035
0.016632,0.0024414,0.061035
0.017853,0.0032043,0.054932
0.018311,0.0039673,0.05249
0.018768,0.004425,0.046387
0.018616,0.0045776,0.05127
0.017548,0.0030518,0.045166
0.016022,0.0010681,0.050049
0.014343,-0.0019836,0.040283
0.01236,-0.0038147,0.046387
0.010681,-0.0047302,0.041504
0.0099182,-0.0057983,0.042725
0.0090027,-0.0064087,0.042725
0.0091553,-0.007019,0.042725
0.0090027,-0.0074768,0.03418
0.0091553,-0.0079346,0.041504
0.011292,-0.007782,0.054932
0.013275,-0.0064087,0.039063
0.016479,-0.0047302,0.050049
0.019379,-0.0032043,0.041504
0.021973,-0.0036621,0.025635
0.022736,-0.0062561,0.037842
0.022583,-0.0083923,0.041504
0.022278,-0.010071,0.040283
0.022278,-0.0090027,0.043945
0.021362,-0.0085449,0.041504
0.021973,-0.0054932,0.047607
0.022736,-0.0035095,0.048828
0.022736,-0.0048828,0.05249
0.023651,-0.002594,0.05249
0.023804,-0.002594,0.057373
0.025482,-0.0028992,0.057373
0.026703,-0.0021362,0.061035
0.027313,-0.00076294,0.072021
0.027771,-0.00061035,0.062256
0.027008,-0.0039673,0.048828
0.024567,-0.0016785,0.062256
0.022278,-0.0027466,0.070801
0.018768,-0.0041199,0.058594
0.015564,-0.0030518,0.045166
0.015259,-0.0018311,0.063477
0.014343,0.00061035,0.064697
0.013428,0.0019836,0.059814
0.013885,0.0015259,0.067139
0.013275,0.0019836,0.065918
0.01358,-0.00015259,0.065918
0.011749,-0.0019836,0.061035
0.015411,-0.0030518,0.064697
0.016937,-0.0047302,0.058594
0.017395,-0.0053406,0.057373
0.017242,-0.0061035,0.056152
0.016022,-0.0073242,0.053711
0.015259,-0.0083923,0.059814
0.014954,-0.0090027,0.050049
0.013275,-0.0073242,0.056152
0.014343,-0.005188,0.046387
0.014496,-0.002594,0.036621
0.014496,-0.00015259,0.045166
0.016174,0.0019836,0.045166
0.016174,0.0028992,0.039063
0.018005,0.0027466,0.040283
0.019836,0.0016785,0.040283
0.019989,0.0012207,0.037842
0.020752,0.00030518,0.039063
0.020905,-0.00091553,0.040283
0.021057,-0.0013733,0.036621
0.018921,-0.0018311,0.041504
0.017853,-0.0024414,0.041504
0.016632,-0.0028992,0.042725
0.015564,-0.0024414,0.039063
0.015411,-0.0033569,0.040283
0.014801,-0.0038147,0.042725
0.014496,-0.0041199,0.041504
0.015106,-0.0038147,0.048828
0.014496,-0.0027466,0.047607
0.014954,-0.0010681,0.041504
0.016327,0.0012207,0.048828
0.017853,0.0027466,0.056152
0.018768,0.0047302,0.056152
0.019379,0.0057983,0.054932
0.019684,0.0032043,0.058594
0.019226,0.0053406,0.062256
0.020294,0.0042725,0.057373
0.022888,0.0035095,0.064697
0.023193,0.0033569,0.061035
0.025482,0.0022888,0.062256
0.02655,0.002594,0.058594
0.027771,0.0012207,0.062256
0.027618,0,0.078125
0.028687,-0.00045776,0.064697
0.029144,-0.0030518,0.065918
0.03006,-0.0015259,0.067139
0.028229,-0.00045776,4.2932
0.027466,0.00045776,4.8914
0.026855,0.0012207,4.9243
0.026703,-0.00015259,4.9292
0.025787,0.00061035,4.9268
0.024719,-0.00045776,4.9243
0.025177,-0.0032043,4.9255
0.02594,-0.0010681,4.9231
0.02594,-0.0013733,4.9207
0.026703,-0.0018311,4.9146
0.027161,-0.0019836,4.9182
0.025482,-0.0032043,4.9158
0.024261,-0.0039673,4.9194
0.027008,-0.0045776,4.9146
0.023193,-0.0038147,4.9158
0.024261,-0.0027466,4.9158
0.024567,-0.00091553,4.9146
0.024567,0.00091553,4.917
0.024872,0.0022888,4.9097
0.024719,0.0024414,4.9011
0.02594,0.0015259,4.9133
0.027466,0.0022888,4.9109
0.028381,0.0018311,4.9084
0.028534,0.002594,4.9084
0.028229,0.0035095,4.9084
0.027008,0.0035095,4.9084
0.027008,0.0038147,4.9084
0.025482,0.0030518,4.917
0.026245,0.0028992,4.9133
0.026398,0.0027466,4.917
0.025787,0.0028992,4.9207
0.02533,0.0030518,4.9255
0.024719,0.0021362,4.9329
0.025482,0.00061035,4.9255
0.024261,-0.00015259,4.9341
0.024719,-0.0013733,4.928
0.026703,-0.00061035,4.9268
0.024719,-0.00030518,4.9341
0.023956,0.00061035,4.9292
0.022888,0.0016785,4.9292
0.021515,0.0019836,4.9304
0.021667,0.0022888,4.9304
0.021973,0.0022888,4.9329
0.023346,0.0027466,4.9316
0.024567,0.0030518,4.9353
0.02533,0.0047302,4.9341
0.027313,0.0050354,4.9353
0.027924,0.0048828,4.9365
0.029144,0.004425,4.9353
0.028534,0.0030518,4.9353
0.027618,0.0019836,4.9353
0.028076,0.0016785,4.9377
0.026093,0.00091553,4.9292
0.025635,0.00091553,4.9231
0.023804,0.0015259,4.9243
0.022736,0.0016785,4.9194
0.023193,0.0016785,4.917
0.023956,0.0012207,4.917
0.023193,0.0010681,4.9207
0.026093,0.0016785,4.917
0.028381,0.002594,4.9146
0.029297,0.0039673,4.9158
0.030212,0.0057983,4.9146
0.028229,0.0067139,4.9109
0.025787,0.007782,4.9121
0.025635,0.0067139,4.9158
0.023956,0.0062561,4.9109
0.02243,0.0059509,4.9133
0.022583,0.0062561,4.9194
0.021667,0.0048828,4.9133
0.022278,0.0050354,4.9097
0.022125,0.0035095,4.9097
0.022888,0.00061035,4.8962
0.024261,-0.0021362,4.9097
0.025482,-0.0030518,4.9109
0.027008,-0.0042725,4.9133
0.027771,-0.0045776,4.9133
0.027771,-0.0036621,4.9158
0.027924,-0.0048828,4.9194
0.027008,-0.0065613,4.9194
0.02655,-0.007782,4.9231
0.02655,-0.0083923,4.9207
0.026855,-0.0076294,4.9292
0.02655,-0.0062561,4.9268
0.026703,-0.0030518,4.9329
0.026855,-0.0022888,4.9316
0.027466,-0.0019836,4.9329
0.02594,-0.0027466,4.9329
0.025482,-0.0030518,4.9341
0.025177,-0.002594,4.9414
0.025482,-0.0010681,4.9304
0.024872,0.00061035,4.9182
0.024719,0.0010681,4.9304
0.023804,0.00030518,4.9268
0.023499,-0.0019836,4.939
0.023499,-0.0036621,4.9377
0.023346,-0.0048828,4.9341
0.023804,-0.0039673,4.9329
0.023651,-0.0027466,4.9048
0.023651,-0.0022888,4.9268
0.023193,-0.0021362,4.9255
0.022125,-0.0038147,4.9268
0.02121,-0.0056458,4.9207
0.021515,-0.0073242,4.9255
0.022736,-0.0064087,4.9292
0.023346,-0.0053406,4.917
0.023346,-0.0015259,4.917
0.024567,-0.0028992,4.917
0.024414,-0.0028992,0.036621
0.024719,-0.002594,0.045166
0.026245,-0.0022888,0.042725
0.025482,-0.0013733,0.040283
0.024872,0.00015259,0.040283
0.024109,0.0016785,0.039063
0.024109,0.0019836,0.037842
0.023499,0.0019836,0.037842
0.022736,0.00076294,0.040283
0.023041,-0.002594,0.026855
0.023651,-0.00061035,0.040283
0.021057,0.00030518,0.040283
0.021667,0.0013733,0.041504
0.022125,0.00015259,0.039063
0.02121,0.00091553,0.043945
0.019989,0.0019836,0.042725
0.019226,-0.00061035,0.043945
0.017548,-0.0047302,0.056152
0.016327,-0.0035095,0.05127
0.015564,-0.0032043,0.041504
0.012665,-0.0021362,0.054932
0.016479,0.00061035,0.053711
0.015259,0.0030518,0.057373
0.015106,0.0022888,0.062256
0.015411,-0.0012207,0.057373
0.015869,-0.00045776,0.065918
0.015411,0.0015259,0.058594
0.016632,0.004425,0.061035
0.017853,0.0082397,0.057373
0.016937,0.010529,0.064697
0.016479,0.0086975,0.062256
0.015564,0.0064087,0.067139
0.015717,0.0035095,0.084229
0.013733,0.0032043,0.067139
0.013733,0.0062561,0.064697
0.01236,0.0022888,0.068359
0.012817,0.0074768,0.053711
0.010834,0.0056458,0.056152
0.0088501,0.0018311,0.062256
0.0079346,0.00091553,0.058594
0.010681,0.0015259,0.056152
0.011749,0.0038147,0.05127
0.01236,0.0053406,0.054932
0.012817,0.007782,0.048828
0.013885,0.0071716,0.048828
0.013275,0.0064087,0.046387
0.012817,0.0036621,0.050049
0.011597,-0.00030518,0.046387
0.012207,-0.0012207,0.047607
0.012512,-0.00015259,0.041504
0.010986,0.0016785,0.043945
0.011597,0.00091553,0.048828
0.010376,0.00045776,0.043945
0.010223,-0.00045776,0.047607
0.009613,0.00091553,0.040283
0.011902,0.00045776,0.0354
0.014648,0.0021362,0.037842
0.016022,0.0042725,0.039063
0.016632,0.0059509,0.036621
0.015869,0.0067139,0.040283
0.015411,0.005188,0.036621
0.014496,0.0036621,0.041504
0.016022,0.0019836,0.040283
0.016632,0.0022888,0.046387
0.017548,0.0030518,0.043945
0.018158,0.0042725,0.048828
0.016937,0.0054932,0.054932
0.016327,0.0050354,0.054932
0.017395,0.002594,0.065918
0.019836,0.00030518,0.058594
0.019379,-0.00015259,0.062256
0.020447,0.0012207,0.058594
0.023346,0.0062561,0.061035
0.02121,0.0045776,0.063477
0.020142,0.0041199,0.061035
0.019073,0.0021362,0.056152
0.018311,0.0015259,0.061035
0.0177,0.0015259,0.059814
0.017395,0.0030518,0.064697
0.01709,0.0053406,0.061035
0.0177,0.0061035,0.067139
0.016479,0.007019,0.063477
0.015259,0.0056458,0.065918
0.014343,0.004425,0.067139
0.014343,0.0035095,0.068359
0.015106,0.0028992,0.058594
0.014801,0.0032043,0.062256
0.016022,0.0018311,0.064697
0.014954,0.00076294,0.057373
0.013885,-0.0015259,0.062256
0.014191,-0.0035095,0.05127
0.014496,-0.0041199,0.0354
0.016632,-0.0041199,0.046387
0.018463,-0.0027466,0.043945
0.018311,-0.00061035,0.046387
0.018311,0.0013733,0.046387
0.017853,0.00061035,0.039063
0.018158,-0.0019836,0.046387
0.01709,-0.00061035,0.037842
0.01709,-0.0038147,0.039063
0.01709,-0.0013733,0.039063
0.017242,0.0016785,0.042725
0.018463,0.0038147,0.039063
0.017548,0.005188,0.040283
0.018158,0.0050354,0.040283
0.018768,0.0039673,0.040283
0.020905,0.0030518,0.037842
0.022583,0.0038147,0.041504
0.024109,0.0041199,0.032959
0.024567,0.0061035,0.039063
0.024261,0.0041199,0.050049
0.024261,0.0018311,0.043945
0.023193,-0.00015259,0.048828
0.023499,-0.0018311,0.046387
0.023499,-0.00076294,0.05127
0.022278,0,0.05249
0.021667,0.0032043,0.059814
0.020447,0.0039673,0.30396
0.020599,0.0041199,4.6619
0.020905,0.0033569,4.9084
0.021057,0.002594,4.928
0.021973,0.0022888,4.9292
0.022278,0.0035095,4.9304
0.02243,0.0041199,4.9377
0.022583,0.0053406,4.9329
0.021515,0.0054932,4.9377
0.020599,0.0038147,4.9329
0.019531,0.0018311,4.9219
0.019379,-0.0010681,4.9365
0.019684,-0.0021362,4.9365
0.018768,-0.0022888,4.9341
0.018768,-0.0015259,4.9353
0.016937,0.00061035,4.9329
0.017242,0.00045776,4.9316
0.016937,0.0016785,4.9316
0.017853,0.0016785,4.928
0.018768,0,4.9219
0.019684,-0.00015259,4.9268
0.020447,-0.0022888,4.9219
0.020752,-0.0039673,4.9231
0.020599,-0.0033569,4.9194
0.020447,-0.0032043,4.9182
0.019836,-0.00045776,4.9243
0.020447,0.00015259,4.9158
0.021057,-0.0010681,4.9219
0.022125,-0.0010681,4.9146
0.02243,-0.0024414,4.8987
0.020447,-0.002594,4.9084
0.020294,-0.0018311,4.9097
0.019684,-0.0010681,4.9109
0.019684,0,4.9109
0.021667,-0.0022888,4.906
0.022888,-0.0030518,4.9109
0.023651,-0.0018311,4.9036
0.022583,0,4.9109
0.019989,0.00015259,4.9048
0.017853,0.00061035,4.9158
0.016174,-0.00015259,4.9109
0.016632,-0.00076294,4.9133
0.019226,-0.0012207,4.928
0.020905,-0.0013733,4.9146
0.022125,0,4.9219
0.020142,0,4.928
0.019226,0.00045776,4.9097
0.018768,0.0010681,4.9243
0.021057,-0.00015259,4.9255
0.023499,0.00015259,4.9243
0.025787,0.00061035,4.9304
0.026703,0.0016785,4.928
0.02594,-0.00091553,4.9329
0.023956,-0.0038147,4.9304
0.023499,-0.007019,4.9341
0.023651,-0.0079346,4.9292
0.026398,-0.0082397,4.9353
0.029449,-0.0062561,4.9316
0.03067,-0.0036621,4.9353
0.029755,-0.00061035,4.939
0.028534,-0.00045776,4.9402
0.028992,-0.0015259,4.9402
0.029144,-0.0028992,4.9365
0.030212,-0.0041199,4.9451
0.030212,-0.0033569,4.9304
0.029602,-0.0035095,4.9329
0.027618,-0.004425,4.9292
0.024261,-0.0059509,4.9255
0.022736,-0.007782,4.9219
0.02243,-0.0083923,4.9243
0.023804,-0.0085449,4.9207
0.025787,-0.0064087,4.9182
0.028229,-0.0033569,4.9146
0.029297,-0.0015259,4.9158
0.028076,0.00076294,4.9133
0.028229,0.00030518,4.9182
0.028534,-0.00015259,4.9146
0.028076,-0.0013733,4.9146
0.028076,-0.0036621,4.9194
0.030365,-0.0048828,4.9109
0.030518,-0.0053406,4.9182
0.027771,-0.0041199,4.9048
0.027924,-0.0016785,4.8999
0.026703,0.00030518,4.9097
0.026398,0.0012207,4.9121
0.025024,0.00030518,4.906
0.028534,-0.0022888,4.9084
0.029755,-0.0045776,4.9109
0.03006,-0.005188,4.9133
0.028687,-0.0057983,4.9109
0.027466,-0.0056458,4.9182
0.026398,-0.0057983,4.9158
0.025482,-0.0074768,4.9255
0.026398,-0.0079346,4.9255
0.027313,-0.0073242,4.928
0.028229,-0.0059509,4.9255
0.026855,-0.0032043,4.928
0.025024,0.00091553,4.9292
0.023041,0.0027466,4.9316
0.023346,0.0038147,4.9426
0.02533,0.0024414,4.9353
0.027771,0.0032043,4.9219
0.029297,0.0032043,4.9304
0.028534,0.0038147,4.9292
0.026245,0.0035095,4.9329
0.023956,0.0045776,4.9329
0.023193,0.0042725,4.9353
0.023499,0.0027466,4.9353
0.024567,0.0012207,0.067139
0.024719,0.00091553,0.068359
0.023804,0.0013733,0.062256
0.024567,0.0028992,0.063477
0.020142,0.0032043,0.057373
0.019531,0.0039673,0.058594
0.019989,0.0047302,0.070801
0.022125,0.0050354,0.05249
0.023499,0.0065613,0.05249
0.023956,0.0074768,0.05127
0.024261,0.0079346,0.031738
0.022278,0.0082397,0.045166
0.02121,0.0082397,0.046387
0.02182,0.0093079,0.046387
0.024414,0.010681,0.045166
0.023956,0.012512,0.040283
0.024872,0.013428,0.042725
0.024261,0.01236,0.039063
0.023651,0.012054,0.041504
0.02243,0.010986,0.036621
0.022125,0.010071,0.043945
0.023041,0.01297,0.042725
0.026093,0.0085449,0.042725
0.024109,0.0076294,0.041504
0.021515,0.0073242,0.042725
0.020752,0.0088501,0.039063
0.019073,0.0073242,0.041504
0.016785,0.0076294,0.042725
0.018311,0.0083923,0.041504
0.019073,0.0083923,0.042725
0.022125,0.0076294,0.048828
0.022888,0.0064087,0.047607
0.023346,0.0048828,0.05249
0.020294,0.0041199,0.053711
0.018768,0.0038147,0.05127
0.01709,0.0041199,0.058594
0.018311,0.0041199,0.057373
0.019379,0.0038147,0.059814
0.020599,0.0019836,0.056152
0.02121,-0.0033569,0.067139
0.019684,0,0.062256
0.0177,0.0018311,0.063477
0.017242,0.0022888,0.072021
0.018616,0.0028992,0.062256
0.021667,0,0.068359
0.024567,0.00045776,0.062256
0.02594,-0.0010681,0.058594
0.025024,-0.0018311,0.064697
0.024261,-0.0016785,0.067139
0.023193,-0.0010681,0.063477
0.023651,-0.0010681,0.064697
0.027771,-0.0012207,0.061035
0.026245,-0.0028992,0.061035
0.027618,-0.0022888,0.056152
0.026093,-0.0024414,0.057373
0.023499,-0.0013733,0.047607
0.023041,0.00045776,0.053711
0.022583,0.0021362,0.050049
0.024414,0.00061035,0.05127
0.028229,0.0021362,0.045166
0.028229,0.0013733,0.048828
0.03067,0.00015259,0.05249
0.027771,0.0010681,0.045166
0.025024,-0.00061035,0.047607
0.022736,0,0.042725
0.021057,0.00015259,0.045166
0.021515,0.00030518,0.0354
0.020142,-0.00030518,0.042725
0.019684,-0.00045776,0.036621
0.018463,0.00015259,0.042725
0.016937,0.00030518,0.037842
0.016327,0.0016785,0.040283
0.016479,0.0030518,0.036621
0.018463,0.0038147,0.041504
0.021057,0.0021362,0.040283
0.023804,0.00076294,0.043945
0.023956,-0.00061035,0.042725
0.021362,-0.0018311,0.047607
0.018768,-0.0010681,0.062256
0.017242,0.00045776,0.050049
0.016632,0.0016785,0.045166
0.017853,0.0022888,0.056152
0.020599,0.0018311,0.043945
0.02121,0.00091553,0.056152
0.020599,0.00030518,0.062256
0.019836,0.00061035,0.061035
0.019073,0.0018311,0.062256
0.019531,0.0027466,0.058594
0.020294,0.0030518,0.063477
0.020752,0.0022888,0.057373
0.022736,0.00030518,0.059814
0.019989,0.00030518,0.063477
0.016174,0.00030518,0.064697
0.012665,0.0016785,0.063477
0.010223,0.0024414,0.06958
0.0097656,0.002594,0.068359
0.009613,0.0016785,0.068359
0.012207,0.00061035,0.073242
0.012512,-0.00045776,0.065918
0.011749,-0.0012207,0.075684
0.010529,-0.00091553,0.057373
0.009613,0.00045776,0.042725
0.010529,0.00091553,0.056152
0.01236,0.0012207,0.05249
0.014496,0.00015259,0.048828
0.016632,-0.0012207,0.048828
0.016022,-0.0018311,0.046387
0.015869,-0.0016785,0.046387
0.014496,-0.00015259,0.043945
0.014496,0.0012207,0.045166
0.015106,0.002594,0.040283
0.016479,0.0028992,0.040283
0.018463,0.0028992,0.041504
0.018616,0.0028992,0.042725
0.018616,0.002594,0.040283
0.0177,0.0041199,0.041504
0.017242,0.0048828,0.040283
0.017242,0.0050354,0.037842
0.018921,0.0035095,3.4998
0.019379,0.0013733,4.8242
0.019836,-0.00015259,4.8975
0.018005,-0.00091553,4.9048
0.015717,0,4.9097
0.015106,0.00061035,4.9109
0.015106,0.0019836,4.9121
0.016785,0.0024414,4.9121
0.018921,-0.00091553,4.9207
0.020599,-0.0022888,4.917
0.020599,-0.0024414,4.9194
0.019379,-0.0021362,4.9219
0.016632,-0.00076294,4.9304
0.015259,0.00061035,4.9255
0.014496,0.0010681,4.9292
0.015106,0.00076294,4.9365
0.015564,-0.00076294,4.9304
0.015564,-0.0012207,4.9377
0.014648,-0.0010681,4.9329
0.013428,0.00045776,4.9133
0.01297,0.0027466,4.9304
0.014038,0.0047302,4.9353
0.016632,0.0056458,4.9329
0.019379,0.0047302,4.9329
0.020447,0.0035095,4.9341
0.019989,0.0028992,4.9377
0.018463,0.00015259,4.9304
0.016327,0.0036621,4.9365
0.016632,0.0053406,4.928
0.018616,0.005188,4.9341
0.021057,0.0050354,4.9304
0.023956,0.0035095,4.9304
0.025482,0.0016785,4.9304
0.02243,0.00091553,4.9255
0.023956,0.0018311,4.9231
0.022736,0.0036621,4.9194
0.022583,0.0059509,4.9231
0.02243,0.0050354,4.9146
0.023804,0.0028992,4.917
0.022736,0.00030518,4.9133
0.020447,-0.0021362,4.9133
0.017853,-0.0022888,4.8999
0.015259,-0.0021362,4.9109
0.015106,-0.0012207,4.9084
0.016327,0.0016785,4.9146
0.0177,-0.00091553,4.9048
0.019226,-0.0032043,4.9146
0.019073,-0.0056458,4.8999
0.017395,-0.0061035,4.9121
0.016937,-0.0047302,4.9084
0.015411,-0.002594,4.9097
0.01709,-0.00045776,4.9207
0.019379,-0.00076294,4.9146
0.022736,-0.0021362,4.9194
0.024109,-0.0038147,4.9121
0.024719,-0.0061035,4.9036
0.023956,-0.0030518,4.9207
0.024719,-0.00030518,4.9158
0.026245,0.0018311,4.9182
0.028229,0.0022888,4.9268
0.03006,0.00076294,4.9231
0.031738,-0.0015259,4.9255
0.030975,-0.002594,4.928
0.029297,-0.0019836,4.9329
0.027466,0.00045776,4.9292
0.026855,0.0027466,4.9341
0.026398,0.004425,4.9353
0.028534,0.0042725,4.9365
0.029144,0.002594,4.9353
0.029144,-0.00045776,4.9353
0.026855,-0.00076294,4.9329
0.024414,-0.00061035,4.9329
0.022278,0.00045776,4.9438
0.021667,0.0038147,4.9207
0.022278,0.00091553,4.9219
0.022888,-0.00030518,4.9341
0.021515,-0.0022888,4.9329
0.018921,-0.0032043,4.9329
0.01709,-0.0019836,4.9304
0.015106,0,4.9146
0.014954,0.0016785,4.928
0.019379,0.0035095,4.9219
0.023499,0.0012207,4.9219
0.024567,-0.0016785,4.917
0.024567,-0.0048828,4.9268
0.02182,-0.0080872,4.9146
0.020294,-0.0056458,4.9207
0.019836,-0.0038147,4.9292
0.019836,-0.00015259,4.917
0.020905,-0.0016785,4.9121
0.022125,-0.0039673,4.9109
0.022125,-0.0054932,4.8962
0.021362,-0.0062561,4.9097
0.020142,-0.0064087,4.9097
0.020294,-0.0035095,4.8926
0.022125,-0.00061035,4.8999
0.029449,0.00030518,4.9048
0.026093,-0.0016785,4.9109
0.025787,-0.0038147,4.9084
0.024719,-0.0061035,4.9109
0.023499,-0.0068665,4.9133
0.021515,-0.0027466,4.9121
0.020447,-0.00015259,4.917
0.019836,0.0013733,4.9158
0.019836,-0.00061035,4.9207
0.020599,-0.0033569,4.9231
0.019684,-0.0054932,4.9182
0.018005,-0.0050354,4.9292
0.016632,-0.0041199,4.9243
0.016327,-0.0010681,0.059814
0.016937,0.00030518,0.061035
0.017242,-0.00015259,0.061035
0.019379,-0.0021362,0.061035
0.019989,-0.0050354,0.061035
0.019226,-0.007019,0.061035
0.018616,-0.0067139,0.058594
0.017853,-0.0036621,0.062256
0.017853,-0.0015259,0.059814
0.020142,-0.0022888,0.065918
0.020142,-0.0012207,0.063477
0.021362,-0.0022888,0.068359
0.021973,-0.0030518,0.063477
0.022736,-0.0018311,0.062256
0.022888,0.0010681,0.074463
0.023651,0.0030518,0.064697
0.02655,0.0036621,0.070801
0.028534,0.0030518,0.059814
0.030365,0.00091553,0.045166
0.031738,-0.0016785,0.054932
0.03006,-0.0032043,0.050049
0.027924,-0.0035095,0.047607
0.024567,-0.0021362,0.045166
0.02243,-0.0010681,0.045166
0.023956,-0.0015259,0.041504
0.021515,-0.0022888,0.042725
0.021057,-0.0041199,0.047607
0.019836,-0.0056458,0.042725
0.017242,-0.005188,0.045166
0.017548,-0.002594,0.042725
0.018158,-0.00061035,0.042725
0.020142,-0.0021362,0.043945
0.022888,0.00061035,0.041504
0.023651,-0.0010681,0.040283
0.024719,-0.002594,0.040283
0.023956,-0.0030518,0.032959
0.023041,-0.0012207,0.039063
0.022583,0.0013733,0.031738
0.02182,0.0032043,0.036621
0.023193,0.0024414,0.039063
0.024109,0.00061035,0.040283
0.024719,-0.002594,0.045166
0.023651,-0.0045776,0.043945
0.024414,-0.005188,0.05127
0.024109,-0.0018311,0.041504
0.024719,0.00045776,0.05249
0.02594,0.0016785,0.056152
0.027924,0.0013733,0.059814
0.029144,-0.0010681,0.056152
0.029297,-0.0030518,0.063477
0.027618,-0.0038147,0.068359
0.025482,-0.0015259,0.062256
0.023346,0.00045776,0.068359
0.020599,0.0016785,0.064697
0.019379,0.0018311,0.042725
0.018158,0.00015259,0.057373
0.018616,-0.0018311,0.061035
0.018311,-0.0013733,0.063477
0.018463,0.00061035,0.064697
0.020294,0.0035095,0.061035
0.021667,0.0065613,0.068359
0.025024,0.0064087,0.065918
0.027313,0.0048828,0.065918
0.029144,0.0033569,0.061035
0.029297,0.0022888,0.062256
0.029755,0.0032043,0.059814
0.026245,0.0061035,0.053711
0.023804,0.0085449,0.059814
0.023499,0.010834,0.05249
0.023499,0.0083923,0.050049
0.024109,0.0061035,0.047607
0.024109,0.0036621,0.050049
0.023041,0.0039673,0.045166
0.022888,0.0062561,0.042725
0.022125,0.0086975,0.043945
0.021973,0.011292,0.042725
0.022125,0.012207,0.037842
0.023193,0.012207,0.040283
0.024719,0.010529,0.039063
0.024872,0.0097656,0.039063
0.024261,0.010986,0.036621
0.024414,0.01297,0.0354
0.023651,0.014954,0.039063
0.023651,0.014038,0.040283
0.023041,0.012207,0.040283
0.021515,0.0091553,0.041504
0.021515,0.0064087,0.054932
0.020752,0.0071716,0.041504
0.020752,0.0053406,0.054932
0.019836,0.0067139,0.041504
0.018921,0.0080872,0.039063
0.018158,0.0082397,0.047607
0.018005,0.0082397,0.050049
0.018463,0.0062561,0.05127
0.019684,0.0041199,0.054932
0.020142,0.0035095,0.056152
0.019379,0.0042725,0.059814
0.018311,0.0059509,0.058594
0.017242,0.0064087,0.061035
0.014954,0.0053406,0.058594
0.01297,0.0035095,0.063477
0.012665,0.0013733,0.063477
0.01358,0.00091553,0.061035
0.014343,0.0013733,0.062256
0.015106,0.0030518,0.063477
0.016479,0.0028992,0.063477
0.017395,0.0041199,0.065918
0.019836,0.0035095,0.078125
0.021515,0.0015259,0.064697
0.023041,0.0019836,0.054932
0.023956,0.0038147,0.064697
0.024567,0.0057983,0.061035
0.023651,0.0085449,0.058594
0.022888,0.0093079,0.057373
0.022583,0.0079346,0.05249
0.022583,0.0065613,0.05249
0.023193,0.005188,0.047607
0.02243,0.0039673,1.4258
0.022583,0.0045776,4.7131
0.022583,0.004425,4.906
0.020905,0.0047302,4.9133
0.021362,0.0033569,4.9146
0.021362,0.0027466,4.9243
0.021515,0.0028992,4.9146
0.021515,0.0050354,4.9133
0.021362,0.0061035,4.9146
0.020905,0.0071716,4.8914
0.021515,0.0090027,4.9097
0.02121,0.0082397,4.9109
0.02121,0.0074768,4.9121
0.020599,0.0067139,4.9084
0.019531,0.0054932,4.9072
0.020142,0.0053406,4.9109
0.020294,0.0062561,4.9097
0.021057,0.0061035,4.9097
0.02121,0.0054932,4.9097
0.021973,0.0038147,4.917
0.022125,0.0021362,4.9146
0.023193,0.00015259,4.917
0.023804,-0.0039673,4.917
0.022888,0.0015259,4.9207
0.022736,0.0035095,4.9243
0.020447,0.0033569,4.9292
0.018768,0.0039673,4.9377
0.016937,0.0036621,4.928
0.016632,0.0028992,4.9207
0.016479,0.00076294,4.9341
0.01709,0.0032043,4.9304
0.018311,0.0038147,4.9292
0.020599,0.004425,4.9304
0.021515,0.0035095,4.9304
0.022736,0.0010681,4.9365
0.02182,0.00030518,4.928
0.02121,-0.0013733,4.9353
0.020142,-0.0024414,4.9304
0.019226,-0.00015259,4.939
0.017853,0.0016785,4.9329
0.018005,0.00091553,4.9377
0.018005,0.00061035,4.9426
0.018768,-0.0013733,4.9365
0.019379,-0.0019836,4.9292
0.019989,-0.0012207,4.9304
0.020905,-0.00045776,4.928
0.022888,0.00030518,4.9255
0.022583,-0.00015259,4.9194
0.024261,0.00015259,4.9158
0.022125,-0.00061035,4.9207
0.02121,-0.0010681,4.9158
0.020752,-0.0018311,4.9158
0.020599,-0.0012207,4.9133
0.020905,-0.00076294,4.9158
0.021057,0.00015259,4.9109
0.021515,-0.00030518,4.906
0.021667,-0.0019836,4.917
0.022888,-0.0015259,4.9158
0.023193,-0.0012207,4.9084
0.022888,-0.0012207,4.9109
0.023499,-0.0010681,4.9207
0.023193,-0.00091553,4.9121
0.019989,-0.0018311,4.917
0.023041,-0.0030518,4.9109
0.023651,-0.0035095,4.8999
0.023651,-0.005188,4.9084
0.023193,-0.005188,4.9072
0.021973,-0.0053406,4.9133
0.024109,-0.0047302,4.9133
0.023956,-0.0038147,4.9109
0.023346,-0.0033569,4.9182
0.02243,-0.002594,4.9243
0.02182,-0.0018311,4.9268
0.021515,-0.0016785,4.9255
0.022125,-0.0016785,4.9292
0.02182,-0.0019836,4.9268
0.021973,-0.0022888,4.9353
0.02121,-0.0018311,4.9353
0.022736,-0.00045776,4.9353
0.023804,-0.00030518,4.9304
0.024261,0.00015259,4.9329
0.024414,-0.00045776,4.9292
0.025482,-0.00030518,4.9304
0.023804,0.00061035,4.9316
0.023041,0.0016785,4.9292
0.024414,0.0027466,4.9329
0.02243,0.0035095,4.9292
0.022736,0.0038147,4.9365
0.023193,0.0019836,4.9329
0.023041,0.0059509,4.9365
0.022583,0.00076294,4.928
0.02243,-0.00030518,4.9292
0.02243,-0.00061035,4.9255
0.022278,0.00061035,4.9304
0.021667,0.0018311,4.928
0.021515,0.0019836,4.9268
0.021667,0.0013733,4.9304
0.020905,0.00045776,4.9207
0.018921,-0.0022888,4.9329
0.016937,-0.0030518,4.9121
0.015411,-0.0042725,4.9048
0.014038,-0.0045776,4.9133
0.013885,-0.005188,4.9133
0.013428,-0.0056458,4.9072
0.012054,-0.0071716,4.9109
0.012054,-0.0067139,4.9133
0.013275,-0.0059509,4.9109
0.014801,-0.0042725,4.906
0.017395,-0.0019836,4.9121
0.020294,-0.00076294,4.9109
0.023651,0.00061035,0.039063
0.026398,0.00091553,0.041504
0.027618,0.00076294,0.042725
0.028534,0.00015259,0.045166
0.028381,-0.00015259,0.041504
0.028076,0.00061035,0.048828
0.028229,0.0016785,0.043945
0.027771,0.0041199,0.039063
0.026703,0.0062561,0.05127
0.025635,0.0053406,0.05127
0.024872,0.0053406,0.05127
0.024261,0.0045776,0.058594
0.024261,0.0036621,0.057373
0.023956,0.0035095,0.059814
0.024414,0.002594,0.062256
0.023804,0.00076294,0.065918
0.022278,-0.0013733,0.059814
0.019531,-0.0047302,0.064697
0.017853,-0.0074768,0.062256
0.014496,-0.0086975,0.063477
0.012054,-0.0094604,0.062256
0.012665,-0.0088501,0.062256
0.0088501,-0.0082397,0.06958
0.0091553,-0.0086975,0.063477
0.0082397,-0.009613,0.076904
0.009613,-0.011444,0.064697
0.010986,-0.013123,0.056152
0.014343,-0.014343,0.063477
0.017548,-0.015411,0.061035
0.020599,-0.015411,0.054932
0.022736,-0.015564,0.058594
0.024414,-0.015869,0.048828
0.02533,-0.015869,0.054932
0.026245,-0.013733,0.05127
0.025482,-0.011902,0.048828
0.026398,-0.0090027,0.046387
0.025024,-0.0068665,0.05127
0.02533,-0.005188,0.045166
0.025177,-0.0050354,0.045166
0.024414,-0.0054932,0.053711
0.023651,-0.0059509,0.042725
0.022125,-0.0061035,0.040283
0.020752,-0.0050354,0.039063
0.020142,-0.0022888,0.023193
0.018616,-0.00045776,0.0354
0.017853,0.0013733,0.039063
0.016632,0.0013733,0.037842
0.015564,0.0018311,0.041504
0.014191,0.0024414,0.036621
0.013275,0.0028992,0.041504
0.013123,0.0039673,0.037842
0.012665,0.004425,0.041504
0.010529,0.004425,0.024414
0.011292,0.0036621,0.045166
0.0093079,0.0050354,0.043945
0.0085449,0.0050354,0.050049
0.0076294,0.0067139,0.05127
0.0059509,0.0082397,0.05249
0.010376,0.0088501,0.057373
0.011444,0.0094604,0.058594
0.01358,0.010223,0.070801
0.015717,0.011902,0.061035
0.018463,0.016174,0.047607
0.023346,0.020905,0.058594
0.027466,0.025177,0.058594
0.032196,0.029449,0.062256
0.037537,0.031128,0.061035
0.038452,0.030212,0.058594
0.041504,0.027771,0.062256
0.042725,0.024872,0.061035
0.042877,0.021515,0.065918
0.042419,0.018921,0.062256
0.03952,0.013733,0.065918
0.036011,0.0083923,0.064697
0.030365,0.0048828,0.061035
0.021667,-0.00076294,0.072021
0.016632,-0.0027466,0.061035
0.010223,-0.0030518,0.058594
0.0039673,-0.0035095,0.053711
-0.00076294,-0.0047302,0.050049
-0.0024414,-0.0088501,0.05127
-0.0038147,-0.014496,0.050049
-0.0048828,-0.022888,0.046387
-0.0042725,-0.024567,0.050049
-0.0033569,-0.026855,0.043945
-0.00061035,-0.025635,0.046387
0.0041199,-0.02182,0.041504
0.0073242,-0.015869,0.047607
0.01297,-0.010223,0.039063
0.018921,-0.0016785,0.042725
0.025635,0.0064087,0.043945
0.033417,0.015564,0.042725
0.04303,0.02182,0.037842
0.052795,0.021667,0.041504
0.059509,0.024261,0.05127
0.064697,0.018463,0.040283
0.066986,0.013733,0.048828
0.06424,0.0083923,0.039063
0.058746,0.0039673,0.028076
0.051727,0.0012207,0.037842
0.045166,-0.00015259,0.041504
0.038605,0.0010681,0.042725
0.032806,0.0010681,0.046387
0.029907,0.0022888,0.042725
0.026703,0.0048828,0.05127
0.029144,0.0068665,0.046387
0.030212,0.0083923,0.056152
0.032196,0.009613,0.056152
0.033417,0.0093079,0.062256
0.032959,0.007782,0.061035
0.03006,0.005188,0.061035
0.025024,0.0018311,0.074463
0.021973,-0.0016785,0.062256
0.016174,-0.0053406,0.056152
0.013733,-0.0079346,0.062256
0.01297,-0.011292,0.067139
0.016785,-0.014801,0.061035
0.015411,-0.018158,3.9819
0.018311,-0.019684,4.8718
0.020142,-0.020447,4.9243
0.026093,-0.016785,4.9304
0.03006,-0.013733,4.9414
0.033417,-0.0099182,4.9341
0.034485,-0.0061035,4.9329
0.036621,-0.0039673,4.9268
0.0383,-0.00045776,4.9304
0.039063,0.0054932,4.9207
0.042267,0.0074768,4.9097
0.042114,0.0094604,4.9207
0.044861,0.0094604,4.9255
0.046692,0.007782,4.9304
0.044861,0.004425,4.9207
0.042725,-0.00015259,4.9243
0.037537,-0.0036621,4.917
0.033417,-0.0079346,4.9036
0.028534,-0.0086975,4.9146
0.023804,-0.0085449,4.9121
0.021057,-0.0073242,4.9048
0.018005,-0.0045776,4.9084
0.016632,-0.00076294,4.9084
0.014801,0.0033569,4.9097
0.01358,0.0065613,4.9072
0.012665,0.012665,4.9011
0.011292,0.016479,4.9084
0.009613,0.019836,4.9121
0.0074768,0.023499,4.9109
0.0065613,0.02121,4.9146
0.005188,0.019531,4.9097
0.0027466,0.018463,4.9194
0.0057983,0.016632,4.9133
0.007782,0.015717,4.9146
0.0082397,0.014801,4.9231
0.0094604,0.013275,4.9207
0.0099182,0.010834,4.9158
0.0086975,0.0064087,4.9219
0.0088501,0.002594,4.9255
0.0094604,-0.0010681,4.9304
0.011902,-0.0010681,4.9255
0.013733,-0.0015259,4.928
0.016022,-0.00061035,4.9304
0.018005,0.00045776,4.9304
0.019989,0.00045776,4.9341
0.020599,0.0022888,4.9292
0.020447,0.0042725,4.9353
0.020599,0.0061035,4.9304
0.017853,0.007019,4.9353
0.014343,0.0057983,4.9475
0.0094604,0.0045776,4.939
0.004425,0.0019836,4.9377
0.0010681,0,4.9402
0,-0.00015259,4.9146
0.0012207,-0.00076294,4.928
0.0064087,0.00030518,4.9304
0.011749,0.0010681,4.9292
0.016937,0.0028992,4.9048
0.021667,0.0035095,4.9194
0.023346,0.005188,4.9231
0.025482,0.007019,4.9207
0.026093,0.0064087,4.9207
0.026398,0.0079346,4.917
0.025635,0.0083923,4.9072
0.022278,0.0082397,4.9194
0.021057,0.0071716,4.917
0.018768,0.0080872,4.9146
0.0177,0.007782,4.9146
0.019684,0.0082397,4.9133
0.02243,0.0091553,4.9146
0.025635,0.0099182,4.9109
0.028687,0.010223,4.9084
0.031128,0.0099182,4.9084
0.031738,0.007782,4.9109
0.03067,0.0039673,4.9072
0.028839,-0.0010681,4.906
0.027618,-0.0067139,4.9084
0.025787,-0.012665,4.9072
0.023193,-0.017395,4.9109
0.020142,-0.020752,4.9084
0.016022,-0.022583,4.917
0.013123,-0.024109,4.9158
0.010529,-0.023956,4.9194
0.010071,-0.02121,4.9207
0.010986,-0.019226,4.9268
0.013733,-0.014954,4.9329
0.0177,-0.011902,4.9268
0.022583,-0.0088501,4.9377
0.026398,-0.0064087,4.9316
0.03006,-0.004425,4.9219
0.033264,-0.0030518,4.9329
0.035858,-0.0015259,4.9304
0.039063,-0.00015259,4.928
0.041046,0.0012207,4.9304
0.04303,0.0027466,4.928
0.042419,0.0032043,4.9329
0.040588,0.0053406,4.9329
0.037537,0.0074768,4.9353
0.036011,0.010071,4.9341
0.035248,0.011139,4.939
0.035706,0.013123,4.9377
0.036621,0.013885,4.9377
0.037384,0.015106,4.9377
0.036621,0.016022,4.9341
0.034637,0.018005,4.9329
0.032043,0.02121,4.9292
0.03067,0.023041,4.9304
0.028687,0.024567,4.9255
0.027618,0.024414,4.9207
0.02655,0.022125,4.9207
0.02655,0.019531,0.046387
0.023499,0.016785,0.047607
0.022278,0.014343,0.043945
0.021057,0.01297,0.042725
0.02121,0.011139,0.043945
0.02121,0.011749,0.041504
0.020447,0.010529,0.042725
0.019684,0.0090027,0.039063
0.017395,0.0079346,0.042725
0.014648,0.0076294,0.039063
0.011749,0.0085449,0.039063
0.010071,0.0091553,0.054932
0.0085449,0.0093079,0.041504
0.0080872,0.007782,0.05127
0.007019,0.005188,0.041504
0.007019,0.0021362,0.025635
0.0062561,-0.0012207,0.037842
0.0061035,-0.0027466,0.042725
0.007019,-0.0039673,0.042725
0.0074768,-0.0038147,0.046387
0.0086975,-0.0035095,0.043945
0.010834,-0.0042725,0.05127
0.011139,-0.0032043,0.05127
0.013733,-0.0047302,0.058594
0.01358,-0.0047302,0.057373
0.013275,-0.0016785,0.063477
0.01358,-0.0030518,0.061035
0.01358,-0.0013733,0.063477
0.013885,0.00015259,0.074463
0.014038,0.0047302,0.058594
0.013885,0,0.058594
0.014343,0.00015259,0.063477
0.015106,0.00076294,0.065918
0.017395,0.0016785,0.062256
0.020447,0.0033569,0.059814
0.023651,0.0042725,0.063477
0.026703,0.0028992,0.063477
0.028229,0.0041199,0.062256
0.027771,0.0021362,0.068359
0.027008,0.00061035,0.061035
0.02533,-0.0018311,0.063477
0.023041,-0.0016785,0.057373
0.019379,-0.0024414,0.059814
0.018616,-0.00076294,0.054932
0.016785,-0.0016785,0.054932
0.015411,-0.0021362,0.05249
0.014954,-0.0042725,0.05249
0.015869,-0.0057983,0.058594
0.018616,-0.0074768,0.047607
0.019989,-0.0068665,0.061035
0.022125,-0.0064087,0.042725
0.023651,-0.0061035,0.0354
0.019379,-0.0059509,0.041504
0.022278,-0.0074768,0.040283
0.021667,-0.0085449,0.041504
0.020142,-0.0062561,0.037842
0.02121,-0.0091553,0.036621
0.021515,-0.0079346,0.039063
0.022736,-0.0056458,0.036621
0.025024,-0.0042725,0.042725
0.026245,-0.0048828,0.036621
0.028381,-0.0054932,0.041504
0.031586,-0.0062561,0.041504
0.034027,-0.0064087,0.041504
0.034943,-0.005188,0.041504
0.034485,-0.0032043,0.042725
0.032959,0.00030518,0.045166
0.029907,-0.0013733,0.046387
0.027466,-0.0016785,0.050049
0.024872,-0.0027466,0.050049
0.023499,-0.0016785,0.057373
0.021973,-0.00030518,0.05249
0.021515,0.0028992,0.058594
0.021515,0.0059509,0.056152
0.02121,0.009613,0.062256
0.021515,0.0088501,0.059814
0.022736,0.0091553,0.063477
0.022125,0.0083923,0.062256
0.02594,0.0094604,0.062256
0.02594,0.011444,0.059814
0.025635,0.011139,0.063477
0.023193,0.0091553,0.059814
0.020447,0.007019,0.062256
0.018768,0.0038147,0.076904
0.017548,0.0033569,0.068359
0.020142,0.00045776,0.067139
0.016937,-0.00061035,0.068359
0.016937,-0.0015259,0.046387
0.016174,-0.0039673,0.058594
0.016174,-0.0056458,0.057373
0.018616,-0.0086975,0.056152
0.021057,-0.010223,0.050049
0.025787,-0.010223,0.048828
0.029297,-0.0088501,0.053711
0.032349,-0.0080872,0.046387
0.033875,-0.0083923,0.048828
0.034332,-0.0086975,0.041504
0.03418,-0.0094604,0.047607
0.033569,-0.010223,0.045166
0.032654,-0.0093079,0.043945
0.032959,-0.0083923,0.045166
0.033264,-0.0071716,0.043945
0.031433,-0.0053406,0.043945
0.030975,-0.0022888,0.041504
0.030365,-0.0080872,0.037842
0.030212,-0.0082397,0.037842
0.030975,-0.0083923,0.025635
0.031738,-0.0085449,0.039063
0.031891,-0.0056458,0.039063
0.031738,-0.0035095,0.037842
0.029297,-0.0018311,0.037842
0.02655,0.00015259,0.037842
0.024719,0.0010681,0.042725
0.022583,0.0013733,0.042725
0.020599,0.0018311,0.05127
0.019073,0.0035095,0.043945
0.0177,0.0042725,0.050049
0.016174,0.0059509,4.303
0.014496,0.0073242,4.884
0.018005,0.0061035,4.9072
0.017395,0.0054932,4.9329
0.019989,0.0042725,4.9316
0.021667,0.0032043,4.9292
0.022736,0.0028992,4.9255
0.023193,0.0024414,4.9316
0.02243,0.0018311,4.9292
0.022125,0.00076294,4.9329
0.021515,-0.00061035,4.9304
0.019226,-0.002594,4.928
0.017395,-0.0041199,4.9304
0.016327,-0.0047302,4.9329
0.015259,-0.005188,4.9377
0.015259,-0.0036621,4.9365
0.014801,-0.0024414,4.9365
0.014496,-0.0019836,4.9304
0.014343,-0.0021362,4.9353
0.014191,-0.0028992,4.9304
0.013275,-0.0035095,4.9329
0.014648,-0.0033569,4.9365
0.014496,-0.0028992,4.9255
0.014496,-0.0047302,4.9316
0.015259,-0.0015259,4.9243
0.014343,-0.0019836,4.9109
0.014496,-0.0013733,4.9182
0.015717,0.0013733,4.9207
0.016479,0.0027466,4.9231
0.017548,0.0067139,4.9109
0.017853,0.0093079,4.9146
0.019073,0.010376,4.9072
0.020599,0.011444,4.9133
0.021515,0.011902,4.906
0.023499,0.010986,4.9097
0.024261,0.010834,4.917
0.025024,0.010529,4.9109
0.026093,0.010529,4.9121
0.027008,0.0093079,4.9194
0.028381,0.0074768,4.9121
0.028839,0.0056458,4.9084
0.029144,0.0036621,4.9097
0.028534,0.0027466,4.8975
0.027924,0.0018311,4.9011
0.026398,0.0010681,4.9146
0.025177,-0.00030518,4.9146
0.023956,-0.0016785,4.9158
0.023193,-0.0032043,4.9158
0.022736,-0.005188,4.9158
0.023346,-0.0062561,4.9207
0.023956,-0.0057983,4.9255
0.024872,-0.0062561,4.9255
0.02533,-0.0050354,4.9292
0.025635,-0.0032043,4.928
0.027008,-0.0010681,4.9231
0.026703,-0.00045776,4.9329
0.02655,-0.00061035,4.9304
0.029144,0.00030518,4.9329
0.029297,0.0015259,4.9341
0.029602,0.0032043,4.9426
0.029449,0.005188,4.9329
0.029907,0.0064087,4.9219
0.029449,0.0061035,4.9341
0.029449,0.0048828,4.9304
0.030212,0.0038147,4.9341
0.029449,0.0033569,4.939
0.028229,0.0038147,4.9365
0.027008,0.0042725,4.9329
0.023804,0.0050354,4.928
0.024719,0.005188,4.9316
0.023651,0.0042725,4.9243
0.023499,0.0038147,4.9255
0.024109,0.0019836,4.9231
0.023346,0.0047302,4.9243
0.023804,0.0062561,4.9231
0.023193,0.0076294,4.9207
0.023346,0.0082397,4.9158
0.023499,0.0074768,4.9182
0.023651,0.0050354,4.906
0.023804,0.0028992,4.9146
0.023041,0.0016785,4.9121
0.021667,0.0016785,4.9097
0.020142,0.0035095,4.9133
0.018616,0.0039673,4.9133
0.018005,0.0045776,4.9084
0.018005,0.0041199,4.9072
0.018311,0.0013733,4.9109
0.019073,0.005188,4.906
0.019989,0.0053406,4.9121
0.021667,0.0074768,4.9109
0.022583,0.0076294,4.9158
0.023041,0.0085449,4.9109
0.023804,0.0068665,4.9158
0.024719,0.0067139,4.9158
0.025024,0.0050354,4.9182
0.025177,0.0050354,4.928
0.02533,0.0053406,4.9243
0.026093,0.0053406,4.9133
0.024567,0.0045776,4.9255
0.024109,0.0036621,4.9243
0.024567,0.002594,4.9304
0.025635,0.0030518,4.928
0.02655,0.002594,4.928
0.027313,0.002594,4.9402
0.027466,0.0033569,4.9316
0.027466,0.0054932,4.9329
0.02655,0.0056458,4.9292
0.025024,0.0053406,4.9353
0.024719,0.0042725,4.9316
0.023346,0.0042725,4.9353
0.022888,0.0039673,4.9475
0.023346,0.0054932,0.068359
0.024261,0.0064087,0.064697
0.024872,0.007019,0.063477
0.025177,0.007019,0.053711
0.02594,0.0059509,0.059814
0.024872,0.005188,0.059814
0.027924,0.0047302,0.057373
0.028534,0.0053406,0.056152
0.028229,0.0056458,0.05249
0.027161,0.0073242,0.053711
0.026398,0.0073242,0.047607
0.024719,0.004425,0.05249
0.023499,0.0022888,0.043945
0.023804,-0.00091553,0.047607
0.023041,-0.00091553,0.042725
0.022736,-0.00061035,0.045166
0.02182,0.00045776,0.043945
0.019531,-0.0010681,0.042725
0.018158,-0.0024414,0.048828
0.017395,-0.0038147,0.041504
0.017395,-0.0076294,0.050049
0.017242,-0.0053406,0.036621
0.018158,-0.0036621,0.037842
0.018463,-0.0021362,0.040283
0.018768,0,0.037842
0.018158,-0.00030518,0.037842
0.0177,-0.0021362,0.040283
0.017548,-0.0045776,0.039063
0.017853,-0.0061035,0.042725
0.018616,-0.0036621,0.041504
0.018158,-0.0033569,0.046387
0.02121,-0.0016785,0.045166
0.018311,-0.0010681,0.05127
0.018005,-0.0018311,0.05249
0.018311,-0.0033569,0.058594
0.019836,-0.0022888,0.068359
0.021362,-0.00015259,0.061035
0.022736,0.0035095,0.064697
0.02594,0.0053406,0.059814
0.025177,0.0056458,0.059814
0.02594,0.004425,0.062256
0.026245,0.0018311,0.061035
0.025787,0.00045776,0.059814
0.026398,0.00091553,0.062256
0.027466,0.0016785,0.061035
0.027618,0.0035095,0.064697
0.027008,0.004425,0.059814
0.025787,0.0022888,0.06958
0.025177,0.0022888,0.063477
0.024109,-0.00030518,0.065918
0.023956,-0.00091553,0.065918
0.023499,-0.00015259,0.065918
0.023956,0.0012207,0.058594
0.024872,0.0022888,0.061035
0.021973,0.002594,0.063477
0.020905,0.00076294,0.053711
0.019836,-0.0015259,0.063477
0.021362,-0.0035095,0.05127
0.021667,-0.002594,0.040283
0.02182,-0.0013733,0.045166
0.021973,0.00045776,0.046387
0.02121,0.00076294,0.045166
0.019684,0.00045776,0.042725
0.019073,-0.0012207,0.041504
0.018768,-0.00076294,0.046387
0.018921,-0.0048828,0.039063
0.019989,-0.0035095,0.040283
0.020752,-0.0027466,0.042725
0.019684,-0.0015259,0.041504
0.021362,-0.0012207,0.039063
0.020752,-0.0021362,0.041504
0.019836,-0.0039673,0.048828
0.018005,-0.0050354,0.039063
0.018005,-0.0035095,0.039063
0.017242,-0.0019836,0.042725
0.016327,0.0024414,0.028076
0.015869,0.0016785,0.040283
0.015717,0.0015259,0.036621
0.016327,0.00015259,0.046387
0.018005,0,0.047607
0.020294,-0.00030518,0.047607
0.022125,0.0015259,0.053711
0.023956,0.0035095,0.056152
0.024567,0.0068665,0.058594
0.024719,0.004425,0.053711
0.024109,0.0019836,0.062256
0.023651,-0.00045776,0.059814
0.023193,-0.0019836,0.061035
0.023193,-0.0038147,0.061035
0.02182,-0.0024414,0.063477
0.022736,-0.00091553,0.067139
0.02182,-0.0021362,0.062256
0.021973,-0.0042725,0.073242
0.02243,-0.0065613,0.062256
0.023346,-0.0085449,0.05127
0.023651,-0.007782,0.067139
0.023499,-0.0059509,0.062256
0.022888,-0.0039673,0.062256
0.022736,-0.0021362,0.064697
0.021973,-0.0027466,0.062256
0.020905,-0.0053406,0.061035
0.020294,-0.0062561,0.058594
0.020599,-0.0056458,0.058594
0.021515,-0.0050354,0.047607
0.022125,-0.0021362,0.053711
0.02243,0.00076294,0.053711
0.021667,0.0013733,0.048828
0.022583,0.0010681,0.047607
0.022736,0.00045776,0.050049
0.024109,-0.00076294,0.037842
0.024414,-0.00030518,0.046387
0.025787,0.0015259,0.042725
0.026245,0.0035095,0.042725
0.025177,0.0038147,0.041504
0.024872,0.0035095,0.03418
0.024872,0.0024414,0.041504
0.024261,0.0013733,4.1052
0.024872,0.0016785,4.8547
0.02533,0.0019836,4.9011
0.024719,0.0022888,4.9084
0.023346,0.005188,4.9072
0.021667,0.0054932,4.9109
0.019836,0.0045776,4.9097
0.019836,0.0039673,4.9121
0.019531,0.0028992,4.9109
0.020599,0.0039673,4.917
0.020599,0.0057983,4.9292
0.019836,0.0083923,4.9182
0.018463,0.010529,4.9255
0.018463,0.010834,4.9231
0.018311,0.011139,4.9097
0.019531,0.0090027,4.9243
0.020447,0.0090027,4.9268
0.020142,0.007782,4.9316
0.019226,0.007019,4.928
0.017242,0.0054932,4.928
0.016174,0.0024414,4.9341
0.015411,-0.00045776,4.9316
0.015259,-0.0036621,4.9316
0.014496,-0.0057983,4.9268
0.014038,-0.0065613,4.9329
0.013123,-0.0068665,4.9316
0.011292,-0.0068665,4.9316
0.010071,-0.0073242,4.9402
0.010681,-0.0076294,4.9377
0.010986,-0.0076294,4.9353
0.012665,-0.0073242,4.9365
0.014954,-0.0064087,4.9451
0.016937,-0.0056458,4.9304
0.018768,-0.0041199,4.9426
0.018311,-0.0027466,4.9268
0.0177,-0.0022888,4.9231
0.018616,-0.0013733,4.9207
0.019379,-0.0012207,4.9219
0.020447,-0.00030518,4.9182
0.022125,0.00030518,4.917
0.023346,0.0027466,4.9146
0.023499,0.0039673,4.9182
0.023041,0.0048828,4.9109
0.023804,0.005188,4.9182
0.024872,0.0048828,4.9133
0.028076,0.0041199,4.9146
0.029297,0.0039673,4.9231
0.030823,0.004425,4.9048
0.026855,0.0038147,4.9182
0.02594,0.0053406,4.906
0.023041,0.0053406,4.8999
0.02121,0.0053406,4.9121
0.019379,0.0073242,4.9109
0.022736,0.0056458,4.9072
0.023499,0.0068665,4.9097
0.023499,0.0091553,4.9109
0.023041,0.010834,4.9121
0.02243,0.012665,4.9109
0.023804,0.014954,4.9207
0.026703,0.01709,4.9182
0.030365,0.018311,4.9243
0.033112,0.017853,4.9268
0.033264,0.017242,4.928
0.031128,0.014496,4.9292
0.027008,0.011902,4.9304
0.023499,0.0086975,4.928
0.02121,0.0053406,4.9316
0.018921,0.0022888,4.9402
0.016632,-0.0012207,4.9207
0.013733,-0.0035095,4.9207
0.012207,-0.0045776,4.928
0.010376,-0.0050354,4.9292
0.0091553,-0.0057983,4.9292
0.0094604,-0.0080872,4.9353
0.010376,-0.011597,4.9316
0.012665,-0.014801,4.9353
0.013885,-0.016327,4.9365
0.014496,-0.017395,4.9353
0.015259,-0.016632,4.9353
0.011597,-0.015717,4.9377
0.009613,-0.015259,4.9304
0.010071,-0.014038,4.9316
0.012512,-0.011292,4.939
0.017548,-0.0086975,4.928
0.022125,-0.0036621,4.9243
0.026398,0.0015259,4.9255
0.032196,0.0065613,4.8999
0.037842,0.0099182,4.917
0.043945,0.012054,4.9146
0.046539,0.012512,4.9194
0.054169,0.011597,4.9158
0.055695,0.010681,4.9109
0.052948,0.0099182,4.9133
0.046234,0.0068665,4.9109
0.03891,0.0036621,4.9121
0.030975,0.00076294,4.9072
0.024872,-0.00061035,4.9146
0.019684,-0.0016785,4.9109
0.019989,-0.00091553,4.9146
0.018158,0.00045776,4.9097
0.019226,0.0032043,4.9072
0.018005,0.0042725,4.9097
0.019989,0.0064087,4.9133
0.023041,0.0080872,4.9084
0.027161,0.0080872,4.9133
0.03006,0.0057983,4.9023
0.031281,0.0030518,4.9182
0.031281,-0.00076294,4.9182
0.028534,-0.0056458,4.9158
0.025177,-0.0085449,4.9243
0.022888,-0.0091553,0.05249
0.023346,-0.0083923,0.059814
0.023956,-0.0074768,0.056152
0.027161,-0.0062561,0.063477
0.029755,-0.005188,0.057373
0.031433,-0.0042725,0.065918
0.032043,-0.0024414,0.061035
0.033264,0,0.064697
0.035095,0.00091553,0.067139
0.037079,0.0032043,0.063477
0.037689,0.0022888,0.06958
0.036163,0.0010681,0.062256
0.032654,0.00076294,0.056152
0.026703,0.00015259,0.063477
0.02182,0.00030518,0.067139
0.018616,0.0016785,0.065918
0.016327,0.0015259,0.063477
0.017853,0.00045776,0.061035
0.018005,-0.0015259,0.058594
0.017853,-0.0022888,0.054932
0.018616,-0.0047302,0.059814
0.016937,-0.0057983,0.050049
0.016479,-0.007019,0.047607
0.016632,-0.0059509,0.05249
0.017242,-0.0038147,0.05127
0.017853,-0.0035095,0.046387
0.016174,-0.0015259,0.048828
0.012665,-0.0028992,0.045166
0.0099182,0.0032043,0.043945
0.0082397,0.0057983,0.041504
0.010376,0.0082397,0.042725
0.013885,0.0091553,0.041504
0.019073,0.0080872,0.03418
0.023499,0.0053406,0.039063
0.02594,0.0030518,0.039063
0.02655,0.0012207,0.037842
0.026398,0.00045776,0.039063
0.026093,0.0016785,0.041504
0.026093,0.00015259,0.037842
0.025787,0.00076294,0.041504
0.025635,-0.0018311,0.037842
0.023651,-0.00076294,0.042725
0.020294,-0.0039673,0.043945
0.017853,-0.002594,0.046387
0.017395,-0.00030518,0.062256
0.018768,0.0021362,0.05249
0.02121,0.0030518,0.062256
0.024567,0.0015259,0.057373
0.02594,-0.00015259,0.037842
0.024872,-0.00061035,0.057373
0.023346,-0.00045776,0.061035
0.020599,0.0010681,0.061035
0.018005,0.002594,0.061035
0.016174,0.0039673,0.062256
0.016022,0.0033569,0.062256
0.016479,0.0027466,0.061035
0.015259,0.0036621,0.063477
0.018158,0.0054932,0.061035
0.017548,0.0090027,0.065918
0.020447,0.011292,0.063477
0.024719,0.012512,0.065918
0.030518,0.011597,0.074463
0.034485,0.0099182,0.06958
0.037537,0.0068665,0.067139
0.037384,0.0065613,0.064697
0.036469,0.004425,0.074463
0.033112,0.0057983,0.057373
0.031586,0.007782,0.039063
0.031281,0.0091553,0.05249
0.031281,0.0093079,0.05249
0.030365,0.0083923,0.050049
0.028839,0.0079346,0.050049
0.025482,0.0079346,0.046387
0.022278,0.0064087,0.043945
0.020599,0.0094604,0.042725
0.020142,0.0085449,0.045166
0.020447,0.0050354,0.042725
0.019989,0.00045776,0.045166
0.017548,-0.0038147,0.043945
0.012207,-0.0074768,0.042725
0.0079346,-0.0099182,0.047607
0.0047302,-0.011597,0.040283
0.0013733,-0.01297,0.050049
0.0033569,-0.014954,0.039063
0.0057983,-0.016479,0.029297
0.0076294,-0.018463,0.036621
0.0097656,-0.019379,0.042725
0.010834,-0.016479,0.037842
0.01236,-0.013275,0.041504
0.016022,-0.0099182,0.041504
0.02121,-0.0090027,0.042725
0.027008,-0.007019,0.042725
0.031891,-0.0067139,0.05127
0.033875,-0.0064087,0.048828
0.033417,-0.005188,0.053711
0.032501,-0.002594,0.056152
0.031128,-0.00076294,0.057373
0.032196,0.0010681,0.048828
0.034332,0.002594,0.063477
0.035858,0.0032043,0.059814
0.036774,0.004425,0.062256
0.036163,0.0062561,0.06958
0.036469,0.0094604,0.061035
0.034332,0.012817,0.048828
0.034332,0.015564,0.058594
0.035553,0.016937,0.061035
0.035858,0.016785,0.063477
0.035248,0.015717,0.061035
0.032349,0.014343,0.063477
0.028381,0.014648,0.068359
0.024109,0.015106,0.063477
0.021057,0.015411,0.064697
0.019836,0.014648,0.058594
0.019379,0.01236,0.062256
0.019989,0.009613,0.053711
0.020294,0.0068665,0.057373
0.019684,0.0048828,0.067139
0.017853,0.0045776,3.9709
0.016174,0.0045776,4.8535
0.015869,0.004425,4.9109
0.016479,0.0032043,4.9048
0.016937,0.0013733,4.9158
0.01709,-0.00045776,4.9133
0.016022,-0.0018311,4.9133
0.013275,-0.0013733,4.9146
0.010681,0.0019836,4.9097
0.010681,0.0032043,4.9109
0.011444,0.0028992,4.9109
0.014191,0.0018311,4.9084
0.016174,0.0012207,4.9036
0.016632,-0.00030518,4.9146
0.016937,-0.00091553,4.9084
0.014954,0.00045776,4.9121
0.014648,0.0024414,4.9097
0.015259,0.0038147,4.9133
0.016937,0.002594,4.9182
0.018158,0.00030518,4.9121
0.017548,-0.0022888,4.9207
0.015564,-0.0039673,4.9146
0.01358,-0.0032043,4.9109
0.010986,0,4.917
0.010681,0.0024414,4.9194
0.010834,0.0038147,4.9219
0.012817,0.002594,4.9255
0.015564,-0.00061035,4.9292
0.016327,-0.0030518,4.9304
0.016785,-0.0042725,4.928
0.016785,-0.0022888,4.9353
0.018005,-0.00061035,4.9292
0.020294,0.00091553,4.9316
0.021515,-0.00061035,4.9304
0.022888,-0.002594,4.9341
0.023041,-0.0053406,4.9353
0.020447,-0.0062561,4.9341
0.017548,-0.0056458,4.9316
0.015869,-0.0027466,4.9365
0.016937,-0.00015259,4.9402
0.020447,0.0010681,4.939
0.020905,-0.00061035,4.9316
0.022888,-0.0042725,4.9292
0.024261,-0.0068665,4.9304
0.024719,-0.0090027,4.9329
0.024414,-0.0056458,4.9292
0.025482,-0.0032043,4.9207
0.02655,-0.0042725,4.9255
0.029144,-0.0033569,4.9182
0.029907,-0.0057983,4.9231
0.029602,-0.0065613,4.9207
0.027618,-0.0062561,4.9231
0.027161,-0.0021362,4.917
0.026703,0.0018311,4.9158
0.028229,0.0033569,4.9329
0.029297,0.0038147,4.9133
0.031891,0.0018311,4.9207
0.031586,-0.00030518,4.9109
0.030212,-0.0028992,4.895
0.027618,0.00045776,4.9084
0.024414,0.0035095,4.9121
0.023499,0.0042725,4.9109
0.02243,0.0039673,4.9109
0.023346,0.00015259,4.9072
0.023499,-0.002594,4.9133
0.02243,-0.0036621,4.9097
0.020294,-0.0013733,4.9121
0.018616,0.00061035,4.9109
0.018158,0.0039673,4.9182
0.018921,0.0047302,4.9146
0.019684,0.004425,4.9036
0.019989,0.0021362,4.9304
0.019073,0,4.9219
0.016327,-0.0018311,4.9231
0.01358,0.00076294,4.928
0.010834,0.0028992,4.9182
0.011139,0.0033569,4.9304
0.01297,0.0039673,4.9133
0.01358,0.0010681,4.9304
0.014038,-0.0019836,4.9316
0.014038,-0.0028992,4.9255
0.014343,-0.0022888,4.9329
0.012054,0.00091553,4.9341
0.012512,0.0033569,4.9341
0.011902,0.004425,4.9304
0.017395,0.00061035,4.9365
0.018616,-0.0030518,4.9292
0.018921,-0.0064087,4.939
0.023346,-0.0085449,4.9353
0.018921,-0.0067139,4.9414
0.019226,-0.0050354,4.9414
0.021057,-0.0039673,4.939
0.023651,-0.004425,4.9402
0.025482,-0.0057983,4.928
0.026398,-0.0074768,4.9158
0.02533,-0.0086975,4.9207
0.024872,-0.0085449,4.9219
0.023956,-0.007782,4.9121
0.024109,-0.0064087,4.9231
0.024719,-0.0061035,4.9146
0.025635,-0.007019,4.917
0.025787,-0.0076294,4.9121
0.025635,-0.0083923,4.906
0.023193,-0.0073242,4.9121
0.023499,-0.0032043,4.9133
0.022888,0.00045776,4.9146
0.023956,0.0035095,4.9146
0.025787,0.0038147,4.9133
0.028381,0.0024414,4.9109
0.029907,0.0016785,4.9109
0.031433,0.0019836,0.041504
0.031433,0.0035095,0.03418
0.032043,0.0056458,0.039063
0.032043,0.0076294,0.037842
0.032654,0.0064087,0.041504
0.032806,0.0042725,0.042725
0.031586,0.00061035,0.042725
0.029144,-0.0018311,0.043945
0.024567,-0.0021362,0.043945
0.021515,-0.00061035,0.05249
0.018921,0.0013733,0.05127
0.018005,0.0022888,0.053711
0.0177,0.00061035,0.059814
0.018158,-0.0019836,0.059814
0.017242,-0.0035095,0.058594
0.013885,-0.0047302,0.063477
0.010986,-0.0027466,0.067139
0.0079346,-0.00076294,0.062256
0.0071716,-0.00015259,0.070801
0.0074768,-0.0015259,0.062256
0.0074768,-0.0038147,0.043945
0.007019,-0.0068665,0.058594
0.0059509,-0.0080872,0.059814
0.0050354,-0.0076294,0.064697
0.0053406,-0.0054932,0.067139
0.0071716,-0.0027466,0.063477
0.0099182,-0.0010681,0.067139
0.014496,-0.0012207,0.067139
0.0177,-0.0015259,0.067139
0.019989,-0.0019836,0.058594
0.021973,-0.0010681,0.068359
0.021667,0.0013733,0.058594
0.021973,0.0047302,0.056152
0.022736,0.0041199,0.064697
0.023499,0.0074768,0.05249
0.024261,0.0061035,0.046387
0.025024,0.0042725,0.050049
0.024872,0.0041199,0.03418
0.024567,0.0053406,0.043945
0.024261,0.0074768,0.046387
0.025177,0.0083923,0.040283
0.026398,0.007782,0.039063
0.027924,0.0039673,0.041504
0.027618,0,0.041504
0.027313,-0.0030518,0.037842
0.026093,-0.005188,0.039063
0.023041,-0.0030518,0.036621
0.022125,-0.0013733,0.042725
0.020599,-0.0013733,0.041504
0.020294,-0.0018311,0.040283
0.020905,-0.0036621,0.039063
0.021362,-0.0054932,0.040283
0.023346,-0.0041199,0.046387
0.025177,-0.0022888,0.042725
0.027161,0.00045776,0.057373
0.030365,0.0021362,0.043945
0.032654,0.0018311,0.036621
0.034943,0.00045776,0.050049
0.036774,-0.00061035,0.047607
0.037384,-0.0012207,0.053711
0.037994,-0.00015259,0.056152
0.036011,0.0019836,0.054932
0.03479,0.0039673,0.048828
0.032196,0.0048828,0.057373
0.032654,0.004425,0.063477
0.031433,0.004425,0.059814
0.031433,0.0036621,0.063477
0.031738,0.0050354,0.062256
0.030823,0.0071716,0.063477
0.030212,0.0093079,0.067139
0.029449,0.010223,0.065918
0.028076,0.0091553,0.062256
0.027313,0.0064087,0.064697
0.025787,0.0032043,0.070801
0.021973,0.0033569,0.064697
0.019226,0.00061035,0.065918
0.016022,0.0018311,0.063477
0.014496,0.0019836,0.062256
0.011749,0.0016785,0.056152
0.012207,0.00091553,0.056152
0.011902,-0.0012207,0.050049
0.011902,-0.0022888,0.057373
0.014801,-0.0012207,0.046387
0.013123,-0.00030518,0.05127
0.014038,0.0016785,0.050049
0.015106,0.0021362,0.05249
0.015717,0.0012207,0.043945
0.016479,0.00015259,0.047607
0.017548,-0.0010681,0.057373
0.018616,-0.0013733,0.045166
0.019226,-0.00045776,0.048828
0.019836,0.0013733,0.041504
0.020294,0.002594,0.025635
0.020752,0.0033569,0.024414
0.02182,0.0016785,0.040283
0.022888,0.0012207,0.040283
0.023651,0.0012207,0.039063
0.026093,0.0013733,0.0354
0.025177,0.0030518,0.041504
0.024414,0.0041199,0.039063
0.023651,0.0028992,0.041504
0.023346,0.0028992,0.041504
0.022278,0.00091553,0.043945
0.02121,-0.00015259,0.046387
0.022278,0,0.050049
0.020142,0.00045776,0.053711
0.019684,0.0016785,0.05127
0.018463,0.0022888,0.053711
0.018768,0.0013733,0.058594
0.018616,-0.00076294,0.062256
0.018768,-0.0015259,0.059814
0.020447,-0.0033569,0.059814
0.023041,-0.00045776,0.059814
0.024414,0.00091553,0.061035
0.02594,0.0024414,0.058594
0.027008,0.0024414,0.062256
0.028839,0.0015259,0.058594
0.029602,0.00015259,4.3298
0.03006,0.00045776,4.8816
0.030975,0.0018311,4.9255
0.031128,0.002594,4.9304
0.030365,0.0041199,4.9377
0.030518,0.0042725,4.9341
0.030518,0.0036621,4.9377
0.030365,0.0030518,4.9426
0.029755,0.0019836,4.9316
0.029144,0.0027466,4.9292
0.028687,0.0038147,4.9268
0.02594,0.004425,4.9084
0.022736,0.0088501,4.9243
0.02121,0.0033569,4.9194
0.017853,0.00076294,4.9194
0.015259,-0.00045776,4.9182
0.012054,-0.0015259,4.9158
0.010071,-0.00076294,4.9146
0.0090027,-0.00015259,4.9121
0.0071716,-0.00045776,4.9219
0.0068665,-0.00091553,4.9084
0.0059509,-0.0022888,4.9109
0.007782,-0.0041199,4.9109
0.0085449,-0.0047302,4.9121
0.011292,-0.0041199,4.906
0.012817,-0.0021362,4.9133
0.014343,-0.00076294,4.9121
0.015717,-0.00015259,4.9084
0.016632,0,4.9158
0.017853,-0.00061035,4.9109
0.019379,-0.0013733,4.9036
0.022125,-0.0019836,4.9097
0.023651,0.0022888,4.9133
0.023804,0.0039673,4.9133
0.024872,0.0048828,4.9158
0.026245,0.0038147,4.917
0.02655,0.0024414,4.9207
0.026703,0.0016785,4.9243
0.026093,0.0012207,4.9268
0.026093,0.002594,4.9231
0.026093,0.0042725,4.9329
0.025024,0.0056458,4.9182
0.025024,0.0057983,4.9341
0.023193,0.005188,4.9426
0.022278,0.0041199,4.9316
0.022125,0.0036621,4.9316
0.02243,0.0035095,4.9353
0.02243,0.0033569,4.9219
0.021515,0.0036621,4.9316
0.020752,0.0030518,4.9341
0.019226,0.0018311,4.9341
0.021515,0.0010681,4.9329
0.020599,0.00061035,4.9329
0.022278,0.00091553,4.9377
0.022583,0.00045776,4.9341
0.023956,0.0035095,4.9341
0.023193,0.0019836,4.9304
0.023499,0.0012207,4.9329
0.023346,0.00076294,4.9268
0.022888,0.00061035,4.928
0.023041,0.00030518,4.9268
0.024567,0.00045776,4.9304
0.023651,-0.00030518,4.9146
0.022125,-0.0013733,4.917
0.023193,-0.0019836,4.9304
0.019989,-0.002594,4.9121
0.020294,-0.0022888,4.9182
0.019989,-0.0015259,4.9158
0.020294,0,4.9146
0.019684,-0.0010681,4.9097
0.019226,0.0010681,4.9109
0.018005,0.0027466,4.9097
0.017242,0.0015259,4.9109
0.017548,0.0010681,4.906
0.017395,0.0016785,4.9133
0.018311,0.0015259,4.9048
0.018616,0.0021362,4.9133
0.018311,0.0016785,4.9036
0.018005,0.0016785,4.9109
0.017242,0.0015259,4.9207
0.017395,0.00076294,4.9146
0.018311,0.0015259,4.9207
0.019226,0.0010681,4.9158
0.019226,0.0012207,4.906
0.019226,0.00015259,4.9207
0.019073,-0.00015259,4.917
0.018463,-0.00061035,4.9243
0.019836,-0.0012207,4.9243
0.018158,-0.0018311,4.9158
0.017395,-0.002594,4.9292
0.018158,-0.0022888,4.9304
0.018616,-0.0027466,4.9353
0.018463,-0.0027466,4.9304
0.017853,-0.0027466,4.9341
0.016937,-0.0032043,4.9304
0.016937,-0.0035095,4.9341
0.018463,-0.0045776,4.9316
0.020294,-0.0021362,4.9341
0.022125,-0.0016785,4.9377
0.023346,-0.0016785,4.9353
0.023651,-0.0016785,4.9438
0.02182,-0.0016785,4.9353
0.020905,-0.0021362,4.9292
0.02121,-0.0021362,4.9329
0.020905,-0.00076294,4.9158
0.021667,0,4.9109
0.020447,0.00091553,4.9255
0.021362,0.0016785,4.9207
0.020905,0.0021362,4.9243
0.018616,0.0022888,0.05127
0.02121,0.002594,0.047607
0.024719,0.0021362,0.05249
0.02594,0.0015259,0.048828
0.027771,0.00061035,0.043945
0.026703,0.00015259,0.046387
0.026245,-0.00061035,0.056152
0.025177,-0.00030518,0.041504
0.023193,-0.00091553,0.043945
0.023041,0.0027466,0.041504
0.02243,0.004425,0.024414
0.023193,0.0035095,0.0354
0.023041,0.0035095,0.041504
0.022583,0.0019836,0.039063
0.021973,0,0.037842
0.02182,-0.0013733,0.037842
0.021973,-0.0012207,0.041504
0.023346,-0.0013733,0.039063
0.022125,-0.0010681,0.039063
0.021362,-0.00030518,0.040283
0.018921,-0.00061035,0.047607
0.016327,-0.00061035,0.047607
0.014496,0,0.05249
0.012817,-0.00045776,0.056152
0.012207,-0.0010681,0.054932
0.012207,-0.0054932,0.057373
0.011902,-0.0050354,0.059814
0.012207,-0.0065613,0.064697
0.011749,-0.0065613,0.056152
0.01236,-0.0053406,0.056152
0.013123,-0.0027466,0.062256
0.014496,-0.00015259,0.061035
0.015564,0.0013733,0.062256
0.015717,0.0016785,0.062256
0.017242,0.0012207,0.061035
0.017548,0,0.065918
0.016937,-0.00045776,0.061035
0.018158,-0.00076294,0.067139
0.017548,-0.0022888,0.058594
0.0177,-0.0036621,0.068359
0.017395,-0.0059509,0.067139
0.014801,-0.0041199,0.065918
0.017548,-0.0039673,0.073242
0.018005,-0.0028992,0.059814
0.018463,-0.00076294,0.061035
0.019531,0.0032043,0.054932
0.020142,0.0041199,0.042725
0.022125,0.004425,0.05249
0.021973,0.0027466,0.05127
0.02121,0.00091553,0.046387
0.021515,-0.00076294,0.046387
0.020142,-0.0018311,0.043945
0.02121,-0.0018311,0.046387
0.018768,-0.0015259,0.041504
0.018616,-0.0013733,0.045166
0.018158,-0.0013733,0.037842
0.018921,0,0.042725
0.019989,0.0010681,0.045166
0.021515,0.0022888,0.041504
0.023041,0.0053406,0.039063
0.02533,0.0047302,0.042725
0.025635,0.0041199,0.042725
0.026855,0.0036621,0.041504
0.027466,0.0030518,0.045166
0.028229,0.00076294,0.036621
0.028229,-0.00061035,0.039063
0.027313,-0.00061035,0.039063
0.02533,-0.0038147,0.043945
0.023499,-0.0013733,0.043945
0.02182,-0.0015259,0.046387
0.017853,-0.0028992,0.047607
0.018311,-0.0032043,0.053711
0.016327,-0.0035095,0.053711
0.015717,-0.0039673,0.057373
0.016174,-0.0041199,0.059814
0.017548,-0.0041199,0.062256
0.019836,-0.0050354,0.059814
0.021515,-0.0059509,0.062256
0.023804,-0.0065613,0.076904
0.02182,-0.0057983,0.061035
0.021667,-0.0042725,0.062256
0.020905,-0.0036621,0.061035
0.019989,-0.0033569,0.054932
0.018463,-0.0027466,0.062256
0.017548,-0.002594,0.064697
0.016022,-0.0024414,0.064697
0.016327,-0.00076294,0.065918
0.018005,0.00076294,0.062256
0.020294,0.0019836,0.065918
0.026093,0.0019836,0.061035
0.025787,-0.00045776,0.062256
0.027618,0.00045776,0.053711
0.029144,-0.0050354,0.061035
0.028534,-0.0012207,0.054932
0.028687,-0.0013733,0.053711
0.027618,-0.0013733,0.05249
0.025177,-0.0018311,0.050049
0.022888,-0.0022888,0.053711
0.021057,-0.0032043,0.048828
0.019531,-0.0039673,0.059814
0.019684,-0.0045776,0.043945
0.020447,-0.0047302,0.0354
0.021362,-0.0054932,0.042725
0.022583,-0.0056458,0.039063
0.023499,-0.0039673,0.037842
0.023041,-0.0041199,0.040283
0.023499,-0.0032043,0.037842
0.024261,-0.0013733,0.039063
0.025482,-0.00015259,0.036621
0.02594,0.00061035,0.042725
0.02594,0.0013733,0.036621
0.02594,0.00061035,0.042725
0.025177,0.0013733,0.041504
0.024567,0.00061035,0.043945
0.024567,-0.00045776,0.048828
0.025024,-0.00061035,0.045166
0.025482,-0.0013733,0.048828
0.025635,-0.00061035,0.046387
0.025482,0.00045776,3.6389
0.025177,0.0015259,4.8438
0.026245,0.0024414,4.9084
0.027313,0.0028992,4.9231
0.028839,0.0061035,4.928
0.028992,0.0027466,4.9292
0.029297,0.0021362,4.9304
0.027924,0.002594,4.9304
0.026245,0.00030518,4.9353
0.02533,0.0013733,4.9292
0.023346,0.0013733,4.9341
0.02182,0.0013733,4.9329
0.021362,0.0021362,4.9341
0.019989,0.0039673,4.9304
0.018768,0.0056458,4.9365
0.020142,0.0065613,4.9414
0.020447,0.0061035,4.939
0.020142,0.005188,4.9426
0.019226,0.004425,4.9365
0.019073,0.0041199,4.9194
0.019379,0.0035095,4.928
0.020142,0.0036621,4.9304
0.019379,0.0042725,4.928
0.017242,0.0039673,4.9255
0.01709,0.0033569,4.9194
0.016174,0.0028992,4.9231
0.016022,0.00076294,4.9194
0.016632,0.0035095,4.9158
0.016785,0.0030518,4.9146
0.018311,0.0030518,4.917
0.018158,0.0021362,4.917
0.0177,0.00076294,4.917
0.018005,-0.00045776,4.917
0.018463,-0.0012207,4.9121
0.020447,-0.0012207,4.9084
0.02182,0.00015259,4.9121
0.022888,0.0010681,4.8962
0.022278,0.0021362,4.9097
0.021362,0.0021362,4.9121
0.020905,0.0016785,4.9097
0.021362,0.0019836,4.9097
0.02243,0.00045776,4.9084
0.023499,0.0015259,4.9097
0.024567,0.0010681,4.9097
0.025177,-0.00091553,4.9109
0.02594,0.00030518,4.9121
0.025177,0.00091553,4.917
0.025787,0.0015259,4.9182
0.026398,0.002594,4.9231
0.027008,0.0036621,4.9231
0.027771,0.0045776,4.9255
0.027924,0.0053406,4.9304
0.027771,0.0056458,4.9304
0.027008,0.0053406,4.9438
0.025482,0.0047302,4.9316
0.025024,0.0041199,4.9231
0.024567,0.0036621,4.9341
0.023804,0.0030518,4.9329
0.024261,0.0030518,4.9304
0.024261,0.0030518,4.9329
0.024109,0.0038147,4.9329
0.023193,0.0038147,4.9341
0.02182,0.0047302,4.9329
0.02182,0.0048828,4.9377
0.021362,0.0042725,4.9329
0.021362,0.0050354,4.9377
0.021362,0.0045776,4.9341
0.02121,0.0042725,4.9353
0.020752,0.004425,4.9402
0.019379,0.0038147,4.9304
0.018616,0.0028992,4.928
0.016632,0.002594,4.9243
0.016632,0.0028992,4.9219
0.016479,0.0024414,4.9219
0.016479,0.0024414,4.917
0.016937,0.0022888,4.9194
0.016479,0.0015259,4.9182
0.015564,0.0012207,4.9158
0.015564,0.00061035,4.9158
0.016327,-0.00030518,4.9109
0.017395,0.0012207,4.9133
0.018768,-0.00091553,4.9097
0.018463,-0.00045776,4.9109
0.018311,-0.00030518,4.9146
0.017548,0.00015259,4.9121
0.016785,0.0010681,4.9097
0.015717,0.0030518,4.9133
0.016174,0.0047302,4.9194
0.016785,0.0056458,4.9109
0.017395,0.0059509,4.9194
0.017548,0.0057983,4.9133
0.018616,0.0048828,4.8987
0.018921,0.0048828,4.9109
0.019073,0.0047302,4.9109
0.018768,0.005188,4.917
0.018616,0.0050354,4.9182
0.018768,0.0039673,4.9146
0.019073,0.0024414,4.9255
0.017548,0.0019836,4.9255
0.016937,0.0016785,4.928
0.016327,0.0018311,4.9268
0.016022,0.0024414,4.9316
0.016937,0.0028992,4.9316
0.016327,0.0030518,4.939
0.017242,0.0022888,4.9341
0.017548,0.00015259,4.9329
0.017548,-0.0015259,4.9304
0.017242,-0.0027466,4.9329
0.016327,-0.0018311,0.068359
0.01709,-0.00091553,0.059814
0.017548,0.00091553,0.059814
0.017242,0.00045776,0.064697
0.018158,0.0022888,0.067139
0.018921,0.0012207,0.062256
0.019073,0.00045776,0.065918
0.019684,-0.00076294,0.058594
0.019836,0.00076294,0.064697
0.021057,0.002594,0.056152
0.021515,0.0033569,0.059814
0.02182,0.002594,0.056152
0.021973,0.0021362,0.054932
0.021973,0.00045776,0.046387
0.021362,-0.00076294,0.050049
0.019684,-0.00076294,0.058594
0.019684,0.00061035,0.047607
0.019379,0.0012207,0.061035
0.019684,0.0010681,0.046387
0.021362,0.0012207,0.031738
0.018768,0.00015259,0.041504
0.018921,-0.00015259,0.040283
0.017242,0.0016785,0.037842
0.019073,0.0010681,0.039063
0.019684,0.00076294,0.040283
0.020599,0.00061035,0.037842
0.0177,0,0.037842
0.020599,-0.00015259,0.043945
0.020599,-0.00030518,0.036621
0.020447,0.0021362,0.040283
0.020447,0.00030518,0.041504
0.020294,0.0022888,0.046387
0.020599,0.004425,0.048828
0.019989,0.0073242,0.045166
0.021057,0.0065613,0.05249
0.021515,0.0056458,0.047607
0.02243,0.0039673,0.040283
0.024414,0.0033569,0.048828
0.025024,0.0022888,0.063477
0.026093,0.0015259,0.056152
0.02594,0.00061035,0.061035
0.024719,0.0016785,0.059814
0.023804,-0.0028992,0.062256
0.021515,-0.004425,0.058594
0.022125,-0.0074768,0.063477
0.016327,-0.0061035,0.059814
0.014343,-0.0056458,0.062256
0.013123,-0.0047302,0.064697
0.012207,-0.0057983,0.068359
0.013885,-0.0056458,0.057373
0.015259,-0.0064087,0.067139
0.016937,-0.0071716,0.076904
0.023041,-0.0056458,0.067139
0.022125,-0.0033569,0.072021
0.024567,-0.00091553,0.065918
0.025787,0.0015259,0.046387
0.025635,0.0016785,0.061035
0.026093,0.0015259,0.057373
0.024872,0.00045776,0.056152
0.024261,-0.00015259,0.05249
0.024719,-0.00061035,0.050049
0.025177,0.00045776,0.050049
0.025482,0.00030518,0.045166
0.023193,-0.00045776,0.05127
0.026855,-0.0019836,0.043945
0.028534,-0.0036621,0.048828
0.03006,-0.0047302,0.041504
0.031738,-0.0032043,0.042725
0.031433,-0.0010681,0.047607
0.031433,0.00061035,0.042725
0.029602,0.002594,0.039063
0.027008,0.00091553,0.037842
0.023651,0.00045776,0.028076
0.021667,-0.00091553,0.036621
0.019379,-0.0024414,0.030518
0.018158,-0.0016785,0.039063
0.018158,-0.0018311,0.037842
0.0177,-0.0022888,0.032959
0.01709,-0.0033569,0.041504
0.018463,-0.004425,0.039063
0.018768,-0.0061035,0.042725
0.018768,-0.0042725,0.037842
0.019531,-0.0041199,0.050049
0.018921,-0.0041199,0.045166
0.018005,-0.0045776,0.048828
0.016327,-0.0042725,0.05249
0.015564,-0.0042725,0.054932
0.014343,-0.0041199,0.064697
0.014496,-0.0062561,0.062256
0.015869,-0.0042725,0.067139
0.016937,-0.005188,0.061035
0.018616,-0.0048828,0.05249
0.019379,-0.0053406,0.061035
0.020752,-0.010834,0.058594
0.020905,-0.0057983,0.057373
0.020752,-0.0071716,0.068359
0.020905,-0.007019,0.059814
0.020905,-0.0076294,0.065918
0.021057,-0.0068665,0.062256
0.020752,-0.0056458,0.067139
0.020294,-0.0038147,0.062256
0.018768,-0.0028992,0.067139
0.018311,-0.0021362,0.065918
0.020447,-0.0016785,0.065918
0.018921,-0.0012207,0.064697
0.020142,-0.0010681,0.058594
0.021515,-0.00015259,0.056152
0.02182,0.0024414,0.054932
0.021667,0.00091553,0.058594
0.020905,0.00076294,0.05249
0.020599,-0.0010681,0.048828
0.021362,-0.0033569,0.042725
0.022888,-0.0019836,0.043945
0.023804,-0.00061035,0.043945
0.024109,0.00076294,0.043945
0.023804,0.00091553,0.039063
0.023193,-0.00030518,0.040283
0.022278,-0.0022888,0.037842
0.02182,-0.0041199,0.56641
0.021515,-0.0042725,4.6582
0.02182,-0.0038147,4.8914
0.02121,-0.0019836,4.906
0.020905,-0.0010681,4.9146
0.020599,-0.00061035,4.9207
0.020142,-0.00076294,4.9109
0.020905,-0.002594,4.9146
0.02121,-0.0030518,4.9109
0.022583,-0.0027466,4.895
0.02243,-0.0028992,4.9109
0.022583,-0.0027466,4.9146
0.022888,-0.0032043,4.9158
0.022736,-0.0039673,4.9194
0.021667,-0.0047302,4.9084
0.020447,-0.0056458,4.9231
0.021515,-0.0033569,4.9231
0.021057,-0.002594,4.9255
0.021362,-0.0018311,4.9231
0.020905,-0.00061035,4.9158
0.020142,-0.00015259,4.9292
0.020905,0.00015259,4.9329
0.021973,0,4.9353
0.02182,0.00015259,4.9292
0.023651,0.00015259,4.9341
0.023804,-0.00061035,4.9353
0.023804,-0.0010681,4.9402
0.023041,-0.0021362,4.9353
0.021362,-0.0021362,4.9255
0.021515,-0.0028992,4.9353
0.020599,-0.0030518,4.9341
0.019379,-0.0016785,4.9316
0.020599,-0.00076294,4.9341
0.021057,0.00061035,4.9304
0.021973,0.0010681,4.9304
0.023041,0.0018311,4.9219
0.024109,0.00091553,4.9268
0.025024,0.00045776,4.9219
0.025024,0,4.9219
0.024261,-0.00061035,4.9182
0.023346,-0.00091553,4.9243
0.021667,-0.00061035,4.9268
0.019379,0.00015259,4.9231
0.017853,0.0010681,4.9146
0.017242,0.0010681,4.9121
0.017548,0.0022888,4.9011
0.018158,0.0022888,4.9121
0.020447,0.004425,4.9072
0.021973,0.0057983,4.9109
0.024109,0.0064087,4.9121
0.025024,0.0057983,4.9097
0.027313,0.0042725,4.9121
0.028381,0.00045776,4.9097
0.028534,0.00015259,4.9121
0.027771,0.00076294,4.906
0.02655,0.0013733,4.9133
0.025024,0.0018311,4.9097
0.024109,0.0039673,4.9133
0.022888,0.0053406,4.9121
0.023499,0.0059509,4.917
0.023193,0.0065613,4.9182
0.023651,0.0068665,4.9158
0.024567,0.0076294,4.9316
0.024567,0.0086975,4.9231
0.027008,0.0090027,4.9133
0.027161,0.0088501,4.9268
0.027618,0.0073242,4.9255
0.026855,0.0065613,4.9255
0.02655,0.0048828,4.9304
0.023499,0.005188,4.9292
0.021057,0.0056458,4.9353
0.019684,0.0067139,4.9316
0.017853,0.0071716,4.9133
0.016479,0.0062561,4.9292
0.016327,0.005188,4.9353
0.016174,0.0033569,4.9329
0.017395,0.0045776,4.9365
0.019226,0.0048828,4.9487
0.020294,0.0062561,4.9414
0.022125,0.007019,4.9353
0.021667,0.0065613,4.9353
0.021667,0.0057983,4.9207
0.021515,0.0048828,4.9255
0.021362,0.0050354,4.9219
0.020599,0.0056458,4.9255
0.020905,0.0061035,4.9231
0.02121,0.0068665,4.9207
0.019379,0.0074768,4.9219
0.019989,0.0064087,4.9207
0.020294,0.0057983,4.917
0.019379,0.0028992,4.9121
0.020294,0.0021362,4.9182
0.020447,0.0019836,4.9158
0.020142,0.0024414,4.9158
0.018921,0.0021362,4.9146
0.016632,0.00045776,4.9133
0.016174,-0.0021362,4.9158
0.015717,-0.0036621,4.9109
0.015717,-0.0041199,4.9158
0.014191,-0.0022888,4.9109
0.014954,0.0013733,4.8975
0.014648,0.0021362,4.9109
0.014343,0.0022888,4.9097
0.015869,0,4.9072
0.018463,-0.00076294,4.9109
0.020905,-0.0027466,4.9109
0.023804,-0.0015259,4.9133
0.025787,0.0015259,4.9133
0.026245,0.0041199,4.9207
0.02594,0.0047302,0.048828
0.025177,0.0036621,0.05127
0.024872,0.0010681,0.056152
0.024261,0.00076294,0.061035
0.024872,0.0012207,0.06958
0.023804,0.0032043,0.061035
0.023804,0.0047302,0.067139
0.024414,0.0053406,0.062256
0.022888,0.0036621,0.058594
0.023041,-0.00045776,0.059814
0.022888,-0.002594,0.062256
0.022736,-0.0030518,0.058594
0.02243,-0.0018311,0.063477
0.022888,0.00091553,0.061035
0.021973,0.002594,0.067139
0.019379,0.0032043,0.064697
0.018158,0.0022888,0.068359
0.016937,-0.00015259,0.061035
0.017395,-0.00076294,0.067139
0.018005,0.00030518,0.065918
0.018616,0.0019836,0.062256
0.020599,0.0033569,0.058594
0.020294,0.0035095,0.056152
0.018158,0.0024414,0.05249
0.018158,0.00045776,0.05249
0.0177,-0.0028992,0.061035
0.019073,0.00015259,0.050049
0.019989,0.0019836,0.046387
0.02121,0.0022888,0.047607
0.020905,0.0059509,0.047607
0.021057,0.0054932,0.042725
0.020599,0.0035095,0.045166
0.020752,-0.0019836,0.036621
0.02121,-0.00030518,0.039063
0.02243,0.00030518,0.037842
0.022888,0.0024414,0.042725
0.027313,0.0027466,0.039063
0.022125,0.0019836,0.041504
0.020447,0.00061035,0.042725
0.019379,-0.0010681,0.041504
0.017548,-0.00091553,0.054932
0.019836,-0.00030518,0.041504
0.019684,0.0022888,0.045166
0.019379,0.0033569,0.041504
0.019989,0.0030518,0.026855
0.018311,0.0010681,0.041504
0.017395,-0.0015259,0.046387
0.017548,-0.0035095,0.047607
0.018463,-0.0036621,0.05127
0.019226,-0.0015259,0.05127
0.019226,-0.00015259,0.053711
0.019379,0.0016785,0.057373
0.017853,0.0015259,0.059814
0.016785,0.00030518,0.058594
0.015869,-0.0012207,0.058594
0.016174,-0.0016785,0.062256
0.017548,0,0.062256
0.018311,0.0021362,0.064697
0.014343,0.0028992,0.061035
0.019989,0.0039673,0.062256
0.020752,0.0016785,0.065918
0.02182,-0.00030518,0.076904
0.022125,-0.0032043,0.064697
0.023956,-0.0027466,0.057373
0.023956,-0.00091553,0.063477
0.024414,0.00091553,0.064697
0.023651,0.0019836,0.058594
0.022583,0.00091553,0.064697
0.022736,-0.00076294,0.057373
0.022583,-0.0024414,0.058594
0.023193,-0.0019836,0.053711
0.023804,-0.00045776,0.057373
0.023651,0.0021362,0.048828
0.022736,0.0028992,0.05127
0.021667,0.0019836,0.05127
0.020294,-0.00061035,0.048828
0.018921,-0.0035095,0.05249
0.019073,-0.0062561,0.045166
0.018005,-0.0061035,0.045166
0.017395,-0.0047302,0.041504
0.016632,-0.0041199,0.029297
0.015106,-0.00030518,0.042725
0.015106,-0.00030518,0.040283
0.015564,-0.0013733,0.036621
0.016937,-0.0032043,0.039063
0.019226,-0.0028992,0.039063
0.021057,-0.0013733,0.037842
0.022888,0.00061035,0.036621
0.023499,0.0022888,0.043945
0.022583,0.002594,0.0354
0.023346,0.0021362,0.043945
0.023956,0.0010681,0.043945
0.025177,0.00076294,0.045166
0.025635,0.0019836,0.042725
0.025482,0.0041199,0.048828
0.025787,0.0057983,0.05249
0.024109,0.0061035,0.050049
0.023499,0.004425,0.063477
0.02243,0.0015259,0.053711
0.02243,-0.0019836,0.043945
0.021667,-0.0021362,0.057373
0.020447,-0.0016785,0.058594
0.018768,-0.00045776,0.059814
0.016022,0.00015259,0.062256
0.013733,-0.0013733,0.057373
0.012665,-0.0035095,0.063477
0.01297,-0.0061035,0.061035
0.013275,-0.0068665,0.062256
0.013275,-0.0054932,0.057373
0.014801,-0.0033569,0.065918
0.014496,-0.0010681,0.065918
0.015411,-0.00030518,0.068359
0.015869,0.00030518,0.078125
0.017853,-0.00076294,0.067139
0.020599,-0.0012207,0.061035
0.023041,-0.00030518,0.062256
0.025635,0.00030518,0.062256
0.026093,0.0012207,0.57861
0.026398,0.0024414,4.668
0.026398,0.0010681,4.9011
0.026398,0.00076294,4.9182
0.027924,-0.0010681,4.9146
0.028992,-0.0012207,4.9194
0.029602,-0.00076294,4.9146
0.028839,0.00076294,4.9219
0.025787,0.0018311,4.9109
0.023346,0.0012207,4.917
0.020447,0.00030518,4.9133
0.019379,-0.00030518,4.9146
0.019684,-0.0012207,4.8999
0.020142,-0.00091553,4.9109
0.021362,0,4.9231
0.019836,0.0012207,4.9146
0.018463,0.0012207,4.9207
0.01709,0.00045776,4.9097
0.016632,0.00015259,4.9023
0.017548,0.0013733,4.9109
0.018463,0.00045776,4.9097
0.019379,0.0019836,4.9084
0.017853,0.0032043,4.9109
0.015869,0.0024414,4.9146
0.015411,0.0019836,4.9133
0.015717,0.00091553,4.9121
0.017853,0.00015259,4.9219
0.019989,-0.00045776,4.9194
0.023804,-0.00091553,4.928
0.024414,0,4.928
0.022736,0.00030518,4.9304
0.020447,-0.00076294,4.9316
0.018311,-0.0015259,4.9304
0.018158,-0.0019836,4.9268
0.019531,-0.0027466,4.9329
0.019379,-0.002594,4.9402
0.019073,-0.0022888,4.9304
0.017242,-0.0015259,4.9219
0.014801,-0.00030518,4.9316
0.01358,0,4.9329
0.013885,0.00015259,4.9329
0.015564,-0.0012207,4.9329
0.017853,-0.00045776,4.9329
0.018463,-0.00091553,4.939
0.016937,-0.00015259,4.9329
0.012817,0,4.9341
0.01297,0,4.9329
0.011902,0.00076294,4.9316
0.01358,0.00030518,4.9243
0.015869,-0.0015259,4.9292
0.018311,-0.00076294,4.9377
0.020447,-0.00076294,4.9231
0.020294,-0.00015259,4.9207
0.020447,0,4.9182
0.021057,0.00015259,4.8999
0.02182,0.00076294,4.9158
0.024261,0.00061035,4.9182
0.026703,0,4.9158
0.027771,-0.00015259,4.9158
0.027008,0.0033569,4.9084
0.024719,0.00045776,4.9109
0.024414,0.00091553,4.9097
0.023499,0.00091553,4.9109
0.023956,0.00061035,4.9084
0.027008,-0.00076294,4.9146
0.027466,-0.0013733,4.9133
0.027924,-0.00076294,4.9109
0.026245,-0.0024414,4.9133
0.021057,-0.00091553,4.9109
0.020905,0.00045776,4.9072
0.020905,0.00076294,4.9121
0.022278,0.0013733,4.9146
0.022278,0.00045776,4.9158
0.02243,-0.00015259,4.9097
0.020599,-0.00045776,4.9207
0.019226,-0.00030518,4.9231
0.017548,-0.00045776,4.9146
0.016937,-0.0018311,4.9243
0.019379,-0.0033569,4.928
0.022125,-0.0028992,4.9292
0.023956,-0.0041199,4.928
0.024261,-0.0041199,4.9255
0.023193,-0.0030518,4.928
0.021515,-0.0019836,4.9329
0.021667,-0.0015259,4.9304
0.022888,-0.00015259,4.9304
0.025787,-0.00091553,4.9402
0.028534,-0.0012207,4.9353
0.029755,-0.0010681,4.939
0.029907,-0.0012207,4.9353
0.028534,-0.0010681,4.9219
0.026703,-0.00076294,4.9353
0.027008,-0.0013733,4.9329
0.026855,-0.0016785,4.9365
0.028229,-0.0028992,4.9304
0.027313,-0.0039673,4.9316
0.024719,-0.0054932,4.9292
0.021667,-0.0035095,4.9146
0.018005,-0.0039673,4.9304
0.017395,-0.0027466,4.9194
0.018768,-0.0019836,4.9231
0.019684,-0.0032043,4.9207
0.021667,-0.0021362,4.9194
0.02182,-0.00061035,4.9207
0.020599,-0.0030518,4.9182
0.019684,0.00091553,4.9182
0.0177,0.0015259,4.9158
0.018463,0.00015259,4.9146
0.020142,-0.00091553,0.036621
0.021973,-0.0024414,0.032959
0.023193,-0.0018311,0.037842
0.023193,-0.0012207,0.039063
0.020752,0.00045776,0.037842
0.020294,0.0018311,0.039063
0.02121,0.0021362,0.037842
0.024567,0.0027466,0.040283
0.025482,0.0015259,0.039063
0.030212,0.0010681,0.040283
0.030823,-0.0021362,0.041504
0.029602,0.0015259,0.043945
0.027313,0.0013733,0.041504
0.02655,0.002594,0.05127
0.026855,0.0038147,0.063477
0.027771,0.0045776,0.047607
0.027924,0.0042725,0.063477
0.026703,0.0042725,0.05127
0.025787,0.0047302,0.042725
0.021362,0.005188,0.057373
0.019226,0.0062561,0.062256
0.020142,0.0068665,0.062256
0.021973,0.007782,0.057373
0.02243,0.0056458,0.058594
0.02533,0.0032043,0.062256
0.024109,0.0015259,0.061035
0.024261,0.0013733,0.063477
0.017395,0.0018311,0.059814
0.016937,0.0035095,0.064697
0.016632,0.0048828,0.065918
0.018768,0.0062561,0.067139
0.020294,0.0045776,0.078125
0.021057,0.0033569,0.068359
0.019684,0.0035095,0.061035
0.018311,0.0038147,0.065918
0.017395,0.0054932,0.068359
0.018921,0.0062561,0.057373
0.019684,0.0065613,0.056152
0.02121,0.0048828,0.053711
0.020752,0.0016785,0.05127
0.018921,-0.00045776,0.046387
0.016937,-0.0022888,0.050049
0.015106,-0.0022888,0.047607
0.015259,-0.00061035,0.045166
0.016937,0.00030518,0.043945
0.018921,0.00076294,0.046387
0.020599,-0.0018311,0.042725
0.020905,-0.0030518,0.042725
0.0177,-0.0032043,0.040283
0.018921,-0.0018311,0.040283
0.018768,-0.00045776,0.05127
0.020294,0.0010681,0.041504
0.022125,0.00091553,0.05249
0.024872,-0.00076294,0.0354
0.02533,-0.0015259,0.028076
0.025787,-0.0012207,0.039063
0.025024,0.00015259,0.037842
0.023956,0.0035095,0.039063
0.023956,0.0062561,0.039063
0.025482,0.0061035,0.041504
0.027618,0.0053406,0.043945
0.029297,0.0042725,0.046387
0.028229,0.002594,0.05249
0.02594,0.0028992,0.047607
0.023956,0.0038147,0.056152
0.022583,0.0056458,0.056152
0.023651,0.0065613,0.061035
0.025177,0.0061035,0.062256
0.026703,0.0042725,0.063477
0.026398,0.002594,0.063477
0.023956,0.0022888,0.061035
0.021057,0.0033569,0.070801
0.018768,0.0054932,0.062256
0.018311,0.0057983,0.059814
0.019684,0.0047302,0.061035
0.020294,0.0024414,0.064697
0.021973,-0.00015259,0.059814
0.021362,-0.00091553,0.065918
0.020142,-0.00015259,0.062256
0.018921,0.0016785,0.068359
0.017548,0.0039673,0.064697
0.018005,0.0045776,0.065918
0.020294,0.0028992,0.059814
0.021362,0.0012207,0.062256
0.020142,-0.00030518,0.054932
0.017242,0,0.050049
0.015564,0.0012207,0.064697
0.015411,0.0038147,0.05127
0.016327,0.0054932,0.050049
0.017548,0.0048828,0.050049
0.020142,0.0030518,0.029297
0.020905,0.0016785,0.042725
0.020447,0.0016785,0.047607
0.018311,0.0032043,0.042725
0.017548,0.0057983,0.041504
0.016479,0.0073242,0.037842
0.0177,0.0062561,0.037842
0.019226,0.0059509,0.039063
0.020447,0.0050354,0.041504
0.019989,0.0039673,0.036621
0.019226,0.0042725,0.042725
0.016327,0.0062561,0.039063
0.015717,0.0071716,0.041504
0.012512,0.007782,0.040283
0.016785,0.0065613,0.042725
0.018921,0.0039673,0.042725
0.018463,0.0019836,0.041504
0.018005,-0.00030518,0.05249
0.015106,0.0024414,0.043945
0.014801,0.0050354,0.041504
0.015411,0.0062561,0.05249
0.015869,0.007782,0.050049
0.018311,0.0047302,0.05249
0.019073,0.0022888,0.056152
0.019073,0,0.054932
0.018158,-0.0035095,0.058594
0.016632,0.0018311,0.058594
0.016022,0.0038147,0.062256
0.018005,0.0059509,2.3547
0.020294,0.005188,4.7766
0.02121,0.0028992,4.9194
0.020599,0.00045776,4.9292
0.018311,-0.00076294,4.9377
0.01709,0.00045776,4.9365
0.015564,0.0027466,4.9353
0.016327,0.0073242,4.9353
0.019531,0.0038147,4.9353
0.020447,0.0010681,4.9377
0.021973,-0.0016785,4.9268
0.02182,-0.0035095,4.9292
0.019379,-0.002594,4.9316
0.018311,-0.0010681,4.928
0.018005,0.00045776,4.9268
0.019684,-0.0021362,4.9182
0.020294,0.0018311,4.9255
0.020447,0,4.9194
0.019531,-0.0016785,4.9194
0.01709,-0.0022888,4.9194
0.016785,-0.0010681,4.9182
0.014801,0,4.9182
0.016937,0.0036621,4.917
0.020752,0.0016785,4.9268
0.02243,0.0013733,4.9146
0.025024,-0.00030518,4.9194
0.025024,0.0035095,4.9133
0.023956,0.00091553,4.9011
0.022888,0.002594,4.9097
0.023041,0.0039673,4.9121
0.025024,0.0050354,4.9097
0.026855,0.0035095,4.906
0.028076,0.0016785,4.9048
0.026093,0.00015259,4.9121
0.024261,-0.00030518,4.906
0.021973,0.0016785,4.9121
0.020905,0.0027466,4.9048
0.021515,0.0033569,4.917
0.02243,0.0022888,4.9182
0.022278,0.00061035,4.9207
0.02121,-0.0021362,4.9292
0.019073,-0.0024414,4.9243
0.016479,-0.0038147,4.9036
0.015411,-0.0036621,4.9304
0.015717,-0.0021362,4.928
0.019073,-0.0032043,4.928
0.0177,-0.005188,4.9316
0.016937,-0.0071716,4.9341
0.014801,-0.007782,4.9341
0.012054,-0.0064087,4.928
0.01236,-0.0038147,4.9304
0.01358,-0.0013733,4.9316
0.014496,-0.0030518,4.9329
0.020599,-0.00061035,4.9329
0.023193,-0.0015259,4.9341
0.025024,-0.0016785,4.9329
0.020905,-0.0019836,4.9341
0.025482,0.00076294,4.9329
0.025482,0.0024414,4.9377
0.027313,0.002594,4.9438
0.028381,0.00076294,4.9353
0.029907,-0.0013733,4.9353
0.029602,-0.0033569,4.9255
0.027924,-0.0038147,4.9133
0.026703,-0.0019836,4.9219
0.025177,0.0013733,4.9207
0.02533,0.0038147,4.9194
0.025787,0.005188,4.9207
0.027008,0.0036621,4.9158
0.027313,0.0021362,4.917
0.02533,0.0010681,4.9133
0.02182,0.00091553,4.9158
0.019836,0.0021362,4.9109
0.018463,0.0033569,4.9146
0.018768,0.00091553,4.9011
0.018616,0.00076294,4.9158
0.019531,-0.0018311,4.9109
0.018005,-0.0030518,4.9109
0.016937,-0.00076294,4.9097
0.015411,-0.0010681,4.8877
0.014648,0.0018311,4.9048
0.015717,0.004425,4.9133
0.016327,0.0047302,4.906
0.018463,0.0027466,4.9084
0.018616,-0.00015259,4.9133
0.017395,-0.0018311,4.9146
0.016632,-0.0033569,4.9158
0.015564,-0.002594,4.9158
0.015411,-0.0030518,4.9231
0.016327,-0.0010681,4.9207
0.018311,-0.0028992,4.928
0.019379,-0.0054932,4.9268
0.018768,-0.0079346,4.9329
0.017853,-0.0079346,4.9292
0.017548,-0.0067139,4.9316
0.016632,-0.0038147,4.9304
0.016937,-0.0016785,4.9329
0.018005,-0.0010681,4.9377
0.019989,-0.0022888,4.9316
0.02121,-0.0045776,4.9121
0.020752,-0.0053406,4.9304
0.019531,-0.0042725,4.939
0.018005,-0.0015259,4.9341
0.018005,0.0010681,4.9365
0.019073,0.00061035,4.9353
0.020599,-0.00076294,4.9377
0.020752,-0.0048828,4.9377
0.019989,-0.005188,4.9292
0.019226,-0.0048828,4.928
0.016937,-0.0028992,0.061035
0.015717,-0.00015259,0.054932
0.015717,0.00091553,0.056152
0.017853,-0.00076294,0.059814
0.019836,-0.002594,0.05249
0.021057,-0.0056458,0.046387
0.02121,-0.0064087,0.046387
0.02121,-0.0047302,0.032959
0.021362,-0.0015259,0.043945
0.022125,0,0.043945
0.023651,0.00015259,0.041504
0.026093,-0.00045776,0.042725
0.027161,-0.0024414,0.039063
0.027924,-0.0033569,0.040283
0.027161,-0.0022888,0.040283
0.027466,-0.0012207,0.041504
0.027161,0.0028992,0.037842
0.027618,0.0032043,0.042725
0.028992,0.0024414,0.0354
0.030823,-0.00045776,0.039063
0.031281,-0.0018311,0.040283
0.030518,-0.0032043,0.041504
0.028534,-0.00091553,0.047607
0.026093,0.0016785,0.046387
0.024872,0.0033569,0.057373
0.022736,0.0018311,0.047607
0.021973,-0.00091553,0.037842
0.021362,-0.0039673,0.05127
0.020447,-0.0064087,0.056152
0.020294,-0.0048828,0.059814
0.020142,-0.0016785,0.057373
0.019989,0.0016785,0.058594
0.021057,0.0036621,0.061035
0.022736,0.0038147,0.057373
0.023956,0.0019836,0.063477
0.025177,-0.00030518,0.056152
0.025635,-0.0010681,0.063477
0.025024,-0.0010681,0.062256
0.024567,0.00030518,0.062256
0.02533,0.00061035,0.06958
0.024872,0.00015259,0.062256
0.023956,-0.0015259,0.062256
0.023041,-0.0028992,0.065918
0.023346,-0.0035095,0.065918
0.023346,-0.0010681,0.065918
0.023651,0.0019836,0.063477
0.023041,0.0041199,0.058594
0.024261,0.0036621,0.057373
0.023956,0.0021362,0.056152
0.024261,0,0.053711
0.024567,-0.0012207,0.047607
0.027618,-0.00045776,0.05249
0.025787,0.00030518,0.047607
0.024872,0.0021362,0.050049
0.024414,0.0033569,0.050049
0.023193,0.0018311,0.048828
0.022583,0.0012207,0.042725
0.022125,0.00015259,0.045166
0.022888,-0.00030518,0.056152
0.023651,0.0016785,0.042725
0.023651,0.0030518,0.05127
0.025024,0.0021362,0.039063
0.026855,0.0030518,0.026855
0.028229,0.0016785,0.037842
0.029755,0.0010681,0.037842
0.030975,0.0022888,0.040283
0.029907,0.004425,0.042725
0.03067,0.0068665,0.0354
0.029907,0.0086975,0.040283
0.02655,0.0099182,0.040283
0.027771,0.0083923,0.043945
0.025787,0.007782,0.039063
0.024719,0.0062561,0.047607
0.023651,0.0032043,0.047607
0.024261,0.0088501,0.05249
0.024872,0.0091553,0.062256
0.024872,0.012512,0.056152
0.025635,0.0086975,0.053711
0.027313,0.0065613,0.059814
0.028076,0.0057983,0.061035
0.028534,0.004425,0.057373
0.028381,0.0074768,0.056152
0.027618,0.0086975,0.061035
0.026703,0.0090027,0.053711
0.02533,0.0085449,0.059814
0.024109,0.007019,0.061035
0.023499,0.0062561,0.061035
0.022583,0.0053406,0.064697
0.02243,0.0042725,0.062256
0.021667,0.0065613,0.068359
0.02182,0.0067139,0.065918
0.026703,0.0059509,0.068359
0.020142,0.005188,0.064697
0.018768,0.0036621,0.065918
0.018158,0.002594,0.070801
0.017548,0.0021362,0.059814
0.016327,0.0021362,0.062256
0.016174,0.002594,0.053711
0.016632,0.0018311,0.040283
0.015106,0.00030518,0.050049
0.014343,-0.0015259,0.05127
0.014191,-0.0028992,0.042725
0.014648,-0.0027466,0.050049
0.015869,-0.0021362,0.042725
0.0177,-0.00015259,0.043945
0.019531,0.0012207,0.039063
0.019989,-0.0022888,0.042725
0.021667,0.00076294,0.039063
0.022583,-0.00061035,0.045166
0.023346,-0.00045776,0.041504
0.02594,0.00045776,0.041504
0.026093,0.0019836,0.039063
0.028381,0.0032043,0.037842
0.026855,0.0028992,0.039063
0.026093,0.002594,0.031738
0.026245,0.0010681,0.040283
0.026093,0.00045776,0.039063
0.025635,0.0024414,1.4294
0.027008,0.0012207,4.707
0.02594,0.0022888,4.8926
0.025787,0.002594,4.9121
0.025787,0.0012207,4.917
0.025177,0.00030518,4.9158
0.024109,-0.0010681,4.9243
0.023804,-0.00030518,4.9243
0.023346,-0.0057983,4.9255
0.022583,0.0018311,4.9255
0.023041,0.0036621,4.9329
0.019684,0.0042725,4.9316
0.021667,0.0024414,4.9329
0.021362,0.0015259,4.9451
0.020447,0.00076294,4.9341
0.02121,0.0010681,4.9316
0.02121,0.0030518,4.9329
0.021057,0.0038147,4.9255
0.021057,0.0039673,4.9353
0.016937,0.0019836,4.9341
0.019073,0.00015259,4.9353
0.018768,-0.0010681,4.9353
0.019073,-0.00091553,4.9316
0.019531,-0.0013733,4.9536
0.019989,0.0010681,4.9329
0.019684,0.0015259,4.9341
0.018616,0,4.9268
0.018158,-0.0013733,4.9268
0.018158,-0.0018311,4.9243
0.017853,-0.0021362,4.9255
0.018616,-0.00091553,4.9219
0.015106,-0.00015259,4.9207
0.016174,-0.00030518,4.9268
0.013733,-0.00030518,4.9182
0.016632,-0.0019836,4.928
0.016479,-0.0010681,4.9158
0.016785,-0.00030518,4.8999
0.017853,-0.0013733,4.9133
0.018158,0.002594,4.9072
0.019073,0.002594,4.9109
0.019226,0.0016785,4.8938
0.019684,0.00076294,4.9084
0.019226,-0.00045776,4.9109
0.019073,0.00091553,4.906
0.018616,0.0021362,4.9121
0.018158,0.0027466,4.9084
0.017853,0.0030518,4.9097
0.017548,0.0024414,4.9121
0.016327,0.0015259,4.9133
0.016785,0.00030518,4.9207
0.016327,0.00076294,4.9182
0.016937,0.00061035,4.9207
0.016937,0.00030518,4.917
0.016479,0.00061035,4.9158
0.018005,-0.00045776,4.9243
0.018311,-0.00061035,4.9243
0.018768,-0.0015259,4.9243
0.018005,-0.0012207,4.9304
0.018005,-0.0012207,4.928
0.018463,-0.0010681,4.9304
0.018616,-0.0010681,4.9292
0.019073,-0.0015259,4.9231
0.018921,-0.0027466,4.9353
0.019989,-0.0018311,4.9341
0.019989,-0.0012207,4.9292
0.021973,-0.00045776,4.9329
0.023041,-0.00030518,4.939
0.023499,0.00045776,4.9353
0.027161,0.00061035,4.9426
0.026855,0,4.9377
0.026093,-0.00091553,4.9451
0.024872,-0.0024414,4.9353
0.022888,-0.0033569,4.9146
0.02121,-0.0032043,4.9304
0.019226,-0.0024414,4.928
0.017395,-0.0021362,4.9268
0.016479,-0.0018311,4.9243
0.016022,-0.0018311,4.9207
0.016632,-0.0022888,4.9243
0.016479,-0.0010681,4.9182
0.020447,-0.00015259,4.9207
0.023956,0.0015259,4.9133
0.022736,0.0019836,4.9207
0.024719,0.0016785,4.917
0.02533,0.002594,4.917
0.024872,0.0019836,4.9207
0.023346,0.0013733,4.9146
0.022583,0.00045776,4.9097
0.02182,0.0032043,4.9109
0.020447,0.0036621,4.8926
0.019226,0.0041199,4.9097
0.018158,0.0039673,4.9097
0.0177,0.0028992,4.9109
0.0177,0.0019836,4.9048
0.018005,0.0018311,4.9048
0.018616,0.0016785,4.9133
0.018158,0.00030518,4.9097
0.016632,-0.00045776,4.9158
0.015869,-0.0021362,4.9109
0.014038,-0.0022888,4.9207
0.011749,-0.0022888,4.9194
0.010529,-0.0016785,4.9231
0.010071,0,4.9231
0.0080872,0.00076294,4.9255
0.0099182,0.00091553,4.9268
0.010986,0.0021362,4.9304
0.012054,0.0021362,4.9426
0.013275,0.002594,4.9207
0.015411,0.0028992,4.9255
0.017853,0.004425,4.9304
0.020752,0.004425,0.059814
0.022736,0.0036621,0.057373
0.023346,0.002594,0.063477
0.023651,0.0012207,0.061035
0.023956,0.0012207,0.064697
0.023346,0.0024414,0.062256
0.023193,0.0036621,0.067139
0.023041,0.0048828,0.065918
0.023499,0.004425,0.067139
0.023346,0.0027466,0.064697
0.02243,0.0015259,0.064697
0.022736,0.0016785,0.068359
0.022888,0.0027466,0.057373
0.022888,0.0053406,0.057373
0.023193,0.0071716,0.054932
0.024109,0.007019,0.029297
0.023041,0.0061035,0.05127
0.022583,0.005188,0.047607
0.022736,0.0036621,0.043945
0.021362,0.0039673,0.048828
0.021667,0.005188,0.043945
0.019684,0.0059509,0.041504
0.018463,0.0068665,0.040283
0.018311,0.0074768,0.042725
0.016785,0.0045776,0.03418
0.017242,0.0035095,0.043945
0.016022,0.0032043,0.040283
0.015564,0.0038147,0.041504
0.010834,0.0033569,0.039063
0.011902,0.0028992,0.041504
0.012207,0.0016785,0.037842
0.012207,0.00091553,0.039063
0.01236,-0.00091553,0.045166
0.013123,-0.0018311,0.041504
0.013123,-0.0012207,0.039063
0.014343,-0.00030518,0.040283
0.013885,0.0013733,0.047607
0.016022,0.0021362,0.046387
0.017853,0.0035095,0.05127
0.017395,0.0030518,0.050049
0.018616,0.0028992,0.058594
0.019226,0.0039673,0.054932
0.020905,0.0039673,0.061035
0.02121,0.0054932,0.058594
0.021667,0.0062561,0.063477
0.023041,0.0064087,0.058594
0.022736,0.0061035,0.063477
0.023804,0.0061035,0.074463
0.024261,0.005188,0.062256
0.023804,0.0047302,0.062256
0.023193,0.0054932,0.062256
0.021515,0.004425,0.05127
0.020447,0.0042725,0.063477
0.018158,0.0033569,0.065918
0.016937,0.0022888,0.067139
0.016022,0.0010681,0.064697
0.015106,-0.00061035,0.058594
0.018005,-0.0015259,0.063477
0.016785,-0.0030518,0.058594
0.017853,-0.0022888,0.056152
0.018616,0.00076294,0.05249
0.018616,-0.0032043,0.053711
0.020599,-0.0024414,0.05127
0.02182,-0.0024414,0.05127
0.021667,-0.0024414,0.050049
0.023041,-0.00091553,0.047607
0.022278,-0.0012207,0.05127
0.022736,-0.00091553,0.048828
0.023499,0.00030518,0.053711
0.025482,0.00030518,0.042725
0.027771,0.0010681,0.026855
0.029449,0.0018311,0.036621
0.029297,0.00045776,0.037842
0.030518,0.0010681,0.036621
0.030518,0.00076294,0.039063
0.03006,0.00076294,0.039063
0.029297,-0.0010681,0.040283
0.028534,-0.0012207,0.0354
0.026398,-0.0013733,0.041504
0.024567,-0.00061035,0.040283
0.023956,-0.0045776,0.043945
0.02243,-0.0059509,0.041504
0.02182,-0.0065613,0.041504
0.023499,-0.0061035,0.056152
0.02243,-0.0053406,0.047607
0.023499,-0.0045776,0.057373
0.023499,-0.0042725,0.056152
0.021973,-0.0042725,0.046387
0.024567,-0.004425,0.054932
0.024719,-0.0035095,0.057373
0.025482,-0.0033569,0.057373
0.025787,-0.0022888,0.062256
0.025787,-0.0016785,0.059814
0.026398,-0.0012207,0.062256
0.026245,0,0.059814
0.025482,0,0.063477
0.025787,0,0.059814
0.02594,-0.00045776,0.061035
0.027008,-0.00061035,0.064697
0.027161,-0.0010681,0.067139
0.028839,-0.0019836,0.063477
0.027618,-0.0024414,0.067139
0.027771,-0.002594,0.072021
0.026398,-0.0039673,0.065918
0.02533,-0.0045776,0.073242
0.024872,-0.0056458,0.062256
0.023346,-0.0056458,0.05127
0.022736,-0.0054932,0.054932
0.021973,-0.0041199,0.054932
0.019379,-0.0028992,0.05127
0.019379,-0.0024414,0.05249
0.018158,-0.0019836,0.046387
0.019684,-0.0021362,0.047607
0.020294,-0.0012207,0.045166
0.021973,-0.00076294,0.048828
0.023956,-0.00061035,0.042725
0.024872,0.00015259,0.046387
0.025024,0.00015259,4.0662
0.025177,-0.00061035,4.856
0.02533,-0.00061035,4.9133
0.024719,0,4.9084
0.026703,0.00045776,4.9084
0.027313,0.0013733,4.9084
0.027008,0.0028992,4.895
0.025177,0.0032043,4.9084
0.026093,0.0033569,4.9109
0.02655,0.0030518,4.9109
0.029144,-0.002594,4.9084
0.030975,0.0032043,4.9084
0.033112,0.0032043,4.9109
0.034332,0.0027466,4.8962
0.033875,0.0022888,4.9146
0.033417,0.002594,4.9146
0.032043,0.0010681,4.9194
0.031891,0.0015259,4.9194
0.032501,0.0019836,4.9231
0.032196,0.0036621,4.9268
0.032196,0.0048828,4.928
0.030518,0.0057983,4.9304
0.029907,0.0062561,4.9329
0.029144,0.0065613,4.9426
0.03006,0.0064087,4.9316
0.030975,0.0068665,4.9182
0.030212,0.007019,4.9353
0.030212,0.007019,4.9304
0.029297,0.007019,4.9304
0.027008,0.0065613,4.9329
0.025024,0.0057983,4.9365
0.023193,0.0045776,4.9353
0.022583,0.0042725,4.9304
0.022125,0.0035095,4.9402
0.021057,0.0035095,4.9304
0.02121,0.0032043,4.9365
0.022125,0.0028992,4.9109
0.02243,0.0016785,4.9316
0.024109,0.0013733,4.9304
0.024872,0.0010681,4.928
0.026093,0.0010681,4.9231
0.027313,0.0019836,4.9219
0.027771,0.0028992,4.9207
0.028076,0.0038147,4.917
0.029449,0.004425,4.9194
0.028534,0.0048828,4.9146
0.027924,0.0056458,4.917
0.028229,0.0050354,4.9158
0.028839,0.0074768,4.9121
0.029297,0.0073242,4.9036
0.028687,0.0061035,4.9146
0.03006,0.0050354,4.9084
0.028687,0.0041199,4.9121
0.027313,0.0030518,4.9097
0.02655,0.0027466,4.9194
0.025482,0.0024414,4.9011
0.025635,0.0019836,4.9133
0.025787,0.0016785,4.9219
0.026245,0.0010681,4.9097
0.025024,0.00061035,4.9158
0.024719,-0.00030518,4.9146
0.023346,0.0016785,4.8962
0.023346,0.0016785,4.9121
0.023651,0.0018311,4.9146
0.023956,0.0019836,4.9194
0.024719,0.0022888,4.9146
0.02533,0.0012207,4.9304
0.02594,0.0022888,4.928
0.025635,0.0021362,4.928
0.025635,0.0021362,4.9304
0.02594,0.0022888,4.928
0.026703,0.0028992,4.9329
0.027618,0.0038147,4.939
0.028687,0.004425,4.9353
0.027466,0.0047302,4.9414
0.02594,0.0053406,4.9329
0.024567,0.0054932,4.9304
0.024109,0.0053406,4.9365
0.023956,0.0054932,4.9402
0.023956,0.0050354,4.9341
0.023804,0.0045776,4.9463
0.023193,0.0038147,4.9377
0.02243,0.0032043,4.9316
0.020905,0.002594,4.9304
0.020599,0.0015259,4.9341
0.019989,0.0019836,4.9292
0.018768,0.0022888,4.928
0.017548,0.0035095,4.9219
0.01709,0.004425,4.9243
0.016327,0.0035095,4.9194
0.016022,0.002594,4.9207
0.015717,0.0019836,4.917
0.015869,0.0019836,4.9268
0.016022,0.0033569,4.9243
0.016785,0.0048828,4.9182
0.01709,0.0053406,4.9243
0.019684,0.0042725,4.9121
0.016327,0.0032043,4.8877
0.014954,0.0010681,4.9109
0.014954,0.0010681,4.9109
0.012207,0.0010681,4.9072
0.011292,0.0019836,4.9084
0.011292,0.0022888,4.9084
0.0090027,0.0012207,4.9133
0.011597,0.00015259,4.9121
0.014038,-0.00030518,4.9133
0.014954,0.00045776,4.9097
0.01709,0.0010681,4.9133
0.018158,0.0022888,4.9133
0.018921,0.0035095,4.917
0.019073,0.0042725,0.057373
0.019836,0.0028992,0.05127
0.018463,0.0018311,0.05249
0.017395,0.00030518,0.047607
0.016022,0.00030518,0.054932
0.015106,0.00030518,0.057373
0.016174,0.00076294,0.05127
0.015717,0.0013733,0.058594
0.016327,0.0022888,0.062256
0.01709,0.00061035,0.059814
0.018311,-0.00045776,0.062256
0.019684,-0.00030518,0.062256
0.020905,-0.00061035,0.062256
0.021515,0.0019836,0.061035
0.020447,0.0027466,0.063477
0.019684,0.0016785,0.057373
0.018311,0.0018311,0.067139
0.016327,0,0.064697
0.016022,-0.0015259,0.067139
0.011749,-0.0013733,0.078125
0.015717,-0.0018311,0.065918
0.016022,-0.0015259,0.06958
0.0177,-0.00045776,0.057373
0.019226,0,0.043945
0.021667,0,0.056152
0.023193,0.00045776,0.058594
0.023041,0.0015259,0.05249
0.024719,0.0033569,0.048828
0.024261,0.0039673,0.046387
0.024261,0.0038147,0.05249
0.017853,0.0035095,0.045166
0.020599,0.0022888,0.050049
0.018616,0.00015259,0.042725
0.01709,0,0.046387
0.016174,-0.0018311,0.043945
0.017395,-0.0012207,0.042725
0.018311,-0.00015259,0.045166
0.018463,0.00045776,0.039063
0.016327,0.00076294,0.03418
0.018311,0.00091553,0.042725
0.018616,0,0.028076
0.019226,-0.0027466,0.039063
0.019379,0.00030518,0.031738
0.018768,0.00045776,0.039063
0.018158,-0.00015259,0.037842
0.016327,-0.00091553,0.037842
0.015411,-0.002594,0.042725
0.014496,-0.0032043,0.042725
0.01358,-0.0027466,0.041504
0.016174,-0.00045776,0.042725
0.0177,0.00076294,0.053711
0.020294,0.0028992,0.050049
0.021362,0.0039673,0.058594
0.02121,0.0015259,0.058594
0.022888,-0.00030518,0.058594
0.024414,-0.00030518,0.062256
0.026093,-0.00091553,0.062256
0.028229,0.00030518,0.073242
0.028992,0.0015259,0.059814
0.028839,0.0016785,0.048828
0.027008,0.0042725,0.062256
0.025177,0.0012207,0.061035
0.023804,0.00061035,0.062256
0.022888,0.0013733,0.065918
0.022583,0.0015259,0.063477
0.022125,0.0018311,0.065918
0.022125,0.0027466,0.06958
0.019684,0.0022888,0.067139
0.021667,0.00091553,0.061035
0.021362,-0.00076294,0.062256
0.022125,-0.0024414,0.061035
0.023193,-0.0032043,0.058594
0.023041,-0.0015259,0.056152
0.023499,0.00076294,0.053711
0.023193,0.002594,0.054932
0.023041,0.0035095,0.050049
0.022583,0.0035095,0.048828
0.021667,0.0022888,0.048828
0.02182,0.0012207,0.045166
0.021515,0.0010681,0.042725
0.02121,0.00045776,0.043945
0.021667,0.00091553,0.040283
0.020905,0.0012207,0.041504
0.020294,0.0016785,0.036621
0.018768,0.0021362,0.041504
0.019379,0.0010681,0.036621
0.019226,0.0015259,0.042725
0.019379,0.0016785,0.041504
0.018768,0.0016785,0.041504
0.017853,0.0018311,0.041504
0.017395,0.0012207,0.042725
0.016785,0.00061035,0.056152
0.017242,-0.0015259,0.039063
0.017395,-0.0018311,0.050049
0.018311,-0.0027466,0.042725
0.018768,-0.0019836,0.029297
0.018768,-0.00030518,0.045166
0.018158,0.0010681,0.048828
0.0177,0.0013733,0.047607
0.01709,0.0010681,0.056152
0.017395,0.00015259,0.05249
0.018005,-0.00015259,0.061035
0.017548,0.00015259,0.059814
0.016785,0.00030518,0.064697
0.017242,0.00030518,0.058594
0.014801,-0.00015259,0.061035
0.014191,-0.00091553,0.061035
0.015869,-0.0021362,0.064697
0.016327,-0.0027466,0.067139
0.016174,-0.0021362,0.058594
0.01709,-0.0012207,0.062256
0.0177,-0.00091553,0.065918
0.018158,-0.00045776,0.078125
0.019836,-0.0010681,0.064697
0.021667,-0.0013733,0.063477
0.023346,-0.00076294,0.064697
0.024567,0.00091553,0.064697
0.02655,0.0030518,4.3323
0.025482,0.0036621,4.8901
0.025635,0.0032043,4.9207
0.026093,0.0024414,4.9194
0.026245,0.0012207,4.9207
0.026703,0.00061035,4.9243
0.026855,0.0016785,4.917
0.027008,0.0016785,4.9207
0.027313,0.0027466,4.9182
0.027618,0.0027466,4.9194
0.027924,0.0016785,4.9219
0.027466,-0.00015259,4.9146
0.02655,-0.0019836,4.9109
0.024567,-0.0038147,4.9121
0.022278,-0.0042725,4.8999
0.020599,-0.0035095,4.9084
0.019989,-0.0030518,4.9084
0.018311,-0.0028992,4.9048
0.017853,-0.0027466,4.9084
0.017548,-0.0032043,4.9084
0.019379,-0.0028992,4.9097
0.020599,-0.0038147,4.9084
0.023041,-0.0033569,4.9109
0.025177,-0.0015259,4.9084
0.02655,-0.00045776,4.9158
0.027466,0.00015259,4.917
0.027313,-0.00030518,4.9182
0.027313,-0.00076294,4.9133
0.02655,-0.00091553,4.9207
0.026855,0,4.9255
0.027008,0.002594,4.9255
0.028381,0.0048828,4.9353
0.029297,0.0056458,4.9304
0.029602,0.0057983,4.9133
0.031281,0.0045776,4.9304
0.031281,0.002594,4.9365
0.031891,0.0022888,4.9329
0.03067,0.0019836,4.9292
0.029144,0.0024414,4.9255
0.027924,-0.00030518,4.9341
0.02594,-0.0016785,4.9341
0.024567,-0.0035095,4.9353
0.024414,-0.004425,4.9329
0.02243,-0.0024414,4.9377
0.021515,-0.002594,4.9329
0.020142,-0.00076294,4.9377
0.022125,0.00061035,4.9463
0.021515,0.0013733,4.9341
0.022888,0.0010681,4.9292
0.024567,0.00076294,4.9304
0.023041,0.00076294,4.9133
0.02594,0.0012207,4.9231
0.026855,0.0027466,4.9219
0.027618,0.0038147,4.9219
0.030212,0.0059509,4.9207
0.029907,0.0065613,4.9158
0.030975,0.0057983,4.9158
0.031891,0.0059509,4.9121
0.031433,0.0083923,4.9146
0.030823,0.0065613,4.9084
0.031281,0.0065613,4.9146
0.031433,0.0067139,4.9121
0.030823,0.0041199,4.9146
0.030518,0.0027466,4.9109
0.030365,0.0012207,4.9109
0.03067,0.00091553,4.9194
0.031128,0.0018311,4.9084
0.03067,0.0033569,4.9182
0.030365,0.0041199,4.9036
0.029602,0.0061035,4.9011
0.028229,0.0057983,4.9121
0.027313,0.0048828,4.9109
0.026093,0.0027466,4.9109
0.025635,0.0033569,4.9182
0.024567,0.0041199,4.9146
0.024414,0.0054932,4.9194
0.024261,0.0074768,4.9194
0.022888,0.0067139,4.9329
0.02182,0.0053406,4.9255
0.02121,0.0038147,4.9268
0.021057,0.0019836,4.9304
0.021057,0.002594,4.9329
0.02121,0.0048828,4.9377
0.024567,0.0079346,4.9329
0.020599,0.0090027,4.9353
0.020599,0.0090027,4.9304
0.021057,0.0067139,4.9329
0.021667,0.0041199,4.9365
0.022278,0.0036621,4.9316
0.02243,0.0038147,4.9329
0.022736,0.005188,4.9353
0.024109,0.0054932,4.9377
0.021515,0.005188,4.939
0.020905,0.0027466,4.9353
0.019531,-0.00015259,4.9329
0.019073,-0.0021362,4.9268
0.019073,-0.0027466,4.9316
0.019073,-0.00061035,4.928
0.020905,-0.0016785,4.9231
0.020447,0.0016785,4.9231
0.019836,0.0015259,4.9255
0.020599,-0.00015259,4.9316
0.021973,-0.0045776,4.917
0.02121,-0.0012207,4.9268
0.02182,-0.00076294,4.9207
0.02182,0.00091553,4.9048
0.021515,0.00091553,4.9133
0.020294,0,4.917
0.019531,-0.0018311,4.9121
0.018768,-0.0022888,4.8999
0.018768,-0.0039673,0.045166
0.02182,-0.002594,0.041504
0.023956,-0.0015259,0.036621
0.02655,0,0.041504
0.027771,-0.0010681,0.037842
0.029602,-0.002594,0.041504
0.030975,-0.0038147,0.036621
0.031738,-0.0032043,0.041504
0.032196,-0.0019836,0.053711
0.032501,0,0.042725
0.031891,0.0024414,0.047607
0.031586,0.002594,0.048828
0.029602,0.0019836,0.036621
0.028687,0.0010681,0.048828
0.027924,0.0019836,0.053711
0.028076,0.0013733,0.054932
0.028534,0.0033569,0.056152
0.028534,0.005188,0.056152
0.028229,0.0059509,0.061035
0.027924,0.0054932,0.061035
0.027466,0.0024414,0.059814
0.026703,0.00091553,0.056152
0.026398,-0.00015259,0.065918
0.024261,0.00030518,0.061035
0.02243,0.0010681,0.063477
0.016479,0.0033569,0.064697
0.018158,0,0.064697
0.016632,-0.0016785,0.065918
0.015411,-0.0033569,0.067139
0.016022,-0.0038147,0.079346
0.017242,-0.0047302,0.065918
0.018616,-0.0036621,0.05127
0.017853,-0.0021362,0.061035
0.019989,-0.00015259,0.061035
0.019836,0.00045776,0.054932
0.020142,0,0.057373
0.021057,-0.0016785,0.050049
0.02182,-0.0010681,0.05249
0.022736,0.00045776,0.048828
0.022888,0.0032043,0.050049
0.023193,0.0056458,0.041504
0.022736,0.0056458,0.042725
0.02182,0.004425,0.045166
0.023041,0.0038147,0.048828
0.024414,0.0030518,0.047607
0.026093,0.0030518,0.043945
0.02655,0.0047302,0.043945
0.02655,0.0083923,0.037842
0.025024,0.0054932,0.030518
0.023651,0.0038147,0.040283
0.023041,0.0016785,0.037842
0.022125,-0.0015259,0.037842
0.021667,-0.00061035,0.0354
0.020447,0.00015259,0.037842
0.020905,0.00045776,0.041504
0.019989,0.0010681,0.036621
0.019989,0,0.045166
0.020447,-0.0015259,0.042725
0.020905,-0.0016785,0.046387
0.021667,-0.0021362,0.050049
0.023499,-0.00076294,0.053711
0.023499,0.0013733,0.050049
0.023346,0.002594,0.058594
0.02121,0.0036621,0.057373
0.021515,0.0042725,0.057373
0.020599,0.0035095,0.06958
0.020599,0.0018311,0.063477
0.021057,0.0012207,0.046387
0.022278,0.00091553,0.059814
0.023041,0.0013733,0.062256
0.02243,0.0021362,0.061035
0.021362,0.0015259,0.061035
0.021667,-0.00091553,0.057373
0.020599,-0.0033569,0.064697
0.021515,-0.0041199,0.059814
0.021362,-0.0038147,0.067139
0.021515,-0.0032043,0.063477
0.020599,-0.0022888,0.070801
0.019684,-0.0024414,0.065918
0.019531,-0.002594,0.064697
0.020599,-0.0027466,0.073242
0.023956,-0.0024414,0.057373
0.024567,-0.00076294,0.057373
0.025482,0.0010681,0.056152
0.025635,0.0019836,0.046387
0.024872,0.004425,0.050049
0.023804,0.0036621,0.048828
0.022125,0.0027466,0.046387
0.021057,0.002594,0.047607
0.020599,0.0019836,0.046387
0.019836,0.0030518,0.046387
0.018616,0.0041199,0.041504
0.016785,0.0045776,0.040283
0.014648,0.0038147,0.036621
0.013885,0.0019836,0.043945
0.01358,0.00015259,0.036621
0.014648,-0.0018311,0.039063
0.015717,-0.0021362,0.039063
0.015564,-0.0024414,0.041504
0.015869,-0.0016785,0.048828
0.014496,-0.0021362,0.039063
0.012817,-0.0030518,0.05249
0.012207,-0.005188,0.039063
0.012512,-0.0085449,0.030518
0.014954,-0.007782,0.041504
0.016632,-0.0064087,0.046387
0.018616,-0.0038147,0.045166
0.019379,-0.0012207,0.047607
0.019684,0.0012207,0.05127
0.022125,0.0016785,0.053711
0.024414,0.0015259,0.054932
0.028076,0.0012207,0.059814
0.030365,0.0010681,0.054932
0.030975,0.0024414,0.062256
0.029602,0.0032043,0.064697
0.027161,0.0045776,0.064697
0.025024,0.0035095,0.068359
0.024414,0.0024414,4.5837
0.024567,0.00061035,4.9048
0.026093,-0.0010681,4.9292
0.027161,-0.00091553,4.9365
0.026703,0.0013733,4.9329
0.025482,0,4.9243
0.023651,0.00045776,4.9353
0.022583,0.0010681,4.9353
0.022888,0.0027466,4.9353
0.023346,0.00076294,4.9353
0.023193,0.0012207,4.9292
0.021667,0.0010681,4.9304
0.019989,0.0022888,4.9255
0.016632,0.0028992,4.9292
0.014801,0.0032043,4.9182
0.015717,0.0033569,4.9243
0.016479,0.0035095,4.9194
0.018768,0.0035095,4.9207
0.021057,0.0036621,4.9316
0.024261,0.0047302,4.9182
0.019226,0.0053406,4.9158
0.017548,0.0048828,4.9182
0.01709,0.0048828,4.8962
0.016632,0.0039673,4.9109
0.016632,0.0019836,4.9133
0.015717,0.0016785,4.9121
0.015106,0.0013733,4.9097
0.013733,0.0013733,4.9097
0.012054,0.0013733,4.9133
0.011139,0.0010681,4.9097
0.012054,0.00015259,4.9109
0.01236,-0.00091553,4.9011
0.016632,-0.0012207,4.9133
0.017853,-0.00091553,4.9084
0.016785,0.00030518,4.9133
0.014648,-0.00061035,4.9121
0.014038,-0.0010681,4.917
0.012054,-0.00076294,4.9133
0.013428,0.00015259,4.9194
0.013428,-0.00091553,4.9292
0.013123,0.00015259,4.9255
0.01297,-0.00015259,4.9182
0.011749,0.0019836,4.9255
0.011292,0.002594,4.9304
0.012512,0.0038147,4.928
0.015259,0.0048828,4.928
0.016937,0.0048828,4.9316
0.019989,0.0038147,4.9341
0.019989,0.0035095,4.9304
0.019379,0.0033569,4.9353
0.018158,0.0024414,4.9292
0.018158,0.0039673,4.9365
0.019226,0.0047302,4.9255
0.019989,0.0030518,4.9365
0.023956,0.0038147,4.9475
0.025787,0.0033569,4.939
0.024872,0.0032043,4.939
0.026855,0.0030518,4.939
0.026398,0.0036621,4.9231
0.027313,0.0041199,4.9316
0.028534,0.005188,4.9268
0.029907,0.0048828,4.9231
0.030975,0.005188,4.9243
0.029297,0.0079346,4.9194
0.025787,0.004425,4.9182
0.022125,0.0041199,4.9158
0.019684,0.0035095,4.9194
0.018005,0.0032043,4.9121
0.018463,0.0013733,4.9194
0.019379,0.00015259,4.9194
0.019226,-0.00091553,4.917
0.017548,-0.0035095,4.9097
0.014801,-0.0015259,4.9121
0.015564,-0.00076294,4.917
0.016174,-0.00015259,4.9084
0.01709,-0.00030518,4.9146
0.019531,-0.00045776,4.9097
0.020905,-0.0013733,4.9072
0.019531,-0.00061035,4.9097
0.018158,-0.00061035,4.9072
0.017548,0.00061035,4.9121
0.018768,0.002594,4.9109
0.022583,0.0050354,4.9097
0.023346,0.0035095,4.9146
0.029144,0.0039673,4.9048
0.029602,0.0028992,4.9231
0.029602,0.0042725,4.9207
0.028381,0.0041199,4.9243
0.027313,0.0045776,4.9231
0.026855,0.0054932,4.9255
0.027313,0.0059509,4.9402
0.027924,0.0035095,4.9304
0.025787,0.0022888,4.9353
0.023499,0.00061035,4.9353
0.020905,-0.00045776,4.9158
0.018616,-0.00091553,4.9292
0.018616,-0.00015259,4.9316
0.020142,0.00015259,4.9304
0.02182,0,4.9304
0.023651,-0.0016785,4.9304
0.023193,-0.0013733,4.9377
0.021973,-0.002594,4.9341
0.019379,-0.00045776,4.9353
0.019073,0.0018311,4.9329
0.020447,0.0035095,4.9377
0.023651,0.0021362,4.9304
0.024109,0.0021362,4.9329
0.028076,0.0015259,4.9365
0.029297,0.0015259,4.9292
0.028839,0.0033569,4.9268
0.029297,0.0054932,0.053711
0.031433,0.0068665,0.058594
0.03418,0.0074768,0.047607
0.037537,0.0061035,0.039063
0.03952,0.005188,0.046387
0.039063,0.004425,0.046387
0.035858,0.0041199,0.037842
0.034027,0.0054932,0.045166
0.032196,0.0068665,0.039063
0.032654,0.0067139,0.042725
0.033112,0.0062561,0.037842
0.034027,0.0041199,0.041504
0.032501,0.0022888,0.039063
0.030212,-0.00015259,0.039063
0.026855,0.00045776,0.041504
0.024261,0.0010681,0.041504
0.024567,0.0016785,0.046387
0.026398,0.0015259,0.042725
0.027924,0.00091553,0.048828
0.028229,0.00045776,0.040283
0.02655,0.00076294,0.03418
0.025482,0.0010681,0.043945
0.023956,0.0041199,0.043945
0.024872,0.0061035,0.045166
0.026855,0.010986,0.05249
0.028839,0.007019,0.05249
0.029602,0.004425,0.054932
0.028839,0.0028992,0.053711
0.026398,0.0016785,0.059814
0.024567,0.0019836,0.059814
0.022125,0.0028992,0.063477
0.023041,0.0030518,0.063477
0.023956,0.0010681,0.063477
0.025482,-0.0030518,0.065918
0.02594,-0.0065613,0.064697
0.025177,-0.0080872,0.061035
0.024414,-0.0074768,0.062256
0.023956,-0.0054932,0.075684
0.023499,-0.0038147,0.061035
0.024567,-0.0036621,0.063477
0.02594,-0.0050354,0.064697
0.027313,-0.0068665,0.065918
0.027313,-0.0073242,0.058594
0.026245,-0.0062561,0.064697
0.025482,-0.0036621,0.058594
0.025787,-0.0021362,0.062256
0.027924,-0.0016785,0.053711
0.03006,-0.0038147,0.054932
0.031738,-0.0056458,0.053711
0.032501,-0.0076294,0.054932
0.030975,-0.0080872,0.043945
0.028381,-0.0065613,0.050049
0.027771,-0.0036621,0.059814
0.028229,-0.0016785,0.050049
0.030975,-0.0018311,0.050049
0.031281,-0.0033569,0.046387
0.033264,-0.0050354,0.026855
0.033264,-0.0056458,0.036621
0.032501,-0.0056458,0.039063
0.032043,-0.0027466,0.039063
0.031586,-0.0010681,0.039063
0.033264,-0.00091553,0.03418
0.033875,-0.002594,0.040283
0.034027,-0.0039673,0.037842
0.033112,-0.0045776,0.040283
0.029907,-0.0045776,0.0354
0.027161,-0.0027466,0.041504
0.024414,-0.00015259,0.041504
0.02533,0.00076294,0.045166
0.024567,0.00076294,0.046387
0.024414,-0.0015259,0.05127
0.02533,-0.0030518,0.046387
0.023804,-0.0047302,0.050049
0.022278,-0.0032043,0.057373
0.019684,-0.0015259,0.05127
0.018311,-0.00045776,0.050049
0.018311,-0.0013733,0.058594
0.018463,-0.0022888,0.058594
0.018616,-0.004425,0.059814
0.017853,-0.0050354,0.05249
0.015717,-0.0041199,0.061035
0.014038,-0.0024414,0.059814
0.01297,-0.00061035,0.058594
0.01358,0.00045776,0.063477
0.016022,0.00015259,0.057373
0.017853,-0.0015259,0.064697
0.019989,-0.0030518,0.065918
0.020142,-0.0035095,0.068359
0.020142,-0.00061035,0.076904
0.018768,0.0021362,0.068359
0.019684,0.0015259,0.064697
0.024567,0.004425,0.063477
0.02243,0.0027466,0.043945
0.023804,0.00061035,0.057373
0.022736,0.00076294,0.056152
0.020447,0.0016785,0.050049
0.019531,0.0053406,0.05127
0.018768,0.0073242,0.050049
0.019989,0.011139,0.047607
0.020905,0.0064087,0.048828
0.02182,0.0036621,0.048828
0.020294,0.0019836,0.045166
0.014954,0.0019836,0.043945
0.014343,0.0036621,0.040283
0.011749,0.0053406,0.042725
0.011597,0.004425,0.037842
0.012054,0.0045776,0.042725
0.01297,0.002594,0.047607
0.013275,0.00015259,0.037842
0.012207,0.00061035,0.05127
0.012207,0,0.039063
0.010834,0.0012207,0.031738
0.011597,0.0021362,0.039063
0.014038,0.00076294,0.037842
0.016785,0.00045776,0.040283
0.018921,-0.0015259,0.041504
0.019531,-0.0028992,0.70068
0.017853,-0.0047302,4.6692
0.017395,-0.00076294,4.895
0.018005,0.0012207,4.9207
0.019684,0.0039673,4.917
0.021973,0.004425,4.9243
0.023346,0.0041199,4.9243
0.022888,0.0027466,4.9304
0.02182,0.0016785,4.9402
0.019989,0.0013733,4.928
0.018616,0.0038147,4.9304
0.018158,0.0067139,4.9329
0.016022,0.007019,4.9304
0.019379,0.0053406,4.9329
0.019226,0.0022888,4.9377
0.017853,0.00061035,4.9329
0.014038,0.0013733,4.9304
0.014954,0.0021362,4.9316
0.015259,0.0033569,4.9365
0.016174,0.0024414,4.9377
0.0177,0.0018311,4.9377
0.018768,-0.00030518,4.9329
0.018158,-0.0019836,4.9365
0.019836,-0.00076294,4.9329
0.014954,0.0019836,4.9316
0.014191,0.0048828,4.9292
0.015717,0.007782,4.9292
0.017548,0.0083923,4.9329
0.019531,0.0064087,4.9255
0.021057,0.005188,4.9304
0.020905,0.0054932,4.9207
0.019531,0.0041199,4.9036
0.018463,0.0059509,4.9182
0.018616,0.0073242,4.9158
0.020142,0.0065613,4.9158
0.020905,0.0042725,4.9146
0.020294,0.0018311,4.9097
0.018311,-0.00061035,4.9133
0.015869,0.00015259,4.9084
0.01297,0.0030518,4.9109
0.012207,0.004425,4.906
0.01358,0.007019,4.9146
0.015106,0.0047302,4.9121
0.016174,0.0016785,4.9133
0.016785,-0.0018311,4.9097
0.016479,-0.004425,4.9109
0.017395,-0.0010681,4.9109
0.017395,0.00076294,4.9109
0.019379,0.0033569,4.9097
0.02182,0.0035095,4.9158
0.021362,0.0027466,4.9133
0.020905,0.00045776,4.917
0.019684,-0.00061035,4.9182
0.018768,0.0013733,4.9231
0.019836,0.0030518,4.9231
0.020752,0.0059509,4.9268
0.02243,0.011749,4.9341
0.024567,0.0061035,4.9304
0.025787,0.0050354,4.9341
0.027008,0.0027466,4.9329
0.027008,0.0016785,4.9341
0.026398,0.0019836,4.9255
0.023956,0.0032043,4.9341
0.024719,0.005188,4.9402
0.023346,0.0045776,4.9353
0.025024,0.0022888,4.9402
0.025024,-0.00076294,4.9353
0.024414,-0.0024414,4.9194
0.023346,-0.00076294,4.9341
0.020905,0.0010681,4.9341
0.020447,0.004425,4.9316
0.020599,0.0062561,4.9316
0.022125,0.005188,4.928
0.022278,0.0036621,4.9292
0.021362,0.0024414,4.9243
0.016174,0.0027466,4.9243
0.016022,0.0036621,4.9121
0.012665,0.0048828,4.9207
0.01236,0.0041199,4.9231
0.01297,0.0018311,4.9219
0.012054,-0.0013733,4.9231
0.011597,-0.0048828,4.9146
0.010834,-0.0064087,4.9109
0.010986,-0.0062561,4.9182
0.012054,-0.0045776,4.9048
0.011749,-0.002594,4.9084
0.014496,-0.0033569,4.9097
0.016632,-0.0056458,4.9121
0.018005,-0.0067139,4.9097
0.018921,-0.0073242,4.9084
0.019684,-0.0064087,4.9109
0.020447,-0.0039673,4.9084
0.021667,-0.0012207,4.9084
0.023499,-0.0010681,4.8975
0.023956,-0.0021362,4.9158
0.027313,-0.0022888,4.9121
0.027161,-0.0050354,4.9146
0.026093,-0.0061035,4.9133
0.024719,-0.0036621,4.9182
0.023193,-0.0013733,4.9255
0.023041,0.00045776,4.9268
0.024414,0.0012207,4.9353
0.025787,-0.00045776,4.9268
0.025787,-0.0024414,4.9194
0.025787,-0.0027466,4.9329
0.024109,-0.0021362,4.9268
0.022736,0.00030518,4.9292
0.02121,0.0035095,4.9292
0.020905,0.0041199,4.9316
0.020752,0.0022888,4.9316
0.020905,0.00061035,0.063477
0.021973,-0.0018311,0.063477
0.021057,-0.0027466,0.058594
0.02121,-0.0012207,0.065918
0.021362,0.00015259,0.061035
0.022888,-0.00061035,0.067139
0.026093,-0.00061035,0.073242
0.028687,-0.0033569,0.070801
0.030823,-0.0067139,0.063477
0.032043,-0.0074768,0.065918
0.031433,-0.0068665,0.061035
0.029755,-0.0048828,0.057373
0.028839,-0.0030518,0.054932
0.027161,-0.0019836,0.05127
0.026703,-0.0022888,0.05127
0.026703,-0.0033569,0.050049
0.026093,-0.004425,0.047607
0.025024,-0.0048828,0.046387
0.023193,-0.0042725,0.047607
0.023651,-0.0021362,0.043945
0.023346,-0.00091553,0.045166
0.024109,-0.0012207,0.043945
0.024109,-0.0033569,0.045166
0.024109,-0.0053406,0.037842
0.023193,-0.0059509,0.042725
0.022736,-0.0057983,0.05127
0.022125,-0.0035095,0.042725
0.022125,-0.0015259,0.050049
0.02121,-0.0010681,0.039063
0.021515,-0.00076294,0.028076
0.023041,-0.0016785,0.036621
0.024261,-0.002594,0.039063
0.025024,-0.0024414,0.041504
0.026703,-0.0012207,0.040283
0.027924,-0.0010681,0.041504
0.029602,-0.00061035,0.046387
0.029297,-0.0012207,0.042725
0.029602,-0.0028992,0.043945
0.029755,-0.0047302,0.046387
0.028381,-0.0083923,0.056152
0.028229,-0.0042725,0.057373
0.025787,-0.0032043,0.061035
0.02533,0.0013733,0.070801
0.024109,-0.0028992,0.062256
0.024719,-0.0038147,0.059814
0.025177,-0.0053406,0.062256
0.025635,-0.0061035,0.063477
0.026093,-0.0062561,0.061035
0.025635,-0.0039673,0.064697
0.024414,-0.0022888,0.05249
0.023956,-0.0021362,0.062256
0.023041,-0.0016785,0.061035
0.022278,-0.00091553,0.067139
0.021667,-0.00076294,0.064697
0.02243,0.00045776,0.067139
0.021973,0.0035095,0.063477
0.023651,0.005188,0.063477
0.025024,0.0048828,0.059814
0.027313,0.0039673,0.056152
0.028381,0.0038147,0.057373
0.029907,0.002594,0.056152
0.030212,0.0027466,0.067139
0.030975,0.004425,0.056152
0.030823,0.0050354,0.062256
0.029144,0.0056458,0.047607
0.028839,0.0050354,0.039063
0.02594,0.0045776,0.046387
0.024414,0.0050354,0.047607
0.022583,0.0056458,0.042725
0.02243,0.007019,0.041504
0.02182,0.0073242,0.039063
0.022278,0.007019,0.041504
0.019836,0.0033569,0.039063
0.020752,0.0033569,0.042725
0.019836,0.0013733,0.0354
0.020905,0,0.041504
0.018768,0.00030518,0.043945
0.020294,0.0018311,0.040283
0.019073,0.0036621,0.041504
0.019073,0.0061035,0.039063
0.019226,0.0056458,0.036621
0.018158,0.0057983,0.041504
0.017853,0.0065613,0.042725
0.01709,0.010681,0.045166
0.018158,0.0086975,0.03418
0.018768,0.0097656,0.046387
0.018921,0.0097656,0.05249
0.019531,0.0083923,0.05249
0.018921,0.0053406,0.057373
0.018616,0.0027466,0.057373
0.019073,0.0013733,0.058594
0.019226,0.0048828,0.058594
0.019836,0.0018311,0.064697
0.019379,0.0027466,0.061035
0.022125,0.0022888,0.064697
0.018616,0.0015259,0.058594
0.018616,0.00045776,0.062256
0.019684,0.00015259,0.073242
0.021362,-0.00091553,0.062256
0.022888,0.00015259,0.065918
0.024261,0.0010681,0.061035
0.023651,0.00061035,0.050049
0.021667,0.00030518,0.065918
0.024414,-0.00015259,0.062256
0.025177,-0.00076294,0.062256
0.024261,-0.00045776,0.061035
0.024414,0.0018311,0.056152
0.024109,0.0021362,0.058594
0.023651,0.0027466,0.05249
0.023956,0.0032043,0.054932
0.024109,0.002594,0.047607
0.025177,0.0019836,0.048828
0.025482,0.0018311,0.047607
0.027924,0.0030518,0.046387
0.028381,0.0042725,0.048828
0.028687,0.0042725,0.046387
0.027618,0.0030518,0.048828
0.028076,0.002594,0.3479
0.025482,0.0024414,4.6521
0.023193,0.0024414,4.8914
0.021667,0.0027466,4.8962
0.020752,0.0045776,4.9121
0.020905,0.0053406,4.9097
0.021057,0.0047302,4.9072
0.020599,0.0033569,4.9097
0.020752,0.0027466,4.9084
0.021057,0.0022888,4.9011
0.02182,0.0021362,4.9072
0.020752,0.0016785,4.9158
0.019684,0.0015259,4.9109
0.017853,0.00061035,4.9158
0.016327,-0.00045776,4.917
0.012054,-0.00045776,4.9231
0.011749,-0.00076294,4.9194
0.011139,0.00015259,4.9243
0.012207,0.0021362,4.9292
0.015106,0.0016785,4.9268
0.014038,0.0022888,4.9243
0.014801,0.0022888,4.9329
0.016022,0.0016785,4.9292
0.016632,0,4.9292
0.017395,-0.00030518,4.9329
0.017548,-0.00045776,4.928
0.017242,-0.00015259,4.9231
0.016479,-0.00015259,4.9304
0.015564,0,4.9341
0.016327,0.00091553,4.9304
0.016785,0.0012207,4.9353
0.018768,0.0012207,4.9377
0.019684,0.0016785,4.9377
0.019073,0.0024414,4.9365
0.02182,0.0027466,4.9365
0.024872,0.0032043,4.9402
0.024414,0.0028992,4.9329
0.023041,0.0019836,4.9377
0.022583,0.0012207,4.9292
0.02182,0.00061035,4.9133
0.020752,0.00091553,4.9194
0.019379,0.0021362,4.9219
0.018463,0.0018311,4.9219
0.017242,0.0021362,4.9182
0.016785,-0.0012207,4.9121
0.018005,-0.00061035,4.917
0.018616,-0.00091553,4.9133
0.020599,-0.0013733,4.9121
0.020905,-0.0013733,4.9109
0.022125,-0.0018311,4.9133
0.02182,-0.0024414,4.9109
0.021515,-0.0036621,4.9158
0.019684,-0.0042725,4.9194
0.019684,-0.0027466,4.9133
0.019989,-0.0039673,4.9109
0.019989,-0.0030518,4.9121
0.019684,-0.002594,4.8938
0.019989,-0.0027466,4.9097
0.020142,-0.0028992,4.9109
0.020599,-0.0038147,4.9109
0.021362,-0.0035095,4.9097
0.020752,-0.0027466,4.9121
0.023346,-0.0028992,4.9158
0.023346,-0.0036621,4.9158
0.022583,-0.0045776,4.9231
0.020752,-0.0048828,4.9194
0.018311,-0.0048828,4.928
0.016174,-0.0038147,4.928
0.015106,-0.0022888,4.9304
0.015869,-0.0033569,4.9329
0.014801,-0.0013733,4.9304
0.018158,-0.00061035,4.9329
0.019073,-0.00045776,4.9316
0.019836,0.00015259,4.9426
0.020599,0.00015259,4.9316
0.02121,0.00076294,4.9182
0.022125,0.00045776,4.9329
0.021515,-0.00061035,4.928
0.02121,-0.00091553,4.9341
0.019684,-0.00091553,4.9377
0.018311,-0.00045776,4.9353
0.017853,0.00030518,4.9365
0.01709,0.0021362,4.9341
0.018768,0.0027466,4.9353
0.019989,0.0036621,4.9292
0.022278,0.0036621,4.9304
0.022583,0.0039673,4.928
0.023651,0.0041199,4.928
0.023499,0.0045776,4.9329
0.022125,0.004425,4.9255
0.02121,0.0032043,4.9182
0.019836,0.0019836,4.9207
0.018311,0,4.9048
0.016022,-0.0012207,4.917
0.013733,-0.0019836,4.9146
0.012054,-0.0024414,4.9109
0.011139,-0.0019836,4.9207
0.011749,-0.0016785,4.9109
0.013275,-0.00076294,4.9097
0.016174,0.00015259,4.9097
0.019226,-0.00015259,4.9121
0.020599,0.00030518,4.9072
0.02182,0.00015259,4.9133
0.023956,-0.0018311,4.9097
0.023956,0.00061035,4.9133
0.024109,0.0013733,4.9097
0.022125,0.0015259,4.9133
0.023346,0.0041199,4.9097
0.022583,0.0016785,4.9109
0.023499,0.0024414,0.047607
0.022583,0.0030518,0.047607
0.023651,0.0038147,0.040283
0.023804,0.0042725,0.046387
0.024261,0.0041199,0.05127
0.02533,0.0033569,0.050049
0.027466,0.0028992,0.057373
0.027771,0.0019836,0.057373
0.027161,0.0013733,0.062256
0.027466,0.0030518,0.059814
0.027161,0.0038147,0.059814
0.025635,0.004425,0.059814
0.024567,0.0062561,0.065918
0.022888,0.005188,0.057373
0.02182,0.0047302,0.063477
0.019684,0.0033569,0.078125
0.016479,0.0015259,0.059814
0.016479,0.00091553,0.064697
0.014648,0.00030518,0.065918
0.014496,-0.00091553,0.048828
0.013428,-0.0019836,0.062256
0.013123,-0.002594,0.062256
0.012665,-0.0032043,0.058594
0.012054,-0.0035095,0.059814
0.009613,-0.0022888,0.053711
0.012665,-0.0016785,0.057373
0.012207,-0.00061035,0.05249
0.012207,-0.002594,0.053711
0.011597,-0.00061035,0.050049
0.011139,-0.0019836,0.046387
0.011597,-0.0033569,0.046387
0.013123,-0.0036621,0.047607
0.015869,-0.0036621,0.047607
0.017395,-0.0028992,0.043945
0.018768,-0.0038147,0.046387
0.021057,-0.0045776,0.042725
0.021973,-0.0033569,0.047607
0.023346,-0.0038147,0.037842
0.023346,-0.0041199,0.025635
0.024261,-0.007782,0.036621
0.023651,-0.004425,0.037842
0.023346,-0.0048828,0.036621
0.022888,-0.0062561,0.037842
0.021362,-0.0054932,0.037842
0.021362,-0.0065613,0.039063
0.020905,-0.0038147,0.037842
0.022278,-0.0042725,0.043945
0.02182,-0.00076294,0.040283
0.02243,0.00076294,0.047607
0.02121,0.0018311,0.050049
0.019989,0.0018311,0.046387
0.019836,0.0012207,0.062256
0.019836,0.0012207,0.056152
0.019684,0.00061035,0.059814
0.019684,0.00061035,0.057373
0.019226,-0.00015259,0.054932
0.018616,0.00015259,0.058594
0.017395,0.00030518,0.061035
0.019989,0.0016785,0.061035
0.022125,0.0010681,0.059814
0.023041,0.00015259,0.061035
0.023651,-0.00076294,0.062256
0.024109,-0.0016785,0.059814
0.024567,-0.0022888,0.064697
0.023651,-0.0024414,0.063477
0.023041,-0.0018311,0.065918
0.021973,-0.0013733,0.067139
0.020447,-0.0010681,0.06958
0.019226,-0.0012207,0.065918
0.0177,-0.0016785,0.063477
0.016632,-0.0036621,0.068359
0.016479,-0.004425,0.058594
0.018311,-0.0027466,0.065918
0.016632,-0.0048828,0.053711
0.017242,-0.0056458,0.043945
0.017242,-0.0071716,0.047607
0.019836,-0.009613,0.047607
0.01709,-0.0094604,0.047607
0.016785,-0.010071,0.046387
0.016174,-0.0054932,0.043945
0.016327,-0.0065613,0.046387
0.016327,-0.0035095,0.040283
0.017395,-0.00091553,0.042725
0.019836,0.0018311,0.036621
0.02121,0.0030518,0.043945
0.022583,0.0027466,0.039063
0.023499,0.0028992,0.042725
0.027618,0.0019836,0.050049
0.025482,0.00030518,0.040283
0.027161,0.00015259,0.039063
0.027771,-0.00076294,0.042725
0.030212,-0.0016785,0.025635
0.027313,-0.0035095,0.037842
0.027618,-0.0041199,0.039063
0.027008,-0.004425,0.041504
0.027771,-0.0021362,0.042725
0.027313,-0.0010681,0.042725
0.027771,-0.00076294,0.048828
0.026245,-0.0015259,0.048828
0.024872,-0.00091553,0.053711
0.023346,-0.0010681,0.05249
0.02243,-0.0018311,0.057373
0.022278,-0.0018311,0.057373
0.02182,-0.0022888,0.064697
0.021362,-0.0028992,0.061035
0.021057,-0.0028992,0.062256
0.018158,-0.0035095,0.065918
0.016327,-0.0028992,0.062256
0.016632,-0.0028992,0.072021
0.019073,-0.0028992,0.059814
0.022125,-0.0018311,0.048828
0.024567,-0.00045776,0.062256
0.025635,0.00030518,0.064697
0.025482,0.00091553,0.063477
0.02533,0.00061035,0.070801
0.02594,-0.00030518,0.062256
0.027008,-0.00076294,0.064697
0.027618,0,0.059814
0.027161,0.0013733,3.8416
0.02655,0.0035095,4.8596
0.02594,0.0054932,4.9182
0.025177,0.0067139,4.9207
0.026093,0.0073242,4.9243
0.027618,0.0083923,4.9243
0.030518,0.0085449,4.9194
0.031433,0.0080872,4.917
0.032043,0.0074768,4.9182
0.032349,0.0068665,4.9133
0.030365,0.0061035,4.9158
0.028381,0.005188,4.9097
0.025787,0.0048828,4.9133
0.024109,0.0071716,4.9158
0.021515,0.0050354,4.9109
0.019531,0.0061035,4.9084
0.018616,0.0067139,4.9072
0.018311,0.0067139,4.9048
0.018463,0.0062561,4.9072
0.017853,0.005188,4.9146
0.017853,0.0041199,4.9097
0.019073,0.0033569,4.9133
0.019226,0.0027466,4.9084
0.019379,0.0022888,4.9146
0.019684,0.0032043,4.9231
0.018311,0.0030518,4.9146
0.017395,0.0042725,4.9231
0.015717,0.005188,4.9207
0.016327,0.0065613,4.906
0.017548,0.0067139,4.9219
0.018616,0.0068665,4.9243
0.020599,0.005188,4.9268
0.021362,0.0024414,4.9292
0.02243,0.00015259,4.9268
0.023651,-0.0022888,4.9329
0.024109,-0.002594,4.9329
0.024872,-0.0028992,4.9316
0.026093,-0.0030518,4.928
0.026703,-0.0024414,4.9329
0.027008,-0.0027466,4.9304
0.027161,-0.002594,4.9353
0.02655,-0.0018311,4.9402
0.02594,-0.00091553,4.9365
0.024261,-0.00015259,4.9377
0.024414,0.00076294,4.9402
0.025482,0.0016785,4.9475
0.026093,0.00045776,4.9353
0.02655,0.00015259,4.9402
0.027618,-0.00091553,4.9292
0.027771,-0.00045776,4.9268
0.028381,0.00045776,4.9231
0.028229,0.0027466,4.9255
0.028534,0.0041199,4.9231
0.028839,0.0050354,4.9231
0.027924,0.0054932,4.9158
0.027466,0.005188,4.9268
0.026398,0.0042725,4.9158
0.024872,0.0047302,4.9207
0.025024,0.0054932,4.9121
0.024872,0.0056458,4.917
0.02594,0.0065613,4.9207
0.026398,0.007019,4.917
0.025482,0.0067139,4.9194
0.025787,0.0062561,4.9097
0.024567,0.005188,4.8999
0.027466,0.0059509,4.9133
0.02243,0.0053406,4.9084
0.022125,0.005188,4.9084
0.020905,0.005188,4.9084
0.019836,0.0028992,4.906
0.018768,0.0010681,4.9109
0.017242,-0.00045776,4.906
0.016937,-0.0018311,4.9158
0.01709,-0.0013733,4.9158
0.016785,0.00045776,4.917
0.0177,0.0024414,4.9207
0.017853,0.0032043,4.9231
0.017853,0.0030518,4.9146
0.016327,0.0018311,4.9255
0.015411,0.00076294,4.9231
0.016174,0.0019836,4.9304
0.016785,0.0027466,4.9377
0.018311,0.0039673,4.9341
0.019989,0.005188,4.9207
0.020142,0.0030518,4.9292
0.02182,0.0038147,4.9329
0.022736,0.0033569,4.9292
0.023499,0.0042725,4.9219
0.02533,0.0039673,4.9304
0.025787,0.0050354,4.9365
0.025482,0.0062561,4.9329
0.024567,0.007019,4.9365
0.022278,0.0053406,4.9353
0.021362,0.0047302,4.939
0.019379,0.0036621,4.9329
0.016937,0.0039673,4.9377
0.018616,0.0039673,4.9451
0.018768,0.0041199,4.9316
0.018463,0.0022888,4.9304
0.018768,0.0024414,4.9255
0.018158,0.0019836,4.9036
0.017242,0.0015259,4.9194
0.019073,0.0012207,4.9182
0.018311,0.0032043,4.9207
0.018921,0.0035095,4.9194
0.018463,0.0038147,4.9109
0.020905,0.0035095,4.9182
0.017853,0.0036621,4.9146
0.018463,0.0035095,0.042725
0.018921,0.0028992,0.039063
0.021515,0.0047302,0.043945
0.021515,0.0054932,0.040283
0.02182,0.005188,0.042725
0.02121,0.004425,0.043945
0.022583,0.0024414,0.040283
0.021362,0.0012207,0.037842
0.020905,-0.00030518,0.040283
0.020142,-0.00061035,0.0354
0.020294,0.0016785,0.036621
0.020294,0.0022888,0.046387
0.019379,0.0021362,0.040283
0.017853,0.0015259,0.043945
0.019073,0,0.043945
0.018921,-0.0012207,0.048828
0.018921,-0.0013733,0.050049
0.018616,-0.0012207,0.053711
0.018158,0.00030518,0.05249
0.017395,0.0012207,0.059814
0.016327,0.00061035,0.057373
0.015717,0.00015259,0.063477
0.012512,-0.0013733,0.059814
0.011902,-0.0021362,0.061035
0.01236,-0.0010681,0.070801
0.01236,0.0010681,0.062256
0.014038,0.0035095,0.06958
0.015106,0.0059509,0.063477
0.016022,0.0074768,0.048828
0.017242,0.0074768,0.063477
0.018616,0.0068665,0.063477
0.020752,0.0071716,0.062256
0.024109,0.0082397,0.064697
0.025482,0.0090027,0.061035
0.025787,0.0090027,0.064697
0.025482,0.0074768,0.061035
0.023193,0.0053406,0.065918
0.02121,0.0024414,0.056152
0.020752,-0.0012207,0.058594
0.018616,-0.0018311,0.056152
0.018158,-0.0028992,0.053711
0.016327,-0.0035095,0.048828
0.012817,-0.0038147,0.05249
0.010529,-0.0064087,0.046387
0.0085449,-0.0076294,0.046387
0.0085449,-0.0088501,0.048828
0.0090027,-0.0062561,0.045166
0.010681,-0.0088501,0.042725
0.011902,-0.0076294,0.037842
0.012817,-0.0057983,0.042725
0.015106,-0.0050354,0.039063
0.015869,-0.0038147,0.040283
0.018158,-0.0041199,0.036621
0.020142,-0.0038147,0.043945
0.02182,-0.0013733,0.0354
0.022736,0.00091553,0.039063
0.024261,0.0030518,0.040283
0.024872,0.0032043,0.041504
0.024872,0.0032043,0.032959
0.02533,0.00076294,0.042725
0.02655,-0.0021362,0.059814
0.027618,-0.0035095,0.043945
0.027771,-0.0038147,0.05249
0.028839,-0.0035095,0.047607
0.029602,-0.0027466,0.031738
0.029602,-0.0015259,0.046387
0.028992,-0.00061035,0.054932
0.027771,-0.00091553,0.054932
0.027008,-0.0010681,0.059814
0.026093,-0.00061035,0.057373
0.025024,-0.00076294,0.062256
0.02243,0,0.061035
0.019226,0.00015259,0.062256
0.01709,-0.00045776,0.057373
0.012665,-0.0012207,0.063477
0.010986,-0.0030518,0.061035
0.010834,-0.0041199,0.064697
0.0083923,-0.0065613,0.070801
0.0071716,-0.0073242,0.065918
0.0057983,-0.007019,0.068359
0.0053406,-0.007019,0.064697
0.0061035,-0.0056458,0.081787
0.0073242,-0.0050354,0.063477
0.009613,-0.004425,0.061035
0.011597,-0.0032043,0.059814
0.013428,-0.0027466,0.057373
0.015259,0.00061035,0.053711
0.016632,0.00076294,0.054932
0.018158,0.0015259,0.05127
0.020142,0.00045776,0.05127
0.022125,-0.0013733,0.042725
0.023193,-0.0036621,0.050049
0.023804,-0.0062561,0.043945
0.023956,-0.0074768,0.048828
0.023041,-0.0085449,0.045166
0.022125,-0.0088501,0.043945
0.021362,-0.0085449,0.040283
0.020447,-0.0090027,0.041504
0.020294,-0.0093079,0.045166
0.020447,-0.0094604,0.039063
0.020142,-0.0099182,0.030518
0.019531,-0.0099182,0.036621
0.020294,-0.0080872,0.039063
0.02182,-0.0062561,0.0354
0.02182,-0.005188,0.041504
0.022125,-0.0041199,0.037842
0.021515,-0.0010681,0.039063
0.020752,-0.00030518,0.039063
0.019836,0.0021362,0.042725
0.019531,0.0015259,0.042725
0.019379,0.004425,0.047607
0.020142,0.0033569,0.050049
0.020752,0.00030518,0.05249
0.02243,-0.0019836,0.047607
0.024719,-0.0038147,0.058594
0.025787,-0.0048828,0.058594
0.026398,-0.0041199,0.058594
0.026703,-0.0035095,0.070801
0.02655,-0.0032043,3.3972
0.024414,-0.0041199,4.8206
0.024109,-0.0039673,4.9194
0.025635,-0.0030518,4.9243
0.023193,-0.0018311,4.9207
0.022583,-0.00091553,4.9292
0.02121,0.00061035,4.928
0.020294,0.00030518,4.9353
0.018768,-0.0012207,4.9341
0.018005,-0.0038147,4.9353
0.018005,-0.0062561,4.9292
0.018005,-0.0082397,4.9353
0.018005,-0.0091553,4.9304
0.017242,-0.0097656,4.9353
0.015869,-0.010376,4.9414
0.014801,-0.011597,4.9292
0.014496,-0.01297,4.928
0.013733,-0.013428,4.9268
0.015259,-0.012207,4.9146
0.015411,-0.0097656,4.9182
0.016632,-0.007019,4.9158
0.019073,-0.0047302,4.9182
0.019379,-0.0042725,4.9158
0.019836,-0.005188,4.9146
0.02182,-0.0064087,4.9146
0.02243,-0.0079346,4.906
0.024109,-0.0057983,4.9011
0.025635,-0.0048828,4.9084
0.025787,-0.007019,4.9133
0.027771,-0.0033569,4.9084
0.028229,-0.0032043,4.9133
0.029144,-0.0033569,4.9097
0.027924,-0.0028992,4.917
0.030975,-0.0010681,4.9182
0.030975,0.00015259,4.9109
0.030518,0.0019836,4.9207
0.029602,0.0015259,4.9109
0.029297,0.00045776,4.906
0.027924,-0.0010681,4.9109
0.026703,-0.0033569,4.9133
0.027466,-0.0021362,4.9133
0.025482,-0.0016785,4.9158
0.024414,-0.00045776,4.9158
0.024261,0.00076294,4.9207
0.022125,0.0010681,4.9243
0.020905,0.0012207,4.928
0.020294,0.00045776,4.9255
0.019836,-0.0036621,4.9304
0.019379,-0.0018311,4.9316
0.019379,-0.0015259,4.9329
0.0177,0,4.939
0.021057,0.0012207,4.9329
0.022125,0.0019836,4.9329
0.023651,0.0015259,4.9304
0.024872,0.00015259,4.9353
0.026245,0.00030518,4.9365
0.027161,0,4.9329
0.026703,0.002594,4.9329
0.025635,0.0038147,4.9341
0.02594,0.0054932,4.9353
0.025177,0.0056458,4.9377
0.025024,0.0047302,4.9329
0.024872,0.0038147,4.9341
0.027466,0.0053406,4.928
0.027618,0.007019,4.928
0.027771,0.0064087,4.9255
0.028687,0.010376,4.9268
0.027161,0.0099182,4.9207
0.02655,0.0079346,4.9207
0.024261,0.0057983,4.9304
0.02533,0.005188,4.9207
0.024567,0.0059509,4.9243
0.023346,0.0056458,4.9158
0.022888,0.0088501,4.9023
0.021362,0.007782,4.9048
0.019989,0.0047302,4.9146
0.021515,0.0039673,4.9133
0.022125,0.0038147,4.9097
0.02243,0.0062561,4.906
0.022278,0.0091553,4.9133
0.021057,0.011749,4.9084
0.020905,0.010834,4.9121
0.019684,0.0093079,4.9072
0.019226,0.0068665,4.9133
0.018311,0.0065613,4.9121
0.019379,0.0074768,4.9121
0.020142,0.0079346,4.9194
0.020752,0.0085449,4.9182
0.020599,0.0082397,4.9158
0.020752,0.0056458,4.9182
0.020752,0.002594,4.9133
0.020447,-0.00061035,4.9231
0.019836,-0.00030518,4.9097
0.020447,0.00091553,4.9255
0.020599,0.002594,4.9304
0.023499,0.0027466,4.9255
0.022278,0.0028992,4.9268
0.023346,0.0016785,4.9329
0.023804,0.0010681,4.9329
0.024567,0.00015259,4.928
0.025024,0.0016785,4.9329
0.02655,0.0039673,4.9292
0.029449,0.005188,4.9353
0.027466,0.0073242,4.9329
0.028381,0.0059509,4.9365
0.028687,0.0038147,4.9426
0.027924,0.0042725,4.9365
0.028229,0.0030518,4.9451
0.027924,0.0053406,0.064697
0.028839,0.0079346,0.05127
0.029907,0.0091553,0.061035
0.028839,0.0088501,0.057373
0.027924,0.0076294,0.053711
0.026245,0.0056458,0.056152
0.025024,0.0056458,0.05127
0.024872,0.0067139,0.05127
0.023956,0.0085449,0.047607
0.022278,0.0090027,0.048828
0.02182,0.0085449,0.046387
0.020294,0.0068665,0.048828
0.019226,0.0053406,0.047607
0.016632,0.0030518,0.046387
0.017395,0.0041199,0.048828
0.017395,0.0053406,0.042725
0.017395,0.007019,0.041504
0.016937,0.0076294,0.042725
0.016479,0.0067139,0.03418
0.015564,0.0042725,0.037842
0.016785,0.0039673,0.037842
0.016479,0.00061035,0.036621
0.017242,0.0022888,0.039063
0.017548,0.0042725,0.037842
0.018158,0.0050354,0.041504
0.016785,0.0050354,0.039063
0.015411,0.0021362,0.045166
0.015717,0.00045776,0.040283
0.014801,-0.0012207,0.043945
0.015717,-0.00030518,0.048828
0.016785,0.0018311,0.05127
0.016937,0.0047302,0.045166
0.016937,0.0053406,0.056152
0.017242,0.0039673,0.062256
0.017242,0.0021362,0.059814
0.019226,0.00045776,0.070801
0.020752,-0.00045776,0.061035
0.02182,0.00091553,0.046387
0.021667,0.0030518,0.057373
0.02121,0.0041199,0.058594
0.019684,0.0042725,0.061035
0.019379,0.0027466,0.059814
0.019379,0.0010681,0.058594
0.019684,0.00030518,0.063477
0.019073,0.0016785,0.063477
0.019226,0.0036621,0.063477
0.019836,0.0057983,0.062256
0.017853,0.0056458,0.06958
0.016937,0.0039673,0.063477
0.016632,0.0022888,0.065918
0.016632,-0.00015259,0.070801
0.017395,-0.00076294,0.061035
0.018463,-0.00045776,0.05127
0.016937,0.00045776,0.056152
0.017242,0.0013733,0.048828
0.016174,0.00061035,0.047607
0.016479,-0.00076294,0.048828
0.016785,-0.0021362,0.047607
0.016937,-0.0016785,0.046387
0.0177,-0.00061035,0.043945
0.018158,0.0013733,0.045166
0.018463,0.002594,0.041504
0.017853,0.0039673,0.041504
0.018005,0.0013733,0.036621
0.018005,-0.00030518,0.043945
0.018768,-0.0019836,0.040283
0.019989,-0.0027466,0.041504
0.019684,-0.0022888,0.040283
0.018463,-0.0013733,0.041504
0.016632,-0.0010681,0.050049
0.015564,-0.0022888,0.040283
0.014496,-0.0028992,0.05249
0.015259,-0.0073242,0.037842
0.016174,-0.0059509,0.032959
0.016937,-0.0048828,0.039063
0.017548,-0.0027466,0.043945
0.017548,-0.0012207,0.042725
0.016937,-0.00030518,0.047607
0.016327,-0.00015259,0.047607
0.016937,-0.0015259,0.05127
0.018158,-0.0015259,0.053711
0.019379,-0.0010681,0.057373
0.019836,-0.00015259,0.054932
0.018158,0.0013733,0.061035
0.017242,0.0018311,0.063477
0.016632,0.00015259,0.065918
0.015717,-0.0013733,0.070801
0.016785,-0.0030518,0.061035
0.018616,-0.0042725,0.061035
0.019684,-0.0038147,0.061035
0.019379,-0.00091553,0.070801
0.018768,-0.00015259,0.062256
0.016937,-0.00061035,0.063477
0.016479,-0.0013733,0.063477
0.017395,-0.0035095,0.063477
0.018768,-0.005188,0.065918
0.020447,-0.0053406,0.064697
0.020905,-0.0041199,0.056152
0.019379,-0.0024414,0.063477
0.018768,-0.00091553,0.057373
0.017395,-0.0010681,0.058594
0.018005,-0.0013733,0.054932
0.021362,-0.0019836,0.05249
0.022583,-0.0010681,0.048828
0.024414,0.00076294,0.053711
0.024567,0.0015259,0.059814
0.023193,0.0027466,0.048828
0.022583,0.0018311,0.048828
0.021667,0.00061035,0.046387
0.022888,-0.0010681,0.026855
0.024414,-0.0010681,0.037842
0.025177,-0.0010681,0.041504
0.024567,0,0.039063
0.021362,0.00030518,0.041504
0.020142,-0.00015259,0.03418
0.019379,-0.0015259,0.040283
0.020447,-0.0028992,0.041504
0.022583,-0.0039673,0.040283
0.023956,-0.0038147,4.4312
0.023651,-0.0027466,4.8804
0.021515,-0.00076294,4.9048
0.020447,-0.00045776,4.9097
0.019226,0.00061035,4.9121
0.016174,0.0010681,4.9158
0.018768,-0.0024414,4.9121
0.019684,0.00076294,4.9182
0.020447,-0.00015259,4.9219
0.019684,0.00045776,4.9194
0.018311,-0.00091553,4.9194
0.017242,-0.00030518,4.9255
0.017548,-0.00061035,4.9243
0.019073,0.0022888,4.9255
0.022125,-0.0013733,4.928
0.022888,-0.0015259,4.9268
0.022125,-0.00076294,4.9329
0.019684,-0.00015259,4.9292
0.017548,0.0016785,4.9353
0.016022,0.0028992,4.928
0.015869,0.0036621,4.9329
0.015106,0.0022888,4.9316
0.016632,0.0022888,4.9329
0.017395,0.0012207,4.9426
0.019073,0.00045776,4.939
0.014038,-0.00030518,4.9353
0.013275,-0.0012207,4.9353
0.013428,-0.0019836,4.9255
0.014954,-0.0028992,4.9377
0.014954,-0.0032043,4.9268
0.015717,-0.0035095,4.9219
0.014191,-0.0036621,4.9255
0.014038,-0.0033569,4.9243
0.011902,-0.0030518,4.9207
0.011444,-0.0028992,4.9158
0.013733,-0.0036621,4.9243
0.016479,-0.002594,4.9158
0.019226,-0.0019836,4.9182
0.021515,-0.0015259,4.9158
0.020905,-0.00076294,4.9194
0.020447,0,4.9072
0.019684,0.00030518,4.9109
0.020142,0.00061035,4.9194
0.020294,0.00045776,4.9097
0.023804,0.0010681,4.917
0.024719,0.00030518,4.9109
0.024261,-0.0010681,4.9048
0.022583,-0.00061035,4.9097
0.02121,-0.0010681,4.9109
0.021057,-0.0016785,4.9109
0.022736,-0.00030518,4.9084
0.026703,-0.0028992,4.9072
0.025177,-0.0036621,4.9109
0.024872,-0.0033569,4.9146
0.022125,-0.005188,4.9158
0.019989,-0.002594,4.9158
0.020447,-0.0012207,4.9231
0.018616,0.00045776,4.9231
0.020142,0.0018311,4.9292
0.020294,0.0028992,4.9402
0.021057,0.0035095,4.9304
0.018768,0.0018311,4.9316
0.017242,0.00061035,4.9377
0.017548,0.00061035,4.9231
0.018158,-0.00091553,4.9292
0.020294,-0.0018311,4.928
0.022278,-0.0021362,4.9316
0.022736,-0.0041199,4.9304
0.021973,-0.0071716,4.9292
0.018463,-0.0053406,4.9341
0.015259,-0.0038147,4.9353
0.013885,-0.0032043,4.9377
0.015106,-0.00030518,4.9243
0.015564,-0.0030518,4.9402
0.019379,-0.00091553,4.9341
0.021057,-0.0010681,4.9341
0.021515,-0.0021362,4.9341
0.019379,-0.0019836,4.9316
0.021973,-0.0010681,4.9353
0.024414,-0.00045776,4.9292
0.029144,0.00030518,4.9329
0.028534,0.00030518,4.9194
0.029602,-0.00015259,4.9036
0.029449,-0.00061035,4.9109
0.026703,-0.00061035,4.9182
0.023193,-0.00030518,4.9146
0.021515,-0.00015259,4.9133
0.023499,0.0016785,4.9121
0.025482,-0.0012207,4.917
0.027771,-0.0030518,4.9084
0.028992,-0.0041199,4.9146
0.028076,-0.0061035,4.9097
0.027008,-0.0068665,4.9158
0.025482,-0.005188,4.9097
0.02594,-0.0035095,4.9182
0.027466,-0.0021362,4.9194
0.028381,-0.00076294,4.9109
0.028534,-0.00030518,4.9158
0.027771,0.00045776,4.9084
0.026703,0.0016785,4.9048
0.025177,0.0035095,4.9146
0.026398,0.0057983,4.9133
0.029144,0.0071716,4.9146
0.032654,0.0062561,4.917
0.036621,0.0053406,4.9194
0.037689,0.0036621,4.9158
0.035706,0.0028992,4.9255
0.031738,0.0030518,4.9304
0.028534,0.0054932,0.057373
0.02655,0.007019,0.063477
0.026093,0.0074768,0.063477
0.026703,0.0056458,0.063477
0.025787,0.0039673,0.062256
0.024567,0.0015259,0.062256
0.023041,0.0018311,0.064697
0.021973,0.0032043,0.061035
0.023804,0.0048828,0.070801
0.02655,0.0047302,0.064697
0.029144,0.0035095,0.058594
0.031128,0.0016785,0.063477
0.030365,0.0015259,0.062256
0.028229,0.002594,0.063477
0.024719,0.005188,0.064697
0.023651,0.0076294,0.061035
0.023956,0.0079346,0.062256
0.025787,0.0064087,0.057373
0.026855,0.0039673,0.056152
0.028229,0.0019836,0.05249
0.028229,0.0019836,0.056152
0.027008,0.0041199,0.047607
0.02594,0.0062561,0.050049
0.027161,0.0071716,0.061035
0.027924,0.0073242,0.047607
0.029144,0.0054932,0.047607
0.027771,0.0038147,0.046387
0.026245,0.0039673,0.023193
0.02243,0.005188,0.037842
0.019531,0.0064087,0.037842
0.018921,0.0071716,0.039063
0.019379,0.0062561,0.041504
0.02182,0.0035095,0.037842
0.024109,-0.00015259,0.042725
0.024872,-0.0015259,0.036621
0.024719,-0.0012207,0.0354
0.023041,0.0015259,0.037842
0.021362,0.0048828,0.042725
0.023041,0.0059509,0.041504
0.023346,0.005188,0.041504
0.025024,0.0027466,0.042725
0.023346,-0.0010681,0.046387
0.023346,-0.0016785,0.043945
0.02121,-0.0024414,0.05127
0.020142,-0.0024414,0.059814
0.020142,-0.0010681,0.053711
0.022278,-0.0016785,0.05249
0.025024,-0.0038147,0.058594
0.026245,-0.0056458,0.061035
0.026398,-0.0062561,0.057373
0.025177,-0.0048828,0.057373
0.023499,-0.0016785,0.057373
0.023651,0.0010681,0.063477
0.024567,0.0032043,0.057373
0.027313,0.0027466,0.063477
0.03006,0.0013733,0.058594
0.030975,0.00091553,0.064697
0.030823,0.0012207,0.063477
0.029449,0.0019836,0.065918
0.028534,0.0036621,0.075684
0.028687,0.0068665,0.061035
0.033875,0.0042725,0.064697
0.03067,0.002594,0.062256
0.03067,0.00030518,0.056152
0.028381,-0.00076294,0.059814
0.026093,-0.00076294,0.067139
0.023651,0.0019836,0.054932
0.021973,0.0047302,0.05249
0.022736,0.0065613,0.048828
0.022736,0.007019,0.048828
0.023651,0.0054932,0.045166
0.022736,0.0028992,0.05127
0.018768,0.0033569,0.040283
0.018005,0.0039673,0.046387
0.016022,0.0054932,0.046387
0.015717,0.0061035,0.045166
0.01709,0.0056458,0.037842
0.018463,0.0036621,0.042725
0.017853,0.0019836,0.05127
0.016327,0.0015259,0.040283
0.011902,0.0033569,0.047607
0.012817,0.0059509,0.040283
0.013123,0.0073242,0.03418
0.015259,0.0054932,0.039063
0.017548,0.0054932,0.040283
0.018158,0.0027466,0.041504
0.017853,0.00045776,0.040283
0.016632,0.00076294,0.039063
0.014954,0.0013733,0.046387
0.014038,0.0024414,0.042725
0.014648,0.002594,0.05249
0.016022,0.0018311,0.048828
0.016785,-0.00076294,0.05249
0.018005,-0.0032043,0.05127
0.016632,-0.0019836,0.054932
0.015717,-0.0016785,0.072021
0.014954,0.0010681,0.058594
0.015717,0.0036621,0.062256
0.012665,0.0033569,0.063477
0.018921,0.0019836,0.059814
0.019836,-0.00030518,0.058594
0.019379,-0.0010681,0.056152
0.017548,-0.00015259,0.061035
0.016632,0.0021362,0.063477
0.016022,0.0033569,0.058594
0.017242,0.0033569,0.067139
0.018921,0.0030518,0.064697
0.020294,0.00091553,0.06958
0.020447,-0.00030518,0.059814
0.019073,0.0010681,0.068359
0.018005,0.0022888,0.061035
0.018311,0.0048828,0.061035
0.018616,0.0064087,0.059814
0.020752,0.0059509,0.057373
0.020447,0.0042725,0.062256
0.02121,0.0018311,0.053711
0.018768,0.00076294,0.063477
0.016479,0.0015259,3.9148
0.013275,0.0027466,4.8438
0.011902,0.0039673,4.9121
0.012817,0.0030518,4.9133
0.013885,0.0030518,4.9146
0.015259,0.00045776,4.9146
0.014496,-0.0010681,4.9097
0.011292,-0.0024414,4.906
0.011749,0,4.9072
0.011444,0.0019836,4.9109
0.012665,0.0019836,4.9036
0.015106,0.0013733,4.9146
0.014648,-0.00061035,4.9121
0.014801,-0.0030518,4.9133
0.012665,-0.0032043,4.9084
0.010681,-0.0013733,4.9121
0.010834,0.0015259,4.9084
0.010986,0.0028992,4.9109
0.014648,0.0033569,4.9097
0.013733,0.0012207,4.917
0.015411,-0.0015259,4.9023
0.015564,-0.0022888,4.9158
0.014954,-0.0016785,4.917
0.015259,0.00061035,4.9255
0.015564,0.0032043,4.9255
0.016632,0.0030518,4.9243
0.018616,0.0035095,4.9329
0.019379,0.0019836,4.9304
0.020447,0.00045776,4.9329
0.019836,0.0019836,4.917
0.018616,0.002594,4.9341
0.018921,0.005188,4.9304
0.019836,0.0071716,4.9316
0.020752,0.0068665,4.939
0.023499,0.0054932,4.9377
0.023193,0.0041199,4.9377
0.022125,0.0030518,4.9353
0.019073,0.0033569,4.9182
0.01709,0.0038147,4.9353
0.014343,0.0041199,4.9341
0.01358,0.0022888,4.9316
0.01358,0,4.9329
0.013428,-0.0042725,4.928
0.012817,-0.0073242,4.9304
0.010071,-0.0076294,4.9268
0.010529,-0.0071716,4.9243
0.010223,-0.0048828,4.9182
0.011597,-0.0036621,4.9231
0.014343,-0.002594,4.9219
0.017395,-0.0028992,4.9207
0.018921,-0.0033569,4.9207
0.02121,-0.0036621,4.9182
0.020294,-0.0021362,4.9182
0.021057,-0.00015259,4.9146
0.022125,0.0019836,4.9109
0.023041,0.0021362,4.9011
0.026398,0.0015259,4.9146
0.027313,-0.0012207,4.9121
0.027771,-0.0033569,4.9097
0.026703,-0.0038147,4.9084
0.027313,-0.0024414,4.9109
0.027771,0.00045776,4.9158
0.029144,-0.0027466,4.9097
0.03006,0.0030518,4.906
0.030212,0.0016785,4.9133
0.030365,-0.00061035,4.9072
0.028534,-0.0022888,4.9146
0.026703,-0.00076294,4.9109
0.023804,0.0016785,4.917
0.022125,0.0038147,4.9268
0.021973,0.0050354,4.9231
0.020447,0.0047302,4.9341
0.019989,0.0021362,4.9207
0.018463,-0.00045776,4.9146
0.017548,-0.0018311,4.9292
0.016785,-0.0018311,4.9292
0.016479,0,4.928
0.016327,0.00076294,4.9316
0.018463,0,4.9292
0.019379,-0.0015259,4.9329
0.020142,-0.0036621,4.9304
0.020752,-0.0036621,4.9341
0.019379,-0.0016785,4.9243
0.018311,0.0016785,4.9341
0.017395,0.0036621,4.9365
0.016632,0.0032043,4.939
0.017395,0,4.9414
0.018311,-0.0041199,4.9377
0.019073,-0.0064087,4.9353
0.019989,-0.007019,4.9329
0.02121,-0.0050354,4.9377
0.02182,-0.0030518,4.9292
0.022278,-0.002594,4.9292
0.023804,-0.004425,4.9146
0.025024,-0.0057983,4.9255
0.026093,-0.0067139,4.9219
0.024719,-0.0057983,4.9194
0.024414,-0.0027466,4.9109
0.023193,-0.00030518,4.9109
0.02243,0.00076294,4.9146
0.021973,0,4.917
0.022583,-0.0022888,4.9133
0.022736,-0.0039673,4.917
0.022125,-0.0039673,4.9097
0.022125,-0.0028992,4.9036
0.02121,-0.00030518,4.9243
0.020447,0.00045776,4.9109
0.020447,0,4.9182
0.02121,-0.0022888,4.9097
0.021057,-0.0041199,0.026855
0.021057,-0.0061035,0.039063
0.020447,-0.0059509,0.037842
0.019836,-0.0042725,0.039063
0.020142,-0.0027466,0.041504
0.022278,-0.0018311,0.039063
0.020599,-0.0027466,0.043945
0.02182,-0.0036621,0.045166
0.022888,-0.0048828,0.05127
0.024414,-0.002594,0.048828
0.025482,-0.00091553,0.05249
0.027008,0.0027466,0.057373
0.027771,0.0054932,0.059814
0.027618,0.0067139,0.06958
0.027466,0.0054932,0.058594
0.027313,0.0030518,0.061035
0.027618,0.00091553,0.061035
0.027161,0,0.065918
0.026703,-0.00015259,0.061035
0.026398,0.00030518,0.046387
0.024567,-0.00030518,0.061035
0.024872,-0.0018311,0.061035
0.024261,-0.0035095,0.061035
0.024414,-0.0062561,0.068359
0.023346,-0.0065613,0.063477
0.022278,-0.007782,0.064697
0.020142,-0.0059509,0.062256
0.018768,-0.0053406,0.06958
0.016785,-0.0053406,0.059814
0.016937,-0.0067139,0.062256
0.017242,-0.007782,0.057373
0.017395,-0.0067139,0.057373
0.018768,-0.0039673,0.063477
0.020142,-0.00061035,0.053711
0.022125,0.0024414,0.062256
0.024261,0.0041199,0.05127
0.026703,0.0039673,0.036621
0.028076,0.0032043,0.032959
0.029755,0.0016785,0.043945
0.028229,0.0041199,0.042725
0.032654,0.0056458,0.041504
0.032196,0.0071716,0.040283
0.031128,0.0080872,0.040283
0.029602,0.0057983,0.039063
0.028229,0.0039673,0.042725
0.027771,0.0022888,0.037842
0.025482,0.0015259,0.042725
0.024719,0.0013733,0.042725
0.024109,0.00061035,0.042725
0.023956,-0.0015259,0.037842
0.022278,-0.0032043,0.041504
0.022888,-0.0057983,0.040283
0.022583,-0.0083923,0.040283
0.02243,-0.0083923,0.041504
0.022278,-0.0059509,0.046387
0.022278,-0.0030518,0.037842
0.023041,-0.00076294,0.045166
0.022736,0.0013733,0.053711
0.023193,0.0010681,0.050049
0.023651,0.0018311,0.061035
0.024109,0.0022888,0.056152
0.024719,-0.0019836,0.061035
0.024872,0.007019,0.059814
0.026093,0.0088501,0.062256
0.027618,0.0088501,0.062256
0.028381,0.0094604,0.064697
0.028534,0.0094604,0.058594
0.028839,0.0094604,0.061035
0.029907,0.0091553,0.073242
0.030212,0.011444,0.064697
0.031281,0.01236,0.065918
0.031738,0.012512,0.067139
0.029755,0.011292,0.047607
0.029907,0.0099182,0.062256
0.028839,0.007782,0.063477
0.027924,0.0064087,0.063477
0.027161,0.0047302,0.061035
0.026855,0.0074768,0.053711
0.027161,0.007782,0.058594
0.024567,0.0085449,0.053711
0.024567,0.0079346,0.05249
0.023346,0.0071716,0.047607
0.021973,0.0076294,0.05249
0.019531,0.0085449,0.05127
0.020752,0.0091553,0.048828
0.020447,0.0094604,0.050049
0.020447,0.0094604,0.046387
0.019531,0.007782,0.047607
0.018005,0.0065613,0.042725
0.016632,0.0065613,0.041504
0.015717,0.007019,0.037842
0.014343,0.0080872,0.030518
0.014343,0.0094604,0.041504
0.013885,0.0091553,0.039063
0.014191,0.0094604,0.039063
0.014496,0.0073242,0.037842
0.014343,0.0059509,0.039063
0.014648,0.0059509,0.040283
0.015106,0.0057983,0.037842
0.016479,0.0050354,0.042725
0.017853,0.0047302,0.040283
0.014648,0.0036621,0.046387
0.018616,0.0019836,0.047607
0.019684,0.0012207,0.05127
0.020752,0.0018311,0.062256
0.021667,0.00091553,0.053711
0.018921,0.0028992,0.064697
0.023804,0.0030518,0.054932
0.023804,0.0035095,0.05127
0.023651,0.0030518,0.061035
0.023651,0.0048828,0.061035
0.023651,0.0056458,0.057373
0.023193,0.0073242,0.062256
0.022736,0.0080872,0.061035
0.02243,0.0076294,0.063477
0.02243,0.0065613,0.059814
0.021973,0.0039673,0.064697
0.02182,0.0024414,1.5869
0.022125,0.0024414,4.7388
0.022278,0.0022888,4.9219
0.024872,0.0024414,4.9329
0.022583,0.0030518,4.9353
0.023041,0.0033569,4.9365
0.022278,0.0027466,4.9377
0.02182,0.0024414,4.9341
0.02182,0.0032043,4.939
0.021362,0.0039673,4.9268
0.02182,0.005188,4.9158
0.02243,0.0074768,4.9194
0.022736,0.0038147,4.9207
0.023041,0.0028992,4.9182
0.023041,-0.0016785,4.9194
0.023041,0.0010681,4.9133
0.022125,0.0010681,4.917
0.021362,0.0018311,4.9146
0.020142,0.0022888,4.9133
0.018768,0.0035095,4.9109
0.016937,0.0024414,4.917
0.014801,0.0015259,4.9121
0.012817,-0.00015259,4.9121
0.012512,-0.00061035,4.9194
0.01236,-0.0010681,4.9121
0.012207,-0.00091553,4.9109
0.012665,-0.0015259,4.9097
0.013885,-0.0010681,4.8914
0.014496,-0.0021362,4.9109
0.015411,-0.0024414,4.9109
0.016632,-0.0022888,4.9109
0.01709,-0.0016785,4.9121
0.017853,-0.00030518,4.9097
0.018616,0.00045776,4.917
0.020294,0.0010681,4.9158
0.020294,0.00076294,4.9243
0.020752,-0.00061035,4.9219
0.02182,-0.00015259,4.9255
0.022736,-0.0012207,4.9268
0.024109,-0.0018311,4.928
0.024567,-0.0027466,4.9304
0.026245,-0.0021362,4.9329
0.024567,-0.0022888,4.9304
0.023956,-0.0030518,4.9463
0.023499,-0.0024414,4.9463
0.023346,-0.0013733,4.9304
0.022736,-0.0015259,4.9194
0.021973,-0.0010681,4.9292
0.021515,-0.0016785,4.9329
0.021362,-0.0019836,4.9304
0.020447,-0.0016785,4.9365
0.020752,-0.002594,4.9365
0.019531,-0.0019836,4.9365
0.019073,-0.00091553,4.9304
0.018768,-0.0015259,4.9341
0.018158,-0.0019836,4.9255
0.018158,-0.0032043,4.928
0.017853,-0.0041199,4.9231
0.016937,-0.0047302,4.9292
0.0177,-0.0041199,4.9292
0.018463,-0.0035095,4.9219
0.020447,-0.0030518,4.9182
0.020905,-0.002594,4.9182
0.022583,-0.002594,4.906
0.023041,-0.0027466,4.9146
0.022888,-0.0028992,4.9133
0.021057,-0.0027466,4.9121
0.021057,-0.0015259,4.9109
0.021973,-0.00015259,4.9121
0.021667,0.00061035,4.9097
0.021362,0.00061035,4.9084
0.021057,0.00015259,4.9109
0.020599,0.00015259,4.906
0.019836,0,4.9048
0.019989,-0.00091553,4.9133
0.020905,0.0013733,4.9133
0.021362,0.0015259,4.9097
0.020599,0.0010681,4.9146
0.020599,0.0030518,4.9036
0.019531,0.00015259,4.9133
0.019379,-0.00030518,4.9207
0.0177,-0.0015259,4.9182
0.016937,-0.0015259,4.9072
0.016174,-0.0022888,4.9207
0.01358,-0.0028992,4.9158
0.013123,-0.0033569,4.9243
0.011902,-0.0039673,4.9255
0.011292,-0.0048828,4.9268
0.011749,-0.0050354,4.9329
0.010681,-0.0048828,4.9316
0.012817,-0.0047302,4.9316
0.01358,-0.0041199,4.928
0.015717,-0.0028992,4.9341
0.017242,-0.0030518,4.9292
0.018921,-0.0030518,4.9304
0.021057,-0.002594,4.9438
0.021515,-0.0027466,4.9365
0.023041,0.00030518,4.917
0.022125,0.00076294,4.9377
0.021667,0.0010681,4.9304
0.020294,0,4.9353
0.020447,-0.0013733,4.9329
0.019989,-0.0024414,4.9316
0.019989,-0.0028992,4.9219
0.020599,-0.0027466,4.9243
0.021667,-0.002594,4.9268
0.022888,0.0015259,4.9207
0.025024,-0.0032043,4.9243
0.024567,-0.0032043,4.9158
0.025024,-0.0027466,0.076904
0.026703,-0.0012207,0.047607
0.026855,0,0.03418
0.026093,0.00045776,0.046387
0.025787,0.0019836,0.045166
0.024109,-0.0018311,0.05127
0.023499,0.0013733,0.042725
0.02182,0.00061035,0.050049
0.020905,0,0.037842
0.020752,0.00045776,0.03418
0.017242,0.00045776,0.040283
0.015564,0.00045776,0.040283
0.01358,0.00076294,0.032959
0.01297,-0.0022888,0.039063
0.013733,-0.0038147,0.040283
0.012817,-0.0068665,0.037842
0.013428,-0.0068665,0.039063
0.01297,-0.0097656,0.045166
0.01297,-0.009613,0.041504
0.013733,-0.0083923,0.045166
0.014801,-0.0073242,0.05127
0.015411,-0.0074768,0.048828
0.015717,-0.005188,0.061035
0.016327,-0.0021362,0.05127
0.0177,0.0032043,0.062256
0.018158,0.0050354,0.056152
0.018616,0.0073242,0.053711
0.020142,0.0093079,0.062256
0.022125,0.0083923,0.061035
0.023956,0.0068665,0.061035
0.024414,0.0038147,0.063477
0.024719,0.0010681,0.058594
0.025024,-0.002594,0.059814
0.023956,-0.0039673,0.061035
0.022278,-0.0030518,0.067139
0.021515,-0.0030518,0.061035
0.019836,-0.0013733,0.06958
0.0177,-0.00015259,0.065918
0.016479,0.00045776,0.068359
0.016785,0.0021362,0.067139
0.013885,0.0016785,0.065918
0.013428,0.002594,0.070801
0.011902,0.00015259,0.063477
0.014496,0.0022888,0.064697
0.015564,0.0016785,0.056152
0.016632,0.0019836,0.05249
0.015717,0.0024414,0.048828
0.019836,0.002594,0.048828
0.02182,0.0030518,0.046387
0.023499,0.0039673,0.046387
0.025482,0.007019,0.041504
0.028687,0.010529,0.048828
0.030365,0.01297,0.040283
0.032501,0.015106,0.043945
0.031891,0.015869,0.041504
0.032349,0.014954,0.043945
0.030823,0.013733,0.042725
0.029602,0.010986,0.042725
0.027313,0.0086975,0.05127
0.024109,0.0064087,0.041504
0.02243,0.0042725,0.039063
0.018921,0.0030518,0.042725
0.016479,0.00030518,0.026855
0.014954,-0.0024414,0.036621
0.012817,-0.0073242,0.039063
0.012054,-0.0097656,0.041504
0.011444,-0.012817,0.045166
0.012207,-0.015106,0.041504
0.01358,-0.013733,0.048828
0.015106,-0.01236,0.047607
0.016785,-0.010071,0.053711
0.018921,-0.0047302,0.05127
0.019989,0.00061035,0.058594
0.021362,0.0056458,0.057373
0.023041,0.0093079,0.061035
0.023651,0.012512,0.063477
0.023651,0.01358,0.059814
0.024872,0.013123,0.064697
0.02655,0.012512,0.063477
0.028534,0.010071,0.070801
0.031281,0.0091553,0.062256
0.034943,0.0082397,0.05127
0.036621,0.0074768,0.061035
0.038757,0.0090027,0.065918
0.038757,0.0094604,0.062256
0.038452,0.011292,0.065918
0.039063,0.013428,0.064697
0.038452,0.014496,0.065918
0.036621,0.015259,0.053711
0.033722,0.013275,0.063477
0.032043,0.011292,0.057373
0.029449,0.0080872,0.058594
0.027008,0.0035095,0.056152
0.024872,0,0.056152
0.02243,-0.0036621,0.053711
0.023346,-0.0054932,0.050049
0.022278,-0.0068665,0.047607
0.020447,-0.0068665,0.045166
0.018616,-0.0067139,0.042725
0.016022,-0.0064087,0.042725
0.014038,-0.004425,0.040283
0.013275,-0.0030518,0.037842
0.014496,-0.0010681,0.041504
0.016632,0.0010681,0.039063
0.019073,0.0027466,0.036621
0.020447,0.0050354,0.039063
0.021973,0.0074768,0.041504
0.022888,0.0094604,0.037842
0.025635,0.011597,0.040283
0.028534,0.012665,0.041504
0.032654,0.011902,0.040283
0.036011,0.011444,0.036621
0.037842,0.010071,0.042725
0.040131,0.0076294,0.053711
0.040131,0.0061035,0.046387
0.042572,0.0030518,0.054932
0.04303,0.0013733,0.050049
0.04303,0.00015259,0.72021
0.042725,-0.00061035,4.6741
0.040131,0.00015259,4.906
0.038147,0.0016785,4.9231
0.0354,0.0022888,4.9316
0.031586,0.0032043,4.9255
0.03006,0.0041199,4.9329
0.028534,0.0048828,4.9304
0.028534,0.0061035,4.9353
0.028534,0.0067139,4.9292
0.027924,0.007019,4.9329
0.026855,0.0064087,4.9316
0.024567,0.0059509,4.9329
0.022888,0.005188,4.9402
0.021515,0.0048828,4.9353
0.020599,0.0057983,4.9353
0.020294,0.0059509,4.939
0.020294,0.0064087,4.9475
0.02182,0.0057983,4.9353
0.022278,0.0041199,4.9146
0.022278,0.0032043,4.9316
0.023651,-0.00015259,4.928
0.024872,0.0022888,4.9219
0.02655,0.002594,4.9255
0.027924,0.0028992,4.9207
0.029449,0.0024414,4.9255
0.030212,0.0027466,4.917
0.029297,0.0024414,4.917
0.029144,0.0024414,4.9182
0.029144,0.0028992,4.9182
0.03006,0.0036621,4.9158
0.03067,0.0030518,4.9182
0.031128,0.0015259,4.9207
0.030365,-0.00076294,4.9109
0.028839,-0.002594,4.917
0.027008,-0.005188,4.9158
0.024872,-0.0057983,4.8987
0.022125,-0.0061035,4.9121
0.020752,-0.0042725,4.9097
0.020599,-0.0022888,4.9072
0.020142,-0.0032043,4.9072
0.019531,0.00030518,4.9121
0.018311,0.0012207,4.9109
0.018005,0.0019836,4.9084
0.018311,0.0021362,4.9158
0.018921,0.002594,4.9133
0.020142,0.0033569,4.9219
0.023346,0.002594,4.9207
0.025635,0.0019836,4.9243
0.025635,0.0018311,4.9231
0.025482,0.002594,4.9255
0.027008,0.0028992,4.9268
0.027618,0.0067139,4.9316
0.028992,0.009613,4.939
0.030823,0.011902,4.9329
0.03006,0.01236,4.917
0.03067,0.012512,4.9316
0.029449,0.010529,4.9304
0.029602,0.0083923,4.9329
0.028381,0.007019,4.9329
0.027924,0.0048828,4.9292
0.027618,0.0033569,4.9377
0.025787,0.0041199,4.9341
0.023956,-0.00076294,4.9353
0.020599,-0.002594,4.9341
0.018311,-0.0038147,4.9377
0.017242,-0.0033569,4.9304
0.014343,-0.0016785,4.9353
0.013885,0,4.939
0.013275,0.0013733,4.9341
0.01297,0.00091553,4.9243
0.012817,-0.00045776,4.9255
0.012817,-0.002594,4.9023
0.015259,-0.0035095,4.9194
0.015106,-0.0048828,4.9231
0.015717,-0.0038147,4.9158
0.016174,-0.0033569,4.9158
0.016327,-0.0030518,4.9146
0.016022,-0.0015259,4.9182
0.016022,-0.00091553,4.9146
0.016022,-0.00045776,4.9121
0.018463,0.0016785,4.9084
0.018463,0.0039673,4.9146
0.019989,0.0064087,4.9121
0.021973,0.007782,4.9146
0.020447,0.007782,4.9121
0.022888,0.0059509,4.9097
0.023804,0.0033569,4.9109
0.023651,0.002594,4.9109
0.022278,0.00061035,4.9133
0.020905,-0.00015259,4.9072
0.018921,-0.00091553,4.8975
0.015717,-0.0027466,4.9133
0.014801,-0.0048828,4.9109
0.012665,-0.0065613,4.9121
0.013275,-0.0067139,4.9207
0.014038,-0.0074768,4.9182
0.014496,-0.0065613,4.9243
0.015411,-0.0053406,4.9243
0.014343,-0.0027466,4.9316
0.013885,-0.0035095,4.928
0.014191,-0.0045776,4.9341
0.013275,-0.0050354,4.9292
0.013428,-0.005188,4.9316
0.01358,-0.0042725,4.9365
0.013733,-0.0038147,4.9341
0.013733,-0.0039673,4.9329
0.012817,-0.0061035,4.9316
0.011749,-0.0068665,4.9231
0.011749,-0.0071716,4.9353
0.012665,-0.0079346,4.9377
0.014496,-0.004425,0.062256
0.015564,-0.0022888,0.068359
0.016632,-0.0013733,0.062256
0.017395,-0.0019836,0.064697
0.0177,-0.0018311,0.059814
0.018158,-0.0018311,0.063477
0.020294,0.0010681,0.054932
0.021515,0.0012207,0.057373
0.024261,0.0019836,0.056152
0.024872,0.0018311,0.05249
0.024567,0.00076294,0.050049
0.02182,-0.00091553,0.047607
0.020905,-0.0038147,0.050049
0.019073,-0.0053406,0.050049
0.018463,-0.0033569,0.046387
0.018005,-0.0024414,0.045166
0.016937,-0.0012207,0.039063
0.016479,-0.00076294,0.037842
0.014954,-0.00045776,0.040283
0.014191,-0.00091553,0.039063
0.012054,-0.0012207,0.039063
0.0088501,-0.0018311,0.029297
0.009613,-0.0013733,0.041504
0.0094604,-0.00091553,0.036621
0.0091553,-0.0010681,0.041504
0.007782,-0.0021362,0.039063
0.0073242,-0.0022888,0.041504
0.0062561,-0.0019836,0.039063
0.0057983,-0.002594,0.045166
0.0067139,-0.0024414,0.058594
0.0067139,0.0013733,0.047607
0.0082397,0.0041199,0.05127
0.0068665,0.0061035,0.036621
0.0083923,0.0082397,0.039063
0.0093079,0.007782,0.050049
0.010223,0.0071716,0.056152
0.01236,0.0061035,0.057373
0.014038,0.0059509,0.061035
0.015564,0.0054932,0.058594
0.017853,0.0047302,0.061035
0.019073,0.002594,0.059814
0.020294,-0.00015259,0.062256
0.020599,-0.0032043,0.050049
0.020905,-0.0068665,0.063477
0.019684,-0.0076294,0.063477
0.021973,-0.0079346,0.064697
0.021667,-0.007019,0.073242
0.020294,-0.005188,0.063477
0.019989,-0.0065613,0.065918
0.018768,-0.0042725,0.065918
0.017395,-0.0047302,0.078125
0.016479,-0.0045776,0.061035
0.016479,-0.0038147,0.05127
0.016632,-0.0030518,0.053711
0.016479,-0.0016785,0.057373
0.017548,-0.0010681,0.050049
0.019836,-0.00061035,0.054932
0.021515,-0.00015259,0.047607
0.023804,-0.00015259,0.050049
0.025635,0.0024414,0.045166
0.027466,0.0047302,0.048828
0.027924,0.007782,0.041504
0.027313,0.0097656,0.046387
0.026703,0.011749,0.036621
0.024414,0.012665,0.042725
0.026245,0.010376,0.050049
0.025482,0.0090027,0.041504
0.028381,0.0082397,0.048828
0.028076,0.0068665,0.036621
0.029907,0.0056458,0.028076
0.032043,0.004425,0.041504
0.032806,0.0018311,0.039063
0.033569,-0.00076294,0.037842
0.03479,-0.0027466,0.036621
0.034637,-0.0022888,0.039063
0.033112,-0.0016785,0.039063
0.03067,0.0012207,0.041504
0.028381,0.0056458,0.046387
0.026245,0.0056458,0.045166
0.024719,0.0065613,0.050049
0.024261,0.0064087,0.05249
0.022736,0.0065613,0.057373
0.022583,0.0065613,0.054932
0.021362,0.0074768,0.058594
0.020905,0.007782,0.054932
0.020447,0.0086975,0.062256
0.019836,0.0094604,0.070801
0.019379,0.0088501,0.059814
0.019073,0.0079346,0.053711
0.020142,0.0074768,0.059814
0.021515,0.0073242,0.061035
0.023499,0.0082397,0.062256
0.025177,0.0093079,0.063477
0.027924,0.0097656,0.059814
0.030365,0.010071,0.065918
0.032349,0.010376,0.062256
0.034637,0.010986,0.067139
0.036163,0.011444,0.064697
0.036163,0.012512,0.068359
0.035553,0.01236,0.058594
0.034027,0.011292,0.063477
0.032654,0.0090027,0.070801
0.031586,0.0057983,0.058594
0.030518,0.0038147,0.05127
0.030518,0.002594,0.05127
0.029907,0.0039673,0.0354
0.028534,0.0053406,0.047607
0.027771,0.0067139,0.046387
0.026703,0.007019,0.047607
0.025482,0.0071716,0.043945
0.024719,0.0067139,0.042725
0.024414,0.0065613,0.043945
0.023651,0.0076294,0.039063
0.023346,0.0090027,0.041504
0.022583,0.010071,0.0354
0.021667,0.010376,0.042725
0.021362,0.0093079,3.5535
0.02182,0.007019,4.8267
0.021515,0.0053406,4.8999
0.020599,0.0036621,4.9097
0.020752,0.0027466,4.9146
0.02243,0.0024414,4.9121
0.022583,0.0022888,4.9194
0.02533,0.0024414,4.9109
0.027771,0.00061035,4.9048
0.029602,0.0012207,4.9158
0.029602,-0.0012207,4.917
0.032196,-0.0018311,4.9158
0.033112,0.0012207,4.9194
0.032959,0.002594,4.9219
0.032501,0.0024414,4.9243
0.032043,0.0022888,4.9243
0.032043,0.0012207,4.9304
0.031281,0.0024414,4.9304
0.030823,0.0010681,4.9353
0.030975,0.0016785,4.9341
0.033112,0.00076294,4.9329
0.031128,-0.00061035,4.9377
0.030212,-0.0032043,4.9365
0.030212,-0.0035095,4.9304
0.029602,-0.0053406,4.9329
0.029449,-0.0045776,4.9402
0.028076,-0.0042725,4.9365
0.027771,-0.0033569,4.9316
0.024872,-0.0027466,4.9329
0.027618,-0.0032043,4.9329
0.028229,-0.0027466,4.9341
0.029144,-0.0024414,4.9329
0.030518,-0.0016785,4.9255
0.031586,-0.0015259,4.9304
0.033875,-0.00045776,4.9231
0.035248,-0.00015259,4.9231
0.036621,-0.0012207,4.9194
0.036163,-0.0035095,4.9231
0.03479,-0.0054932,4.9207
0.036774,-0.0088501,4.9194
0.033722,-0.010223,4.9316
0.033722,-0.010681,4.9158
0.033417,-0.010986,4.9219
0.032959,-0.0094604,4.9048
0.031586,-0.0088501,4.9023
0.029755,-0.0088501,4.9084
0.028992,-0.0091553,4.9097
0.029449,-0.0099182,4.9084
0.027466,-0.0079346,4.9084
0.027924,-0.0071716,4.9109
0.028381,-0.0057983,4.9109
0.029144,-0.005188,4.9072
0.030365,-0.0054932,4.9097
0.030823,-0.0064087,4.9109
0.031891,-0.0086975,4.9146
0.032043,-0.0059509,4.9133
0.033722,-0.0039673,4.9146
0.034485,-0.0018311,4.9207
0.034637,-0.00030518,4.9158
0.03418,-0.00045776,4.9207
0.033264,-0.002594,4.9243
0.032349,-0.0038147,4.9219
0.032349,-0.0054932,4.9243
0.033264,-0.005188,4.9182
0.034027,-0.0048828,4.9304
0.034332,-0.0047302,4.9207
0.033264,-0.0064087,4.9304
0.031128,-0.0090027,4.9329
0.028839,-0.011139,4.9316
0.024109,-0.010834,4.9316
0.025787,-0.0094604,4.928
0.025177,-0.0059509,4.9329
0.023041,-0.0038147,4.9316
0.023499,0,4.9353
0.022888,0.0010681,4.9353
0.02243,0.0013733,4.9475
0.021973,0.0022888,4.9451
0.021973,0.0036621,4.9377
0.021973,0.0054932,4.9426
0.02243,0.007782,4.9316
0.021362,0.0082397,4.9231
0.019836,0.0064087,4.9304
0.0177,0.0035095,4.9207
0.015717,0.00061035,4.9231
0.014648,0,4.9255
0.014343,0.00061035,4.9182
0.014954,0.0012207,4.9182
0.013733,0.0028992,4.9158
0.015259,0.0019836,4.9194
0.014954,0.00061035,4.9133
0.014954,-0.0013733,4.9158
0.015259,-0.0032043,4.9182
0.013733,-0.0030518,4.9158
0.014191,-0.0016785,4.9133
0.014343,0.00045776,4.9121
0.014191,-0.00030518,4.9097
0.012817,-0.00076294,4.9121
0.011597,-0.0013733,4.9036
0.010681,-0.0024414,4.9121
0.010376,-0.0018311,4.9109
0.011902,0.00045776,4.906
0.012512,0.0019836,4.9072
0.012512,0.0048828,4.9121
0.01358,0.0048828,4.9109
0.01297,0.0027466,4.9109
0.011749,-0.00091553,4.9158
0.011902,-0.00076294,4.9158
0.011597,0.00030518,4.9255
0.011444,0.0021362,4.9231
0.010834,0.0047302,4.9243
0.0099182,0.0022888,4.9255
0.0099182,0.00061035,0.062256
0.0090027,-0.0012207,0.06958
0.0094604,-0.005188,0.062256
0.010986,-0.0033569,0.06958
0.011292,-0.0021362,0.063477
0.012207,-0.00045776,0.041504
0.011902,0.0012207,0.058594
0.011444,0.0018311,0.057373
0.011902,0.0019836,0.062256
0.012054,0.0027466,0.065918
0.012665,0.0030518,0.059814
0.013428,0.0033569,0.068359
0.014038,0.004425,0.064697
0.013123,0.0057983,0.067139
0.014343,0.0065613,0.064697
0.015106,0.0071716,0.064697
0.014801,0.0064087,0.061035
0.015564,0.0047302,0.059814
0.01709,0.0024414,0.067139
0.0177,0.0013733,0.057373
0.0177,0.0010681,0.05127
0.015869,0.0012207,0.054932
0.014496,0,0.041504
0.013275,-0.00015259,0.045166
0.012207,-0.00045776,0.047607
0.012207,-0.00061035,0.045166
0.01236,0.00076294,0.045166
0.012054,0.0032043,0.040283
0.011444,0.0042725,0.041504
0.010529,0.0048828,0.040283
0.010834,0.0048828,0.042725
0.011597,0.0018311,0.037842
0.013275,0,0.041504
0.016022,0.00091553,0.041504
0.017548,0.0022888,0.041504
0.017395,0.0042725,0.040283
0.016022,0.0057983,0.041504
0.014496,0.0056458,0.048828
0.013428,0.0041199,0.037842
0.013275,0.0010681,0.053711
0.013123,0.0027466,0.041504
0.014343,0.0041199,0.0354
0.015717,0.0065613,0.045166
0.016479,0.0091553,0.048828
0.016937,0.009613,0.046387
0.0177,0.0091553,0.05249
0.018158,0.0079346,0.053711
0.019226,0.0061035,0.057373
0.020752,0.005188,0.057373
0.021973,0.005188,0.058594
0.019836,0.0056458,0.058594
0.020294,0.0059509,0.063477
0.019531,0.0045776,0.063477
0.019073,0.0028992,0.064697
0.020294,0.0015259,0.06958
0.021667,0.0013733,0.063477
0.022583,0.0010681,0.061035
0.023193,0.0024414,0.059814
0.022736,0.0042725,0.070801
0.022125,0.0038147,0.065918
0.02182,0.0038147,0.064697
0.021973,0.0035095,0.063477
0.02243,0.0024414,0.065918
0.023346,0.0028992,0.062256
0.022888,0.0042725,0.061035
0.022278,0.0053406,0.054932
0.020599,0.0061035,0.059814
0.020142,0.0059509,0.05249
0.019531,0.0050354,0.054932
0.020294,0.0047302,0.05249
0.021973,0.0050354,0.050049
0.023193,0.0061035,0.047607
0.023956,0.0071716,0.05127
0.022583,0.0091553,0.061035
0.021973,0.0080872,0.046387
0.022736,0.0076294,0.054932
0.023956,0.0073242,0.043945
0.02594,0.0061035,0.028076
0.027313,0.0061035,0.040283
0.027771,0.007019,0.042725
0.027618,0.0074768,0.040283
0.027618,0.0083923,0.039063
0.028687,0.0094604,0.040283
0.028992,0.010223,0.041504
0.031433,0.010529,0.037842
0.032501,0.011139,0.042725
0.033569,0.010986,0.039063
0.031738,0.0097656,0.042725
0.029755,0.010834,0.042725
0.027161,0.0088501,0.045166
0.026093,0.0080872,0.05249
0.024261,0.007782,0.048828
0.025482,0.0039673,0.043945
0.024719,0.0021362,0.053711
0.022888,0.00030518,0.057373
0.019989,0.0010681,0.054932
0.017242,0.0010681,0.054932
0.016327,0.00015259,0.059814
0.017395,-0.00015259,0.059814
0.018463,-0.0010681,0.059814
0.020905,-0.0022888,0.061035
0.02121,-0.0038147,0.061035
0.020142,-0.0048828,0.059814
0.017853,-0.0045776,0.061035
0.016937,-0.0053406,0.065918
0.016022,-0.0050354,0.058594
0.018463,-0.0050354,0.065918
0.020447,-0.0053406,0.064697
0.023346,-0.0041199,0.067139
0.025787,-0.0032043,0.074463
0.026398,-0.00076294,0.065918
0.027313,0,0.068359
0.028992,0.00091553,0.062256
0.031738,0,0.047607
0.035248,-0.00015259,0.054932
0.037689,0.00076294,0.054932
0.036621,0.00061035,3.6047
0.036621,0.0010681,4.8401
0.032349,0.00045776,4.8901
0.030975,-0.00030518,4.917
0.031433,-0.00015259,4.9133
0.033417,-0.0012207,4.917
0.034637,-0.0015259,4.9097
0.034943,-0.0018311,4.9158
0.031586,-0.002594,4.9072
0.027313,-0.0045776,4.917
0.026703,-0.0048828,4.9097
0.025482,-0.0059509,4.9109
0.021515,-0.0062561,4.9146
0.023346,-0.0067139,4.9109
0.021973,-0.0065613,4.917
0.018463,-0.0047302,4.9084
0.015717,-0.005188,4.9097
0.013733,-0.0045776,4.906
0.013123,-0.0033569,4.9084
0.015259,-0.002594,4.9194
0.014954,-0.0012207,4.9121
0.020142,-0.00091553,4.906
0.020599,-0.00091553,4.9158
0.019989,-0.0021362,4.9146
0.018768,-0.00076294,4.9207
0.018463,-0.0012207,4.9207
0.019684,-0.00091553,4.9243
0.022736,-0.0013733,4.9231
0.024261,-0.0018311,4.9292
0.02594,-0.002594,4.9402
0.027313,-0.0032043,4.9377
0.024109,-0.0042725,4.9316
0.023041,-0.0038147,4.9353
0.022888,-0.0035095,4.9255
0.023499,-0.0027466,4.928
0.023499,-0.0050354,4.9316
0.02594,-0.0071716,4.9292
0.025024,-0.0048828,4.9304
0.023499,-0.0085449,4.9304
0.021973,-0.0088501,4.9377
0.020142,-0.0082397,4.9316
0.020294,-0.0068665,4.9341
0.020599,-0.0057983,4.9292
0.020447,-0.0064087,4.9353
0.019226,-0.0064087,4.9292
0.016937,-0.0057983,4.9292
0.01297,-0.004425,4.9341
0.010529,-0.0024414,4.928
0.01236,0.00045776,4.9316
0.013275,0.0032043,4.9243
0.017853,0.005188,4.9329
0.020599,0.0054932,4.9182
0.02182,0.0067139,4.9048
0.021667,0.0073242,4.9194
0.02121,0.0079346,4.9182
0.02182,0.0097656,4.9133
0.023804,0.011597,4.9146
0.026245,0.010834,4.9109
0.027618,0.0074768,4.9133
0.027771,0.0045776,4.9097
0.025635,-0.00091553,4.9121
0.024261,-0.00015259,4.9072
0.023193,-0.00091553,4.9121
0.022888,-0.0010681,4.9109
0.023651,-0.00091553,4.9121
0.024567,-0.0019836,4.9146
0.024109,-0.0032043,4.9133
0.022278,-0.004425,4.9146
0.018768,-0.0042725,4.9097
0.017242,-0.0030518,4.906
0.016174,-0.0010681,4.917
0.015259,0.00061035,4.9158
0.016937,0.0015259,4.9158
0.016785,0.00045776,4.9207
0.016479,-0.00015259,4.9231
0.015259,0.00091553,4.9231
0.01358,0.0030518,4.9255
0.013733,0.0061035,4.9304
0.015411,0.0088501,4.9329
0.017242,0.010834,4.9329
0.020142,0.0099182,4.9304
0.02243,0.0097656,4.9365
0.022888,0.009613,4.9292
0.022888,0.0097656,4.9194
0.022583,0.010681,4.9365
0.025024,0.011749,4.9341
0.027466,0.011749,4.9426
0.031586,0.010223,4.9377
0.032501,0.0091553,4.9268
0.030823,0.0076294,4.9353
0.03006,0.0065613,4.9353
0.027618,0.005188,4.9341
0.02655,0.004425,4.9341
0.027161,0.0042725,4.9243
0.027008,0.0059509,4.928
0.026703,0.0076294,4.9243
0.024872,0.0080872,4.9255
0.02182,0.0071716,4.9219
0.018463,0.0050354,4.9243
0.014801,0.004425,4.9207
0.013123,0.004425,4.9231
0.013885,0.0048828,4.9255
0.01236,0.0053406,4.9194
0.012054,0.0053406,4.9133
0.011749,0.0024414,4.917
0.011139,0.0024414,4.8914
0.010986,0.0024414,4.9109
0.013275,0.0067139,4.9133
0.017548,0.0085449,4.9109
0.02121,0.0090027,4.9097
0.025177,0.0067139,0.037842
0.026703,0.004425,0.042725
0.02655,0.0033569,0.039063
0.025635,0.0050354,0.041504
0.02533,0.0085449,0.0354
0.027313,0.011749,0.045166
0.03006,0.011597,0.039063
0.031586,0.0099182,0.045166
0.033264,0.0071716,0.045166
0.033569,0.0041199,0.048828
0.03479,0.004425,0.050049
0.034485,0.0047302,0.05249
0.034027,0.0059509,0.062256
0.033875,0.0053406,0.054932
0.033569,0.005188,0.047607
0.033875,0.0041199,0.062256
0.032654,0.0038147,0.057373
0.029755,0.0048828,0.062256
0.02655,0.0068665,0.063477
0.023956,0.0079346,0.058594
0.023651,0.0080872,0.059814
0.023804,0.0065613,0.059814
0.025177,0.0042725,0.063477
0.025635,0.0019836,0.062256
0.024719,0.00076294,0.067139
0.023499,0.0013733,0.065918
0.022583,0.0016785,0.065918
0.02243,0.0028992,0.076904
0.023499,0.0024414,0.068359
0.024719,0.00030518,0.067139
0.026093,-0.0024414,0.062256
0.026855,-0.0042725,0.053711
0.026398,-0.0054932,0.058594
0.026093,-0.0039673,0.053711
0.026245,-0.0022888,0.048828
0.027618,-0.0024414,0.053711
0.030212,-0.004425,0.047607
0.031586,-0.0082397,0.045166
0.031738,-0.011292,0.043945
0.029755,-0.011902,0.05127
0.029755,-0.010681,0.040283
0.028534,-0.0079346,0.045166
0.028229,-0.007782,0.045166
0.030365,-0.0068665,0.043945
0.031891,-0.0099182,0.037842
0.033112,-0.011902,0.042725
0.034027,-0.01236,0.047607
0.03479,-0.010834,0.0354
0.034943,-0.007782,0.042725
0.03479,-0.0059509,0.039063
0.034943,-0.007782,0.039063
0.036469,-0.0068665,0.037842
0.036926,-0.0086975,0.040283
0.036774,-0.0099182,0.037842
0.034027,-0.0097656,0.037842
0.032501,-0.0085449,0.040283
0.031586,-0.0067139,0.047607
0.031586,-0.005188,0.045166
0.033112,-0.0061035,0.047607
0.035248,-0.007782,0.048828
0.036011,-0.0086975,0.056152
0.035553,-0.0071716,0.054932
0.033722,-0.0065613,0.062256
0.032959,-0.0047302,0.075684
0.031738,-0.0033569,0.062256
0.032043,-0.0038147,0.061035
0.032043,-0.0059509,0.062256
0.031738,-0.0086975,0.054932
0.029907,-0.0083923,0.057373
0.027771,-0.0085449,0.059814
0.025024,-0.004425,0.062256
0.023499,-0.0021362,0.061035
0.025024,-0.0018311,0.061035
0.024414,-0.0032043,0.067139
0.025635,-0.0062561,0.062256
0.025787,-0.0074768,0.067139
0.023956,-0.0093079,0.059814
0.022278,-0.0074768,0.065918
0.020447,-0.0061035,0.063477
0.019226,-0.0085449,0.059814
0.020752,-0.0039673,0.061035
0.020294,-0.0064087,0.054932
0.02182,-0.0082397,0.061035
0.020599,-0.0094604,0.05249
0.019226,-0.0083923,0.064697
0.01709,-0.0050354,0.047607
0.017548,-0.0021362,0.037842
0.018768,-0.00091553,0.046387
0.019989,-0.00076294,0.043945
0.02121,-0.0036621,0.041504
0.02182,-0.0062561,0.039063
0.020599,-0.0057983,0.039063
0.018921,-0.0030518,0.040283
0.017853,0.00091553,0.039063
0.018158,0.0027466,0.037842
0.019226,0.0032043,0.037842
0.020294,-0.00045776,0.041504
0.020599,-0.0038147,0.041504
0.019226,-0.0080872,0.041504
0.017853,-0.0038147,0.043945
0.015564,0.00076294,0.040283
0.015411,0.0033569,0.043945
0.0099182,0.0041199,0.040283
0.015869,0.0027466,0.039063
0.015717,-0.00045776,0.045166
0.015259,-0.0021362,0.050049
0.013275,-0.002594,0.046387
0.012207,0,0.05127
0.011292,0.0024414,0.053711
0.01236,0.0024414,0.054932
0.013275,0.0018311,0.056152
0.014954,0.00015259,0.054932
0.014648,-0.0042725,0.057373
0.014496,-0.0054932,0.064697
0.013885,-0.0038147,0.062256
0.014801,-0.0015259,0.064697
0.016327,0.0010681,0.058594
0.018463,0.0016785,4.2249
0.018768,0.0013733,4.8938
0.018768,-0.00061035,4.928
0.0177,-0.0021362,4.9353
0.015106,-0.0021362,4.9377
0.014648,-0.00045776,4.9133
0.013428,0.0012207,4.9329
0.012665,0.0030518,4.9304
0.015564,0.0013733,4.9304
0.016632,-0.0013733,4.9316
0.016937,-0.0039673,4.9243
0.018921,-0.0038147,4.9304
0.014801,-0.0018311,4.9231
0.013885,0.00061035,4.9219
0.013123,0.0030518,4.9194
0.013885,0.0036621,4.9219
0.013733,0.0015259,4.9231
0.014801,0.0018311,4.9207
0.014954,0.0021362,4.9207
0.016174,0.0038147,4.9158
0.014038,0.0068665,4.917
0.015106,0.0099182,4.9158
0.01709,0.011444,4.906
0.018005,0.010986,4.9097
0.019226,0.009613,4.8938
0.018463,0.0071716,4.9133
0.019379,0.0065613,4.9084
0.015564,0.0082397,4.9072
0.014191,0.009613,4.9121
0.014191,0.011292,4.9048
0.015717,0.0088501,4.9084
0.017395,0.0065613,4.9121
0.017548,0.0041199,4.9158
0.015717,0.0018311,4.9109
0.014343,0.0015259,4.9182
0.013123,0.0033569,4.9158
0.011292,0.004425,4.917
0.011444,0.0045776,4.928
0.011902,0.002594,4.9219
0.011292,-0.00030518,4.9341
0.010223,-0.0021362,4.9207
0.0083923,-0.0024414,4.9158
0.0079346,-0.00030518,4.9353
0.007782,0.0028992,4.9304
0.0086975,0.0053406,4.9304
0.012054,0.0064087,4.9304
0.015411,0.0061035,4.9316
0.0177,0.0056458,4.9341
0.018921,0.0067139,4.928
0.018463,0.0083923,4.9341
0.018768,0.011749,4.9304
0.020447,0.013733,4.9365
0.022583,0.013733,4.9365
0.023651,0.013275,4.9377
0.025635,0.011597,4.9414
0.025177,0.011292,4.9377
0.024414,0.012054,4.9365
0.022888,0.013428,4.9329
0.021515,0.015259,4.9353
0.019989,0.015259,4.9255
0.021362,0.013885,4.928
0.022125,0.010071,4.9194
0.020599,0.0057983,4.9219
0.020905,0.0039673,4.9072
0.016937,0.0027466,4.9194
0.015411,0.0033569,4.9158
0.014648,0.0036621,4.917
0.014496,0.0048828,4.9146
0.014496,0.0039673,4.9158
0.014343,0.0024414,4.9084
0.01297,0.0018311,4.9146
0.010986,0.0028992,4.9097
0.0090027,0.0053406,4.9109
0.0080872,0.0076294,4.9255
0.007782,0.0085449,4.9133
0.0086975,0.0073242,4.9194
0.010834,0.0050354,4.9121
0.011902,0.0027466,4.895
0.011749,0.0024414,4.9084
0.012512,0.0041199,4.9097
0.013275,0.0056458,4.9084
0.014801,0.0071716,4.9121
0.015411,0.0062561,4.9084
0.016327,0.0045776,4.9158
0.018005,0.0015259,4.917
0.019531,-0.0012207,4.9219
0.019379,0.0013733,4.9182
0.020905,0.0032043,4.928
0.022736,0.0047302,4.9268
0.023651,0.0054932,4.9304
0.024414,0.0042725,4.9377
0.02533,0.0022888,4.9304
0.026093,0.00076294,4.9304
0.02533,0.00015259,4.9341
0.024567,0.00061035,4.9402
0.023041,0.00045776,4.9304
0.02121,-0.00015259,4.9329
0.019989,-0.0010681,4.9304
0.018158,-0.0027466,4.9329
0.017853,-0.0047302,4.9316
0.017395,-0.0048828,4.9365
0.014954,-0.0042725,4.9365
0.014038,-0.0035095,4.9353
0.013123,-0.00061035,4.9316
0.013123,-0.0016785,4.9365
0.013275,-0.002594,4.928
0.015106,-0.0036621,4.9304
0.017395,-0.002594,4.9268
0.020294,-0.0033569,4.9268
0.024414,-0.0012207,4.9329
0.026703,0.0015259,0.05249
0.028381,0.0018311,0.056152
0.031281,0.0016785,0.050049
0.032959,0.00030518,0.032959
0.033722,-0.0012207,0.046387
0.036774,-0.0012207,0.043945
0.03479,0,0.039063
0.034943,0.0012207,0.042725
0.036621,0.0010681,0.037842
0.034943,0.0010681,0.042725
0.034943,-0.00061035,0.037842
0.0354,-0.0021362,0.041504
0.0354,-0.0030518,0.037842
0.036011,-0.0032043,0.043945
0.034943,-0.0015259,0.040283
0.032959,-0.00091553,0.041504
0.029297,-0.0019836,0.042725
0.026398,-0.0041199,0.041504
0.023041,-0.0071716,0.041504
0.019836,-0.0093079,0.040283
0.019684,-0.009613,0.042725
0.018158,-0.0086975,0.047607
0.018158,-0.0079346,0.05127
0.017395,-0.0080872,0.048828
0.018311,-0.007019,0.05249
0.019836,-0.0065613,0.056152
0.022583,-0.0050354,0.056152
0.024261,0.00061035,0.058594
0.027618,-0.00076294,0.063477
0.03006,0.00076294,0.059814
0.031281,0.0021362,0.063477
0.032501,0.00045776,0.062256
0.033417,0,0.064697
0.034485,-0.00076294,0.057373
0.035095,-0.0019836,0.063477
0.037079,0,0.072021
0.037842,0.0018311,0.062256
0.037231,0.0030518,0.073242
0.036316,0.0042725,0.068359
0.035095,0.0028992,0.050049
0.034637,-0.0012207,0.061035
0.033875,-0.0050354,0.067139
0.033112,-0.0059509,0.061035
0.030975,-0.0093079,0.061035
0.028992,-0.009613,0.05249
0.027161,-0.010986,0.056152
0.023651,-0.01236,0.05127
0.02243,-0.012817,0.05249
0.021973,-0.01297,0.043945
0.022125,-0.010986,0.048828
0.02182,-0.0086975,0.046387
0.02121,-0.0065613,0.050049
0.020905,-0.0042725,0.050049
0.019684,-0.0041199,0.043945
0.02182,-0.0032043,0.041504
0.023499,-0.0019836,0.041504
0.02533,-0.00045776,0.028076
0.027008,0.0021362,0.036621
0.027618,0.0032043,0.040283
0.028229,0.0042725,0.0354
0.03006,0.0050354,0.037842
0.030823,0.0035095,0.039063
0.032501,0.0038147,0.037842
0.032806,0.0035095,0.039063
0.033264,0.0042725,0.041504
0.032806,0.0053406,0.039063
0.032654,0.0054932,0.043945
0.035858,0.0061035,0.042725
0.031738,0.0054932,0.047607
0.030365,0.0056458,0.050049
0.029449,0.0050354,0.05127
0.027924,0.0048828,0.059814
0.028534,0.0042725,0.056152
0.025482,0.0041199,0.070801
0.023804,0.0036621,0.056152
0.02182,0.0030518,0.050049
0.020905,0.002594,0.058594
0.020142,0.0015259,0.061035
0.019684,0.00015259,0.062256
0.019226,-0.00061035,0.059814
0.018616,-0.0012207,0.058594
0.018005,-0.0019836,0.063477
0.01709,-0.0021362,0.058594
0.015564,-0.0022888,0.065918
0.014801,-0.0022888,0.059814
0.014954,-0.0015259,0.06958
0.015106,0.00030518,0.065918
0.016022,0.0022888,0.067139
0.016327,0.0042725,0.070801
0.017395,0.005188,0.062256
0.016785,0.0065613,0.061035
0.019836,0.0062561,0.059814
0.020599,0.0056458,0.059814
0.022278,0.005188,0.053711
0.023651,0.0022888,0.050049
0.024872,0.0022888,0.047607
0.025177,0.0012207,0.05249
0.02594,0.0016785,0.042725
0.026398,0.00030518,0.047607
0.026398,0.0021362,0.042725
0.026398,0.0024414,0.046387
0.026245,0.0030518,0.040283
0.025787,0.0027466,0.041504
0.026093,0.0022888,0.039063
0.026093,0.0015259,0.041504
0.024719,0.0015259,0.039063
0.023499,0.002594,0.041504
0.022736,0.0024414,0.056152
0.023041,0.0035095,0.040283
0.023346,0.0015259,0.043945
0.022888,0.0010681,0.041504
0.022125,-0.00030518,0.021973
0.02121,-0.00076294,0.037842
0.021667,-0.00061035,0.039063
0.020905,-0.00015259,0.040283
0.018616,0.00061035,0.042725
0.021057,0.0013733,0.042725
0.019989,0.002594,4.2102
0.019836,0.0033569,4.8718
0.019836,0.0048828,4.9194
0.021362,0.0061035,4.9146
0.022278,0.0071716,4.9329
0.02243,0.0091553,4.9304
0.022888,0.0093079,4.9316
0.022888,0.0086975,4.9353
0.022736,0.0074768,4.9329
0.023651,0.0057983,4.9329
0.022583,0.0042725,4.9304
0.02182,0.0030518,4.9438
0.019989,0.002594,4.9316
0.018158,0.0018311,4.9207
0.017853,0.0013733,4.9329
0.018311,0.0018311,4.9316
0.018616,0.0033569,4.9329
0.018921,0.0039673,4.9377
0.017242,0.0042725,4.9365
0.016937,0.004425,4.9329
0.018921,0.0041199,4.9292
0.018921,0.0038147,4.928
0.018311,0.0024414,4.9268
0.018005,0.0010681,4.9255
0.017395,0.00045776,4.9231
0.016327,0.00015259,4.9243
0.016785,0.00030518,4.928
0.017548,-0.00045776,4.9255
0.019989,0,4.9182
0.020447,0.00061035,4.917
0.02121,0.0010681,4.9011
0.020905,0.0019836,4.9158
0.021057,0.0022888,4.9146
0.021667,0.0027466,4.9109
0.021667,0.0021362,4.9121
0.021362,0.0012207,4.9121
0.02121,0.00076294,4.9097
0.020752,0.00045776,4.9097
0.020447,-0.00045776,4.9097
0.019836,0.00030518,4.906
0.020294,0.0015259,4.9121
0.022125,0.0010681,4.9109
0.023346,0.00091553,4.9133
0.023193,-0.00015259,4.8877
0.023651,-0.0015259,4.9121
0.021973,-0.0015259,4.9158
0.021667,-0.0030518,4.9146
0.020752,-0.0027466,4.9231
0.019684,-0.0019836,4.9207
0.018768,-0.0024414,4.906
0.018311,-0.0035095,4.9194
0.018158,-0.0047302,4.9255
0.018311,-0.0050354,4.9255
0.018768,-0.0042725,4.9268
0.019379,-0.0027466,4.9255
0.020447,-0.0019836,4.9353
0.021515,-0.0013733,4.928
0.02243,-0.0012207,4.9304
0.022888,-0.0030518,4.928
0.023804,-0.004425,4.9341
0.023041,-0.0054932,4.9304
0.02121,-0.007019,4.9341
0.019379,-0.0073242,4.9475
0.018921,-0.0062561,4.9353
0.018616,-0.0061035,4.9341
0.018768,-0.0068665,4.9377
0.018463,-0.0061035,4.9255
0.019684,-0.0061035,4.9304
0.020599,-0.0048828,4.9329
0.020142,-0.0024414,4.9304
0.021515,-0.00076294,4.928
0.021667,0.00030518,4.9231
0.021515,-0.0013733,4.9255
0.02243,0.0010681,4.9146
0.018921,-0.0019836,4.9255
0.020294,-0.00015259,4.9158
0.018921,0,4.9207
0.017853,0.0012207,4.9158
0.01709,0.0018311,4.9194
0.015717,0.0024414,4.9036
0.016785,-0.0032043,4.9133
0.016327,-0.00030518,4.9207
0.016937,-0.0021362,4.9109
0.017548,-0.0036621,4.9194
0.016022,-0.004425,4.9109
0.015869,-0.0057983,4.9072
0.015717,-0.0068665,4.9158
0.014801,-0.0088501,4.9097
0.014954,-0.0093079,4.9072
0.014343,-0.0086975,4.9084
0.014191,-0.007782,4.9109
0.014343,-0.0039673,4.9109
0.015717,-0.0027466,4.9048
0.014954,-0.0015259,4.9158
0.015411,-0.0010681,4.9121
0.015564,0,4.9182
0.016327,-0.00091553,4.9182
0.0177,-0.00091553,4.9243
0.020294,0,4.9329
0.021362,-0.0018311,4.9268
0.022736,-0.00091553,4.9316
0.02243,-0.0016785,4.9292
0.018921,-0.0022888,4.9292
0.02182,-0.00091553,4.9341
0.02243,-0.00015259,4.9304
0.023499,0.0018311,4.9304
0.023956,0.0035095,4.9292
0.023193,0.005188,4.9304
0.021973,0.0048828,4.9329
0.022583,0.0039673,0.062256
0.023956,0.0030518,0.067139
0.024414,0.0012207,0.053711
0.023193,0.00030518,0.065918
0.024261,-0.00045776,0.06958
0.019989,-0.00076294,0.068359
0.02243,-0.0013733,0.062256
0.020142,-0.0010681,0.063477
0.021362,0.0010681,0.057373
0.018921,0.0010681,0.054932
0.018158,0.0022888,0.064697
0.016327,0.0032043,0.05249
0.017242,0.0035095,0.053711
0.014801,0.0027466,0.043945
0.015106,0.00076294,0.048828
0.015717,-0.0039673,0.046387
0.016327,0.00015259,0.047607
0.017548,-0.00045776,0.041504
0.01709,-0.00045776,0.046387
0.015869,-0.00076294,0.042725
0.01358,-0.0010681,0.042725
0.012207,-0.0018311,0.040283
0.011749,-0.0024414,0.041504
0.012207,-0.0018311,0.040283
0.01297,-0.0022888,0.042725
0.014038,-0.002594,0.05249
0.015106,-0.0028992,0.039063
0.016785,-0.0016785,0.043945
0.016632,-0.0024414,0.039063
0.018158,-0.0019836,0.021973
0.018463,-0.0010681,0.039063
0.018768,0.00061035,0.041504
0.016785,0.0010681,0.042725
0.01709,0.002594,0.043945
0.016479,0.0018311,0.047607
0.016022,0.0016785,0.05127
0.016327,0.00030518,0.05249
0.016632,-0.0013733,0.058594
0.01709,-0.0028992,0.053711
0.017548,-0.004425,0.059814
0.016937,-0.0056458,0.059814
0.01709,-0.0056458,0.064697
0.015259,-0.0050354,0.062256
0.014038,-0.0038147,0.059814
0.013885,-0.00091553,0.061035
0.012054,0.0032043,0.063477
0.010529,0.0041199,0.073242
0.0097656,0.0064087,0.062256
0.010223,0.007782,0.056152
0.010529,0.0082397,0.061035
0.012054,0.0073242,0.065918
0.014038,0.0061035,0.063477
0.016785,0.0050354,0.072021
0.019531,0.0033569,0.063477
0.02182,0.0032043,0.062256
0.022888,0.0019836,0.058594
0.023193,0.0013733,0.062256
0.02243,0.00061035,0.05249
0.02121,-0.00076294,0.056152
0.019531,-0.00045776,0.05249
0.01709,-0.00061035,0.05249
0.017853,-0.00076294,0.054932
0.017242,-0.00076294,0.048828
0.018311,-0.0024414,0.047607
0.015869,-0.002594,0.045166
0.019531,-0.0035095,0.0354
0.018463,-0.0042725,0.043945
0.017548,-0.0048828,0.042725
0.0177,-0.0042725,0.039063
0.017853,-0.0036621,0.040283
0.018005,-0.0019836,0.039063
0.01709,-0.00015259,0.041504
0.016022,-0.00045776,0.037842
0.015411,-0.00091553,0.042725
0.016022,-0.00061035,0.039063
0.016785,-0.0010681,0.032959
0.018311,-0.0010681,0.041504
0.019989,-0.00076294,0.041504
0.020905,-0.00045776,0.040283
0.02243,0.00030518,0.042725
0.022736,0.00045776,0.05249
0.024109,0.00015259,0.045166
0.024719,-0.00045776,0.058594
0.025177,0,0.05249
0.026703,0.00015259,0.040283
0.027008,0.0012207,0.050049
0.027313,0.00061035,0.057373
0.027466,0.0010681,0.059814
0.027008,0.00076294,0.059814
0.027161,-0.00061035,0.061035
0.027771,-0.002594,0.061035
0.027313,-0.0030518,0.061035
0.027924,-0.0032043,0.062256
0.027618,-0.0035095,0.053711
0.027008,-0.0035095,0.063477
0.025482,-0.0028992,0.062256
0.023041,-0.002594,0.058594
0.019379,-0.0016785,0.075684
0.020447,-0.00045776,0.067139
0.020447,-0.00030518,0.063477
0.021362,0.00061035,0.068359
0.022125,0.00030518,0.065918
0.023041,-0.00076294,0.059814
0.022583,-0.0015259,0.059814
0.022583,-0.0028992,0.057373
0.022736,-0.0036621,0.053711
0.023193,-0.0032043,0.039063
0.024414,-0.0032043,0.05127
0.024872,-0.0019836,0.047607
0.025635,-0.0024414,0.046387
0.025024,-0.0016785,0.046387
0.024872,-0.0019836,0.048828
0.025482,-0.0019836,0.042725
0.02594,-0.0013733,0.046387
0.027771,-0.00076294,0.042725
0.029297,0.00030518,0.042725
0.029297,0.0013733,0.05127
0.031281,0.0022888,1.4819
0.031281,0.0033569,4.718
0.030975,0.0047302,4.8901
0.031433,0.0053406,4.8962
0.032043,0.0065613,4.9097
0.033569,0.007019,4.9109
0.033112,0.0074768,4.906
0.031738,0.0062561,4.9097
0.030518,0.0053406,4.9109
0.029144,0.0038147,4.9109
0.028534,0.0028992,4.9084
0.027924,0.0022888,4.9243
0.027771,0.0016785,4.9158
0.026703,0.0022888,4.9207
0.025482,0.0027466,4.9255
0.024414,0.0028992,4.9268
0.023499,0.0033569,4.9292
0.023193,0.0028992,4.9304
0.021515,0.0036621,4.928
0.021057,0.0035095,4.9316
0.020447,0.0033569,4.9377
0.020599,0.0021362,4.9365
0.018311,0.0018311,4.9158
0.017395,0.0015259,4.9304
0.017853,-0.00030518,4.928
0.018311,0.0027466,4.9292
0.018463,0.0039673,4.9353
0.019226,0.004425,4.9329
0.019531,0.0035095,4.9365
0.019989,0.0033569,4.9341
0.019379,0.0027466,4.9353
0.019531,0.0021362,4.9353
0.019836,0.0012207,4.9353
0.021667,0.00045776,4.9292
0.02243,0.00061035,4.9329
0.023651,0.00045776,4.9414
0.023041,-0.00045776,4.9255
0.023804,-0.00030518,4.9231
0.023499,-0.0012207,4.9231
0.024567,-0.00076294,4.8999
0.025635,-0.0015259,4.9158
0.026398,-0.0015259,4.9146
0.02655,-0.00076294,4.9158
0.02594,-0.0013733,4.9182
0.02594,-0.00061035,4.9121
0.025787,-0.00045776,4.9109
0.02594,0.00030518,4.9109
0.027008,0.0015259,4.9109
0.027771,0.0030518,4.906
0.028687,0.0045776,4.9158
0.028687,0.0065613,4.9109
0.03067,0.0073242,4.9121
0.027313,0.0080872,4.9109
0.027618,0.0085449,4.9109
0.027618,0.0053406,4.9084
0.026703,0.0071716,4.9109
0.02594,0.0073242,4.9109
0.02594,0.0061035,4.9121
0.023651,0.0057983,4.8962
0.025635,0.0047302,4.9182
0.025635,0.0038147,4.9146
0.026398,0.0039673,4.9182
0.02594,0.0022888,4.9207
0.026093,0.002594,4.9207
0.025482,0.0027466,4.9255
0.024719,0.0053406,4.9255
0.025177,0.0045776,4.9329
0.022583,0.0041199,4.928
0.022736,0.0036621,4.9329
0.022125,0.002594,4.9109
0.022888,0.0028992,4.9329
0.023651,0.0038147,4.9402
0.024261,0.0042725,4.9341
0.024872,0.0045776,4.9377
0.025024,0.0042725,4.9341
0.024872,0.0038147,4.9194
0.028992,0.004425,4.9353
0.024719,0.0056458,4.9353
0.024261,0.0064087,4.9341
0.023651,0.0074768,4.9365
0.022888,0.0082397,4.9329
0.023041,0.0065613,4.9341
0.02243,0.0057983,4.928
0.023041,0.00061035,4.9304
0.022888,0.0038147,4.9243
0.022736,0.0045776,4.9255
0.022583,0.0062561,4.9219
0.021667,0.0061035,4.9231
0.021057,0.005188,4.9194
0.02182,0.0047302,4.9194
0.020447,0.0033569,4.9194
0.020752,0.0030518,4.917
0.02121,0.0032043,4.9207
0.021515,0.0045776,4.9146
0.021973,0.0057983,4.9231
0.022888,0.0068665,4.9097
0.021057,0.0059509,4.906
0.020905,0.0042725,4.9097
0.022125,0.0041199,4.9109
0.020599,0.0042725,4.9072
0.02182,0.0045776,4.9097
0.021362,0.0061035,4.9048
0.020599,0.0041199,4.9146
0.019684,0.0054932,4.9109
0.016937,0.0045776,4.9158
0.016479,0.0028992,4.9121
0.016327,0.00091553,4.9158
0.016022,0.0010681,4.9158
0.015869,0.00045776,4.917
0.015717,0.00030518,0.058594
0.015717,0.00076294,0.053711
0.015411,0.00015259,0.039063
0.014801,-0.0013733,0.054932
0.015106,-0.0012207,0.056152
0.017242,-0.0012207,0.062256
0.018158,-0.00061035,0.061035
0.018921,-0.00030518,0.056152
0.019531,-0.00045776,0.061035
0.018158,-0.00045776,0.057373
0.018158,-0.0012207,0.063477
0.018311,-0.0035095,0.058594
0.018311,-0.0027466,0.064697
0.019531,-0.0019836,0.064697
0.020599,-0.00091553,0.065918
0.019836,0.0021362,0.075684
0.018921,0.0036621,0.068359
0.018616,0.0047302,0.067139
0.018463,0.0039673,0.067139
0.018768,0.0021362,0.072021
0.018921,0.0012207,0.057373
0.019226,0.0018311,0.047607
0.019379,0.0022888,0.056152
0.018768,0.0030518,0.053711
0.0177,0.0032043,0.05249
0.018311,0.0015259,0.05249
0.018463,-0.00030518,0.047607
0.018768,-0.0013733,0.046387
0.019379,-0.00091553,0.042725
0.019989,0.00030518,0.047607
0.019073,0.0032043,0.042725
0.018768,0.0012207,0.045166
0.016327,0.0013733,0.043945
0.015564,-0.00091553,0.041504
0.015869,-0.0030518,0.05127
0.016174,-0.0048828,0.039063
0.014954,-0.0048828,0.05127
0.014038,-0.0045776,0.036621
0.012665,-0.0045776,0.031738
0.011444,-0.0050354,0.037842
0.011292,-0.0067139,0.039063
0.011749,-0.0083923,0.045166
0.012665,-0.0099182,0.039063
0.012665,-0.010223,0.040283
0.013428,-0.0094604,0.041504
0.014343,-0.0076294,0.041504
0.015717,-0.0059509,0.046387
0.016785,-0.0048828,0.043945
0.017242,-0.0050354,0.05249
0.017853,-0.005188,0.053711
0.018463,-0.0053406,0.056152
0.020447,-0.0047302,0.061035
0.020905,-0.0036621,0.059814
0.021057,-0.0027466,0.061035
0.022736,-0.0022888,0.061035
0.024567,-0.0022888,0.067139
0.02655,-0.0028992,0.061035
0.028839,-0.0032043,0.053711
0.028992,-0.0019836,0.059814
0.028229,-0.0018311,0.062256
0.02655,-0.00091553,0.058594
0.025482,-0.00015259,0.062256
0.022125,-0.0013733,0.062256
0.021973,-0.0021362,0.061035
0.019531,-0.0015259,0.063477
0.018158,-0.0015259,0.065918
0.016785,-0.00091553,0.064697
0.015106,0,0.064697
0.015259,0.00015259,0.057373
0.014496,0.00061035,0.059814
0.013885,0.00030518,0.06958
0.013885,-0.00045776,0.054932
0.012207,-0.00061035,0.047607
0.01358,-0.00091553,0.05249
0.013275,-0.0019836,0.031738
0.015259,-0.002594,0.047607
0.014496,-0.0039673,0.046387
0.015411,-0.0059509,0.043945
0.018005,-0.0080872,0.041504
0.019379,-0.009613,0.041504
0.020599,-0.0085449,0.045166
0.020752,-0.0061035,0.039063
0.020752,-0.0033569,0.040283
0.020294,-0.00076294,0.036621
0.019989,0.0015259,0.040283
0.019531,0.0022888,0.041504
0.019989,0.0016785,0.040283
0.020752,0.00061035,0.040283
0.019226,0.00015259,0.039063
0.021362,0,0.040283
0.022583,0.00015259,0.042725
0.023651,-0.0010681,0.046387
0.024567,-0.0036621,0.039063
0.025024,-0.0045776,0.037842
0.024109,-0.0073242,0.043945
0.02243,-0.0074768,0.045166
0.019379,-0.0062561,0.045166
0.018158,-0.0045776,0.053711
0.017548,-0.0048828,0.05249
0.016479,-0.0047302,0.058594
0.016174,-0.004425,0.057373
0.014954,-0.0042725,0.063477
0.014191,-0.0018311,0.057373
0.015106,0.00076294,0.061035
0.013885,0.0035095,0.058594
0.017548,0.0048828,0.056152
0.019684,0.0056458,0.072021
0.02121,0.0042725,0.063477
0.02182,0.0022888,0.065918
0.021515,0.0021362,0.062256
0.021057,0.00061035,0.062256
0.02121,0.0018311,0.067139
0.018768,-0.00030518,0.065918
0.022125,-0.0022888,0.062256
0.02182,-0.004425,0.065918
0.02182,-0.0056458,0.058594
0.02121,-0.007019,0.059814
0.02121,-0.004425,0.056152
0.021973,-0.002594,4.1321
0.021515,-0.002594,4.8669
0.022125,-0.0027466,4.9158
0.021362,-0.0036621,4.9207
0.020294,-0.0045776,4.9194
0.020752,-0.0056458,4.9158
0.019226,-0.0064087,4.9182
0.018768,-0.0062561,4.9268
0.018463,-0.0065613,4.917
0.019989,-0.0080872,4.9231
0.018616,-0.0090027,4.9109
0.018768,-0.010986,4.8999
0.018616,-0.01236,4.9146
0.018158,-0.01236,4.9133
0.020142,-0.010681,4.9084
0.020905,-0.0073242,4.9146
0.019989,-0.004425,4.906
0.019989,-0.0015259,4.9109
0.019836,-0.00045776,4.9084
0.020294,-0.00076294,4.9097
0.020294,-0.0021362,4.9084
0.02182,-0.0016785,4.9121
0.023041,0.00061035,4.9133
0.024414,0.0036621,4.9158
0.026855,0.004425,4.928
0.027466,0.005188,4.9207
0.027771,0.0027466,4.9207
0.02655,0.0012207,4.9243
0.027313,-0.0013733,4.9231
0.027008,-0.0022888,4.9121
0.024872,-0.0012207,4.9158
0.02243,0.00045776,4.9292
0.022583,0.00045776,4.9304
0.02121,-0.00045776,4.928
0.020905,-0.002594,4.9329
0.020142,-0.0028992,4.9316
0.021362,-0.0035095,4.9304
0.021515,-0.00061035,4.9292
0.019379,0.0021362,4.9341
0.022888,0.0032043,4.9341
0.021362,0.0016785,4.9402
0.02121,0,4.9353
0.020599,-0.0024414,4.9377
0.020599,-0.0035095,4.9451
0.019989,-0.0018311,4.939
0.020447,0.00030518,4.9377
0.022125,0.0015259,4.9304
0.022125,0.0010681,4.9158
0.022888,-0.00015259,4.9243
0.023193,-0.00015259,4.9219
0.024719,0.00061035,4.9231
0.027161,0.004425,4.9231
0.027618,0.0067139,4.9194
0.028839,0.0071716,4.9194
0.028687,0.007782,4.9133
0.028839,0.0064087,4.9194
0.028229,0.0042725,4.9109
0.027161,0.0021362,4.9158
0.028534,0.0036621,4.9158
0.029297,0.0064087,4.9158
0.029602,0.010223,4.9133
0.028381,0.010529,4.9109
0.027466,0.010681,4.9084
0.026093,0.0083923,4.9097
0.023956,0.0045776,4.9048
0.023956,0.0071716,4.9121
0.023956,0.0085449,4.8962
0.023651,0.010986,4.9097
0.027466,0.011902,4.9109
0.023651,0.011292,4.9109
0.023346,0.0083923,4.9121
0.022125,0.005188,4.9109
0.018768,0.0024414,4.9194
0.021515,0.0032043,4.9182
0.020752,0.0041199,4.9219
0.020752,0.0035095,4.9231
0.020142,0.0059509,4.9268
0.018768,0.0045776,4.9243
0.018616,0.0021362,4.9304
0.018616,0.00015259,4.9341
0.019989,0.00076294,4.9341
0.022583,0.0027466,4.9414
0.024109,0.0045776,4.9304
0.026093,0.0067139,4.9109
0.02594,0.0068665,4.9316
0.026093,0.0057983,4.9304
0.024872,0.004425,4.9329
0.024567,0.0036621,4.9329
0.023804,0.0036621,4.9341
0.024109,0.004425,4.939
0.023956,0.0042725,4.9365
0.023041,0.004425,4.9353
0.023041,0.0024414,4.9316
0.022278,-0.00091553,4.9329
0.022736,-0.0010681,4.9255
0.023193,-0.00015259,4.9316
0.023651,0.0018311,4.9353
0.024872,0.0045776,4.928
0.023956,0.0053406,4.9231
0.023041,0.004425,4.9243
0.021362,0.0030518,4.9146
0.019836,0.0012207,4.9158
0.019836,0,4.9194
0.020599,0.0013733,4.9182
0.019836,0.0015259,4.9182
0.020142,0.0036621,4.9109
0.02121,0.0035095,4.9109
0.020752,0.0022888,0.043945
0.021057,0.0036621,0.045166
0.021973,0.0019836,0.037842
0.023651,0.0035095,0.042725
0.024567,0.005188,0.037842
0.024872,0.0047302,0.042725
0.023956,0.0071716,0.037842
0.022888,0.0064087,0.037842
0.021973,0.0047302,0.047607
0.020905,0.0016785,0.041504
0.022278,0.0021362,0.054932
0.021973,0.0019836,0.040283
0.02121,0.0024414,0.029297
0.020142,0.0024414,0.046387
0.019073,0.0018311,0.047607
0.017548,0.00045776,0.05127
0.016479,-0.0010681,0.05127
0.016937,-0.0027466,0.053711
0.017548,-0.0039673,0.054932
0.017395,-0.0012207,0.054932
0.01709,0.00015259,0.063477
0.016937,0.0012207,0.059814
0.018005,0.0015259,0.064697
0.018158,0.0018311,0.064697
0.017548,0.0012207,0.064697
0.019379,0.0016785,0.070801
0.020294,0.0028992,0.063477
0.020905,0.0038147,0.062256
0.020752,0.0045776,0.065918
0.019226,0.0045776,0.067139
0.020447,0.004425,0.065918
0.020752,0.0041199,0.064697
0.02121,0.0041199,0.064697
0.021973,0.0038147,0.064697
0.02182,0.0038147,0.058594
0.021362,0.0036621,0.061035
0.019836,0.0024414,0.057373
0.019531,0.0016785,0.057373
0.018616,0.00076294,0.05127
0.018921,-0.00091553,0.050049
0.020142,-0.0013733,0.05249
0.019836,-0.00076294,0.05249
0.019379,0.00015259,0.047607
0.018311,0.0013733,0.046387
0.017395,0.0018311,0.062256
0.016785,0.0018311,0.047607
0.017853,0.0010681,0.053711
0.019531,0.00030518,0.042725
0.020905,0.00015259,0.03418
0.020905,0.00091553,0.037842
0.019684,0.0013733,0.037842
0.018616,0.0016785,0.036621
0.017853,0.0010681,0.037842
0.018158,0,0.037842
0.019684,-0.0018311,0.041504
0.019989,-0.0015259,0.036621
0.020905,-0.0010681,0.040283
0.02121,-0.00045776,0.039063
0.019379,0.00030518,0.043945
0.018158,-0.00015259,0.037842
0.0177,-0.00030518,0.046387
0.019531,-0.0013733,0.056152
0.019836,-0.0019836,0.047607
0.020294,-0.0013733,0.050049
0.020752,-0.00030518,0.05249
0.019684,0.0010681,0.05127
0.018768,0.0012207,0.057373
0.018616,0.0010681,0.047607
0.019531,-0.00030518,0.061035
0.020905,-0.0012207,0.061035
0.022583,-0.0010681,0.062256
0.02243,-0.00030518,0.061035
0.020447,0.0012207,0.059814
0.019379,0.00045776,0.062256
0.0177,0.0016785,0.062256
0.016174,0.0013733,0.064697
0.017395,-0.00091553,0.062256
0.018158,0.00045776,0.067139
0.018311,0.0016785,0.067139
0.016479,0.0028992,0.067139
0.015869,0.0027466,0.074463
0.015411,0.0027466,0.064697
0.014801,0.0022888,0.068359
0.016937,0.0015259,0.057373
0.019379,0.0022888,0.050049
0.020599,0.002594,0.056152
0.02121,0.0024414,0.053711
0.0177,0.0015259,0.048828
0.017853,0.00076294,0.05127
0.01709,-0.0013733,0.048828
0.016479,-0.0022888,0.046387
0.018768,-0.0035095,0.046387
0.020142,-0.0032043,0.046387
0.02121,-0.002594,0.041504
0.020905,-0.0027466,0.042725
0.018463,-0.002594,0.045166
0.016479,-0.0036621,0.042725
0.015411,-0.0047302,0.039063
0.014191,-0.0053406,0.041504
0.016022,-0.0064087,0.040283
0.016327,-0.0065613,0.041504
0.015411,-0.007019,0.039063
0.013733,-0.0048828,0.039063
0.012054,-0.004425,0.028076
0.012207,-0.0030518,0.039063
0.013428,-0.0018311,0.039063
0.019073,-0.00015259,0.041504
0.020294,0.0012207,0.042725
0.022278,0.0013733,0.047607
0.022888,-0.00091553,0.048828
0.021973,-0.00015259,0.045166
0.021515,-0.0021362,0.05127
0.023041,-0.0024414,0.048828
0.024567,-0.0050354,0.059814
0.025787,-0.0033569,0.053711
0.025482,-0.0038147,0.057373
0.024414,-0.0038147,0.073242
0.023651,-0.0042725,0.061035
0.021362,-0.0033569,2.1289
0.020599,-0.0021362,4.7644
0.021515,-0.00045776,4.9048
0.023956,0.00061035,4.928
0.023956,0.00030518,4.928
0.023193,-0.00030518,4.9316
0.020752,-0.00076294,4.9304
0.017548,-0.0022888,4.9329
0.016479,-0.0010681,4.9365
0.016785,0.00015259,4.9341
0.016479,-0.00091553,4.9341
0.017548,-0.0027466,4.9316
0.016479,-0.005188,4.9341
0.014954,-0.0068665,4.9292
0.013428,-0.0074768,4.928
0.012512,-0.0062561,4.9304
0.013733,-0.0041199,4.9268
0.016022,-0.0032043,4.9304
0.017548,-0.0035095,4.9146
0.019226,-0.0035095,4.9304
0.019989,-0.0042725,4.9182
0.018768,-0.0030518,4.9011
0.018005,-0.00015259,4.9158
0.019379,0.0015259,4.9146
0.02243,0.0028992,4.9146
0.024872,0.0012207,4.9146
0.027924,-0.00030518,4.9097
0.027313,-0.0027466,4.9121
0.02533,0.00015259,4.9084
0.023041,-0.0015259,4.9121
0.020599,0.0015259,4.9097
0.02121,0.004425,4.9121
0.022583,0.005188,4.9097
0.022583,0.0039673,4.9207
0.023804,0.0012207,4.9207
0.02182,-0.0018311,4.9146
0.019684,-0.0035095,4.9133
0.0177,-0.0032043,4.9133
0.016632,-0.0012207,4.9097
0.017242,0.00030518,4.9158
0.01358,0.00015259,4.917
0.0177,-0.00015259,4.9182
0.016785,-0.0028992,4.9231
0.015564,-0.00015259,4.9219
0.013733,0.0013733,4.9268
0.013275,0.0038147,4.928
0.015259,0.0054932,4.9329
0.018158,0.0061035,4.9329
0.021515,0.0048828,4.9341
0.024719,0.0027466,4.928
0.02533,0.00045776,4.9329
0.024719,0.00030518,4.9304
0.02121,0.00076294,4.9341
0.02243,0.0022888,4.9365
0.02533,0.0028992,4.9377
0.024414,0.0019836,4.9451
0.027313,0.00045776,4.9377
0.028381,-0.00045776,4.9243
0.026245,-0.00045776,4.9316
0.025635,0.00091553,4.9341
0.024109,0.0016785,4.9304
0.026398,0.0042725,4.928
0.028229,0.0028992,4.9268
0.030518,0.0021362,4.9231
0.030975,0.00091553,4.9219
0.028381,-0.0013733,4.9243
0.024414,0.00015259,4.9207
0.02182,0.0010681,4.9194
0.020905,0.0012207,4.9194
0.021973,0.0012207,4.9194
0.025024,-0.00015259,4.928
0.025635,-0.0019836,4.917
0.024719,-0.002594,4.9084
0.02243,-0.0022888,4.9133
0.019836,0.0019836,4.8938
0.019531,0.0022888,4.9084
0.021362,0.0036621,4.9097
0.023956,0.0024414,4.9121
0.026398,0,4.9097
0.026703,-0.0013733,4.9072
0.026398,-0.0024414,4.9109
0.025482,-0.0016785,4.9097
0.025177,0.0012207,4.9158
0.02594,0.0030518,4.9072
0.029144,0.0038147,4.9158
0.03067,0.002594,4.9146
0.03067,0,4.9207
0.028839,-0.00091553,4.917
0.025024,-0.0024414,4.9231
0.024567,-0.00091553,4.9219
0.024109,0.00045776,4.9268
0.024567,0.00076294,4.9341
0.025635,-0.0016785,4.9194
0.025024,-0.0038147,4.9255
0.026093,-0.0054932,4.9304
0.024567,-0.0047302,4.9316
0.023193,-0.0016785,4.9292
0.02243,0.0018311,4.9304
0.021667,0.0038147,4.9304
0.022583,0.0036621,4.9329
0.024872,0.0028992,4.9329
0.025177,0.0010681,4.9377
0.023804,0.0010681,4.9316
0.018005,0.0019836,4.9414
0.018768,0.0036621,4.9353
0.018311,0.0041199,4.9365
0.018768,0.0032043,4.9426
0.020599,0.00015259,4.9341
0.021667,-0.0024414,0.061035
0.021362,-0.0022888,0.058594
0.019531,-0.00091553,0.047607
0.017548,0.0019836,0.054932
0.017395,0.0041199,0.045166
0.019073,0.0045776,0.045166
0.021362,0.0030518,0.05127
0.024567,0.0015259,0.045166
0.024719,0.0010681,0.050049
0.023346,0.0019836,0.043945
0.022736,0.0039673,0.045166
0.021667,0.0057983,0.041504
0.02182,0.0067139,0.045166
0.022888,0.0061035,0.045166
0.024872,0.0039673,0.041504
0.025024,0.0033569,0.037842
0.023956,0.0039673,0.042725
0.022125,0.0061035,0.045166
0.021057,0.007782,0.041504
0.019989,0.010071,0.047607
0.02121,0.0061035,0.039063
0.021362,0.0047302,0.0354
0.021667,-0.00015259,0.037842
0.020142,-0.0057983,0.036621
0.01709,-0.0082397,0.041504
0.014801,-0.0054932,0.042725
0.014191,-0.0015259,0.041504
0.013885,0.0012207,0.047607
0.015106,0.0028992,0.048828
0.017242,0.0024414,0.056152
0.018768,0.0015259,0.05249
0.018158,0.0012207,0.061035
0.015869,0.0022888,0.058594
0.016327,0.0061035,0.062256
0.017395,0.0074768,0.076904
0.019379,0.0067139,0.063477
0.022736,0.0027466,0.063477
0.025024,-0.0015259,0.05249
0.024414,-0.0030518,0.050049
0.022278,-0.0024414,0.061035
0.019226,-0.00030518,0.062256
0.0177,0.0019836,0.063477
0.018768,0.0018311,0.067139
0.020599,0.00076294,0.062256
0.022888,-0.0033569,0.068359
0.023651,-0.0056458,0.065918
0.023193,-0.0064087,0.064697
0.02243,-0.0047302,0.061035
0.023041,0.00045776,0.065918
0.024109,0.0074768,0.056152
0.025635,0.0062561,0.058594
0.027313,0.005188,0.057373
0.029297,0.0035095,0.053711
0.027161,0.0022888,0.059814
0.02182,0.0024414,0.047607
0.022278,0.0041199,0.061035
0.02182,0.0050354,0.045166
0.023651,0.0071716,0.048828
0.024719,0.002594,0.043945
0.026093,0,0.040283
0.02594,0.0010681,0.040283
0.027008,0.0047302,0.041504
0.025635,0.0083923,0.0354
0.026245,0.010681,0.042725
0.028076,0.010834,0.040283
0.028534,0.0086975,0.042725
0.028381,0.0064087,0.037842
0.026855,0.0038147,0.042725
0.024109,0.002594,0.041504
0.021057,0.0015259,0.039063
0.019073,0.0012207,0.043945
0.017548,0.00045776,0.043945
0.018158,-0.00030518,0.046387
0.018005,0.00030518,0.042725
0.019226,0.00061035,0.042725
0.019684,0.0015259,0.047607
0.019226,0.0022888,0.046387
0.019226,0.0050354,0.05127
0.019989,0.0065613,0.056152
0.022278,0.0082397,0.057373
0.024414,0.007782,0.059814
0.02533,0.0064087,0.058594
0.025177,0.0030518,0.067139
0.023193,0.0027466,0.061035
0.021057,0.002594,0.061035
0.020294,0.0038147,0.063477
0.019989,0.0054932,0.063477
0.019836,0.0056458,0.059814
0.02121,0.0042725,0.063477
0.019836,0.0021362,0.072021
0.018463,0.00091553,0.063477
0.014954,0.00076294,0.073242
0.016022,0.0028992,0.065918
0.016479,0.0036621,0.048828
0.014648,0.0013733,0.063477
0.016937,0.0013733,0.061035
0.017548,-0.0024414,0.057373
0.017853,-0.0047302,0.057373
0.012207,-0.0024414,0.05127
0.015411,-0.0027466,0.053711
0.014343,0.00091553,0.050049
0.013733,0.0027466,0.043945
0.014801,0.002594,0.040283
0.015259,0.0010681,0.048828
0.016479,-0.00045776,0.043945
0.016937,0.00030518,0.047607
0.01709,0.0035095,0.050049
0.017242,0.0068665,0.041504
0.017853,0.0091553,0.040283
0.017395,0.0093079,0.041504
0.019226,0.0059509,0.029297
0.019073,0.0027466,0.037842
0.018463,0.0021362,0.028076
0.017548,0.0019836,0.036621
0.015717,0.0021362,0.039063
0.015106,0.0032043,0.036621
0.015106,0.0042725,0.040283
0.015869,0.0018311,0.037842
0.017395,0.00045776,4.0112
0.0177,-0.00030518,4.8499
0.018463,0.0021362,4.9097
0.018768,0.0016785,4.9133
0.019684,0.0022888,4.9194
0.020142,0.0027466,4.917
0.020447,0.0024414,4.9243
0.020905,0.0012207,4.9329
0.020905,-0.00045776,4.928
0.020447,-0.0021362,4.9353
0.019073,-0.0030518,4.9292
0.018158,-0.002594,4.9207
0.016327,-0.0018311,4.9329
0.016937,-0.00061035,4.9304
0.018311,-0.0013733,4.928
0.019379,-0.0015259,4.9304
0.019379,-0.0024414,4.928
0.018158,-0.0024414,4.9329
0.016785,-0.0018311,4.9329
0.015717,-0.0012207,4.9353
0.016479,0.00015259,4.9316
0.018005,0.00091553,4.9377
0.019073,0.00015259,4.9365
0.020294,-0.0010681,4.9353
0.020752,-0.0019836,4.9377
0.020142,-0.0015259,4.9329
0.020294,-0.00030518,4.9316
0.019836,0.0019836,4.928
0.021973,0.0032043,4.9329
0.023651,0.0038147,4.9243
0.024719,0.0035095,4.906
0.025024,0.0022888,4.9182
0.024872,0.0013733,4.9158
0.023193,0.0019836,4.9194
0.022736,0.0027466,4.9182
0.023041,0.0036621,4.9121
0.023346,0.0033569,4.917
0.023499,0.0012207,4.9133
0.023193,-0.0015259,4.9109
0.02182,-0.0039673,4.9097
0.020905,-0.0041199,4.9133
0.019531,-0.0035095,4.9097
0.018616,-0.0027466,4.9121
0.018463,-0.0032043,4.9231
0.018768,-0.0048828,4.9097
0.019073,-0.0074768,4.917
0.018921,-0.0091553,4.9109
0.019073,-0.0085449,4.8938
0.018616,-0.0062561,4.9097
0.019684,-0.0038147,4.9121
0.020447,-0.0027466,4.9146
0.021667,-0.002594,4.9158
0.023193,-0.0038147,4.9158
0.025024,-0.0039673,4.9219
0.025787,-0.0012207,4.9231
0.02655,-0.00015259,4.9304
0.026245,0.0028992,4.9243
0.027313,0.0042725,4.9329
0.028534,0.0036621,4.9304
0.030212,0.0013733,4.9341
0.030823,-0.0016785,4.9365
0.030518,-0.0028992,4.9255
0.029144,-0.0016785,4.9304
0.026855,0.0012207,4.9341
0.025482,0.005188,4.9438
0.023651,0.0062561,4.9329
0.023499,0.005188,4.9341
0.022736,0.0027466,4.9353
0.02182,0.00061035,4.9341
0.021973,0.00061035,4.9316
0.022125,0.002594,4.9377
0.02243,0.0045776,4.9329
0.02243,0.0053406,4.9341
0.022125,0.0048828,4.928
0.021362,0.0021362,4.9304
0.021362,0.00015259,4.9243
0.019531,-0.0015259,4.9243
0.018463,-0.00015259,4.9207
0.016785,0.0027466,4.9231
0.016785,0.005188,4.9292
0.016632,0.0053406,4.9182
0.018616,0.0042725,4.9219
0.019531,0.0022888,4.917
0.020142,-0.00015259,4.9023
0.016022,0,4.9146
0.020752,0.00061035,4.9121
0.020905,0.0021362,4.9072
0.020447,0.0039673,4.9133
0.019531,0.0028992,4.9097
0.019684,0.00091553,4.9097
0.019836,-0.0010681,4.9097
0.019684,-0.0035095,4.9109
0.019379,-0.0041199,4.9084
0.019226,-0.0030518,4.9121
0.020294,-0.00091553,4.9097
0.020447,0.00061035,4.9133
0.020905,0.00045776,4.9084
0.02121,-0.00015259,4.9146
0.021057,-0.0013733,4.9109
0.019989,-0.0019836,4.9133
0.020905,-0.0010681,4.9207
0.020447,-0.00045776,4.9194
0.019989,0.00061035,4.9109
0.018005,-0.0013733,4.928
0.019073,-0.0024414,4.9243
0.019379,-0.0041199,4.9304
0.017548,-0.0061035,4.9292
0.018158,-0.0036621,4.928
0.01709,-0.0028992,-0.59204
0.016022,0.00015259,0.062256
0.014648,-0.0016785,0.062256
0.013275,-0.002594,0.062256
0.013885,-0.0041199,0.062256
0.015411,-0.0019836,0.061035
0.016632,-0.0035095,0.063477
0.018311,-0.0018311,0.080566
0.018616,-0.00015259,0.065918
0.019836,0.00045776,0.068359
0.020447,0,0.068359
0.020599,0.00030518,0.047607
0.022125,-0.00030518,0.058594
0.022583,-0.00076294,0.062256
0.024414,0.0016785,0.057373
0.025024,0.0021362,0.056152
0.028687,0.00061035,0.05249
0.025024,-0.0010681,0.05249
0.024414,-0.002594,0.036621
0.023651,-0.0039673,0.048828
0.02533,-0.0036621,0.048828
0.025177,-0.0027466,0.048828
0.025024,-0.0015259,0.043945
0.023346,-0.0062561,0.045166
0.020905,-0.0012207,0.047607
0.020905,-0.0021362,0.040283
0.017548,-0.0022888,0.040283
0.0177,-0.0027466,0.041504
0.017853,-0.0024414,0.032959
0.018768,-0.0022888,0.037842
0.019989,-0.0022888,0.031738
0.019073,-0.0041199,0.039063
0.020294,-0.0036621,0.039063
0.021057,-0.0039673,0.037842
0.019989,-0.0036621,0.040283
0.020294,-0.002594,0.037842
0.020752,-0.0032043,0.041504
0.023193,-0.0010681,0.037842
0.023499,-0.00015259,0.043945
0.023041,-0.0013733,0.045166
0.023956,-0.0013733,0.050049
0.024414,-0.0022888,0.05249
0.02533,0.00015259,0.053711
0.02655,-0.0012207,0.064697
0.02655,-0.00091553,0.062256
0.027161,-0.00045776,0.067139
0.026093,-0.0015259,0.061035
0.024109,-0.0015259,0.05127
0.022888,-0.0024414,0.061035
0.02182,-0.0024414,0.059814
0.022125,-0.0016785,0.053711
0.02121,-0.00030518,0.061035
0.022583,-0.0010681,0.058594
0.020752,-0.0022888,0.061035
0.021667,-0.0035095,0.061035
0.020752,-0.005188,0.064697
0.020447,-0.004425,0.062256
0.020142,-0.0035095,0.068359
0.02243,-0.00045776,0.067139
0.023651,0.00061035,0.06958
0.024109,0.0021362,0.065918
0.022583,-0.00045776,0.063477
0.025787,-0.0022888,0.061035
0.025635,-0.0022888,0.054932
0.026245,-0.0013733,0.061035
0.026245,0.0012207,0.05249
0.026093,0.0019836,0.042725
0.026245,0.0019836,0.041504
0.02594,0.0018311,0.047607
0.02594,0.00091553,0.046387
0.025024,0.0016785,0.046387
0.025787,0.0033569,0.040283
0.027008,0.0041199,0.040283
0.025635,0.0064087,0.039063
0.025635,0.0067139,0.041504
0.020294,0.0064087,0.041504
0.023804,0.0053406,0.042725
0.022583,0.0064087,0.037842
0.02182,0.007019,0.040283
0.022125,0.0093079,0.05249
0.022736,0.010986,0.041504
0.023651,0.010986,0.046387
0.024414,0.0076294,0.039063
0.024872,0.0073242,0.021973
0.024719,0.0079346,0.040283
0.024261,0.0068665,0.043945
0.023804,0.0059509,0.043945
0.023346,0.005188,0.045166
0.022278,0.0047302,0.041504
0.021667,0.0038147,0.05127
0.019531,0.0042725,0.05249
0.019379,0.0047302,0.056152
0.018158,0.005188,0.054932
0.018616,0.0056458,0.062256
0.018921,0.0050354,0.061035
0.020447,0.0042725,0.063477
0.019684,0.0035095,0.064697
0.019531,0.0013733,0.063477
0.017853,0.0012207,0.062256
0.018463,0.0013733,0.059814
0.01709,0.0021362,0.076904
0.017242,0.0028992,0.062256
0.016785,0.0024414,0.058594
0.017242,0.0024414,0.064697
0.018158,0.0015259,0.064697
0.018463,0.0012207,0.064697
0.019379,0.0016785,0.065918
0.019989,0.00091553,0.062256
0.02182,0.0035095,0.063477
0.022125,0.0045776,0.057373
0.022278,0.0047302,0.059814
0.02243,0.0048828,0.05127
0.02243,0.0047302,0.053711
0.02243,0.0056458,0.05249
0.022583,0.0071716,0.05249
0.023804,0.0079346,0.05249
0.024261,0.0090027,0.048828
0.025177,0.0083923,0.045166
0.024872,0.0065613,3.2385
0.025177,0.0054932,4.8047
0.02655,0.0047302,4.9011
0.024414,0.004425,4.9084
0.023651,0.0050354,4.9097
0.023651,0.0059509,4.9097
0.022583,0.0071716,4.9109
0.021973,0.0082397,4.9109
0.021057,0.0080872,4.9072
0.020752,0.0074768,4.9109
0.021362,0.009613,4.906
0.022736,0.0074768,4.9109
0.023956,0.0071716,4.9109
0.024719,0.0071716,4.9133
0.024872,0.0059509,4.9109
0.024261,0.004425,4.917
0.023956,0.0038147,4.9207
0.023193,0.0028992,4.917
0.022583,0.0038147,4.9304
0.023499,0.0038147,4.9255
0.022736,0.0035095,4.9109
0.023956,0.0032043,4.9268
0.023499,0.0028992,4.9268
0.023041,0.0018311,4.9304
0.022278,0.0027466,4.9194
0.021973,0.0022888,4.9292
0.022736,0.002594,4.9353
0.022736,0.0036621,4.9316
0.022736,0.002594,4.9329
0.022583,0.0027466,4.9292
0.021973,0.0028992,4.9365
0.021667,0.0030518,4.9353
0.022736,0.0027466,4.9353
0.022888,0.0030518,4.9475
0.023651,0.0028992,4.939
0.022583,0.0018311,4.9414
0.022583,0.00045776,4.9377
0.022125,-0.00045776,4.9377
0.021515,-0.0010681,4.928
0.022278,-0.0012207,4.9255
0.023041,-0.00091553,4.9304
0.023346,0.00030518,4.9255
0.023956,0.00015259,4.9207
0.024567,0.00061035,4.9231
0.023956,0,4.9182
0.023346,-0.0010681,4.9158
0.02182,-0.00076294,4.9158
0.02182,-0.00045776,4.9182
0.021515,0.0012207,4.9158
0.020752,0.0019836,4.9182
0.019226,0.0033569,4.9158
0.018616,0.0015259,4.9146
0.018768,0.0018311,4.9219
0.019226,0.002594,4.9133
0.019073,0.0028992,4.9231
0.02243,0.0038147,4.9097
0.023499,0.0042725,4.9048
0.024261,0.0041199,4.9133
0.023499,0.0036621,4.9097
0.023346,0.002594,4.9072
0.022888,0.0015259,4.9109
0.02243,0.002594,4.9133
0.018158,-0.00091553,4.9146
0.020294,-0.0015259,4.9109
0.019379,-0.0019836,4.9158
0.018463,-0.0035095,4.917
0.019226,-0.0032043,4.9231
0.019684,-0.0024414,4.9231
0.020905,-0.0013733,4.9292
0.022736,0.0022888,4.9316
0.02243,0.00015259,4.9304
0.022736,0.00045776,4.9292
0.021973,0.00030518,4.9341
0.02121,-0.00015259,4.9365
0.020905,-0.00015259,4.9329
0.020142,-0.00061035,4.9146
0.020294,-0.0013733,4.9292
0.018768,0,4.9292
0.019684,-0.00076294,4.9219
0.018768,-0.00091553,4.9316
0.016937,-0.00061035,4.9304
0.019073,-0.00061035,4.9377
0.018616,0.0013733,4.9353
0.018768,0.0033569,4.9377
0.019226,0.0038147,4.9377
0.019531,0.0042725,4.9353
0.020447,0.004425,4.9304
0.019684,0.004425,4.9353
0.020294,0.0022888,4.9438
0.020752,0.002594,4.9231
0.019684,0.0021362,4.9292
0.023041,0.0019836,4.9243
0.019989,0.00091553,4.9036
0.019836,-0.00015259,4.9182
0.018921,0.0036621,4.9219
0.018921,-0.00076294,4.917
0.018921,-0.00061035,4.9146
0.018463,-0.00091553,4.9097
0.018005,-0.0012207,4.9133
0.01709,-0.0027466,4.9084
0.015717,-0.0033569,4.9109
0.016174,-0.0041199,4.9072
0.015106,-0.004425,4.9146
0.015411,-0.0045776,4.9097
0.014343,-0.0045776,4.9158
0.013428,-0.0047302,4.9146
0.013275,-0.0048828,4.9109
0.015411,-0.0041199,4.9097
0.017242,-0.0033569,4.9109
0.019989,-0.0028992,4.8987
0.022888,-0.002594,0.041504
0.025787,-0.00061035,0.054932
0.026398,0.0012207,0.047607
0.027313,0.002594,0.048828
0.027008,0.0016785,0.05127
0.027313,0.0021362,0.056152
0.026703,0.0030518,0.054932
0.026245,0.0030518,0.059814
0.026398,0.0062561,0.057373
0.024872,0.0071716,0.065918
0.024414,0.007782,0.053711
0.019989,0.007019,0.061035
0.02243,0.0048828,0.062256
0.02243,0.0035095,0.062256
0.021973,-0.0016785,0.068359
0.021973,0.0012207,0.064697
0.020599,-0.00045776,0.075684
0.018768,-0.0016785,0.062256
0.015717,-0.0019836,0.054932
0.012054,-0.004425,0.067139
0.010681,-0.0056458,0.068359
0.007782,-0.0056458,0.059814
0.0079346,-0.0059509,0.063477
0.0091553,-0.0061035,0.059814
0.010071,-0.0073242,0.059814
0.011749,-0.0079346,0.054932
0.013733,-0.009613,0.054932
0.014954,-0.010834,0.050049
0.0177,-0.011749,0.053711
0.019073,-0.011597,0.050049
0.020905,-0.010834,0.053711
0.022583,-0.0099182,0.048828
0.022736,-0.0083923,0.039063
0.022888,-0.0068665,0.046387
0.020599,-0.0062561,0.046387
0.021667,-0.0047302,0.03418
0.020905,0.00061035,0.042725
0.022888,-0.0016785,0.037842
0.022583,-0.00076294,0.036621
0.023193,-0.0012207,0.037842
0.022125,0,0.036621
0.021057,0.0012207,0.037842
0.019836,0.0015259,0.0354
0.018921,0.0041199,0.041504
0.016479,0.005188,0.036621
0.016174,0.0065613,0.041504
0.015717,0.007019,0.040283
0.015717,0.0085449,0.045166
0.013733,0.0085449,0.041504
0.012817,0.0079346,0.047607
0.01236,0.0068665,0.057373
0.011444,0.0064087,0.048828
0.011139,0.0045776,0.061035
0.011749,0.0045776,0.048828
0.010834,0.0047302,0.040283
0.011292,0.0057983,0.058594
0.010376,0.0067139,0.059814
0.010681,0.0068665,0.062256
0.011292,0.0074768,0.057373
0.012512,0.007019,0.061035
0.015106,0.0080872,0.064697
0.018005,0.011292,0.059814
0.021057,0.016022,0.062256
0.024414,0.020447,0.058594
0.026855,0.023346,0.061035
0.030365,0.025482,0.064697
0.03418,0.024872,0.067139
0.037994,0.023804,0.075684
0.040894,0.023193,0.068359
0.042572,0.02121,0.064697
0.043182,0.019379,0.065918
0.041962,0.015259,0.063477
0.039368,0.0090027,0.057373
0.035553,0.0042725,0.056152
0.031586,-0.00015259,0.056152
0.026245,-0.0024414,0.05249
0.019989,-0.0030518,0.048828
0.013123,-0.0035095,0.05249
0.0067139,-0.0045776,0.045166
0.0018311,-0.0079346,0.05127
-0.0016785,-0.012665,0.041504
-0.0038147,-0.018311,0.047607
-0.0048828,-0.022888,0.042725
-0.0047302,-0.026245,0.043945
-0.0039673,-0.028687,0.040283
-0.0024414,-0.028534,0.037842
0.0021362,-0.026703,0.050049
0.0067139,-0.021515,0.040283
0.012817,-0.013275,0.05127
0.019989,-0.0032043,0.037842
0.029144,0.0068665,0.031738
0.037384,0.015869,0.037842
0.046234,0.021057,0.040283
0.053406,0.021515,0.037842
0.058594,0.019073,0.037842
0.060425,0.013885,0.042725
0.059204,0.0086975,0.042725
0.056,0.0050354,0.045166
0.050812,0.0018311,0.050049
0.045013,-0.0015259,0.047607
0.039063,-0.0030518,0.05249
0.034027,-0.0032043,0.056152
0.030975,-0.0015259,0.056152
0.029755,0.0030518,0.061035
0.030975,0.0067139,0.057373
0.033875,0.010376,0.062256
0.036011,0.012207,0.059814
0.0354,0.013885,0.068359
0.0354,0.012207,0.061035
0.032349,0.010681,0.059814
0.028687,0.0083923,0.058594
0.024872,0.0047302,0.061035
0.021362,0.0015259,0.062256
0.0177,-0.002594,0.065918
0.016632,-0.0076294,0.061035
0.017242,-0.013123,0.06958
0.018158,-0.018463,0.063477
0.019836,-0.024261,4.325
0.022278,-0.026855,4.8901
0.025482,-0.027313,4.9231
0.027618,-0.026093,4.9231
0.028992,-0.022888,4.9243
0.031281,-0.018463,4.9402
0.031891,-0.013733,4.9243
0.032959,-0.0080872,4.9182
0.033417,-0.00091553,4.9207
0.035858,0.0041199,4.8999
0.03891,0.0094604,4.9133
0.041809,0.01236,4.9084
0.044403,0.013733,4.9182
0.045166,0.010376,4.9158
0.043182,0.0056458,4.9097
0.03952,-0.00030518,4.9097
0.035248,-0.0050354,4.9084
0.03067,-0.0086975,4.9097
0.027313,-0.010376,4.9036
0.024872,-0.011292,4.9133
0.020905,-0.011902,4.9133
0.020599,-0.0099182,4.9133
0.020599,-0.007019,4.9097
0.019836,-0.0032043,4.9097
0.019684,0.0038147,4.9109
0.018921,0.0091553,4.9121
0.01709,0.012665,4.9158
0.01297,0.01358,4.9133
0.009613,0.012512,4.9036
0.0076294,0.010529,4.9194
0.0065613,0.0064087,4.9207
0.0067139,0.007782,4.9219
0.0082397,0.0080872,4.9207
0.0097656,0.0090027,4.9243
0.011139,0.007019,4.9316
0.012512,0.010681,4.928
0.013428,0.0097656,4.9316
0.015259,0.0085449,4.9329
0.015564,0.0076294,4.9353
0.015717,0.0074768,4.9329
0.015564,0.007019,4.9341
0.015717,0.0073242,4.9402
0.015564,0.0080872,4.9353
0.016327,0.004425,4.9304
0.018921,0.0030518,4.9341
0.017395,0.0028992,4.9329
0.023956,0.0028992,4.9353
0.025024,0.0041199,4.9353
0.024109,0.0041199,4.9341
0.021667,0.0042725,4.9353
0.017242,0.00030518,4.9316
0.012512,-0.0028992,4.9304
0.0093079,-0.0057983,4.9255
0.0039673,-0.0083923,4.9329
0.0068665,-0.0057983,4.9219
0.0082397,-0.0042725,4.9219
0.010986,-0.0032043,4.9194
0.014038,-0.00091553,4.9207
0.017548,-0.0018311,4.8975
0.018921,-0.0012207,4.9182
0.023346,-0.00045776,4.9231
0.023956,0.0018311,4.9158
0.023804,0.0057983,4.9219
0.022583,0.0088501,4.9133
0.023041,0.010376,4.8999
0.018616,0.010986,4.9097
0.016785,0.010834,4.9097
0.016937,0.011597,4.9109
0.017853,0.012817,4.9097
0.021057,0.015411,4.9084
0.024719,0.016632,4.9109
0.027008,0.015411,4.9072
0.025787,0.015564,4.9121
0.030212,0.0099182,4.9084
0.030975,0.0045776,4.9207
0.029602,0.00091553,4.9182
0.028992,-0.0062561,4.9194
0.02655,-0.010223,4.9316
0.024261,-0.014648,4.9194
0.021515,-0.019073,4.9231
0.017548,-0.022125,4.9268
0.015259,-0.023956,4.9158
0.015411,-0.024261,4.9268
0.016632,-0.021667,4.928
0.018921,-0.018616,4.9304
0.022736,-0.014801,4.9146
0.025024,-0.010986,4.9255
0.030823,-0.0086975,4.9341
0.033722,-0.0064087,4.9304
0.037384,-0.0024414,4.9316
0.038605,-0.0048828,4.9292
0.041046,-0.0028992,4.9365
0.041351,-0.0010681,4.9329
0.042267,-0.00030518,4.9377
0.042114,0.0048828,4.9377
0.043182,0.0016785,4.939
0.040588,0.00076294,4.9426
0.042114,0.0035095,4.9353
0.041199,0.005188,4.9426
0.041351,0.0071716,4.928
0.041656,0.0090027,4.9158
0.0383,0.011292,4.9255
0.040436,0.012054,4.9231
0.037231,0.01358,4.9207
0.031128,0.015106,4.9207
0.032501,0.016937,4.9158
0.029449,0.019073,4.9146
0.027161,0.02182,4.9146
0.025024,0.022736,4.9158
0.023499,0.024414,4.9109
0.023346,0.023041,0.043945
0.021973,0.021667,0.041504
0.021667,0.021057,0.040283
0.021515,0.017395,0.047607
0.020447,0.015259,0.042725
0.018311,0.013885,0.045166
0.015717,0.012054,0.041504
0.012665,0.0099182,0.029297
0.0099182,0.0090027,0.037842
0.0067139,0.0076294,0.041504
0.0048828,0.0068665,0.039063
0.004425,0.005188,0.040283
0.0045776,0.0048828,0.043945
0.005188,0.0041199,0.046387
0.0059509,0.0038147,0.046387
0.0080872,0.0024414,0.050049
0.0091553,0.0016785,0.046387
0.010834,0.0013733,0.054932
0.011902,0.00045776,0.056152
0.013428,0.00030518,0.059814
0.01358,0.00030518,0.058594
0.013123,0.00076294,0.061035
0.014496,0.00091553,0.064697
0.014801,0.00030518,0.061035
0.015869,0.00091553,0.073242
0.016327,0.00045776,0.061035
0.01709,0.00045776,0.047607
0.016937,0.0019836,0.061035
0.016022,0.0016785,0.061035
0.015564,0.0024414,0.063477
0.014496,0.0028992,0.064697
0.014038,0.0028992,0.057373
0.01358,0.0038147,0.072021
0.014801,0.0047302,0.065918
0.015259,0.0065613,0.06958
0.016327,0.0073242,0.061035
0.017395,0.0074768,0.063477
0.018463,0.0064087,0.056152
0.019073,0.0038147,0.057373
0.019989,0.0018311,0.067139
0.019684,0.00076294,0.05127
0.019684,0,0.048828
0.018158,-0.00030518,0.05249
0.016022,-0.0010681,0.030518
0.015411,-0.0021362,0.045166
0.014038,-0.0030518,0.043945
0.014191,-0.0050354,0.043945
0.015106,-0.0057983,0.042725
0.017242,-0.0061035,0.039063
0.018616,-0.0054932,0.042725
0.019684,-0.0064087,0.039063
0.021362,-0.0047302,0.040283
0.02182,-0.0057983,0.036621
0.022278,-0.0071716,0.043945
0.023041,-0.0082397,0.036621
0.023651,-0.0090027,0.041504
0.024261,-0.007782,0.039063
0.023804,-0.0076294,0.039063
0.024719,-0.0068665,0.041504
0.026245,-0.0059509,0.042725
0.027924,-0.0067139,0.050049
0.028992,-0.005188,0.041504
0.029449,-0.005188,0.036621
0.03006,-0.0047302,0.047607
0.030365,-0.0035095,0.05127
0.029755,-0.002594,0.05127
0.028687,-0.0016785,0.056152
0.026245,-0.0016785,0.054932
0.025177,-0.0024414,0.061035
0.023956,-0.0024414,0.062256
0.023193,-0.0018311,0.062256
0.022583,-0.0015259,0.057373
0.02243,-0.00015259,0.059814
0.019989,0.00061035,0.063477
0.0177,0.0019836,0.063477
0.01709,0.0035095,0.072021
0.016174,0.0050354,0.063477
0.015717,0.0079346,0.065918
0.016479,0.010223,0.064697
0.016174,0.01236,0.065918
0.015106,0.011902,0.067139
0.014801,0.010681,0.063477
0.014038,0.0088501,0.061035
0.015411,0.0064087,0.062256
0.016327,0.0062561,0.057373
0.017548,0.0028992,0.057373
0.018921,0.002594,0.053711
0.020447,0.00061035,0.054932
0.020142,-0.00045776,0.045166
0.021057,-0.0030518,0.05127
0.022125,-0.0054932,0.050049
0.022583,-0.007782,0.048828
0.02533,-0.007782,0.040283
0.027313,-0.0071716,0.046387
0.028992,-0.007782,0.056152
0.032043,-0.007019,0.042725
0.031586,-0.0082397,0.05249
0.032043,-0.0099182,0.041504
0.032806,-0.011749,0.032959
0.033417,-0.012665,0.036621
0.033722,-0.013123,0.040283
0.033264,-0.011139,0.045166
0.032196,-0.0099182,0.040283
0.029907,-0.009613,0.039063
0.027618,-0.0094604,0.039063
0.025635,-0.0099182,0.037842
0.024261,-0.010071,0.041504
0.023804,-0.0085449,0.039063
0.023346,-0.0067139,0.043945
0.022125,-0.0039673,0.046387
0.021973,-0.00015259,0.047607
0.021057,0.0022888,0.059814
0.020752,0.0030518,0.05127
0.020752,0.0030518,0.05127
0.021362,0.0039673,0.053711
0.02121,0.0054932,0.057373
0.020599,0.007019,3.6523
0.020447,0.0080872,4.8608
0.019379,0.0076294,4.9231
0.019226,0.007019,4.928
0.019531,0.0048828,4.9268
0.020447,0.0030518,4.9329
0.021362,0.0035095,4.9316
0.02243,0.0039673,4.9329
0.025177,0.004425,4.9292
0.02243,0.0039673,4.9292
0.021362,0.0018311,4.9341
0.020752,-0.0016785,4.9365
0.019531,-0.0028992,4.9329
0.018311,-0.0039673,4.9377
0.018005,-0.0032043,4.9451
0.01709,-0.0013733,4.9329
0.015717,-0.00076294,4.9329
0.015411,-0.00061035,4.9255
0.015106,-0.00091553,4.9146
0.015106,-0.0013733,4.9219
0.015259,-0.0015259,4.9182
0.015717,-0.00076294,4.9182
0.015564,0.00045776,4.9158
0.015869,-0.0010681,4.917
0.014496,-0.00061035,4.9146
0.012512,-0.0015259,4.9133
0.011597,-0.0030518,4.9158
0.010834,-0.0016785,4.9097
0.010986,-0.00061035,4.9146
0.013123,0.0024414,4.9133
0.014801,0.0086975,4.9133
0.016937,0.0093079,4.9097
0.018921,0.010529,4.9097
0.020905,0.010681,4.9097
0.023041,0.013275,4.9084
0.025177,0.010071,4.906
0.027618,0.011597,4.9109
0.029602,0.012207,4.9036
0.029602,0.013275,4.9084
0.030365,0.010986,4.9097
0.029755,0.0085449,4.9158
0.029297,0.005188,4.917
0.029297,0.0016785,4.9146
0.027618,0.00061035,4.9219
0.027924,0.0027466,4.9231
0.027466,0.0039673,4.928
0.027771,0.0036621,4.9255
0.027771,0.0018311,4.9304
0.027161,-0.00076294,4.928
0.027618,-0.0030518,4.9304
0.029144,-0.0041199,4.9402
0.030365,-0.0038147,4.9304
0.030975,-0.002594,4.9353
0.031128,-0.00076294,4.9341
0.031281,-0.00091553,4.9146
0.030975,-0.0024414,4.9292
0.031281,-0.0036621,4.9304
0.031128,-0.0038147,4.9316
0.032501,-0.0013733,4.9329
0.033264,0.0019836,4.9316
0.037231,0.0057983,4.9365
0.033722,0.0061035,4.9353
0.033569,0.0057983,4.9268
0.032654,0.0041199,4.9292
0.034485,0.0042725,4.9329
0.032349,0.0042725,4.928
0.031128,0.0062561,4.9268
0.029144,0.0082397,4.9329
0.02655,0.0088501,4.9243
0.02594,0.0091553,4.9231
0.024567,0.0076294,4.9231
0.024109,0.0061035,4.9207
0.023956,0.005188,4.9097
0.022736,0.0053406,4.8987
0.023041,0.0071716,4.9158
0.018921,0.0085449,4.9146
0.021667,0.007782,4.9109
0.021973,0.0059509,4.9011
0.021667,0.0039673,4.9109
0.020905,0.0021362,4.9109
0.021515,0.0028992,4.9072
0.02121,0.0036621,4.9121
0.019989,0.0050354,4.9097
0.019836,0.0048828,4.9084
0.019073,0.0045776,4.9084
0.018463,0.0035095,4.9146
0.019379,0.0012207,4.9207
0.020447,0.0024414,4.9158
0.021362,0.0030518,4.9097
0.021515,0.0039673,4.9146
0.02182,0.0050354,4.9109
0.02121,0.0048828,4.9231
0.021362,0.0047302,4.9231
0.02243,0.0035095,4.9255
0.023804,0.0016785,4.928
0.025177,0.0038147,4.928
0.025787,0.0041199,4.9304
0.024872,0.0059509,4.9292
0.024719,0.0059509,4.9353
0.024567,0.0050354,4.9304
0.024719,0.0036621,4.9353
0.025482,0.0027466,4.9365
0.02655,0.0015259,4.9341
0.027161,0.0027466,4.9377
0.026703,0.0041199,4.9341
0.024719,0.0054932,4.939
0.024109,0.0061035,4.9377
0.022736,0.0059509,4.9451
0.022888,0.0048828,4.9341
0.024261,0.0045776,4.9182
0.02594,0.0045776,4.9329
0.027008,0.0064087,0.061035
0.027466,0.0076294,0.057373
0.028076,0.0080872,0.054932
0.029144,0.0061035,0.05127
0.029297,0.005188,0.054932
0.030823,0.0036621,0.047607
0.030518,0.0027466,0.05249
0.029755,0.0033569,0.047607
0.027924,0.0028992,0.05127
0.024261,0.0035095,0.045166
0.021667,0.0036621,0.047607
0.020752,0.002594,0.059814
0.021057,0.00091553,0.042725
0.022583,-0.00015259,0.048828
0.023499,-0.00076294,0.041504
0.023956,-0.00015259,0.028076
0.023041,0.00045776,0.036621
0.022125,0,0.040283
0.02121,-0.0010681,0.039063
0.020599,-0.0022888,0.039063
0.019836,-0.0041199,0.0354
0.020294,-0.0042725,0.040283
0.019836,-0.0038147,0.040283
0.018768,-0.0033569,0.041504
0.016632,-0.0024414,0.040283
0.016174,-0.0036621,0.043945
0.016327,-0.0045776,0.039063
0.016785,-0.0068665,0.05127
0.018768,-0.0057983,0.058594
0.019989,-0.0057983,0.054932
0.020752,-0.0056458,0.05249
0.019989,-0.0047302,0.057373
0.019226,-0.0045776,0.062256
0.018158,-0.0045776,0.059814
0.019226,-0.0042725,0.061035
0.020447,-0.0035095,0.061035
0.022125,-0.0028992,0.063477
0.022583,-0.00076294,0.057373
0.02243,0.00091553,0.062256
0.022125,0.0022888,0.058594
0.022278,0.0021362,0.062256
0.023041,0.0024414,0.063477
0.023651,0.002594,0.064697
0.026398,0.00061035,0.062256
0.027466,0.00076294,0.06958
0.027466,0.002594,0.065918
0.02655,0.0012207,0.064697
0.023499,0.0010681,0.072021
0.024414,0.0018311,0.058594
0.023956,0.0035095,0.064697
0.023499,0.00076294,0.057373
0.024109,-0.00045776,0.041504
0.023346,-0.00030518,0.053711
0.023041,0.00030518,0.050049
0.019989,0.0012207,0.045166
0.018616,0.0013733,0.050049
0.018921,0.00061035,0.046387
0.019989,-0.00061035,0.047607
0.021973,-0.0018311,0.041504
0.023651,-0.0022888,0.045166
0.02594,-0.0019836,0.040283
0.022125,0.00061035,0.042725
0.020599,0.0013733,0.041504
0.020142,0.0018311,0.041504
0.02182,0.0010681,0.037842
0.023499,-0.00015259,0.041504
0.023804,-0.00076294,0.041504
0.023956,-0.0039673,0.039063
0.023346,-0.00061035,0.026855
0.021515,-0.0018311,0.039063
0.020599,-0.0015259,0.037842
0.020447,-0.0019836,0.037842
0.020142,-0.0032043,0.045166
0.021973,-0.0033569,0.042725
0.021973,-0.0019836,0.047607
0.020142,-0.0012207,0.045166
0.017548,-0.00015259,0.053711
0.016022,0.00030518,0.050049
0.015717,-0.00015259,0.056152
0.017242,0.00015259,0.05249
0.020447,-0.00030518,0.061035
0.022278,-0.00015259,0.061035
0.023041,0.0010681,0.062256
0.021667,0.0013733,0.074463
0.020447,0.0018311,0.062256
0.019836,0.0021362,0.064697
0.020905,0.0019836,0.062256
0.021515,-0.00015259,0.047607
0.022888,-0.0015259,0.061035
0.021667,-0.0024414,0.059814
0.019531,-0.0036621,0.063477
0.0177,-0.0028992,0.065918
0.017548,-0.0035095,0.062256
0.018768,-0.0041199,0.06958
0.021667,-0.0045776,0.062256
0.023346,-0.0054932,0.063477
0.024567,-0.0036621,0.054932
0.023041,-0.0030518,0.061035
0.021362,-0.0035095,0.054932
0.019684,-0.0038147,0.053711
0.018768,-0.0041199,0.050049
0.017395,-0.0053406,0.047607
0.019684,-0.0048828,0.057373
0.021362,-0.0057983,0.047607
0.021057,-0.0039673,0.057373
0.020447,-0.0057983,0.043945
0.019989,-0.0056458,0.046387
0.020752,-0.0047302,0.041504
0.023346,-0.0035095,0.040283
0.024872,-0.0010681,0.039063
0.026703,-0.00015259,0.039063
0.028381,0.0015259,0.037842
0.027466,0.004425,0.040283
0.02594,0.0030518,0.036621
0.025482,0.0041199,0.042725
0.026245,0.0054932,0.039063
0.027008,0.0061035,4.0796
0.028534,0.0057983,4.8584
0.028687,0.0053406,4.9048
0.030975,0.004425,4.917
0.026093,0.0041199,4.9133
0.023956,0.0032043,4.917
0.022278,0.0039673,4.9158
0.02243,0.002594,4.9158
0.022125,0.0033569,4.9207
0.02243,0.0022888,4.928
0.022125,0.0010681,4.9158
0.020447,0.0010681,4.928
0.019073,0.0038147,4.928
0.018616,0.0059509,4.928
0.019073,0.0079346,4.9292
0.020142,0.010834,4.9353
0.021973,0.0090027,4.9292
0.021973,0.0074768,4.9329
0.020599,0.0042725,4.9304
0.016937,0.0018311,4.9341
0.015106,0.00045776,4.9292
0.015411,-0.00030518,4.9353
0.015106,-0.00045776,4.9414
0.016327,-0.00091553,4.9353
0.015411,-0.0033569,4.9414
0.014343,-0.0050354,4.9341
0.0086975,-0.0059509,4.917
0.0097656,-0.005188,4.9304
0.010376,-0.004425,4.9268
0.010834,-0.0032043,4.9268
0.012512,-0.0028992,4.9268
0.015259,-0.004425,4.9207
0.0177,-0.0059509,4.9207
0.018005,-0.0062561,4.9194
0.017242,-0.0050354,4.9207
0.017548,-0.0027466,4.9133
0.018463,-0.00091553,4.9231
0.020752,0.00045776,4.9182
0.021667,-0.00015259,4.917
0.024414,-0.0010681,4.917
0.024719,-0.0015259,4.9121
0.023346,-0.0010681,4.906
0.021667,0.00091553,4.9121
0.021973,0.0028992,4.8962
0.023499,0.0042725,4.9084
0.02594,0.0039673,4.9121
0.028076,0.0038147,4.9109
0.029144,0.0028992,4.9097
0.026855,0.0030518,4.9133
0.024414,0.004425,4.9109
0.022125,0.0064087,4.9097
0.020142,0.0083923,4.9109
0.02182,0.0083923,4.9121
0.023041,0.007782,4.9207
0.023651,0.0076294,4.917
0.022583,0.0082397,4.9231
0.021362,0.007019,4.9207
0.02121,0.013123,4.9292
0.023956,0.015717,4.9304
0.028076,0.018311,4.928
0.032806,0.019073,4.9438
0.035095,0.018005,4.9329
0.035706,0.015106,4.9243
0.033264,0.012817,4.9304
0.030212,0.011292,4.9316
0.027924,0.010071,4.9292
0.026093,0.0080872,4.9329
0.025024,0.005188,4.9304
0.02182,0.0015259,4.9365
0.018921,-0.00045776,4.9329
0.014954,-0.0016785,4.9341
0.012054,-0.0032043,4.9341
0.010071,-0.0036621,4.9353
0.0097656,-0.0056458,4.9329
0.0094604,-0.0090027,4.9341
0.010834,-0.013275,4.939
0.010223,-0.016937,4.9316
0.010071,-0.019379,4.928
0.009613,-0.019531,4.9243
0.0088501,-0.018158,4.9231
0.0080872,-0.015259,4.9146
0.0093079,-0.011902,4.9182
0.010681,-0.010223,4.917
0.013733,-0.0080872,4.9158
0.017548,-0.0048828,4.9158
0.021973,-0.00030518,4.9048
0.027008,0.0054932,4.9121
0.033112,0.010529,4.9158
0.039673,0.014191,4.9084
0.045776,0.014038,4.9109
0.051575,0.011902,4.9146
0.053711,0.0086975,4.9036
0.050659,0.0061035,4.9084
0.046387,0.0050354,4.9133
0.040131,0.0050354,4.9219
0.033875,0.0039673,4.9109
0.029602,0.002594,4.9182
0.025177,-0.00015259,4.9109
0.022736,-0.0010681,4.8999
0.020142,-0.00061035,4.9133
0.018463,0.0021362,4.9207
0.018921,0.0062561,4.9133
0.020142,0.010223,4.9182
0.024109,0.011597,4.917
0.025177,0.0097656,4.9231
0.027924,0.0061035,4.9231
0.027771,0.0015259,4.9121
0.025787,-0.0033569,4.9243
0.02594,-0.0050354,4.9329
0.020599,-0.0064087,4.9304
0.019531,-0.007019,0.063477
0.020905,-0.0073242,0.075684
0.023041,-0.0068665,0.063477
0.026093,-0.0067139,0.059814
0.027313,-0.0065613,0.059814
0.029602,-0.0033569,0.063477
0.031128,-0.0018311,0.061035
0.033417,0.0013733,0.064697
0.036163,0.0027466,0.065918
0.036926,0.0027466,0.064697
0.0354,0.0012207,0.063477
0.032196,-0.00045776,0.064697
0.026855,-0.0012207,0.065918
0.021667,0.0010681,0.059814
0.01709,0.0028992,0.054932
0.014496,0.0041199,0.059814
0.014191,0.0047302,0.054932
0.014496,0.0021362,0.054932
0.016174,-0.0010681,0.05127
0.015259,-0.0033569,0.050049
0.016632,-0.004425,0.057373
0.01709,-0.002594,0.048828
0.018158,-0.0013733,0.061035
0.018311,0.0038147,0.045166
0.018005,-0.0030518,0.0354
0.015717,-0.0053406,0.043945
0.012665,-0.005188,0.036621
0.0074768,-0.0032043,0.037842
0.0064087,0.00091553,0.040283
0.0047302,0.0047302,0.037842
0.0047302,0.0047302,0.040283
0.0074768,0.0061035,0.037842
0.012665,0.0041199,0.041504
0.017548,0.002594,0.037842
0.021057,-0.0013733,0.041504
0.02243,0.0038147,0.042725
0.024872,0.0056458,0.042725
0.02655,0.0062561,0.05249
0.027008,0.0057983,0.045166
0.027618,0.0048828,0.048828
0.026398,0.0021362,0.047607
0.023804,0.0012207,0.045166
0.019684,0.0012207,0.05249
0.018005,0.0039673,0.061035
0.017548,0.0067139,0.05249
0.019073,0.0073242,0.058594
0.02182,0.0073242,0.059814
0.024719,0.0048828,0.061035
0.02594,0.0028992,0.059814
0.026398,-0.0010681,0.062256
0.025177,0.0012207,0.061035
0.024109,0.0013733,0.061035
0.023346,0.0012207,0.063477
0.021515,0,0.062256
0.02243,-0.0022888,0.062256
0.020294,-0.0030518,0.065918
0.019531,-0.0027466,0.074463
0.014496,-0.00030518,0.065918
0.015869,0.0039673,0.073242
0.016785,0.0076294,0.065918
0.019073,0.013428,0.054932
0.024414,0.0094604,0.059814
0.028076,0.0083923,0.057373
0.029907,0.0067139,0.053711
0.033569,0.0067139,0.054932
0.029907,0.0093079,0.050049
0.029907,0.011292,0.05127
0.029144,0.013885,0.048828
0.029755,0.013885,0.047607
0.029907,0.01236,0.045166
0.028992,0.012207,0.050049
0.026093,0.012665,0.043945
0.023956,0.013428,0.043945
0.021973,0.015106,0.05127
0.021515,0.015259,0.040283
0.020905,0.012665,0.040283
0.02121,0.0099182,0.039063
0.021057,0.0047302,0.023193
0.018616,-0.00061035,0.036621
0.016022,-0.0045776,0.036621
0.011902,-0.0074768,0.039063
0.0086975,-0.009613,0.039063
0.0076294,-0.010681,0.036621
0.0064087,-0.016022,0.040283
0.007019,-0.019531,0.039063
0.0076294,-0.021515,0.041504
0.0083923,-0.022888,0.041504
0.0097656,-0.018616,0.045166
0.012512,-0.014648,0.046387
0.017395,-0.011444,0.046387
0.023499,-0.0091553,0.05127
0.02655,-0.0088501,0.053711
0.030975,-0.0082397,0.061035
0.032196,-0.0065613,0.061035
0.032501,-0.004425,0.072021
0.031128,-0.0015259,0.058594
0.029907,0.00045776,0.05127
0.03006,0.0016785,0.057373
0.03067,0.0016785,0.059814
0.030518,0.0015259,0.058594
0.031738,0.0033569,0.061035
0.031128,0.0045776,0.059814
0.032196,0.0094604,0.063477
0.032654,0.013275,0.062256
0.033875,0.014801,0.062256
0.036163,0.016174,0.062256
0.036774,0.015717,0.067139
0.036774,0.014954,0.064697
0.033417,0.014954,0.065918
0.030365,0.014954,0.067139
0.026093,0.016022,0.061035
0.023804,0.016479,0.057373
0.021515,0.015564,0.054932
0.020905,0.013733,0.053711
0.020599,0.010681,0.05127
0.019684,0.0074768,0.047607
0.018768,0.0050354,0.045166
0.016785,0.0035095,4.1992
0.015717,0.0030518,4.8682
0.014954,0.0027466,4.9097
0.015869,0.00091553,4.9097
0.016174,-0.0024414,4.9146
0.016022,-0.0027466,4.906
0.015564,-0.002594,4.9109
0.014191,-0.00076294,4.9097
0.013123,0.002594,4.9146
0.013123,0.0042725,4.906
0.013275,0.0048828,4.9097
0.015564,0.0032043,4.9231
0.018005,0.0012207,4.9109
0.019226,-0.00076294,4.9182
0.019379,-0.00091553,4.9097
0.019379,0.00045776,4.8975
0.018768,0.0016785,4.9133
0.018768,0.0028992,4.9109
0.019684,0.00091553,4.9158
0.020142,-0.00091553,4.9158
0.019836,-0.0028992,4.9133
0.018616,-0.0027466,4.9231
0.016479,-0.0022888,4.9255
0.015106,-0.00045776,4.9255
0.014343,0.00076294,4.9255
0.013275,0.00015259,4.9316
0.015717,-0.0016785,4.9304
0.016785,-0.0036621,4.9353
0.017242,-0.0050354,4.9377
0.016632,-0.0041199,4.9292
0.016937,-0.0022888,4.9316
0.018158,-0.00061035,4.9316
0.018158,0.00030518,4.9426
0.019073,-0.0015259,4.9329
0.018158,-0.0039673,4.9231
0.018311,-0.0067139,4.9341
0.016937,-0.0085449,4.9316
0.016785,-0.0082397,4.9304
0.016785,-0.0065613,4.9365
0.017853,-0.0054932,4.9292
0.017548,-0.0061035,4.9341
0.020752,-0.0067139,4.9255
0.02243,-0.0080872,4.9268
0.024872,-0.0085449,4.9219
0.026703,-0.0074768,4.9292
0.028534,-0.0047302,4.9207
0.031738,-0.0021362,4.9207
0.033112,-0.0015259,4.928
0.033722,-0.002594,4.9158
0.034027,-0.0041199,4.9194
0.034485,-0.0027466,4.9011
0.032196,-0.0035095,4.8938
0.03479,-0.0010681,4.9133
0.034027,0.0035095,4.9121
0.033417,0.0042725,4.9084
0.032349,0.0041199,4.9121
0.031738,0.0016785,4.9084
0.031586,-0.0013733,4.9084
0.031433,-0.0021362,4.9084
0.031433,-0.0016785,4.9072
0.030212,0.00015259,4.9084
0.028839,0.0012207,4.9121
0.027313,0.00076294,4.9133
0.025635,-0.00076294,4.9158
0.024719,-0.0022888,4.9109
0.025787,-0.0032043,4.9146
0.024414,-0.0028992,4.9146
0.02121,-0.00061035,4.9182
0.019379,0.0018311,4.928
0.019836,0.0018311,4.9255
0.016632,0.0016785,4.917
0.016479,0,4.9255
0.016174,-0.0015259,4.9292
0.018158,-0.0027466,4.9341
0.014496,0.00076294,4.9329
0.013428,0.0024414,4.9194
0.013428,0.0018311,4.9353
0.013733,0.0042725,4.9292
0.013275,0.0035095,4.9316
0.01236,0.0019836,4.928
0.012817,-0.0027466,4.9402
0.01297,0.00045776,4.9304
0.011902,0.00091553,4.9377
0.011902,0.0015259,4.9524
0.01358,0.00061035,4.939
0.016632,-0.0012207,4.9377
0.018463,-0.0045776,4.939
0.020905,-0.005188,4.9121
0.02243,-0.0064087,4.9255
0.023346,-0.0056458,4.9219
0.023651,-0.0053406,4.9231
0.018616,-0.0050354,4.9194
0.023193,-0.0059509,4.9268
0.022888,-0.007782,4.9219
0.022278,-0.010071,4.9158
0.021973,-0.010986,4.9207
0.023041,-0.010071,4.9133
0.022888,-0.0091553,4.9182
0.022125,-0.0088501,4.9182
0.023346,-0.0086975,4.917
0.023041,-0.0097656,4.9109
0.023499,-0.010986,4.9146
0.023804,-0.010834,4.9121
0.02182,-0.0093079,4.9121
0.023956,-0.0071716,4.9084
0.02243,-0.0045776,4.9072
0.023651,0.00091553,4.895
0.022736,-0.00030518,4.9084
0.023956,0.00015259,4.9072
0.02533,0.0016785,4.906
0.028229,0.0042725,0.046387
0.028839,0.0065613,0.040283
0.03067,0.0080872,0.042725
0.030975,0.0093079,0.043945
0.031891,0.0080872,0.047607
0.031586,0.0048828,0.040283
0.03067,0.0016785,0.053711
0.029907,0.0045776,0.056152
0.027008,0.0024414,0.057373
0.025177,0.0030518,0.06958
0.022278,0.0024414,0.065918
0.020294,0.00091553,0.068359
0.017395,-0.0013733,0.062256
0.014191,-0.0024414,0.05249
0.01236,-0.0032043,0.062256
0.009613,0.0021362,0.061035
0.007782,-0.0027466,0.059814
0.0057983,-0.0027466,0.062256
0.0073242,-0.0041199,0.058594
0.0035095,-0.0054932,0.067139
0.0028992,-0.0064087,0.064697
0.0028992,-0.0076294,0.06958
0.0036621,-0.0080872,0.062256
0.0050354,-0.0057983,0.067139
0.0062561,-0.0053406,0.062256
0.0080872,-0.0045776,0.062256
0.013885,-0.0047302,0.061035
0.012817,-0.0050354,0.061035
0.015106,-0.0042725,0.059814
0.017548,-0.0028992,0.05249
0.019073,0.00091553,0.058594
0.021667,0.0024414,0.05249
0.023193,0.0045776,0.040283
0.024261,0.0053406,0.046387
0.024109,0.0059509,0.046387
0.024261,0.0056458,0.042725
0.025024,0.0054932,0.042725
0.027466,0.0061035,0.043945
0.025482,0.0064087,0.043945
0.025635,0.0074768,0.037842
0.026093,0.0068665,0.042725
0.024719,0.0062561,0.041504
0.02594,0.0041199,0.043945
0.025177,0.0022888,0.037842
0.025177,0.0036621,0.043945
0.02533,-0.00045776,0.05249
0.024872,-0.00091553,0.043945
0.024872,-0.0016785,0.046387
0.024567,-0.002594,0.040283
0.024261,-0.0032043,0.026855
0.023651,-0.0032043,0.041504
0.023193,-0.0019836,0.045166
0.024261,-0.0013733,0.043945
0.025177,-0.00045776,0.048828
0.027008,0.00015259,0.05127
0.029144,0.00045776,0.058594
0.03067,0.00045776,0.053711
0.032654,0.00091553,0.058594
0.034332,0.0016785,0.056152
0.036163,0.0021362,0.062256
0.040131,0.002594,0.063477
0.039368,0.0035095,0.064697
0.039368,0.0033569,0.067139
0.0383,0.0050354,0.062256
0.037689,0.0068665,0.058594
0.035706,0.0079346,0.063477
0.033875,0.009613,0.076904
0.031281,0.011292,0.063477
0.03006,0.011139,0.063477
0.027924,0.011292,0.067139
0.025482,0.0099182,0.063477
0.023956,0.0080872,0.063477
0.023499,0.0076294,0.064697
0.023346,0.0068665,0.056152
0.02243,0.0061035,0.057373
0.02243,0.005188,0.054932
0.019836,0.0042725,0.057373
0.018311,0.0028992,0.05127
0.016479,0.0016785,0.05249
0.014191,0.00045776,0.05127
0.011902,-0.00015259,0.050049
0.012054,-0.0015259,0.05127
0.010681,0.0010681,0.047607
0.011292,0.00045776,0.048828
0.011139,-0.00091553,0.041504
0.011902,-0.0016785,0.032959
0.010071,-0.0018311,0.039063
0.012817,-0.00076294,0.039063
0.014648,-0.00015259,0.037842
0.018005,0.0016785,0.041504
0.0177,0.0036621,0.039063
0.019379,0.0042725,0.039063
0.019684,0.0054932,0.039063
0.021515,0.0061035,0.042725
0.022736,0.0067139,0.039063
0.024109,0.007019,0.042725
0.02533,0.0062561,0.041504
0.026093,0.0061035,0.045166
0.026703,0.0064087,0.042725
0.026855,0.0064087,0.048828
0.024567,0.0068665,0.048828
0.023651,0.0073242,0.048828
0.02243,0.0068665,0.063477
0.021515,0.0054932,0.054932
0.021667,0.0030518,0.041504
0.020905,0.0013733,0.057373
0.020294,0,0.061035
0.020294,-0.00091553,0.057373
0.02121,-0.0010681,0.061035
0.022736,-0.00091553,0.057373
0.023499,-0.0030518,0.064697
0.02533,-0.0010681,0.057373
0.02594,-0.00091553,0.063477
0.025635,-0.00030518,0.059814
0.024872,0.0015259,0.057373
0.025787,0.0019836,0.064697
0.026855,0.0032043,0.067139
0.028381,0.0035095,4.5361
0.029297,0.0033569,4.9072
0.031891,0.0035095,4.9268
0.032349,0.0041199,4.9304
0.032654,0.0048828,4.9255
0.032501,0.0050354,4.9255
0.032196,0.0057983,4.9243
0.032654,0.0057983,4.9231
0.030823,0.0054932,4.9231
0.031281,0.0054932,4.9182
0.027618,0.005188,4.9243
0.024414,0.0045776,4.9182
0.020905,0.0035095,4.9146
0.018463,0.0030518,4.9109
0.016632,0.0024414,4.9158
0.015869,0.0012207,4.9207
0.014343,-0.00076294,4.9158
0.013733,-0.0019836,4.9084
0.011444,-0.0028992,4.9121
0.011139,-0.0030518,4.9207
0.0094604,-0.0032043,4.9146
0.0086975,-0.0024414,4.9207
0.0097656,-0.0032043,4.9084
0.0086975,-0.0038147,4.9011
0.0090027,-0.0042725,4.9109
0.0088501,-0.0048828,4.9072
0.0097656,-0.0050354,4.9084
0.010834,-0.0010681,4.9109
0.01709,-0.0024414,4.9109
0.015259,-0.00091553,4.9146
0.018463,0.00076294,4.9133
0.021362,-0.00030518,4.9158
0.023956,0.0018311,4.9194
0.025635,0.0019836,4.9231
0.02655,0.0027466,4.9255
0.028534,0.0027466,4.928
0.028839,0.0027466,4.9341
0.028381,0.0027466,4.9304
0.028381,0.0021362,4.9304
0.026855,0.0024414,4.9341
0.025787,0.0030518,4.9377
0.024872,0.0032043,4.9329
0.024261,0.004425,4.9207
0.023651,0.0050354,4.9292
0.023346,0.005188,4.9329
0.022736,0.0053406,4.9329
0.024261,0.0041199,4.9353
0.023193,0.0021362,4.9353
0.023041,0.0010681,4.9402
0.023041,0.00091553,4.9341
0.022736,-0.00015259,4.9353
0.022736,0.00076294,4.9304
0.02182,0.0013733,4.9316
0.02182,0.0018311,4.9146
0.019379,0.0018311,4.9268
0.02182,0.0018311,4.9377
0.020752,0.0018311,4.9231
0.02243,0.0018311,4.9207
0.022125,0.0015259,4.9207
0.023041,0.00045776,4.9011
0.022888,-0.004425,4.9146
0.022583,-0.00076294,4.9133
0.023041,-0.0019836,4.9158
0.023041,-0.0022888,4.9109
0.023041,-0.0018311,4.8999
0.020905,-0.0010681,4.9109
0.02121,-0.00030518,4.906
0.021057,0.00061035,4.9109
0.019989,-0.0010681,4.9097
0.019379,0.00045776,4.9146
0.019073,0.00030518,4.9109
0.018463,0.00030518,4.9121
0.019379,0.0028992,4.9121
0.018005,0.00061035,4.9133
0.018158,0.00061035,4.9084
0.019226,0,4.9097
0.019379,0,4.9097
0.018616,0.00030518,4.9158
0.018158,0.00045776,4.9255
0.017548,-0.00030518,4.9182
0.016937,0.00015259,4.9219
0.016937,-0.00091553,4.9182
0.016785,-0.0013733,4.9268
0.015259,-0.0013733,4.9243
0.016022,-0.0010681,4.9304
0.015564,-0.0015259,4.9329
0.015869,-0.00076294,4.9292
0.016632,-0.00015259,4.9304
0.016327,-0.0019836,4.9329
0.016022,-0.0030518,4.9292
0.016327,-0.0035095,4.9329
0.016174,-0.0033569,4.9402
0.015869,-0.0021362,4.9341
0.01709,-0.0016785,4.9426
0.017395,-0.0022888,4.9365
0.0177,-0.0033569,4.9231
0.018768,-0.0047302,4.9292
0.018768,-0.0039673,4.9304
0.020752,-0.002594,4.9292
0.02121,-0.00076294,4.9316
0.021973,0.00045776,4.9304
0.021515,0.00091553,4.9304
0.019531,0.00030518,4.9231
0.019836,-0.00030518,4.9255
0.019684,0.00030518,4.9182
0.019531,0.0015259,4.9182
0.021667,0.0028992,4.9207
0.022583,0.0039673,4.9194
0.023956,0.0035095,4.9182
0.026093,0.0027466,0.047607
0.025177,0.0016785,0.045166
0.02594,0.00045776,0.042725
0.026398,0.0032043,0.037842
0.026703,-0.00045776,0.043945
0.025482,-0.00076294,0.039063
0.025482,-0.00061035,0.0354
0.023651,0,0.041504
0.022278,0.0010681,0.040283
0.021362,0.0013733,0.036621
0.020905,0.0012207,0.039063
0.023956,0.0013733,0.042725
0.021515,0.00076294,0.039063
0.021362,0,0.040283
0.021667,-0.00015259,0.045166
0.023041,-0.00061035,0.046387
0.019989,-0.0012207,0.046387
0.018158,-0.0021362,0.05127
0.017853,-0.0059509,0.056152
0.016937,-0.0030518,0.048828
0.015411,-0.002594,0.063477
0.014801,-0.0022888,0.054932
0.01358,-0.00091553,0.041504
0.012512,-0.0028992,0.056152
0.012512,-0.0033569,0.059814
0.01297,-0.0041199,0.063477
0.013428,-0.0036621,0.062256
0.014343,-0.0039673,0.057373
0.014954,-0.0041199,0.064697
0.014496,-0.0032043,0.063477
0.013428,-0.002594,0.062256
0.013275,-0.0018311,0.061035
0.013885,-0.00091553,0.065918
0.014954,-0.00015259,0.064697
0.016632,-0.00061035,0.072021
0.018616,-0.0016785,0.078125
0.021057,-0.0030518,0.065918
0.021667,-0.005188,0.063477
0.020599,-0.0059509,0.063477
0.019684,-0.0059509,0.059814
0.018921,-0.0064087,0.053711
0.017853,-0.0056458,0.053711
0.018005,-0.0041199,0.05127
0.018463,-0.0038147,0.050049
0.018311,-0.0027466,0.047607
0.018158,-0.0022888,0.048828
0.0177,-0.0012207,0.043945
0.018616,-0.00076294,0.047607
0.019684,0.00015259,0.042725
0.02121,0.00045776,0.043945
0.022278,-0.00045776,0.040283
0.02243,-0.0010681,0.040283
0.021667,-0.0016785,0.039063
0.021057,-0.0024414,0.040283
0.020599,-0.0021362,0.05249
0.020905,-0.0012207,0.042725
0.021973,-0.00030518,0.053711
0.02243,0.0013733,0.037842
0.023651,0.0021362,0.030518
0.025024,0.0010681,0.037842
0.026093,0.0018311,0.041504
0.026855,0.00091553,0.040283
0.027771,0.00091553,0.0354
0.027924,0.00015259,0.041504
0.028076,0.00045776,0.046387
0.027924,0.00015259,0.047607
0.027771,-0.0015259,0.05249
0.026398,-0.0032043,0.048828
0.023956,-0.0047302,0.054932
0.021667,-0.005188,0.058594
0.019836,-0.005188,0.061035
0.019073,-0.004425,0.064697
0.019073,-0.0035095,0.061035
0.020294,-0.0041199,0.059814
0.021515,-0.0038147,0.061035
0.021973,-0.005188,0.06958
0.021667,-0.0053406,0.061035
0.019836,-0.0042725,0.045166
0.018768,-0.0030518,0.059814
0.018463,-0.0022888,0.062256
0.017548,-0.0024414,0.064697
0.016937,-0.0027466,0.065918
0.016174,-0.0030518,0.061035
0.014954,-0.0028992,0.070801
0.014801,-0.0012207,0.063477
0.015259,0.00061035,0.065918
0.017853,0.0018311,0.062256
0.021057,0.0024414,0.062256
0.024261,0.002594,0.054932
0.027008,0.0018311,0.054932
0.028534,0.0015259,0.067139
0.028076,0.0010681,0.05127
0.026855,0.00030518,0.053711
0.025482,-0.00076294,0.046387
0.024872,-0.00045776,0.029297
0.024414,-0.00030518,0.046387
0.023193,-0.00076294,0.045166
0.023193,-0.00045776,0.042725
0.02243,-0.00045776,0.041504
0.023346,-0.0012207,0.037842
0.024414,-0.0016785,0.041504
0.025177,-0.0018311,0.036621
0.02655,-0.0021362,0.041504
0.026398,-0.0021362,0.039063
0.02594,-0.0024414,0.042725
0.025024,-0.0032043,0.039063
0.023804,-0.002594,0.041504
0.024719,-0.0010681,0.041504
0.025787,-0.00076294,0.037842
0.024567,0.00091553,0.039063
0.024872,0.0021362,0.042725
0.024261,0.0027466,0.047607
0.02533,0.0016785,0.043945
0.025177,0.0012207,0.037842
0.025787,0.0022888,0.048828
0.027161,0.00061035,0.053711
0.027313,0.0019836,0.05249
0.028076,0.0035095,1.5259
0.028229,0.0048828,4.7241
0.028229,0.0076294,4.9023
0.028534,0.0053406,4.9255
0.028839,0.0045776,4.9329
0.030365,0.0047302,4.928
0.03006,0.0045776,4.9316
0.029144,0.0053406,4.9304
0.027618,0.0050354,4.9341
0.02533,0.0065613,4.9377
0.023346,0.0050354,4.9365
0.02182,0.0054932,4.9365
0.02182,0.0056458,4.9365
0.022278,0.0074768,4.9316
0.02243,0.0091553,4.9377
0.023193,0.0094604,4.9329
0.023499,0.010376,4.9268
0.023956,0.0080872,4.9316
0.024261,0.0056458,4.9304
0.024414,0.0045776,4.928
0.02243,0.0036621,4.9207
0.023956,0.0042725,4.9243
0.022888,0.0038147,4.9182
0.02121,0.004425,4.9207
0.019531,0.0047302,4.9231
0.017853,0.0048828,4.9207
0.016632,0.0045776,4.917
0.0177,0.005188,4.9182
0.018616,0.0056458,4.9243
0.019226,0.0053406,4.9048
0.018616,0.0036621,4.9231
0.023346,0.002594,4.9121
0.019531,0.0016785,4.9036
0.018768,0.00061035,4.9097
0.018921,-0.0010681,4.906
0.019531,0.0022888,4.9109
0.019531,0.0030518,4.9097
0.018921,0.0038147,4.9048
0.0177,0.0035095,4.9109
0.019989,0.0035095,4.9072
0.017853,0.0035095,4.9158
0.018463,0.0036621,4.9072
0.019836,0.005188,4.9158
0.021973,0.0028992,4.9158
0.024261,0.002594,4.9194
0.02533,0.0027466,4.9329
0.02594,0.0027466,4.9243
0.026398,0.0024414,4.9255
0.027161,0.0024414,4.9304
0.028839,0.0027466,4.9207
0.028534,0.0033569,4.9292
0.029144,0.0036621,4.9219
0.027771,0.0041199,4.9292
0.027008,0.0022888,4.9316
0.027313,0.0027466,4.9268
0.025482,0.0018311,4.9292
0.02655,0.00091553,4.9341
0.02655,0.0042725,4.9341
0.026703,0.0039673,4.9316
0.026093,0.0050354,4.9365
0.025482,0.0056458,4.9341
0.024567,0.004425,4.9341
0.021667,0.0045776,4.9402
0.021362,0.0047302,4.939
0.020447,0.005188,4.939
0.020447,0.0050354,4.9329
0.020447,0.0045776,4.9414
0.019531,0.0033569,4.928
0.019836,0.0010681,4.9158
0.018616,0,4.9231
0.017395,-0.00076294,4.9219
0.016479,-0.00076294,4.9182
0.015717,-0.00045776,4.9207
0.015717,0.0010681,4.9194
0.015259,0.0016785,4.9158
0.015106,0.0018311,4.9146
0.015106,0,4.9158
0.014648,0.00030518,4.9036
0.014801,-0.0013733,4.9146
0.015411,0.0016785,4.9109
0.016022,-0.0019836,4.9121
0.017548,-0.0013733,4.9158
0.017548,-0.0010681,4.9097
0.017853,-0.00091553,4.906
0.016327,-0.00061035,4.9097
0.015717,-0.00061035,4.8987
0.015106,0.00030518,4.9109
0.015106,0.0013733,4.9084
0.015564,0.0022888,4.9109
0.016174,0.0039673,4.9133
0.016174,0.0042725,4.9146
0.016479,0.0045776,4.9158
0.017242,0.0035095,4.9158
0.018005,0.0012207,4.9231
0.019379,0.00015259,4.9194
0.019379,-0.00030518,4.9255
0.018616,0,4.9255
0.017395,0.00030518,4.9304
0.015411,0.00015259,4.9268
0.012817,-0.00061035,4.9329
0.013123,-0.0016785,4.9329
0.012817,-0.0019836,4.9329
0.012054,-0.0018311,4.9438
0.012207,-0.00091553,4.9329
0.012665,-0.00015259,4.9133
0.011597,0,4.928
0.015259,-0.00015259,4.9341
0.015411,-0.00076294,4.9316
0.018768,-0.0010681,4.9341
0.018158,-0.00091553,0.061035
0.019836,-0.00030518,0.06958
0.019989,0.0012207,0.064697
0.020294,0.0013733,0.063477
0.019989,0.0019836,0.058594
0.019989,0.0021362,0.058594
0.019684,0.0016785,0.054932
0.019989,0.0012207,0.056152
0.021057,0.0010681,0.063477
0.022125,0.00015259,0.05249
0.02121,-0.00045776,0.047607
0.022278,-0.0010681,0.048828
0.022278,-0.00091553,0.030518
0.023041,-0.0015259,0.043945
0.022583,-0.0016785,0.041504
0.02243,-0.00091553,0.043945
0.02121,0.0010681,0.039063
0.019836,0.00045776,0.030518
0.0177,0.0010681,0.042725
0.01709,0.0012207,0.036621
0.016785,0.0015259,0.041504
0.016937,0.00076294,0.036621
0.017548,0.00030518,0.042725
0.018616,0,0.039063
0.019684,0.00030518,0.041504
0.019684,0.00076294,0.037842
0.019226,0.0013733,0.042725
0.019684,0.0013733,0.040283
0.018921,0.0018311,0.046387
0.019073,0.0032043,0.056152
0.018616,0.0036621,0.047607
0.019073,0.0045776,0.041504
0.019531,0.0062561,0.053711
0.019379,0.0057983,0.054932
0.019684,0.0071716,0.053711
0.020905,0.0061035,0.057373
0.023804,0.0028992,0.058594
0.024872,0.00076294,0.061035
0.025482,-0.00061035,0.058594
0.024261,-0.0015259,0.061035
0.02182,-0.0016785,0.061035
0.020447,-0.0016785,0.063477
0.019073,-0.0024414,0.061035
0.016937,-0.0038147,0.063477
0.016479,-0.0042725,0.070801
0.016479,-0.0042725,0.063477
0.016327,-0.0038147,0.067139
0.017395,-0.0068665,0.065918
0.018921,-0.0016785,0.062256
0.020752,-0.0013733,0.057373
0.021362,-0.0019836,0.063477
0.022583,-0.0035095,0.059814
0.022736,-0.0061035,0.057373
0.022278,-0.0033569,0.054932
0.022736,-0.0022888,0.053711
0.021667,-0.00091553,0.048828
0.022278,0.00061035,0.05249
0.023499,-0.00015259,0.045166
0.024719,-0.0010681,0.05127
0.024261,-0.0012207,0.042725
0.02655,-0.0019836,0.050049
0.03067,-0.00061035,0.042725
0.03067,-0.00061035,0.041504
0.030212,0.00091553,0.053711
0.030365,0.00091553,0.041504
0.03067,0.00076294,0.05127
0.03006,-0.00030518,0.039063
0.028992,-0.00061035,0.036621
0.027313,0,0.037842
0.025787,0.00045776,0.040283
0.023499,0.0012207,0.039063
0.023041,0.0019836,0.037842
0.021973,0.0022888,0.037842
0.02121,0.0022888,0.041504
0.020294,0.0022888,0.037842
0.019989,0.00061035,0.042725
0.019531,0,0.042725
0.018768,-0.0015259,0.050049
0.019379,-0.0027466,0.047607
0.018005,-0.0039673,0.05249
0.017395,-0.0054932,0.061035
0.016479,-0.0041199,0.047607
0.014191,-0.0065613,0.057373
0.014496,-0.0062561,0.058594
0.014801,-0.0056458,0.054932
0.014801,-0.0042725,0.057373
0.015106,-0.0018311,0.045166
0.015106,-0.00076294,0.061035
0.016022,-0.00045776,0.056152
0.0177,-0.0013733,0.058594
0.020294,-0.0021362,0.063477
0.023041,-0.002594,0.057373
0.022583,-0.0027466,0.063477
0.023804,-0.0032043,0.061035
0.021362,-0.0041199,0.068359
0.018616,-0.0062561,0.064697
0.016327,-0.0079346,0.067139
0.016174,-0.0086975,0.065918
0.016174,-0.0061035,0.064697
0.018005,-0.0030518,0.070801
0.016632,-0.00045776,0.057373
0.017242,0.00045776,0.064697
0.017853,-0.00015259,0.056152
0.018311,-0.0028992,0.040283
0.017242,-0.0033569,0.048828
0.02182,-0.0018311,0.046387
0.023193,0.00045776,0.046387
0.02243,0.0048828,0.046387
0.02121,0.0019836,0.043945
0.020599,-0.0010681,0.043945
0.019684,-0.0036621,0.041504
0.019379,-0.0033569,0.045166
0.022125,-0.0039673,0.0354
0.024261,-0.00076294,0.041504
0.02533,-0.00015259,0.047607
0.025787,0.0024414,0.042725
0.024414,0.00015259,0.040283
0.024261,-0.0024414,0.041504
0.024261,-0.0074768,4.2297
0.023956,-0.0041199,4.8645
0.023956,-0.0021362,4.8999
0.024261,0.00015259,4.9109
0.024567,0.00076294,4.9011
0.023804,0.0021362,4.9097
0.023956,-0.00015259,4.9146
0.023193,-0.0018311,4.9146
0.021973,-0.0036621,4.9158
0.023804,-0.0038147,4.9146
0.024719,-0.0042725,4.9255
0.026093,-0.002594,4.9268
0.025787,-0.0028992,4.928
0.025024,-0.0042725,4.9255
0.023956,-0.0067139,4.9304
0.022583,-0.0093079,4.9304
0.021057,-0.0082397,4.9316
0.02243,-0.0054932,4.939
0.021973,-0.0030518,4.9329
0.022278,-0.0012207,4.9341
0.021973,0,4.9316
0.022278,-0.0010681,4.9158
0.023346,-0.0024414,4.9329
0.023956,-0.0027466,4.9353
0.026245,-0.0021362,4.9341
0.026703,-0.00076294,4.9329
0.029144,-0.0019836,4.9255
0.02533,-0.00045776,4.9402
0.025635,-0.00015259,4.9329
0.023804,-0.0016785,4.9304
0.019989,-0.00045776,4.9231
0.021515,-0.0022888,4.9268
0.02121,-0.00076294,4.9207
0.020294,0.00045776,4.9268
0.019836,0.0016785,4.9268
0.023193,0.00061035,4.9219
0.022888,-0.0013733,4.9207
0.024872,-0.0035095,4.9023
0.02594,-0.0050354,4.9207
0.028381,-0.0030518,4.9146
0.027924,-0.0016785,4.8975
0.026093,0.00015259,4.9109
0.025024,0.00061035,4.9146
0.023346,0.00061035,4.9097
0.021515,0.00061035,4.9121
0.019379,0.0010681,4.906
0.020599,0.0016785,4.9133
0.020905,0.0032043,4.9048
0.02243,0.0038147,4.9194
0.023499,0.0013733,4.9084
0.024414,-0.0027466,4.9109
0.024719,-0.0065613,4.9097
0.023346,-0.0045776,4.9121
0.023651,-0.0064087,4.9207
0.023041,-0.0019836,4.9158
0.022125,0.00076294,4.9243
0.02121,0.0027466,4.9182
0.019531,0.002594,4.9109
0.019531,0.002594,4.9243
0.021362,0.0038147,4.9219
0.025177,0.0064087,4.9219
0.03006,0.010071,4.9292
0.034485,0.011749,4.9292
0.036621,0.0099182,4.9316
0.034943,0.0059509,4.9304
0.031891,0.00076294,4.9353
0.02655,-0.0038147,4.9292
0.021667,-0.0057983,4.9304
0.017548,-0.0064087,4.9329
0.012665,-0.0045776,4.9304
0.0086975,-0.0032043,4.9341
0.0048828,-0.0010681,4.9353
0.0027466,-0.0012207,4.9377
0.0027466,-0.0013733,4.9377
0.004425,-0.00076294,4.9304
0.0094604,0,4.9377
0.014191,0.0028992,4.9377
0.019073,0.0061035,4.928
0.021667,0.0093079,4.9292
0.021667,0.012817,4.928
0.022278,0.014038,4.9268
0.020752,0.01358,4.917
0.019684,0.012207,4.9219
0.020599,0.013428,4.9182
0.020447,0.014801,4.9194
0.020447,0.017242,4.9194
0.019073,0.016327,4.9207
0.017853,0.01297,4.9146
0.015717,0.0074768,4.917
0.015259,0.0016785,4.9243
0.014801,-0.0030518,4.9097
0.013885,-0.0054932,4.9133
0.012665,-0.0059509,4.9109
0.010223,-0.0065613,4.8901
0.007782,-0.0076294,4.9072
0.0065613,-0.010376,4.9036
0.0054932,-0.012665,4.9109
0.0062561,-0.01236,4.9084
0.007782,-0.0091553,4.9048
0.0082397,-0.004425,4.9109
0.0085449,0.0012207,4.9121
0.0080872,0.0061035,4.9146
0.010071,0.0083923,4.9097
0.012207,0.0088501,4.9194
0.015259,0.007782,4.9207
0.019379,0.010529,4.9243
0.022736,0.013275,4.9316
0.024719,0.015564,4.928
0.025635,0.017395,0.057373
0.027313,0.01709,0.061035
0.029449,0.015106,0.06958
0.031586,0.01236,0.058594
0.033875,0.0085449,0.059814
0.036163,0.0056458,0.059814
0.036011,0.0035095,0.059814
0.03479,0.0018311,0.061035
0.032196,0.00015259,0.062256
0.031433,-0.0019836,0.058594
0.028992,-0.0032043,0.064697
0.027771,-0.0036621,0.064697
0.027466,-0.0032043,0.068359
0.025482,-0.00061035,0.063477
0.023193,0.0019836,0.067139
0.020599,0.0047302,0.068359
0.018158,0.0056458,0.063477
0.017853,0.0065613,0.06958
0.017853,0.0039673,0.057373
0.018158,0.0083923,0.059814
0.019531,0.010223,0.05249
0.019073,0.013428,0.043945
0.017242,0.016479,0.05127
0.018616,0.018768,0.048828
0.018463,0.019531,0.045166
0.019989,0.019684,0.045166
0.019989,0.0177,0.042725
0.025024,0.016785,0.046387
0.02655,0.015717,0.041504
0.024261,0.014191,0.041504
0.025024,0.013275,0.037842
0.025024,0.011444,0.042725
0.025177,0.009613,0.043945
0.02655,0.0068665,0.042725
0.028839,0.0042725,0.037842
0.028076,0.0024414,0.041504
0.029602,0.0016785,0.043945
0.027313,0.00076294,0.039063
0.025024,0.00061035,0.041504
0.023651,0.0012207,0.040283
0.023193,0.002594,0.039063
0.024872,0.0033569,0.041504
0.023651,0.0050354,0.042725
0.022888,0.0064087,0.045166
0.021515,0.0071716,0.047607
0.018463,0.009613,0.05127
0.016632,0.010376,0.05249
0.015717,0.010834,0.054932
0.015259,0.0080872,0.059814
0.016632,0.010071,0.059814
0.016022,0.009613,0.061035
0.014648,0.0093079,0.057373
0.011597,0.0079346,0.063477
0.010681,0.0083923,0.075684
0.010223,0.0085449,0.062256
0.012054,0.010529,0.063477
0.014496,0.0071716,0.064697
0.016632,0.0067139,0.046387
0.018616,0.0059509,0.064697
0.019073,0.0050354,0.065918
0.019379,0.0045776,0.068359
0.020447,0.0035095,0.064697
0.023346,0.0021362,0.067139
0.027313,0.0021362,0.063477
0.029755,0.0015259,0.059814
0.030212,0.0018311,0.057373
0.03006,0.0016785,0.056152
0.026703,0.0024414,0.056152
0.025177,0.0015259,0.048828
0.023346,0.0016785,0.05249
0.023193,0.0016785,0.054932
0.024872,0.0016785,0.048828
0.02243,0.0015259,0.05249
0.020447,-0.0010681,0.046387
0.017395,0.00045776,0.054932
0.015564,-0.0012207,0.041504
0.014343,-0.0032043,0.040283
0.014496,-0.0057983,0.040283
0.016479,-0.0073242,0.037842
0.018921,-0.0064087,0.037842
0.020599,-0.007019,0.040283
0.021515,-0.0035095,0.037842
0.022125,-0.0071716,0.041504
0.023041,-0.0071716,0.037842
0.024872,-0.0062561,0.041504
0.027161,-0.0054932,0.037842
0.03067,-0.0071716,0.039063
0.031891,-0.0082397,0.042725
0.030518,-0.010376,0.042725
0.027924,-0.012817,0.057373
0.02594,-0.01236,0.045166
0.024109,-0.012207,0.056152
0.024261,-0.014191,0.048828
0.026245,-0.011139,0.045166
0.024414,-0.010986,0.05249
0.023499,-0.010071,0.05249
0.021057,-0.0099182,0.056152
0.019226,-0.0082397,0.061035
0.017395,-0.0080872,0.057373
0.017548,-0.0080872,0.062256
0.0177,-0.007782,0.059814
0.018005,-0.0091553,0.061035
0.017853,-0.0083923,0.057373
0.017242,-0.0076294,0.061035
0.017395,-0.0067139,0.062256
0.019073,-0.0059509,0.065918
0.020905,-0.005188,0.064697
0.025787,-0.0067139,0.064697
0.026855,-0.0094604,0.072021
0.028534,-0.011902,0.064697
0.026703,-0.014801,0.070801
0.023041,-0.015717,0.062256
0.020905,-0.017548,0.053711
0.020294,-0.019684,0.054932
0.021515,-0.020752,0.056152
0.023956,-0.024261,0.054932
0.02655,-0.022888,0.05249
0.028229,-0.022736,0.047607
0.029602,-0.02121,4.2151
0.03006,-0.018005,4.8694
0.031281,-0.014496,4.9097
0.033417,-0.011139,4.917
0.036163,-0.0071716,4.917
0.035095,-0.0053406,4.9133
0.034485,-0.0039673,4.9121
0.029602,-0.0035095,4.9182
0.027313,-0.0022888,4.9109
0.023651,-0.00091553,4.9109
0.021515,0.0015259,4.9109
0.023651,0.0016785,4.8926
0.025787,0.0024414,4.9097
0.028229,0.00076294,4.9109
0.030823,-0.0018311,4.9109
0.030975,-0.004425,4.906
0.030365,-0.0073242,4.906
0.029907,-0.0082397,4.9109
0.031433,-0.0085449,4.9072
0.032196,-0.0076294,4.9158
0.032959,-0.0091553,4.9121
0.030975,-0.0093079,4.9158
0.027771,-0.0099182,4.9219
0.023956,-0.0090027,4.9194
0.020905,-0.0065613,4.9207
0.020599,-0.0032043,4.9353
0.021667,-0.00091553,4.9304
0.022888,0,4.9329
0.021057,0.00015259,4.9438
0.020905,0.00061035,4.9329
0.017548,0.00061035,4.9207
0.014038,0.0016785,4.9341
0.011902,0.004425,4.9316
0.012207,0.0064087,4.9292
0.013275,0.0076294,4.9255
0.014496,0.0064087,4.9353
0.014954,0.0054932,4.9231
0.014038,0.0047302,4.9341
0.013428,0.0050354,4.9365
0.010681,0.0080872,4.9316
0.013275,0.0057983,4.9341
0.015106,0.0042725,4.9329
0.016022,0.0018311,4.9329
0.016327,-0.0010681,4.9353
0.014343,-0.0030518,4.9255
0.01236,-0.004425,4.9231
0.0097656,-0.004425,4.9268
0.009613,-0.0045776,4.9207
0.011292,-0.0057983,4.9207
0.013885,-0.0082397,4.9158
0.01709,-0.0091553,4.9133
0.019379,-0.0091553,4.9182
0.020142,-0.0067139,4.9133
0.020752,-0.0036621,4.9146
0.019073,0,4.9097
0.019379,0.0033569,4.9133
0.019073,0.0054932,4.9072
0.020294,0.0064087,4.9109
0.020599,0.0065613,4.9121
0.019379,0.0071716,4.9133
0.017853,0.0088501,4.9072
0.015869,0.010376,4.9133
0.015717,0.010529,4.9207
0.016937,0.0091553,4.9097
0.018158,0.0064087,4.9194
0.019379,0.0030518,4.9133
0.018005,0.0016785,4.8987
0.016479,0.0013733,4.9146
0.01358,0.0027466,4.9158
0.011749,0.0047302,4.9194
0.011749,0.0061035,4.9194
0.012054,0.0048828,4.9182
0.013123,0.0033569,4.9255
0.014343,0.0028992,4.928
0.014648,0.0030518,4.9292
0.013885,0.0047302,4.9255
0.016479,0.0053406,4.9341
0.017395,0.0057983,4.9341
0.018005,0.005188,4.9353
0.018463,0.0028992,4.9426
0.017395,0.00061035,4.9329
0.014648,-0.00045776,4.917
0.011597,-0.00030518,4.9341
0.0090027,0.0013733,4.9377
0.0062561,0.0035095,4.9353
0.0062561,0.0047302,4.9341
0.0071716,0.0039673,4.9377
0.0090027,0.002594,4.9341
0.011139,0.0010681,4.9304
0.012665,0.0013733,4.9353
0.015106,0.0028992,4.9316
0.016022,0.0054932,4.9292
0.018005,0.011139,4.9219
0.017395,0.0091553,4.928
0.020599,0.0068665,4.9219
0.021515,0.0035095,4.9231
0.019989,0.0018311,4.9194
0.017242,0.0021362,4.9231
0.014954,0.0027466,4.9268
0.012665,0.0035095,4.9194
0.012512,0.0032043,4.9268
0.012207,0.00015259,4.9121
0.012665,-0.0030518,4.9072
0.012207,-0.0048828,4.9109
0.01358,-0.0061035,4.9146
0.010986,-0.0032043,4.9048
0.0097656,0.00030518,4.9109
0.010834,0.004425,4.9109
0.01236,0.0056458,0.039063
0.017853,0.0071716,0.039063
0.020447,0.0079346,0.042725
0.02121,0.011139,0.036621
0.020294,0.009613,0.041504
0.019989,0.010986,0.043945
0.020142,0.010681,0.043945
0.022888,0.0091553,0.053711
0.025482,0.0071716,0.050049
0.028381,0.0045776,0.053711
0.028076,0.0027466,0.05127
0.028381,0.0038147,0.048828
0.028687,0.0024414,0.056152
0.029755,0.0035095,0.054932
0.032043,0.0035095,0.056152
0.035248,0.0027466,0.061035
0.037231,0.00015259,0.059814
0.038452,-0.0021362,0.061035
0.037079,-0.0016785,0.061035
0.035706,-0.0036621,0.064697
0.03479,-0.0024414,0.061035
0.033417,-0.0010681,0.062256
0.033569,-0.0010681,0.064697
0.034332,-0.0015259,0.068359
0.033417,-0.00091553,0.063477
0.03006,0.00061035,0.068359
0.03006,0.0032043,0.073242
0.028229,0.0068665,0.067139
0.028687,0.0083923,0.075684
0.027008,0.0054932,0.063477
0.030975,0.0073242,0.05249
0.033264,0.0041199,0.056152
0.03418,0.0016785,0.056152
0.030365,0.00091553,0.048828
0.034332,0.0012207,0.05249
0.034027,0.0015259,0.047607
0.033569,0.0027466,0.05127
0.032196,0.0010681,0.045166
0.032806,-0.0016785,0.047607
0.031586,-0.0041199,0.043945
0.029907,-0.0059509,0.045166
0.027924,-0.0061035,0.042725
0.027771,-0.0047302,0.042725
0.027924,-0.0036621,0.050049
0.028534,-0.0033569,0.039063
0.031128,-0.0039673,0.039063
0.031128,-0.0053406,0.041504
0.030975,-0.0061035,0.023193
0.027313,-0.0045776,0.037842
0.026398,-0.0032043,0.037842
0.02533,-0.00091553,0.039063
0.02594,-0.00015259,0.036621
0.027008,-0.00015259,0.036621
0.028076,-0.0019836,0.041504
0.028229,-0.0032043,0.042725
0.028076,-0.0045776,0.045166
0.026855,-0.00045776,0.043945
0.027161,0.0024414,0.05249
0.027313,0.0041199,0.058594
0.02533,0.0041199,0.056152
0.028229,0.0016785,0.059814
0.02655,-0.0010681,0.048828
0.025024,-0.0027466,0.062256
0.027161,-0.0032043,0.062256
0.024261,-0.0022888,0.075684
0.023956,-0.0012207,0.058594
0.023651,-0.0042725,0.047607
0.022888,-0.0030518,0.061035
0.023651,-0.005188,0.057373
0.02182,-0.0059509,0.061035
0.020142,-0.0067139,0.063477
0.018005,-0.0047302,0.062256
0.017395,-0.0027466,0.064697
0.018311,-0.0010681,0.064697
0.018005,-0.0012207,0.068359
0.018921,-0.0027466,0.062256
0.018616,-0.0033569,0.067139
0.018463,-0.0047302,0.061035
0.016479,-0.004425,0.059814
0.015106,-0.0039673,0.062256
0.01358,-0.0039673,0.056152
0.012665,-0.0045776,0.05249
0.012207,-0.0056458,0.050049
0.011444,-0.007019,0.045166
0.011139,-0.007782,0.046387
0.010223,-0.0067139,0.047607
0.007782,-0.0067139,0.042725
0.0074768,-0.0065613,0.046387
0.0082397,-0.005188,0.043945
0.009613,-0.0054932,0.041504
0.010681,-0.0045776,0.036621
0.012207,-0.0027466,0.041504
0.012207,-0.0027466,0.037842
0.011902,-0.0012207,0.040283
0.010681,0,0.041504
0.010376,0.0010681,0.039063
0.010681,0.00015259,0.03418
0.010376,0.00015259,0.041504
0.011292,-0.00076294,0.048828
0.011444,-0.00061035,0.040283
0.010071,0.00091553,0.05249
0.0076294,0.0027466,0.041504
0.0068665,0.004425,0.025635
0.0073242,0.0047302,0.043945
0.0085449,0.004425,0.047607
0.0097656,0.0022888,0.05127
0.010834,0.0013733,0.053711
0.010376,0.0016785,0.05249
0.0093079,0.002594,0.056152
0.0083923,0.0053406,0.059814
0.0079346,0.0074768,0.064697
0.0086975,0.0079346,0.057373
0.010223,0.007019,0.061035
0.010529,0.0042725,0.054932
0.0088501,0.0032043,0.058594
0.0099182,0.005188,0.072021
0.0093079,0.0074768,0.063477
0.0099182,0.010071,0.059814
0.011292,0.011139,4.5227
0.01358,0.0099182,4.9048
0.014191,0.007782,4.928
0.014496,0.0048828,4.9133
0.014648,0.004425,4.9341
0.013123,0.0054932,4.9304
0.011749,0.0074768,4.9316
0.010986,0.0088501,4.9316
0.010376,0.0093079,4.928
0.011597,0.0088501,4.9255
0.012207,0.0083923,4.9231
0.012817,0.0086975,4.9255
0.013885,0.0099182,4.9194
0.014038,0.011749,4.9207
0.013123,0.013733,4.9243
0.013275,0.01358,4.9121
0.013428,0.013123,4.9268
0.013123,0.011597,4.917
0.013428,0.010529,4.9194
0.013123,0.010986,4.9121
0.015869,0.012817,4.8779
0.017395,0.015564,4.9011
0.018921,0.017853,4.9109
0.020294,0.018463,4.9097
0.022125,0.018005,4.9097
0.023956,0.016937,4.9097
0.02594,0.01709,4.9097
0.028381,0.019379,4.8889
0.029602,0.021362,4.9097
0.029907,0.023346,4.9084
0.030975,0.023193,4.9109
0.030365,0.021667,4.9146
0.030365,0.019684,4.9146
0.029602,0.018158,4.9158
0.03006,0.018768,4.9219
0.028076,0.021057,4.9219
0.026398,0.023346,4.9255
0.027771,0.024109,4.9353
0.022888,0.023041,4.9268
0.020905,0.019836,4.9182
0.019531,0.017395,4.9268
0.015869,0.014496,4.9341
0.017548,0.014648,4.928
0.01709,0.014954,4.9304
0.016174,0.01236,4.9353
0.015106,0.013428,4.9353
0.014954,0.011139,4.9329
0.014648,0.0094604,4.9341
0.016022,0.0083923,4.9329
0.016937,0.0091553,4.9377
0.018005,0.009613,4.9377
0.020447,0.011749,4.9377
0.02121,0.012665,4.9487
0.02243,0.012817,4.9353
0.023956,0.012665,4.9341
0.024872,0.011444,4.9304
0.02533,0.0097656,4.9146
0.028076,0.011444,4.9219
0.029755,0.01236,4.9255
0.030975,0.013123,4.9207
0.031433,0.012817,4.9243
0.031738,0.011444,4.9158
0.032501,0.0090027,4.9255
0.032043,0.0082397,4.917
0.032654,0.0071716,4.917
0.032196,0.0079346,4.9084
0.031586,0.0093079,4.9182
0.031128,0.010071,4.9133
0.027924,0.0091553,4.9133
0.026855,0.007782,4.9109
0.025787,0.0061035,4.9146
0.024719,0.0042725,4.9146
0.024109,0.0047302,4.9109
0.023041,0.005188,4.9146
0.024261,0.0074768,4.9084
0.023651,0.0041199,4.9084
0.022736,0.0018311,4.9097
0.02243,-0.00091553,4.9097
0.022736,-0.0012207,4.9072
0.022125,-0.0018311,4.9121
0.021515,-0.0019836,4.9133
0.022125,-0.0042725,4.9182
0.022278,-0.0024414,4.9219
0.022736,-0.005188,4.9243
0.022125,-0.0085449,4.9182
0.021973,-0.016022,4.9268
0.025024,-0.013275,4.9255
0.024567,-0.012512,4.9329
0.025635,-0.010834,4.9487
0.02655,-0.011292,4.9341
0.02533,-0.011749,4.9365
0.025024,-0.014191,4.9316
0.025177,-0.016479,4.9231
0.025635,-0.020142,4.9304
0.02655,-0.017548,4.9304
0.02655,-0.01709,4.9329
0.023956,-0.016632,4.9316
0.025024,-0.018005,4.9292
0.025177,-0.019531,4.9365
0.024261,-0.020599,4.9341
0.024414,-0.019379,4.9341
0.023651,-0.019226,4.9316
0.022125,-0.017548,4.9329
0.021667,-0.017548,4.9329
0.023193,-0.018921,4.9316
0.019226,-0.020142,4.928
0.017548,-0.02182,4.9243
0.018311,-0.022278,4.9292
0.018158,-0.023193,0.05127
0.019073,-0.020447,0.057373
0.019379,-0.020447,0.048828
0.019073,-0.021667,0.045166
0.019684,-0.022888,0.042725
0.020294,-0.023499,0.042725
0.020905,-0.02243,0.041504
0.020905,-0.020752,0.045166
0.02243,-0.018768,0.03418
0.023346,-0.018768,0.041504
0.023956,-0.019836,0.037842
0.023651,-0.021667,0.040283
0.024567,-0.021973,0.039063
0.025482,-0.02182,0.043945
0.026398,-0.022888,0.037842
0.027313,-0.018616,0.045166
0.027618,-0.017242,0.056152
0.029449,-0.017548,0.040283
0.028687,-0.016327,0.050049
0.029144,-0.017548,0.045166
0.029602,-0.017853,0.029297
0.028839,-0.016479,0.047607
0.029449,-0.015411,0.047607
0.026855,-0.015411,0.050049
0.026398,-0.015564,0.053711
0.023193,-0.016174,0.053711
0.023499,-0.0177,0.061035
0.022736,-0.017548,0.057373
0.022278,-0.016785,0.064697
0.02182,-0.016632,0.058594
0.019379,-0.014038,0.065918
0.022583,-0.01358,0.061035
0.023193,-0.0094604,0.064697
0.022888,-0.012817,0.06958
0.021973,-0.011444,0.063477
0.023651,-0.010986,0.059814
0.023651,-0.0093079,0.064697
0.024567,-0.0079346,0.076904
0.025024,-0.0062561,0.065918
0.025635,-0.0054932,0.061035
0.026093,-0.0057983,0.065918
0.026398,-0.0061035,0.063477
0.025482,-0.0047302,0.056152
0.02594,-0.0032043,0.061035
0.027924,-0.00076294,0.053711
0.025024,0.0016785,0.054932
0.024567,0.0028992,0.050049
0.024109,0.0028992,0.053711
0.023956,0.0022888,0.046387
0.024261,0.0024414,0.05127
0.024261,0.004425,0.048828
0.024414,0.0064087,0.048828
0.024872,0.0041199,0.056152
0.024109,0.0080872,0.046387
0.024261,0.0068665,0.046387
0.022888,0.0065613,0.042725
0.021973,0.0056458,0.029297
0.021667,0.0062561,0.037842
0.020905,0.0074768,0.039063
0.020905,0.0085449,0.037842
0.021362,0.0079346,0.040283
0.02182,0.0074768,0.039063
0.022736,0.007019,0.039063
0.024109,0.0074768,0.036621
0.024261,0.0083923,0.041504
0.02594,0.011292,0.036621
0.026093,0.013733,0.042725
0.026093,0.014954,0.045166
0.025635,0.016174,0.047607
0.024261,0.016022,0.045166
0.023956,0.016937,0.05249
0.02243,0.017853,0.054932
0.023651,0.018616,0.053711
0.022278,0.019989,0.061035
0.022888,0.020905,0.059814
0.024109,0.020294,0.046387
0.024567,0.019226,0.059814
0.025482,0.0177,0.063477
0.02533,0.016479,0.063477
0.02533,0.017242,0.064697
0.025787,0.018616,0.058594
0.026245,0.015564,0.062256
0.025177,0.016632,0.062256
0.025177,0.016632,0.062256
0.024567,0.016174,0.063477
0.023804,0.015106,0.064697
0.023956,0.015717,0.063477
0.023651,0.015717,0.067139
0.023651,0.015717,0.079346
0.024109,0.015259,0.064697
0.023193,0.014496,0.062256
0.022278,0.01358,0.061035
0.020752,0.01297,0.047607
0.020599,0.012665,0.05127
0.019073,0.012512,0.053711
0.018005,0.01236,0.048828
0.016632,0.01236,0.047607
0.015411,0.011749,0.047607
0.015259,0.011139,0.047607
0.014496,0.0099182,0.045166
0.014191,0.010529,0.047607
0.015259,0.0080872,0.042725
0.015564,0.0064087,0.043945
0.015717,0.0057983,0.042725
0.016022,0.0050354,0.042725
0.017242,0.0042725,0.040283
0.018463,0.0033569,0.037842
0.018463,0.0039673,0.050049
0.020294,0.0041199,0.040283
0.021057,0.005188,0.05249
0.022278,0.0065613,0.037842
0.023499,0.0065613,0.031738
0.024719,0.0067139,0.039063
0.02594,0.0065613,0.041504
0.026703,0.0056458,0.039063
0.026703,0.0054932,0.041504
0.027466,0.0054932,0.042725
0.028076,0.0030518,0.11108
0.027618,0.0032043,4.6301
0.027466,0.0021362,4.9023
0.026398,0.0010681,4.9194
0.02533,0.00091553,4.9255
0.023651,0.0015259,4.928
0.023193,0.0010681,4.9304
0.022278,0,4.9377
0.018005,-0.00076294,4.9329
0.020599,-0.0033569,4.9292
0.020447,-0.0047302,4.9316
0.020142,-0.004425,4.9353
0.020447,-0.0054932,4.9304
0.020142,-0.0045776,4.9365
0.021667,-0.0035095,4.9292
0.022278,-0.0038147,4.9304
0.02243,-0.0032043,4.9353
0.021515,-0.0033569,4.9353
0.021362,-0.0045776,4.9341
0.020447,-0.0054932,4.9365
0.019684,-0.0038147,4.9329
0.019836,-0.0061035,4.9353
0.020752,-0.0061035,4.9219
0.018921,-0.0059509,4.9292
0.020294,-0.0067139,4.9231
0.020905,-0.0068665,4.9255
0.021667,-0.0068665,4.9304
0.02533,-0.007019,4.9231
0.022583,-0.0065613,4.9231
0.022888,-0.0067139,4.9182
0.021515,-0.0047302,4.8987
0.019989,-0.0079346,4.9133
0.019684,-0.0093079,4.9231
0.019836,-0.010681,4.9146
0.019836,-0.011444,4.9133
0.020294,-0.010223,4.9084
0.020905,-0.0093079,4.9097
0.021362,-0.007782,4.9084
0.021362,-0.0045776,4.9109
0.022736,-0.0056458,4.9072
0.023804,-0.0056458,4.9109
0.023499,-0.0056458,4.9109
0.023804,-0.0064087,4.9121
0.023346,-0.0064087,4.9109
0.024109,-0.0067139,4.9146
0.02182,-0.0056458,4.9109
0.020752,-0.0068665,4.9121
0.020752,-0.0062561,4.9133
0.019836,-0.005188,4.917
0.020142,-0.002594,4.9084
0.020447,-0.0038147,4.9255
0.019989,-0.0038147,4.9231
0.019836,-0.0042725,4.9231
0.019073,-0.004425,4.9255
0.019379,-0.0054932,4.9194
0.019073,-0.0057983,4.9316
0.019073,-0.0076294,4.9268
0.019379,-0.0093079,4.9316
0.019836,-0.0090027,4.9292
0.020294,-0.0083923,4.9316
0.015717,-0.007782,4.9292
0.019379,-0.0062561,4.9316
0.019989,-0.005188,4.9414
0.019989,-0.0042725,4.9377
0.021057,-0.0028992,4.9426
0.02182,-0.0027466,4.9329
0.02243,-0.0028992,4.9231
0.022736,-0.0028992,4.9353
0.023193,-0.0032043,4.9329
0.023499,-0.0027466,4.9158
0.023651,-0.0028992,4.9316
0.023193,-0.002594,4.9268
0.021667,-0.002594,4.9243
0.02121,-0.0019836,4.9207
0.018921,-0.0019836,4.9255
0.015869,-0.0038147,4.9207
0.016479,-0.00091553,4.917
0.015869,-0.00030518,4.9194
0.016022,0.00030518,4.9207
0.014801,0.0030518,4.9158
0.018616,0.00061035,4.9158
0.019379,0.0010681,4.9146
0.019836,-0.0036621,4.9121
0.021057,0.0033569,4.9097
0.021973,0.0041199,4.9109
0.021973,0.005188,4.9109
0.021057,0.0059509,4.9072
0.020294,0.0056458,4.9121
0.018921,0.0050354,4.9097
0.018768,0.0050354,4.9097
0.014496,0.0050354,4.9084
0.019073,0.0057983,4.9133
0.018768,0.0061035,4.9097
0.018463,0.0065613,4.9158
0.01709,0.0062561,4.9133
0.016785,0.0059509,4.9194
0.015411,0.0059509,4.9109
0.014343,0.0071716,4.9243
0.013885,0.007019,4.9304
0.01236,0.0073242,4.9268
0.011597,0.0068665,4.9353
0.010681,0.0073242,4.9304
0.009613,0.0041199,4.9133
0.0090027,0.0027466,4.9292
0.0090027,0.0032043,4.9304
0.0086975,0.0032043,4.9316
0.0099182,0.0048828,4.9304
0.009613,0.0057983,4.9146
0.0090027,0.0061035,4.9341
0.0085449,0.0068665,4.9329
0.0097656,0.0076294,0.067139
0.010376,0.007782,0.062256
0.012512,0.0068665,0.06958
0.015564,0.0083923,0.063477
0.018158,0.0091553,0.068359
0.020905,0.009613,0.073242
0.02182,0.0097656,0.064697
0.020905,0.0097656,0.059814
0.019531,0.0093079,0.058594
0.019989,0.010376,0.058594
0.019073,0.010681,0.056152
0.018921,0.012054,0.05127
0.017853,0.01297,0.05127
0.017242,0.013275,0.047607
0.014496,0.013885,0.047607
0.013885,0.013275,0.047607
0.015106,0.012665,0.045166
0.017242,0.010986,0.046387
0.018005,0.010834,0.037842
0.017548,0.010529,0.047607
0.018768,0.010071,0.041504
0.017548,0.009613,0.041504
0.015106,0.0093079,0.040283
0.014191,0.0086975,0.040283
0.013275,0.007019,0.05249
0.012512,0.0094604,0.041504
0.012512,0.0090027,0.05249
0.01236,0.0094604,0.041504
0.012665,0.0093079,0.026855
0.012512,0.0080872,0.036621
0.012207,0.0073242,0.040283
0.01297,0.0065613,0.042725
0.013885,0.0071716,0.042725
0.014801,0.0064087,0.043945
0.014648,0.0067139,0.048828
0.015869,0.0064087,0.05127
0.014648,0.0065613,0.056152
0.014343,0.0071716,0.053711
0.014191,0.007782,0.056152
0.013885,0.0090027,0.061035
0.014954,0.010071,0.058594
0.017242,0.011444,0.065918
0.019989,0.012207,0.062256
0.022278,0.01358,0.061035
0.022583,0.013123,0.057373
0.024414,0.01358,0.068359
0.024414,0.014191,0.063477
0.023651,0.014038,0.054932
0.024872,0.01358,0.061035
0.023956,0.012512,0.063477
0.023193,0.010529,0.061035
0.021973,0.007782,0.064697
0.019226,0.0061035,0.064697
0.017548,0.0038147,0.065918
0.014648,0.0028992,0.062256
0.013428,0.002594,0.061035
0.012054,0.0022888,0.058594
0.01236,0.0021362,0.058594
0.012665,0.0019836,0.05127
0.011139,0.00091553,0.05249
0.01297,0.00030518,0.062256
0.013275,0.00015259,0.050049
0.015411,0.0010681,0.048828
0.018463,0.002594,0.048828
0.020905,0.0030518,0.029297
0.022888,0.0036621,0.042725
0.024414,0.0035095,0.039063
0.023651,0.0030518,0.042725
0.023651,0.0038147,0.042725
0.023346,0.004425,0.0354
0.02533,0.0056458,0.040283
0.027466,0.0065613,0.037842
0.028992,0.0059509,0.031738
0.030823,0.0053406,0.039063
0.032959,0.0036621,0.041504
0.034485,0.0021362,0.041504
0.033722,0.00015259,0.046387
0.037842,0.0010681,0.042725
0.039215,0.00091553,0.041504
0.035858,0.00045776,0.041504
0.033722,-0.00061035,0.043945
0.030518,-0.0022888,0.05127
0.027161,-0.0039673,0.047607
0.02594,-0.0048828,0.040283
0.024719,-0.0048828,0.054932
0.026093,-0.0045776,0.05249
0.026855,-0.0028992,0.054932
0.028839,-0.0018311,0.059814
0.031128,-0.0012207,0.058594
0.031586,-0.0018311,0.061035
0.033112,-0.0022888,0.058594
0.034027,-0.0022888,0.064697
0.034637,-0.0012207,0.058594
0.033569,0.00045776,0.061035
0.032654,0.0019836,0.062256
0.031891,0.0041199,0.063477
0.03006,0.0028992,0.073242
0.028229,0.0013733,0.068359
0.029144,-0.0016785,0.067139
0.029755,-0.0012207,0.065918
0.031586,-0.0015259,0.056152
0.033112,-0.0016785,0.062256
0.033875,-0.0013733,0.062256
0.034637,-0.0041199,0.057373
0.033569,-0.0059509,0.061035
0.032501,-0.0076294,0.05249
0.031891,-0.0082397,0.05249
0.03067,-0.007019,0.046387
0.029144,-0.0062561,0.05127
0.027161,-0.0053406,0.045166
0.025787,-0.0041199,0.047607
0.024719,-0.0045776,0.047607
0.024414,-0.0050354,0.050049
0.023346,-0.0053406,0.041504
0.025635,-0.0047302,0.042725
0.027771,-0.0036621,0.048828
0.028839,-0.0028992,0.040283
0.029144,-0.002594,1.7712
0.029297,-0.0032043,4.7229
0.028381,-0.0041199,4.8865
0.028381,-0.0027466,4.906
0.027771,-0.0053406,4.9072
0.028229,-0.0035095,4.9084
0.028534,-0.0019836,4.9097
0.027466,-0.00091553,4.9048
0.02594,-0.00091553,4.8975
0.02594,-0.0016785,4.9084
0.028229,-0.0035095,4.9109
0.030823,-0.002594,4.9133
0.031281,-0.0033569,4.917
0.033417,-0.0022888,4.917
0.033417,-0.0012207,4.9219
0.033417,-0.00091553,4.9329
0.033264,-0.0013733,4.928
0.032959,-0.0019836,4.9255
0.033875,-0.0021362,4.9292
0.033875,-0.0016785,4.9268
0.034027,0.00045776,4.9304
0.033569,0.0015259,4.9329
0.032501,0.00061035,4.9316
0.030975,0.0024414,4.9292
0.031128,0.0012207,4.9304
0.031281,-0.00015259,4.9341
0.030823,0.00015259,4.9316
0.028687,0,4.9341
0.027618,0.0010681,4.9316
0.024567,0.0012207,4.9353
0.023041,0.0010681,4.9365
0.021667,-0.0015259,4.9353
0.020142,-0.0027466,4.9341
0.022736,-0.0036621,4.9341
0.021057,-0.0032043,4.9341
0.02182,-0.0019836,4.9329
0.022125,-0.0016785,4.9341
0.021515,-0.0022888,4.9231
0.023651,-0.0036621,4.9158
0.023346,-0.0048828,4.9219
0.024567,-0.0041199,4.917
0.024872,-0.0038147,4.9182
0.02533,-0.0015259,4.9146
0.026093,0.00076294,4.9146
0.025635,0.0019836,4.9146
0.02594,0.0033569,4.9133
0.02533,0.0022888,4.9133
0.02594,0.0021362,4.9097
0.026093,-0.00091553,4.9133
0.026245,0.0018311,4.9121
0.026398,0.0019836,4.9121
0.02594,0.0013733,4.9084
0.023804,0.00061035,4.9133
0.023193,-0.00061035,4.9097
0.022278,-0.0028992,4.9097
0.022583,-0.004425,4.9036
0.020752,-0.0039673,4.9121
0.021515,-0.0038147,4.9146
0.020905,-0.0016785,4.9109
0.020752,-0.00076294,4.9158
0.019989,-0.0013733,4.9158
0.019226,-0.0024414,4.9243
0.019073,0.00076294,4.9158
0.019379,-0.0015259,4.9268
0.019836,-0.0016785,4.9255
0.020142,-0.00030518,4.9292
0.020599,0.0012207,4.9292
0.021515,0.0024414,4.9353
0.022278,0.0027466,4.928
0.023041,0.0019836,4.9329
0.025024,0.0012207,4.9353
0.026093,0.0012207,4.9341
0.027008,0.0021362,4.939
0.027466,0.0038147,4.9329
0.026245,0.0047302,4.9158
0.024872,0.0042725,4.9316
0.024872,0.0039673,4.9353
0.024872,0.0030518,4.9353
0.023346,0.0033569,4.9353
0.024261,0.0036621,4.9329
0.024719,0.004425,4.9353
0.024261,0.0048828,4.9292
0.023499,0.0041199,4.9268
0.02182,0.0021362,4.9255
0.02182,0.0021362,4.928
0.020447,0.0018311,4.9219
0.019836,0.0024414,4.9255
0.019379,0.0027466,4.9304
0.018463,0.0032043,4.9231
0.016937,0.0033569,4.9146
0.017242,0.0036621,4.9133
0.016632,0.0038147,4.9023
0.0177,0.0041199,4.9146
0.018768,0.0053406,4.9146
0.019073,0.0065613,4.9146
0.019989,0.007019,4.9121
0.018311,0.0071716,4.9084
0.017395,0.0062561,4.9133
0.016937,0.0045776,4.9109
0.017242,0.0013733,4.9109
0.016632,0.0021362,4.906
0.015106,0.0024414,4.9146
0.015564,0.0033569,4.9109
0.014801,0.0033569,4.9121
0.014801,0.0032043,4.917
0.014801,0.0016785,4.9133
0.015106,0.00076294,4.9182
0.015717,-0.00015259,4.9146
0.016022,0,4.9268
0.017395,0.0021362,4.9207
0.018158,0.0028992,4.9133
0.018921,0.0035095,0.054932
0.019684,0.0018311,0.054932
0.019989,0.00076294,0.054932
0.021362,0,0.061035
0.02182,0,0.059814
0.020905,0.00015259,0.062256
0.020294,0.0012207,0.058594
0.020142,0.0016785,0.063477
0.019531,0.0019836,0.061035
0.019836,0.0010681,0.062256
0.019684,-0.00061035,0.064697
0.020294,-0.0019836,0.062256
0.021057,-0.0022888,0.073242
0.02243,-0.0019836,0.067139
0.023193,-0.0018311,0.067139
0.023041,0,0.062256
0.022736,-0.0010681,0.065918
0.02182,-0.0021362,0.065918
0.02121,-0.0036621,0.062256
0.020905,-0.0053406,0.057373
0.020599,-0.0054932,0.057373
0.021362,-0.0035095,0.054932
0.02182,-0.0018311,0.053711
0.023193,-0.00061035,0.047607
0.024719,0.0012207,0.05249
0.025635,-0.00061035,0.047607
0.027313,-0.0021362,0.046387
0.026245,-0.0019836,0.050049
0.025787,-0.0010681,0.047607
0.026245,0.00061035,0.042725
0.024261,0.0019836,0.045166
0.024567,0.0021362,0.05249
0.023499,0.00061035,0.040283
0.021362,-0.0010681,0.048828
0.02121,-0.0019836,0.041504
0.019531,-0.0030518,0.028076
0.018616,-0.0024414,0.037842
0.017395,-0.0039673,0.042725
0.016632,-0.0018311,0.037842
0.015411,-0.0039673,0.037842
0.014496,-0.0062561,0.036621
0.014191,-0.0073242,0.041504
0.015259,-0.0080872,0.039063
0.014954,-0.0064087,0.045166
0.015411,-0.0050354,0.042725
0.015411,-0.0039673,0.048828
0.014954,-0.0039673,0.05249
0.015106,-0.0033569,0.054932
0.015717,-0.0030518,0.068359
0.015564,-0.0033569,0.057373
0.015411,-0.0013733,0.057373
0.016327,0.0010681,0.064697
0.016785,0.0012207,0.054932
0.0177,0.0019836,0.059814
0.019226,0.00076294,0.057373
0.020905,-0.0013733,0.057373
0.022583,-0.0015259,0.058594
0.024109,-0.0022888,0.054932
0.024567,-0.0013733,0.064697
0.027618,-0.00015259,0.059814
0.024567,-0.00015259,0.064697
0.023499,-0.00030518,0.062256
0.021057,-0.0016785,0.06958
0.019989,-0.0041199,0.072021
0.018616,-0.0036621,0.068359
0.0177,-0.0038147,0.063477
0.018616,-0.004425,0.062256
0.016632,-0.0018311,0.067139
0.019226,-0.00091553,0.059814
0.019379,-0.0016785,0.065918
0.019836,-0.0022888,0.050049
0.021057,-0.0039673,0.041504
0.021515,-0.0035095,0.05127
0.022736,-0.0016785,0.047607
0.023956,0.00091553,0.045166
0.022736,0.0035095,0.046387
0.020599,0.0045776,0.045166
0.019379,0.0032043,0.043945
0.020294,0.0012207,0.042725
0.018921,-0.00015259,0.042725
0.018463,0.0012207,0.037842
0.018921,0.0022888,0.040283
0.018768,0.0035095,0.041504
0.016479,0.0028992,0.041504
0.016022,0.00061035,0.039063
0.014801,-0.0010681,0.042725
0.014191,-0.0039673,0.040283
0.015106,-0.0042725,0.037842
0.015564,-0.0024414,0.0354
0.016022,-0.00015259,0.040283
0.015717,0.00061035,0.036621
0.014496,0.0016785,0.041504
0.014954,0.0012207,0.045166
0.015411,0.0016785,0.046387
0.016327,0.0042725,0.050049
0.017548,0.007019,0.048828
0.018005,0.0074768,0.058594
0.017853,0.0086975,0.05249
0.017548,0.0056458,0.059814
0.0177,0.0028992,0.058594
0.017548,0.0016785,0.053711
0.018158,0.00015259,0.058594
0.018005,0.0022888,0.062256
0.017853,0.0047302,0.073242
0.015869,0.0056458,0.062256
0.015564,0.0041199,0.068359
0.013733,0.0022888,0.061035
0.012054,0.00091553,0.043945
0.011597,0.00076294,0.063477
0.012054,0.0028992,0.061035
0.013428,0.0057983,0.063477
0.013733,0.010986,0.065918
0.017853,0.0080872,0.063477
0.019684,0.007782,0.064697
0.02121,0.0071716,0.057373
0.022736,0.0042725,0.061035
0.023651,0.0079346,3.7622
0.024261,0.009613,4.8547
0.024261,0.0097656,4.9182
0.024872,0.0091553,4.9207
0.023346,0.0080872,4.9243
0.022278,0.0065613,4.9194
0.02243,0.0068665,4.9207
0.023956,0.0071716,4.9158
0.025635,0.007782,4.9182
0.027008,0.0091553,4.9109
0.027161,0.0099182,4.895
0.027924,0.0094604,4.9133
0.027466,0.0082397,4.9097
0.025482,0.0065613,4.9109
0.024414,0.0059509,4.9109
0.021973,0.0057983,4.9109
0.020599,0.0053406,4.8999
0.019684,0.0038147,4.906
0.019073,0.0047302,4.9109
0.018921,0.0033569,4.9109
0.020294,0.0028992,4.9121
0.021667,0.0048828,4.9121
0.023346,0.0047302,4.9133
0.026398,0.0061035,4.9243
0.028229,0.0067139,4.917
0.030212,0.0067139,4.9243
0.03006,0.007019,4.9219
0.029602,0.0054932,4.9121
0.028534,0.0048828,4.9268
0.027618,0.0048828,4.9255
0.027924,0.0065613,4.9268
0.027161,0.0083923,4.9304
0.027618,0.01236,4.9304
0.028381,0.0099182,4.9329
0.028381,0.0091553,4.9304
0.028687,0.007019,4.9353
0.028687,0.0059509,4.9304
0.028992,0.0045776,4.9353
0.029602,0.005188,4.9341
0.028992,0.0050354,4.9353
0.028534,0.0045776,4.9353
0.027008,0.0038147,4.9377
0.025635,0.0027466,4.9402
0.025482,0.0010681,4.9365
0.025177,0.0010681,4.9426
0.025177,0.0021362,4.9329
0.024872,0.0035095,4.9194
0.023346,0.004425,4.928
0.024567,0.0045776,4.9243
0.024872,0.0036621,4.9231
0.025635,0.0022888,4.9219
0.026855,0.0013733,4.917
0.029755,0.0012207,4.9255
0.031281,0.0021362,4.9207
0.032196,0.0038147,4.917
0.031891,0.0047302,4.9158
0.031891,0.0053406,4.9182
0.031281,0.004425,4.9146
0.032196,0.0042725,4.9194
0.033417,0.0038147,4.9194
0.033569,0.0039673,4.9133
0.033112,0.0050354,4.9121
0.031891,0.0061035,4.9121
0.031433,0.0056458,4.8938
0.030975,0.0035095,4.9097
0.031281,0.0018311,4.9109
0.032196,0.00045776,4.9121
0.033417,0.0010681,4.906
0.033569,0.0027466,4.9048
0.033112,0.0048828,4.9146
0.032196,0.0045776,4.9133
0.030365,0.0035095,4.9146
0.029144,0.0012207,4.9146
0.028381,0,4.9268
0.028839,-0.00076294,4.9207
0.028992,-0.00030518,4.9231
0.027924,0.00076294,4.9231
0.024567,0.00076294,4.928
0.025177,0.00015259,4.928
0.024109,-0.00076294,4.939
0.024567,-0.00076294,4.9438
0.024414,-0.0012207,4.9304
0.024414,-0.00045776,4.917
0.024261,0.0010681,4.9316
0.022583,0.0022888,4.9292
0.023041,0.004425,4.9304
0.022888,0.0050354,4.9341
0.023499,0.005188,4.9329
0.024414,0.0045776,4.9353
0.026093,0.0045776,4.9329
0.027313,0.0041199,4.9426
0.027466,0.0022888,4.9316
0.025482,0.0033569,4.9365
0.023499,0.0024414,4.9316
0.021362,0.0010681,4.9353
0.020905,-0.00061035,4.9402
0.020447,-0.0019836,4.9292
0.020599,-0.0027466,4.9243
0.020752,-0.0032043,4.9231
0.020905,-0.0035095,4.9109
0.021362,-0.0042725,4.9207
0.02243,-0.0048828,4.9146
0.022888,-0.0056458,4.9182
0.023956,-0.0061035,4.9158
0.024872,-0.0050354,4.9158
0.024567,-0.0045776,4.9146
0.023499,-0.0030518,4.9121
0.020599,-0.0019836,4.9133
0.019379,-0.00091553,4.9084
0.019073,-0.00076294,4.9158
0.019684,0,4.9146
0.022583,-0.0018311,0.041504
0.025177,-0.0018311,0.036621
0.026245,-0.0018311,0.041504
0.028839,-0.00091553,0.042725
0.029144,0.00030518,0.041504
0.030365,0.0010681,0.046387
0.031586,0.0012207,0.041504
0.030823,0.0010681,0.0354
0.033417,0.00091553,0.040283
0.033722,0.00091553,0.048828
0.032959,0.0012207,0.046387
0.03067,0.0033569,0.046387
0.029602,0.0041199,0.05127
0.029297,0.0032043,0.056152
0.030518,0.0050354,0.056152
0.031128,0.00076294,0.059814
0.031891,-0.00045776,0.056152
0.031128,-0.0036621,0.065918
0.028687,-0.0013733,0.062256
0.02533,-0.0012207,0.063477
0.024261,-0.0012207,0.074463
0.023499,-0.0035095,0.062256
0.022736,-0.0030518,0.062256
0.022736,-0.0028992,0.063477
0.02121,-0.0024414,0.046387
0.018463,-0.0012207,0.062256
0.016174,-0.00061035,0.065918
0.014801,-0.00015259,0.067139
0.015106,-0.00015259,0.064697
0.01709,-0.0010681,0.059814
0.018616,-0.0010681,0.065918
0.019684,-0.0013733,0.057373
0.018311,-0.0012207,0.061035
0.018005,-0.00015259,0.056152
0.016785,0,0.056152
0.016937,0.00015259,0.05249
0.018005,-0.00015259,0.05249
0.019073,0,0.05249
0.020905,0,0.047607
0.020447,0.00091553,0.05249
0.017853,0.0022888,0.047607
0.017548,0.0027466,0.05127
0.01709,0.0024414,0.041504
0.0177,0.0027466,0.032959
0.019226,0.0013733,0.039063
0.020905,0.0013733,0.040283
0.021667,0.0013733,0.037842
0.020599,0.0047302,0.040283
0.019226,0.00091553,0.036621
0.017853,0.00061035,0.041504
0.017242,0.00030518,0.037842
0.019531,0.00030518,0.040283
0.018616,0.00030518,0.039063
0.019073,0.00076294,0.041504
0.018921,0.0021362,0.043945
0.0177,0.0016785,0.041504
0.016327,0.0021362,0.057373
0.016327,0.0021362,0.048828
0.0177,-0.0015259,0.059814
0.0177,-0.00061035,0.047607
0.021667,-0.0010681,0.046387
0.022736,-0.0015259,0.056152
0.021362,-0.0028992,0.056152
0.019989,-0.0019836,0.057373
0.018311,-0.0018311,0.061035
0.019226,-0.0021362,0.056152
0.020447,-0.0028992,0.062256
0.023346,-0.0033569,0.061035
0.024719,-0.0039673,0.062256
0.024719,-0.0035095,0.059814
0.023346,-0.002594,0.062256
0.021515,-0.0010681,0.065918
0.020447,-0.0010681,0.065918
0.020905,-0.00091553,0.063477
0.020752,-0.0027466,0.067139
0.022125,-0.004425,0.067139
0.021057,-0.0036621,0.063477
0.02243,-0.004425,0.074463
0.018463,-0.002594,0.062256
0.018768,-0.00030518,0.05127
0.020142,0.0010681,0.056152
0.022125,0.0042725,0.053711
0.024109,0.00015259,0.050049
0.025024,-0.00061035,0.05127
0.024719,-0.0013733,0.046387
0.022583,-0.0012207,0.048828
0.020599,0.00045776,0.043945
0.019684,0.0010681,0.047607
0.018921,0.0019836,0.042725
0.021515,0.0013733,0.047607
0.022125,0.00015259,0.043945
0.020905,-0.00091553,0.042725
0.017548,-0.002594,0.048828
0.014648,-0.0024414,0.041504
0.013275,-0.0012207,0.036621
0.014038,-0.0035095,0.041504
0.015564,0.0012207,0.024414
0.016785,-0.00030518,0.037842
0.018768,-0.0019836,0.037842
0.018311,-0.0019836,0.037842
0.017395,-0.0027466,0.040283
0.015869,-0.0015259,0.037842
0.015717,-0.00030518,0.041504
0.017548,0.00045776,0.041504
0.019989,-0.00076294,0.042725
0.020447,-0.0018311,0.043945
0.019836,-0.002594,0.043945
0.018311,-0.0022888,0.050049
0.017395,-0.0015259,0.054932
0.018158,0.00015259,0.056152
0.020294,0.0012207,0.058594
0.024719,0.0016785,0.062256
0.027161,0.0012207,0.063477
0.028381,0.00061035,0.074463
0.027466,0.00061035,0.061035
0.025482,0.0024414,0.050049
0.023804,0.0036621,3.1665
0.024567,0.0038147,4.8206
0.02533,0.0027466,4.9207
0.027313,0.00091553,4.9304
0.027771,-0.0013733,4.9329
0.027924,-0.0024414,4.9329
0.026703,-0.00061035,4.9341
0.025787,0.0021362,4.939
0.025177,0.0059509,4.9329
0.026398,0.0080872,4.9377
0.028076,0.0073242,4.9316
0.027771,0.0054932,4.9316
0.026703,0.0035095,4.9353
0.023956,0.0024414,4.9292
0.02121,0.0035095,4.9231
0.018921,0.0053406,4.9207
0.018616,0.0065613,4.9182
0.019226,0.0053406,4.917
0.020905,0.0035095,4.9146
0.020752,0.0012207,4.9146
0.019531,0.00015259,4.9158
0.016479,0.0010681,4.9146
0.014191,0.0036621,4.9146
0.013733,0.0056458,4.9097
0.015411,0.007019,4.9146
0.016327,0.004425,4.906
0.016785,0.0024414,4.9121
0.016327,0.0016785,4.9109
0.015717,0.0010681,4.9158
0.014801,0.0048828,4.9072
0.014343,0.0076294,4.9133
0.015564,0.0082397,4.9207
0.017242,0.0076294,4.9109
0.019073,0.0050354,4.9182
0.018768,0.0022888,4.9133
0.017242,0.0010681,4.9011
0.015106,0.0015259,4.9023
0.013428,0.0018311,4.9158
0.012054,0.0015259,4.9231
0.015106,0.00045776,4.9231
0.015717,-0.0016785,4.9194
0.016022,-0.0033569,4.928
0.014648,-0.0039673,4.9304
0.012665,-0.0018311,4.9353
0.012512,0.0010681,4.928
0.013428,0.0030518,4.9341
0.015564,0.004425,4.9329
0.017853,0.0033569,4.9329
0.019379,0.0019836,4.9426
0.019226,0.0018311,4.9304
0.018158,0.0024414,4.9304
0.018311,0.0045776,4.9365
0.019073,0.0071716,4.939
0.021515,0.0086975,4.9353
0.023956,0.0086975,4.9304
0.026245,0.0074768,4.9353
0.026703,0.0057983,4.9341
0.026703,0.004425,4.9316
0.025635,0.0045776,4.9353
0.025482,0.0053406,4.9231
0.026093,0.0057983,4.9109
0.022278,0.0057983,4.9219
0.027618,0.0039673,4.9255
0.027466,0.0012207,4.9194
0.026245,-0.00076294,4.9219
0.023651,-0.0010681,4.9207
0.02121,-0.00045776,4.9133
0.0177,0.00030518,4.9255
0.017242,0.00091553,4.9194
0.017242,-0.0010681,4.9243
0.016479,-0.0028992,4.9109
0.015869,-0.004425,4.906
0.016327,-0.0039673,4.9146
0.01358,-0.0015259,4.9097
0.013885,0.00091553,4.9084
0.015259,0.0016785,4.9097
0.01709,0.002594,4.9048
0.019989,0,4.9097
0.020294,-0.0013733,4.9023
0.019379,0.0012207,4.9121
0.021515,0.00015259,4.9084
0.017548,0.0033569,4.9146
0.018921,0.0047302,4.906
0.021057,0.0065613,4.917
0.024414,0.0036621,4.9158
0.026093,0.00030518,4.9194
0.026093,-0.0012207,4.9194
0.024872,-0.0036621,4.9207
0.023804,0.00030518,4.9219
0.023956,0.0022888,4.9329
0.025177,0.0019836,4.928
0.024719,0.0010681,4.928
0.024109,-0.0022888,4.9304
0.023041,-0.005188,4.9304
0.021362,-0.0050354,4.9292
0.018463,-0.0045776,4.9292
0.018311,-0.00091553,4.9353
0.019531,0.0012207,4.9304
0.024261,0.0019836,4.9304
0.022278,0.0012207,4.9304
0.022888,-0.0012207,4.9377
0.022278,-0.0022888,4.9292
0.020599,-0.0015259,4.9377
0.020752,0.00045776,4.9414
0.020447,0.0015259,4.9316
0.022583,0.0024414,4.939
0.023193,0.0015259,4.9341
0.025635,0,4.9146
0.026398,-0.0012207,4.9268
0.027771,-0.00015259,4.9255
0.028229,0.00091553,0.056152
0.029297,0.0038147,0.05249
0.031433,0.0059509,0.047607
0.034027,0.0054932,0.048828
0.037079,0.0038147,0.047607
0.038147,0.0016785,0.043945
0.037384,0.00015259,0.040283
0.036163,0.0013733,0.045166
0.034637,0.0035095,0.042725
0.034637,0.0053406,0.042725
0.034485,0.0079346,0.046387
0.034637,0.0047302,0.037842
0.03418,0.0015259,0.037842
0.032196,0.00030518,0.042725
0.029602,0.0024414,0.030518
0.026398,0.0021362,0.037842
0.025024,0.0045776,0.030518
0.02533,0.0064087,0.037842
0.027771,0.0039673,0.041504
0.028534,0.0024414,0.039063
0.028687,0.00091553,0.043945
0.027618,0.0016785,0.041504
0.026398,0.0019836,0.046387
0.025635,0.0057983,0.045166
0.026398,0.0071716,0.05127
0.026703,0.0064087,0.05127
0.028076,0.0054932,0.057373
0.028229,0.0032043,0.057373
0.027161,0.0019836,0.057373
0.025635,0.0021362,0.063477
0.024261,0.0042725,0.061035
0.025177,0.0059509,0.070801
0.026245,0.0057983,0.062256
0.028839,0.0018311,0.050049
0.030518,-0.0019836,0.062256
0.030365,-0.0050354,0.059814
0.028687,-0.0068665,0.061035
0.027008,-0.0048828,0.062256
0.025482,-0.002594,0.063477
0.024719,-0.0013733,0.064697
0.025635,-0.00061035,0.063477
0.02533,-0.0013733,0.065918
0.023346,-0.0033569,0.061035
0.024719,-0.0022888,0.067139
0.023041,-0.00091553,0.062256
0.024261,0.00091553,0.061035
0.025787,0.0021362,0.059814
0.03006,0.00091553,0.056152
0.031433,-0.00061035,0.053711
0.032654,-0.0032043,0.05249
0.032349,-0.0047302,0.048828
0.033722,-0.0053406,0.048828
0.029144,-0.0030518,0.047607
0.028381,-0.0012207,0.043945
0.028076,0.00030518,0.047607
0.029449,0.00015259,0.042725
0.030975,-0.00076294,0.042725
0.032043,-0.0024414,0.037842
0.032654,-0.0030518,0.042725
0.032501,-0.00076294,0.037842
0.032501,0.00045776,0.040283
0.033569,0.0021362,0.041504
0.033417,0.0019836,0.039063
0.035553,0.00015259,0.0354
0.035095,-0.0016785,0.043945
0.032959,-0.0030518,0.054932
0.031281,-0.0028992,0.040283
0.025635,-0.0018311,0.05249
0.022888,0.00076294,0.042725
0.02182,0.0012207,0.029297
0.022125,0.0012207,0.042725
0.022736,-0.00091553,0.046387
0.023041,-0.0024414,0.05127
0.022583,-0.0019836,0.053711
0.02182,-0.0021362,0.05127
0.019989,-0.00091553,0.057373
0.018768,0,0.063477
0.018768,0,0.062256
0.018616,-0.0019836,0.059814
0.017548,-0.0038147,0.064697
0.016327,-0.0047302,0.065918
0.014648,-0.0045776,0.064697
0.012665,-0.0015259,0.06958
0.01236,0.00091553,0.063477
0.012054,0.0019836,0.061035
0.016174,0.0013733,0.063477
0.018921,-0.00045776,0.075684
0.020294,-0.0018311,0.065918
0.020599,-0.0013733,0.047607
0.020752,0.00030518,0.064697
0.020905,0.0027466,0.063477
0.020599,0.004425,0.059814
0.021362,0.0050354,0.061035
0.022125,0.0030518,0.054932
0.02182,0.0016785,0.057373
0.021973,0.0022888,0.053711
0.020142,0.0045776,0.054932
0.019531,0.0076294,0.048828
0.019073,0.009613,0.05249
0.019073,0.0099182,0.047607
0.019226,0.0076294,0.046387
0.019531,0.0041199,0.056152
0.019531,0.0013733,0.045166
0.016632,0.0010681,0.048828
0.015411,0.0022888,0.041504
0.014496,0.0028992,0.029297
0.013275,0.0042725,0.036621
0.01358,0.0036621,0.040283
0.012665,0.0016785,0.039063
0.012665,0.00015259,0.039063
0.011902,-0.00076294,0.039063
0.012054,0,0.039063
0.011292,0.00076294,0.036621
0.011292,0.0012207,0.042725
0.012665,0.00061035,0.037842
0.014648,-0.00045776,0.041504
0.016327,-0.0010681,0.043945
0.018005,-0.0016785,3.8452
0.0177,-0.00045776,4.8438
0.017548,0.00076294,4.9109
0.018768,0.002594,4.9158
0.016632,0.0022888,4.9207
0.019073,0.0019836,4.9292
0.019836,0.0012207,4.9292
0.019989,0.00030518,4.9121
0.020142,-0.00015259,4.9255
0.019684,0.0015259,4.9182
0.018768,0.002594,4.9304
0.017548,0.0036621,4.9304
0.017395,0.0033569,4.9316
0.017395,0.0024414,4.9353
0.016479,0.0010681,4.9329
0.016632,-0.00030518,4.9219
0.016785,-0.00030518,4.9329
0.015411,0,4.9365
0.015411,0.00076294,4.9341
0.015411,0.00061035,4.9365
0.014496,0.00061035,4.9487
0.014954,0.00045776,4.9377
0.016022,0.0012207,4.9316
0.017853,0.0013733,4.9329
0.017853,0.0047302,4.9207
0.016937,0.0059509,4.9255
0.017548,0.0062561,4.9255
0.018158,0.0059509,4.9231
0.018005,0.0042725,4.9219
0.018311,0.0027466,4.9194
0.018768,0.0018311,4.9182
0.018921,0.0018311,4.9158
0.018158,0.002594,4.9158
0.017242,0.0027466,4.9109
0.015717,0.0024414,4.9146
0.015564,0.0021362,4.9146
0.015106,0.0013733,4.9109
0.014954,-0.00045776,4.9109
0.016022,0.00061035,4.9109
0.015564,0.0010681,4.9207
0.015411,0.0021362,4.9097
0.012665,-0.00015259,4.917
0.014343,0.0010681,4.906
0.015106,-0.00030518,4.9011
0.015106,-0.0016785,4.9109
0.0177,-0.0022888,4.9084
0.016327,-0.0010681,4.8999
0.016327,0.00030518,4.9133
0.016632,0.0030518,4.9109
0.015411,0,4.9158
0.015259,-0.00061035,4.9146
0.016937,-0.00061035,4.9255
0.018768,-0.0010681,4.9194
0.020294,0.00091553,4.9255
0.02182,0.0035095,4.9316
0.021973,0.0050354,4.9304
0.022583,0.0036621,4.939
0.022278,0.0032043,4.9341
0.021973,0.0012207,4.9341
0.022736,-0.00030518,4.9329
0.023346,0.0030518,4.9329
0.024261,0.0012207,4.9341
0.023651,0.0022888,4.9292
0.021515,0.0021362,4.9329
0.021973,0.00030518,4.9329
0.021973,-0.0010681,4.9316
0.022278,-0.0012207,4.9341
0.023193,0,4.9341
0.023651,0.0013733,4.939
0.023499,0.0041199,4.9329
0.022278,0.0054932,4.9329
0.022736,0.0054932,4.9304
0.02121,0.0036621,4.9292
0.020752,0.0018311,4.9255
0.019531,0.0021362,4.9255
0.019073,0.0035095,4.9377
0.017853,0.0033569,4.9219
0.016479,0.0035095,4.9255
0.015717,0.0012207,4.9207
0.01297,-0.0021362,4.9109
0.012665,-0.0047302,4.9109
0.011902,-0.0074768,4.9231
0.0093079,-0.0079346,4.9146
0.010529,-0.007019,4.9109
0.011444,-0.0074768,4.9072
0.012207,-0.0065613,4.906
0.012207,-0.0065613,4.9072
0.014954,-0.0064087,4.9072
0.017853,-0.0061035,4.9084
0.020447,-0.0045776,4.9146
0.021667,-0.0021362,4.9109
0.024261,-0.0013733,4.9133
0.026398,-0.00061035,4.917
0.026398,-0.0018311,4.9146
0.02655,-0.0015259,4.9121
0.026398,-0.0021362,4.9121
0.026398,-0.0022888,4.9048
0.02655,-0.0027466,4.9158
0.025024,-0.0019836,4.9146
0.02594,-0.00091553,4.9207
0.028992,-0.00061035,4.9207
0.024719,-0.00015259,4.9207
0.024261,-0.00045776,4.9255
0.024261,-0.0012207,4.9292
0.02594,-0.00061035,4.9304
0.027466,-0.00061035,4.928
0.026245,0.00015259,4.9243
0.024261,-0.0016785,4.9304
0.022888,0.00061035,4.9329
0.022278,-0.00061035,4.9292
0.023041,-0.0012207,0.064697
0.021515,-0.0015259,0.067139
0.021515,-0.0010681,0.064697
0.022125,-0.00030518,0.078125
0.02243,0,0.065918
0.024261,-0.00076294,0.058594
0.026703,-0.0010681,0.058594
0.028229,-0.0021362,0.062256
0.031891,-0.0018311,0.059814
0.032959,-0.0012207,0.061035
0.035706,-0.0016785,0.056152
0.0354,-0.0019836,0.05249
0.033722,-0.0016785,0.05249
0.031586,-0.00091553,0.053711
0.031281,0.00015259,0.047607
0.029602,0.0010681,0.05127
0.028534,0.0012207,0.05127
0.025787,-0.002594,0.047607
0.026245,-0.00030518,0.048828
0.025177,-0.002594,0.045166
0.025787,-0.0012207,0.043945
0.026093,-0.0065613,0.039063
0.026093,-0.0061035,0.030518
0.02655,-0.0056458,0.041504
0.02655,-0.0056458,0.037842
0.026703,-0.0053406,0.037842
0.025482,-0.0047302,0.040283
0.024414,-0.0039673,0.0354
0.024414,-0.0013733,0.043945
0.025024,0.00076294,0.037842
0.026245,0.0022888,0.042725
0.027924,0.0042725,0.037842
0.028992,0.0038147,0.042725
0.03006,0.0036621,0.041504
0.030518,0.0022888,0.047607
0.03067,0.0013733,0.041504
0.030975,0.0012207,0.05249
0.032349,0.00076294,0.054932
0.031891,0.00045776,0.05127
0.030212,-0.00061035,0.065918
0.028534,-0.0013733,0.058594
0.027008,-0.0021362,0.046387
0.026093,-0.0035095,0.057373
0.025482,-0.0032043,0.064697
0.02533,-0.0035095,0.061035
0.025635,-0.0050354,0.061035
0.025787,-0.0064087,0.056152
0.026093,-0.0054932,0.064697
0.02533,-0.0048828,0.061035
0.024719,-0.0033569,0.064697
0.024872,-0.0018311,0.062256
0.024261,0.00061035,0.06958
0.024719,0.0028992,0.065918
0.024261,0.0039673,0.06958
0.025177,0.005188,0.078125
0.025024,0.0050354,0.065918
0.025787,0.0056458,0.059814
0.027161,0.0062561,0.059814
0.028687,0.007019,0.046387
0.029907,0.0074768,0.048828
0.031586,0.0065613,0.05249
0.031891,0.0059509,0.048828
0.031281,0.0054932,0.047607
0.028992,0.004425,0.047607
0.028534,0.0039673,0.048828
0.026703,0.0041199,0.043945
0.02533,0.0050354,0.043945
0.023041,0.0039673,0.040283
0.02182,0.0041199,0.043945
0.021362,0.0039673,0.040283
0.020905,0.0039673,0.041504
0.021362,0.004425,0.039063
0.022125,0.0041199,0.041504
0.022583,0.0039673,0.050049
0.022736,0.0039673,0.040283
0.024414,0.0033569,0.05127
0.02182,0.0028992,0.037842
0.022278,0.0024414,0.032959
0.020905,0.0028992,0.039063
0.019836,0.0039673,0.041504
0.018311,0.0054932,0.037842
0.018768,0.007782,0.041504
0.018616,0.0085449,0.042725
0.018768,0.0079346,0.050049
0.019073,0.0086975,0.05127
0.020142,0.0076294,0.056152
0.019989,0.0065613,0.05249
0.019684,0.0054932,0.059814
0.019226,0.0041199,0.062256
0.019226,0.0022888,0.062256
0.019379,0.0010681,0.074463
0.018921,-0.00061035,0.058594
0.018158,-0.0018311,0.058594
0.016937,-0.0021362,0.062256
0.016327,-0.0021362,0.06958
0.015869,-0.0015259,0.061035
0.017395,-0.00091553,0.046387
0.019531,-0.00076294,0.061035
0.02182,0.00045776,0.064697
0.023651,0.00045776,0.065918
0.024872,-0.00015259,0.063477
0.026245,0,0.062256
0.026703,0.00015259,0.05249
0.02655,-0.00045776,0.059814
0.027618,0.0015259,0.062256
0.027008,0.0018311,0.058594
0.025482,0.0013733,0.054932
0.023346,0.00091553,0.050049
0.020905,0.00091553,0.05249
0.021667,0.0013733,0.062256
0.019836,0.00091553,0.046387
0.021057,0.00076294,0.053711
0.02182,-0.0010681,0.043945
0.022888,-0.00030518,0.029297
0.024414,-0.00015259,0.039063
0.025024,-0.00030518,0.042725
0.026245,0,0.040283
0.025787,0.0013733,4.4543
0.024872,0.0021362,4.8755
0.024261,0.0019836,4.9097
0.02243,0.0047302,4.9072
0.021515,0.0015259,4.9097
0.020142,0.0018311,4.906
0.019531,0.002594,4.9097
0.019531,0.0035095,4.9097
0.020142,0.004425,4.9121
0.02121,0.0039673,4.9097
0.019531,0.0021362,4.9097
0.019989,0.0012207,4.9109
0.017853,0.00076294,4.9182
0.016479,0.00015259,4.9194
0.014954,-0.0015259,4.9182
0.01358,0.0016785,4.917
0.011749,0.0013733,4.9182
0.011139,0.0010681,4.9219
0.010223,0.00091553,4.9243
0.010223,0.0019836,4.9292
0.010834,0.0024414,4.928
0.011597,0.0021362,4.928
0.013885,0.0012207,4.9304
0.014954,0.0013733,4.9353
0.015717,0.0013733,4.9292
0.014038,0.00061035,4.9341
0.014191,0.00061035,4.9304
0.014038,0.0013733,4.9353
0.014954,0.0021362,4.9414
0.014496,0.0024414,4.9377
0.015717,0.0027466,4.939
0.016327,0.0028992,4.9377
0.017853,0.0038147,4.928
0.018158,0.0042725,4.9353
0.020905,0.0048828,4.9304
0.02243,0.0056458,4.9292
0.022125,0.0057983,4.9316
0.019684,0.0054932,4.9268
0.020142,0.0041199,4.9255
0.019836,0.0033569,4.9207
0.019684,0.0048828,4.9255
0.018005,0.0030518,4.9182
0.017548,0.0036621,4.917
0.01709,0.0027466,4.9182
0.019531,0.00045776,4.9194
0.017395,0.00076294,4.9146
0.017242,-0.00091553,4.9121
0.019226,0.0010681,4.9231
0.020294,-0.0012207,4.9109
0.021057,-0.00091553,4.9182
0.020599,-0.00045776,4.9097
0.019073,0.00045776,4.8987
0.018463,0.00015259,4.9084
0.017853,-0.00091553,4.9109
0.016327,-0.0010681,4.9072
0.0177,-0.00061035,4.9109
0.016174,-0.00076294,4.906
0.016937,-0.00076294,4.9084
0.017548,0.00045776,4.9121
0.018921,0.00015259,4.9146
0.019684,-0.00061035,4.8999
0.019531,-0.0016785,4.9207
0.021057,-0.00061035,4.9194
0.021667,-0.0018311,4.9231
0.020447,-0.0019836,4.9365
0.018005,-0.0016785,4.9255
0.016174,-0.0021362,4.928
0.014496,-0.0021362,4.9341
0.01297,-0.0021362,4.9182
0.011597,-0.0021362,4.9304
0.014191,-0.0015259,4.9304
0.014648,-0.0016785,4.9329
0.016479,-0.00091553,4.9304
0.019226,0,4.9268
0.02121,0.00015259,4.9329
0.022583,-0.00045776,4.9304
0.022583,-0.0013733,4.9341
0.022583,-0.0012207,4.9304
0.023041,-0.00015259,4.9402
0.02243,0.0010681,4.9365
0.022125,0.0024414,4.9353
0.020142,0.0038147,4.9426
0.021667,0.0047302,4.9377
0.018463,0.0050354,4.9341
0.019073,0.005188,4.9316
0.020752,0.0050354,4.9377
0.02243,0.0039673,4.9243
0.02182,0.0036621,4.9084
0.021515,0.0021362,4.9207
0.019379,-0.00076294,4.9194
0.017853,-0.0028992,4.9182
0.016632,-0.0045776,4.9146
0.018005,-0.0073242,4.917
0.014954,-0.0059509,4.9133
0.013885,-0.005188,4.9084
0.012665,-0.0039673,4.9146
0.01297,-0.0028992,4.9097
0.012512,-0.0028992,4.9133
0.013885,-0.002594,4.9146
0.015717,-0.0016785,4.9121
0.019226,-0.00045776,4.9207
0.021362,0.00076294,4.9146
0.023041,0.0010681,4.9194
0.023651,0.0010681,4.9048
0.023956,0.00076294,4.8999
0.024109,0.00061035,4.9133
0.023346,0.00045776,4.9121
0.023041,0.00091553,4.9121
0.023346,0.0015259,4.9158
0.023956,0.0016785,0.045166
0.024109,0.00061035,0.047607
0.024261,0,0.048828
0.024109,-0.0010681,0.054932
0.025177,-0.0018311,0.058594
0.026093,-0.0035095,0.057373
0.027313,-0.002594,0.062256
0.027924,-0.0027466,0.062256
0.027771,-0.0016785,0.062256
0.027008,0.00015259,0.067139
0.026093,0.0013733,0.062256
0.024872,0.0033569,0.062256
0.024109,0.0042725,0.072021
0.022888,0.004425,0.061035
0.022278,0.0036621,0.048828
0.021057,0.0021362,0.061035
0.020599,0.00091553,0.067139
0.019226,-0.00076294,0.065918
0.0177,-0.0024414,0.065918
0.016327,-0.0041199,0.062256
0.014648,-0.005188,0.065918
0.012512,-0.0064087,0.058594
0.010986,-0.007019,0.061035
0.010071,-0.0073242,0.057373
0.0094604,-0.007019,0.057373
0.0082397,-0.0061035,0.050049
0.0057983,-0.0050354,0.053711
0.0076294,-0.0036621,0.064697
0.0083923,-0.0021362,0.050049
0.010834,-0.0019836,0.048828
0.012817,-0.0016785,0.047607
0.016327,-0.0021362,0.026855
0.019226,-0.0027466,0.041504
0.02121,-0.0033569,0.041504
0.022125,-0.0039673,0.040283
0.022125,-0.0047302,0.039063
0.022278,-0.0053406,0.032959
0.022583,-0.0057983,0.041504
0.022278,-0.0067139,0.039063
0.022736,-0.007019,0.041504
0.021667,-0.0073242,0.037842
0.021057,-0.0074768,0.041504
0.020142,-0.0042725,0.037842
0.020905,-0.004425,0.041504
0.022125,-0.002594,0.042725
0.022278,-0.0015259,0.041504
0.024261,0.00045776,0.041504
0.023041,-0.00045776,0.045166
0.022736,0.0018311,0.05249
0.019531,0.0024414,0.047607
0.018311,0.002594,0.047607
0.0177,0.0033569,0.054932
0.018311,0.0028992,0.056152
0.019531,0.0028992,0.057373
0.021362,0.00076294,0.058594
0.021515,-0.00076294,0.058594
0.022736,-0.0018311,0.059814
0.023651,-0.0013733,0.058594
0.025177,-0.00030518,0.061035
0.026093,0.0012207,0.059814
0.027771,0.0018311,0.062256
0.027771,0.00091553,0.062256
0.026093,0.0015259,0.067139
0.02533,0.0012207,0.073242
0.024261,-0.0012207,0.065918
0.023804,0.0016785,0.067139
0.022888,0.0013733,0.068359
0.022278,0.00076294,0.056152
0.021362,-0.0032043,0.059814
0.019684,-0.0013733,0.057373
0.018463,-0.0027466,0.057373
0.018005,-0.0038147,0.057373
0.0177,-0.004425,0.05249
0.018463,-0.0041199,0.054932
0.018768,-0.0038147,0.047607
0.019073,-0.0033569,0.045166
0.019073,-0.0048828,0.043945
0.019684,-0.0041199,0.050049
0.019836,-0.004425,0.05127
0.019226,-0.0035095,0.043945
0.019989,-0.0019836,0.042725
0.02121,0.00061035,0.045166
0.022583,0.0024414,0.053711
0.024109,0.0039673,0.040283
0.025787,0.0028992,0.048828
0.026245,0.0024414,0.040283
0.02655,0.0010681,0.030518
0.02655,0.0010681,0.037842
0.028687,0.0016785,0.039063
0.029755,0.0019836,0.028076
0.030823,0.0018311,0.037842
0.03418,0.0013733,0.036621
0.031433,0.00076294,0.042725
0.030823,-0.00030518,0.039063
0.032196,-0.0013733,0.042725
0.031281,-0.00045776,0.043945
0.030823,0,0.047607
0.03067,0.00045776,0.048828
0.03006,0.00091553,0.054932
0.026703,0.00076294,0.068359
0.024719,0.00015259,0.056152
0.023346,-0.0028992,0.054932
0.022278,-0.0033569,0.059814
0.022278,-0.0032043,0.053711
0.022278,-0.0024414,0.059814
0.021973,-0.0016785,0.058594
0.021973,-0.00076294,0.061035
0.02121,-0.00076294,0.059814
0.02121,-0.0013733,0.058594
0.023041,-0.0010681,0.062256
0.024872,-0.00030518,0.062256
0.026093,-0.00030518,0.063477
0.027008,0.0022888,0.061035
0.027313,0.0032043,0.067139
0.027008,0.00030518,0.064697
0.027618,-0.00091553,0.067139
0.027771,-0.0015259,0.064697
0.027771,-0.00076294,1.7896
0.028839,0.0012207,4.7522
0.028381,0.0030518,4.9182
0.027008,0.0054932,4.9316
0.026855,0.0056458,4.917
0.027161,0.0048828,4.9158
0.029449,0.0022888,4.9219
0.030212,0.0054932,4.9194
0.030823,0.0056458,4.9182
0.03006,0.0059509,4.9011
0.028687,0.004425,4.9146
0.027008,0.0018311,4.9133
0.025635,0.0021362,4.9109
0.023651,0.0016785,4.9121
0.02243,0.0018311,4.9084
0.022125,0.0053406,4.9121
0.022125,0.0076294,4.9133
0.021973,0.0093079,4.9133
0.021973,0.0094604,4.9109
0.021057,0.0085449,4.9133
0.022125,0.0064087,4.9084
0.022736,0.005188,4.9109
0.021973,0.0039673,4.9084
0.02243,0.0033569,4.9011
0.022278,0.0019836,4.9194
0.020294,0.0024414,4.9109
0.018768,-0.00045776,4.9133
0.017853,-0.00015259,4.9158
0.01709,0.00015259,4.9194
0.017395,0.0016785,4.9158
0.017853,0.0012207,4.928
0.019226,0.00061035,4.928
0.019989,-0.00061035,4.9341
0.020905,-0.0021362,4.9255
0.021973,-0.0035095,4.9353
0.022888,-0.0042725,4.9304
0.023499,-0.0039673,4.9353
0.025024,-0.0032043,4.9365
0.02533,-0.0016785,4.9341
0.025635,0.00030518,4.9353
0.02533,0.00091553,4.9329
0.024567,0.0021362,4.9109
0.025177,0.0012207,4.9341
0.025482,0.00061035,4.9353
0.027924,0,4.9353
0.025787,-0.00076294,4.9365
0.026703,-0.00030518,4.9316
0.027008,-0.00030518,4.9353
0.027618,-0.0010681,4.9341
0.028229,-0.00030518,4.9316
0.027924,-0.00045776,4.9243
0.028534,-0.00015259,4.9268
0.028381,0.00091553,4.9231
0.028839,0.0022888,4.9268
0.028839,0.0032043,4.9268
0.027771,0.0036621,4.9219
0.026398,0.0035095,4.9219
0.026093,0.002594,4.9158
0.02655,0.0019836,4.9158
0.027771,0.0027466,4.9146
0.028076,0.0042725,4.9023
0.029755,0.0062561,4.9133
0.029144,0.0079346,4.9121
0.028839,0.0082397,4.9097
0.027466,0.0085449,4.9121
0.02594,0.0067139,4.9084
0.024872,0.0053406,4.9121
0.022888,0.0042725,4.906
0.02121,0.0035095,4.9084
0.016479,0.0024414,4.9133
0.016327,0.0015259,4.9146
0.015564,0.00030518,4.9109
0.014496,-0.0019836,4.9121
0.015106,-0.0022888,4.9243
0.015564,-0.0019836,4.9158
0.015717,-0.0016785,4.9255
0.016022,0.0015259,4.9182
0.014954,-0.00030518,4.9084
0.014954,0.0035095,4.9255
0.014496,0.0016785,4.9231
0.015259,0.0018311,4.9219
0.016479,0.0021362,4.928
0.018005,0.0021362,4.9268
0.019684,0.0035095,4.9316
0.019989,0.0047302,4.9292
0.020905,0.0054932,4.9329
0.02121,0.0059509,4.928
0.02121,0.0054932,4.9316
0.02121,0.004425,4.9341
0.021973,0.0039673,4.9341
0.02182,0.0035095,4.9377
0.021515,0.0041199,4.9426
0.020905,0.0041199,4.9377
0.018921,0.0048828,4.939
0.018158,0.0048828,4.9451
0.018311,0.0036621,4.9353
0.019073,0.0027466,4.9377
0.018463,0.002594,4.9304
0.017548,0.0032043,4.9304
0.016174,0.0038147,4.9304
0.014954,0.0041199,4.9243
0.014496,0.0041199,4.9255
0.014343,0.0021362,4.9243
0.013885,0.0012207,4.917
0.014648,0.0010681,4.9182
0.014801,0.0010681,4.9182
0.014648,0.0015259,4.9207
0.012207,0.0021362,4.9146
0.015259,0.002594,4.917
0.016174,0.0027466,0.056152
0.016785,0.0021362,0.042725
0.016022,0.0028992,0.041504
0.015717,0.0021362,0.042725
0.016022,0.0033569,0.029297
0.015717,0.0036621,0.039063
0.015564,0.0041199,0.041504
0.014496,0.0038147,0.037842
0.015259,0.0016785,0.039063
0.015259,0.00061035,0.037842
0.015411,0,0.042725
0.015869,0.00030518,0.040283
0.015411,0.00076294,0.041504
0.016022,0.0010681,0.041504
0.014648,0.00030518,0.050049
0.014496,-0.0012207,0.05127
0.014496,0.00076294,0.05249
0.014496,-0.0018311,0.061035
0.014191,-0.0012207,0.056152
0.014496,0.0010681,0.057373
0.013885,0.002594,0.062256
0.013275,0.0028992,0.064697
0.01297,0.0028992,0.059814
0.014191,0.0013733,0.072021
0.015106,0.00061035,0.061035
0.015869,0.0019836,0.061035
0.016632,0.0038147,0.059814
0.015717,0.0062561,0.064697
0.0177,0.0076294,0.063477
0.018768,0.007782,0.067139
0.019989,0.0073242,0.062256
0.021362,0.0054932,0.070801
0.021973,0.0059509,0.065918
0.022736,0.0057983,0.067139
0.022278,0.0064087,0.061035
0.024109,0.0053406,0.064697
0.018921,0.0045776,0.06958
0.017395,0.0013733,0.058594
0.015259,-0.0024414,0.063477
0.014038,-0.004425,0.053711
0.01297,-0.0064087,0.042725
0.011749,-0.0056458,0.048828
0.011139,-0.004425,0.045166
0.011444,-0.0035095,0.046387
0.011292,-0.0039673,0.046387
0.011444,-0.0047302,0.040283
0.012665,-0.0064087,0.042725
0.013885,-0.0065613,0.041504
0.015869,-0.0059509,0.042725
0.017395,-0.0057983,0.037842
0.018005,-0.0033569,0.040283
0.017853,-0.0038147,0.041504
0.017548,-0.005188,0.041504
0.017242,-0.0074768,0.040283
0.017242,-0.0086975,0.040283
0.018311,-0.0073242,0.037842
0.019379,-0.004425,0.039063
0.020447,-0.0016785,0.036621
0.02182,-0.0016785,0.040283
0.023499,-0.0030518,0.029297
0.025787,-0.0050354,0.040283
0.027008,-0.0045776,0.043945
0.029144,-0.0059509,0.046387
0.030365,-0.0028992,0.048828
0.03006,0.00015259,0.047607
0.029144,0.0038147,0.056152
0.02655,0.0053406,0.059814
0.024872,0.0057983,0.058594
0.022583,0.0035095,0.059814
0.021057,0.0050354,0.062256
0.018463,0.0068665,0.059814
0.016479,0.0085449,0.062256
0.017548,0.0082397,0.072021
0.014496,0.0056458,0.062256
0.01236,0.00076294,0.064697
0.010223,-0.0050354,0.062256
0.007782,-0.0099182,0.045166
0.007019,-0.012665,0.059814
0.0067139,-0.01297,0.065918
0.0091553,-0.014496,0.065918
0.0047302,-0.011444,0.065918
0.0028992,-0.011444,0.061035
0.0028992,-0.011292,0.064697
0.0021362,-0.010376,0.061035
0.0033569,-0.007019,0.059814
0.0053406,-0.0028992,0.053711
0.0086975,0.0015259,0.059814
0.011292,0.005188,0.053711
0.01358,0.0065613,0.057373
0.015411,0.0048828,0.054932
0.019073,0.0024414,0.05249
0.018005,0.00091553,0.05127
0.020294,-0.00030518,0.05249
0.021973,0,0.05249
0.023346,-0.00091553,0.041504
0.021362,-0.00076294,0.050049
0.020142,-0.002594,0.039063
0.017853,-0.005188,0.043945
0.016327,-0.0057983,0.032959
0.016785,-0.007782,0.037842
0.0177,-0.0068665,0.037842
0.018616,-0.0047302,0.039063
0.018463,-0.0041199,0.0354
0.018463,-0.0021362,0.041504
0.018921,-0.0021362,0.036621
0.019531,-0.0053406,0.041504
0.020599,-0.0018311,0.042725
0.021362,-0.00030518,0.042725
0.022125,0.0022888,0.053711
0.022125,0.0036621,0.043945
0.022125,0.004425,0.056152
0.021057,0.0036621,0.050049
0.020447,0.0013733,0.042725
0.021057,-0.00030518,0.056152
0.022278,-0.00030518,0.053711
0.023346,0.0012207,0.054932
0.024109,-0.00061035,0.058594
0.024261,0.0033569,0.059814
0.024719,0.0024414,4.2969
0.024414,0.0015259,4.8877
0.025635,-0.00076294,4.9158
0.027313,0.0015259,4.928
0.028229,0.002594,4.9329
0.028687,0.0048828,4.9304
0.028687,0.0057983,4.9316
0.027771,0.0045776,4.9316
0.025482,0.0021362,4.939
0.025787,-0.0010681,4.9414
0.02594,-0.0036621,4.9353
0.026855,-0.0053406,4.9451
0.026703,-0.007019,4.9353
0.028076,-0.007019,4.9194
0.027313,-0.0083923,4.9304
0.026703,-0.011444,4.928
0.02655,-0.012817,4.928
0.02655,-0.01297,4.9243
0.026703,-0.010223,4.9182
0.026398,-0.0068665,4.9207
0.026703,-0.0035095,4.9207
0.02594,-0.0022888,4.9158
0.023804,-0.0024414,4.9158
0.023041,-0.0035095,4.9146
0.023041,-0.0062561,4.9133
0.022583,-0.0068665,4.9133
0.024261,-0.0050354,4.917
0.025024,-0.0032043,4.9121
0.024719,-0.0012207,4.9097
0.024719,0.00030518,4.9133
0.025177,0.00061035,4.8962
0.028076,0.0012207,4.9072
0.032654,0.0015259,4.9084
0.035553,0.0039673,4.9109
0.03891,0.0061035,4.906
0.040588,0.0079346,4.9084
0.041199,0.0079346,4.9121
0.041504,0.0067139,4.9097
0.041656,0.0045776,4.9133
0.041656,0.0028992,4.9146
0.041504,0.00030518,4.9194
0.03952,-0.00015259,4.9182
0.036926,0.00045776,4.9219
0.032806,0.00045776,4.9207
0.028229,-0.00076294,4.9243
0.025787,-0.0024414,4.9292
0.024109,-0.0048828,4.9304
0.023651,-0.0061035,4.9402
0.023651,-0.0067139,4.9292
0.023346,-0.0059509,4.9219
0.022736,-0.0056458,4.9329
0.023346,-0.0054932,4.928
0.023041,-0.0061035,4.928
0.023651,-0.0064087,4.9316
0.024567,-0.0056458,4.9304
0.025177,-0.005188,4.9353
0.02533,-0.0022888,4.9316
0.024872,0.0010681,4.939
0.024261,0.004425,4.9329
0.024109,0.0062561,4.9353
0.025635,0.007019,4.9341
0.027618,0.007019,4.9353
0.030975,0.0073242,4.939
0.034332,0.0079346,4.9292
0.036163,0.0083923,4.9255
0.037384,0.0088501,4.9255
0.037384,0.0079346,4.9231
0.036316,0.0057983,4.9207
0.036011,0.0030518,4.9207
0.03479,-0.00030518,4.9146
0.033722,-0.0019836,4.917
0.032043,-0.0030518,4.9158
0.029297,-0.0032043,4.9133
0.027008,-0.0036621,4.9097
0.025024,-0.0057983,4.917
0.025024,-0.004425,4.9072
0.026093,-0.0042725,4.906
0.027008,-0.004425,4.9133
0.028839,-0.0015259,4.9121
0.027313,0.0013733,4.9084
0.02533,0.0036621,4.9133
0.024261,0.0056458,4.9084
0.022888,0.0061035,4.9109
0.022736,0.0064087,4.9194
0.02243,0.0054932,4.9121
0.023651,0.005188,4.8975
0.023346,0.0050354,4.9158
0.022278,0.004425,4.9158
0.02182,0.0030518,4.917
0.022888,0.00091553,4.9194
0.023804,-0.0012207,4.9182
0.022583,-0.0053406,4.9243
0.024261,-0.0057983,4.9268
0.023499,-0.0073242,4.9292
0.023041,-0.0061035,4.9268
0.021973,-0.0099182,4.9341
0.021057,-0.0099182,4.9304
0.021515,-0.0093079,4.9341
0.02182,-0.0086975,4.9426
0.023041,-0.0080872,4.9316
0.023956,-0.0065613,4.9292
0.024414,-0.0054932,4.9353
0.024719,-0.0028992,4.9304
0.025024,-0.00091553,4.9316
0.025787,0.00091553,4.9316
0.026703,0.002594,4.9329
0.027771,0.0013733,4.9341
0.029449,0.0028992,4.9341
0.029755,0.0028992,0.067139
0.029297,0.0045776,0.059814
0.028229,0.0047302,0.059814
0.027008,0.0057983,0.054932
0.026398,0.0062561,0.058594
0.026398,0.0067139,0.053711
0.027161,0.0057983,0.05249
0.027924,0.0045776,0.05127
0.025482,0.0038147,0.05127
0.021667,0.0032043,0.057373
0.019989,0.002594,0.045166
0.017242,0.0016785,0.061035
0.016479,0.0015259,0.042725
0.016632,0.00045776,0.03418
0.015869,0.00045776,0.041504
0.014954,0.00030518,0.039063
0.014191,0.00045776,0.040283
0.012207,0.00076294,0.041504
0.012054,0.00091553,0.037842
0.012512,0.0010681,0.040283
0.017548,0.0021362,0.037842
0.017548,0.0038147,0.042725
0.018463,0.0048828,0.037842
0.0177,0.0041199,0.041504
0.016937,0.0064087,0.042725
0.014038,0.0062561,0.045166
0.011749,0.0064087,0.053711
0.011749,0.0048828,0.043945
0.01358,0.0062561,0.054932
0.012207,0.0056458,0.048828
0.011292,0.005188,0.042725
0.0099182,0.0050354,0.053711
0.0086975,0.0027466,0.054932
0.0080872,0.0019836,0.054932
0.0090027,0.0022888,0.061035
0.010376,0.0021362,0.059814
0.013885,0.0013733,0.058594
0.015411,0.0019836,0.059814
0.014648,0.0024414,0.063477
0.014801,0.0039673,0.059814
0.013275,0.0056458,0.062256
0.01236,0.0059509,0.065918
0.01358,0.0079346,0.065918
0.014801,0.0076294,0.062256
0.015106,0.0073242,0.067139
0.015411,0.005188,0.073242
0.014343,0.0090027,0.064697
0.01236,0.0091553,0.073242
0.010376,0.0091553,0.064697
0.010681,0.0083923,0.057373
0.011749,0.005188,0.057373
0.013123,0.0062561,0.057373
0.01297,0.0050354,0.053711
0.011292,0.0048828,0.054932
0.0091553,0.004425,0.047607
0.0076294,0.0038147,0.05127
0.0076294,0.0033569,0.046387
0.0093079,0.0032043,0.050049
0.010223,0.0021362,0.043945
0.012207,0.0015259,0.047607
0.012512,0.00091553,0.042725
0.010986,0.0015259,0.045166
0.010529,0.0013733,0.05127
0.010986,0.0013733,0.040283
0.012207,-0.00091553,0.039063
0.014496,0.00061035,0.041504
0.016785,0.0016785,0.024414
0.017548,0.0018311,0.036621
0.016327,0.005188,0.041504
0.014191,0.0042725,0.041504
0.012054,0.0054932,0.041504
0.011444,0.0062561,0.037842
0.01236,0.0059509,0.040283
0.01297,0.0047302,0.039063
0.013275,0.0028992,0.043945
0.012512,0.0018311,0.043945
0.012054,0.0015259,0.048828
0.0099182,0.0024414,0.047607
0.0099182,0.0036621,0.05249
0.011292,0.0056458,0.053711
0.012665,0.0047302,0.058594
0.014496,0.0036621,0.059814
0.014954,0.0010681,0.062256
0.013428,0.0012207,0.075684
0.011597,0.0015259,0.059814
0.010681,0.0018311,0.05127
0.010681,0.0018311,0.062256
0.012512,0.0015259,0.063477
0.014801,0,0.061035
0.015869,-0.0013733,0.063477
0.01709,-0.0028992,0.058594
0.015106,-0.002594,0.064697
0.014191,-0.00061035,0.063477
0.014038,0.00091553,0.068359
0.015106,0.0016785,0.061035
0.016937,0.0015259,0.065918
0.019684,-0.00015259,0.063477
0.019379,-0.00076294,0.062256
0.018158,-0.00030518,0.064697
0.016785,0.0016785,0.058594
0.015564,0.0038147,0.05127
0.017548,0.0064087,0.05127
0.02121,0.0062561,0.048828
0.022583,0.0064087,0.05249
0.023651,0.0047302,0.048828
0.023346,0.0028992,0.043945
0.023651,0.0022888,0.043945
0.02121,0.0024414,0.041504
0.022125,0.0038147,0.042725
0.023041,0.0045776,0.041504
0.027161,0.0030518,0.043945
0.027771,0.0024414,0.036621
0.027008,0.00061035,0.040283
0.024567,-0.00076294,0.036621
0.021973,0,0.041504
0.020447,-0.00030518,0.039063
0.020294,-0.00015259,0.040283
0.021057,-0.0015259,0.056152
0.02182,-0.0030518,4.5569
0.020447,-0.0056458,4.8914
0.018921,-0.005188,4.9109
0.017395,-0.0030518,4.8938
0.017548,0.00061035,4.9121
0.017853,0.0045776,4.9194
0.021973,0.0073242,4.9158
0.023193,0.0068665,4.9182
0.024261,0.0048828,4.9158
0.023651,0.002594,4.9231
0.022125,0.0021362,4.9268
0.020447,0.0035095,4.9304
0.020142,0.0042725,4.9268
0.022125,0.0048828,4.9341
0.023956,0.0022888,4.9316
0.025482,-0.0012207,4.9341
0.024567,-0.0035095,4.939
0.021973,-0.004425,4.9329
0.019836,-0.0016785,4.928
0.019073,-0.00030518,4.9304
0.019836,0.0013733,4.9451
0.02243,0.00076294,4.9329
0.02533,-0.0016785,4.9341
0.02594,-0.0038147,4.939
0.025482,-0.0032043,4.9329
0.023956,-0.002594,4.9304
0.021362,-0.00076294,4.9353
0.020447,0,4.9304
0.019226,-0.00076294,4.9329
0.016937,-0.0027466,4.9255
0.014648,-0.0057983,4.928
0.011597,-0.0067139,4.9207
0.0093079,-0.0050354,4.9194
0.0086975,-0.002594,4.9207
0.010071,0.00061035,4.9194
0.014801,0.0021362,4.928
0.019989,0.0013733,4.917
0.024567,-0.00061035,4.9207
0.028076,-0.0018311,4.9158
0.029755,-0.0012207,4.8999
0.028076,0.00076294,4.9133
0.02655,0.0028992,4.9121
0.026093,0.0028992,4.9109
0.025177,0.0010681,4.9109
0.024872,-0.0019836,4.9109
0.023346,-0.0061035,4.9084
0.020752,-0.0076294,4.9036
0.019226,-0.0067139,4.9109
0.018311,-0.0048828,4.9084
0.019836,-0.0035095,4.9097
0.02182,-0.0013733,4.9097
0.025024,-0.0053406,4.9146
0.026398,-0.0073242,4.9109
0.028534,-0.0091553,4.9194
0.024109,-0.0083923,4.9158
0.022125,-0.0061035,4.9292
0.020447,-0.0035095,4.9316
0.016785,-0.0013733,4.9268
0.019379,-0.0012207,4.9158
0.018616,-0.0030518,4.9243
0.018005,-0.0047302,4.928
0.015717,-0.0067139,4.9316
0.013428,-0.007019,4.9304
0.013275,-0.0048828,4.928
0.015106,-0.0033569,4.9341
0.018158,-0.0021362,4.9316
0.021057,-0.0024414,4.9121
0.023346,-0.0053406,4.9353
0.023804,-0.0074768,4.9365
0.022125,-0.0073242,4.9304
0.020905,-0.0067139,4.9341
0.020599,-0.0035095,4.9475
0.021057,-0.0013733,4.9365
0.021057,-0.0036621,4.9377
0.021515,-0.0048828,4.9341
0.020752,-0.0076294,4.9146
0.018768,-0.0085449,4.928
0.018311,-0.0079346,4.9255
0.019836,-0.0050354,4.9255
0.022736,-0.00091553,4.9255
0.028076,0.00015259,4.9182
0.03067,-0.00061035,4.9194
0.032349,-0.0012207,4.9182
0.032806,-0.0028992,4.9182
0.031891,-0.0022888,4.9146
0.028839,-0.00091553,4.9158
0.027161,0,4.9146
0.026855,0.0022888,4.917
0.026245,-0.0012207,4.9121
0.02533,-0.0038147,4.9146
0.023346,-0.0062561,4.9109
0.020447,-0.0080872,4.9121
0.021057,-0.005188,4.9109
0.021362,-0.0015259,4.9084
0.024567,0.0018311,4.8999
0.028076,0.0021362,4.9109
0.032806,0.0024414,4.9097
0.03479,0.0021362,4.9036
0.03479,0.002594,4.9121
0.033569,0.0053406,4.9109
0.033264,0.0073242,4.9121
0.03418,0.0094604,4.9109
0.035706,0.0090027,4.9194
0.036621,0.0071716,4.9194
0.037231,0.0039673,4.9231
0.034027,0.0019836,4.9231
0.030975,0.0022888,4.9304
0.028687,0.0035095,0.073242
0.027008,0.0065613,0.061035
0.027313,0.0088501,0.068359
0.028381,0.0083923,0.059814
0.029602,0.0067139,0.056152
0.029144,0.0038147,0.063477
0.028381,0.0036621,0.061035
0.027771,0.0038147,0.061035
0.027161,0.005188,0.063477
0.027924,0.0064087,0.061035
0.027924,0.0053406,0.067139
0.03067,0.0028992,0.062256
0.030823,-0.00045776,0.068359
0.028534,-0.00045776,0.062256
0.027924,0.00091553,0.068359
0.026093,0.0057983,0.064697
0.025787,0.0093079,0.063477
0.028839,0.011902,0.064697
0.028839,0.010529,0.057373
0.030518,0.0076294,0.061035
0.031128,0.0059509,0.05249
0.029297,0.0062561,0.056152
0.032654,0.0091553,0.050049
0.032196,0.011597,0.05249
0.031281,0.009613,0.043945
0.031128,0.010071,0.048828
0.030518,0.0076294,0.045166
0.028229,0.0053406,0.045166
0.02655,0.0050354,0.040283
0.023499,0.0061035,0.042725
0.021667,0.0082397,0.040283
0.021362,0.0091553,0.041504
0.018616,0.0079346,0.040283
0.023499,0.0045776,0.043945
0.025024,0.0022888,0.039063
0.025787,0.00076294,0.043945
0.024567,0.0016785,0.057373
0.02594,0.0033569,0.039063
0.024719,0.0054932,0.047607
0.023499,0.0056458,0.040283
0.023346,0.0039673,0.024414
0.022888,0.0032043,0.041504
0.021515,0.0018311,0.046387
0.02121,0.0015259,0.045166
0.019989,0.0019836,0.050049
0.018921,0.0024414,0.050049
0.018768,0.0015259,0.059814
0.019989,-0.00091553,0.05249
0.023804,-0.0032043,0.061035
0.025482,-0.0050354,0.057373
0.026398,-0.0062561,0.056152
0.02594,-0.0057983,0.059814
0.024109,-0.0039673,0.063477
0.023346,-0.0015259,0.06958
0.02182,-0.00045776,0.061035
0.023804,0.00030518,0.061035
0.024719,-0.00030518,0.063477
0.02533,0.00091553,0.076904
0.025177,-0.00015259,0.061035
0.024567,0.0019836,0.061035
0.025024,0.0042725,0.063477
0.026093,0.0056458,0.065918
0.027618,0.005188,0.061035
0.029144,0.004425,0.062256
0.028381,0.0024414,0.062256
0.028992,0.0012207,0.061035
0.026703,0.0019836,0.054932
0.024414,0.0018311,0.057373
0.02243,0.0027466,0.048828
0.019226,0.0035095,0.053711
0.02121,0.0035095,0.048828
0.020905,0.0018311,0.048828
0.021057,0.00015259,0.056152
0.020752,-0.00061035,0.047607
0.019989,-0.00076294,0.048828
0.018768,0.00030518,0.041504
0.018005,0,0.032959
0.018463,-0.00045776,0.041504
0.018463,-0.0024414,0.039063
0.018768,-0.0050354,0.0354
0.017853,-0.0064087,0.041504
0.015869,-0.0059509,0.037842
0.015259,-0.0042725,0.039063
0.014648,-0.0012207,0.036621
0.014343,0.00030518,0.037842
0.015564,0.0010681,0.030518
0.016327,0.00015259,0.042725
0.018158,-0.0021362,0.041504
0.019836,-0.0021362,0.043945
0.018616,-0.00076294,0.037842
0.017395,0.00061035,0.047607
0.016785,0.00061035,0.048828
0.016937,0.00015259,0.05127
0.016785,-0.002594,0.061035
0.01709,-0.005188,0.054932
0.016479,-0.0048828,0.0354
0.015411,-0.0062561,0.057373
0.014954,-0.002594,0.056152
0.014191,-0.00061035,0.059814
0.015259,-0.00061035,0.059814
0.016022,-0.0021362,0.058594
0.016632,-0.0039673,0.062256
0.018005,-0.0056458,0.059814
0.018158,-0.0057983,0.061035
0.017853,-0.0042725,0.061035
0.0177,-0.0022888,0.065918
0.016174,-0.0019836,0.061035
0.017853,0.00015259,0.065918
0.017853,0,0.080566
0.018311,0.00015259,0.068359
0.018311,0.0016785,0.062256
0.018158,0.0027466,0.065918
0.019379,0.005188,0.054932
0.020447,0.0064087,0.059814
0.021057,0.0068665,0.056152
0.020752,0.0064087,0.054932
0.020142,0.0045776,0.048828
0.019379,0.0016785,0.043945
0.017395,0.0018311,3.5901
0.015869,0.0013733,4.8328
0.014191,0.0033569,4.9072
0.012665,0.0024414,4.9109
0.010986,0.0019836,4.917
0.010529,0.0010681,4.9158
0.010986,-0.00076294,4.9158
0.0064087,-0.00061035,4.9109
0.010681,-0.00091553,4.9121
0.010681,0.00030518,4.9194
0.0094604,0.0024414,4.9097
0.010834,0.0012207,4.9231
0.0099182,0.0012207,4.9109
0.010376,-0.00045776,4.8999
0.010529,-0.00030518,4.9109
0.010986,-0.00061035,4.9084
0.011444,0.00076294,4.906
0.011749,0.0027466,4.9097
0.01236,0.0033569,4.9121
0.012054,0.0036621,4.9109
0.01358,0.0022888,4.9109
0.014038,0.0010681,4.9207
0.01358,0.0015259,4.9158
0.014954,0.002594,4.9243
0.014954,0.0039673,4.9255
0.015869,0.0048828,4.9316
0.015717,0.0038147,4.9353
0.014954,0.0019836,4.9316
0.016479,0.0015259,4.9316
0.017395,-0.0019836,4.9329
0.018616,0.0030518,4.9329
0.019379,0.0035095,4.9341
0.019684,0.0030518,4.9304
0.019684,0.0045776,4.9292
0.019073,0.0038147,4.9316
0.018921,0.0035095,4.9243
0.018768,0.0048828,4.9377
0.017242,0.0035095,4.9353
0.016327,0.0038147,4.9377
0.014648,0.0028992,4.9341
0.013123,0.0022888,4.9377
0.012665,0.00045776,4.9329
0.011597,-0.00091553,4.9316
0.010529,-0.0022888,4.9268
0.010986,-0.0042725,4.9292
0.011444,-0.0042725,4.939
0.011444,-0.004425,4.9255
0.010071,-0.004425,4.9243
0.012207,-0.0041199,4.9255
0.012512,-0.0028992,4.9036
0.012817,-0.002594,4.9158
0.014954,-0.0028992,4.9182
0.016937,-0.0019836,4.9048
0.018311,-0.00091553,4.9121
0.020294,-0.00045776,4.9084
0.020599,-0.0012207,4.9133
0.023041,-0.0032043,4.9109
0.023346,-0.0050354,4.9109
0.024567,-0.0053406,4.9084
0.025482,-0.005188,4.9133
0.026703,-0.0035095,4.9121
0.026093,-0.00076294,4.9109
0.026093,0.0013733,4.9133
0.025482,0.0021362,4.9109
0.023956,0.0032043,4.9084
0.023499,0.0030518,4.9109
0.023956,0.0032043,4.9048
0.022888,0.0036621,4.9121
0.022583,0.0036621,4.9243
0.02121,0.0045776,4.9194
0.019531,0.0032043,4.9194
0.0177,0.0021362,4.9207
0.016632,0.00030518,4.9243
0.016174,-0.0021362,4.9133
0.014648,-0.00091553,4.9316
0.014954,-0.0012207,4.9255
0.014038,-0.0013733,4.9329
0.012817,-0.0010681,4.9292
0.01297,-0.0018311,4.9329
0.012207,-0.0016785,4.928
0.012512,-0.0012207,4.9316
0.01358,-0.0027466,4.9402
0.014191,0.0024414,4.9329
0.014954,0.0036621,4.9402
0.013885,0.0024414,4.9341
0.014954,0.0018311,4.9243
0.015717,0.00061035,4.9377
0.016937,-0.0010681,4.9365
0.019073,-0.0012207,4.9304
0.019379,-0.0015259,4.9304
0.022125,-0.0010681,4.9329
0.02243,-0.00061035,4.9304
0.02533,-0.0019836,4.928
0.022888,-0.0021362,4.9268
0.022583,-0.00091553,4.9207
0.023651,-0.00015259,4.9146
0.023041,-0.00015259,4.9219
0.022583,-0.00015259,4.9219
0.022736,0,4.9194
0.021973,-0.0016785,4.9194
0.021057,0.00015259,4.9182
0.020752,0.00030518,4.9146
0.021515,0.00030518,4.9097
0.022736,0.00061035,4.9133
0.023193,0.0015259,4.9097
0.024109,0.0012207,4.906
0.02182,0.0012207,4.9097
0.02243,0.0010681,4.9097
0.022125,0.0019836,4.9097
0.02243,0.0016785,0.037842
0.022736,0.0010681,0.040283
0.022278,0.0019836,0.036621
0.022278,0.00045776,0.040283
0.020905,0.002594,0.043945
0.020142,-0.0016785,0.042725
0.020752,-0.0010681,0.040283
0.022125,-0.0015259,0.046387
0.024414,-0.00030518,0.061035
0.02594,0.00091553,0.050049
0.027618,0.002594,0.061035
0.028687,0.0036621,0.053711
0.028687,0.0042725,0.041504
0.029602,0.0047302,0.057373
0.029907,0.0054932,0.058594
0.030823,0.0053406,0.062256
0.031128,0.005188,0.061035
0.032959,0.0033569,0.058594
0.029755,0.0021362,0.064697
0.028381,0.00076294,0.061035
0.024414,-0.00030518,0.063477
0.025635,-0.00015259,0.058594
0.025787,0,0.067139
0.025635,0.00030518,0.068359
0.02655,-0.00061035,0.065918
0.02594,-0.0016785,0.078125
0.024872,-0.0030518,0.067139
0.023804,-0.0032043,0.064697
0.022583,-0.0024414,0.061035
0.024261,-0.0015259,0.063477
0.023041,-0.00045776,0.057373
0.023041,-0.00015259,0.057373
0.023956,0.00030518,0.053711
0.023193,0.00015259,0.05249
0.023956,0,0.047607
0.024872,0.0010681,0.050049
0.027161,0.002594,0.047607
0.028839,0.004425,0.043945
0.029755,0.0053406,0.043945
0.030975,0.0067139,0.046387
0.031586,0.0065613,0.040283
0.032043,0.0071716,0.045166
0.031128,0.0074768,0.042725
0.033112,0.0076294,0.042725
0.034332,0.007782,0.05127
0.034943,0.007782,0.041504
0.03418,0.0065613,0.053711
0.031891,0.0041199,0.039063
0.029297,0.0019836,0.031738
0.027313,-0.00061035,0.029297
0.024261,-0.002594,0.037842
0.023804,-0.0027466,0.037842
0.022736,-0.0033569,0.041504
0.022125,-0.0041199,0.039063
0.021667,-0.004425,0.042725
0.02182,-0.004425,0.043945
0.023041,-0.0033569,0.048828
0.023499,-0.0019836,0.05249
0.024719,0.00015259,0.054932
0.025787,0.0019836,0.058594
0.027008,0.0027466,0.043945
0.027313,0.0024414,0.063477
0.027161,0.0035095,0.064697
0.026855,0.0039673,0.061035
0.027008,0.0047302,0.063477
0.02655,0.0067139,0.067139
0.026855,0.0079346,0.061035
0.027313,0.0093079,0.068359
0.028229,0.0097656,0.057373
0.029297,0.0090027,0.062256
0.03006,0.0093079,0.061035
0.030365,0.0091553,0.065918
0.030518,0.0083923,0.063477
0.029755,0.0088501,0.068359
0.029907,0.0074768,0.064697
0.028992,0.0062561,0.070801
0.027618,0.0042725,0.063477
0.026398,0.0030518,0.062256
0.024567,0.0030518,0.058594
0.02243,0.0041199,0.059814
0.021973,0.0053406,0.067139
0.02243,0.0054932,0.058594
0.02243,0.0082397,0.054932
0.02243,0.005188,0.05127
0.023499,0.004425,0.031738
0.023956,0.0048828,0.043945
0.024261,0.005188,0.046387
0.024414,0.0064087,0.045166
0.023651,0.0074768,0.043945
0.02243,0.0074768,0.0354
0.020447,0.010071,0.042725
0.018311,0.007019,0.039063
0.016785,0.0068665,0.0354
0.014954,0.0061035,0.037842
0.013885,0.0062561,0.042725
0.014038,0.0064087,0.042725
0.015259,0.0048828,0.041504
0.015564,0.0053406,0.037842
0.015717,0.0032043,0.041504
0.018768,0.0021362,0.039063
0.020752,0.0013733,0.040283
0.022125,-0.00045776,0.046387
0.02243,0.0010681,0.040283
0.023499,0.0019836,0.043945
0.023651,0.0022888,0.043945
0.023041,0.0010681,0.048828
0.022583,0.0016785,0.05127
0.023499,0.00091553,0.053711
0.023346,0.00091553,0.053711
0.023956,0.0047302,0.058594
0.024261,0.0030518,0.057373
0.024414,0.004425,0.065918
0.023346,0.0056458,0.059814
0.025635,0.0050354,0.056152
0.02533,0.0042725,0.059814
0.025482,0.004425,0.064697
0.026245,0.0053406,0.073242
0.026093,0.005188,2.1655
0.025787,0.0054932,4.7693
0.025787,0.0045776,4.9219
0.025177,0.0036621,4.928
0.024414,0.0032043,4.9353
0.023651,0.0030518,4.9316
0.023346,0.0032043,4.9304
0.022125,0.005188,4.9316
0.021362,0.0041199,4.9304
0.020905,0.0038147,4.9292
0.018768,0.00030518,4.9243
0.021515,0.00091553,4.9255
0.022278,0.0012207,4.9231
0.022736,0.00076294,4.9243
0.020142,0.00045776,4.9194
0.022125,0,4.9231
0.022278,-0.00015259,4.9133
0.021667,0.0013733,4.9182
0.020599,-0.00030518,4.9219
0.019073,0.0013733,4.9158
0.016785,0.0010681,4.9243
0.015717,0.00091553,4.9121
0.014038,-0.00015259,4.9072
0.013275,-0.0021362,4.9072
0.012512,-0.0030518,4.9084
0.012054,-0.0041199,4.9121
0.01236,-0.0036621,4.9084
0.012512,-0.0033569,4.9084
0.013428,-0.0035095,4.9084
0.014038,-0.0015259,4.9084
0.015106,-0.002594,4.9121
0.016174,-0.0018311,4.9084
0.017395,-0.002594,4.9158
0.017853,-0.0012207,4.9146
0.019226,-0.0016785,4.9182
0.019226,-0.0019836,4.9292
0.019836,-0.0013733,4.9194
0.020142,-0.0024414,4.9243
0.019836,-0.0024414,4.9255
0.020599,-0.0038147,4.9268
0.019684,-0.0028992,4.9255
0.021362,-0.002594,4.9133
0.02121,-0.0027466,4.928
0.021057,-0.0021362,4.9292
0.02243,-0.0030518,4.9231
0.019684,-0.0027466,4.9316
0.020294,-0.0027466,4.9304
0.020142,-0.0019836,4.9341
0.019989,-0.0021362,4.928
0.019379,-0.0015259,4.9341
0.019073,-0.0012207,4.9219
0.016327,-0.0042725,4.9353
0.016785,-0.0036621,4.9341
0.015717,-0.005188,4.9365
0.015259,-0.0062561,4.939
0.015717,-0.0057983,4.9365
0.016479,-0.0048828,4.9426
0.016937,-0.005188,4.9292
0.016937,-0.0045776,4.917
0.016479,-0.005188,4.9268
0.01709,-0.0057983,4.9207
0.018005,-0.0039673,4.9182
0.019836,-0.0038147,4.9207
0.019989,-0.0027466,4.9182
0.02121,-0.0027466,4.9109
0.021515,-0.0027466,4.917
0.02121,-0.0033569,4.917
0.020447,-0.0050354,4.9121
0.020447,-0.0056458,4.9133
0.021057,-0.0088501,4.9146
0.02121,-0.0038147,4.9109
0.02182,-0.0019836,4.906
0.021973,-0.00061035,4.9133
0.021667,-0.002594,4.9097
0.021057,0.00015259,4.9097
0.020294,0.00015259,4.8975
0.020447,0.00030518,4.9133
0.019379,0.0010681,4.9121
0.019989,0.0013733,4.9072
0.019226,0.0016785,4.9109
0.018158,0.00091553,4.9121
0.015869,-0.00091553,4.9146
0.014496,-0.0027466,4.9109
0.013123,-0.0028992,4.9194
0.012207,-0.0036621,4.9207
0.011444,-0.0036621,4.9231
0.011597,-0.0022888,4.9255
0.012054,-0.0027466,4.9268
0.012207,-0.0022888,4.9255
0.01297,-0.0035095,4.9304
0.011902,-0.004425,4.9329
0.01297,-0.0039673,4.9329
0.014954,-0.0039673,4.9451
0.017548,-0.0030518,4.9329
0.019226,-0.0018311,4.917
0.020294,-0.00061035,4.9268
0.019836,0.00091553,4.9353
0.019684,0.0015259,4.9329
0.018158,0.0024414,4.9353
0.017548,0.0022888,4.9329
0.01709,0.0018311,4.939
0.018311,0.0012207,4.9353
0.019379,0.00045776,4.9353
0.020599,0.00015259,4.9316
0.020752,-0.0015259,4.9316
0.02182,-0.0016785,4.928
0.023041,-0.0021362,4.9304
0.024261,-0.0015259,4.9377
0.02533,-0.0012207,4.9243
0.025482,-0.00045776,4.9194
0.025482,0.0010681,0.05249
0.025482,0.0024414,0.032959
0.024261,0.0027466,0.045166
0.022888,0.0035095,0.047607
0.022278,0.0018311,0.043945
0.02243,0.0021362,0.042725
0.022583,0.0010681,0.037842
0.022888,0.00061035,0.040283
0.022888,0,0.041504
0.020294,-0.00061035,0.043945
0.018311,-0.00076294,0.037842
0.015717,-0.0019836,0.043945
0.014191,-0.0036621,0.039063
0.013123,-0.0045776,0.041504
0.012512,-0.0061035,0.037842
0.012817,-0.0068665,0.045166
0.012817,-0.0076294,0.042725
0.012512,-0.0074768,0.041504
0.01297,-0.0067139,0.05249
0.013275,-0.0068665,0.042725
0.015259,-0.0047302,0.039063
0.016785,-0.0028992,0.047607
0.018921,-0.00015259,0.05127
0.020905,0.0021362,0.048828
0.021667,0.0038147,0.054932
0.022125,0.0042725,0.057373
0.02243,0.004425,0.056152
0.024414,0.0039673,0.058594
0.024414,0.0042725,0.064697
0.024719,0.0033569,0.058594
0.022125,0.0027466,0.062256
0.022278,0.00091553,0.063477
0.020599,-0.0016785,0.064697
0.019836,-0.0019836,0.073242
0.017853,-0.0036621,0.063477
0.017548,-0.0019836,0.064697
0.016174,0.00030518,0.065918
0.016785,0.0036621,0.061035
0.015564,0.0012207,0.068359
0.015411,0.0010681,0.064697
0.015411,0.00061035,0.063477
0.016327,0.0013733,0.062256
0.015869,0.0016785,0.057373
0.016174,0.0032043,0.058594
0.016785,0.0036621,0.053711
0.019073,0.0028992,0.054932
0.019226,0.0021362,0.041504
0.021057,0.00061035,0.050049
0.023041,0.0018311,0.050049
0.024872,0.0042725,0.05249
0.02655,0.0068665,0.043945
0.02655,0.0094604,0.047607
0.029144,0.010529,0.056152
0.029755,0.011749,0.043945
0.029449,0.011749,0.05249
0.028839,0.010529,0.040283
0.028381,0.0097656,0.036621
0.026703,0.0093079,0.029297
0.025024,0.0079346,0.039063
0.023346,0.0064087,0.040283
0.018921,0.0033569,0.039063
0.016785,-0.00030518,0.036621
0.014343,-0.0045776,0.040283
0.010986,-0.0047302,0.039063
0.010986,-0.0083923,0.041504
0.010376,-0.0097656,0.037842
0.009613,-0.0099182,0.046387
0.011749,-0.0097656,0.046387
0.011902,-0.009613,0.043945
0.014343,-0.0091553,0.061035
0.018311,-0.0062561,0.05249
0.021057,-0.0019836,0.05249
0.023193,0.0028992,0.058594
0.024261,0.0082397,0.05127
0.025177,0.0086975,0.058594
0.026093,0.012817,0.045166
0.026855,0.012665,0.062256
0.027618,0.01236,0.061035
0.028839,0.011444,0.057373
0.03067,0.0097656,0.063477
0.032501,0.010223,0.061035
0.035095,0.0099182,0.062256
0.037231,0.0097656,0.061035
0.038757,0.011597,0.065918
0.039063,0.012207,0.065918
0.037231,0.013428,0.067139
0.039673,0.014496,0.067139
0.037384,0.015564,0.067139
0.036316,0.015411,0.070801
0.034332,0.013275,0.054932
0.031891,0.0094604,0.06958
0.029144,0.0045776,0.058594
0.026855,0.0038147,0.045166
0.029144,-0.0032043,0.05249
0.024872,-0.0048828,0.050049
0.022888,-0.0054932,0.046387
0.019073,-0.0054932,0.050049
0.016479,-0.005188,0.043945
0.013733,-0.0056458,0.047607
0.011749,-0.005188,0.041504
0.013123,-0.0032043,0.047607
0.014496,-0.00030518,0.037842
0.017548,0.0030518,0.043945
0.019226,0.0068665,0.045166
0.023193,0.010223,0.042725
0.025177,0.010681,0.039063
0.02655,0.011139,0.040283
0.030365,0.011292,0.037842
0.033264,0.01236,0.040283
0.035248,0.01358,0.036621
0.037079,0.014496,0.036621
0.037689,0.015564,0.028076
0.038757,0.010071,0.0354
0.039368,0.0064087,0.041504
0.040588,0.0032043,0.043945
0.040894,0.0032043,0.043945
0.041656,0.0019836,0.042725
0.040741,0.0012207,4.5508
0.039063,0.0028992,4.8914
0.0383,0.0028992,4.9207
0.036163,0.0021362,4.9231
0.034027,0.0030518,4.9268
0.034637,0.0039673,4.928
0.032501,0.0056458,4.9316
0.032806,0.0071716,4.9414
0.032959,0.0080872,4.9329
0.031433,0.0079346,4.9353
0.031433,0.0067139,4.9353
0.028687,0.0061035,4.917
0.027313,0.0048828,4.9316
0.025024,0.0045776,4.9304
0.023041,0.0045776,4.9341
0.02182,0.0054932,4.9243
0.019684,0.0064087,4.9341
0.020599,0.011597,4.9377
0.020447,0.0082397,4.9341
0.021362,0.0065613,4.9341
0.023499,0.005188,4.9268
0.02594,0.0036621,4.9329
0.028381,0.0028992,4.9255
0.029449,0.0032043,4.928
0.030365,0.0038147,4.928
0.03067,0.0035095,4.9255
0.031128,0.0027466,4.9255
0.03006,0.0016785,4.9146
0.03006,0.0015259,4.9255
0.029449,0.0016785,4.917
0.029144,0.0018311,4.9292
0.027618,0.00061035,4.9146
0.027466,0.00091553,4.9158
0.025635,-0.0013733,4.9121
0.024261,-0.0050354,4.9084
0.022736,-0.0045776,4.9084
0.021362,-0.0047302,4.8999
0.020447,-0.004425,4.906
0.019989,-0.0024414,4.9097
0.019836,-0.0013733,4.9109
0.019531,-0.00076294,4.9133
0.018768,0,4.9121
0.018158,0.00045776,4.9158
0.018005,0.0016785,4.9207
0.018768,0.0021362,4.9146
0.019684,0.0015259,4.9219
0.021057,0.0013733,4.9158
0.022888,0.00076294,4.9158
0.023499,0,4.9219
0.024414,0.00045776,4.9207
0.02594,0.0018311,4.9255
0.027924,0.0039673,4.9243
0.028534,0.0064087,4.9255
0.030365,0.0079346,4.9304
0.03006,0.0094604,4.9304
0.030212,0.0093079,4.9353
0.029907,0.0083923,4.9316
0.029297,0.0067139,4.9304
0.028534,0.0056458,4.9304
0.026855,0.0042725,4.9341
0.02533,0.0027466,4.9316
0.024109,0.0010681,4.9341
0.02243,-0.00091553,4.9353
0.020752,-0.0030518,4.9365
0.018158,-0.0041199,4.9402
0.015869,-0.0036621,4.9353
0.014038,-0.0021362,4.9255
0.013123,-0.00045776,4.9316
0.011902,0.00076294,4.9243
0.011139,-0.00045776,4.9304
0.011444,-0.00045776,4.9268
0.011749,-0.0024414,4.9207
0.012817,-0.0045776,4.9255
0.014191,-0.0048828,4.9207
0.014038,-0.0048828,4.9219
0.013733,-0.0045776,4.9194
0.016327,-0.0039673,4.9207
0.015869,-0.0038147,4.9182
0.016327,-0.0033569,4.9194
0.017242,-0.002594,4.9255
0.018768,-0.00030518,4.9146
0.019989,0.0016785,4.9133
0.022125,0.0047302,4.9097
0.023041,0.0067139,4.8926
0.024261,0.0065613,4.9109
0.023956,0.0050354,4.9121
0.023499,0.0027466,4.9109
0.023041,0.00061035,4.9109
0.02182,-0.00045776,4.9072
0.020905,-0.00030518,4.9084
0.018005,-0.00030518,4.9146
0.017242,-0.0010681,4.9084
0.015259,-0.0013733,4.9097
0.014343,-0.0027466,4.9158
0.014801,-0.0061035,4.9146
0.014954,-0.0050354,4.9219
0.015106,-0.004425,4.9231
0.016785,-0.0035095,4.9231
0.014038,-0.0024414,4.9243
0.013885,-0.0021362,4.9304
0.013885,-0.0028992,4.9292
0.014038,-0.004425,4.9316
0.014496,-0.0041199,4.9243
0.013428,-0.0039673,4.9292
0.013275,-0.0022888,4.9292
0.014343,-0.0012207,4.9231
0.013123,-0.0013733,4.9329
0.013428,-0.00076294,4.9304
0.014343,-0.0018311,4.9341
0.015717,-0.0013733,4.9304
0.0177,-0.0012207,0.065918
0.018463,-0.00076294,0.062256
0.019379,-0.00061035,0.067139
0.023956,0.00091553,0.067139
0.020294,0.0010681,0.065918
0.020599,0.00061035,0.075684
0.020447,-0.00015259,0.062256
0.020294,0.0012207,0.063477
0.019989,0.00045776,0.058594
0.019684,0.0019836,0.042725
0.019531,0.0027466,0.053711
0.018005,0.0019836,0.045166
0.017242,0.0010681,0.048828
0.017548,-0.00030518,0.047607
0.019379,-0.0019836,0.046387
0.018768,-0.0024414,0.047607
0.018921,-0.002594,0.043945
0.018768,-0.0015259,0.046387
0.018158,-0.00030518,0.039063
0.018158,0.00061035,0.043945
0.015869,0.0010681,0.042725
0.015106,0.0013733,0.042725
0.016632,0.00091553,0.040283
0.014801,0.0022888,0.040283
0.014191,0.0036621,0.046387
0.013885,0.0061035,0.042725
0.014801,0.004425,0.042725
0.014801,0.0048828,0.039063
0.015259,0.0042725,0.042725
0.018005,0.00076294,0.039063
0.018158,0.002594,0.046387
0.018921,0.0036621,0.043945
0.018311,0.0038147,0.045166
0.01709,0.0048828,0.045166
0.016022,0.0039673,0.05249
0.014038,0.00091553,0.05249
0.012817,-0.0012207,0.057373
0.01358,-0.0039673,0.05249
0.014343,-0.004425,0.059814
0.015717,-0.0036621,0.061035
0.021515,-0.0027466,0.063477
0.019379,-0.0016785,0.075684
0.020905,-0.0019836,0.062256
0.021057,-0.0027466,0.064697
0.02243,-0.002594,0.059814
0.023041,-0.00076294,0.047607
0.024567,0.0015259,0.059814
0.025787,0.0038147,0.061035
0.024567,0.0042725,0.062256
0.022888,0.0033569,0.067139
0.021515,0.0013733,0.063477
0.021362,-0.00015259,0.063477
0.022278,-0.00061035,0.067139
0.024261,0.00030518,0.065918
0.02655,0.0015259,0.059814
0.027008,0.0013733,0.058594
0.028534,0.00015259,0.056152
0.028076,-0.0016785,0.056152
0.027466,-0.0038147,0.056152
0.02533,-0.0036621,0.05127
0.025787,-0.0024414,0.053711
0.025024,-0.00015259,0.047607
0.023651,0.0036621,0.059814
0.023499,0.0035095,0.043945
0.022736,0.0038147,0.042725
0.022736,0.0021362,0.040283
0.022736,0.0022888,0.041504
0.023804,0.0015259,0.040283
0.02594,0.0039673,0.041504
0.027466,0.0083923,0.036621
0.027313,0.007782,0.039063
0.025635,0.0076294,0.039063
0.023804,0.0056458,0.041504
0.022888,0.0065613,0.039063
0.021973,0.0012207,0.039063
0.022125,0.0015259,0.041504
0.021667,0.0030518,0.041504
0.019989,0.0047302,0.05127
0.020599,0.0053406,0.045166
0.019836,0.0036621,0.05127
0.020599,0.0010681,0.045166
0.023041,-0.00030518,0.041504
0.023041,-0.00030518,0.05127
0.023499,0.00076294,0.05249
0.023041,0.0019836,0.05127
0.021973,0.0012207,0.059814
0.020599,-0.00030518,0.056152
0.019531,-0.0022888,0.062256
0.019226,-0.0018311,0.061035
0.020905,-0.0032043,0.063477
0.02243,-0.00045776,0.058594
0.023804,0.0018311,0.063477
0.025177,0.0042725,0.064697
0.025635,0.0056458,0.063477
0.026703,0.0067139,0.062256
0.026398,0.0065613,0.065918
0.028534,0.0067139,0.070801
0.028076,0.0071716,0.067139
0.027008,0.0079346,0.074463
0.028534,0.0093079,0.065918
0.024261,0.0091553,0.054932
0.022888,0.0079346,0.061035
0.022888,0.0047302,0.062256
0.023041,0.0030518,0.057373
0.023651,0.0018311,0.054932
0.023804,0.0013733,0.048828
0.023346,0.0018311,0.05249
0.022125,0.0012207,0.046387
0.021362,0.00030518,0.041504
0.021057,-0.0016785,0.045166
0.021667,-0.0035095,0.047607
0.022125,-0.0033569,0.043945
0.02243,-0.0016785,0.046387
0.022888,0.00045776,0.048828
0.024719,0.0028992,0.041504
0.023651,0.0039673,0.039063
0.024109,0.0033569,3.8831
0.024414,0.0027466,4.8303
0.025024,0.0018311,4.8962
0.02594,0.0015259,4.9048
0.026855,0.0021362,4.9084
0.027313,0.0030518,4.9097
0.026855,0.00091553,4.906
0.026093,-0.00091553,4.9084
0.026245,-0.0033569,4.9084
0.026703,-0.004425,4.9097
0.026703,-0.0045776,4.9084
0.026855,-0.0033569,4.9158
0.02594,-0.0013733,4.9146
0.025177,-0.00015259,4.9268
0.024872,0,4.9194
0.024872,-0.00061035,4.9243
0.026093,-0.00061035,4.9316
0.027924,-0.00091553,4.928
0.029907,0.00030518,4.9402
0.031281,0.0019836,4.9304
0.031738,0.0027466,4.9207
0.031128,0.0030518,4.9316
0.03006,0.0027466,4.9304
0.028381,0.00091553,4.9304
0.028076,-0.00015259,4.9304
0.027771,-0.00076294,4.9292
0.027008,-0.00076294,4.9316
0.026855,0.00045776,4.9329
0.024872,0.0013733,4.9377
0.023804,0.0018311,4.9329
0.023956,0.00076294,4.9377
0.024109,-0.00061035,4.9316
0.025177,-0.0012207,4.9365
0.027161,-0.0010681,4.939
0.027161,0.00045776,4.9329
0.026855,0.0015259,4.9292
0.02594,0.0016785,4.928
0.025635,0.00076294,4.9255
0.025482,-0.00061035,4.9231
0.024872,-0.002594,4.917
0.027924,-0.0039673,4.917
0.028992,-0.0042725,4.9158
0.028839,-0.0027466,4.9207
0.027161,-0.00061035,4.9146
0.02594,0.00061035,4.9109
0.024719,-0.00030518,4.9146
0.023651,-0.0010681,4.9109
0.024261,-0.0033569,4.9121
0.025635,-0.0047302,4.9121
0.026398,-0.0041199,4.9158
0.026855,-0.0028992,4.9097
0.025482,-0.0012207,4.9121
0.025635,-0.00045776,4.9243
0.026855,-0.00061035,4.9084
0.028381,-0.00045776,4.917
0.030518,-0.00030518,4.9109
0.031891,0.00076294,4.8962
0.028839,0.0024414,4.9109
0.028076,0.0033569,4.9133
0.02594,0.0033569,4.9158
0.024261,0.0033569,4.9158
0.023956,0.0038147,4.9158
0.024567,0.0010681,4.9207
0.025177,-0.00030518,4.9219
0.025482,0.00015259,4.928
0.02533,0.00076294,4.9243
0.025024,0.0012207,4.9304
0.025482,0.0013733,4.9316
0.02594,0.0012207,4.9341
0.027008,-0.00045776,4.9426
0.028229,-0.0015259,4.9292
0.028381,-0.00091553,4.9329
0.027618,-0.00015259,4.9341
0.025177,0.0013733,4.9329
0.023956,0.0024414,4.9329
0.022278,0.0035095,4.9158
0.022888,0.0036621,4.9329
0.023346,0.0030518,4.9341
0.023193,0.0028992,4.9341
0.022736,0.0030518,4.939
0.021667,0.0053406,4.9329
0.020294,0.005188,4.9341
0.019836,0.0062561,4.9268
0.020599,0.0057983,4.9329
0.021057,0.0048828,4.9243
0.02243,0.0041199,4.928
0.022888,0.0028992,4.9243
0.023956,0.0030518,4.9243
0.020599,0.0030518,4.9292
0.019989,0.0032043,4.9207
0.019836,0.0028992,4.9292
0.02121,0.00091553,4.9158
0.021515,-0.0012207,4.9048
0.021973,-0.0027466,4.9146
0.019989,-0.0039673,4.9109
0.02121,-0.0033569,4.9097
0.020447,-0.0015259,4.9109
0.02121,-0.00015259,4.9084
0.025635,0.00030518,4.9109
0.024719,0.00045776,4.9072
0.025787,-0.00015259,4.9109
0.025177,0.00091553,4.9084
0.024414,0.00061035,4.9121
0.021973,0.0010681,4.9121
0.020142,0.0010681,4.9109
0.019684,0,4.917
0.018463,-0.0010681,4.9158
0.019989,-0.0012207,4.9158
0.019989,-0.00076294,4.9158
0.019989,0.0019836,4.9146
0.019226,0.0021362,4.9231
0.019379,0.0036621,0.047607
0.020752,0.0038147,0.053711
0.022583,0.0047302,0.059814
0.02594,0.0039673,0.058594
0.027618,0.0036621,0.057373
0.027618,0.0041199,0.059814
0.02594,0.0047302,0.067139
0.023346,0.0035095,0.058594
0.020905,0.0033569,0.063477
0.020447,0.002594,0.063477
0.019836,0.0030518,0.064697
0.021057,0.0032043,0.062256
0.02121,0.0041199,0.067139
0.021973,0.0033569,0.072021
0.02182,0.0036621,0.067139
0.022736,0.0041199,0.075684
0.024261,0.0045776,0.068359
0.026398,0.0042725,0.05127
0.027618,0.0035095,0.061035
0.027008,0.0024414,0.059814
0.024567,0.0016785,0.054932
0.019836,0.0013733,0.056152
0.016937,0.0010681,0.050049
0.014343,0.0012207,0.043945
0.011139,0.00045776,0.050049
0.014038,0.00061035,0.050049
0.015717,-0.00015259,0.046387
0.016479,-0.00030518,0.047607
0.018005,-0.0015259,0.045166
0.016785,-0.00091553,0.039063
0.017242,0,0.05249
0.019684,0.0016785,0.045166
0.02121,0.0033569,0.039063
0.022125,0.002594,0.041504
0.021667,0.0024414,0.021973
0.019989,0.0036621,0.030518
0.017548,0.002594,0.041504
0.016632,0.0024414,0.039063
0.016632,0.0039673,0.041504
0.01709,0.004425,0.036621
0.019379,0.0028992,0.043945
0.022278,0.0019836,0.040283
0.024109,0.00091553,0.041504
0.02182,0.0016785,0.042725
0.021362,0.0030518,0.047607
0.020905,0.0042725,0.047607
0.020905,0.0041199,0.056152
0.021667,0.0041199,0.05127
0.023346,0.0015259,0.057373
0.021973,0.0019836,0.061035
0.019836,0.00076294,0.061035
0.017395,0.0016785,0.073242
0.015717,0.002594,0.057373
0.016174,0.002594,0.047607
0.018158,0.0024414,0.063477
0.020752,0.00091553,0.061035
0.022583,-0.00030518,0.061035
0.022583,-0.00091553,0.062256
0.021057,-0.0015259,0.059814
0.020905,0.00015259,0.063477
0.019836,0.0016785,0.062256
0.018768,0.0032043,0.065918
0.022736,0.0038147,0.062256
0.023346,0.0027466,0.068359
0.023346,0.0015259,0.062256
0.020752,-0.00030518,0.065918
0.017395,-0.00061035,0.067139
0.015717,0.00015259,0.061035
0.017395,0.0018311,0.057373
0.019379,0.00061035,0.043945
0.019836,0.00015259,0.050049
0.021362,-0.0015259,0.05127
0.020142,-0.00061035,0.050049
0.019226,-0.002594,0.043945
0.019379,-0.0019836,0.046387
0.019379,0.0010681,0.046387
0.021667,0.0013733,0.043945
0.023193,0.0016785,0.040283
0.024567,0.00061035,0.045166
0.024414,0.0015259,0.039063
0.023346,0.0021362,0.040283
0.020905,0.0048828,0.0354
0.020599,0.0076294,0.042725
0.020905,0.010681,0.037842
0.02243,0.010681,0.041504
0.023804,0.0097656,0.056152
0.024414,0.0082397,0.037842
0.023193,0.0062561,0.05127
0.02121,0.0057983,0.041504
0.019379,0.0062561,0.025635
0.020294,0.0054932,0.037842
0.021973,0.0061035,0.042725
0.023499,0.0033569,0.045166
0.023651,-0.00030518,0.046387
0.021057,-0.0065613,0.045166
0.01709,-0.004425,0.05127
0.012665,-0.0033569,0.054932
0.010529,-0.0022888,0.058594
0.010376,-0.0022888,0.056152
0.011292,-0.002594,0.063477
0.012054,-0.0041199,0.062256
0.010986,-0.0050354,0.05249
0.0097656,-0.007019,0.070801
0.0099182,-0.0054932,0.062256
0.010986,-0.004425,0.058594
0.013275,-0.0033569,0.062256
0.017242,-0.0033569,0.072021
0.020294,-0.0033569,0.064697
0.021667,-0.0039673,0.050049
0.020905,-0.0036621,0.063477
0.021057,-0.0024414,0.064697
0.021057,0.00030518,0.062256
0.022278,0.002594,0.064697
0.024261,0.0042725,0.061035
0.027618,0.0047302,0.062256
0.03067,0.0042725,0.057373
0.031128,0.0035095,3.335
0.031128,0.0033569,4.8242
0.03006,0.0041199,4.9207
0.028992,0.0048828,4.9097
0.029144,0.0050354,4.9219
0.030365,0.0032043,4.928
0.029755,-0.00030518,4.917
0.027924,-0.0032043,4.9121
0.024261,-0.005188,4.9109
0.019073,-0.0050354,4.9023
0.016022,-0.0021362,4.9121
0.014801,0,4.9109
0.014343,0.0018311,4.9109
0.014954,0.0012207,4.9109
0.015106,-0.00091553,4.9133
0.015106,-0.0016785,4.9097
0.013885,-0.00091553,4.906
0.01297,0.0010681,4.9097
0.013428,0.0035095,4.9072
0.015717,0.0057983,4.8962
0.016937,0.0027466,4.9097
0.019684,0.0010681,4.9146
0.018463,-0.0012207,4.9097
0.014648,-0.0019836,4.9158
0.014343,-0.00061035,4.9133
0.01297,0.0024414,4.9109
0.015717,0.0047302,4.9231
0.016937,0.0079346,4.9231
0.019836,0.0065613,4.9158
0.022125,0.0038147,4.9231
0.021973,0.002594,4.9182
0.023041,0.0013733,4.9316
0.022125,0.002594,4.9316
0.023804,0.0039673,4.9255
0.024414,0.004425,4.9353
0.024719,0.0028992,4.9329
0.024414,-0.00091553,4.9316
0.021515,-0.0042725,4.928
0.0177,-0.0067139,4.9341
0.013885,-0.0042725,4.9304
0.012207,-0.0021362,4.9329
0.014343,-0.00045776,4.9365
0.013733,0.00045776,4.9353
0.015259,-0.00091553,4.9341
0.016022,-0.0021362,4.9353
0.016022,-0.00091553,4.9231
0.015106,-0.0010681,4.9341
0.015411,0.0035095,4.9255
0.017548,0.0041199,4.9268
0.020599,0.0074768,4.9255
0.02182,0.0062561,4.9219
0.024261,0.0047302,4.9243
0.024872,0.0032043,4.9207
0.026245,0.0030518,4.9219
0.025482,0.0062561,4.917
0.02655,0.0085449,4.9158
0.029144,0.0061035,4.917
0.031433,0.0083923,4.917
0.033112,0.005188,4.9146
0.032501,0.0016785,4.9158
0.030518,-0.00045776,4.917
0.028076,-0.00030518,4.9121
0.026245,-0.00015259,4.9194
0.02594,-0.0012207,4.8901
0.02594,-0.0019836,4.9109
0.026703,-0.0038147,4.9097
0.026245,-0.0068665,4.9084
0.024567,-0.012207,4.906
0.021515,-0.0083923,4.9097
0.021667,-0.0056458,4.9109
0.021667,-0.0033569,4.9097
0.022583,-0.0016785,4.9109
0.024261,-0.0030518,4.9182
0.024414,-0.0050354,4.9158
0.021973,-0.0073242,4.9231
0.02121,-0.0050354,4.9207
0.018921,-0.0039673,4.9255
0.018921,-0.0013733,4.9341
0.020294,0.0013733,4.9292
0.023193,0.002594,4.9341
0.026398,0.00091553,4.9329
0.028839,0,4.9304
0.03006,-0.0019836,4.9353
0.031586,0.00030518,4.9304
0.032501,0.0033569,4.9304
0.034332,0.0050354,4.9329
0.037079,0.0062561,4.9329
0.036469,0.0042725,4.9353
0.035858,0.0016785,4.9341
0.033722,-0.0012207,4.9292
0.031891,0.00030518,4.9329
0.028381,0.002594,4.9365
0.026855,0.0047302,4.9365
0.027924,0.007019,4.9341
0.028534,0.0028992,4.9304
0.027771,-0.00091553,4.9219
0.027313,-0.0042725,4.9353
0.03006,-0.0062561,4.9243
0.023651,-0.0036621,4.9304
0.02243,-0.0015259,4.9207
0.021057,0.00015259,4.9133
0.020599,-0.00030518,4.9146
0.020294,-0.0018311,4.9182
0.020447,-0.0042725,4.9182
0.018616,-0.0048828,4.9133
0.017853,-0.0054932,4.9084
0.017853,-0.0030518,4.9182
0.020447,-0.0015259,4.9097
0.023193,-0.0010681,4.9109
0.026398,-0.0015259,4.9109
0.028687,-0.002594,0.041504
0.03006,-0.002594,0.039063
0.030518,-0.00061035,0.042725
0.03006,0.0024414,0.053711
0.031128,0.0050354,0.039063
0.033112,0.0042725,0.045166
0.035248,0.0056458,0.036621
0.037079,0.0041199,0.023193
0.036621,0.002594,0.041504
0.035858,-0.00015259,0.042725
0.033569,0.0027466,0.046387
0.032349,0.0045776,0.046387
0.031586,0.0045776,0.050049
0.032959,0.0041199,0.05249
0.031891,0.0030518,0.054932
0.031433,0.0012207,0.057373
0.028839,0.00091553,0.062256
0.026093,0.0018311,0.057373
0.024261,0.0038147,0.062256
0.022736,0.0059509,0.062256
0.023041,0.0071716,0.068359
0.023193,0.0064087,0.062256
0.023804,0.0045776,0.062256
0.023651,0.0028992,0.062256
0.021973,0.0013733,0.075684
0.020599,0.002594,0.063477
0.019684,0.0042725,0.054932
0.019836,0.004425,0.062256
0.020599,0.0030518,0.06958
0.022278,0.0015259,0.064697
0.024261,-0.0018311,0.065918
0.024109,-0.0033569,0.062256
0.024109,-0.0041199,0.061035
0.023804,-0.0035095,0.05249
0.023651,-0.0012207,0.059814
0.024719,-0.00030518,0.050049
0.026703,-0.0013733,0.053711
0.027161,-0.0045776,0.050049
0.027008,-0.0067139,0.048828
0.025177,-0.0074768,0.05249
0.025024,-0.0056458,0.047607
0.024414,-0.0028992,0.048828
0.024872,-0.00030518,0.042725
0.027161,0.00061035,0.031738
0.029449,-0.0015259,0.042725
0.031128,-0.0041199,0.037842
0.031586,-0.0050354,0.036621
0.031586,-0.0042725,0.040283
0.031433,-0.0019836,0.037842
0.030518,0.00015259,0.032959
0.028381,-0.00030518,0.037842
0.031433,-0.0012207,0.040283
0.031128,-0.0041199,0.0354
0.030212,-0.0057983,0.041504
0.028687,-0.0054932,0.03418
0.02594,-0.0030518,0.042725
0.024414,-0.00030518,0.040283
0.023041,0.00091553,0.045166
0.025024,0.0010681,0.048828
0.02655,-0.0010681,0.047607
0.027161,-0.0022888,0.053711
0.027313,-0.0018311,0.05127
0.027008,-0.00091553,0.046387
0.02594,0.0021362,0.056152
0.025482,0.0041199,0.062256
0.02533,0.0041199,0.056152
0.026245,0.0035095,0.061035
0.026245,0.0016785,0.058594
0.02594,0.00030518,0.064697
0.025482,0.00045776,0.057373
0.024109,0.0012207,0.061035
0.023651,0.0022888,0.056152
0.023499,0.0016785,0.063477
0.024719,0.00091553,0.061035
0.023956,0.00030518,0.068359
0.024567,0,0.080566
0.023804,0.0012207,0.064697
0.023956,0.0016785,0.062256
0.023041,0.0035095,0.067139
0.021362,0.0039673,0.056152
0.020142,0.0036621,0.058594
0.019226,0.0013733,0.054932
0.019073,-0.00015259,0.05249
0.018616,-0.00076294,0.05249
0.018768,-0.0010681,0.048828
0.018463,-0.00030518,0.05127
0.017548,0.0016785,0.047607
0.017853,0.0035095,0.047607
0.018311,0.0028992,0.043945
0.018463,0.0027466,0.047607
0.020599,0.0018311,0.045166
0.018616,0.0021362,0.045166
0.020447,0.0028992,0.041504
0.021057,0.0042725,0.042725
0.020294,0.0054932,0.05127
0.020142,0.0061035,0.039063
0.019226,0.005188,0.054932
0.017853,0.0054932,0.0354
0.0177,0.0048828,0.031738
0.016632,0.0057983,0.039063
0.016174,0.0067139,0.037842
0.014191,0.007782,0.039063
0.013428,0.007782,0.037842
0.013123,0.0071716,0.0354
0.013428,0.0054932,0.042725
0.015259,0.0047302,0.041504
0.016327,0.0048828,0.048828
0.015869,0.0057983,0.046387
0.015106,0.0062561,0.053711
0.013885,0.0048828,0.053711
0.01358,0.0042725,0.057373
0.014343,0.002594,0.064697
0.014801,0.0010681,0.057373
0.016937,0.0030518,0.059814
0.015411,0.0019836,0.058594
0.015564,0.0022888,0.063477
0.014954,0.0016785,0.063477
0.014648,0.0021362,4.3982
0.014496,0.0010681,4.8926
0.013885,0.0012207,4.9255
0.014648,-0.0012207,4.928
0.016022,0.0028992,4.9316
0.016022,0.0035095,4.9329
0.016022,0.0030518,4.9365
0.016937,0.0030518,4.9377
0.016785,0.0021362,4.9353
0.016479,0.00076294,4.9341
0.016785,0.00030518,4.928
0.016632,0.0022888,4.9292
0.015869,0.0016785,4.9316
0.015564,0.0027466,4.9402
0.011444,0.0022888,4.9268
0.013885,0.00091553,4.9255
0.014648,0.00061035,4.9231
0.015259,0.00061035,4.9011
0.016937,0.0019836,4.9146
0.018158,0.0050354,4.917
0.019379,0.0068665,4.9158
0.021515,0.011139,4.9146
0.022583,0.0074768,4.9109
0.022888,0.0074768,4.9146
0.023193,0.0076294,4.9133
0.02243,0.007019,4.9109
0.020905,0.0083923,4.906
0.018616,0.0076294,4.9146
0.016937,0.0071716,4.9158
0.015106,0.0071716,4.9109
0.012665,0.0030518,4.9109
0.013428,0.00061035,4.9109
0.01297,-0.00091553,4.9072
0.015259,-0.0013733,4.9109
0.013123,-0.0019836,4.9097
0.01236,-0.0012207,4.9109
0.012665,-0.0027466,4.906
0.011444,-0.0039673,4.917
0.010986,-0.0053406,4.917
0.010986,-0.0057983,4.917
0.011139,-0.0071716,4.9194
0.0094604,-0.0045776,4.9207
0.0083923,-0.0036621,4.9255
0.0088501,-0.0033569,4.9255
0.010681,-0.0036621,4.9341
0.012512,-0.0032043,4.9292
0.016327,-0.0030518,4.9316
0.020142,-0.0022888,4.9182
0.023193,0.0027466,4.9341
0.026093,0.0010681,4.9426
0.028076,0.0024414,4.9292
0.029907,0.0030518,4.939
0.030365,0.0035095,4.9341
0.029602,0.0045776,4.9255
0.028381,0.0048828,4.939
0.026855,0.0050354,4.9353
0.026245,0.0045776,4.9341
0.024414,0.0035095,4.9353
0.023041,0.0012207,4.9341
0.024567,0.0012207,4.9329
0.021515,0.0012207,4.9292
0.021515,-0.00015259,4.9268
0.02121,-0.0010681,4.9207
0.020599,-0.0013733,4.9207
0.019989,-0.0012207,4.9219
0.018768,-0.00091553,4.9268
0.017548,-0.00030518,4.917
0.015259,-0.00076294,4.9207
0.015717,-0.00091553,4.9194
0.015106,-0.0015259,4.9158
0.013275,-0.0010681,4.9207
0.013123,-0.00076294,4.9109
0.011139,-0.0010681,4.8975
0.014801,-0.0012207,4.9084
0.011292,-0.0015259,4.9133
0.01236,-0.0019836,4.9097
0.013428,-0.0016785,4.9097
0.014954,0.0010681,4.906
0.016022,-0.0027466,4.9097
0.016327,-0.00091553,4.9084
0.017395,-0.0030518,4.9121
0.018005,-0.00061035,4.9109
0.020294,-0.0018311,4.906
0.019989,-0.0019836,4.9109
0.021057,-0.0012207,4.906
0.021515,-0.00030518,4.928
0.02121,0.00045776,4.917
0.02121,0.00030518,4.9268
0.021057,-0.00045776,4.9243
0.022278,-0.00091553,4.9084
0.02243,-0.0018311,4.9255
0.023499,-0.0016785,4.928
0.023651,-0.0021362,4.9353
0.024414,-0.0022888,4.928
0.023804,-0.0030518,4.9268
0.02243,-0.0045776,4.9377
0.022583,-0.0047302,4.9304
0.019531,-0.0050354,4.9341
0.017242,-0.0042725,4.9268
0.015259,-0.0038147,4.9353
0.014038,-0.0027466,4.9353
0.013123,-0.002594,4.9353
0.012207,-0.002594,4.9426
0.012512,-0.0019836,4.939
0.012054,-0.0022888,4.9341
0.013733,-0.0016785,4.9353
0.016479,-0.0010681,4.9414
0.018921,0,4.9292
0.02243,0.00076294,4.9133
0.025635,0.00045776,0.063477
0.027924,0.00030518,0.05249
0.029144,-0.00030518,0.050049
0.030212,-0.00015259,0.05249
0.031281,-0.00015259,0.045166
0.031586,-0.0010681,0.045166
0.032043,-0.0013733,0.045166
0.031891,-0.0021362,0.047607
0.031738,-0.0039673,0.045166
0.030518,-0.0036621,0.041504
0.029144,-0.002594,0.042725
0.029755,-0.0012207,0.041504
0.03006,-0.00076294,0.05127
0.032349,-0.00061035,0.041504
0.031281,-0.0013733,0.050049
0.030212,-0.0016785,0.039063
0.028534,-0.0013733,0.029297
0.025482,-0.0030518,0.037842
0.022888,-0.00015259,0.039063
0.021362,-0.00015259,0.037842
0.019989,-0.0041199,0.040283
0.019836,-0.0035095,0.037842
0.019073,-0.0061035,0.043945
0.018463,-0.0056458,0.042725
0.018616,-0.0054932,0.050049
0.018921,-0.0048828,0.048828
0.020294,-0.0053406,0.05127
0.02182,-0.0059509,0.056152
0.024109,-0.0053406,0.058594
0.02533,-0.0048828,0.061035
0.026245,-0.0030518,0.061035
0.027161,-0.00076294,0.059814
0.027924,0.0018311,0.061035
0.029755,0.0038147,0.067139
0.031891,0.0048828,0.063477
0.034027,0.004425,0.063477
0.035858,0.0048828,0.056152
0.036469,0.005188,0.059814
0.036469,0.0048828,0.063477
0.035095,0.0042725,0.065918
0.034332,0.0033569,0.062256
0.032196,0.002594,0.06958
0.030518,0.0027466,0.063477
0.028839,0.00091553,0.067139
0.02655,-0.00045776,0.064697
0.024414,-0.0033569,0.064697
0.022125,-0.0061035,0.057373
0.019531,-0.0074768,0.057373
0.019836,-0.0068665,0.067139
0.019989,-0.0073242,0.05249
0.019226,-0.0068665,0.05249
0.020905,-0.0062561,0.05127
0.021362,-0.0054932,0.029297
0.021362,-0.0036621,0.047607
0.023041,-0.0015259,0.046387
0.024567,-0.00015259,0.045166
0.026093,0.0015259,0.040283
0.028534,0.0016785,0.040283
0.03067,0.0013733,0.045166
0.031433,0.00015259,0.040283
0.031891,0.0010681,0.040283
0.032654,0.0024414,0.036621
0.033264,0.0047302,0.042725
0.03418,0.0062561,0.037842
0.033875,0.0071716,0.043945
0.03479,0.0091553,0.041504
0.033264,0.010071,0.041504
0.035553,0.010681,0.037842
0.033722,0.012512,0.039063
0.036469,0.010223,0.041504
0.032654,0.0097656,0.041504
0.032043,0.0085449,0.041504
0.030823,0.0047302,0.048828
0.029755,0.0036621,0.047607
0.027924,0.0015259,0.050049
0.026093,0.00076294,0.056152
0.023041,-0.0035095,0.05249
0.022278,-0.00015259,0.061035
0.019989,-0.00030518,0.056152
0.019531,-0.00045776,0.062256
0.0177,0,0.058594
0.016785,-0.00091553,0.064697
0.016632,-0.00030518,0.062256
0.016174,0,0.063477
0.018005,0.00076294,0.06958
0.018311,0.0021362,0.061035
0.019379,0.0035095,0.068359
0.023651,0.0035095,0.063477
0.021362,0.0030518,0.054932
0.02243,0.0032043,0.065918
0.022125,0.0027466,0.067139
0.023499,0.0042725,0.063477
0.023804,0.005188,0.063477
0.023346,0.0050354,0.059814
0.024261,0.0038147,0.057373
0.023804,0.0036621,0.056152
0.024719,0.0019836,0.057373
0.025177,0.0019836,0.048828
0.02655,0.0010681,0.05249
0.027466,0.00076294,0.05127
0.027313,0.00015259,0.050049
0.027924,-0.0032043,0.043945
0.02655,-0.00030518,0.046387
0.027161,-0.00076294,0.054932
0.027008,-0.0013733,0.042725
0.024872,-0.0016785,0.053711
0.023804,-0.0019836,0.041504
0.023651,-0.0016785,0.029297
0.02182,-0.00076294,0.037842
0.02182,0.0010681,0.037842
0.021362,0.00091553,0.039063
0.02121,0.0012207,0.036621
0.019989,0.00061035,0.036621
0.019989,0.0027466,0.040283
0.019684,0.0012207,0.039063
0.019836,0.0016785,0.041504
0.020142,0.0019836,0.03418
0.02121,0.0035095,0.3064
0.021667,0.0036621,4.6472
0.021667,0.0042725,4.8999
0.021057,0.005188,4.928
0.021362,0.0048828,4.9207
0.022583,0.0039673,4.9207
0.02243,0.0042725,4.9268
0.023499,0.0045776,4.9194
0.021973,0.0039673,4.9255
0.021515,0.0036621,4.9133
0.021515,0.0035095,4.9304
0.023651,0.0033569,4.9304
0.020905,0.002594,4.928
0.020599,0.0012207,4.9341
0.023804,-0.0019836,4.9329
0.018921,-0.0015259,4.9292
0.018768,-0.00030518,4.9255
0.017853,0.0012207,4.9353
0.017242,0.0028992,4.9341
0.015259,0.0021362,4.9377
0.014954,0.0021362,4.9341
0.012817,0.0012207,4.939
0.013733,0.0012207,4.9426
0.013123,0.0018311,4.9377
0.013885,0.002594,4.9414
0.013885,0.0041199,4.9304
0.014343,0.0028992,4.9182
0.015259,0.0013733,4.9255
0.016174,0.00015259,4.9194
0.01709,-0.00076294,4.9158
0.018616,0.00015259,4.9207
0.019379,0.00076294,4.917
0.019836,0.0019836,4.9158
0.021667,0.0028992,4.9146
0.020905,0.0028992,4.9158
0.020905,0.0027466,4.9109
0.019836,-0.00015259,4.9146
0.019684,0.002594,4.9084
0.020142,0.0021362,4.9146
0.020294,0.0016785,4.9109
0.019684,-0.0021362,4.9121
0.018921,0.0015259,4.9097
0.018311,0.00076294,4.9097
0.0177,0.0010681,4.906
0.019531,0,4.9109
0.018616,0.00015259,4.9121
0.018463,-0.00061035,4.906
0.0177,-0.00091553,4.9072
0.015717,-0.00045776,4.9084
0.015259,-0.00076294,4.9146
0.015564,-0.00076294,4.9097
0.016327,-0.0030518,4.9194
0.016632,-0.00076294,4.9207
0.017395,-0.0010681,4.9231
0.018005,-0.0012207,4.9243
0.018921,-0.0027466,4.9316
0.018005,-0.0021362,4.9255
0.017853,-0.0030518,4.9304
0.019531,-0.0036621,4.9353
0.020447,-0.0042725,4.9329
0.020905,-0.0041199,4.9402
0.02121,-0.0035095,4.9316
0.021362,-0.0028992,4.9133
0.020447,-0.002594,4.9341
0.019379,-0.0016785,4.9316
0.020142,-0.0012207,4.9329
0.021362,-0.00091553,4.9353
0.021667,-0.00045776,4.9329
0.02182,-0.00030518,4.939
0.022125,0.00061035,4.9353
0.021362,0.0018311,4.9353
0.020294,0.0024414,4.9316
0.018768,0.002594,4.9329
0.018005,0.0022888,4.9255
0.017242,0.0016785,4.9292
0.016327,0.0028992,4.9353
0.016632,0.0035095,4.9255
0.016632,0.004425,4.9207
0.017242,0.004425,4.9219
0.017242,0.0042725,4.9109
0.017548,0.002594,4.9158
0.019379,0.002594,4.9146
0.019684,0.0021362,4.9158
0.020142,0.0015259,4.9146
0.019684,0.00091553,4.9146
0.019836,-0.00076294,4.9109
0.017242,-0.0024414,4.9097
0.016174,-0.0024414,4.9121
0.014343,-0.0048828,4.9048
0.012817,-0.0041199,4.9121
0.011902,-0.0041199,4.9133
0.012665,-0.004425,4.9133
0.011749,-0.004425,4.9072
0.01236,-0.0041199,4.9097
0.013428,-0.0041199,4.9182
0.014496,-0.0027466,4.9133
0.015411,-0.0024414,4.9255
0.016022,-0.0010681,4.9158
0.017395,-0.00061035,4.9048
0.019684,-0.00030518,4.9207
0.021057,-0.00061035,4.9194
0.021057,-0.0013733,4.9207
0.020599,-0.00030518,4.9243
0.021973,0.00015259,4.9243
0.020599,0.0013733,4.9292
0.02182,0.0035095,4.9292
0.023193,0.0042725,4.9377
0.025635,0.0041199,4.9292
0.024872,0.0045776,4.9329
0.023651,0.0041199,0.047607
0.022583,0.0028992,0.064697
0.022278,0.0010681,0.063477
0.020447,-0.00061035,0.063477
0.02243,-0.0010681,0.065918
0.021667,-0.0024414,0.065918
0.021667,-0.0033569,0.070801
0.020142,-0.0036621,0.068359
0.017853,-0.0032043,0.065918
0.015869,-0.0013733,0.062256
0.017395,-0.00015259,0.062256
0.019073,0.0010681,0.056152
0.019989,0.0021362,0.057373
0.019531,0.00091553,0.047607
0.016632,0,0.053711
0.016632,-0.0012207,0.050049
0.015259,-0.0015259,0.05249
0.015717,-0.0018311,0.050049
0.015259,-0.0012207,0.050049
0.015259,0,0.045166
0.014801,-0.00061035,0.046387
0.014954,0.00061035,0.058594
0.014648,0.00015259,0.042725
0.014954,-0.0015259,0.05127
0.015717,-0.0015259,0.043945
0.017548,-0.0021362,0.029297
0.018463,-0.0021362,0.036621
0.018463,-0.0019836,0.039063
0.020447,-0.0032043,0.040283
0.017548,-0.0041199,0.037842
0.017395,-0.0056458,0.037842
0.016785,-0.0057983,0.039063
0.017853,-0.0035095,0.039063
0.018158,-0.0012207,0.043945
0.018921,0.0012207,0.036621
0.018616,0.002594,0.036621
0.018616,0.0013733,0.047607
0.019226,-0.00030518,0.048828
0.019379,0.00091553,0.062256
0.020599,-0.0028992,0.05127
0.020447,-0.0032043,0.053711
0.021515,-0.0032043,0.057373
0.021973,-0.0018311,0.054932
0.02121,-0.0027466,0.057373
0.019073,-0.002594,0.072021
0.016479,-0.0018311,0.059814
0.014954,0.00091553,0.059814
0.01358,0.0022888,0.061035
0.013123,0.0038147,0.063477
0.01358,0.0047302,0.061035
0.014648,0.0039673,0.061035
0.015106,0.0019836,0.059814
0.016937,0.00061035,0.065918
0.019836,-0.0018311,0.063477
0.022888,-0.0013733,0.070801
0.024719,-0.0010681,0.065918
0.026093,0.00045776,0.064697
0.025482,-0.00030518,0.072021
0.022736,0.00030518,0.063477
0.020294,0.00076294,0.070801
0.018311,0.00045776,0.054932
0.02121,0.00045776,0.042725
0.018311,0.00045776,0.053711
0.019836,0.0010681,0.050049
0.021515,0.00061035,0.046387
0.022278,-0.00030518,0.048828
0.023956,-0.00045776,0.043945
0.024872,-0.0016785,0.042725
0.024719,-0.0013733,0.042725
0.025787,-0.00076294,0.047607
0.024414,-0.00015259,0.039063
0.022278,0.00076294,0.042725
0.016022,0.00076294,0.042725
0.016022,-0.00045776,0.041504
0.015411,-0.0019836,0.039063
0.016632,-0.0039673,0.039063
0.020447,-0.0039673,0.039063
0.022278,-0.0036621,0.040283
0.024719,-0.0024414,0.0354
0.025024,0.0016785,0.039063
0.027771,-0.00045776,0.050049
0.025482,0,0.037842
0.025482,0,0.041504
0.025787,0.0016785,0.042725
0.025635,0.0018311,0.046387
0.024872,0.0033569,0.046387
0.024261,0.0050354,0.05249
0.023499,0.0039673,0.05127
0.022583,0.0012207,0.053711
0.025787,0.00076294,0.053711
0.026855,-0.00045776,0.059814
0.028839,-0.00030518,0.054932
0.028839,0.00061035,0.063477
0.028229,0.0012207,0.072021
0.028076,-0.00015259,0.061035
0.026398,0.00076294,0.065918
0.023956,-0.00091553,0.059814
0.021973,-0.0057983,0.043945
0.020752,-0.0021362,0.057373
0.020142,-0.0022888,0.058594
0.020599,-0.0035095,0.065918
0.020752,-0.0039673,0.064697
0.021057,-0.0086975,0.061035
0.022125,-0.0061035,0.070801
0.02243,-0.0059509,0.058594
0.023499,-0.0047302,0.062256
0.023651,-0.0027466,0.057373
0.023804,-0.0010681,0.059814
0.023956,0.00045776,0.056152
0.024872,0.00076294,0.058594
0.023804,0.0013733,0.057373
0.025635,0.00091553,0.05249
0.024719,0.0015259,0.054932
0.02655,0.00091553,0.05127
0.027771,0.0016785,0.058594
0.029297,0.0028992,0.046387
0.03006,0.0047302,0.028076
0.03067,0.0024414,0.043945
0.030212,0.0028992,3.2764
0.029297,0.0024414,4.8108
0.028839,0.0018311,4.8962
0.028076,0.0038147,4.9048
0.028534,0.0041199,4.9109
0.028381,0.0047302,4.906
0.028229,0.0039673,4.9084
0.028534,0.0027466,4.9109
0.028076,0.0024414,4.9121
0.028839,0.0018311,4.9097
0.028381,0.0024414,4.9133
0.028839,0.0024414,4.9207
0.028076,0.0028992,4.9097
0.026703,0.0039673,4.9182
0.025024,0.0038147,4.9158
0.023346,0.0035095,4.9109
0.02243,0.0028992,4.9219
0.02182,0.002594,4.9011
0.021057,0.0027466,4.9219
0.019989,0.0032043,4.9268
0.019379,0.0033569,4.9255
0.019684,0.0027466,4.9292
0.019989,0.0024414,4.9316
0.020294,0.0018311,4.939
0.02182,0.00091553,4.9316
0.021515,0.00076294,4.9329
0.020905,0.00076294,4.9304
0.019989,0.00015259,4.9353
0.018463,-0.00030518,4.9316
0.019226,-0.0016785,4.9377
0.018921,-0.0018311,4.939
0.019226,-0.0022888,4.9377
0.020599,-0.0022888,4.9463
0.022125,-0.0019836,4.9365
0.023499,-0.0021362,4.9268
0.024109,-0.0022888,4.9292
0.02594,-0.0016785,4.9292
0.026703,-0.0012207,4.9255
0.027771,-0.0015259,4.928
0.027008,-0.0019836,4.9219
0.026093,-0.002594,4.9255
0.026398,-0.0027466,4.9194
0.025177,-0.0033569,4.9219
0.024109,-0.0018311,4.9158
0.024109,-0.0013733,4.9231
0.024414,-0.00030518,4.9072
0.024414,0.00015259,4.9182
0.02533,0.00091553,4.9231
0.025482,0.0012207,4.9158
0.026093,0.0015259,4.9109
0.025787,0.002594,4.9121
0.025177,0.0035095,4.8938
0.024261,0.0042725,4.9109
0.023499,0.0038147,4.9109
0.023193,0.0032043,4.9109
0.022278,0.002594,4.8999
0.022278,0.0021362,4.9072
0.023346,0.0028992,4.9097
0.02243,0.0039673,4.9097
0.021973,0.0047302,4.9109
0.022278,0.0030518,4.9109
0.022736,0.00030518,4.9207
0.022736,0.00015259,4.9158
0.023041,0,4.9207
0.02243,0.00091553,4.9207
0.022583,0.0028992,4.9255
0.021515,0.0024414,4.9292
0.021362,0.0028992,4.9292
0.021973,0.0013733,4.9377
0.021667,-0.00030518,4.9316
0.022125,-0.00091553,4.9219
0.02121,0,4.9329
0.020142,0.0010681,4.928
0.019684,0.0024414,4.9304
0.019379,0.0030518,4.9329
0.019531,0.002594,4.9304
0.020142,0.0013733,4.9316
0.018768,0.0016785,4.9353
0.018768,0.0022888,4.9365
0.018616,0.00030518,4.9316
0.019379,0.004425,4.9377
0.020142,0.004425,4.9353
0.020447,0.0030518,4.9365
0.021515,0.0019836,4.9426
0.02182,-0.0012207,4.9304
0.020447,0.0019836,4.9304
0.018921,0.0030518,4.928
0.017242,0.0042725,4.9158
0.0177,0.0047302,4.9219
0.016022,0.004425,4.9194
0.016022,0.0028992,4.9146
0.018311,0.0019836,4.9194
0.016327,0.0021362,4.9158
0.016785,0.0015259,4.9072
0.017548,0.0027466,4.9121
0.017242,0.0032043,4.917
0.018921,0.0032043,4.9084
0.019379,0.0027466,4.9146
0.020599,0.0022888,4.9109
0.019836,0.0024414,4.9158
0.019379,0.0035095,4.9084
0.018463,0.0057983,4.9133
0.017548,0.0061035,4.9146
0.01709,0.0074768,4.9121
0.01709,0.0068665,4.917
0.016937,0.0047302,4.9133
0.017548,0.0019836,4.9048
0.0177,0.00030518,4.9109
0.018311,-0.00091553,0.039063
0.019073,0,0.046387
0.020294,0.0015259,0.048828
0.019836,0.0019836,0.048828
0.018768,0.0015259,0.054932
0.018921,0.0015259,0.050049
0.018463,-0.00061035,0.058594
0.019684,0.00030518,0.057373
0.019836,0.0018311,0.063477
0.019073,0.0038147,0.059814
0.019226,0.0030518,0.062256
0.019226,0.0019836,0.06958
0.019379,-0.0013733,0.065918
0.020599,-0.00076294,0.059814
0.022278,-0.00091553,0.061035
0.02182,0.0016785,0.053711
0.019836,0.004425,0.063477
0.019684,0.0061035,0.062256
0.018616,0.0056458,0.067139
0.017548,0.004425,0.065918
0.017548,0.0022888,0.061035
0.018005,0.0015259,0.067139
0.019226,0.0019836,0.059814
0.020294,0.0056458,0.061035
0.022125,0.0062561,0.057373
0.02182,0.007019,0.062256
0.023346,0.0065613,0.05249
0.024261,0.0053406,0.053711
0.026093,0.0057983,0.053711
0.024261,0.0074768,0.05127
0.024567,0.0090027,0.054932
0.022125,0.011292,0.048828
0.021362,0.0093079,0.057373
0.019531,0.0056458,0.041504
0.017548,0.00076294,0.029297
0.015259,-0.0024414,0.039063
0.015564,-0.005188,0.039063
0.015869,-0.0045776,0.039063
0.016327,-0.0047302,0.043945
0.016632,-0.0024414,0.036621
0.015411,-0.0035095,0.040283
0.013733,-0.005188,0.039063
0.01236,-0.011139,0.039063
0.011749,-0.0080872,0.03418
0.01236,-0.0064087,0.039063
0.012665,-0.0035095,0.036621
0.013733,-0.0027466,0.045166
0.014496,-0.0015259,0.048828
0.015259,-0.0024414,0.047607
0.017242,-0.0038147,0.05249
0.018311,-0.0041199,0.047607
0.02121,-0.0019836,0.042725
0.022736,0.0012207,0.05249
0.023041,0.0042725,0.05127
0.023041,0.0048828,0.053711
0.023804,0.0035095,0.054932
0.024414,0.0012207,0.058594
0.025482,-0.0016785,0.059814
0.027008,-0.0012207,0.058594
0.027771,-0.00015259,0.063477
0.028687,0.0013733,0.059814
0.028839,0.0016785,0.061035
0.027924,0.0010681,0.064697
0.026703,-0.00030518,0.063477
0.024414,-0.0022888,0.062256
0.021667,-0.0033569,0.064697
0.021515,-0.0022888,0.070801
0.021362,-0.0012207,0.067139
0.015869,0.00030518,0.076904
0.018158,0.002594,0.065918
0.016022,0.002594,0.05127
0.015259,0.00091553,0.058594
0.012817,-0.0019836,0.057373
0.015106,-0.0022888,0.05249
0.015259,-0.0021362,0.054932
0.015717,-0.002594,0.048828
0.014954,-0.0030518,0.05249
0.015259,-0.004425,0.046387
0.015411,-0.0065613,0.048828
0.015411,-0.0083923,0.042725
0.015717,-0.0079346,0.046387
0.016785,-0.0059509,0.043945
0.017395,-0.0032043,0.046387
0.021973,-0.00076294,0.048828
0.017395,0.00091553,0.041504
0.017548,0,0.037842
0.018768,-0.0016785,0.042725
0.02182,-0.002594,0.023193
0.021057,-0.0028992,0.036621
0.02182,-0.0022888,0.037842
0.022888,-0.002594,0.040283
0.023499,-0.0032043,0.039063
0.023346,-0.0061035,0.0354
0.023804,-0.0083923,0.041504
0.022888,-0.010071,0.039063
0.021515,-0.009613,0.040283
0.019989,-0.0076294,0.041504
0.0177,-0.0067139,0.046387
0.015564,-0.0054932,0.045166
0.01358,-0.0059509,0.05127
0.013123,-0.0067139,0.05127
0.014191,-0.0068665,0.053711
0.015259,-0.0048828,0.062256
0.017548,-0.0015259,0.058594
0.019379,0.0016785,0.072021
0.020752,0.0041199,0.058594
0.021515,0.0053406,0.050049
0.021057,0.0053406,0.061035
0.020447,0.0041199,0.059814
0.019989,0.0021362,0.059814
0.019226,0.0016785,0.062256
0.019226,0.0012207,0.059814
0.018921,0.00061035,0.063477
0.019073,-0.00045776,0.059814
0.018921,-0.002594,0.065918
0.019226,-0.005188,0.063477
0.020599,-0.0067139,0.065918
0.02243,-0.007782,0.065918
0.024261,-0.0071716,1.8591
0.02533,-0.0056458,4.7522
0.024261,-0.005188,4.9182
0.022736,-0.002594,4.9255
0.020447,-0.0024414,4.9219
0.019684,-0.0035095,4.9231
0.018158,-0.0050354,4.9207
0.020447,-0.0048828,4.9158
0.020905,-0.0038147,4.9121
0.020294,-0.0030518,4.9194
0.019836,-0.0028992,4.9146
0.019226,-0.0048828,4.9146
0.018463,-0.0076294,4.9133
0.019073,-0.0094604,4.9133
0.020142,-0.0091553,4.906
0.021057,-0.0076294,4.9109
0.021515,-0.0054932,4.9109
0.020905,-0.0027466,4.9133
0.022583,-0.0018311,4.9097
0.020752,-0.0016785,4.9133
0.02121,-0.0024414,4.9219
0.022278,-0.0018311,4.9097
0.024872,-0.00091553,4.9158
0.026093,0.00091553,4.9097
0.026245,0.0024414,4.8987
0.025177,0.0035095,4.9109
0.023651,0.0019836,4.9146
0.023041,0.00045776,4.9133
0.023651,-0.0021362,4.9158
0.025177,-0.0030518,4.9121
0.026093,-0.0030518,4.9255
0.025482,0.0010681,4.9207
0.024719,0.0035095,4.9268
0.022583,0.0047302,4.9268
0.021362,0.0042725,4.9304
0.022125,0.0018311,4.9133
0.022888,0.00015259,4.9316
0.023956,-0.00091553,4.9365
0.023346,0.00015259,4.9304
0.021667,0.0010681,4.9292
0.019684,0.00015259,4.9329
0.018463,-0.00030518,4.9414
0.018005,-0.0013733,4.9426
0.019836,-0.0036621,4.9231
0.021362,-0.0035095,4.9353
0.022888,-0.0027466,4.9353
0.023193,-0.0022888,4.9329
0.02182,0.0010681,4.9353
0.020752,0.0013733,4.939
0.022736,0.0022888,4.9304
0.024109,-0.00030518,4.9243
0.026855,0.0012207,4.9268
0.028992,0.00061035,4.9194
0.029602,0.00045776,4.9255
0.02594,0.0022888,4.928
0.02533,0.0032043,4.9268
0.024414,0.004425,4.9255
0.024261,0.0057983,4.9243
0.02594,0.0057983,4.9219
0.028076,0.0064087,4.9048
0.028076,0.0074768,4.9036
0.027161,0.0090027,4.9133
0.02655,0.009613,4.9109
0.024567,0.0099182,4.9097
0.023804,0.009613,4.9109
0.024261,0.0091553,4.9084
0.02533,0.0082397,4.9109
0.02594,0.0079346,4.8877
0.024719,0.009613,4.9133
0.02243,0.0088501,4.9084
0.019989,0.0080872,4.9121
0.017853,0.0067139,4.9121
0.017395,0.004425,4.9158
0.020294,0.0028992,4.9109
0.019531,0.0012207,4.9194
0.020447,0.0024414,4.9133
0.019989,0.0024414,4.9158
0.018005,0.0028992,4.9255
0.017395,0.0039673,4.9268
0.018158,0.004425,4.9133
0.019684,0.0016785,4.9268
0.023041,0.0050354,4.928
0.024261,0.0053406,4.9329
0.024261,0.0056458,4.9304
0.023499,0.0061035,4.928
0.022583,0.005188,4.9341
0.02182,0.0050354,4.9304
0.023041,0.0041199,4.9316
0.025177,0.0041199,4.9304
0.02533,0.0033569,4.9353
0.024719,0.0027466,4.9316
0.022583,0.0018311,4.939
0.019989,0.0018311,4.9512
0.018005,0.0021362,4.939
0.018616,0.0021362,4.9353
0.021515,0.0018311,4.9365
0.023956,0.0018311,4.9194
0.026245,0.0013733,4.928
0.02594,0.0016785,4.9255
0.023651,0.0027466,4.9268
0.022125,0.0035095,4.9219
0.02121,0.0045776,4.9207
0.02182,0.0047302,4.9268
0.022736,0.0035095,4.9158
0.023804,0.0019836,4.9194
0.023041,-0.00091553,4.9097
0.020752,0.00091553,4.9158
0.019073,0.00061035,4.9146
0.018311,0.0012207,0.046387
0.020447,0.0021362,0.043945
0.021973,0.0016785,0.042725
0.024567,0.0028992,0.042725
0.025177,0.0032043,0.039063
0.025024,-0.00015259,0.040283
0.023804,0.0027466,0.039063
0.023193,0.0028992,0.032959
0.023193,0.002594,0.039063
0.024872,0.0030518,0.0354
0.025482,0.0022888,0.037842
0.02533,0.0018311,0.042725
0.021362,0.0012207,0.040283
0.021515,0.00015259,0.043945
0.019684,0.00030518,0.043945
0.018921,-0.00030518,0.050049
0.020142,-0.0024414,0.046387
0.023041,-0.00061035,0.056152
0.024109,-0.00076294,0.056152
0.023956,-0.00091553,0.057373
0.023499,-0.0010681,0.068359
0.02182,-0.0015259,0.058594
0.020905,-0.00045776,0.070801
0.02182,0,0.062256
0.023651,0.00045776,0.053711
0.025177,0.00061035,0.062256
0.025024,0.00076294,0.058594
0.023651,0.0013733,0.058594
0.02121,0.0019836,0.064697
0.019226,0.0032043,0.061035
0.019379,0.0036621,0.062256
0.021667,0.0041199,0.064697
0.022583,0.0036621,0.067139
0.024872,0.002594,0.064697
0.024261,0.0012207,0.067139
0.025635,0.00030518,0.063477
0.020142,-0.00045776,0.064697
0.019379,-0.00030518,0.061035
0.019226,0.00030518,0.057373
0.019836,0.0018311,0.057373
0.020447,0.00015259,0.053711
0.020599,-0.00061035,0.057373
0.018616,-0.00061035,0.046387
0.017395,0.00030518,0.048828
0.01709,0.0012207,0.042725
0.018311,0.0018311,0.045166
0.020294,0.0027466,0.042725
0.021973,0.0012207,0.045166
0.023193,-0.00076294,0.036621
0.022125,-0.0035095,0.042725
0.019836,-0.0041199,0.037842
0.016937,-0.0035095,0.040283
0.015411,-0.0024414,0.042725
0.015564,-0.0024414,0.042725
0.016785,-0.0019836,0.039063
0.018768,-0.0036621,0.040283
0.020447,-0.0050354,0.06958
0.019379,-0.005188,0.041504
0.018768,-0.0036621,0.048828
0.018921,-0.0013733,0.042725
0.019989,0.00030518,0.020752
0.02182,0.00015259,0.042725
0.023499,-0.0010681,0.043945
0.024414,-0.0030518,0.039063
0.022736,-0.0032043,0.048828
0.019684,-0.0018311,0.050049
0.0177,-0.0013733,0.054932
0.016785,-0.0013733,0.054932
0.018158,-0.00045776,0.058594
0.019836,0,0.056152
0.021515,-0.0021362,0.062256
0.021362,-0.0041199,0.062256
0.020599,-0.004425,0.062256
0.018768,-0.0032043,0.059814
0.016327,-0.0024414,0.062256
0.018005,-0.00091553,0.061035
0.019684,-0.0012207,0.062256
0.021057,-0.0024414,0.075684
0.020905,-0.0036621,0.062256
0.018921,-0.0030518,0.057373
0.016022,-0.0012207,0.064697
0.014343,0.0015259,0.064697
0.014496,0.0036621,0.058594
0.016174,0.0047302,0.064697
0.017853,0.0035095,0.054932
0.020599,0.0022888,0.058594
0.020294,0.00030518,0.05127
0.018768,-0.0010681,0.053711
0.017242,-0.0012207,0.047607
0.016785,-0.0012207,0.05249
0.018158,-0.0010681,0.053711
0.019989,-0.0027466,0.047607
0.021057,-0.0048828,0.053711
0.020294,-0.0074768,0.047607
0.01709,-0.0088501,0.042725
0.014801,-0.0080872,0.037842
0.012817,-0.0061035,0.030518
0.013123,-0.004425,0.040283
0.013275,-0.0041199,0.037842
0.015869,-0.0053406,0.037842
0.016632,-0.0068665,0.037842
0.015564,-0.0067139,0.040283
0.014343,-0.0065613,0.041504
0.013123,-0.0012207,0.036621
0.014648,0.0019836,0.041504
0.01709,0.002594,0.037842
0.020294,0.0045776,0.041504
0.02182,0.0027466,0.041504
0.021973,0.00091553,0.046387
0.020905,0.00045776,0.042725
0.020447,0.00030518,0.046387
0.020142,0.0015259,0.05127
0.019836,0.002594,0.050049
0.023804,0.0022888,0.058594
0.024872,-0.00030518,0.056152
0.025024,-0.0024414,0.042725
0.023956,-0.0035095,0.054932
0.019531,-0.0032043,0.062256
0.020447,-0.00030518,4.3176
0.019684,0.0027466,4.8889
0.019836,0.0045776,4.917
0.02121,0.0035095,4.9304
0.02182,0.0018311,4.9316
0.020447,-0.00030518,4.9304
0.018311,-0.0027466,4.928
0.015869,0.00061035,4.9377
0.013885,0.0030518,4.9255
0.013733,0.0036621,4.9402
0.014801,0.004425,4.9475
0.015564,0.0022888,4.939
0.014954,-0.00061035,4.9329
0.014038,-0.0021362,4.9341
0.013733,-0.0016785,4.9304
0.013123,0.00061035,4.928
0.013123,0.0050354,4.9268
0.014648,0.0032043,4.9255
0.015259,0.0016785,4.9243
0.015411,-0.00015259,4.917
0.015411,-0.0019836,4.9231
0.015106,-0.0013733,4.9182
0.015106,-0.00015259,4.9158
0.016327,0.0027466,4.9133
0.018768,-0.00030518,4.9182
0.021515,0.0035095,4.9146
0.024567,0.0015259,4.9146
0.025177,-0.00076294,4.9097
0.026398,-0.0012207,4.9133
0.023651,0.0012207,4.9219
0.022125,0.0038147,4.9109
0.02121,0.0067139,4.9231
0.019684,0.0061035,4.9084
0.020447,0.0033569,4.9023
0.019379,0.00015259,4.9121
0.017548,0.0012207,4.9084
0.016479,-0.0010681,4.9072
0.013123,0.0016785,4.9109
0.014191,0.0033569,4.9097
0.014954,0.004425,4.9158
0.017548,0.0039673,4.9133
0.019531,0.0039673,4.9231
0.018768,0.0035095,4.9182
0.017853,0.0062561,4.9219
0.016174,0.0083923,4.9255
0.016632,0.0097656,4.9109
0.018768,0.0093079,4.9341
0.021667,0.0076294,4.9304
0.024109,0.0038147,4.9329
0.024261,0.00076294,4.9304
0.023956,0.00061035,4.9353
0.02182,0.0012207,4.9304
0.021057,0.0027466,4.9292
0.022278,0.004425,4.928
0.02594,0.0041199,4.9304
0.026093,0.0015259,4.9329
0.028839,0,4.9353
0.028687,-0.00030518,4.9353
0.031281,0.00030518,4.939
0.027771,0.0030518,4.9329
0.028229,0.0045776,4.9365
0.028076,0.0013733,4.9316
0.029907,0.0032043,4.9329
0.029297,0.00076294,4.9255
0.026703,-0.00091553,4.9304
0.022736,-0.0010681,4.9365
0.022125,0.00015259,4.9268
0.020447,0.0022888,4.9255
0.019836,0.0033569,4.9207
0.019989,0.0021362,4.9023
0.02243,-0.00015259,4.9133
0.023041,-0.002594,4.9194
0.02243,-0.0035095,4.9146
0.022278,-0.0015259,4.9231
0.021057,0.0010681,4.9097
0.022888,0.0041199,4.9133
0.023346,0.0056458,4.9084
0.02533,0.0027466,4.8914
0.02594,-0.00091553,4.9084
0.02533,-0.0032043,4.9146
0.023499,-0.005188,4.9109
0.023499,-0.0022888,4.9109
0.024261,-0.00015259,4.9109
0.02533,-0.0012207,4.9084
0.028229,-0.00045776,4.9072
0.029755,-0.0035095,4.9109
0.029297,-0.0067139,4.906
0.027313,-0.0061035,4.9133
0.025024,-0.0041199,4.9084
0.023651,-0.00076294,4.9194
0.023956,0.0012207,4.9194
0.022278,0.00061035,4.9194
0.02533,-0.0021362,4.9243
0.02533,-0.005188,4.9243
0.025635,-0.0056458,4.9304
0.023956,-0.0041199,4.9255
0.024109,-0.0010681,4.9316
0.023651,0.0019836,4.9304
0.024261,0.0021362,4.9329
0.025482,0.0021362,4.9329
0.02594,0.00015259,4.9341
0.024414,-0.00061035,4.9377
0.023346,-0.00030518,4.9341
0.02121,0.00015259,4.9426
0.021057,0.0016785,4.9304
0.021515,0.0012207,4.9207
0.023651,-0.00030518,4.9377
0.025482,-0.0022888,4.9329
0.026093,-0.0039673,0.061035
0.024872,-0.0041199,0.065918
0.023956,-0.0035095,0.059814
0.021667,-0.00091553,0.059814
0.021362,0.0021362,0.053711
0.021515,0.0042725,0.056152
0.022888,0.0053406,0.048828
0.023804,0.0038147,0.050049
0.023956,0.0036621,0.048828
0.023499,0.0045776,0.05127
0.022125,0.0057983,0.05127
0.02182,0.0068665,0.047607
0.023041,0.0073242,0.046387
0.025024,0.0073242,0.045166
0.026245,0.0047302,0.037842
0.027008,0.0035095,0.041504
0.025024,0.0039673,0.041504
0.023956,0.0041199,0.036621
0.02182,0.004425,0.037842
0.020752,0.0050354,0.039063
0.022278,0.005188,0.041504
0.022583,0.0050354,0.039063
0.02182,0.002594,0.041504
0.021362,0.0027466,0.036621
0.020142,0.0021362,0.041504
0.019684,0.0019836,0.041504
0.017853,0.0033569,0.045166
0.017853,0.0038147,0.042725
0.018463,0.0047302,0.046387
0.019531,0.004425,0.05249
0.019531,0.0021362,0.050049
0.018463,-0.00015259,0.058594
0.017395,0.00076294,0.054932
0.016785,0.0022888,0.040283
0.018158,0.0047302,0.058594
0.020599,0.005188,0.059814
0.022583,0.0033569,0.061035
0.024109,0.00061035,0.061035
0.025177,-0.00091553,0.059814
0.025177,-0.0013733,0.064697
0.024567,-0.00076294,0.057373
0.023651,-0.00015259,0.063477
0.02243,-0.0024414,0.059814
0.023346,-0.0036621,0.064697
0.023651,-0.0059509,0.063477
0.023651,-0.0083923,0.065918
0.023651,-0.0085449,0.078125
0.022736,-0.0062561,0.067139
0.021973,-0.0024414,0.064697
0.022583,-0.00030518,0.067139
0.023041,-0.00030518,0.064697
0.025482,0.00061035,0.057373
0.026245,-0.00015259,0.057373
0.027161,0.00045776,0.056152
0.026703,0.0015259,0.053711
0.025177,0.0035095,0.046387
0.023651,0.0047302,0.050049
0.023499,0.0036621,0.047607
0.023651,0.0027466,0.048828
0.024109,0.00076294,0.043945
0.024261,0.00015259,0.045166
0.024872,0.00030518,0.042725
0.024261,0.0016785,0.043945
0.022888,0.0036621,0.041504
0.021515,0.0032043,0.041504
0.021515,0.0039673,0.05249
0.021362,0.0041199,0.042725
0.02182,0.0035095,0.05127
0.021515,0.0036621,0.040283
0.020905,0.0035095,0.031738
0.019379,0.0038147,0.039063
0.018158,0.0033569,0.040283
0.018005,0.0019836,0.03418
0.017548,0.0016785,0.041504
0.017395,-0.00030518,0.039063
0.018311,-0.0013733,0.042725
0.016937,-0.0010681,0.042725
0.018768,0,0.05127
0.018005,0.002594,0.046387
0.015869,0.0048828,0.05249
0.018921,0.0056458,0.056152
0.018616,0.0054932,0.058594
0.019073,0.0053406,0.059814
0.01709,0.0047302,0.058594
0.020447,0.0035095,0.061035
0.019836,0.005188,0.062256
0.019073,0.0068665,0.073242
0.019073,0.004425,0.059814
0.017548,0.0038147,0.057373
0.015869,0.0021362,0.059814
0.015411,0.0033569,0.059814
0.013885,0.00045776,0.061035
0.012665,0.00076294,0.062256
0.011597,0.00091553,0.057373
0.010529,0.0013733,0.068359
0.010529,0.00091553,0.063477
0.010834,0.00076294,0.068359
0.011444,0.00076294,0.062256
0.012512,0.0015259,0.063477
0.012512,0.0024414,0.056152
0.012054,0.0030518,0.061035
0.011597,0.0027466,0.06958
0.010376,0.0022888,0.053711
0.010376,0.00061035,0.046387
0.010376,-0.00030518,0.047607
0.010986,0.00015259,0.029297
0.012512,0.00091553,0.042725
0.013275,0.0024414,0.045166
0.014496,0.0042725,0.043945
0.014801,0.0047302,0.042725
0.016327,0.004425,0.039063
0.018005,0.0047302,0.042725
0.019531,0.0050354,0.037842
0.02243,0.0047302,0.042725
0.021362,0.0048828,0.032959
0.020599,0.0038147,0.039063
0.019379,0.0039673,0.041504
0.0177,-0.00091553,2.9419
0.016785,-0.0024414,4.7864
0.016937,-0.0039673,4.9023
0.016785,-0.0030518,4.9084
0.016937,-0.0018311,4.9072
0.018158,-0.0010681,4.917
0.018921,-0.00030518,4.9133
0.019531,-0.00076294,4.9109
0.020447,-0.0018311,4.9084
0.02121,-0.0015259,4.9207
0.02182,-0.0036621,4.9182
0.023041,0.0010681,4.9207
0.02121,0.0033569,4.9207
0.020752,0.0041199,4.9292
0.019684,0.0021362,4.928
0.017548,0,4.9329
0.016632,-0.0036621,4.9304
0.016632,-0.0074768,4.9341
0.017242,-0.013275,4.9304
0.017395,-0.0048828,4.9304
0.018158,-0.0028992,4.9402
0.016327,-0.0010681,4.9329
0.020142,-0.00091553,4.9304
0.020905,-0.00091553,4.9329
0.022278,-0.0016785,4.9341
0.023193,-0.00076294,4.9365
0.024109,0.00091553,4.9341
0.024414,0.0016785,4.9341
0.025024,0.0038147,4.9316
0.028839,0.0013733,4.9304
0.027313,0.0010681,4.9304
0.027771,0.0015259,4.9243
0.027466,0.0022888,4.928
0.026093,0,4.9219
0.024719,0.0036621,4.9231
0.025024,0.0045776,4.9243
0.024872,0.0057983,4.9219
0.025482,0.0048828,4.9182
0.023956,0.0021362,4.9194
0.023499,-0.00030518,4.9292
0.022278,-0.0018311,4.9146
0.02243,-0.0024414,4.9207
0.021667,-0.0018311,4.9109
0.020905,-0.00076294,4.9036
0.020294,-0.00076294,4.9084
0.020905,-0.0013733,4.9097
0.020905,-0.00076294,4.9109
0.021362,-0.0042725,4.9097
0.021515,-0.0019836,4.9023
0.022125,-0.0027466,4.9121
0.022278,-0.004425,4.9023
0.023346,-0.0057983,4.9121
0.024261,-0.0065613,4.9097
0.025177,-0.0056458,4.9133
0.026093,-0.0038147,4.9133
0.027618,-0.00091553,4.917
0.029907,0.0021362,4.928
0.031586,0.0035095,4.9182
0.03418,0.005188,4.9207
0.035858,0.0059509,4.9292
0.036316,0.0054932,4.9207
0.036621,0.0054932,4.928
0.035553,0.0030518,4.9182
0.030975,0.0021362,4.9304
0.032043,0.00015259,4.9304
0.029907,0.00015259,4.928
0.028534,-0.0019836,4.9353
0.026245,-0.00061035,4.9316
0.025482,0.0021362,4.9329
0.025482,0.002594,4.9304
0.025635,0.0030518,4.9377
0.025482,0.0028992,4.9414
0.025482,0.0022888,4.9377
0.024414,0.0021362,4.9377
0.022278,0.0018311,4.9402
0.022888,0.0018311,4.9426
0.022125,0.0019836,4.9341
0.020294,0.0015259,4.9438
0.019379,0.0013733,4.9304
0.018768,0,4.9158
0.018463,-0.00091553,4.9243
0.020142,-0.00030518,4.9182
0.021362,0.00030518,4.9207
0.02243,0.0018311,4.9219
0.022888,0.00091553,4.9194
0.022736,0,4.9158
0.022125,-0.00076294,4.9146
0.021515,-0.0059509,4.9182
0.020905,-0.0013733,4.9084
0.02121,-0.0027466,4.9158
0.02182,-0.0018311,4.9146
0.022125,-0.00076294,4.9133
0.021515,0.00015259,4.9146
0.023041,-0.0021362,4.9133
0.023193,-0.004425,4.9121
0.022583,-0.0047302,4.9097
0.02182,-0.0035095,4.9011
0.02182,-0.0045776,4.9097
0.021515,-0.0030518,4.9121
0.021057,-0.0018311,4.9084
0.020905,0.00030518,4.9109
0.019836,0.0024414,4.9133
0.019684,0.0019836,4.9146
0.019531,0.00030518,4.9133
0.019531,-0.0016785,4.9231
0.020142,-0.0021362,4.9182
0.018768,-0.00076294,4.9231
0.018158,0.00061035,4.9219
0.017242,0.00091553,4.9304
0.016327,0,0.057373
0.015717,-0.0024414,0.061035
0.014496,-0.0041199,0.067139
0.014038,-0.0041199,0.062256
0.013733,-0.0036621,0.072021
0.014038,-0.0028992,0.063477
0.014496,-0.00045776,0.043945
0.016479,0,0.061035
0.016785,0.00015259,0.062256
0.0177,0,0.063477
0.017548,0.0016785,0.065918
0.018921,0.0024414,0.062256
0.019379,0.0022888,0.06958
0.019684,0.0024414,0.064697
0.019989,0.0024414,0.065918
0.019684,0.0016785,0.061035
0.020599,0.0010681,0.062256
0.022278,-0.00045776,0.056152
0.022278,-0.00091553,0.057373
0.023499,-0.00030518,0.065918
0.02182,0,0.053711
0.023651,-0.00030518,0.047607
0.023651,-0.0010681,0.050049
0.023041,-0.0015259,0.031738
0.02182,-0.0016785,0.046387
0.019989,0.00015259,0.046387
0.018463,0.00015259,0.032959
0.017395,-0.0027466,0.042725
0.018005,-0.0032043,0.039063
0.0177,-0.0036621,0.042725
0.017242,-0.0036621,0.037842
0.015869,-0.0015259,0.037842
0.016479,-0.00015259,0.036621
0.016174,0.00061035,0.043945
0.0177,-0.00015259,0.037842
0.018921,-0.0016785,0.041504
0.019836,-0.002594,0.037842
0.020447,-0.0021362,0.042725
0.021973,-0.0010681,0.039063
0.023193,-0.0012207,0.042725
0.023956,-0.00091553,0.05249
0.024109,-0.0012207,0.041504
0.022888,-0.0015259,0.037842
0.023956,-0.0022888,0.05127
0.023804,-0.0015259,0.048828
0.023804,0.00030518,0.05127
0.02243,0.0018311,0.057373
0.021057,0.0027466,0.059814
0.020752,0.0018311,0.059814
0.018311,0.00045776,0.058594
0.019379,-0.0010681,0.061035
0.019989,-0.0022888,0.058594
0.019379,-0.0024414,0.063477
0.018768,-0.0024414,0.058594
0.018463,-0.0012207,0.063477
0.019836,-0.00030518,0.070801
0.020905,0.00091553,0.065918
0.018768,0.0010681,0.064697
0.021973,0.0021362,0.063477
0.023346,0.0016785,0.059814
0.024109,0.0010681,0.068359
0.024872,0.0013733,0.063477
0.024719,0.00061035,0.062256
0.024872,0.00076294,0.061035
0.024109,0.0013733,0.054932
0.024567,0.002594,0.057373
0.024109,0.0021362,0.05249
0.023499,0.0018311,0.057373
0.025787,0.0039673,0.048828
0.023193,0.0047302,0.046387
0.024261,0.007019,0.048828
0.023193,0.011902,0.05127
0.021973,0.0091553,0.043945
0.021362,0.0088501,0.047607
0.020905,0.007782,0.057373
0.020905,0.0071716,0.043945
0.022125,0.007782,0.05249
0.020294,0.0083923,0.041504
0.019989,0.0088501,0.031738
0.019073,0.010834,0.0354
0.019379,0.0085449,0.042725
0.021515,0.0080872,0.037842
0.02121,0.0083923,0.040283
0.021667,0.009613,0.036621
0.02182,0.0088501,0.041504
0.020752,0.0094604,0.036621
0.019989,0.0097656,0.045166
0.018921,0.009613,0.040283
0.019379,0.0083923,0.046387
0.019073,0.0080872,0.046387
0.019226,0.0093079,0.05127
0.019531,0.0074768,0.061035
0.018921,0.0067139,0.054932
0.018768,0.0056458,0.053711
0.020447,0.0048828,0.059814
0.019684,0.0047302,0.057373
0.019531,0.0036621,0.058594
0.019531,0.0041199,0.063477
0.018158,0.0028992,0.059814
0.017853,0.0015259,0.058594
0.016632,0.00076294,0.058594
0.016327,-0.00045776,0.061035
0.017395,0.00030518,0.058594
0.018768,0.00015259,0.062256
0.019684,0.00091553,0.062256
0.02121,0.00091553,0.06958
0.021515,-0.00061035,0.062256
0.02243,-0.00061035,0.067139
0.022278,-0.00015259,0.065918
0.02182,0.0013733,0.065918
0.023651,0.0032043,0.070801
0.023804,0.004425,0.057373
0.023956,0.0054932,0.056152
0.022736,0.0059509,0.054932
0.023041,0.0054932,0.042725
0.022888,0.0054932,0.05249
0.025482,0.005188,0.050049
0.024261,0.0053406,0.047607
0.02533,0.0062561,4.5386
0.025482,0.0061035,4.8901
0.022888,0.0056458,4.9121
0.023956,0.0042725,4.9109
0.022736,0.0030518,4.9158
0.023193,-0.0015259,4.9072
0.022736,0.0018311,4.9109
0.022583,0.0024414,4.9133
0.021515,0.0028992,4.9133
0.021057,0.0073242,4.9084
0.019226,0.0033569,4.9133
0.020142,0.0021362,4.9109
0.020752,0.0022888,4.9109
0.018768,0.0022888,4.9121
0.022888,0.0028992,4.9121
0.023499,0.0041199,4.9133
0.024261,0.0047302,4.9084
0.020599,0.0038147,4.9109
0.023041,0.0024414,4.9158
0.022736,0.00091553,4.9158
0.023651,0.0042725,4.9146
0.022888,-0.00061035,4.9231
0.022583,0.00015259,4.9255
0.020905,0.00091553,4.9292
0.018921,0.0021362,4.9255
0.017548,0,4.9329
0.016785,0.00015259,4.9292
0.0177,0.00061035,4.9304
0.018768,0.0018311,4.9426
0.019226,0.0032043,4.9329
0.020905,0.0036621,4.9316
0.021973,0.0041199,4.9329
0.021973,0.0042725,4.9219
0.022888,0.0027466,4.9329
0.022583,0.002594,4.9329
0.02243,0.002594,4.9341
0.02243,0.0015259,4.9329
0.022125,0.0010681,4.9353
0.022125,0,4.9365
0.021057,-0.0010681,4.9329
0.020294,-0.0024414,4.9304
0.020447,-0.0015259,4.9255
0.020599,-0.00061035,4.9292
0.021973,0.00030518,4.9255
0.021667,0.0015259,4.9268
0.023193,0.002594,4.9243
0.023499,0.0035095,4.9231
0.022736,0.0030518,4.9329
0.022583,0.0036621,4.9133
0.021515,0.0032043,4.9292
0.022125,0.0024414,4.9133
0.02182,0.00091553,4.917
0.022583,0,4.9121
0.023041,-0.0012207,4.9121
0.022583,-0.00061035,4.9084
0.022125,-0.00076294,4.9109
0.021515,-0.0010681,4.9072
0.021515,-0.00061035,4.9121
0.021667,-0.00030518,4.9011
0.023041,-0.00030518,4.9146
0.023651,-0.00045776,4.9097
0.023804,-0.0010681,4.9121
0.023193,-0.0018311,4.9084
0.021973,-0.002594,4.9133
0.021362,-0.0027466,4.9219
0.021973,-0.0030518,4.9158
0.023041,-0.0024414,4.9243
0.023651,-0.00061035,4.9207
0.024261,0.00061035,4.9109
0.023804,0.00076294,4.9292
0.022888,0,4.9219
0.02182,-0.00061035,4.9255
0.02182,-0.0013733,4.928
0.02243,-0.0013733,4.9268
0.022583,-0.0016785,4.9304
0.024261,-0.0015259,4.9304
0.024109,-0.0013733,4.9353
0.023346,-0.00045776,4.9292
0.022736,-0.00061035,4.9353
0.02243,0.00076294,4.9414
0.023193,0.0019836,4.9365
0.023041,0.0028992,4.9329
0.023041,0.0033569,4.9377
0.023499,0.0036621,4.9377
0.023041,0.0033569,4.9414
0.02243,0.0022888,4.9463
0.02243,0.0022888,4.9365
0.023346,0.0021362,4.9219
0.024109,0.0032043,4.9292
0.024567,0.0036621,4.9292
0.025482,0.0036621,4.9329
0.025177,0.0035095,4.9255
0.023346,0.0033569,4.9182
0.02182,0.0030518,4.9219
0.021362,0.002594,4.9182
0.020599,0.0016785,4.9207
0.020599,0.00045776,4.9194
0.019989,-0.00061035,4.9158
0.018768,-0.0021362,4.9146
0.017548,-0.0038147,4.917
0.015869,-0.0048828,4.9133
0.014801,-0.0065613,4.9158
0.014191,-0.0059509,4.9133
0.014191,-0.0045776,4.9133
0.014801,-0.0039673,4.8901
0.015717,-0.0036621,4.9072
0.018311,-0.0035095,4.9133
0.018616,-0.0035095,4.9109
0.020294,-0.0027466,4.9097
0.022125,-0.0022888,0.0354
0.02655,-0.0010681,0.042725
0.027618,0.00061035,0.042725
0.029755,0.0028992,0.043945
0.028992,0.0061035,0.043945
0.027618,0.0041199,0.050049
0.027008,0.004425,0.050049
0.026398,0.0021362,0.05249
0.02594,0.0045776,0.057373
0.025787,0.0054932,0.056152
0.024567,0.0059509,0.056152
0.024872,0.0059509,0.061035
0.024261,0.0050354,0.070801
0.023193,0.0033569,0.061035
0.022888,0.00030518,0.05249
0.02182,-0.0022888,0.059814
0.021362,-0.0028992,0.061035
0.019836,-0.0027466,0.061035
0.018311,-0.0024414,0.063477
0.016327,-0.0019836,0.058594
0.012665,-0.0053406,0.065918
0.010223,-0.007019,0.063477
0.009613,-0.0079346,0.068359
0.0094604,-0.0082397,0.062256
0.010529,-0.0094604,0.067139
0.013123,-0.0093079,0.064697
0.014038,-0.011139,0.05249
0.016632,-0.011292,0.070801
0.0177,-0.013275,0.057373
0.019989,-0.016022,0.057373
0.022888,-0.016785,0.054932
0.023346,-0.016174,0.040283
0.023956,-0.014038,0.05127
0.024567,-0.011597,0.050049
0.024567,-0.009613,0.041504
0.025177,-0.0085449,0.046387
0.024414,-0.0073242,0.043945
0.02594,-0.007019,0.045166
0.026093,-0.0050354,0.040283
0.02655,-0.0033569,0.045166
0.026093,-0.0010681,0.037842
0.020752,-0.00061035,0.039063
0.023651,-0.00091553,0.042725
0.021515,-0.0018311,0.041504
0.019226,-0.00076294,0.037842
0.018463,-0.0016785,0.040283
0.018616,-0.00061035,0.040283
0.017853,0.00076294,0.040283
0.016327,0.0038147,0.045166
0.01236,0.0048828,0.040283
0.013275,0.005188,0.037842
0.011902,0.0047302,0.040283
0.011597,0.002594,0.041504
0.011292,0.0048828,0.046387
0.010681,0.0064087,0.050049
0.010376,0.007782,0.047607
0.0091553,0.0082397,0.056152
0.0090027,0.0090027,0.056152
0.010376,0.0080872,0.062256
0.010376,0.0073242,0.059814
0.014343,0.007782,0.064697
0.016327,0.011139,0.061035
0.018463,0.015259,0.062256
0.02243,0.018005,0.076904
0.025787,0.023041,0.061035
0.03067,0.024719,0.061035
0.034943,0.026703,0.062256
0.038757,0.02594,0.053711
0.041809,0.025482,0.061035
0.043488,0.024719,0.064697
0.04425,0.022736,0.065918
0.044098,0.020905,0.064697
0.041504,0.012207,0.061035
0.0383,0.0062561,0.065918
0.034637,0.0019836,0.061035
0.028229,0,0.059814
0.022278,-0.0021362,0.05249
0.015106,-0.0018311,0.05249
0.0045776,-0.0022888,0.05249
0.0015259,-0.0036621,0.05249
-0.0027466,-0.0086975,0.05127
-0.0067139,-0.016022,0.048828
-0.0061035,-0.020599,0.056152
-0.0076294,-0.025635,0.046387
-0.0073242,-0.028534,0.058594
-0.0042725,-0.028687,0.041504
-0.00030518,-0.026703,0.03418
0.0050354,-0.024567,0.036621
0.012207,-0.01709,0.042725
0.019379,-0.01236,0.036621
0.027771,0.0012207,0.040283
0.036469,0.012054,0.036621
0.044098,0.018616,0.041504
0.051422,0.021973,0.036621
0.058899,0.02121,0.043945
0.061951,0.016022,0.036621
0.063324,0.0094604,0.042725
0.058136,0.0045776,0.045166
0.05127,0.0012207,0.041504
0.044098,-0.0013733,0.054932
0.036621,-0.00015259,0.047607
0.031128,-0.00091553,0.05249
0.027161,-0.0012207,0.050049
0.026093,0.0015259,0.050049
0.028076,0.0056458,0.054932
0.03006,0.011444,0.058594
0.031433,0.014801,0.054932
0.032349,0.015717,0.059814
0.032349,0.015411,0.061035
0.031128,0.010071,0.062256
0.027924,0.0059509,0.058594
0.023346,0,0.061035
0.018158,-0.005188,0.061035
0.013733,-0.010376,0.062256
0.012054,-0.016479,0.061035
0.012054,-0.021667,0.065918
0.010681,-0.026398,0.065918
0.012817,-0.029297,4.4849
0.014496,-0.029755,4.9109
0.021362,-0.027771,4.9316
0.024567,-0.023651,4.9377
0.027313,-0.018463,4.9329
0.031128,-0.013123,4.9109
0.032806,-0.0083923,4.9243
0.033569,-0.004425,4.9231
0.03479,0.0016785,4.9243
0.036316,0.0050354,4.9207
0.03891,0.0071716,4.9194
0.03952,0.0076294,4.9207
0.040436,0.0065613,4.9158
0.040894,0.0033569,4.9146
0.039368,-0.00015259,4.9097
0.036621,-0.0059509,4.917
0.032959,-0.010223,4.9146
0.03006,-0.012665,4.9146
0.027008,-0.012207,4.9194
0.023956,-0.010986,4.9146
0.02182,-0.0073242,4.9084
0.02121,-0.0033569,4.9109
0.021362,0.00045776,4.9036
0.019836,0.004425,4.9072
0.0177,0.0079346,4.9158
0.015564,0.013428,4.9121
0.011139,0.017853,4.9084
0.0053406,0.021515,4.9109
0.00045776,0.024414,4.9133
-0.0016785,0.024261,4.9097
-0.0033569,0.022736,4.9133
-0.0032043,0.020447,4.9133
-0.00061035,0.023499,4.9207
0.0021362,0.024109,4.9219
0.005188,0.024414,4.9194
0.007782,0.02182,4.9255
0.010376,0.02121,4.9316
0.012512,0.018463,4.9365
0.014801,0.014343,4.9316
0.015564,0.010529,4.9219
0.016022,0.0074768,4.9329
0.015717,0.0038147,4.9219
0.015106,0.00091553,4.9329
0.015869,-0.0022888,4.9292
0.018158,-0.005188,4.9292
0.018616,-0.0064087,4.9341
0.019531,-0.0067139,4.9341
0.021362,-0.005188,4.9353
0.018616,-0.0021362,4.9329
0.016937,0.00015259,4.939
0.013428,0.0028992,4.9341
0.010834,0.0033569,4.9402
0.0085449,0.0035095,4.9304
0.0065613,0.0035095,4.9329
0.0065613,0.0071716,4.9304
0.0091553,0.0053406,4.928
0.01236,0.007019,4.9255
0.015106,0.0082397,4.9194
0.018463,0.0094604,4.9255
0.020752,0.0086975,4.9194
0.02243,0.0073242,4.9182
0.02533,0.0062561,4.917
0.022888,0.0059509,4.9182
0.022278,0.0071716,4.9146
0.020599,0.0076294,4.9121
0.018463,0.0090027,4.9084
0.020294,0.0093079,4.9158
0.019989,0.010681,4.9072
0.020447,0.011139,4.9133
0.02182,0.013123,4.9109
0.024261,0.014343,4.9121
0.026398,0.015564,4.9097
0.028534,0.015106,4.9133
0.030365,0.012665,4.9207
0.030975,0.0073242,4.9109
0.029449,-0.00030518,4.9158
0.027924,-0.0064087,4.9133
0.02533,-0.01236,4.8975
0.022888,-0.015869,4.9133
0.020599,-0.018616,4.9194
0.017853,-0.018311,4.9194
0.015411,-0.018921,4.9194
0.013123,-0.018921,4.917
0.01297,-0.020142,4.9292
0.015564,-0.016785,4.9292
0.016937,-0.014191,4.9316
0.02121,-0.010834,4.928
0.026093,-0.0079346,4.9341
0.03006,-0.0068665,4.9304
0.034027,-0.0062561,4.9341
0.036469,-0.0059509,4.939
0.038605,-0.0056458,4.9341
0.039978,-0.0033569,4.9304
0.041351,-0.00076294,4.9341
0.043793,0.0022888,4.9451
0.041199,0.0056458,4.9341
0.039368,0.0074768,4.9329
0.036621,0.0079346,4.9353
0.034637,0.0080872,4.9341
0.034027,0.009613,4.9304
0.034485,0.011597,4.9341
0.034637,0.014191,4.9292
0.036316,0.015869,4.928
0.03418,0.017853,4.9219
0.032806,0.019226,4.9255
0.030975,0.020294,4.9194
0.032501,0.021057,4.9207
0.027618,0.023499,4.9182
0.025635,0.02594,4.9219
0.025177,0.026245,4.928
0.023346,0.027771,0.045166
0.02182,0.024872,0.054932
0.021362,0.019836,0.041504
0.020142,0.014038,0.030518
0.019836,0.011597,0.040283
0.019836,0.0090027,0.039063
0.019073,0.0091553,0.030518
0.016785,0.0071716,0.040283
0.014496,0.0054932,0.036621
0.010834,0.0038147,0.042725
0.0097656,0.0056458,0.039063
0.0088501,0.0018311,0.042725
0.010071,0.0022888,0.039063
0.010834,0.0028992,0.039063
0.011749,0.0035095,0.045166
0.011902,0.0024414,0.045166
0.010986,0.00015259,0.05127
0.010834,-0.0024414,0.05127
0.011444,-0.0033569,0.053711
0.01236,-0.0035095,0.05249
0.013123,-0.0016785,0.058594
0.013428,0.0012207,0.058594
0.01297,0.00076294,0.064697
0.012665,0.00076294,0.059814
0.012817,-0.00091553,0.061035
0.01358,-0.0013733,0.059814
0.015106,-0.0027466,0.061035
0.01709,-0.0021362,0.058594
0.018463,-0.0019836,0.062256
0.019226,-0.0010681,0.058594
0.019836,-0.0016785,0.065918
0.019836,-0.0033569,0.064697
0.020447,-0.0050354,0.064697
0.021362,-0.0047302,0.063477
0.022888,-0.0027466,0.068359
0.024719,-0.00015259,0.078125
0.023193,0.0041199,0.064697
0.027161,0.0013733,0.067139
0.027313,-0.00030518,0.061035
0.026398,-0.0022888,0.043945
0.02594,-0.0061035,0.05249
0.024567,-0.0036621,0.05249
0.023193,-0.0024414,0.05127
0.020447,-0.0013733,0.046387
0.019226,-0.0019836,0.042725
0.016327,-0.0036621,0.050049
0.014801,-0.005188,0.043945
0.014343,-0.0057983,0.047607
0.015259,-0.0042725,0.042725
0.016937,-0.002594,0.046387
0.018158,-0.00030518,0.041504
0.020294,0.00091553,0.042725
0.021667,-0.00045776,0.042725
0.023193,-0.0022888,0.043945
0.025177,-0.0048828,0.032959
0.028076,-0.0062561,0.039063
0.029144,-0.0062561,0.028076
0.030212,-0.0061035,0.0354
0.030975,-0.0076294,0.041504
0.03067,-0.0065613,0.040283
0.031281,-0.0082397,0.040283
0.031586,-0.0088501,0.036621
0.031433,-0.012512,0.043945
0.032501,-0.0097656,0.042725
0.033569,-0.0090027,0.05127
0.033722,-0.0059509,0.045166
0.032349,-0.0042725,0.058594
0.032349,-0.0033569,0.05127
0.030975,-0.0032043,0.057373
0.028992,-0.0030518,0.057373
0.027466,-0.0022888,0.061035
0.026703,-0.00045776,0.063477
0.02533,0.0022888,0.061035
0.024414,0.004425,0.073242
0.021515,0.0068665,0.059814
0.020447,0.0079346,0.050049
0.020752,0.0076294,0.061035
0.022583,0.0068665,0.061035
0.020752,0.0083923,0.059814
0.022736,0.0094604,0.063477
0.02243,0.010376,0.063477
0.02182,0.010681,0.064697
0.020599,0.0090027,0.067139
0.019684,0.0065613,0.068359
0.018921,0.0038147,0.057373
0.018921,0.00076294,0.065918
0.019684,-0.00076294,0.061035
0.019073,-0.0018311,0.058594
0.0177,-0.0027466,0.053711
0.018463,-0.0036621,0.054932
0.019531,-0.0048828,0.057373
0.021362,-0.0065613,0.048828
0.026245,-0.007019,0.053711
0.029144,-0.0064087,0.047607
0.032654,-0.0054932,0.053711
0.03479,-0.0064087,0.039063
0.034485,-0.0062561,0.045166
0.033722,-0.007782,0.040283
0.033875,-0.010223,0.041504
0.034637,-0.01236,0.03418
0.036011,-0.013428,0.041504
0.037079,-0.012207,0.037842
0.036621,-0.011444,0.037842
0.034027,-0.011139,0.041504
0.032196,-0.011749,0.040283
0.030518,-0.013275,0.036621
0.029755,-0.014648,0.037842
0.030365,-0.013733,0.040283
0.03006,-0.010986,0.039063
0.028687,-0.0076294,0.046387
0.026703,-0.0032043,0.042725
0.023041,-0.00030518,0.028076
0.022583,0.00045776,0.045166
0.019379,0.0015259,0.05127
0.019073,0.0024414,0.05127
0.018463,0.0024414,0.05249
0.017395,0.0042725,2.7856
0.016479,0.0064087,4.7974
0.014801,0.0080872,4.917
0.015259,0.0082397,4.9304
0.015259,0.0079346,4.9109
0.016632,0.0062561,4.928
0.018005,0.0042725,4.9316
0.021057,0.0036621,4.9341
0.02182,0.0036621,4.9341
0.020905,0.0041199,4.9329
0.019989,0.0033569,4.9353
0.018463,0.0018311,4.9341
0.018311,0.00030518,4.9463
0.017242,-0.002594,4.9329
0.01709,-0.0038147,4.9255
0.016785,-0.0041199,4.9329
0.016479,-0.004425,4.9316
0.016479,-0.0024414,4.928
0.015411,-0.0016785,4.9304
0.014954,-0.0012207,4.9255
0.015106,-0.0015259,4.9255
0.016327,-0.0028992,4.9194
0.0177,-0.0028992,4.928
0.016937,-0.0021362,4.9109
0.015717,-0.0013733,4.9219
0.01297,-0.00045776,4.9158
0.011444,-0.0012207,4.9194
0.011597,-0.0010681,4.9243
0.014496,-0.0013733,4.9121
0.014038,-0.0013733,4.906
0.015717,0.0012207,4.9133
0.016327,0.0035095,4.8999
0.016785,0.0064087,4.9109
0.017242,0.0085449,4.9133
0.018158,0.0097656,4.9084
0.019989,0.0097656,4.9109
0.022583,0.0094604,4.9084
0.023804,0.0094604,4.9072
0.024261,0.0091553,4.906
0.023804,0.0086975,4.8938
0.022583,0.0073242,4.9133
0.02243,0.0062561,4.9133
0.023041,0.0045776,4.9158
0.023956,0.0018311,4.9194
0.026703,-0.00015259,4.9146
0.026855,-0.00015259,4.9231
0.026855,-0.0013733,4.9243
0.02594,-0.0016785,4.9219
0.025482,-0.0016785,4.9329
0.025635,-0.002594,4.9316
0.028229,-0.0018311,4.9121
0.028381,-0.0048828,4.928
0.029755,-0.0057983,4.9329
0.028534,-0.0062561,4.9316
0.027771,-0.0048828,4.9304
0.026703,-0.004425,4.9268
0.026398,-0.0035095,4.9329
0.027771,-0.004425,4.9316
0.030365,-0.0018311,4.9304
0.032806,-0.00076294,4.9329
0.034332,0.00015259,4.939
0.033722,0.0010681,4.9353
0.032349,0.0022888,4.939
0.030975,0.0032043,4.9475
0.029907,0.0041199,4.9292
0.03006,0.0018311,4.9292
0.030212,0.0021362,4.9329
0.029144,0.0016785,4.9182
0.027008,0.0013733,4.9231
0.024872,0.0015259,4.9231
0.023499,0.0018311,4.9219
0.022736,0.002594,4.9194
0.023804,0.0039673,4.9194
0.024872,0.0045776,4.9194
0.025635,0.005188,4.9194
0.025177,0.007019,4.917
0.02243,0.0074768,4.9133
0.020905,0.0074768,4.9158
0.019073,0.007019,4.9133
0.018768,0.007019,4.9158
0.019226,0.0054932,4.9097
0.019836,0.0045776,4.9133
0.020142,0.0039673,4.917
0.018768,0.00030518,4.9121
0.01709,0.0039673,4.9194
0.015869,0.004425,4.9084
0.016022,0.0048828,4.8975
0.018921,0.0056458,4.9121
0.019836,0.0061035,4.9097
0.02121,0.0064087,4.9097
0.02121,0.0083923,4.9146
0.019836,0.0080872,4.9146
0.018616,0.0086975,4.9182
0.018463,0.0088501,4.9182
0.020142,0.010529,4.9292
0.019531,0.0080872,4.9231
0.025024,0.0068665,4.9292
0.025482,0.0068665,4.9292
0.024109,0.0059509,4.9353
0.022888,0.0047302,4.939
0.022125,0.0048828,4.9341
0.022736,0.004425,4.9377
0.024872,0.0039673,4.9353
0.026703,0.0041199,4.9329
0.026703,0.0033569,4.9329
0.025635,0.0036621,4.9304
0.02243,0.0036621,4.9329
0.020447,0.0041199,4.9329
0.018921,0.004425,4.9329
0.021057,0.005188,4.9365
0.021973,0.0054932,4.9316
0.024567,0.0045776,0.067139
0.025024,0.0053406,0.061035
0.024109,0.004425,0.062256
0.023956,0.0047302,0.061035
0.023041,0.0056458,0.059814
0.025024,0.0065613,0.05249
0.026245,0.0086975,0.05127
0.027313,0.0059509,0.056152
0.026855,0.0045776,0.05127
0.023956,0.0050354,0.057373
0.02121,0.0053406,0.047607
0.019684,0.005188,0.040283
0.020142,0.0056458,0.041504
0.02243,0.005188,0.040283
0.024567,0.0036621,0.041504
0.025635,0.00091553,0.041504
0.026398,-0.0018311,0.03418
0.020447,-0.0039673,0.040283
0.018768,-0.0041199,0.032959
0.016479,-0.0032043,0.041504
0.016785,-0.0042725,0.039063
0.017548,-0.0022888,0.041504
0.018463,-0.0035095,0.037842
0.017242,-0.0059509,0.043945
0.016327,-0.0056458,0.053711
0.015717,-0.0039673,0.042725
0.015106,-0.0019836,0.039063
0.016632,-0.00015259,0.039063
0.019226,0.0010681,0.031738
0.021515,-0.00091553,0.047607
0.02243,-0.0033569,0.056152
0.020599,-0.0048828,0.05249
0.018616,-0.005188,0.054932
0.016937,-0.0033569,0.053711
0.018005,-0.00076294,0.059814
0.019989,0.00015259,0.061035
0.02182,-0.00030518,0.063477
0.024261,0.00015259,0.061035
0.025787,-0.00045776,0.063477
0.025787,-0.00030518,0.057373
0.02533,0.0022888,0.063477
0.025024,0.0050354,0.063477
0.025787,0.0064087,0.062256
0.029602,0.0057983,0.065918
0.03006,0.0036621,0.067139
0.03067,0.0010681,0.078125
0.028839,-0.00061035,0.065918
0.026703,-0.00015259,0.053711
0.025635,-0.00030518,0.064697
0.023651,0.0036621,0.056152
0.023956,0.0054932,0.050049
0.025024,0.0045776,0.059814
0.025482,0.0027466,0.054932
0.023956,0.00061035,0.05127
0.021362,0.00076294,0.048828
0.019379,0.0028992,0.05127
0.018158,0.0053406,0.040283
0.019073,0.0067139,0.045166
0.019836,0.0059509,0.048828
0.020599,0.0038147,0.046387
0.021057,0.0016785,0.047607
0.019684,0,0.042725
0.017395,0.00045776,0.042725
0.017242,0.0018311,0.040283
0.018005,0.0024414,0.032959
0.020142,0.0015259,0.039063
0.02243,0,0.040283
0.023804,-0.0019836,0.0354
0.023956,-0.0041199,0.040283
0.02243,-0.0067139,0.040283
0.021057,-0.0021362,0.040283
0.019684,-0.00045776,0.032959
0.019379,0,0.041504
0.020447,-0.00030518,0.040283
0.020905,-0.0018311,0.042725
0.020294,-0.0016785,0.046387
0.019073,-0.0010681,0.050049
0.017548,0.00091553,0.048828
0.017395,0.0032043,0.054932
0.018921,0.0042725,0.061035
0.021515,0.0038147,0.056152
0.023651,0.0021362,0.067139
0.025482,0.00061035,0.057373
0.024261,-0.00076294,0.043945
0.022736,0,0.059814
0.020905,0.002594,0.061035
0.021057,0.0036621,0.064697
0.02182,0.0035095,0.061035
0.022278,0.0021362,0.057373
0.023041,-0.00015259,0.065918
0.022736,-0.0015259,0.054932
0.021362,-0.0021362,0.065918
0.019836,-0.0012207,0.059814
0.019836,0.00030518,0.065918
0.021057,0.0010681,0.064697
0.022736,-0.00076294,0.065918
0.023956,-0.0033569,0.073242
0.023956,-0.0056458,0.062256
0.022278,-0.007019,0.059814
0.020599,-0.0057983,0.056152
0.019073,-0.0039673,0.056152
0.018921,-0.0030518,0.05127
0.022125,-0.00061035,0.047607
0.021362,-0.0015259,0.046387
0.022583,-0.0045776,0.048828
0.02182,-0.0053406,0.041504
0.021057,-0.0057983,0.046387
0.021057,-0.0022888,0.039063
0.021057,0.00030518,0.041504
0.022736,0.002594,0.039063
0.025635,0.0022888,0.043945
0.027924,0.00015259,0.040283
0.029755,-0.0018311,0.037842
0.031281,-0.0027466,0.0354
0.028534,-0.0015259,0.041504
0.028687,0.00076294,0.05249
0.027924,0.0016785,2.7612
0.029755,0.0030518,4.7888
0.029602,0.0018311,4.8962
0.029602,0.00045776,4.8975
0.028229,-0.0019836,4.9109
0.02655,0.0018311,4.9097
0.023651,0.0033569,4.9084
0.023193,0.0054932,4.9158
0.022888,0.0074768,4.9146
0.024414,0.0064087,4.9207
0.024872,0.005188,4.9194
0.023193,0.0047302,4.9292
0.020905,0.0022888,4.9231
0.018616,0.0068665,4.9268
0.018311,0.0090027,4.9316
0.018768,0.0097656,4.9341
0.020599,0.009613,4.9329
0.020599,0.0068665,4.9316
0.019836,0.0038147,4.9329
0.016785,0,4.9329
0.014801,0.00061035,4.9402
0.012512,0.00045776,4.9316
0.012054,0,4.9182
0.013123,-0.0012207,4.9353
0.012665,-0.0050354,4.9353
0.012054,-0.0086975,4.9377
0.010986,-0.010529,4.9353
0.0097656,-0.011597,4.9329
0.009613,-0.0091553,4.9353
0.010681,-0.0061035,4.9268
0.013885,-0.0016785,4.9292
0.014648,-0.0047302,4.9268
0.017548,-0.0057983,4.9255
0.018768,-0.0067139,4.9207
0.022583,-0.0062561,4.9231
0.018768,-0.002594,4.9316
0.018463,0.00091553,4.9219
0.019684,0.0036621,4.9158
0.02182,0.0032043,4.9182
0.023804,0.0012207,4.8962
0.025024,-0.00045776,4.9133
0.024261,-0.0019836,4.9109
0.023193,-0.0012207,4.9146
0.022278,0.0010681,4.9109
0.02243,0.0030518,4.9084
0.024414,0.0033569,4.9133
0.025482,0.0016785,4.9109
0.027008,-0.00030518,4.9097
0.025482,-0.0010681,4.9048
0.024261,-0.0016785,4.9146
0.02121,0.0021362,4.9097
0.018768,0.0053406,4.8999
0.017395,0.0071716,4.9097
0.017853,0.0061035,4.9133
0.018463,0.0048828,4.9146
0.017853,0.004425,4.9158
0.01709,0.0047302,4.9255
0.018158,0.010071,4.9207
0.020599,0.014801,4.9109
0.025024,0.017853,4.9243
0.032654,0.019073,4.9255
0.033264,0.017853,4.9207
0.03479,0.016174,4.9268
0.032806,0.014191,4.9292
0.028687,0.012054,4.9329
0.027924,0.010681,4.9316
0.025482,0.0086975,4.9353
0.023041,0.0085449,4.9268
0.021362,0.0013733,4.9329
0.019226,-0.0022888,4.9329
0.017242,-0.0045776,4.9329
0.016479,-0.0061035,4.9426
0.015717,-0.0053406,4.9438
0.016174,-0.0057983,4.9353
0.015717,-0.0086975,4.9365
0.015869,-0.012665,4.928
0.014191,-0.016327,4.9329
0.012665,-0.019226,4.9292
0.011139,-0.020599,4.928
0.0093079,-0.020447,4.9316
0.0074768,-0.019073,4.9255
0.007019,-0.016479,4.9231
0.0086975,-0.014954,4.9207
0.01297,-0.010376,4.9048
0.016327,-0.0082397,4.9158
0.024261,-0.0042725,4.917
0.03006,0.00076294,4.9182
0.037079,0.0061035,4.9194
0.042877,0.010223,4.9146
0.047455,0.01236,4.917
0.051422,0.011749,4.9182
0.051575,0.0091553,4.9109
0.049438,0.0062561,4.9194
0.045013,0.0036621,4.9072
0.037689,0.0022888,4.9011
0.031128,0.0027466,4.9109
0.025482,0.0028992,4.9084
0.020905,0.0024414,4.9097
0.020752,0.0022888,4.9097
0.020294,0.0016785,4.906
0.020447,0.0024414,4.9133
0.021515,0.005188,4.9109
0.021973,0.0083923,4.9194
0.023804,0.010376,4.9146
0.02533,0.010071,4.9243
0.027466,0.0083923,4.9219
0.027618,0.0028992,4.9231
0.027008,-0.0036621,4.9365
0.024567,-0.0085449,4.928
0.021515,-0.011444,4.9316
0.020142,-0.011139,0.065918
0.019226,-0.0090027,0.046387
0.021057,-0.0067139,0.061035
0.023956,-0.0059509,0.059814
0.027618,-0.0054932,0.061035
0.03067,-0.005188,0.059814
0.032806,-0.0028992,0.056152
0.035095,0.00076294,0.064697
0.036163,0.0042725,0.061035
0.037537,0.0053406,0.067139
0.037689,0.0054932,0.063477
0.035858,0.0030518,0.070801
0.034637,0.00015259,0.063477
0.030365,-0.00045776,0.065918
0.027008,0.00076294,0.068359
0.025177,0.002594,0.056152
0.020447,0.0033569,0.064697
0.020905,0.0024414,0.057373
0.021057,-0.0010681,0.067139
0.022125,-0.004425,0.05249
0.023041,-0.0057983,0.056152
0.022888,-0.0050354,0.046387
0.022125,-0.0028992,0.050049
0.020752,-0.0015259,0.043945
0.018463,-0.0010681,0.046387
0.016937,-0.0022888,0.041504
0.015259,-0.0038147,0.042725
0.013733,-0.0038147,0.040283
0.011749,-0.0010681,0.042725
0.0099182,0.0030518,0.040283
0.0093079,0.0074768,0.043945
0.011139,0.0090027,0.040283
0.014038,0.0091553,0.043945
0.018616,0.0073242,0.048828
0.023041,0.0047302,0.041504
0.026093,0.0038147,0.048828
0.028229,0.0032043,0.039063
0.026855,0.0036621,0.030518
0.027161,0.0041199,0.042725
0.025635,0.0027466,0.040283
0.023499,0.0013733,0.042725
0.021973,-0.00030518,0.046387
0.020294,-0.0010681,0.045166
0.019989,0.00015259,0.053711
0.018768,0.0024414,0.05127
0.019684,0.004425,0.058594
0.018768,0.0056458,0.056152
0.022888,0.0048828,0.057373
0.024872,0.0027466,0.064697
0.026855,0.0010681,0.065918
0.027313,0.00015259,0.062256
0.026093,-0.00030518,0.062256
0.024719,0.00045776,0.068359
0.022736,0.0022888,0.059814
0.019836,0.0013733,0.072021
0.019684,0.0013733,0.064697
0.018921,0.0016785,0.05127
0.019073,0.0024414,0.062256
0.019226,0.0048828,0.067139
0.019684,0.0068665,0.065918
0.02121,0.0088501,0.065918
0.024261,0.0091553,0.063477
0.026703,0.0086975,0.063477
0.029907,0.0064087,0.056152
0.032349,0.0045776,0.058594
0.03418,0.0032043,0.054932
0.034027,0.0047302,0.053711
0.032349,0.0068665,0.053711
0.030975,0.0083923,0.05127
0.029449,0.010071,0.061035
0.029144,0.0097656,0.047607
0.026855,0.0099182,0.046387
0.02533,0.009613,0.047607
0.023804,0.011139,0.026855
0.021973,0.011902,0.040283
0.019989,0.011292,0.042725
0.017395,0.0088501,0.041504
0.016632,0.004425,0.040283
0.015259,-0.00030518,0.03418
0.01297,-0.004425,0.039063
0.014191,-0.0074768,0.03418
0.0085449,-0.0099182,0.040283
0.0065613,-0.012207,0.036621
0.0039673,-0.017242,0.041504
0.0038147,-0.017242,0.037842
0.0041199,-0.019989,0.041504
0.0057983,-0.019684,0.040283
0.0073242,-0.018311,0.043945
0.010986,-0.014801,0.048828
0.015106,-0.011902,0.046387
0.018921,-0.0068665,0.058594
0.023193,-0.0091553,0.048828
0.026398,-0.0082397,0.042725
0.028839,-0.0080872,0.056152
0.03067,-0.0073242,0.056152
0.032501,-0.0050354,0.056152
0.031586,-0.0022888,0.059814
0.031891,0.00030518,0.059814
0.031281,0.0019836,0.059814
0.031281,0.0030518,0.059814
0.031281,0.0048828,0.063477
0.032654,0.0073242,0.061035
0.034485,0.012665,0.059814
0.0354,0.01236,0.063477
0.035553,0.014954,0.065918
0.038147,0.016022,0.072021
0.035095,0.016022,0.065918
0.034027,0.015411,0.068359
0.031586,0.014801,0.063477
0.029602,0.014496,0.070801
0.026703,0.015564,0.061035
0.023804,0.016022,0.058594
0.019836,0.016632,0.047607
0.01358,0.015411,0.057373
0.015564,0.013275,0.05127
0.014038,0.010529,0.05249
0.014343,0.0082397,0.046387
0.013885,0.0074768,3.1116
0.01358,0.007019,4.8059
0.01236,0.0065613,4.9048
0.012817,0.0053406,4.9146
0.012207,0.0030518,4.917
0.011902,0.0016785,4.9097
0.011139,0.00030518,4.9133
0.0094604,0.0013733,4.9255
0.011139,0.0030518,4.9133
0.011139,0.0039673,4.9182
0.010834,0.0036621,4.9109
0.01236,0.0027466,4.8975
0.012207,0.0016785,4.9084
0.014038,0.00076294,4.9097
0.016022,0.00061035,4.9109
0.017242,0.0015259,4.9072
0.017395,0.0022888,4.8938
0.016479,0.0018311,4.9097
0.017548,0.00076294,4.9109
0.01709,0.00091553,4.9158
0.016479,0.00076294,4.9121
0.016479,0,4.9182
0.016632,0.00045776,4.9207
0.016174,0.0013733,4.9255
0.015259,0.0018311,4.9316
0.015411,0.0016785,4.9268
0.014343,0.00091553,4.9231
0.015717,0.00061035,4.9316
0.015717,0.00076294,4.9377
0.016937,0.0015259,4.9329
0.020599,0.00091553,4.9182
0.019379,0.00061035,4.9304
0.019073,-0.0028992,4.928
0.018768,-0.0012207,4.9304
0.018768,-0.002594,4.9329
0.018616,-0.0038147,4.9304
0.018311,-0.0048828,4.9353
0.018005,-0.0086975,4.9353
0.018005,-0.0050354,4.9365
0.017853,-0.0048828,4.9329
0.0177,-0.005188,4.9353
0.01709,-0.005188,4.9304
0.018005,-0.0053406,4.9341
0.020142,-0.005188,4.939
0.019531,-0.0042725,4.928
0.024414,-0.0042725,4.9292
0.027313,-0.0032043,4.9231
0.029297,-0.0032043,4.9097
0.029602,-0.0027466,4.9231
0.031738,-0.0016785,4.9207
0.032501,-0.00061035,4.917
0.033569,-0.00015259,4.9158
0.03418,-0.0018311,4.9146
0.033722,0.00076294,4.9133
0.032806,0.00076294,4.9097
0.03067,0.00061035,4.9133
0.029449,0,4.906
0.029755,-0.00091553,4.9133
0.029755,-0.00076294,4.9133
0.030823,-0.00061035,4.9158
0.029449,-0.0010681,4.9097
0.028229,-0.00045776,4.9109
0.027313,-0.00061035,4.9084
0.027008,0.00030518,4.895
0.027008,-0.00030518,4.9121
0.02655,-0.00015259,4.9146
0.026093,0,4.9084
0.023956,-0.00030518,4.9133
0.022125,-0.00030518,4.9182
0.019531,-0.00091553,4.917
0.016632,-0.0015259,4.9194
0.015564,-0.0016785,4.9182
0.013885,-0.0019836,4.928
0.014954,-0.0015259,4.9255
0.01358,-0.0010681,4.9316
0.01236,0.00015259,4.9304
0.012054,0,4.9353
0.011902,-0.00015259,4.9304
0.011292,0.00015259,4.9316
0.011749,0.00015259,4.9414
0.013428,0,4.9353
0.012207,-0.0012207,4.9341
0.011292,-0.0018311,4.9329
0.012207,-0.002594,4.9182
0.013428,-0.0033569,4.9316
0.015564,-0.0030518,4.9292
0.017548,-0.0038147,4.9353
0.020447,-0.0047302,4.9353
0.022736,-0.0056458,4.9304
0.024261,-0.0056458,4.9341
0.024567,-0.0053406,4.9292
0.02533,-0.0045776,4.9341
0.025024,-0.004425,4.9207
0.023956,-0.005188,4.9255
0.025177,-0.0065613,4.9207
0.025024,-0.0080872,4.9231
0.02533,-0.010071,4.9231
0.02655,-0.011139,4.9231
0.024567,-0.012207,4.9194
0.024872,-0.01236,4.917
0.02533,-0.013733,4.917
0.026245,-0.011444,4.9207
0.027466,-0.0099182,4.9133
0.026093,-0.0091553,4.9121
0.02594,-0.007019,4.9109
0.024261,-0.0042725,4.9048
0.023651,-0.0012207,4.8938
0.023041,0.0013733,4.9084
0.023956,0.0035095,4.9097
0.026245,0.0056458,4.9072
0.027618,0.0064087,0.046387
0.028381,0.0067139,0.039063
0.03067,0.0062561,0.040283
0.031891,0.0057983,0.042725
0.032349,0.004425,0.045166
0.033112,0.0053406,0.056152
0.033722,0.0048828,0.046387
0.033417,0.0032043,0.063477
0.03067,0.0018311,0.050049
0.027924,0.00091553,0.045166
0.024872,-0.00015259,0.054932
0.02243,-0.00015259,0.057373
0.019531,0.00061035,0.054932
0.018005,0.0010681,0.05249
0.016785,0.0010681,0.059814
0.016327,0,0.061035
0.01236,-0.0012207,0.061035
0.010071,-0.002594,0.064697
0.0082397,-0.0042725,0.058594
0.0064087,-0.0039673,0.063477
0.0071716,-0.0048828,0.064697
0.0059509,-0.0059509,0.067139
0.0059509,-0.0068665,0.06958
0.0056458,-0.0086975,0.064697
0.0061035,-0.0090027,0.067139
0.0076294,-0.0073242,0.065918
0.0097656,-0.0056458,0.073242
0.012665,-0.0036621,0.059814
0.015564,-0.00015259,0.067139
0.017548,0.0010681,0.056152
0.019226,0.0013733,0.056152
0.021515,0.0019836,0.05127
0.023041,0.0027466,0.053711
0.024261,0.0041199,0.046387
0.022125,0.0050354,0.048828
0.026245,0.0068665,0.042725
0.027161,0.0076294,0.046387
0.027008,0.0047302,0.047607
0.027161,0.007019,0.046387
0.026093,0.0065613,0.041504
0.02655,0.0062561,0.043945
0.026398,0.0062561,0.054932
0.027008,0.0054932,0.039063
0.025177,0.004425,0.047607
0.024567,0.0028992,0.031738
0.024109,0.0012207,0.024414
0.024261,-0.0015259,0.036621
0.024872,-0.0018311,0.039063
0.025024,-0.0022888,0.039063
0.025787,-0.0021362,0.041504
0.025787,-0.0024414,0.037842
0.025635,-0.0024414,0.042725
0.02655,-0.0027466,0.042725
0.027618,-0.00091553,0.046387
0.029144,0.0013733,0.045166
0.030518,0.0019836,0.047607
0.032196,0.00061035,0.053711
0.032806,0.0021362,0.057373
0.034332,0.0015259,0.063477
0.035248,0.0016785,0.058594
0.037079,0.0010681,0.056152
0.036926,0.0030518,0.063477
0.037079,0.0050354,0.06958
0.036469,0.0053406,0.05249
0.036774,0.007019,0.054932
0.035095,0.0059509,0.062256
0.033875,0.0054932,0.057373
0.033875,0.0074768,0.058594
0.031738,0.0086975,0.063477
0.030823,0.010223,0.062256
0.029907,0.010223,0.067139
0.028076,0.0094604,0.064697
0.026093,0.0079346,0.068359
0.024414,0.0056458,0.063477
0.021515,0.0035095,0.065918
0.018921,0.0030518,0.062256
0.01709,0.0019836,0.061035
0.016174,0.0024414,0.061035
0.013733,0.002594,0.057373
0.013428,0.0022888,0.056152
0.010529,0.0015259,0.05127
0.010681,0.00076294,0.036621
0.011292,0.0016785,0.047607
0.010529,0.00045776,0.048828
0.010834,0.00061035,0.043945
0.011597,0.0013733,0.046387
0.014191,-0.00091553,0.039063
0.012512,0.00061035,0.040283
0.014191,-0.00061035,0.037842
0.015106,0,0.045166
0.017395,0,0.037842
0.018616,0.00076294,0.041504
0.021667,0.0028992,0.039063
0.020905,0.0048828,0.040283
0.021057,0.0059509,0.037842
0.020752,0.0059509,0.040283
0.02243,0.0059509,0.042725
0.02655,0.0054932,0.040283
0.024109,0.0050354,0.048828
0.024567,0.0054932,0.041504
0.024719,0.0053406,0.039063
0.024719,0.0057983,0.045166
0.023804,0.0047302,0.048828
0.022278,0.0042725,0.047607
0.021667,0.0045776,0.053711
0.020752,0.0024414,0.05249
0.020752,0.0015259,0.059814
0.020294,0.0019836,0.054932
0.020294,0.00076294,0.059814
0.019989,0.0012207,0.054932
0.020142,0.00015259,0.065918
0.021515,-0.00030518,0.058594
0.023193,-0.00061035,0.062256
0.023651,-0.00030518,0.074463
0.025024,0.00015259,0.062256
0.025177,0.0012207,0.059814
0.026703,0.0022888,0.064697
0.026093,0.0021362,4.292
0.026245,0.0019836,4.8914
0.02655,0.0013733,4.9353
0.029602,0.0036621,4.9304
0.030365,0.004425,4.9341
0.030518,0.0056458,4.9268
0.03006,0.0065613,4.9329
0.029449,0.005188,4.928
0.027618,0.0050354,4.928
0.027161,0.0038147,4.9231
0.02655,0.0039673,4.9255
0.024872,0.0042725,4.9194
0.020905,0.0050354,4.9255
0.018005,0.0047302,4.9097
0.013733,0.0028992,4.9243
0.011902,0.0018311,4.9255
0.010071,0.00061035,4.9194
0.010834,-0.00030518,4.9268
0.010529,-0.00045776,4.9133
0.0099182,-0.00061035,4.9048
0.0093079,-0.0010681,4.9109
0.0094604,-0.0024414,4.9109
0.0093079,-0.0036621,4.9084
0.0097656,-0.0039673,4.9072
0.010223,-0.0042725,4.9048
0.010376,-0.0057983,4.9109
0.012054,-0.0053406,4.9048
0.014038,-0.005188,4.9097
0.015411,-0.0036621,4.906
0.016327,-0.0033569,4.9158
0.018768,-0.0019836,4.9121
0.020905,-0.00061035,4.9158
0.023651,0,4.9194
0.02533,0.00061035,4.9207
0.027924,-0.00076294,4.9243
0.029907,0.00076294,4.9182
0.029144,0.00045776,4.9243
0.028534,0.0013733,4.928
0.027313,0.0021362,4.9182
0.026398,0.0021362,4.9072
0.02533,0.0028992,4.9316
0.024567,0.0027466,4.9304
0.024719,0.002594,4.9329
0.023651,0.0021362,4.9304
0.021973,0.0021362,4.9353
0.021362,0.0032043,4.9292
0.020599,0.0039673,4.9329
0.021515,0.004425,4.9329
0.022583,0.0047302,4.9341
0.02243,0.0041199,4.9316
0.02121,0.0030518,4.9377
0.021057,0.0013733,4.9487
0.018311,-0.00045776,4.9377
0.018921,-0.0018311,4.9377
0.018311,-0.0022888,4.9353
0.019073,-0.0018311,4.9133
0.019989,-0.0010681,4.9255
0.021515,-0.0013733,4.9194
0.022888,-0.0019836,4.9219
0.023956,-0.0030518,4.9231
0.023499,-0.0030518,4.9158
0.023956,-0.0030518,4.9207
0.023346,-0.0015259,4.9133
0.023346,-0.00045776,4.9182
0.023193,-0.00076294,4.9133
0.021973,-0.0021362,4.9182
0.020905,-0.0022888,4.9146
0.019226,-0.002594,4.9146
0.018616,-0.0022888,4.9133
0.018158,-0.0012207,4.9109
0.018463,0.00015259,4.9072
0.019073,0.00091553,4.8938
0.019989,0.0015259,4.8999
0.02121,0.0021362,4.9097
0.02121,0.0013733,4.8926
0.020905,0.0010681,4.9121
0.020599,0.00061035,4.9109
0.019684,0,4.9146
0.019836,-0.00030518,4.9146
0.018463,-0.00030518,4.9109
0.018005,-0.0015259,4.9146
0.016632,-0.0021362,4.9158
0.016632,-0.0027466,4.9231
0.015564,-0.0021362,4.9207
0.015869,-0.0013733,4.9292
0.016174,0.00030518,4.9231
0.016022,0.0013733,4.9316
0.017395,0,4.9353
0.016785,-0.0024414,4.9341
0.016632,-0.004425,4.9414
0.016632,-0.0054932,4.9304
0.016022,-0.0050354,4.9194
0.016937,-0.0042725,4.9304
0.016937,-0.002594,4.9316
0.016632,-0.0021362,4.9292
0.015564,-0.002594,4.9329
0.01709,-0.0024414,4.9329
0.018158,-0.0036621,4.9353
0.019379,-0.0010681,4.9414
0.021667,-0.00076294,4.9402
0.022278,0.00061035,4.9329
0.022583,0.0013733,4.9341
0.02243,-0.0010681,4.928
0.022888,-0.00030518,4.9341
0.022583,-0.0010681,4.9329
0.02243,-0.0018311,4.928
0.018921,-0.00091553,4.9231
0.022125,-0.00015259,4.9219
0.02243,0.0016785,4.917
0.021973,0.0021362,0.047607
0.022583,0.0018311,0.046387
0.023804,0.0022888,0.045166
0.024261,0.00061035,0.045166
0.027161,-0.00076294,0.043945
0.025482,-0.0018311,0.042725
0.025482,-0.0015259,0.036621
0.024719,-0.0027466,0.041504
0.022583,0.00015259,0.039063
0.021667,0.00015259,0.040283
0.020447,-0.00015259,0.040283
0.021362,-0.00015259,0.039063
0.019836,-0.0016785,0.036621
0.020142,-0.0016785,0.040283
0.019989,-0.00091553,0.050049
0.019531,-0.00061035,0.040283
0.019379,-0.00061035,0.05249
0.018921,-0.00045776,0.043945
0.017853,-0.0022888,0.030518
0.017853,-0.0050354,0.045166
0.016785,-0.0028992,0.047607
0.016022,-0.0021362,0.046387
0.014954,-0.0012207,0.05249
0.014801,-0.0013733,0.054932
0.013885,-0.0030518,0.059814
0.013123,-0.005188,0.058594
0.01297,-0.0068665,0.06958
0.013275,-0.0062561,0.061035
0.013733,-0.0045776,0.063477
0.014801,-0.0028992,0.061035
0.014496,-0.00045776,0.063477
0.015869,-0.0013733,0.073242
0.016479,-0.0016785,0.063477
0.015411,-0.0019836,0.056152
0.016479,-0.0012207,0.064697
0.017853,-0.00015259,0.065918
0.018921,0.00030518,0.063477
0.019531,-0.00045776,0.062256
0.019073,-0.0024414,0.067139
0.019379,-0.0041199,0.065918
0.019226,-0.0050354,0.057373
0.019379,-0.0053406,0.062256
0.021515,-0.004425,0.053711
0.022583,-0.002594,0.057373
0.022736,-0.0012207,0.05127
0.02243,-0.00091553,0.053711
0.020142,-0.00045776,0.048828
0.019989,-0.0012207,0.050049
0.019531,-0.0030518,0.047607
0.017548,-0.0018311,0.047607
0.018921,-0.0013733,0.056152
0.018463,-0.00061035,0.045166
0.017853,-0.00091553,0.056152
0.017395,-0.0021362,0.039063
0.018311,-0.0013733,0.030518
0.018463,-0.0016785,0.039063
0.020599,-0.0045776,0.039063
0.021973,0.00076294,0.037842
0.022736,0.0022888,0.039063
0.022583,0.0033569,0.037842
0.023193,0.0030518,0.041504
0.02121,0.0030518,0.037842
0.02182,0.0016785,0.040283
0.02121,0.00091553,0.037842
0.024261,0.00091553,0.043945
0.023346,0,0.043945
0.022888,-0.00045776,0.045166
0.022125,-0.00030518,0.050049
0.021515,-0.0021362,0.050049
0.020447,-0.0039673,0.054932
0.019836,-0.0056458,0.05127
0.019531,-0.0057983,0.057373
0.018158,-0.0054932,0.058594
0.017395,-0.0035095,0.05127
0.01709,-0.0021362,0.057373
0.018005,-0.0022888,0.054932
0.0177,-0.0024414,0.061035
0.017853,-0.0036621,0.059814
0.019073,-0.004425,0.054932
0.019836,-0.0041199,0.064697
0.02121,-0.0024414,0.061035
0.020905,-0.0013733,0.062256
0.019989,-0.0013733,0.065918
0.019226,-0.0016785,0.068359
0.017395,-0.0022888,0.064697
0.017242,-0.0039673,0.065918
0.020447,-0.0021362,0.076904
0.020752,-0.00030518,0.065918
0.022736,0.0016785,0.064697
0.024414,0.0022888,0.059814
0.026398,0.002594,0.042725
0.027313,0.0015259,0.054932
0.027924,0.00030518,0.057373
0.028534,-0.0013733,0.048828
0.028534,-0.0012207,0.047607
0.027924,-0.0013733,0.046387
0.025482,-0.00091553,0.045166
0.023804,0.00045776,0.045166
0.02243,0.00045776,0.046387
0.02121,0,0.042725
0.022888,-0.0015259,0.041504
0.024109,-0.0022888,0.042725
0.025024,-0.0024414,0.042725
0.025177,-0.0019836,0.042725
0.027313,-0.0012207,0.039063
0.025787,-0.00061035,0.039063
0.025635,-0.00045776,0.042725
0.026093,-0.00045776,0.036621
0.026245,-0.00015259,0.037842
0.027771,0.0010681,0.037842
0.025787,0.0018311,0.037842
0.025482,0.0019836,0.039063
0.02533,0.0028992,0.040283
0.025482,0.0024414,0.043945
0.026703,0.0012207,0.042725
0.027313,0.00061035,0.048828
0.027771,0.0030518,0.047607
0.028839,0.00061035,0.076904
0.028381,0.0028992,4.6204
0.028992,0.0028992,4.9036
0.029602,0.0054932,4.9207
0.029449,0.0057983,4.9304
0.030212,0.0053406,4.9377
0.030365,0.005188,4.9316
0.029144,0.004425,4.9377
0.028381,0.0047302,4.9304
0.027008,0.0054932,4.9243
0.025635,0.0071716,4.9329
0.024719,0.0080872,4.9304
0.023193,0.0082397,4.9304
0.02243,0.0080872,4.9341
0.023041,0.0080872,4.9353
0.023041,0.007782,4.9377
0.023651,0.0076294,4.9329
0.023499,0.0073242,4.939
0.023193,0.0076294,4.9304
0.022125,0.0057983,4.9329
0.02182,0.0038147,4.928
0.020752,0.0024414,4.9292
0.020599,0.0018311,4.9243
0.019226,0.0033569,4.9255
0.019684,0.0054932,4.9304
0.018921,0.0071716,4.9231
0.018768,0.0079346,4.9292
0.019531,0.0074768,4.9182
0.020599,0.0061035,4.9146
0.020599,0.0042725,4.9146
0.021515,0.0041199,4.9109
0.020905,0.0045776,4.9146
0.020752,0.0048828,4.9109
0.020599,0.0047302,4.9084
0.020905,0.0036621,4.9133
0.022583,0.002594,4.9072
0.022888,0.0024414,4.9121
0.022583,0.0028992,4.9109
0.022736,0.004425,4.9133
0.022736,0.0074768,4.9084
0.022125,0.0053406,4.9121
0.022583,0.0042725,4.9231
0.022736,0.0024414,4.9133
0.023651,0.00061035,4.9146
0.023804,0,4.917
0.024109,0.00091553,4.9023
0.025024,0.0016785,4.9158
0.025635,0.0027466,4.9207
0.026703,0.0028992,4.9219
0.027313,0.0022888,4.9243
0.027618,0.00030518,4.9231
0.027466,0.0028992,4.9292
0.026703,0.0039673,4.9304
0.026855,0.0054932,4.9341
0.025787,0.0073242,4.9292
0.025024,0.0071716,4.9341
0.025024,0.0067139,4.9304
0.025177,0.0054932,4.9377
0.024872,0.0013733,4.9365
0.024719,0.0048828,4.9341
0.024261,0.0059509,4.9353
0.023193,0.0071716,4.9365
0.022736,0.0073242,4.9463
0.02121,0.0073242,4.9329
0.020599,0.0059509,4.9231
0.019531,0.0045776,4.9316
0.019684,0.0035095,4.9304
0.019226,0.002594,4.9304
0.019989,0.0022888,4.9316
0.022125,0.0021362,4.9243
0.019836,0.0012207,4.9243
0.019226,-0.00015259,4.9194
0.018768,-0.002594,4.9231
0.019226,-0.0030518,4.9194
0.018463,-0.0032043,4.9194
0.017548,-0.0010681,4.9207
0.015259,0.0010681,4.9207
0.016022,0.0018311,4.9243
0.014954,0.0019836,4.9158
0.014954,0.00015259,4.9158
0.012665,-0.00061035,4.9133
0.016632,-0.00076294,4.8987
0.017242,0.0013733,4.9146
0.018311,0.0038147,4.9109
0.018311,0.0056458,4.9084
0.017242,0.0053406,4.9109
0.016785,0.0033569,4.9072
0.015869,0.0019836,4.9109
0.016022,0.00015259,4.9084
0.01709,0.0012207,4.9133
0.018158,0.0035095,4.9048
0.018158,0.0050354,4.9158
0.018463,0.0053406,4.9158
0.017853,0.0039673,4.9194
0.018005,0.0016785,4.917
0.015106,0,4.9207
0.017548,0.00061035,4.9207
0.017853,0.0019836,4.9292
0.017548,0.0030518,4.9353
0.016785,0.0027466,4.9304
0.016022,0.0013733,4.9194
0.016174,-0.0010681,4.9255
0.015106,-0.002594,4.9304
0.015869,-0.0021362,4.9316
0.015259,-0.00061035,4.9304
0.016327,0.0013733,4.9268
0.018311,0.0021362,4.9353
0.016632,0.0024414,4.9329
0.016937,0.00061035,4.9353
0.016479,-0.0016785,0.061035
0.015564,-0.0018311,0.067139
0.017242,-0.0013733,0.064697
0.018005,0.0012207,0.067139
0.02121,-0.00045776,0.078125
0.018616,0.0028992,0.062256
0.019226,0.00091553,0.057373
0.017548,-0.0024414,0.057373
0.016785,-0.0035095,0.036621
0.018616,-0.0030518,0.053711
0.020294,-0.0016785,0.050049
0.02121,0,0.045166
0.022278,0.0010681,0.048828
0.022125,0.00061035,0.047607
0.021057,-0.0015259,0.05127
0.019989,-0.0024414,0.043945
0.019989,-0.0018311,0.043945
0.019379,0,0.031738
0.018616,0.0019836,0.046387
0.018921,0.0030518,0.042725
0.016632,0.0028992,0.042725
0.015869,0.0010681,0.041504
0.014343,-0.0010681,0.041504
0.013885,-0.0021362,0.041504
0.016022,-0.002594,0.040283
0.016022,-0.0013733,0.040283
0.016479,0.00076294,0.037842
0.016327,0.00015259,0.040283
0.016327,-0.00091553,0.039063
0.016327,-0.0015259,0.041504
0.017242,-0.0021362,0.032959
0.017548,0.00045776,0.046387
0.019836,0.0035095,0.046387
0.020599,0.0062561,0.048828
0.020905,0.0067139,0.05127
0.022278,0.0053406,0.057373
0.023346,0.0027466,0.054932
0.024719,-0.00045776,0.057373
0.023499,-0.0024414,0.061035
0.023804,-0.002594,0.062256
0.022736,-0.0019836,0.070801
0.020447,-0.0045776,0.063477
0.018311,-0.0021362,0.070801
0.016022,-0.0045776,0.059814
0.014648,-0.0057983,0.053711
0.014343,-0.0064087,0.061035
0.014648,-0.0056458,0.062256
0.014954,-0.0045776,0.063477
0.016632,-0.0027466,0.065918
0.017853,-0.0024414,0.063477
0.018463,-0.0033569,0.067139
0.019836,-0.0039673,0.062256
0.020599,-0.0045776,0.065918
0.021515,-0.0057983,0.057373
0.021973,-0.0042725,0.063477
0.022125,-0.0018311,0.058594
0.023041,-0.00015259,0.057373
0.023499,0.00061035,0.05127
0.023346,-0.00061035,0.05249
0.023956,-0.0022888,0.058594
0.025787,-0.0042725,0.047607
0.028534,-0.0036621,0.061035
0.030212,-0.0019836,0.046387
0.032043,0.00015259,0.048828
0.031586,0.00091553,0.040283
0.031433,0,0.040283
0.031586,-0.0019836,0.041504
0.031281,-0.0032043,0.040283
0.031281,-0.0042725,0.031738
0.029602,-0.0036621,0.040283
0.027313,-0.0016785,0.037842
0.024109,-0.00076294,0.041504
0.021362,-0.00015259,0.041504
0.019684,-0.00061035,0.040283
0.0177,-0.0018311,0.032959
0.01709,-0.0028992,0.041504
0.0177,-0.0033569,0.054932
0.017548,-0.0033569,0.042725
0.018311,-0.0033569,0.048828
0.019073,-0.0036621,0.043945
0.019684,-0.0042725,0.032959
0.019379,-0.0057983,0.050049
0.019226,-0.0068665,0.050049
0.018463,-0.0071716,0.05249
0.017853,-0.0064087,0.053711
0.01709,-0.0041199,0.057373
0.016327,-0.0028992,0.063477
0.015259,-0.0018311,0.058594
0.015259,-0.0016785,0.062256
0.016327,-0.0033569,0.058594
0.018768,-0.0047302,0.063477
0.021362,-0.0050354,0.059814
0.022888,-0.0042725,0.064697
0.023804,-0.0030518,0.064697
0.02243,-0.0024414,0.063477
0.020294,-0.0035095,0.081787
0.018616,-0.0053406,0.053711
0.018311,-0.0083923,0.076904
0.019073,-0.0076294,0.065918
0.019379,-0.0061035,0.056152
0.019379,-0.0039673,0.059814
0.018768,-0.00045776,0.057373
0.0177,0.0010681,0.056152
0.018158,0.00061035,0.056152
0.019531,-0.0010681,0.050049
0.022125,-0.0021362,0.05249
0.024261,-0.00091553,0.047607
0.024414,0.00045776,0.047607
0.023499,0.0027466,0.041504
0.019989,0.0028992,0.047607
0.019073,0.002594,0.050049
0.019531,0.00091553,0.047607
0.02243,-0.0010681,0.045166
0.024567,-0.0013733,0.042725
0.025482,-0.00061035,0.026855
0.024567,-0.00030518,0.039063
0.023804,0,0.032959
0.022125,-0.0016785,0.040283
0.022583,-0.0032043,4.2273
0.023041,-0.0042725,4.8633
0.024414,-0.0038147,4.9023
0.02533,-0.0024414,4.9048
0.024414,-0.00061035,4.9097
0.023041,0.00076294,4.9084
0.021515,-0.00076294,4.9097
0.021362,0,4.9121
0.021362,-0.00076294,4.9158
0.023041,-0.0027466,4.9133
0.026245,-0.0033569,4.9231
0.026245,-0.005188,4.9231
0.024872,-0.0041199,4.9219
0.024567,-0.004425,4.9329
0.024261,-0.0045776,4.9255
0.024414,-0.0047302,4.9353
0.023956,-0.0088501,4.9341
0.02594,-0.0042725,4.9146
0.02655,-0.0035095,4.9243
0.025024,0.00061035,4.9292
0.023804,-0.00091553,4.9329
0.022736,-0.0013733,4.9268
0.021667,-0.0019836,4.9255
0.023041,-0.0032043,4.9341
0.024567,-0.0039673,4.9353
0.02594,-0.004425,4.9353
0.02655,-0.0039673,4.9316
0.026245,-0.0036621,4.9377
0.024567,-0.0024414,4.9365
0.023956,-0.00091553,4.9329
0.023346,-0.00015259,4.9402
0.023346,-0.00030518,4.9341
0.024109,0.00045776,4.9304
0.023346,0.00045776,4.928
0.022888,0.00076294,4.9268
0.02121,0.00015259,4.9231
0.020294,-0.00045776,4.9304
0.02182,-0.0010681,4.9158
0.023346,-0.00091553,4.9207
0.025482,-0.002594,4.917
0.02655,-0.0024414,4.9158
0.025635,-0.0018311,4.9109
0.024872,-0.0015259,4.9121
0.02182,0.0010681,4.9072
0.020752,0.0032043,4.9133
0.021667,0.0048828,4.9084
0.022736,0.0061035,4.9146
0.024567,0.0057983,4.9109
0.025482,0.0053406,4.9146
0.025635,0.0013733,4.9219
0.024567,0.0039673,4.9158
0.024567,0.0028992,4.9097
0.023804,0.0018311,4.9097
0.02655,0.00045776,4.8999
0.02655,-0.00061035,4.9146
0.026703,-0.00061035,4.9133
0.026245,-0.0015259,4.917
0.024414,0.0019836,4.917
0.022888,0.0039673,4.917
0.02182,0.007019,4.9194
0.022583,0.01297,4.9231
0.026398,0.010223,4.9292
0.025482,0.0093079,4.9268
0.02533,0.0083923,4.9304
0.023651,0.007782,4.9329
0.021973,0.0059509,4.9329
0.02121,0.0061035,4.9341
0.020752,0.0065613,4.9329
0.021973,0.0059509,4.9316
0.022736,0.0090027,4.9329
0.023346,0.0093079,4.9402
0.020447,0.0088501,4.9365
0.017853,0.0079346,4.9182
0.015869,0.0071716,4.9316
0.015259,0.0065613,4.9353
0.016785,0.0056458,4.9353
0.019379,0.0056458,4.9365
0.020599,0.0045776,4.9353
0.02121,0.0015259,4.9353
0.016937,0.0036621,4.9292
0.0177,0.0039673,4.9316
0.017853,0.005188,4.9243
0.018463,0.0059509,4.9194
0.019531,0.0042725,4.9231
0.02182,0.0076294,4.9243
0.022125,0.0080872,4.9329
0.020752,0.0080872,4.9182
0.019684,0.007782,4.9231
0.018005,0.0067139,4.9182
0.018311,0.0056458,4.8999
0.021667,0.0048828,4.9109
0.020447,0.0032043,4.9146
0.02121,0.0016785,4.9109
0.020905,0.0012207,4.9084
0.017853,0.00076294,4.9048
0.014496,0.00061035,4.9121
0.012054,0.0012207,4.9097
0.012512,0.00030518,4.9109
0.013733,0.00015259,4.9084
0.014343,0.00015259,4.9146
0.015411,-0.00061035,4.9109
0.014801,-0.00061035,4.9133
0.013885,0.00045776,4.9146
0.012665,0.0019836,4.9158
0.016327,0.0030518,4.9109
0.019989,0.002594,4.917
0.023346,0.0022888,4.9207
0.024567,0.0013733,4.9219
0.023804,0.0015259,0.05127
0.022583,0.0024414,0.053711
0.020599,0.0039673,0.058594
0.020142,0.0057983,0.058594
0.021973,0.0071716,0.062256
0.022888,0.0061035,0.058594
0.02655,0.0041199,0.057373
0.026093,0.0024414,0.061035
0.023804,0.0015259,0.064697
0.02243,0.0013733,0.059814
0.022125,0.0015259,0.063477
0.021362,0.002594,0.062256
0.023651,0.002594,0.064697
0.024261,0.0016785,0.074463
0.023041,0.00061035,0.065918
0.020294,-0.00015259,0.072021
0.016785,0.00015259,0.065918
0.015259,0.00091553,0.053711
0.014496,0.002594,0.062256
0.015869,0.0027466,0.061035
0.016785,0.0019836,0.054932
0.017242,0.00045776,0.054932
0.018463,-0.00045776,0.045166
0.017548,-0.00076294,0.050049
0.016479,0.00076294,0.048828
0.016785,0.0024414,0.05127
0.017395,0.0041199,0.043945
0.020599,0.0038147,0.048828
0.020599,0.0030518,0.048828
0.019989,0.0016785,0.043945
0.018768,0.0019836,0.041504
0.015564,0.0030518,0.043945
0.014496,0.004425,0.042725
0.015564,0.0038147,0.037842
0.014801,0.0032043,0.040283
0.019226,0.0019836,0.039063
0.020447,0.00091553,0.043945
0.020294,0.0013733,0.037842
0.018768,0.0038147,0.029297
0.01709,0.0016785,0.0354
0.016327,0.0036621,0.040283
0.017853,0.0024414,0.039063
0.018616,0.0012207,0.043945
0.019226,-0.00015259,0.042725
0.019073,-0.0021362,0.046387
0.0177,-0.0024414,0.046387
0.016479,-0.0021362,0.05249
0.014954,-0.0018311,0.050049
0.014648,-0.0015259,0.057373
0.016785,-0.0018311,0.063477
0.018311,-0.0032043,0.056152
0.018768,-0.0032043,0.064697
0.01709,-0.0035095,0.059814
0.015259,-0.0019836,0.043945
0.013733,-0.00030518,0.061035
0.014191,0.00045776,0.062256
0.016022,0.0016785,0.058594
0.0177,0.00045776,0.059814
0.020142,-0.0012207,0.056152
0.020752,-0.0016785,0.067139
0.019836,-0.0016785,0.061035
0.019531,-0.00015259,0.065918
0.019531,0.0015259,0.064697
0.021667,0.0016785,0.064697
0.023041,0.00061035,0.063477
0.023804,-0.0013733,0.064697
0.023956,-0.002594,0.068359
0.023499,-0.0030518,0.059814
0.02182,-0.0016785,0.061035
0.022278,-0.00015259,0.059814
0.023041,0.0015259,0.063477
0.028229,0.0012207,0.047607
0.025635,-0.00061035,0.03418
0.025635,-0.0032043,0.047607
0.024261,-0.0048828,0.045166
0.021515,-0.0056458,0.042725
0.018158,-0.0039673,0.043945
0.016327,-0.0028992,0.030518
0.016479,-0.0030518,0.043945
0.016785,-0.0038147,0.040283
0.017548,-0.0050354,0.041504
0.018005,-0.007019,0.037842
0.01709,-0.0061035,0.037842
0.016937,-0.0036621,0.040283
0.016937,-0.00091553,0.041504
0.018921,0.0015259,0.048828
0.022278,0.0016785,0.041504
0.023499,-0.00045776,0.048828
0.024872,-0.0022888,0.039063
0.023956,-0.007782,0.026855
0.019989,-0.0021362,0.041504
0.021667,0.0012207,0.040283
0.019836,0.0028992,0.040283
0.024109,0.0067139,0.045166
0.02594,0.0047302,0.046387
0.028381,0.0024414,0.05127
0.028229,0.0018311,0.05249
0.028076,0.0032043,0.056152
0.025787,0.0022888,0.056152
0.024261,0.0032043,0.059814
0.024567,0.0028992,0.061035
0.024261,0.0016785,0.063477
0.023651,-0.0015259,0.058594
0.021362,-0.0042725,0.062256
0.018005,-0.0064087,0.067139
0.014496,-0.0045776,0.063477
0.012207,-0.0021362,0.070801
0.012054,-0.00061035,0.063477
0.011292,0,0.053711
0.016022,-0.00091553,0.061035
0.018158,-0.0027466,0.067139
0.018463,-0.0032043,0.063477
0.018768,-0.002594,0.062256
0.018921,0,0.042725
0.020599,0.00061035,0.062256
0.02243,0.0024414,0.058594
0.025024,0.0019836,0.058594
0.026703,-0.00045776,0.050049
0.027161,-0.0015259,4.2969
0.023499,-0.0015259,4.8804
0.02533,0.00015259,4.9182
0.026245,0.0021362,4.9268
0.027924,0.0071716,4.917
0.03067,0.0038147,4.9133
0.031586,0.0030518,4.917
0.030365,0.0013733,4.8987
0.027924,0,4.9097
0.025482,0.0013733,4.9109
0.021667,0.0027466,4.9109
0.021362,0.0039673,4.9109
0.020905,0.0024414,4.9097
0.021057,0.0027466,4.9121
0.02121,0,4.9084
0.019379,-0.002594,4.9084
0.016937,-0.0042725,4.9036
0.016479,-0.00091553,4.9121
0.015869,0.0019836,4.9109
0.017548,0.0045776,4.9121
0.018616,0.0038147,4.9097
0.019226,0.0021362,4.9158
0.018921,-0.00015259,4.9231
0.0177,-0.0019836,4.917
0.01709,0.00045776,4.9304
0.017242,0.0032043,4.9219
0.018921,0.005188,4.9158
0.019531,0.005188,4.9268
0.021973,0.0018311,4.9292
0.02182,-0.00061035,4.9268
0.020905,-0.0030518,4.9292
0.019379,-0.0035095,4.928
0.017548,-0.0022888,4.9292
0.01709,-0.00061035,4.9316
0.017242,-0.00045776,4.9329
0.018005,-0.0021362,4.9304
0.018768,-0.004425,4.9329
0.018311,-0.0053406,4.9341
0.01709,-0.0036621,4.9329
0.015717,-0.0012207,4.9402
0.014496,0.0021362,4.9402
0.014496,0.0039673,4.9353
0.014801,0.0024414,4.9365
0.015717,0,4.9402
0.015259,-0.0028992,4.9341
0.014038,-0.0036621,4.928
0.01236,-0.0024414,4.9255
0.010986,0.00045776,4.9255
0.012054,0.002594,4.9231
0.015411,0.004425,4.9268
0.018005,0.00045776,4.917
0.020599,-0.0032043,4.9194
0.022278,-0.0036621,4.9133
0.019531,-0.0030518,4.9158
0.022583,-0.0024414,4.917
0.023193,-0.00015259,4.9194
0.025024,0.00015259,4.9097
0.027161,-0.00015259,4.9158
0.028229,-0.0013733,4.9219
0.027771,-0.0021362,4.9072
0.027008,-0.0013733,4.9194
0.024261,0.00061035,4.9109
0.023346,0.0021362,4.8938
0.023193,0.0028992,4.9084
0.023346,0.0016785,4.9011
0.026245,-0.00061035,4.9097
0.026398,-0.0021362,4.9097
0.025787,-0.0032043,4.906
0.023193,-0.0032043,4.9133
0.022125,-0.0013733,4.9146
0.02182,0.00091553,4.9158
0.020752,0.00015259,4.9158
0.02121,0.00091553,4.9219
0.020294,-0.00015259,4.9231
0.019073,-0.0018311,4.928
0.018768,-0.0036621,4.9365
0.017395,-0.0016785,4.9304
0.01709,-0.0013733,4.928
0.016937,-0.00061035,4.9353
0.017395,-0.00076294,4.9341
0.019989,-0.0027466,4.9316
0.020599,-0.0041199,4.8999
0.021362,-0.0050354,4.9268
0.021515,-0.0047302,4.9292
0.021667,-0.0027466,4.9292
0.021667,-0.00091553,4.9353
0.021973,-0.00091553,4.9353
0.024719,-0.00045776,4.9353
0.027161,-0.0019836,4.9329
0.028534,-0.0036621,4.9402
0.028839,-0.0032043,4.9353
0.027466,-0.0016785,4.9207
0.024719,-0.00045776,4.9329
0.025024,0.0015259,4.9341
0.024567,0.00091553,4.9353
0.024261,-0.0012207,4.928
0.024109,-0.0032043,4.9353
0.021515,-0.0047302,4.9231
0.020294,-0.0045776,4.9109
0.018921,-0.0021362,4.9194
0.018463,-0.00076294,4.9182
0.019684,-0.00091553,4.9158
0.02182,-0.0016785,4.9048
0.021667,-0.0038147,4.9133
0.022583,-0.005188,4.9109
0.02243,-0.004425,4.9084
0.020447,-0.0027466,4.9133
0.019836,-0.00015259,4.9097
0.019836,-0.0012207,0.041504
0.021057,0.0041199,0.042725
0.021515,0.0035095,0.042725
0.02182,0.002594,0.046387
0.022736,0.00076294,0.036621
0.023804,-0.00015259,0.040283
0.024109,0.0018311,0.036621
0.02533,0.0036621,0.028076
0.027161,0.0045776,0.042725
0.028839,0.0035095,0.046387
0.029297,0.0013733,0.040283
0.03067,-0.0018311,0.047607
0.030823,-0.0015259,0.048828
0.030518,0,0.053711
0.028076,0.0036621,0.053711
0.027313,0.0057983,0.057373
0.025482,0.007782,0.05249
0.024567,0.0065613,0.062256
0.024109,0.0047302,0.063477
0.024109,0.0018311,0.064697
0.023346,0.0027466,0.059814
0.022583,0.0045776,0.062256
0.022278,0.0057983,0.067139
0.022736,0.0061035,0.063477
0.02243,0.0059509,0.070801
0.02243,0.0045776,0.064697
0.02243,0.0030518,0.043945
0.022125,0.0050354,0.061035
0.020905,0.007019,0.068359
0.018921,0.0088501,0.067139
0.017395,0.0093079,0.065918
0.016937,0.0073242,0.059814
0.017395,0.0056458,0.064697
0.018768,0.004425,0.058594
0.019684,0.0042725,0.058594
0.020447,0.0054932,0.053711
0.020447,0.0067139,0.053711
0.020294,0.0082397,0.046387
0.020599,0.0050354,0.05127
0.020599,0.0030518,0.057373
0.019836,0.00030518,0.05127
0.019531,-0.0015259,0.043945
0.018921,-0.0027466,0.042725
0.018158,-0.0018311,0.031738
0.018311,-0.0012207,0.039063
0.019226,0,0.042725
0.019684,-0.00091553,0.040283
0.020905,-0.0021362,0.036621
0.02182,-0.002594,0.031738
0.023651,-0.0016785,0.040283
0.023193,0,0.037842
0.023041,0.00045776,0.039063
0.026245,0.0027466,0.041504
0.023346,0.0010681,0.045166
0.023956,0,0.037842
0.025024,-0.00061035,0.041504
0.022736,0.00091553,0.042725
0.024261,0.0035095,0.043945
0.024261,0.005188,0.05249
0.024414,0.0030518,0.050049
0.024872,0.0067139,0.063477
0.025177,0.0056458,0.05249
0.025482,0.0047302,0.045166
0.025635,0.0041199,0.056152
0.027008,0.0039673,0.058594
0.025635,0.0050354,0.056152
0.02533,0.0054932,0.062256
0.023956,0.0047302,0.061035
0.023804,0.0027466,0.061035
0.022278,0.0021362,0.062256
0.021973,0.0018311,0.065918
0.022125,0.00015259,0.058594
0.022583,0.0041199,0.063477
0.021667,0.005188,0.067139
0.021515,0.0038147,0.062256
0.021515,0.0028992,0.070801
0.020599,0.00076294,0.064697
0.020752,-0.00061035,0.068359
0.020294,-0.0016785,0.062256
0.020905,0.00076294,0.068359
0.020447,0.0027466,0.061035
0.019989,0.0032043,0.058594
0.0177,0.0028992,0.054932
0.018768,0.0019836,0.056152
0.018158,0.0013733,0.050049
0.0177,0.0016785,0.048828
0.018158,0.0022888,0.043945
0.019531,0.0039673,0.048828
0.019684,0.0048828,0.042725
0.017853,0.0047302,0.046387
0.017548,0.0035095,0.046387
0.018158,0.0028992,0.045166
0.018005,0.0022888,0.040283
0.0177,0.0033569,0.047607
0.017853,0.004425,0.056152
0.019226,0.0045776,0.041504
0.019684,0.0062561,0.047607
0.020447,0.0048828,0.041504
0.020294,0.005188,0.024414
0.020599,0.0050354,0.036621
0.020294,0.0050354,0.039063
0.020447,0.0048828,0.039063
0.019684,0.0059509,0.040283
0.019073,0.0053406,0.031738
0.018005,0.0036621,0.042725
0.016632,0.0045776,0.043945
0.016785,0.0042725,0.046387
0.016479,0.0036621,0.046387
0.016479,0.0039673,0.054932
0.017853,0.0041199,0.05249
0.018768,0.0039673,0.056152
0.0177,0.004425,0.058594
0.019684,0.0032043,0.056152
0.019684,0.0024414,0.061035
0.018921,0.0024414,0.062256
0.018463,0.0021362,0.06958
0.017853,0.0016785,0.058594
0.017548,0.0018311,2.5635
0.0177,0.0015259,4.79
0.017242,0.00061035,4.9146
0.016632,-0.0010681,4.9255
0.017395,-0.0010681,4.9329
0.018463,-0.00091553,4.9304
0.019989,-0.0013733,4.9353
0.020294,0.00045776,4.9329
0.019684,0.00030518,4.9377
0.019836,-0.00015259,4.928
0.019531,-0.00061035,4.9353
0.019531,-0.0010681,4.9316
0.019226,-0.0010681,4.9316
0.021515,-0.00061035,4.9353
0.019226,-0.00030518,4.928
0.018921,-0.00045776,4.9133
0.017853,-0.0013733,4.9231
0.020142,-0.0013733,4.906
0.0177,-0.00061035,4.9194
0.018311,0.00045776,4.9133
0.019073,0.0013733,4.9133
0.020752,0.0022888,4.9146
0.02121,0.0016785,4.9146
0.020599,0.0010681,4.9121
0.020752,-0.0030518,4.9097
0.020599,0.00076294,4.9133
0.021515,0.0016785,4.8987
0.021057,0.0019836,4.9146
0.023651,0.0028992,4.9097
0.023804,0.0024414,4.9133
0.023651,0.0010681,4.906
0.022888,0.00030518,4.9121
0.022736,-0.00091553,4.9133
0.022278,0.00061035,4.9097
0.022736,0.0013733,4.917
0.02243,0.0015259,4.9158
0.022888,0.0018311,4.9036
0.022278,0.00076294,4.9182
0.02121,0.00061035,4.917
0.019684,0.00045776,4.917
0.018463,0.00030518,4.9231
0.01709,0.00045776,4.9194
0.015259,-0.00045776,4.9268
0.015259,-0.0015259,4.9304
0.014648,-0.0033569,4.9329
0.01358,-0.0056458,4.9292
0.01297,-0.0068665,4.9365
0.012054,-0.0068665,4.9329
0.01297,-0.0067139,4.9268
0.013885,-0.0053406,4.9426
0.014801,-0.0054932,4.9341
0.016937,-0.0048828,4.9316
0.018921,-0.0027466,4.9231
0.019531,-0.0032043,4.9304
0.021057,-0.0019836,4.9341
0.022736,0.00015259,4.9353
0.024567,0.0015259,4.9353
0.025787,0.0016785,4.9341
0.027313,0.00030518,4.9268
0.029144,-0.00061035,4.9316
0.028992,-0.0021362,4.9255
0.028839,-0.0030518,4.9243
0.028381,-0.0018311,4.9194
0.029755,-0.00091553,4.9231
0.027924,0,4.9231
0.027466,0.0012207,4.9255
0.027313,0.0015259,4.9182
0.02594,0.002594,4.9207
0.024872,0.0027466,4.9219
0.023651,0.0030518,4.9219
0.022583,0.0033569,4.9255
0.02182,0.0035095,4.9133
0.021057,0.002594,4.9011
0.020294,0.0015259,4.9121
0.020752,0.00061035,4.9121
0.019226,0.00061035,4.9097
0.018616,0.0015259,4.9121
0.016937,0.0018311,4.9072
0.018158,0.0019836,4.9097
0.018005,0.0018311,4.9072
0.018158,0.00076294,4.9109
0.018616,0.0010681,4.9109
0.018311,0.0016785,4.9121
0.018616,0.0027466,4.9133
0.018463,0.0019836,4.9158
0.018921,0.0021362,4.9255
0.019073,0.00091553,4.9207
0.019073,0.00030518,4.9255
0.018463,-0.0024414,4.9243
0.018158,-0.0027466,4.9207
0.0177,-0.0038147,4.9304
0.018158,-0.0041199,4.9292
0.018158,-0.0041199,4.928
0.018768,-0.0042725,4.9316
0.018616,-0.0036621,4.9255
0.019226,-0.0032043,4.9304
0.019531,-0.0022888,4.9304
0.019073,-0.0015259,4.9341
0.018616,-0.00015259,4.9292
0.0177,0.00076294,4.9329
0.017548,0.0010681,4.9341
0.016174,0.0016785,4.939
0.01709,-0.00076294,4.9329
0.018768,-0.0019836,4.9377
0.018005,-0.0024414,4.9438
0.0177,-0.002594,4.9329
0.018158,0.0013733,4.9438
0.018311,-0.0013733,4.9341
0.018921,-0.00061035,4.9219
0.018463,-0.00030518,0.054932
0.018921,0,0.053711
0.0177,0.00015259,0.046387
0.017853,-0.00091553,0.050049
0.016632,-0.0022888,0.048828
0.017853,-0.002594,0.05249
0.019226,-0.0028992,0.045166
0.020599,-0.00091553,0.046387
0.021362,-0.0012207,0.042725
0.022888,-0.00076294,0.047607
0.023193,-0.00076294,0.040283
0.024109,-0.00045776,0.042725
0.025787,0.00030518,0.05127
0.027313,0.00045776,0.042725
0.028076,0.0022888,0.039063
0.027618,0.00015259,0.041504
0.027771,0.0028992,0.024414
0.027771,0.0019836,0.037842
0.027313,0.0010681,0.0354
0.029907,0.00030518,0.040283
0.029297,0.0013733,0.039063
0.029449,0.0030518,0.036621
0.029602,0.004425,0.046387
0.027466,0.0038147,0.045166
0.027313,0.0016785,0.046387
0.024719,0.00030518,0.046387
0.023651,-0.0030518,0.05249
0.023499,-0.0021362,0.05249
0.02121,-0.002594,0.056152
0.019531,-0.0018311,0.057373
0.019836,-0.00061035,0.059814
0.018005,-0.0019836,0.061035
0.018616,-0.0022888,0.063477
0.018768,-0.0019836,0.073242
0.019836,-0.0013733,0.058594
0.020905,-0.00030518,0.053711
0.022278,0.0012207,0.059814
0.019226,0.0016785,0.061035
0.023956,0.0016785,0.059814
0.025024,0.0010681,0.063477
0.025482,0.00076294,0.062256
0.025635,0.0013733,0.06958
0.02533,0.0012207,0.065918
0.025024,0.0015259,0.068359
0.023804,0.0022888,0.061035
0.025024,0.0021362,0.062256
0.022888,0.0015259,0.061035
0.022278,0.0013733,0.061035
0.022736,0.0012207,0.062256
0.02182,-0.00015259,0.053711
0.021667,-0.00061035,0.050049
0.022888,-0.0010681,0.050049
0.02243,-0.0050354,0.036621
0.023193,-0.0016785,0.048828
0.024261,-0.0010681,0.043945
0.023346,0,0.041504
0.021973,0.00015259,0.039063
0.022125,0.00030518,0.040283
0.022736,0.00061035,0.042725
0.022888,-0.0024414,0.037842
0.024261,0.0015259,0.041504
0.026093,0.0016785,0.0354
0.027313,0.0033569,0.041504
0.029602,0.0041199,0.040283
0.030365,0.0041199,0.041504
0.031738,0.0045776,0.039063
0.031891,0.0041199,0.040283
0.031586,0.0042725,0.043945
0.031281,0.0061035,0.040283
0.031128,0.0057983,0.05127
0.029755,0.0067139,0.043945
0.027924,0.0074768,0.0354
0.026855,0.0059509,0.043945
0.025787,0.0059509,0.050049
0.026093,0.0056458,0.050049
0.026245,0.0057983,0.053711
0.026398,0.0056458,0.050049
0.026703,0.005188,0.058594
0.027161,0.0061035,0.056152
0.027161,0.004425,0.062256
0.026398,0.0041199,0.058594
0.026855,0.0041199,0.064697
0.024261,0.0057983,0.064697
0.024567,0.0076294,0.062256
0.024567,0.0090027,0.076904
0.024109,0.0097656,0.063477
0.024567,0.0090027,0.057373
0.02243,0.0068665,0.065918
0.021362,0.0048828,0.065918
0.022278,0.0047302,0.063477
0.02182,0.0041199,0.065918
0.021515,0.0041199,0.064697
0.020905,0.0041199,0.063477
0.019836,0.0054932,0.056152
0.018463,0.0022888,0.061035
0.017395,0.0016785,0.056152
0.016632,0.0016785,0.05249
0.016022,0.00061035,0.05127
0.016479,0.00091553,0.053711
0.016174,0.00045776,0.045166
0.015106,-0.00061035,0.046387
0.014648,-0.0013733,0.050049
0.013733,-0.0027466,0.043945
0.015564,-0.0028992,0.054932
0.013275,-0.002594,0.043945
0.020142,-0.0015259,0.05249
0.022278,0,0.041504
0.023193,0.0016785,0.032959
0.022888,0.0021362,0.039063
0.023346,0.0024414,0.036621
0.023956,0.002594,0.037842
0.024261,0.0021362,0.039063
0.024719,0.0024414,0.037842
0.025177,0.0022888,0.040283
0.02594,0.0018311,0.037842
0.025177,0.00061035,0.041504
0.024719,0.0010681,0.037842
0.024872,0.0013733,0.043945
0.026398,0.0015259,4.5715
0.027924,0.0019836,4.8901
0.029449,0.0019836,4.9109
0.028534,0.0021362,4.9182
0.027924,0.0021362,4.9194
0.026093,0.0015259,4.9219
0.023804,0.0013733,4.9304
0.02243,0.00076294,4.9304
0.02243,0,4.9292
0.02182,0.00045776,4.928
0.022583,0.00045776,4.9304
0.02243,0.00061035,4.9316
0.022888,0.00091553,4.928
0.022125,0.0010681,4.9304
0.02182,0.0010681,4.9353
0.021362,0.0016785,4.9304
0.020905,0.0018311,4.9329
0.02121,0.0019836,4.9353
0.02121,0.0013733,4.9365
0.020599,0.00091553,4.9316
0.019531,0.00030518,4.9353
0.018311,0.00015259,4.9475
0.017395,0.00076294,4.9353
0.017242,0.0013733,4.9304
0.01709,0.0013733,4.9304
0.0177,0.0018311,4.9084
0.018005,0.0015259,4.9231
0.0177,0.00061035,4.9158
0.017242,-0.00030518,4.9231
0.015411,-0.0010681,4.9207
0.015259,-0.0053406,4.917
0.015411,-0.0019836,4.9194
0.016174,-0.002594,4.9182
0.017242,-0.0024414,4.9158
0.018158,-0.0032043,4.9158
0.018921,-0.0010681,4.9158
0.019073,-0.00030518,4.9133
0.018463,0.00076294,4.9146
0.018768,0.0019836,4.9109
0.019836,0.0016785,4.9121
0.019989,0.0013733,4.9133
0.020752,0.00091553,4.9121
0.020905,0.00015259,4.9109
0.019073,-0.00015259,4.9084
0.017548,0,4.8865
0.015564,-0.0013733,4.9121
0.01709,0.00091553,4.9097
0.016937,0.0019836,4.9084
0.017395,0.0018311,4.9133
0.017548,0.00030518,4.895
0.016785,0.00015259,4.9194
0.015869,-0.00091553,4.9158
0.015869,-0.00076294,4.9255
0.016327,-0.0015259,4.9231
0.017395,-0.0015259,4.928
0.018005,-0.0012207,4.9304
0.018616,-0.0010681,4.9329
0.019073,-0.0018311,4.939
0.019073,-0.0021362,4.9353
0.018311,-0.0022888,4.9365
0.019226,-0.0019836,4.9304
0.019836,-0.00030518,4.928
0.021667,0.0010681,4.9316
0.022125,0.0018311,4.9304
0.023956,0.0027466,4.9304
0.024109,0.00030518,4.9329
0.023956,-0.0010681,4.9414
0.024872,-0.00076294,4.9341
0.024414,-0.0010681,4.9329
0.024567,0.00015259,4.9377
0.023804,0.00045776,4.9304
0.023041,0.0030518,4.9231
0.021973,-0.002594,4.928
0.019989,-0.0045776,4.9304
0.019379,-0.0057983,4.928
0.018158,-0.0053406,4.9255
0.019073,-0.0032043,4.9268
0.019684,-0.00076294,4.9292
0.019989,0.0010681,4.9292
0.019989,0.0024414,4.9207
0.019379,0.0019836,4.917
0.019226,0.0013733,4.9121
0.020142,0.0022888,4.917
0.020447,0.0030518,4.9133
0.020142,0.0045776,4.9121
0.019684,0.0053406,4.906
0.019684,0.0042725,4.9133
0.018921,0.0035095,4.9158
0.019379,0.0015259,4.9121
0.019226,0.0012207,4.9121
0.021362,0.0010681,4.9133
0.020752,0.002594,4.9084
0.020599,0.0039673,4.9121
0.020447,0.0050354,4.9255
0.018158,0.0048828,4.9133
0.018463,0.0035095,4.917
0.0177,0.0015259,4.9158
0.016632,0.0015259,4.9036
0.015869,-0.0012207,4.9158
0.015106,-0.0019836,4.9182
0.014801,-0.0019836,4.9231
0.014191,-0.0015259,4.9243
0.014191,-0.0018311,4.9219
0.014343,-0.0022888,4.9304
0.014496,-0.0016785,4.9304
0.016327,-0.0015259,4.9304
0.016327,-0.00076294,4.9268
0.0177,0.00015259,4.9365
0.018005,0.0024414,4.9353
0.018463,0.0019836,0.053711
0.019379,0.0015259,0.06958
0.020752,0.00091553,0.063477
0.022125,0.0016785,0.064697
0.022888,0.0019836,0.067139
0.024109,0.0024414,0.079346
0.024567,0.0035095,0.061035
0.024109,0.0022888,0.05249
0.023804,0.0018311,0.064697
0.022888,0.00091553,0.063477
0.023804,-0.00045776,0.053711
0.023193,0.00015259,0.059814
0.022888,0.0021362,0.054932
0.022888,0.0038147,0.054932
0.021667,0.0048828,0.050049
0.02121,0.0045776,0.05127
0.02182,0.0041199,0.048828
0.022736,0.0061035,0.050049
0.024719,0.0036621,0.050049
0.024261,0.0039673,0.046387
0.023499,0.005188,0.054932
0.022278,0.0053406,0.048828
0.019226,0.004425,0.048828
0.0177,0.0015259,0.042725
0.016022,-0.00091553,0.030518
0.016022,0.00061035,0.037842
0.015259,-0.00015259,0.041504
0.014496,0.0018311,0.037842
0.013733,0.0032043,0.040283
0.014343,0.0032043,0.036621
0.013733,0.0019836,0.040283
0.013275,0.00030518,0.037842
0.014496,-0.00061035,0.041504
0.016479,-0.00061035,0.037842
0.015869,0.00030518,0.043945
0.016937,0.0013733,0.047607
0.016632,0.004425,0.050049
0.013275,0.0016785,0.05127
0.016937,0.0021362,0.05249
0.016937,0.0024414,0.053711
0.019073,0.0030518,0.054932
0.019989,0.0067139,0.064697
0.021515,0.0076294,0.059814
0.022125,0.0083923,0.039063
0.021362,0.0082397,0.057373
0.021515,0.0065613,0.062256
0.02121,0.0050354,0.061035
0.021362,0.0035095,0.062256
0.021973,0.0027466,0.058594
0.021667,0.0032043,0.063477
0.022125,0.0041199,0.061035
0.020294,0.005188,0.064697
0.017853,0.004425,0.064697
0.016632,0.0035095,0.067139
0.013885,0.0010681,0.063477
0.010223,0.0010681,0.065918
0.012054,0.00061035,0.078125
0.012512,0.00015259,0.061035
0.013275,0.00061035,0.061035
0.01297,0.0028992,0.057373
0.014496,0.00061035,0.0354
0.015411,0.00015259,0.05127
0.016479,-0.00015259,0.048828
0.018463,0.00045776,0.048828
0.018311,0.00076294,0.046387
0.018921,0.0016785,0.045166
0.019684,0.0015259,0.043945
0.020142,0.00091553,0.043945
0.020599,0.00030518,0.041504
0.023041,-0.00061035,0.040283
0.024872,-0.00076294,0.043945
0.027771,0.0012207,0.041504
0.029144,0.0027466,0.042725
0.031128,0.0030518,0.039063
0.032959,0.0053406,0.041504
0.031433,0.0035095,0.039063
0.030975,0.0013733,0.040283
0.03006,0.0010681,0.045166
0.028229,0.0010681,0.037842
0.026093,0.00015259,0.039063
0.024719,-0.00076294,0.039063
0.023651,-0.0018311,0.039063
0.023193,-0.0030518,0.041504
0.023956,-0.0033569,0.045166
0.023346,-0.004425,0.045166
0.025482,-0.0042725,0.05127
0.026093,-0.0016785,0.048828
0.026398,-0.00076294,0.056152
0.02655,0.0030518,0.056152
0.026245,0.0010681,0.061035
0.025482,0.00015259,0.059814
0.024567,-0.0015259,0.062256
0.025482,-0.0022888,0.070801
0.024872,-0.0022888,0.062256
0.024567,-0.0012207,0.067139
0.025177,0.00030518,0.063477
0.026398,0.0016785,0.058594
0.026245,0.0021362,0.063477
0.027466,0.0012207,0.063477
0.027618,-0.00015259,0.064697
0.028229,-0.0010681,0.067139
0.028534,-0.0010681,0.062256
0.028076,-0.00045776,0.062256
0.027924,0.00076294,0.061035
0.026855,-0.00076294,0.063477
0.025787,0,0.057373
0.024872,-0.0015259,0.058594
0.024414,-0.0021362,0.054932
0.023651,-0.0015259,0.054932
0.023651,-0.00061035,0.053711
0.021973,0.0016785,0.05249
0.021667,0.0021362,0.061035
0.021973,0.0010681,0.05127
0.02182,-0.0013733,0.056152
0.02182,-0.0033569,0.046387
0.021973,-0.0042725,0.039063
0.023651,-0.0039673,0.041504
0.025024,-0.0027466,3.075
0.025635,-0.00061035,4.7827
0.025177,0.00045776,4.8962
0.024872,0.00030518,4.906
0.026245,-0.00015259,4.9097
0.02594,-0.00015259,4.906
0.026398,0.0010681,4.9072
0.02594,0.0019836,4.9109
0.026703,0.0032043,4.9097
0.02655,0.0030518,4.9097
0.028687,0.002594,4.9158
0.029907,0.0022888,4.9182
0.03067,0.0024414,4.9158
0.031586,0.002594,4.9133
0.032349,0.0050354,4.9182
0.032501,0.0061035,4.9158
0.032196,0.007019,4.9182
0.032654,0.0076294,4.9084
0.033569,0.0073242,4.9365
0.032959,0.0047302,4.9243
0.034943,0.0059509,4.9255
0.032501,0.0048828,4.9304
0.031891,0.0048828,4.9316
0.031128,0.0042725,4.9353
0.030365,0.0042725,4.9292
0.030365,0.0039673,4.9377
0.029602,0.0039673,4.9255
0.028076,0.0039673,4.9353
0.026855,0.0047302,4.9292
0.025482,0.0059509,4.9329
0.026398,0.0062561,4.9426
0.024872,0.0050354,4.939
0.025024,0.0039673,4.9426
0.02533,0.0022888,4.9329
0.024719,0.0010681,4.9243
0.024719,-0.00061035,4.939
0.025177,0.00030518,4.9304
0.024872,0.0035095,4.9268
0.028992,0.0024414,4.928
0.026245,0.0028992,4.9036
0.027313,0.0018311,4.9194
0.026398,0.00076294,4.9219
0.027313,0.00076294,4.9219
0.027008,0.0021362,4.9158
0.027924,0.0036621,4.917
0.029297,0.005188,4.9194
0.029602,0.0057983,4.9194
0.029297,0.0045776,4.9133
0.030975,0.0041199,4.9182
0.03006,0.0028992,4.9121
0.03006,0.0022888,4.9121
0.03067,0.0030518,4.9072
0.030823,0.0048828,4.9109
0.030365,0.0047302,4.9048
0.029449,0.0033569,4.9097
0.029297,0.0012207,4.9109
0.028992,-0.00091553,4.9097
0.027924,-0.0021362,4.9072
0.027008,-0.0015259,4.9048
0.028381,-0.00061035,4.9121
0.028381,0.00030518,4.9121
0.027008,0.0016785,4.9158
0.02594,0.00030518,4.9158
0.025482,-0.0012207,4.9231
0.025177,-0.0050354,4.9207
0.024567,-0.0022888,4.9255
0.025177,-0.00030518,4.9365
0.025635,0.0013733,4.9292
0.025482,0.0019836,4.9353
0.026703,0.0010681,4.9329
0.027466,-0.00091553,4.9158
0.027313,-0.00091553,4.9304
0.027771,-0.00061035,4.9316
0.028381,0.0016785,4.9329
0.028839,0.0050354,4.928
0.026703,0.0071716,4.9292
0.027466,0.0073242,4.9377
0.026398,0.0057983,4.9316
0.024719,0.0041199,4.9353
0.022888,0.0036621,4.9109
0.022583,0.0019836,4.939
0.02243,0.002594,4.9353
0.02243,0.0030518,4.9353
0.022736,0.0028992,4.9402
0.021057,0.0021362,4.9341
0.020142,0.00015259,4.9329
0.018158,-0.00015259,4.9243
0.0177,0.00061035,4.9292
0.018616,0.0021362,4.9231
0.019226,0.0047302,4.9207
0.019379,0.0061035,4.9207
0.018158,0.0067139,4.9194
0.017242,0.0054932,4.9158
0.015717,0.0036621,4.917
0.015717,0.0022888,4.9146
0.015717,0.0012207,4.9146
0.016022,0.0022888,4.9072
0.015717,0.0030518,4.9146
0.014954,0.0010681,4.9097
0.013428,-0.00076294,4.9121
0.012054,-0.002594,4.906
0.010681,-0.0045776,4.9109
0.010834,-0.0022888,4.9219
0.012054,-0.00015259,4.9121
0.01358,-0.00030518,4.9207
0.013885,0.0021362,4.9109
0.014191,0.00045776,4.9023
0.013733,-0.00015259,4.9146
0.013733,0.0016785,4.9133
0.014191,0,4.9133
0.015869,0.0030518,4.9182
0.0177,0.0053406,0.042725
0.018768,0.0054932,0.053711
0.018311,0.0035095,0.053711
0.018158,0,0.059814
0.016632,-0.0036621,0.054932
0.016937,-0.0064087,0.061035
0.015717,-0.0054932,0.061035
0.015259,-0.005188,0.059814
0.014801,-0.00091553,0.067139
0.013428,-0.0036621,0.062256
0.012054,-0.0048828,0.061035
0.011597,-0.0059509,0.063477
0.011597,-0.0042725,0.070801
0.012665,-0.0047302,0.063477
0.01297,-0.0032043,0.068359
0.011902,-0.0016785,0.065918
0.011444,-0.00076294,0.063477
0.0093079,-0.0022888,0.059814
0.007019,-0.0041199,0.064697
0.007782,-0.0047302,0.062256
0.007782,-0.0041199,0.064697
0.0093079,-0.0018311,0.056152
0.010529,0.0016785,0.057373
0.0093079,0.0056458,0.057373
0.015411,0.0074768,0.056152
0.016479,0.0080872,0.047607
0.018921,0.0082397,0.050049
0.02182,0.0083923,0.061035
0.023956,0.0085449,0.043945
0.02533,0.0079346,0.054932
0.024414,0.0068665,0.046387
0.023804,0.0042725,0.032959
0.021057,0,0.040283
0.018158,-0.0042725,0.039063
0.015869,-0.0082397,0.039063
0.014496,-0.010681,0.039063
0.013123,-0.010071,0.0354
0.011902,-0.0094604,0.043945
0.0094604,-0.0065613,0.036621
0.009613,-0.0056458,0.041504
0.0079346,-0.0054932,0.037842
0.0091553,-0.0057983,0.041504
0.009613,-0.0062561,0.040283
0.010529,-0.0053406,0.039063
0.010986,-0.0030518,0.047607
0.010681,0,0.043945
0.009613,0.0016785,0.045166
0.007782,0.0027466,0.048828
0.0079346,0.0033569,0.050049
0.0097656,0.0035095,0.05127
0.011597,0.0054932,0.05249
0.014038,0.0076294,0.057373
0.016479,0.0091553,0.057373
0.019531,0.0094604,0.058594
0.02182,0.0083923,0.062256
0.024872,0.0056458,0.059814
0.028381,0.002594,0.062256
0.031433,0.0018311,0.058594
0.033722,0.0021362,0.062256
0.034027,0.0024414,0.057373
0.033569,0.0028992,0.063477
0.030518,0.0028992,0.063477
0.027924,0.00045776,0.062256
0.027008,-0.0013733,0.075684
0.026855,-0.0032043,0.068359
0.027924,-0.0033569,0.070801
0.028076,-0.0021362,0.065918
0.027924,-0.00045776,0.050049
0.027313,0.0016785,0.061035
0.026093,0.002594,0.054932
0.025787,0.002594,0.05127
0.025177,0.0036621,0.057373
0.024414,0.0050354,0.05127
0.023956,0.0079346,0.05127
0.022583,0.011597,0.047607
0.020142,0.014954,0.05249
0.019073,0.015717,0.042725
0.018768,0.015259,0.048828
0.018311,0.013428,0.047607
0.020142,0.0097656,0.046387
0.020905,0.0079346,0.041504
0.021057,0.0076294,0.047607
0.022125,0.0074768,0.042725
0.02182,0.0082397,0.040283
0.021362,0.0074768,0.040283
0.021973,0.0062561,0.040283
0.023499,0.0045776,0.029297
0.025024,0.0032043,0.036621
0.02533,0.0030518,0.042725
0.02594,0.0045776,0.040283
0.025024,0.0059509,0.041504
0.024567,0.007019,0.0354
0.024261,0.0059509,0.042725
0.025177,0.0053406,0.041504
0.026245,0.0045776,0.047607
0.026703,0.0035095,0.048828
0.02594,0.0038147,0.05249
0.025635,0.0045776,0.053711
0.020752,0.0056458,0.058594
0.018768,0.0062561,0.070801
0.0177,0.0057983,0.056152
0.018463,0.0091553,0.062256
0.019531,0.0056458,0.064697
0.020447,0.0062561,0.05249
0.020599,0.0035095,0.059814
0.018921,0.0068665,0.061035
0.0177,0.0065613,0.059814
0.016785,0.0064087,0.057373
0.017242,0.0057983,0.059814
0.018463,0.0045776,0.063477
0.021362,0.0033569,0.062256
0.022736,0.0015259,0.067139
0.023346,0.0032043,0.063477
0.024109,0.0048828,0.068359
0.02533,0.005188,0.062256
0.026703,0.0053406,0.083008
0.029602,0.0047302,4.6326
0.033417,0.0047302,4.906
0.032959,0.004425,4.928
0.032043,0.0054932,4.9243
0.029907,0.0068665,4.9329
0.028687,0.0073242,4.9207
0.027924,0.0067139,4.9109
0.029602,0.0041199,4.9158
0.031433,0.002594,4.9158
0.032501,0.00091553,4.917
0.031586,0.00061035,4.9158
0.030518,0.00061035,4.9121
0.027618,0.00045776,4.9158
0.02594,0.0013733,4.9133
0.025635,0.00061035,4.9097
0.025787,-0.00015259,4.9084
0.027161,-0.00015259,4.9121
0.026855,-0.00030518,4.9109
0.02533,-0.0015259,4.9109
0.026703,0.00015259,4.9109
0.027466,-0.00076294,4.9121
0.029297,-0.0010681,4.9097
0.030212,-0.0021362,4.9084
0.035095,-0.004425,4.9048
0.036469,-0.0061035,4.9146
0.036163,-0.0067139,4.9084
0.033875,-0.0088501,4.9133
0.032501,-0.0093079,4.917
0.031738,-0.0093079,4.917
0.031281,-0.0065613,4.917
0.032349,-0.007782,4.9243
0.033264,-0.005188,4.9292
0.033264,-0.0041199,4.9255
0.032501,-0.0012207,4.9304
0.030975,-0.00076294,4.9304
0.029755,0.00015259,4.9353
0.029907,0.00045776,4.928
0.031586,-0.00015259,4.9329
0.032654,-0.0019836,4.939
0.033417,-0.0038147,4.9219
0.034637,-0.0068665,4.9426
0.031738,-0.0085449,4.9353
0.029755,-0.010681,4.9158
0.028229,-0.012512,4.9316
0.028839,-0.014648,4.928
0.028687,-0.015717,4.9353
0.029144,-0.016327,4.9353
0.028534,-0.016632,4.9304
0.025635,-0.016632,4.9329
0.025635,-0.014038,4.9268
0.025482,-0.012512,4.9243
0.027771,-0.0099182,4.9219
0.030975,-0.0082397,4.9231
0.033264,-0.0076294,4.9194
0.035553,-0.0071716,4.9207
0.036469,-0.0059509,4.9255
0.0354,-0.0042725,4.9182
0.035248,-0.0028992,4.9133
0.035248,-0.00091553,4.917
0.036774,0.00061035,4.9023
0.036774,-0.00015259,4.9097
0.036469,-0.00030518,4.9048
0.035553,-0.00091553,4.9121
0.034027,-0.0013733,4.9084
0.032501,-0.00030518,4.9072
0.032196,0.00030518,4.9097
0.033264,0.0015259,4.8987
0.03479,0.00045776,4.9097
0.0354,-0.0010681,4.906
0.034027,-0.0018311,4.9146
0.031738,-0.005188,4.9109
0.029144,-0.0030518,4.9121
0.027924,-0.0015259,4.9036
0.026398,-0.00045776,4.9158
0.027466,0.00076294,4.9207
0.029144,0.0013733,4.9194
0.029907,0.0019836,4.9329
0.031281,0.0021362,4.9219
0.028992,0.0041199,4.9133
0.027924,0.0057983,4.928
0.027771,0.0080872,4.928
0.027924,0.0080872,4.928
0.030365,0.0085449,4.9292
0.027771,0.0064087,4.9292
0.02594,0.0048828,4.9353
0.022736,0.0047302,4.9304
0.019226,0.0045776,4.9341
0.016479,0.0050354,4.9304
0.015564,0.0053406,4.9353
0.016174,0.0042725,4.9353
0.016479,0.0024414,4.9365
0.016479,0.00045776,4.9426
0.014801,-0.00045776,4.9377
0.011902,0,4.9377
0.010529,0.0018311,4.9353
0.010376,0.0030518,4.9341
0.010376,0.0039673,4.9329
0.012665,0.0030518,4.9268
0.014954,0.0012207,4.9255
0.015717,-0.00061035,4.928
0.015564,-0.0015259,4.9231
0.014496,-0.0010681,4.9219
0.014496,-0.00015259,4.9182
0.015106,0.00015259,4.917
0.016327,-0.0018311,4.9133
0.016632,-0.0022888,4.9158
0.016174,-0.0042725,4.9158
0.013885,-0.0039673,4.917
0.011749,-0.0047302,4.9084
0.0094604,-0.0035095,4.9158
0.010986,-0.0030518,4.9219
0.014496,-0.0033569,0.041504
0.016327,-0.0050354,0.05249
0.018463,-0.007019,0.039063
0.018768,-0.0086975,0.028076
0.017853,-0.0073242,0.039063
0.016479,-0.0054932,0.041504
0.016174,-0.0021362,0.039063
0.018158,0.00076294,0.039063
0.019836,0.0010681,0.036621
0.022125,0.00045776,0.042725
0.022278,0.0015259,0.042725
0.020905,0.0028992,0.047607
0.020447,0.0047302,0.047607
0.018921,0.007019,0.05249
0.018921,0.0073242,0.05127
0.020294,0.0064087,0.053711
0.02182,0.0045776,0.074463
0.021667,0.0022888,0.058594
0.019836,-0.00091553,0.061035
0.016479,0.00061035,0.063477
0.012665,0.0015259,0.061035
0.010071,-0.0010681,0.061035
0.009613,0.0021362,0.058594
0.0091553,0.00091553,0.062256
0.0086975,-0.00061035,0.058594
0.0079346,-0.0018311,0.056152
0.0047302,-0.00076294,0.064697
0.002594,0.00091553,0.063477
0.0019836,0.004425,0.065918
0.0022888,0.004425,0.063477
0.0045776,0.0042725,0.068359
0.0057983,0.0021362,0.064697
0.0080872,0.00061035,0.064697
0.0071716,-0.00015259,0.062256
0.007782,0.00076294,0.061035
0.0059509,0.0033569,0.064697
0.007019,0.0053406,0.05249
0.0085449,0.0071716,0.067139
0.011139,0.0057983,0.050049
0.01358,0.0047302,0.042725
0.015411,0.004425,0.046387
0.015564,0.0038147,0.050049
0.015564,0.0080872,0.041504
0.015717,0.010376,0.046387
0.01709,0.010834,0.041504
0.018311,0.009613,0.041504
0.018921,0.0065613,0.039063
0.019073,0.0050354,0.039063
0.017395,0.0041199,0.036621
0.015564,0.0053406,0.042725
0.014801,0.0068665,0.041504
0.014343,0.0083923,0.039063
0.015259,0.0082397,0.042725
0.01709,0.0062561,0.040283
0.019531,0.0038147,0.039063
0.021362,0.0028992,0.039063
0.021362,0.0035095,0.032959
0.021667,0.0059509,0.042725
0.022125,0.0083923,0.043945
0.023651,0.007782,0.042725
0.025177,0.0086975,0.050049
0.02594,0.007019,0.047607
0.025635,0.0053406,0.053711
0.024872,0.0053406,0.05127
0.022125,0.0057983,0.059814
0.021667,0.0083923,0.057373
0.024109,0.0094604,0.064697
0.02182,0.0088501,0.057373
0.023956,0.0056458,0.065918
0.024567,0.004425,0.059814
0.024872,0.0030518,0.062256
0.023346,0.0039673,0.072021
0.023346,0.0059509,0.063477
0.023804,0.0071716,0.068359
0.025024,0.007019,0.061035
0.02655,0.0057983,0.047607
0.027161,0.0028992,0.063477
0.027618,0.00061035,0.065918
0.026093,0.00091553,0.064697
0.025635,0.0041199,0.064697
0.026245,0.0065613,0.058594
0.027924,0.0088501,0.064697
0.029144,0.009613,0.054932
0.03067,0.0076294,0.056152
0.03067,0.0053406,0.05127
0.027161,0.0041199,0.054932
0.026093,0.0041199,0.050049
0.025177,0.0057983,0.050049
0.025482,0.0091553,0.05127
0.02533,0.0093079,0.039063
0.027618,0.0080872,0.043945
0.026855,0.0050354,0.045166
0.025177,0.0035095,0.040283
0.020905,0.0036621,0.042725
0.02182,0.0053406,0.036621
0.02182,0.0065613,0.039063
0.022888,0.0041199,0.037842
0.023651,0.0050354,0.037842
0.024109,0.0013733,0.041504
0.023193,-0.0012207,0.039063
0.020294,-0.0039673,0.039063
0.019379,-0.0038147,0.036621
0.018158,-0.0015259,0.041504
0.019531,-0.00061035,0.0354
0.02182,-0.0022888,0.041504
0.023041,-0.0035095,0.043945
0.024414,-0.0041199,0.046387
0.025482,-0.0054932,0.057373
0.02655,-0.0028992,0.05127
0.027313,0.00015259,0.062256
0.028839,0.0021362,0.05127
0.030365,0.004425,0.047607
0.031738,0.004425,0.058594
0.032501,0.0022888,0.059814
0.032501,0.0010681,0.056152
0.030975,0.0012207,0.061035
0.029449,0.0028992,3.9417
0.028534,0.0057983,4.8669
0.03067,0.0071716,4.9231
0.032501,0.0045776,4.9316
0.035095,0.0013733,4.9268
0.035858,-0.002594,4.9316
0.03418,-0.0054932,4.9304
0.031281,-0.0038147,4.9341
0.028534,-0.0013733,4.9377
0.026398,0.00045776,4.9402
0.026855,-0.00015259,4.9377
0.024261,-0.0010681,4.9341
0.022278,-0.0035095,4.9438
0.018921,-0.004425,4.9304
0.016479,-0.0039673,4.9292
0.014038,-0.0032043,4.9243
0.013885,-0.0019836,4.9243
0.01297,-0.00091553,4.9207
0.016937,-0.0021362,4.9207
0.018158,-0.0038147,4.9146
0.018005,-0.0067139,4.9182
0.020294,-0.0065613,4.9158
0.014648,-0.0079346,4.917
0.011902,-0.0062561,4.9133
0.011139,-0.005188,4.917
0.010681,-0.0062561,4.9133
0.009613,-0.0074768,4.8999
0.007019,-0.0091553,4.9207
0.0076294,-0.0090027,4.9133
0.0073242,-0.0085449,4.9109
0.0061035,-0.0068665,4.9084
0.0071716,-0.0050354,4.8938
0.012207,-0.0048828,4.9084
0.011749,-0.0048828,4.9097
0.01358,-0.0059509,4.9097
0.014038,-0.0080872,4.9109
0.016174,-0.0088501,4.8987
0.012512,-0.0088501,4.9158
0.01358,-0.0057983,4.9146
0.013275,-0.0056458,4.9182
0.013123,-0.0041199,4.9158
0.01358,-0.0054932,4.9243
0.013123,-0.0064087,4.9219
0.012665,-0.007782,4.9268
0.012512,-0.0030518,4.9292
0.015106,0.00030518,4.9329
0.013885,0.0035095,4.9304
0.016479,0.0035095,4.9402
0.020142,0.002594,4.9402
0.02121,0.00015259,4.9316
0.019989,-0.00091553,4.9146
0.018768,-0.00015259,4.9304
0.018158,0.0024414,4.9219
0.018616,0.0050354,4.9316
0.019531,0.0064087,4.9353
0.020905,0.0064087,4.9365
0.02182,0.0041199,4.939
0.023346,0.002594,4.9341
0.023804,0.0024414,4.9353
0.024261,0.0033569,4.9304
0.02533,0.0057983,4.9329
0.025787,0.0076294,4.928
0.026855,0.0071716,4.9316
0.028229,0.0059509,4.9365
0.027313,0.004425,4.9268
0.024567,0.0033569,4.9207
0.02182,0.0039673,4.9207
0.018616,0.005188,4.9097
0.016022,0.0067139,4.9182
0.016937,0.0079346,4.9158
0.016174,0.0065613,4.9158
0.016785,0.0047302,4.9146
0.018158,0.0028992,4.9133
0.019379,0.0030518,4.9097
0.018311,0.005188,4.9084
0.019226,0.0082397,4.9109
0.019073,0.0093079,4.9097
0.019531,0.010376,4.9121
0.019684,0.0083923,4.9121
0.019531,0.0059509,4.9048
0.018616,0.0047302,4.9072
0.018616,0.0064087,4.9133
0.019073,0.0086975,4.9146
0.020294,0.010681,4.9133
0.023193,0.010681,4.9121
0.026398,0.0088501,4.9182
0.029144,0.0068665,4.9109
0.030518,0.0053406,4.9158
0.030365,0.0064087,4.917
0.028992,0.0086975,4.9231
0.028076,0.010834,4.9207
0.026855,0.011597,4.9219
0.026703,0.010223,4.9304
0.02594,0.0085449,4.9316
0.026398,0.0056458,4.9316
0.025024,0.0061035,4.9304
0.024872,0.007019,4.9365
0.024872,0.0093079,4.9292
0.024261,0.010681,4.9329
0.025482,0.009613,4.9438
0.025482,0.0080872,4.9255
0.025635,0.0059509,4.9377
0.027466,0.0054932,4.9377
0.027771,0.0057983,4.928
0.027466,0.0073242,4.9353
0.027771,0.0094604,4.9268
0.027313,0.010223,4.9341
0.029297,0.0099182,4.9316
0.031128,0.0083923,4.928
0.032806,0.0073242,4.9316
0.034943,0.0068665,0.05249
0.036774,0.0059509,0.053711
0.037231,0.009613,0.048828
0.037689,0.010071,0.053711
0.037384,0.0090027,0.050049
0.037384,0.0068665,0.05127
0.036926,0.004425,0.048828
0.035706,0.0018311,0.046387
0.035553,0.0036621,0.05127
0.034485,0.0048828,0.045166
0.033417,0.0062561,0.054932
0.033417,0.0056458,0.037842
0.033112,0.0048828,0.036621
0.032043,0.0038147,0.037842
0.030975,0.0022888,0.045166
0.033722,0.002594,0.039063
0.028839,0.0036621,0.040283
0.028076,0.004425,0.037842
0.027924,0.0027466,0.040283
0.027924,0.0041199,0.036621
0.028076,0.002594,0.043945
0.027924,0.0013733,0.040283
0.028992,0.00045776,0.042725
0.029144,0.0022888,0.043945
0.028076,0.0041199,0.048828
0.028229,0.005188,0.058594
0.027466,0.0042725,0.053711
0.026703,0.0042725,0.063477
0.02533,0.00045776,0.057373
0.024719,-0.0024414,0.050049
0.024109,-0.0033569,0.061035
0.023651,-0.0038147,0.059814
0.023499,-0.0042725,0.058594
0.023041,-0.0071716,0.061035
0.024261,-0.0083923,0.058594
0.024109,-0.010071,0.061035
0.024719,-0.011597,0.058594
0.025482,-0.0082397,0.063477
0.025635,-0.0094604,0.059814
0.025024,-0.0079346,0.065918
0.025024,-0.0068665,0.068359
0.025177,-0.0088501,0.067139
0.024872,-0.010223,0.06958
0.026245,-0.011292,0.065918
0.026245,-0.01297,0.06958
0.029907,-0.01236,0.059814
0.030975,-0.013123,0.072021
0.032501,-0.014343,0.054932
0.034637,-0.016327,0.048828
0.034332,-0.017853,0.048828
0.033722,-0.019379,0.050049
0.03418,-0.020142,0.047607
0.032654,-0.018158,0.050049
0.032501,-0.017395,0.043945
0.031281,-0.016022,0.043945
0.033722,-0.014191,0.043945
0.032043,-0.014648,0.043945
0.032959,-0.013733,0.041504
0.034332,-0.013275,0.042725
0.036163,-0.012665,0.040283
0.036621,-0.011749,0.039063
0.038147,-0.010376,0.05127
0.037842,-0.01236,0.042725
0.037689,-0.011292,0.040283
0.035706,-0.012665,0.041504
0.033417,-0.013428,0.021973
0.030518,-0.013733,0.036621
0.025177,-0.011749,0.039063
0.027466,-0.011292,0.039063
0.02655,-0.010834,0.041504
0.025787,-0.012207,0.041504
0.025024,-0.013123,0.046387
0.024872,-0.013885,0.047607
0.025024,-0.014496,0.053711
0.024567,-0.014801,0.050049
0.024872,-0.013275,0.056152
0.024567,-0.01236,0.057373
0.023346,-0.012817,0.057373
0.02121,-0.012512,0.062256
0.019989,-0.012665,0.061035
0.0177,-0.012054,0.064697
0.016479,-0.011749,0.063477
0.016785,-0.0099182,0.076904
0.016632,-0.007782,0.061035
0.017395,-0.0067139,0.05249
0.018005,-0.0059509,0.061035
0.019073,-0.0062561,0.057373
0.019684,-0.0064087,0.061035
0.020447,-0.0050354,0.068359
0.021515,0,0.064697
0.022125,-0.0028992,0.063477
0.022278,-0.0012207,0.059814
0.022125,-0.0010681,0.065918
0.021362,-0.00045776,0.056152
0.020294,-0.0013733,0.062256
0.019684,-0.00061035,0.056152
0.019379,0,0.057373
0.020142,0.0013733,0.057373
0.019684,0.0024414,0.048828
0.020294,0.0022888,0.047607
0.0177,0.0045776,0.050049
0.019073,0.0048828,0.040283
0.018311,0.0053406,0.046387
0.01709,0.0054932,0.042725
0.015564,0.0061035,0.040283
0.014648,0.004425,0.041504
0.013275,0.0036621,0.041504
0.012512,0.0038147,0.041504
0.010529,0.0018311,0.037842
0.010071,0.0027466,0.041504
0.010071,0.0015259,0.0354
0.0097656,0.0012207,0.047607
0.0093079,0.00061035,0.040283
0.0097656,0.00061035,0.041504
0.011139,0.00091553,0.036621
0.010986,0.0016785,0.041504
0.011902,0.0030518,0.05249
0.01236,0.0050354,3.8989
0.01358,0.007019,4.8535
0.014496,0.0064087,4.9146
0.015717,0.0074768,4.8999
0.016327,0.0038147,4.9182
0.017242,0.0093079,4.9231
0.018158,0.0091553,4.9231
0.018311,0.009613,4.9255
0.018005,0.0091553,4.9231
0.017395,0.0086975,4.9329
0.016174,0.0079346,4.9329
0.014648,0.0079346,4.9316
0.013123,0.0073242,4.9292
0.012512,0.0067139,4.9341
0.011444,0.0073242,4.9329
0.011139,0.007019,4.9304
0.010529,0.0074768,4.939
0.0068665,0.0076294,4.9341
0.010376,0.0079346,4.9353
0.0093079,0.007782,4.9365
0.011292,0.0076294,4.9475
0.009613,0.0080872,4.9353
0.0097656,0.0094604,4.9255
0.010834,0.010681,4.9377
0.010529,0.011902,4.9316
0.0091553,0.012817,4.9268
0.009613,0.01297,4.928
0.0097656,0.012665,4.9243
0.0088501,0.012817,4.9207
0.0093079,0.01297,4.9194
0.012512,0.014801,4.9207
0.013885,0.015106,4.9146
0.014343,0.013733,4.9207
0.014496,0.011444,4.9207
0.01358,0.010071,4.9207
0.012817,0.0086975,4.9243
0.010986,0.009613,4.9146
0.010223,0.009613,4.9158
0.010529,0.0094604,4.9121
0.010071,0.0082397,4.9011
0.0099182,0.0067139,4.9133
0.0090027,0.0059509,4.9097
0.0093079,0.0062561,4.9109
0.010223,0.0082397,4.9097
0.010681,0.0093079,4.9084
0.011597,0.0091553,4.9109
0.014496,0.0094604,4.9097
0.016479,0.0082397,4.917
0.016785,0.0088501,4.9121
0.016022,0.0090027,4.9182
0.015564,0.011749,4.9194
0.01709,0.011444,4.9194
0.017853,0.011902,4.9182
0.019989,0.0088501,4.9219
0.02121,0.011597,4.9207
0.022583,0.011292,4.9146
0.022736,0.010986,4.9353
0.023804,0.011139,4.9329
0.023499,0.011444,4.9255
0.023956,0.011292,4.9292
0.023956,0.010529,4.9329
0.025177,0.009613,4.9316
0.024261,0.0085449,4.9304
0.023651,0.0082397,4.9304
0.021973,0.0082397,4.9353
0.022125,0.0090027,4.9329
0.023346,0.0086975,4.9353
0.023804,0.0085449,4.9353
0.024567,0.0091553,4.939
0.023651,0.0090027,4.9329
0.02243,0.0088501,4.9377
0.021057,0.0090027,4.9463
0.020294,0.0086975,4.9341
0.019379,0.0090027,4.9304
0.018768,0.0083923,4.9292
0.016937,0.0082397,4.9084
0.016479,0.0071716,4.9219
0.014954,0.0068665,4.9194
0.013123,0.0048828,4.9207
0.012665,0.0028992,4.9194
0.01236,0.0012207,4.9146
0.012817,-0.00076294,4.917
0.01236,-0.0013733,4.9121
0.012512,-0.0033569,4.9146
0.012817,-0.0045776,4.906
0.012207,-0.0050354,4.9133
0.013275,-0.0048828,4.9109
0.015869,-0.0042725,4.9146
0.018921,-0.0028992,4.9133
0.020142,-0.00076294,4.917
0.023346,-0.0030518,4.9097
0.025482,0.00045776,4.9121
0.027161,0.0012207,4.9097
0.028229,0.0010681,4.906
0.029755,0.0010681,4.9121
0.029602,0.0012207,4.9097
0.029602,0.00030518,4.9146
0.028229,-0.0012207,4.9097
0.026245,-0.0022888,4.9194
0.026398,-0.0032043,4.9146
0.02594,-0.0030518,4.9207
0.026703,-0.0035095,4.9194
0.027008,-0.0032043,4.9255
0.027313,-0.0032043,4.9292
0.027618,-0.002594,4.9316
0.025482,-0.0019836,4.928
0.024109,-0.0024414,4.9341
0.022888,-0.0018311,4.9402
0.02182,-0.0028992,4.9402
0.021515,-0.0047302,4.9365
0.02121,-0.0019836,0.061035
0.021515,-0.0024414,0.05249
0.023346,-0.0033569,0.063477
0.022125,-0.0035095,0.062256
0.023804,-0.0050354,0.062256
0.026398,-0.0053406,0.067139
0.03006,-0.0065613,0.062256
0.031891,-0.0061035,0.067139
0.033112,-0.005188,0.063477
0.033569,-0.0042725,0.068359
0.031738,-0.0056458,0.056152
0.030975,-0.0059509,0.059814
0.029297,-0.0071716,0.058594
0.027771,-0.0086975,0.057373
0.026093,-0.0088501,0.050049
0.024261,-0.0086975,0.05127
0.023346,-0.0093079,0.053711
0.023346,-0.012512,0.048828
0.02243,-0.010529,0.053711
0.023041,-0.010376,0.046387
0.024261,-0.0099182,0.048828
0.027466,-0.0093079,0.040283
0.025635,-0.0088501,0.041504
0.025635,-0.0085449,0.039063
0.024719,-0.0086975,0.043945
0.023804,-0.0082397,0.036621
0.023651,-0.0090027,0.041504
0.023499,-0.0082397,0.037842
0.024567,-0.0071716,0.042725
0.025787,-0.0059509,0.039063
0.026855,-0.0062561,0.039063
0.028076,-0.0068665,0.036621
0.029144,-0.0064087,0.041504
0.030823,-0.0074768,0.054932
0.031738,-0.0080872,0.042725
0.032349,-0.0076294,0.05249
0.032806,-0.0068665,0.047607
0.031433,-0.0071716,0.031738
0.030518,-0.0076294,0.047607
0.029297,-0.0076294,0.05249
0.028992,-0.0083923,0.054932
0.029297,-0.0079346,0.059814
0.028992,-0.007782,0.056152
0.028839,-0.0082397,0.064697
0.028687,-0.0074768,0.058594
0.028992,-0.007782,0.062256
0.028381,-0.0086975,0.061035
0.031281,-0.0090027,0.064697
0.029449,-0.0082397,0.061035
0.028534,-0.0074768,0.064697
0.027161,-0.0045776,0.070801
0.025024,-0.0028992,0.061035
0.025635,-0.002594,0.065918
0.027618,-0.0018311,0.067139
0.028381,-0.0013733,0.078125
0.03006,0.00015259,0.067139
0.031586,0.0013733,0.054932
0.033112,0.0012207,0.062256
0.033875,0.0033569,0.061035
0.034332,-0.00091553,0.053711
0.035553,-0.0019836,0.057373
0.03479,-0.0019836,0.05127
0.034485,-0.0021362,0.048828
0.032501,-0.00076294,0.048828
0.031281,0.0012207,0.05249
0.029449,0.0030518,0.046387
0.027618,0.0041199,0.050049
0.025177,0.0045776,0.045166
0.023804,0.0053406,0.047607
0.023499,0.0053406,0.05249
0.023041,0.0061035,0.046387
0.023041,0.0057983,0.047607
0.023499,0.0053406,0.041504
0.023346,0.002594,0.029297
0.023041,0.0027466,0.037842
0.023346,0.0022888,0.037842
0.023193,-0.0010681,0.040283
0.023804,0.0032043,0.040283
0.022583,0.0050354,0.037842
0.02182,0.0056458,0.041504
0.020294,0.0053406,0.040283
0.019684,0.0071716,0.042725
0.016937,0.0074768,0.040283
0.016632,0.0071716,0.042725
0.017395,0.0067139,0.048828
0.019836,0.0061035,0.05127
0.020752,0.0053406,0.05249
0.019531,0.0048828,0.05249
0.020142,0.0041199,0.057373
0.019684,0.0032043,0.056152
0.019073,0.0033569,0.06958
0.018921,0.0022888,0.062256
0.018005,0.0030518,0.05127
0.018768,0.0036621,0.059814
0.018158,0.0050354,0.065918
0.017853,0.0056458,0.061035
0.018311,0.007019,0.061035
0.019226,0.0074768,0.058594
0.020905,0.0068665,0.064697
0.022736,0.0065613,0.065918
0.023346,0.0059509,0.064697
0.024567,0.0053406,0.063477
0.024567,0.0054932,0.065918
0.023041,0.0053406,0.064697
0.021973,0.004425,0.063477
0.02182,0.0054932,0.075684
0.020599,0.0047302,0.059814
0.019684,0.0047302,0.056152
0.020142,0.0057983,0.056152
0.020905,0.0064087,0.042725
0.020599,0.0062561,0.050049
0.022888,0.0064087,0.05127
0.024109,0.0061035,0.048828
0.02533,0.0057983,0.047607
0.025482,0.0054932,0.046387
0.026093,0.0053406,0.0354
0.02655,0.0050354,0.039063
0.02533,0.0047302,4.3933
0.024261,0.0048828,4.8718
0.022888,0.0045776,4.9084
0.022583,0.0047302,4.9097
0.022278,0.0047302,4.9146
0.021973,0.0065613,4.9097
0.021973,0.0074768,4.9109
0.023956,0.0076294,4.9194
0.024414,0.0071716,4.9109
0.024261,0.0064087,4.9243
0.024414,0.0042725,4.9109
0.022125,0.0038147,4.9011
0.019836,0.0027466,4.9133
0.017548,0.0033569,4.9109
0.015411,0.0024414,4.9133
0.013275,0.0033569,4.9158
0.010986,0.0010681,4.917
0.010071,0.00030518,4.9194
0.0099182,0.0010681,4.9207
0.010986,0.0012207,4.928
0.011749,0.0024414,4.9219
0.012207,0.0024414,4.9304
0.014496,0.0028992,4.9316
0.015259,0.002594,4.9316
0.01709,0.0024414,4.939
0.016174,0.0027466,4.9304
0.016937,0.0027466,4.9329
0.016327,0.0032043,4.9329
0.016327,0.0033569,4.9365
0.016022,0.0035095,4.9329
0.017548,0.0028992,4.9121
0.018311,0.0018311,4.9316
0.020599,0.0022888,4.9341
0.021362,0.0042725,4.9353
0.023041,0.0028992,4.9365
0.02533,0.0028992,4.9329
0.026093,0.0027466,4.9329
0.026093,-0.00030518,4.9268
0.025177,0.00076294,4.9304
0.023956,0,4.9255
0.022125,-0.00030518,4.9243
0.019226,0.00015259,4.9219
0.018616,0.00045776,4.9219
0.018768,0.0016785,4.9329
0.019531,0.0012207,4.9207
0.020294,0.00015259,4.9255
0.021667,-0.00076294,4.9158
0.02243,-0.002594,4.8987
0.022888,-0.0024414,4.9097
0.023346,-0.0030518,4.9146
0.023041,-0.0027466,4.9109
0.022736,-0.0024414,4.9097
0.02121,-0.0033569,4.9084
0.019836,-0.0045776,4.9097
0.016632,-0.005188,4.9097
0.015869,-0.0053406,4.9121
0.01358,-0.0053406,4.9072
0.014954,-0.0036621,4.9146
0.016327,-0.0024414,4.9097
0.019073,-0.0018311,4.9133
0.023193,-0.0027466,4.917
0.022736,-0.0036621,4.9133
0.024261,-0.0056458,4.9109
0.02594,-0.005188,4.9194
0.025177,-0.0048828,4.9133
0.023651,-0.004425,4.9207
0.021515,-0.002594,4.9084
0.017548,-0.0028992,4.9231
0.016174,-0.0035095,4.9255
0.014191,-0.0050354,4.9255
0.014496,-0.0068665,4.928
0.014496,-0.0061035,4.9304
0.016327,-0.0061035,4.9316
0.018158,-0.0039673,4.9304
0.019836,-0.00091553,4.9353
0.022736,-0.0047302,4.9292
0.023346,-0.0059509,4.9329
0.022125,-0.007019,4.9316
0.022125,-0.0048828,4.9353
0.020752,-0.002594,4.9426
0.020752,0.00061035,4.939
0.018311,0.0032043,4.9451
0.016785,0.0057983,4.9365
0.014954,0.0027466,4.9231
0.014648,0.0018311,4.9329
0.016327,0.0012207,4.9255
0.017242,0.00091553,4.928
0.018311,0.0010681,4.928
0.019379,-0.00030518,4.9231
0.018311,-0.0032043,4.9231
0.017548,-0.004425,4.9194
0.015564,-0.0071716,4.9243
0.01358,-0.0086975,4.9146
0.014038,-0.0094604,4.9194
0.010376,-0.0097656,4.917
0.0091553,-0.0091553,4.9194
0.0083923,-0.0068665,4.9146
0.0080872,-0.0059509,4.9146
0.009613,-0.0042725,4.9097
0.012207,-0.0038147,4.9121
0.016479,-0.0024414,4.8999
0.019226,-0.0010681,4.9097
0.021667,-0.00045776,4.9109
0.024261,0.00030518,4.9097
0.022278,0.00015259,4.9133
0.023651,0.00030518,4.9097
0.021667,0.0010681,4.9109
0.02121,0.0018311,4.9097
0.02121,0.0033569,4.9146
0.019684,0.0047302,0.041504
0.019379,0.0059509,0.045166
0.019379,0.0016785,0.047607
0.02182,0.0027466,0.05127
0.019836,0.0012207,0.048828
0.020447,-0.00061035,0.054932
0.023804,-0.0033569,0.058594
0.024719,-0.0016785,0.056152
0.024872,-0.0013733,0.067139
0.024414,-0.00015259,0.062256
0.02243,0.00061035,0.046387
0.021515,0.0021362,0.059814
0.020447,0.0021362,0.065918
0.017853,0.002594,0.062256
0.019379,0.0035095,0.059814
0.018463,0.0038147,0.058594
0.017395,0.0041199,0.064697
0.016479,0.002594,0.061035
0.015869,0.0012207,0.072021
0.013123,-0.00061035,0.065918
0.011597,-0.0019836,0.067139
0.010681,-0.0032043,0.062256
0.010376,-0.0036621,0.067139
0.010071,-0.0030518,0.075684
0.010071,-0.0022888,0.064697
0.0083923,-0.0045776,0.056152
0.0065613,-0.0021362,0.054932
0.0067139,-0.0022888,0.042725
0.0080872,-0.002594,0.05127
0.009613,-0.0018311,0.041504
0.010376,-0.0033569,0.047607
0.013733,-0.0018311,0.048828
0.015564,-0.0010681,0.045166
0.017548,-0.0015259,0.046387
0.019989,-0.0021362,0.036621
0.019684,-0.0015259,0.042725
0.024567,-0.0018311,0.041504
0.024261,-0.0019836,0.043945
0.024414,-0.00091553,0.040283
0.025024,0.00045776,0.042725
0.024719,-0.0013733,0.037842
0.023651,-0.0010681,0.041504
0.024261,-0.0010681,0.045166
0.023956,-0.0022888,0.041504
0.024414,-0.0018311,0.05127
0.024109,-0.0013733,0.037842
0.024719,-0.00076294,0.0354
0.024109,0.00091553,0.040283
0.023651,0.0021362,0.039063
0.02121,0.0030518,0.042725
0.019073,0.004425,0.050049
0.017853,0.0053406,0.046387
0.01709,0.0059509,0.056152
0.017242,0.0076294,0.054932
0.018463,0.0068665,0.056152
0.019226,0.0056458,0.054932
0.019989,0.004425,0.062256
0.021362,0.002594,0.064697
0.023193,0.00045776,0.061035
0.025482,0,0.068359
0.02655,-0.00076294,0.062256
0.027161,0.00061035,0.061035
0.026398,0.0015259,0.062256
0.026093,0.0012207,0.065918
0.023956,0.00061035,0.063477
0.022736,0.00030518,0.061035
0.02243,-0.00045776,0.058594
0.022125,0.00045776,0.065918
0.021515,0.00061035,0.061035
0.020905,0.00045776,0.067139
0.020447,0.00061035,0.061035
0.019836,-0.00061035,0.061035
0.020905,-0.002594,0.056152
0.020447,-0.0039673,0.058594
0.020752,-0.005188,0.056152
0.020599,-0.0064087,0.056152
0.019226,-0.0074768,0.05249
0.018616,-0.0079346,0.05127
0.01709,-0.0083923,0.064697
0.016022,-0.0079346,0.047607
0.016632,-0.0071716,0.053711
0.016785,-0.004425,0.046387
0.019226,-0.0012207,0.030518
0.021057,0.0010681,0.039063
0.02121,0.0038147,0.042725
0.023956,0.0050354,0.03418
0.024414,0.0047302,0.039063
0.026703,0.0035095,0.03418
0.027161,0.002594,0.042725
0.028381,0.0013733,0.039063
0.029449,0.00076294,0.0354
0.029602,-0.00061035,0.036621
0.030365,-0.00076294,0.040283
0.029755,-0.0016785,0.040283
0.029602,-0.0036621,0.041504
0.029297,-0.0041199,0.046387
0.028534,-0.0042725,0.042725
0.028839,-0.0033569,0.042725
0.028534,-0.0016785,0.048828
0.026703,-0.00061035,0.047607
0.025177,-0.0012207,0.05127
0.024261,-0.0035095,0.045166
0.023804,-0.0053406,0.059814
0.023041,-0.0073242,0.056152
0.021667,-0.0073242,0.054932
0.021362,-0.0061035,0.061035
0.020447,-0.0053406,0.058594
0.020142,-0.0056458,0.062256
0.020294,-0.0056458,0.057373
0.02243,-0.0054932,0.063477
0.023193,-0.0050354,0.059814
0.025024,-0.0041199,0.064697
0.026703,-0.002594,0.061035
0.02655,-0.0013733,0.064697
0.027924,-0.00061035,0.070801
0.028381,0.00030518,0.065918
0.028229,-0.00061035,0.070801
0.027924,-0.0010681,0.064697
0.025482,-0.0015259,4.2554
0.025635,-0.00076294,4.8889
0.025635,-0.0038147,4.9255
0.020752,0.0027466,4.9231
0.026093,0.0033569,4.9255
0.027313,0.0024414,4.9219
0.028534,0.00061035,4.9231
0.029297,0.00015259,4.9133
0.028839,0.00045776,4.9207
0.029449,0.002594,4.9121
0.028229,0.0039673,4.917
0.027618,0.004425,4.917
0.025177,0.0050354,4.8962
0.023804,0.004425,4.9133
0.023499,0.0045776,4.9133
0.021362,0.0053406,4.9158
0.021362,0.0059509,4.9133
0.020752,0.0057983,4.9121
0.020905,0.0067139,4.9109
0.019989,0.005188,4.9011
0.019226,0.0024414,4.9097
0.018921,0.00061035,4.9133
0.015259,-0.0013733,4.9097
0.017242,-0.0013733,4.9084
0.016785,-0.00015259,4.9048
0.015717,0,4.9121
0.016327,0.0030518,4.9133
0.016785,0.0045776,4.9194
0.017242,0.0041199,4.9048
0.019073,0.0038147,4.9219
0.020142,0.0036621,4.9219
0.020905,0.0045776,4.9292
0.021973,0.004425,4.9268
0.022736,0.0056458,4.928
0.024567,0.0047302,4.9329
0.024567,0.0028992,4.9341
0.024719,0.00091553,4.9219
0.025635,-0.0012207,4.928
0.026398,-0.0010681,4.9292
0.027313,0.0012207,4.9316
0.024567,0.0036621,4.9304
0.03006,0.0042725,4.9292
0.030212,0.0036621,4.9377
0.029602,0.0010681,4.9353
0.029297,0.0015259,4.9377
0.028839,-0.00015259,4.9329
0.028992,0.0018311,4.9365
0.031433,0.0036621,4.9329
0.030212,0.005188,4.9341
0.03006,0.0050354,4.9414
0.030365,0.0028992,4.9329
0.029297,0.0012207,4.9329
0.029297,0.0018311,4.9255
0.03067,0.0039673,4.9329
0.03067,0.0065613,4.9194
0.031281,0.0082397,4.9109
0.029449,0.0086975,4.9194
0.027771,0.0080872,4.9194
0.027008,0.0059509,4.9182
0.027618,0.0062561,4.9158
0.028534,0.0088501,4.9109
0.029297,0.011139,4.9133
0.031281,0.013733,4.9109
0.03006,0.015717,4.9133
0.029907,0.014343,4.9146
0.028992,0.011444,4.9158
0.025635,0.0079346,4.9109
0.024567,0.007782,4.9133
0.023956,0.007782,4.917
0.022583,0.0068665,4.9109
0.021057,0.0079346,4.9158
0.019073,0.0061035,4.9109
0.017853,0.0032043,4.9036
0.016479,-0.0022888,4.9121
0.016785,-0.00015259,4.9097
0.0177,0.0015259,4.9133
0.019379,0.0036621,4.9194
0.021057,0.007019,4.9219
0.018311,0.0085449,4.9194
0.016632,0.0090027,4.9219
0.016479,0.0071716,4.9316
0.01709,0.0068665,4.928
0.018768,0.0074768,4.9292
0.020142,0.0088501,4.9341
0.02121,0.010986,4.9341
0.021973,0.011749,4.9292
0.022583,0.011139,4.9329
0.02182,0.009613,4.9353
0.022736,0.0076294,4.9353
0.024261,0.0071716,4.9426
0.024567,0.0080872,4.9341
0.024261,0.0094604,4.928
0.02243,0.010681,4.9207
0.020447,0.0099182,4.9365
0.018463,0.0080872,4.9341
0.017242,0.0054932,4.9341
0.016479,0.0038147,4.9304
0.017395,0.0028992,4.9329
0.017395,0.0036621,4.9268
0.014496,0.0035095,4.9292
0.017548,0.0048828,4.9255
0.016479,0.004425,4.9268
0.016022,0.0030518,4.9146
0.011597,0.0018311,4.9219
0.015869,0.00045776,4.9316
0.015106,0.0010681,4.9182
0.014954,0.0018311,4.9182
0.013733,0.0027466,4.9194
0.013428,0.0016785,0.028076
0.01358,0.0016785,0.041504
0.014496,0.00030518,0.040283
0.015411,-0.00091553,0.039063
0.015411,-0.00061035,0.039063
0.014191,0.00030518,0.037842
0.014648,0.0010681,0.040283
0.014191,0.0013733,0.039063
0.014191,0.0012207,0.040283
0.014038,-0.00015259,0.036621
0.013733,-0.00076294,0.040283
0.016785,-0.00061035,0.039063
0.0177,-0.00030518,0.042725
0.018158,-0.0010681,0.040283
0.018005,0.002594,0.046387
0.016479,0.0022888,0.046387
0.015869,0.0010681,0.050049
0.016022,-0.0027466,0.059814
0.015869,-0.0041199,0.048828
0.015717,-0.0054932,0.046387
0.015106,-0.0056458,0.056152
0.014343,-0.0053406,0.056152
0.01358,-0.0048828,0.057373
0.013275,-0.0048828,0.059814
0.013123,-0.0042725,0.058594
0.01358,-0.004425,0.063477
0.014954,-0.0024414,0.057373
0.015564,-0.00015259,0.062256
0.016937,0.0024414,0.061035
0.018311,0.0042725,0.063477
0.018463,0.0059509,0.063477
0.019989,0.0071716,0.067139
0.022583,0.0076294,0.075684
0.024261,0.007782,0.067139
0.025177,0.0080872,0.06958
0.024567,0.007019,0.064697
0.024109,0.0056458,0.056152
0.022888,0.0027466,0.061035
0.02182,0.00015259,0.058594
0.020142,-0.0030518,0.05127
0.018463,-0.0061035,0.053711
0.017548,-0.0082397,0.048828
0.015411,-0.009613,0.05127
0.013428,-0.0099182,0.047607
0.012512,-0.010681,0.048828
0.011902,-0.010529,0.041504
0.012512,-0.010834,0.046387
0.016022,-0.010986,0.047607
0.016327,-0.010529,0.041504
0.018311,-0.010223,0.040283
0.020142,-0.0097656,0.042725
0.020905,-0.0071716,0.046387
0.021973,-0.0065613,0.040283
0.022736,-0.0059509,0.046387
0.023651,-0.0050354,0.040283
0.024109,-0.0041199,0.037842
0.025177,-0.0027466,0.037842
0.024872,-0.00030518,0.041504
0.024261,0.00061035,0.040283
0.023193,0.00061035,0.037842
0.023956,-0.00076294,0.039063
0.023956,-0.0019836,0.042725
0.02594,-0.0039673,0.042725
0.028992,-0.005188,0.041504
0.031586,-0.0045776,0.047607
0.033875,-0.0033569,0.056152
0.031281,-0.0012207,0.05249
0.029297,-0.00061035,0.058594
0.027313,-0.0010681,0.072021
0.025635,-0.00091553,0.054932
0.024261,-0.0016785,0.061035
0.023346,-0.0013733,0.062256
0.020752,-0.0010681,0.053711
0.018158,-0.0010681,0.061035
0.014343,-0.0028992,0.059814
0.012207,-0.0045776,0.062256
0.010529,-0.0074768,0.061035
0.010834,-0.0099182,0.057373
0.012054,-0.010376,0.065918
0.012054,-0.0093079,0.063477
0.010986,-0.0083923,0.063477
0.0093079,-0.0054932,0.061035
0.0085449,-0.0050354,0.06958
0.0085449,-0.0048828,0.062256
0.0094604,-0.0050354,0.063477
0.012207,-0.0032043,0.061035
0.014038,-0.0010681,0.059814
0.015717,0.0012207,0.064697
0.015717,0.00030518,0.053711
0.016632,-0.00076294,0.065918
0.018463,-0.002594,0.046387
0.020905,-0.0062561,0.048828
0.023499,-0.0059509,0.050049
0.026093,-0.0065613,0.042725
0.025635,-0.0061035,0.042725
0.02243,-0.0061035,0.041504
0.021057,-0.0068665,0.040283
0.018921,-0.0091553,0.042725
0.018768,-0.010986,0.0354
0.020599,-0.012665,0.041504
0.020752,-0.01236,0.039063
0.02121,-0.0099182,0.039063
0.023651,-0.007782,0.041504
0.020905,-0.005188,0.041504
0.019836,-0.0039673,0.041504
0.018768,-0.002594,0.037842
0.019226,-0.0016785,0.042725
0.019073,0.00015259,0.040283
0.019379,0.0018311,0.0354
0.019379,0.0013733,0.040283
0.017853,0.0047302,0.050049
0.01709,0.0041199,0.042725
0.016022,0.0016785,0.045166
0.016479,-0.0012207,0.048828
0.019836,-0.0045776,0.053711
0.021973,-0.0074768,0.05249
0.02243,-0.0091553,0.061035
0.021973,-0.0099182,0.054932
0.019531,-0.0079346,2.9004
0.016785,-0.0073242,4.8071
0.016327,-0.0062561,4.9207
0.0177,-0.0054932,4.9243
0.018616,-0.005188,4.9329
0.019226,-0.0045776,4.9377
0.018005,-0.0042725,4.9329
0.016327,-0.0027466,4.9377
0.015106,-0.00091553,4.9329
0.015259,-0.00076294,4.9121
0.016937,-0.0028992,4.9353
0.019073,-0.0035095,4.9304
0.019989,-0.0065613,4.9353
0.018311,-0.0079346,4.9329
0.016022,-0.0090027,4.9304
0.013275,-0.009613,4.9304
0.010834,-0.010223,4.9243
0.009613,-0.010223,4.9268
0.011902,-0.009613,4.9194
0.015106,-0.0093079,4.9207
0.016174,-0.007782,4.917
0.016022,-0.0074768,4.9268
0.016022,-0.0068665,4.9207
0.015411,-0.0073242,4.9182
0.017853,-0.0064087,4.917
0.019684,-0.0050354,4.9146
0.023193,-0.0041199,4.9084
0.026093,-0.0030518,4.9121
0.026398,-0.0022888,4.9109
0.027161,-0.0018311,4.9097
0.025787,-0.00061035,4.9084
0.025482,0.00045776,4.9072
0.026703,0.0021362,4.9097
0.028229,0.002594,4.9097
0.030365,0.0038147,4.9084
0.031586,0.0047302,4.906
0.030823,0.0013733,4.9097
0.029449,0.0038147,4.9109
0.027008,0.0028992,4.9146
0.026093,0.0028992,4.9121
0.026093,0.0027466,4.9158
0.028381,0.0036621,4.9292
0.028229,0.0039673,4.9231
0.023956,0.0038147,4.9304
0.02243,0.0027466,4.9255
0.020447,0.0022888,4.9158
0.018768,0.0013733,4.9292
0.019836,0.0012207,4.9255
0.022888,0.0013733,4.9292
0.023804,0.0027466,4.9316
0.025177,0.0045776,4.9292
0.025787,0.0035095,4.9329
0.024567,0.0036621,4.9304
0.024414,0.0047302,4.9341
0.025482,0.0067139,4.9292
0.028076,0.0074768,4.9329
0.030365,0.0073242,4.9353
0.032043,0.0071716,4.9304
0.030365,0.0064087,4.9402
0.029755,0.0073242,4.9402
0.027618,0.0074768,4.9353
0.027771,0.0076294,4.9353
0.032196,0.0086975,4.9243
0.030518,0.0080872,4.9329
0.033264,0.0068665,4.9292
0.032349,0.0056458,4.9255
0.032501,0.0042725,4.9255
0.027618,0.0048828,4.9255
0.025482,0.0067139,4.9243
0.024872,0.0088501,4.9182
0.025177,0.0090027,4.9219
0.025635,0.0088501,4.9146
0.025482,0.0073242,4.9182
0.025177,0.0045776,4.9146
0.024567,0.0065613,4.9194
0.023346,0.007782,4.9109
0.024872,0.0094604,4.917
0.026855,0.010071,4.9255
0.029144,0.009613,4.9121
0.029449,0.0082397,4.9146
0.027924,0.0071716,4.9109
0.026093,0.0080872,4.8938
0.023956,0.0097656,4.9097
0.022888,0.011902,4.906
0.024109,0.012665,4.9109
0.025177,0.011749,4.9121
0.026398,0.0074768,4.9084
0.026703,0.0042725,4.9133
0.02533,0.0018311,4.9158
0.024109,0.0021362,4.9194
0.024567,0.0035095,4.917
0.024261,0.0036621,4.9219
0.024719,0.0022888,4.9231
0.024109,-0.00030518,4.928
0.024109,-0.0032043,4.9341
0.023651,-0.004425,4.9304
0.021973,-0.0042725,4.928
0.021515,-0.00015259,4.9353
0.021667,0.0018311,4.939
0.023041,0.0057983,4.9316
0.025482,0.005188,4.9109
0.02594,0.0036621,4.9341
0.028381,0.0039673,4.9304
0.028076,0.0045776,4.9316
0.028076,0.0076294,4.9353
0.028534,0.009613,4.9158
0.029755,0.010071,4.9341
0.03006,0.0088501,4.9353
0.03006,0.0056458,0.067139
0.029907,0.0035095,0.061035
0.028839,0.0028992,0.063477
0.02594,0.0041199,0.063477
0.024109,0.0056458,0.057373
0.024109,0.0062561,0.065918
0.023804,0.0067139,0.056152
0.024414,0.0053406,0.059814
0.024261,0.0033569,0.048828
0.023041,0.0027466,0.039063
0.02121,0.0033569,0.046387
0.019684,0.0042725,0.042725
0.019531,0.0056458,0.043945
0.018616,0.0053406,0.039063
0.018311,0.0033569,0.039063
0.018768,0.0024414,0.041504
0.017395,0.0018311,0.040283
0.014954,0.0018311,0.041504
0.015106,0.0030518,0.037842
0.014496,0.0048828,0.041504
0.016632,0.0048828,0.040283
0.017853,0.005188,0.042725
0.019531,0.0045776,0.040283
0.020905,0.0032043,0.040283
0.019379,0.0030518,0.040283
0.017853,0.0036621,0.037842
0.015411,0.0042725,0.042725
0.014801,0.0047302,0.042725
0.014648,0.0032043,0.046387
0.015106,0.0022888,0.045166
0.015411,0.00045776,0.050049
0.015106,-0.0010681,0.05127
0.014954,-0.0012207,0.053711
0.015411,-0.00076294,0.053711
0.016479,0.00015259,0.059814
0.016937,0.00076294,0.057373
0.021057,-0.00030518,0.062256
0.02243,-0.00030518,0.061035
0.023651,-0.0012207,0.063477
0.023346,-0.0019836,0.056152
0.020447,0.0012207,0.063477
0.019836,0.0039673,0.074463
0.019379,0.0059509,0.061035
0.018463,0.0068665,0.065918
0.018768,0.0059509,0.064697
0.019684,0.0035095,0.041504
0.018158,0.0015259,0.063477
0.017853,0.0033569,0.062256
0.016327,0.0024414,0.065918
0.015411,0.0039673,0.064697
0.015564,0.004425,0.054932
0.016937,0.0036621,0.059814
0.018158,0.0013733,0.056152
0.0177,-0.00045776,0.056152
0.016937,-0.0021362,0.05127
0.016022,-0.00091553,0.05249
0.015259,0.00030518,0.047607
0.015564,0.0027466,0.053711
0.016022,0.0028992,0.05249
0.018921,0.0012207,0.046387
0.020905,-0.00015259,0.047607
0.020142,-0.0015259,0.041504
0.019379,-0.0010681,0.043945
0.018616,0.00030518,0.040283
0.017548,0.0010681,0.042725
0.018005,-0.0032043,0.036621
0.018768,-0.00076294,0.040283
0.019684,-0.0035095,0.0354
0.018616,-0.0032043,0.039063
0.016022,-0.0030518,0.037842
0.015106,-0.0013733,0.039063
0.013733,0.00045776,0.0354
0.014191,0.0032043,0.046387
0.016174,0.00045776,0.037842
0.01709,-0.00045776,0.043945
0.017853,-0.0018311,0.042725
0.016327,0.00076294,0.048828
0.016022,-0.0015259,0.056152
0.014191,-0.00045776,0.048828
0.01358,0.00091553,0.058594
0.014191,0.00076294,0.05127
0.015411,0.00091553,0.050049
0.016022,-0.00091553,0.059814
0.015717,-0.0015259,0.059814
0.015106,-0.0016785,0.058594
0.014191,0.00030518,0.062256
0.014191,0.0016785,0.061035
0.014954,0.0030518,0.062256
0.017242,0.0024414,0.058594
0.019073,0.00061035,0.062256
0.019379,-0.0012207,0.059814
0.0177,-0.0018311,0.065918
0.016174,-0.0027466,0.067139
0.014801,-0.0022888,0.065918
0.013733,-0.0021362,0.067139
0.014648,-0.0028992,0.068359
0.014801,-0.005188,0.070801
0.015259,-0.0073242,0.063477
0.014496,-0.007782,0.073242
0.012054,-0.0073242,0.061035
0.013275,-0.0035095,0.042725
0.014801,-0.00030518,0.05249
0.015869,-0.00015259,0.05249
0.019989,0.002594,0.050049
0.02182,0.0021362,0.048828
0.021973,0.00045776,0.042725
0.018768,0.00076294,0.050049
0.02182,0.0010681,0.042725
0.020905,0.0010681,0.045166
0.020752,-0.0015259,0.031738
0.021057,-0.00061035,0.043945
0.020447,-0.0033569,0.040283
0.019989,-0.0061035,0.042725
0.019531,-0.007782,0.05249
0.018768,-0.007019,0.041504
0.018616,-0.005188,0.039063
0.019379,-0.0038147,0.040283
0.020294,-0.0018311,0.023193
0.021667,-0.0028992,2.959
0.022278,-0.0042725,4.7888
0.021057,-0.004425,4.9072
0.020447,-0.0041199,4.9072
0.019379,-0.0013733,4.9084
0.018616,0.00061035,4.9109
0.019226,0.0012207,4.9133
0.019226,0.0013733,4.917
0.019684,-0.0010681,4.9158
0.019836,-0.004425,4.9255
0.018463,-0.0045776,4.9207
0.018005,-0.0073242,4.9268
0.016937,-0.0057983,4.928
0.016937,-0.0050354,4.9268
0.017853,-0.0038147,4.9341
0.020599,-0.0035095,4.9329
0.02121,-0.0036621,4.9426
0.020752,-0.0036621,4.928
0.019989,-0.0022888,4.9194
0.018768,-0.00061035,4.9304
0.018005,0.0012207,4.9304
0.018158,0.0018311,4.9316
0.019226,0.0010681,4.9341
0.021057,-0.0010681,4.9353
0.021667,-0.0030518,4.9243
0.020294,-0.0041199,4.9341
0.019379,-0.0038147,4.9341
0.018158,-0.002594,4.9304
0.018311,-0.0019836,4.9341
0.018311,-0.0021362,4.928
0.018616,-0.0033569,4.9316
0.018158,-0.0056458,4.9304
0.016479,-0.0076294,4.9243
0.016022,-0.0080872,4.9207
0.014954,-0.007782,4.906
0.013885,-0.0061035,4.9182
0.014648,-0.002594,4.9182
0.017548,-0.002594,4.9133
0.018921,-0.0033569,4.9121
0.019684,-0.0053406,4.9146
0.020294,-0.0056458,4.9146
0.019989,-0.0033569,4.9109
0.019531,0,4.906
0.020142,0.004425,4.9121
0.020905,0.0038147,4.906
0.021057,0.0022888,4.9182
0.024261,0.00076294,4.9109
0.024567,-0.0013733,4.9133
0.024872,-0.00091553,4.906
0.023956,0.00076294,4.9109
0.024719,0.0022888,4.9207
0.024414,0.002594,4.9121
0.024414,0.00045776,4.9207
0.024719,-0.002594,4.9146
0.023193,-0.0047302,4.9011
0.021667,-0.005188,4.9194
0.019989,-0.002594,4.9268
0.018158,0.00045776,4.917
0.017242,0.0032043,4.9268
0.017548,0.0039673,4.9231
0.018616,0.002594,4.9182
0.019836,0,4.9304
0.020447,-0.0024414,4.9329
0.019836,-0.00091553,4.928
0.019989,0.00061035,4.9353
0.019989,0.0021362,4.9316
0.018616,0.0024414,4.9231
0.019226,0.00091553,4.9438
0.018311,-0.0018311,4.9329
0.017548,-0.0032043,4.9182
0.017242,-0.0018311,4.9353
0.015869,0.00076294,4.9402
0.016022,0.0033569,4.9353
0.015259,0.0045776,4.9365
0.016937,0.0024414,4.9365
0.019073,0.00030518,4.9329
0.020752,-0.0024414,4.928
0.022736,-0.0028992,4.9365
0.024261,-0.0028992,4.9231
0.024567,-0.00091553,4.9243
0.02533,0.0010681,4.9194
0.024719,-0.00091553,4.9219
0.024719,-0.0021362,4.917
0.024261,-0.0032043,4.9207
0.023499,-0.0032043,4.9158
0.022583,-0.0019836,4.9194
0.021515,0,4.9243
0.021362,0.0018311,4.917
0.021362,0.0032043,4.9268
0.022125,0.0018311,4.9109
0.023956,0.00076294,4.9048
0.024261,-0.00015259,4.9097
0.026093,-0.00076294,4.9084
0.02594,-0.00061035,4.9109
0.026703,0.0010681,4.9121
0.027008,0.0030518,4.9048
0.02655,0.0028992,4.9097
0.02594,0.0035095,4.906
0.026703,0.0028992,4.9109
0.027466,0.0030518,4.9133
0.028687,0.0033569,4.9146
0.028229,0.004425,4.9158
0.028839,0.0057983,4.9182
0.029449,0.0065613,4.9268
0.030975,0.0059509,4.9243
0.032349,0.0050354,4.9243
0.032654,0.0033569,4.9268
0.032043,0.0022888,4.9255
0.031281,0.0035095,0.059814
0.03006,0.0053406,0.053711
0.027924,0.0079346,0.058594
0.026703,0.0088501,0.063477
0.025635,0.0083923,0.062256
0.024719,0.0073242,0.063477
0.023651,0.0035095,0.057373
0.025787,0.0057983,0.064697
0.027008,0.0059509,0.061035
0.027161,0.0059509,0.065918
0.028076,0.0064087,0.065918
0.028992,0.005188,0.063477
0.028687,0.0039673,0.063477
0.029602,0.0054932,0.063477
0.027161,0.0048828,0.076904
0.025635,0.0065613,0.064697
0.024261,0.0071716,0.06958
0.02243,0.0074768,0.056152
0.021667,0.0074768,0.048828
0.022583,0.0065613,0.05249
0.024567,0.0059509,0.056152
0.027008,0.0054932,0.048828
0.027924,0.0067139,0.050049
0.029297,0.0065613,0.042725
0.028229,0.0059509,0.048828
0.029144,0.0056458,0.043945
0.028687,0.0047302,0.047607
0.028076,0.0053406,0.040283
0.027313,0.0054932,0.046387
0.024414,0.0068665,0.042725
0.023346,0.0067139,0.042725
0.022583,0.0062561,0.047607
0.02182,0.0048828,0.041504
0.023041,0.0028992,0.0354
0.023193,0.0024414,0.040283
0.025024,0.0019836,0.028076
0.027161,0.0027466,0.039063
0.025787,0.0048828,0.03418
0.025482,0.0048828,0.041504
0.024261,0.0022888,0.040283
0.022888,0.0021362,0.040283
0.021515,0.00045776,0.043945
0.020294,-0.00091553,0.042725
0.019989,-0.0021362,0.047607
0.021362,-0.00061035,0.043945
0.02243,-0.00045776,0.05127
0.024261,0,0.056152
0.025635,-0.0022888,0.057373
0.027008,-0.0028992,0.05249
0.028229,-0.0041199,0.061035
0.028687,-0.0012207,0.065918
0.03006,-0.0024414,0.063477
0.029449,-0.00061035,0.073242
0.03006,0.00030518,0.059814
0.029144,0.00061035,0.05127
0.028229,0.00076294,0.059814
0.02655,0,0.063477
0.026245,0,0.064697
0.027008,-0.0019836,0.065918
0.027924,0.0022888,0.065918
0.029449,0.0036621,0.068359
0.028839,0.0054932,0.064697
0.029755,0.004425,0.064697
0.029144,0.0039673,0.059814
0.028687,0.0033569,0.063477
0.027924,0.0039673,0.056152
0.026245,0.0047302,0.057373
0.025177,0.005188,0.057373
0.023499,0.0079346,0.05249
0.019531,0.0050354,0.05249
0.019989,0.0041199,0.048828
0.019684,0.0039673,0.043945
0.020294,0.0041199,0.048828
0.019989,0.0032043,0.043945
0.020294,0.0047302,0.039063
0.019836,0.0039673,0.0354
0.018616,0.0032043,0.041504
0.019531,0.0018311,0.040283
0.018616,0.00091553,0.036621
0.018005,0.00015259,0.042725
0.018768,0.0019836,0.040283
0.016785,0.0036621,0.041504
0.01709,0.0041199,0.041504
0.016022,0.0038147,0.040283
0.017395,0.0021362,0.037842
0.015869,0.0013733,0.041504
0.015717,0.0010681,0.054932
0.01709,-0.0012207,0.039063
0.01709,0.0013733,0.05249
0.01709,0.0013733,0.045166
0.016327,-0.00045776,0.030518
0.016174,-0.0028992,0.047607
0.015106,-0.002594,0.05249
0.015259,-0.0035095,0.05249
0.015106,-0.0033569,0.057373
0.015717,-0.0033569,0.05249
0.015259,-0.0024414,0.059814
0.015717,-0.0018311,0.054932
0.015564,-0.0016785,0.061035
0.015717,-0.0015259,0.058594
0.015717,-0.0015259,0.063477
0.016632,-0.0012207,0.062256
0.016937,-0.00076294,0.063477
0.015106,-0.00045776,0.06958
0.017853,-0.00045776,0.063477
0.017853,0.00015259,0.061035
0.016632,-0.00091553,0.067139
0.016479,0.00015259,0.083008
0.017548,0.0016785,0.064697
0.018311,0.002594,0.064697
0.018616,0.0028992,0.064697
0.019836,0.0032043,0.062256
0.019836,0.0032043,0.068359
0.020447,0.0027466,0.058594
0.020447,0.0032043,0.05127
0.019989,0.0030518,0.05249
0.019836,0.0038147,0.048828
0.018768,0.0035095,0.054932
0.019684,0.0022888,4.5874
0.01709,0.00030518,4.8962
0.015564,-0.00061035,4.9133
0.015411,-0.00061035,4.9146
0.014801,-0.00030518,4.9231
0.015564,0.00061035,4.917
0.015259,0.0015259,4.9158
0.014496,0.00045776,4.9109
0.015106,0,4.8999
0.014343,-0.0016785,4.9121
0.016327,-0.0027466,4.9097
0.015564,-0.0024414,4.906
0.013275,-0.0028992,4.9072
0.012512,-0.002594,4.9048
0.013428,-0.0032043,4.906
0.012665,-0.002594,4.9072
0.012054,-0.0019836,4.9121
0.012512,-0.0019836,4.906
0.01236,-0.00030518,4.9158
0.013123,-0.00091553,4.9146
0.014496,-0.00045776,4.9194
0.014648,0.0022888,4.917
0.015869,0.00061035,4.9219
0.015259,0.00076294,4.9243
0.015259,0.0022888,4.9268
0.016327,0.0022888,4.9377
0.017242,0.002594,4.9292
0.018158,0.0032043,4.9158
0.018768,0.0032043,4.928
0.019836,0.0039673,4.928
0.020142,0.0039673,4.9316
0.020905,0.0041199,4.9292
0.020752,0.0036621,4.928
0.020447,0.0041199,4.9341
0.020294,0.0048828,4.9329
0.018768,0.0022888,4.9353
0.017242,0.0042725,4.9316
0.015411,0.0028992,4.9402
0.014038,0.00076294,4.9365
0.013275,-0.0013733,4.9329
0.011444,-0.0018311,4.9463
0.010376,-0.0019836,4.9341
0.010376,-0.0021362,4.9304
0.0094604,-0.0032043,4.9292
0.010223,-0.0047302,4.9109
0.011139,-0.0062561,4.9243
0.011902,-0.0059509,4.9194
0.013123,-0.0041199,4.917
0.013428,-0.00061035,4.9182
0.014801,0.0016785,4.9146
0.016632,0.0022888,4.9182
0.015411,0.0012207,4.9146
0.019531,0.0012207,4.9158
0.02121,-0.0013733,4.9084
0.022888,-0.00076294,4.9158
0.023651,-0.00091553,4.9109
0.024261,-0.00061035,4.9133
0.025024,-0.00045776,4.906
0.024567,-0.0012207,4.9133
0.02533,-0.0019836,4.9158
0.025482,-0.0015259,4.9121
0.02594,-0.00061035,4.9194
0.026703,0.00045776,4.9084
0.025482,0.0022888,4.9011
0.02533,0.0027466,4.9072
0.024261,0.0033569,4.9133
0.023346,0.0024414,4.9109
0.022125,0.0021362,4.9158
0.020447,0.0016785,4.917
0.019379,0.0010681,4.9219
0.015869,0.0028992,4.9219
0.016022,0.0015259,4.928
0.014343,0.0024414,4.9255
0.013275,0.0027466,4.9329
0.012665,0.00045776,4.9292
0.013275,-0.00076294,4.9341
0.013733,-0.0015259,4.939
0.013885,-0.0010681,4.9329
0.014496,-0.00091553,4.9341
0.015259,0,4.9316
0.011902,0.00030518,4.9304
0.015869,0.00045776,4.9341
0.016937,0.00091553,4.9304
0.016632,0.00091553,4.9341
0.016327,0.00015259,4.9353
0.016174,-0.00015259,4.9365
0.017242,-0.0010681,4.9292
0.016632,-0.00076294,4.9304
0.015106,-0.0032043,4.9341
0.019379,-0.002594,4.9268
0.021057,-0.0027466,4.9304
0.023499,-0.0032043,4.9292
0.024414,-0.002594,4.928
0.024872,-0.0028992,4.9207
0.026093,-0.0027466,4.9243
0.024261,-0.0019836,4.9304
0.025024,-0.0021362,4.9292
0.025635,-0.0027466,4.9292
0.023804,-0.0038147,4.9158
0.024567,-0.0036621,4.9109
0.02243,-0.0030518,4.9109
0.02121,-0.0022888,4.9146
0.020447,0.00091553,4.9133
0.020905,0.00045776,4.9109
0.020905,0.00091553,4.906
0.021973,0.00045776,4.9133
0.022583,0.00045776,4.9084
0.023804,0,4.9084
0.023804,0.0010681,0.040283
0.024261,0.0022888,0.042725
0.023193,0.0012207,0.040283
0.023346,0.00015259,0.041504
0.02243,-0.0022888,0.05249
0.022278,-0.0041199,0.043945
0.020752,-0.0067139,0.046387
0.02243,-0.004425,0.047607
0.02243,-0.002594,0.0354
0.023804,-0.00045776,0.05127
0.02533,0.0019836,0.05249
0.026398,0.0027466,0.054932
0.028534,0.0048828,0.059814
0.029907,0.0071716,0.054932
0.030518,0.0047302,0.064697
0.030212,0.0032043,0.059814
0.028534,0.0016785,0.063477
0.026093,0.00045776,0.058594
0.026398,0.00076294,0.063477
0.026398,0.0015259,0.058594
0.026093,0.0018311,0.061035
0.022888,0.00061035,0.067139
0.024872,-0.0018311,0.064697
0.023193,-0.0045776,0.068359
0.019531,-0.0042725,0.065918
0.023651,-0.0057983,0.080566
0.023804,-0.0053406,0.064697
0.023041,-0.004425,0.063477
0.020905,-0.004425,0.061035
0.019836,-0.0054932,0.059814
0.018768,-0.0061035,0.053711
0.018005,-0.0065613,0.057373
0.019073,-0.0057983,0.048828
0.020905,-0.0032043,0.05249
0.022736,0.00015259,0.048828
0.024261,0.002594,0.05127
0.026245,0.0038147,0.045166
0.027924,0.0027466,0.050049
0.028992,0.0022888,0.048828
0.032043,0.0022888,0.046387
0.031281,0.0038147,0.050049
0.032349,0.0062561,0.039063
0.03067,0.0088501,0.045166
0.029297,0.0086975,0.040283
0.030365,0.0082397,0.030518
0.029907,0.0065613,0.040283
0.029907,0.009613,0.036621
0.029449,0.0035095,0.0354
0.028229,0.0016785,0.040283
0.027161,0,0.039063
0.025482,0.00061035,0.040283
0.023346,-0.0042725,0.037842
0.021667,-0.0064087,0.042725
0.020142,-0.0067139,0.039063
0.018005,-0.0062561,0.046387
0.020142,-0.0054932,0.047607
0.022125,-0.0042725,0.050049
0.025635,-0.0027466,0.050049
0.023956,-0.00091553,0.053711
0.026398,-0.00015259,0.056152
0.026703,0.0018311,0.058594
0.028687,0.0024414,0.06958
0.029907,0.0032043,0.062256
0.031433,0.0038147,0.043945
0.030975,0.0038147,0.061035
0.030823,0.0059509,0.058594
0.029602,0.0065613,0.058594
0.028229,0.0073242,0.062256
0.028229,0.0080872,0.058594
0.028992,0.0083923,0.064697
0.03006,0.0093079,0.064697
0.030975,0.0099182,0.065918
0.031433,0.0091553,0.062256
0.029755,0.0083923,0.070801
0.028687,0.0080872,0.064697
0.027313,0.007019,0.064697
0.027008,0.0057983,0.076904
0.026093,0.0053406,0.062256
0.024872,0.005188,0.056152
0.024261,0.0045776,0.056152
0.022736,0.004425,0.046387
0.02121,0.0041199,0.05127
0.019989,0.0053406,0.050049
0.020599,0.0065613,0.048828
0.021667,0.0071716,0.045166
0.022278,0.0082397,0.046387
0.023193,0.0085449,0.046387
0.023499,0.0079346,0.041504
0.022278,0.009613,0.042725
0.02121,0.0073242,0.039063
0.019989,0.0065613,0.043945
0.018463,0.0059509,0.041504
0.017853,0.0057983,0.041504
0.018463,0.0050354,0.039063
0.018921,0.0042725,0.042725
0.019379,0.0039673,0.047607
0.018005,0.0028992,0.042725
0.0177,0.0028992,0.05127
0.018158,0.0028992,0.039063
0.019379,0.0030518,0.029297
0.020905,0.0022888,0.041504
0.022888,0.0022888,0.041504
0.023651,-0.0016785,0.039063
0.024109,0.00091553,0.047607
0.023041,0.0015259,0.048828
0.023193,0.0018311,0.050049
0.024109,0.0032043,0.05249
0.025024,0.0042725,0.057373
0.026398,0.0042725,0.054932
0.027313,0.0050354,0.059814
0.027618,0.0053406,0.063477
0.027161,0.0057983,0.064697
0.026245,0.0065613,0.070801
0.02533,0.007782,0.064697
0.024719,0.0076294,0.061035
0.024567,0.0079346,0.062256
0.025177,0.0074768,0.065918
0.024567,0.0054932,0.062256
0.023499,0.0054932,4.3945
0.021515,0.0053406,4.8962
0.021057,0.0048828,4.928
0.02121,0.0056458,4.9353
0.02243,0.0062561,4.9341
0.023651,0.0053406,4.9268
0.024261,0.0047302,4.9329
0.023499,0.0047302,4.928
0.022888,0.004425,4.9292
0.022278,0.0054932,4.9255
0.022583,0.0067139,4.9268
0.022888,0.007019,4.9207
0.023956,0.007019,4.9231
0.024261,0.0065613,4.9329
0.024567,0.0045776,4.9207
0.023804,0.0033569,4.9207
0.023041,0.0024414,4.9182
0.022278,0.0022888,4.8987
0.020905,0.0030518,4.9133
0.019684,0.004425,4.9121
0.018463,0.0039673,4.9121
0.016174,0.0033569,4.9097
0.014191,0.0016785,4.9084
0.01297,-0.00076294,4.9097
0.012207,-0.0015259,4.9084
0.012665,-0.0021362,4.9109
0.01297,-0.00045776,4.906
0.014496,0.00030518,4.9133
0.016022,-0.00015259,4.9097
0.017548,-0.00045776,4.9133
0.018005,-0.0015259,4.9158
0.018311,-0.0021362,4.9158
0.019684,-0.00076294,4.9109
0.020752,-0.00015259,4.9182
0.021515,0.0010681,4.9207
0.021667,0.0016785,4.9207
0.023956,0.0015259,4.9231
0.020905,0.0012207,4.9268
0.021667,0.00045776,4.928
0.022583,-0.0047302,4.9255
0.023804,-0.00091553,4.9304
0.024872,-0.00091553,4.9329
0.024567,-0.00030518,4.9329
0.024414,-0.00030518,4.9268
0.023499,-0.00045776,4.9329
0.023346,-0.00091553,4.9292
0.023041,-0.0012207,4.9353
0.02243,-0.00076294,4.9316
0.020905,-0.0021362,4.9341
0.020294,-0.0010681,4.9426
0.019989,-0.0012207,4.939
0.018158,-0.0019836,4.9438
0.018158,-0.0016785,4.9353
0.018311,-0.0036621,4.9219
0.018311,-0.004425,4.9341
0.018311,-0.0056458,4.9304
0.018463,-0.0054932,4.9255
0.018921,-0.004425,4.9292
0.018921,-0.0039673,4.9255
0.018616,-0.0041199,4.9219
0.018616,-0.0045776,4.9182
0.018921,-0.0059509,4.9194
0.016327,-0.0048828,4.9158
0.020142,-0.0038147,4.9194
0.020905,-0.0021362,4.917
0.020752,-0.00076294,4.9158
0.02121,-0.0015259,4.9133
0.020447,-0.0030518,4.9146
0.019684,-0.0041199,4.9097
0.020447,-0.0047302,4.9121
0.019531,-0.0036621,4.9084
0.020294,-0.0018311,4.9109
0.019531,-0.00045776,4.9036
0.015411,-0.00030518,4.9109
0.017548,-0.00091553,4.9084
0.016632,-0.0019836,4.9072
0.016327,-0.0022888,4.9097
0.016327,-0.0018311,4.9036
0.016785,-0.0018311,4.9133
0.017242,-0.00030518,4.9109
0.015869,-0.0035095,4.9133
0.011444,-0.0019836,4.9158
0.013885,-0.0045776,4.9231
0.012817,-0.0061035,4.9182
0.012207,-0.0082397,4.9255
0.012054,-0.0065613,4.9353
0.011139,-0.0056458,4.9182
0.010376,-0.0056458,4.9316
0.0085449,-0.0064087,4.9304
0.0088501,-0.0074768,4.9158
0.0093079,-0.0085449,4.928
0.013275,-0.0091553,4.9304
0.014496,-0.0062561,4.9292
0.017395,-0.0036621,4.9292
0.019684,-0.00091553,4.9268
0.02121,0.00091553,4.9365
0.020752,0.0015259,4.9304
0.021362,0.0030518,4.9353
0.02182,0.0059509,4.9329
0.021057,0.0033569,4.9402
0.021973,0.0032043,4.9341
0.022583,0.0030518,4.9353
0.022278,0.0015259,4.9438
0.021515,0.0010681,4.9329
0.022278,-0.0013733,4.9304
0.02182,-0.0035095,4.9341
0.022278,-0.0039673,4.9304
0.023651,-0.0041199,4.9207
0.024109,-0.0027466,4.9158
0.025024,-0.0010681,0.050049
0.022888,0.00045776,0.047607
0.025177,0.00045776,0.043945
0.024567,0.00045776,0.046387
0.023651,-0.0015259,0.043945
0.023193,-0.0018311,0.045166
0.022125,-0.0019836,0.042725
0.019836,0,0.043945
0.018005,0.0018311,0.039063
0.016327,0.0032043,0.042725
0.013733,0.0030518,0.040283
0.012207,0.0016785,0.041504
0.012054,-0.00091553,0.05127
0.011902,-0.0012207,0.041504
0.011749,-0.0019836,0.053711
0.012054,-0.0024414,0.037842
0.01236,-0.0039673,0.031738
0.013428,-0.0036621,0.041504
0.014801,-0.0042725,0.041504
0.015411,-0.0056458,0.043945
0.016937,-0.0045776,0.050049
0.018921,-0.0027466,0.048828
0.018158,-0.0012207,0.05127
0.018158,0.0015259,0.053711
0.018311,0.002594,0.057373
0.017853,0.002594,0.056152
0.018616,0.00076294,0.059814
0.019531,0.0015259,0.062256
0.020294,0.0013733,0.064697
0.020752,0.0024414,0.072021
0.020905,0.0027466,0.063477
0.02121,0.002594,0.061035
0.021515,0.0028992,0.058594
0.020599,0.0015259,0.065918
0.019989,0.0012207,0.064697
0.018921,0.0018311,0.05249
0.018005,0.0028992,0.063477
0.016632,0.0041199,0.061035
0.015869,0.0047302,0.068359
0.01297,0.0042725,0.065918
0.012817,0.0039673,0.063477
0.013428,0.0032043,0.058594
0.013885,0.0021362,0.059814
0.014648,0.0012207,0.059814
0.015106,0.0013733,0.05127
0.016632,0.0016785,0.058594
0.018921,0.0021362,0.048828
0.019989,0.0033569,0.05249
0.023346,0.0035095,0.065918
0.025024,0.0045776,0.042725
0.026703,0.0048828,0.053711
0.028381,0.0053406,0.043945
0.029144,0.0068665,0.032959
0.029602,0.007782,0.039063
0.028839,0.010071,0.041504
0.029144,0.011444,0.039063
0.027313,0.011292,0.037842
0.026093,0.010223,0.036621
0.024414,0.007782,0.043945
0.021667,0.0065613,0.039063
0.019836,0.0036621,0.039063
0.018158,0.0013733,0.032959
0.015869,0,0.042725
0.014954,-0.0024414,0.041504
0.012817,-0.0057983,0.041504
0.012512,-0.0086975,0.046387
0.010986,-0.011749,0.041504
0.010071,-0.014343,0.043945
0.010834,-0.01358,0.048828
0.012054,-0.011597,0.05127
0.013733,-0.0099182,0.048828
0.015106,-0.0062561,0.046387
0.016785,-0.0016785,0.054932
0.018768,0.0021362,0.048828
0.020752,0.0071716,0.057373
0.022736,0.009613,0.059814
0.024872,0.012512,0.059814
0.026703,0.013123,0.062256
0.028534,0.012054,0.058594
0.03067,0.011444,0.061035
0.032806,0.011292,0.059814
0.034637,0.011597,0.063477
0.035095,0.011597,0.058594
0.035095,0.012512,0.067139
0.034485,0.01297,0.075684
0.033722,0.012817,0.065918
0.032806,0.013275,0.070801
0.031433,0.013733,0.067139
0.030518,0.012665,0.05249
0.028687,0.01358,0.063477
0.026245,0.0097656,0.058594
0.025177,0.0067139,0.053711
0.024109,0.0027466,0.057373
0.023193,-0.0013733,0.05127
0.023499,-0.0013733,0.048828
0.022125,-0.0050354,0.048828
0.020905,-0.0045776,0.05127
0.018768,-0.0047302,0.042725
0.016937,-0.004425,0.050049
0.016174,-0.0047302,0.048828
0.015717,-0.005188,0.047607
0.013275,-0.0032043,0.040283
0.017242,-0.00061035,0.032959
0.018463,0.0022888,0.047607
0.020294,0.0064087,0.040283
0.023346,0.0083923,0.050049
0.025024,0.009613,0.040283
0.028229,0.0099182,0.03418
0.030823,0.010986,0.039063
0.032806,0.011139,0.040283
0.0354,0.012665,0.039063
0.036926,0.013885,0.039063
0.03952,0.010834,0.036621
0.040283,0.011139,0.042725
0.040436,0.0091553,0.039063
0.040436,0.0057983,0.046387
0.039368,0.0039673,0.045166
0.039368,0.0019836,3.3728
0.037689,0.0018311,4.8071
0.036163,0.0016785,4.917
0.036163,0.0016785,4.9329
0.036163,0.0016785,4.9243
0.034485,0.0022888,4.9304
0.034485,0.0013733,4.9353
0.033417,0.0033569,4.9231
0.032501,0.004425,4.9316
0.032043,0.0064087,4.9292
0.031433,0.007782,4.9304
0.029755,0.0068665,4.9304
0.026703,0.0062561,4.9292
0.024872,0.0036621,4.9353
0.02243,0.0016785,4.9353
0.021973,0.0013733,4.9353
0.022583,0.0028992,4.9304
0.024567,0.004425,4.9426
0.025177,0.005188,4.9353
0.025177,0.0048828,4.9341
0.02533,0.0035095,4.9329
0.02533,0.0015259,4.9329
0.026703,0.00076294,4.9353
0.028687,0.0018311,4.9292
0.029907,0.004425,4.9353
0.032349,0.0047302,4.9219
0.032196,0.0050354,4.9109
0.031738,0.0032043,4.917
0.032196,0.00076294,4.9121
0.030823,-0.0012207,4.9158
0.033875,-0.0013733,4.9146
0.034485,-0.0010681,4.9109
0.035248,-0.0013733,4.9121
0.034637,-0.0015259,4.9084
0.031433,-0.0038147,4.9121
0.028534,-0.0068665,4.906
0.026245,-0.007782,4.9146
0.023804,-0.0085449,4.9133
0.023193,-0.0056458,4.9121
0.023041,-0.00061035,4.9133
0.023651,-0.00015259,4.9097
0.02243,0.00015259,4.9084
0.021057,-0.00076294,4.9084
0.020752,0.0016785,4.906
0.021515,-0.0024414,4.9158
0.021973,-0.0012207,4.9133
0.023041,0.00061035,4.9133
0.025177,0.0022888,4.917
0.026093,0.0021362,4.917
0.025635,0.0015259,4.9194
0.025482,0.00030518,4.9194
0.026398,0.0018311,4.9304
0.027771,0.0030518,4.9268
0.029449,0.0068665,4.9292
0.032349,0.0097656,4.9292
0.03418,0.010071,4.9365
0.033722,0.0097656,4.9292
0.032196,0.0071716,4.9304
0.032349,0.0053406,4.9377
0.031433,0.0030518,4.9329
0.030365,0.0019836,4.9426
0.028839,0.00076294,4.9341
0.028229,-0.00076294,4.9133
0.025024,-0.0022888,4.9329
0.022278,-0.0048828,4.9316
0.019226,-0.0065613,4.9304
0.01709,-0.0061035,4.9353
0.017395,-0.0045776,4.9304
0.017395,-0.0032043,4.9316
0.015564,0.00091553,4.928
0.01709,-0.00030518,4.9304
0.016479,-0.0027466,4.9243
0.0177,-0.0038147,4.9255
0.019989,-0.0050354,4.9194
0.017853,-0.0065613,4.9219
0.018158,-0.0059509,4.9268
0.018005,-0.005188,4.9194
0.017548,-0.0045776,4.9158
0.017242,-0.0032043,4.9182
0.017548,-0.002594,4.9023
0.017395,-0.00091553,4.9109
0.019379,0.00076294,4.9133
0.020752,0.0035095,4.9133
0.02182,0.0047302,4.9109
0.023193,0.0061035,4.9097
0.023041,0.005188,4.9133
0.022736,0.0035095,4.9072
0.023041,0.00091553,4.9109
0.02121,-0.0013733,4.906
0.02121,-0.0022888,4.9121
0.019836,-0.0028992,4.9109
0.018463,-0.0010681,4.9133
0.016937,-0.0038147,4.9097
0.014801,-0.0035095,4.9109
0.014648,-0.0059509,4.9207
0.014496,-0.0088501,4.9158
0.015717,-0.0071716,4.9292
0.016022,-0.0062561,4.9207
0.017242,-0.0050354,4.9109
0.017395,-0.0038147,4.9255
0.016327,-0.002594,4.9231
0.015259,-0.0022888,4.9268
0.014954,-0.0016785,4.9292
0.015411,-0.0015259,4.9316
0.015869,-0.0010681,4.9329
0.014496,0.00061035,4.9316
0.014496,0.0012207,4.9341
0.01297,0.00091553,4.9304
0.012512,0.00015259,4.9353
0.013428,-0.0013733,4.9329
0.014648,-0.002594,-0.17822
0.017548,-0.002594,0.074463
0.018158,-0.0013733,0.068359
0.018311,0.00030518,0.061035
0.01709,0.0010681,0.068359
0.017395,0.0021362,0.065918
0.0177,0.0015259,0.064697
0.018463,0.0013733,0.058594
0.019684,0.00076294,0.054932
0.020447,0.00091553,0.056152
0.020294,0.0018311,0.05249
0.019379,0.0024414,0.05249
0.018005,0.002594,0.046387
0.017548,0.0012207,0.05127
0.017548,0.0015259,0.043945
0.020599,0.0016785,0.047607
0.019226,0.0028992,0.047607
0.019531,0.0045776,0.048828
0.019226,0.0065613,0.040283
0.017853,0.0079346,0.045166
0.0177,0.0076294,0.05249
0.017242,0.0059509,0.039063
0.018005,0.004425,0.05127
0.018005,0.0032043,0.042725
0.018005,0.0032043,0.0354
0.017242,0.004425,0.032959
0.014954,0.0050354,0.036621
0.013733,0.0053406,0.042725
0.01236,0.0050354,0.040283
0.01297,0.0041199,0.03418
0.013885,0.0022888,0.045166
0.014954,0.0027466,0.041504
0.015717,0.002594,0.045166
0.015564,0.0030518,0.045166
0.014191,0.0036621,0.05249
0.012817,0.0027466,0.058594
0.011902,0.0024414,0.054932
0.012054,-0.0010681,0.072021
0.01297,0.00045776,0.059814
0.013885,0.0010681,0.059814
0.014648,0.0024414,0.062256
0.014343,0.0036621,0.057373
0.014496,0.0032043,0.061035
0.015411,0.002594,0.056152
0.016785,0.0016785,0.062256
0.018463,0.00061035,0.061035
0.02121,0.0010681,0.057373
0.02243,0.0018311,0.065918
0.021973,0.0033569,0.062256
0.02121,0.0036621,0.067139
0.020294,0.0035095,0.064697
0.019836,0.0022888,0.068359
0.020905,0.00091553,0.064697
0.022278,0.00015259,0.065918
0.024109,-0.00030518,0.063477
0.024414,0.00030518,0.063477
0.024872,0.00061035,0.065918
0.024414,-0.00076294,0.053711
0.023956,-0.00030518,0.065918
0.023804,0.0010681,0.050049
0.023499,-0.0022888,0.039063
0.024109,-0.0015259,0.050049
0.023346,0.00015259,0.042725
0.023041,0.0027466,0.046387
0.018768,0.0050354,0.046387
0.01709,0.0057983,0.042725
0.017548,0.0047302,0.042725
0.018616,0.0038147,0.036621
0.020294,0.0027466,0.040283
0.021973,0.0033569,0.036621
0.021057,0.0042725,0.045166
0.021057,0.0048828,0.042725
0.019836,0.0048828,0.043945
0.019836,0.0041199,0.041504
0.020294,0.0036621,0.040283
0.021515,0.0022888,0.040283
0.022583,0.0021362,0.039063
0.022583,0.0035095,0.037842
0.022888,0.0041199,0.040283
0.021667,0.0050354,0.032959
0.021057,0.0032043,0.043945
0.02182,0.00045776,0.047607
0.022736,-0.0021362,0.047607
0.02533,-0.0035095,0.056152
0.025635,-0.004425,0.050049
0.023651,-0.0016785,0.058594
0.022278,-0.0032043,0.056152
0.020599,-0.0033569,0.058594
0.019379,-0.0028992,0.062256
0.020599,-0.0050354,0.062256
0.021057,-0.0036621,0.057373
0.022278,-0.0018311,0.063477
0.023651,0.00061035,0.072021
0.023193,0.0032043,0.063477
0.023041,0.005188,0.064697
0.023193,0.0064087,0.062256
0.024109,0.007019,0.046387
0.025482,0.0064087,0.063477
0.026245,0.0059509,0.067139
0.026703,0.0056458,0.067139
0.025635,0.0068665,0.067139
0.023804,0.0059509,0.059814
0.02243,0.0048828,0.064697
0.022278,0.0038147,0.058594
0.023193,0.0012207,0.058594
0.024261,0.00076294,0.05127
0.024567,0.00015259,0.05249
0.02533,0.00015259,0.05127
0.02243,-0.00015259,0.05127
0.021667,-0.00045776,0.05249
0.02243,-0.00061035,0.042725
0.023041,-0.0019836,0.050049
0.024567,-0.0010681,0.042725
0.02655,-0.00061035,0.046387
0.026703,0.00030518,0.042725
0.025482,0.00015259,0.045166
0.024414,0.0012207,0.041504
0.024109,0.0019836,4.4519
0.025482,0.0021362,4.8767
0.027161,0.0013733,4.9072
0.028381,0.00061035,4.9072
0.027771,-0.0013733,4.9084
0.028381,-0.0032043,4.9036
0.02594,-0.0010681,4.9109
0.025177,-0.0016785,4.9072
0.024414,-0.0013733,4.9109
0.02594,-0.0018311,4.9121
0.02655,-0.0012207,4.9158
0.027466,-0.0015259,4.9255
0.030975,-0.0013733,4.9182
0.026093,-0.0015259,4.9255
0.025177,-0.0013733,4.9146
0.025482,0.00030518,4.917
0.027466,0.002594,4.9304
0.027008,0.0013733,4.9268
0.031586,0.0012207,4.9255
0.031128,0.0015259,4.9341
0.029449,0.0013733,4.9304
0.027313,0.00045776,4.9304
0.025787,0.0013733,4.9292
0.026398,0.0016785,4.9341
0.027161,0.0018311,4.928
0.028839,0.00091553,4.9329
0.028229,0.00015259,4.9341
0.027466,0.00076294,4.9341
0.026245,0.0022888,4.9353
0.026398,0.0039673,4.939
0.026703,0.005188,4.9414
0.027924,0.0047302,4.9377
0.028229,0.0032043,4.9438
0.029449,0.0016785,4.9316
0.029144,0.00061035,4.9231
0.02594,0.0012207,4.9268
0.024719,0.0013733,4.9219
0.023193,0.0021362,4.9243
0.023346,0.0021362,4.9219
0.026093,0.0032043,4.9158
0.028076,-0.0018311,4.9207
0.029755,-0.0038147,4.9158
0.029449,-0.0045776,4.917
0.028381,-0.0027466,4.9133
0.027771,-0.0010681,4.9182
0.027161,0.0010681,4.9158
0.027313,0.0024414,4.9133
0.028839,0.0022888,4.9207
0.028381,0.0016785,4.9133
0.029144,0.0016785,4.9109
0.023956,0.0024414,4.9133
0.022736,0.0035095,4.895
0.023041,0.0050354,4.9097
0.024567,0.0064087,4.9097
0.026703,0.0054932,4.9109
0.028229,0.0050354,4.9109
0.029144,0.0042725,4.9084
0.028687,0.0039673,4.9023
0.02655,0.004425,4.9121
0.025787,0.0067139,4.9146
0.026398,0.0071716,4.9158
0.028076,0.0068665,4.9219
0.028839,0.0045776,4.9231
0.029449,0.00061035,4.9268
0.027771,-0.0015259,4.9268
0.023651,-0.002594,4.9243
0.023651,-0.0013733,4.9292
0.023651,-0.00030518,4.9341
0.024719,0.00061035,4.95
0.02655,0.0018311,4.9304
0.025635,0.0015259,4.9207
0.024261,0.00061035,4.9304
0.023346,0.00045776,4.9341
0.020599,0.0027466,4.9304
0.020447,0.0059509,4.9329
0.021057,0.0079346,4.9329
0.022583,0.007782,4.9365
0.023651,0.0065613,4.9341
0.023041,0.0039673,4.9304
0.02121,0.0013733,4.9341
0.019989,0.002594,4.9365
0.0177,0.0047302,4.9329
0.01709,0.0053406,4.9341
0.018158,0.0061035,4.9377
0.019226,0.005188,4.9304
0.020599,0.0038147,4.9255
0.020599,0.0024414,4.9219
0.020294,0.002594,4.9097
0.019836,0.0030518,4.9207
0.020447,0.0024414,4.9207
0.021362,0.0032043,4.9146
0.022888,0.00045776,4.9182
0.023346,-0.0021362,4.9158
0.023346,-0.0042725,4.9109
0.018311,-0.0047302,4.9097
0.018463,-0.0028992,4.9133
0.01709,-0.00030518,4.906
0.01709,0.0021362,4.9121
0.018311,0.0022888,4.9121
0.020599,0.00091553,4.9133
0.022888,-0.00061035,4.9146
0.023346,-0.0012207,4.9109
0.023193,0.00076294,4.9109
0.023346,0.0028992,4.9109
0.023346,0.004425,4.9146
0.02655,0.0047302,4.9158
0.024567,0.0019836,4.9048
0.023956,-0.00030518,4.9133
0.023499,-0.0013733,4.9194
0.020599,-0.00045776,4.9207
0.019073,0.0016785,0.053711
0.018768,0.0047302,0.05249
0.019836,0.004425,0.057373
0.02121,0.0036621,0.054932
0.023651,0.00076294,0.061035
0.02533,-0.00061035,0.061035
0.026093,-0.00045776,0.063477
0.026398,0.00045776,0.061035
0.025177,0.0035095,0.064697
0.024261,0.0045776,0.075684
0.024719,0.0048828,0.062256
0.024872,0.0027466,0.061035
0.024414,0.00061035,0.065918
0.023651,0.00091553,0.054932
0.02243,0.0016785,0.062256
0.021667,0.0035095,0.068359
0.021667,0.0048828,0.065918
0.023499,0.0042725,0.068359
0.022888,0.0028992,0.059814
0.023651,0,0.062256
0.023804,-0.002594,0.054932
0.02243,-0.0047302,0.057373
0.019836,-0.0022888,0.054932
0.0177,-0.00045776,0.054932
0.016479,0.00030518,0.050049
0.017242,0.0016785,0.05127
0.0177,-0.00045776,0.050049
0.017242,-0.0028992,0.048828
0.019226,-0.0035095,0.05249
0.019379,-0.0036621,0.047607
0.019684,-0.00045776,0.053711
0.020599,0.0016785,0.042725
0.02243,0.007782,0.042725
0.023956,0.0018311,0.03418
0.025024,-0.00091553,0.039063
0.025482,-0.0019836,0.036621
0.022888,-0.0021362,0.039063
0.022736,0,0.037842
0.021362,0.0024414,0.041504
0.021057,0.0019836,0.037842
0.022125,0.0019836,0.042725
0.022278,-0.00030518,0.039063
0.022888,-0.0022888,0.040283
0.022125,-0.0021362,0.041504
0.019379,-0.00045776,0.043945
0.019531,0.0019836,0.057373
0.018921,0.0036621,0.05127
0.019531,0.0027466,0.062256
0.021057,0.00061035,0.05127
0.02243,-0.0022888,0.046387
0.021973,-0.0039673,0.058594
0.020752,-0.0032043,0.058594
0.020447,-0.0018311,0.057373
0.019379,0.00045776,0.062256
0.02182,0.0016785,0.059814
0.021362,0.00045776,0.061035
0.021362,-0.0013733,0.059814
0.02182,-0.0033569,0.063477
0.021057,-0.0032043,0.057373
0.019531,-0.0019836,0.062256
0.018768,0.00076294,0.064697
0.018768,0.0022888,0.065918
0.018158,0.0022888,0.064697
0.020599,0.00030518,0.068359
0.021515,-0.0016785,0.06958
0.021362,-0.0035095,0.054932
0.018616,-0.0041199,0.073242
0.019379,-0.0028992,0.063477
0.019073,-0.0012207,0.05127
0.021667,0.0010681,0.053711
0.020905,-0.0022888,0.054932
0.021057,-0.0032043,0.048828
0.020599,-0.0039673,0.050049
0.022278,-0.0039673,0.046387
0.017548,-0.0022888,0.05127
0.016937,-0.00015259,0.041504
0.01709,0.0016785,0.046387
0.019836,0.0012207,0.046387
0.02182,0,0.047607
0.023193,-0.0010681,0.040283
0.02243,-0.00030518,0.042725
0.022278,0.0010681,0.05249
0.02182,0.0045776,0.041504
0.022278,0.0057983,0.039063
0.023346,0.0067139,0.040283
0.023956,0.0068665,0.024414
0.024261,0.0047302,0.0354
0.023804,0.004425,0.037842
0.023041,0.0030518,0.040283
0.022125,0.0054932,0.039063
0.021973,0.0065613,0.039063
0.02182,0.0068665,0.041504
0.022125,0.0042725,0.045166
0.022278,0.0013733,0.050049
0.020905,-0.0016785,0.042725
0.019226,-0.0050354,0.05249
0.017548,-0.0038147,0.043945
0.015106,-0.0038147,0.056152
0.013885,-0.0024414,0.056152
0.015869,-0.0018311,0.062256
0.014343,-0.0032043,0.063477
0.014801,-0.0050354,0.059814
0.01358,-0.0062561,0.083008
0.011749,-0.0062561,0.061035
0.012665,-0.005188,0.048828
0.013885,-0.0032043,0.061035
0.015717,-0.0016785,0.063477
0.017853,-0.0013733,0.057373
0.019379,-0.0016785,0.063477
0.020752,-0.0013733,0.062256
0.021515,-0.002594,0.065918
0.022888,0.00076294,0.064697
0.024109,0.0033569,0.067139
0.026245,0.0050354,0.073242
0.028534,0.005188,0.062256
0.029297,0.0041199,0.062256
0.029144,0.0028992,2.1265
0.028839,0.0015259,4.7644
0.02533,0.00045776,4.9133
0.025177,0.002594,4.9194
0.024872,0.0030518,4.9194
0.026093,0.0039673,4.917
0.026398,0.002594,4.9146
0.027771,0.00091553,4.9133
0.026245,-0.00061035,4.9146
0.023346,-0.00091553,4.9133
0.02182,0,4.9133
0.018463,0.0024414,4.9133
0.016937,0.0047302,4.906
0.015717,0.0039673,4.9158
0.014648,0.0035095,4.906
0.013275,0.0016785,4.9109
0.01236,0.0010681,4.9121
0.011444,0.00091553,4.9121
0.010834,0.0024414,4.9109
0.011902,0.0041199,4.9133
0.014648,0.005188,4.9231
0.015869,0.0056458,4.9109
0.017548,0.0041199,4.9194
0.018311,0.0032043,4.9121
0.018921,0.0035095,4.8975
0.019226,0.0039673,4.9158
0.019836,0.0059509,4.917
0.021515,0.0068665,4.9194
0.023651,0.0074768,4.9194
0.02594,0.0067139,4.9243
0.026245,0.0050354,4.9304
0.026703,0.0042725,4.9304
0.026093,0.0050354,4.9341
0.024414,0.0059509,4.9304
0.023651,0.0068665,4.9243
0.022888,0.0057983,4.9329
0.022888,0.0030518,4.9341
0.022125,-0.0010681,4.939
0.022125,-0.0039673,4.9426
0.020447,-0.005188,4.9316
0.019531,-0.0035095,4.9377
0.017242,-0.0010681,4.9438
0.014801,0.00091553,4.9353
0.015106,0.0010681,4.9182
0.014343,-0.00091553,4.9304
0.014496,-0.0022888,4.9292
0.015106,-0.0013733,4.928
0.015106,0.0021362,4.9304
0.015564,0.0067139,4.9268
0.017242,0.009613,4.9268
0.019226,0.010223,4.9207
0.020294,0.0093079,4.9243
0.022888,0.0073242,4.9194
0.025024,0.007019,4.9219
0.026855,0.0090027,4.9158
0.028076,0.011597,4.9146
0.03006,0.012817,4.9255
0.030823,0.012512,4.9194
0.032043,0.0099182,4.9207
0.031738,0.0057983,4.9121
0.031586,0.0016785,4.9036
0.031586,-0.00076294,4.9109
0.030212,-0.0012207,4.9121
0.028534,-0.0010681,4.9084
0.027466,-0.0024414,4.9109
0.024872,-0.004425,4.9109
0.022888,-0.0071716,4.9109
0.020599,-0.009613,4.9048
0.018768,-0.010681,4.9109
0.018158,-0.010071,4.9084
0.01709,-0.0073242,4.9133
0.0177,-0.0054932,4.9146
0.016785,-0.0042725,4.9182
0.01709,-0.004425,4.9182
0.017395,-0.005188,4.9207
0.018463,-0.0054932,4.917
0.019989,-0.004425,4.9207
0.021057,-0.0022888,4.9292
0.021667,0.00076294,4.9304
0.022583,0.002594,4.917
0.023041,0.002594,4.9268
0.024109,0.0021362,4.9133
0.026245,0.0015259,4.9304
0.030365,0.0016785,4.9329
0.030212,0.0033569,4.9304
0.031738,0.0047302,4.9353
0.032959,0.0022888,4.9316
0.032654,0.0053406,4.9377
0.033417,0.002594,4.9329
0.033112,0,4.9365
0.032349,-0.004425,4.9377
0.030975,-0.0022888,4.9353
0.030518,-0.0018311,4.9487
0.029297,-0.0010681,4.9353
0.026855,-0.0018311,4.9341
0.02533,-0.0028992,4.9316
0.023346,-0.0048828,4.9097
0.021973,-0.0067139,4.9231
0.019989,-0.0064087,4.9207
0.018158,-0.0054932,4.9231
0.017395,-0.002594,4.9207
0.016022,0.00015259,4.9146
0.014801,0.0013733,4.9207
0.014343,0.0013733,4.9158
0.014648,0.00030518,4.917
0.016632,-0.0022888,4.9109
0.018768,-0.002594,4.9146
0.02121,-0.0024414,4.9146
0.022583,-0.0010681,4.9121
0.024872,-0.00076294,4.9182
0.026093,-0.00076294,4.9109
0.026245,-0.00076294,0.040283
0.027618,-0.00091553,0.041504
0.026245,0.00030518,0.03418
0.029297,0.0019836,0.039063
0.029602,0.0042725,0.05249
0.03006,0.0028992,0.031738
0.03067,0.0038147,0.037842
0.030823,0.0024414,0.040283
0.032196,0.0013733,0.041504
0.030823,0.0018311,0.043945
0.033875,0.002594,0.048828
0.03418,0.0054932,0.047607
0.032501,0.0041199,0.054932
0.031281,0.0030518,0.05249
0.028381,0.0015259,0.056152
0.02533,0.0010681,0.059814
0.022888,0.0048828,0.062256
0.020599,0.0038147,0.06958
0.020905,0.0048828,0.061035
0.018768,0.0054932,0.076904
0.017395,0.0042725,0.061035
0.016785,0.0024414,0.05127
0.016632,0.0019836,0.062256
0.016785,0.0021362,0.062256
0.018921,0.0054932,0.062256
0.019073,0.0036621,0.064697
0.019836,0.0032043,0.062256
0.022583,0.0018311,0.067139
0.020447,0.0012207,0.065918
0.019684,0.00076294,0.062256
0.019836,-0.0010681,0.058594
0.020905,-0.0016785,0.062256
0.02243,-0.0010681,0.061035
0.023804,-0.00076294,0.059814
0.025024,-0.005188,0.057373
0.022888,0.0010681,0.053711
0.02655,0.00091553,0.05127
0.027161,-0.00015259,0.048828
0.028534,-0.00045776,0.05249
0.029144,-0.00030518,0.045166
0.029602,-0.0015259,0.045166
0.028839,-0.0012207,0.03418
0.028534,-0.0016785,0.045166
0.028381,-0.002594,0.040283
0.028229,-0.0030518,0.041504
0.028076,-0.0033569,0.036621
0.030365,-0.0028992,0.043945
0.029144,-0.0018311,0.037842
0.028992,-0.00076294,0.040283
0.028076,-0.0015259,0.040283
0.028687,-0.0015259,0.042725
0.02655,-0.0018311,0.036621
0.026093,-0.0019836,0.039063
0.02533,-0.0027466,0.056152
0.02533,0.00045776,0.041504
0.02533,0.0018311,0.05127
0.02533,0.0021362,0.045166
0.025024,0.0027466,0.029297
0.024872,0.002594,0.045166
0.024567,0.0030518,0.050049
0.024719,0.0038147,0.053711
0.025177,0.0048828,0.057373
0.025482,0.0054932,0.047607
0.026245,0.0050354,0.062256
0.026245,0.004425,0.057373
0.025482,0.0041199,0.064697
0.024261,0.0038147,0.059814
0.023956,0.0039673,0.063477
0.023956,0.0048828,0.061035
0.02594,0.0047302,0.062256
0.024261,0.0048828,0.070801
0.022888,0.0024414,0.064697
0.022888,0.002594,0.063477
0.02243,0.0013733,0.061035
0.022278,0.00091553,0.079346
0.02243,0.0010681,0.064697
0.022583,0.0010681,0.061035
0.022736,0.0012207,0.063477
0.021667,0.00045776,0.062256
0.021515,-0.00030518,0.056152
0.020447,-0.00030518,0.057373
0.019684,-0.00030518,0.05249
0.019531,0.00030518,0.05249
0.0177,0.00091553,0.050049
0.020447,0.00091553,0.05249
0.020294,0.0018311,0.047607
0.022125,0.0016785,0.047607
0.020294,0.0016785,0.046387
0.019073,0.0032043,0.046387
0.019531,0.0050354,0.053711
0.020447,0.0035095,0.045166
0.021057,0.0068665,0.048828
0.021667,0.0056458,0.039063
0.020599,0.0041199,0.026855
0.019531,0.0036621,0.037842
0.019684,0.0039673,0.039063
0.019531,0.0045776,0.037842
0.019073,0.0053406,0.040283
0.019073,0.0053406,0.029297
0.018616,0.0053406,0.037842
0.018463,0.0048828,0.036621
0.018158,0.0047302,0.042725
0.018768,0.0047302,0.037842
0.019226,0.005188,0.041504
0.020142,0.0045776,0.047607
0.019836,0.0039673,0.047607
0.019836,0.0035095,0.047607
0.018921,0.0028992,0.053711
0.018921,0.0024414,0.054932
0.019531,0.0019836,0.053711
0.019226,0.0021362,0.068359
0.019379,0.0022888,0.061035
0.019531,0.0030518,0.047607
0.020905,0.0032043,0.058594
0.021057,0.0033569,0.062256
0.019836,0.0024414,0.061035
0.020294,0.0018311,3.1555
0.020294,0.00045776,4.8181
0.019836,-0.00015259,4.9255
0.019531,-0.00061035,4.928
0.019531,-0.00091553,4.9341
0.019684,-0.0019836,4.9329
0.019073,-0.0024414,4.9377
0.018158,-0.0035095,4.9292
0.016632,-0.0033569,4.9377
0.015564,-0.002594,4.9451
0.014954,-0.0024414,4.9304
0.015106,-0.0013733,4.9304
0.015564,-0.00091553,4.928
0.016479,-0.0010681,4.9158
0.01709,-0.0013733,4.9207
0.017548,-0.00030518,4.9194
0.017395,0.00091553,4.9207
0.017853,0.0021362,4.9219
0.019379,0.0036621,4.9133
0.021667,0.0041199,4.9194
0.019379,0.0036621,4.906
0.019073,0.002594,4.9158
0.018158,0.0041199,4.9097
0.018158,0.0032043,4.9158
0.018005,0.0050354,4.9133
0.018311,0.0054932,4.9146
0.019379,0.0050354,4.906
0.019226,0.005188,4.9146
0.018921,0.005188,4.9182
0.018311,0.0048828,4.9121
0.019836,0.0047302,4.9268
0.019531,0.0039673,4.9072
0.019989,0.0028992,4.8975
0.019684,0.0018311,4.9121
0.018768,-0.00015259,4.9097
0.016327,-0.0010681,4.9097
0.013885,-0.0027466,4.9182
0.012054,-0.0045776,4.9146
0.011902,-0.0061035,4.917
0.011597,-0.0068665,4.9231
0.011444,-0.0068665,4.9255
0.010834,-0.0068665,4.9207
0.011749,-0.0068665,4.9255
0.012665,-0.0065613,4.9316
0.013275,-0.0056458,4.9316
0.015869,-0.0041199,4.9353
0.019379,-0.0022888,4.9292
0.021667,0,4.9341
0.026398,0.0015259,4.9341
0.025482,0.0021362,4.9365
0.027313,0.0021362,4.9329
0.027771,0.0018311,4.9231
0.028381,0.0028992,4.9158
0.029907,0.0035095,4.9365
0.029755,0.0048828,4.9341
0.028839,0.0050354,4.9353
0.024872,0.0050354,4.9329
0.02533,0.0038147,4.9365
0.024261,0.0035095,4.9329
0.023041,0.0030518,4.9316
0.02243,0.0024414,4.9268
0.022583,0.002594,4.9292
0.021362,0.0013733,4.9207
0.021515,-0.00015259,4.9255
0.019531,-0.0016785,4.9316
0.018158,-0.0018311,4.9194
0.016632,-0.0016785,4.9255
0.01236,-0.0012207,4.917
0.015411,-0.0012207,4.9097
0.01358,-0.0012207,4.9133
0.011902,-0.0028992,4.9109
0.012054,-0.00091553,4.9146
0.011444,-0.00061035,4.9097
0.011292,0.00015259,4.9011
0.011902,0,4.9158
0.012512,0.0010681,4.9097
0.016327,0.0010681,4.9084
0.01709,0.00061035,4.9072
0.017853,-0.0022888,4.9158
0.018311,-0.0010681,4.9109
0.019684,-0.0016785,4.9146
0.019836,-0.0019836,4.9158
0.019684,-0.00030518,4.9121
0.020905,-0.0019836,4.9109
0.02121,-0.0027466,4.9158
0.020905,-0.0036621,4.9097
0.020142,-0.0033569,4.9182
0.02182,-0.002594,4.9023
0.023804,-0.00091553,4.9255
0.025024,0,4.9292
0.02655,0.00091553,4.9268
0.028076,0.00091553,4.9268
0.028534,0.00045776,4.9304
0.026093,-0.0018311,4.9329
0.02655,-0.00091553,4.928
0.024261,-0.0012207,4.9341
0.023041,-0.0021362,4.9304
0.020447,-0.0024414,4.9341
0.016479,-0.0042725,4.9292
0.014801,-0.0056458,4.9329
0.014496,-0.0062561,4.939
0.0097656,-0.0062561,4.9377
0.0094604,-0.0053406,4.9463
0.0099182,-0.004425,4.9377
0.011597,-0.0035095,4.9255
0.012512,-0.0035095,4.9365
0.014038,-0.0033569,4.9329
0.015869,-0.0024414,4.928
0.019531,-0.0015259,4.9304
0.022583,-0.00045776,4.9243
0.024567,0.0010681,0.05249
0.02655,0.0019836,0.047607
0.028229,0.0022888,0.05249
0.026093,0.0013733,0.043945
0.02655,0.00015259,0.047607
0.028076,0,0.046387
0.027924,-0.00045776,0.047607
0.03067,-0.00061035,0.046387
0.032043,-0.00045776,0.043945
0.034637,0.00045776,0.042725
0.032501,-0.00061035,0.041504
0.032806,-0.0012207,0.030518
0.032043,0.00091553,0.042725
0.031281,-0.0024414,0.037842
0.029755,-0.0028992,0.0354
0.027008,-0.0036621,0.039063
0.023956,-0.0079346,0.037842
0.019989,-0.0068665,0.041504
0.016022,-0.0082397,0.036621
0.013123,-0.009613,0.042725
0.015106,-0.0094604,0.039063
0.01297,-0.0085449,0.043945
0.014801,-0.0071716,0.043945
0.016327,-0.0054932,0.050049
0.019531,-0.0042725,0.046387
0.018921,-0.0036621,0.05249
0.020142,-0.0028992,0.054932
0.023041,-0.0057983,0.054932
0.02594,0.00015259,0.065918
0.028687,0.0015259,0.059814
0.03006,0.002594,0.047607
0.030212,0.0013733,0.061035
0.030212,0.0028992,0.058594
0.03006,0.0030518,0.062256
0.030518,0.0047302,0.059814
0.032806,0.0056458,0.056152
0.034332,0.0067139,0.065918
0.034485,0.0071716,0.061035
0.033569,0.0065613,0.062256
0.031586,0.0039673,0.062256
0.03067,0.00045776,0.06958
0.028229,-0.0021362,0.063477
0.027466,-0.0042725,0.065918
0.026245,-0.0059509,0.078125
0.025177,-0.007019,0.063477
0.022736,-0.0079346,0.057373
0.019379,-0.0091553,0.057373
0.017853,-0.010071,0.042725
0.016022,-0.0083923,0.047607
0.015259,-0.0061035,0.050049
0.016937,-0.0039673,0.048828
0.018616,-0.0013733,0.048828
0.02121,0,0.042725
0.023041,0.0021362,0.05127
0.023804,0.0032043,0.042725
0.025482,0.005188,0.045166
0.027313,0.005188,0.040283
0.028839,0.0050354,0.043945
0.031128,0.0039673,0.039063
0.031128,0.0024414,0.042725
0.032349,0.0038147,0.036621
0.030823,0.0041199,0.043945
0.031586,0.0053406,0.047607
0.030365,0.0064087,0.041504
0.031738,0.0062561,0.048828
0.032349,0.0080872,0.03418
0.033112,0.0093079,0.030518
0.033722,0.009613,0.039063
0.03479,0.0082397,0.041504
0.034637,0.010071,0.032959
0.033417,0.0093079,0.047607
0.032349,0.0083923,0.050049
0.030518,0.007019,0.048828
0.028229,0.0062561,0.048828
0.025787,0.0054932,0.054932
0.024414,0.0047302,0.056152
0.022125,0.0035095,0.059814
0.019989,0.0028992,0.062256
0.016632,0.0022888,0.063477
0.016327,0.0028992,0.070801
0.016174,0.0021362,0.063477
0.016632,0.0016785,0.063477
0.016785,0.0013733,0.053711
0.01709,0.00045776,0.067139
0.018005,0.00030518,0.063477
0.018005,0.00076294,0.064697
0.019226,0.0010681,0.062256
0.019989,0.0013733,0.063477
0.020905,0.0027466,0.064697
0.023193,0.0035095,0.064697
0.024109,0.0039673,0.063477
0.024719,0.0035095,0.067139
0.024719,0.0028992,0.059814
0.025177,0.0033569,0.058594
0.02594,0.0030518,0.053711
0.025787,0.0038147,0.054932
0.027161,0.0038147,0.05127
0.028229,0.004425,0.053711
0.028381,0.0038147,0.064697
0.028381,0.0013733,0.048828
0.027618,0.0019836,0.048828
0.027618,0.0015259,0.048828
0.02655,0.0018311,0.031738
0.02533,0.00076294,0.040283
0.025177,-0.00045776,0.041504
0.024261,-0.002594,0.040283
0.022583,-0.0032043,0.0354
0.021515,-0.0038147,0.036621
0.02121,-0.0028992,0.042725
0.020599,-0.00076294,0.037842
0.019989,0.00076294,0.040283
0.021362,0.0022888,0.036621
0.021515,0.0022888,0.042725
0.021362,0.0013733,0.036621
0.02182,0.0010681,0.041504
0.02121,0.0016785,0.042725
0.021057,0.0036621,0.041504
0.021667,0.0047302,4.0088
0.021362,0.0057983,4.8596
0.02243,0.0054932,4.9084
0.021515,0,4.9182
0.022278,0.0038147,4.9194
0.022278,0.0038147,4.9255
0.023041,0.0047302,4.9231
0.024719,0.0062561,4.9243
0.024261,0.0054932,4.9255
0.024109,0.0036621,4.9292
0.024109,0.002594,4.9341
0.023041,0.00015259,4.9304
0.020294,-0.0013733,4.9341
0.018463,-0.00061035,4.928
0.018768,0,4.9329
0.016632,-0.00015259,4.9304
0.015106,0.00091553,4.9329
0.014648,0.00091553,4.9414
0.01297,0.0010681,4.9353
0.014801,0.002594,4.939
0.014801,0.0021362,4.9365
0.014801,0.0012207,4.9268
0.015717,0.00076294,4.9377
0.015717,0.00091553,4.9329
0.016022,0.0016785,4.9268
0.015564,0.0036621,4.9292
0.016022,0.0013733,4.9255
0.016174,0.0012207,4.9255
0.0177,0.0012207,4.9097
0.017395,0.00045776,4.9243
0.019836,0.0024414,4.9158
0.020599,0.0024414,4.9194
0.020752,0.0027466,4.9194
0.020905,0.0018311,4.9231
0.020142,0.0021362,4.9133
0.020447,0.0010681,4.9158
0.023041,0.00015259,4.9182
0.021057,0.00091553,4.9121
0.020447,0.0013733,4.917
0.020447,0.0013733,4.9072
0.022888,0.00091553,4.9011
0.019684,0.00091553,4.9072
0.019684,0.0012207,4.9109
0.020447,-0.0015259,4.9109
0.02121,0.00015259,4.9097
0.020905,0.00030518,4.906
0.020752,0.00015259,4.9121
0.020447,0.00030518,4.9097
0.018768,-0.00030518,4.9182
0.018158,-0.00076294,4.9158
0.017853,-0.002594,4.9207
0.018158,-0.0039673,4.9207
0.018768,-0.0021362,4.9219
0.019684,-0.0010681,4.9377
0.019684,-0.00015259,4.9182
0.020599,0,4.9292
0.021515,-0.00061035,4.9316
0.022736,-0.0012207,4.9231
0.021362,-0.0016785,4.9329
0.024567,-0.0027466,4.9304
0.024719,-0.0022888,4.9207
0.022583,-0.0022888,4.9304
0.022736,-0.00076294,4.928
0.022583,-0.0027466,4.9329
0.021057,-0.0036621,4.9304
0.020599,-0.0048828,4.9341
0.020599,-0.0038147,4.9304
0.022125,-0.0018311,4.9377
0.024261,0.00015259,4.9365
0.024261,0.0028992,4.9365
0.024567,0.0048828,4.9329
0.022278,0.0045776,4.9353
0.023346,0.0050354,4.9365
0.022888,0.0042725,4.9304
0.022125,0.0041199,4.9377
0.021515,0.0033569,4.9219
0.020447,0.0030518,4.9097
0.018768,0.0028992,4.9207
0.015411,0.0021362,4.9219
0.014801,0.0018311,4.9158
0.015869,0.0027466,4.9182
0.015259,0.0022888,4.9084
0.017242,0.00061035,4.9158
0.017853,0.0016785,4.9109
0.018311,0.0013733,4.9146
0.018005,-0.00076294,4.9084
0.018005,-0.00045776,4.8914
0.018768,-0.0024414,4.9121
0.018768,-0.00091553,4.9133
0.019531,-0.0053406,4.9158
0.019073,-0.0048828,4.9109
0.019226,-0.0042725,4.917
0.019379,-0.0019836,4.9109
0.017853,-0.0010681,4.8999
0.01709,-0.0018311,4.9121
0.014496,-0.0021362,4.9084
0.01709,-0.0021362,4.9109
0.017242,-0.0016785,4.9133
0.018158,0.00061035,4.9146
0.018158,0.0030518,4.917
0.018921,0.0027466,4.9194
0.019226,0.0015259,4.9268
0.020142,0.00030518,4.9243
0.02182,-0.00045776,4.928
0.023346,0.0018311,4.9316
0.024872,0.0033569,4.9329
0.024872,0.0048828,4.9316
0.024261,0.0048828,4.9341
0.022888,0.0038147,4.9329
0.02121,0.0021362,0.057373
0.020447,0.00061035,0.072021
0.02121,-0.00045776,0.061035
0.021362,-0.00061035,0.05127
0.02182,-0.00030518,0.065918
0.018158,-0.00015259,0.067139
0.019531,0.00015259,0.065918
0.016174,0.00061035,0.067139
0.017548,0.00015259,0.062256
0.014954,0.00076294,0.06958
0.016785,0.0010681,0.061035
0.016937,0.0013733,0.059814
0.015717,0.00091553,0.054932
0.014038,0.0010681,0.056152
0.01358,-0.0015259,0.050049
0.013275,-0.0030518,0.048828
0.014648,-0.0047302,0.061035
0.016327,-0.0032043,0.048828
0.016327,-0.0028992,0.048828
0.016327,-0.0015259,0.046387
0.014496,-0.00076294,0.026855
0.014954,-0.0015259,0.042725
0.013885,-0.0012207,0.042725
0.015259,-0.0018311,0.041504
0.015717,-0.0010681,0.040283
0.014801,-0.00030518,0.020752
0.014191,-0.0018311,0.040283
0.014343,-0.00076294,0.039063
0.014343,-0.00076294,0.040283
0.015869,-0.00030518,0.036621
0.016632,-0.0010681,0.042725
0.017853,-0.0013733,0.039063
0.018005,-0.0015259,0.042725
0.0177,-0.0018311,0.041504
0.016022,-0.0028992,0.041504
0.019226,-0.0021362,0.043945
0.019836,-0.0015259,0.045166
0.019836,-0.0022888,0.05249
0.019379,-0.0019836,0.050049
0.019684,-0.0054932,0.043945
0.019531,-0.007019,0.054932
0.019226,-0.0074768,0.054932
0.017395,-0.0067139,0.056152
0.016022,-0.0053406,0.062256
0.014191,-0.0033569,0.059814
0.013428,-0.0024414,0.062256
0.012512,-0.00045776,0.059814
0.013123,0.00061035,0.058594
0.012512,0.0015259,0.058594
0.014496,0.0035095,0.064697
0.015259,0.0047302,0.062256
0.017242,0.004425,0.062256
0.019226,0.0038147,0.073242
0.021515,0.0032043,0.067139
0.020599,0.0028992,0.068359
0.024109,0.002594,0.064697
0.023193,0.0028992,0.058594
0.020599,0.0022888,0.061035
0.018768,0.00091553,0.057373
0.016327,-0.0010681,0.057373
0.015411,-0.0032043,0.057373
0.015259,-0.004425,0.05127
0.015869,-0.0050354,0.05249
0.017395,-0.0047302,0.046387
0.018921,-0.004425,0.05249
0.020752,-0.0038147,0.042725
0.021667,-0.0032043,0.048828
0.022736,-0.0030518,0.047607
0.02182,-0.0030518,0.043945
0.02243,-0.0013733,0.037842
0.020599,-0.00015259,0.041504
0.018616,0.00045776,0.05127
0.01709,-0.00030518,0.039063
0.016022,-0.0010681,0.048828
0.016022,-0.0030518,0.037842
0.01709,-0.0045776,0.031738
0.017548,-0.0042725,0.037842
0.019531,-0.0028992,0.040283
0.020599,-0.00030518,0.036621
0.020752,0.0021362,0.041504
0.024414,0.0022888,0.0354
0.024567,0.0018311,0.041504
0.025482,0.0016785,0.041504
0.025177,0.0012207,0.045166
0.025024,0.0019836,0.045166
0.025635,0.0016785,0.050049
0.025177,0.0010681,0.05127
0.02533,0.00045776,0.056152
0.025024,-0.00076294,0.06958
0.024872,-0.0018311,0.053711
0.025482,-0.004425,0.061035
0.024261,-0.0016785,0.059814
0.025787,-0.00045776,0.054932
0.02655,0.0012207,0.061035
0.026398,0.0018311,0.062256
0.02594,0.0022888,0.057373
0.023499,0.0016785,0.061035
0.022583,0.00091553,0.054932
0.022125,0.00061035,0.063477
0.021667,-0.00061035,0.061035
0.022888,-0.0019836,0.064697
0.022125,0,0.063477
0.023499,-0.00091553,0.068359
0.022736,-0.0019836,0.065918
0.021667,-0.0038147,0.065918
0.021667,-0.0059509,0.063477
0.022278,-0.0057983,0.062256
0.022583,-0.0050354,0.065918
0.023346,-0.0024414,0.056152
0.023651,-0.00045776,0.067139
0.026093,0.00076294,0.05249
0.02655,0.00091553,0.039063
0.027771,-0.00061035,0.047607
0.028381,-0.0012207,0.047607
0.030212,-0.0010681,0.042725
0.031891,0.00091553,0.046387
0.031738,0.0045776,0.040283
0.032806,0.0048828,2.3523
0.031281,0.005188,4.7595
0.029449,0.0042725,4.8962
0.02655,0.0032043,4.9072
0.027161,0.0030518,4.9146
0.027161,0.0045776,4.9048
0.027313,0.0050354,4.9182
0.028076,0.0082397,4.9109
0.027466,0.007019,4.9097
0.026703,0.0047302,4.9023
0.02655,-0.0013733,4.9097
0.025787,0.00045776,4.906
0.025787,0.00030518,4.9133
0.02594,0.0024414,4.9219
0.024872,0.0041199,4.9133
0.023956,0.0035095,4.9158
0.022583,0.0035095,4.9133
0.021057,0.0013733,4.9194
0.018616,-0.00030518,4.9194
0.018921,0.0016785,4.9255
0.019989,0.0015259,4.9255
0.021057,0.0021362,4.9316
0.02182,0.0022888,4.928
0.02243,0.0015259,4.9304
0.022888,-0.00030518,4.9304
0.022888,-0.0022888,4.9316
0.023346,-0.00091553,4.939
0.025024,0,4.9353
0.025482,0.0016785,4.9353
0.025177,0.0028992,4.9329
0.023346,0.0028992,4.9158
0.02243,0.0013733,4.9316
0.022125,-0.0010681,4.9329
0.020752,-0.0021362,4.9341
0.022583,-0.002594,4.9329
0.023346,-0.0013733,4.9304
0.024872,-0.0019836,4.9353
0.02594,0.00061035,4.939
0.027618,0.00015259,4.9158
0.027924,-0.0012207,4.9243
0.026245,-0.00030518,4.9268
0.028839,-0.0022888,4.9231
0.029144,-0.0015259,4.9255
0.029297,-0.00015259,4.928
0.029755,0.00091553,4.9219
0.027771,0.00030518,4.9182
0.02655,-0.00061035,4.9194
0.026093,-0.0019836,4.9084
0.02594,-0.0015259,4.9133
0.026855,0.00030518,4.9158
0.026703,0.0028992,4.9109
0.025787,0.0048828,4.9121
0.026093,0.0059509,4.9109
0.025787,0.0053406,4.9133
0.025024,0.0038147,4.906
0.023651,0.0033569,4.9109
0.024567,0.002594,4.9084
0.023956,0.0036621,4.9121
0.022278,0.0045776,4.9133
0.023804,0.004425,4.9121
0.022583,0.0039673,4.9072
0.022583,0.0018311,4.9146
0.021973,0.0021362,4.9243
0.022278,0.0013733,4.917
0.023041,0.0024414,4.9268
0.023041,0.0039673,4.9219
0.023193,0.0041199,4.9109
0.023193,0.0032043,4.9255
0.023651,0.0021362,4.928
0.025024,0.0015259,4.9268
0.024567,-0.00015259,4.9304
0.024567,0.00061035,4.928
0.023804,0.00091553,4.9304
0.023499,0.00015259,4.9304
0.022583,0.0016785,4.9341
0.02182,0.0013733,4.9292
0.021973,0.00091553,4.9329
0.020905,0.0021362,4.9329
0.02121,0.0015259,4.9353
0.020294,0.0015259,4.939
0.019989,0.0035095,4.9353
0.019989,0.0041199,4.9402
0.019531,0.0036621,4.939
0.021057,0.0027466,4.9451
0.02121,0.0010681,4.9365
0.021057,0.00045776,4.9255
0.021057,0.00015259,4.9268
0.019836,0.0012207,4.928
0.018463,0.0028992,4.9243
0.0177,0.0042725,4.9255
0.016937,0.004425,4.9207
0.017242,0.0039673,4.9207
0.019073,0.0036621,4.9158
0.017548,0.0035095,4.9194
0.018005,0.0047302,4.9194
0.018768,0.0064087,4.9219
0.018311,0.0074768,4.9146
0.019379,0.0073242,4.9158
0.020142,0.0059509,4.9268
0.021362,0.0048828,4.9133
0.022125,0.0035095,4.9158
0.02182,0.0030518,4.9084
0.020599,0.0036621,4.895
0.018921,0.0039673,4.9084
0.01709,0.0035095,4.9097
0.016937,0.0016785,4.8889
0.016174,0,4.9072
0.016479,-0.0015259,4.906
0.017395,-0.0015259,4.9109
0.018158,-0.00076294,0.040283
0.019226,0.00061035,0.046387
0.018616,0.00030518,0.042725
0.019531,0.00045776,0.047607
0.020447,-0.00030518,0.050049
0.02121,-0.0028992,0.053711
0.021515,-0.0013733,0.061035
0.020599,-0.00076294,0.059814
0.020142,0.00030518,0.057373
0.017853,0.0010681,0.062256
0.016022,0.0012207,0.065918
0.015106,0.00045776,0.057373
0.014954,0.00045776,0.05127
0.015411,0.00030518,0.062256
0.017242,0.0016785,0.061035
0.017853,0.0033569,0.058594
0.018311,0.005188,0.063477
0.018616,0.0057983,0.061035
0.018311,0.0050354,0.064697
0.018921,0.0047302,0.062256
0.019684,0.0036621,0.067139
0.020599,0.0027466,0.065918
0.021362,0.0033569,0.067139
0.020447,0.0035095,0.063477
0.019836,0.0045776,0.061035
0.018768,0.0041199,0.068359
0.018311,0.0028992,0.056152
0.0177,0.0027466,0.062256
0.018921,0.0022888,0.054932
0.019989,0.002594,0.040283
0.019989,0.0041199,0.05249
0.019684,0.005188,0.046387
0.017548,0.0057983,0.046387
0.016632,0.0050354,0.047607
0.016022,0.002594,0.040283
0.015411,-0.00045776,0.042725
0.016937,-0.0018311,0.041504
0.01709,-0.0027466,0.042725
0.016632,-0.0027466,0.036621
0.014496,-0.0028992,0.043945
0.012054,-0.0041199,0.041504
0.010681,-0.0053406,0.041504
0.011749,-0.0076294,0.037842
0.013123,-0.0080872,0.041504
0.014191,-0.007782,0.041504
0.014648,-0.0057983,0.036621
0.013428,-0.0041199,0.037842
0.014343,-0.0028992,0.040283
0.015869,-0.0024414,0.037842
0.018311,-0.0022888,0.040283
0.023041,-0.0024414,0.042725
0.023804,-0.00091553,0.046387
0.025024,0.00045776,0.050049
0.025482,0.0012207,0.048828
0.024719,0.0015259,0.057373
0.024261,0.00061035,0.05249
0.024414,0,0.056152
0.024261,-0.0036621,0.061035
0.026093,-0.0013733,0.063477
0.025482,-0.00091553,0.058594
0.023956,-0.0012207,0.062256
0.02243,-0.0015259,0.074463
0.02121,-0.0021362,0.061035
0.019989,-0.0028992,0.063477
0.019379,0,0.063477
0.020752,-0.0022888,0.046387
0.020447,-0.0010681,0.054932
0.018311,0.00061035,0.065918
0.018768,0.00091553,0.064697
0.016632,0.0010681,0.065918
0.015717,0.00045776,0.061035
0.014343,-0.00061035,0.063477
0.014496,-0.0018311,0.058594
0.014954,-0.0032043,0.058594
0.014343,-0.004425,0.05127
0.012665,-0.0064087,0.053711
0.012512,-0.0073242,0.050049
0.011444,-0.0080872,0.053711
0.011902,-0.0080872,0.050049
0.015717,-0.0071716,0.05249
0.016479,-0.0057983,0.05127
0.018768,-0.0035095,0.046387
0.020599,-0.0019836,0.053711
0.020142,-0.0010681,0.041504
0.018768,0,0.05127
0.018311,0.00015259,0.039063
0.019379,0.00030518,0.042725
0.021362,0,0.036621
0.023346,-0.0019836,0.041504
0.024261,-0.0027466,0.040283
0.022736,-0.00076294,0.040283
0.020599,-0.005188,0.037842
0.019073,-0.0067139,0.041504
0.019226,-0.0074768,0.039063
0.019073,-0.007782,0.042725
0.020905,-0.0079346,0.042725
0.020294,-0.0082397,0.042725
0.018463,-0.007782,0.056152
0.016174,-0.007019,0.05249
0.014343,-0.0061035,0.058594
0.013428,-0.0045776,0.050049
0.014496,-0.00015259,0.045166
0.018768,-0.00045776,0.053711
0.017853,0.0019836,0.058594
0.018768,0.0041199,0.057373
0.018311,0.0047302,0.061035
0.0177,0.0065613,0.059814
0.018005,0.0068665,0.062256
0.019531,0.0068665,0.047607
0.02121,0.0061035,0.061035
0.023346,0.0039673,0.058594
0.024261,0.0022888,0.064697
0.023499,0.00045776,0.063477
0.023804,-0.00076294,0.063477
0.022125,-0.0015259,0.063477
0.019989,-0.00091553,0.067139
0.022125,-0.0015259,0.074463
0.023193,-0.0010681,0.12939
0.023804,-0.0015259,4.6582
0.022278,-0.0021362,4.9133
0.021057,-0.0021362,4.9194
0.019073,-0.0028992,4.9243
0.018311,-0.0019836,4.9231
0.020142,-0.0015259,4.9231
0.022888,-0.0048828,4.9207
0.025177,-0.0045776,4.917
0.025024,-0.0054932,4.9194
0.023804,-0.007019,4.9146
0.021057,-0.0073242,4.9158
0.018463,-0.007782,4.9133
0.018158,-0.007019,4.9268
0.021057,-0.0057983,4.9121
0.020447,-0.0057983,4.9146
0.020752,-0.0045776,4.9158
0.017548,-0.0033569,4.9109
0.019989,-0.00091553,4.906
0.019379,0.00076294,4.9146
0.020599,0.0027466,4.8962
0.023956,0.0053406,4.9097
0.027161,0.0022888,4.906
0.029449,0.00091553,4.9121
0.029907,0.0021362,4.9084
0.029144,-0.0022888,4.9084
0.02655,-0.00076294,4.9109
0.025024,0.00061035,4.9097
0.023651,0.0038147,4.9133
0.025177,0.0032043,4.9133
0.025635,0.0028992,4.9219
0.02594,0.0021362,4.9194
0.02533,0.0021362,4.9231
0.024261,0.0024414,4.9231
0.022736,0.0033569,4.9304
0.024872,0.0039673,4.9353
0.025787,0.0024414,4.9341
0.027771,0.00015259,4.9414
0.027618,-0.0016785,4.9304
0.026398,-0.0027466,4.9207
0.023193,-0.0024414,4.9353
0.019989,-0.0012207,4.9304
0.017853,0,4.9292
0.018768,0.00061035,4.9316
0.019989,0.00030518,4.9316
0.022125,-0.00091553,4.9365
0.023193,-0.0015259,4.9377
0.024261,-0.0021362,4.9377
0.023956,-0.0028992,4.9316
0.02243,-0.0019836,4.9341
0.023193,-0.0048828,4.9316
0.023041,-0.0057983,4.9353
0.023651,-0.0045776,4.9329
0.023193,-0.0032043,4.928
0.022736,0.00015259,4.9231
0.020752,0.0028992,4.9207
0.019684,0.0056458,4.9268
0.019989,0.007782,4.9207
0.022125,0.010223,4.9158
0.027161,0.011292,4.9133
0.033417,0.01236,4.9146
0.038147,0.01236,4.917
0.03952,0.010986,4.9146
0.037231,0.0073242,4.9097
0.032806,0.0027466,4.9133
0.027618,-0.0019836,4.9072
0.021667,-0.004425,4.9109
0.018463,-0.0050354,4.9194
0.01358,-0.0035095,4.9121
0.0090027,-0.00076294,4.9072
0.0039673,0.0028992,4.9121
0.0018311,0.0039673,4.9133
0.0028992,0.0050354,4.9109
0.0061035,0.0071716,4.9207
0.013428,0.0080872,4.9146
0.02121,0.0097656,4.8999
0.027771,0.010681,4.9146
0.030823,0.0088501,4.9182
0.029907,0.0079346,4.9158
0.026398,0.0045776,4.9194
0.02121,0.00015259,4.9182
0.016479,-0.0036621,4.9255
0.011902,-0.005188,4.9292
0.0080872,-0.0042725,4.9304
0.0047302,-0.0013733,4.9268
0.0033569,0.0027466,4.9341
0.0038147,0.007782,4.9329
0.0071716,0.0097656,4.9353
0.012817,0.010986,4.9414
0.019379,0.009613,4.9341
0.02594,0.0068665,4.9304
0.030212,0.0053406,4.9268
0.032196,0.0039673,4.9402
0.032654,0.0022888,4.9341
0.029449,0.00015259,4.9268
0.02594,-0.0030518,4.9353
0.021973,-0.0068665,4.9341
0.018005,-0.0091553,4.9304
0.015564,-0.0086975,4.9268
0.010986,-0.0048828,4.9292
0.011444,0.0027466,4.9304
0.011902,0.0094604,4.9231
0.015259,0.013885,4.9255
0.02182,0.014038,4.9219
0.024719,0.012207,4.9243
0.028534,0.0082397,4.9207
0.030518,0.0059509,4.9219
0.031891,0.0053406,4.928
0.032196,0.005188,4.9182
0.031738,0.004425,0.050049
0.030975,0.0015259,0.043945
0.029297,-0.00015259,0.03418
0.027466,-0.0024414,0.039063
0.025482,-0.0030518,0.039063
0.020447,-0.0015259,0.037842
0.019836,0.0028992,0.040283
0.017548,0.007782,0.037842
0.017395,0.011597,0.040283
0.020447,0.012512,0.037842
0.021057,0.011444,0.042725
0.023193,0.010223,0.040283
0.023956,0.012054,0.041504
0.025635,0.011597,0.045166
0.02594,0.013885,0.045166
0.027771,0.014496,0.050049
0.029755,0.01236,0.047607
0.031128,0.0083923,0.053711
0.030518,0.0035095,0.047607
0.027466,0.00091553,0.054932
0.024261,0.0054932,0.057373
0.021973,0.0047302,0.040283
0.020142,0.0085449,0.056152
0.015869,0.010986,0.059814
0.021515,0.010681,0.061035
0.022736,0.0079346,0.063477
0.023804,0.0050354,0.061035
0.025024,0.005188,0.068359
0.025635,0.005188,0.059814
0.027313,0.0079346,0.061035
0.028076,0.0094604,0.064697
0.029144,0.0091553,0.065918
0.029602,0.0074768,0.062256
0.028381,0.004425,0.064697
0.024872,0.0028992,0.075684
0.020447,0.0024414,0.065918
0.018005,0.0057983,0.072021
0.016937,0.0088501,0.063477
0.017548,0.010834,0.048828
0.020447,0.011139,0.054932
0.023499,0.0099182,0.05127
0.025635,0.0079346,0.05127
0.022583,0.0080872,0.048828
0.026398,0.0093079,0.046387
0.02594,0.0094604,0.05127
0.024414,0.0088501,0.047607
0.023193,0.0094604,0.046387
0.022278,0.0065613,0.046387
0.020599,0.0030518,0.046387
0.016174,0.0015259,0.043945
0.012207,0.00030518,0.041504
0.011139,0.00091553,0.046387
0.011749,0.0015259,0.041504
0.014954,-0.00030518,0.036621
0.019531,0.00030518,0.041504
0.022583,-0.00015259,0.028076
0.024567,-0.00061035,0.036621
0.024414,0.0015259,0.036621
0.024872,0.0036621,0.037842
0.024109,0.0054932,0.041504
0.023193,0.0062561,0.036621
0.02243,0.0061035,0.043945
0.021362,0.0036621,0.042725
0.019531,0.0045776,0.047607
0.016785,0.0033569,0.041504
0.014191,0.0039673,0.05249
0.013123,0.0065613,0.05127
0.014801,0.007019,0.054932
0.015564,0.0059509,0.057373
0.019226,0.0021362,0.058594
0.022125,-0.0027466,0.065918
0.021515,-0.0067139,0.062256
0.022583,-0.0090027,0.074463
0.018616,-0.0074768,0.062256
0.016785,-0.0059509,0.050049
0.016479,-0.009613,0.059814
0.016937,-0.0062561,0.058594
0.016479,-0.0073242,0.061035
0.015411,-0.007782,0.063477
0.015259,-0.0056458,0.061035
0.016022,-0.0039673,0.064697
0.017853,0.00015259,0.064697
0.02243,0.0030518,0.06958
0.026855,0.0035095,0.061035
0.031128,0.0024414,0.064697
0.032806,-0.00061035,0.059814
0.032043,-0.004425,0.058594
0.030365,-0.007782,0.057373
0.027313,-0.0091553,0.054932
0.025024,-0.010376,0.053711
0.023193,-0.010681,0.05127
0.022125,-0.01358,0.053711
0.019836,-0.016632,0.047607
0.016479,-0.019073,0.042725
0.01236,-0.020294,0.041504
0.010986,-0.020294,0.043945
0.0099182,-0.018311,0.039063
0.011139,-0.012817,0.043945
0.013428,-0.014496,0.037842
0.016327,-0.014038,0.043945
0.016327,-0.013885,0.039063
0.016327,-0.01358,0.040283
0.016327,-0.01297,0.040283
0.016327,-0.009613,0.041504
0.018005,-0.0054932,0.039063
0.022125,-0.0024414,0.037842
0.025177,-0.00015259,0.05249
0.026855,-0.00015259,0.030518
0.025482,-0.0018311,0.046387
0.027313,-0.0036621,0.042725
0.024719,-0.005188,0.026855
0.024567,-0.0057983,0.045166
0.025635,-0.0076294,0.046387
0.028534,-0.0091553,0.05127
0.030823,-0.011749,0.05249
0.031281,-0.015106,0.047607
0.031281,-0.017395,0.058594
0.029907,-0.017853,1.7944
0.029144,-0.016327,4.7485
0.028076,-0.013885,4.9109
0.028687,-0.011902,4.9292
0.029449,-0.010376,4.928
0.029602,-0.010223,4.9304
0.028381,-0.010071,4.9316
0.025787,-0.0085449,4.9304
0.022888,-0.0068665,4.9341
0.020447,-0.0033569,4.9353
0.019073,-0.0010681,4.9451
0.020294,-0.00015259,4.9438
0.022278,-0.00061035,4.9231
0.023499,-0.0030518,4.9365
0.025482,-0.0045776,4.9304
0.026093,-0.004425,4.928
0.026855,-0.0032043,4.9353
0.027313,-0.0022888,4.928
0.027161,-0.0030518,4.9255
0.027618,-0.0048828,4.917
0.027313,-0.007019,4.9243
0.026093,-0.0079346,4.917
0.024719,-0.0079346,4.917
0.023041,-0.0071716,4.917
0.020599,-0.0057983,4.9182
0.019684,-0.005188,4.9219
0.020905,-0.0057983,4.9146
0.021973,-0.0065613,4.9023
0.023499,-0.0067139,4.9109
0.023956,-0.005188,4.8999
0.023041,-0.0019836,4.9121
0.022736,0.0010681,4.9109
0.020294,0.0028992,4.9097
0.018616,0.0027466,4.9048
0.0177,0.0015259,4.9097
0.015869,0.00045776,4.9109
0.014648,0.00091553,4.906
0.012817,0.0019836,4.9121
0.0099182,0.0042725,4.9097
0.0083923,0.0064087,4.9146
0.0068665,0.005188,4.9146
0.0079346,0.0047302,4.9194
0.0088501,0.0035095,4.9158
0.011139,0.0028992,4.9231
0.011597,0.0035095,4.9207
0.011597,0.0035095,4.9207
0.012054,0.0038147,4.9329
0.012817,0.0032043,4.9292
0.013733,0.00061035,4.9146
0.014954,-0.0015259,4.9268
0.016479,-0.0033569,4.9255
0.018463,-0.0042725,4.9329
0.018768,-0.0028992,4.9316
0.019226,-0.0015259,4.928
0.020447,-0.0019836,4.9365
0.020752,-0.00030518,4.9304
0.022278,0.00030518,4.9365
0.022278,0.00091553,4.9304
0.022888,0.0021362,4.9414
0.023193,0.0042725,4.9353
0.022125,0.0047302,4.939
0.022125,0.0059509,4.95
0.019836,0.0056458,4.9365
0.018463,0.0057983,4.9316
0.016632,0.0047302,4.9304
0.014038,0.0027466,4.9158
0.011597,0.0021362,4.9255
0.009613,0.0012207,4.9207
0.0073242,0.00045776,4.9231
0.0062561,0.0013733,4.9207
0.0059509,-0.00076294,4.917
0.0054932,-0.0012207,4.9194
0.0065613,-0.0022888,4.9158
0.0074768,0,4.917
0.0082397,-0.00061035,4.9097
0.0097656,0.0015259,4.917
0.011597,0.0038147,4.9133
0.012512,0.0047302,4.9158
0.012665,0.0042725,4.9097
0.012054,0.0039673,4.9158
0.013275,0.0030518,4.9146
0.015564,0.0033569,4.9133
0.015106,0.0053406,4.9182
0.015259,0.0071716,4.9084
0.017395,0.009613,4.906
0.015259,0.0065613,4.9133
0.014801,0.0048828,4.9023
0.014038,0.0032043,4.9109
0.018616,0.0036621,4.9133
0.018311,0.0047302,4.9146
0.019073,0.0057983,4.9158
0.019073,0.0027466,4.9194
0.018768,0.0047302,4.9255
0.018311,0.0028992,4.9255
0.017853,0.0016785,4.928
0.018463,0.0018311,4.9292
0.018768,0.0028992,4.9353
0.019684,0.0047302,4.9402
0.018616,0.0038147,4.928
0.01709,0.0027466,4.9353
0.018311,0.00045776,4.9329
0.018158,0.00015259,4.9304
0.019531,0.00061035,4.9341
0.020599,0.0028992,4.9329
0.02243,0.0047302,4.9329
0.023651,0.0050354,4.9341
0.023346,0.004425,4.9353
0.023956,0.0030518,4.9255
0.023193,0.0027466,0.062256
0.023041,0.0030518,0.067139
0.023041,0.0047302,0.059814
0.023193,0.0067139,0.061035
0.023804,0.007782,0.058594
0.023651,0.0079346,0.057373
0.02182,0.007782,0.05249
0.025177,0.007019,0.053711
0.027161,0.0068665,0.061035
0.029297,0.0056458,0.048828
0.031891,0.0036621,0.057373
0.034027,0.0038147,0.048828
0.035858,0.0041199,0.048828
0.036163,0.0039673,0.040283
0.036926,0.0039673,0.042725
0.035706,0.0039673,0.042725
0.035706,0.0035095,0.039063
0.034943,0.0027466,0.037842
0.033264,0.0021362,0.041504
0.033417,0.0021362,0.039063
0.032654,0.002594,0.039063
0.033112,0.00045776,0.037842
0.031128,0.00030518,0.042725
0.029297,-0.00076294,0.039063
0.027161,0.00045776,0.041504
0.026093,0.00015259,0.053711
0.02594,0.0013733,0.041504
0.024872,0.0022888,0.048828
0.024872,0.0042725,0.047607
0.023499,0.0039673,0.030518
0.022583,0.004425,0.047607
0.022736,0.005188,0.053711
0.023346,0.0056458,0.05249
0.023651,0.0059509,0.057373
0.024261,0.0061035,0.056152
0.023651,0.0053406,0.061035
0.024414,0.0036621,0.059814
0.024261,0.002594,0.064697
0.024719,0.0019836,0.059814
0.025635,0.00045776,0.065918
0.025482,0.0010681,0.062256
0.027771,0.00061035,0.065918
0.028839,0.0019836,0.063477
0.029144,-0.0032043,0.062256
0.030365,-0.0030518,0.065918
0.031891,-0.0028992,0.063477
0.032806,-0.0018311,0.079346
0.033264,-0.0027466,0.062256
0.034332,-0.0012207,0.057373
0.033569,-0.0016785,0.067139
0.032501,-0.0030518,0.062256
0.031281,-0.0022888,0.056152
0.030212,-0.0010681,0.054932
0.028687,0.00030518,0.05127
0.029755,0.0016785,0.053711
0.025482,0.0024414,0.050049
0.02533,0.0022888,0.05127
0.023651,0.0030518,0.045166
0.021973,0.0027466,0.045166
0.021362,0.0038147,0.048828
0.020447,0.0041199,0.046387
0.020294,0.0048828,0.05127
0.019989,0.0065613,0.045166
0.019226,0.0047302,0.042725
0.019836,0.0042725,0.039063
0.018463,0.0012207,0.030518
0.018158,0.0028992,0.039063
0.017242,0.0018311,0.040283
0.016327,0.00045776,0.037842
0.016022,-0.00076294,0.041504
0.015717,-0.0016785,0.039063
0.015259,-0.0035095,0.040283
0.015411,-0.0048828,0.036621
0.015106,-0.0050354,0.041504
0.016174,-0.0041199,0.037842
0.017548,-0.0053406,0.041504
0.017242,-0.0053406,0.046387
0.018158,-0.0056458,0.050049
0.0177,-0.0062561,0.046387
0.016785,-0.0064087,0.05249
0.016479,-0.0062561,0.057373
0.015564,-0.0059509,0.054932
0.016479,-0.0054932,0.067139
0.016327,-0.0053406,0.061035
0.016937,-0.005188,0.041504
0.017395,-0.005188,0.057373
0.017853,-0.0045776,0.062256
0.017853,-0.004425,0.061035
0.017853,-0.0045776,0.061035
0.01709,-0.0015259,0.058594
0.016022,-0.0013733,0.062256
0.014191,-0.002594,0.061035
0.011902,-0.0024414,0.064697
0.010071,-0.0041199,0.065918
0.0085449,-0.0045776,0.067139
0.007019,-0.005188,0.06958
0.0068665,-0.0039673,0.065918
0.0068665,-0.0021362,0.075684
0.007782,-0.00091553,0.062256
0.0086975,0.00015259,0.058594
0.0091553,0.00045776,0.056152
0.009613,-0.00015259,0.05127
0.0099182,0.00015259,0.054932
0.012054,0.00076294,0.05127
0.011292,0.0016785,0.048828
0.012207,0.0016785,0.048828
0.014038,0.0018311,0.046387
0.014038,0.0021362,0.046387
0.013428,0.0013733,0.045166
0.013733,0.0018311,0.042725
0.01358,0.0018311,0.041504
0.014191,0.0030518,0.042725
0.014954,0.004425,0.043945
0.016174,0.0045776,0.039063
0.017242,0.0041199,0.039063
0.016937,0.0035095,0.040283
0.018005,0.0024414,0.047607
0.0177,0.0016785,0.037842
0.017395,0.0019836,3.9624
0.018616,0.0018311,4.8474
0.017853,0.0027466,4.8926
0.01709,0.0036621,4.9109
0.018158,0.005188,4.9097
0.017395,0.0062561,4.9109
0.01709,0.0059509,4.9158
0.016174,0.0079346,4.9158
0.015411,0.0088501,4.9182
0.015411,0.010071,4.9231
0.014954,0.010071,4.9304
0.015106,0.0093079,4.9243
0.014496,0.0080872,4.928
0.015106,0.0074768,4.9292
0.014801,0.0085449,4.9329
0.015106,0.011292,4.9353
0.015411,0.012665,4.9341
0.015411,0.014191,4.9329
0.016479,0.015106,4.9329
0.0177,0.014496,4.9402
0.018158,0.015259,4.9341
0.018768,0.016632,4.9365
0.019226,0.018311,4.9304
0.021057,0.018616,4.9353
0.021667,0.019684,4.9365
0.022278,0.018921,4.9377
0.022736,0.018768,4.9329
0.023651,0.019684,4.9353
0.024261,0.019989,4.9304
0.025482,0.023346,4.9304
0.027008,0.020905,4.9268
0.028076,0.020447,4.928
0.027771,0.019989,4.9219
0.029297,0.018463,4.9255
0.029297,0.01709,4.9329
0.028381,0.016174,4.9219
0.023956,0.016785,4.9182
0.025482,0.0177,4.9194
0.023804,0.0177,4.8975
0.021057,0.018616,4.9109
0.018005,0.015564,4.9158
0.016327,0.014343,4.9146
0.015564,0.013428,4.9121
0.015411,0.012207,4.9097
0.018463,0.011292,4.9133
0.016022,0.009613,4.9084
0.016022,0.0091553,4.906
0.015717,0.0068665,4.9084
0.01709,0.0074768,4.9158
0.018616,0.0068665,4.9121
0.020905,0.007019,4.9121
0.023193,0.0080872,4.9133
0.022888,0.0094604,4.9133
0.024719,0.010376,4.9109
0.024872,0.011292,4.9194
0.02594,0.010681,4.9194
0.027466,0.0086975,4.9194
0.03006,0.0067139,4.9109
0.032043,0.0082397,4.9268
0.03418,0.0059509,4.9268
0.034485,0.0062561,4.9231
0.034637,0.0071716,4.9292
0.034027,0.0076294,4.9304
0.033264,0.0073242,4.9353
0.032654,0.0085449,4.9316
0.032196,0.0091553,4.9353
0.03067,0.009613,4.9304
0.030518,0.0090027,4.9329
0.028839,0.0079346,4.9304
0.022583,0.0071716,4.9353
0.028076,0.0061035,4.9426
0.028381,0.0048828,4.939
0.027161,0.0038147,4.9426
0.025482,0.0038147,4.9377
0.023346,0.0024414,4.9255
0.02121,0.0019836,4.9353
0.019226,0.0016785,4.9304
0.019226,0.00091553,4.9268
0.018005,0.00045776,4.9292
0.018158,-0.00061035,4.9255
0.019379,-0.0022888,4.9231
0.020294,-0.0030518,4.9182
0.024261,-0.005188,4.9219
0.02533,-0.0059509,4.9158
0.026398,-0.0086975,4.917
0.026398,-0.0073242,4.9182
0.025635,-0.0076294,4.9182
0.025177,-0.0082397,4.9146
0.022278,-0.0068665,4.9133
0.023804,-0.010376,4.9097
0.023041,-0.011444,4.9109
0.023651,-0.014954,4.9072
0.025024,-0.014038,4.9109
0.025787,-0.014801,4.9097
0.027618,-0.015411,4.906
0.027313,-0.01297,4.9109
0.026703,-0.016174,4.9072
0.025635,-0.016479,4.9084
0.023956,-0.016785,4.906
0.019073,-0.01709,4.9084
0.022736,-0.015564,4.9133
0.02121,-0.015106,4.9146
0.020905,-0.014648,4.9146
0.019989,-0.016022,4.9207
0.019531,-0.016174,4.9194
0.020294,-0.016632,4.9231
0.019989,-0.017242,4.9329
0.019684,-0.016327,4.9231
0.020142,-0.016022,4.9329
0.020142,-0.015411,0.063477
0.019684,-0.014648,0.042725
0.019073,-0.017548,0.05127
0.018616,-0.019684,0.062256
0.018768,-0.020905,0.059814
0.018311,-0.020905,0.061035
0.020447,-0.019989,0.057373
0.020905,-0.018921,0.065918
0.022888,-0.017395,0.064697
0.022888,-0.016174,0.067139
0.024414,-0.015564,0.063477
0.025482,-0.013733,0.06958
0.029297,-0.012207,0.067139
0.028229,-0.01297,0.064697
0.029602,-0.014038,0.073242
0.029907,-0.014648,0.063477
0.03006,-0.013428,0.059814
0.029144,-0.015717,0.058594
0.028381,-0.016022,0.053711
0.028839,-0.016327,0.05127
0.027618,-0.016022,0.048828
0.02655,-0.016785,0.047607
0.024261,-0.016174,0.048828
0.023499,-0.016174,0.045166
0.021973,-0.017395,0.042725
0.021515,-0.01709,0.045166
0.022125,-0.016022,0.043945
0.021973,-0.015106,0.039063
0.022125,-0.01358,0.041504
0.022888,-0.012207,0.040283
0.023651,-0.011597,0.041504
0.021362,-0.013123,0.039063
0.022583,-0.010986,0.041504
0.02121,-0.0094604,0.05249
0.02182,-0.0091553,0.041504
0.022278,-0.007019,0.05249
0.024872,-0.0047302,0.039063
0.026703,-0.0024414,0.031738
0.027161,-0.0042725,0.041504
0.026093,0.00091553,0.042725
0.025482,0.00045776,0.039063
0.023804,0.00030518,0.046387
0.025177,-0.00076294,0.048828
0.024261,-0.00030518,0.053711
0.025177,0.0018311,0.05249
0.026093,0.0016785,0.057373
0.024414,0.0021362,0.053711
0.023804,0.00091553,0.059814
0.023193,0.0016785,0.063477
0.023041,0.0027466,0.061035
0.021057,0.0047302,0.063477
0.019989,0.0065613,0.065918
0.019531,0.0074768,0.059814
0.018463,0.0068665,0.059814
0.01709,0.0054932,0.06958
0.016022,0.0030518,0.063477
0.016479,0.0015259,0.057373
0.016785,0.0019836,0.062256
0.019379,0.0033569,0.067139
0.021362,0.0056458,0.065918
0.022583,0.007782,0.068359
0.022888,0.0083923,0.062256
0.022583,0.0085449,0.067139
0.022583,0.0094604,0.056152
0.02243,0.010986,0.061035
0.022736,0.01297,0.057373
0.023041,0.014648,0.056152
0.022888,0.015411,0.05249
0.023041,0.015106,0.047607
0.022888,0.012512,0.065918
0.023193,0.013275,0.047607
0.023346,0.012512,0.050049
0.023499,0.013885,0.047607
0.024872,0.014496,0.028076
0.02533,0.014343,0.041504
0.02533,0.013885,0.040283
0.023956,0.013428,0.040283
0.021057,0.01236,0.039063
0.020447,0.012054,0.040283
0.019684,0.011902,0.041504
0.019226,0.012665,0.03418
0.019379,0.013123,0.040283
0.020447,0.013123,0.037842
0.019684,0.01297,0.043945
0.021362,0.012207,0.037842
0.020142,0.01236,0.041504
0.019684,0.010681,0.040283
0.018768,0.010681,0.040283
0.019073,0.009613,0.042725
0.018463,0.0086975,0.050049
0.018005,0.0068665,0.053711
0.017395,0.0074768,0.050049
0.016937,0.0073242,0.048828
0.017242,0.0067139,0.05127
0.017853,0.0065613,0.058594
0.018616,0.0068665,0.056152
0.019379,0.0059509,0.058594
0.019073,0.0061035,0.059814
0.018463,0.0047302,0.059814
0.016937,0.0032043,0.061035
0.015411,0.00030518,0.064697
0.014648,-0.00030518,0.056152
0.014038,-0.00061035,0.061035
0.014954,-0.00045776,0.058594
0.015717,-0.00045776,0.062256
0.018311,0.00045776,0.074463
0.018921,0.0015259,0.067139
0.020447,0.0028992,0.068359
0.020599,0.0015259,0.064697
0.02121,0.0027466,0.059814
0.02243,0.0028992,0.063477
0.022736,0.0036621,0.058594
0.022125,0.0057983,0.056152
0.020294,0.0056458,0.053711
0.018616,0.0042725,0.05249
0.018616,0.0036621,0.05127
0.022888,0.0030518,0.048828
0.02121,0.0028992,3.7451
0.021973,0.0048828,4.8364
0.021667,0.0056458,4.9097
0.02121,0.0048828,4.9158
0.021362,0.0030518,4.9194
0.021667,0.0010681,4.9109
0.019073,0.00015259,4.9158
0.021515,0,4.9207
0.021057,0.00091553,4.9133
0.020599,0.00030518,4.9194
0.020294,0.00045776,4.9097
0.019684,-0.00015259,4.8975
0.018616,-0.00030518,4.9097
0.017853,0.0021362,4.9109
0.020142,-0.00030518,4.9084
0.020905,-0.0015259,4.9084
0.022125,-0.0021362,4.9072
0.02182,-0.0038147,4.9109
0.019073,-0.0035095,4.9109
0.021362,-0.0041199,4.9146
0.022736,-0.0053406,4.9133
0.024567,-0.002594,4.9207
0.024261,-0.002594,4.9182
0.023651,-0.0010681,4.9255
0.021973,0.00015259,4.9377
0.020294,-0.00045776,4.9268
0.020142,-0.0019836,4.9304
0.018616,-0.0032043,4.9329
0.018311,-0.0041199,4.9243
0.018311,-0.0039673,4.9243
0.018158,-0.0024414,4.9292
0.018616,-0.0021362,4.9316
0.019226,-0.00076294,4.928
0.019989,-0.0039673,4.928
0.021667,-0.0048828,4.9353
0.022583,-0.0054932,4.9341
0.023193,-0.0057983,4.9353
0.024109,-0.0039673,4.9316
0.023346,-0.0019836,4.9365
0.02243,-0.0033569,4.9402
0.02121,-0.0030518,4.9329
0.021667,-0.004425,4.9316
0.021667,-0.0064087,4.9316
0.024109,-0.0079346,4.9353
0.023956,-0.0059509,4.9219
0.024414,-0.0028992,4.9353
0.025177,-0.00091553,4.9207
0.025024,0.00045776,4.9048
0.024109,-0.00061035,4.9194
0.023346,-0.0018311,4.9182
0.023499,-0.0022888,4.8987
0.02243,-0.0015259,4.9146
0.024109,0.00030518,4.9133
0.023956,0.0016785,4.9146
0.023041,0.0016785,4.9084
0.022125,0.0019836,4.9121
0.022888,-0.00076294,4.9072
0.023651,-0.0028992,4.9121
0.024567,0,4.9121
0.02533,-0.0028992,4.9133
0.026093,-0.0022888,4.9048
0.025635,-0.002594,4.9109
0.026855,-0.0013733,4.9109
0.025024,-0.0012207,4.906
0.024109,-0.0019836,4.9036
0.02594,-0.0024414,4.9146
0.022278,-0.0018311,4.8975
0.022583,-0.0013733,4.9133
0.022736,-0.00030518,4.9158
0.021973,0.00015259,4.9194
0.021515,-0.00015259,4.9194
0.021667,-0.0013733,4.9231
0.022278,0,4.9268
0.02243,-0.0016785,4.9292
0.022583,-0.00030518,4.9304
0.022278,0.00091553,4.9304
0.022278,0.0019836,4.9353
0.020752,0.0033569,4.9304
0.019531,0.0048828,4.9341
0.018463,0.0056458,4.9377
0.018158,0.0059509,4.9341
0.017853,0.0061035,4.9402
0.018616,0.0065613,4.9341
0.019379,0.0080872,4.9146
0.020142,0.0093079,4.9329
0.021667,0.010071,4.9377
0.020905,0.010681,4.9365
0.021973,0.010223,4.9341
0.019379,0.0099182,4.9341
0.023499,0.0097656,4.9353
0.023651,0.010071,4.9292
0.023041,0.010529,4.9316
0.02182,0.010529,4.9231
0.020294,0.010223,4.9207
0.018768,0.0083923,4.9231
0.018005,0.0061035,4.9231
0.018005,0.004425,4.9292
0.017395,0.0038147,4.9109
0.016479,0.0036621,4.9158
0.016174,0.0035095,4.9182
0.014954,0.0033569,4.9011
0.013885,0.0027466,4.9109
0.01358,0.0018311,4.9121
0.012665,0.0010681,4.9048
0.012512,0.00076294,4.9109
0.012054,0.002594,4.9072
0.012207,0.004425,4.9097
0.013123,0.0064087,4.9084
0.014801,0.0082397,4.9109
0.017242,0.0085449,0.043945
0.019684,0.0091553,0.040283
0.021515,0.0091553,0.040283
0.023651,0.0094604,0.043945
0.024109,0.011139,0.041504
0.024567,0.011597,0.043945
0.024567,0.01297,0.05127
0.024414,0.012665,0.047607
0.023956,0.012665,0.063477
0.024261,0.010529,0.05127
0.023956,0.012054,0.042725
0.023651,0.013885,0.058594
0.023193,0.01358,0.057373
0.023346,0.011292,0.058594
0.02243,0.010223,0.062256
0.022278,0.0076294,0.059814
0.021667,0.0053406,0.062256
0.019226,0.0038147,0.058594
0.016937,0.0019836,0.063477
0.01358,0.0016785,0.059814
0.010376,0.0012207,0.063477
0.007782,0.00045776,0.061035
0.0042725,-0.00030518,0.068359
0.0032043,-0.00076294,0.074463
0.0028992,-0.0015259,0.065918
0.0027466,-0.0015259,0.067139
0.0048828,-0.0018311,0.063477
0.0080872,-0.0021362,0.058594
0.011749,-0.0032043,0.059814
0.016174,-0.0047302,0.057373
0.019073,-0.0062561,0.054932
0.022278,-0.0064087,0.053711
0.024109,-0.0050354,0.05249
0.02594,-0.0028992,0.05127
0.02533,-0.00045776,0.046387
0.024872,0.00045776,0.05127
0.024261,0.0028992,0.043945
0.023193,0.0033569,0.050049
0.022125,0.0036621,0.047607
0.022736,0.0041199,0.047607
0.022583,0.0048828,0.041504
0.023956,0.0056458,0.043945
0.023499,0.0054932,0.05127
0.02243,0.0061035,0.041504
0.020905,0.0057983,0.05249
0.018616,0.0059509,0.040283
0.017395,0.0074768,0.029297
0.015259,0.0093079,0.036621
0.015106,0.010986,0.036621
0.014191,0.012054,0.039063
0.013123,0.012665,0.040283
0.012665,0.010834,0.039063
0.012512,0.0076294,0.043945
0.012817,0.0073242,0.043945
0.013733,0.0061035,0.047607
0.014038,0.0071716,0.043945
0.013885,0.0091553,0.054932
0.011749,0.010376,0.054932
0.010529,0.010986,0.057373
0.011292,0.0093079,0.068359
0.011292,0.0080872,0.059814
0.014343,0.0057983,0.059814
0.015259,0.0080872,0.062256
0.019684,0.012512,0.062256
0.025177,0.015717,0.061035
0.03006,0.021515,0.058594
0.034027,0.023041,0.059814
0.038605,0.022125,0.056152
0.040741,0.022583,0.058594
0.042419,0.018616,0.064697
0.042877,0.017242,0.061035
0.043488,0.015106,0.065918
0.039825,0.01236,0.064697
0.036316,0.0071716,0.067139
0.031433,0.0021362,0.063477
0.027313,-0.0030518,0.067139
0.022583,-0.0045776,0.062256
0.017548,-0.0030518,0.059814
0.011749,-0.0010681,0.064697
0.005188,-0.0035095,0.058594
0.0021362,-0.0068665,0.065918
-0.0012207,-0.014496,0.050049
-0.0036621,-0.02243,0.040283
-0.0045776,-0.03006,0.046387
-0.0038147,-0.033875,0.045166
-0.00076294,-0.034943,0.043945
0.0054932,-0.029144,0.043945
0.010834,-0.028992,0.041504
0.016785,-0.023804,0.041504
0.023499,-0.016632,0.041504
0.031433,-0.0071716,0.042725
0.037689,0.0033569,0.036621
0.044403,0.014038,0.040283
0.050812,0.020752,0.041504
0.056305,0.02243,0.043945
0.059204,0.019531,0.039063
0.059814,0.012665,0.039063
0.058441,0.0056458,0.039063
0.056,-0.0012207,0.037842
0.052795,-0.0030518,0.037842
0.04837,-0.0042725,0.043945
0.044403,-0.0050354,0.031738
0.039978,-0.0036621,0.041504
0.036774,-0.002594,0.048828
0.0354,-0.00015259,0.050049
0.035858,0.002594,0.05249
0.037994,0.0050354,0.05249
0.039673,0.0065613,0.058594
0.039368,0.007019,0.056152
0.036469,0.0038147,0.061035
0.032349,0.00091553,0.062256
0.026398,-0.0030518,0.061035
0.020142,-0.0067139,0.059814
0.015564,-0.0099182,0.062256
0.012665,-0.01236,0.072021
0.011749,-0.013733,0.059814
0.010986,-0.016174,0.064697
0.014496,-0.019531,0.53955
0.01709,-0.022736,4.6619
0.019379,-0.026398,4.9133
0.024567,-0.027771,4.9304
0.028381,-0.025635,4.9353
0.031891,-0.02243,4.9255
0.033417,-0.013885,4.9268
0.036926,-0.010834,4.9316
0.037537,-0.0059509,4.9255
0.037689,-0.0028992,4.9268
0.038452,0.0010681,4.9219
0.041962,0.0048828,4.9255
0.044861,0.0045776,4.9231
0.047455,0.0030518,4.9255
0.047913,-0.0016785,4.9207
0.042572,-0.009613,4.9207
0.039673,-0.016785,4.917
0.034485,-0.02121,4.9182
0.031586,-0.023499,4.917
0.028992,-0.022125,4.9109
0.025635,-0.019073,4.9011
0.02182,-0.014954,4.9133
0.020752,-0.011902,4.906
0.020447,-0.0082397,4.9084
0.018463,-0.005188,4.9097
0.017395,-0.00045776,4.9084
0.014496,0.007019,4.9072
0.012512,0.013275,4.9121
0.0097656,0.018616,4.9146
0.0068665,0.024109,4.9097
0.0053406,0.024719,4.9146
0.0050354,0.02655,4.9146
0.0068665,0.028992,4.9146
0.011597,0.029755,4.9255
0.014191,0.031281,4.9194
0.016022,0.029449,4.9243
0.018158,0.025024,4.9243
0.017548,0.018463,4.9158
0.019836,0.010834,4.928
0.020294,0.002594,4.9255
0.021973,-0.0041199,4.928
0.021515,-0.0068665,4.928
0.02182,-0.0085449,4.9158
0.023041,-0.0074768,4.9304
0.023651,-0.0085449,4.9292
0.026245,-0.0091553,4.9353
0.026398,-0.010071,4.9292
0.026245,-0.0091553,4.9329
0.025024,-0.0065613,4.9365
0.020905,-0.0036621,4.9341
0.016479,-0.00030518,4.9329
0.010529,0.0019836,4.939
0.0061035,0.0021362,4.9402
0.0021362,0.0019836,4.9365
0.00045776,0.0021362,4.9426
0.0015259,0.0036621,4.9341
0.0042725,0.0053406,4.9194
0.0085449,0.0071716,4.9255
0.01358,0.0083923,4.9219
0.01709,0.009613,4.9219
0.020599,0.0094604,4.9231
0.023193,0.0085449,4.9194
0.022736,0.007019,4.9194
0.024261,0.0080872,4.8987
0.023651,0.010376,4.9158
0.021973,0.01297,4.9121
0.019531,0.015717,4.9207
0.0177,0.016937,4.9133
0.016937,0.016632,4.9158
0.018005,0.014801,4.9231
0.020752,0.014801,4.906
0.023499,0.013428,4.9133
0.025635,0.012817,4.9121
0.026093,0.012054,4.8914
0.026398,0.0085449,4.9121
0.02594,0.0035095,4.9121
0.023956,-0.0030518,4.9097
0.021667,-0.0094604,4.9097
0.020294,-0.014343,4.906
0.0177,-0.0177,4.9097
0.015411,-0.020142,4.9097
0.013123,-0.019836,4.9182
0.011597,-0.019684,4.9158
0.010834,-0.019836,4.9231
0.012054,-0.020447,4.9219
0.014648,-0.018768,4.928
0.018921,-0.016327,4.9304
0.022888,-0.012665,4.928
0.02533,-0.0093079,4.9292
0.026855,-0.0079346,4.9341
0.029297,-0.007019,4.9341
0.031433,-0.0085449,4.9353
0.03479,-0.0079346,4.9243
0.037231,-0.0064087,4.928
0.039063,-0.0048828,4.9292
0.039673,-0.0024414,4.9341
0.039063,0.0012207,4.9353
0.03952,0.0036621,4.9329
0.03952,0.0050354,4.9365
0.040436,0.0065613,4.9329
0.041504,0.0080872,4.939
0.042572,0.0099182,4.9304
0.042877,0.012817,4.9329
0.041199,0.015564,4.9316
0.037537,0.017853,4.9329
0.035248,0.019684,4.9365
0.032349,0.021362,4.9268
0.029907,0.021973,4.9207
0.027924,0.022278,4.9219
0.024872,0.022888,4.9097
0.021057,0.02243,4.9194
0.018005,0.021057,0.045166
0.016479,0.017853,0.043945
0.015869,0.014038,0.043945
0.017853,0.009613,0.042725
0.017548,0.0061035,0.042725
0.0177,0.0041199,0.041504
0.017242,0.0033569,0.041504
0.015411,0.0045776,0.036621
0.01297,0.0053406,0.042725
0.010834,0.0056458,0.040283
0.010223,0.0050354,0.042725
0.0097656,0.0038147,0.040283
0.011292,0.0039673,0.041504
0.010071,0.0047302,0.041504
0.0091553,0.0053406,0.040283
0.0097656,0.0048828,0.047607
0.010223,0.0039673,0.043945
0.011749,0.0016785,0.0354
0.013275,-0.00045776,0.047607
0.014801,-0.0024414,0.05249
0.015564,-0.0039673,0.05127
0.017548,-0.0053406,0.054932
0.015564,-0.0059509,0.048828
0.014954,-0.0083923,0.057373
0.014801,-0.0074768,0.057373
0.01709,-0.0086975,0.062256
0.016327,-0.010376,0.059814
0.018005,-0.011292,0.064697
0.017853,-0.01358,0.062256
0.017853,-0.010986,0.063477
0.01709,-0.010071,0.076904
0.016632,-0.0082397,0.062256
0.018463,-0.0088501,0.059814
0.020905,-0.0056458,0.057373
0.025635,-0.0048828,0.05127
0.028839,-0.0030518,0.054932
0.029755,-0.0010681,0.065918
0.029602,0.00091553,0.065918
0.028381,0.0015259,0.062256
0.027924,0.0028992,0.059814
0.027618,0.0028992,0.061035
0.02655,0.0036621,0.054932
0.025635,0.0041199,0.054932
0.022125,0.004425,0.05127
0.019684,0.0047302,0.054932
0.016174,0.0038147,0.05127
0.014038,0.0036621,0.05127
0.015106,0.0012207,0.047607
0.018616,0,0.047607
0.020447,-0.0027466,0.05127
0.022125,-0.0056458,0.045166
0.023651,-0.0080872,0.048828
0.021515,-0.010071,0.040283
0.021057,-0.011597,0.026855
0.021362,-0.01236,0.037842
0.022583,-0.013275,0.036621
0.024261,-0.01297,0.03418
0.024261,-0.012512,0.039063
0.022583,-0.0082397,0.039063
0.019989,-0.0097656,0.039063
0.018463,-0.0076294,0.037842
0.018158,-0.0067139,0.041504
0.018768,-0.0056458,0.037842
0.023651,-0.0048828,0.042725
0.025787,-0.0041199,0.043945
0.026855,-0.0032043,0.045166
0.024719,-0.0035095,0.057373
0.022888,-0.0033569,0.05249
0.02121,-0.0033569,0.059814
0.019684,-0.0059509,0.056152
0.018005,-0.0027466,0.047607
0.018768,-0.0012207,0.058594
0.0177,0.00045776,0.058594
0.014801,0.00091553,0.057373
0.012512,0.0028992,0.062256
0.011597,0.0030518,0.059814
0.013275,0.0038147,0.057373
0.016174,0.0071716,0.059814
0.019073,0.0067139,0.061035
0.020447,0.009613,0.059814
0.022278,0.011139,0.065918
0.017395,0.011292,0.068359
0.014648,0.010529,0.067139
0.01236,0.0090027,0.067139
0.010529,0.0086975,0.067139
0.012054,0.0061035,0.073242
0.01297,0.0054932,0.063477
0.01236,0.0041199,0.068359
0.012207,0.0032043,0.057373
0.011139,0.0013733,0.05249
0.013123,-0.00061035,0.053711
0.015869,-0.0021362,0.05249
0.02243,-0.0032043,0.050049
0.02655,-0.0045776,0.05127
0.029907,-0.0061035,0.043945
0.031891,-0.0086975,0.050049
0.030975,-0.0097656,0.042725
0.030823,-0.010681,0.045166
0.031738,-0.0099182,0.041504
0.031586,-0.0094604,0.045166
0.033569,-0.0085449,0.040283
0.034943,-0.0083923,0.041504
0.034027,-0.0090027,0.046387
0.031281,-0.0086975,0.040283
0.029755,-0.0076294,0.037842
0.028381,-0.0045776,0.039063
0.029297,-0.00076294,0.023193
0.029755,0.0027466,0.03418
0.030365,0.0033569,0.032959
0.029297,0.004425,0.040283
0.026703,0.0032043,0.039063
0.023041,0.0071716,0.039063
0.020142,0.0097656,0.063477
0.018921,0.011292,0.043945
0.019073,0.012207,0.050049
0.018768,0.012054,0.046387
0.018158,0.010986,3.7659
0.017548,0.0094604,4.8511
0.014038,0.0091553,4.9146
0.013123,0.0093079,4.9243
0.014343,0.010376,4.9304
0.016479,0.0099182,4.9353
0.021515,0.0086975,4.9341
0.021057,0.0065613,4.9451
0.02182,0.0041199,4.9341
0.020599,0.0045776,4.9219
0.019226,0.004425,4.9316
0.018005,0.0039673,4.9304
0.018616,0.004425,4.9304
0.018768,0.0033569,4.9194
0.019226,0.0012207,4.9316
0.019073,0.00030518,4.9365
0.017853,0.00076294,4.9316
0.015717,0.002594,4.9353
0.014648,0.0038147,4.9243
0.015106,0.005188,4.9341
0.016632,0.0047302,4.9292
0.018921,0.0038147,4.9292
0.020752,0.0028992,4.9268
0.019073,0.0032043,4.9231
0.017395,0.0030518,4.9231
0.015411,0.0033569,4.9219
0.014343,0.0038147,4.9207
0.013733,0.0042725,4.9207
0.014801,0.0050354,4.9133
0.016479,0.0054932,4.9158
0.0177,0.0067139,4.9146
0.018158,0.0088501,4.9121
0.018005,0.011749,4.9109
0.02121,0.014343,4.9084
0.02533,0.014648,4.9158
0.029602,0.015717,4.9036
0.031738,0.013885,4.9097
0.033569,0.012817,4.9109
0.03418,0.012054,4.9133
0.033722,0.011749,4.9097
0.033112,0.012512,4.9146
0.033569,0.010986,4.9243
0.034943,0.0099182,4.9109
0.035095,0.0074768,4.9194
0.035553,0.0048828,4.917
0.034332,0.0035095,4.8877
0.032806,0.0016785,4.9207
0.031891,0.00091553,4.9194
0.031433,0.0013733,4.9231
0.032196,0.0010681,4.9158
0.034637,-0.00030518,4.9231
0.036316,-0.0019836,4.9329
0.037231,-0.0033569,4.9292
0.037384,-0.0036621,4.9329
0.0354,-0.0019836,4.9268
0.034027,0.00076294,4.9255
0.033112,0.0015259,4.9341
0.034637,0.0039673,4.9341
0.0354,0.0038147,4.9402
0.035858,0.0030518,4.9329
0.036011,0.0032043,4.9304
0.034027,0.0036621,4.9402
0.032654,0.0053406,4.9475
0.032043,0.0076294,4.9365
0.032959,0.0076294,4.9451
0.033722,0.0061035,4.9341
0.034027,0.0036621,4.9304
0.032196,0.0018311,4.9292
0.030365,0.0019836,4.9316
0.025787,0.002594,4.9243
0.024261,0.0038147,4.9268
0.023193,0.0047302,4.9207
0.019684,0.0036621,4.9255
0.023804,0.0024414,4.9182
0.023804,0.00061035,4.9194
0.023346,0.00045776,4.9182
0.021515,0.0012207,4.9194
0.019989,0.0036621,4.9194
0.020142,0.005188,4.9097
0.020905,0.0053406,4.9194
0.022278,0.0038147,4.9109
0.023193,0.0015259,4.8999
0.022736,0.00061035,4.9109
0.020294,0.00076294,4.9121
0.019684,0.0028992,4.9097
0.018311,0.0056458,4.9109
0.018921,0.0067139,4.9084
0.019836,0.0074768,4.9097
0.021515,0.0061035,4.9097
0.021515,0.0041199,4.9158
0.021362,0.0054932,4.9109
0.022736,0.0045776,4.9158
0.019073,0.0059509,4.917
0.020142,0.0067139,4.9194
0.021973,0.0047302,4.9207
0.024109,0.0036621,4.9231
0.02594,0.0010681,4.9243
0.02533,-0.00030518,4.9243
0.024261,-0.00015259,4.9316
0.022125,0.0012207,4.9292
0.021667,0.0024414,4.9304
0.025177,0.0032043,4.9292
0.02533,0.0024414,4.9316
0.026703,0.00015259,4.9304
0.027008,-0.00061035,4.9304
0.02594,0.00076294,4.9304
0.023956,0.00076294,4.9365
0.024109,0.0035095,4.9316
0.024719,0.0047302,4.9353
0.028992,0.0045776,4.9341
0.027924,0.0032043,4.9377
0.027618,0.0012207,0.064697
0.026245,0.00061035,0.067139
0.024567,0.0018311,0.079346
0.023499,0.004425,0.058594
0.023956,0.0059509,0.061035
0.027008,0.0064087,0.058594
0.026245,0.0062561,0.032959
0.026093,0.0047302,0.053711
0.024261,0.002594,0.046387
0.02243,0.0015259,0.047607
0.020752,0.0024414,0.05127
0.019379,0.0041199,0.043945
0.019836,0.0042725,0.048828
0.020447,0.005188,0.042725
0.022583,0.0018311,0.046387
0.02182,-0.0012207,0.041504
0.020142,-0.0028992,0.046387
0.015869,-0.0027466,0.041504
0.015106,-0.00091553,0.041504
0.014801,0.00045776,0.041504
0.015869,0.0016785,0.041504
0.016327,-0.0015259,0.039063
0.016327,-0.0041199,0.041504
0.015717,-0.0056458,0.032959
0.015259,-0.0041199,0.039063
0.013885,-0.0045776,0.054932
0.013885,-0.002594,0.039063
0.014496,-0.0038147,0.039063
0.016327,-0.0056458,0.041504
0.016785,-0.0094604,0.043945
0.016022,-0.011139,0.042725
0.014801,-0.015106,0.05127
0.014496,-0.0086975,0.048828
0.014038,-0.0045776,0.056152
0.015717,-0.002594,0.056152
0.017548,-0.0022888,0.058594
0.021515,-0.0028992,0.057373
0.022888,-0.0032043,0.062256
0.024261,-0.0018311,0.065918
0.024414,0,0.063477
0.024414,0.0024414,0.065918
0.025024,0.0033569,0.062256
0.026703,0.0039673,0.05127
0.028229,0.0022888,0.062256
0.029144,-0.00015259,0.063477
0.028992,-0.002594,0.061035
0.028076,-0.0036621,0.064697
0.02594,-0.00091553,0.063477
0.025787,0.0012207,0.065918
0.026245,0.0036621,0.064697
0.027466,0.0035095,0.067139
0.026245,0.0021362,0.048828
0.024872,-0.00061035,0.061035
0.023651,-0.00061035,0.059814
0.020905,-0.00015259,0.057373
0.019989,0.00091553,0.054932
0.019073,0.0016785,0.050049
0.0177,-0.00015259,0.053711
0.020599,0,0.050049
0.021057,-0.0021362,0.048828
0.021362,-0.0038147,0.043945
0.022736,-0.0035095,0.042725
0.020447,-0.0041199,0.041504
0.020599,-0.0033569,0.041504
0.021362,-0.002594,0.041504
0.023041,-0.0028992,0.040283
0.024109,-0.0045776,0.037842
0.024414,-0.0061035,0.041504
0.023041,-0.0062561,0.037842
0.022736,-0.0064087,0.039063
0.021362,-0.0045776,0.037842
0.020599,-0.0035095,0.043945
0.023193,-0.0036621,0.0354
0.019684,-0.0045776,0.0354
0.019531,-0.005188,0.053711
0.019531,-0.0053406,0.043945
0.019379,-0.0047302,0.050049
0.017395,-0.0032043,0.043945
0.017242,-0.0016785,0.030518
0.017395,-0.00076294,0.047607
0.019073,0.0010681,0.050049
0.019989,0.00045776,0.05249
0.020905,-0.00045776,0.053711
0.020447,0.00091553,0.053711
0.019684,-0.00045776,0.059814
0.018616,0.0015259,0.062256
0.018311,0.0021362,0.061035
0.019684,0.0016785,0.056152
0.021057,-0.00030518,0.064697
0.02182,-0.0024414,0.062256
0.021515,-0.0041199,0.061035
0.021057,-0.004425,0.068359
0.019226,-0.0024414,0.064697
0.019989,-0.00061035,0.063477
0.021057,-0.00076294,0.067139
0.022125,-0.0012207,0.076904
0.021515,-0.0030518,0.063477
0.020905,-0.005188,0.065918
0.020142,-0.0048828,0.062256
0.019684,-0.004425,0.062256
0.019379,-0.0030518,0.053711
0.019836,-0.0022888,0.057373
0.020294,-0.0035095,0.05249
0.020905,-0.0062561,0.05249
0.021057,-0.0073242,0.042725
0.020447,-0.0086975,0.05249
0.021362,-0.0071716,0.042725
0.021057,-0.0045776,0.050049
0.02182,-0.0027466,0.043945
0.022125,-0.0019836,0.045166
0.025482,-0.0016785,0.05249
0.027161,-0.0021362,0.041504
0.028534,-0.0018311,0.045166
0.028076,-0.00015259,0.039063
0.029602,0.0016785,0.028076
0.028229,0.0041199,0.036621
0.028076,0.0057983,3.1848
0.027466,0.0045776,4.8022
0.027313,0.0033569,4.8999
0.027008,0.0016785,4.906
0.026855,0.0012207,4.8999
0.026398,0.0019836,4.9072
0.024872,0.0039673,4.9146
0.023804,0.0053406,4.9109
0.023651,0.0057983,4.917
0.024414,0.0053406,4.9158
0.02533,0.0047302,4.9194
0.025177,0.004425,4.9219
0.024109,0.0065613,4.9231
0.024414,0.0093079,4.9243
0.024109,0.010681,4.9268
0.023804,0.011749,4.939
0.024109,0.0097656,4.9329
0.023193,0.007019,4.9146
0.02243,0.0036621,4.9304
0.020447,0.00061035,4.9292
0.019684,0.00015259,4.9255
0.017242,-0.00015259,4.9329
0.01709,0,4.9292
0.015717,-0.0012207,4.9353
0.014496,-0.0032043,4.9329
0.013275,-0.0056458,4.9353
0.01297,-0.0074768,4.928
0.012817,-0.0064087,4.9377
0.01358,-0.0045776,4.9316
0.013733,-0.002594,4.9353
0.013885,-0.0021362,4.9463
0.014801,-0.0024414,4.9341
0.016327,-0.0041199,4.9268
0.018311,-0.0038147,4.9292
0.019989,-0.0038147,4.9146
0.022278,-0.0019836,4.9207
0.022736,-0.00030518,4.9194
0.023346,0.0012207,4.9207
0.023041,0.00076294,4.9207
0.023804,-0.00076294,4.9121
0.024414,-0.00091553,4.917
0.025024,-0.0010681,4.9097
0.025787,0.0012207,4.9036
0.025024,0.002594,4.9072
0.026703,0.0045776,4.9133
0.026855,0.005188,4.9109
0.027008,0.004425,4.9133
0.027161,0.0039673,4.9109
0.024872,0.0030518,4.9146
0.02655,0.0039673,4.9194
0.022278,0.0061035,4.9133
0.019684,0.0079346,4.9194
0.015717,0.0073242,4.9121
0.018158,0.0093079,4.9036
0.018616,0.010223,4.9146
0.018768,0.010834,4.9121
0.021973,0.011749,4.9109
0.022125,0.014191,4.9158
0.023956,0.015564,4.9182
0.025787,0.020142,4.9207
0.028229,0.017853,4.9207
0.03006,0.018005,4.9292
0.03067,0.017242,4.9268
0.029907,0.015411,4.9353
0.028687,0.013123,4.9304
0.025787,0.010071,4.9341
0.024414,0.0079346,4.9414
0.023193,0.0045776,4.9329
0.021515,0.0032043,4.917
0.020142,0.00091553,4.9316
0.018158,-0.00045776,4.9353
0.017395,0.0016785,4.9329
0.0177,-0.00091553,4.9316
0.017548,-0.0013733,4.9329
0.015717,-0.0038147,4.9377
0.015411,-0.0080872,4.9353
0.011444,-0.012054,4.9365
0.0086975,-0.015564,4.9304
0.0071716,-0.015717,4.9365
0.0068665,-0.016937,4.9304
0.0057983,-0.016327,4.9292
0.0062561,-0.015564,4.9243
0.0082397,-0.014343,4.928
0.0090027,-0.01297,4.9231
0.010834,-0.0091553,4.917
0.015564,-0.0057983,4.9353
0.023346,0.0013733,4.9194
0.030823,0.0067139,4.9255
0.03891,0.011597,4.9182
0.046692,0.014038,4.906
0.050507,0.014343,4.9121
0.052032,0.013123,4.9158
0.052185,0.010376,4.9146
0.052643,0.0091553,4.9097
0.046844,0.0079346,4.9084
0.041962,0.0059509,4.9146
0.036011,0.002594,4.9109
0.029297,0.00045776,4.9097
0.025177,-0.0018311,4.9072
0.020294,-0.0021362,4.9133
0.0177,-0.00045776,4.9097
0.0177,0.0027466,4.9146
0.018768,0.0057983,4.9255
0.021515,0.0088501,4.9158
0.022278,0.0099182,4.9158
0.023193,0.0083923,4.9207
0.02243,0.0064087,4.9097
0.021362,0.0035095,4.9219
0.019989,0.00091553,4.9097
0.019531,-0.0019836,4.9219
0.018616,-0.0042725,0.056152
0.020447,-0.0067139,0.059814
0.018005,-0.0079346,0.063477
0.018463,-0.0079346,0.059814
0.020142,-0.0062561,0.063477
0.022736,-0.0065613,0.058594
0.02655,-0.0041199,0.063477
0.030212,-0.0018311,0.063477
0.032043,-0.00076294,0.063477
0.034027,-0.00030518,0.063477
0.032196,0.0010681,0.067139
0.032501,0.0018311,0.067139
0.031281,0.0021362,0.065918
0.028076,0.0057983,0.080566
0.024872,0.0027466,0.064697
0.02182,0.0021362,0.053711
0.018768,0.00091553,0.058594
0.016632,0.00045776,0.061035
0.015411,0.00030518,0.053711
0.015411,0.00030518,0.058594
0.014954,0,0.05249
0.017853,-0.0019836,0.05127
0.018463,-0.0033569,0.05127
0.017853,-0.0047302,0.05127
0.014954,-0.0036621,0.046387
0.014496,-0.0024414,0.046387
0.012665,-0.00061035,0.048828
0.0099182,0.00045776,0.046387
0.0079346,0.0019836,0.040283
0.0045776,0.0041199,0.041504
0.0047302,0.0061035,0.043945
0.0047302,0.011139,0.039063
0.007019,0.0080872,0.029297
0.010681,0.0082397,0.040283
0.015411,0.0083923,0.037842
0.019989,0.0074768,0.047607
0.024567,0.0061035,0.041504
0.027618,0.0047302,0.039063
0.027771,0.0032043,0.039063
0.026398,0.0016785,0.040283
0.024261,0.00091553,0.045166
0.021515,0.0010681,0.039063
0.019226,0.0030518,0.045166
0.0177,0.0016785,0.047607
0.016632,0.0030518,0.05127
0.016937,0.0030518,0.050049
0.01709,0.002594,0.054932
0.019989,0.0019836,0.057373
0.021667,0.0016785,0.059814
0.023651,0.0018311,0.068359
0.025482,0.0018311,0.058594
0.025787,0.0018311,0.045166
0.025177,0.0018311,0.058594
0.023804,0.0010681,0.064697
0.020905,0.00045776,0.059814
0.019073,0.00076294,0.061035
0.017395,0.0013733,0.057373
0.016174,0.0016785,0.063477
0.013733,0.0047302,0.064697
0.013885,0.0059509,0.065918
0.015717,0.0071716,0.064697
0.0177,0.0080872,0.072021
0.020599,0.0083923,0.063477
0.024261,0.0079346,0.067139
0.028534,0.0074768,0.078125
0.030823,0.0073242,0.062256
0.031891,0.0068665,0.054932
0.030975,0.0067139,0.056152
0.029755,0.0074768,0.042725
0.028076,0.0080872,0.05127
0.027313,0.010223,0.047607
0.02533,0.011292,0.047607
0.024261,0.012207,0.047607
0.02243,0.012207,0.045166
0.021973,0.010681,0.047607
0.020599,0.0093079,0.040283
0.020142,0.0090027,0.041504
0.019836,0.0047302,0.037842
0.019073,0.0013733,0.039063
0.017395,-0.0019836,0.040283
0.015564,-0.0071716,0.040283
0.012207,-0.011444,0.039063
0.0091553,-0.015717,0.042725
0.0057983,-0.018921,0.047607
0.0032043,-0.019989,0.042725
0.0024414,-0.019684,0.05249
0.0028992,-0.019073,0.037842
0.004425,-0.017548,0.031738
0.0079346,-0.016632,0.040283
0.011292,-0.014343,0.042725
0.015869,-0.011902,0.041504
0.020294,-0.0086975,0.046387
0.024719,-0.0062561,0.045166
0.028687,-0.0048828,0.05127
0.031738,-0.0062561,0.053711
0.033417,-0.0048828,0.058594
0.033264,-0.0048828,0.054932
0.032654,-0.0042725,0.062256
0.032349,-0.0024414,0.061035
0.031891,-0.00045776,0.061035
0.033264,0.0022888,0.070801
0.03418,0.0045776,0.062256
0.0354,0.0067139,0.059814
0.036469,0.0088501,0.063477
0.036469,0.010376,0.068359
0.037079,0.011902,0.061035
0.035248,0.013123,0.062256
0.036316,0.013733,0.063477
0.035095,0.011597,0.065918
0.033569,0.013885,0.063477
0.031433,0.013885,0.064697
0.028992,0.013428,0.059814
0.025635,0.013275,0.063477
0.022888,0.010223,0.056152
0.022278,0.013123,0.057373
0.021667,0.01297,0.057373
0.021057,0.011444,0.056152
0.019989,0.009613,3.6072
0.018921,0.0079346,4.8438
0.017242,0.0067139,4.9231
0.017853,0.0054932,4.9158
0.016327,0.0041199,4.9231
0.016022,0.0039673,4.917
0.015106,0.0013733,4.8987
0.013428,0.0015259,4.9109
0.012665,0.00061035,4.9121
0.011902,-0.00015259,4.9109
0.011444,0.00045776,4.9109
0.010834,0.0010681,4.9084
0.011444,0.0019836,4.9109
0.012207,0.0019836,4.9072
0.013123,-0.00091553,4.9072
0.014191,-0.00045776,4.9072
0.015564,-0.0018311,4.9146
0.015564,-0.0021362,4.9084
0.016632,-0.0024414,4.9133
0.018463,-0.002594,4.9158
0.018005,-0.0021362,4.9133
0.018158,-0.0035095,4.9097
0.016937,-0.0033569,4.9194
0.016327,-0.0035095,4.9194
0.015411,-0.0032043,4.9219
0.014191,-0.0010681,4.9231
0.013885,-0.00030518,4.9194
0.015411,-0.00030518,4.9255
0.015564,0.00091553,4.9255
0.01709,0.00015259,4.9304
0.018616,-0.00076294,4.9304
0.021667,-0.0010681,4.9304
0.022736,-0.00015259,4.9243
0.024109,-0.00091553,4.9341
0.024414,-0.0013733,4.9304
0.024109,-0.0024414,4.9329
0.024872,-0.0045776,4.9292
0.020905,-0.0061035,4.9329
0.020752,-0.007019,4.9426
0.019989,-0.0071716,4.9365
0.019836,-0.0064087,4.939
0.018768,-0.0048828,4.9329
0.020447,-0.004425,4.9194
0.023041,-0.0036621,4.9329
0.024261,-0.0042725,4.9329
0.028076,-0.0036621,4.9243
0.031433,-0.0038147,4.928
0.033569,-0.0032043,4.9219
0.034637,-0.0030518,4.9207
0.033569,-0.0028992,4.9158
0.033417,-0.0036621,4.9219
0.03418,0.00030518,4.9182
0.032349,-0.0028992,4.9146
0.031738,-0.0015259,4.917
0.031433,-0.00030518,4.917
0.033722,0.0010681,4.9109
0.031738,0.0016785,4.9219
0.034332,0.0019836,4.9158
0.035095,0.00030518,4.9146
0.035095,0.0024414,4.9133
0.03418,0.0024414,4.9097
0.032806,0.0018311,4.9011
0.030212,0.0015259,4.9084
0.028534,0.00030518,4.9133
0.026245,-0.0015259,4.9072
0.023804,-0.0012207,4.9097
0.022888,-0.0019836,4.9036
0.02121,-0.00076294,4.9084
0.021667,-0.00030518,4.9109
0.02121,0.00091553,4.9182
0.020905,0.00061035,4.917
0.019684,0.00045776,4.9194
0.018921,-0.00030518,4.9036
0.0177,-0.00091553,4.9231
0.017395,-0.00030518,4.9377
0.016479,-0.00030518,4.9255
0.016174,0,4.9329
0.014496,0.00015259,4.9316
0.012054,-0.00091553,4.9182
0.010834,-0.0015259,4.9329
0.010681,-0.0022888,4.928
0.011292,-0.0033569,4.9304
0.010376,-0.0033569,4.928
0.011444,-0.0032043,4.928
0.013733,-0.002594,4.9377
0.014038,-0.0024414,4.9353
0.016174,-0.0032043,4.9365
0.017548,-0.0039673,4.9292
0.018005,-0.0064087,4.9377
0.021667,-0.0047302,4.9329
0.022888,-0.0039673,4.9341
0.025024,-0.0038147,4.9377
0.026093,-0.0056458,4.9304
0.025024,-0.0056458,4.9292
0.02594,-0.0085449,4.9304
0.025787,-0.0082397,4.9304
0.027466,-0.0085449,4.9182
0.027924,-0.0080872,4.9133
0.027618,-0.0079346,4.917
0.028076,-0.007782,4.9194
0.02594,-0.010529,4.9194
0.026398,-0.0099182,4.9158
0.025635,-0.0093079,4.9109
0.025024,-0.0088501,4.9109
0.026398,-0.0071716,4.906
0.025482,-0.0050354,4.9133
0.026398,-0.0032043,4.917
0.025787,-0.0010681,4.9121
0.027466,0.00076294,4.9097
0.028534,0.0028992,4.9133
0.030823,0.0079346,0.05127
0.032959,0.0054932,0.039063
0.034637,0.0062561,0.050049
0.034943,0.0064087,0.039063
0.03418,0.007782,0.030518
0.032806,0.0054932,0.040283
0.032196,0.0053406,0.043945
0.031128,0.004425,0.039063
0.029449,0.0033569,0.048828
0.028229,0.0024414,0.05127
0.026398,0.0019836,0.056152
0.024872,0.0022888,0.05127
0.023651,0.0022888,0.058594
0.021362,0.0019836,0.05127
0.018616,0.00091553,0.061035
0.017395,-0.00076294,0.063477
0.014343,-0.0035095,0.063477
0.011902,-0.0053406,0.065918
0.0091553,-0.0064087,0.064697
0.0065613,-0.0062561,0.063477
0.0050354,-0.0067139,0.059814
0.0033569,-0.0064087,0.072021
0.0030518,-0.0061035,0.063477
0.0027466,-0.0053406,0.070801
0.0047302,-0.004425,0.062256
0.0071716,-0.0041199,0.064697
0.010223,-0.002594,0.063477
0.01297,-0.0019836,0.064697
0.015411,-0.0013733,0.058594
0.017242,-0.00076294,0.065918
0.019226,0.00091553,0.053711
0.020294,0.0019836,0.057373
0.022736,0.0045776,0.053711
0.024109,0.0062561,0.056152
0.024567,0.007782,0.047607
0.024719,0.0079346,0.05127
0.025024,0.0086975,0.061035
0.024567,0.0090027,0.046387
0.025024,0.0094604,0.05127
0.026093,0.010071,0.046387
0.028229,0.0088501,0.030518
0.029297,0.0074768,0.040283
0.028839,0.0045776,0.043945
0.027924,0.0022888,0.040283
0.027008,0.0010681,0.039063
0.025787,0.00030518,0.037842
0.025482,-0.00076294,0.040283
0.025177,-0.0010681,0.039063
0.024872,-0.002594,0.040283
0.022888,-0.0033569,0.0354
0.022583,-0.0047302,0.039063
0.021667,-0.0039673,0.037842
0.022736,-0.002594,0.045166
0.024414,-0.00091553,0.046387
0.027161,0.00061035,0.046387
0.03006,0.002594,0.046387
0.033417,0.0019836,0.050049
0.034943,0.0032043,0.05249
0.036011,0.002594,0.053711
0.036316,0.0033569,0.053711
0.038147,0.0041199,0.057373
0.037842,0.0047302,0.057373
0.037384,0.0053406,0.057373
0.0354,0.0053406,0.061035
0.03479,0.0054932,0.059814
0.032806,0.0061035,0.062256
0.031738,0.0064087,0.059814
0.030212,0.0085449,0.053711
0.029144,0.0083923,0.058594
0.029602,0.0097656,0.062256
0.028992,0.0088501,0.064697
0.027924,0.0067139,0.067139
0.027924,0.0048828,0.076904
0.025787,0.0041199,0.065918
0.023041,0.0028992,0.068359
0.019836,0.0027466,0.065918
0.017242,0.0027466,0.05249
0.015717,0.0027466,0.061035
0.012665,-0.00091553,0.056152
0.011902,0.0021362,0.050049
0.0094604,0.0018311,0.054932
0.0082397,0.0016785,0.045166
0.0050354,0.0018311,0.05127
0.007782,0.0012207,0.045166
0.0097656,0.0010681,0.050049
0.011292,0.0010681,0.037842
0.011597,0,0.047607
0.01236,0,0.048828
0.012817,-0.00061035,0.043945
0.014801,-0.0018311,0.036621
0.016632,-0.00091553,0.041504
0.017853,0.0015259,0.046387
0.018921,0.0036621,0.037842
0.019379,0.0061035,0.050049
0.019379,0.0062561,0.037842
0.019531,0.004425,0.032959
0.020447,0.0028992,0.037842
0.020905,0.0019836,0.041504
0.02243,0.002594,0.039063
0.023651,0.0038147,0.039063
0.023651,0.0053406,0.0354
0.023193,0.0050354,0.043945
0.02243,0.004425,0.042725
0.020447,0.0032043,0.048828
0.019836,0.00045776,0.046387
0.019531,0.0019836,0.057373
0.018921,0.0035095,0.054932
0.018921,0.0041199,0.057373
0.018158,0.0039673,0.074463
0.018158,0.0027466,0.059814
0.018158,0.0013733,0.063477
0.019989,-0.00061035,0.058594
0.02121,0.00015259,0.059814
0.022583,0.0010681,0.059814
0.02533,0.0021362,0.059814
0.02533,0.002594,0.061035
0.026245,0.002594,0.062256
0.025177,0.002594,4.0662
0.025787,0.0022888,4.8792
0.026855,0.0015259,4.928
0.028076,0.0016785,4.9365
0.028839,0.0032043,4.9292
0.03067,0.0032043,4.9414
0.030823,0.0053406,4.9329
0.030823,0.0038147,4.9329
0.03067,0.0042725,4.9304
0.028534,0.0059509,4.9316
0.029297,0.0074768,4.9353
0.025787,0.0082397,4.9255
0.023193,0.0085449,4.9329
0.020142,0.0080872,4.9194
0.016632,0.0056458,4.906
0.01358,0.0039673,4.917
0.010986,-0.0010681,4.9194
0.0097656,0.00091553,4.9121
0.0099182,0.00015259,4.9146
0.0086975,0.00030518,4.9133
0.0085449,-0.00015259,4.9146
0.0065613,-0.0016785,4.906
0.0074768,-0.0019836,4.9133
0.0059509,-0.0030518,4.9084
0.007782,0.0013733,4.9133
0.0074768,-0.0021362,4.9109
0.0097656,-0.0012207,4.9133
0.011292,-0.00045776,4.9121
0.012207,0.00061035,4.9121
0.014191,-0.00015259,4.9072
0.017242,-0.00015259,4.9048
0.019684,0.00076294,4.9133
0.021973,0.0010681,4.9146
0.024567,0.002594,4.9146
0.025177,0.0035095,4.917
0.02655,0.00091553,4.9158
0.028076,0.0035095,4.9084
0.023651,0.0038147,4.9194
0.023804,0.0035095,4.9231
0.023804,0.0042725,4.9292
0.023804,0.0045776,4.9292
0.023956,0.0041199,4.9316
0.023804,0.004425,4.9329
0.023041,0.0039673,4.9341
0.022125,0.0030518,4.9292
0.02243,0.0030518,4.9329
0.020447,0.0024414,4.9365
0.020752,0.0018311,4.9329
0.019684,0.0027466,4.9377
0.019226,0.0030518,4.9365
0.018158,0.0032043,4.917
0.019226,0.0033569,4.9365
0.017853,0.0038147,4.9329
0.019684,0.0041199,4.9353
0.019226,0.0028992,4.9341
0.022736,0.0032043,4.9292
0.023651,0.0027466,4.9304
0.024261,0.0024414,4.9158
0.024414,-0.0038147,4.9268
0.024261,0,4.9194
0.023193,-0.00091553,4.9207
0.023651,-0.0016785,4.9158
0.023499,-0.0012207,4.9231
0.023346,-0.0015259,4.9219
0.021973,-0.00076294,4.9194
0.020599,-0.00076294,4.9133
0.020294,-0.00091553,4.9146
0.019531,-0.00045776,4.906
0.019226,-0.00061035,4.8999
0.018921,-0.0010681,4.9133
0.020294,-0.0012207,4.9133
0.020294,-0.0016785,4.9097
0.019073,-0.0010681,4.9072
0.019226,-0.0016785,4.906
0.018921,-0.0013733,4.9072
0.018616,-0.00076294,4.9097
0.019073,-0.00061035,4.906
0.018311,-0.0021362,4.9133
0.018616,-0.0012207,4.9109
0.018005,-0.00015259,4.9207
0.016937,0.00045776,4.9133
0.016327,0.0012207,4.917
0.016937,0.0010681,4.9243
0.017548,0.00091553,4.9231
0.018311,0.0010681,4.9341
0.018158,0.0013733,4.9255
0.018158,0.0013733,4.917
0.018005,-0.0016785,4.9255
0.018005,0.00091553,4.9304
0.017242,-0.00045776,4.9304
0.017395,-0.00061035,4.928
0.0177,-0.0013733,4.9292
0.018005,-0.0027466,4.9304
0.017853,-0.002594,4.9292
0.017548,-0.0035095,4.9316
0.018158,-0.0038147,4.928
0.019684,-0.0042725,4.9329
0.020599,-0.004425,4.9353
0.021667,-0.0045776,4.9377
0.023346,-0.0035095,4.9402
0.02121,-0.0045776,4.9426
0.023499,-0.0030518,4.9353
0.02243,-0.0024414,4.9341
0.02243,-0.0018311,4.9353
0.02182,-0.0019836,4.928
0.022125,-0.0019836,4.9255
0.021667,-0.0013733,4.9207
0.023041,-0.0010681,4.9231
0.023956,0,4.9194
0.023956,0.00091553,0.05127
0.024261,0.0012207,0.041504
0.025482,0.0010681,0.048828
0.024719,-0.00061035,0.042725
0.024567,-0.0022888,0.045166
0.02594,-0.0030518,0.047607
0.024872,-0.0030518,0.045166
0.024109,-0.0016785,0.036621
0.02121,-0.00030518,0.041504
0.022125,0.00030518,0.056152
0.021362,-0.00030518,0.040283
0.022736,-0.0018311,0.050049
0.023499,-0.0019836,0.036621
0.023651,-0.0039673,0.025635
0.024414,-0.0033569,0.036621
0.024109,-0.0027466,0.039063
0.023041,-0.0027466,0.037842
0.022278,-0.0027466,0.041504
0.020905,-0.004425,0.037842
0.019836,-0.0042725,0.041504
0.018616,-0.0039673,0.047607
0.016174,-0.0024414,0.05127
0.014191,-0.0015259,0.047607
0.013275,-0.0010681,0.05127
0.012817,-0.002594,0.056152
0.012817,-0.004425,0.059814
0.013123,-0.0053406,0.072021
0.011902,-0.0071716,0.061035
0.013275,-0.0068665,0.059814
0.013885,-0.0050354,0.062256
0.014496,-0.0039673,0.063477
0.015259,-0.0032043,0.061035
0.016022,-0.0036621,0.053711
0.016174,-0.0039673,0.061035
0.01709,-0.0038147,0.058594
0.018005,-0.0030518,0.061035
0.019379,-0.0015259,0.065918
0.019836,-0.00061035,0.062256
0.020447,-0.0018311,0.065918
0.02121,-0.0032043,0.063477
0.020752,-0.0042725,0.067139
0.021362,-0.0062561,0.061035
0.021667,-0.0045776,0.061035
0.022583,-0.0028992,0.058594
0.023193,-0.0047302,0.056152
0.019989,0.00091553,0.061035
0.023193,0.0012207,0.053711
0.021667,0.00061035,0.062256
0.020142,-0.00045776,0.046387
0.018921,-0.0016785,0.036621
0.018005,-0.0018311,0.047607
0.0177,-0.0016785,0.042725
0.017853,-0.00091553,0.041504
0.018311,0.00015259,0.043945
0.019379,0.00015259,0.040283
0.020294,-0.00045776,0.030518
0.021973,-0.00030518,0.039063
0.022736,-0.00061035,0.040283
0.023499,-0.00015259,0.036621
0.024261,-0.00015259,0.041504
0.024414,0.00091553,0.042725
0.023041,0.0013733,0.040283
0.022583,0.00076294,0.040283
0.022125,0.0021362,0.041504
0.020905,-0.00076294,0.040283
0.023193,-0.0018311,0.036621
0.023499,-0.0021362,0.042725
0.023499,-0.00091553,0.045166
0.022888,-0.00045776,0.03418
0.022125,0,0.047607
0.021515,-0.00076294,0.048828
0.021057,0.00030518,0.05127
0.02121,-0.0030518,0.056152
0.020752,-0.0028992,0.056152
0.019684,-0.0016785,0.062256
0.019226,-0.0019836,0.059814
0.018616,-0.0018311,0.064697
0.017548,-0.0035095,0.058594
0.016937,-0.0047302,0.067139
0.017853,-0.0062561,0.058594
0.0177,-0.005188,0.062256
0.018616,-0.0033569,0.072021
0.021057,-0.0012207,0.065918
0.019379,-0.00015259,0.067139
0.019531,-0.0015259,0.067139
0.019531,-0.0032043,0.046387
0.020142,-0.004425,0.065918
0.022278,-0.0022888,0.063477
0.023499,0.00061035,0.064697
0.027618,0.0035095,0.062256
0.029297,0.0042725,0.056152
0.028992,0.0036621,0.058594
0.028076,0.00030518,0.05249
0.02594,-0.0024414,0.05249
0.027161,-0.0027466,0.048828
0.027466,-0.0013733,0.05127
0.027466,0.00030518,0.048828
0.027008,0.0015259,0.046387
0.026093,0.00045776,0.046387
0.025482,-0.0013733,0.046387
0.024261,-0.0038147,0.047607
0.024261,-0.0053406,0.042725
0.02655,-0.0048828,0.041504
0.027161,-0.0027466,0.040283
0.027924,-0.002594,0.020752
0.026398,-0.0012207,0.037842
0.025482,-0.0019836,0.042725
0.025024,-0.0032043,0.036621
0.024872,-0.0045776,0.0354
0.026855,-0.0030518,0.0354
0.027313,-0.00061035,0.040283
0.027924,0.0027466,0.037842
0.027466,0.0013733,0.041504
0.028229,0.0018311,0.039063
0.028687,0.0015259,0.045166
0.028992,-0.0019836,0.046387
0.029755,0.00061035,0.050049
0.031281,0.0021362,0.061035
0.031891,0.0035095,4.3701
0.029907,0.0050354,4.8962
0.031281,0.0056458,4.917
0.030365,0.0048828,4.9207
0.029449,0.0030518,4.9292
0.029755,0.0012207,4.9292
0.026855,0.0013733,4.9304
0.025177,0.0028992,4.9304
0.024109,0.0013733,4.9292
0.023956,0.0062561,4.9329
0.023956,0.0061035,4.9292
0.024261,0.0048828,4.9353
0.02533,0.0022888,4.9292
0.025787,0.0039673,4.9377
0.02655,0.0053406,4.9365
0.026855,0.0068665,4.9365
0.026093,0.0071716,4.9365
0.025787,0.0059509,4.9365
0.023346,0.0038147,4.939
0.021515,0.0016785,4.9316
0.019684,0.00091553,4.9377
0.019226,0.0021362,4.9268
0.018463,0.0027466,4.9231
0.022125,0.0056458,4.9158
0.019073,0.0065613,4.9194
0.019379,0.0056458,4.9194
0.020599,0.0047302,4.9194
0.018921,0.002594,4.9109
0.021973,0.0021362,4.9194
0.022583,0.0032043,4.9146
0.02243,0.0041199,4.9121
0.020752,0.0042725,4.9109
0.019531,0.0032043,4.9158
0.018158,-0.00015259,4.9158
0.018921,-0.00015259,4.9121
0.018921,-0.00045776,4.9182
0.019836,0.00030518,4.9084
0.020142,0.0021362,4.9097
0.021057,0.0038147,4.9121
0.020599,0.0038147,4.8914
0.021515,0.0024414,4.9084
0.022125,0.0013733,4.9109
0.023041,-0.00015259,4.9109
0.024261,0,4.906
0.024567,0.00091553,4.9097
0.024414,0.0022888,4.917
0.023499,0.0038147,4.9158
0.023956,0.0038147,4.9194
0.023651,0.0028992,4.9219
0.024414,0.0016785,4.9292
0.02533,0.0021362,4.928
0.025177,0.0035095,4.9316
0.024872,0.0047302,4.9329
0.024719,0.0050354,4.9292
0.024109,0.0038147,4.9329
0.025024,0.0036621,4.9304
0.025177,0.002594,4.9426
0.025177,0.0022888,4.9329
0.024872,0.0028992,4.9207
0.025024,0.004425,4.9341
0.025024,0.0056458,4.9316
0.023346,0.0062561,4.9329
0.021362,0.005188,4.9377
0.020905,0.0035095,4.9341
0.020447,0.002594,4.9365
0.021362,0.0022888,4.9377
0.021667,0.0027466,4.9353
0.02121,0.0032043,4.928
0.020599,0.002594,4.928
0.018921,0.00091553,4.9255
0.0177,0,4.9292
0.017242,-0.0013733,4.9304
0.017242,-0.0013733,4.9219
0.016937,-0.00076294,4.9182
0.016479,0.00045776,4.9207
0.014801,0.0022888,4.9023
0.01358,0.0016785,4.9207
0.012665,0.0021362,4.9158
0.011749,0.0010681,4.9121
0.01297,-0.00061035,4.9121
0.013428,-0.00045776,4.9109
0.013885,0.00030518,4.9097
0.013885,0.0018311,4.9084
0.01358,0.0027466,4.9097
0.013275,0.0022888,4.9097
0.013733,0.0012207,4.9146
0.014343,0.00061035,4.9097
0.015869,0.00015259,4.9146
0.0177,0.0024414,4.9072
0.0177,0.0047302,4.9121
0.017853,0.0062561,4.9133
0.017242,0.0080872,4.9011
0.016327,0.0047302,4.9231
0.015717,0.0028992,4.9231
0.015564,0.0018311,4.9109
0.016174,0.0015259,4.9182
0.016479,0.0021362,4.9268
0.015259,0.002594,4.928
0.014496,0.0038147,4.9255
0.013275,0.0028992,4.9268
0.012512,0.0016785,4.9341
0.011902,-0.00076294,4.9304
0.014496,0.00015259,4.9329
0.014801,0.00030518,4.9304
0.014801,0.0030518,4.9341
0.013275,0.0015259,4.9304
0.011902,0.0013733,4.9341
0.011902,0.00061035,4.9438
0.012054,0.00045776,0.064697
0.013428,-0.00030518,0.063477
0.016174,0.00045776,0.065918
0.017395,0.0019836,0.058594
0.017395,0.0038147,0.062256
0.016937,0.0045776,0.064697
0.016479,0.004425,0.063477
0.016785,0.0035095,0.062256
0.017242,0.0015259,0.054932
0.019531,0.00045776,0.054932
0.020142,0,0.05249
0.019379,-0.00061035,0.05127
0.01709,0.0010681,0.047607
0.015869,0.0015259,0.05127
0.015106,0.0021362,0.046387
0.015717,0.0022888,0.048828
0.017242,0.0030518,0.047607
0.01709,0.0036621,0.046387
0.017853,0.004425,0.050049
0.015869,0.0041199,0.041504
0.015106,0.004425,0.050049
0.014191,0.0035095,0.03418
0.013885,0.002594,0.029297
0.016174,0.0013733,0.040283
0.017548,0.00030518,0.040283
0.017548,0,0.037842
0.018158,-0.00045776,0.041504
0.014648,0.0013733,0.036621
0.013123,0.0019836,0.040283
0.01358,0.0038147,0.036621
0.016327,0.0057983,0.045166
0.016937,0.0061035,0.031738
0.019073,0.0062561,0.045166
0.019531,0.0050354,0.047607
0.019684,0.0053406,0.05249
0.018921,0.0047302,0.065918
0.019226,0.0039673,0.059814
0.020599,0.0016785,0.063477
0.022736,0.002594,0.057373
0.022888,0.00076294,0.056152
0.02121,-0.00030518,0.057373
0.018463,-0.0027466,0.061035
0.015411,-0.002594,0.059814
0.013885,-0.0027466,0.059814
0.013275,-0.0028992,0.059814
0.015411,-0.0012207,0.062256
0.017242,-0.0022888,0.061035
0.019073,-0.0015259,0.067139
0.016327,-0.0032043,0.061035
0.018463,-0.0041199,0.067139
0.018158,-0.0048828,0.06958
0.018921,-0.0053406,0.067139
0.021057,-0.0047302,0.068359
0.021515,-0.0048828,0.063477
0.023499,-0.004425,0.06958
0.023041,-0.0035095,0.058594
0.023651,-0.0028992,0.064697
0.021362,-0.0028992,0.05249
0.021362,-0.0027466,0.042725
0.023041,-0.0024414,0.047607
0.02594,-0.0030518,0.048828
0.028687,-0.0028992,0.047607
0.029449,-0.0022888,0.047607
0.028839,-0.0024414,0.043945
0.027924,-0.002594,0.047607
0.026703,-0.002594,0.042725
0.026093,-0.0016785,0.042725
0.02594,-0.0015259,0.046387
0.029449,-0.00045776,0.042725
0.029449,-0.00030518,0.039063
0.027313,-0.00030518,0.042725
0.023651,-0.00045776,0.05127
0.020905,-0.00015259,0.040283
0.018311,0,0.039063
0.018158,-0.00015259,0.042725
0.018463,-0.0015259,0.021973
0.018311,-0.0027466,0.037842
0.017548,-0.0048828,0.039063
0.016632,-0.0050354,0.040283
0.014648,-0.0082397,0.042725
0.013885,-0.0082397,0.043945
0.014343,-0.007019,0.048828
0.016785,-0.0056458,0.050049
0.018463,-0.0045776,0.053711
0.018616,-0.0027466,0.05249
0.016327,-0.0013733,0.058594
0.016022,0.00030518,0.054932
0.015259,0.0021362,0.062256
0.015259,0.0038147,0.061035
0.016785,0.0033569,0.063477
0.018311,0.0016785,0.063477
0.019989,-0.00030518,0.059814
0.019226,-0.0030518,0.075684
0.0177,-0.004425,0.061035
0.015717,-0.0038147,0.05127
0.01358,-0.0032043,0.064697
0.014648,-0.002594,0.062256
0.016632,-0.0032043,0.065918
0.019226,-0.0042725,0.065918
0.020142,-0.0048828,0.062256
0.020294,-0.0053406,0.067139
0.019531,-0.0033569,0.061035
0.019073,-0.0013733,0.061035
0.020294,0.00091553,0.054932
0.02533,0.0022888,0.056152
0.022888,0.0022888,0.056152
0.024872,0.0027466,0.05127
0.022736,0.0028992,0.053711
0.022278,0.0039673,0.05127
0.020905,0.0050354,0.046387
0.020447,0.0062561,0.046387
0.022583,0.007019,0.03418
0.024567,0.0071716,0.045166
0.028076,0.0047302,0.041504
0.029144,0.0035095,0.037842
0.029297,0.00076294,0.040283
0.029144,0,0.039063
0.029144,-0.00030518,0.0354
0.030823,-0.0013733,3.5291
0.032959,-0.0012207,4.8267
0.034485,-0.0027466,4.8999
0.035248,-0.0035095,4.9084
0.033569,-0.0033569,4.9084
0.030975,-0.0024414,4.9133
0.028534,0,4.9084
0.027618,0.00015259,4.9121
0.028534,0.00076294,4.9255
0.030212,0.00015259,4.9121
0.032654,-0.0019836,4.9219
0.032959,-0.0027466,4.9194
0.032501,-0.0033569,4.9036
0.031281,-0.0030518,4.9182
0.031738,-0.0012207,4.9255
0.032501,-0.00045776,4.928
0.033417,-0.0012207,4.9268
0.032654,-0.0018311,4.9255
0.031586,-0.0038147,4.9341
0.027771,-0.004425,4.9304
0.024719,-0.0030518,4.9377
0.023499,-0.0016785,4.9304
0.022736,0.0027466,4.9353
0.024567,0.0012207,4.9304
0.027161,-0.00091553,4.9329
0.028534,-0.0018311,4.939
0.028839,-0.0030518,4.9402
0.027466,-0.0032043,4.9365
0.02594,-0.0021362,4.9353
0.024872,-0.0010681,4.9463
0.023499,-0.00091553,4.9341
0.024109,-0.0016785,4.9316
0.024109,-0.0030518,4.9292
0.023804,-0.0045776,4.9255
0.02243,-0.004425,4.9231
0.023804,-0.0028992,4.9243
0.023651,-0.0013733,4.9231
0.026855,0,4.9207
0.029755,0.00091553,4.9158
0.032196,-0.00076294,4.9182
0.033417,-0.0016785,4.9158
0.032501,-0.0019836,4.9097
0.028534,-0.00015259,4.9182
0.025482,0.0010681,4.9194
0.022125,0.0033569,4.9231
0.020447,0.0039673,4.9158
0.019226,0.0022888,4.9194
0.019226,-0.00045776,4.9097
0.019379,-0.0013733,4.8987
0.019226,-0.0019836,4.9121
0.019684,-0.0019836,4.9097
0.02121,-0.00045776,4.9084
0.023041,-0.00091553,4.9146
0.026245,-0.0010681,4.9109
0.026855,-0.0028992,4.9109
0.026703,-0.0028992,4.906
0.025024,-0.0010681,4.9146
0.023041,0.0015259,4.917
0.02121,0.0050354,4.917
0.021057,0.0080872,4.9207
0.021973,0.0083923,4.9243
0.023346,0.0091553,4.9255
0.025177,0.0071716,4.928
0.026093,0.005188,4.9255
0.02594,0.0042725,4.9304
0.02655,0.0039673,4.9377
0.026703,0.004425,4.9353
0.023499,0.0041199,4.9182
0.028229,0.0022888,4.928
0.027008,-0.00030518,4.9316
0.026245,-0.0018311,4.9304
0.023651,-0.0024414,4.9316
0.020599,-0.0019836,4.9304
0.018616,-0.00015259,4.9414
0.018158,0.00091553,4.9353
0.019836,-0.00030518,4.9377
0.021515,-0.0010681,4.9353
0.023956,-0.0032043,4.9377
0.025024,-0.0035095,4.9304
0.024414,-0.0016785,4.9353
0.024414,0.00061035,4.9451
0.024414,0.0028992,4.9304
0.024567,0.0039673,4.928
0.02655,0.0038147,4.9268
0.027161,0.0019836,4.9121
0.027771,0.00091553,4.9207
0.027466,0.00091553,4.9207
0.023346,0.002594,4.9182
0.02121,0.0041199,4.9182
0.020905,0.0057983,4.9109
0.020599,0.0021362,4.9146
0.022736,-0.0010681,4.9109
0.02243,-0.0048828,4.9146
0.020142,-0.0073242,4.9084
0.020142,-0.0080872,4.9133
0.016022,-0.0083923,4.906
0.015259,-0.0074768,4.9146
0.016327,-0.0047302,4.9109
0.018311,-0.0082397,4.9097
0.017242,-0.0083923,4.9072
0.016174,-0.0086975,4.9133
0.015106,-0.0074768,4.906
0.013885,-0.0050354,4.9097
0.014801,-0.0027466,4.906
0.016937,0.00030518,4.9133
0.020447,0,4.9121
0.023193,0.00015259,4.9207
0.024719,-0.0013733,4.9207
0.024109,-0.0010681,0.05249
0.023956,-0.00045776,0.053711
0.024567,0.0022888,0.05249
0.02533,0.0041199,0.058594
0.027313,0.0039673,0.057373
0.029449,0.002594,0.062256
0.029449,0.00091553,0.062256
0.028076,-0.00076294,0.062256
0.025635,-0.0022888,0.070801
0.023651,-0.0019836,0.061035
0.020752,-0.00061035,0.06958
0.017853,-0.00015259,0.061035
0.020447,-0.00045776,0.05249
0.020294,-0.0015259,0.065918
0.019226,-0.0019836,0.065918
0.0177,-0.0010681,0.063477
0.016174,0.00030518,0.067139
0.014954,0.0035095,0.064697
0.016632,0.0053406,0.065918
0.016327,0.0053406,0.058594
0.020599,0.004425,0.062256
0.020294,0.0027466,0.05249
0.019379,0.0022888,0.057373
0.016174,0.0019836,0.056152
0.014496,0.0039673,0.053711
0.01358,0.0057983,0.05249
0.01236,0.0056458,0.048828
0.016479,0.0053406,0.050049
0.016022,0.0033569,0.046387
0.015106,0.0030518,0.046387
0.011292,0.0032043,0.041504
0.013733,0.0061035,0.045166
0.013428,0.0074768,0.039063
0.014496,0.0053406,0.037842
0.015717,0.0068665,0.040283
0.01709,0.0048828,0.040283
0.017395,0.002594,0.036621
0.016022,0.0030518,0.041504
0.013733,0.0035095,0.037842
0.010834,0.0050354,0.042725
0.0093079,0.0059509,0.037842
0.0076294,0.0062561,0.042725
0.010223,0.0053406,0.040283
0.010834,0.004425,0.045166
0.011139,0.0030518,0.056152
0.007782,0.0033569,0.047607
0.0090027,0.004425,0.056152
0.0091553,0.0048828,0.048828
0.0099182,0.0064087,0.0354
0.011292,0.004425,0.05249
0.01236,0.0024414,0.054932
0.010986,0.0016785,0.056152
0.010376,0.0030518,0.058594
0.007782,0.0019836,0.058594
0.007019,0.0035095,0.062256
0.0067139,0.0048828,0.061035
0.0082397,0.0053406,0.063477
0.010986,0.004425,0.056152
0.012817,0.0028992,0.064697
0.014343,0.0021362,0.061035
0.015106,0.0015259,0.064697
0.016327,0.0024414,0.070801
0.017853,0.0038147,0.067139
0.019379,0.005188,0.067139
0.02121,0.0073242,0.068359
0.022278,0.0062561,0.078125
0.022736,0.0047302,0.063477
0.021667,0.0028992,0.064697
0.020599,0.0027466,0.058594
0.019684,0.0041199,0.057373
0.019379,0.0065613,0.048828
0.020142,0.007782,0.053711
0.021057,0.0076294,0.048828
0.021057,0.0050354,0.047607
0.020447,0.0028992,0.048828
0.017548,0.0016785,0.047607
0.016327,0.0010681,0.046387
0.015259,0.0021362,0.046387
0.013428,0.0022888,0.046387
0.015259,0.00091553,0.043945
0.015564,-0.00091553,0.05127
0.015259,-0.002594,0.041504
0.01297,-0.0027466,0.047607
0.01236,-0.0013733,0.037842
0.012665,0.00091553,0.029297
0.013275,0.002594,0.037842
0.014648,0.0033569,0.040283
0.01709,0.0030518,0.039063
0.019684,0.0018311,0.040283
0.021515,0.0010681,0.036621
0.022583,0.0021362,0.041504
0.023499,0.0047302,0.039063
0.025024,0.0064087,0.045166
0.02594,0.0074768,0.039063
0.027161,0.0059509,0.048828
0.027924,0.0041199,0.05127
0.026398,0.0018311,0.053711
0.024719,0.0010681,0.053711
0.021057,0.0021362,0.056152
0.019531,0.0036621,0.059814
0.0177,0.0056458,0.061035
0.017395,0.0053406,0.070801
0.017548,0.0032043,0.062256
0.017395,0.00061035,0.050049
0.017395,-0.00030518,0.058594
0.016785,-0.0013733,0.059814
0.015106,0.00045776,0.061035
0.014496,0.0015259,0.062256
0.013885,0.0010681,0.059814
0.014801,-0.0012207,0.063477
0.015106,-0.0033569,0.065918
0.015106,-0.004425,0.061035
0.015564,-0.0036621,0.063477
0.01709,-0.0013733,0.067139
0.019073,0.0015259,0.064697
0.020294,0.0021362,0.063477
0.024109,0.004425,0.072021
0.025482,0.0035095,0.056152
0.027466,0.0018311,4.2529
0.028839,0.00076294,4.8816
0.029449,0.0010681,4.9036
0.03006,0.0019836,4.917
0.03006,0.0028992,4.9182
0.029144,0.0033569,4.9158
0.028534,0.0028992,4.9194
0.027313,0.0018311,4.9109
0.026703,0.0013733,4.9146
0.02655,0.0018311,4.9121
0.025482,0.00045776,4.9133
0.024872,0.0042725,4.9097
0.023346,0.0050354,4.8962
0.022736,0.0035095,4.9097
0.021973,0.0013733,4.9121
0.021667,-0.0012207,4.906
0.019989,-0.0027466,4.9109
0.022125,-0.0019836,4.9158
0.023193,-0.00030518,4.9121
0.02243,0.0024414,4.917
0.021057,0.0016785,4.9097
0.019989,0.00061035,4.9036
0.019531,-0.0015259,4.9133
0.019989,-0.0021362,4.8999
0.019989,-0.0024414,4.9133
0.020599,-0.0012207,4.9182
0.02121,0.00030518,4.917
0.021057,0.00091553,4.9219
0.022125,0.0013733,4.928
0.02182,-0.0010681,4.9353
0.023346,-0.0021362,4.9268
0.023651,-0.0030518,4.9316
0.023193,-0.0030518,4.9341
0.023193,-0.0019836,4.9341
0.023499,-0.00076294,4.9377
0.021973,-0.0013733,4.9353
0.021362,-0.0028992,4.9292
0.021057,-0.0041199,4.9353
0.020447,-0.0071716,4.9365
0.019226,-0.0039673,4.9304
0.018463,-0.0032043,4.9377
0.018311,-0.0030518,4.9316
0.017395,-0.0022888,4.9341
0.016022,-0.0035095,4.9341
0.015717,-0.0050354,4.9341
0.016022,-0.0054932,4.9304
0.016174,-0.0054932,4.9316
0.01709,-0.0048828,4.9255
0.017853,-0.0047302,4.9292
0.017242,-0.0054932,4.9231
0.018311,-0.0068665,4.9158
0.018616,-0.0076294,4.9194
0.019531,-0.0079346,4.9182
0.02121,-0.0071716,4.9292
0.021667,-0.0054932,4.9182
0.021973,-0.0042725,4.9231
0.021362,-0.0032043,4.9158
0.022583,-0.0036621,4.9011
0.023041,-0.0030518,4.9072
0.024261,-0.0033569,4.9084
0.025635,-0.0021362,4.9121
0.025177,-0.00030518,4.9109
0.025482,0.00030518,4.906
0.024872,0.0024414,4.9121
0.023956,-0.0013733,4.906
0.023804,-0.002594,4.9084
0.023346,-0.0041199,4.9048
0.023041,-0.0050354,4.9158
0.02655,-0.0045776,4.9109
0.023041,-0.0022888,4.9133
0.023499,-0.0016785,4.9219
0.02182,-0.0019836,4.9158
0.02121,-0.0022888,4.917
0.020142,-0.0032043,4.9194
0.019836,-0.0036621,4.9146
0.020905,-0.0041199,4.9231
0.019836,-0.0032043,4.9316
0.020599,-0.0035095,4.928
0.020294,-0.0030518,4.9292
0.020905,-0.0039673,4.9255
0.021362,-0.0047302,4.9304
0.02182,-0.0047302,4.9329
0.022736,-0.0016785,4.9329
0.023956,-0.0030518,4.928
0.024261,-0.0013733,4.9353
0.024872,0,4.9316
0.023804,-0.00061035,4.9341
0.023651,0.00015259,4.9341
0.023346,0,4.9365
0.024109,-0.00015259,4.9426
0.02594,-0.0062561,4.9377
0.026703,0.0013733,4.9451
0.027924,0.0010681,4.9329
0.027771,0.00076294,4.9243
0.027618,0.00015259,4.9316
0.026398,-0.00030518,4.928
0.025787,0,4.9231
0.024261,0.0012207,4.9268
0.023651,0.0012207,4.9231
0.023346,-0.00030518,4.9207
0.021515,0.0012207,4.9158
0.019226,-0.0015259,4.9194
0.021057,-0.0013733,4.9121
0.021362,-0.00045776,4.917
0.021973,0.00061035,4.9182
0.021973,-0.00015259,4.9182
0.023041,0.0012207,4.917
0.023041,0.00061035,4.9133
0.022736,0.00015259,0.039063
0.022583,0.0021362,0.039063
0.022583,0.0041199,0.030518
0.021973,0.0056458,0.040283
0.023804,0.0059509,0.0354
0.024567,0.0056458,0.037842
0.026093,0.0041199,0.041504
0.028687,0.0035095,0.039063
0.029602,0.002594,0.039063
0.030518,0.0035095,0.041504
0.031738,0.0045776,0.045166
0.031738,0.0050354,0.042725
0.032501,0.0068665,0.047607
0.031891,0.0057983,0.05249
0.029907,0.010986,0.057373
0.027466,0.0064087,0.054932
0.024872,0.0085449,0.059814
0.024414,0.0099182,0.059814
0.023804,0.010071,0.061035
0.024261,0.0085449,0.072021
0.024567,0.0086975,0.059814
0.024261,0.007019,0.048828
0.023956,0.0059509,0.061035
0.023804,0.0061035,0.065918
0.023193,0.0062561,0.057373
0.023041,0.0079346,0.062256
0.022125,0.0073242,0.061035
0.023804,0.0083923,0.065918
0.019531,0.0086975,0.062256
0.018463,0.0080872,0.064697
0.016479,0.0085449,0.061035
0.018463,0.0086975,0.070801
0.019989,0.0085449,0.062256
0.021515,0.0083923,0.063477
0.023041,0.0079346,0.073242
0.023956,0.007019,0.058594
0.024414,0.0057983,0.05249
0.023956,0.005188,0.057373
0.022583,0.0041199,0.039063
0.021057,0.0038147,0.050049
0.020142,0.0035095,0.050049
0.019836,0.0018311,0.045166
0.019684,0.00030518,0.045166
0.018463,-0.0010681,0.039063
0.018005,-0.0019836,0.042725
0.017853,-0.0022888,0.039063
0.020142,-0.0028992,0.041504
0.02243,-0.0012207,0.039063
0.023651,0,0.042725
0.024261,0,0.039063
0.024261,-0.00030518,0.041504
0.023499,-0.00091553,0.039063
0.021973,-0.0012207,0.041504
0.022583,-0.00045776,0.047607
0.023041,0.00061035,0.037842
0.024261,0.00076294,0.050049
0.023346,0.0030518,0.039063
0.023956,0.0032043,0.030518
0.023804,0.0032043,0.043945
0.024109,0.0038147,0.047607
0.025177,0.0033569,0.046387
0.027161,0.004425,0.048828
0.028534,0.0036621,0.050049
0.028839,0.0016785,0.054932
0.028381,0.00091553,0.054932
0.027008,-0.00076294,0.059814
0.025482,-0.0019836,0.057373
0.024109,-0.002594,0.061035
0.023193,-0.0010681,0.064697
0.022278,-0.00015259,0.063477
0.02182,0.0013733,0.06958
0.022736,0.0016785,0.061035
0.023346,0.0010681,0.050049
0.023651,0.00015259,0.061035
0.024261,-0.00076294,0.067139
0.024261,-0.0010681,0.065918
0.024261,-0.0012207,0.062256
0.024261,-0.0056458,0.064697
0.023346,-0.0022888,0.064697
0.022125,-0.0038147,0.063477
0.020599,-0.004425,0.057373
0.018768,-0.0062561,0.061035
0.018158,-0.0039673,0.062256
0.017548,-0.002594,0.053711
0.018158,-0.0015259,0.056152
0.018463,-0.0019836,0.054932
0.019226,-0.0021362,0.053711
0.020752,-0.0035095,0.045166
0.020905,-0.0036621,0.047607
0.021362,-0.0038147,0.063477
0.019836,-0.0022888,0.045166
0.019836,-0.0013733,0.05249
0.019531,-0.00091553,0.030518
0.018311,-0.0016785,0.029297
0.017395,-0.0018311,0.037842
0.01709,-0.0013733,0.039063
0.0177,0,0.039063
0.018158,0.0024414,0.037842
0.019073,0.0045776,0.036621
0.020447,0.0048828,0.0354
0.019989,0.0074768,0.039063
0.020447,0.0030518,0.042725
0.020752,0.0015259,0.036621
0.020752,0.0010681,0.039063
0.019531,0.00091553,0.040283
0.019226,0.0012207,0.042725
0.019226,0.0012207,0.050049
0.018311,0.00015259,0.046387
0.017242,-0.0018311,0.043945
0.016327,-0.0027466,0.05127
0.016022,-0.0028992,0.057373
0.016785,-0.0016785,0.056152
0.015869,0.00076294,0.053711
0.016174,0.0010681,0.061035
0.016174,0.0010681,0.057373
0.016174,0.0010681,0.059814
0.016479,0.0013733,0.062256
0.01709,0.0015259,2.5427
0.0177,0.0021362,4.79
0.018768,0.0041199,4.9182
0.017548,0.0015259,4.9304
0.017853,0.0013733,4.928
0.014801,0.00091553,4.9341
0.016327,0.00030518,4.9304
0.015717,0,4.9255
0.015411,0,4.9463
0.016327,-0.00030518,4.9353
0.016785,0.00061035,4.9365
0.017548,0.00076294,4.9109
0.0177,0.0010681,4.9207
0.018005,0.0012207,4.9304
0.017853,0.00015259,4.928
0.016785,0,4.9219
0.016632,-0.00015259,4.9231
0.015869,-0.00061035,4.9182
0.015106,-0.00061035,4.9219
0.015106,0.00045776,4.9133
0.014038,0.0032043,4.9219
0.014496,0.0015259,4.9109
0.015564,0.0012207,4.9207
0.016022,0.00091553,4.917
0.018616,0.0015259,4.9158
0.018463,0.0015259,4.9097
0.019684,0.0021362,4.9133
0.019684,0.002594,4.9158
0.020905,0.0042725,4.9011
0.021057,0.0042725,4.917
0.02182,0.0042725,4.9109
0.022278,0.0033569,4.8987
0.021515,0.0028992,4.9084
0.021362,0.0018311,4.9097
0.02121,0.0012207,4.9097
0.020447,0.0010681,4.9121
0.020905,0.0013733,4.9084
0.020752,0.0018311,4.9158
0.019379,0.002594,4.9158
0.019073,0.0027466,4.9207
0.018158,0.0018311,4.917
0.017242,0.0012207,4.9243
0.015259,-0.00091553,4.9255
0.014801,-0.0013733,4.917
0.014343,-0.0021362,4.9402
0.014038,-0.0024414,4.9316
0.01297,-0.0010681,4.9329
0.012207,-0.0022888,4.9341
0.012207,-0.0028992,4.9231
0.012665,-0.004425,4.9304
0.011444,-0.004425,4.9316
0.015259,-0.0042725,4.9304
0.016479,-0.0035095,4.928
0.018463,-0.002594,4.928
0.018005,-0.0012207,4.9377
0.020142,-0.00076294,4.939
0.020905,0.00076294,4.9365
0.02182,0,4.9304
0.023346,0,4.9377
0.024719,0.00091553,4.9341
0.026245,0.0018311,4.9365
0.027008,-0.00030518,4.9341
0.027618,0.0033569,4.9292
0.02655,0.0027466,4.9316
0.02594,0.0021362,4.9255
0.026398,0.0016785,4.9353
0.026398,0.0021362,4.9207
0.025177,0.0030518,4.9036
0.024719,0.0048828,4.9194
0.022736,0.0054932,4.9146
0.020599,0.0059509,4.9097
0.018768,0.0054932,4.9158
0.017395,0.0042725,4.9109
0.016937,0.0028992,4.9121
0.01709,0.0024414,4.9072
0.017242,0.0013733,4.9011
0.017242,0.0016785,4.9097
0.016632,0.00061035,4.9146
0.016022,0.00030518,4.9109
0.014801,0.0045776,4.9146
0.015411,0.0016785,4.9158
0.015564,0.0027466,4.9109
0.015564,0.0035095,4.9146
0.015259,0.0065613,4.9109
0.013733,0.0036621,4.906
0.012512,0.0019836,4.917
0.012817,0.0012207,4.9011
0.013275,-0.00030518,4.9133
0.015869,-0.00076294,4.9194
0.018158,-0.00076294,4.9207
0.019684,-0.0015259,4.9255
0.019226,-0.0016785,4.9231
0.018768,-0.0032043,4.9292
0.018005,-0.0038147,4.9268
0.017395,-0.0057983,4.9316
0.017548,-0.0027466,4.9329
0.017548,-0.0012207,4.9329
0.016632,-0.00015259,4.9304
0.015259,0.00045776,4.9329
0.015106,-0.00076294,4.9341
0.015564,-0.0018311,4.9341
0.016632,-0.0018311,4.9475
0.017853,-0.0010681,4.9316
0.019836,-0.00045776,4.9255
0.02182,0.00091553,4.9353
0.021515,0.0012207,4.9341
0.020142,0.00061035,4.9341
0.018463,0.00076294,4.9353
0.017548,0.00061035,4.9304
0.016937,-0.00045776,0.062256
0.016937,0.0012207,0.05249
0.016632,0.0015259,0.054932
0.017242,-0.00015259,0.05127
0.016937,-0.0019836,0.056152
0.019073,-0.0032043,0.047607
0.020142,-0.0036621,0.047607
0.022125,-0.0030518,0.057373
0.023041,-0.0018311,0.046387
0.025177,-0.0010681,0.045166
0.026398,-0.00030518,0.043945
0.027161,-0.0010681,0.024414
0.027161,-0.0015259,0.036621
0.027161,-0.0010681,0.039063
0.027466,-0.00015259,0.039063
0.026855,0.00015259,0.039063
0.027618,0.00061035,0.036621
0.029144,0.0012207,0.042725
0.029755,0.00015259,0.039063
0.030975,-0.0010681,0.039063
0.031281,-0.00061035,0.036621
0.030518,-0.00030518,0.041504
0.030365,0.0015259,0.042725
0.028687,0.0022888,0.043945
0.028076,0.0027466,0.047607
0.028381,0.0021362,0.047607
0.02594,-0.0010681,0.047607
0.024109,-0.00045776,0.053711
0.022278,-0.00030518,0.062256
0.021515,0.00061035,0.056152
0.022583,0.0016785,0.048828
0.023346,0.0024414,0.058594
0.024719,0.0032043,0.058594
0.02594,0.0019836,0.058594
0.025787,0.00076294,0.062256
0.026398,-0.00045776,0.059814
0.024872,-0.0016785,0.061035
0.025024,-0.0015259,0.057373
0.024872,-0.00015259,0.064697
0.02594,0.00061035,0.059814
0.025635,0.00076294,0.064697
0.025482,0.0013733,0.064697
0.024261,-0.00045776,0.06958
0.023956,-0.00045776,0.076904
0.023956,-0.0032043,0.065918
0.024414,0.0010681,0.064697
0.025024,0.0030518,0.061035
0.02533,0.0041199,0.048828
0.024567,0.0047302,0.054932
0.024261,0.0038147,0.05249
0.023346,0.0030518,0.050049
0.022888,0.0024414,0.05127
0.024261,0.0021362,0.047607
0.022888,0.0027466,0.046387
0.023651,0.0028992,0.046387
0.023193,0.002594,0.048828
0.023041,0.002594,0.040283
0.023193,0.0015259,0.043945
0.023956,0.00076294,0.040283
0.025024,0.00015259,0.042725
0.026245,-0.00061035,0.036621
0.026703,0,0.042725
0.027618,0.00091553,0.047607
0.028534,0.00076294,0.041504
0.029297,0.0016785,0.047607
0.029755,0.002594,0.039063
0.030212,0.002594,0.032959
0.029907,0.0035095,0.037842
0.028229,0.0045776,0.03418
0.027771,0.005188,0.039063
0.028076,0.0065613,0.042725
0.026093,0.0082397,0.041504
0.027161,0.0090027,0.047607
0.026398,0.010223,0.047607
0.026093,0.009613,0.05127
0.027008,0.010071,0.05127
0.027924,0.010681,0.057373
0.028534,0.010986,0.056152
0.030365,0.010834,0.061035
0.027771,0.0090027,0.076904
0.02655,0.0073242,0.061035
0.026093,0.0062561,0.062256
0.025177,0.004425,0.062256
0.023804,0.0054932,0.063477
0.023804,0.0065613,0.059814
0.02243,0.0027466,0.059814
0.02182,0.0074768,0.061035
0.022583,0.0064087,0.061035
0.02121,0.0050354,0.061035
0.021515,0.0042725,0.062256
0.020142,0.0042725,0.063477
0.019836,0.0048828,0.067139
0.019073,0.0064087,0.063477
0.016937,0.0068665,0.065918
0.0177,0.0041199,0.059814
0.016327,0.0022888,0.058594
0.015106,0.00076294,0.058594
0.016174,0.00091553,0.056152
0.016937,0.0030518,0.059814
0.017242,0.0048828,0.05249
0.017242,0.0067139,0.062256
0.017853,0.0045776,0.045166
0.018158,0.0016785,0.040283
0.019379,-0.0010681,0.043945
0.018158,-0.0019836,0.043945
0.021057,-0.0018311,0.040283
0.022125,0,0.042725
0.022278,0.0013733,0.040283
0.023041,0.0015259,0.037842
0.023651,0.00091553,0.037842
0.02533,0.00030518,0.041504
0.027161,0.00061035,0.032959
0.027771,0.0013733,0.040283
0.028534,0.0033569,0.041504
0.028687,0.0042725,0.042725
0.030365,0.0045776,0.039063
0.028992,0.0038147,0.041504
0.028381,0.0015259,0.076904
0.028687,-0.00015259,4.6155
0.027771,0.0015259,4.8877
0.027924,0.0019836,4.9146
0.027466,0.004425,4.9109
0.026245,0.002594,4.906
0.022888,0.0059509,4.9231
0.024567,0.005188,4.9207
0.023956,0.0042725,4.9255
0.023346,0.0048828,4.9268
0.023956,0.0030518,4.9353
0.024567,0.0033569,4.9304
0.024414,0.0024414,4.9329
0.024414,0.00076294,4.9304
0.023346,-0.00045776,4.9341
0.02243,-0.0019836,4.9231
0.023346,-0.0022888,4.9292
0.021515,-0.0012207,4.9402
0.021362,-0.00076294,4.9341
0.020599,0.00045776,4.9353
0.019073,-0.00015259,4.9377
0.018768,-0.00045776,4.9194
0.017853,-0.00091553,4.9353
0.018158,-0.0016785,4.9353
0.018921,-0.00091553,4.9304
0.019531,0,4.9341
0.019836,0.00076294,4.917
0.018005,0.00076294,4.9304
0.018005,0.0041199,4.9255
0.016327,0.00045776,4.9255
0.015259,-0.00076294,4.9158
0.014954,-0.0021362,4.9207
0.015869,-0.0030518,4.917
0.015717,-0.002594,4.9194
0.016174,-0.0024414,4.9231
0.010986,-0.0012207,4.917
0.015411,-0.00091553,4.9158
0.015564,-0.0015259,4.9158
0.018158,-0.0019836,4.9146
0.016632,-0.0015259,4.9072
0.018463,-0.00076294,4.8999
0.019226,0.00076294,4.9097
0.019226,-0.0024414,4.9097
0.019073,0.0016785,4.9084
0.018768,0.00091553,4.9084
0.018158,-0.0015259,4.906
0.018311,-0.0036621,4.9084
0.018768,-0.0050354,4.9109
0.019379,-0.0036621,4.9146
0.018616,-0.0027466,4.9121
0.018158,-0.0021362,4.9133
0.018005,-0.0015259,4.9146
0.016785,-0.0024414,4.9182
0.0177,-0.0027466,4.928
0.018158,-0.0028992,4.9255
0.019226,-0.0022888,4.9329
0.020752,-0.0012207,4.9268
0.021667,-0.0016785,4.9207
0.022125,-0.002594,4.9194
0.020294,-0.004425,4.9292
0.02182,-0.0061035,4.9268
0.022583,-0.0071716,4.9304
0.023193,-0.0068665,4.9268
0.023041,-0.0054932,4.9304
0.022583,-0.0039673,4.9292
0.02243,-0.0030518,4.9353
0.021667,-0.0028992,4.9304
0.021515,-0.0032043,4.9353
0.022736,-0.0028992,4.9316
0.023804,-0.0019836,4.9365
0.024567,-0.0016785,4.939
0.024261,-0.0021362,4.9377
0.023956,-0.0022888,4.9365
0.023041,-0.0032043,4.9304
0.02243,-0.0038147,4.9377
0.02121,-0.0032043,4.928
0.021057,-0.0024414,4.928
0.019989,-0.00091553,4.9219
0.019226,0.00061035,4.9219
0.018768,0.00091553,4.9231
0.018921,0.00015259,4.9194
0.019226,-0.00030518,4.9146
0.019836,-0.0015259,4.9146
0.021667,-0.0010681,4.9133
0.024109,-0.00061035,4.9121
0.023041,0.00091553,4.9146
0.023193,0.0013733,4.917
0.024261,0.0022888,4.9109
0.022888,0.0018311,4.9133
0.022278,0.0016785,4.9231
0.021667,0.0019836,4.917
0.021362,0.0012207,4.917
0.020294,0.0019836,4.9121
0.019684,0.0021362,4.8938
0.019073,0.0024414,4.9109
0.019226,0.0019836,4.9109
0.018158,0.00091553,4.9121
0.0177,-0.00076294,4.9097
0.017395,-0.0016785,4.9097
0.017853,-0.0024414,4.917
0.017242,-0.0016785,4.9182
0.016022,-0.00045776,4.9133
0.016174,0.00045776,4.9182
0.015869,0.00015259,4.9243
0.014954,-0.00045776,4.9243
0.014343,-0.0019836,4.9243
0.014801,-0.0022888,4.9365
0.014648,-0.0012207,4.9316
0.015717,-0.00045776,4.9304
0.016479,0.00030518,4.9377
0.0177,0.0013733,0.073242
0.019379,0.00061035,0.063477
0.021515,-0.0013733,0.05249
0.02243,-0.0013733,0.062256
0.024261,-0.00091553,0.062256
0.026093,0.00091553,0.061035
0.027313,0.0027466,0.067139
0.027313,0.0039673,0.064697
0.027466,0.0032043,0.067139
0.026245,0.0021362,0.065918
0.025635,0.0015259,0.068359
0.02533,0.0019836,0.057373
0.023956,0.0030518,0.061035
0.023956,0.0082397,0.056152
0.020447,0.0071716,0.057373
0.022125,0.0059509,0.062256
0.02243,0.0032043,0.05127
0.022278,0.00061035,0.05249
0.021973,0.00030518,0.050049
0.021667,0.00030518,0.037842
0.02121,0.0013733,0.047607
0.021667,0.0018311,0.043945
0.018921,0.0013733,0.041504
0.018463,-0.00045776,0.037842
0.016785,-0.0024414,0.040283
0.015106,-0.0028992,0.041504
0.015411,-0.0027466,0.040283
0.014191,-0.00076294,0.037842
0.013275,0.00061035,0.037842
0.013428,0.00015259,0.041504
0.012512,0.00030518,0.041504
0.012665,-0.0010681,0.041504
0.014191,-0.0021362,0.039063
0.018005,-0.0013733,0.043945
0.015564,-0.00030518,0.037842
0.016937,0.0015259,0.043945
0.016174,0.0039673,0.045166
0.016785,0.0022888,0.046387
0.016632,0.0019836,0.037842
0.016022,0.0012207,0.048828
0.015564,0.0016785,0.05127
0.015259,0.0022888,0.054932
0.015564,0.0035095,0.057373
0.015869,0.0047302,0.053711
0.016327,0.0053406,0.058594
0.016785,0.0045776,0.057373
0.017395,0.0028992,0.062256
0.018005,0.0010681,0.062256
0.019379,0.00030518,0.061035
0.018616,0.00091553,0.058594
0.018616,0.0030518,0.062256
0.020905,0.0045776,0.075684
0.015564,0.0053406,0.064697
0.012817,0.004425,0.065918
0.011292,0.0018311,0.073242
0.010071,0.00015259,0.048828
0.0086975,-0.00015259,0.064697
0.0094604,0.0010681,0.067139
0.012054,0.0027466,0.065918
0.011749,0.0027466,0.064697
0.012512,0.0012207,0.057373
0.01358,-0.00076294,0.059814
0.014954,-0.0013733,0.05127
0.016937,-0.00076294,0.053711
0.018005,0.00076294,0.048828
0.019836,0.0036621,0.048828
0.019836,0.0035095,0.050049
0.020599,0.0032043,0.047607
0.020905,0.0019836,0.050049
0.02121,-0.00015259,0.043945
0.021515,-0.00061035,0.048828
0.023956,0.00076294,0.042725
0.024567,0.0032043,0.047607
0.026245,0.0048828,0.037842
0.026398,0.0047302,0.03418
0.02655,0.0039673,0.037842
0.026245,0.0018311,0.03418
0.02655,0.0016785,0.036621
0.026093,-0.00015259,0.042725
0.02594,0.00030518,0.037842
0.026093,0.0021362,0.039063
0.02594,0.00061035,0.037842
0.024261,-0.00015259,0.042725
0.022888,-0.0010681,0.039063
0.021667,0.0018311,0.045166
0.021973,0.00030518,0.047607
0.021362,0.0027466,0.048828
0.02243,0.0045776,0.058594
0.021515,0.0050354,0.053711
0.023346,0.0036621,0.061035
0.024414,0.0012207,0.056152
0.024719,-0.00030518,0.05249
0.025635,-0.00061035,0.059814
0.027618,0.0013733,0.058594
0.028076,0.0038147,0.059814
0.028229,0.0059509,0.062256
0.028992,0.0061035,0.061035
0.027771,0.0048828,0.056152
0.026703,0.0028992,0.059814
0.026703,0.0016785,0.065918
0.027618,0.0024414,0.059814
0.027618,0.0028992,0.063477
0.028381,0.0036621,0.067139
0.029755,0.0042725,0.06958
0.028839,0.0033569,0.065918
0.030212,0.0019836,0.065918
0.027771,0.00061035,0.073242
0.028381,0.00045776,0.059814
0.027313,0.0016785,0.072021
0.025787,0.0028992,0.056152
0.028839,0.0045776,0.048828
0.023956,0.004425,0.05127
0.023499,0.0032043,0.053711
0.023193,0.0013733,0.046387
0.026093,-0.00015259,0.050049
0.024872,0.00030518,0.043945
0.027008,0.0015259,0.047607
0.028992,0.0035095,3.8123
0.030365,0.0038147,4.8438
0.03067,0.0035095,4.9011
0.030975,0.0024414,4.9158
0.030518,0.00061035,4.9097
0.030518,0.0012207,4.9109
0.031128,0.0027466,4.9182
0.031128,0.0045776,4.9121
0.031586,0.0062561,4.9084
0.030975,0.0068665,4.9097
0.031433,0.0064087,4.8962
0.031281,0.0054932,4.9097
0.032043,0.0057983,4.9243
0.034943,0.0065613,4.9084
0.034485,0.0073242,4.9097
0.0354,0.0074768,4.9109
0.034332,0.0079346,4.917
0.033569,0.0068665,4.917
0.033264,0.0065613,4.9231
0.032043,0.0048828,4.9207
0.031586,0.005188,4.928
0.031586,0.0056458,4.9255
0.031281,0.0071716,4.9316
0.029755,0.0079346,4.9231
0.028229,0.0080872,4.9316
0.028076,0.0074768,4.9353
0.027466,0.0064087,4.9341
0.027008,0.0061035,4.9426
0.027008,0.0064087,4.9292
0.02594,0.0068665,4.9194
0.025024,0.0073242,4.9316
0.023346,0.0064087,4.9329
0.023041,0.005188,4.9316
0.022888,0.0039673,4.9341
0.02243,0.0022888,4.9329
0.023499,0.0015259,4.9365
0.023804,0.0021362,4.9329
0.024261,0.0024414,4.9353
0.024567,0.0032043,4.9304
0.024261,0.0032043,4.9304
0.025482,0.0016785,4.9268
0.025177,0.00076294,4.9292
0.025635,0.00015259,4.928
0.026703,0.00015259,4.9243
0.026703,0.0018311,4.9231
0.027008,0.0030518,4.9158
0.02533,0.0036621,4.917
0.025787,0.0035095,4.9182
0.026093,0.0024414,4.9109
0.024414,0.0010681,4.9097
0.027008,0,4.9146
0.028076,-0.00061035,4.9109
0.028381,0,4.9097
0.02655,-0.00045776,4.9048
0.026398,-0.0015259,4.9109
0.02594,-0.0019836,4.9146
0.026245,-0.0030518,4.9121
0.025787,-0.0032043,4.9109
0.027313,-0.0028992,4.9121
0.026093,-0.0015259,4.917
0.024872,-0.00030518,4.9133
0.022888,0,4.9231
0.02182,0,4.9121
0.022583,-0.0018311,4.9219
0.023193,-0.0030518,4.9194
0.02533,-0.0038147,4.9036
0.027008,-0.0030518,4.9109
0.026245,-0.0015259,4.9243
0.027161,-0.00076294,4.9231
0.027618,-0.00030518,4.9243
0.028229,-0.0010681,4.9243
0.029144,-0.002594,4.9316
0.03006,-0.0028992,4.9304
0.030975,-0.0022888,4.9353
0.03006,-0.00091553,4.9292
0.027466,0.00061035,4.9329
0.026093,0.0010681,4.928
0.02533,0.00091553,4.9329
0.026398,0.00015259,4.9414
0.026855,-0.00076294,4.9377
0.028381,-0.0016785,4.9329
0.028687,-0.0015259,4.9377
0.027924,-0.0013733,4.9414
0.025177,0.00045776,4.9341
0.023651,0.00030518,4.9231
0.022125,0.00015259,4.9304
0.021057,-0.00015259,4.928
0.021057,-0.0013733,4.9243
0.020142,-0.00091553,4.928
0.018616,0.00015259,4.9231
0.01709,0.0016785,4.9231
0.015564,0.0021362,4.9194
0.016022,0.002594,4.9207
0.017548,0.002594,4.9207
0.018768,0.00061035,4.9194
0.020142,0.00030518,4.9182
0.020294,0.00015259,4.917
0.020142,0.00061035,4.9268
0.016632,0.0018311,4.917
0.014038,0.0013733,4.9255
0.01236,0.0012207,4.9109
0.0086975,0.00045776,4.9036
0.01297,0.00015259,4.9121
0.014191,-0.00015259,4.9109
0.012054,0.00015259,4.9109
0.012665,0.0022888,4.9084
0.01297,0.0024414,4.9084
0.01358,0.0022888,4.9109
0.015869,0.0015259,4.8975
0.016632,0.0013733,4.9146
0.019684,0.00061035,0.042725
0.020599,0.0036621,0.046387
0.019073,0.00091553,0.05127
0.01709,0.00030518,0.05127
0.015869,0.00061035,0.056152
0.014954,0.00091553,0.054932
0.015106,0.00030518,0.054932
0.017242,0,0.057373
0.0177,0,0.061035
0.016937,0.00061035,0.063477
0.016022,0.00045776,0.047607
0.015259,0.00061035,0.061035
0.016479,0.00045776,0.062256
0.019073,-0.0022888,0.059814
0.022125,0.00030518,0.062256
0.022736,0.00076294,0.059814
0.02182,0.0012207,0.063477
0.019226,0.0010681,0.061035
0.016327,0.00076294,0.068359
0.013733,0.0010681,0.062256
0.01358,0.00045776,0.067139
0.013733,-0.00061035,0.063477
0.014191,-0.00061035,0.065918
0.015717,-0.00076294,0.074463
0.016174,0.00045776,0.059814
0.016022,0.0010681,0.064697
0.017395,0.0022888,0.057373
0.020599,0.0028992,0.042725
0.023956,0.0033569,0.05127
0.026398,0.0041199,0.045166
0.026855,0.0039673,0.046387
0.02533,0.0045776,0.048828
0.021515,0.0048828,0.042725
0.017853,0.0050354,0.047607
0.015717,0.0050354,0.045166
0.01709,0.0036621,0.042725
0.015106,0.0032043,0.042725
0.015564,0.0019836,0.043945
0.015259,0.00045776,0.040283
0.013123,-0.00045776,0.041504
0.012512,-0.00030518,0.047607
0.012207,-0.00030518,0.036621
0.014191,-0.0010681,0.0354
0.016785,-0.0015259,0.042725
0.018768,-0.0033569,0.030518
0.018616,-0.0035095,0.037842
0.016937,-0.00030518,0.026855
0.014038,-0.0016785,0.042725
0.011292,-0.00015259,0.042725
0.010986,0.0021362,0.042725
0.01297,0.0041199,0.047607
0.015564,0.0047302,0.046387
0.018005,0.0067139,0.056152
0.021057,0.0050354,0.054932
0.0177,0.0038147,0.059814
0.018311,0.0019836,0.056152
0.019989,0.0027466,0.063477
0.023651,0.0035095,0.059814
0.024567,0.002594,0.064697
0.030212,-0.00030518,0.065918
0.029449,-0.004425,0.063477
0.027161,-0.0032043,0.073242
0.023346,-0.0024414,0.059814
0.020447,0.0015259,0.048828
0.019684,0.0024414,0.061035
0.020599,0.0022888,0.063477
0.022278,0.0050354,0.062256
0.022888,0.00076294,0.06958
0.02182,-0.0035095,0.062256
0.019073,-0.0019836,0.064697
0.019379,-0.0016785,0.061035
0.020905,-0.0028992,0.064697
0.020905,-0.00015259,0.054932
0.024719,0.0022888,0.054932
0.023956,-0.00015259,0.056152
0.025024,0.0010681,0.053711
0.022125,0.0047302,0.05127
0.021973,-0.0010681,0.047607
0.02121,0.0033569,0.048828
0.020447,0.0080872,0.048828
0.022125,0.0041199,0.046387
0.025024,0.0090027,0.046387
0.024109,0.0064087,0.041504
0.02121,0.0015259,0.039063
0.018311,0.0033569,0.037842
0.016632,0.00076294,0.039063
0.017548,0.0015259,0.037842
0.018921,0.0057983,0.036621
0.019836,0.00015259,0.042725
0.02182,0.00091553,0.039063
0.020752,-0.0012207,0.039063
0.019836,-0.0028992,0.039063
0.019226,0.00015259,0.042725
0.017395,-0.00015259,0.039063
0.019684,0.0036621,0.036621
0.02182,0.0015259,0.057373
0.02243,0.0024414,0.046387
0.022736,0.0021362,0.05249
0.019379,-0.0012207,0.050049
0.018768,0.0027466,0.032959
0.018158,0.002594,0.053711
0.017548,0.0019836,0.05249
0.019684,0.0045776,0.054932
0.020599,0.0013733,0.058594
0.021057,-0.0013733,0.05249
0.019684,-0.0041199,0.065918
0.015869,-0.002594,0.056152
0.014496,-0.0012207,0.061035
0.013123,-0.00061035,0.057373
0.014648,0.0012207,0.063477
0.016632,0.00015259,0.059814
0.019836,-0.00015259,0.065918
0.021667,-0.00015259,0.068359
0.020599,-0.00076294,0.064697
0.02121,0.0035095,0.068359
0.022888,0.0041199,0.063477
0.023956,0.0045776,2.3059
0.027008,0.0064087,4.7778
0.027618,0.0030518,4.9207
0.028839,0.0024414,4.9304
0.027924,0.00061035,4.9292
0.026093,0.0021362,4.9243
0.025635,0.0039673,4.9255
0.024872,0.0027466,4.9219
0.02655,0.0033569,4.9207
0.028839,0,4.9158
0.028839,-0.0019836,4.9194
0.028687,-0.0018311,4.9109
0.025177,-0.0019836,4.9158
0.022736,0.0010681,4.9146
0.022278,0.0021362,4.9121
0.021667,0.0015259,4.9182
0.02243,0,4.9133
0.023956,-0.0038147,4.9121
0.021973,-0.0053406,4.9109
0.021515,-0.0056458,4.8987
0.020447,-0.0045776,4.9133
0.019989,-0.0027466,4.9023
0.02182,-0.0013733,4.9109
0.022583,-0.0010681,4.906
0.026245,-0.0028992,4.9084
0.027161,-0.0027466,4.9109
0.026703,-0.0022888,4.9084
0.025482,-0.0012207,4.9146
0.024719,0.0021362,4.9146
0.025787,0.002594,4.917
0.027771,0.0032043,4.9182
0.030823,0.0036621,4.9158
0.031738,0.00030518,4.9231
0.033264,0.00091553,4.928
0.030823,0.0013733,4.928
0.028687,0.002594,4.928
0.027618,0.0032043,4.9402
0.027771,0.0032043,4.9353
0.028229,0.0016785,4.9146
0.028534,-0.0018311,4.928
0.027313,-0.0042725,4.9329
0.025482,-0.0056458,4.9292
0.023499,-0.0042725,4.9316
0.022278,-0.0016785,4.9255
0.021973,-0.00061035,4.9353
0.024109,0.00076294,4.9365
0.025177,0,4.9365
0.02594,-0.002594,4.9158
0.025177,-0.0028992,4.9402
0.022736,-0.0041199,4.9329
0.022125,0.00076294,4.9341
0.022278,0.002594,4.9426
0.024261,0.0035095,4.9304
0.02655,0.0030518,4.9121
0.028229,-0.00015259,4.9255
0.03006,-0.00045776,4.9109
0.03006,-0.00091553,4.9194
0.03006,0.002594,4.917
0.032196,0.0059509,4.9219
0.033569,0.0082397,4.917
0.036469,0.0082397,4.9158
0.036774,0.0050354,4.917
0.036469,0.0016785,4.9133
0.034485,0.0013733,4.9109
0.032349,-0.00091553,4.9036
0.030518,0.00076294,4.9133
0.029755,0.0022888,4.9109
0.03067,0.0064087,4.9133
0.031433,0.0013733,4.9084
0.031738,-0.0010681,4.9121
0.030975,-0.0013733,4.9146
0.027618,-0.00091553,4.9109
0.025787,0.002594,4.9194
0.024414,0.0061035,4.9109
0.023651,0.0068665,4.9048
0.02533,0.0067139,4.9158
0.02594,0.004425,4.9133
0.027008,0.0012207,4.9121
0.025787,-0.0035095,4.917
0.024109,0.0016785,4.9194
0.023499,0.0036621,4.9231
0.023651,0.0054932,4.9207
0.023804,0.0061035,4.9304
0.024719,0.0047302,4.9243
0.025024,0.0027466,4.9329
0.023499,0.0018311,4.9316
0.020599,0.0032043,4.9353
0.019531,0.004425,4.9402
0.019531,0.0057983,4.9353
0.021057,0.0054932,4.9365
0.023651,0.0050354,4.9329
0.026245,0.0018311,4.9304
0.026855,-0.00015259,4.9353
0.024567,-0.0016785,4.9329
0.022888,0.0010681,4.9329
0.021057,0.0035095,4.9329
0.020905,0.0042725,4.9365
0.020752,0.0032043,4.9365
0.021667,0.00030518,4.9316
0.021973,-0.0042725,4.9304
0.020447,-0.0047302,4.9243
0.019989,-0.005188,4.9316
0.018768,-0.0019836,4.9255
0.018921,-0.00015259,4.9255
0.02121,0.002594,4.9207
0.022278,-0.0012207,4.9243
0.022888,-0.0035095,4.9182
0.020752,-0.0054932,4.9207
0.022888,-0.0062561,4.9243
0.0177,-0.0028992,4.9146
0.016327,-0.00030518,4.9109
0.017242,0.0048828,0.045166
0.020447,0.0015259,0.043945
0.02243,0.00015259,0.041504
0.024872,-0.0016785,0.039063
0.025787,-0.002594,0.0354
0.026093,-0.0019836,0.040283
0.027008,0.00076294,0.0354
0.027771,0.0024414,0.041504
0.029755,0.0033569,0.039063
0.031738,0.0033569,0.041504
0.031738,0.0010681,0.042725
0.030975,0.00045776,0.041504
0.029449,0.0012207,0.059814
0.027618,0.0032043,0.045166
0.026703,0.0056458,0.05127
0.026398,0.0073242,0.050049
0.027313,0.0047302,0.036621
0.027161,0.0015259,0.042725
0.025787,-0.0010681,0.056152
0.023956,-0.0039673,0.057373
0.021973,-0.0015259,0.056152
0.020294,0.00061035,0.05249
0.020294,0.0013733,0.062256
0.020905,0.0018311,0.062256
0.019989,-0.00030518,0.064697
0.019379,-0.0019836,0.057373
0.017548,-0.0030518,0.074463
0.016327,-0.0032043,0.061035
0.014954,-0.00076294,0.061035
0.014648,0.0012207,0.070801
0.015564,0.0010681,0.068359
0.017548,0.0013733,0.072021
0.021667,-0.00030518,0.064697
0.02121,-0.00091553,0.079346
0.022125,-0.0022888,0.062256
0.022583,0.00076294,0.054932
0.02243,0.002594,0.059814
0.023499,0.0036621,0.05249
0.023499,0.0035095,0.048828
0.024872,0.0032043,0.05249
0.024261,0.0024414,0.050049
0.023193,0.0019836,0.05249
0.021667,0.0033569,0.046387
0.020294,0.005188,0.05127
0.020142,0.0061035,0.042725
0.023346,0.0059509,0.048828
0.023346,0.0047302,0.043945
0.024872,0.0019836,0.043945
0.024719,0.00030518,0.050049
0.023499,0.00030518,0.041504
0.02182,0.0016785,0.043945
0.019836,0.0030518,0.039063
0.019073,0.0035095,0.031738
0.019531,0.0028992,0.040283
0.019379,0.00045776,0.040283
0.019073,-0.00091553,0.036621
0.018768,-0.00091553,0.039063
0.019226,0.00030518,0.037842
0.019684,0.0038147,0.042725
0.020752,0.0056458,0.041504
0.023041,0.0067139,0.045166
0.024261,0.0053406,0.043945
0.024719,0.0038147,0.050049
0.024261,0.0022888,0.05127
0.02182,0.0024414,0.054932
0.021362,0.0032043,0.05127
0.018463,0.0041199,0.059814
0.019379,0.0038147,0.063477
0.020752,0.0022888,0.059814
0.02243,-0.00015259,0.06958
0.023499,-0.0027466,0.059814
0.024261,-0.0019836,0.042725
0.023193,-0.0013733,0.059814
0.021973,0.00030518,0.061035
0.02121,0.0024414,0.062256
0.020294,0.0021362,0.061035
0.020294,0.0010681,0.061035
0.020142,-0.00076294,0.065918
0.019684,-0.0018311,0.065918
0.018768,-0.00015259,0.067139
0.018463,0.0021362,0.061035
0.019073,0.0042725,0.061035
0.019836,0.0057983,0.061035
0.021057,0.0050354,0.061035
0.02243,0.0027466,0.06958
0.023346,0.00091553,0.057373
0.023804,0.0010681,0.05249
0.02243,0.0030518,0.053711
0.020905,0.0061035,0.041504
0.020142,0.0050354,0.048828
0.019684,0.0067139,0.046387
0.018768,0.0042725,0.047607
0.017242,0.0012207,0.046387
0.016174,-0.00030518,0.041504
0.014801,0,0.043945
0.013733,0.0012207,0.040283
0.013885,0.0039673,0.042725
0.014191,0.0028992,0.039063
0.015564,0.0019836,0.041504
0.017242,0.0012207,0.040283
0.018616,-0.00091553,0.042725
0.018768,-0.0018311,0.036621
0.018463,-0.0013733,0.041504
0.018311,-0.00061035,0.047607
0.018158,0.00015259,0.042725
0.017548,0.00076294,0.053711
0.017548,0.00030518,0.039063
0.018463,-0.00076294,0.031738
0.019531,-0.0015259,0.042725
0.02121,-0.0012207,0.046387
0.02243,-0.00030518,0.047607
0.023651,0.0019836,0.05127
0.024567,0.0024414,0.05127
0.024872,0.0016785,0.057373
0.02533,0.00015259,0.053711
0.024719,-0.0010681,0.062256
0.025024,-0.0015259,1.9775
0.023041,-0.00030518,4.7559
0.021973,0.00076294,4.9182
0.021973,0.0010681,4.9304
0.022125,0.0015259,4.9365
0.022736,0.0010681,4.9329
0.023651,0.00030518,4.9304
0.027466,-0.00061035,4.9329
0.026703,0.0018311,4.9402
0.027618,0.0036621,4.9329
0.027008,0.005188,4.9426
0.024719,0.0050354,4.9341
0.023041,0.0032043,4.9353
0.021057,0.0013733,4.9353
0.020294,-0.0024414,4.9353
0.019836,0.00030518,4.9292
0.019073,0.0019836,4.9292
0.01709,0.0035095,4.9231
0.016327,0.0035095,4.9243
0.016479,0.0033569,4.9231
0.017548,0.0013733,4.9243
0.018158,0.00030518,4.9182
0.018158,0.00015259,4.9219
0.017853,0.00015259,4.928
0.016785,0.0012207,4.9182
0.014191,0.0015259,4.9207
0.013885,0.0010681,4.9146
0.01358,0.00015259,4.8975
0.013123,-0.00045776,4.9084
0.013123,0.00076294,4.9121
0.013123,0.0016785,4.9084
0.014496,0.0036621,4.9084
0.015259,0.0045776,4.9048
0.016022,0.0038147,4.9121
0.015717,0.002594,4.9097
0.015717,0.00061035,4.9109
0.014496,-0.0019836,4.9072
0.013428,-0.002594,4.9146
0.01358,-0.0033569,4.9109
0.012207,-0.0027466,4.9158
0.011444,-0.0015259,4.9182
0.0097656,-0.0027466,4.917
0.0099182,-0.0041199,4.9133
0.010681,-0.004425,4.9243
0.013123,-0.0039673,4.9255
0.014801,-0.0030518,4.9219
0.017548,-0.00076294,4.9207
0.019226,0.00076294,4.9292
0.020294,0.0036621,4.9304
0.020905,0.0042725,4.9292
0.021667,0.0036621,4.9329
0.022125,0.0041199,4.9316
0.02243,0.0021362,4.9329
0.023651,0.0035095,4.9292
0.023651,0.0048828,4.9353
0.02243,0.0054932,4.9304
0.022583,0.0042725,4.9377
0.023499,0.0022888,4.9316
0.025024,0.00061035,4.928
0.02655,0.0032043,4.9475
0.027771,0.0013733,4.9365
0.028839,0.0024414,4.9402
0.028534,0.002594,4.9353
0.028229,0.0021362,4.9133
0.027313,0.0015259,4.9304
0.025787,0.00015259,4.928
0.023651,-0.00030518,4.9219
0.020905,-0.00091553,4.9243
0.0177,-0.0015259,4.928
0.014954,-0.0045776,4.9207
0.016479,-0.002594,4.9109
0.014496,-0.0024414,4.9182
0.015259,-0.002594,4.9109
0.01709,-0.0019836,4.9146
0.019073,0.00015259,4.9182
0.020142,0.00015259,4.9158
0.021515,0.00015259,4.9121
0.021057,0,4.9133
0.021362,0.00091553,4.9097
0.020599,0.0022888,4.9109
0.020142,0.0041199,4.9121
0.020599,0.005188,4.8999
0.020142,0.0053406,4.9072
0.021362,0.0048828,4.9072
0.02121,0.0036621,4.906
0.02243,0.0027466,4.9097
0.024414,0.0028992,4.9097
0.02533,0.0013733,4.9084
0.027313,0.0039673,4.9158
0.028839,0.00061035,4.917
0.029449,-0.00061035,4.9207
0.028839,-0.00061035,4.9158
0.027008,0.00015259,4.9341
0.025482,0.00030518,4.9231
0.023651,0.00061035,4.9292
0.022888,0.00091553,4.9414
0.022125,0.00015259,4.9329
0.020294,0.00015259,4.917
0.019836,0.00061035,4.9341
0.019379,0.00045776,4.9158
0.020447,0.00045776,4.9304
0.021515,0.0010681,4.9304
0.022583,0.00015259,4.9329
0.023956,0.00061035,4.9292
0.027618,-0.0010681,4.9341
0.026093,-0.00030518,4.9377
0.025787,-0.0012207,4.9353
0.026855,0.00061035,4.9365
0.02594,0.0013733,4.9329
0.027008,0.0018311,4.9353
0.027008,0.0024414,4.9353
0.028839,0.00091553,0.062256
0.030823,0.0047302,0.064697
0.031891,0.0047302,0.057373
0.032806,0.0038147,0.054932
0.034637,0.0033569,0.05127
0.036163,0.0036621,0.058594
0.036469,0.0042725,0.047607
0.036316,0.0047302,0.048828
0.03479,0.0039673,0.046387
0.032959,0.0032043,0.041504
0.03067,0.002594,0.042725
0.029755,0.0027466,0.043945
0.027771,0.0041199,0.037842
0.027466,0.0035095,0.040283
0.027161,0.0038147,0.032959
0.026398,0.0042725,0.043945
0.025787,0.0033569,0.040283
0.02533,0.0012207,0.041504
0.02182,0.0010681,0.040283
0.022888,0.0013733,0.041504
0.024872,0.0028992,0.047607
0.02594,0.0028992,0.041504
0.026398,0.0032043,0.053711
0.026398,0.0032043,0.037842
0.026093,0.0030518,0.030518
0.024261,0.0032043,0.041504
0.025482,0.0041199,0.046387
0.02594,0.0042725,0.047607
0.026855,0.0050354,0.05127
0.026703,0.0019836,0.053711
0.026398,0.0035095,0.05249
0.026093,0.0022888,0.053711
0.024567,0.00015259,0.062256
0.024719,-0.0013733,0.057373
0.024872,-0.0021362,0.063477
0.02594,-0.002594,0.065918
0.02594,-0.0032043,0.063477
0.026245,-0.0039673,0.068359
0.026245,-0.0042725,0.062256
0.025635,-0.004425,0.061035
0.025177,-0.0045776,0.061035
0.024109,-0.0035095,0.072021
0.025177,-0.0032043,0.063477
0.026398,-0.0035095,0.070801
0.027313,-0.0027466,0.064697
0.029144,-0.0036621,0.064697
0.029602,-0.0036621,0.062256
0.030975,-0.0041199,0.062256
0.032654,-0.0038147,0.057373
0.034027,-0.0041199,0.057373
0.034637,-0.0045776,0.053711
0.034027,-0.0042725,0.054932
0.033722,-0.0038147,0.05249
0.033875,-0.0032043,0.048828
0.032654,-0.002594,0.045166
0.032196,-0.0015259,0.05127
0.033569,-0.00061035,0.061035
0.034332,0.00091553,0.046387
0.03479,0.0015259,0.05127
0.037384,0.0013733,0.046387
0.036316,-0.00015259,0.028076
0.036163,-0.0012207,0.040283
0.035706,-0.0021362,0.039063
0.034943,-0.0024414,0.039063
0.034637,-0.0019836,0.041504
0.033722,-0.0018311,0.039063
0.032349,-0.0021362,0.037842
0.030518,-0.0027466,0.037842
0.028839,-0.0030518,0.039063
0.026855,-0.0019836,0.037842
0.026093,-0.0010681,0.047607
0.026093,-0.00045776,0.040283
0.026093,-0.00030518,0.045166
0.025635,-0.00015259,0.046387
0.024872,-0.0013733,0.046387
0.023651,-0.002594,0.046387
0.022278,-0.0033569,0.05127
0.021667,-0.0030518,0.056152
0.018921,-0.0038147,0.054932
0.020294,-0.0036621,0.048828
0.018921,-0.0024414,0.059814
0.018005,-0.0033569,0.061035
0.017395,-0.0021362,0.057373
0.016174,-0.00061035,0.059814
0.016479,-0.00015259,0.058594
0.01709,0.00015259,0.061035
0.018005,0.0012207,0.059814
0.018616,0.0010681,0.063477
0.022125,0.00076294,0.061035
0.020905,0.00030518,0.062256
0.021973,0.0010681,0.067139
0.02243,0.0028992,0.067139
0.023193,0.0054932,0.075684
0.022736,0.0065613,0.068359
0.022888,0.0091553,0.067139
0.02182,0.0097656,0.065918
0.024261,0.0085449,0.050049
0.020752,0.0073242,0.057373
0.020142,0.0059509,0.056152
0.019226,0.0057983,0.048828
0.019836,0.0050354,0.050049
0.019684,0.005188,0.048828
0.018768,0.0042725,0.047607
0.018158,0.0027466,0.050049
0.016937,0.0015259,0.05127
0.015259,0.0016785,0.043945
0.013428,0.0030518,0.043945
0.01236,0.0042725,0.043945
0.010071,0.0050354,0.043945
0.010376,0.004425,0.039063
0.010071,0.0022888,0.043945
0.0097656,0.0021362,0.047607
0.010681,0.0022888,0.040283
0.01236,0.0022888,0.045166
0.013275,0.0024414,0.041504
0.013428,0.0030518,0.03418
0.015717,0.0019836,3.6438
0.016327,0.0013733,4.8328
0.018158,-0.00030518,4.9023
0.019226,0.0015259,4.9084
0.020447,0.0021362,4.9084
0.021973,0.0035095,4.9158
0.022278,0.0068665,4.9121
0.021667,0.0053406,4.9194
0.022125,0.005188,4.9158
0.021362,0.004425,4.9255
0.020905,0.0048828,4.928
0.019226,0.005188,4.9304
0.0177,0.005188,4.9426
0.016937,0.004425,4.9316
0.015717,0.0053406,4.9316
0.015411,0.0039673,4.9316
0.015564,0.0024414,4.9292
0.014343,0.0018311,4.9304
0.015869,0.00061035,4.928
0.015106,0.00030518,4.9316
0.014648,0,4.9304
0.016632,0.00015259,4.9304
0.014191,0.00061035,4.939
0.014191,0.0010681,4.9365
0.015717,-0.00015259,4.9341
0.01297,0.0028992,4.9329
0.013428,0.0041199,4.928
0.013428,0.0048828,4.9304
0.013885,0.0056458,4.9329
0.015259,0.0053406,4.9304
0.015717,0.005188,4.906
0.0177,0.004425,4.9329
0.018463,0.0042725,4.9255
0.017853,0.0050354,4.9329
0.016937,0.004425,4.9219
0.015869,0.0042725,4.9109
0.013885,0.0036621,4.9182
0.01297,0.0015259,4.9133
0.012817,0.0010681,4.9146
0.010529,-0.00015259,4.9121
0.012207,0.00045776,4.9133
0.013275,0,4.9133
0.014801,0.00061035,4.9109
0.016479,0.0021362,4.9109
0.016174,0.00061035,4.9084
0.017548,0.00030518,4.9146
0.019073,0.0012207,4.9097
0.020294,0,4.8999
0.020447,0,4.9133
0.020294,0.00030518,4.9109
0.019226,-0.002594,4.9109
0.0177,0.00091553,4.9097
0.016479,0.00045776,4.9097
0.016937,0.00030518,4.917
0.019684,0.00015259,4.9194
0.019226,0.0013733,4.9158
0.019989,0.0021362,4.9194
0.020905,0.0032043,4.9243
0.02182,0.0042725,4.9243
0.022278,0.0035095,4.9255
0.023499,0.0028992,4.9304
0.025482,-0.0035095,4.928
0.026093,0.0016785,4.9207
0.025482,0.0018311,4.9316
0.023651,0.0010681,4.9353
0.02121,0.0012207,4.9292
0.018921,0.00091553,4.9329
0.018158,0.00061035,4.939
0.018768,0.00091553,4.9353
0.019073,0.0010681,4.9402
0.018921,0.0013733,4.9365
0.019226,0.0024414,4.9182
0.018311,0.0028992,4.9329
0.018158,0.0022888,4.9353
0.018463,0.0027466,4.9353
0.018768,0.0022888,4.9353
0.018616,0.00091553,4.9292
0.0177,-0.00015259,4.9292
0.016937,-0.0012207,4.9231
0.015717,-0.002594,4.9304
0.01358,-0.0036621,4.9207
0.0099182,-0.0042725,4.9219
0.0074768,-0.0050354,4.9182
0.0074768,-0.0059509,4.9219
0.0080872,-0.0073242,4.9255
0.0082397,-0.0076294,4.9194
0.010529,-0.0085449,4.9109
0.01358,-0.0080872,4.9194
0.015411,-0.007019,4.8999
0.01709,-0.0056458,4.9048
0.019531,-0.0041199,4.9109
0.022583,-0.0027466,4.9121
0.024719,-0.0016785,4.9097
0.026093,-0.0015259,4.9048
0.026855,-0.0015259,4.9109
0.026093,-0.0012207,4.9048
0.024872,-0.002594,4.9097
0.023346,-0.0015259,4.9048
0.02182,-0.0010681,4.9146
0.021667,-0.0019836,4.9146
0.021515,-0.0022888,4.9097
0.021973,-0.0024414,4.9121
0.021973,-0.0028992,4.917
0.022583,-0.0010681,4.9194
0.023041,-0.00030518,4.9207
0.022125,-0.00045776,4.9304
0.021973,-0.00030518,4.9255
0.020752,-0.00091553,4.9182
0.020752,-0.0015259,4.928
0.020294,-0.0013733,4.9316
0.019531,-0.0021362,0.062256
0.018158,-0.0019836,0.062256
0.018616,-0.0012207,0.057373
0.018158,-0.0015259,0.064697
0.019989,-0.0012207,0.059814
0.022888,-0.0018311,0.064697
0.02655,-0.0024414,0.056152
0.028381,-0.0030518,0.067139
0.029907,-0.0045776,0.065918
0.03067,-0.005188,0.067139
0.031433,-0.0045776,0.073242
0.031128,-0.0035095,0.065918
0.030518,-0.0019836,0.058594
0.029297,-0.0010681,0.064697
0.028229,-0.00015259,0.057373
0.026703,0.00061035,0.059814
0.025482,-0.00030518,0.057373
0.023651,-0.00076294,0.048828
0.021515,-0.0012207,0.05249
0.022125,-0.0024414,0.05127
0.021667,-0.0027466,0.050049
0.02243,-0.0039673,0.046387
0.022278,-0.004425,0.05127
0.02182,-0.0062561,0.040283
0.02121,-0.0073242,0.046387
0.020752,-0.0068665,0.046387
0.020142,-0.0057983,0.042725
0.019836,-0.0032043,0.039063
0.021515,-0.0012207,0.041504
0.022583,0.00061035,0.05127
0.024261,0.0019836,0.040283
0.026093,0.0021362,0.050049
0.027313,0.002594,0.041504
0.028534,0.0027466,0.031738
0.030823,0.0028992,0.036621
0.032196,0.0035095,0.039063
0.032806,0.0027466,0.037842
0.032654,0.0015259,0.041504
0.030975,-0.00045776,0.037842
0.029755,-0.0036621,0.045166
0.025787,-0.0035095,0.045166
0.027313,-0.0041199,0.047607
0.026398,-0.0039673,0.047607
0.025787,-0.0035095,0.05249
0.024567,-0.0035095,0.05127
0.024872,-0.005188,0.059814
0.025635,-0.0064087,0.074463
0.027161,-0.0042725,0.058594
0.028381,-0.0062561,0.062256
0.028229,-0.0047302,0.061035
0.027771,-0.0016785,0.057373
0.027618,-0.00030518,0.059814
0.027924,0.00045776,0.061035
0.02655,0.00045776,0.057373
0.02655,0.00076294,0.067139
0.027466,0.0028992,0.061035
0.028076,0.0036621,0.065918
0.029449,0.0056458,0.067139
0.031433,0.0073242,0.068359
0.033417,0.0080872,0.058594
0.03479,0.0054932,0.068359
0.034943,0.0045776,0.059814
0.0354,0.0028992,0.062256
0.0354,0.0032043,0.061035
0.034027,0.0039673,0.059814
0.033569,0.0045776,0.057373
0.030518,0.0062561,0.05249
0.028839,0.0056458,0.064697
0.026245,0.0056458,0.050049
0.024872,0.0050354,0.037842
0.02243,0.0042725,0.047607
0.024872,0.0028992,0.046387
0.025482,0.0027466,0.041504
0.025482,0.002594,0.042725
0.024567,0.0030518,0.040283
0.024261,0.0015259,0.037842
0.023041,0.00091553,0.037842
0.022278,0.00030518,0.042725
0.021973,0.0010681,0.039063
0.02182,0.0027466,0.039063
0.020599,0.0048828,0.042725
0.021667,0.0065613,0.043945
0.017853,0.0076294,0.041504
0.017395,0.0071716,0.041504
0.018158,0.0064087,0.042725
0.018463,0.0056458,0.041504
0.019684,0.0047302,0.040283
0.020294,0.0053406,0.042725
0.020447,0.0073242,0.047607
0.019226,0.0030518,0.047607
0.019684,0.0013733,0.05249
0.020294,-0.00076294,0.050049
0.020905,-0.00045776,0.054932
0.02121,-0.0013733,0.054932
0.02121,-0.00061035,0.062256
0.020447,0.00061035,0.061035
0.02121,0.00061035,0.061035
0.021057,0.00091553,0.061035
0.02243,-0.0010681,0.063477
0.019989,-0.00091553,0.054932
0.024872,-0.00030518,0.062256
0.026245,0.00030518,0.072021
0.026703,0.00061035,0.061035
0.026093,-0.00030518,0.067139
0.027771,-0.00061035,0.064697
0.024414,-0.0010681,0.047607
0.023804,-0.0022888,0.065918
0.023651,0.00015259,0.058594
0.023346,0.00091553,0.061035
0.023651,0.0022888,0.063477
0.022888,0.002594,0.056152
0.023956,0.0022888,0.058594
0.024261,0.00030518,0.053711
0.023651,0,0.053711
0.02533,0.00061035,0.048828
0.024872,0.0010681,0.05249
0.024567,0.0015259,0.046387
0.023346,0.0016785,3.8501
0.022888,0.0013733,4.8511
0.022888,0.0021362,4.9084
0.018768,0.0022888,4.9146
0.018311,0.0027466,4.9158
0.020599,0.0024414,4.9109
0.020752,0.0024414,4.9084
0.02182,0.0030518,4.9219
0.021515,0.0038147,4.9133
0.022736,0.0030518,4.9084
0.023193,0.0035095,4.9084
0.02182,0.0016785,4.9084
0.019226,0.0024414,4.9048
0.017395,-0.0010681,4.9109
0.015106,-0.00061035,4.906
0.013275,0,4.9133
0.011902,0.00045776,4.9109
0.010681,0.00030518,4.9158
0.010376,0,4.9146
0.010071,-0.00015259,4.917
0.011749,0.00045776,4.9292
0.013123,0.00076294,4.9207
0.015259,0.0016785,4.9268
0.016479,0.0024414,4.9243
0.01709,0.0021362,4.9219
0.015411,0.0015259,4.9304
0.015869,-0.00015259,4.9292
0.015717,-0.00045776,4.9304
0.015717,-0.00061035,4.928
0.015564,0.00015259,4.9304
0.01709,0.00045776,4.9316
0.018158,0.0018311,4.9304
0.020447,0.0035095,4.9341
0.021515,0.0033569,4.928
0.022736,0.0028992,4.9353
0.025635,0.0042725,4.9365
0.025635,0.005188,4.9365
0.025177,0.0057983,4.9353
0.022278,0.0064087,4.9377
0.023499,0.0050354,4.9377
0.02121,0.0036621,4.9329
0.020905,0.0013733,4.9414
0.019226,0.00045776,4.9316
0.020294,-0.00030518,4.9158
0.020142,-0.00045776,4.9207
0.020294,0,4.9231
0.020752,0.00091553,4.9207
0.020752,0.0010681,4.9182
0.021057,0.00076294,4.9158
0.021362,0.00061035,4.917
0.02182,0.00076294,4.9146
0.023041,0.0016785,4.9146
0.019226,0.0013733,4.9133
0.019684,0.0010681,4.9158
0.018311,0.00076294,4.9097
0.019073,-0.00030518,4.9109
0.019379,-0.0012207,4.9231
0.020294,-0.0012207,4.9109
0.020599,0.00091553,4.9109
0.021057,-0.00061035,4.906
0.020599,-0.00015259,4.8926
0.020599,-0.00030518,4.9084
0.021057,-0.00091553,4.9109
0.021362,-0.0022888,4.9121
0.020447,-0.0021362,4.9109
0.019226,-0.0015259,4.9084
0.019531,-0.00061035,4.9121
0.017548,0.00045776,4.9146
0.017853,0.0013733,4.9194
0.016479,0.0016785,4.917
0.016632,0.0016785,4.9268
0.017242,0.0015259,4.9243
0.017548,0.00061035,4.928
0.018158,0.0015259,4.9304
0.021362,0.00091553,4.9304
0.019379,0.0015259,4.9353
0.019684,0.00015259,4.9341
0.019073,0,4.9426
0.019836,-0.00015259,4.9316
0.020294,-0.00015259,4.917
0.020599,0.0010681,4.9304
0.021515,0.0032043,4.9304
0.021667,0.0053406,4.928
0.021362,0.0068665,4.9353
0.021667,0.0071716,4.9353
0.02121,0.0059509,4.939
0.021362,0.0047302,4.9316
0.021362,0.0035095,4.9365
0.020142,0.0021362,4.9304
0.018768,0.0012207,4.9329
0.01709,0.0022888,4.9292
0.016327,0.0018311,4.9304
0.014954,0.00015259,4.9329
0.014038,-0.0013733,4.9255
0.012817,-0.0036621,4.9207
0.012054,-0.0033569,4.9182
0.011902,-0.0021362,4.9072
0.011444,-0.0013733,4.9158
0.012665,-0.00091553,4.9158
0.014496,-0.0010681,4.9146
0.016937,-0.0016785,4.9133
0.017853,-0.0021362,4.9084
0.019379,-0.0024414,4.9109
0.021667,-0.00061035,4.9097
0.022583,0,4.9109
0.02243,0.0021362,4.9084
0.023041,0.0033569,4.9109
0.023041,0.0028992,4.9146
0.023499,0.0019836,4.9158
0.02243,0.0027466,0.0354
0.022736,0.0027466,0.041504
0.023346,0.0039673,0.043945
0.023041,0.0065613,0.041504
0.024109,0.0042725,0.048828
0.024109,0.0030518,0.047607
0.025024,0.0013733,0.036621
0.025177,0,0.046387
0.024872,0.00015259,0.05249
0.025482,0.0015259,0.056152
0.024719,0.0038147,0.056152
0.025024,0.0057983,0.057373
0.024261,0.0056458,0.062256
0.023041,0.004425,0.062256
0.021362,0.0036621,0.063477
0.019989,0.0010681,0.057373
0.018463,0.00061035,0.065918
0.017853,0.00076294,0.059814
0.015564,0.00091553,0.061035
0.014496,0.00076294,0.074463
0.012512,-0.0013733,0.061035
0.012207,-0.0050354,0.065918
0.011597,-0.0054932,0.065918
0.010986,-0.007019,0.053711
0.010986,-0.0045776,0.064697
0.010681,-0.0022888,0.063477
0.010071,-0.00045776,0.062256
0.010223,-0.00015259,0.062256
0.010223,-0.0019836,0.056152
0.010834,-0.0027466,0.058594
0.012512,-0.0033569,0.05249
0.014648,-0.0024414,0.054932
0.016937,-0.0065613,0.046387
0.01709,-0.00076294,0.05249
0.019073,-0.0015259,0.047607
0.019989,-0.0039673,0.048828
0.020294,-0.0068665,0.046387
0.025482,-0.009613,0.046387
0.022888,-0.009613,0.048828
0.024109,-0.0082397,0.045166
0.023651,-0.0048828,0.047607
0.02182,-0.005188,0.036621
0.020447,-0.0048828,0.03418
0.019989,-0.0059509,0.039063
0.019226,-0.0071716,0.037842
0.02121,-0.0047302,0.036621
0.02182,-0.0013733,0.040283
0.023041,0.0012207,0.037842
0.023956,0.0053406,0.039063
0.023041,0.0057983,0.039063
0.021973,0.0039673,0.042725
0.020905,-0.00030518,0.037842
0.021362,-0.0010681,0.047607
0.02121,-0.00061035,0.046387
0.021362,-0.00015259,0.048828
0.02243,0,0.062256
0.021515,-0.00076294,0.053711
0.020599,-0.0035095,0.059814
0.020752,-0.004425,0.059814
0.020752,-0.0050354,0.05127
0.022583,-0.0027466,0.061035
0.023956,0,0.058594
0.025177,0.0019836,0.057373
0.02594,0.0036621,0.063477
0.025787,0.0019836,0.058594
0.02533,-0.00030518,0.062256
0.024567,-0.0035095,0.058594
0.023804,-0.0048828,0.064697
0.023499,-0.0038147,0.061035
0.022125,-0.002594,0.064697
0.020599,-0.0018311,0.067139
0.019836,-0.0022888,0.067139
0.018768,-0.0042725,0.067139
0.019073,-0.007019,0.062256
0.018311,-0.0091553,0.070801
0.019379,-0.0090027,0.059814
0.019073,-0.0073242,0.068359
0.017853,-0.007019,0.054932
0.018463,-0.0061035,0.05249
0.018311,-0.0057983,0.050049
0.018463,-0.0064087,0.050049
0.018463,-0.007019,0.043945
0.019989,-0.004425,0.048828
0.02121,-0.00091553,0.042725
0.023346,0.0015259,0.042725
0.024414,0.0042725,0.041504
0.025635,0.0036621,0.043945
0.026093,0.00091553,0.041504
0.027771,-0.0013733,0.041504
0.028687,-0.002594,0.039063
0.03067,-0.0010681,0.039063
0.031281,0.00061035,0.05127
0.027161,0.0022888,0.040283
0.030823,0.00076294,0.039063
0.028839,-0.00076294,0.041504
0.027313,-0.0022888,0.021973
0.023499,-0.0022888,0.0354
0.024567,-0.0013733,0.037842
0.022888,-0.00045776,0.040283
0.021515,0.00076294,0.041504
0.020447,-0.00015259,0.040283
0.019684,-0.0018311,0.047607
0.019379,-0.0042725,0.05127
0.018768,-0.0030518,0.05249
0.018921,-0.0061035,0.048828
0.019531,-0.0045776,0.056152
0.019684,-0.0028992,0.056152
0.019989,-0.00076294,0.059814
0.020752,-0.00061035,0.061035
0.022736,-0.0010681,0.062256
0.023041,-0.00045776,0.064697
0.024261,-0.00015259,0.061035
0.026245,0.0016785,0.073242
0.026855,0.0028992,0.058594
0.027466,0.0022888,0.045166
0.026855,0.0015259,0.062256
0.026245,-0.00015259,0.065918
0.026855,-0.0016785,0.062256
0.025482,-0.0013733,4.2615
0.02594,-0.00045776,4.8877
0.02533,0.0019836,4.928
0.02533,0.0045776,4.9329
0.025635,0.0054932,4.9329
0.025787,0.0065613,4.928
0.026855,0.0061035,4.9292
0.027313,0.0047302,4.928
0.027313,0.0041199,4.9255
0.027008,0.0036621,4.9292
0.027466,0.0054932,4.9231
0.026703,0.0067139,4.9207
0.023804,0.0074768,4.9158
0.022583,0.007019,4.9182
0.020599,0.0064087,4.9146
0.016022,0.0054932,4.9133
0.018311,0.0054932,4.9109
0.018616,0.0062561,4.9146
0.018921,0.0071716,4.9133
0.019073,0.0068665,4.906
0.018616,0.0053406,4.906
0.018616,0.0032043,4.9109
0.018311,0.00061035,4.906
0.018158,-0.00076294,4.9097
0.018311,-0.0012207,4.9084
0.018311,-0.00061035,4.9133
0.017853,0.0012207,4.9084
0.016785,0.0016785,4.9158
0.016479,0.0018311,4.9243
0.017395,0.0018311,4.9146
0.018768,0.00076294,4.9243
0.021515,0.00076294,4.9207
0.022278,0.00030518,4.9048
0.022888,0.00015259,4.9231
0.023499,0.00076294,4.9243
0.023499,-0.00015259,4.9243
0.023804,-0.00091553,4.928
0.024261,-0.0024414,4.9243
0.026703,-0.0021362,4.9341
0.027618,-0.00076294,4.9316
0.028229,0.00091553,4.9341
0.026703,0.0024414,4.9255
0.026703,0.0021362,4.9341
0.025024,0.00061035,4.9316
0.024109,-0.00076294,4.9329
0.025177,-0.0024414,4.939
0.026245,-0.0022888,4.9365
0.027008,-0.00091553,4.9377
0.027161,0.00015259,4.9377
0.026855,0.0019836,4.9451
0.027466,0.0019836,4.9329
0.027924,0.0016785,4.9292
0.028534,0.0021362,4.9316
0.029449,0.0024414,4.928
0.029449,0.0042725,4.9231
0.028992,0.0056458,4.9268
0.027008,0.0057983,4.9243
0.025177,0.005188,4.9207
0.024109,0.0054932,4.9182
0.023651,0.005188,4.9194
0.024872,0.005188,4.9158
0.025787,0.0059509,4.9194
0.024872,0.0071716,4.9109
0.024109,0.0064087,4.917
0.022888,0.007019,4.9243
0.02243,0.0062561,4.9146
0.02182,0.0047302,4.9194
0.022736,0.002594,4.8889
0.022736,0.0015259,4.8999
0.021057,0.0013733,4.9121
0.02243,0.0019836,4.9109
0.0177,0.0021362,4.9084
0.015869,0.0021362,4.9109
0.014648,0.0022888,4.9084
0.014648,0.0018311,4.9097
0.015259,0.0013733,4.9084
0.016479,0.0015259,4.9158
0.016327,0.0015259,4.9109
0.015411,0.0022888,4.9194
0.014648,0.0030518,4.9207
0.015259,0.0028992,4.9243
0.016479,0.0030518,4.9255
0.020294,0.0027466,4.9268
0.02182,0.0024414,4.928
0.022583,0.0030518,4.9231
0.022125,0.0033569,4.9353
0.019989,0.0042725,4.9304
0.018158,0.0045776,4.9255
0.018311,0.0041199,4.9292
0.019684,0.0050354,4.9329
0.020905,0.0030518,4.9329
0.02243,0.0035095,4.9316
0.021362,0.0035095,4.9304
0.020447,0.0053406,4.9377
0.019684,0.0068665,4.9219
0.019989,0.0079346,4.9377
0.02182,0.009613,4.9365
0.024109,0.007019,4.9377
0.024109,0.0061035,4.9341
0.02243,0.0054932,4.9365
0.019989,0.0045776,4.9463
0.016479,0.0038147,4.9316
0.015106,0.0019836,4.9268
0.014954,0.00061035,4.9243
0.016937,0.00045776,4.906
0.018463,-0.0032043,4.9219
0.020294,-0.0022888,4.9158
0.018158,-0.0019836,4.9219
0.018616,-0.00076294,0.045166
0.017853,-0.00030518,0.041504
0.017395,0.00015259,0.046387
0.018616,0.00061035,0.043945
0.019836,0.0015259,0.043945
0.020447,0.0021362,0.039063
0.020905,0.0027466,0.040283
0.018768,0.0028992,0.037842
0.0177,0.0022888,0.039063
0.016174,0.002594,0.046387
0.0177,0.0016785,0.040283
0.019684,0.0013733,0.040283
0.021362,0.00076294,0.040283
0.022278,0.00030518,0.025635
0.020447,0.002594,0.039063
0.019073,-0.00030518,0.05249
0.0177,-0.00091553,0.041504
0.0177,-0.0015259,0.046387
0.018158,-0.0021362,0.043945
0.020142,-0.0021362,0.046387
0.020599,-0.0028992,0.047607
0.016022,-0.0015259,0.056152
0.016327,-0.0032043,0.05249
0.013885,-0.0035095,0.057373
0.01236,-0.0024414,0.057373
0.013733,-0.0028992,0.063477
0.018005,0,0.062256
0.018005,0.00076294,0.064697
0.019684,0.0019836,0.067139
0.019531,0.0022888,0.062256
0.019531,0.0048828,0.072021
0.020752,0.0067139,0.063477
0.024109,0.0088501,0.05127
0.027008,0.0073242,0.064697
0.03006,0.010071,0.063477
0.030975,0.0085449,0.062256
0.029297,0.0067139,0.065918
0.026398,0.0047302,0.063477
0.023041,0.0024414,0.065918
0.020294,0.00015259,0.061035
0.018311,-0.0019836,0.064697
0.018463,-0.0038147,0.056152
0.015717,-0.0054932,0.057373
0.012054,-0.005188,0.056152
0.0085449,-0.007019,0.054932
0.005188,-0.0071716,0.05127
0.0041199,-0.007019,0.047607
0.0064087,-0.007019,0.05249
0.0093079,-0.0085449,0.045166
0.013275,-0.0064087,0.045166
0.015717,-0.0061035,0.046387
0.017242,-0.0050354,0.041504
0.018311,-0.0030518,0.037842
0.019684,-0.0010681,0.040283
0.021667,0.0018311,0.037842
0.025177,0.0035095,0.040283
0.026398,0.0042725,0.036621
0.027771,0.004425,0.042725
0.024872,0.0036621,0.039063
0.025635,0.0021362,0.037842
0.023956,0.0015259,0.040283
0.024414,0.00091553,0.039063
0.025787,0.0018311,0.037842
0.028839,0.00076294,0.043945
0.030975,0.00045776,0.057373
0.031128,-0.00015259,0.046387
0.028992,-0.00076294,0.056152
0.025787,0.00015259,0.050049
0.024261,0.0016785,0.036621
0.023346,0.0035095,0.053711
0.023499,0.0042725,0.057373
0.023804,0.002594,0.056152
0.02243,0.00015259,0.058594
0.019684,-0.0016785,0.058594
0.015564,-0.0028992,0.063477
0.012665,-0.002594,0.061035
0.010834,-0.0013733,0.062256
0.011139,-0.0013733,0.057373
0.012054,-0.0016785,0.063477
0.010529,-0.0032043,0.061035
0.011292,-0.0038147,0.065918
0.0086975,-0.0038147,0.072021
0.007782,-0.0021362,0.061035
0.0076294,-0.00030518,0.065918
0.0094604,0.0019836,0.068359
0.012054,0.0028992,0.075684
0.015259,0.0021362,0.059814
0.016785,0.0010681,0.043945
0.017395,-0.00015259,0.058594
0.01709,-0.00076294,0.056152
0.018768,-0.0012207,0.050049
0.019379,-0.00091553,0.05249
0.021515,-0.0032043,0.047607
0.023651,-0.0056458,0.046387
0.02533,-0.0094604,0.043945
0.023956,-0.011597,0.050049
0.021515,-0.011444,0.046387
0.019684,-0.0099182,0.046387
0.018768,-0.0079346,0.039063
0.018921,-0.007019,0.042725
0.02121,-0.0076294,0.050049
0.022583,-0.0086975,0.040283
0.022736,-0.0083923,0.046387
0.021362,-0.0068665,0.037842
0.020752,-0.0039673,0.021973
0.021057,0.00015259,0.040283
0.022125,0.0035095,0.037842
0.023499,0.0061035,0.036621
0.024567,0.0065613,0.041504
0.025482,0.005188,0.0354
0.023651,0.0035095,0.042725
0.021362,0.00076294,0.039063
0.019989,0.00030518,0.045166
0.020905,0,0.042725
0.022736,-0.0027466,0.050049
0.025177,-0.0027466,0.048828
0.026245,-0.0059509,0.056152
0.025482,-0.0086975,0.05249
0.022583,-0.0094604,4.1272
0.020599,-0.007782,4.8596
0.019531,-0.005188,4.9268
0.020599,-0.0016785,4.9377
0.021362,-0.00030518,4.9304
0.022736,-0.0010681,4.9194
0.02243,-0.0024414,4.9268
0.020447,-0.0035095,4.9158
0.015564,-0.0028992,4.9292
0.015411,-0.00076294,4.9304
0.015717,-0.00030518,4.9292
0.0177,-0.0016785,4.9353
0.018463,-0.0047302,4.9341
0.019226,-0.0088501,4.9365
0.016937,-0.011902,4.9329
0.014496,-0.013885,4.9353
0.012207,-0.012512,4.928
0.010681,-0.011139,4.9316
0.012665,-0.0091553,4.939
0.013123,-0.0074768,4.9304
0.015411,-0.0068665,4.9243
0.016785,-0.007019,4.9243
0.016022,-0.0065613,4.9084
0.016632,-0.0059509,4.9182
0.01709,-0.0050354,4.9182
0.018921,-0.0041199,4.9182
0.023804,-0.0050354,4.9158
0.025787,-0.0061035,4.9133
0.027618,-0.0080872,4.9182
0.028076,-0.0071716,4.9084
0.026703,-0.0036621,4.9133
0.02655,-0.0027466,4.9048
0.026855,0.00045776,4.8999
0.028534,0.0071716,4.9133
0.029602,0.0022888,4.9109
0.03006,0.0012207,4.9109
0.028992,-0.00030518,4.9133
0.028839,-0.00061035,4.9158
0.025024,-0.00015259,4.9146
0.023804,0.0012207,4.9207
0.023804,0.0028992,4.9109
0.025024,0.0015259,4.9048
0.025787,0.00015259,4.9146
0.02533,-0.0015259,4.9121
0.021973,-0.0016785,4.9158
0.020752,-0.00061035,4.9219
0.018463,0.0019836,4.9207
0.019073,0.0028992,4.9255
0.021515,0.0035095,4.9243
0.023346,0.0015259,4.9341
0.025024,-0.0013733,4.9292
0.025024,-0.0028992,4.9316
0.024414,-0.0033569,4.9304
0.023804,-0.00045776,4.9316
0.024567,0.0016785,4.9402
0.024261,0.0028992,4.9353
0.027924,0.0030518,4.9353
0.028992,0.0016785,4.9329
0.028381,0.00091553,4.9365
0.027771,0.0016785,4.9316
0.026245,0.0030518,4.9304
0.027008,0.0059509,4.9316
0.027924,0.0074768,4.9365
0.032043,0.0080872,4.9341
0.032043,0.0079346,4.9341
0.032349,0.0065613,4.9292
0.030975,0.0074768,4.9329
0.029907,0.0079346,4.9268
0.026398,0.0093079,4.9268
0.025635,0.0099182,4.9255
0.024261,0.0064087,4.9255
0.025635,0.0082397,4.9194
0.025177,0.0061035,4.9219
0.025177,0.0047302,4.9292
0.019836,0.0050354,4.9194
0.023346,0.0062561,4.9243
0.022583,0.0082397,4.9133
0.023346,0.010071,4.9097
0.023651,0.0085449,4.9097
0.024567,0.0074768,4.9146
0.024109,0.0056458,4.9109
0.022125,0.0053406,4.9097
0.020447,0.0071716,4.9084
0.018158,0.0086975,4.9158
0.017853,0.010223,4.9084
0.018311,0.011749,4.9109
0.020447,0.0080872,4.9109
0.02182,0.0047302,4.9146
0.021057,0.0027466,4.9109
0.019531,0.0021362,4.9146
0.019073,0.0036621,4.9255
0.018768,0.0054932,4.9158
0.019379,0.0056458,4.9158
0.020142,0.0041199,4.9207
0.02121,0.00076294,4.9133
0.021515,-0.0028992,4.9219
0.021057,-0.0053406,4.9109
0.021667,-0.002594,4.9255
0.021667,0.0010681,4.9304
0.023041,0.0039673,4.928
0.023346,0.0053406,4.9316
0.026855,0.0028992,4.9292
0.028076,-0.00015259,4.9316
0.028229,0.00045776,4.9182
0.027313,0.0016785,4.9353
0.027313,0.0053406,4.9329
0.026703,0.0090027,4.9316
0.027008,0.012207,4.9341
0.023956,0.0080872,0.067139
0.028534,0.0057983,0.072021
0.028992,0.0041199,0.064697
0.027618,0.0068665,0.079346
0.026093,0.0064087,0.063477
0.024872,0.0086975,0.05127
0.024414,0.0097656,0.061035
0.02533,0.0085449,0.054932
0.024261,0.0065613,0.05127
0.024414,0.0056458,0.056152
0.022125,0.0050354,0.050049
0.020447,0.0056458,0.048828
0.019226,0.007019,0.045166
0.017853,0.0074768,0.050049
0.016479,0.0068665,0.043945
0.017548,0.0047302,0.043945
0.017548,0.002594,0.046387
0.01709,0.00076294,0.045166
0.016937,-0.00045776,0.046387
0.015564,0,0.042725
0.014648,0.0013733,0.042725
0.015564,0.00076294,0.040283
0.016479,0.002594,0.029297
0.017853,0.0021362,0.037842
0.018616,0.0010681,0.040283
0.018158,0.0010681,0.037842
0.016327,0.0010681,0.041504
0.015411,0.0018311,0.037842
0.015259,0.0024414,0.041504
0.016785,0.0032043,0.041504
0.018158,0.0024414,0.046387
0.019073,0.00091553,0.043945
0.019226,-0.00076294,0.047607
0.018616,-0.0016785,0.05127
0.017242,-0.00061035,0.05127
0.016174,0.0010681,0.053711
0.017242,0.0016785,0.057373
0.018768,0.00091553,0.061035
0.020142,0,0.058594
0.021362,-0.0010681,0.070801
0.020752,0.00030518,0.062256
0.019684,0.00091553,0.048828
0.019379,0.0028992,0.058594
0.019379,0.004425,0.058594
0.021057,0.0045776,0.061035
0.021515,0.0041199,0.061035
0.021515,0.0018311,0.058594
0.02121,0,0.063477
0.019379,-0.00076294,0.063477
0.018005,-0.00045776,0.067139
0.016022,0.00061035,0.065918
0.018616,0,0.06958
0.017242,-0.00045776,0.059814
0.017395,-0.0018311,0.062256
0.018158,-0.0045776,0.070801
0.018463,-0.0054932,0.054932
0.018768,-0.0041199,0.053711
0.018311,-0.0018311,0.053711
0.018616,0.00015259,0.036621
0.018158,0.00045776,0.048828
0.019073,-0.00045776,0.045166
0.018921,-0.0021362,0.048828
0.019073,-0.0038147,0.043945
0.018616,-0.0033569,0.042725
0.018005,-0.0015259,0.043945
0.017242,0.00015259,0.040283
0.017242,0,0.041504
0.017853,0.00015259,0.037842
0.019226,-0.0019836,0.041504
0.019684,-0.0036621,0.040283
0.019073,-0.0041199,0.041504
0.018463,-0.002594,0.039063
0.017395,-0.0013733,0.041504
0.016174,-0.0013733,0.043945
0.015564,-0.0018311,0.040283
0.015411,-0.0041199,0.048828
0.016479,-0.0056458,0.037842
0.016632,-0.0062561,0.032959
0.016022,-0.0041199,0.043945
0.016174,-0.0010681,0.045166
0.016327,0.00061035,0.046387
0.016479,0.0016785,0.048828
0.017395,0.0012207,0.05127
0.018158,-0.00076294,0.056152
0.018311,-0.0019836,0.054932
0.018311,-0.0024414,0.061035
0.017548,-0.0030518,0.056152
0.017242,-0.0021362,0.064697
0.017395,-0.0019836,0.064697
0.016327,-0.0021362,0.063477
0.017853,-0.0022888,0.070801
0.018311,-0.0033569,0.063477
0.018463,-0.0041199,0.062256
0.018768,-0.0028992,0.062256
0.018463,-0.0018311,0.064697
0.018158,0.0030518,0.063477
0.018158,-0.00076294,0.063477
0.018311,-0.0016785,0.064697
0.0177,-0.0032043,0.067139
0.019073,-0.0042725,0.063477
0.018768,-0.0041199,0.063477
0.019531,-0.0022888,0.057373
0.020905,-0.0015259,0.059814
0.021057,0.0015259,0.05249
0.02243,0.002594,0.054932
0.023651,0.0022888,0.05249
0.025024,0.00091553,0.05249
0.024567,-0.00076294,0.046387
0.022888,-0.00045776,0.042725
0.02243,0.0010681,0.058594
0.019531,0.00045776,0.047607
0.020294,0.0013733,0.053711
0.019684,0.00015259,0.046387
0.019989,-0.0022888,0.032959
0.020447,-0.0027466,0.040283
0.020447,-0.0038147,0.039063
0.020905,-0.002594,0.036621
0.020447,-0.0019836,0.039063
0.02121,-0.0018311,4.5679
0.02121,-0.0024414,4.8865
0.021515,-0.0030518,4.9048
0.02182,-0.002594,4.906
0.024567,-0.0016785,4.906
0.020905,0.0012207,4.9133
0.020294,0.0018311,4.9109
0.017853,0.0038147,4.9146
0.018921,0.00030518,4.9231
0.017853,-0.0018311,4.9109
0.018158,-0.0028992,4.9158
0.020752,-0.0032043,4.9207
0.020142,-0.0019836,4.9219
0.020752,0.00015259,4.9219
0.020599,0.00061035,4.9353
0.020447,0.0012207,4.9194
0.020447,0.00030518,4.9304
0.019684,-0.00015259,4.9292
0.019531,-0.0021362,4.9304
0.020142,0.0015259,4.9084
0.018005,0.0030518,4.9304
0.016174,0.0048828,4.9292
0.015564,0.0045776,4.9353
0.013885,0.0030518,4.9316
0.013428,0.0010681,4.9341
0.013123,-0.00061035,4.9353
0.012512,-0.00076294,4.9402
0.014801,-0.00061035,4.9438
0.015717,-0.00076294,4.9377
0.012512,-0.00076294,4.9377
0.013885,-0.0021362,4.9329
0.014343,-0.0028992,4.917
0.012054,-0.0036621,4.9268
0.011902,-0.002594,4.9243
0.012665,-0.0018311,4.9194
0.013428,-0.00091553,4.9231
0.014343,0.005188,4.9194
0.017548,-0.00015259,4.9146
0.016785,0.00076294,4.9255
0.018005,0.00076294,4.9194
0.020599,0.0015259,4.9121
0.023041,0.0019836,4.9146
0.024719,0.0036621,4.9182
0.02533,0.0047302,4.9133
0.026093,0.0042725,4.9097
0.025787,0.0035095,4.9133
0.023956,0.0027466,4.9109
0.023346,0.00061035,4.9109
0.021667,0.00015259,4.9109
0.022278,-0.00061035,4.9011
0.022888,-0.0019836,4.9158
0.021057,-0.0013733,4.906
0.019226,-0.0032043,4.906
0.019226,-0.0039673,4.9097
0.019073,-0.0036621,4.9121
0.020447,-0.0019836,4.9109
0.021515,-0.00045776,4.9158
0.021973,0.0024414,4.9109
0.021515,0.0042725,4.9231
0.021057,0.0067139,4.9243
0.020752,0.0047302,4.9292
0.019989,0.0033569,4.9255
0.020142,0.0012207,4.9316
0.021667,0.00061035,4.9438
0.022125,-0.00030518,4.9316
0.020752,-0.0010681,4.9353
0.020599,-0.0010681,4.9316
0.018616,-0.002594,4.9146
0.018158,-0.0033569,4.9268
0.018158,-0.0032043,4.9243
0.01709,-0.002594,4.9353
0.019073,-0.00076294,4.9304
0.018921,0.0010681,4.9316
0.019073,0.0012207,4.9365
0.019989,-0.0015259,4.9329
0.021667,-0.0022888,4.9329
0.021973,-0.0039673,4.9329
0.024414,-0.0021362,4.9341
0.025482,-0.0010681,4.9292
0.02594,0.00015259,4.9304
0.026398,-0.00061035,4.9365
0.025635,-0.00076294,4.9219
0.02594,-0.0010681,4.9268
0.026398,0.00045776,4.9231
0.02655,0.0018311,4.9255
0.028839,0.0024414,4.9182
0.025787,0.0019836,4.9304
0.02594,0.00045776,4.9097
0.027161,-0.0015259,4.9182
0.024719,-0.0024414,4.9109
0.02594,-0.0024414,4.9133
0.026398,-0.002594,4.906
0.026245,-0.0032043,4.9133
0.02594,0.00091553,4.906
0.027008,-0.0019836,4.9146
0.02655,0.0041199,4.9097
0.027924,0.00015259,4.9133
0.027618,0.0018311,4.906
0.027466,0.0035095,4.9109
0.028229,0.0045776,4.9158
0.028687,0.004425,4.9146
0.030365,0.0038147,4.9207
0.03067,0.0028992,4.9121
0.031281,0.0019836,4.906
0.032043,0.0015259,4.9243
0.032043,0.0032043,4.9146
0.033722,0.0033569,4.9182
0.032501,0.0039673,0.056152
0.031586,0.004425,0.053711
0.030212,0.0042725,0.05127
0.027924,0.0047302,0.059814
0.027008,0.005188,0.062256
0.024567,0.005188,0.058594
0.023193,0.0057983,0.063477
0.024414,0.005188,0.064697
0.024567,0.0038147,0.063477
0.024414,0.002594,0.067139
0.025482,0.0012207,0.062256
0.026398,-0.00015259,0.062256
0.026703,0.0010681,0.063477
0.027466,0.0024414,0.073242
0.027771,0.004425,0.065918
0.027008,0.0054932,0.075684
0.026245,0.0061035,0.065918
0.024567,0.0054932,0.064697
0.024109,0.0050354,0.06958
0.023804,0.0050354,0.061035
0.023956,0.0061035,0.057373
0.025024,0.0068665,0.058594
0.026703,0.0074768,0.053711
0.027008,0.0067139,0.053711
0.027161,0.0047302,0.053711
0.026855,0.0035095,0.05127
0.026245,0.0027466,0.042725
0.026398,0.0033569,0.046387
0.025482,0.0047302,0.062256
0.024261,0.005188,0.046387
0.020905,0.0048828,0.050049
0.022583,0.0039673,0.043945
0.021667,0.002594,0.026855
0.021515,0.0015259,0.037842
0.022583,0.00091553,0.040283
0.023651,0.0013733,0.039063
0.026093,0.0013733,0.032959
0.02594,0.0010681,0.03418
0.02655,0.00091553,0.042725
0.025787,-0.00030518,0.037842
0.024261,-0.00015259,0.041504
0.023651,-0.00045776,0.040283
0.022736,-0.00015259,0.042725
0.022125,0.00030518,0.041504
0.02182,-0.00030518,0.046387
0.02121,-0.0018311,0.05127
0.021667,-0.0027466,0.047607
0.021667,-0.0042725,0.05249
0.022888,-0.0030518,0.05249
0.023041,-0.002594,0.059814
0.024567,-0.0022888,0.054932
0.026398,-0.0016785,0.048828
0.026245,-0.0018311,0.059814
0.027008,-0.0027466,0.059814
0.025787,-0.0018311,0.059814
0.025482,-0.0012207,0.061035
0.02594,0.00030518,0.062256
0.02533,0.0015259,0.063477
0.025787,0.0027466,0.056152
0.024567,0.002594,0.058594
0.026093,0.0019836,0.063477
0.026703,0.0021362,0.067139
0.026245,0.0013733,0.065918
0.02594,0.0010681,0.068359
0.026855,0.0027466,0.074463
0.026245,0.002594,0.067139
0.026245,0.0065613,0.067139
0.027924,0.0032043,0.061035
0.024109,0.0021362,0.045166
0.022583,0.002594,0.053711
0.021057,0.0028992,0.053711
0.020752,0.0057983,0.047607
0.019836,0.0050354,0.05249
0.019684,0.0056458,0.048828
0.017853,0.005188,0.048828
0.017395,0.0041199,0.045166
0.016327,0.0032043,0.048828
0.016174,0.0024414,0.041504
0.018463,0.0022888,0.047607
0.016022,0.0035095,0.046387
0.015564,0.0038147,0.041504
0.015259,0.0054932,0.040283
0.014648,0.0036621,0.040283
0.015564,0.0032043,0.043945
0.014954,0.0016785,0.039063
0.015106,0.0024414,0.045166
0.017548,0.0030518,0.040283
0.014648,0.0022888,0.037842
0.014801,0.002594,0.040283
0.013885,0.0036621,0.041504
0.013885,0.00076294,0.036621
0.012054,0.00045776,0.041504
0.012665,0.00015259,0.040283
0.012207,-0.0030518,0.046387
0.011902,0.0015259,0.037842
0.011902,0.0022888,0.05127
0.013275,0.0012207,0.05127
0.014496,0.0013733,0.058594
0.015411,0.0012207,0.057373
0.015411,0.0010681,0.061035
0.016022,0.0028992,0.063477
0.015259,0.0021362,0.059814
0.015869,0.0024414,0.061035
0.015259,0.0030518,0.061035
0.017242,0.0028992,0.054932
0.015411,0.0022888,0.056152
0.015106,0.0022888,0.059814
0.016022,0.0021362,0.054932
0.014801,0.0022888,0.063477
0.015106,0.0030518,0.061035
0.016174,0.0028992,0.067139
0.013123,0.0022888,0.064697
0.018616,0.0038147,0.064697
0.018158,0.0039673,0.062256
0.018158,0.0050354,0.064697
0.018158,0.0064087,0.059814
0.0177,0.0065613,0.057373
0.017548,0.0062561,0.058594
0.016632,0.0061035,4.0149
0.014801,0.0054932,4.8718
0.014343,0.0041199,4.9182
0.01358,0.0032043,4.9292
0.012817,0.002594,4.9182
0.013275,0.0024414,4.9072
0.013885,0.0019836,4.9158
0.013428,0.0024414,4.9146
0.01297,0.0022888,4.9121
0.01358,0.0022888,4.9158
0.013733,0.0016785,4.9109
0.014038,0.0015259,4.9146
0.011292,0.0033569,4.906
0.01297,0,4.9109
0.01236,-0.0010681,4.906
0.012054,-0.0030518,4.9133
0.01297,-0.0027466,4.9109
0.013733,-0.0022888,4.9097
0.013885,-0.0013733,4.9097
0.012817,0.0027466,4.9146
0.013885,0.0010681,4.9097
0.013275,0.00061035,4.9109
0.014496,0.00045776,4.9109
0.013885,0.00015259,4.917
0.016327,0.00030518,4.9231
0.018005,0.0012207,4.9255
0.019531,0.0024414,4.917
0.019379,0.0030518,4.9243
0.02243,0.0039673,4.9255
0.023499,0.0036621,4.9255
0.024719,0.0050354,4.9341
0.025482,0.0053406,4.9292
0.026093,0.0057983,4.9158
0.025635,0.0073242,4.9316
0.024261,0.0091553,4.9353
0.021667,0.0068665,4.928
0.017853,0.0048828,4.9377
0.017548,0.0027466,4.9426
0.015717,0.00091553,4.9341
0.015106,-0.00061035,4.9402
0.015106,-0.0018311,4.9365
0.014343,-0.002594,4.9182
0.013275,-0.0032043,4.9329
0.013123,-0.0041199,4.9304
0.012665,-0.0050354,4.9329
0.01358,-0.0056458,4.9292
0.013733,-0.0059509,4.9268
0.015411,-0.0054932,4.928
0.015106,-0.0048828,4.9231
0.016327,-0.0032043,4.9231
0.015869,-0.0016785,4.9158
0.017395,-0.0013733,4.9194
0.019531,-0.00030518,4.9158
0.022125,0,4.9219
0.024719,0.0012207,4.9231
0.026703,0.0024414,4.9182
0.027771,0.0022888,4.9133
0.028229,0.0010681,4.9158
0.027771,-0.00015259,4.9023
0.027924,-0.0016785,4.9084
0.030365,-0.002594,4.9097
0.03006,-0.0018311,4.9097
0.030975,-0.0012207,4.906
0.030518,0,4.9072
0.028839,0.00091553,4.9109
0.027924,0.00076294,4.9084
0.027008,0.0028992,4.9109
0.02594,0.0024414,4.906
0.026093,0.0010681,4.9158
0.025635,0.0012207,4.9133
0.024719,0.0022888,4.9158
0.023346,0.0015259,4.9133
0.020905,0.0022888,4.9207
0.019684,0.0015259,4.9292
0.018158,0.00061035,4.9194
0.018311,-0.00015259,4.9365
0.018158,-0.00015259,4.9292
0.018005,0,4.9207
0.017395,-0.00030518,4.9304
0.016937,-0.0012207,4.9365
0.015411,-0.002594,4.928
0.015106,-0.0027466,4.9304
0.015259,-0.0021362,4.9292
0.016174,-0.0016785,4.9329
0.016937,-0.0012207,4.9316
0.018921,-0.0018311,4.9341
0.019684,-0.0027466,4.9304
0.020447,-0.004425,4.9377
0.020599,-0.0050354,4.9353
0.020447,-0.0054932,4.9353
0.02243,-0.005188,4.939
0.023346,-0.0050354,4.9353
0.024567,-0.0054932,4.9316
0.025635,-0.0061035,4.9316
0.025482,-0.0064087,4.9304
0.024719,-0.0061035,4.9268
0.024872,-0.0045776,4.9207
0.024719,-0.0038147,4.9207
0.025482,-0.0019836,4.9207
0.026245,-0.0016785,4.9194
0.026703,-0.0016785,4.9194
0.024719,-0.0027466,4.9146
0.024261,-0.0035095,4.9194
0.023193,-0.0027466,4.9109
0.022583,-0.0021362,4.9146
0.023804,-0.0018311,4.9121
0.024414,-0.0015259,4.9158
0.024261,-0.0019836,4.9072
0.023804,-0.0024414,4.9133
0.023956,-0.0033569,0.053711
0.022736,-0.0033569,0.040283
0.02121,-0.0045776,0.05127
0.020905,-0.0057983,0.037842
0.020447,-0.0064087,0.024414
0.021362,-0.0067139,0.036621
0.02243,-0.007019,0.045166
0.023346,-0.0073242,0.042725
0.023804,-0.0057983,0.042725
0.025482,-0.0045776,0.040283
0.028076,-0.0033569,0.048828
0.029144,0.0019836,0.047607
0.030365,0.0050354,0.05127
0.030518,0.0073242,0.053711
0.030975,0.0091553,0.061035
0.029907,0.0059509,0.058594
0.028687,0.0036621,0.061035
0.027618,0.0012207,0.076904
0.026398,-0.00030518,0.062256
0.025787,-0.0015259,0.058594
0.024872,-0.0021362,0.062256
0.024414,-0.0028992,0.062256
0.023956,-0.0050354,0.059814
0.022278,-0.0064087,0.057373
0.022125,-0.0079346,0.059814
0.019379,-0.0091553,0.063477
0.019379,-0.0082397,0.059814
0.019379,-0.007019,0.067139
0.018463,-0.0065613,0.065918
0.018921,-0.0065613,0.065918
0.017853,-0.0076294,0.062256
0.017242,-0.0080872,0.064697
0.019226,-0.0065613,0.059814
0.020142,-0.0048828,0.058594
0.022278,-0.0019836,0.054932
0.023499,0.0013733,0.054932
0.025787,0.002594,0.059814
0.026855,0.0022888,0.05249
0.026855,0.0024414,0.062256
0.027771,0.0027466,0.048828
0.028992,0.0036621,0.037842
0.029297,0.0059509,0.045166
0.029449,0.0065613,0.042725
0.028992,0.0067139,0.042725
0.027771,0.0059509,0.040283
0.027924,0.0039673,0.037842
0.026855,0.0021362,0.042725
0.025024,0.0010681,0.040283
0.025482,0.00030518,0.042725
0.023956,-0.00061035,0.037842
0.02243,-0.0019836,0.041504
0.02121,-0.0039673,0.042725
0.020447,-0.0062561,0.040283
0.020447,-0.0071716,0.042725
0.02121,-0.0050354,0.040283
0.020752,-0.0045776,0.043945
0.023651,-0.0016785,0.041504
0.024109,-0.00045776,0.042725
0.024261,0.00030518,0.048828
0.024567,0.0010681,0.0354
0.024567,0.0010681,0.046387
0.024567,0.0018311,0.062256
0.025635,0.0059509,0.054932
0.026398,0.0064087,0.058594
0.027161,0.0076294,0.057373
0.027466,0.0090027,0.059814
0.027924,0.0057983,0.059814
0.027618,0.0067139,0.058594
0.027924,0.0079346,0.062256
0.031281,0.0083923,0.065918
0.029602,0.010071,0.057373
0.030518,0.011597,0.063477
0.029144,0.012512,0.074463
0.027924,0.010834,0.063477
0.026093,0.010986,0.068359
0.025787,0.0086975,0.065918
0.025177,0.0074768,0.046387
0.025177,0.0073242,0.064697
0.024872,0.007782,0.061035
0.024414,0.0099182,0.063477
0.023499,0.011139,0.059814
0.022583,0.010834,0.053711
0.02182,0.010071,0.057373
0.020905,0.0090027,0.05127
0.021515,0.0090027,0.053711
0.021515,0.0094604,0.047607
0.02243,0.010529,0.048828
0.022125,0.011444,0.043945
0.019226,0.010529,0.046387
0.019531,0.0097656,0.048828
0.019226,0.0088501,0.046387
0.01709,0.0065613,0.046387
0.016785,0.0083923,0.042725
0.015869,0.0093079,0.036621
0.016785,0.0094604,0.039063
0.016632,0.0093079,0.024414
0.016479,0.0085449,0.037842
0.016632,0.0064087,0.039063
0.016937,0.004425,0.037842
0.018616,-0.00061035,0.037842
0.019531,0.0016785,0.037842
0.020599,-0.00076294,0.040283
0.02121,-0.00015259,0.039063
0.02121,0.0010681,0.043945
0.021667,0.0024414,0.040283
0.021515,0.0033569,0.046387
0.022888,0.0041199,0.047607
0.022125,0.0036621,0.050049
0.023651,0.0024414,0.064697
0.024261,0.0041199,0.05249
0.024719,0.0068665,0.067139
0.020599,0.0067139,0.057373
0.023346,0.0071716,0.05249
0.02243,0.0053406,0.061035
0.02243,0.0053406,0.061035
0.022278,0.0038147,0.057373
0.02243,0.0045776,0.061035
0.020905,0.0062561,0.059814
0.020294,0.007782,4.4873
0.020142,0.0088501,4.8962
0.019684,0.0071716,4.9292
0.019989,0.0064087,4.9304
0.020447,0.0048828,4.9341
0.021362,0.0041199,4.9377
0.02121,0.0045776,4.939
0.018921,0.0042725,4.9353
0.018921,0.0030518,4.9377
0.019379,0.0021362,4.939
0.019989,0.00061035,4.9304
0.021362,-0.00015259,4.9353
0.020752,-0.00015259,4.9268
0.022125,0.0021362,4.9243
0.022125,0.0038147,4.9194
0.022278,0.0024414,4.9207
0.021515,0.0045776,4.9255
0.020599,0.0039673,4.9207
0.019684,0.0047302,4.9133
0.018463,0.0018311,4.9182
0.017548,0.0013733,4.9133
0.016479,0.00091553,4.9133
0.015717,0.00045776,4.9109
0.014648,-0.00076294,4.9146
0.012665,-0.0013733,4.9097
0.013123,-0.0028992,4.9109
0.01358,-0.0033569,4.9194
0.014496,-0.0047302,4.9097
0.015564,-0.0033569,4.9109
0.016174,-0.0027466,4.9097
0.01709,-0.0021362,4.895
0.018921,-0.00076294,4.9084
0.019684,-0.00045776,4.9109
0.021362,-0.00030518,4.9109
0.022125,0,4.9121
0.021973,0.00045776,4.9109
0.023041,0.00045776,4.9158
0.02182,0.00091553,4.9182
0.022125,0.00061035,4.9219
0.021057,-0.00091553,4.9207
0.02121,-0.0056458,4.9255
0.02121,-0.0030518,4.9268
0.021973,-0.0027466,4.9329
0.021667,-0.0010681,4.9231
0.020294,-0.0016785,4.9329
0.02182,-0.00015259,4.9341
0.021667,0.00061035,4.9341
0.022278,-0.00076294,4.9426
0.02243,-0.0019836,4.9329
0.022278,-0.0022888,4.9243
0.02121,-0.0024414,4.9329
0.019836,-0.0024414,4.9329
0.018768,-0.002594,4.9329
0.018158,-0.0039673,4.9365
0.018311,-0.0059509,4.9316
0.018616,-0.0080872,4.9353
0.021362,-0.007019,4.9304
0.019989,-0.0061035,4.9329
0.020752,-0.0035095,4.9255
0.021362,-0.0022888,4.9255
0.021667,-0.0010681,4.9255
0.021667,-0.00091553,4.928
0.022125,-0.0019836,4.928
0.021667,-0.0024414,4.9207
0.021515,-0.0033569,4.9231
0.021667,-0.0024414,4.9109
0.02182,-0.0022888,4.906
0.021057,-0.0016785,4.9146
0.02121,-0.0010681,4.9146
0.02121,-0.0018311,4.9146
0.021515,-0.0010681,4.9133
0.02182,-0.00091553,4.9097
0.021667,-0.00015259,4.9121
0.021057,0.00030518,4.9097
0.020142,0.00091553,4.9109
0.019836,0.00015259,4.9072
0.019684,-0.00015259,4.9146
0.019073,-0.0015259,4.9084
0.018311,-0.0021362,4.9121
0.018158,-0.0018311,4.9048
0.017395,-0.00091553,4.9121
0.016785,-0.0015259,4.9146
0.016022,-0.00030518,4.9133
0.015411,-0.0015259,4.9219
0.015106,-0.0016785,4.917
0.014343,-0.0016785,4.9084
0.015411,-0.0024414,4.9121
0.015564,-0.002594,4.9231
0.016327,-0.0027466,4.9243
0.016174,-0.0032043,4.9243
0.016937,-0.0041199,4.9243
0.017395,-0.0053406,4.9353
0.019073,-0.0045776,4.9304
0.02182,-0.0054932,4.9316
0.019989,-0.0042725,4.9292
0.020294,-0.0033569,4.9341
0.019989,-0.002594,4.9292
0.019836,-0.00061035,4.9207
0.019226,-0.00061035,4.9451
0.020447,-0.00030518,4.9341
0.020905,-0.0016785,4.9316
0.021973,-0.00045776,4.9377
0.023651,0.00076294,4.9255
0.025635,0.00076294,4.9341
0.024109,0.0013733,4.9353
0.023651,0.0013733,4.9341
0.023193,0.00076294,4.9316
0.022736,-0.00015259,4.9194
0.02182,-0.00076294,4.9292
0.023499,0.0010681,0.05249
0.023499,0.0062561,0.053711
0.023193,0.0039673,0.047607
0.024567,0.0042725,0.05249
0.024567,0.0028992,0.050049
0.024719,0.00076294,0.047607
0.024109,-0.00030518,0.047607
0.025024,-0.00076294,0.046387
0.023956,-0.00015259,0.048828
0.021515,-0.0012207,0.042725
0.018768,0.00045776,0.047607
0.015106,-0.0012207,0.041504
0.011902,-0.0042725,0.029297
0.011139,-0.0071716,0.039063
0.0093079,-0.0088501,0.036621
0.0093079,-0.0086975,0.039063
0.010071,-0.0064087,0.039063
0.010529,-0.0047302,0.037842
0.011902,-0.0048828,0.042725
0.01297,-0.005188,0.039063
0.015106,-0.0021362,0.046387
0.016785,-0.0042725,0.040283
0.018616,-0.00076294,0.046387
0.020905,0.0036621,0.045166
0.02121,0.0067139,0.050049
0.02121,0.0086975,0.064697
0.020752,0.0082397,0.054932
0.019836,0.0064087,0.064697
0.019989,0.005188,0.058594
0.019379,0.0038147,0.053711
0.018616,0.0035095,0.059814
0.019073,0.0027466,0.059814
0.018158,0.0012207,0.059814
0.017853,-0.0012207,0.061035
0.016785,-0.0030518,0.061035
0.016785,-0.0033569,0.063477
0.015564,-0.002594,0.058594
0.016022,0.00045776,0.064697
0.015869,0.0030518,0.061035
0.016022,0.0041199,0.065918
0.014648,0.0045776,0.06958
0.012817,0.0021362,0.072021
0.013275,0.00045776,0.067139
0.015869,-0.00015259,0.065918
0.014496,0.0019836,0.068359
0.017853,0.004425,0.058594
0.019226,0.0097656,0.067139
0.023804,0.0082397,0.056152
0.026703,0.0083923,0.054932
0.028229,0.0090027,0.048828
0.028381,0.0085449,0.05127
0.031891,0.011139,0.046387
0.033112,0.013123,0.046387
0.033722,0.014954,0.042725
0.032501,0.014954,0.047607
0.029907,0.01297,0.042725
0.026398,0.0090027,0.045166
0.024567,0.0061035,0.041504
0.023346,0.0039673,0.045166
0.022278,0.0030518,0.040283
0.021362,0.0019836,0.040283
0.019684,0.00045776,0.05127
0.018463,-0.0013733,0.040283
0.016327,-0.0053406,0.039063
0.013733,-0.0097656,0.040283
0.01297,-0.013428,0.023193
0.012207,-0.015411,0.037842
0.011902,-0.014343,0.043945
0.012665,-0.010681,0.041504
0.013733,-0.0082397,0.039063
0.015259,-0.0047302,0.041504
0.018158,-0.0024414,0.048828
0.020294,0.0012207,0.050049
0.023956,0.0033569,0.05127
0.026855,0.007019,0.05127
0.029297,0.010223,0.062256
0.032043,0.01236,0.058594
0.031738,0.012054,0.062256
0.031891,0.0088501,0.059814
0.032196,0.0050354,0.062256
0.033417,0.0030518,0.064697
0.035095,0.0032043,0.062256
0.036316,0.0050354,0.073242
0.036926,0.010071,0.062256
0.036621,0.0099182,0.047607
0.036011,0.010223,0.061035
0.0354,0.010223,0.064697
0.034637,0.0093079,0.058594
0.034485,0.0088501,0.065918
0.032959,0.0082397,0.063477
0.030518,0.0061035,0.067139
0.028229,0.0050354,0.062256
0.02533,0.0010681,0.065918
0.023346,-0.0035095,0.053711
0.021362,-0.0067139,0.057373
0.019073,-0.0080872,0.057373
0.0177,-0.0073242,0.053711
0.016022,-0.0059509,0.053711
0.012817,-0.0041199,0.05127
0.011292,-0.0028992,0.047607
0.010681,-0.0027466,0.046387
0.011292,-0.0027466,0.039063
0.01236,-0.0021362,0.045166
0.017548,-0.00045776,0.042725
0.020294,0.002594,0.040283
0.022888,0.0064087,0.041504
0.025024,0.0091553,0.039063
0.027313,0.009613,0.039063
0.029755,0.0090027,0.036621
0.032196,0.0083923,0.041504
0.035553,0.007019,0.036621
0.037537,0.007019,0.041504
0.039368,0.007782,0.040283
0.040131,0.0080872,0.041504
0.040588,0.0073242,0.039063
0.040894,0.0047302,0.040283
0.040894,0.0022888,0.057373
0.041046,-0.00030518,4.3481
0.039825,-0.00030518,4.884
0.0383,0.00076294,4.9121
0.0354,0.002594,4.8999
0.031891,0.0048828,4.9231
0.029755,0.0059509,4.9243
0.027618,0.005188,4.9255
0.02655,0.0053406,4.9292
0.027008,0.0041199,4.9243
0.026398,0.0047302,4.9329
0.025787,0.0064087,4.9292
0.023041,0.0076294,4.9353
0.020905,0.007019,4.9268
0.019531,0.0061035,4.9341
0.018463,0.0041199,4.9292
0.019836,0.002594,4.9329
0.019836,0.0024414,4.9414
0.021362,0.0032043,4.9365
0.021973,0.004425,4.9353
0.021515,0.0057983,4.9377
0.023041,0.0061035,4.9451
0.024719,0.004425,4.9316
0.027313,0.0030518,4.9451
0.029755,0.0021362,4.9316
0.032349,0.0021362,4.9255
0.033569,0.0024414,4.9255
0.032501,0.0048828,4.9292
0.031738,0.0045776,4.9231
0.031586,0.0038147,4.9219
0.032196,0.0021362,4.9146
0.033264,-0.00045776,4.9219
0.033722,-0.0013733,4.9146
0.032959,-0.0019836,4.9194
0.029602,-0.0018311,4.9146
0.026093,-0.0027466,4.9158
0.023346,-0.0039673,4.9219
0.021362,-0.0054932,4.9109
0.021057,-0.0071716,4.9207
0.023193,-0.0059509,4.9097
0.024261,-0.0039673,4.8987
0.025177,-0.0016785,4.9109
0.023346,0.0010681,4.9121
0.022736,0.0028992,4.9084
0.021973,0.0030518,4.9109
0.023346,0.0028992,4.9097
0.024261,0.0018311,4.9109
0.024872,0.0018311,4.9097
0.02594,0.0021362,4.9158
0.025024,0.0021362,4.9121
0.024414,0.0035095,4.9182
0.024261,0.004425,4.9194
0.02655,0.005188,4.9207
0.028992,0.0059509,4.9243
0.032196,0.007019,4.9231
0.034332,0.0091553,4.9255
0.032959,0.0091553,4.9292
0.032196,0.010529,4.9353
0.029144,0.010529,4.9353
0.027618,0.0094604,4.9255
0.027924,0.0061035,4.9304
0.026093,0.0036621,4.9316
0.024567,0.0013733,4.9304
0.022583,-0.0010681,4.9292
0.019531,-0.0021362,4.917
0.015717,-0.0024414,4.9341
0.014343,-0.0013733,4.9304
0.014954,-0.0030518,4.9341
0.015717,-0.00045776,4.9329
0.017242,-0.00076294,4.9377
0.016937,-0.00030518,4.9341
0.015259,-0.00030518,4.9353
0.013275,-0.00091553,4.9451
0.01297,-0.0018311,4.9329
0.013275,-0.0032043,4.9243
0.015259,-0.0064087,4.9231
0.016785,-0.0071716,4.9048
0.01709,-0.007019,4.9207
0.016785,-0.0047302,4.9207
0.015564,-0.0019836,4.9182
0.015106,0.00091553,4.9194
0.015564,0.0041199,4.9158
0.017853,0.0053406,4.9158
0.020294,0.0054932,4.9158
0.022583,0.0053406,4.9158
0.023193,0.0018311,4.9048
0.021667,0.0047302,4.9158
0.020447,0.0030518,4.9133
0.019379,0.0021362,4.9121
0.018616,0.00076294,4.9109
0.018616,-0.0010681,4.9109
0.018311,-0.0021362,4.9109
0.016479,-0.0030518,4.9097
0.014954,-0.00061035,4.906
0.011139,-0.0042725,4.9109
0.0093079,-0.0048828,4.9194
0.0091553,-0.0042725,4.9146
0.011749,-0.0045776,4.9121
0.01358,-0.0041199,4.9097
0.015411,-0.0038147,4.9146
0.015106,-0.0032043,4.9158
0.014038,-0.0030518,4.9194
0.01236,-0.0010681,4.9243
0.011597,0.00015259,4.9292
0.012665,-0.0013733,4.9243
0.013885,0.00076294,4.9292
0.016022,0.00045776,4.928
0.015717,-0.00061035,4.9304
0.015259,-0.0022888,4.939
0.013275,-0.0021362,4.9341
0.013275,-0.0024414,4.939
0.014496,-0.0022888,0.064697
0.017548,-0.0015259,0.05127
0.020142,-0.0018311,0.062256
0.02182,-0.00091553,0.062256
0.022888,-0.00030518,0.065918
0.020142,0.0010681,0.067139
0.019836,0.00076294,0.065918
0.019684,0.00061035,0.065918
0.020905,0.0015259,0.061035
0.02182,-0.00061035,0.064697
0.02243,-0.0010681,0.056152
0.021667,-0.0038147,0.059814
0.020905,-0.0013733,0.058594
0.017395,-0.00091553,0.056152
0.016479,-0.00015259,0.056152
0.01709,0.0019836,0.05249
0.018463,0.0038147,0.05127
0.020752,0.0032043,0.041504
0.020599,0.0036621,0.050049
0.02121,0.0042725,0.047607
0.019073,0.004425,0.043945
0.0177,0.0039673,0.039063
0.016937,0.0036621,0.043945
0.016174,0.0028992,0.039063
0.018158,0.0016785,0.039063
0.018158,0.0010681,0.039063
0.015259,-0.00076294,0.042725
0.014343,0.00030518,0.036621
0.012207,0.0015259,0.036621
0.011902,0.0022888,0.040283
0.013275,0.00030518,0.042725
0.014954,0.0041199,0.037842
0.017242,0.0022888,0.041504
0.018005,0.00015259,0.05249
0.016632,0.0030518,0.045166
0.014648,0.002594,0.054932
0.014343,0.0032043,0.048828
0.014496,0.0039673,0.036621
0.015717,0.002594,0.05127
0.018616,0.00076294,0.050049
0.019226,-0.0013733,0.058594
0.018921,-0.002594,0.054932
0.017853,-0.0019836,0.054932
0.020599,-0.00015259,0.061035
0.019989,0.0013733,0.059814
0.02182,0.0030518,0.063477
0.024567,0.0032043,0.058594
0.02594,0.0022888,0.063477
0.026398,0.00091553,0.058594
0.024719,-0.00030518,0.064697
0.023041,0.00045776,0.073242
0.022278,0.0021362,0.063477
0.022888,0.002594,0.063477
0.025024,0.0016785,0.067139
0.027618,0.00015259,0.075684
0.028534,-0.002594,0.061035
0.027008,-0.0036621,0.050049
0.025024,-0.0035095,0.062256
0.024719,-0.0024414,0.061035
0.025787,0.0016785,0.047607
0.027466,0.0028992,0.047607
0.028229,0.0030518,0.05127
0.028534,0.0012207,0.050049
0.027466,0.0013733,0.047607
0.024567,0.0019836,0.053711
0.022583,0.0032043,0.045166
0.02121,0.0045776,0.047607
0.021362,0.0054932,0.045166
0.022736,0.0047302,0.046387
0.024414,0.0041199,0.05127
0.024414,0.0027466,0.042725
0.022888,0.0010681,0.048828
0.018463,0.0019836,0.040283
0.020752,0.0036621,0.030518
0.02121,0.0047302,0.039063
0.023956,0.0028992,0.039063
0.024719,0.0018311,0.036621
0.024109,0.00045776,0.040283
0.023193,0.00045776,0.037842
0.021362,0.00076294,0.040283
0.020294,0.0053406,0.039063
0.020447,0.007019,0.040283
0.021515,0.0064087,0.037842
0.022888,0.0036621,0.047607
0.023651,0,0.050049
0.023956,-0.002594,0.05249
0.022278,-0.0027466,0.050049
0.02121,-0.0016785,0.056152
0.020905,0,0.054932
0.021973,0.0016785,0.058594
0.023651,0.0027466,0.068359
0.024567,0.0027466,0.058594
0.024567,0.0018311,0.056152
0.024109,0.002594,0.062256
0.022125,0.0035095,0.062256
0.020447,0.0065613,0.062256
0.021362,0.0097656,0.062256
0.023499,0.0091553,0.058594
0.025024,0.0059509,0.063477
0.026245,0.0028992,0.064697
0.025177,0.00076294,0.059814
0.023956,-0.00030518,0.065918
0.023193,0.0015259,0.070801
0.022736,0.0041199,0.063477
0.024261,0.0045776,0.064697
0.024719,0.0035095,0.078125
0.025024,0.0015259,0.059814
0.024261,-0.0010681,0.054932
0.023041,-0.0019836,0.054932
0.020905,-0.00045776,0.036621
0.020294,0.0019836,0.050049
0.021057,0.0036621,0.048828
0.02121,0.0042725,0.047607
0.024719,0.0015259,0.043945
0.027008,-0.00045776,0.042725
0.026703,-0.0012207,0.043945
0.025787,-0.00015259,0.80444
0.024872,0.0010681,4.6765
0.023346,0.0030518,4.8853
0.025177,0.0030518,4.9109
0.025482,0.0018311,4.9109
0.026093,-0.0013733,4.9133
0.02533,-0.0042725,4.9072
0.024872,-0.0062561,4.9072
0.022278,-0.005188,4.9097
0.021362,-0.0036621,4.9109
0.022278,-0.0013733,4.9182
0.023346,0,4.9072
0.02655,-0.00076294,4.8816
0.028229,-0.0028992,4.9121
0.027924,-0.0016785,4.9121
0.027008,-0.0028992,4.9109
0.025635,0,4.9158
0.026703,0.0019836,4.9146
0.028381,0.0038147,4.9011
0.029907,0.0027466,4.9207
0.031281,0.00061035,4.9292
0.029907,-0.00091553,4.9255
0.027618,-0.005188,4.9316
0.025024,-0.00091553,4.9304
0.023499,0.00091553,4.9316
0.027771,0.0010681,4.9402
0.025482,-0.00030518,4.9341
0.026093,-0.0030518,4.9316
0.026245,-0.0056458,4.9304
0.025024,-0.0045776,4.9353
0.023651,-0.0032043,4.9304
0.023804,0.00045776,4.9304
0.025482,0.0027466,4.9329
0.027313,0.0036621,4.9353
0.027313,0.0021362,4.9353
0.027924,0,4.9377
0.026855,-0.00045776,4.9304
0.024872,0.00061035,4.9353
0.023956,0.0027466,4.9292
0.024261,0.0038147,4.9304
0.027618,0.0022888,4.9268
0.028229,0.00015259,4.9255
0.029297,-0.0032043,4.9207
0.029755,-0.0056458,4.9207
0.027771,-0.0050354,4.9304
0.025635,-0.0027466,4.9207
0.024261,-0.00030518,4.9231
0.024719,0.004425,4.9182
0.026093,0.0021362,4.9023
0.027618,0.00045776,4.9109
0.028229,-0.00091553,4.9097
0.026703,-0.0010681,4.9109
0.026398,0.00015259,4.9121
0.025177,0.0027466,4.9072
0.02594,0.004425,4.9109
0.027466,0.0064087,4.9097
0.028687,0.0038147,4.9097
0.028534,0.0015259,4.9097
0.027771,0.00030518,4.9133
0.025482,0.0018311,4.9109
0.023804,0.0028992,4.9146
0.023041,0.0047302,4.9207
0.024261,0.0073242,4.9146
0.026093,0.005188,4.917
0.027771,0.0028992,4.9194
0.028534,0.0013733,4.9109
0.027466,0.00061035,4.917
0.026093,0.0010681,4.9353
0.025024,0.0030518,4.9231
0.025177,0.0035095,4.928
0.028839,0.0035095,4.928
0.026398,0.0022888,4.9316
0.026398,0.00045776,4.9316
0.024414,-0.0015259,4.9316
0.022736,0.0016785,4.9292
0.019989,0.0042725,4.9341
0.019836,0.0062561,4.9304
0.021057,0.0065613,4.9329
0.022583,0.004425,4.9316
0.022736,0.0015259,4.9353
0.022583,0.00030518,4.939
0.020752,0,4.939
0.018768,0.0024414,4.9475
0.017853,0.0041199,4.9341
0.018463,0.0045776,4.9207
0.018463,0.0036621,4.9316
0.019989,0.0019836,4.9316
0.019531,0.00030518,4.9268
0.020447,0.00015259,4.9316
0.020599,0.0016785,4.9243
0.020294,0.0035095,4.9231
0.020142,0.005188,4.9182
0.023041,0.0030518,4.9231
0.021973,0.0018311,4.9158
0.023651,-0.00076294,4.9219
0.02243,-0.0030518,4.9182
0.022278,-0.0035095,4.9194
0.018158,-0.0018311,4.917
0.01709,-0.00076294,4.9121
0.017242,-0.0021362,4.9084
0.018463,-0.0013733,4.9121
0.019531,-0.002594,4.8987
0.02121,-0.0033569,4.9072
0.02182,-0.0054932,4.9084
0.022736,-0.0013733,4.9097
0.022125,0.00030518,4.917
0.022583,0.0016785,4.9121
0.02243,0.0015259,4.9109
0.023041,0.00015259,4.9084
0.023346,-0.0012207,4.9121
0.02182,-0.0016785,4.9133
0.020599,-0.00091553,0.040283
0.019379,0.0015259,0.046387
0.018768,0.0033569,0.05249
0.019989,0.0015259,0.043945
0.021515,0.0036621,0.053711
0.023193,0.002594,0.059814
0.022583,0.00076294,0.058594
0.024414,0.00091553,0.070801
0.024261,0.002594,0.061035
0.023499,0.0047302,0.047607
0.024261,0.0059509,0.057373
0.024872,0.0064087,0.059814
0.025482,0.0048828,0.057373
0.024872,0.002594,0.064697
0.023651,0.00076294,0.059814
0.023041,0.00015259,0.067139
0.021362,0.0016785,0.064697
0.021515,0.0024414,0.063477
0.02121,0.0024414,0.061035
0.022736,0.0012207,0.06958
0.022736,-0.00076294,0.064697
0.022278,-0.0018311,0.065918
0.02121,-0.0015259,0.078125
0.018921,-0.00030518,0.061035
0.01709,0.0024414,0.057373
0.016174,0.0035095,0.058594
0.016022,0.0039673,0.042725
0.016937,0.0021362,0.05127
0.017242,-0.00030518,0.054932
0.0177,-0.0013733,0.047607
0.017548,-0.00061035,0.048828
0.01709,0.0018311,0.046387
0.016785,0.0038147,0.047607
0.017395,0.0035095,0.042725
0.019073,0.0042725,0.043945
0.020447,0,0.039063
0.020752,-0.0013733,0.042725
0.019989,-0.00061035,0.040283
0.020142,0.00091553,0.043945
0.018768,0.0035095,0.039063
0.018768,0.0038147,0.040283
0.019379,0.0038147,0.047607
0.019989,0.0022888,0.045166
0.020752,0,0.048828
0.021362,-0.00045776,0.039063
0.020905,0.00045776,0.031738
0.020447,0.0027466,0.043945
0.020752,0.0056458,0.041504
0.020905,0.0064087,0.041504
0.021362,0.0059509,0.046387
0.021973,0.0039673,0.047607
0.021667,0.0016785,0.05249
0.020905,0.0012207,0.05127
0.019989,0.0027466,0.058594
0.019379,0.0033569,0.05249
0.018768,0.0039673,0.062256
0.019226,0.0030518,0.059814
0.019379,0.0012207,0.050049
0.020294,-0.00061035,0.070801
0.020599,-0.00045776,0.064697
0.020599,-0.00045776,0.062256
0.020447,0.0016785,0.062256
0.020752,0.0027466,0.063477
0.020752,0.0018311,0.062256
0.020294,0.00045776,0.063477
0.020142,-0.0018311,0.061035
0.020447,-0.0039673,0.065918
0.019836,-0.0038147,0.061035
0.019989,-0.0022888,0.063477
0.019989,-0.00045776,0.061035
0.019989,0.00045776,0.065918
0.019836,0.0013733,0.057373
0.019836,0.00045776,0.056152
0.02121,-0.00030518,0.057373
0.022125,0.00015259,0.054932
0.022583,0.0015259,0.050049
0.022125,0.0035095,0.05249
0.023041,0.0035095,0.064697
0.022736,0.0045776,0.045166
0.022125,0.0035095,0.054932
0.02182,0.0019836,0.046387
0.02243,0,0.037842
0.02243,0.0019836,0.040283
0.022125,0.0035095,0.042725
0.022125,0.0053406,0.037842
0.021667,0.0067139,0.041504
0.022583,0.0059509,0.039063
0.022736,0.0048828,0.040283
0.023193,0.0036621,0.037842
0.02243,0.0028992,0.042725
0.023041,0.0032043,0.039063
0.022736,0.0042725,0.039063
0.020447,0.0019836,0.040283
0.021515,0.002594,0.042725
0.020294,0.00091553,0.047607
0.019073,-0.00045776,0.043945
0.019836,-0.00091553,0.042725
0.017853,-0.00030518,0.047607
0.016937,0.00076294,0.046387
0.015869,0.0035095,0.050049
0.015717,0.00091553,0.043945
0.014801,-0.0013733,0.054932
0.013275,-0.0028992,0.057373
0.013275,-0.0048828,0.058594
0.01236,-0.0050354,0.061035
0.013428,-0.0041199,0.059814
0.014343,-0.004425,0.075684
0.015717,-0.0042725,0.058594
0.0177,-0.0033569,0.062256
0.019073,-0.0030518,0.059814
0.021362,-0.002594,0.063477
0.024109,0.0010681,0.061035
0.026398,0.00091553,0.065918
0.028229,0.0033569,0.073242
0.029602,0.0041199,0.06958
0.029907,0.004425,0.072021
0.03006,0.004425,0.067139
0.03067,0.0030518,4.5789
0.029907,0.0022888,4.9097
0.029602,0.0028992,4.9231
0.029755,0.0036621,4.9207
0.028381,0.0036621,4.9243
0.028992,0.0032043,4.9243
0.026398,0.0013733,4.9219
0.024872,-0.00076294,4.917
0.023804,-0.0027466,4.9231
0.022583,-0.0013733,4.9146
0.02121,-0.0010681,4.9158
0.020599,0.00045776,4.9158
0.018616,0.0013733,4.9207
0.0177,0.0012207,4.9109
0.01709,0.0016785,4.9146
0.015411,0.0012207,4.9109
0.01236,0.0012207,4.9109
0.012665,0.0012207,4.9133
0.012817,0.0010681,4.9084
0.012817,-0.00061035,4.9097
0.012054,0.00091553,4.9109
0.013275,0.00015259,4.9097
0.014191,0.00030518,4.9097
0.016632,0.0012207,4.9084
0.015717,0.0027466,4.9084
0.021057,0.0039673,4.9109
0.02182,0.0042725,4.9133
0.023041,0.0048828,4.9182
0.024261,0.0048828,4.917
0.024261,0.004425,4.9231
0.02533,0.0047302,4.9255
0.02594,0.0056458,4.9292
0.02594,0.004425,4.9402
0.025482,0.0035095,4.9292
0.024414,0.0013733,4.9292
0.023346,-0.0018311,4.9316
0.022583,-0.0041199,4.9182
0.020752,-0.0059509,4.9292
0.019989,-0.0076294,4.9304
0.019073,-0.0059509,4.9316
0.017548,-0.0050354,4.9292
0.01709,-0.007782,4.9304
0.016022,-0.0041199,4.9353
0.015411,-0.0035095,4.9341
0.015564,-0.0038147,4.9377
0.016327,0.00061035,4.9316
0.017395,0.0053406,4.9304
0.018463,0.0042725,4.9365
0.018921,0.0053406,4.9377
0.019684,0.0053406,4.9353
0.018616,0.005188,4.9329
0.021667,0.0047302,4.9207
0.023346,0.0062561,4.9268
0.025024,0.0076294,4.9341
0.027008,0.0079346,4.9207
0.027924,0.007782,4.9109
0.028534,0.0065613,4.9194
0.029449,0.0054932,4.9109
0.028229,0.0039673,4.9158
0.028992,0.0032043,4.917
0.028839,0.0016785,4.9121
0.028992,-0.00076294,4.9097
0.027924,-0.0012207,4.9011
0.027008,-0.0033569,4.9133
0.025787,-0.0033569,4.9121
0.024261,-0.0073242,4.9133
0.023651,-0.0074768,4.9097
0.022736,-0.0068665,4.9109
0.022125,-0.0054932,4.9243
0.020905,-0.0057983,4.9109
0.019836,-0.0057983,4.9182
0.017548,-0.0059509,4.9097
0.016479,-0.0056458,4.9023
0.016479,-0.005188,4.9146
0.016785,-0.0038147,4.9133
0.018463,-0.0010681,4.9109
0.019379,-0.0010681,4.9194
0.019836,-0.00030518,4.9194
0.020142,-0.0012207,4.9158
0.020905,-0.0013733,4.9255
0.022583,-0.00045776,4.9304
0.025024,0.0010681,4.9255
0.026398,0.0027466,4.9304
0.027771,0.0041199,4.9316
0.028534,0.004425,4.9353
0.028687,0.0038147,4.9304
0.028687,0.0030518,4.9329
0.029907,0.002594,4.9329
0.031433,0.0038147,4.9329
0.032349,0.0032043,4.9353
0.033264,0.0035095,4.9365
0.032196,0.0035095,4.9207
0.031128,0.0022888,4.9329
0.028687,0.0010681,4.9353
0.026855,0,4.9292
0.024414,0.00076294,4.9365
0.023041,-0.00030518,4.9316
0.021362,-0.0010681,4.9329
0.019379,-0.0021362,4.928
0.017395,-0.0032043,4.9243
0.014954,-0.0030518,4.9207
0.013275,-0.002594,4.9255
0.0093079,-0.0012207,4.9194
0.01297,-0.00045776,4.9231
0.015259,-0.00091553,4.9292
0.017395,-0.0015259,4.9182
0.019836,-0.0019836,4.9158
0.021973,-0.0018311,4.9133
0.023499,-0.00015259,4.8962
0.024261,0.0021362,4.9133
0.025177,0.0033569,0.0354
0.028229,0.0045776,0.040283
0.029907,0.0042725,0.039063
0.030365,0.0030518,0.037842
0.030823,0.0033569,0.042725
0.03067,0.0035095,0.0354
0.031433,0.0042725,0.042725
0.032043,0.0053406,0.036621
0.033569,0.0053406,0.042725
0.0354,0.0041199,0.039063
0.035706,0.0036621,0.043945
0.036163,0.0033569,0.039063
0.033875,0.0028992,0.042725
0.032654,0.0013733,0.047607
0.029907,0.0027466,0.05127
0.027466,0.002594,0.054932
0.025635,0.0028992,0.05127
0.023346,0.0019836,0.048828
0.020752,0.0032043,0.056152
0.019684,0.002594,0.058594
0.017395,0.0035095,0.057373
0.017242,0.0039673,0.050049
0.017853,0.0039673,0.058594
0.019989,0.0048828,0.062256
0.02182,0.0039673,0.061035
0.022736,0.0038147,0.064697
0.023193,0.0024414,0.059814
0.02243,0.0022888,0.063477
0.023041,0.0021362,0.062256
0.02243,0.0022888,0.067139
0.024261,0.002594,0.075684
0.024872,0.0010681,0.065918
0.024567,-0.00015259,0.065918
0.023804,-0.0015259,0.064697
0.024719,-0.0022888,0.05127
0.025482,-0.0024414,0.062256
0.026855,-0.0047302,0.058594
0.027771,-0.0038147,0.05127
0.029144,-0.0038147,0.053711
0.030518,-0.0047302,0.05127
0.03006,-0.0061035,0.05127
0.03006,-0.0054932,0.047607
0.030518,-0.0050354,0.048828
0.033722,-0.0038147,0.042725
0.030975,-0.0022888,0.045166
0.031433,-0.00091553,0.047607
0.031281,-0.0018311,0.046387
0.030212,-0.0016785,0.039063
0.031433,-0.0021362,0.041504
0.029602,-0.0018311,0.045166
0.028687,-0.0015259,0.039063
0.027161,-0.0010681,0.043945
0.029297,-0.00030518,0.036621
0.028534,-0.00030518,0.031738
0.028381,0.00045776,0.0354
0.027771,-0.00061035,0.043945
0.027924,-0.00061035,0.040283
0.027618,0.00015259,0.040283
0.026703,0.00030518,0.036621
0.026855,0.0013733,0.043945
0.027313,0.0019836,0.041504
0.027466,0.0012207,0.05127
0.027466,0.0024414,0.047607
0.026855,0.002594,0.05249
0.026703,0.0016785,0.05127
0.02594,0.00015259,0.056152
0.02533,0.0022888,0.074463
0.024567,0.0019836,0.058594
0.024872,0.0016785,0.065918
0.024567,0.0010681,0.062256
0.024109,0.00091553,0.05127
0.023499,0.0012207,0.059814
0.022736,0.0016785,0.058594
0.021973,0.0024414,0.059814
0.020752,0.0016785,0.061035
0.020294,0.00076294,0.057373
0.022278,0.00061035,0.065918
0.018768,0.00015259,0.059814
0.0177,0.0012207,0.067139
0.01709,-0.00030518,0.063477
0.017242,-0.00045776,0.067139
0.017548,-0.00091553,0.063477
0.018463,-0.0018311,0.063477
0.018463,-0.0013733,0.065918
0.016479,-0.0013733,0.059814
0.019684,-0.00076294,0.058594
0.019531,-0.00045776,0.05127
0.019379,0.00045776,0.064697
0.020447,0.0012207,0.050049
0.018311,0.0018311,0.045166
0.018616,0.0036621,0.046387
0.019531,0.0071716,0.045166
0.018616,0.0061035,0.045166
0.018768,0.0064087,0.046387
0.019531,0.0056458,0.039063
0.019989,0.0027466,0.045166
0.018768,0.0054932,0.037842
0.018463,0.0061035,0.040283
0.018158,0.0093079,0.037842
0.018311,0.0068665,0.041504
0.0177,0.0062561,0.041504
0.016327,0.004425,0.041504
0.015411,0.0019836,0.045166
0.014496,0.00045776,0.040283
0.014038,-0.0013733,0.042725
0.013733,-0.00091553,0.036621
0.014496,0.00030518,0.032959
0.014648,0.0033569,0.039063
0.015106,0.0047302,0.040283
0.016327,0.0047302,0.046387
0.016937,0.0038147,0.048828
0.016937,0.00061035,0.047607
0.017242,-0.0010681,0.05249
0.018921,-0.00045776,0.053711
0.019836,0.00061035,0.061035
0.020447,0.0022888,0.056152
0.020142,0.0024414,3.6646
0.019073,0.0027466,4.8523
0.018768,0.002594,4.9255
0.018005,0.0015259,4.9268
0.019531,-0.00015259,4.9304
0.019531,-0.0013733,4.9353
0.018921,-0.0021362,4.9329
0.017853,-0.0022888,4.9377
0.017548,-0.00076294,4.9341
0.017853,0.00030518,4.9158
0.016937,0,4.9353
0.016174,0.00015259,4.9341
0.015106,-0.0019836,4.9353
0.016937,-0.00045776,4.9353
0.016632,0.00061035,4.9292
0.016327,0.0021362,4.9316
0.015869,0.0019836,4.928
0.015564,0.0030518,4.9268
0.015717,0.0024414,4.9207
0.016174,0.0021362,4.9243
0.018158,0.0028992,4.9207
0.020294,0.0039673,4.9219
0.021362,0.0068665,4.9219
0.020905,0.0079346,4.9231
0.021667,0.0085449,4.9158
0.022278,0.0073242,4.9158
0.02243,0.0071716,4.9048
0.025024,0.0083923,4.9097
0.022125,0.0076294,4.9097
0.021362,0.0073242,4.9109
0.020294,0.0061035,4.9109
0.018921,0.004425,4.9084
0.016632,0.0019836,4.9084
0.015869,0.00045776,4.9133
0.015259,-0.0013733,4.8962
0.013885,-0.00015259,4.906
0.01358,0.00045776,4.9158
0.013275,0,4.9097
0.013275,-0.00076294,4.9146
0.011597,-0.0016785,4.9146
0.011139,-0.0032043,4.9158
0.011292,-0.0022888,4.9255
0.011902,-0.0019836,4.9219
0.012817,-0.0018311,4.9329
0.014343,-0.0015259,4.9158
0.015564,-0.0015259,4.9158
0.019226,-0.00091553,4.9255
0.021667,0,4.9268
0.023499,0.00076294,4.928
0.02533,0.0016785,4.9304
0.027313,0.0028992,4.9329
0.028534,0.0035095,4.9329
0.029602,0.0050354,4.9304
0.031586,0.0054932,4.9329
0.031433,0.0059509,4.928
0.030365,0.0054932,4.939
0.029602,0.007019,4.9365
0.029602,0.0059509,4.9353
0.029297,0.0050354,4.9414
0.028534,0.0041199,4.9402
0.027466,0.0027466,4.9353
0.026245,0.0019836,4.9341
0.023956,0.00076294,4.9377
0.022125,-0.00030518,4.9292
0.020599,-0.0010681,4.9243
0.020447,-0.0012207,4.9207
0.020142,-0.00061035,4.9231
0.019073,0.00061035,4.9207
0.018463,0.0019836,4.9194
0.015869,0.0015259,4.9146
0.01358,0.0012207,4.9146
0.012665,0.00030518,4.9158
0.011292,0.0013733,4.9158
0.011444,0.0021362,4.9146
0.012665,0.0022888,4.9194
0.013885,0.0013733,4.9097
0.015106,0.00045776,4.9023
0.014954,-0.00045776,4.9268
0.016174,-0.00076294,4.9109
0.017242,-0.0010681,4.9182
0.017853,-0.00045776,4.9121
0.018311,-0.0010681,4.8962
0.019684,-0.0016785,4.9109
0.020599,-0.0016785,4.9097
0.020142,-0.0024414,4.9097
0.018921,-0.0021362,4.9121
0.019226,-0.0019836,4.9084
0.020447,-0.0022888,4.9133
0.02182,-0.00061035,4.9133
0.023499,-0.0012207,4.9194
0.025482,-0.00076294,4.917
0.02655,-0.0016785,4.9255
0.02655,-0.0019836,4.9243
0.025024,-0.0018311,4.9292
0.024261,-0.0022888,4.9414
0.023193,-0.0018311,4.9304
0.021973,-0.0019836,4.928
0.019836,-0.0021362,4.9268
0.018005,-0.0038147,4.939
0.015411,-0.004425,4.9329
0.012512,-0.0047302,4.9243
0.011292,-0.0053406,4.9329
0.011444,-0.0057983,4.9341
0.012512,-0.0054932,4.9304
0.013428,-0.0054932,4.9353
0.012054,-0.0067139,4.9353
0.01358,-0.0059509,4.9353
0.014496,-0.0061035,4.9329
0.015411,-0.0039673,4.9353
0.018311,-0.0041199,4.9292
0.02121,-0.0016785,0.062256
0.024872,0.00045776,0.058594
0.026398,0.0012207,0.058594
0.028534,0.0013733,0.059814
0.029602,-0.00015259,0.054932
0.031433,-0.0013733,0.062256
0.031128,-0.0013733,0.048828
0.035095,-0.00091553,0.040283
0.035858,-0.00061035,0.046387
0.035706,0.00030518,0.042725
0.033569,-0.0015259,0.039063
0.030518,-0.002594,0.043945
0.028992,-0.0050354,0.039063
0.03006,-0.007019,0.041504
0.026703,-0.0065613,0.036621
0.025482,-0.0047302,0.042725
0.024414,-0.0032043,0.037842
0.02243,-0.0030518,0.043945
0.019379,-0.0039673,0.041504
0.017548,-0.0067139,0.039063
0.017548,-0.011292,0.0354
0.016937,-0.0091553,0.040283
0.017548,-0.0083923,0.043945
0.017548,-0.0073242,0.041504
0.017242,-0.0062561,0.039063
0.017242,-0.0059509,0.045166
0.01709,-0.0062561,0.042725
0.018463,-0.0056458,0.046387
0.020599,-0.0047302,0.05249
0.024414,-0.002594,0.05249
0.027161,0.00015259,0.05249
0.029144,0.0016785,0.056152
0.031281,0.0033569,0.062256
0.031586,0.0028992,0.057373
0.032654,0.0022888,0.064697
0.03418,0.0028992,0.06958
0.034943,0.0018311,0.065918
0.034485,0.0022888,0.058594
0.033264,0.0016785,0.061035
0.031586,-0.0015259,0.068359
0.029907,-0.00076294,0.062256
0.025787,-0.0019836,0.074463
0.025024,-0.0028992,0.064697
0.024261,-0.0032043,0.048828
0.023956,-0.0030518,0.061035
0.023499,-0.0028992,0.065918
0.022125,-0.0041199,0.062256
0.020905,-0.002594,0.061035
0.019379,-0.0054932,0.054932
0.018463,-0.0056458,0.058594
0.018616,-0.0056458,0.05127
0.019379,-0.0041199,0.05127
0.020142,-0.0016785,0.050049
0.019836,-0.00061035,0.05249
0.019531,0.0013733,0.046387
0.019531,0.0021362,0.05249
0.020905,0.0024414,0.053711
0.023804,0.0038147,0.047607
0.028687,0.0028992,0.040283
0.03006,0.0035095,0.043945
0.032043,0.0041199,0.028076
0.032501,0.0048828,0.036621
0.032959,0.005188,0.0354
0.032654,0.0054932,0.039063
0.032654,0.0067139,0.039063
0.032959,0.004425,0.037842
0.032043,0.0088501,0.041504
0.031586,0.010223,0.039063
0.029907,0.0086975,0.039063
0.027771,0.010681,0.039063
0.028381,0.0099182,0.042725
0.029297,0.0090027,0.039063
0.028534,0.0080872,0.043945
0.028229,0.0073242,0.042725
0.027161,0.0067139,0.047607
0.026703,0.0064087,0.058594
0.025024,0.0056458,0.05249
0.025482,0.0038147,0.068359
0.020752,0.0032043,0.054932
0.019684,0.0016785,0.047607
0.017242,0.0016785,0.062256
0.015411,0.0013733,0.061035
0.014954,0.0010681,0.061035
0.014191,0.0015259,0.062256
0.015106,0.0021362,0.058594
0.015564,0.0021362,0.059814
0.016479,0.0024414,0.061035
0.019531,0.0024414,0.064697
0.019684,0.0033569,0.059814
0.021973,0.0042725,0.067139
0.023041,0.0053406,0.070801
0.023041,0.0048828,0.068359
0.024261,0.005188,0.06958
0.023346,0.0045776,0.065918
0.023956,0.0028992,0.062256
0.027618,0.0019836,0.061035
0.02594,0.0013733,0.067139
0.026398,0.0019836,0.058594
0.027008,0.0035095,0.05127
0.027924,0.0013733,0.048828
0.028229,0.0045776,0.05249
0.028229,0.0038147,0.048828
0.028839,0.0032043,0.050049
0.027466,0.0019836,0.043945
0.027161,0.0012207,0.046387
0.024872,0.0019836,0.039063
0.023499,0.0019836,0.043945
0.023041,0.0019836,0.043945
0.021973,0.0010681,0.042725
0.021667,0.00015259,0.039063
0.021667,-0.00061035,0.040283
0.021973,-0.00030518,0.057373
0.021973,0.0010681,0.039063
0.020294,0.0015259,0.045166
0.02121,0.00076294,0.041504
0.020294,0.0015259,0.021973
0.019836,0.0012207,0.03418
0.020142,0.002594,2.3938
0.020905,0.0038147,4.7607
0.021515,0.0045776,4.8962
0.020294,0.0059509,4.9084
0.021973,0.0065613,4.9133
0.023346,0.0068665,4.9158
0.023956,0.0067139,4.9207
0.024414,0.0056458,4.917
0.025024,0.0067139,4.9255
0.024719,0.0033569,4.9231
0.024872,0.00076294,4.9316
0.022888,-0.0018311,4.9292
0.02121,0.00076294,4.9304
0.020447,-0.00061035,4.928
0.019379,-0.0015259,4.9341
0.018768,-0.0013733,4.9438
0.019226,-0.00045776,4.9231
0.018921,0.0010681,4.9194
0.019531,0.0030518,4.9316
0.018158,0.0041199,4.9329
0.019531,0.0050354,4.9365
0.019226,0.0033569,4.939
0.019379,0.0022888,4.9365
0.019226,0.00076294,4.9377
0.018768,-0.00030518,4.9304
0.017548,-0.00015259,4.9353
0.016327,0,4.928
0.016327,0.00045776,4.9268
0.015411,0.00061035,4.9268
0.016174,0,4.928
0.018158,-0.00015259,4.9341
0.019531,0.0010681,4.9231
0.020294,0.0012207,4.9207
0.020752,0.0024414,4.917
0.020599,0.0028992,4.9097
0.021667,0.0028992,4.895
0.020752,0.0013733,4.9121
0.021362,-0.00076294,4.9133
0.019531,-0.0018311,4.9133
0.019531,-0.0022888,4.9097
0.019073,-0.0013733,4.9133
0.015869,-0.00061035,4.8975
0.016785,-0.00061035,4.9109
0.016479,0,4.906
0.016479,-0.0019836,4.9146
0.018005,-0.0038147,4.9109
0.018005,-0.0019836,4.8901
0.018768,-0.00091553,4.906
0.0177,0.00076294,4.9109
0.018463,0.0013733,4.9146
0.018616,0.00061035,4.9133
0.019989,-0.0018311,4.9207
0.019684,-0.002594,4.9255
0.021515,-0.0042725,4.9084
0.020752,-0.0036621,4.9158
0.02182,-0.0021362,4.9194
0.020447,-0.0021362,4.9243
0.02121,-0.0018311,4.9255
0.021362,-0.0033569,4.9243
0.021362,-0.0027466,4.9329
0.018616,-0.004425,4.9341
0.021515,-0.0041199,4.9329
0.021973,-0.0036621,4.9268
0.021362,-0.0027466,4.9304
0.021057,-0.0032043,4.9292
0.020599,-0.0035095,4.9304
0.021667,-0.0047302,4.9463
0.021515,-0.004425,4.9353
0.021515,-0.0042725,4.9353
0.021057,-0.0022888,4.9353
0.020447,0,4.9304
0.019531,0.0013733,4.9353
0.018768,0.002594,4.9353
0.018768,0.0032043,4.9329
0.018616,0.0015259,4.9353
0.018768,0.0027466,4.9231
0.019379,0.0033569,4.9304
0.019531,0.00061035,4.9231
0.02121,0.0067139,4.9207
0.019226,0.0047302,4.9194
0.018158,0.0032043,4.9243
0.018463,0.00076294,4.9158
0.018005,0,4.9207
0.01709,-0.0016785,4.917
0.015411,-0.0019836,4.9109
0.016022,-0.0057983,4.9219
0.016174,-0.0016785,4.9146
0.015564,-0.0021362,4.9207
0.015106,-0.0036621,4.9072
0.016632,-0.0050354,4.8987
0.016174,-0.0054932,4.9133
0.016785,-0.004425,4.9072
0.017242,-0.0042725,4.9084
0.016785,-0.00076294,4.9097
0.016785,-0.00045776,4.9072
0.01709,-0.0019836,4.9133
0.016479,-0.0028992,4.9084
0.01709,-0.0045776,4.9133
0.017242,-0.0042725,4.9097
0.019073,-0.0018311,4.9084
0.019836,0.00061035,4.9194
0.019684,0.00045776,4.9207
0.019073,0.00030518,4.9304
0.019684,-0.00030518,4.9231
0.019989,-0.00045776,4.9292
0.021973,0.00015259,4.9341
0.023346,0.0028992,4.9231
0.024261,0.0035095,4.9304
0.023499,0.0047302,4.9304
0.022278,0.0038147,0.059814
0.021667,0.0012207,0.063477
0.021515,-0.0013733,0.061035
0.021973,-0.0027466,0.063477
0.022125,-0.0019836,0.061035
0.022125,-0.00076294,0.065918
0.02243,-0.00015259,0.058594
0.018616,0.0013733,0.067139
0.016632,0.00091553,0.068359
0.016327,-0.00030518,0.064697
0.019226,0,0.067139
0.018005,0.00076294,0.067139
0.018768,0.0021362,0.06958
0.02182,-0.0010681,0.059814
0.018463,0.0021362,0.072021
0.017395,0.00091553,0.056152
0.016632,-0.0018311,0.05249
0.017548,-0.0039673,0.045166
0.016174,-0.0041199,0.05127
0.016937,-0.0016785,0.050049
0.016174,0.00030518,0.050049
0.015259,0.0012207,0.042725
0.014954,0.00015259,0.048828
0.014496,-0.0012207,0.041504
0.015259,-0.0033569,0.046387
0.015259,-0.0030518,0.043945
0.016327,-0.0021362,0.043945
0.016174,-0.0015259,0.039063
0.015564,-0.0013733,0.042725
0.016632,-0.0018311,0.05249
0.016479,-0.0035095,0.042725
0.01709,-0.0038147,0.046387
0.017242,-0.0035095,0.041504
0.019226,-0.0016785,0.021973
0.019989,-0.00015259,0.039063
0.019684,0.0030518,0.039063
0.018768,0.00091553,0.040283
0.018768,-0.00061035,0.041504
0.017548,-0.0030518,0.039063
0.0177,-0.0082397,0.047607
0.016632,-0.0067139,0.048828
0.016632,-0.0059509,0.053711
0.016479,-0.004425,0.05127
0.014648,-0.002594,0.057373
0.015717,-0.00091553,0.057373
0.014801,0.00015259,0.063477
0.014191,0.00045776,0.064697
0.012512,0.00091553,0.061035
0.014191,0.0033569,0.061035
0.014496,0.0048828,0.062256
0.014801,0.0047302,0.072021
0.015411,0.005188,0.061035
0.016022,0.0028992,0.056152
0.016785,0.00045776,0.062256
0.0177,-0.00061035,0.065918
0.018768,-0.0015259,0.064697
0.019073,0,0.06958
0.019836,0.00091553,0.067139
0.019379,0.0018311,0.064697
0.018921,0.0010681,0.063477
0.018768,-0.00091553,0.059814
0.018768,-0.0030518,0.058594
0.019836,-0.002594,0.058594
0.021057,-0.0019836,0.056152
0.021057,-0.00045776,0.054932
0.024414,0.00061035,0.059814
0.022278,-0.00061035,0.05127
0.02182,-0.0024414,0.05127
0.021057,-0.0042725,0.048828
0.019836,-0.0047302,0.036621
0.018921,-0.0041199,0.046387
0.018463,-0.0018311,0.042725
0.01709,-0.0010681,0.036621
0.016174,-0.00030518,0.042725
0.016785,-0.0016785,0.036621
0.018005,-0.0038147,0.039063
0.020447,-0.0048828,0.036621
0.021973,-0.0050354,0.041504
0.023956,-0.0030518,0.037842
0.024567,-0.00045776,0.041504
0.025482,0.0013733,0.042725
0.025482,0.0015259,0.040283
0.024567,0.00091553,0.0354
0.024261,-0.00015259,0.043945
0.023956,-0.0013733,0.045166
0.023346,-0.00030518,0.042725
0.023499,0.0013733,0.05249
0.023956,0.002594,0.046387
0.024261,0.0036621,0.039063
0.02533,0.0032043,0.05127
0.026093,0.0018311,0.05249
0.027618,0.0013733,0.054932
0.028534,-0.00015259,0.061035
0.029449,0.00030518,0.056152
0.028076,-0.00015259,0.062256
0.027008,0.0012207,0.062256
0.025024,0.00076294,0.062256
0.022888,-0.00061035,0.056152
0.02121,-0.0021362,0.05127
0.020142,-0.0035095,0.061035
0.020447,-0.0038147,0.064697
0.020447,-0.0028992,0.075684
0.017548,-0.0021362,0.062256
0.020599,-0.0018311,0.057373
0.019836,-0.0019836,0.063477
0.020599,-0.0021362,0.065918
0.021973,-0.0024414,0.063477
0.024109,-0.0016785,0.062256
0.02594,-0.00061035,0.062256
0.025787,0.0012207,0.059814
0.025482,0.0033569,0.054932
0.024567,0.0038147,0.056152
0.024261,0.0028992,0.048828
0.024872,0.00091553,0.048828
0.027008,-0.0010681,0.043945
0.028534,-0.0018311,0.05127
0.030212,-0.0015259,0.046387
0.031433,0.00061035,0.050049
0.030823,0.002594,3.678
0.030518,0.0032043,4.8389
0.029907,0.0033569,4.9133
0.029144,0.0022888,4.9109
0.032043,0.0028992,4.9243
0.032806,0.0047302,4.9097
0.031281,0.0071716,4.8999
0.029755,0.0076294,4.9121
0.026703,0.0076294,4.9097
0.025482,0.0054932,4.9084
0.02533,0.0027466,4.9084
0.026093,0.00061035,4.9097
0.026398,0.00091553,4.9109
0.025787,0.0035095,4.9084
0.023346,0.0056458,4.9158
0.02182,0.0068665,4.9121
0.02121,0.0076294,4.9194
0.021057,0.0074768,4.9182
0.02182,0.005188,4.9207
0.023651,0.0035095,4.9231
0.024109,0.0021362,4.9243
0.023346,0.0010681,4.9243
0.021973,0.00076294,4.9292
0.020752,0.00045776,4.9353
0.021362,0.00030518,4.9329
0.019379,-0.0022888,4.9207
0.023804,0.00015259,4.9292
0.024109,0.00061035,4.9329
0.023346,0.0018311,4.9182
0.022888,0.0015259,4.9329
0.02182,0.0010681,4.9292
0.021973,0.00091553,4.9353
0.023499,0.00015259,4.9097
0.026245,-0.0013733,4.9353
0.027924,-0.0015259,4.9341
0.028687,-0.0013733,4.939
0.028839,-0.00030518,4.9316
0.027771,0.00030518,4.9365
0.027924,0.00045776,4.9438
0.028076,0.00030518,4.9304
0.028992,-0.00076294,4.9292
0.03067,-0.0012207,4.9255
0.030365,-0.0019836,4.9011
0.028839,-0.0030518,4.9194
0.027008,-0.0024414,4.9219
0.026398,-0.0019836,4.917
0.025482,-0.00091553,4.9194
0.02594,0.00076294,4.9146
0.026398,0.00091553,4.917
0.026855,0.0016785,4.9146
0.026245,0.0028992,4.9158
0.023804,0.0038147,4.9084
0.023499,0.0047302,4.9158
0.02182,0.005188,4.9121
0.02182,0.0053406,4.9121
0.025177,0.0045776,4.9109
0.02533,0.0035095,4.9133
0.023651,0.0022888,4.9097
0.02243,-0.00061035,4.9109
0.02182,0.0027466,4.906
0.021362,0.0039673,4.9121
0.021515,0.0041199,4.906
0.02243,0.004425,4.9121
0.023956,0.0038147,4.9109
0.024872,0.0027466,4.9121
0.025177,0.0021362,4.917
0.024261,0.0021362,4.917
0.022125,0.0021362,4.9219
0.021362,0.0027466,4.9207
0.02121,-0.0010681,4.9292
0.023041,0.0022888,4.9316
0.023956,0.0018311,4.9329
0.023041,0.0021362,4.9304
0.02121,0.0033569,4.9329
0.019989,0.0033569,4.9377
0.019379,0.0036621,4.9377
0.019379,0.0038147,4.9402
0.020142,0.0022888,4.9341
0.021362,0.0033569,4.9219
0.021667,0.0027466,4.9329
0.018616,0.0027466,4.9341
0.019684,0.0022888,4.928
0.018921,0.0022888,4.9365
0.018463,0.002594,4.9353
0.019531,0.0028992,4.9377
0.021057,0.0021362,4.9316
0.021667,0.0022888,4.9341
0.02121,0.0047302,4.9292
0.018616,0.0035095,4.9304
0.018158,0.0048828,4.928
0.017395,0.0054932,4.9255
0.018463,0.0064087,4.9243
0.019226,0.0062561,4.9231
0.020599,0.0056458,4.9219
0.020447,0.004425,4.9182
0.020142,0.0035095,4.9207
0.019226,0.0030518,4.9182
0.018768,0.0038147,4.9146
0.018768,0.0047302,4.9133
0.017853,0.005188,4.9109
0.020142,0.0045776,4.9133
0.020447,0.004425,4.9097
0.020142,0.0041199,4.8987
0.017395,0.0028992,4.9146
0.016327,0.0036621,4.906
0.015869,0.0038147,4.9121
0.017242,0.0028992,4.9097
0.019531,0.0028992,4.9133
0.020294,0.0021362,0.0354
0.020752,0.0013733,0.041504
0.020142,0.0027466,0.057373
0.018921,0.00030518,0.045166
0.017242,0.0019836,0.048828
0.01709,0.0030518,0.046387
0.018311,0.0027466,0.026855
0.018921,0.0018311,0.05127
0.019379,0.00015259,0.057373
0.018158,-0.0015259,0.057373
0.017242,-0.0016785,0.057373
0.016174,-0.0016785,0.057373
0.016327,-0.00045776,0.063477
0.0177,0.00076294,0.061035
0.018158,0.00061035,0.064697
0.021667,0.0012207,0.058594
0.021667,0.0024414,0.056152
0.019531,0.0015259,0.062256
0.018158,0.0024414,0.063477
0.016327,0.0038147,0.075684
0.015869,0.0050354,0.063477
0.016937,0.0056458,0.063477
0.018768,0.0047302,0.065918
0.019684,0.0042725,0.073242
0.019531,0.0035095,0.063477
0.018921,0.0039673,0.061035
0.018921,0.0053406,0.061035
0.019379,0.0065613,0.059814
0.020447,0.0076294,0.053711
0.020599,0.0073242,0.056152
0.021973,0.0064087,0.05127
0.019379,0.0053406,0.05249
0.019379,0.0050354,0.046387
0.015411,0.0053406,0.053711
0.013885,0.0042725,0.043945
0.013885,0.0030518,0.050049
0.014038,-0.00045776,0.043945
0.014954,-0.0048828,0.045166
0.016022,-0.0059509,0.05127
0.014496,-0.0067139,0.043945
0.01358,-0.0061035,0.05249
0.010529,-0.0050354,0.040283
0.009613,-0.0047302,0.029297
0.0094604,-0.0045776,0.039063
0.014801,-0.0057983,0.039063
0.016327,-0.007019,0.036621
0.016174,-0.0064087,0.040283
0.015717,-0.0056458,0.0354
0.015411,-0.0048828,0.030518
0.015411,-0.0024414,0.039063
0.018005,-0.0019836,0.046387
0.020294,-0.0022888,0.039063
0.023193,-0.0030518,0.047607
0.023346,-0.0030518,0.050049
0.022888,-0.0019836,0.05127
0.022888,-0.00030518,0.054932
0.022736,0.0010681,0.056152
0.023499,0.0010681,0.053711
0.02594,0.00061035,0.058594
0.027313,-0.0019836,0.064697
0.028381,-0.0042725,0.059814
0.027161,-0.0064087,0.05127
0.024414,-0.0057983,0.058594
0.022278,-0.0042725,0.061035
0.021057,-0.0039673,0.061035
0.021057,-0.0015259,0.062256
0.020905,-0.0024414,0.058594
0.02121,-0.0042725,0.064697
0.019531,-0.0045776,0.063477
0.0177,-0.0047302,0.065918
0.014954,-0.0012207,0.065918
0.014038,0.00076294,0.067139
0.013885,0.0019836,0.061035
0.014496,-0.00015259,0.063477
0.015259,-0.0033569,0.075684
0.015259,-0.0068665,0.059814
0.014648,-0.0090027,0.056152
0.01358,-0.0094604,0.054932
0.013275,-0.0079346,0.0354
0.014648,-0.0068665,0.050049
0.014496,-0.0061035,0.047607
0.018616,-0.007019,0.047607
0.019531,-0.0074768,0.047607
0.019379,-0.0073242,0.041504
0.018616,-0.0079346,0.047607
0.016937,-0.0036621,0.041504
0.017242,-0.0016785,0.040283
0.019073,-0.00045776,0.039063
0.021057,-0.00091553,0.043945
0.022736,-0.0032043,0.041504
0.023651,-0.0054932,0.041504
0.023651,-0.0062561,0.039063
0.023499,-0.0054932,0.040283
0.021362,-0.0041199,0.037842
0.021515,-0.0033569,0.040283
0.021515,-0.0033569,0.036621
0.02121,-0.0057983,0.037842
0.020142,-0.0088501,0.028076
0.018005,-0.014496,0.040283
0.014038,-0.010376,0.045166
0.014496,-0.0074768,0.042725
0.013123,-0.0030518,0.046387
0.014191,0.0013733,0.046387
0.015717,0.0012207,0.053711
0.017395,0.00030518,0.05127
0.018158,-0.00015259,0.059814
0.017242,0.00091553,0.058594
0.016937,0.0028992,0.062256
0.01709,0.0048828,0.059814
0.014648,0.0065613,0.065918
0.019226,0.0050354,0.070801
0.020905,0.0015259,0.061035
0.02121,-0.0015259,0.068359
0.02121,-0.0042725,0.057373
0.02121,-0.0033569,0.053711
0.019836,-0.00076294,0.062256
0.020142,0.0015259,0.063477
0.019684,0.002594,0.061035
0.023804,0.0016785,0.067139
0.025177,-0.0012207,4.4409
0.024872,-0.0028992,4.9011
0.023041,-0.0028992,4.9243
0.021973,-0.00091553,4.9304
0.020905,0.00061035,4.9255
0.021057,0.0010681,4.9268
0.022125,-0.00045776,4.9243
0.022888,-0.0045776,4.9268
0.02182,-0.0085449,4.9207
0.0177,-0.011444,4.9231
0.017853,-0.011139,4.9255
0.017548,-0.010071,4.9146
0.018311,-0.0076294,4.9255
0.022125,-0.0061035,4.9146
0.022736,-0.0067139,4.9182
0.022888,-0.0067139,4.9097
0.021667,-0.0061035,4.9121
0.022736,-0.0048828,4.9097
0.020905,-0.0013733,4.9109
0.020599,0.0010681,4.906
0.023804,0.0027466,4.9158
0.026703,0.0030518,4.9072
0.027618,0.0012207,4.9084
0.027313,0.00015259,4.9097
0.026093,-0.0032043,4.9133
0.026703,0.00045776,4.9109
0.026855,0.0018311,4.9194
0.027771,0.0042725,4.928
0.028992,0.0032043,4.9158
0.028992,0.00091553,4.9182
0.027466,-0.00076294,4.9109
0.026245,0.00015259,4.9023
0.023956,0,4.9219
0.023041,0.0022888,4.9231
0.022583,0.0033569,4.9243
0.026398,0.0030518,4.9268
0.023651,0.00061035,4.928
0.023651,-0.0021362,4.9292
0.02243,-0.0042725,4.9304
0.021515,-0.0019836,4.9316
0.020142,-0.0018311,4.9292
0.018768,0,4.9329
0.019226,0.0015259,4.9329
0.019989,0.0013733,4.9329
0.02243,0.00061035,4.9341
0.022736,0.00045776,4.9341
0.023499,0.0022888,4.939
0.022888,0.0045776,4.9402
0.023651,0.0068665,4.95
0.024414,0.0079346,4.9353
0.026703,0.0068665,4.9268
0.028992,0.0041199,4.9329
0.028687,0.0018311,4.928
0.028534,0.0016785,4.9231
0.026703,0.0024414,4.928
0.026245,0.0048828,4.9146
0.026093,0.0061035,4.9219
0.028687,0.0082397,4.917
0.029144,0.0059509,4.9194
0.029907,0.0050354,4.9158
0.030212,0.0045776,4.928
0.026245,0.0057983,4.9182
0.025787,0.0091553,4.917
0.024719,0.011292,4.9182
0.024109,0.011902,4.9146
0.024567,0.010376,4.9097
0.024872,0.0088501,4.917
0.024261,0.007019,4.8914
0.022736,0.0067139,4.9121
0.020294,0.0076294,4.9097
0.018463,0.0088501,4.9084
0.0177,0.0085449,4.8877
0.014038,0.0071716,4.9133
0.018921,0.0047302,4.9133
0.017853,0.0015259,4.9097
0.017548,0.00045776,4.9158
0.016022,0.00045776,4.9121
0.016174,0.0022888,4.9158
0.017853,0.0045776,4.9255
0.018768,0.0067139,4.9231
0.021057,0.0050354,4.9207
0.022278,0.0041199,4.9255
0.024261,0.0028992,4.9292
0.024261,0.002594,4.9292
0.023499,0.0035095,4.939
0.022736,0.0041199,4.9304
0.022736,0.0048828,4.9207
0.023041,0.0042725,4.9329
0.024414,0.0036621,4.9341
0.025177,0.0027466,4.9316
0.024414,0.0021362,4.9304
0.023956,0.0018311,4.928
0.023041,0.0018311,4.9377
0.02182,0.0030518,4.9304
0.022736,0.0032043,4.9377
0.023956,0.0039673,4.9316
0.025024,0.002594,4.9377
0.02533,0.0021362,4.9158
0.023804,0.0018311,4.9341
0.022125,0.0019836,4.9438
0.021057,0.0039673,4.9329
0.019989,0.0050354,4.928
0.020294,0.0050354,4.9255
0.021973,0.0035095,4.906
0.022888,0.0018311,4.9207
0.022888,0.00015259,4.9219
0.02182,0.00030518,4.917
0.021057,0.0013733,0.05127
0.021057,0.0038147,0.042725
0.021362,0.0047302,0.045166
0.024261,0.0050354,0.045166
0.025177,0.0035095,0.043945
0.025482,0.0027466,0.040283
0.02533,0.0028992,0.042725
0.023804,0.0041199,0.041504
0.022583,0.0056458,0.041504
0.02182,0.0038147,0.037842
0.02182,0.0050354,0.045166
0.021515,0.0030518,0.046387
0.02182,0.0010681,0.042725
0.021057,0.0022888,0.050049
0.020752,0.0013733,0.037842
0.020447,0.0030518,0.029297
0.019226,0.0038147,0.043945
0.019531,0.0030518,0.042725
0.019684,0.0013733,0.043945
0.019836,-0.00030518,0.048828
0.019836,-0.0027466,0.05127
0.019684,-0.0027466,0.053711
0.019226,-0.0012207,0.053711
0.018158,0.00030518,0.059814
0.016937,0.0015259,0.057373
0.019684,0.0019836,0.062256
0.020447,0.00015259,0.065918
0.021667,-0.00045776,0.064697
0.023346,0.00015259,0.073242
0.022888,0.0012207,0.061035
0.023346,0.0033569,0.064697
0.02243,0.0050354,0.062256
0.021515,0.0047302,0.058594
0.021515,0.0033569,0.065918
0.020447,0.0018311,0.064697
0.019836,0.00015259,0.062256
0.019379,-0.00030518,0.065918
0.019073,0.00030518,0.064697
0.018158,0.0012207,0.064697
0.016632,0.00076294,0.061035
0.017242,0.0015259,0.064697
0.016937,-0.00045776,0.053711
0.017395,-0.0012207,0.057373
0.0177,-0.0010681,0.056152
0.0177,0.00045776,0.056152
0.017548,0.0024414,0.048828
0.016327,0.0033569,0.046387
0.01709,0.002594,0.059814
0.018311,0.0015259,0.048828
0.018616,-0.00045776,0.057373
0.019379,-0.0016785,0.043945
0.019073,-0.0033569,0.036621
0.018921,-0.0035095,0.039063
0.018768,-0.0032043,0.039063
0.018768,-0.0027466,0.039063
0.018616,-0.0027466,0.039063
0.019531,-0.0038147,0.0354
0.019989,-0.0038147,0.039063
0.018463,-0.0030518,0.039063
0.019989,-0.0021362,0.040283
0.020294,-0.00030518,0.039063
0.019989,0.0024414,0.041504
0.019836,0.0010681,0.042725
0.020447,0.00045776,0.042725
0.020599,-0.00061035,0.054932
0.017548,-0.00076294,0.045166
0.020752,-0.0010681,0.047607
0.020599,-0.00076294,0.05127
0.019684,-0.0024414,0.037842
0.018463,-0.0010681,0.05249
0.018005,-0.0018311,0.061035
0.0177,-0.0032043,0.057373
0.018463,-0.0048828,0.057373
0.018768,-0.004425,0.058594
0.018463,-0.0036621,0.062256
0.018005,-0.002594,0.059814
0.016632,-0.0035095,0.062256
0.016632,-0.0013733,0.054932
0.015106,-0.0010681,0.058594
0.015564,-0.0013733,0.058594
0.017242,-0.0012207,0.064697
0.017548,0,0.067139
0.019226,0.0013733,0.067139
0.018158,0.0021362,0.070801
0.018463,0.0016785,0.068359
0.018311,0.00030518,0.076904
0.018921,-0.00045776,0.061035
0.019379,-0.0013733,0.045166
0.020447,-0.0013733,0.061035
0.020905,-0.00076294,0.056152
0.020294,-0.00045776,0.05127
0.018616,-0.0012207,0.053711
0.020142,-0.0024414,0.047607
0.020599,-0.0038147,0.048828
0.020905,-0.0048828,0.043945
0.022278,-0.004425,0.05127
0.022125,-0.0039673,0.042725
0.020905,-0.0036621,0.047607
0.018311,-0.0038147,0.046387
0.015869,-0.0053406,0.043945
0.014343,-0.0065613,0.040283
0.012207,-0.0065613,0.041504
0.009613,-0.0056458,0.039063
0.012817,-0.0033569,0.039063
0.013733,-0.00091553,0.032959
0.014191,0.004425,0.040283
0.014954,0.0019836,0.037842
0.016937,0.0016785,0.036621
0.018158,0.0012207,0.040283
0.019836,0.00091553,0.040283
0.022278,0.0015259,0.041504
0.021515,0.0022888,0.039063
0.021667,0.0030518,0.043945
0.021362,0.00015259,0.042725
0.020905,-0.00076294,0.040283
0.021515,-0.0024414,0.048828
0.02121,-0.0019836,0.05249
0.022888,-0.0016785,0.05127
0.023499,0,1.5149
0.024719,0.0012207,4.7339
0.024872,0.0016785,4.9133
0.024872,0.0021362,4.9304
0.023346,0.0024414,4.9329
0.02182,0.0022888,4.9158
0.021057,0.0021362,4.928
0.021362,0.0012207,4.9316
0.019073,0.00015259,4.9316
0.017853,-0.0010681,4.928
0.015564,-0.0019836,4.9316
0.013275,-0.002594,4.9353
0.01236,-0.0030518,4.9341
0.011902,-0.0027466,4.9365
0.011749,-0.007019,4.9304
0.012817,-0.0018311,4.9353
0.013275,-0.0016785,4.9316
0.014038,-0.0015259,4.9329
0.012817,-0.00076294,4.9353
0.01297,0,4.9316
0.013428,0.0016785,4.9304
0.017548,0.0021362,4.9255
0.015564,0.0028992,4.9304
0.016479,0.0024414,4.9182
0.017242,0.0019836,4.9341
0.018921,0.0012207,4.9182
0.019073,0.00030518,4.9182
0.019836,0.00061035,4.9133
0.022125,0.00091553,4.9207
0.023346,0.00061035,4.9121
0.022888,0.0018311,4.9133
0.023041,0.0018311,4.9084
0.021667,-0.00076294,4.9121
0.019989,-0.00015259,4.9109
0.019684,-0.0015259,4.9109
0.018768,-0.0019836,4.9109
0.019226,-0.00091553,4.9133
0.018311,-0.00015259,4.917
0.01709,0.00061035,4.9097
0.016785,0.0016785,4.9207
0.014648,0.0019836,4.9109
0.015869,0.0036621,4.9023
0.016479,0.005188,4.9146
0.017242,0.0050354,4.9146
0.017242,0.0074768,4.9158
0.018005,0.007019,4.9194
0.017548,0.0065613,4.917
0.016327,0.0022888,4.9219
0.017548,0.0022888,4.9255
0.019073,0.0022888,4.9316
0.02121,0.0028992,4.928
0.023041,0.0036621,4.9329
0.023804,0.0033569,4.9329
0.022888,0.0022888,4.9329
0.023041,0.0010681,4.9329
0.022583,-0.00030518,4.9304
0.024567,-0.00030518,4.9353
0.026245,0.00061035,4.9316
0.028534,0.0013733,4.9414
0.028229,0.0013733,4.9341
0.028687,0.0016785,4.928
0.029144,0.00091553,4.9341
0.027466,0.0013733,4.9353
0.027466,0.0027466,4.9353
0.027161,0.0038147,4.9353
0.026855,0.0042725,4.9292
0.026093,0.0042725,4.9316
0.02594,0.0028992,4.9243
0.024567,0.00061035,4.928
0.023651,-0.00045776,4.9207
0.023651,-0.0012207,4.9231
0.024414,-0.0012207,4.9194
0.023346,-0.00030518,4.9207
0.023804,0,4.9329
0.023651,0.00015259,4.917
0.023193,-0.00015259,4.9194
0.023193,-0.00030518,4.9133
0.023193,0.00015259,4.8999
0.022888,0.00030518,4.9109
0.023346,-0.00015259,4.9097
0.023956,-0.00030518,4.9097
0.024414,-0.00061035,4.906
0.026245,-0.0013733,4.9072
0.026245,-0.00045776,4.9109
0.026703,-0.00015259,4.9097
0.026703,0.00045776,4.9084
0.027466,0.00045776,4.906
0.028229,-0.00015259,4.9182
0.027008,0,4.9011
0.02655,0.00015259,4.9158
0.026093,0.00076294,4.9146
0.024261,0.0010681,4.9182
0.024567,0.00030518,4.9158
0.024872,0.0012207,4.9243
0.026093,0.0010681,4.928
0.027618,0.0021362,4.9255
0.027924,0.00015259,4.9182
0.028229,0,4.9292
0.026398,-0.00030518,4.9194
0.024719,-0.00045776,4.9292
0.024567,0.00076294,4.9316
0.023804,0.0010681,4.9292
0.023804,0.00076294,4.9341
0.02243,0.0013733,4.9268
0.022125,0.00045776,4.9341
0.021667,0.00030518,4.9304
0.02182,-0.00015259,4.9365
0.025024,0.00015259,4.9304
0.023346,0.0010681,0.065918
0.023346,0,0.074463
0.022583,0.0019836,0.065918
0.022125,0.0015259,0.06958
0.02121,0.002594,0.062256
0.020447,0.0027466,0.046387
0.019836,0.0071716,0.059814
0.021515,0.0062561,0.053711
0.022278,0.0076294,0.05249
0.023041,0.0080872,0.05249
0.024109,0.0068665,0.048828
0.024872,0.005188,0.05249
0.024719,0.0047302,0.046387
0.02655,0.004425,0.050049
0.024719,0.0050354,0.043945
0.024719,0.0064087,0.046387
0.024261,0.0065613,0.048828
0.023956,0.0057983,0.043945
0.024719,0.0048828,0.041504
0.023651,0.0030518,0.041504
0.023804,0.0024414,0.042725
0.023651,0.0035095,0.041504
0.023804,0.0035095,0.036621
0.023193,0.0033569,0.039063
0.022888,0.005188,0.0354
0.02182,0.0027466,0.036621
0.02121,0.0018311,0.041504
0.019379,0.0021362,0.037842
0.018616,0.0041199,0.041504
0.018616,0.0045776,0.037842
0.018768,0.0057983,0.046387
0.018005,0.0050354,0.046387
0.0177,0.0035095,0.050049
0.018158,0.0010681,0.047607
0.018768,0.0016785,0.05249
0.019531,-0.00015259,0.05249
0.021057,0.00061035,0.059814
0.020752,0.00015259,0.070801
0.021362,-0.00076294,0.059814
0.020905,-0.002594,0.065918
0.02121,-0.0030518,0.062256
0.021667,-0.0036621,0.047607
0.021667,-0.004425,0.064697
0.021973,-0.0036621,0.056152
0.021973,-0.005188,0.061035
0.022888,-0.004425,0.061035
0.018768,-0.0038147,0.059814
0.023346,-0.0028992,0.065918
0.024567,-0.0018311,0.057373
0.025482,-0.0013733,0.068359
0.02594,-0.00030518,0.062256
0.026245,-0.00015259,0.068359
0.027008,0.00045776,0.063477
0.026703,0.0021362,0.062256
0.026703,0.0027466,0.063477
0.025024,0.0021362,0.058594
0.025177,0.002594,0.058594
0.024261,0.0022888,0.053711
0.022278,0.0022888,0.059814
0.02243,0.0022888,0.047607
0.022278,0.0032043,0.053711
0.021515,0.0010681,0.045166
0.02243,0.0028992,0.042725
0.022583,0.0018311,0.041504
0.022125,0.0010681,0.043945
0.019379,0.00045776,0.029297
0.020142,0,0.040283
0.019379,0.0010681,0.037842
0.018005,0.0027466,0.037842
0.017548,0.0024414,0.037842
0.016632,0.0024414,0.041504
0.016022,0.002594,0.041504
0.016174,0.0062561,0.042725
0.01709,0.0027466,0.050049
0.019226,0.002594,0.041504
0.020447,0.0035095,0.050049
0.021057,0.0033569,0.040283
0.02182,0.0035095,0.031738
0.021667,0.0039673,0.045166
0.02121,0.0045776,0.043945
0.020142,0.005188,0.046387
0.019684,0.0041199,0.05127
0.019684,0.0038147,0.050049
0.019379,0.0024414,0.056152
0.018768,0.0030518,0.054932
0.018463,0.0035095,0.062256
0.019073,0.004425,0.057373
0.019226,0.0047302,0.063477
0.019836,0.0036621,0.063477
0.019073,0.0036621,0.064697
0.018311,0.0027466,0.062256
0.016174,0.0021362,0.064697
0.01709,0.0010681,0.064697
0.016632,0.0016785,0.063477
0.016174,0.0022888,0.072021
0.014496,0.0018311,0.063477
0.013885,0.00045776,0.053711
0.013123,0,0.063477
0.018463,0.0022888,0.065918
0.013428,0.00076294,0.064697
0.013733,0.0024414,0.062256
0.01358,0.0024414,0.054932
0.013733,0.00061035,0.059814
0.013428,0.0022888,0.054932
0.014191,0.0012207,0.053711
0.015411,0.00030518,0.046387
0.016327,0.00061035,0.05249
0.018311,0.0012207,0.045166
0.018616,0.0015259,0.047607
0.018768,0.0022888,0.057373
0.018768,0.0019836,0.045166
0.018768,0.0013733,0.039063
0.019073,0.0021362,0.046387
0.019379,0.0032043,0.025635
0.021362,0.0021362,0.036621
0.021362,0.002594,0.040283
0.021362,0.0010681,0.0354
0.019836,0,0.040283
0.019073,-0.0010681,4.071
0.019073,-0.0010681,4.8535
0.020142,-0.0045776,4.9011
0.02182,0,4.9072
0.022278,0.00045776,4.9048
0.022583,0.00030518,4.9121
0.021362,0.0013733,4.9109
0.019684,0.00045776,4.9146
0.018311,0.00030518,4.9121
0.018005,0,4.9182
0.018616,-0.00061035,4.9231
0.019073,-0.0018311,4.9194
0.018311,-0.0024414,4.9329
0.018158,-0.0027466,4.9255
0.01709,-0.0032043,4.9146
0.016479,-0.0027466,4.928
0.016327,-0.0019836,4.9304
0.016785,-0.0013733,4.9292
0.016785,-0.0010681,4.9304
0.01709,-0.0015259,4.928
0.018158,-0.0022888,4.9304
0.018005,-0.0018311,4.928
0.018768,-0.0012207,4.939
0.018921,-0.0010681,4.928
0.019989,0.00045776,4.9329
0.021057,0.00076294,4.9341
0.022736,0.0010681,4.9377
0.024414,0.0019836,4.9426
0.02594,0.0030518,4.9402
0.026398,0.0050354,4.9353
0.02594,0.0059509,4.9353
0.02594,0.0065613,4.9316
0.025787,0.0056458,4.9231
0.026855,0.0045776,4.9255
0.027161,0.0024414,4.9219
0.027008,0.0012207,4.9255
0.025635,0.00061035,4.9219
0.024261,-0.00015259,4.9194
0.022583,-0.00076294,4.9158
0.02121,-0.0019836,4.9182
0.020599,-0.0028992,4.9133
0.021362,-0.0035095,4.9146
0.021973,-0.0039673,4.9158
0.022125,-0.0039673,4.9182
0.022278,-0.0041199,4.9121
0.020599,-0.0045776,4.9133
0.019684,-0.0050354,4.9219
0.018768,-0.0050354,4.9084
0.019989,-0.0050354,4.9182
0.020905,-0.0036621,4.9084
0.021515,-0.002594,4.895
0.022736,-0.0013733,4.9084
0.022888,-0.0019836,4.9084
0.023651,-0.0019836,4.9133
0.024719,-0.0013733,4.9097
0.025482,-0.00045776,4.9109
0.026855,0.0018311,4.9133
0.029144,0.0030518,4.9158
0.030975,0.0041199,4.9207
0.032349,0.00091553,4.917
0.032501,-0.0016785,4.9268
0.032196,-0.0024414,4.9255
0.032196,-0.0027466,4.9292
0.032501,-0.0012207,4.9365
0.032654,-0.00045776,4.9304
0.031586,0.00091553,4.9316
0.029755,0.00061035,4.9341
0.028229,0.00015259,4.9365
0.026093,-0.00015259,4.9292
0.026093,0.00015259,4.939
0.025482,0.0015259,4.9341
0.025177,0.0027466,4.9329
0.024872,0.0028992,4.9316
0.023651,0.0024414,4.9365
0.022125,0.00091553,4.9341
0.020294,0.00061035,4.9426
0.019226,0.00045776,4.9316
0.017548,0.0021362,4.9365
0.017548,0.0039673,4.9316
0.017853,0.0041199,4.9292
0.019073,0.0053406,4.9292
0.018768,0.0021362,4.9304
0.02121,0.00091553,4.9329
0.020752,0,4.9304
0.024872,-0.00061035,4.9292
0.022583,0,4.917
0.022583,0.00015259,4.9036
0.021667,-0.00030518,4.9182
0.020905,-0.0013733,4.9109
0.019684,-0.0022888,4.9109
0.019531,-0.0038147,4.9158
0.019684,-0.0041199,4.9109
0.019226,-0.0048828,4.9109
0.020142,-0.004425,4.9084
0.020599,-0.0032043,4.9084
0.021362,-0.002594,4.9084
0.02182,-0.0016785,4.9048
0.020294,-0.0022888,4.9133
0.02182,-0.0019836,4.9121
0.02243,-0.0021362,4.9097
0.02121,-0.0015259,4.9109
0.020599,0.00015259,4.9133
0.019836,0.00061035,4.9121
0.016785,0.00091553,4.9109
0.016937,-0.00076294,4.9194
0.016479,-0.0030518,4.9084
0.016632,-0.0030518,4.9158
0.016785,-0.0056458,4.9255
0.017395,-0.0047302,-0.32349
0.01709,-0.0038147,0.054932
0.015717,-0.0038147,0.057373
0.015411,-0.0036621,0.061035
0.015717,-0.0054932,0.058594
0.015411,-0.004425,0.067139
0.015717,-0.0045776,0.062256
0.016785,-0.0028992,0.065918
0.0177,-0.00015259,0.061035
0.017242,-0.0019836,0.059814
0.016937,0.0018311,0.070801
0.0177,0.0024414,0.062256
0.019379,0.0024414,0.073242
0.020294,0.0030518,0.067139
0.022736,0.0028992,0.048828
0.023041,0.0047302,0.065918
0.023651,0.0038147,0.070801
0.023651,0.00091553,0.063477
0.023041,0.0035095,0.063477
0.022278,0.0024414,0.056152
0.025482,0.0010681,0.058594
0.023499,0.00030518,0.05249
0.023193,-0.00030518,0.054932
0.02182,0.00045776,0.05127
0.020294,0.00045776,0.050049
0.018921,0.0012207,0.047607
0.0177,0.0013733,0.050049
0.019073,0.00061035,0.054932
0.020294,-0.0015259,0.045166
0.020294,-0.0028992,0.042725
0.020294,-0.0030518,0.042725
0.019073,-0.00061035,0.030518
0.018311,-0.00045776,0.037842
0.017548,-0.00030518,0.037842
0.016174,-0.00091553,0.040283
0.016937,-0.0057983,0.040283
0.018311,0.0013733,0.037842
0.02182,0.0032043,0.041504
0.022888,0.0053406,0.039063
0.023804,0.0062561,0.039063
0.025635,0.0036621,0.036621
0.02655,0.0033569,0.042725
0.028534,0.0018311,0.03418
0.029144,0.0035095,0.047607
0.028381,0.0027466,0.046387
0.02655,0.0036621,0.05127
0.024567,0.0064087,0.061035
0.019836,0.0010681,0.05249
0.020142,-0.0013733,0.065918
0.019226,-0.0042725,0.056152
0.018768,-0.0032043,0.048828
0.018768,-0.0019836,0.061035
0.020752,-0.00076294,0.061035
0.021515,0.0018311,0.059814
0.02182,0.0015259,0.062256
0.02121,0.0016785,0.061035
0.020294,0.0010681,0.061035
0.020905,0.0012207,0.061035
0.020752,0.0021362,0.067139
0.021515,0.0028992,0.061035
0.022888,0.0022888,0.064697
0.023346,0.0016785,0.068359
0.023193,-0.00091553,0.065918
0.023651,-0.0015259,0.06958
0.023651,-0.0032043,0.063477
0.027008,0.0010681,0.064697
0.02594,0.0038147,0.058594
0.026093,0.0054932,0.065918
0.024414,0.0085449,0.054932
0.024719,0.011597,0.054932
0.024414,0.0099182,0.050049
0.024261,0.0099182,0.05127
0.024414,0.0080872,0.050049
0.02533,0.0076294,0.041504
0.024567,0.0064087,0.046387
0.024567,0.0059509,0.047607
0.021515,0.0061035,0.042725
0.02182,0.0067139,0.046387
0.019836,0.0071716,0.045166
0.022583,0.0076294,0.043945
0.018921,0.0083923,0.040283
0.019226,0.0088501,0.042725
0.020905,0.0090027,0.053711
0.020905,0.0097656,0.040283
0.021515,0.010376,0.047607
0.021973,0.010529,0.040283
0.022125,0.0094604,0.023193
0.022583,0.0071716,0.037842
0.02182,0.0074768,0.040283
0.021973,0.0074768,0.042725
0.020905,0.007019,0.042725
0.019073,0.0071716,0.041504
0.017242,0.0065613,0.046387
0.016022,0.005188,0.047607
0.015564,0.0039673,0.053711
0.015717,0.0021362,0.05249
0.016479,0.0015259,0.057373
0.017242,0.0010681,0.058594
0.01709,0.0012207,0.062256
0.017242,0.0013733,0.068359
0.018921,0.0018311,0.062256
0.016632,0.00045776,0.061035
0.016327,0,0.063477
0.016327,-0.00030518,0.073242
0.016327,-0.00061035,0.059814
0.017242,-0.00045776,0.054932
0.018158,-0.00091553,0.05249
0.018158,-0.0012207,0.062256
0.019531,-0.0013733,0.064697
0.019989,-0.0012207,0.065918
0.021362,0.00030518,0.064697
0.024109,0.0012207,0.065918
0.022583,0.004425,0.062256
0.02243,0.0074768,0.065918
0.022888,0.007782,0.057373
0.02243,0.0068665,0.059814
0.023193,0.0045776,0.059814
0.023499,0.0033569,0.053711
0.023804,0.0013733,2.5513
0.024261,-0.00030518,4.7705
0.023651,0.00015259,4.9048
0.023193,-0.00045776,4.9146
0.022736,-0.00030518,4.9023
0.022278,-0.00015259,4.9158
0.02243,-0.00015259,4.9121
0.020752,0.0016785,4.9121
0.021973,0.0032043,4.9121
0.022278,0.0042725,4.9084
0.024567,0.0054932,4.9109
0.024109,0.0053406,4.9084
0.024872,0.0028992,4.9109
0.025635,0.0016785,4.9072
0.025177,0.00045776,4.9097
0.025787,-0.00045776,4.9146
0.025177,0.00015259,4.9146
0.024109,-0.0012207,4.906
0.022125,-0.0030518,4.9097
0.021973,-0.002594,4.9109
0.021362,-0.0018311,4.9097
0.02121,-0.0010681,4.9207
0.021515,0.0013733,4.9182
0.021362,0.0028992,4.9036
0.020752,0.0019836,4.9072
0.020294,0.00091553,4.9255
0.019073,0.00015259,4.9255
0.019073,-0.0013733,4.9268
0.019684,-0.0024414,4.9243
0.02182,-0.0027466,4.9341
0.021057,-0.002594,4.9329
0.021973,-0.0022888,4.9329
0.022278,-0.00045776,4.928
0.022278,-0.00015259,4.9329
0.021362,0.00030518,4.9304
0.021057,0.0012207,4.9097
0.020905,0.0012207,4.9438
0.021667,0.0019836,4.9365
0.021667,0.0030518,4.9353
0.02121,0.0027466,4.9377
0.021362,0.0018311,4.9316
0.022278,0.0019836,4.9329
0.022888,0.0024414,4.9341
0.023193,0.0033569,4.9353
0.023651,0.0057983,4.9304
0.022888,0.0074768,4.9268
0.023499,0.011749,4.928
0.026245,0.0094604,4.9243
0.022278,0.007782,4.9231
0.020752,0.0038147,4.917
0.020142,0.00015259,4.9194
0.020294,-0.0042725,4.9207
0.020752,-0.0036621,4.9207
0.021515,-0.0022888,4.9158
0.02182,0.00015259,4.917
0.023041,0.002594,4.9243
0.023193,0.0028992,4.9133
0.023804,0.00091553,4.9243
0.024261,-0.00030518,4.9109
0.024261,0.00015259,4.9072
0.023956,0.0013733,4.9109
0.023651,0.0041199,4.9109
0.023804,0.004425,4.9097
0.023346,0.0022888,4.9109
0.023346,-0.00030518,4.906
0.022583,-0.0068665,4.9072
0.024261,-0.004425,4.906
0.023499,-0.0021362,4.8962
0.024719,0.00045776,4.9133
0.026245,0.0030518,4.917
0.02533,0.0012207,4.9194
0.023499,0.00030518,4.9207
0.022583,-0.0016785,4.9268
0.02243,-0.004425,4.9268
0.022888,-0.0022888,4.928
0.023041,-0.0021362,4.928
0.023193,-0.0019836,4.928
0.023041,-0.0016785,4.9304
0.023041,-0.0010681,4.928
0.023193,-0.0013733,4.9304
0.023651,-0.0019836,4.9304
0.023499,-0.0012207,4.9304
0.023804,0.00030518,4.9353
0.023804,0.0042725,4.9329
0.027771,0.0047302,4.9365
0.024719,0.007019,4.9341
0.023956,0.0076294,4.939
0.023651,0.0061035,4.9365
0.023804,0.0047302,4.9512
0.024109,0.0028992,4.9353
0.022736,0.0015259,4.9377
0.024414,0.0022888,4.9402
0.023651,0.0036621,4.9316
0.022125,0.0024414,4.9377
0.020447,0.0010681,4.9194
0.021057,-0.0018311,4.9146
0.018921,-0.0019836,4.9194
0.018768,-0.0022888,4.9158
0.018463,0.0027466,4.9194
0.017395,0.0012207,4.9207
0.0177,-0.00015259,4.9146
0.0177,-0.0016785,4.9158
0.017548,-0.0042725,4.9146
0.018158,-0.004425,4.9109
0.015869,-0.0036621,4.9097
0.016479,-0.0018311,4.9243
0.016632,0.00061035,4.9133
0.01709,0.00045776,4.9121
0.017548,-0.00030518,4.9182
0.017853,-0.00091553,0.037842
0.020142,0.00030518,0.036621
0.023041,0.0019836,0.042725
0.025787,0.004425,0.023193
0.027466,0.007782,0.039063
0.027618,0.0086975,0.041504
0.026398,0.010223,0.037842
0.025482,0.010834,0.043945
0.024719,0.013885,0.042725
0.024261,0.01297,0.050049
0.023804,0.01358,0.048828
0.024109,0.014648,0.056152
0.025482,0.013428,0.053711
0.022736,0.010834,0.059814
0.02121,0.0056458,0.057373
0.019836,0.00045776,0.062256
0.016632,-0.0027466,0.064697
0.017395,-0.0035095,0.063477
0.018311,-0.0045776,0.061035
0.016632,-0.0057983,0.063477
0.013428,-0.0059509,0.075684
0.010986,-0.0061035,0.061035
0.0076294,-0.0061035,0.056152
0.0074768,-0.0053406,0.063477
0.0088501,-0.005188,0.064697
0.010529,-0.005188,0.061035
0.01236,-0.0050354,0.068359
0.014191,-0.007019,0.065918
0.014801,-0.010681,0.062256
0.015259,-0.012817,0.061035
0.016632,-0.014343,0.063477
0.018921,-0.013885,0.056152
0.020752,-0.012817,0.054932
0.02121,-0.0099182,0.053711
0.023499,-0.0071716,0.053711
0.021515,-0.0045776,0.056152
0.023041,-0.0036621,0.050049
0.023499,-0.0036621,0.048828
0.028076,-0.0033569,0.046387
0.02594,-0.0027466,0.0354
0.026398,-0.0024414,0.046387
0.025787,-0.0013733,0.042725
0.024567,-0.002594,0.039063
0.023651,-0.004425,0.039063
0.02243,-0.0064087,0.037842
0.019684,-0.007019,0.039063
0.019836,-0.0061035,0.039063
0.019684,-0.0035095,0.040283
0.020294,0.00015259,0.0354
0.020752,0.0022888,0.040283
0.018921,0.004425,0.037842
0.018463,0.0042725,0.045166
0.015869,0.0032043,0.037842
0.014648,0.0027466,0.042725
0.014954,0.0033569,0.046387
0.014496,0.0056458,0.045166
0.014191,0.0068665,0.053711
0.01236,0.009613,0.050049
0.011139,0.0091553,0.040283
0.011444,0.007782,0.050049
0.012054,0.0076294,0.056152
0.016022,0.0073242,0.056152
0.019226,0.010986,0.058594
0.02243,0.016479,0.061035
0.025635,0.02182,0.063477
0.028839,0.02533,0.058594
0.032501,0.02655,0.064697
0.036926,0.025177,0.058594
0.040436,0.023193,0.061035
0.04303,0.022736,0.059814
0.04364,0.020905,0.062256
0.042877,0.020294,0.075684
0.040436,0.018005,0.067139
0.038605,0.011597,0.064697
0.035248,0.0054932,0.068359
0.031738,-0.00015259,0.05249
0.027008,-0.0028992,0.061035
0.021362,-0.0030518,0.061035
0.014496,-0.0013733,0.061035
0.007019,-0.0010681,0.057373
0.00061035,-0.0039673,0.05249
-0.0036621,-0.0097656,0.05249
-0.0064087,-0.016937,0.048828
-0.007782,-0.023651,0.050049
-0.007782,-0.028229,0.045166
-0.0073242,-0.029602,0.048828
-0.0038147,-0.028992,0.043945
0.00030518,-0.025177,0.047607
0.0056458,-0.021362,0.042725
0.01297,-0.014191,0.045166
0.020599,-0.0056458,0.048828
0.031433,0.0047302,0.042725
0.037537,0.013275,0.053711
0.046997,0.022125,0.039063
0.052032,0.026398,0.031738
0.055542,0.024872,0.040283
0.057983,0.019531,0.039063
0.059052,0.012207,0.037842
0.058136,0.0057983,0.041504
0.055084,0.0012207,0.037842
0.049133,-0.00061035,0.036621
0.042877,-0.00030518,0.040283
0.036316,0.0013733,0.046387
0.032959,0.0039673,0.046387
0.031738,0.0065613,0.050049
0.032959,0.0086975,0.05127
0.035553,0.010376,0.056152
0.036774,0.011139,0.059814
0.035858,0.010834,0.057373
0.033875,0.0082397,0.061035
0.029907,0.0039673,0.058594
0.025787,-0.0016785,0.063477
0.02182,-0.007019,0.062256
0.017853,-0.012054,0.053711
0.014343,-0.013733,0.056152
0.012512,-0.016785,0.063477
0.011597,-0.015564,0.058594
0.012207,-0.01709,0.062256
0.015259,-0.019226,4.231
0.019836,-0.020599,4.8889
0.025177,-0.021057,4.928
0.029907,-0.019684,4.9353
0.031586,-0.016174,4.9316
0.033569,-0.011902,4.9365
0.033417,-0.0059509,4.9292
0.032349,-0.0010681,4.9329
0.032654,0.0038147,4.9426
0.034485,0.0061035,4.9292
0.037079,0.0076294,4.928
0.039215,0.007019,4.9268
0.040894,0.0041199,4.9048
0.041504,-0.00061035,4.9182
0.03952,-0.0065613,4.9182
0.037079,-0.011749,4.9194
0.034485,-0.015564,4.9121
0.033264,-0.019226,4.9097
0.032349,-0.018616,4.9133
0.029144,-0.014954,4.9109
0.026855,-0.0099182,4.9109
0.023346,-0.0047302,4.9036
0.021057,0.00061035,4.9158
0.018921,0.0035095,4.9133
0.017395,0.0054932,4.9133
0.015106,0.0080872,4.9109
0.011902,0.010681,4.9133
0.0039673,0.014038,4.9109
-0.00091553,0.016785,4.9121
-0.0030518,0.020142,4.9109
-0.0022888,0.023041,4.9097
0.00030518,0.025482,4.9011
0.0068665,0.027618,4.917
0.011902,0.028076,4.9146
0.015717,0.030212,4.9146
0.017395,0.024109,4.9207
0.016785,0.018311,4.9219
0.017548,0.011139,4.9268
0.0177,0.0061035,4.9121
0.017853,-0.0013733,4.9304
0.018005,-0.0054932,4.9268
0.016785,-0.0071716,4.9304
0.016174,-0.0061035,4.9292
0.014648,-0.0053406,4.9316
0.016174,-0.0035095,4.9377
0.018463,-0.0028992,4.9329
0.020142,-0.0054932,4.9365
0.022583,-0.0024414,4.9304
0.020447,-0.0019836,4.9194
0.016327,-0.0018311,4.939
0.0093079,-0.0012207,4.9243
0.0028992,-0.00091553,4.9329
0.00045776,0.00045776,4.9365
0.00015259,0.00091553,4.9353
0.0024414,0.0019836,4.9353
0.007019,0.0021362,4.9329
0.010529,0.0027466,4.9304
0.011902,0.0035095,4.9219
0.015411,0.0042725,4.928
0.017548,0.0056458,4.9255
0.020752,0.0062561,4.9231
0.02243,0.0042725,4.9207
0.024872,0.004425,4.9207
0.022583,0.0047302,4.9231
0.019684,0.0071716,4.9133
0.015259,0.0057983,4.9243
0.013275,0.0071716,4.9182
0.013275,0.007782,4.9072
0.017548,0.0083923,4.9097
0.021057,0.0082397,4.9097
0.026398,0.0074768,4.9182
0.029297,0.0057983,4.9097
0.029755,0.005188,4.906
0.028839,0.0022888,4.9109
0.027466,0.00061035,4.9084
0.026245,-0.002594,4.9097
0.026093,-0.0086975,4.9084
0.024414,-0.013428,4.9146
0.020905,-0.018921,4.9097
0.016174,-0.020752,4.9133
0.011139,-0.024414,4.9255
0.007782,-0.024414,4.9158
0.0073242,-0.023346,4.9231
0.0093079,-0.021667,4.9207
0.01297,-0.021667,4.9048
0.016022,-0.020142,4.9207
0.018921,-0.018005,4.9231
0.020599,-0.014496,4.9268
0.023499,-0.010986,4.928
0.028076,-0.0079346,4.9255
0.032196,-0.0062561,4.9329
0.03479,-0.004425,4.9304
0.041504,-0.0021362,4.9316
0.043335,-0.0030518,4.9292
0.043182,0.0024414,4.9329
0.040894,0.004425,4.9316
0.039978,0.0050354,4.9341
0.039215,0.0059509,4.9402
0.040131,0.0073242,4.9377
0.040894,0.007782,4.939
0.040588,0.0086975,4.9377
0.039215,0.010223,4.9451
0.036163,0.012207,4.9329
0.034332,0.015564,4.9426
0.032806,0.019684,4.9316
0.029907,0.023346,4.928
0.030975,0.024414,4.9231
0.028534,0.023041,4.9268
0.024414,0.019836,4.9207
0.019226,0.016479,4.9219
0.017548,0.014648,0.047607
0.015564,0.013428,0.050049
0.016022,0.012512,0.046387
0.017242,0.0091553,0.047607
0.018311,0.0086975,0.045166
0.018616,0.007019,0.042725
0.017853,0.0086975,0.05249
0.016479,0.010223,0.042725
0.015869,0.013123,0.053711
0.015564,0.015106,0.037842
0.016174,0.015411,0.031738
0.015869,0.012665,0.039063
0.014343,0.0086975,0.039063
0.012207,0.0041199,0.036621
0.0099182,0.0016785,0.040283
0.0088501,0.00091553,0.039063
0.0080872,0.00076294,0.041504
0.010529,0.00061035,0.039063
0.012817,0.00061035,0.046387
0.014954,-0.00045776,0.041504
0.016022,-0.0010681,0.048828
0.015259,-0.0019836,0.053711
0.014191,-0.0027466,0.053711
0.012512,-0.0022888,0.059814
0.012817,-0.0033569,0.057373
0.01358,-0.0050354,0.058594
0.013123,-0.0071716,0.058594
0.012665,-0.0082397,0.063477
0.011597,-0.0088501,0.062256
0.010681,-0.0054932,0.064697
0.010681,-0.0041199,0.059814
0.01236,-0.00091553,0.063477
0.015564,0.0010681,0.061035
0.018311,0.0032043,0.063477
0.02182,0.0045776,0.058594
0.023041,0.0057983,0.067139
0.023956,0.0086975,0.062256
0.024567,0.010681,0.067139
0.024719,0.011749,0.067139
0.026093,0.011444,0.065918
0.027313,0.0086975,0.061035
0.027161,0.0064087,0.063477
0.026245,0.0050354,0.073242
0.024261,0.0039673,0.058594
0.021515,0.004425,0.061035
0.021057,0.0050354,0.053711
0.020599,0.0036621,0.037842
0.021515,0.0021362,0.046387
0.021973,-0.0012207,0.047607
0.022125,-0.0048828,0.046387
0.020142,-0.0059509,0.046387
0.018768,-0.0082397,0.042725
0.016785,-0.004425,0.045166
0.016174,-0.0021362,0.042725
0.017548,-0.0018311,0.041504
0.018463,-0.0024414,0.039063
0.020447,-0.0038147,0.042725
0.021667,-0.0048828,0.037842
0.02182,-0.0045776,0.042725
0.021057,-0.0012207,0.042725
0.021057,0.0024414,0.041504
0.022278,0.0045776,0.036621
0.023346,0.0053406,0.041504
0.025482,0.0027466,0.032959
0.026093,0.00045776,0.039063
0.02533,0.0010681,0.030518
0.024261,0.0019836,0.042725
0.023193,0.0056458,0.045166
0.024261,0.0088501,0.045166
0.026703,0.009613,0.048828
0.028229,0.0082397,0.05249
0.030212,0.0053406,0.057373
0.029602,0.0041199,0.05249
0.030212,0.0038147,0.054932
0.028229,0.005188,0.057373
0.028534,0.0085449,0.063477
0.03006,0.011139,0.059814
0.029602,0.013275,0.064697
0.030365,0.012817,0.067139
0.028992,0.012207,0.057373
0.026703,0.012054,0.072021
0.02243,0.013123,0.059814
0.020294,0.014954,0.05249
0.018158,0.014648,0.067139
0.018311,0.012817,0.063477
0.017548,0.0085449,0.063477
0.017395,0.0039673,0.068359
0.015717,0,0.065918
0.012817,-0.0045776,0.063477
0.012054,-0.0010681,0.059814
0.012207,-0.0016785,0.062256
0.015411,-0.00015259,0.05127
0.0177,0.00030518,0.057373
0.020447,-0.00076294,0.056152
0.023499,-0.0018311,0.05249
0.023346,-0.0018311,0.050049
0.024109,-0.0022888,0.048828
0.027008,-0.0012207,0.05249
0.029449,-0.0027466,0.046387
0.034943,-0.0027466,0.05249
0.036011,-0.0053406,0.043945
0.037994,-0.0079346,0.026855
0.037231,-0.0099182,0.040283
0.03418,-0.010529,0.039063
0.033875,-0.0094604,0.037842
0.033569,-0.0076294,0.039063
0.03479,-0.0090027,0.03418
0.034027,-0.0056458,0.041504
0.034485,-0.0056458,0.030518
0.031738,-0.0062561,0.041504
0.029144,-0.0050354,0.037842
0.026703,-0.0021362,0.042725
0.02533,0.0015259,0.037842
0.02533,0.0033569,0.046387
0.02533,0.0050354,0.056152
0.025024,0.005188,0.047607
0.023651,0.0045776,2.7808
0.021362,0.0024414,4.79
0.018463,0.0048828,4.8999
0.016174,0.0079346,4.9231
0.016479,0.0093079,4.9243
0.017395,0.0097656,4.928
0.019073,0.0076294,4.9292
0.021362,0.0059509,4.9268
0.02121,0.0047302,4.9304
0.019684,0.0056458,4.9304
0.018921,0.0057983,4.9329
0.018158,0.007782,4.9292
0.02121,0.0065613,4.9353
0.018463,0.0047302,4.9329
0.018616,0.00076294,4.9353
0.016937,-0.0024414,4.9316
0.016632,-0.0047302,4.9365
0.014191,-0.0033569,4.9402
0.01358,-0.00015259,4.9353
0.014954,0.0019836,4.9451
0.017242,0.002594,4.9329
0.017242,0.00015259,4.9268
0.017853,-0.0030518,4.9329
0.016937,-0.005188,4.917
0.016937,-0.0064087,4.9219
0.017548,-0.0033569,4.9255
0.018921,-0.00061035,4.9219
0.021667,0.00045776,4.9182
0.023346,0.0015259,4.9097
0.025482,0.0012207,4.9158
0.026245,0.00076294,4.9121
0.028839,-0.0015259,4.9158
0.026855,0.0042725,4.9146
0.027313,0.0071716,4.9158
0.029297,0.0059509,4.9146
0.03067,0.007019,4.9133
0.033112,0.0041199,4.9121
0.034637,0.0013733,4.9084
0.034332,-0.00015259,4.8999
0.034027,0.00015259,4.9121
0.033112,0.0016785,4.9109
0.032806,0.0016785,4.9084
0.033722,0.00061035,4.9097
0.033875,-0.00076294,4.9109
0.034485,-0.0028992,4.9084
0.033264,-0.0041199,4.9084
0.032959,-0.0048828,4.9158
0.030823,-0.004425,4.9146
0.031281,-0.0045776,4.9194
0.031586,-0.0067139,4.917
0.032501,-0.0085449,4.9231
0.033722,-0.010986,4.9207
0.032501,-0.012207,4.9304
0.032959,-0.014343,4.9329
0.031433,-0.012054,4.9304
0.030365,-0.009613,4.939
0.031281,-0.0080872,4.9329
0.031738,-0.007782,4.9109
0.034943,-0.0086975,4.9304
0.036774,-0.010223,4.9304
0.037079,-0.0088501,4.9255
0.035858,-0.0071716,4.9304
0.036011,-0.0056458,4.9292
0.0354,-0.0050354,4.9377
0.035248,-0.0050354,4.9341
0.036011,-0.004425,4.9353
0.035706,-0.0053406,4.9316
0.034943,-0.0047302,4.9353
0.033264,-0.0036621,4.9304
0.03067,-0.0019836,4.928
0.029449,0.00015259,4.9426
0.029449,0.0013733,4.9329
0.029755,0.0016785,4.9243
0.031128,0.00061035,4.9219
0.031433,-0.0012207,4.9109
0.030975,-0.0024414,4.9158
0.029449,-0.0024414,4.9304
0.027466,-0.0016785,4.9158
0.026093,0,4.917
0.026855,0.00076294,4.9133
0.026855,0.0012207,4.9194
0.026703,0.00061035,4.9011
0.024414,0.00045776,4.917
0.024719,0.0012207,4.906
0.021973,0.0035095,4.9146
0.020905,0.0064087,4.9109
0.02121,0.0067139,4.9133
0.022583,0.0080872,4.9084
0.022888,0.0057983,4.9121
0.023346,0.0022888,4.8962
0.02243,0.00091553,4.9097
0.020599,0.00015259,4.9194
0.019073,0.002594,4.9109
0.018616,0.0042725,4.9011
0.018311,0.005188,4.9158
0.019836,0.0041199,4.9158
0.020447,0.0021362,4.9158
0.019836,0.00091553,4.9194
0.019379,0.0015259,4.9194
0.017395,0.0030518,4.9243
0.016632,0.0048828,4.9243
0.016632,0.0057983,4.9329
0.017853,0.005188,4.9292
0.018311,0.0027466,4.9329
0.018158,0.00045776,4.9329
0.016174,0.00061035,4.9353
0.015106,0.0019836,4.9402
0.012817,0.0039673,4.9329
0.011749,0.0062561,4.9353
0.012054,0.0071716,4.9316
0.01297,0.0064087,4.9255
0.012665,0.0042725,0.064697
0.015411,0.0036621,0.065918
0.015717,0.0032043,0.064697
0.015717,0.0032043,0.065918
0.015869,0.0041199,0.064697
0.016937,0.0033569,0.063477
0.017242,0.0019836,0.057373
0.016937,-0.00015259,0.061035
0.016174,-0.002594,0.05249
0.015259,-0.0028992,0.056152
0.013733,-0.002594,0.05249
0.01236,-0.0018311,0.053711
0.012207,-0.0012207,0.048828
0.013275,-0.0019836,0.047607
0.012512,-0.0038147,0.059814
0.012207,-0.0056458,0.045166
0.01297,-0.007019,0.057373
0.012665,-0.0053406,0.046387
0.01236,-0.0038147,0.03418
0.011139,-0.0022888,0.036621
0.011292,-0.002594,0.040283
0.010376,-0.0035095,0.037842
0.010223,-0.004425,0.040283
0.010834,-0.005188,0.036621
0.010986,-0.0050354,0.040283
0.011597,-0.0038147,0.037842
0.011902,-0.0024414,0.039063
0.011597,-0.0038147,0.040283
0.012512,-0.0033569,0.041504
0.01236,-0.0048828,0.040283
0.012817,-0.0064087,0.043945
0.013123,-0.0067139,0.058594
0.013275,-0.0050354,0.050049
0.012512,-0.0027466,0.048828
0.012817,-0.00076294,0.048828
0.012665,-0.00015259,0.039063
0.012665,0,0.05249
0.01297,0,0.056152
0.014038,-0.00061035,0.056152
0.016022,0.0010681,0.057373
0.016327,0.0035095,0.058594
0.01709,0.0056458,0.063477
0.017395,0.0064087,0.061035
0.018768,0.007782,0.061035
0.018921,0.0064087,0.059814
0.018616,0.0057983,0.065918
0.019989,0.0082397,0.061035
0.019379,0.0068665,0.063477
0.019073,0.0073242,0.068359
0.01709,0.0093079,0.068359
0.017548,0.0067139,0.06958
0.01709,0.0048828,0.065918
0.016632,0.002594,0.078125
0.016327,-0.00015259,0.056152
0.0177,0.0022888,0.056152
0.016632,0.0028992,0.057373
0.016174,0.0035095,0.056152
0.016632,0.0036621,0.05127
0.015717,0.0033569,0.05127
0.016022,0.0027466,0.047607
0.016937,0.0019836,0.048828
0.017242,0.0039673,0.047607
0.017853,0.0047302,0.048828
0.018463,0.0059509,0.040283
0.022125,0.0059509,0.039063
0.019379,0.0064087,0.045166
0.019684,0.0054932,0.043945
0.020294,0.0056458,0.047607
0.020752,0.0067139,0.043945
0.021362,0.0068665,0.041504
0.02243,0.0076294,0.039063
0.021362,0.0036621,0.032959
0.02121,0.0062561,0.041504
0.020142,0.0048828,0.040283
0.019531,0.0038147,0.03418
0.019531,0.0030518,0.039063
0.016174,0.005188,0.039063
0.021362,0.0062561,0.041504
0.02243,0.007782,0.037842
0.022278,0.0097656,0.048828
0.02243,0.0076294,0.045166
0.022583,0.0064087,0.05127
0.023651,0.0056458,0.05249
0.02533,0.0061035,0.057373
0.025482,0.0068665,0.05127
0.025787,0.0073242,0.056152
0.026398,0.0065613,0.065918
0.02594,0.0073242,0.062256
0.026093,0.0065613,0.068359
0.025787,0.0061035,0.062256
0.02655,0.0057983,0.041504
0.025635,0.0074768,0.058594
0.027161,0.0080872,0.059814
0.027618,0.0080872,0.061035
0.026855,0.0074768,0.061035
0.027313,0.004425,0.058594
0.027161,0.0022888,0.068359
0.026855,0.00076294,0.067139
0.026703,0.002594,0.065918
0.026703,-0.00061035,0.062256
0.02655,-0.00061035,0.067139
0.025787,-0.0019836,0.061035
0.024872,-0.0032043,0.062256
0.024414,-0.004425,0.067139
0.024872,-0.0041199,0.057373
0.02533,-0.0028992,0.054932
0.026398,-0.0010681,0.047607
0.02655,-0.00076294,0.05127
0.027924,-0.00091553,0.047607
0.030212,0.00045776,0.047607
0.028381,0.0019836,0.047607
0.028839,0.0024414,0.045166
0.029449,0.0038147,0.040283
0.029602,0.0064087,0.042725
0.029755,0.0059509,0.040283
0.030212,0.0056458,0.039063
0.029144,0.0068665,3.9099
0.028229,0.0048828,4.8474
0.027466,0.0048828,4.9036
0.027618,0.0042725,4.9109
0.027618,0.0041199,4.9109
0.027618,0.0036621,4.9109
0.027466,0.0039673,4.9194
0.024567,0.0036621,4.9121
0.027008,0.0041199,4.9194
0.027466,0.0045776,4.9109
0.028076,0.0050354,4.9036
0.027924,0.0073242,4.9109
0.027618,0.0061035,4.9146
0.027466,0.0065613,4.9158
0.026703,0.0013733,4.9207
0.025787,0.0062561,4.9194
0.025024,0.0038147,4.9084
0.023346,0.0028992,4.9255
0.021515,0.00091553,4.9304
0.019379,-0.0012207,4.928
0.018158,-0.0028992,4.9292
0.017242,-0.0039673,4.9329
0.014954,-0.0057983,4.939
0.014343,-0.007019,4.9353
0.012207,-0.0086975,4.9316
0.011292,-0.0088501,4.9304
0.010986,-0.0082397,4.9316
0.013733,-0.0083923,4.9231
0.013428,-0.0076294,4.9353
0.014801,-0.0085449,4.9316
0.019379,-0.0093079,4.9316
0.016632,-0.0097656,4.9341
0.019226,-0.010223,4.9341
0.021057,-0.011292,4.9316
0.022125,-0.011749,4.928
0.022736,-0.012054,4.9304
0.022736,-0.01297,4.9255
0.02182,-0.012817,4.9243
0.020752,-0.011444,4.9207
0.021667,-0.010529,4.9219
0.022278,-0.0088501,4.9194
0.023499,-0.0085449,4.9207
0.024261,-0.0073242,4.928
0.02533,-0.0067139,4.9097
0.024719,-0.0068665,4.9182
0.027161,-0.005188,4.9146
0.027161,-0.0038147,4.8938
0.028229,-0.0027466,4.9084
0.027466,-0.0019836,4.9121
0.024567,-0.0010681,4.9121
0.021973,-0.0015259,4.9109
0.018768,-0.00076294,4.906
0.016632,0.00030518,4.9109
0.017242,0.0024414,4.9097
0.016479,0.0064087,4.9109
0.016937,0.0080872,4.9048
0.0177,0.009613,4.9146
0.020294,0.010529,4.9109
0.023041,0.010986,4.9133
0.02594,0.012054,4.9146
0.031738,0.013885,4.917
0.032501,0.014954,4.9146
0.033569,0.015411,4.9255
0.032654,0.011749,4.9329
0.032043,0.010681,4.9243
0.03006,0.0056458,4.9255
0.028992,0.0036621,4.9304
0.025482,0.0016785,4.9329
0.022888,0.0013733,4.9292
0.020905,0.0015259,4.9329
0.018463,0.0012207,4.9316
0.016785,0.00045776,4.9341
0.014496,0.00015259,4.9292
0.012665,-0.0018311,4.9329
0.0090027,-0.0047302,4.928
0.0073242,-0.0065613,4.9316
0.0050354,-0.0073242,4.9292
0.0038147,-0.010986,4.9377
0.0048828,-0.0090027,4.9451
0.0062561,-0.010529,4.9353
0.0076294,-0.011597,4.9426
0.0088501,-0.011292,4.9353
0.010681,-0.0093079,4.9194
0.01358,-0.0062561,4.9304
0.017395,-0.0015259,4.9268
0.022888,0.004425,4.9219
0.029755,0.0099182,4.9231
0.036469,0.014496,4.9219
0.041351,0.017395,4.9207
0.045013,0.018616,4.9158
0.04715,0.019226,4.9231
0.048065,0.018768,4.9133
0.047455,0.016327,4.9158
0.045929,0.013123,4.9182
0.042114,0.0094604,4.917
0.037384,0.0059509,4.9097
0.034027,0.0039673,4.9146
0.029144,0.0038147,4.917
0.027466,0.004425,4.9109
0.024719,0.0064087,4.9109
0.023651,0.011597,4.9109
0.024261,0.012207,4.9048
0.025177,0.014954,4.9109
0.026855,0.018005,4.9146
0.027161,0.019379,4.9109
0.027161,0.018921,4.9121
0.02655,0.015564,4.9097
0.025635,0.010986,4.9109
0.024109,0.0050354,4.9133
0.022736,0.00091553,4.9219
0.02182,-0.0010681,0.047607
0.02121,-0.00091553,0.056152
0.020294,0,0.053711
0.02182,0.0015259,0.057373
0.023651,0.0024414,0.073242
0.027161,0.0018311,0.059814
0.028992,0.0032043,0.067139
0.030823,0.004425,0.062256
0.031281,0.0061035,0.046387
0.031433,0.0053406,0.059814
0.03067,0.010071,0.062256
0.029297,0.010681,0.061035
0.028229,0.010376,0.062256
0.023499,0.0093079,0.059814
0.021515,0.0083923,0.067139
0.019836,0.0067139,0.065918
0.018005,0.0065613,0.070801
0.0177,0.0050354,0.061035
0.018616,0.0027466,0.068359
0.019379,-0.00015259,0.059814
0.023804,-0.0019836,0.058594
0.021667,-0.0042725,0.064697
0.02243,-0.0050354,0.057373
0.022125,-0.0061035,0.056152
0.020447,-0.0068665,0.053711
0.0177,-0.0071716,0.056152
0.014954,-0.0074768,0.050049
0.012054,-0.0094604,0.043945
0.0083923,-0.0062561,0.046387
0.007019,-0.0050354,0.05127
0.0067139,-0.0039673,0.042725
0.0079346,-0.0039673,0.043945
0.010223,-0.0021362,0.039063
0.014954,-0.0019836,0.041504
0.020142,-0.0015259,0.036621
0.025177,0,0.041504
0.029755,0.0013733,0.037842
0.031433,0.0018311,0.041504
0.031128,0.0010681,0.039063
0.027924,0.0010681,0.042725
0.025635,-0.00061035,0.046387
0.022125,-0.002594,0.041504
0.019531,-0.0024414,0.053711
0.017853,-0.004425,0.040283
0.016785,-0.0041199,0.031738
0.017853,-0.0045776,0.046387
0.020142,-0.0036621,0.048828
0.022278,-0.0050354,0.047607
0.025177,-0.0053406,0.05127
0.027313,-0.0068665,0.05249
0.028076,-0.0076294,0.05127
0.028229,-0.0082397,0.047607
0.026093,-0.0099182,0.061035
0.024872,-0.0097656,0.058594
0.02243,-0.010529,0.063477
0.02121,-0.010376,0.064697
0.019684,-0.0083923,0.063477
0.021667,-0.0059509,0.065918
0.020752,-0.0035095,0.063477
0.023346,-0.0013733,0.059814
0.026093,0.00015259,0.063477
0.029297,0.00076294,0.073242
0.032349,0.00061035,0.058594
0.0354,0.00015259,0.064697
0.040131,-0.0039673,0.063477
0.039063,-0.0027466,0.065918
0.038452,-0.0036621,0.063477
0.036926,-0.0033569,0.062256
0.034637,0.00015259,0.056152
0.032043,-0.0038147,0.059814
0.030212,-0.0033569,0.05249
0.028229,-0.0035095,0.054932
0.027466,-0.0030518,0.047607
0.026245,-0.0028992,0.050049
0.025482,-0.0022888,0.046387
0.024109,-0.0024414,0.05249
0.022736,-0.0041199,0.057373
0.020905,-0.0062561,0.048828
0.019836,-0.009613,0.041504
0.016785,-0.013123,0.045166
0.016479,-0.015717,0.021973
0.013428,-0.018463,0.037842
0.010986,-0.020905,0.039063
0.0094604,-0.023651,0.039063
0.0064087,-0.025482,0.039063
0.0057983,-0.02655,0.036621
0.0080872,-0.030518,0.040283
0.010986,-0.024872,0.037842
0.013885,-0.022736,0.037842
0.017853,-0.020905,0.036621
0.021362,-0.021667,0.041504
0.024567,-0.016785,0.040283
0.027466,-0.015106,0.043945
0.029297,-0.013123,0.043945
0.033417,-0.011292,0.043945
0.032806,-0.0097656,0.047607
0.032501,-0.007782,0.05249
0.031891,-0.0059509,0.063477
0.031433,-0.0039673,0.05127
0.030823,-0.0016785,0.046387
0.030975,0.00015259,0.058594
0.033264,0.0018311,0.057373
0.035553,0.004425,0.059814
0.037079,0.0073242,0.062256
0.037384,0.0097656,0.063477
0.037994,0.011749,0.061035
0.0354,0.013885,0.059814
0.034332,0.014496,0.062256
0.031891,0.014801,0.062256
0.029297,0.014801,0.065918
0.026855,0.015106,0.064697
0.024567,0.014343,0.067139
0.02182,0.014648,0.075684
0.019073,0.014038,0.067139
0.017548,0.012817,0.068359
0.016479,0.011139,0.058594
0.014801,0.0086975,0.056152
0.015411,0.0068665,4.5178
0.014801,0.0061035,4.8938
0.014038,0.005188,4.917
0.014801,0.0048828,4.9231
0.011292,0.0054932,4.9207
0.010529,0.0061035,4.9182
0.009613,0.0067139,4.9158
0.0090027,0.0082397,4.9194
0.0086975,0.0074768,4.9097
0.0085449,0.0079346,4.9158
0.0086975,0.0080872,4.9158
0.0090027,0.0080872,4.9182
0.009613,0.0079346,4.9097
0.010529,0.0085449,4.9048
0.011597,0.0088501,4.9231
0.013123,0.0085449,4.9133
0.014038,0.0082397,4.9194
0.013885,0.0071716,4.9109
0.014496,0.0059509,4.9011
0.012207,0.0056458,4.9146
0.010986,0.0048828,4.9097
0.009613,0.0053406,4.9097
0.0086975,0.0053406,4.9109
0.0086975,0.005188,4.9097
0.0094604,0.0041199,4.9072
0.0093079,0.0059509,4.917
0.010223,0.004425,4.9219
0.010986,0.0054932,4.9182
0.011292,0.0068665,4.928
0.01297,0.0080872,4.9255
0.014038,0.0086975,4.9329
0.017548,0.0094604,4.9402
0.019226,0.0080872,4.9329
0.018921,0.0065613,4.9316
0.018921,0.0039673,4.9329
0.018005,0.0027466,4.9365
0.017242,0.0013733,4.9329
0.016327,0.0015259,4.9109
0.015717,0.0027466,4.9329
0.016937,0.0033569,4.9329
0.017242,0.0033569,4.928
0.01709,0.0032043,4.9341
0.016937,0.002594,4.9365
0.0177,0.0013733,4.9353
0.018311,0.0019836,4.9316
0.019836,0.0022888,4.9341
0.021667,0.0035095,4.9329
0.023346,0.0041199,4.9304
0.024567,0.0042725,4.928
0.023346,0.0050354,4.9292
0.024109,0.0056458,4.9329
0.026093,0.0057983,4.9194
0.027618,0.0076294,4.9316
0.028687,0.009613,4.9194
0.029907,0.011292,4.9084
0.029602,0.012207,4.9158
0.03006,0.011597,4.9158
0.029297,0.011597,4.9133
0.029297,0.011292,4.9146
0.029297,0.010834,4.9109
0.028229,0.010834,4.9109
0.027313,0.010529,4.9084
0.024872,0.009613,4.9158
0.022736,0.007019,4.9084
0.019836,0.0054932,4.9133
0.018463,0.005188,4.9121
0.017853,0.005188,4.9146
0.017853,0.0061035,4.9109
0.017548,0.0068665,4.9146
0.017395,0.0067139,4.9109
0.016479,0.0061035,4.9146
0.013428,0.0062561,4.9121
0.012512,0.0054932,4.9097
0.012665,0.0054932,4.9207
0.012054,0.0065613,4.9194
0.010681,0.0079346,4.9219
0.010681,0.0085449,4.9255
0.007782,0.011292,4.9243
0.010681,0.0073242,4.9255
0.010529,0.0054932,4.9353
0.011597,0.0073242,4.9292
0.013275,0.0056458,4.9353
0.013123,0.0057983,4.9292
0.013885,0.0054932,4.9255
0.015411,0.007782,4.928
0.01709,0.0035095,4.9304
0.017395,0.0018311,4.9377
0.018005,-0.00061035,4.9353
0.019989,-0.0021362,4.9377
0.022125,-0.0035095,4.9353
0.022888,-0.0033569,4.9194
0.024109,-0.0030518,4.9341
0.026093,-0.0019836,4.9353
0.026093,-0.0038147,4.9329
0.026703,-0.0061035,4.9353
0.027313,-0.0071716,4.9255
0.028229,-0.0086975,4.928
0.029144,-0.0091553,4.9231
0.028687,-0.0088501,4.9243
0.028229,-0.0083923,4.9182
0.029144,-0.0080872,4.9207
0.028381,-0.0085449,4.9182
0.028534,-0.0091553,4.9194
0.030518,-0.0088501,4.9243
0.028076,-0.0073242,4.9146
0.027924,-0.0054932,4.9072
0.028076,-0.0027466,4.9133
0.028076,-0.0013733,4.8987
0.029297,-0.0013733,4.9084
0.030975,-0.0012207,4.9109
0.032654,-0.0028992,0.040283
0.033264,0.00015259,0.039063
0.035553,0.0010681,0.03418
0.036774,0.0018311,0.039063
0.035553,0.0013733,0.037842
0.037231,-0.00076294,0.041504
0.036469,-0.0015259,0.03418
0.034943,-0.0021362,0.042725
0.034332,-0.0033569,0.040283
0.031586,-0.0035095,0.043945
0.029297,-0.0035095,0.043945
0.027313,-0.0019836,0.047607
0.025024,-0.0057983,0.053711
0.02243,-0.0071716,0.053711
0.020447,-0.0085449,0.065918
0.018158,-0.0093079,0.05249
0.016327,-0.009613,0.047607
0.014038,-0.010681,0.061035
0.012512,-0.010834,0.059814
0.0099182,-0.011749,0.061035
0.0093079,-0.01297,0.061035
0.0083923,-0.014648,0.057373
0.0067139,-0.015411,0.063477
0.0085449,-0.014343,0.059814
0.009613,-0.013733,0.063477
0.010986,-0.011597,0.061035
0.012817,-0.010986,0.06958
0.015411,-0.010529,0.068359
0.015869,-0.010529,0.06958
0.018158,-0.0073242,0.075684
0.019989,-0.0074768,0.065918
0.023041,-0.0056458,0.063477
0.025024,-0.0036621,0.064697
0.026398,-0.00045776,0.059814
0.027008,-0.00030518,0.057373
0.027313,0.00015259,0.054932
0.028381,-0.00015259,0.048828
0.028687,0.00030518,0.048828
0.027771,0.00045776,0.046387
0.028381,0.0016785,0.05249
0.028534,0.0016785,0.045166
0.030823,-0.00091553,0.047607
0.028076,-0.0012207,0.047607
0.026855,-0.0036621,0.043945
0.026855,-0.005188,0.043945
0.027618,-0.0062561,0.042725
0.026855,-0.0064087,0.037842
0.027008,-0.0059509,0.042725
0.026703,-0.0015259,0.05127
0.02655,-0.0071716,0.041504
0.025635,-0.0065613,0.050049
0.026093,-0.0074768,0.040283
0.02655,-0.0093079,0.026855
0.027924,-0.0071716,0.037842
0.029755,-0.0062561,0.037842
0.031586,-0.0042725,0.037842
0.033569,-0.0027466,0.042725
0.03418,-0.0021362,0.042725
0.035095,-0.0015259,0.046387
0.036926,-0.0015259,0.050049
0.037537,-0.0010681,0.05127
0.0383,0.00061035,0.05249
0.038147,0.0015259,0.057373
0.036469,0.0030518,0.058594
0.035706,0.0039673,0.064697
0.035095,0.0042725,0.075684
0.03418,0.0048828,0.062256
0.032501,0.0056458,0.061035
0.030975,0.0062561,0.062256
0.03006,0.007019,0.064697
0.028534,0.0079346,0.059814
0.026093,0.0086975,0.068359
0.024261,0.0083923,0.062256
0.021362,0.007782,0.063477
0.020294,0.0074768,0.062256
0.018311,0.0048828,0.067139
0.016937,0.004425,0.067139
0.015717,0.0048828,0.067139
0.014801,0.0033569,0.062256
0.013428,0.0036621,0.065918
0.011749,0.002594,0.057373
0.011292,0.0013733,0.05127
0.0099182,-0.00015259,0.059814
0.0093079,0.00030518,0.056152
0.0097656,0.00045776,0.065918
0.0094604,0.0018311,0.05249
0.0094604,0.0027466,0.062256
0.0094604,0.0038147,0.047607
0.010529,0.0038147,0.037842
0.013123,0.0038147,0.045166
0.015106,0.005188,0.041504
0.018158,0.0068665,0.041504
0.019531,0.0091553,0.040283
0.022278,0.010681,0.040283
0.022125,0.011444,0.039063
0.023346,0.010529,0.037842
0.023651,0.009613,0.040283
0.023956,0.009613,0.039063
0.023346,0.010223,0.039063
0.022278,0.011444,0.040283
0.020447,0.012207,0.041504
0.019684,0.011902,0.037842
0.017548,0.010986,0.041504
0.018005,0.0083923,0.041504
0.017242,0.0073242,0.042725
0.018158,0.0065613,0.045166
0.018158,0.0064087,0.043945
0.016479,0.0065613,0.042725
0.016785,0.0065613,0.050049
0.016632,0.005188,0.05249
0.016174,0.0038147,0.054932
0.0177,0.0027466,0.058594
0.018158,0.0016785,0.054932
0.020294,0.0022888,0.062256
0.020752,0.0039673,0.059814
0.020905,0.0062561,0.063477
0.023499,0.007019,1.0278
0.025177,0.0073242,4.707
0.026855,0.0076294,4.9109
0.027924,0.0082397,4.9292
0.029907,0.0090027,4.9414
0.030975,0.010986,4.9353
0.028992,0.011902,4.9377
0.029297,0.011902,4.9341
0.029144,0.011597,4.9207
0.028839,0.0094604,4.9316
0.027618,0.0091553,4.9353
0.026093,0.0082397,4.9353
0.025177,0.0080872,4.9329
0.02243,0.0076294,4.9268
0.021057,0.0061035,4.928
0.017395,0.0047302,4.9219
0.015717,0.0022888,4.9219
0.014191,0.0015259,4.9158
0.013428,0.00076294,4.9182
0.010529,0.00015259,4.9182
0.010529,0,4.9207
0.0086975,0.00015259,4.9182
0.0083923,-0.00030518,4.9158
0.0083923,-0.00091553,4.9207
0.0086975,-0.0024414,4.9146
0.011749,-0.0030518,4.9207
0.011749,-0.0035095,4.9072
0.012207,-0.0030518,4.9133
0.012665,-0.002594,4.9084
0.014343,-0.00091553,4.9097
0.015717,0,4.9072
0.01709,0.00015259,4.906
0.019379,-0.0013733,4.906
0.020905,-0.00091553,4.9084
0.022736,-0.00030518,4.906
0.024567,0.00076294,4.9158
0.02533,-0.00030518,4.9121
0.026093,0.0016785,4.9158
0.025482,0.00076294,4.9194
0.024872,-0.00091553,4.9194
0.025787,-0.0015259,4.9292
0.024872,-0.0012207,4.9231
0.024567,-0.00076294,4.9329
0.024414,0.0015259,4.9304
0.023499,0.0024414,4.9255
0.022888,0.0028992,4.9316
0.021515,0.0018311,4.9304
0.02121,0.00015259,4.9304
0.02182,-0.0018311,4.9316
0.021667,-0.0019836,4.939
0.02182,-0.0018311,4.9304
0.017395,0.00091553,4.9316
0.02182,0.0018311,4.9353
0.021973,0.00091553,4.9304
0.022278,-0.0010681,4.9353
0.022736,-0.002594,4.939
0.024261,-0.0024414,4.9353
0.024719,-0.0013733,4.9365
0.025177,0.00091553,4.9377
0.025024,0.0012207,4.939
0.025482,-0.00030518,4.9316
0.024567,-0.002594,4.9365
0.024109,-0.0053406,4.9268
0.024872,-0.0065613,4.9121
0.024872,-0.0057983,4.9182
0.025635,-0.0033569,4.9207
0.026093,-0.0019836,4.9219
0.024414,-0.0016785,4.9158
0.024109,-0.0032043,4.9158
0.023804,-0.005188,4.9158
0.023651,-0.0054932,4.9133
0.023956,-0.0041199,4.9194
0.023499,-0.0033569,4.9109
0.023651,-0.0018311,4.9133
0.022888,-0.0019836,4.9084
0.021057,-0.0030518,4.9109
0.020905,-0.0050354,4.9023
0.019073,-0.007782,4.9109
0.019226,-0.0057983,4.9146
0.018616,-0.0035095,4.9097
0.019073,-0.002594,4.8938
0.019073,-0.00076294,4.9048
0.019073,-0.00076294,4.9097
0.018463,-0.0024414,4.9121
0.0177,-0.007782,4.9121
0.017395,-0.0059509,4.9109
0.018616,-0.0064087,4.9158
0.019226,-0.0061035,4.9182
0.019531,-0.0050354,4.9243
0.019226,-0.0054932,4.9207
0.018616,-0.0068665,4.9304
0.018158,-0.0080872,4.9292
0.017242,-0.0097656,4.9316
0.0177,-0.0090027,4.9316
0.015564,-0.0068665,4.9304
0.018005,-0.0047302,4.9304
0.018463,-0.005188,4.9316
0.018158,-0.0053406,4.9426
0.018005,-0.007019,4.9304
0.018921,-0.0085449,4.9182
0.019684,-0.0074768,4.9316
0.021057,-0.0056458,4.9316
0.02182,-0.0035095,4.9268
0.02121,-0.0033569,4.9426
0.02243,-0.0022888,4.9353
0.02121,-0.002594,4.9365
0.020905,-0.0038147,4.9304
0.021515,-0.0045776,4.9329
0.020905,-0.0033569,4.9292
0.02121,-0.0015259,4.928
0.020142,0,0.054932
0.021515,0.0010681,0.056152
0.023193,0.00030518,0.059814
0.023041,-0.0016785,0.048828
0.02121,-0.0033569,0.047607
0.024719,-0.0030518,0.047607
0.025177,-0.0016785,0.03418
0.024719,-0.00015259,0.042725
0.023804,0.00091553,0.041504
0.023041,0.00030518,0.041504
0.02182,-0.0013733,0.039063
0.021057,-0.0032043,0.037842
0.020294,-0.004425,0.040283
0.018768,-0.0028992,0.039063
0.018158,-0.0012207,0.041504
0.0177,0.00076294,0.036621
0.015869,0.0012207,0.040283
0.015106,0.00030518,0.043945
0.014191,-0.0010681,0.041504
0.014801,-0.0016785,0.036621
0.014343,-0.0015259,0.043945
0.01297,-0.00045776,0.043945
0.012665,-0.0038147,0.045166
0.012054,0,0.05127
0.012054,-0.002594,0.05249
0.011597,-0.0045776,0.042725
0.010834,-0.0090027,0.05249
0.011597,-0.0079346,0.057373
0.011444,-0.0061035,0.054932
0.012207,-0.0041199,0.058594
0.011749,-0.0016785,0.056152
0.012207,-0.00076294,0.063477
0.012665,-0.0012207,0.059814
0.013428,-0.0012207,0.064697
0.014496,-0.0012207,0.061035
0.016937,-0.00045776,0.059814
0.018463,0.00030518,0.058594
0.019989,0.00061035,0.065918
0.019989,0.00030518,0.078125
0.019531,-0.0013733,0.064697
0.019684,-0.0033569,0.067139
0.019684,-0.004425,0.067139
0.019684,-0.0035095,0.05127
0.019379,-0.0018311,0.062256
0.019226,0.0012207,0.063477
0.018005,0.0038147,0.058594
0.0177,0.0047302,0.047607
0.016479,0.0047302,0.05127
0.01709,0.0032043,0.056152
0.017395,0.0019836,0.05127
0.018311,0.00091553,0.05127
0.018463,0.0012207,0.042725
0.018768,0.002594,0.05249
0.018616,0.0030518,0.050049
0.018768,0.0021362,0.045166
0.018768,0.0012207,0.047607
0.020599,0.00076294,0.043945
0.02243,0.0022888,0.043945
0.023499,0.0047302,0.041504
0.024261,0.0073242,0.047607
0.024109,0.0088501,0.040283
0.024414,0.0083923,0.029297
0.024261,0.0071716,0.042725
0.024872,0.0050354,0.041504
0.02655,0.0032043,0.036621
0.028076,0.0028992,0.040283
0.027618,0.0027466,0.031738
0.026855,0.0022888,0.039063
0.025177,0.0018311,0.037842
0.023804,0.00061035,0.046387
0.022278,-0.0013733,0.041504
0.022278,-0.0021362,0.047607
0.022125,-0.0030518,0.050049
0.02182,-0.002594,0.05249
0.022125,-0.0022888,0.062256
0.020752,-0.002594,0.056152
0.019379,-0.004425,0.059814
0.018616,-0.0048828,0.058594
0.018311,-0.005188,0.05249
0.018311,-0.0054932,0.062256
0.018158,-0.0041199,0.059814
0.017242,-0.002594,0.058594
0.015717,0.00015259,0.062256
0.013885,0.0010681,0.058594
0.013885,0.0022888,0.063477
0.014801,0.0030518,0.053711
0.017242,0.0010681,0.065918
0.020905,0.0024414,0.062256
0.024109,0.0022888,0.063477
0.024719,0.0021362,0.067139
0.025787,0.0021362,0.065918
0.025635,0.0013733,0.064697
0.026398,-0.00015259,0.063477
0.02594,-0.0013733,0.070801
0.026855,-0.0036621,0.057373
0.02655,-0.0039673,0.064697
0.024719,-0.0039673,0.053711
0.02182,-0.0028992,0.045166
0.020142,-0.0030518,0.048828
0.019684,-0.0033569,0.045166
0.021667,-0.0035095,0.047607
0.024109,-0.0054932,0.047607
0.027313,-0.0068665,0.042725
0.028381,-0.0068665,0.045166
0.02655,-0.0056458,0.043945
0.026245,-0.0039673,0.041504
0.02594,-0.0032043,0.037842
0.026703,-0.0027466,0.040283
0.029755,-0.0028992,0.040283
0.027771,-0.0028992,0.041504
0.027924,-0.0021362,0.046387
0.029755,0.00030518,0.040283
0.025635,0.0012207,0.037842
0.025635,0.0021362,0.039063
0.026398,0.0028992,0.026855
0.028534,0.0032043,0.037842
0.031738,0.002594,0.031738
0.033417,0.0027466,0.78125
0.033264,-0.0012207,4.6692
0.032043,0.0022888,4.8926
0.031433,0.0019836,4.9146
0.030975,0.00091553,4.9158
0.030975,-0.0015259,4.9207
0.031586,0.00015259,4.9219
0.030823,-0.00015259,4.928
0.030365,-0.00015259,4.9255
0.028534,-0.00015259,4.9316
0.026703,0.00076294,4.9292
0.024261,0.0019836,4.9329
0.024261,0.0028992,4.9377
0.025482,0.0054932,4.9341
0.026245,0.0059509,4.9438
0.027618,0.0061035,4.9316
0.027618,0.0061035,4.9207
0.027161,0.0053406,4.9329
0.024872,0.0042725,4.9329
0.023956,0.0036621,4.9316
0.023651,0.0015259,4.9377
0.023499,0.0019836,4.9353
0.023346,0.0010681,4.9341
0.021973,0.0012207,4.9304
0.020752,0.0012207,4.9329
0.018005,0.0022888,4.9255
0.016632,0.0030518,4.9268
0.016785,0.0036621,4.9255
0.018311,0.0053406,4.928
0.020905,0.0047302,4.9255
0.02243,0.0048828,4.9219
0.02121,0.0045776,4.9207
0.021362,0.0042725,4.9182
0.020599,0.0030518,4.9109
0.020447,0.0019836,4.9158
0.02121,0.0018311,4.9133
0.023651,0.00076294,4.9109
0.024261,0.0016785,4.9109
0.023804,0.0038147,4.9097
0.023346,0.0045776,4.9109
0.021973,0.0057983,4.906
0.02243,0.0076294,4.9133
0.023651,0.0064087,4.906
0.025482,0.0056458,4.9133
0.027771,0.0050354,4.9109
0.028992,0.0045776,4.9146
0.027771,0.0019836,4.9097
0.02655,0.0048828,4.9158
0.025482,0.0045776,4.9243
0.025635,0.0041199,4.9084
0.024719,0.0030518,4.917
0.025177,0.0010681,4.9243
0.025024,0.0019836,4.906
0.021515,0.0030518,4.9194
0.022278,0.0045776,4.9255
0.020905,0.0064087,4.9304
0.020752,0.0086975,4.9243
0.020905,0.0088501,4.9255
0.025024,0.010529,4.9353
0.024567,0.010681,4.9329
0.025024,0.015106,4.9329
0.024261,0.012054,4.9292
0.02243,0.013123,4.9329
0.021362,0.013123,4.9316
0.020752,0.012512,4.9353
0.02182,0.011292,4.9438
0.022888,0.0094604,4.9402
0.022278,0.0080872,4.9377
0.021515,0.0068665,4.928
0.018616,0.0059509,4.9451
0.016327,0.0061035,4.9329
0.015106,0.0073242,4.9255
0.018311,0.0076294,4.9316
0.017548,0.0071716,4.9268
0.018768,0.0062561,4.9255
0.018768,0.0048828,4.9255
0.019531,0.0033569,4.9207
0.016174,0.0024414,4.9207
0.015564,0.0032043,4.9207
0.016174,0.0038147,4.9182
0.017548,0.0016785,4.9158
0.018616,0.0028992,4.917
0.017853,0.0019836,4.9158
0.016327,-0.0019836,4.9158
0.013733,0.0028992,4.9207
0.01236,0.005188,4.9182
0.012817,0.0082397,4.9231
0.014648,0.010986,4.8987
0.015869,0.011749,4.8987
0.018158,0.010834,4.9109
0.018616,0.0088501,4.906
0.017242,0.0073242,4.9084
0.016174,0.0071716,4.9121
0.015106,0.0068665,4.9084
0.015411,0.0064087,4.9109
0.016022,0.0054932,4.9109
0.016632,0.0024414,4.9158
0.015717,0.00045776,4.9158
0.014343,-0.00045776,4.9182
0.012054,0.00045776,4.9194
0.011292,0.002594,4.9219
0.012054,0.0038147,4.9158
0.012817,0.0042725,4.9268
0.015411,0.0036621,4.9243
0.016022,0.0016785,4.9329
0.016479,0.0022888,4.9365
0.015259,-0.00015259,4.9329
0.014191,0.0015259,4.9353
0.013733,0.00091553,4.9316
0.014954,0.0021362,0.063477
0.017548,0.0012207,0.059814
0.019226,0,0.061035
0.019836,-0.00030518,0.062256
0.019379,0.00015259,0.065918
0.017853,0.0013733,0.063477
0.016785,0.0019836,0.065918
0.016785,0.0022888,0.059814
0.0177,-0.00045776,0.068359
0.019379,-0.0016785,0.059814
0.018616,-0.0032043,0.064697
0.018616,-0.0039673,0.073242
0.017395,-0.0032043,0.057373
0.016327,-0.0016785,0.058594
0.016327,-0.00061035,0.054932
0.016327,-0.00015259,0.036621
0.0177,-0.0010681,0.048828
0.019073,-0.0028992,0.046387
0.018463,-0.0038147,0.046387
0.017548,-0.0030518,0.046387
0.016479,-0.0019836,0.041504
0.015869,-0.00030518,0.046387
0.016022,0.00015259,0.041504
0.01709,-0.0013733,0.03418
0.018463,-0.0028992,0.037842
0.019379,-0.0041199,0.043945
0.018005,-0.0038147,0.041504
0.016479,-0.0010681,0.041504
0.015717,0.0018311,0.045166
0.016632,0.0041199,0.041504
0.019073,0.005188,0.037842
0.021057,0.0032043,0.041504
0.022278,0.0012207,0.0354
0.022278,-0.00076294,0.030518
0.021667,-0.00076294,0.037842
0.02182,0.00030518,0.043945
0.022736,0.00076294,0.046387
0.024719,-0.0021362,0.046387
0.026398,-0.0039673,0.047607
0.026703,-0.007782,0.050049
0.025635,-0.01297,0.054932
0.023041,-0.011597,0.053711
0.019989,-0.011444,0.057373
0.018158,-0.0083923,0.058594
0.016022,-0.0067139,0.063477
0.018921,-0.0062561,0.062256
0.019531,-0.0076294,0.065918
0.020752,-0.0091553,0.068359
0.020599,-0.0099182,0.062256
0.020447,-0.0093079,0.068359
0.019073,-0.0059509,0.061035
0.020294,-0.0024414,0.05249
0.022583,-0.0018311,0.063477
0.024719,-0.0018311,0.064697
0.026703,-0.0042725,0.059814
0.02594,-0.007019,0.065918
0.025177,-0.0047302,0.063477
0.024109,-0.0061035,0.062256
0.023956,-0.0042725,0.061035
0.023956,-0.0030518,0.061035
0.027161,-0.0033569,0.05127
0.030365,-0.0057983,0.056152
0.031433,-0.0076294,0.054932
0.031433,-0.0090027,0.05249
0.030365,-0.0083923,0.050049
0.028992,-0.0064087,0.05127
0.029297,-0.0030518,0.047607
0.031281,-0.0028992,0.046387
0.031128,-0.0036621,0.046387
0.031281,-0.0050354,0.043945
0.029297,-0.0061035,0.043945
0.026855,-0.0059509,0.037842
0.023956,-0.0038147,0.040283
0.022125,-0.0012207,0.032959
0.022736,-0.0039673,0.039063
0.023804,-0.0016785,0.036621
0.024414,-0.0047302,0.040283
0.023193,-0.0074768,0.036621
0.02243,-0.0091553,0.041504
0.019989,-0.0088501,0.039063
0.019379,-0.0073242,0.039063
0.019379,-0.0064087,0.036621
0.018921,-0.007019,0.043945
0.019073,-0.0082397,0.058594
0.018768,-0.009613,0.045166
0.0177,-0.0059509,0.056152
0.016785,-0.0067139,0.047607
0.016174,-0.0047302,0.03418
0.016632,-0.002594,0.053711
0.018311,-0.0022888,0.053711
0.020447,-0.0035095,0.057373
0.022125,-0.0048828,0.058594
0.023041,-0.0059509,0.056152
0.022583,-0.0073242,0.062256
0.020905,-0.0048828,0.058594
0.020294,-0.0035095,0.062256
0.015717,-0.0035095,0.059814
0.020599,-0.0039673,0.065918
0.021362,-0.0062561,0.058594
0.020142,-0.0068665,0.063477
0.018463,-0.0056458,0.070801
0.016327,-0.0041199,0.064697
0.015717,-0.0013733,0.065918
0.016022,0.0010681,0.067139
0.018768,0.0016785,0.078125
0.020752,-0.00076294,0.059814
0.02182,-0.0022888,0.05249
0.020752,-0.002594,0.057373
0.018921,-0.0012207,0.047607
0.017548,0.00091553,0.050049
0.018311,0.0028992,0.054932
0.018616,-0.0012207,0.047607
0.02243,0.00045776,0.05127
0.024109,-0.0019836,0.046387
0.023651,-0.0035095,0.047607
0.02121,-0.002594,0.046387
0.02121,-0.004425,0.046387
0.019836,-0.0035095,0.045166
0.018921,-0.0065613,4.5642
0.019836,-0.0033569,4.8938
0.020752,-0.004425,4.9072
0.02121,-0.0047302,4.9097
0.019226,-0.0039673,4.906
0.018005,-0.0019836,4.8962
0.016937,0.00030518,4.9097
0.0177,0.0015259,4.9097
0.019379,0.0015259,4.9084
0.022583,-0.0015259,4.9097
0.023956,-0.0039673,4.9084
0.024261,-0.0061035,4.9146
0.022888,-0.0057983,4.9097
0.023193,-0.0048828,4.9146
0.023193,-0.0028992,4.9133
0.023193,-0.0027466,4.9182
0.023346,-0.0024414,4.9194
0.023651,-0.0035095,4.9255
0.021973,-0.0041199,4.9231
0.02121,-0.0038147,4.9255
0.019531,-0.0027466,4.9292
0.019989,-0.00076294,4.9304
0.021362,0.00061035,4.9402
0.022888,0.00091553,4.9304
0.024261,-0.00030518,4.9182
0.024719,-0.0016785,4.928
0.024414,-0.0019836,4.9316
0.023651,-0.0016785,4.9316
0.022736,0.0015259,4.9316
0.022278,0.0028992,4.9292
0.021973,0.0054932,4.9353
0.023041,0.0035095,4.9341
0.023193,0.0019836,4.9377
0.023193,0.0012207,4.9292
0.023499,0.0035095,4.9377
0.023193,0.0021362,4.9304
0.023041,0.0035095,4.9341
0.023193,0.0041199,4.9451
0.024109,0.0028992,4.9316
0.024872,0.0010681,4.9231
0.023956,-0.00045776,4.9231
0.02182,-0.00030518,4.9109
0.020599,0.0010681,4.9219
0.019379,0.0041199,4.9121
0.019379,0.0064087,4.9194
0.019379,0.0079346,4.9158
0.023346,0.007019,4.9146
0.025177,0.0054932,4.9146
0.026855,0.0050354,4.9146
0.026093,0.0027466,4.9121
0.026855,0.0056458,4.9072
0.02594,0.0067139,4.9146
0.025635,0.0050354,4.9109
0.02594,0.0064087,4.9146
0.02594,0.0039673,4.9121
0.025635,0.0035095,4.9109
0.02533,0.0033569,4.9158
0.025024,0.0057983,4.9133
0.024719,0.0085449,4.9194
0.024872,0.011139,4.9097
0.026093,0.011597,4.906
0.027618,0.010834,4.9158
0.028687,0.0090027,4.9146
0.028992,0.0068665,4.9158
0.027618,0.007019,4.9182
0.02594,0.0080872,4.9194
0.023651,0.0091553,4.9268
0.022583,0.010834,4.9243
0.022125,0.010376,4.9316
0.021362,0.0088501,4.9292
0.021515,0.0071716,4.9353
0.020142,0.0062561,4.9329
0.019379,0.0082397,4.9329
0.018005,0.010071,4.9414
0.016785,0.010834,4.9341
0.0177,0.010986,4.9316
0.019073,0.0086975,4.9304
0.021057,0.0057983,4.9377
0.021973,0.004425,4.9353
0.02121,0.0050354,4.9341
0.019836,0.0065613,4.9353
0.019073,0.0090027,4.9365
0.020447,0.010071,4.9377
0.019836,0.010071,4.9353
0.02121,0.0086975,4.9304
0.021515,0.0064087,4.9329
0.022125,0.007019,4.9255
0.02121,0.0064087,4.928
0.020905,0.007019,4.9255
0.020599,0.0062561,4.9231
0.019836,0.0045776,4.9182
0.019379,0.0027466,4.9194
0.020447,-0.00045776,4.9292
0.018768,-0.0016785,4.9194
0.01709,-0.0018311,4.9255
0.015259,-0.0015259,4.9146
0.01358,-0.0010681,4.9084
0.014038,-0.00091553,4.9133
0.013428,-0.00076294,4.9133
0.013123,-0.0012207,4.9109
0.014038,-0.0010681,4.9097
0.016479,-0.0010681,4.906
0.016632,-0.00061035,4.9146
0.018311,0.0012207,4.9084
0.019684,0.0018311,4.9109
0.02121,0.0019836,4.9097
0.022278,0.0021362,4.9146
0.022125,0.0019836,0.032959
0.021057,0.0033569,0.045166
0.022125,0.0035095,0.057373
0.021362,0.0045776,0.046387
0.021515,0.0053406,0.047607
0.02182,0.005188,0.05127
0.02182,0.0045776,0.043945
0.02182,0.0027466,0.054932
0.022278,0.00076294,0.054932
0.023193,-0.00015259,0.056152
0.024261,-0.00030518,0.059814
0.024567,0.00015259,0.054932
0.023193,-0.00030518,0.063477
0.022888,-0.00030518,0.059814
0.021973,-0.00045776,0.062256
0.020752,-0.0022888,0.056152
0.017548,-0.0030518,0.062256
0.017548,-0.00061035,0.063477
0.017853,0.0013733,0.064697
0.016479,0.005188,0.06958
0.014496,0.0019836,0.067139
0.016174,0.0016785,0.070801
0.018005,0,0.063477
0.019073,0.0024414,0.06958
0.018768,-0.00030518,0.061035
0.019531,0.0013733,0.050049
0.019684,0.0027466,0.057373
0.018768,0.0022888,0.053711
0.018158,0.0024414,0.05127
0.018768,0.0016785,0.05127
0.018768,0.0010681,0.047607
0.018616,0.0012207,0.048828
0.018158,0.0030518,0.043945
0.018311,0.0038147,0.047607
0.018463,0.0033569,0.047607
0.019226,0.002594,0.047607
0.019073,0.00030518,0.045166
0.018768,-0.0012207,0.045166
0.018311,-0.0016785,0.047607
0.01709,0,0.041504
0.017395,0.0021362,0.042725
0.016327,0.0038147,0.040283
0.015717,0.0028992,0.030518
0.016174,0.0021362,0.041504
0.015717,0.00015259,0.037842
0.016022,-0.00076294,0.037842
0.019531,-0.00045776,0.039063
0.017395,0.00091553,0.039063
0.017548,0.0021362,0.041504
0.016937,0.0033569,0.039063
0.017395,0,0.047607
0.016327,-0.0015259,0.042725
0.015869,-0.0030518,0.050049
0.014496,-0.0032043,0.05127
0.015717,-0.0010681,0.059814
0.014343,-0.00030518,0.053711
0.013428,0.0016785,0.059814
0.014343,0.00076294,0.062256
0.015411,0.00015259,0.061035
0.016937,-0.00091553,0.070801
0.018311,-0.0016785,0.062256
0.021515,-0.00061035,0.045166
0.021362,0.00061035,0.059814
0.021667,0.0012207,0.065918
0.022125,0.0010681,0.057373
0.019531,0.0015259,0.063477
0.02121,0.0012207,0.061035
0.021973,0.00091553,0.06958
0.022736,-0.00045776,0.064697
0.024261,0.0018311,0.065918
0.023804,0.0018311,0.064697
0.023956,0.0016785,0.065918
0.023346,0.0010681,0.061035
0.022125,0.00061035,0.062256
0.02182,-0.00015259,0.06958
0.021515,0,0.057373
0.021057,-0.00015259,0.05249
0.018921,-0.00091553,0.053711
0.016632,0.0022888,0.043945
0.016785,-0.0033569,0.048828
0.013733,-0.0038147,0.045166
0.013123,-0.004425,0.046387
0.01297,-0.0038147,0.043945
0.014648,-0.0045776,0.041504
0.016174,-0.0027466,0.043945
0.0177,-0.0016785,0.03418
0.018921,-0.0018311,0.037842
0.018921,-0.0013733,0.036621
0.020142,0,0.042725
0.021057,0.0012207,0.040283
0.02121,0.0027466,0.042725
0.023346,0.0033569,0.039063
0.023956,0.0038147,0.041504
0.024414,0.0038147,0.050049
0.023499,0.0033569,0.040283
0.023956,0.0039673,0.054932
0.023804,0.0038147,0.037842
0.024261,0.0010681,0.031738
0.024261,0.0024414,0.045166
0.023041,0.0015259,0.047607
0.021667,-0.00015259,0.046387
0.019531,-0.0019836,0.05249
0.018005,-0.0021362,0.05249
0.016785,-0.0032043,0.056152
0.015564,-0.0035095,0.050049
0.015411,-0.0035095,0.062256
0.015106,-0.0036621,0.057373
0.014801,-0.0035095,0.058594
0.014801,-0.0038147,0.064697
0.014191,-0.0033569,0.062256
0.015259,-0.0035095,0.067139
0.016022,-0.0033569,0.062256
0.017548,-0.002594,0.059814
0.015717,-0.0012207,0.062256
0.019836,-0.00091553,0.072021
0.020142,-0.00045776,0.070801
0.019073,-0.00061035,0.076904
0.02182,-0.00030518,0.059814
0.023499,0,1.0095
0.026245,0.0010681,4.7058
0.028229,0.0047302,4.9146
0.03006,0.0015259,4.9255
0.031128,-0.00045776,4.9292
0.031891,-0.0010681,4.9219
0.03067,-0.0010681,4.9231
0.030212,-0.00076294,4.9207
0.028229,-0.00091553,4.9207
0.028229,-0.00076294,4.9146
0.02533,-0.0021362,4.9255
0.023499,-0.0024414,4.9255
0.020752,-0.0022888,4.9182
0.019379,-0.002594,4.9146
0.019989,-0.0013733,4.9146
0.020752,-0.00045776,4.8987
0.02121,-0.0013733,4.9097
0.022583,0.0012207,4.9109
0.02243,0,4.9133
0.022736,-0.0018311,4.906
0.021973,-0.00030518,4.9072
0.021057,-0.00061035,4.8987
0.019836,0.00030518,4.9084
0.018158,0,4.9097
0.02121,-0.00076294,4.9084
0.020752,-0.00030518,4.9146
0.022125,-0.0010681,4.9158
0.022278,-0.0010681,4.917
0.02243,-0.00045776,4.9158
0.021362,-0.00061035,4.9182
0.023041,-0.00015259,4.9182
0.023499,0.0015259,4.9207
0.022888,-0.0032043,4.9377
0.023193,-0.0038147,4.9292
0.02182,-0.0048828,4.9182
0.020142,-0.0056458,4.9292
0.019379,-0.0059509,4.9255
0.018005,-0.0047302,4.9304
0.018005,-0.0039673,4.9316
0.018311,-0.0033569,4.9304
0.018158,-0.0038147,4.9329
0.017853,-0.0033569,4.9292
0.01709,-0.0027466,4.939
0.01709,-0.00091553,4.9329
0.016022,0.00030518,4.9365
0.016174,0.0010681,4.9329
0.016327,0.0022888,4.9377
0.016327,0.0010681,4.9451
0.017242,-0.00030518,4.9377
0.016327,-0.0015259,4.9316
0.016632,-0.0021362,4.9316
0.018311,-0.0019836,4.9219
0.019989,-0.0018311,4.928
0.02243,-0.0013733,4.9304
0.024567,-0.0016785,4.9207
0.024872,-0.0016785,4.9207
0.025482,-0.00076294,4.917
0.025635,-0.00076294,4.9158
0.025635,0.00091553,4.9146
0.02655,0.00061035,4.9158
0.026703,-0.00030518,4.9097
0.02594,-0.00061035,4.9146
0.027466,-0.0015259,4.9146
0.027161,-0.00076294,4.9158
0.027008,-0.00045776,4.9109
0.027466,-0.00076294,4.9133
0.02655,0.00076294,4.9133
0.026703,0.00076294,4.9109
0.025787,-0.00015259,4.9158
0.025177,-0.00030518,4.9109
0.024261,-0.00015259,4.9011
0.02243,0.00030518,4.9097
0.020447,0.00076294,4.9084
0.019989,0.00061035,4.9109
0.018768,0,4.9121
0.018616,-0.0015259,4.9097
0.019226,-0.002594,4.917
0.019379,-0.0024414,4.917
0.019989,-0.0030518,4.9207
0.019531,-0.002594,4.9243
0.019684,-0.0013733,4.928
0.019989,-0.0012207,4.9243
0.020447,-0.00091553,4.9353
0.020599,-0.00076294,4.9426
0.02182,-0.00061035,4.9304
0.022278,-0.00030518,4.9207
0.021515,-0.00061035,4.9341
0.023041,-0.00030518,4.9194
0.024109,-0.00015259,4.9292
0.026245,0.00045776,4.9304
0.025787,-0.00015259,4.9341
0.027924,0.00091553,4.9329
0.028381,0.00061035,4.9316
0.026855,-0.00045776,4.939
0.02594,-0.00091553,4.9353
0.024567,-0.00045776,4.9341
0.02182,-0.0018311,4.9255
0.020599,-0.00015259,4.9353
0.015717,0.00030518,4.9304
0.018311,0.00045776,4.9292
0.018768,-0.00061035,4.9292
0.016479,-0.0022888,4.9255
0.019226,-0.0028992,4.9255
0.018921,-0.0032043,4.9231
0.020142,-0.0022888,4.928
0.019073,-0.00061035,4.9158
0.019836,-0.00076294,4.8987
0.020905,-0.0015259,4.9158
0.020142,-0.0030518,0.043945
0.022736,-0.0024414,0.040283
0.021515,-0.00045776,0.041504
0.022125,0.002594,0.039063
0.022583,0.0035095,0.039063
0.023193,0.0048828,0.037842
0.024414,0.0045776,0.043945
0.02655,0.0035095,0.039063
0.028229,0.0028992,0.040283
0.03006,0.0028992,0.037842
0.028839,0.0027466,0.041504
0.030212,0.0027466,0.043945
0.029449,0.0032043,0.041504
0.029755,0.0019836,0.053711
0.029602,0.0016785,0.042725
0.027618,0.0033569,0.036621
0.027008,0.0012207,0.047607
0.025177,0.0062561,0.050049
0.024414,0.0067139,0.050049
0.023193,0.0065613,0.053711
0.02243,0.005188,0.054932
0.023346,0.0042725,0.058594
0.023651,0.0048828,0.059814
0.024261,0.0065613,0.064697
0.023804,0.0059509,0.059814
0.02243,0.0059509,0.061035
0.021362,0.0059509,0.062256
0.019989,0.0054932,0.063477
0.019684,0.0061035,0.064697
0.018005,0.0067139,0.065918
0.0177,0.0076294,0.062256
0.016327,0.007019,0.065918
0.016327,0.0065613,0.076904
0.016785,0.005188,0.068359
0.016632,0.0064087,0.054932
0.018463,0.0045776,0.062256
0.019379,0.0048828,0.064697
0.019073,0.0056458,0.061035
0.018921,0.0054932,0.057373
0.0177,0.0041199,0.056152
0.016937,0.0021362,0.057373
0.016785,0.00091553,0.046387
0.015717,-0.0012207,0.05127
0.016327,-0.00061035,0.05127
0.016785,-0.00076294,0.050049
0.016785,-0.00030518,0.046387
0.016632,-0.00091553,0.046387
0.0177,-0.0019836,0.059814
0.019226,-0.0024414,0.046387
0.021973,-0.0019836,0.047607
0.021362,-0.0012207,0.041504
0.021667,0.00030518,0.024414
0.021973,0.0016785,0.040283
0.020142,0.0016785,0.042725
0.020905,0.0032043,0.039063
0.022125,0.0036621,0.039063
0.022736,0.0041199,0.036621
0.023651,0.005188,0.039063
0.024261,0.0057983,0.039063
0.025024,0.0065613,0.041504
0.025482,0.009613,0.037842
0.025787,0.0061035,0.046387
0.02533,0.0047302,0.042725
0.024719,0.0039673,0.046387
0.023346,0.0033569,0.050049
0.023041,0.0028992,0.047607
0.024719,0.0032043,0.05249
0.023499,0.0038147,0.058594
0.022278,0.0050354,0.065918
0.02121,0.0053406,0.056152
0.019989,0.0061035,0.048828
0.020294,0.01236,0.059814
0.021362,0.0065613,0.062256
0.02182,0.0062561,0.062256
0.022125,0.0059509,0.062256
0.021973,0.0062561,0.058594
0.020905,0.0030518,0.063477
0.021515,0.002594,0.061035
0.021515,0.0021362,0.068359
0.021515,0.0027466,0.061035
0.02182,0.0035095,0.068359
0.020294,0.0030518,0.065918
0.019073,0.0035095,0.067139
0.018005,0.0027466,0.078125
0.01709,0.0022888,0.064697
0.016937,0.002594,0.062256
0.016632,0.0027466,0.059814
0.020142,0.0032043,0.048828
0.021515,0.0041199,0.053711
0.020905,0.0036621,0.054932
0.02121,0.002594,0.046387
0.018921,0.0016785,0.05127
0.018463,0.0016785,0.045166
0.0177,0.0019836,0.048828
0.017853,0.002594,0.045166
0.018311,0.0041199,0.046387
0.018921,0.004425,0.040283
0.019226,0.0050354,0.042725
0.018768,0.0056458,0.046387
0.018768,0.0053406,0.040283
0.019531,0.0057983,0.036621
0.019684,0.0059509,0.041504
0.020142,0.0056458,0.047607
0.019989,0.0053406,0.041504
0.019684,0.0045776,0.047607
0.018616,0.0024414,0.040283
0.01709,0.0010681,0.028076
0.016327,0.00030518,0.039063
0.015411,0.00045776,0.039063
0.016174,0,0.040283
0.017242,0.0019836,0.043945
0.018005,0.0030518,0.043945
0.019226,0.004425,0.050049
0.019073,0.0036621,0.050049
0.019836,0.0013733,0.053711
0.019531,0.00091553,0.05127
0.020294,0.0016785,0.057373
0.020447,0.0013733,0.061035
0.020447,0.0022888,3.916
0.020905,0.0022888,4.8767
0.020905,0,4.9268
0.020294,-0.00076294,4.9292
0.019836,-0.0010681,4.9316
0.020294,-0.00076294,4.9316
0.020447,-0.00030518,4.9316
0.020752,0.00030518,4.9219
0.021362,-0.00030518,4.9304
0.021973,-0.0028992,4.9316
0.02182,-0.002594,4.9329
0.02182,-0.0028992,4.9365
0.020447,-0.0021362,4.9341
0.020294,-0.0022888,4.9329
0.019226,-0.00091553,4.928
0.019226,-0.0018311,4.9353
0.019226,-0.0022888,4.928
0.018616,-0.0024414,4.9268
0.018311,-0.0013733,4.9255
0.017242,-0.0010681,4.9292
0.019684,0.0010681,4.9304
0.019531,0.0012207,4.9207
0.020447,0.00045776,4.928
0.021057,0.00061035,4.917
0.02121,0.00030518,4.9072
0.020752,0.0010681,4.9158
0.020599,0.0015259,4.9146
0.019836,0.0018311,4.9109
0.020905,0.0024414,4.9133
0.021362,0.0024414,4.9036
0.023041,0.0028992,4.9084
0.023346,0.0030518,4.9084
0.023651,0.0028992,4.9109
0.023499,0.0021362,4.9072
0.023499,0.00091553,4.9121
0.022888,0.00076294,4.9097
0.022888,0.00061035,4.9133
0.02182,0.00091553,4.9121
0.020294,0.00091553,4.9158
0.018463,-0.00015259,4.9121
0.016327,-0.0019836,4.9109
0.013885,-0.0038147,4.9158
0.015259,-0.0047302,4.9182
0.014496,-0.0047302,4.9194
0.015259,-0.0041199,4.9219
0.016327,-0.0041199,4.906
0.018311,-0.0021362,4.928
0.014801,-0.0062561,4.9292
0.013885,-0.0065613,4.9255
0.014496,-0.0094604,4.9365
0.014343,-0.0053406,4.9292
0.015411,-0.0035095,4.939
0.01709,-0.0016785,4.9304
0.017242,0.00015259,4.9353
0.016937,0.00045776,4.928
0.018158,0.00030518,4.9341
0.019836,-0.00076294,4.9426
0.022125,-0.0019836,4.939
0.024567,-0.0012207,4.939
0.026703,-0.00076294,4.9365
0.027618,-0.00030518,4.9182
0.027618,0.0012207,4.9292
0.027161,0.00015259,4.9268
0.026703,0,4.9329
0.027313,0.00030518,4.9292
0.027161,0.00076294,4.9231
0.027161,0.0024414,4.928
0.026855,0.0035095,4.9231
0.024719,0.0036621,4.9207
0.022583,0.0030518,4.9182
0.020294,0.0024414,4.9219
0.018768,0.0010681,4.9194
0.019226,0.00030518,4.9109
0.018005,0.00061035,4.9207
0.019379,0.0013733,4.917
0.019226,0.0021362,4.9109
0.019073,0.0022888,4.9146
0.017548,0.0016785,4.9036
0.017242,0.0012207,4.9097
0.018158,0.00030518,4.9084
0.0177,0.00030518,4.9121
0.018158,0.00030518,4.9084
0.017853,0.0010681,4.9072
0.01358,0.0010681,4.917
0.015259,0.00045776,4.9097
0.013275,-0.0022888,4.9097
0.013275,-0.0022888,4.9072
0.014343,-0.0018311,4.9158
0.016174,-0.0015259,4.9121
0.017395,-0.00091553,4.9182
0.018158,-0.00091553,4.9146
0.016937,-0.0016785,4.9231
0.017548,-0.0038147,4.9292
0.017548,-0.0047302,4.9243
0.018158,-0.0059509,4.9341
0.019379,-0.0022888,4.9292
0.019531,0.00076294,4.9182
0.018921,0.0024414,4.9329
0.0177,0.0018311,4.9304
0.018311,0,4.9304
0.017548,-0.00091553,4.9304
0.022278,-0.0018311,4.9292
0.020142,-0.00045776,4.9341
0.021057,0.0016785,4.9304
0.021362,0.0032043,4.9402
0.021515,0.0016785,4.9292
0.020142,0.00061035,4.9377
0.019836,-0.0018311,4.9353
0.019226,-0.0032043,4.9353
0.019531,-0.0022888,0.067139
0.018768,0.00015259,0.064697
0.018311,0.0019836,0.063477
0.018311,0.0021362,0.057373
0.018463,0.00030518,0.059814
0.018921,-0.002594,0.053711
0.019989,-0.0042725,0.047607
0.02121,-0.0036621,0.047607
0.022736,-0.00076294,0.050049
0.024719,0.0018311,0.047607
0.025787,0.0038147,0.047607
0.028687,0.0038147,0.032959
0.027618,0.0018311,0.045166
0.027924,0.0016785,0.042725
0.028229,0.00045776,0.043945
0.027618,0.0019836,0.043945
0.028381,0.0032043,0.040283
0.028839,0.0035095,0.036621
0.027466,0.0032043,0.042725
0.028229,0.0030518,0.054932
0.027466,0.0010681,0.041504
0.026703,0.00015259,0.053711
0.025024,-0.0030518,0.041504
0.023651,0.00015259,0.028076
0.022888,0,0.037842
0.020599,-0.00045776,0.041504
0.019684,-0.0018311,0.041504
0.020447,-0.0028992,0.043945
0.019379,-0.0022888,0.041504
0.020447,-0.0013733,0.05249
0.020599,-0.00045776,0.05127
0.020599,0.00015259,0.056152
0.021973,0.00091553,0.057373
0.020599,0.00076294,0.061035
0.020752,0.00015259,0.059814
0.020447,0.00045776,0.059814
0.020599,-0.0021362,0.073242
0.020294,0.00091553,0.063477
0.020905,0.00030518,0.061035
0.022278,-0.00076294,0.061035
0.023041,-0.0012207,0.067139
0.023956,-0.0012207,0.059814
0.024261,-0.0016785,0.048828
0.02533,-0.0012207,0.061035
0.025024,-0.00045776,0.064697
0.025024,0.00076294,0.062256
0.024414,0.0012207,0.067139
0.023499,0.0012207,0.064697
0.021515,0.00045776,0.064697
0.020142,0.00045776,0.057373
0.020905,0.00045776,0.062256
0.021515,0.00061035,0.056152
0.024261,0.00076294,0.058594
0.024261,0.0012207,0.054932
0.025024,0.0010681,0.054932
0.025024,0.00045776,0.059814
0.026245,-0.0033569,0.047607
0.026093,-0.0018311,0.057373
0.02655,-0.00045776,0.046387
0.026245,-0.00045776,0.0354
0.026093,-0.00030518,0.042725
0.02533,-0.0010681,0.042725
0.026093,-0.0010681,0.037842
0.026703,-0.00076294,0.041504
0.027618,0,0.039063
0.029144,0.00015259,0.041504
0.030975,0.00091553,0.036621
0.031128,0.0022888,0.041504
0.032349,0.00091553,0.031738
0.031738,0.0038147,0.039063
0.031128,0.0050354,0.037842
0.03006,0.0056458,0.041504
0.028076,0.0059509,0.042725
0.027008,0.0059509,0.042725
0.02655,0.0057983,0.042725
0.026093,0.0059509,0.043945
0.02594,0.0076294,0.048828
0.024414,0.0085449,0.050049
0.026398,0.0085449,0.050049
0.026855,0.007782,0.050049
0.027008,0.0059509,0.056152
0.028229,0.0045776,0.056152
0.027924,0.0048828,0.058594
0.027771,0.005188,0.058594
0.026855,0.0041199,0.062256
0.025482,0.0056458,0.062256
0.024719,0.0062561,0.062256
0.023346,0.0047302,0.058594
0.022888,0.0036621,0.063477
0.021515,0.002594,0.059814
0.020599,0.002594,0.064697
0.019531,0.0027466,0.073242
0.018921,0.0035095,0.063477
0.018616,0.0027466,0.067139
0.018921,0.0013733,0.065918
0.018616,-0.00045776,0.050049
0.018158,-0.0015259,0.062256
0.017853,-0.0018311,0.062256
0.017853,-0.00091553,0.058594
0.016937,0.0010681,0.057373
0.016327,0.0010681,0.05249
0.016937,0.0012207,0.054932
0.016937,0.00015259,0.047607
0.019073,-0.00076294,0.05127
0.019836,-0.0039673,0.043945
0.02182,0.00091553,0.05127
0.023499,0.0024414,0.046387
0.024719,0.0024414,0.046387
0.025482,0.002594,0.047607
0.025635,0.0019836,0.043945
0.027771,0.0013733,0.047607
0.029602,0.00076294,0.037842
0.028839,0.0016785,0.046387
0.028534,0.002594,0.039063
0.028687,0.0039673,0.031738
0.028534,0.0035095,0.039063
0.029755,0.0036621,0.037842
0.030518,0.0032043,0.91675
0.031433,0.0030518,4.6765
0.031433,0.0030518,4.8901
0.030975,0.0035095,4.9084
0.030212,0.0048828,4.906
0.029907,0.0033569,4.9146
0.028992,0.004425,4.9023
0.028534,0.002594,4.917
0.027466,0.0024414,4.9207
0.025635,0.0015259,4.9243
0.025024,0.0015259,4.9329
0.024414,0.0015259,4.9255
0.025177,0.00076294,4.9377
0.024567,0.0016785,4.9304
0.023956,0.0022888,4.928
0.023956,0.0018311,4.9329
0.023651,0.00030518,4.9304
0.023956,0.00061035,4.9158
0.02243,0.00015259,4.9292
0.023041,0.0016785,4.9292
0.022583,0.0021362,4.9316
0.02182,0.0021362,4.9329
0.020294,0.0010681,4.9353
0.019836,0.00030518,4.9329
0.018463,-0.002594,4.9377
0.018768,-0.0015259,4.9365
0.019684,-0.00030518,4.9365
0.020752,0.0012207,4.9353
0.018616,0.002594,4.9268
0.016479,0.0024414,4.9414
0.015869,0.00061035,4.9292
0.015411,-0.00091553,4.9353
0.016632,-0.0013733,4.9109
0.0177,-0.00045776,4.9109
0.018768,0.0054932,4.917
0.019379,0.0019836,4.9146
0.017853,0.0019836,4.9231
0.017242,0.00045776,4.9158
0.016632,-0.0027466,4.9133
0.014801,-0.0042725,4.917
0.01709,-0.0038147,4.9121
0.0177,-0.0018311,4.9109
0.018158,-0.0010681,4.9072
0.017853,0.0021362,4.9158
0.017242,0.0013733,4.9146
0.016327,-0.00030518,4.9121
0.017395,-0.00030518,4.9182
0.0177,-0.00061035,4.9097
0.018768,0.00061035,4.9084
0.020447,0.0039673,4.9109
0.020142,0.0028992,4.895
0.019684,0.0013733,4.9097
0.018463,-0.0010681,4.906
0.017548,-0.0010681,4.9146
0.017853,-0.0039673,4.9146
0.018921,-0.0030518,4.9133
0.020752,-0.0015259,4.9182
0.022125,0.00061035,4.9182
0.021973,0.00045776,4.9231
0.02182,0.00091553,4.9207
0.02121,-0.0013733,4.9304
0.021057,-0.0030518,4.9268
0.021667,-0.004425,4.9304
0.022125,-0.0045776,4.9292
0.022125,-0.0028992,4.9304
0.023651,-0.0027466,4.9353
0.023041,-0.0013733,4.9341
0.023193,-0.0022888,4.9414
0.02243,-0.0019836,4.9316
0.022278,-0.0035095,4.9219
0.022125,-0.0032043,4.9133
0.02121,-0.0033569,4.9316
0.022278,-0.0019836,4.9304
0.020447,-0.0016785,4.9353
0.019379,-0.0028992,4.9329
0.017242,-0.0048828,4.9341
0.015717,-0.0056458,4.9304
0.016632,-0.0047302,4.9304
0.017395,-0.0028992,4.9255
0.018616,0.00030518,4.9255
0.018005,0.002594,4.9268
0.0177,0.0033569,4.9255
0.016937,0.0022888,4.9255
0.014954,0.00076294,4.9231
0.016785,-0.00030518,4.9158
0.018005,-0.00061035,4.9182
0.019226,0.00091553,4.9097
0.020294,0.0021362,4.9158
0.020294,0.0016785,4.9133
0.020294,0.00091553,4.9121
0.019073,-0.00091553,4.9121
0.019226,-0.00045776,4.9121
0.019379,0.00061035,4.9036
0.018463,0.002594,4.9097
0.020599,0.0035095,4.9133
0.015564,0.0036621,4.906
0.014343,0.0015259,4.9109
0.01358,-0.00091553,4.9121
0.016022,-0.0022888,4.9121
0.015411,-0.002594,4.9084
0.015259,-0.0013733,4.9133
0.01709,-0.00091553,4.917
0.017853,0.00091553,4.9182
0.0177,0.00015259,4.9219
0.017242,-0.00076294,4.9219
0.016632,-0.0033569,4.906
0.01709,-0.0015259,4.9231
0.016022,0.00030518,4.928
0.016022,0.0021362,4.9243
0.016022,0.0035095,4.9255
0.016327,0.0035095,0.057373
0.017548,0.0015259,0.064697
0.019226,0.00015259,0.056152
0.021362,-0.0018311,0.064697
0.024872,0.00015259,0.058594
0.026398,0.0015259,0.061035
0.027313,0.0038147,0.061035
0.025635,0.0053406,0.064697
0.02533,0.0053406,0.079346
0.023651,0.004425,0.068359
0.022888,0.0028992,0.062256
0.022888,0.0021362,0.068359
0.022736,0.0027466,0.057373
0.022583,0.0042725,0.059814
0.02182,0.0057983,0.059814
0.02182,0.0065613,0.057373
0.022278,0.0062561,0.057373
0.022888,0.0048828,0.05249
0.024567,0.0038147,0.05249
0.024719,0.0032043,0.050049
0.023651,0.002594,0.048828
0.023193,0.0053406,0.046387
0.018616,0.0053406,0.048828
0.016632,0.0039673,0.045166
0.015259,0.0016785,0.047607
0.016479,0.00030518,0.043945
0.015564,-0.00030518,0.042725
0.014954,0,0.048828
0.013733,0.0010681,0.041504
0.013123,0.00091553,0.048828
0.012054,0.00061035,0.040283
0.012512,0.00015259,0.0354
0.013885,0,0.037842
0.016327,0.00015259,0.039063
0.017242,0.0019836,0.037842
0.018921,0.0030518,0.039063
0.017242,0.0041199,0.036621
0.015717,0.0036621,0.041504
0.014801,0.0038147,0.040283
0.013885,0.0027466,0.045166
0.015717,0.0035095,0.043945
0.017395,0.0048828,0.050049
0.019073,0.0064087,0.05127
0.019379,0.0074768,0.054932
0.017853,0.007019,0.067139
0.017548,0.004425,0.057373
0.016632,0.0030518,0.063477
0.017395,0.0019836,0.061035
0.019379,0.0012207,0.057373
0.018768,0.0022888,0.062256
0.018616,0.0041199,0.059814
0.015717,0.0047302,0.058594
0.01236,0.004425,0.061035
0.010376,0.0033569,0.059814
0.0086975,0.0013733,0.062256
0.009613,0.00045776,0.061035
0.010834,-0.00015259,0.067139
0.012512,0.0013733,0.064697
0.013123,0.0022888,0.065918
0.012665,0.0030518,0.068359
0.013428,0.0015259,0.067139
0.014038,0.00015259,0.061035
0.014648,-0.00076294,0.059814
0.018005,-0.00045776,0.068359
0.018005,0.0010681,0.057373
0.018311,0.0032043,0.064697
0.0177,0.0042725,0.053711
0.017548,0.0041199,0.040283
0.018768,0.0035095,0.047607
0.020294,0.0012207,0.047607
0.023499,0.0012207,0.045166
0.026093,0.0015259,0.046387
0.027161,0.0016785,0.045166
0.027008,0.0022888,0.043945
0.026398,0.0028992,0.040283
0.025482,0.0024414,0.041504
0.024872,0.00091553,0.039063
0.024261,-0.00045776,0.041504
0.024567,-0.0013733,0.037842
0.023041,-0.0015259,0.042725
0.021667,-0.0010681,0.050049
0.019684,0.00076294,0.040283
0.019073,0.0013733,0.039063
0.019379,0.0019836,0.041504
0.019836,0.0015259,0.028076
0.022278,0.00061035,0.037842
0.023193,-0.00030518,0.040283
0.023041,0.00030518,0.043945
0.024109,0.0012207,0.045166
0.023193,0.0024414,0.046387
0.022888,0.0032043,0.053711
0.022888,0.0033569,0.050049
0.023193,0.0028992,0.058594
0.025482,0.0016785,0.054932
0.025177,0.0022888,0.057373
0.023499,0.0027466,0.059814
0.023651,0.0047302,0.064697
0.023346,0.005188,0.061035
0.023499,0.0045776,0.064697
0.026398,-0.00015259,0.065918
0.029144,0.00061035,0.062256
0.030975,-0.00045776,0.073242
0.031281,0.0012207,0.058594
0.03067,0.0012207,0.05127
0.028534,0.0030518,0.063477
0.027618,0.0039673,0.064697
0.027008,0.00091553,0.063477
0.027466,0.0022888,0.067139
0.027313,0.0016785,0.059814
0.025787,0.0019836,0.067139
0.023651,0.0036621,0.056152
0.021515,0.0047302,0.059814
0.021057,0.0047302,0.05249
0.022125,0.0035095,0.054932
0.024414,0.00030518,0.043945
0.027924,-0.00061035,0.050049
0.029755,0.00030518,0.050049
0.031891,0.0013733,4.2725
0.028687,0.0018311,4.8718
0.027161,0.0015259,4.9097
0.027008,0.0016785,4.9011
0.027008,0.0010681,4.9109
0.029602,0.0012207,4.9109
0.03067,0.0013733,4.9097
0.030518,-0.00015259,4.9109
0.028381,0.0057983,4.8975
0.028229,0.0047302,4.9036
0.028992,0.0042725,4.906
0.031128,0.0056458,4.9109
0.034332,0.0041199,4.906
0.036774,0.0042725,4.9121
0.037079,0.0047302,4.9109
0.036163,0.0028992,4.9146
0.033417,0.0059509,4.9084
0.032196,0.0062561,4.9146
0.031891,0.0074768,4.928
0.032959,0.0067139,4.917
0.032654,0.0064087,4.9292
0.033569,0.0059509,4.9243
0.033569,0.0039673,4.9072
0.031433,0.0045776,4.9243
0.030975,0.0048828,4.9243
0.031128,0.004425,4.928
0.030975,0.0065613,4.9316
0.029755,0.0038147,4.917
0.032349,0.0024414,4.9353
0.031281,0.0015259,4.9316
0.029144,0.0013733,4.9341
0.025635,0.0012207,4.9255
0.024414,0.0024414,4.9341
0.024261,0.0045776,4.9304
0.025482,0.0053406,4.9353
0.02655,0.0019836,4.9414
0.026093,-0.00061035,4.9365
0.026093,-0.0030518,4.9146
0.025177,-0.0030518,4.9341
0.025177,-0.0021362,4.9451
0.025635,-0.00015259,4.9329
0.026093,0.00076294,4.9231
0.026245,0,4.928
0.027618,-0.0013733,4.9268
0.027771,-0.0036621,4.9243
0.02655,-0.0019836,4.9219
0.026245,-0.0010681,4.917
0.026093,-0.00076294,4.9207
0.027161,0.00015259,4.9146
0.028992,-0.00015259,4.9146
0.030365,-0.0022888,4.9146
0.031128,-0.0035095,4.9182
0.030212,-0.0038147,4.9133
0.028229,-0.0027466,4.9036
0.024872,-0.0016785,4.9194
0.024567,-0.00045776,4.9146
0.024872,-0.0012207,4.917
0.027161,-0.0019836,4.9084
0.028229,-0.004425,4.9036
0.029144,-0.0053406,4.9097
0.025787,-0.0050354,4.9072
0.024261,-0.0041199,4.9084
0.024567,-0.0027466,4.9072
0.026093,-0.0033569,4.9084
0.028229,-0.0038147,4.9146
0.029297,-0.0036621,4.9097
0.029755,-0.009613,4.9194
0.028534,-0.0042725,4.9158
0.026855,-0.0042725,4.9207
0.025024,-0.0030518,4.9243
0.026093,-0.0033569,4.928
0.027771,-0.0018311,4.9219
0.028839,-0.002594,4.928
0.030212,-0.0033569,4.9207
0.029907,-0.0039673,4.9304
0.027313,-0.0024414,4.9414
0.025177,-0.00045776,4.9414
0.025177,0.0015259,4.9231
0.025787,0.0027466,4.9304
0.027161,0.0015259,4.9304
0.027771,0,4.9304
0.027618,-0.0019836,4.9353
0.028229,-0.0033569,4.9316
0.023804,-0.0028992,4.9341
0.02182,-0.0015259,4.9341
0.021667,-0.00015259,4.9329
0.021667,0.0010681,4.9341
0.023193,0.0010681,4.9341
0.022583,0.00091553,4.9231
0.020142,-0.00045776,4.9353
0.019989,0.00091553,4.9426
0.016937,0.0027466,4.9292
0.01709,0.002594,4.9255
0.018005,0.0021362,4.9268
0.019684,0.00061035,4.9036
0.019989,-0.0010681,4.9133
0.019684,-0.0024414,4.917
0.017548,-0.0027466,4.9158
0.015106,-0.0013733,4.9158
0.013275,0,4.9072
0.013428,0.0013733,4.9158
0.014801,0.0021362,4.9109
0.016937,0.0018311,4.9121
0.018616,0.0016785,4.906
0.018463,0.0021362,4.9121
0.019226,0.0038147,4.9133
0.018463,0.0053406,4.9133
0.018616,0.0054932,4.9109
0.019989,0.0047302,4.9109
0.020447,0.0021362,4.9097
0.020447,-0.00030518,0.042725
0.019226,-0.0013733,0.042725
0.016327,-0.00045776,0.039063
0.014191,0.0015259,0.0354
0.012665,0.0038147,0.046387
0.013275,0.005188,0.045166
0.015564,0.0028992,0.048828
0.017548,0.0010681,0.050049
0.018921,-0.00061035,0.067139
0.018768,-0.00091553,0.056152
0.018158,0.0010681,0.053711
0.017395,0.0016785,0.059814
0.018311,0.0032043,0.058594
0.019073,0.0035095,0.065918
0.019379,0.0027466,0.062256
0.018921,0.0012207,0.063477
0.016479,0.0010681,0.070801
0.013885,0.0019836,0.064697
0.012054,0.0041199,0.070801
0.012207,0.0053406,0.062256
0.014343,0.0061035,0.053711
0.017548,0.0050354,0.064697
0.020447,0.0035095,0.064697
0.021667,0.0018311,0.06958
0.02121,0.0019836,0.067139
0.019836,0.0032043,0.059814
0.018616,0.0041199,0.062256
0.018463,0.0057983,0.058594
0.018616,0.0059509,0.061035
0.018921,0.0041199,0.050049
0.019073,0.0024414,0.054932
0.017853,0.0012207,0.05249
0.016174,0.0024414,0.053711
0.015106,0.0039673,0.046387
0.015717,0.005188,0.05127
0.018158,0.0053406,0.050049
0.019531,0.0039673,0.036621
0.020142,0.0022888,0.047607
0.018768,0.0012207,0.046387
0.01709,0.0013733,0.046387
0.014954,0.0032043,0.037842
0.013428,0.0035095,0.039063
0.013885,-0.0030518,0.037842
0.014648,0.0015259,0.039063
0.016632,-0.00061035,0.036621
0.016479,-0.0013733,0.041504
0.0177,-0.00045776,0.039063
0.014801,0.0022888,0.041504
0.01358,0.0041199,0.039063
0.01358,0.0045776,0.042725
0.014954,0.0047302,0.041504
0.016022,0.0024414,0.045166
0.016937,0.00045776,0.058594
0.016327,0.0012207,0.031738
0.016174,0,0.054932
0.017395,0.0027466,0.056152
0.019531,0.0032043,0.040283
0.022125,0.002594,0.056152
0.024567,0.0016785,0.057373
0.026093,-0.00045776,0.057373
0.024719,-0.00076294,0.061035
0.022888,-0.00076294,0.056152
0.019684,0.0035095,0.063477
0.016785,0.0050354,0.058594
0.018158,0.0054932,0.065918
0.016174,0.0041199,0.058594
0.016174,0.0013733,0.065918
0.01709,0,0.063477
0.017548,-0.00076294,0.062256
0.018616,0.00045776,0.072021
0.019531,0.0028992,0.067139
0.02121,0.0035095,0.068359
0.022278,0.0028992,0.065918
0.023804,0.0015259,0.078125
0.023499,-0.00076294,0.054932
0.022736,-0.0021362,0.042725
0.020905,-0.0016785,0.056152
0.019379,0.00076294,0.054932
0.018768,0.0028992,0.048828
0.020294,0.0064087,0.05127
0.019531,0.0035095,0.047607
0.019989,0.0015259,0.048828
0.019836,0.00045776,0.047607
0.02243,0,0.048828
0.018616,0.0013733,0.043945
0.018768,0.0027466,0.046387
0.019379,0.0042725,0.041504
0.019989,0.0016785,0.045166
0.020294,-0.00076294,0.043945
0.019379,-0.0035095,0.042725
0.017853,-0.0047302,0.040283
0.017242,-0.0028992,0.039063
0.015869,0.00030518,0.029297
0.016327,0.0030518,0.039063
0.019531,0.0035095,0.03418
0.019684,0.0028992,0.036621
0.020599,0.00061035,0.040283
0.019379,-0.0013733,0.037842
0.019226,-0.0022888,0.041504
0.018158,0.00015259,0.041504
0.018005,0.0024414,0.048828
0.018616,0.0038147,0.045166
0.019531,0.0013733,0.05249
0.019226,-0.0018311,0.054932
0.019073,-0.0047302,0.056152
0.01709,-0.0059509,0.053711
0.014343,-0.0039673,0.05127
0.015259,-0.0022888,0.059814
0.016937,0.00061035,0.058594
0.019989,0.0012207,0.070801
0.020294,0.00015259,0.064697
0.021973,-0.00076294,0.045166
0.023041,-0.00091553,0.058594
0.023346,0.00061035,0.059814
0.023193,0.0039673,0.061035
0.023651,0.0067139,0.062256
0.024567,0.004425,0.090332
0.02594,0.0056458,4.6387
0.026245,0.0033569,4.9121
0.027771,0.0019836,4.9329
0.027313,0.004425,4.9304
0.027466,0.0036621,4.9341
0.027313,0.0053406,4.9304
0.028229,0.004425,4.9316
0.028839,0.0024414,4.9377
0.029755,-0.00061035,4.9268
0.030365,-0.0027466,4.9207
0.028229,-0.0033569,4.9243
0.024872,-0.0024414,4.906
0.023651,-0.00045776,4.9207
0.022888,-0.00015259,4.9133
0.02243,-0.0013733,4.9158
0.021057,-0.002594,4.9133
0.021667,-0.0047302,4.9133
0.021057,-0.0047302,4.9109
0.021667,-0.0030518,4.9097
0.021515,0.00030518,4.9109
0.022278,0.0013733,4.906
0.024261,0.0038147,4.9121
0.02655,0.0012207,4.9109
0.028992,-0.00030518,4.9133
0.03006,-0.0019836,4.906
0.029297,-0.0021362,4.9097
0.029144,-0.0012207,4.9194
0.028992,0.00045776,4.9158
0.028534,0.0024414,4.9219
0.029602,0.0028992,4.9084
0.030365,0.0022888,4.9036
0.031281,0.0016785,4.9158
0.03067,0.00076294,4.9097
0.028076,0.00091553,4.917
0.028839,0.0024414,4.9231
0.028534,0.0041199,4.9231
0.028839,0.0041199,4.9268
0.029755,0.0027466,4.928
0.03006,0,4.9341
0.029297,-0.0027466,4.9292
0.027008,-0.0057983,4.9329
0.025787,-0.0045776,4.9304
0.023499,-0.0030518,4.9329
0.022736,-0.00030518,4.9438
0.022888,0.0015259,4.9329
0.02243,0.0012207,4.9304
0.02243,-0.00015259,4.9329
0.02243,-0.0015259,4.9402
0.021973,-0.0012207,4.9329
0.023346,0.0018311,4.9353
0.024261,0.0047302,4.9341
0.024109,0.0071716,4.9341
0.029144,0.007019,4.9329
0.030518,0.0047302,4.9304
0.031891,0.0015259,4.928
0.031738,-0.00045776,4.9304
0.031586,0.0015259,4.9231
0.031738,0.0038147,4.9231
0.031433,0.0054932,4.9268
0.031586,0.0054932,4.9231
0.031738,0.0039673,4.9194
0.031891,0.0015259,4.9158
0.032196,0.00015259,4.9292
0.032043,0.00091553,4.9182
0.032196,0.0030518,4.9194
0.031586,0.0042725,4.9133
0.032196,0.0050354,4.8999
0.031281,0.0050354,4.9097
0.030365,0.004425,4.9133
0.029449,0.0047302,4.9109
0.028229,0.005188,4.9109
0.024872,0.0065613,4.9084
0.022583,0.007782,4.9097
0.020447,0.0080872,4.9084
0.020905,0.0080872,4.9109
0.021515,0.0056458,4.9109
0.022736,0.0065613,4.9133
0.023041,0.0091553,4.9121
0.022125,0.0068665,4.9158
0.021515,0.0076294,4.9231
0.02121,0.007782,4.917
0.020294,0.0064087,4.9194
0.019226,0.0047302,4.9243
0.018311,0.0033569,4.9243
0.017548,0.0021362,4.9255
0.0177,0.0022888,4.9207
0.017242,0.0022888,4.9316
0.019684,0.0039673,4.9329
0.019684,0.004425,4.9255
0.02121,0.004425,4.9329
0.021057,0.0036621,4.9292
0.021973,0.0035095,4.9341
0.023956,0.0030518,4.928
0.022888,0.0038147,4.9353
0.022278,0.0047302,4.9329
0.022278,0.0022888,4.9353
0.020905,0.0036621,4.9329
0.020447,0.0021362,4.9377
0.020599,0.0012207,4.9451
0.02121,-0.0019836,4.9353
0.02182,-0.00015259,4.9402
0.02243,0.00030518,4.9304
0.021973,0.0013733,4.9219
0.021667,0.00030518,4.9268
0.021515,-0.00045776,4.9207
0.021057,-0.0024414,4.9207
0.020905,-0.0038147,4.9207
0.020142,-0.0038147,4.906
0.019684,-0.0032043,4.9182
0.020294,-0.0013733,4.9158
0.020905,-0.00015259,0.046387
0.022583,-0.00091553,0.041504
0.024109,-0.0018311,0.043945
0.026093,-0.0021362,0.045166
0.028076,-0.0022888,0.042725
0.030365,0.00045776,0.041504
0.031738,0.0027466,0.041504
0.032806,0.0035095,0.037842
0.032654,0.0032043,0.039063
0.032654,0.0028992,0.03418
0.032501,0.002594,0.039063
0.031891,0.0032043,0.039063
0.031281,0.0050354,0.041504
0.030975,0.0061035,0.040283
0.029907,0.0065613,0.039063
0.030975,0.0027466,0.042725
0.029755,0.0024414,0.040283
0.028534,-0.00030518,0.048828
0.027466,-0.0016785,0.045166
0.025024,-0.0018311,0.050049
0.025787,-0.0013733,0.05249
0.024567,-0.00091553,0.059814
0.023651,-0.00076294,0.05127
0.021667,-0.0030518,0.058594
0.020905,-0.0033569,0.067139
0.018921,-0.0039673,0.062256
0.017395,-0.0013733,0.070801
0.016937,-0.0018311,0.063477
0.016937,0.00015259,0.043945
0.01709,0.00076294,0.054932
0.017395,0.00015259,0.063477
0.018768,-0.00045776,0.062256
0.018005,-0.0010681,0.062256
0.018616,-0.0015259,0.061035
0.019531,-0.00076294,0.067139
0.019379,0.00030518,0.065918
0.020294,0.0015259,0.068359
0.02182,0.0015259,0.064697
0.019836,0.0016785,0.065918
0.019531,0.0013733,0.057373
0.019531,0.0012207,0.054932
0.020294,0.0012207,0.062256
0.021973,0.002594,0.053711
0.022888,0.0039673,0.05127
0.023651,-0.0024414,0.050049
0.02121,0.0038147,0.040283
0.023804,0.0019836,0.047607
0.022888,0.00045776,0.046387
0.02182,-0.00076294,0.046387
0.02182,0.00076294,0.045166
0.021973,0.00030518,0.040283
0.021515,0.0013733,0.041504
0.020447,0.0015259,0.039063
0.019989,-0.00091553,0.042725
0.019531,0,0.037842
0.019531,-0.00045776,0.041504
0.019379,0,0.0354
0.022583,0.0013733,0.042725
0.023346,0.0022888,0.040283
0.023193,0.0016785,0.041504
0.023346,0.00030518,0.048828
0.02121,-0.00091553,0.041504
0.020905,-0.0018311,0.050049
0.019226,-0.0041199,0.041504
0.019379,-0.00045776,0.0354
0.019226,-0.00076294,0.046387
0.018616,-0.00045776,0.047607
0.018768,-0.0018311,0.047607
0.018158,-0.0016785,0.053711
0.018921,-0.0021362,0.05249
0.019836,-0.0021362,0.057373
0.02121,-0.0012207,0.056152
0.02243,-0.0021362,0.061035
0.02182,-0.0019836,0.057373
0.020294,-0.0021362,0.061035
0.019989,-0.0032043,0.065918
0.019531,-0.0028992,0.062256
0.019073,-0.0022888,0.06958
0.019531,-0.00091553,0.062256
0.02121,0,0.063477
0.021362,0.00045776,0.062256
0.021515,-0.00061035,0.072021
0.021667,0.0015259,0.067139
0.020905,0.0013733,0.072021
0.020752,0.0010681,0.067139
0.02121,0.0015259,0.065918
0.021973,0.0048828,0.061035
0.02182,0.0021362,0.061035
0.021057,0.0019836,0.05249
0.020294,0.00061035,0.059814
0.020142,0.00045776,0.05249
0.019379,0.00061035,0.053711
0.019531,0.00015259,0.05127
0.017242,0.00015259,0.050049
0.019073,-0.00076294,0.046387
0.017548,-0.0013733,0.048828
0.014496,-0.0024414,0.058594
0.016937,-0.0028992,0.045166
0.015717,-0.0027466,0.047607
0.016632,-0.0022888,0.042725
0.017242,0.0013733,0.025635
0.017853,-0.0033569,0.036621
0.017242,-0.0019836,0.039063
0.016785,-0.0093079,0.040283
0.016937,-0.0036621,0.039063
0.0177,-0.0041199,0.036621
0.019073,-0.0042725,0.041504
0.019836,-0.0028992,0.039063
0.021362,-0.0015259,0.024414
0.023041,-0.00030518,0.0354
0.024872,0,0.043945
0.026093,0.00045776,0.042725
0.027313,0.00076294,0.043945
0.027313,0.0021362,0.050049
0.026855,0.0024414,0.048828
0.027161,0.0030518,0.046387
0.026245,0.0030518,3.5852
0.024567,0.0024414,4.8474
0.023499,0.0012207,4.9182
0.023041,0.00015259,4.9146
0.023346,0,4.9304
0.024261,0.00030518,4.928
0.024109,0.00076294,4.9268
0.024719,0.0012207,4.9304
0.024719,0.0013733,4.9304
0.023651,0.0012207,4.9316
0.023499,0.0024414,4.9304
0.021515,0.0019836,4.9341
0.020752,0.0038147,4.9316
0.019836,0.0045776,4.9353
0.018158,0.0047302,4.9353
0.01709,0.0033569,4.9377
0.016479,0.0028992,4.9451
0.014954,0.0027466,4.9304
0.014343,0.0038147,4.9329
0.014954,0.0048828,4.9329
0.016022,0.0059509,4.9109
0.016022,0.0054932,4.928
0.016022,0.0048828,4.9219
0.015564,0.0033569,4.9207
0.015411,0.0024414,4.9146
0.014191,0.0032043,4.9219
0.012665,0.0041199,4.9158
0.014343,0.0047302,4.9158
0.014801,0.005188,4.9158
0.016174,0.0041199,4.9097
0.015717,0.0032043,4.9133
0.016327,0.0022888,4.9121
0.016479,0.0018311,4.9133
0.016632,0.0012207,4.9084
0.016937,0.0033569,4.9133
0.018463,0.0038147,4.9182
0.017853,0.0028992,4.9109
0.016632,0.0015259,4.9182
0.015411,-0.00015259,4.9084
0.013885,-0.0015259,4.9023
0.012665,-0.0018311,4.9097
0.012054,-0.0016785,4.906
0.011444,-0.0012207,4.9109
0.0093079,-0.00030518,4.9146
0.012207,0,4.9109
0.014038,0.00030518,4.917
0.015259,0.0015259,4.9194
0.017395,0.0027466,4.9231
0.018463,0.0032043,4.9182
0.020294,0.0038147,4.9304
0.022125,0.0047302,4.928
0.022125,0.0048828,4.9304
0.024414,0.0057983,4.9463
0.025024,0.0056458,4.9329
0.02533,0.0059509,4.9292
0.024719,0.007019,4.9353
0.024109,0.0079346,4.9268
0.024872,0.007782,4.9329
0.025024,0.0080872,4.9255
0.02655,0.0065613,4.9341
0.028229,0.0056458,4.9329
0.028687,0.0041199,4.9329
0.029602,0.0032043,4.9292
0.027771,0.0028992,4.9377
0.027466,0.0013733,4.9377
0.025787,-0.00030518,4.9304
0.021057,0.00061035,4.9353
0.020905,-0.0015259,4.9268
0.018311,-0.0021362,4.9316
0.016327,-0.0027466,4.9304
0.015106,-0.004425,4.9255
0.015717,-0.0024414,4.9292
0.016022,-0.0021362,4.9243
0.017548,-0.0024414,4.9353
0.018463,-0.0021362,4.9182
0.019226,-0.0022888,4.9036
0.019531,-0.0016785,4.9158
0.01709,-0.0015259,4.9109
0.020447,0.00030518,4.9133
0.019836,0.0015259,4.9146
0.019379,0.0012207,4.9109
0.019684,0.0032043,4.9109
0.019989,0.0033569,4.9084
0.020905,0.0032043,4.9097
0.02243,0.0022888,4.9084
0.022125,0.0022888,4.9133
0.026855,0.0024414,4.9109
0.027924,0.0032043,4.9109
0.028839,0.0035095,4.9182
0.029602,0.002594,4.9109
0.029449,0.0015259,4.9207
0.027618,0.00076294,4.9121
0.027008,0.0035095,4.9036
0.025482,-0.00061035,4.9182
0.023956,-0.0010681,4.9097
0.023041,-0.00015259,4.9194
0.021973,0,4.9231
0.021362,0.00015259,4.9231
0.02182,-0.00076294,4.9231
0.02121,-0.0028992,4.9243
0.021515,-0.0015259,4.9341
0.021667,-0.0013733,4.9316
0.020905,-0.0012207,4.9329
0.019684,-0.0019836,4.9329
0.021667,-0.0013733,4.9341
0.02243,-0.0022888,4.9243
0.024414,-0.0019836,4.9353
0.02533,-0.00015259,4.9353
0.026245,-0.00030518,4.9353
0.027618,0.00076294,4.9426
0.032806,0.0019836,4.9353
0.03067,0.0027466,0.058594
0.032806,0.0038147,0.064697
0.034943,0.0042725,0.063477
0.035553,0.0045776,0.061035
0.035858,0.0047302,0.057373
0.036011,0.0032043,0.053711
0.035858,0.0022888,0.058594
0.035706,0.0019836,0.05127
0.034943,0.0013733,0.053711
0.034027,0.0016785,0.067139
0.032959,0.0016785,0.050049
0.031891,0.00076294,0.048828
0.028992,0.00061035,0.047607
0.027924,0.00061035,0.059814
0.027618,-0.00030518,0.046387
0.02594,0.00076294,0.046387
0.025787,0.0018311,0.043945
0.024872,0.0013733,0.023193
0.025482,-0.00076294,0.036621
0.024109,0.0018311,0.040283
0.023041,0.0021362,0.040283
0.023193,0.0041199,0.041504
0.023346,0.0039673,0.037842
0.023956,0.0048828,0.041504
0.024567,0.0059509,0.039063
0.023651,0.0048828,0.039063
0.023041,0.0057983,0.039063
0.02243,0.0033569,0.041504
0.021515,0.0016785,0.043945
0.022888,-0.00045776,0.043945
0.021667,-0.00091553,0.047607
0.019684,-0.0015259,0.05127
0.022583,-0.0015259,0.05127
0.024567,-0.0019836,0.057373
0.023956,-0.0038147,0.067139
0.023956,-0.004425,0.057373
0.024414,-0.004425,0.046387
0.025177,-0.0039673,0.05249
0.026093,-0.0027466,0.063477
0.026398,-0.0016785,0.059814
0.026093,-0.0022888,0.063477
0.02533,-0.0024414,0.058594
0.025177,-0.0036621,0.059814
0.025635,-0.0033569,0.061035
0.027618,-0.0033569,0.063477
0.028381,-0.0022888,0.061035
0.03006,-0.0019836,0.065918
0.030212,-0.0028992,0.065918
0.029297,-0.0032043,0.068359
0.028839,-0.0042725,0.075684
0.028381,-0.004425,0.064697
0.027771,-0.005188,0.062256
0.028229,-0.002594,0.057373
0.028076,-0.0010681,0.047607
0.028076,-0.00045776,0.054932
0.028229,-0.00015259,0.05127
0.028229,-0.00015259,0.046387
0.028839,0,0.05249
0.028076,0.00030518,0.047607
0.031586,0.0015259,0.047607
0.032806,0.0021362,0.041504
0.033112,0.002594,0.048828
0.032501,0.0021362,0.039063
0.031128,0.0016785,0.042725
0.029755,0.0016785,0.045166
0.028229,0.0015259,0.040283
0.026093,0.0021362,0.039063
0.02655,0.0024414,0.041504
0.025482,0.0018311,0.047607
0.02533,0.0016785,0.043945
0.023346,0.0010681,0.047607
0.022888,0.00045776,0.041504
0.02182,0.00030518,0.03418
0.022125,-0.0018311,0.0354
0.021667,-0.0012207,0.040283
0.020752,-0.0024414,0.041504
0.019684,-0.0019836,0.042725
0.018311,-0.0024414,0.041504
0.016479,-0.0016785,0.048828
0.016022,-0.0012207,0.048828
0.015106,-0.00045776,0.053711
0.015411,0.00015259,0.053711
0.015564,0.00061035,0.057373
0.015869,0.0010681,0.059814
0.016785,0.0019836,0.062256
0.018005,0.0021362,0.073242
0.018768,0.0021362,0.063477
0.019379,0.0019836,0.063477
0.020905,0.0024414,0.061035
0.02121,0.0028992,0.057373
0.020599,0.0032043,0.061035
0.023193,0.0041199,0.061035
0.02243,0.0039673,0.064697
0.02182,0.0050354,0.063477
0.02182,0.0057983,0.054932
0.020752,0.0068665,0.064697
0.02121,0.0074768,0.062256
0.02121,0.0091553,0.064697
0.021667,0.0090027,0.059814
0.02243,0.0086975,0.061035
0.02182,0.0074768,0.05249
0.020752,0.0054932,0.056152
0.019379,0.0045776,0.056152
0.017853,0.0047302,0.05249
0.017242,0.0048828,0.058594
0.016327,0.0045776,0.047607
0.016327,0.0036621,0.063477
0.015717,0.0030518,0.046387
0.013885,0.0019836,0.037842
0.013885,0.0015259,0.042725
0.013733,0.00091553,0.040283
0.014191,0.0024414,0.037842
0.015564,0.0035095,0.040283
0.017548,0.0022888,0.037842
0.017548,0.0012207,0.041504
0.018616,0.00076294,0.037842
0.019531,-0.00030518,2.4866
0.019989,-0.00030518,4.762
0.020599,0.00045776,4.8975
0.020752,0.0016785,4.9109
0.021057,0.0024414,4.9097
0.021667,0.0024414,4.9072
0.022125,0.0019836,4.8999
0.02121,0.0022888,4.9084
0.02182,0.0028992,4.9146
0.021362,0.0035095,4.917
0.020905,0.0047302,4.9194
0.020294,0.0053406,4.906
0.019684,0.0045776,4.9231
0.019684,0.0016785,4.9243
0.019379,0.0021362,4.9268
0.019073,0.00015259,4.9268
0.018158,-0.00076294,4.9207
0.016785,-0.0022888,4.9353
0.0177,-0.0013733,4.9292
0.016479,-0.00030518,4.9316
0.016327,-0.00015259,4.928
0.016632,-0.00015259,4.9316
0.016022,0.00061035,4.928
0.015259,0.00076294,4.9329
0.014954,0.0022888,4.9451
0.014496,0.0035095,4.9365
0.016327,0.0050354,4.939
0.016937,0.0067139,4.9207
0.017548,0.0062561,4.9182
0.020294,0.0076294,4.9341
0.020905,0.0062561,4.9353
0.020752,0.0033569,4.9304
0.021057,0.0018311,4.9316
0.020447,0.0015259,4.9255
0.019684,0.0010681,4.9268
0.017395,0.00076294,4.9207
0.015106,0.00045776,4.9207
0.014191,-0.00045776,4.9158
0.014038,-0.00091553,4.9219
0.012512,-0.0012207,4.917
0.014801,-0.00045776,4.917
0.015564,0.00091553,4.917
0.014801,0.0016785,4.9158
0.016937,0.0010681,4.9158
0.016632,0.00061035,4.9146
0.017853,-0.00091553,4.9084
0.020599,-0.0016785,4.9072
0.021362,-0.0016785,4.9084
0.022278,-0.00061035,4.9097
0.021362,0.00015259,4.9109
0.019073,0.00061035,4.9072
0.019684,0.00091553,4.9097
0.019073,-0.00045776,4.9084
0.02121,-0.0048828,4.9072
0.022888,0,4.9097
0.024719,0.0013733,4.9194
0.025482,0.0032043,4.9146
0.02533,0.0032043,4.9182
0.022888,0.0015259,4.917
0.023499,-0.00030518,4.9231
0.024261,-0.0018311,4.9304
0.026703,-0.0035095,4.9255
0.02655,-0.0015259,4.9353
0.027008,-0.00015259,4.9304
0.025177,0.00045776,4.906
0.023651,0.0016785,4.9329
0.02243,0.00061035,4.9316
0.022125,0.00030518,4.9304
0.023193,0.0021362,4.9316
0.023193,0.002594,4.9304
0.023193,0.0036621,4.9194
0.022278,0.0042725,4.9304
0.021362,0.0059509,4.9365
0.020294,0.0041199,4.9304
0.019226,0.0039673,4.9377
0.018768,0.0033569,4.9402
0.018311,0.0027466,4.939
0.01709,0.0038147,4.939
0.016785,0.0028992,4.9365
0.016785,0.00015259,4.9316
0.015411,-0.0013733,4.9268
0.01358,-0.0053406,4.9377
0.012054,-0.0083923,4.9231
0.01236,-0.0091553,4.9158
0.012665,-0.0093079,4.9158
0.01297,-0.0083923,4.9011
0.014648,-0.0071716,4.9158
0.018616,-0.0062561,4.9194
0.018616,-0.0064087,4.9121
0.019379,-0.0071716,4.9146
0.020905,-0.0053406,4.9109
0.021973,-0.0061035,4.895
0.024872,-0.0064087,4.9146
0.027008,-0.0030518,4.9158
0.027161,-0.0021362,4.9072
0.02594,-0.0015259,4.9109
0.024414,-0.0010681,4.9231
0.022278,-0.0021362,4.9133
0.02182,-0.0057983,4.9158
0.021973,-0.0021362,4.9097
0.022736,-0.0013733,4.895
0.022736,0,4.9097
0.023651,0.00061035,4.9207
0.022583,0.00045776,4.9133
0.022736,-0.00061035,4.9109
0.020599,-0.0013733,4.9121
0.023193,-0.0012207,4.917
0.021515,-0.00045776,4.9219
0.020905,0.00061035,4.9268
0.018616,0.00015259,4.9219
0.020294,-0.0016785,0.059814
0.016327,-0.0010681,0.057373
0.016632,-0.00015259,0.056152
0.016785,-0.0050354,0.072021
0.018768,-0.0039673,0.063477
0.02121,-0.0032043,0.059814
0.023956,-0.002594,0.062256
0.026398,-0.0030518,0.067139
0.027771,-0.0032043,0.061035
0.03006,-0.0035095,0.042725
0.031586,-0.0041199,0.062256
0.030823,-0.0036621,0.065918
0.03006,-0.0028992,0.062256
0.028534,-0.002594,0.065918
0.027313,-0.0027466,0.062256
0.022888,-0.0021362,0.065918
0.021515,-0.0022888,0.059814
0.020294,-0.0028992,0.063477
0.017853,-0.0028992,0.058594
0.018921,-0.0030518,0.059814
0.019226,-0.0021362,0.054932
0.019989,-0.0018311,0.053711
0.021362,-0.0012207,0.061035
0.02243,-0.0028992,0.05249
0.023041,-0.0035095,0.053711
0.024109,-0.0056458,0.046387
0.024567,-0.0039673,0.036621
0.025024,-0.0039673,0.045166
0.024872,-0.0038147,0.043945
0.022736,-0.0033569,0.036621
0.023346,-0.0015259,0.041504
0.022736,-0.0015259,0.036621
0.023804,-0.0013733,0.040283
0.023956,0.00015259,0.037842
0.02655,0.00076294,0.031738
0.028229,0.0010681,0.036621
0.029144,0.0019836,0.042725
0.028687,0.0012207,0.042725
0.028687,-0.00045776,0.041504
0.028229,-0.0027466,0.043945
0.027618,-0.0039673,0.042725
0.026093,-0.0047302,0.042725
0.026093,-0.0042725,0.045166
0.024261,-0.0033569,0.046387
0.024109,-0.002594,0.047607
0.022736,-0.0024414,0.05249
0.023041,-0.0035095,0.047607
0.023804,-0.0030518,0.057373
0.024414,-0.0039673,0.056152
0.025024,-0.0035095,0.059814
0.026093,-0.0012207,0.058594
0.026245,-0.00030518,0.064697
0.027618,0.0016785,0.061035
0.027313,0.002594,0.062256
0.027924,0.002594,0.062256
0.028076,0.0038147,0.065918
0.029144,0.0048828,0.054932
0.028839,0.0061035,0.062256
0.030518,0.0064087,0.073242
0.030518,0.0061035,0.064697
0.031891,0.0048828,0.068359
0.031433,0.0032043,0.065918
0.031281,0.0022888,0.046387
0.030518,0.0030518,0.064697
0.029602,0.0045776,0.063477
0.028534,0.0062561,0.058594
0.026855,0.007782,0.047607
0.02533,0.0082397,0.05127
0.024109,0.0090027,0.056152
0.023651,0.0080872,0.05127
0.023804,0.0079346,0.053711
0.024872,0.0073242,0.045166
0.024719,0.007019,0.047607
0.023956,0.0067139,0.048828
0.02243,0.0053406,0.048828
0.023041,0.0038147,0.047607
0.024261,0.0021362,0.045166
0.02121,0.0016785,0.041504
0.021057,0.0019836,0.041504
0.021667,0.0042725,0.040283
0.02121,0.0062561,0.036621
0.019531,0.007782,0.028076
0.019836,0.0086975,0.040283
0.019531,0.0080872,0.042725
0.020599,0.0074768,0.039063
0.020752,0.0068665,0.040283
0.02121,0.0057983,0.0354
0.021515,0.0042725,0.041504
0.020752,0.0048828,0.036621
0.019989,0.0036621,0.043945
0.020294,0.0021362,0.043945
0.019989,0.0010681,0.046387
0.019989,0.00076294,0.05127
0.019379,0.00076294,0.053711
0.018921,0.0012207,0.062256
0.018616,0.0019836,0.058594
0.019989,0.0032043,0.064697
0.021667,0.0033569,0.057373
0.023346,0.002594,0.05249
0.025635,-0.00015259,0.056152
0.024872,0.00015259,0.061035
0.026093,-0.0010681,0.057373
0.026398,-0.0012207,0.061035
0.02533,-0.00061035,0.061035
0.026093,-0.0016785,0.061035
0.023651,-0.0012207,0.061035
0.023346,-0.0015259,0.065918
0.022125,0.00091553,0.061035
0.021362,-0.00045776,0.067139
0.021973,0.00061035,0.06958
0.02182,0.0019836,0.065918
0.023956,0.0032043,0.065918
0.024109,0.0039673,0.063477
0.02594,0.0038147,0.068359
0.027771,0.0030518,0.056152
0.028076,0.0028992,0.067139
0.027618,0.0028992,0.054932
0.026855,0.0012207,2.6953
0.026703,0.004425,4.7827
0.024109,0.0047302,4.906
0.020905,0.004425,4.9158
0.019379,0.0035095,4.917
0.019379,0.0028992,4.906
0.019836,0.0018311,4.9158
0.020599,0.0028992,4.9097
0.02121,0.0057983,4.9109
0.022125,0.0045776,4.9084
0.022888,0.0032043,4.9146
0.02182,0.00045776,4.9097
0.019989,-0.0016785,4.9158
0.020142,-0.0038147,4.9194
0.018311,-0.0030518,4.9084
0.015717,-0.0015259,4.9109
0.013733,0.0013733,4.9084
0.011902,0.0016785,4.8962
0.011444,0.00076294,4.8975
0.0099182,0.00045776,4.9109
0.011292,-0.0028992,4.9158
0.010376,-0.0018311,4.9109
0.012512,0.00091553,4.9146
0.01358,0.002594,4.9194
0.014648,0.0036621,4.9194
0.013885,0.00091553,4.9255
0.014496,-0.00030518,4.9243
0.014191,-0.0027466,4.9292
0.015259,-0.0012207,4.9268
0.016632,-0.00030518,4.9304
0.018005,0.0019836,4.9329
0.017395,0.0035095,4.9341
0.018921,0.0032043,4.9353
0.019684,0.0018311,4.9353
0.020905,0.00076294,4.9414
0.023193,0.00061035,4.9194
0.022583,0.0012207,4.9194
0.024261,0.0036621,4.9353
0.023651,0.004425,4.9353
0.022888,0.004425,4.9316
0.021667,0.0028992,4.9353
0.020142,-0.00015259,4.9341
0.017548,-0.0013733,4.9341
0.018616,-0.00061035,4.9292
0.018616,0.00030518,4.9329
0.020905,-0.0012207,4.9243
0.018921,0.0019836,4.9268
0.019073,0,4.9231
0.018616,-0.0024414,4.9255
0.019226,-0.0027466,4.9255
0.019684,-0.0030518,4.9194
0.021362,-0.0015259,4.9182
0.020599,0.00076294,4.9158
0.020752,0.0018311,4.9097
0.019226,0.0018311,4.9146
0.018311,0.00061035,4.9146
0.017395,-0.0010681,4.9097
0.018158,-0.0013733,4.9121
0.019836,-0.00015259,4.9097
0.020599,0.0015259,4.9109
0.021667,0.0024414,4.9048
0.02182,0.0027466,4.9121
0.021973,-0.00015259,4.9048
0.021362,-0.0024414,4.9133
0.020447,-0.0041199,4.9109
0.019684,-0.0033569,4.9109
0.019073,-0.0024414,4.9097
0.016174,-0.0015259,4.9133
0.015411,0,4.9182
0.014954,-0.00030518,4.9158
0.014801,-0.0012207,4.9243
0.016327,-0.0036621,4.9231
0.01709,-0.0022888,4.9109
0.018768,-0.0015259,4.9207
0.019836,-0.00061035,4.9268
0.019073,0.00015259,4.9304
0.020142,0.00030518,4.9292
0.019531,-0.00030518,4.9255
0.019684,-0.00076294,4.9194
0.018158,-0.00030518,4.9353
0.019073,0.0019836,4.9341
0.018616,0.005188,4.928
0.019379,0.0057983,4.9329
0.019531,0.0080872,4.9304
0.019989,0.0080872,4.9353
0.021515,0.0064087,4.9463
0.022736,0.0050354,4.9365
0.023956,0.0045776,4.9341
0.023804,0.0042725,4.9377
0.022583,0.0039673,4.928
0.020599,0.0028992,4.9329
0.019226,0.00045776,4.9316
0.017242,-0.0032043,4.9255
0.014954,-0.0056458,4.928
0.013885,-0.0074768,4.9255
0.01236,-0.0071716,4.9243
0.011749,-0.0056458,4.9207
0.011292,-0.0039673,4.9207
0.012054,-0.0021362,4.9133
0.014648,-0.0019836,4.9207
0.017853,-0.0013733,4.9158
0.021515,-0.00091553,4.917
0.023346,0.0012207,4.9158
0.025635,0.0033569,4.9158
0.025482,0.005188,4.9194
0.025787,0.0064087,4.9146
0.024414,0.0061035,4.9194
0.024261,0.0045776,4.9084
0.024872,0.0030518,4.9011
0.023804,0.0024414,0.039063
0.024872,0.0035095,0.040283
0.025024,0.0047302,0.037842
0.02533,0.0056458,0.040283
0.025482,0.005188,0.039063
0.025482,0.0027466,0.040283
0.02655,0.00045776,0.037842
0.027161,-0.0019836,0.046387
0.027008,-0.002594,0.041504
0.027161,-0.00091553,0.047607
0.025635,0.0012207,0.05249
0.024109,0.0030518,0.054932
0.024261,0.0038147,0.065918
0.022888,0.0033569,0.057373
0.022125,0.0028992,0.065918
0.020905,0.0021362,0.061035
0.019073,0.0024414,0.054932
0.01709,0.0032043,0.063477
0.014496,0.0035095,0.059814
0.013123,0.0022888,0.058594
0.011597,-0.00015259,0.061035
0.0099182,-0.002594,0.059814
0.010376,-0.005188,0.062256
0.010681,-0.0056458,0.061035
0.010986,-0.0047302,0.065918
0.010376,-0.0022888,0.063477
0.009613,-0.0012207,0.065918
0.0094604,-0.0012207,0.068359
0.0094604,-0.0021362,0.068359
0.010834,-0.0038147,0.063477
0.011902,-0.0042725,0.062256
0.015106,-0.0039673,0.067139
0.016937,-0.0036621,0.057373
0.017853,-0.002594,0.064697
0.019226,-0.0027466,0.05249
0.020599,-0.0041199,0.042725
0.022888,-0.0062561,0.043945
0.024719,-0.0068665,0.046387
0.026398,-0.0067139,0.047607
0.027008,-0.0057983,0.046387
0.026703,-0.0048828,0.040283
0.024567,-0.0045776,0.046387
0.023041,-0.0045776,0.041504
0.022583,-0.0059509,0.041504
0.022736,-0.0053406,0.039063
0.024261,-0.0038147,0.042725
0.025024,-0.0015259,0.039063
0.024261,0.0016785,0.041504
0.022583,0.0028992,0.046387
0.019989,0.0015259,0.041504
0.018768,0.0016785,0.043945
0.017853,0.00030518,0.042725
0.018463,-0.00076294,0.024414
0.018463,-0.0010681,0.042725
0.017853,-0.0012207,0.041504
0.016327,-0.0021362,0.041504
0.015869,-0.0021362,0.045166
0.016327,-0.0028992,0.046387
0.018921,-0.0028992,0.05127
0.022736,-0.002594,0.054932
0.026398,-0.00030518,0.057373
0.028839,0.0016785,0.05249
0.029755,0.0038147,0.062256
0.028229,0.0032043,0.061035
0.027466,0.0027466,0.065918
0.026245,0.0016785,0.063477
0.024719,-0.0013733,0.063477
0.026398,-0.0022888,0.061035
0.025177,-0.0032043,0.062256
0.023346,-0.0027466,0.074463
0.019684,-0.0033569,0.058594
0.017395,-0.0042725,0.05249
0.016174,-0.0054932,0.063477
0.016174,-0.0059509,0.063477
0.017242,-0.0088501,0.063477
0.017395,-0.0097656,0.067139
0.017242,-0.0099182,0.061035
0.015259,-0.010376,0.062256
0.01358,-0.009613,0.05249
0.012512,-0.0090027,0.059814
0.012207,-0.0082397,0.054932
0.013428,-0.0062561,0.05249
0.016479,-0.0047302,0.05127
0.018311,-0.0012207,0.054932
0.02182,0.0019836,0.05249
0.022888,0.0041199,0.05127
0.023499,0.005188,0.046387
0.024109,0.0054932,0.046387
0.026093,0.0059509,0.037842
0.028534,0.0039673,0.043945
0.03067,0.0036621,0.041504
0.03067,0.0048828,0.039063
0.030975,0.0015259,0.042725
0.028076,0.00061035,0.040283
0.02594,-0.00076294,0.039063
0.02594,-0.002594,0.037842
0.027161,-0.0035095,0.039063
0.027924,-0.004425,0.03418
0.027161,-0.0047302,0.037842
0.024414,-0.0074768,0.041504
0.022278,-0.0050354,0.042725
0.019989,-0.0056458,0.036621
0.018463,-0.0062561,0.042725
0.018158,-0.0065613,0.05127
0.020294,-0.0071716,0.046387
0.02182,-0.0059509,0.054932
0.021667,-0.0033569,0.05249
0.021057,-0.0013733,0.036621
0.02182,0.00015259,0.05127
0.022888,0.0018311,0.053711
0.02594,0.0054932,0.057373
0.030518,0.0033569,0.061035
0.030975,0.0030518,0.059814
0.030518,0.002594,0.062256
0.028839,0.002594,0.059814
0.027313,0.00076294,0.064697
0.02594,0.00030518,0.056152
0.025482,-0.00015259,0.064697
0.025787,0.00045776,3.8635
0.02594,-0.00015259,4.8633
0.026093,0.0013733,4.939
0.024567,0.0024414,4.9329
0.025482,0.0039673,4.9341
0.026703,0.0056458,4.9365
0.028229,0.0054932,4.939
0.030518,0.0047302,4.9329
0.032501,0.0030518,4.9316
0.031891,0.0016785,4.9304
0.030518,0.0036621,4.9231
0.02594,0.0016785,4.9219
0.023499,0.0041199,4.9255
0.020905,0.0068665,4.9207
0.020294,0.0094604,4.9182
0.020752,0.010223,4.917
0.021973,0.011139,4.9194
0.022736,0.010223,4.9146
0.021515,0.0088501,4.9158
0.020294,0.007019,4.9121
0.018768,0.0061035,4.9097
0.019379,0.0045776,4.9231
0.022278,0.0028992,4.9158
0.021362,0.00061035,4.9207
0.021057,-0.0012207,4.9109
0.019531,-0.0016785,4.8987
0.018463,-0.0013733,4.9109
0.015869,0.00045776,4.917
0.014954,0.0021362,4.9072
0.018005,0.0010681,4.9097
0.020599,0.0024414,4.9097
0.023346,0.00091553,4.895
0.024567,0.00061035,4.8987
0.024872,-0.0027466,4.917
0.025482,-0.002594,4.9133
0.025177,-0.0024414,4.9194
0.02594,-0.0016785,4.9182
0.027466,-0.0022888,4.9268
0.028992,-0.002594,4.9255
0.028992,-0.0015259,4.9268
0.028076,-0.00030518,4.9255
0.027313,0.0012207,4.9292
0.02594,0.0028992,4.9353
0.025177,0.0033569,4.9329
0.026398,0.004425,4.9268
0.024872,0.0024414,4.928
0.028534,0.0010681,4.9304
0.027924,0.00015259,4.9304
0.027008,0,4.9329
0.026245,0.00076294,4.9304
0.025787,0.0021362,4.9377
0.026245,0.002594,4.9353
0.027924,0.0018311,4.9353
0.028381,0.00045776,4.9353
0.029144,-0.00030518,4.9353
0.027771,-0.00015259,4.928
0.025635,0.0013733,4.9341
0.024109,0.0039673,4.9414
0.023956,0.0057983,4.9292
0.024261,0.007782,4.928
0.025787,0.0085449,4.9255
0.027161,0.0079346,4.9023
0.027008,0.0088501,4.9207
0.025787,0.0091553,4.9146
0.023346,0.010071,4.9231
0.02243,0.010071,4.9158
0.022736,0.0090027,4.9109
0.02243,0.0064087,4.9158
0.022583,0.0038147,4.9146
0.021057,0.0021362,4.906
0.019379,0.00030518,4.9072
0.018005,0.00030518,4.9146
0.013275,0.00076294,4.9121
0.012665,0.00091553,4.9121
0.011444,0.0010681,4.9133
0.014038,0.00015259,4.9011
0.015259,-0.00076294,4.9121
0.014801,0.00015259,4.9084
0.014343,0.0015259,4.9084
0.013275,0.0027466,4.9109
0.014954,0.0042725,4.9158
0.016479,0.0042725,4.9146
0.019379,0.0038147,4.9158
0.021362,0.0024414,4.9158
0.022125,0.0022888,4.9194
0.021515,0.0038147,4.9109
0.020294,0.0053406,4.9268
0.020447,0.0079346,4.9268
0.02182,0.0086975,4.9316
0.022736,0.0080872,4.9304
0.024414,0.0059509,4.9329
0.023499,0.0047302,4.9316
0.021362,0.0039673,4.9329
0.019073,0.0038147,4.9377
0.016937,0.004425,4.9341
0.015717,0.002594,4.9402
0.016022,0.0016785,4.9353
0.017242,0.0013733,4.9231
0.0177,-0.00091553,4.9329
0.016785,-0.00091553,4.9341
0.014801,-0.00045776,4.9329
0.013123,0.0018311,4.9377
0.012817,0.0038147,4.9353
0.014343,0.004425,4.9353
0.016937,0.0036621,4.9304
0.019226,0.0022888,4.9329
0.020447,0.0015259,4.9194
0.020447,0.0013733,4.9292
0.019989,0.0027466,0.056152
0.019226,0.0041199,0.05249
0.019836,0.0054932,0.047607
0.020752,0.0050354,0.05249
0.022125,0.0038147,0.050049
0.022583,0.0022888,0.046387
0.021973,0.0018311,0.048828
0.019531,0.0015259,0.045166
0.01709,0.002594,0.046387
0.015411,0.0028992,0.039063
0.016174,0.0016785,0.037842
0.017395,-0.00030518,0.041504
0.017853,-0.0022888,0.041504
0.018158,-0.0038147,0.036621
0.015869,-0.005188,0.041504
0.015106,-0.0038147,0.039063
0.014343,-0.0024414,0.041504
0.014648,-0.0012207,0.041504
0.016022,-0.0015259,0.042725
0.016479,-0.0022888,0.040283
0.016632,-0.0035095,0.042725
0.015564,-0.0048828,0.056152
0.01297,-0.00030518,0.045166
0.012207,0.0019836,0.057373
0.011749,0.0039673,0.05127
0.013428,0.0053406,0.036621
0.015564,0.0057983,0.053711
0.017548,0.005188,0.054932
0.018616,0.0041199,0.057373
0.018768,0.0085449,0.062256
0.018158,0.0056458,0.056152
0.019226,0.0074768,0.063477
0.018768,0.0085449,0.059814
0.023804,0.0080872,0.065918
0.024872,0.0061035,0.058594
0.024872,0.0033569,0.063477
0.023346,0.00015259,0.062256
0.020599,0.00030518,0.065918
0.017548,0.00045776,0.073242
0.016174,0.00015259,0.065918
0.012512,-0.00091553,0.065918
0.014343,-0.0032043,0.067139
0.01358,-0.0056458,0.072021
0.011292,-0.0071716,0.061035
0.0090027,-0.0080872,0.070801
0.0079346,-0.0061035,0.058594
0.0083923,-0.0054932,0.056152
0.0093079,-0.0036621,0.05127
0.012665,-0.0039673,0.054932
0.014954,-0.0039673,0.046387
0.016022,-0.0030518,0.048828
0.014801,-0.0019836,0.042725
0.018005,0.00045776,0.05249
0.018463,0.0022888,0.042725
0.019684,0.0050354,0.047607
0.022736,0.0041199,0.041504
0.022888,0.002594,0.043945
0.024109,0.00030518,0.05127
0.023651,-0.00076294,0.040283
0.023041,-0.0019836,0.05249
0.024109,-0.0022888,0.039063
0.024872,-0.0022888,0.029297
0.026398,-0.0041199,0.036621
0.027924,-0.0039673,0.0354
0.028992,-0.0050354,0.036621
0.028839,-0.0050354,0.039063
0.026703,-0.0056458,0.037842
0.02533,-0.0015259,0.041504
0.024109,0.0028992,0.040283
0.024109,0.0062561,0.047607
0.023956,0.0056458,0.041504
0.022888,0.0039673,0.050049
0.020752,0.0015259,0.05249
0.017853,-0.0021362,0.053711
0.014496,-0.0016785,0.057373
0.011444,-0.00030518,0.059814
0.009613,0.00015259,0.058594
0.0050354,-0.00045776,0.057373
0.0091553,-0.0012207,0.070801
0.0090027,-0.0065613,0.061035
0.0082397,-0.0079346,0.056152
0.0061035,-0.0080872,0.059814
0.0068665,-0.0056458,0.059814
0.007782,-0.0038147,0.059814
0.0082397,-0.0027466,0.062256
0.012207,-0.0032043,0.057373
0.015259,-0.0042725,0.065918
0.017548,-0.0038147,0.063477
0.018768,-0.0022888,0.067139
0.020142,-0.0013733,0.064697
0.021362,0.00015259,0.067139
0.023193,0.00015259,0.061035
0.024872,-0.0021362,0.062256
0.026703,-0.0045776,0.070801
0.02655,-0.0076294,0.05249
0.024719,-0.0082397,0.046387
0.021515,-0.0076294,0.05249
0.019531,-0.0064087,0.030518
0.018616,-0.0062561,0.043945
0.019684,-0.0061035,0.047607
0.020599,-0.009613,0.046387
0.02121,-0.011139,0.045166
0.021362,-0.010986,0.040283
0.019379,-0.0083923,0.042725
0.021362,-0.004425,0.037842
0.021362,-0.00030518,0.042725
0.022278,0.0054932,0.03418
0.022125,0.0033569,0.042725
0.022125,0.0030518,0.040283
0.022583,0.0030518,0.040283
0.021667,0.0048828,0.039063
0.020752,0.0045776,0.041504
0.020905,0.004425,0.042725
0.022583,0.0035095,0.042725
0.023804,0.0013733,0.048828
0.027313,-0.0019836,0.039063
0.027313,-0.0042725,0.03418
0.028839,-0.0057983,0.042725
0.027313,-0.0053406,3.6853
0.024719,-0.0042725,4.8376
0.022888,-0.0018311,4.9084
0.022888,-0.0030518,4.9194
0.023346,0.00030518,4.9219
0.023346,0.00076294,4.9231
0.023041,-0.00015259,4.9316
0.02182,-0.00030518,4.928
0.019989,-0.0015259,4.9292
0.019226,-0.00091553,4.9304
0.019073,-0.0021362,4.9353
0.019684,-0.0038147,4.939
0.019836,-0.007019,4.9329
0.019379,-0.010986,4.9316
0.018005,-0.014191,4.9329
0.016327,-0.015564,4.9341
0.014648,-0.014648,4.9377
0.014038,-0.012512,4.9341
0.015411,-0.010376,4.9329
0.016632,-0.0085449,4.9194
0.017395,-0.0083923,4.9341
0.019684,-0.0074768,4.9316
0.020447,-0.0068665,4.9243
0.021057,-0.0062561,4.928
0.022278,-0.0032043,4.9219
0.022583,-0.0013733,4.9255
0.024872,-0.00076294,4.9207
0.027161,-0.0015259,4.9255
0.028534,-0.0032043,4.9158
0.029449,-0.0038147,4.9207
0.028839,-0.0022888,4.9365
0.029297,-0.00030518,4.9207
0.028839,0.002594,4.9231
0.028992,0.0032043,4.9121
0.029755,0.0024414,4.9036
0.029602,0,4.9084
0.029144,-0.0024414,4.9146
0.028992,-0.0032043,4.9097
0.026703,-0.0015259,4.9097
0.02594,0.00030518,4.906
0.026093,0.0015259,4.9084
0.02655,0.0013733,4.9048
0.027008,-0.00061035,4.9121
0.026245,-0.0018311,4.9072
0.026093,-0.0027466,4.9109
0.02533,-0.0013733,4.9109
0.024719,0.00045776,4.9146
0.024261,0.00091553,4.9207
0.024261,-0.00015259,4.917
0.023956,-0.0030518,4.9182
0.023346,-0.0071716,4.9243
0.02243,-0.0091553,4.9036
0.019836,-0.0091553,4.9255
0.019684,-0.0057983,4.9097
0.019379,-0.0021362,4.928
0.019073,0,4.9304
0.019073,0.0013733,4.9097
0.019531,0.0010681,4.9304
0.02121,0.0018311,4.9304
0.025024,0.0028992,4.9292
0.030212,0.009613,4.9268
0.03479,0.014648,4.9365
0.040131,0.017395,4.9304
0.042572,0.015106,4.9316
0.041962,0.010071,4.9341
0.040588,0.0033569,4.9365
0.037537,-0.0022888,4.9402
0.033417,-0.0057983,4.9402
0.028381,-0.0062561,4.9438
0.022278,-0.0057983,4.9329
0.017853,-0.0050354,4.9207
0.012054,-0.0045776,4.9304
0.0071716,-0.0042725,4.9194
0.0053406,-0.0045776,4.9255
0.0062561,-0.0010681,4.9255
0.0076294,0.0032043,4.9207
0.011292,0.0071716,4.9207
0.015869,0.011292,4.917
0.020447,0.014038,4.9194
0.023804,0.016785,4.9121
0.026093,0.018005,4.9158
0.028076,0.020752,4.9182
0.028381,0.020599,4.9158
0.028076,0.022125,4.9182
0.026703,0.02182,4.9158
0.025635,0.02121,4.9097
0.021973,0.019379,4.9097
0.019226,0.015869,4.9023
0.017242,0.010681,4.9121
0.019073,0.0064087,4.9097
0.016022,0.0021362,4.9084
0.014954,-0.0021362,4.9097
0.015259,-0.0042725,4.9109
0.01358,-0.010834,4.9146
0.013885,-0.014801,4.9097
0.015259,-0.017853,4.9158
0.016022,-0.018311,4.9133
0.018311,-0.016479,4.9194
0.018311,-0.013123,4.9194
0.017395,-0.01297,4.9243
0.016785,-0.0028992,4.9219
0.017395,0.0027466,4.9316
0.019226,0.007782,4.9292
0.022278,0.01297,4.9316
0.026093,0.016785,4.9438
0.027924,0.020905,4.9353
0.029297,0.022736,4.9084
0.028839,0.024261,4.9292
0.029907,0.023041,0.063477
0.030975,0.021057,0.061035
0.033264,0.018311,0.063477
0.03479,0.014496,0.062256
0.035095,0.012665,0.067139
0.034027,0.0093079,0.065918
0.033112,0.0059509,0.064697
0.031891,0.0021362,0.061035
0.03006,-0.00076294,0.067139
0.029755,-0.0013733,0.061035
0.027924,-0.00061035,0.062256
0.026703,0.0018311,0.070801
0.024567,0.0038147,0.058594
0.021362,0.0048828,0.05249
0.017242,0.0045776,0.054932
0.016785,0.0048828,0.040283
0.015259,0.0059509,0.050049
0.015106,0.007782,0.047607
0.014954,0.0085449,0.045166
0.014343,0.01297,0.045166
0.014343,0.014954,0.042725
0.013275,0.016022,0.043945
0.012512,0.016022,0.041504
0.012054,0.014801,0.040283
0.013275,0.015717,0.039063
0.015564,0.016632,0.042725
0.016632,0.016479,0.039063
0.019531,0.016632,0.043945
0.020447,0.016937,0.03418
0.02121,0.013275,0.041504
0.021973,0.011139,0.046387
0.022125,0.0094604,0.041504
0.024261,0.0079346,0.053711
0.029144,0.007019,0.040283
0.027924,0.0061035,0.030518
0.028839,0.0042725,0.045166
0.029144,0.00015259,0.046387
0.028687,-0.0010681,0.045166
0.028229,-0.0024414,0.05249
0.028076,-0.0024414,0.05127
0.027924,-0.00030518,0.054932
0.028381,0.0022888,0.056152
0.027924,0.0041199,0.061035
0.028534,0.0056458,0.058594
0.02594,0.0064087,0.063477
0.024414,0.0079346,0.065918
0.022278,0.0099182,0.065918
0.021515,0.011902,0.070801
0.018311,0.011597,0.064697
0.015564,0.011139,0.063477
0.011139,0.010223,0.058594
0.0076294,0.0080872,0.062256
0.0045776,0.0065613,0.064697
0.0030518,0.0068665,0.065918
0.0028992,0.0071716,0.064697
0.0038147,0.0010681,0.064697
0.0057983,0.007782,0.063477
0.0080872,0.0071716,0.058594
0.011902,0.0056458,0.056152
0.015106,0.0048828,0.061035
0.019379,0.0048828,0.056152
0.023804,0.005188,0.057373
0.028229,0.0041199,0.054932
0.029144,0.0038147,0.054932
0.030518,0.002594,0.045166
0.029449,0.0010681,0.05249
0.029297,-0.00030518,0.062256
0.025787,-0.0015259,0.045166
0.023499,-0.0038147,0.053711
0.020905,-0.0054932,0.043945
0.018616,-0.0065613,0.032959
0.015411,-0.007782,0.031738
0.01236,-0.0090027,0.037842
0.0097656,-0.011902,0.037842
0.0086975,-0.0094604,0.039063
0.0071716,-0.0086975,0.037842
0.007019,-0.007782,0.042725
0.0074768,-0.0062561,0.036621
0.0073242,-0.0042725,0.040283
0.0094604,-0.0018311,0.036621
0.01358,0.00061035,0.043945
0.015411,0.0028992,0.039063
0.020142,0.0047302,0.036621
0.024261,0.0050354,0.05127
0.028534,0.0035095,0.046387
0.030823,0.002594,0.047607
0.032349,-0.0010681,0.05249
0.031738,-0.0028992,0.05127
0.031128,-0.0068665,0.053711
0.029449,-0.009613,0.062256
0.027771,-0.012665,0.057373
0.025635,-0.015869,0.059814
0.022278,-0.018768,0.054932
0.018768,-0.021667,0.059814
0.014648,-0.021973,0.059814
0.012054,-0.022888,0.061035
0.010529,-0.020447,0.058594
0.011292,-0.018463,0.065918
0.012054,-0.017548,0.061035
0.01358,-0.016174,0.064697
0.014191,-0.013733,0.064697
0.014801,-0.010986,0.067139
0.017395,-0.0080872,0.076904
0.020905,-0.0042725,0.06958
0.025024,-0.00045776,0.068359
0.027924,0.0016785,0.061035
0.029449,0.0024414,0.047607
0.029907,0.0010681,0.058594
0.028076,-0.0018311,0.05249
0.026855,-0.0048828,0.05127
0.025787,-0.0071716,0.05249
0.026245,-0.0090027,0.046387
0.026093,-0.0097656,0.048828
0.027924,-0.011597,0.045166
0.029144,-0.014496,0.050049
0.028839,-0.018921,0.039063
0.028687,-0.023041,0.045166
0.028229,-0.025482,0.045166
0.028381,-0.02533,4.4446
0.028839,-0.024414,4.8755
0.030212,-0.02182,4.9084
0.028381,-0.019531,4.9097
0.026855,-0.017548,4.9084
0.023651,-0.015259,4.9097
0.02121,-0.012817,4.9109
0.018616,-0.009613,4.895
0.017395,-0.0057983,4.9084
0.018463,-0.0019836,4.906
0.018463,0.0010681,4.9084
0.019531,0.0027466,4.9097
0.020905,0.0024414,4.9084
0.021057,0.0010681,4.9158
0.021973,-0.0021362,4.9146
0.022583,-0.00045776,4.9207
0.023956,-0.00076294,4.9182
0.024567,-0.00061035,4.9097
0.025482,-0.0022888,4.9243
0.025482,-0.0021362,4.9292
0.025482,-0.0035095,4.939
0.024109,-0.0048828,4.9304
0.023956,-0.0057983,4.9353
0.023651,-0.0048828,4.9353
0.023346,-0.0036621,4.9207
0.023041,-0.0035095,4.928
0.022888,-0.0032043,4.9304
0.022278,-0.0041199,4.9304
0.021057,-0.005188,4.9353
0.019226,-0.0062561,4.9304
0.015869,-0.0056458,4.9353
0.01358,-0.0045776,4.9341
0.011444,-0.0019836,4.9353
0.010223,-0.0022888,4.9292
0.0099182,-0.0021362,4.9365
0.010834,-0.0016785,4.9304
0.010986,-0.00061035,4.9341
0.011902,0.0042725,4.9329
0.011749,0.0033569,4.9268
0.013428,0.0035095,4.9316
0.015259,0.0041199,4.9255
0.016479,0.0045776,4.9329
0.0177,0.0048828,4.9194
0.017395,0.0056458,4.9036
0.014343,0.0059509,4.917
0.016632,0.0059509,4.9133
0.016479,0.0053406,4.9133
0.016785,0.0045776,4.9121
0.018921,0.0021362,4.9121
0.019989,-0.00015259,4.9048
0.022736,-0.0010681,4.906
0.024261,-0.0028992,4.9133
0.02533,-0.0035095,4.9084
0.02655,-0.004425,4.9133
0.026093,-0.0038147,4.9036
0.025482,-0.004425,4.9133
0.026093,-0.00091553,4.9194
0.024567,0.0016785,4.9109
0.023956,0.0041199,4.917
0.022736,0.0059509,4.9146
0.020752,0.0065613,4.906
0.018768,0.0065613,4.9158
0.016937,0.0064087,4.9158
0.014496,0.0056458,4.917
0.01297,0.0053406,4.9219
0.011444,0.0048828,4.9231
0.0091553,0.0033569,4.9268
0.0080872,0.0045776,4.928
0.0061035,0.0032043,4.9329
0.0050354,0.0027466,4.9304
0.0045776,0.0024414,4.9304
0.0050354,0.0027466,4.9304
0.0057983,0.0039673,4.9353
0.0080872,0.0048828,4.9316
0.010986,0.0050354,4.9316
0.014954,0.0064087,4.9329
0.018616,0.0067139,4.9365
0.0177,0.0067139,4.9451
0.022583,0.0067139,4.9365
0.023651,0.0068665,4.9304
0.023193,0.0064087,4.9353
0.022583,0.0056458,4.9341
0.021667,0.0048828,4.9353
0.019226,0.0042725,4.9353
0.01709,0.0039673,4.9268
0.015411,0.0035095,4.9292
0.013428,0.0021362,4.917
0.012054,0.00091553,4.9255
0.010681,-0.00030518,4.9207
0.007782,-0.0010681,4.9207
0.011292,-0.0016785,4.9207
0.010376,-0.0010681,4.9194
0.011597,-0.0027466,4.9182
0.011749,-0.00030518,4.917
0.014801,0.0010681,4.9133
0.016327,0.0024414,4.9133
0.016327,0.0065613,4.8926
0.019226,0.0064087,4.9109
0.02121,0.0083923,4.9146
0.023651,0.0073242,4.9121
0.025635,0.012207,4.9109
0.027618,0.012817,4.9097
0.029755,0.01297,4.9084
0.030975,0.013275,4.9097
0.031891,0.010071,4.9109
0.032043,0.0082397,4.906
0.030975,0.0062561,4.9146
0.030365,0.0047302,4.9121
0.028534,0.0048828,0.045166
0.02594,0.0050354,0.046387
0.021515,0.0048828,0.046387
0.019989,0.0057983,0.050049
0.018616,0.0053406,0.05249
0.018158,0.0030518,0.059814
0.018158,0.0038147,0.05249
0.019379,0.0035095,0.050049
0.020447,0.0047302,0.058594
0.022278,0.0054932,0.063477
0.023346,0.0062561,0.059814
0.025024,0.0047302,0.062256
0.025787,0.0039673,0.059814
0.026703,0.002594,0.064697
0.027161,0.0027466,0.059814
0.028381,0.0038147,0.064697
0.029449,0.0050354,0.056152
0.030518,0.0057983,0.062256
0.03067,0.0059509,0.064697
0.032196,0.0041199,0.065918
0.033875,0.0028992,0.076904
0.035095,0.0038147,0.067139
0.037231,0.0012207,0.065918
0.038605,0.00076294,0.062256
0.039063,0.00045776,0.048828
0.039215,0.0010681,0.056152
0.037689,-0.0013733,0.05249
0.036774,-0.0015259,0.048828
0.034943,-0.0010681,0.048828
0.033417,0.00015259,0.047607
0.033112,0.00091553,0.046387
0.032806,0.0016785,0.048828
0.032043,0.0010681,0.048828
0.031128,0.00061035,0.042725
0.03067,0.00015259,0.043945
0.031738,-0.00045776,0.043945
0.031738,0.00030518,0.045166
0.032196,0.00061035,0.039063
0.031128,0.0015259,0.041504
0.030823,0.00076294,0.045166
0.027771,0.00045776,0.041504
0.027924,-0.0015259,0.045166
0.026855,-0.002594,0.037842
0.026245,-0.005188,0.030518
0.025787,-0.004425,0.036621
0.025024,-0.004425,0.0354
0.024872,-0.0047302,0.039063
0.024872,-0.005188,0.040283
0.024109,-0.0074768,0.040283
0.023956,-0.0079346,0.045166
0.024261,-0.0064087,0.045166
0.025177,-0.0053406,0.05127
0.025635,-0.0035095,0.050049
0.026855,-0.0022888,0.057373
0.027771,-0.0010681,0.057373
0.028229,-0.00015259,0.059814
0.028229,0.0010681,0.073242
0.028229,0.002594,0.062256
0.028381,0.0041199,0.053711
0.028076,0.0021362,0.059814
0.028839,0.002594,0.05249
0.029449,0.0013733,0.061035
0.029297,0.00061035,0.059814
0.028229,-0.00061035,0.064697
0.027161,-0.0012207,0.062256
0.025635,-0.0024414,0.062256
0.023804,-0.0032043,0.065918
0.022736,-0.0039673,0.063477
0.021362,-0.0057983,0.067139
0.020142,-0.0042725,0.062256
0.018158,-0.004425,0.062256
0.015259,-0.0045776,0.059814
0.013885,-0.0045776,0.059814
0.012512,-0.0042725,0.061035
0.011902,-0.0045776,0.056152
0.012665,-0.0042725,0.058594
0.013428,-0.0047302,0.05127
0.014648,-0.0057983,0.063477
0.01358,-0.0068665,0.047607
0.01236,-0.0065613,0.047607
0.01236,-0.0088501,0.041504
0.011902,-0.0053406,0.042725
0.01297,-0.0039673,0.041504
0.012512,-0.0030518,0.042725
0.012207,-0.0033569,0.039063
0.010834,-0.004425,0.037842
0.0090027,-0.0047302,0.036621
0.0086975,-0.0056458,0.042725
0.0074768,-0.0042725,0.037842
0.0071716,-0.0042725,0.041504
0.0065613,-0.0045776,0.041504
0.007019,-0.005188,0.043945
0.007019,-0.0068665,0.043945
0.0056458,-0.0071716,0.039063
0.004425,-0.0074768,0.045166
0.0050354,-0.0071716,0.041504
0.0053406,-0.0057983,0.0354
0.0071716,-0.0041199,0.046387
0.0083923,-0.0035095,0.045166
0.009613,-0.0022888,0.050049
0.0097656,-0.0021362,0.05249
0.010223,-0.00091553,0.048828
0.010071,-0.00030518,0.056152
0.011597,0.0013733,0.057373
0.012817,0.002594,0.062256
0.01358,0.0038147,0.058594
0.013885,0.0048828,0.065918
0.013428,0.0045776,0.062256
0.01297,0.0047302,0.064697
0.012665,0.005188,0.061035
0.011902,0.0059509,0.063477
0.014496,0.0082397,0.06958
0.016632,0.0094604,0.064697
0.017242,0.010223,0.068359
0.017548,0.0097656,0.067139
0.017853,0.0093079,0.05127
0.01709,0.0080872,0.063477
0.016937,0.0079346,4.0613
0.016174,0.0091553,4.8767
0.015106,0.010986,4.9255
0.014343,0.012207,4.9231
0.01236,0.013733,4.928
0.012054,0.011444,4.9207
0.010529,0.009613,4.9207
0.010376,0.0090027,4.917
0.013733,0.0088501,4.9207
0.013275,0.010071,4.9182
0.014343,0.010529,4.9231
0.015564,0.0099182,4.9231
0.013885,0.0085449,4.9182
0.013733,0.0062561,4.9121
0.012665,0.0045776,4.9146
0.0080872,0.0061035,4.9036
0.011139,0.0082397,4.9158
0.010986,0.010834,4.906
0.0099182,0.013733,4.9109
0.009613,0.014038,4.9097
0.011444,0.014343,4.9072
0.013428,0.014191,4.9109
0.015869,0.014648,4.9097
0.019531,0.01358,4.9097
0.020142,0.017548,4.906
0.021057,0.019836,4.9146
0.02182,0.021515,4.9109
0.022583,0.022278,4.917
0.023193,0.021057,4.9146
0.023041,0.018921,4.9207
0.024719,0.019073,4.9304
0.024719,0.019073,4.9268
0.025787,0.020294,4.9365
0.026398,0.021973,4.928
0.02533,0.018463,4.9182
0.027008,0.02182,4.9316
0.026245,0.020752,4.9304
0.025482,0.017395,4.9243
0.024567,0.015717,4.9329
0.023804,0.016785,4.9304
0.021515,0.018005,4.9329
0.019531,0.021362,4.9292
0.016479,0.018768,4.9353
0.016022,0.016785,4.9316
0.015106,0.013123,4.9353
0.015259,0.011139,4.9377
0.017395,0.010223,4.9377
0.019073,0.012054,4.939
0.019989,0.014648,4.9353
0.021973,0.015106,4.9353
0.022736,0.015869,4.9329
0.024414,0.013733,4.9365
0.027313,0.011597,4.928
0.029602,0.011292,4.9292
0.031128,0.011749,4.9207
0.032349,0.01297,4.9219
0.031586,0.012207,4.9231
0.030823,0.010071,4.9182
0.031128,0.0074768,4.9182
0.031738,0.002594,4.9158
0.032043,0.0042725,4.9133
0.033569,0.0057983,4.9109
0.034485,0.0076294,4.9133
0.034332,0.0082397,4.9158
0.033264,0.0083923,4.9097
0.032349,0.0065613,4.9146
0.031128,0.0047302,4.9255
0.03067,0.0079346,4.9109
0.03067,0.0050354,4.917
0.029449,0.0059509,4.9109
0.028076,0.0073242,4.8938
0.026245,0.0068665,4.9109
0.023193,0.0059509,4.9109
0.020905,0.0041199,4.9109
0.020294,0.0027466,4.9158
0.021515,0.0018311,4.9109
0.02121,0.00091553,4.9158
0.021973,-0.00061035,4.917
0.021057,-0.00030518,4.9207
0.019379,-0.0038147,4.9207
0.020294,-0.0056458,4.9268
0.019379,-0.0068665,4.9255
0.02121,-0.0080872,4.9292
0.020142,-0.007782,4.9365
0.019836,-0.0090027,4.9304
0.019684,-0.010834,4.9304
0.020142,-0.013428,4.9377
0.02121,-0.014648,4.939
0.021973,-0.015717,4.9304
0.022888,-0.016937,4.9158
0.02533,-0.017242,4.9329
0.026398,-0.017242,4.9353
0.028076,-0.016479,4.9304
0.027771,-0.015869,4.9377
0.026855,-0.014954,4.9353
0.027008,-0.014954,4.9353
0.025482,-0.014648,4.9304
0.022278,-0.014343,4.9377
0.024872,-0.015717,4.9292
0.025024,-0.01709,4.9304
0.024261,-0.018921,4.928
0.022888,-0.016479,4.9231
0.021973,-0.020142,4.9304
0.02121,-0.020447,4.9243
0.020599,-0.020447,4.9268
0.02121,-0.019226,4.9182
0.020752,-0.018463,4.9048
0.020752,-0.017853,4.9158
0.020905,-0.018158,4.9084
0.019684,-0.018463,0.042725
0.018616,-0.019531,0.041504
0.018158,-0.02121,0.040283
0.019073,-0.021973,0.028076
0.019989,-0.022125,0.039063
0.021515,-0.019989,0.041504
0.023041,-0.018463,0.036621
0.023346,-0.016937,0.041504
0.023346,-0.016937,0.042725
0.024109,-0.017395,0.040283
0.024261,-0.016327,0.042725
0.025635,-0.014648,0.042725
0.026703,-0.012665,0.039063
0.027161,-0.010986,0.039063
0.027313,-0.011292,0.039063
0.027008,-0.012512,0.046387
0.026245,-0.014191,0.040283
0.026398,-0.016632,0.047607
0.025635,-0.018158,0.05127
0.025482,-0.017548,0.054932
0.024567,-0.018158,0.056152
0.023193,-0.016327,0.057373
0.02182,-0.019073,0.062256
0.019836,-0.019836,0.059814
0.019836,-0.02121,0.061035
0.018311,-0.02121,0.058594
0.0177,-0.019989,0.064697
0.016937,-0.018311,0.059814
0.016937,-0.017395,0.062256
0.017242,-0.015106,0.074463
0.016937,-0.014038,0.063477
0.018311,-0.01297,0.070801
0.021667,-0.010834,0.067139
0.023041,-0.0082397,0.048828
0.024567,-0.0067139,0.063477
0.025787,-0.0057983,0.056152
0.027466,-0.0042725,0.061035
0.028381,-0.0030518,0.061035
0.029602,-0.0022888,0.053711
0.030365,-0.00061035,0.056152
0.031281,0.00076294,0.050049
0.031128,0.0032043,0.053711
0.030365,0.0057983,0.05127
0.028992,0.0061035,0.053711
0.027466,0.007019,0.046387
0.027466,0.0062561,0.05127
0.026855,0.004425,0.050049
0.02594,0.0042725,0.045166
0.028534,0.0024414,0.041504
0.027161,0.00045776,0.042725
0.026093,0.00030518,0.032959
0.02594,-0.00045776,0.037842
0.024109,-0.00061035,0.037842
0.023804,0.00030518,0.037842
0.023346,0.0013733,0.039063
0.022888,0.0038147,0.037842
0.023346,0.0042725,0.041504
0.022583,0.0065613,0.036621
0.021667,0.010071,0.042725
0.022125,0.009613,0.036621
0.023041,0.011444,0.043945
0.023804,0.011749,0.040283
0.025482,0.012512,0.046387
0.025787,0.01358,0.050049
0.025635,0.014038,0.05127
0.024567,0.015717,0.062256
0.025177,0.016479,0.054932
0.025635,0.017548,0.068359
0.02655,0.018158,0.054932
0.026855,0.018005,0.050049
0.030212,0.018616,0.061035
0.028534,0.019226,0.061035
0.028687,0.019531,0.059814
0.028076,0.019989,0.062256
0.027924,0.020142,0.059814
0.027924,0.018158,0.062256
0.027924,0.016937,0.058594
0.026398,0.01236,0.064697
0.026398,0.014496,0.059814
0.023651,0.015106,0.067139
0.021057,0.016479,0.06958
0.019684,0.016022,0.065918
0.018005,0.016022,0.068359
0.01709,0.014954,0.063477
0.017548,0.014648,0.067139
0.017242,0.014191,0.062256
0.018311,0.014343,0.065918
0.018158,0.017548,0.056152
0.020599,0.014038,0.056152
0.019226,0.014191,0.048828
0.018768,0.014038,0.048828
0.018463,0.013428,0.047607
0.016937,0.013885,0.047607
0.016022,0.013733,0.043945
0.015564,0.014496,0.048828
0.016327,0.018616,0.039063
0.016479,0.01297,0.042725
0.016479,0.011444,0.040283
0.018158,0.0093079,0.043945
0.018463,0.0076294,0.039063
0.018768,0.0065613,0.040283
0.020142,0.0068665,0.05127
0.020905,0.0076294,0.039063
0.023499,0.0074768,0.046387
0.023499,0.0068665,0.039063
0.023651,0.0053406,0.024414
0.023956,0.0062561,0.036621
0.022278,0.0028992,0.037842
0.022736,0.0022888,0.041504
0.022736,0.0035095,0.046387
0.023804,0.0033569,0.040283
0.023499,0.0038147,0.047607
0.02182,0.0047302,0.048828
0.021362,0.0038147,0.053711
0.020599,0.0015259,0.05127
0.020142,0.0022888,0.057373
0.021515,0.0032043,0.058594
0.022583,0.0036621,3.2483
0.023346,0.004425,4.8328
0.023193,0.0047302,4.9219
0.022888,0.0027466,4.928
0.022736,0.0015259,4.9329
0.02243,-0.00030518,4.9426
0.022736,-0.00045776,4.9292
0.022888,0.0013733,4.9207
0.020752,0.002594,4.9329
0.021973,0.00076294,4.9304
0.020905,-0.00061035,4.9316
0.020142,-0.0032043,4.9365
0.019073,-0.0053406,4.9353
0.020447,-0.005188,4.9377
0.020905,-0.0035095,4.9304
0.02243,-0.00076294,4.9329
0.022278,-0.0021362,4.9255
0.021973,-0.0030518,4.928
0.020752,-0.0048828,4.928
0.016174,-0.0056458,4.928
0.017242,-0.0059509,4.928
0.015564,-0.005188,4.9219
0.015564,-0.004425,4.9182
0.015717,-0.0050354,4.9207
0.013733,-0.0057983,4.9036
0.014038,-0.0080872,4.917
0.014343,-0.0099182,4.9097
0.015717,-0.010681,4.9133
0.017548,-0.010071,4.9121
0.019531,-0.0080872,4.9097
0.020905,-0.0064087,4.9097
0.021362,-0.0054932,4.9097
0.021362,-0.0053406,4.9097
0.021667,-0.0062561,4.906
0.022278,-0.0064087,4.9109
0.023956,-0.0062561,4.9097
0.025177,-0.0045776,4.9109
0.027161,-0.0045776,4.9109
0.027466,-0.0022888,4.9121
0.027924,-0.0036621,4.9121
0.027924,-0.0065613,4.9133
0.027161,-0.0067139,4.9231
0.026855,-0.0099182,4.9194
0.02594,-0.0088501,4.9146
0.025024,-0.0057983,4.9158
0.025177,-0.0038147,4.9219
0.02182,-0.0030518,4.9255
0.021667,-0.0042725,4.9292
0.020905,-0.0061035,4.9243
0.023041,-0.0076294,4.9341
0.02243,-0.0059509,4.9304
0.022888,-0.0048828,4.9353
0.02243,-0.0027466,4.9292
0.022125,-0.0035095,4.9341
0.02182,-0.0056458,4.9304
0.020752,-0.007782,4.9341
0.020599,-0.0094604,4.9451
0.020447,-0.0082397,4.9353
0.020905,-0.0064087,4.9341
0.021515,-0.0035095,4.9353
0.02243,-0.0018311,4.9231
0.022736,-0.0016785,4.9341
0.023804,-0.0018311,4.9304
0.024261,-0.0028992,4.9329
0.025635,-0.0028992,4.9304
0.026093,-0.0024414,4.928
0.026398,-0.0019836,4.928
0.023651,-0.0015259,4.9219
0.024261,-0.002594,4.9207
0.02243,-0.0036621,4.9158
0.020905,-0.0045776,4.9231
0.022583,-0.0048828,4.9158
0.020142,-0.0053406,4.9207
0.019379,-0.0033569,4.9158
0.020599,-0.00091553,4.9146
0.018311,0.00076294,4.917
0.0177,0.0015259,4.9133
0.017548,0.0022888,4.9146
0.017395,0.0013733,4.9097
0.0177,0.0013733,4.9158
0.018921,0.0018311,4.9133
0.018311,0.0022888,4.9121
0.017242,0.0038147,4.9084
0.014954,0.004425,4.9121
0.014191,0.0021362,4.9084
0.011749,-0.00030518,4.906
0.010986,-0.0015259,4.906
0.011139,-0.0018311,4.9158
0.011444,-0.00045776,4.9146
0.011292,0,4.9146
0.0097656,0.0018311,4.9207
0.010681,0.00015259,4.9243
0.01297,-0.0018311,4.9304
0.015869,-0.0062561,4.9255
0.018616,-0.0045776,4.928
0.02182,-0.004425,4.928
0.022583,-0.00015259,4.9231
0.021362,0.0039673,4.9304
0.018921,0.0054932,4.928
0.01709,0.0053406,4.9353
0.016174,0.0039673,4.928
0.016327,0.0027466,4.9304
0.016937,0.0027466,4.9341
0.016785,0.0047302,4.9329
0.015869,0.0062561,4.9365
0.016174,0.007019,4.9329
0.0177,0.0064087,4.9353
0.019073,0.0056458,4.9353
0.021362,0.0048828,4.9377
0.023041,0.0062561,4.9353
0.023804,0.0080872,0.067139
0.023956,0.010376,0.065918
0.02121,0.010681,0.058594
0.018463,0.011139,0.067139
0.016632,0.0093079,0.054932
0.015411,0.0071716,0.040283
0.015564,0.0056458,0.050049
0.014648,0.0054932,0.045166
0.013275,0.0056458,0.047607
0.010529,0.0067139,0.046387
0.0071716,0.0065613,0.043945
0.0053406,0.0045776,0.045166
0.0042725,0.0032043,0.040283
0.0064087,0.0012207,0.039063
0.0067139,-0.0012207,0.037842
0.0083923,-0.0010681,0.045166
0.0082397,-0.0010681,0.039063
0.0080872,0.00015259,0.042725
0.007782,0.00076294,0.054932
0.0086975,0.00091553,0.040283
0.010071,0.0024414,0.046387
0.012054,0.0042725,0.041504
0.01358,0.0073242,0.023193
0.015106,0.010223,0.037842
0.014954,0.014343,0.041504
0.013733,0.016327,0.042725
0.016174,0.017853,0.043945
0.018158,0.016937,0.041504
0.020599,0.014801,0.05127
0.023193,0.01236,0.050049
0.024261,0.010834,0.053711
0.022583,0.0074768,0.05127
0.02182,0.0074768,0.061035
0.018616,0.0064087,0.061035
0.016632,0.0054932,0.062256
0.017548,0.0062561,0.068359
0.015564,0.0048828,0.062256
0.015411,0.0056458,0.062256
0.01358,0.0030518,0.064697
0.010986,0.0083923,0.070801
0.010834,0.010071,0.062256
0.0094604,0.0094604,0.05249
0.011597,0.0045776,0.063477
0.013885,0.0068665,0.063477
0.01709,0.0062561,0.062256
0.018768,0.007019,0.070801
0.019226,0.0090027,0.065918
0.020905,0.010376,0.064697
0.02182,0.013275,0.059814
0.024261,0.015717,0.062256
0.027924,0.016479,0.056152
0.030975,0.016632,0.05249
0.032501,0.017242,0.053711
0.032043,0.018158,0.056152
0.031433,0.018463,0.056152
0.030212,0.018005,0.05127
0.028381,0.016785,0.05249
0.028839,0.013275,0.043945
0.027771,0.0099182,0.036621
0.027008,0.0064087,0.045166
0.024872,0.0035095,0.042725
0.02243,0.00030518,0.040283
0.018311,-0.0018311,0.040283
0.014954,-0.0041199,0.0354
0.01358,-0.0071716,0.039063
0.012817,-0.0094604,0.037842
0.014191,-0.010986,0.040283
0.014954,-0.010223,0.037842
0.015869,-0.0088501,0.036621
0.015106,-0.0068665,0.040283
0.016632,-0.00076294,0.042725
0.018311,0.0032043,0.040283
0.020447,0.0061035,0.042725
0.02594,0.0076294,0.045166
0.028381,0.009613,0.03418
0.029602,0.009613,0.053711
0.029602,0.011597,0.05127
0.029755,0.011597,0.037842
0.030823,0.011597,0.056152
0.033722,0.014648,0.05249
0.037994,0.0097656,0.05249
0.041656,0.007782,0.059814
0.04364,0.0088501,0.062256
0.043945,0.010071,0.064697
0.042419,0.010071,0.061035
0.042267,0.011597,0.063477
0.042114,0.01358,0.057373
0.04364,0.0074768,0.062256
0.042877,0.0099182,0.061035
0.041046,0.0067139,0.067139
0.03952,0.0032043,0.079346
0.033569,-0.00061035,0.070801
0.029449,-0.0036621,0.063477
0.026855,-0.0057983,0.067139
0.02533,-0.0068665,0.058594
0.024109,-0.0064087,0.061035
0.023041,-0.0064087,0.058594
0.020752,-0.007019,0.057373
0.014954,-0.0059509,0.05249
0.013428,-0.0048828,0.05127
0.013123,-0.0039673,0.053711
0.014496,-0.0019836,0.047607
0.018768,-0.004425,0.05249
0.022278,-0.00091553,0.045166
0.024719,-0.00045776,0.048828
0.026398,0.00015259,0.045166
0.026093,0.0010681,0.046387
0.027466,0.0028992,0.037842
0.029602,0.004425,0.043945
0.035095,0.0054932,0.047607
0.038605,0.004425,0.043945
0.041962,0.0032043,0.058594
0.044403,0.0010681,0.039063
0.043945,0.00091553,0.028076
0.043488,-0.00076294,0.041504
0.043335,-0.0018311,0.040283
0.043945,-0.0015259,0.036621
0.044098,-0.0053406,4.0918
0.043793,-0.0064087,4.8474
0.041656,-0.007782,4.9072
0.038605,-0.0065613,4.906
0.033264,-0.0013733,4.9133
0.03006,0.00061035,4.9121
0.028229,0.0024414,4.9194
0.028839,0.0027466,4.9243
0.029907,0.0024414,4.9219
0.029755,0.00076294,4.9304
0.028229,-0.00045776,4.9255
0.024719,-0.00061035,4.928
0.021973,0,4.9255
0.019836,-0.0021362,4.9255
0.018463,-0.0038147,4.9316
0.018463,-0.0038147,4.9194
0.020752,-0.0047302,4.928
0.02121,-0.0067139,4.928
0.020294,-0.0042725,4.9268
0.019379,-0.0036621,4.9316
0.020294,-0.0028992,4.9316
0.023193,-0.0032043,4.9365
0.027618,-0.0028992,4.9219
0.029297,-0.0047302,4.9353
0.033875,-0.0048828,4.9329
0.033722,-0.0050354,4.9365
0.030975,-0.0038147,4.9292
0.029144,-0.0030518,4.9316
0.028076,-0.0012207,4.9414
0.028076,-0.0021362,4.928
0.029144,-0.0045776,4.9255
0.028534,-0.0071716,4.9243
0.028229,-0.0097656,4.8987
0.023956,-0.011292,4.9146
0.02121,-0.011139,4.9158
0.018768,-0.010834,4.917
0.018158,-0.01297,4.9158
0.018158,-0.011902,4.9109
0.019073,-0.011902,4.9146
0.018616,-0.011902,4.9121
0.017548,-0.010986,4.9084
0.015564,-0.0064087,4.9097
0.013885,-0.0035095,4.9133
0.014801,-0.0015259,4.9048
0.016937,-0.00091553,4.9133
0.0177,-0.0018311,4.9121
0.019379,-0.002594,4.9097
0.02121,-0.0022888,4.9072
0.021515,-0.00061035,4.9255
0.021973,0.0036621,4.906
0.023041,0.0053406,4.9109
0.02533,0.0079346,4.9048
0.027924,0.0083923,4.917
0.030823,0.0074768,4.9158
0.030975,0.0074768,4.906
0.028992,0.0067139,4.9207
0.027466,0.0071716,4.9207
0.025787,0.0067139,4.9255
0.02533,0.0064087,4.9243
0.025482,0.0035095,4.9329
0.026093,-0.00045776,4.9255
0.02533,-0.0039673,4.9316
0.022736,-0.0061035,4.9292
0.018616,-0.0057983,4.9316
0.015717,-0.0030518,4.9377
0.013733,-0.0059509,4.9316
0.013428,0.00045776,4.9414
0.014343,0.00015259,4.9329
0.015717,-0.00030518,4.9207
0.015106,-0.0013733,4.9341
0.014801,-0.0018311,4.9341
0.013123,-0.00076294,4.9329
0.012665,0.00030518,4.9377
0.014038,-0.00030518,4.9341
0.016022,-0.0019836,4.9329
0.016937,-0.0041199,4.9219
0.0177,-0.0047302,4.9316
0.016022,-0.0035095,4.9231
0.015259,-0.0013733,4.9231
0.015411,0.0019836,4.9219
0.016479,0.004425,4.9231
0.021362,0.0057983,4.9243
0.021515,0.0050354,4.9207
0.025177,0.0041199,4.9194
0.025482,0.0030518,4.9182
0.025482,0.0018311,4.9146
0.024109,0.0038147,4.9133
0.023193,0.0039673,4.9097
0.022583,0.0028992,4.9097
0.023041,0.00030518,4.9121
0.022736,-0.0028992,4.9084
0.021515,-0.0041199,4.9048
0.019531,-0.0047302,4.906
0.018005,-0.0041199,4.9109
0.016937,-0.0015259,4.906
0.016632,-0.00061035,4.9146
0.018311,-0.00076294,4.906
0.019989,-0.0013733,4.9146
0.021057,-0.0013733,4.9109
0.020142,-0.0022888,4.9133
0.019226,0.0010681,4.9243
0.017548,0.002594,4.917
0.016022,0.002594,4.9292
0.015869,0.0024414,4.9231
0.016174,0.00015259,4.9084
0.016785,-0.0024414,4.9231
0.016785,-0.0039673,4.9292
0.015869,-0.0033569,4.9255
0.015106,-0.0010681,4.9292
0.015411,0.0019836,4.9292
0.018311,0.0032043,0.062256
0.019684,0.0032043,0.061035
0.022278,0.0012207,0.059814
0.024261,-0.00030518,0.058594
0.024719,-0.0019836,0.065918
0.023041,-0.00030518,0.063477
0.024567,0.00061035,0.067139
0.025177,0.0010681,0.079346
0.028381,0.00045776,0.065918
0.02655,-0.00030518,0.063477
0.025635,-0.0012207,0.065918
0.024109,-0.0015259,0.067139
0.021667,-0.00015259,0.062256
0.019836,0.0013733,0.058594
0.018311,0.002594,0.057373
0.020142,0.0030518,0.054932
0.019989,0.0024414,0.050049
0.021057,0.00061035,0.05249
0.02121,-0.0010681,0.047607
0.016632,-0.0013733,0.045166
0.019684,-0.0012207,0.043945
0.018463,0.00045776,0.047607
0.018616,0.0022888,0.046387
0.017242,0.0018311,0.047607
0.018311,0.00045776,0.041504
0.017242,-0.00091553,0.041504
0.016785,-0.0012207,0.05249
0.014954,-0.0010681,0.041504
0.014038,0.00045776,0.05249
0.014343,0.00091553,0.037842
0.015259,0.00091553,0.031738
0.018005,0.00030518,0.040283
0.019531,-0.0016785,0.040283
0.019073,-0.0028992,0.036621
0.018005,0,0.037842
0.016479,-0.0018311,0.039063
0.015411,-0.00091553,0.041504
0.014954,-0.00015259,0.041504
0.015564,-0.0016785,0.047607
0.015869,-0.0039673,0.046387
0.016632,-0.0056458,0.053711
0.016479,-0.0068665,0.056152
0.016022,-0.0048828,0.057373
0.016022,-0.0022888,0.063477
0.018463,0.00015259,0.061035
0.019836,0.00015259,0.059814
0.023041,-0.00076294,0.058594
0.024109,-0.0028992,0.064697
0.024719,-0.0048828,0.068359
0.022736,-0.0050354,0.070801
0.020905,-0.0033569,0.057373
0.020294,-0.002594,0.062256
0.019684,-0.0024414,0.058594
0.021057,-0.0035095,0.062256
0.022583,-0.0054932,0.061035
0.023651,-0.007019,0.06958
0.023499,-0.0071716,0.064697
0.023499,-0.0050354,0.067139
0.023956,-0.0013733,0.065918
0.025024,0.00061035,0.063477
0.026398,0.00091553,0.057373
0.024872,-0.00076294,0.058594
0.024261,-0.0027466,0.068359
0.021057,-0.0036621,0.054932
0.016937,-0.0035095,0.056152
0.015564,-0.0015259,0.05249
0.015259,0.00076294,0.0354
0.014496,0.0010681,0.047607
0.018005,0.0024414,0.045166
0.019226,0.0013733,0.043945
0.019836,0.0010681,0.043945
0.021973,0.0019836,0.037842
0.019684,0.0022888,0.039063
0.019836,0.0039673,0.037842
0.02121,0.0028992,0.042725
0.02121,0.0035095,0.03418
0.020905,0.0016785,0.041504
0.019836,0.00015259,0.040283
0.018616,-0.0027466,0.041504
0.0177,-0.00015259,0.043945
0.017853,0.0012207,0.040283
0.0177,0.0024414,0.036621
0.022125,0.0019836,0.042725
0.019226,0.00091553,0.042725
0.019684,-0.0012207,0.040283
0.019226,-0.0019836,0.046387
0.019073,-0.0013733,0.046387
0.017548,-0.00015259,0.047607
0.017853,0.0016785,0.050049
0.019531,0.0024414,0.053711
0.020752,0.0048828,0.056152
0.02182,0.0038147,0.059814
0.02243,0.0033569,0.056152
0.021362,0.0018311,0.062256
0.02182,0.0039673,0.061035
0.020905,0.0074768,0.062256
0.02182,0.010834,0.058594
0.02182,0.011902,0.062256
0.023651,0.01236,0.06958
0.024261,0.011292,0.061035
0.023956,0.010071,0.067139
0.022888,0.010071,0.064697
0.02182,0.010529,0.053711
0.02121,0.010834,0.062256
0.021515,0.010529,0.067139
0.021667,0.0088501,0.063477
0.02182,0.0068665,0.064697
0.021057,0.0047302,0.057373
0.020905,0.0035095,0.059814
0.020752,0.0039673,0.05249
0.021515,0.0048828,0.057373
0.022125,0.0059509,0.048828
0.023346,0.0064087,0.05249
0.024567,0.0059509,0.05127
0.025635,0.0050354,0.048828
0.025787,0.0056458,0.042725
0.026093,0.0062561,3.6938
0.025024,0.007782,4.8438
0.023346,0.0090027,4.9072
0.022583,0.0091553,4.9158
0.025024,0.0083923,4.9133
0.026093,0.0061035,4.9158
0.026703,0.0039673,4.9097
0.028076,0.0035095,4.9158
0.027008,0.0045776,4.9097
0.026245,0.0061035,4.9084
0.026398,0.0068665,4.9011
0.025787,0.0064087,4.9121
0.026245,0.0053406,4.9084
0.02594,0.0038147,4.9133
0.02533,0.0015259,4.9084
0.025482,0.0050354,4.9158
0.025177,0.0079346,4.9146
0.026093,0.010376,4.9194
0.027313,0.011139,4.9304
0.028687,0.010223,4.9182
0.029755,0.0083923,4.9292
0.030365,0.0062561,4.9255
0.029755,0.0065613,4.9146
0.028534,0.0068665,4.9255
0.028076,0.0074768,4.9268
0.026855,0.0073242,4.9292
0.026398,0.0068665,4.9292
0.02655,0.0047302,4.9268
0.027161,0.0042725,4.9341
0.027618,0.0047302,4.9097
0.027924,0.0074768,4.9304
0.028687,0.0093079,4.928
0.028229,0.009613,4.9353
0.028687,0.0088501,4.9329
0.028534,0.0076294,4.9365
0.028076,0.0056458,4.9402
0.02533,0.0041199,4.9414
0.026855,0.0032043,4.9414
0.026398,0.0033569,4.9365
0.026245,0.0032043,4.9451
0.027008,0.0022888,4.9304
0.027618,0,4.9207
0.028229,-0.00045776,4.9231
0.028992,-0.0018311,4.9231
0.030212,-0.0013733,4.9207
0.030212,0.00061035,4.9219
0.030365,0.0024414,4.9158
0.030212,0.0030518,4.9207
0.028992,0.0028992,4.9133
0.028229,0.0021362,4.9182
0.027466,0.00076294,4.9109
0.027771,0.00030518,4.917
0.027618,0.00061035,4.9182
0.027771,0.002594,4.9158
0.027466,0.0041199,4.917
0.027008,0.0047302,4.9121
0.027161,0.0045776,4.9121
0.027161,0.0041199,4.9109
0.027466,0.0027466,4.9023
0.028229,0.0027466,4.9109
0.027466,0.0033569,4.9097
0.027313,0.0036621,4.9084
0.023651,0.0022888,4.9097
0.026398,0.002594,4.9133
0.027008,0.0013733,4.9133
0.027313,0.00061035,4.9109
0.027771,0.0010681,4.9207
0.027771,0.00076294,4.9194
0.027008,0.0021362,4.9219
0.02533,0.004425,4.9231
0.024109,0.0039673,4.9304
0.023804,0.0039673,4.9255
0.022278,0.0030518,4.9304
0.023193,0.0033569,4.9329
0.023193,0.0035095,4.9292
0.024567,0.0042725,4.9426
0.024414,0.0045776,4.9341
0.025024,0.0030518,4.9121
0.024261,0.0013733,4.9304
0.023346,-0.00030518,4.928
0.022888,-0.00091553,4.9329
0.021362,0.0012207,4.9329
0.021057,0.0010681,4.9341
0.020447,0.0021362,4.9402
0.019073,0.0019836,4.9341
0.018311,0.0016785,4.9353
0.018158,0.00091553,4.9304
0.019073,0.00045776,4.9329
0.019836,0.00061035,4.9158
0.020752,0,4.9268
0.022583,-0.00061035,4.9365
0.022736,-0.0019836,4.9255
0.023193,-0.0033569,4.9182
0.021667,-0.0050354,4.9207
0.021362,-0.005188,4.906
0.021973,-0.0050354,4.9133
0.021515,-0.0036621,4.9158
0.020599,-0.0027466,4.917
0.019989,-0.0013733,4.9146
0.019684,-0.00045776,4.9121
0.019531,-0.00045776,4.9146
0.020142,-0.0010681,4.9084
0.02182,-0.0015259,4.9097
0.026398,-0.0022888,4.9084
0.024261,-0.0021362,4.9133
0.024261,-0.0022888,4.9048
0.024414,-0.0059509,4.9133
0.023346,-0.0038147,4.906
0.02121,-0.0033569,4.9084
0.02121,-0.002594,4.9109
0.020294,-0.00061035,4.9121
0.016937,0.0021362,0.050049
0.021057,0.0022888,0.040283
0.021667,0.0033569,0.0354
0.021973,0.0027466,0.047607
0.022888,0.0013733,0.05249
0.024872,0.0012207,0.054932
0.02533,0.0015259,0.056152
0.024719,0.0021362,0.054932
0.025024,0.0036621,0.059814
0.024109,0.0039673,0.059814
0.023804,0.0028992,0.058594
0.022583,0.002594,0.057373
0.022583,0.0019836,0.063477
0.022125,0.0013733,0.062256
0.021667,0.0019836,0.063477
0.021515,0.0021362,0.06958
0.022736,0.0021362,0.063477
0.023193,0.0018311,0.065918
0.023193,0.00045776,0.064697
0.022888,-0.00015259,0.056152
0.021973,-0.00045776,0.065918
0.020752,-0.00030518,0.064697
0.020142,0.0041199,0.064697
0.019531,0.0016785,0.063477
0.018463,0.0021362,0.059814
0.016785,0.0019836,0.057373
0.017242,0.00091553,0.053711
0.016937,0.0012207,0.056152
0.017395,0.00015259,0.050049
0.020905,0,0.05249
0.020142,0.00061035,0.05249
0.021057,0.00015259,0.05249
0.02121,-0.00030518,0.045166
0.019989,-0.0010681,0.046387
0.020599,-0.00091553,0.054932
0.020142,-0.00030518,0.042725
0.019836,0.00045776,0.05127
0.019531,0.0024414,0.043945
0.019379,0.00091553,0.0354
0.018311,0.0010681,0.037842
0.018616,0.00015259,0.042725
0.019836,0.00076294,0.039063
0.020752,0.0012207,0.036621
0.022278,0.0024414,0.0354
0.024109,0.0028992,0.041504
0.024261,0.0045776,0.037842
0.024414,0.0039673,0.041504
0.021667,0.0035095,0.040283
0.022278,0.0022888,0.041504
0.020752,0.0010681,0.043945
0.019684,0.00045776,0.047607
0.019226,0.0013733,0.064697
0.018616,-0.00045776,0.05127
0.018768,-0.00045776,0.054932
0.018768,-0.0019836,0.054932
0.019531,-0.00091553,0.045166
0.020599,-0.0018311,0.056152
0.021973,-0.00045776,0.059814
0.022888,0.00076294,0.057373
0.023651,0.0010681,0.058594
0.023193,0.00045776,0.059814
0.02243,-0.00061035,0.062256
0.02121,-0.0021362,0.061035
0.020447,-0.0045776,0.064697
0.019379,-0.0028992,0.059814
0.019684,-0.0032043,0.065918
0.020294,-0.0030518,0.063477
0.020294,-0.0032043,0.06958
0.02121,-0.0035095,0.072021
0.022125,-0.0041199,0.064697
0.019989,-0.0036621,0.070801
0.020905,-0.0030518,0.063477
0.020905,-0.0030518,0.075684
0.020905,-0.0022888,0.057373
0.020905,-0.002594,0.042725
0.021057,-0.0041199,0.05249
0.021362,-0.0022888,0.053711
0.021362,-0.0021362,0.045166
0.02121,-0.0015259,0.05127
0.022125,-0.0010681,0.040283
0.021362,-0.0019836,0.047607
0.021973,-0.00091553,0.043945
0.021667,0.00061035,0.046387
0.021667,0.0012207,0.039063
0.022125,0.0022888,0.046387
0.021667,0.0028992,0.041504
0.022125,0.0036621,0.025635
0.02243,0.005188,0.045166
0.023193,0.0050354,0.039063
0.022888,0.0047302,0.041504
0.023041,0.0041199,0.037842
0.022583,0.0030518,0.03418
0.021057,0.0022888,0.039063
0.019226,0.0016785,0.037842
0.018768,0.00015259,0.036621
0.014038,-0.0021362,0.039063
0.016022,-0.0039673,0.039063
0.015564,-0.0053406,0.043945
0.014496,-0.007019,0.043945
0.013733,-0.0062561,0.05249
0.012665,-0.0054932,0.047607
0.012665,-0.0045776,0.053711
0.013733,-0.0045776,0.053711
0.013733,-0.0065613,0.059814
0.014648,-0.0067139,0.056152
0.013885,-0.0073242,0.062256
0.015564,-0.0061035,0.068359
0.016632,-0.004425,0.059814
0.0177,-0.0024414,0.070801
0.019989,-0.00061035,0.061035
0.02182,0.00045776,0.043945
0.024261,0.0010681,0.057373
0.025635,0.0019836,0.063477
0.027008,0.0030518,0.062256
0.027618,0.0050354,0.065918
0.02594,0.0065613,0.062256
0.029602,0.007019,4.3286
0.03067,0.0062561,4.8938
0.031738,0.0048828,4.928
0.031738,0.0033569,4.9268
0.031586,0.0022888,4.9316
0.031128,0.00076294,4.9255
0.029907,-0.00015259,4.9304
0.028381,0.0012207,4.928
0.026398,0.00091553,4.9231
0.023651,0.00030518,4.9207
0.021667,-0.00076294,4.917
0.019684,-0.0010681,4.9133
0.017853,-0.0010681,4.9182
0.015411,-0.00015259,4.9133
0.016022,0.0018311,4.9146
0.015564,0.0032043,4.9158
0.016022,0.0042725,4.9097
0.017548,0.0050354,4.9182
0.017853,0.004425,4.9109
0.018158,0.0028992,4.9121
0.018463,0.0033569,4.9048
0.018768,0.0036621,4.9146
0.018463,0.0041199,4.9084
0.018463,0.0045776,4.9158
0.018311,0.0021362,4.9084
0.018158,0.0042725,4.9097
0.019836,0.0039673,4.9219
0.019989,0.004425,4.9109
0.023346,0.0053406,4.9207
0.023346,0.0056458,4.9182
0.024261,0.0061035,4.906
0.026093,0.0053406,4.9194
0.02655,0.0041199,4.9084
0.027466,0.0021362,4.9194
0.026703,0.0012207,4.9268
0.025787,0.00030518,4.9255
0.023499,0.00091553,4.9292
0.023651,0.00091553,4.9292
0.02243,0.00045776,4.9255
0.020905,-0.0012207,4.9316
0.020905,-0.0022888,4.9329
0.020599,-0.0030518,4.9316
0.019531,-0.0036621,4.9316
0.018768,-0.0016785,4.928
0.018463,-0.00030518,4.9365
0.019073,0.0021362,4.9329
0.020905,0.0038147,4.9365
0.019684,0.0042725,4.9438
0.019989,0.0054932,4.9377
0.019073,0.005188,4.9304
0.019531,0.0065613,4.9341
0.020294,0.007782,4.9316
0.022278,0.0090027,4.9316
0.024567,0.0099182,4.9316
0.024567,0.0093079,4.9231
0.027466,0.0082397,4.9255
0.028534,0.0074768,4.9219
0.029297,0.0062561,4.9219
0.030212,0.005188,4.9207
0.030975,0.0033569,4.9231
0.031281,0.002594,4.9121
0.031433,0.0032043,4.9182
0.030518,-0.00030518,4.9268
0.029602,-0.0010681,4.9121
0.029297,-0.0024414,4.9158
0.029602,-0.0039673,4.9133
0.026703,-0.0050354,4.8914
0.025482,-0.0062561,4.9084
0.024261,-0.0067139,4.906
0.023041,-0.0074768,4.9097
0.021362,-0.0071716,4.8962
0.0177,-0.0076294,4.9084
0.017548,-0.0086975,4.9097
0.016479,-0.0057983,4.9084
0.015106,-0.0061035,4.9097
0.014801,-0.0047302,4.9121
0.014648,-0.0033569,4.917
0.015411,-0.0021362,4.9133
0.016632,-0.00045776,4.9182
0.018616,0.00076294,4.9243
0.020905,0.00091553,4.9231
0.022888,0.0021362,4.9219
0.024414,0.0022888,4.928
0.025177,0.0038147,4.9329
0.026703,0.0033569,4.928
0.028687,0.0035095,4.917
0.029297,0.002594,4.9304
0.029907,0.0022888,4.9329
0.029449,0.00091553,4.928
0.028687,0.00076294,4.9329
0.028229,0.00076294,4.9329
0.03006,0.00076294,4.9353
0.028687,0.00045776,4.9243
0.028534,0.00045776,4.9365
0.027313,-0.00030518,4.9329
0.024872,-0.00030518,4.9353
0.023804,-0.0013733,4.9329
0.021057,-0.0021362,4.9402
0.015869,-0.004425,4.9438
0.018616,-0.0033569,4.9304
0.016785,-0.0035095,4.9377
0.014801,-0.0033569,4.928
0.014496,-0.00045776,4.9133
0.012665,-0.0039673,4.9255
0.012207,-0.0033569,4.9194
0.012512,-0.0039673,4.9182
0.014038,-0.0036621,4.9207
0.016785,-0.0033569,4.9158
0.018616,-0.0030518,4.9182
0.020599,-0.0016785,4.9133
0.021362,-0.0012207,0.043945
0.022583,-0.00091553,0.036621
0.023956,0.00045776,0.045166
0.025482,0.00076294,0.040283
0.026703,0.0024414,0.041504
0.028381,0.0038147,0.039063
0.028076,0.0047302,0.042725
0.03006,0.0041199,0.039063
0.028992,0.0039673,0.041504
0.028992,0.0039673,0.039063
0.029755,0.0015259,0.039063
0.031128,0.0050354,0.045166
0.030975,0.0050354,0.037842
0.030823,0.0045776,0.041504
0.028992,0.0018311,0.032959
0.027313,0.0045776,0.046387
0.02594,0.0041199,0.043945
0.02533,0.0038147,0.05249
0.024872,0.0048828,0.050049
0.023804,0.0057983,0.05249
0.022888,0.0057983,0.058594
0.020752,0.0054932,0.061035
0.019226,0.0050354,0.054932
0.017242,0.0042725,0.061035
0.017548,0.004425,0.067139
0.018005,0.0059509,0.063477
0.019989,0.0048828,0.070801
0.020752,0.0047302,0.063477
0.020752,0.0045776,0.045166
0.02121,0.0036621,0.058594
0.020752,0.0032043,0.065918
0.021667,0.0032043,0.063477
0.022583,0.0028992,0.064697
0.024109,0.0022888,0.063477
0.024414,0.0018311,0.068359
0.024414,0.00091553,0.063477
0.024567,-0.00045776,0.063477
0.023804,-0.00091553,0.061035
0.024109,-0.00061035,0.062256
0.024567,-0.00061035,0.058594
0.026398,-0.00061035,0.056152
0.026398,-0.00061035,0.061035
0.027161,-0.00061035,0.05249
0.028534,-0.00045776,0.050049
0.029297,0.00015259,0.05127
0.03006,0.00030518,0.041504
0.030212,-0.00015259,0.045166
0.031433,0.0013733,0.046387
0.031738,0.00091553,0.041504
0.031586,0.0013733,0.043945
0.030365,0.00076294,0.043945
0.029297,0.00045776,0.041504
0.027313,0.00015259,0.036621
0.02594,-0.0010681,0.041504
0.025177,0.0010681,0.036621
0.024567,0.0024414,0.043945
0.025177,0.0039673,0.036621
0.026398,0.0047302,0.039063
0.027466,0.0047302,0.041504
0.027771,0.0047302,0.043945
0.028534,0.0050354,0.050049
0.028534,0.005188,0.045166
0.028076,0.0056458,0.057373
0.028229,0.005188,0.042725
0.028229,0.0048828,0.037842
0.027161,0.0042725,0.048828
0.026093,0.0045776,0.053711
0.024414,0.0036621,0.048828
0.022583,0.0035095,0.054932
0.021515,0.0035095,0.054932
0.02121,0.0027466,0.061035
0.021362,0.0033569,0.057373
0.022125,0.0033569,0.064697
0.022888,0.0032043,0.059814
0.022888,0.0022888,0.064697
0.022583,0.0010681,0.064697
0.021362,0.00076294,0.064697
0.020294,0.00076294,0.064697
0.020294,0.0018311,0.064697
0.019379,0.0024414,0.064697
0.019684,0.0016785,0.065918
0.018311,0.00045776,0.076904
0.018311,0.00061035,0.065918
0.016937,0.00015259,0.061035
0.016632,0,0.063477
0.016479,0.0019836,0.062256
0.017242,0.0032043,0.058594
0.017853,0.0035095,0.053711
0.018768,0.0010681,0.047607
0.019531,0.0019836,0.050049
0.020447,0.0015259,0.046387
0.020599,0.0016785,0.046387
0.021515,0.0022888,0.050049
0.02182,0.0033569,0.050049
0.021057,0.0041199,0.045166
0.020905,0.0039673,0.046387
0.020599,0.0042725,0.057373
0.018616,0.0036621,0.042725
0.017853,0.0028992,0.041504
0.017853,0.0027466,0.040283
0.018311,0.0033569,0.021973
0.017853,0.004425,0.036621
0.018005,0.0050354,0.037842
0.018158,0.0048828,0.036621
0.0177,0.0028992,0.041504
0.016937,0.0013733,0.0354
0.016632,0.00030518,0.041504
0.016479,0.00061035,0.039063
0.016937,0.0012207,0.039063
0.016937,0.0016785,0.036621
0.016022,0.0012207,0.036621
0.016785,-0.00045776,0.045166
0.015564,-0.0024414,0.05127
0.016174,-0.0039673,0.05249
0.0177,-0.0036621,0.053711
0.018311,-0.0022888,0.054932
0.019531,-0.00030518,0.059814
0.019379,0.00076294,4.2542
0.018921,0.0019836,4.884
0.018158,-0.00061035,4.9121
0.018463,-0.0012207,4.9304
0.019531,-0.0028992,4.9304
0.019073,-0.0018311,4.928
0.019073,-0.0015259,4.9304
0.018768,-0.0015259,4.9292
0.018005,0.00091553,4.9329
0.018158,-0.0032043,4.9316
0.01709,-0.0033569,4.9365
0.01709,-0.0039673,4.9329
0.016937,-0.0033569,4.9377
0.017242,-0.0028992,4.9353
0.017548,-0.0012207,4.9353
0.018005,-0.00045776,4.9365
0.017395,0.0022888,4.9292
0.017853,0.0010681,4.9268
0.018005,0.00091553,4.9255
0.016632,0.0010681,4.9146
0.020142,0.0013733,4.9207
0.021362,0.0030518,4.9194
0.02182,0.0045776,4.9182
0.022278,0.0050354,4.917
0.02243,0.0061035,4.9182
0.020294,0.0053406,4.9109
0.020294,0.0050354,4.9121
0.021362,0.0033569,4.9158
0.020752,0.005188,4.9097
0.020905,0.005188,4.9121
0.020599,0.0041199,4.9146
0.02121,0.0030518,4.9158
0.019684,0.00091553,4.9084
0.017548,-0.0015259,4.9121
0.0177,0.0012207,4.9182
0.016479,-0.0032043,4.9036
0.014954,-0.0041199,4.9194
0.013123,-0.0042725,4.9109
0.010529,-0.0054932,4.895
0.010529,-0.0068665,4.9109
0.0097656,-0.0079346,4.9109
0.009613,-0.0079346,4.9146
0.011139,-0.007782,4.917
0.013428,-0.0064087,4.9146
0.015717,-0.0039673,4.9231
0.017548,-0.0045776,4.9243
0.019073,-0.0018311,4.9316
0.022125,0,4.9255
0.023651,0,4.9316
0.024719,0.00030518,4.9292
0.026093,0.0024414,4.9304
0.028534,0.0033569,4.9463
0.029449,0.0041199,4.928
0.029144,0.0041199,4.9316
0.028839,0.0032043,4.9329
0.027008,0.0027466,4.9341
0.027618,0.0018311,4.9268
0.027008,0.0024414,4.9304
0.026855,0.0024414,4.9353
0.027008,0.0028992,4.9353
0.02594,0.0024414,4.9329
0.026245,0.0018311,4.939
0.022736,-0.00015259,4.9341
0.020294,-0.00045776,4.9329
0.016174,-0.0038147,4.928
0.018005,-0.0033569,4.9304
0.017395,-0.0021362,4.9231
0.016174,-0.00091553,4.9219
0.014343,-0.00015259,4.9194
0.013275,0.00045776,4.9219
0.011444,0.00015259,4.9268
0.010834,-0.00015259,4.9194
0.011292,-0.00030518,4.9109
0.012665,0.00045776,4.917
0.013428,0.0012207,4.9072
0.015106,0.0010681,4.9146
0.015106,0.00061035,4.9097
0.016022,0.00030518,4.9109
0.013885,-0.0015259,4.9048
0.014496,-0.0021362,4.9097
0.015869,-0.0027466,4.9097
0.01709,-0.0019836,4.9048
0.017242,0.0016785,4.9109
0.017548,-0.0019836,4.9109
0.018005,-0.0015259,4.9133
0.019073,-0.0021362,4.9109
0.019531,-0.0013733,4.9146
0.021973,-0.002594,4.9158
0.024414,-0.0018311,4.9109
0.026398,-0.0010681,4.9158
0.026093,-0.00045776,4.9207
0.026093,0,4.9146
0.025787,-0.00030518,4.9255
0.024872,-0.00091553,4.9292
0.024261,-0.0015259,4.9219
0.023193,-0.0019836,4.928
0.022736,-0.0022888,4.9268
0.021057,-0.0021362,4.9304
0.017853,-0.0032043,4.9316
0.015411,-0.0027466,4.9353
0.014191,-0.004425,4.9292
0.013733,-0.004425,4.9329
0.013733,-0.0042725,4.9316
0.013733,-0.0039673,4.9316
0.013733,-0.002594,4.9316
0.012054,-0.0019836,4.9377
0.014648,-0.0016785,4.9402
0.016327,-0.0019836,4.9365
0.018921,-0.0016785,4.9438
0.022583,-0.00030518,0.065918
0.025024,0.0022888,0.048828
0.027313,0.0021362,0.061035
0.028381,0.002594,0.058594
0.028839,0.0033569,0.054932
0.029144,0.0033569,0.054932
0.030823,0.0022888,0.050049
0.032196,0.0012207,0.05249
0.034332,0.00015259,0.046387
0.033875,0.00045776,0.061035
0.033112,0.00076294,0.042725
0.032959,0.00015259,0.047607
0.032806,-0.00030518,0.045166
0.032196,-0.0013733,0.043945
0.032349,-0.0028992,0.053711
0.031891,-0.0033569,0.041504
0.028229,-0.0028992,0.041504
0.024414,-0.0024414,0.041504
0.019379,-0.002594,0.021973
0.017548,-0.0027466,0.037842
0.015106,-0.0038147,0.040283
0.013885,-0.0050354,0.040283
0.014801,-0.0039673,0.036621
0.015411,-0.0056458,0.036621
0.01709,-0.0042725,0.041504
0.018005,-0.0038147,0.041504
0.019684,-0.0027466,0.043945
0.021515,-0.0018311,0.040283
0.023651,-0.00076294,0.047607
0.025787,0.00061035,0.048828
0.028687,0.0013733,0.050049
0.029602,0.0032043,0.054932
0.030365,0.0047302,0.057373
0.029602,0.0061035,0.054932
0.029907,0.0071716,0.061035
0.030518,0.0071716,0.070801
0.032043,0.0068665,0.061035
0.034027,0.0059509,0.054932
0.0354,0.0050354,0.061035
0.034943,0.0047302,0.063477
0.033875,0.0042725,0.059814
0.033264,0.0027466,0.061035
0.03067,0.0012207,0.059814
0.028839,-0.0012207,0.065918
0.026093,-0.0032043,0.063477
0.024414,-0.0059509,0.067139
0.022278,-0.0071716,0.062256
0.019684,-0.0086975,0.070801
0.018158,-0.0085449,0.065918
0.016937,-0.0079346,0.063477
0.0177,-0.0071716,0.070801
0.018158,-0.0061035,0.058594
0.018158,-0.0038147,0.056152
0.019836,-0.0016785,0.053711
0.021667,-0.0013733,0.042725
0.020142,0.0035095,0.050049
0.025482,0.0045776,0.045166
0.027313,0.0048828,0.045166
0.029297,0.0045776,0.047607
0.030823,0.0057983,0.046387
0.031586,0.0048828,0.043945
0.033417,0.0048828,0.039063
0.033264,0.0056458,0.045166
0.033264,0.0059509,0.036621
0.031891,0.0062561,0.042725
0.031586,0.0062561,0.043945
0.031586,0.0062561,0.040283
0.031281,0.0065613,0.037842
0.030975,0.0074768,0.036621
0.031281,0.0079346,0.046387
0.031433,0.0088501,0.041504
0.031586,0.0079346,0.048828
0.030823,0.0062561,0.039063
0.030365,0.007782,0.0354
0.028687,0.0032043,0.040283
0.026703,0.002594,0.042725
0.024261,0.0030518,0.047607
0.021973,0.002594,0.050049
0.019989,0.0024414,0.05249
0.017395,0.00061035,0.056152
0.016479,-0.00045776,0.053711
0.015411,0.0019836,0.058594
0.015564,-0.0015259,0.056152
0.014954,0,0.062256
0.015869,0.0016785,0.059814
0.016937,0.0021362,0.062256
0.018921,0.0028992,0.076904
0.020294,0.0027466,0.063477
0.020599,0.0022888,0.059814
0.022736,0.0024414,0.061035
0.023346,0.0038147,0.061035
0.023651,0.005188,0.061035
0.023499,0.007019,0.063477
0.024719,0.0061035,0.065918
0.02533,0.0035095,0.067139
0.025787,0.00045776,0.059814
0.02594,-0.0015259,0.064697
0.027161,-0.0013733,0.061035
0.028839,0.00030518,0.059814
0.031738,0.0024414,0.053711
0.030518,0.0030518,0.057373
0.029602,0.002594,0.050049
0.029449,0.0016785,0.050049
0.026703,-0.00061035,0.046387
0.027313,-0.0010681,0.047607
0.027161,-0.00061035,0.057373
0.027466,-0.0048828,0.048828
0.02655,0.0015259,0.057373
0.023956,0.0022888,0.040283
0.022736,0.00030518,0.03418
0.021057,-0.00076294,0.039063
0.019531,-0.0024414,0.040283
0.020447,-0.0024414,0.036621
0.020752,0.00015259,0.040283
0.02243,0.0016785,0.032959
0.02243,0.0033569,0.039063
0.021362,0.0032043,0.037842
0.022278,0.0018311,0.32837
0.021362,0.0027466,4.6436
0.022888,0.0021362,4.8938
0.024261,0.0041199,4.9072
0.026093,0.0067139,4.9121
0.027008,0.0076294,4.9146
0.02533,0.0071716,4.917
0.024567,0.0048828,4.9158
0.024261,-0.00015259,4.9219
0.023956,0.00030518,4.9207
0.023651,0.00061035,4.9255
0.022888,0.0013733,4.9268
0.020447,0.0028992,4.9255
0.020142,0.0024414,4.9292
0.018921,0.0012207,4.9304
0.018158,0,4.9304
0.02121,-0.0021362,4.928
0.019379,-0.00061035,4.9316
0.020294,0.0010681,4.9268
0.019684,0.0032043,4.9341
0.019836,0.005188,4.9304
0.018158,0.0042725,4.9353
0.016327,0.0021362,4.9329
0.014038,0.00061035,4.9365
0.014954,0.00045776,4.9463
0.015564,0.0024414,4.9365
0.015411,0.0038147,4.9365
0.015411,0.0050354,4.9353
0.015717,0.0045776,4.9133
0.016937,0.0036621,4.9255
0.018005,0.0022888,4.9292
0.019836,0.0019836,4.9255
0.021362,0.0021362,4.9243
0.02182,0.0035095,4.9207
0.019379,0.0048828,4.9158
0.019226,0.0032043,4.917
0.020142,0.0035095,4.9194
0.019531,0.0022888,4.9109
0.015869,0.0018311,4.917
0.017548,0.0013733,4.9146
0.017548,0.002594,4.9097
0.0177,0.0038147,4.9133
0.015869,0.0038147,4.9109
0.01709,0.0032043,4.9109
0.017853,0.0016785,4.9133
0.018311,0.00015259,4.9084
0.018768,0.00015259,4.8975
0.018158,-0.00045776,4.9036
0.018311,0.0022888,4.9109
0.016327,0.0028992,4.9097
0.016327,0.0019836,4.9072
0.015411,-0.00030518,4.9097
0.015106,-0.0019836,4.9109
0.014496,-0.0028992,4.9146
0.016327,-0.0042725,4.9158
0.01709,-0.0032043,4.9133
0.018158,-0.0016785,4.9207
0.018616,-0.0019836,4.9255
0.019531,-0.0016785,4.9231
0.019073,-0.0021362,4.9268
0.020905,-0.0039673,4.9377
0.02243,-0.002594,4.9304
0.02243,-0.0016785,4.9402
0.022125,-0.0010681,4.9292
0.021057,0.00076294,4.9255
0.019989,0.00015259,4.928
0.019073,-0.00015259,4.9304
0.018616,-0.00061035,4.928
0.019379,-0.0012207,4.9304
0.020599,-0.00091553,4.9341
0.019531,0.00045776,4.9243
0.019226,0.0021362,4.9353
0.018005,0.0033569,4.939
0.017242,0.0035095,4.9329
0.017395,0.0033569,4.9353
0.017395,0.0024414,4.9329
0.019073,0.0021362,4.9329
0.019379,0.0018311,4.9292
0.018005,0.0028992,4.9292
0.016937,0.0041199,4.9304
0.016632,0.0035095,4.9243
0.017242,0.0028992,4.928
0.0177,0.0018311,4.9231
0.018158,0.00015259,4.9146
0.018005,0,4.9182
0.017853,-0.00045776,4.9194
0.016327,-0.00045776,4.9182
0.01709,-0.00076294,4.9133
0.016022,-0.0027466,4.9109
0.015717,-0.0042725,4.9121
0.017548,-0.0057983,4.9036
0.016327,-0.0053406,4.9133
0.017242,-0.0045776,4.9109
0.017853,-0.0027466,4.9158
0.018158,-0.0024414,4.9084
0.017395,-0.0030518,4.9109
0.016479,-0.0032043,4.9231
0.017242,-0.0048828,4.9048
0.018311,-0.004425,4.917
0.020294,-0.0042725,4.9121
0.019836,-0.0033569,4.8975
0.020294,-0.002594,4.9146
0.019684,-0.0021362,4.917
0.019379,-0.002594,4.917
0.019684,-0.0016785,4.9182
0.02182,-0.0015259,4.9194
0.024109,0,4.9255
0.02533,0.0024414,4.928
0.023956,0.0032043,4.9316
0.023651,0.0039673,4.9268
0.023041,0.002594,0.064697
0.021973,0.0013733,0.062256
0.022888,-0.0015259,0.064697
0.023499,-0.002594,0.070801
0.023651,-0.0032043,0.062256
0.02243,-0.0021362,0.059814
0.019836,-0.0027466,0.062256
0.016632,-0.002594,0.072021
0.015259,-0.0019836,0.062256
0.015564,-0.0013733,0.05127
0.017242,-0.0010681,0.065918
0.019379,-0.00030518,0.067139
0.019989,-0.00015259,0.061035
0.018921,-0.00091553,0.064697
0.018463,-0.0022888,0.058594
0.016937,-0.002594,0.059814
0.017853,-0.0035095,0.053711
0.018768,-0.0047302,0.056152
0.018921,-0.0036621,0.050049
0.018158,-0.0032043,0.050049
0.014801,-0.002594,0.048828
0.012665,-0.0016785,0.047607
0.011444,-0.0016785,0.058594
0.011597,-0.0019836,0.047607
0.012665,-0.0016785,0.059814
0.014496,-0.0038147,0.042725
0.016327,-0.0048828,0.032959
0.01709,-0.0048828,0.042725
0.016022,-0.0039673,0.040283
0.016937,-0.0032043,0.036621
0.0177,-0.0022888,0.039063
0.018005,-0.00076294,0.0354
0.022583,0.00015259,0.040283
0.019836,0.00076294,0.037842
0.019379,0.00061035,0.041504
0.017395,-0.00030518,0.037842
0.016479,-0.0012207,0.039063
0.015869,-0.0024414,0.042725
0.016022,-0.0035095,0.046387
0.019989,-0.0042725,0.047607
0.019989,-0.0067139,0.05249
0.021515,-0.0076294,0.05249
0.020142,-0.0097656,0.047607
0.017548,-0.0050354,0.056152
0.015411,-0.0021362,0.056152
0.013275,0.00045776,0.064697
0.01358,0.0018311,0.056152
0.014496,0.0024414,0.061035
0.015259,0.0027466,0.061035
0.015106,0.0028992,0.061035
0.013885,0.0022888,0.058594
0.013885,0.0024414,0.070801
0.014801,0.0022888,0.059814
0.016327,0.0012207,0.063477
0.018311,0.0030518,0.063477
0.019836,0.00061035,0.065918
0.021515,0.00091553,0.062256
0.022125,0.0021362,0.068359
0.020294,0.0030518,0.078125
0.018768,0.0027466,0.065918
0.018768,0.0016785,0.067139
0.019531,-0.00061035,0.064697
0.020905,-0.0016785,0.040283
0.023651,-0.0033569,0.056152
0.024261,-0.0035095,0.05127
0.02533,-0.0035095,0.05249
0.022736,-0.0024414,0.05249
0.022278,-0.0013733,0.046387
0.022583,-0.00045776,0.050049
0.022888,0.0012207,0.045166
0.023651,-0.00045776,0.048828
0.022736,-0.00091553,0.045166
0.020599,-0.0016785,0.047607
0.019379,-0.0024414,0.046387
0.018311,-0.0035095,0.041504
0.020294,-0.0038147,0.042725
0.023041,-0.0035095,0.039063
0.024567,-0.0033569,0.042725
0.02594,-0.0021362,0.041504
0.025635,0.00045776,0.037842
0.024261,0.0010681,0.039063
0.023041,0.0028992,0.018311
0.022736,0.0038147,0.040283
0.023193,0.0035095,0.037842
0.024261,0.0054932,0.036621
0.025482,0.0057983,0.042725
0.026398,0.004425,0.037842
0.026093,0.00030518,0.046387
0.026093,0.0012207,0.045166
0.026703,0.00045776,0.05249
0.028229,0.00015259,0.05127
0.030212,-0.00015259,0.053711
0.032043,-0.00030518,0.054932
0.032043,-0.00076294,0.057373
0.029755,0,0.068359
0.027618,0,0.062256
0.023651,0.00076294,0.068359
0.021973,0.0019836,0.061035
0.02182,0.0015259,0.056152
0.02594,0.0013733,0.062256
0.02533,0.00030518,0.059814
0.025482,0.0016785,0.061035
0.025482,-0.0012207,0.062256
0.023804,-0.0024414,0.058594
0.023499,-0.0019836,0.064697
0.023499,-0.0013733,0.065918
0.023956,-0.0036621,0.065918
0.024872,-0.0013733,0.063477
0.024109,-0.0010681,0.065918
0.023651,-0.00015259,0.063477
0.022278,0.00091553,0.064697
0.021667,0.002594,0.058594
0.023346,0.0041199,0.054932
0.029297,0.0047302,0.061035
0.03006,0.0039673,0.053711
0.032806,0.0030518,0.062256
0.032959,0.0027466,0.047607
0.032806,0.0024414,1.7212
0.029144,0.0035095,4.7278
0.028229,0.0050354,4.8987
0.028381,0.0059509,4.9146
0.029602,0.0039673,4.9133
0.030823,0.0039673,4.9072
0.030212,0.0027466,4.9146
0.028534,-0.0010681,4.906
0.026703,0.0033569,4.9109
0.02533,0.0036621,4.9109
0.025787,0.0041199,4.9121
0.027313,0.0042725,4.9084
0.028992,0.0033569,4.9109
0.029297,0.0027466,4.9207
0.028229,0.0027466,4.9109
0.026398,0.0033569,4.9109
0.023651,0.0048828,4.9133
0.022736,0.0061035,4.9011
0.022736,0.0065613,4.9133
0.023041,0.0059509,4.9121
0.02243,0.0033569,4.9231
0.022583,0.0013733,4.9194
0.019989,0,4.9207
0.018921,-0.00045776,4.9231
0.018463,0.00091553,4.9292
0.018921,0.00076294,4.9304
0.020599,0.0010681,4.9255
0.021362,0.00015259,4.9353
0.021362,-0.0010681,4.9304
0.020294,-0.002594,4.9316
0.018768,-0.0030518,4.9292
0.019531,-0.0021362,4.9329
0.019531,-0.00061035,4.9329
0.02121,0.00030518,4.9341
0.023041,-0.0013733,4.9438
0.024109,-0.0035095,4.9365
0.024567,-0.0045776,4.9219
0.024719,-0.004425,4.9353
0.024261,-0.0030518,4.9353
0.025177,-0.00091553,4.9329
0.026093,0.0010681,4.9353
0.027161,0.00045776,4.9353
0.027466,-0.0021362,4.9292
0.026703,-0.0032043,4.9243
0.026245,-0.0035095,4.9255
0.027618,-0.0015259,4.9182
0.025482,0.0013733,4.9207
0.025482,0.0027466,4.9219
0.026245,0.0041199,4.9231
0.027771,0.002594,4.9219
0.028076,0.00091553,4.917
0.027924,-0.00015259,4.9133
0.026398,0.0016785,4.9109
0.024261,0.0032043,4.9036
0.022583,0.0050354,4.9133
0.022278,0.0056458,4.9109
0.023499,0.0033569,4.9072
0.024872,0.0012207,4.9133
0.025787,0,4.9097
0.025024,0.00030518,4.9109
0.023651,0.002594,4.9072
0.023041,0.004425,4.9097
0.023193,0.0048828,4.9072
0.024872,0.0041199,4.9121
0.025787,0.0016785,4.9121
0.026398,-0.00015259,4.9146
0.025482,0.00030518,4.9121
0.023346,0.00091553,4.9182
0.022278,0.0021362,4.9243
0.022278,0.0038147,4.9194
0.023346,0.0027466,4.9316
0.024109,0.0021362,4.9268
0.025482,0.00091553,4.9146
0.025482,0.00091553,4.9207
0.025635,0.0021362,4.9341
0.024261,0.0036621,4.9329
0.023651,0.0050354,4.928
0.023651,0.005188,4.9316
0.025024,0.0039673,4.9353
0.02533,0.0018311,4.9329
0.02533,-0.00015259,4.9329
0.024261,0.00015259,4.9304
0.022888,0.00030518,4.9377
0.021973,0.0022888,4.9329
0.021515,0.0036621,4.9353
0.021515,0.004425,4.95
0.021362,0.0036621,4.939
0.021515,0.002594,4.9353
0.019989,0.0013733,4.9353
0.019379,0.0028992,4.9231
0.018005,0.0039673,4.9255
0.01709,0.0067139,4.9231
0.01709,0.0082397,4.9231
0.017853,0.0082397,4.9231
0.019226,0.0062561,4.9207
0.019836,0.0038147,4.9219
0.02121,0.0016785,4.917
0.018311,0.0027466,4.9194
0.016479,0.0045776,4.9109
0.015411,0.0067139,4.9133
0.014191,0.0059509,4.9146
0.015869,0.0038147,4.917
0.015717,0.0013733,4.9121
0.014496,-0.00030518,4.9133
0.015717,-0.00061035,4.9158
0.01358,0.0016785,4.9023
0.01358,0.0030518,4.9146
0.015564,0.0048828,4.9109
0.016632,0.0032043,4.9036
0.0177,0.0015259,0.040283
0.017548,0.00091553,0.039063
0.015411,-0.00030518,0.036621
0.015106,0.00045776,0.042725
0.014496,0.00061035,0.042725
0.014801,0.00061035,0.042725
0.015564,-0.00076294,0.042725
0.016022,-0.0016785,0.047607
0.016785,-0.0028992,0.047607
0.016174,-0.00091553,0.056152
0.014343,-0.0019836,0.058594
0.013885,-0.00045776,0.061035
0.014648,0.0013733,0.068359
0.016632,0.0022888,0.062256
0.018311,0.0033569,0.065918
0.019989,0.0032043,0.062256
0.019379,0.0022888,0.062256
0.018311,0.0013733,0.057373
0.01709,0.0015259,0.061035
0.016327,0.0016785,0.061035
0.013123,0.0028992,0.062256
0.016174,0.002594,0.063477
0.015564,0.00091553,0.062256
0.014954,0.00030518,0.065918
0.013123,0.0013733,0.068359
0.012512,0.0021362,0.061035
0.012207,0.0045776,0.064697
0.013733,0.0065613,0.062256
0.015259,0.0064087,0.058594
0.019531,0.0067139,0.05249
0.021515,0.0050354,0.054932
0.019226,0.0039673,0.063477
0.018005,0.0024414,0.058594
0.015106,0.0022888,0.063477
0.013123,0.0013733,0.047607
0.011292,0.0012207,0.047607
0.011139,-0.0022888,0.041504
0.010071,-0.0045776,0.041504
0.0086975,-0.0067139,0.039063
0.0045776,-0.0053406,0.036621
0.0059509,-0.0074768,0.039063
0.0064087,-0.0067139,0.040283
0.0094604,-0.0090027,0.039063
0.013123,-0.0064087,0.039063
0.015869,-0.0067139,0.037842
0.018311,-0.007782,0.040283
0.019226,-0.0082397,0.040283
0.019836,-0.0079346,0.041504
0.019684,-0.0076294,0.053711
0.020294,-0.0076294,0.041504
0.020752,-0.0080872,0.041504
0.021667,-0.0080872,0.043945
0.02243,-0.0088501,0.031738
0.02243,-0.0080872,0.045166
0.021973,-0.0065613,0.042725
0.022125,-0.0050354,0.05127
0.022736,-0.0035095,0.05249
0.024109,-0.0032043,0.056152
0.024872,-0.0016785,0.057373
0.026398,-0.0024414,0.059814
0.027618,-0.0019836,0.059814
0.026855,-0.0015259,0.059814
0.024567,-0.0018311,0.063477
0.021362,-0.0012207,0.061035
0.018768,-0.00030518,0.063477
0.018005,-0.00015259,0.062256
0.014191,-0.00091553,0.065918
0.016174,-0.0010681,0.067139
0.015106,-0.0010681,0.064697
0.013428,0.00061035,0.078125
0.010529,0.002594,0.067139
0.010223,0.0039673,0.057373
0.010376,0.0057983,0.063477
0.01236,0.0018311,0.064697
0.015106,-0.0021362,0.056152
0.016785,-0.0059509,0.062256
0.016937,-0.0093079,0.054932
0.016174,-0.011444,0.056152
0.015106,-0.0097656,0.05127
0.015717,-0.0082397,0.053711
0.016174,-0.0061035,0.046387
0.01709,-0.0042725,0.05127
0.017548,-0.002594,0.047607
0.016174,-0.00045776,0.048828
0.016632,0.0015259,0.048828
0.016174,0.0036621,0.047607
0.0177,0.0054932,0.043945
0.018311,0.0064087,0.041504
0.020447,0.005188,0.032959
0.02121,0.0021362,0.040283
0.02121,-0.0010681,0.036621
0.019379,-0.0035095,0.037842
0.020599,-0.0027466,0.041504
0.018616,-0.0016785,0.036621
0.0177,-0.00076294,0.039063
0.016785,0.00015259,0.037842
0.016327,-0.002594,0.042725
0.016174,-0.0042725,0.036621
0.015106,-0.0065613,0.046387
0.014038,-0.0050354,0.042725
0.013428,-0.0021362,0.046387
0.01358,0.00091553,0.045166
0.013733,0.0032043,0.048828
0.016937,0.0039673,0.056152
0.018921,0.0039673,0.054932
0.020294,0.002594,0.063477
0.021057,0.0036621,0.059814
0.019989,0.005188,0.041504
0.019684,0.007019,0.058594
0.019684,0.0086975,0.061035
0.020599,0.0071716,0.059814
0.021515,0.0045776,0.061035
0.02243,0.00091553,0.057373
0.023499,-0.0021362,0.063477
0.023804,-0.0018311,0.057373
0.024261,-0.00076294,0.063477
0.024719,0.00015259,0.062256
0.02655,0.00076294,0.068359
0.029449,-0.00015259,3.7366
0.030518,-0.0012207,4.8596
0.031433,-0.0028992,4.9341
0.03067,-0.0027466,4.9329
0.028839,-0.0016785,4.9304
0.027924,0.00030518,4.9292
0.025177,0.0010681,4.9365
0.026703,0.00076294,4.9231
0.024567,-0.0019836,4.9292
0.023804,-0.0050354,4.9207
0.023041,-0.0068665,4.9182
0.023499,-0.0065613,4.9207
0.023956,-0.0053406,4.9146
0.024109,-0.0045776,4.9158
0.024719,-0.0018311,4.9158
0.024719,-0.0019836,4.9133
0.024872,-0.0032043,4.9146
0.026093,-0.0032043,4.9109
0.026093,-0.0035095,4.9158
0.024719,-0.00045776,4.9084
0.024261,0.0022888,4.9072
0.024261,0.0038147,4.9182
0.024109,0.0041199,4.9109
0.024261,0.0036621,4.9207
0.025024,0.0024414,4.9097
0.025635,0.0027466,4.9011
0.026398,0.0042725,4.9146
0.02655,0.0059509,4.9011
0.027008,0.0061035,4.9109
0.027008,0.0054932,4.9133
0.026245,0.0028992,4.9146
0.026855,-0.00091553,4.9158
0.027466,-0.0022888,4.9158
0.027466,-0.0032043,4.9268
0.026093,-0.0016785,4.9231
0.024414,-0.00015259,4.9268
0.023193,0.00030518,4.9268
0.022583,0.00061035,4.9341
0.023346,0.00076294,4.9377
0.024109,0.00076294,4.9329
0.023346,0.0024414,4.9304
0.023193,0.0038147,4.9341
0.023346,0.0054932,4.9402
0.025787,0.0057983,4.9353
0.025177,0.0050354,4.9243
0.02533,0.0039673,4.9316
0.026703,0.0022888,4.9353
0.027924,0.00091553,4.9353
0.027008,0.0019836,4.9329
0.02655,0.0019836,4.9353
0.02594,0.00091553,4.939
0.025482,0.0024414,4.9341
0.024567,0.0010681,4.9329
0.025024,-0.00045776,4.9255
0.026093,0.0012207,4.9268
0.026855,0.00015259,4.9243
0.026245,0.0024414,4.9255
0.027161,0.0041199,4.9341
0.026245,0.0048828,4.9231
0.028381,0.0042725,4.9194
0.027618,0.0048828,4.917
0.027618,0.004425,4.895
0.027313,0.0059509,4.9109
0.02594,0.0061035,4.9158
0.025177,0.0071716,4.917
0.020142,0.0071716,4.9109
0.023804,0.0062561,4.9072
0.023651,0.0059509,4.9121
0.023804,0.005188,4.9109
0.024261,0.005188,4.9121
0.024872,0.0057983,4.9072
0.025635,0.0050354,4.9158
0.025635,0.0039673,4.9121
0.026703,0.0021362,4.9109
0.027161,-0.00030518,4.9109
0.027466,-0.0027466,4.9109
0.027161,-0.0041199,4.9133
0.030365,-0.005188,4.9146
0.026855,-0.005188,4.9194
0.026093,-0.005188,4.9158
0.025482,-0.0061035,4.9231
0.02533,-0.0042725,4.9207
0.02533,-0.004425,4.9243
0.02594,-0.0041199,4.9219
0.026093,-0.0035095,4.928
0.028076,-0.0022888,4.928
0.027924,-0.00091553,4.9353
0.027466,0.00061035,4.928
0.026398,-0.00030518,4.9353
0.026398,-0.00076294,4.928
0.026703,-0.0019836,4.9341
0.026093,-0.0015259,4.9341
0.026855,-0.0016785,4.9304
0.025177,-0.00045776,4.9426
0.024261,-0.00045776,4.9377
0.024109,-0.0016785,4.939
0.023193,-0.0018311,4.9353
0.023041,-0.0027466,4.9243
0.02243,-0.0041199,4.9341
0.022736,-0.0041199,4.9304
0.02243,-0.0036621,4.9292
0.021973,-0.0022888,4.9316
0.023193,-0.0039673,4.9316
0.02243,-0.0035095,4.9231
0.02243,-0.0045776,4.9207
0.022736,-0.0054932,4.9219
0.023651,-0.0038147,4.9121
0.024261,-0.0032043,4.9194
0.023499,-0.0019836,0.048828
0.023499,-0.00091553,0.047607
0.02243,-0.00061035,0.045166
0.023651,0.00015259,0.045166
0.023956,0.00061035,0.043945
0.024261,0.0015259,0.039063
0.024872,0.0022888,0.042725
0.024719,0.0033569,0.039063
0.024261,0.0038147,0.05249
0.024261,0.0053406,0.039063
0.022888,0.0012207,0.042725
0.021362,0.0013733,0.040283
0.02121,0.00015259,0.037842
0.020447,-0.00045776,0.039063
0.019684,-0.0012207,0.039063
0.018921,-0.0018311,0.041504
0.021667,-0.0016785,0.042725
0.016937,-0.002594,0.045166
0.016022,-0.002594,0.047607
0.015717,-0.002594,0.047607
0.01709,-0.0038147,0.053711
0.018921,-0.00076294,0.067139
0.019226,0.00045776,0.054932
0.018158,0.0012207,0.063477
0.018005,0.00091553,0.061035
0.018005,0.0015259,0.043945
0.018158,0.0015259,0.058594
0.018311,0.0016785,0.061035
0.018311,0.0021362,0.062256
0.017395,0.0036621,0.062256
0.016479,0.0039673,0.058594
0.014496,0.0042725,0.064697
0.013275,0.0050354,0.062256
0.012512,0.0047302,0.064697
0.012054,0.0048828,0.061035
0.012512,0.0039673,0.067139
0.010529,0.0042725,0.064697
0.011597,0.0035095,0.064697
0.010529,0.0022888,0.074463
0.0088501,0.0019836,0.062256
0.010376,0.0018311,0.061035
0.011292,0.0024414,0.057373
0.011749,0.0035095,0.062256
0.011902,0.0038147,0.05249
0.011749,0.0039673,0.050049
0.011597,0.0024414,0.048828
0.010834,0.0019836,0.048828
0.010986,0.0012207,0.045166
0.011444,0.0013733,0.043945
0.011749,0.0015259,0.042725
0.01297,0.00076294,0.045166
0.01297,0.00030518,0.042725
0.011902,0.00015259,0.045166
0.012054,-0.00045776,0.037842
0.012512,-0.00061035,0.042725
0.014038,0.00076294,0.041504
0.015106,0.0015259,0.042725
0.015717,0.0028992,0.05127
0.015717,0.0030518,0.037842
0.015259,0.0022888,0.05127
0.015411,0.0016785,0.039063
0.013733,0.0019836,0.030518
0.013733,0.0033569,0.040283
0.015106,0.0033569,0.041504
0.015869,0.0048828,0.040283
0.017548,0.0039673,0.045166
0.018158,0.0032043,0.043945
0.018463,0.0024414,0.050049
0.018768,0.0021362,0.053711
0.020142,0.0022888,0.054932
0.021515,0.0027466,0.054932
0.021973,0.0032043,0.058594
0.02182,0.0039673,0.062256
0.020905,0.0021362,0.065918
0.019379,0.0015259,0.065918
0.017395,0.0013733,0.064697
0.016174,0.0018311,0.062256
0.014801,0.0032043,0.058594
0.014801,0.0047302,0.072021
0.014954,0.0059509,0.061035
0.015411,0.0057983,0.053711
0.015869,0.0056458,0.062256
0.015564,0.0048828,0.065918
0.015717,0.0041199,0.067139
0.015259,0.0038147,0.067139
0.015411,0.0036621,0.063477
0.015717,0.0030518,0.067139
0.015717,0.0019836,0.059814
0.015259,0.00061035,0.062256
0.013885,-0.0010681,0.054932
0.013428,-0.0019836,0.053711
0.014038,-0.0022888,0.050049
0.014191,-0.0016785,0.053711
0.015411,-0.00091553,0.061035
0.016327,-0.00076294,0.048828
0.017853,-0.0010681,0.046387
0.018158,-0.0015259,0.046387
0.018768,-0.0021362,0.026855
0.018158,-0.0024414,0.040283
0.01709,-0.0018311,0.043945
0.017395,-0.00091553,0.032959
0.017242,-0.00091553,0.040283
0.017548,0.0012207,0.0354
0.019531,0.0021362,0.039063
0.019379,0.0039673,0.039063
0.020752,0.0047302,0.042725
0.020905,0.0057983,0.0354
0.02182,0.0059509,0.041504
0.023193,0.0050354,0.036621
0.024109,0.0015259,0.040283
0.024719,0.0022888,0.040283
0.02533,0.0015259,0.042725
0.024414,0.00091553,0.043945
0.023346,0.0010681,0.047607
0.022736,0.0012207,0.058594
0.021973,0.0012207,0.046387
0.020905,0.0012207,0.043945
0.020447,0.0015259,0.05249
0.020599,0.0018311,4.552
0.020599,0.0030518,4.8975
0.020447,0.0047302,4.9255
0.022583,0.0059509,4.9268
0.022125,0.0071716,4.9292
0.02243,0.0071716,4.9292
0.021667,0.0068665,4.9329
0.021057,0.0048828,4.9268
0.020905,0.0028992,4.9329
0.018158,0.0013733,4.928
0.0177,-0.0022888,4.9341
0.017853,-0.00030518,4.939
0.016479,-0.00045776,4.9377
0.013275,-0.0012207,4.9341
0.015411,-0.0018311,4.939
0.015869,-0.0016785,4.939
0.016785,-0.0016785,4.9353
0.017242,-0.00015259,4.9292
0.019836,0.0016785,4.9268
0.020752,0.0028992,4.928
0.02182,0.0061035,4.928
0.019684,0.0028992,4.9231
0.023041,0.0016785,4.9194
0.023651,0.00015259,4.9207
0.023346,0.00045776,4.917
0.022736,0.00076294,4.9084
0.021973,0.0013733,4.9207
0.021362,0.00076294,4.9194
0.019989,0,4.9133
0.019989,-0.00091553,4.9146
0.021362,-0.0013733,4.9255
0.019989,-0.0010681,4.9133
0.019836,-0.00030518,4.9194
0.020142,0.00061035,4.9109
0.020752,0.00091553,4.8975
0.02121,0.0012207,4.9084
0.022125,-0.00061035,4.8987
0.020447,-0.0013733,4.9072
0.019226,-0.0018311,4.9084
0.018005,-0.00015259,4.9072
0.017548,-0.0019836,4.9109
0.016479,-0.00076294,4.9097
0.016785,-0.00076294,4.9182
0.016022,-0.00030518,4.9146
0.017548,0.00061035,4.9194
0.018768,0.0013733,4.9207
0.019989,0.0016785,4.9219
0.021515,0.00015259,4.9329
0.023804,-0.00045776,4.928
0.02533,-0.00091553,4.9255
0.027008,-0.0015259,4.9304
0.027313,-0.0012207,4.9329
0.027924,-0.0015259,4.9329
0.026855,-0.0015259,4.9377
0.02594,-0.0015259,4.9292
0.026093,-0.0022888,4.9292
0.026855,-0.0030518,4.9292
0.027618,-0.0024414,4.9414
0.02655,-0.0022888,4.9316
0.027771,-0.0038147,4.9365
0.028534,-0.0027466,4.9304
0.028992,-0.0033569,4.9353
0.032043,-0.0033569,4.928
0.029144,-0.0041199,4.9365
0.027924,-0.005188,4.9304
0.02594,-0.0030518,4.9353
0.02533,-0.0064087,4.9402
0.024872,-0.007019,4.9304
0.024109,-0.0086975,4.9365
0.024414,-0.0073242,4.9231
0.023804,-0.0074768,4.9072
0.023651,-0.0074768,4.9194
0.023651,-0.0054932,4.9158
0.024109,-0.0036621,4.9121
0.02533,-0.0016785,4.9207
0.02655,-0.00030518,4.9133
0.027008,0.00091553,4.9121
0.027008,0.00045776,4.9109
0.028076,-0.00045776,4.9133
0.028534,-0.00045776,4.906
0.029907,-0.00061035,4.9109
0.028381,-0.00076294,4.9121
0.029144,-0.00045776,4.9109
0.029144,0.00015259,4.9097
0.027466,-0.0018311,4.9109
0.028229,-0.0030518,4.9097
0.026703,-0.005188,4.9084
0.025787,-0.0024414,4.906
0.026093,-0.0062561,4.9146
0.026093,-0.0065613,4.9036
0.026398,-0.0047302,4.9097
0.025635,-0.0015259,4.9146
0.025177,-0.0050354,4.9182
0.024719,-0.0047302,4.9158
0.025482,-0.0028992,4.9146
0.025787,-0.0030518,4.928
0.027313,0.00045776,4.9268
0.027618,0.0013733,4.9304
0.027313,0.0013733,4.9292
0.027771,0.0015259,4.9329
0.024414,0.0019836,4.9158
0.022888,0.0022888,4.9353
0.022583,0.0056458,4.939
0.023041,0.0039673,4.9341
0.023956,0.0048828,4.9377
0.024261,0.0048828,4.9353
0.024719,0.0059509,4.9158
0.024414,0.0035095,0.087891
0.024567,0.0035095,0.068359
0.024567,0.0032043,0.068359
0.025482,0.0033569,0.063477
0.026245,0.0032043,0.059814
0.025787,0.002594,0.065918
0.024719,0.0022888,0.059814
0.022736,0.0022888,0.062256
0.020294,0.0024414,0.053711
0.019836,0.0033569,0.056152
0.019684,0.0048828,0.053711
0.02182,0.0061035,0.05249
0.022278,0.0073242,0.058594
0.023651,0.0088501,0.047607
0.024109,0.0099182,0.043945
0.023956,0.010681,0.050049
0.023956,0.011749,0.032959
0.023804,0.011597,0.041504
0.024872,0.011292,0.041504
0.025635,0.0094604,0.039063
0.024872,0.0086975,0.039063
0.024567,0.0074768,0.036621
0.022583,0.0067139,0.041504
0.020752,0.0061035,0.039063
0.020142,0.0071716,0.041504
0.019531,0.0068665,0.037842
0.020599,0.0067139,0.042725
0.019684,0.0073242,0.039063
0.020752,0.0079346,0.042725
0.020599,0.0068665,0.041504
0.019836,0.0059509,0.045166
0.020142,0.0054932,0.050049
0.020905,0.0045776,0.043945
0.021057,0.004425,0.062256
0.02182,0.0047302,0.050049
0.02182,0.004425,0.040283
0.02182,0.0047302,0.047607
0.02121,0.0024414,0.053711
0.020142,0.0016785,0.056152
0.019379,0.0019836,0.058594
0.019073,0.0022888,0.058594
0.019073,0.002594,0.062256
0.019531,0.0016785,0.061035
0.019226,0.0010681,0.064697
0.018768,-0.00061035,0.058594
0.019836,-0.00030518,0.062256
0.019989,0.00015259,0.064697
0.018463,0.00061035,0.062256
0.022278,0.00091553,0.072021
0.023193,0.00045776,0.067139
0.024261,-0.0013733,0.063477
0.027008,-0.002594,0.067139
0.025177,-0.0018311,0.06958
0.024414,-0.00030518,0.062256
0.023651,0.0024414,0.058594
0.023193,0.0018311,0.059814
0.023651,0.0022888,0.057373
0.024109,0.0016785,0.053711
0.025177,0.00045776,0.053711
0.025787,-0.00061035,0.047607
0.02594,-0.00076294,0.053711
0.02655,0.00015259,0.042725
0.026245,0.00091553,0.050049
0.025787,0.0018311,0.048828
0.024719,0.0016785,0.045166
0.023041,0.0010681,0.041504
0.023499,0,0.042725
0.019989,0.00015259,0.056152
0.018311,0,0.041504
0.017548,0.00045776,0.05127
0.016785,0.0015259,0.041504
0.017242,0.0013733,0.026855
0.0177,0.0013733,0.036621
0.018463,0.0013733,0.040283
0.019226,0.00091553,0.039063
0.019531,0.00045776,0.0354
0.018921,-0.00076294,0.036621
0.018921,-0.0010681,0.037842
0.019073,-0.0016785,0.040283
0.019073,-0.00076294,0.043945
0.019379,-0.00030518,0.042725
0.019379,-0.00030518,0.048828
0.019684,-0.00061035,0.05127
0.019989,-0.0012207,0.053711
0.018768,-0.0012207,0.064697
0.02182,0.00061035,0.058594
0.023193,0.0019836,0.057373
0.023041,0.0028992,0.061035
0.025177,-0.00045776,0.065918
0.020142,0.0018311,0.058594
0.017395,0.00030518,0.047607
0.015717,-0.00076294,0.063477
0.014801,-0.0019836,0.058594
0.013885,-0.0012207,0.057373
0.013275,-0.00015259,0.064697
0.011902,-0.002594,0.059814
0.010681,-0.00076294,0.062256
0.011749,-0.0010681,0.064697
0.01236,-0.0024414,0.070801
0.014038,-0.0033569,0.061035
0.015259,-0.0024414,0.065918
0.015106,-0.0012207,0.063477
0.014343,0.00015259,0.064697
0.013123,-0.0010681,0.065918
0.01358,-0.00061035,0.057373
0.013428,-0.0016785,0.057373
0.014343,-0.0021362,0.05127
0.016327,-0.00030518,0.036621
0.016632,0.0013733,0.050049
0.016785,0.0030518,0.046387
0.016937,0.0036621,0.043945
0.017242,0.0022888,0.043945
0.017242,0.0012207,0.042725
0.018005,0.00076294,0.046387
0.016479,0.0010681,0.040283
0.019989,0.0013733,0.040283
0.019379,0.0019836,0.036621
0.018616,0.0021362,0.041504
0.017242,0.0019836,3.7341
0.017242,0.00076294,4.8413
0.016937,0.0010681,4.9011
0.016022,0.0033569,4.9072
0.017853,0.0022888,4.9097
0.018463,0.0019836,4.9084
0.018616,0.0016785,4.9146
0.018463,0.00091553,4.9109
0.018005,-0.00030518,4.9084
0.018158,-0.0018311,4.9109
0.018768,-0.0036621,4.9109
0.018616,-0.0032043,4.917
0.018768,-0.0013733,4.9182
0.018768,-0.00030518,4.9207
0.017548,-0.0038147,4.9255
0.016327,0.00015259,4.928
0.015564,-0.00030518,4.9292
0.015259,-0.00091553,4.9255
0.016174,-0.0012207,4.9353
0.017548,0.00076294,4.9304
0.018921,0.0019836,4.9341
0.019379,0.0041199,4.9426
0.019379,0.0045776,4.9341
0.019531,0.0050354,4.9316
0.019226,0.0047302,4.9341
0.020599,0.0039673,4.9268
0.020905,0.0033569,4.9353
0.02182,0.0038147,4.9341
0.02243,0.0041199,4.9353
0.021973,0.0045776,4.9353
0.02121,0.005188,4.9329
0.022888,0.0038147,4.9329
0.023651,-0.00091553,4.9292
0.024719,0.00030518,4.9304
0.026245,0.0021362,4.9231
0.026398,0.0036621,4.9268
0.025787,0.0050354,4.9207
0.024414,0.0053406,4.9255
0.021973,0.0050354,4.9231
0.019684,0.0022888,4.9194
0.018768,-0.00045776,4.9231
0.018768,-0.0021362,4.917
0.017853,-0.0035095,4.9255
0.018311,-0.002594,4.9146
0.015869,-0.0022888,4.9146
0.016785,-0.002594,4.9133
0.015564,-0.0035095,4.906
0.016479,-0.0045776,4.9084
0.017548,-0.005188,4.9109
0.018616,-0.0047302,4.9097
0.018921,-0.0030518,4.9097
0.018921,0.00061035,4.9084
0.018768,-0.00015259,4.9109
0.018921,-0.0012207,4.9097
0.021362,-0.002594,4.9109
0.023193,-0.0019836,4.9109
0.024414,-0.0016785,4.9146
0.027161,-0.0010681,4.9243
0.028687,0.0013733,4.9182
0.029144,0.0024414,4.9243
0.029602,0.002594,4.9219
0.028687,0.0018311,4.917
0.027466,0.00030518,4.9243
0.028534,-0.00015259,4.9255
0.027618,0.00030518,4.9268
0.027771,0.0012207,4.9304
0.027161,0.0019836,4.9292
0.026398,0.0033569,4.9329
0.025482,0.0041199,4.9304
0.026245,0.0038147,4.9353
0.02594,0.0039673,4.9292
0.026093,0.0035095,4.9329
0.026245,0.0019836,4.9329
0.024109,0.0015259,4.9353
0.023041,0.0012207,4.9365
0.020294,0.0013733,4.939
0.019379,0.0018311,4.9414
0.017853,0.0010681,4.9377
0.017395,0.00091553,4.9438
0.0177,0.00076294,4.9329
0.018311,0.00091553,4.928
0.019073,0.00091553,4.9268
0.020142,0.0015259,4.9268
0.022278,0.0018311,4.9243
0.022278,0.0012207,4.9231
0.021973,0,4.9194
0.021362,-0.0015259,4.9219
0.021057,-0.0024414,4.9158
0.020905,-0.0035095,4.9207
0.021057,-0.0036621,4.9133
0.019684,-0.004425,4.9194
0.019531,-0.0041199,4.9133
0.019379,-0.004425,4.9182
0.020599,-0.0036621,4.9231
0.022583,-0.002594,4.9121
0.023804,-0.0012207,4.9121
0.02533,0.00045776,4.9109
0.023956,0.00091553,4.8938
0.023804,0.00015259,4.9072
0.023346,-0.0012207,4.9097
0.023346,-0.002594,4.9097
0.023041,-0.002594,4.9097
0.022125,-0.0021362,4.906
0.020599,-0.0012207,4.9109
0.020294,-0.0012207,4.9109
0.018768,-0.0016785,4.9182
0.018005,-0.0035095,4.9133
0.017548,-0.0042725,4.9219
0.01709,-0.0041199,4.9207
0.017395,-0.0032043,0.05249
0.017853,-0.0022888,0.059814
0.01709,-0.0019836,0.058594
0.017548,-0.0030518,0.057373
0.018616,-0.004425,0.046387
0.019531,-0.0053406,0.06958
0.020447,-0.0048828,0.059814
0.02121,-0.0028992,0.050049
0.020447,0.00076294,0.061035
0.019379,0.0018311,0.063477
0.020142,0.0036621,0.059814
0.019684,0.0032043,0.064697
0.020294,0.0016785,0.063477
0.021515,0.0013733,0.065918
0.023651,0.00061035,0.065918
0.025024,0.00030518,0.068359
0.027008,0.0021362,0.062256
0.029297,0.0024414,0.067139
0.029297,0.0027466,0.064697
0.029755,0.0019836,0.059814
0.029144,0.0010681,0.068359
0.028992,0.00030518,0.054932
0.026703,-0.00015259,0.057373
0.024261,-0.00015259,0.05127
0.019989,-0.00061035,0.039063
0.019836,-0.0015259,0.048828
0.018158,-0.002594,0.047607
0.0177,-0.0038147,0.047607
0.016937,-0.0056458,0.046387
0.017242,-0.004425,0.042725
0.018768,-0.0030518,0.042725
0.019836,-0.0015259,0.039063
0.021057,0.00015259,0.043945
0.020599,0.00030518,0.03418
0.021057,-0.0010681,0.041504
0.020447,-0.0013733,0.045166
0.021973,-0.0013733,0.041504
0.023956,0.00045776,0.037842
0.022888,0.0028992,0.040283
0.025482,0.0030518,0.037842
0.024261,0.0028992,0.041504
0.023804,0.0016785,0.043945
0.023346,0.0016785,0.041504
0.024109,-0.0018311,0.041504
0.023041,-0.00091553,0.043945
0.023041,0.00061035,0.047607
0.024109,-0.00015259,0.048828
0.024261,0.0018311,0.05127
0.025177,0.00030518,0.050049
0.026398,-0.002594,0.057373
0.027008,-0.0033569,0.042725
0.02655,-0.0035095,0.057373
0.025177,-0.0024414,0.059814
0.023499,-0.0013733,0.065918
0.02121,-0.00015259,0.061035
0.017548,-0.00045776,0.064697
0.016479,-0.0013733,0.076904
0.015259,-0.0033569,0.062256
0.015564,-0.0015259,0.062256
0.017548,-0.00015259,0.061035
0.019226,0.0022888,0.05127
0.022888,0.0030518,0.062256
0.02594,0.0050354,0.062256
0.028229,0.0039673,0.067139
0.028076,0.0030518,0.067139
0.027924,0.002594,0.059814
0.026703,0.002594,0.064697
0.025482,0.0039673,0.057373
0.025787,0.004425,0.058594
0.023804,0.0064087,0.05249
0.022736,0.0061035,0.054932
0.02182,0.0053406,0.05127
0.023041,0.0033569,0.05127
0.021515,0.0041199,0.050049
0.023651,0.0064087,0.050049
0.023346,0.011139,0.05249
0.023804,0.010223,0.046387
0.023804,0.010986,0.053711
0.023499,0.0091553,0.039063
0.023041,0.0074768,0.0354
0.022583,0.0062561,0.040283
0.024261,0.0057983,0.037842
0.024261,0.0083923,0.039063
0.024109,0.011139,0.040283
0.023193,0.010071,0.037842
0.02121,0.0094604,0.041504
0.020599,0.0073242,0.0354
0.019684,0.0074768,0.042725
0.018616,0.0041199,0.039063
0.018921,0.0053406,0.042725
0.018921,0.0082397,0.040283
0.018921,0.007782,0.046387
0.018921,0.0065613,0.053711
0.019226,0.0035095,0.048828
0.018921,0.0035095,0.054932
0.019073,0.00061035,0.048828
0.018463,0.0015259,0.050049
0.018311,0.0032043,0.057373
0.01709,0.0045776,0.057373
0.015564,0.0039673,0.056152
0.012817,0.0024414,0.061035
0.012054,0.00030518,0.059814
0.011292,-0.0015259,0.059814
0.013428,-0.00045776,0.058594
0.015411,-0.00030518,0.063477
0.018768,0.0030518,0.058594
0.02121,0.0027466,0.063477
0.023499,0.0024414,0.065918
0.024109,0.0016785,0.065918
0.024567,0.0016785,0.05249
0.025787,0.0030518,0.067139
0.026093,0.005188,0.078125
0.025024,0.0071716,0.065918
0.02533,0.0080872,0.06958
0.024261,0.0073242,0.059814
0.023499,0.0057983,0.043945
0.022583,0.0045776,0.048828
0.021667,0.0021362,0.053711
0.023651,0.0038147,4.4727
0.024109,0.005188,4.8914
0.023346,0.0054932,4.9133
0.023346,0.0061035,4.9231
0.022125,0.0073242,4.9121
0.020905,0.007019,4.9194
0.020599,0.0061035,4.9109
0.019989,0.0076294,4.917
0.020142,0.007782,4.9146
0.021362,0.0091553,4.9133
0.02182,0.010986,4.9133
0.022125,0.010223,4.9109
0.022736,0.0079346,4.9109
0.022125,0.0053406,4.9133
0.022125,0.0036621,4.8962
0.022278,0.0045776,4.9084
0.021362,0.0073242,4.895
0.025635,0.0097656,4.9109
0.023499,0.010834,4.906
0.022736,0.0079346,4.9084
0.023651,0.0036621,4.9133
0.024719,0.0010681,4.9182
0.025635,0.0021362,4.917
0.025177,0.0028992,4.9146
0.024719,0.0036621,4.9219
0.023956,0.0062561,4.9231
0.02182,0.0036621,4.9146
0.020142,0.0019836,4.9243
0.018158,0.00061035,4.9304
0.018311,0.0010681,4.9365
0.018158,0.0022888,4.9341
0.019226,0.0030518,4.9402
0.020142,0.0042725,4.9316
0.020905,0.0041199,4.9207
0.021515,0.0038147,4.9329
0.021667,0.0030518,4.9329
0.02182,0.0022888,4.9304
0.022278,0.0030518,4.9341
0.02243,0.0041199,4.9353
0.022125,0.0033569,4.9353
0.02121,0.0033569,4.9341
0.020752,0.0010681,4.9377
0.020294,-0.0018311,4.9316
0.02121,-0.0032043,4.9329
0.021973,-0.0047302,4.9304
0.022888,-0.0042725,4.9316
0.023804,-0.0024414,4.928
0.022888,-0.00091553,4.9231
0.021057,0,4.9268
0.019989,0.00030518,4.9219
0.019989,-0.00045776,4.9255
0.020142,-0.00076294,4.9194
0.02121,0.00076294,4.917
0.021973,0.00030518,4.9158
0.023193,0.0018311,4.9133
0.022125,0.0015259,4.9158
0.022888,-0.00076294,4.9121
0.023193,-0.0032043,4.906
0.024872,-0.0059509,4.9023
0.023956,-0.0050354,4.9084
0.024109,-0.0042725,4.9109
0.023804,-0.0019836,4.9121
0.022736,-0.0016785,4.9109
0.021515,-0.0019836,4.9084
0.02121,-0.0045776,4.9182
0.02243,-0.0050354,4.9231
0.023651,-0.0050354,4.9097
0.026093,-0.004425,4.9158
0.026703,-0.0024414,4.9146
0.026398,-0.0019836,4.8999
0.023193,-0.0018311,4.9158
0.02182,-0.0038147,4.917
0.019989,-0.0057983,4.9219
0.019836,-0.007019,4.9207
0.020294,-0.007019,4.9194
0.020905,-0.0047302,4.9316
0.020599,-0.0024414,4.9292
0.020599,-0.00045776,4.9329
0.021057,-0.00030518,4.928
0.022125,-0.00030518,4.9329
0.023651,-0.0024414,4.9292
0.025635,-0.00045776,4.9341
0.027313,0.0018311,4.9414
0.025482,0.0038147,4.9329
0.024567,0.0048828,4.9316
0.021973,0.0047302,4.9365
0.020752,0.0027466,4.9426
0.020142,0.00061035,4.9304
0.020142,-0.0016785,4.9414
0.021667,-0.0030518,4.9329
0.02121,-0.0021362,4.9316
0.020447,-0.0010681,4.9304
0.019073,0.00015259,4.9329
0.018005,0.00015259,4.928
0.018311,-0.0013733,4.9255
0.019226,-0.0033569,4.9194
0.020752,-0.004425,4.9219
0.020142,-0.0053406,4.917
0.018463,-0.0050354,4.9182
0.015411,-0.005188,4.9182
0.012817,-0.0056458,4.9146
0.011444,-0.0076294,4.9268
0.010376,-0.009613,4.9158
0.010376,-0.011444,4.9268
0.010834,-0.010681,4.9072
0.011749,-0.0080872,4.9023
0.012512,-0.0038147,4.9121
0.01358,0.00076294,4.9084
0.015869,0.0019836,4.9109
0.019836,0.0027466,0.042725
0.023193,0.0012207,0.039063
0.029907,0.00045776,0.040283
0.031738,0.00030518,0.036621
0.027924,-0.00015259,0.041504
0.028534,0.00015259,0.037842
0.027008,-0.0010681,0.045166
0.025787,-0.0012207,0.045166
0.026245,-0.0018311,0.047607
0.026245,-0.00076294,0.054932
0.02594,0.00091553,0.05249
0.02594,0.0027466,0.053711
0.024567,0.0038147,0.053711
0.023193,0.0041199,0.056152
0.02182,0.0030518,0.059814
0.022125,0.00061035,0.053711
0.023499,-0.0018311,0.057373
0.023041,-0.0039673,0.062256
0.021973,-0.0064087,0.059814
0.019073,-0.0080872,0.061035
0.015259,-0.010681,0.058594
0.011902,-0.011292,0.063477
0.0083923,-0.011444,0.062256
0.0088501,-0.014343,0.065918
0.0091553,-0.012054,0.065918
0.011292,-0.012207,0.067139
0.012054,-0.011902,0.065918
0.010681,-0.013275,0.067139
0.01236,-0.014191,0.075684
0.014343,-0.014954,0.062256
0.017853,-0.014954,0.06958
0.022278,-0.016632,0.061035
0.025787,-0.016479,0.043945
0.027771,-0.01358,0.05249
0.026703,-0.0099182,0.048828
0.02594,-0.0061035,0.050049
0.023956,-0.0036621,0.048828
0.023651,-0.0022888,0.042725
0.024261,-0.0030518,0.048828
0.024567,-0.0050354,0.045166
0.025024,-0.0061035,0.03418
0.024109,-0.0090027,0.041504
0.020905,-0.0088501,0.043945
0.019073,-0.0071716,0.040283
0.017853,-0.0028992,0.041504
0.020599,0.00045776,0.045166
0.018768,0.0042725,0.041504
0.018616,0.0073242,0.036621
0.018311,0.0068665,0.042725
0.015564,0.0099182,0.026855
0.013275,0.010681,0.037842
0.011444,0.010681,0.030518
0.010223,0.0091553,0.040283
0.011292,0.0071716,0.040283
0.011902,0.0056458,0.040283
0.012665,0.0053406,0.043945
0.010834,0.0053406,0.045166
0.0088501,0.007782,0.05127
0.007782,0.011139,0.048828
0.0085449,0.012207,0.054932
0.01236,0.012665,0.053711
0.0177,0.014038,0.058594
0.022125,0.017395,0.056152
0.02594,0.02182,0.063477
0.028687,0.026703,0.067139
0.030365,0.03006,0.062256
0.033875,0.03067,0.075684
0.037689,0.030365,0.061035
0.040588,0.026703,0.048828
0.045166,0.023193,0.061035
0.044556,0.021057,0.059814
0.042725,0.019379,0.062256
0.037994,0.014496,0.059814
0.033112,0.0088501,0.061035
0.028839,0.0048828,0.064697
0.025024,0.0010681,0.064697
0.02243,-0.00030518,0.064697
0.017548,-0.0013733,0.061035
0.010834,-0.0035095,0.063477
0.0038147,-0.0059509,0.059814
-0.0012207,-0.0088501,0.059814
-0.0021362,-0.011292,0.056152
-0.0033569,-0.014648,0.05127
-0.00061035,-0.017395,0.046387
0.00091553,-0.019684,0.048828
0.0018311,-0.02121,0.05249
0.0036621,-0.019226,0.046387
0.0061035,-0.016327,0.045166
0.010681,-0.011139,0.041504
0.018158,-0.00091553,0.043945
0.026398,0.010223,0.042725
0.036163,0.014954,0.039063
0.042877,0.019073,0.039063
0.04837,0.022583,0.041504
0.052338,0.0177,0.03418
0.055237,0.015717,0.041504
0.057526,0.013733,0.041504
0.057068,0.010681,0.042725
0.055695,0.007782,0.039063
0.052338,0.002594,0.040283
0.045624,-0.0032043,0.057373
0.038605,-0.0048828,0.041504
0.032806,-0.0019836,0.05127
0.03006,0.0033569,0.045166
0.03006,0.0076294,0.028076
0.033112,0.011139,0.048828
0.035248,0.0093079,0.05127
0.035248,0.007782,0.05249
0.033417,0.0056458,0.053711
0.028534,0.0035095,0.054932
0.024261,0.0042725,0.062256
0.019836,0.004425,0.057373
0.017853,0.0028992,0.061035
0.016632,0,0.059814
0.014801,-0.0057983,0.063477
0.013885,-0.0099182,0.058594
0.011749,-0.011902,0.061035
0.012817,-0.010223,1.7468
0.015869,-0.0067139,4.7461
0.019989,-0.010529,4.9158
0.02594,-0.010376,4.9304
0.031281,-0.010529,4.9463
0.034332,-0.0086975,4.9329
0.035553,-0.004425,4.9231
0.033722,-0.0022888,4.9329
0.033875,0.00091553,4.9304
0.0354,0.0033569,4.9341
0.037994,0.0047302,4.9292
0.042114,0.0047302,4.9255
0.043945,0.0042725,4.9255
0.044861,0.0045776,4.9207
0.043488,0.00091553,4.9243
0.03952,-0.0042725,4.9194
0.03952,-0.0061035,4.9158
0.037384,-0.0080872,4.9194
0.034332,-0.0094604,4.917
0.027161,-0.007782,4.9158
0.019836,-0.0086975,4.917
0.013428,-0.0068665,4.9133
0.0099182,-0.0019836,4.9097
0.0082397,0.0012207,4.9023
0.0071716,0.0048828,4.9121
0.0091553,0.0065613,4.9109
0.010376,0.012512,4.9097
0.0099182,0.019836,4.9109
0.0057983,0.026245,4.9109
0.0038147,0.031433,4.9097
0.0041199,0.031433,4.9146
0.0094604,0.031891,4.9109
0.01358,0.030518,4.9109
0.018005,0.025024,4.9158
0.016632,0.020447,4.9146
0.015106,0.012054,4.9207
0.012207,0.0074768,4.9121
0.010071,0.0038147,4.9219
0.010223,0.00091553,4.9243
0.0099182,-0.002594,4.9255
0.011292,-0.0050354,4.9353
0.012665,-0.0080872,4.9304
0.014954,-0.0093079,4.9121
0.016785,-0.0086975,4.9268
0.0177,-0.0048828,4.9255
0.018463,-0.0013733,4.9316
0.019989,0.0027466,4.9292
0.021057,0.002594,4.928
0.019836,0.00045776,4.9353
0.014648,-0.00045776,4.9304
0.0097656,-0.0021362,4.9353
0.0021362,-0.00045776,4.9414
0.00030518,0.002594,4.939
-0.0019836,0.0045776,4.9316
-0.00076294,0.0042725,4.9353
0.0036621,0.0018311,4.9475
0.0086975,0,4.9353
0.014191,-0.0012207,4.9304
0.020142,0.0010681,4.9304
0.024414,0.0057983,4.9158
0.028687,0.0083923,4.9231
0.032196,0.011444,4.9243
0.035248,0.0088501,4.9255
0.036011,0.0054932,4.9194
0.032349,0.0036621,4.9182
0.027466,0.0036621,4.9158
0.021362,0.0064087,4.9158
0.017853,0.0091553,4.9109
0.018463,0.011292,4.9109
0.020447,0.010986,4.9133
0.025787,0.0085449,4.9133
0.029297,0.0071716,4.9158
0.030365,0.0068665,4.9097
0.03067,0.0083923,4.9133
0.032043,0.0080872,4.9146
0.030975,0.0065613,4.9133
0.031128,0.0047302,4.9146
0.029755,-0.0030518,4.906
0.027313,-0.0093079,4.9097
0.023956,-0.015106,4.9133
0.016785,-0.019073,4.9109
0.01297,-0.020447,4.9084
0.0090027,-0.020447,4.9133
0.0091553,-0.020905,4.9182
0.011597,-0.0177,4.9158
0.015564,-0.016785,4.9158
0.019226,-0.014496,4.928
0.023499,-0.012512,4.9219
0.025482,-0.0099182,4.9304
0.029755,-0.0061035,4.9292
0.03418,-0.0038147,4.9353
0.037689,-0.0013733,4.9402
0.041809,-0.0019836,4.9341
0.043945,-0.0030518,4.9353
0.045013,-0.0030518,4.9304
0.042725,0.00015259,4.9255
0.040283,0.002594,4.9341
0.037842,0.0061035,4.9304
0.040741,0.0093079,4.9316
0.03952,0.012207,4.9353
0.039978,0.012817,4.9377
0.03952,0.014038,4.9377
0.036774,0.015106,4.9316
0.033417,0.016785,4.9377
0.031128,0.021667,4.928
0.030365,0.024261,4.9329
0.030518,0.025482,4.928
0.03006,0.023651,4.9304
0.029449,0.021973,4.9268
0.026855,0.020294,4.9255
0.027008,0.019073,0.062256
0.023499,0.019379,0.050049
0.022736,0.018616,0.059814
0.025024,0.020599,0.046387
0.024261,0.01236,0.0354
0.024567,0.0068665,0.032959
0.022888,0.0022888,0.040283
0.023041,0.0013733,0.041504
0.0177,0.0035095,0.041504
0.014496,0.0057983,0.03418
0.01358,0.0090027,0.053711
0.012512,0.007019,0.037842
0.01236,0.0050354,0.040283
0.011444,0.0030518,0.040283
0.0093079,0.0010681,0.043945
0.0067139,0.0013733,0.041504
0.0048828,0.0030518,0.041504
0.0041199,0.0028992,0.056152
0.0057983,0.0022888,0.043945
0.0068665,0,0.047607
0.0090027,-0.0030518,0.045166
0.0093079,-0.0045776,0.029297
0.010223,-0.004425,0.047607
0.010223,-0.0027466,0.050049
0.010986,-0.0019836,0.05249
0.012665,-0.0015259,0.054932
0.014496,-0.0033569,0.053711
0.017395,-0.0059509,0.058594
0.0177,-0.0068665,0.061035
0.017395,-0.0073242,0.062256
0.016327,-0.0041199,0.058594
0.015564,-0.00015259,0.063477
0.017242,0.0024414,0.062256
0.019989,0.0041199,0.063477
0.023193,0.0042725,0.068359
0.026703,0.0036621,0.062256
0.027618,0.0038147,0.067139
0.027924,0.0039673,0.065918
0.027161,0.0041199,0.080566
0.026245,0.0038147,0.065918
0.025177,0.00030518,0.059814
0.024414,0.00061035,0.063477
0.023956,-0.0019836,0.062256
0.022125,-0.0036621,0.056152
0.019836,-0.0065613,0.059814
0.017548,-0.0048828,0.05127
0.016022,-0.0035095,0.053711
0.016327,-0.0032043,0.048828
0.01709,-0.004425,0.05127
0.020142,-0.0061035,0.046387
0.021973,-0.0085449,0.047607
0.02182,-0.010529,0.047607
0.020294,-0.010986,0.045166
0.019684,-0.010681,0.05249
0.019684,-0.0097656,0.043945
0.018616,-0.0090027,0.046387
0.020599,-0.0086975,0.041504
0.021515,-0.009613,0.028076
0.02182,-0.010529,0.036621
0.021515,-0.010376,0.036621
0.022278,-0.0074768,0.037842
0.023956,-0.0038147,0.040283
0.026398,0.00030518,0.036621
0.029144,-0.00045776,0.040283
0.031128,-0.0016785,0.0354
0.031433,-0.0036621,0.041504
0.030212,-0.0054932,0.039063
0.027161,-0.0045776,0.041504
0.023804,-0.0019836,0.045166
0.021667,-0.0010681,0.050049
0.020294,0.0010681,0.041504
0.019226,0.00045776,0.05249
0.018311,-0.00061035,0.057373
0.017548,-0.0013733,0.056152
0.016785,-0.00030518,0.062256
0.016785,0.0019836,0.059814
0.017395,0.0050354,0.042725
0.019073,0.0080872,0.059814
0.021515,0.0085449,0.056152
0.023651,0.0073242,0.061035
0.024109,0.0065613,0.062256
0.02243,0.0050354,0.057373
0.019531,0.0045776,0.063477
0.016327,0.0054932,0.062256
0.014191,0.0053406,0.065918
0.013885,0.0035095,0.062256
0.014801,0,0.068359
0.015564,-0.0032043,0.064697
0.015869,-0.0062561,0.068359
0.016327,-0.0067139,0.076904
0.0177,-0.0062561,0.054932
0.019073,-0.0057983,0.057373
0.022888,-0.0041199,0.059814
0.02655,-0.004425,0.047607
0.03006,-0.0068665,0.05127
0.032196,-0.0091553,0.048828
0.033569,-0.011597,0.047607
0.033722,-0.012512,0.050049
0.032501,-0.011292,0.043945
0.032501,-0.01297,0.047607
0.032806,-0.010071,0.043945
0.032959,-0.013733,0.042725
0.031891,-0.014038,0.040283
0.030823,-0.013885,0.043945
0.03006,-0.01297,0.040283
0.029449,-0.010986,0.040283
0.029144,-0.0067139,0.039063
0.029755,-0.0042725,0.040283
0.031586,-0.0030518,0.048828
0.031281,-0.0028992,0.040283
0.030365,-0.002594,0.05249
0.030365,-0.0013733,0.036621
0.027008,0.00091553,0.028076
0.025482,0.0035095,0.037842
0.023041,0.0054932,0.042725
0.02182,0.0062561,0.040283
0.020599,0.0054932,0.045166
0.019531,0.0035095,4.5203
0.018158,0.0018311,4.8877
0.018921,0.0039673,4.9158
0.019531,0.0057983,4.9207
0.02121,0.0073242,4.9219
0.023346,0.0076294,4.928
0.025024,0.007019,4.9304
0.024719,0.0039673,4.9329
0.023651,0.0010681,4.9353
0.023346,-0.00076294,4.9329
0.021515,-0.0016785,4.9316
0.020447,-0.0013733,4.9329
0.019226,-0.0013733,4.9377
0.017548,-0.0019836,4.9341
0.016785,-0.0032043,4.9377
0.015717,-0.0050354,4.9304
0.016327,-0.0042725,4.9377
0.016174,-0.0035095,4.9365
0.015259,-0.00076294,4.9365
0.014801,-0.00030518,4.9316
0.01358,0.0021362,4.9329
0.013123,-0.00015259,4.9304
0.013123,-0.0022888,4.9341
0.013733,-0.0076294,4.9292
0.014801,-0.0038147,4.9255
0.014801,-0.0016785,4.9231
0.014648,0,4.928
0.016022,0.0022888,4.9329
0.016174,0.0032043,4.9219
0.016785,0.0028992,4.9207
0.017853,0.0039673,4.9207
0.019073,0.0059509,4.895
0.020447,0.0074768,4.9133
0.020905,0.010376,4.9097
0.021667,0.011597,4.9133
0.022583,0.011292,4.9121
0.023956,0.010681,4.906
0.025635,0.0099182,4.9121
0.027771,0.009613,4.9084
0.029449,0.011444,4.9097
0.029297,0.012512,4.906
0.029297,0.011597,4.9133
0.029602,0.0099182,4.8975
0.028839,0.007019,4.9109
0.028381,0.0028992,4.9133
0.029449,-0.00015259,4.9121
0.023651,-0.0012207,4.9109
0.027313,-0.0024414,4.917
0.027008,-0.0019836,4.9109
0.027924,-0.0059509,4.9182
0.026855,-0.0041199,4.9158
0.027008,-0.0047302,4.9231
0.027466,-0.0050354,4.9255
0.02655,-0.0036621,4.9255
0.028229,-0.0010681,4.9304
0.028076,0.00045776,4.9304
0.028839,-0.00076294,4.9329
0.029602,0.00061035,4.9304
0.029449,0,4.9329
0.030212,-0.00061035,4.9292
0.030212,0.0012207,4.9353
0.029449,0.0033569,4.9292
0.029755,0.0056458,4.9329
0.03067,0.007019,4.9402
0.030975,0.0054932,4.9377
0.028839,0.0036621,4.9426
0.027161,0.0022888,4.9377
0.026093,0.0022888,4.9231
0.025482,0.0042725,4.9353
0.024567,0.0042725,4.9329
0.024414,0.0050354,4.9255
0.023346,0.0050354,4.9304
0.023651,0.0047302,4.9292
0.022583,0.0041199,4.9255
0.022736,0.0042725,4.9194
0.022278,0.0050354,4.9255
0.021667,0.0059509,4.9158
0.021973,0.0067139,4.9207
0.02121,0.0033569,4.9182
0.018616,0.0057983,4.9219
0.019684,0.0041199,4.9133
0.017548,0.0033569,4.9158
0.01709,0.0035095,4.9133
0.016632,0.0048828,4.9097
0.016632,0.0057983,4.9109
0.016785,0.0065613,4.9133
0.01709,0.0068665,4.9109
0.017548,0.0071716,4.9097
0.017548,0.0062561,4.9109
0.019226,0.0053406,4.9109
0.021057,0.0050354,4.9133
0.021667,0.004425,4.9048
0.021362,0.0032043,4.9109
0.022125,0.0047302,4.9109
0.02243,0.0033569,4.917
0.02243,0.0036621,4.9133
0.023193,0.0033569,4.9207
0.023193,0.00076294,4.9182
0.021667,0.0045776,4.9243
0.02533,0.0054932,4.9365
0.026093,0.0061035,4.928
0.027008,0.0045776,4.9292
0.026855,0.002594,4.9365
0.028687,0.0024414,4.9158
0.029297,0.0021362,4.928
0.028992,0.0028992,4.9304
0.028992,0.0030518,4.9304
0.027466,0.0041199,4.9304
0.026093,0.0041199,4.9292
0.02594,0.0033569,4.9365
0.025024,0.0032043,4.9329
0.026093,0.0036621,0.064697
0.024872,0.004425,0.063477
0.02655,0.0050354,0.06958
0.026398,0.0045776,0.064697
0.026398,0.0045776,0.068359
0.027618,0.0042725,0.072021
0.026245,0.0039673,0.061035
0.025787,0.0057983,0.062256
0.025024,0.007019,0.058594
0.024261,0.0047302,0.061035
0.023651,0.0073242,0.05127
0.022583,0.0053406,0.048828
0.02121,0.0021362,0.046387
0.020905,0.00076294,0.046387
0.020294,-0.00015259,0.042725
0.021057,0,0.047607
0.020752,0.00076294,0.042725
0.021515,0,0.043945
0.020142,0.00061035,0.039063
0.018158,-0.00015259,0.041504
0.018921,-0.00045776,0.041504
0.017548,-0.00061035,0.041504
0.018616,-0.0012207,0.039063
0.019379,0.0015259,0.039063
0.020294,-0.0035095,0.05127
0.019989,-0.0019836,0.040283
0.019684,-0.0033569,0.05249
0.019226,-0.0028992,0.0354
0.018768,-0.0048828,0.031738
0.018768,-0.004425,0.040283
0.018616,-0.0032043,0.042725
0.018463,-0.0030518,0.042725
0.0177,-0.0021362,0.045166
0.01709,-0.0016785,0.045166
0.017548,-0.0015259,0.048828
0.017242,-0.00045776,0.05127
0.019531,-0.00091553,0.054932
0.020905,0.00091553,0.053711
0.023041,-0.00076294,0.058594
0.023193,0.0024414,0.063477
0.022888,0.002594,0.063477
0.022736,0.0030518,0.065918
0.022888,0.0035095,0.064697
0.023804,0.0041199,0.059814
0.024872,0.0039673,0.059814
0.025482,0.0038147,0.068359
0.025177,0.0033569,0.062256
0.024109,0.0032043,0.050049
0.023804,0.0035095,0.062256
0.023651,0.0030518,0.065918
0.023346,0.0039673,0.064697
0.023346,0.0032043,0.067139
0.023346,0.0015259,0.062256
0.022125,0.00091553,0.065918
0.021515,0.00091553,0.059814
0.020599,0.00015259,0.058594
0.020142,0.0010681,0.057373
0.020599,0.0022888,0.058594
0.020599,0.0038147,0.050049
0.02243,0.0032043,0.040283
0.023041,0.0024414,0.064697
0.024567,0.0013733,0.047607
0.025635,0,0.054932
0.025787,-0.0010681,0.046387
0.025024,-0.0012207,0.031738
0.025177,-0.0018311,0.039063
0.023956,-0.0021362,0.040283
0.023651,-0.0021362,0.041504
0.025177,-0.0036621,0.040283
0.023041,-0.0042725,0.036621
0.02182,-0.0048828,0.040283
0.019836,-0.0038147,0.039063
0.018768,-0.0013733,0.040283
0.018158,-0.0015259,0.036621
0.018158,-0.0012207,0.042725
0.017548,-0.0010681,0.042725
0.017395,-0.00061035,0.040283
0.01709,-0.00076294,0.043945
0.0177,0.0012207,0.040283
0.018158,0.0018311,0.036621
0.019531,0.0035095,0.047607
0.02182,0.0053406,0.050049
0.023651,0.0048828,0.047607
0.023651,0.0042725,0.042725
0.023804,0.0039673,0.054932
0.022888,0.0028992,0.05249
0.021667,0.0024414,0.054932
0.02121,0.0013733,0.061035
0.020447,0.0013733,0.059814
0.019531,0.00076294,0.062256
0.019836,-0.00061035,0.059814
0.019684,-0.0015259,0.064697
0.020142,-0.0032043,0.059814
0.020599,-0.0032043,0.062256
0.020752,-0.0036621,0.059814
0.021057,-0.0030518,0.065918
0.021057,-0.0032043,0.073242
0.02182,-0.0041199,0.062256
0.019531,-0.0047302,0.06958
0.018158,-0.0053406,0.067139
0.017548,-0.0048828,0.056152
0.017853,-0.0041199,0.063477
0.016479,-0.0022888,0.062256
0.018005,-0.0018311,0.058594
0.018616,-0.0022888,0.057373
0.016022,-0.00076294,0.053711
0.021667,-0.00030518,0.053711
0.023041,0.00015259,0.047607
0.024872,0.00061035,0.05249
0.025482,0.0010681,0.046387
0.026245,0.0019836,0.048828
0.027313,0.0028992,0.048828
0.028076,0.0030518,0.047607
0.027466,0.0028992,0.042725
0.025787,0.0032043,0.045166
0.026703,0.0033569,0.05127
0.023346,0.0027466,4.27
0.023956,0.0030518,4.8767
0.023804,0.0032043,4.9023
0.023041,0.0021362,4.9023
0.023346,0.0033569,4.9072
0.02243,0.0030518,4.9109
0.021515,0.0028992,4.9072
0.02182,0.0039673,4.9109
0.019684,0.0053406,4.906
0.020447,0.0067139,4.9121
0.020142,0.0082397,4.917
0.020142,0.0093079,4.9133
0.019073,0.0094604,4.9121
0.019684,0.009613,4.9255
0.020447,0.0093079,4.9194
0.020447,0.013733,4.9231
0.019684,0.0099182,4.9365
0.019379,0.0085449,4.9243
0.018616,0.0056458,4.928
0.017242,0.0028992,4.9329
0.01709,-0.00061035,4.9255
0.016479,-0.0027466,4.9292
0.016174,-0.0048828,4.9292
0.014496,-0.0059509,4.9329
0.013275,-0.0079346,4.928
0.012512,-0.0080872,4.928
0.014954,-0.0085449,4.9304
0.013123,-0.0083923,4.9304
0.01358,-0.0079346,4.9329
0.014191,-0.0074768,4.9341
0.014648,-0.0068665,4.9377
0.014801,-0.007019,4.9329
0.015869,-0.0068665,4.9377
0.019836,-0.0059509,4.9353
0.016479,-0.005188,4.9329
0.018463,-0.0045776,4.9292
0.019073,-0.0035095,4.9304
0.020142,-0.0024414,4.9353
0.020294,-0.0027466,4.9219
0.02121,-0.002594,4.9133
0.022125,-0.0015259,4.9219
0.023956,-0.00045776,4.9219
0.024261,0.00091553,4.917
0.024567,0.002594,4.917
0.025482,0.002594,4.9158
0.025482,0.0024414,4.9219
0.025482,0.0012207,4.9109
0.023804,0.00091553,4.9109
0.023193,0.00045776,4.906
0.022125,0.0027466,4.9146
0.020905,0.0039673,4.9048
0.019684,0.0056458,4.9133
0.019989,0.007782,4.9109
0.018158,0.0065613,4.9133
0.017853,0.0064087,4.9097
0.018616,0.0090027,4.9097
0.020447,0.0090027,4.9036
0.023041,0.012512,4.9133
0.025787,0.016022,4.9072
0.028992,0.017853,4.9121
0.031738,0.020294,4.9158
0.032654,0.019531,4.917
0.032349,0.017548,4.9207
0.032196,0.013885,4.9194
0.030365,0.010834,4.9292
0.027618,0.0082397,4.9268
0.024567,0.0045776,4.9219
0.020294,0,4.9304
0.017395,-0.0027466,4.9329
0.013885,-0.0042725,4.928
0.012817,-0.011292,4.9316
0.012665,-0.0059509,4.939
0.014191,-0.007019,4.9329
0.014648,-0.0093079,4.9402
0.014191,-0.014038,4.9353
0.013733,-0.014954,4.9182
0.013123,-0.016479,4.9304
0.014038,-0.016785,4.928
0.015869,-0.016479,4.9341
0.016327,-0.015717,4.9353
0.016785,-0.015411,4.9304
0.01709,-0.014343,4.9353
0.017395,-0.011292,4.9292
0.018921,-0.0079346,4.9304
0.022736,-0.0036621,4.9243
0.028229,0,4.9268
0.036316,0.0045776,4.9231
0.04364,0.0073242,4.9219
0.048981,0.009613,4.9377
0.049133,0.0094604,4.9219
0.052338,0.0093079,4.9133
0.051575,0.0076294,4.9194
0.049133,0.0057983,4.9011
0.045471,0.002594,4.9121
0.039825,-0.00030518,4.9109
0.033112,-0.0021362,4.9133
0.026703,-0.0030518,4.9109
0.022125,-0.0032043,4.9084
0.018463,-0.0012207,4.9097
0.018311,0.0013733,4.9109
0.018311,0.0032043,4.9109
0.021362,0.0057983,4.906
0.024567,0.0080872,4.9146
0.027313,0.0094604,4.9121
0.027771,0.0094604,4.9158
0.028687,0.0073242,4.9109
0.028229,0.0035095,4.9146
0.028229,-0.0019836,4.917
0.027924,-0.0054932,4.9146
0.026855,-0.0085449,4.9255
0.02655,-0.0099182,0.047607
0.026703,-0.010071,0.042725
0.026855,-0.007019,0.056152
0.027924,-0.0054932,0.056152
0.030212,-0.0042725,0.057373
0.033569,-0.0032043,0.061035
0.036316,-0.0016785,0.058594
0.03891,-0.00015259,0.063477
0.039368,0.0015259,0.061035
0.037689,0.002594,0.063477
0.034332,0.002594,0.047607
0.03067,0.0018311,0.061035
0.027924,0.0018311,0.063477
0.024261,0.0022888,0.064697
0.022278,0.0028992,0.073242
0.020905,0.0032043,0.065918
0.018921,0.0035095,0.067139
0.018158,0.0016785,0.067139
0.017548,0.00015259,0.062256
0.018158,-0.0010681,0.063477
0.019989,-0.0016785,0.058594
0.020905,-0.0019836,0.053711
0.021057,-0.0030518,0.053711
0.019531,-0.0033569,0.05127
0.017395,-0.0048828,0.05127
0.014496,-0.0039673,0.047607
0.012054,-0.0038147,0.05249
0.010986,-0.00030518,0.043945
0.0097656,0.002594,0.047607
0.010223,0.0045776,0.050049
0.012512,0.0050354,0.047607
0.014801,0.0045776,0.039063
0.018463,0.0038147,0.041504
0.022278,0.0033569,0.05249
0.025635,0.0033569,0.041504
0.028381,0.0032043,0.05127
0.03006,0.002594,0.041504
0.03006,0.0015259,0.037842
0.028839,0.00030518,0.039063
0.026093,-0.00091553,0.039063
0.024109,-0.0013733,0.037842
0.021667,-0.0012207,0.040283
0.019379,-0.00030518,0.037842
0.018921,0.0015259,0.041504
0.018921,0.0021362,0.040283
0.019836,0.0019836,0.046387
0.020752,0.0016785,0.042725
0.02243,0.0010681,0.05127
0.022278,0.00030518,0.05249
0.021057,-0.00030518,0.05249
0.02121,-0.0016785,0.070801
0.020447,-0.0018311,0.058594
0.017853,-0.0018311,0.061035
0.014648,-0.0018311,0.061035
0.014191,0,0.054932
0.01358,0.0016785,0.061035
0.014038,0.0036621,0.058594
0.015411,0.0059509,0.061035
0.016937,0.0083923,0.061035
0.019836,0.0099182,0.058594
0.023041,0.011597,0.064697
0.02655,0.011292,0.062256
0.029907,0.010834,0.065918
0.031891,0.0080872,0.063477
0.034485,0.007019,0.06958
0.035248,0.0059509,0.065918
0.0354,0.0074768,0.068359
0.033722,0.0082397,0.062256
0.033112,0.0090027,0.062256
0.029907,0.0091553,0.067139
0.027161,0.0086975,0.057373
0.025787,0.007019,0.065918
0.023956,0.007782,0.05249
0.02243,0.0080872,0.042725
0.021515,0.0074768,0.047607
0.019836,0.0067139,0.050049
0.018005,0.0030518,0.043945
0.016327,-0.00045776,0.046387
0.014038,-0.0053406,0.042725
0.010223,-0.0090027,0.042725
0.0086975,-0.010986,0.037842
0.0059509,-0.013123,0.040283
0.0042725,-0.014648,0.036621
0.0019836,-0.016937,0.043945
0.0018311,-0.017853,0.041504
0.0019836,-0.019226,0.040283
0.0035095,-0.019379,0.043945
0.0082397,-0.017242,0.040283
0.011749,-0.014343,0.039063
0.016632,-0.010681,0.037842
0.023651,-0.0082397,0.0354
0.024414,-0.007019,0.041504
0.027313,-0.0061035,0.046387
0.029907,-0.0056458,0.042725
0.031891,-0.0054932,0.047607
0.033112,-0.0035095,0.046387
0.033417,-0.0016785,0.05127
0.032654,0.00015259,0.05127
0.032959,0.00091553,0.058594
0.033569,0.0027466,0.054932
0.034637,0.0050354,0.063477
0.036163,0.0065613,0.059814
0.037384,0.011444,0.063477
0.037384,0.014648,0.058594
0.037079,0.016174,0.059814
0.0354,0.01709,0.070801
0.032959,0.01709,0.062256
0.031586,0.016174,0.068359
0.026398,0.015717,0.065918
0.028076,0.016022,0.047607
0.02533,0.015869,0.062256
0.023651,0.015106,0.062256
0.020294,0.015259,0.067139
0.018768,0.01297,0.065918
0.017395,0.010681,0.059814
0.01709,0.0083923,0.061035
0.016785,0.0067139,0.058594
0.016479,0.0062561,4.4775
0.016327,0.005188,4.8877
0.015564,0.0042725,4.9219
0.015106,0.0050354,4.9207
0.014648,0.0013733,4.9231
0.014343,0.00015259,4.9243
0.015411,0.00030518,4.9219
0.014343,0.0012207,4.9146
0.013275,0.0021362,4.917
0.012665,0.0027466,4.9048
0.010834,0.0028992,4.9109
0.011749,0.0021362,4.9121
0.012054,0.0013733,4.9109
0.01358,0.0016785,4.9121
0.013885,0.0013733,4.9097
0.016785,0.0021362,4.9109
0.018158,0.0030518,4.9109
0.018158,0.0039673,4.9084
0.018768,0.0016785,4.9048
0.017853,0.0015259,4.9133
0.01709,0,4.9109
0.015564,0.0021362,4.9133
0.013733,-0.00030518,4.9097
0.011749,0.00045776,4.9146
0.011444,0.0010681,4.9231
0.0090027,0.0013733,4.9207
0.0097656,0.00061035,4.9304
0.010986,0.00030518,4.9231
0.01358,-0.00091553,4.9194
0.015411,-0.00091553,4.9255
0.017242,-0.0010681,4.9292
0.019836,-0.00045776,4.9255
0.020447,-0.00015259,4.9292
0.020599,-0.0019836,4.928
0.019989,-0.0036621,4.9304
0.020294,-0.0036621,4.9316
0.019684,-0.0071716,4.9329
0.019226,-0.0062561,4.9268
0.018616,-0.0047302,4.9329
0.020294,-0.0032043,4.9341
0.020447,-0.0024414,4.9353
0.021515,-0.0027466,4.9402
0.02243,-0.0045776,4.9365
0.025024,-0.0054932,4.9353
0.027618,-0.0062561,4.9341
0.028992,-0.0054932,4.9414
0.03006,-0.0050354,4.9255
0.029602,-0.0039673,4.9292
0.031128,-0.0036621,4.9231
0.029755,-0.0041199,4.9268
0.027466,-0.0038147,4.9243
0.029602,-0.0036621,4.9243
0.031433,-0.0018311,4.9121
0.031281,0,4.9207
0.030212,0.0024414,4.9146
0.028839,0.0045776,4.917
0.028534,0.0035095,4.9121
0.028229,0.0028992,4.9219
0.028076,-0.00091553,4.9109
0.027618,0.0016785,4.9146
0.02655,0.0019836,4.9255
0.025024,0.0018311,4.9109
0.024567,0.0015259,4.9194
0.020142,-0.00030518,4.9109
0.020294,-0.00015259,4.8938
0.019989,0.00015259,4.9072
0.020752,0.00045776,4.906
0.021515,0.002594,4.9109
0.020752,0.00076294,4.906
0.019531,0.00015259,4.9097
0.018616,0.00076294,4.9121
0.016327,0.0010681,4.9109
0.016022,0.00045776,4.917
0.014801,0.00091553,4.9194
0.01358,0.0010681,4.9243
0.01236,0.0010681,4.9255
0.011139,0.0016785,4.928
0.01236,0.0028992,4.9329
0.012665,0.0035095,4.9268
0.013123,0.0032043,4.928
0.013733,0.0018311,4.9292
0.014496,0.00076294,4.939
0.016174,0.00061035,4.9329
0.016327,0.0010681,4.9304
0.016479,0.00076294,4.9316
0.018158,-0.00015259,4.928
0.018311,-0.0012207,4.9268
0.018158,-0.0038147,4.9341
0.018921,-0.005188,4.9316
0.020752,-0.0061035,4.9353
0.022278,-0.0057983,4.9316
0.022888,-0.0041199,4.9365
0.023651,-0.0036621,4.9292
0.024109,-0.0028992,4.9341
0.024872,-0.004425,4.9292
0.025635,-0.007019,4.9304
0.028381,-0.0079346,4.939
0.027618,-0.0082397,4.9255
0.02594,-0.0073242,4.9304
0.025177,-0.0056458,4.9231
0.024261,-0.0054932,4.9084
0.023651,-0.0064087,4.9158
0.023804,-0.0076294,4.9133
0.024414,-0.0065613,4.9219
0.025024,-0.0039673,4.9182
0.025177,0.00045776,4.9097
0.025787,0.0047302,4.9109
0.026855,0.0074768,4.9109
0.028687,0.0079346,4.9109
0.030975,0.0073242,4.9084
0.033722,0.0073242,0.041504
0.034332,0.0073242,0.040283
0.03418,0.0090027,0.041504
0.033722,0.0093079,0.040283
0.032654,0.0088501,0.042725
0.032043,0.007019,0.039063
0.030975,0.0039673,0.037842
0.029449,0.0013733,0.037842
0.027466,0.00045776,0.039063
0.024567,0.0013733,0.050049
0.022583,0.0019836,0.046387
0.021515,0.0041199,0.047607
0.020447,0.0024414,0.05127
0.019073,0.00091553,0.05249
0.017395,-0.0013733,0.05249
0.015717,-0.002594,0.059814
0.013123,-0.0038147,0.054932
0.010071,-0.0036621,0.059814
0.010223,-0.0036621,0.05249
0.0071716,-0.0038147,0.064697
0.0067139,-0.0048828,0.059814
0.005188,-0.0061035,0.062256
0.0059509,-0.007782,0.070801
0.0061035,-0.0056458,0.062256
0.0062561,-0.004425,0.068359
0.0079346,-0.0021362,0.064697
0.011749,-0.00030518,0.046387
0.013885,0.00061035,0.063477
0.015564,0.0013733,0.062256
0.0177,0.0010681,0.064697
0.018463,0.0041199,0.067139
0.019836,0.0027466,0.061035
0.021362,0.0039673,0.062256
0.02182,0.0056458,0.054932
0.022583,0.0059509,0.058594
0.023041,0.0065613,0.05127
0.023346,0.0057983,0.05249
0.023651,0.0042725,0.053711
0.024261,0.0048828,0.047607
0.025177,0.0042725,0.057373
0.025482,-0.00015259,0.048828
0.02655,0.0053406,0.043945
0.02594,0.0053406,0.046387
0.025024,0.0035095,0.031738
0.024261,0.00015259,0.039063
0.02594,-0.002594,0.040283
0.023041,-0.0045776,0.039063
0.02182,-0.0041199,0.037842
0.020447,0.00030518,0.039063
0.021057,-0.0012207,0.0354
0.019989,-0.00076294,0.037842
0.021057,-0.0021362,0.040283
0.021362,-0.0038147,0.036621
0.024872,-0.0030518,0.039063
0.027924,-0.00091553,0.039063
0.030975,0.0010681,0.041504
0.033112,0.0042725,0.043945
0.033722,0.0038147,0.045166
0.034027,0.00076294,0.056152
0.033417,-0.004425,0.050049
0.033875,-0.0032043,0.059814
0.033875,-0.0013733,0.05127
0.033417,0.0022888,0.047607
0.032806,0.0048828,0.057373
0.033112,0.007019,0.058594
0.032501,0.0064087,0.058594
0.032806,0.0050354,0.061035
0.031281,0.0033569,0.061035
0.031891,0.0048828,0.061035
0.031738,0.007019,0.061035
0.031891,0.0080872,0.062256
0.028839,0.0082397,0.059814
0.02594,0.0062561,0.062256
0.022888,0.0028992,0.067139
0.020142,-0.00015259,0.053711
0.016937,-0.0013733,0.068359
0.016632,-0.00015259,0.065918
0.015259,0.0018311,0.070801
0.01297,0.0019836,0.064697
0.012665,0.00091553,0.076904
0.011444,-0.0012207,0.058594
0.010986,-0.0035095,0.067139
0.010986,-0.0041199,0.054932
0.012817,-0.0033569,0.05249
0.013123,-0.0013733,0.050049
0.013275,-0.00045776,0.050049
0.014496,0.00061035,0.045166
0.016022,0.00030518,0.050049
0.016174,-0.00091553,0.043945
0.016937,-0.0024414,0.046387
0.018158,-0.0019836,0.045166
0.022278,-0.00015259,0.045166
0.020905,0.0027466,0.0354
0.023346,0.0033569,0.041504
0.024414,0.004425,0.054932
0.025177,0.0027466,0.041504
0.025482,0.00045776,0.047607
0.025482,0.00045776,0.042725
0.026703,0.0018311,0.023193
0.027161,0.0038147,0.037842
0.023651,0.0050354,0.037842
0.026703,0.0042725,0.041504
0.024414,0.0021362,0.039063
0.022736,-0.00076294,0.029297
0.018616,-0.0028992,0.040283
0.020905,-0.0027466,0.046387
0.020447,-0.0012207,0.046387
0.019684,-0.00015259,0.046387
0.020142,0.00045776,0.056152
0.020142,0,0.053711
0.020294,-0.0013733,0.058594
0.022125,-0.0022888,0.059814
0.02533,-0.0024414,0.061035
0.02533,-0.00091553,0.061035
0.026398,0.0013733,0.062256
0.026398,0.002594,0.075684
0.027924,0.0021362,0.2063
0.027618,0.0010681,4.6509
0.027771,-0.00015259,4.9023
0.028381,-0.00045776,4.928
0.03067,0.0012207,4.9268
0.031586,0.0038147,4.9329
0.031281,0.0056458,4.9316
0.030365,0.0056458,4.9353
0.030518,0.0045776,4.9255
0.027924,0.0030518,4.939
0.028839,0.0022888,4.9316
0.028229,0.002594,4.9329
0.026703,0.0039673,4.928
0.023041,0.0054932,4.9316
0.019684,0.0053406,4.9329
0.017242,0.0036621,4.9255
0.015717,0.00076294,4.9207
0.014038,-0.0021362,4.9207
0.013428,-0.0033569,4.9121
0.012665,-0.004425,4.9182
0.011902,-0.0039673,4.9146
0.009613,-0.0030518,4.9146
0.010529,-0.0028992,4.9158
0.010834,-0.0038147,4.9121
0.010376,-0.0056458,4.9109
0.01236,-0.007019,4.9084
0.013885,-0.0059509,4.9097
0.014954,-0.0054932,4.9072
0.016022,-0.0030518,4.9097
0.017242,-0.00076294,4.9109
0.018005,-0.00030518,4.9109
0.019073,0,4.9072
0.020752,-0.00045776,4.9121
0.023499,-0.00015259,4.917
0.02533,0.0012207,4.9084
0.027008,0.0028992,4.9194
0.027008,0.0042725,4.9158
0.026703,0.004425,4.9023
0.025024,0.0035095,4.9158
0.024414,0.0016785,4.917
0.024872,-0.00015259,4.9268
0.025024,0.0010681,4.9207
0.024872,0.0018311,4.9194
0.023346,0.0039673,4.9292
0.02121,0.0059509,4.9304
0.020294,0.0062561,4.9133
0.019531,0.0054932,4.9268
0.019684,0.0030518,4.9353
0.02121,0.0024414,4.9316
0.02182,0.0024414,4.9316
0.02182,0.0028992,4.9438
0.021057,0.0028992,4.9353
0.020294,0.0032043,4.9329
0.019379,0.002594,4.9353
0.020752,0.0010681,4.9377
0.021515,0.0010681,4.9341
0.023956,0.0010681,4.9341
0.024872,0.0018311,4.9353
0.024567,0.0028992,4.9329
0.023346,0.002594,4.9292
0.023041,0.0015259,4.9304
0.023041,0,4.9255
0.023804,-0.0018311,4.9231
0.024109,-0.0024414,4.9182
0.024261,-0.0018311,4.9207
0.024567,-0.0012207,4.9207
0.022736,0.00061035,4.9219
0.020752,0.00061035,4.9182
0.019836,0.00030518,4.9207
0.021057,-0.0012207,4.9219
0.02182,-0.0010681,4.9158
0.023041,-0.00061035,4.9255
0.022583,0.00091553,4.9072
0.022278,0.002594,4.906
0.019684,0.002594,4.9133
0.017395,0.0012207,4.9109
0.017548,0.00015259,4.906
0.019073,-0.0013733,4.9023
0.018616,-0.00091553,4.9097
0.018768,0.00030518,4.9109
0.018158,0.0035095,4.9084
0.018005,0.0039673,4.9133
0.016632,0.0033569,4.9109
0.016174,0.0024414,4.9133
0.017395,0.00015259,4.9158
0.018768,-0.00061035,4.9158
0.019379,-0.0010681,4.9231
0.018616,-0.00015259,4.9194
0.016937,-0.00045776,4.9231
0.015869,-0.0013733,4.928
0.015106,-0.0018311,4.9255
0.016632,-0.0027466,4.9292
0.018616,-0.0032043,4.9146
0.019531,-0.0027466,4.9292
0.020447,-0.0012207,4.9353
0.020142,-0.0012207,4.9329
0.018005,-0.00076294,4.9304
0.018005,-0.00045776,4.9292
0.019226,0.00045776,4.9097
0.02121,-0.0010681,4.9292
0.023804,-0.0012207,4.9353
0.025024,-0.0015259,4.9341
0.024719,-0.0016785,4.9353
0.022736,-0.00045776,4.9329
0.020905,-0.00061035,4.928
0.018921,-0.00076294,4.9451
0.020752,0.0030518,4.9329
0.02182,0.0016785,4.9353
0.022888,0.0019836,4.9292
0.023193,0.0027466,4.9109
0.023346,0.0024414,0.053711
0.022736,0.0018311,0.056152
0.023193,0.00061035,0.050049
0.024109,0.00015259,0.05127
0.02655,-0.00045776,0.043945
0.028687,-0.0016785,0.05127
0.028381,-0.00045776,0.041504
0.024414,0.00030518,0.046387
0.02243,0.0015259,0.042725
0.019531,0.0018311,0.042725
0.018921,0.0022888,0.041504
0.018921,0.0016785,0.043945
0.021362,0.0012207,0.047607
0.02243,0.00091553,0.040283
0.023041,0.0019836,0.039063
0.02243,0,0.041504
0.021362,-0.00061035,0.024414
0.020905,-0.00045776,0.036621
0.021057,-0.00045776,0.039063
0.023193,-0.0018311,0.037842
0.020599,-0.0030518,0.042725
0.018768,-0.0028992,0.036621
0.015564,-0.00061035,0.046387
0.01297,-0.0038147,0.046387
0.011139,-0.0039673,0.050049
0.010071,-0.0042725,0.048828
0.011139,-0.0050354,0.05127
0.013123,-0.0053406,0.053711
0.015106,-0.0050354,0.061035
0.016022,-0.0032043,0.059814
0.015717,-0.0024414,0.062256
0.014496,-0.0012207,0.061035
0.014038,0.00030518,0.063477
0.015411,0.0033569,0.074463
0.018463,0.0010681,0.059814
0.019531,-0.00045776,0.050049
0.020447,-0.0021362,0.062256
0.019379,-0.0042725,0.062256
0.0177,-0.0053406,0.062256
0.015717,-0.0050354,0.064697
0.015717,-0.0053406,0.065918
0.017548,-0.0071716,0.065918
0.019073,-0.0041199,0.062256
0.020447,-0.0021362,0.067139
0.020142,0,0.061035
0.019379,0.0016785,0.063477
0.018921,0.0033569,0.059814
0.018768,0.0038147,0.054932
0.021362,0.0024414,0.057373
0.023041,0.00076294,0.054932
0.022888,-0.0016785,0.047607
0.021667,-0.0018311,0.048828
0.017853,-0.0039673,0.036621
0.016937,-0.0041199,0.048828
0.015564,-0.0028992,0.045166
0.016479,-0.0018311,0.041504
0.019226,-0.0013733,0.041504
0.021973,0.00091553,0.041504
0.023041,0.0016785,0.045166
0.023041,0.0032043,0.039063
0.021973,0.0041199,0.041504
0.022125,0.0041199,0.036621
0.023499,0.0047302,0.042725
0.027313,0.0035095,0.041504
0.028839,0.0019836,0.042725
0.028992,-0.00030518,0.036621
0.025635,-0.0018311,0.042725
0.023651,-0.0027466,0.05249
0.020142,-0.0027466,0.042725
0.017853,-0.0019836,0.048828
0.018005,-0.00045776,0.042725
0.018158,-0.002594,0.032959
0.018311,-0.0035095,0.045166
0.018158,-0.00061035,0.05127
0.017548,-0.0062561,0.05249
0.016632,-0.0048828,0.054932
0.016327,-0.004425,0.054932
0.018616,-0.0041199,0.067139
0.021515,-0.0030518,0.058594
0.023346,-0.0035095,0.062256
0.023651,-0.0042725,0.054932
0.020142,-0.0047302,0.063477
0.017242,-0.0047302,0.061035
0.013123,-0.0042725,0.064697
0.012054,-0.0019836,0.075684
0.01236,-0.00045776,0.065918
0.013885,-0.00015259,0.062256
0.018616,-0.00030518,0.067139
0.021515,-0.00061035,0.073242
0.020447,-0.0012207,0.064697
0.023651,-0.00045776,0.058594
0.024261,0.00076294,0.064697
0.026245,0.0019836,0.061035
0.028229,0.0019836,0.056152
0.028839,0.00030518,0.056152
0.028076,-0.002594,0.056152
0.022736,-0.0048828,0.05127
0.019073,-0.0042725,0.048828
0.016022,-0.0033569,0.05127
0.016022,-0.0022888,0.043945
0.018158,-0.0027466,0.047607
0.018768,-0.004425,0.047607
0.022583,-0.0073242,0.046387
0.023499,-0.0082397,0.056152
0.02243,-0.0071716,0.043945
0.02182,-0.0039673,0.05249
0.022278,0,0.040283
0.024109,0.0024414,0.029297
0.026093,0.0024414,0.040283
0.027618,0.0013733,0.039063
0.027008,-0.00015259,0.03418
0.023804,-0.00015259,0.036621
0.022736,0.0012207,0.032959
0.02243,0.0032043,0.040283
0.023499,0.0045776,0.037842
0.02533,0.0045776,0.043945
0.026703,0.0027466,0.036621
0.028381,0.00076294,2.9138
0.027771,0.00045776,4.7961
0.026703,0.00091553,4.9097
0.026245,0.0047302,4.9194
0.027771,0.0062561,4.9231
0.029907,0.0073242,4.9207
0.031738,0.0036621,4.928
0.032043,0.0010681,4.9365
0.030365,-0.00015259,4.9304
0.027466,0.00015259,4.9243
0.024414,0.0022888,4.9304
0.021667,0.0042725,4.9316
0.02121,0.0057983,4.9316
0.020599,0.0057983,4.9316
0.021362,0.0045776,4.9292
0.021362,0.0036621,4.9377
0.020752,0.0039673,4.9329
0.019989,0.0047302,4.9377
0.018616,0.0062561,4.9341
0.019379,0.0083923,4.9377
0.021515,0.0057983,4.9329
0.022583,0.0045776,4.9365
0.023346,0.0035095,4.9451
0.02182,0.0028992,4.9329
0.019989,0.0035095,4.9255
0.01709,0.0054932,4.9292
0.015564,0.0073242,4.9084
0.016022,0.007782,4.9133
0.016937,0.0059509,4.9219
0.018768,0.0024414,4.9182
0.018921,-0.00030518,4.917
0.018311,-0.0021362,4.9121
0.017853,-0.0015259,4.9158
0.017242,-0.00030518,4.9133
0.019531,0.00061035,4.9158
0.021362,0.0013733,4.9072
0.023804,0.0010681,4.9146
0.024261,0.00030518,4.906
0.022736,0.00091553,4.9121
0.021057,0.0021362,4.9084
0.018768,0.0045776,4.9109
0.019379,0.0061035,4.906
0.020752,0.011292,4.9133
0.021973,0.005188,4.9146
0.024414,0.0022888,4.9084
0.025482,0.00030518,4.906
0.023956,-0.00030518,4.9121
0.02533,0.0012207,4.9121
0.025635,0.0033569,4.8999
0.02594,0.005188,4.9182
0.027924,0.0047302,4.9158
0.029144,0.0036621,4.9207
0.028992,0.0027466,4.9207
0.027924,0.0054932,4.9304
0.027771,0.0036621,4.9255
0.024719,0.0047302,4.9316
0.024261,0.0057983,4.9304
0.025482,0.0068665,4.9353
0.026855,0.0048828,4.9426
0.027771,0.0038147,4.9341
0.026093,0.0030518,4.9365
0.025177,0.0048828,4.9341
0.022888,0.0064087,4.9268
0.021515,0.0080872,4.9329
0.019226,0.0086975,4.9353
0.023651,0.0083923,4.9353
0.024567,0.0054932,4.9365
0.023956,0.0030518,4.9353
0.02243,0.0030518,4.9365
0.019836,0.002594,4.9377
0.019684,0.0016785,4.9353
0.019226,0.0042725,4.9292
0.02182,0.0042725,4.9292
0.019073,0.0024414,4.9255
0.018463,0.00076294,4.9255
0.017853,0,4.9231
0.015564,-0.00015259,4.9243
0.015564,0.0022888,4.928
0.015564,0.0036621,4.9182
0.015717,0.0013733,4.9255
0.016785,0.00076294,4.9146
0.018005,-0.0021362,4.9023
0.017242,-0.0036621,4.9109
0.014191,-0.0033569,4.9109
0.015411,-0.0010681,4.9133
0.014191,0.0019836,4.9133
0.015106,0.0028992,4.9048
0.015717,0.0045776,4.9121
0.017548,0.0033569,4.9072
0.018463,0.0016785,4.9109
0.018158,0.0016785,4.9072
0.017853,0.0024414,4.9146
0.017548,0.0045776,4.9121
0.017548,0.0056458,4.9121
0.018921,0.0053406,4.9243
0.020599,0.0033569,4.8914
0.021515,0.00015259,4.9207
0.021515,-0.00076294,4.9194
0.019073,0.00045776,4.906
0.018005,0.0022888,4.9207
0.016937,0.0047302,4.9219
0.016632,0.0038147,4.9182
0.018005,0.0028992,4.928
0.018158,-0.00030518,4.9243
0.0177,-0.0027466,4.9316
0.016937,-0.0027466,4.9316
0.015259,-0.0012207,4.9329
0.014954,0.00091553,4.9304
0.016022,0.0022888,4.9341
0.015717,0.0015259,0.063477
0.020294,-0.00045776,0.064697
0.020905,-0.002594,0.064697
0.020905,-0.0021362,0.067139
0.020905,-0.00091553,0.067139
0.019073,0.0024414,0.068359
0.018616,0.0042725,0.081787
0.019989,0.0068665,0.065918
0.02182,0.0038147,0.05127
0.02243,0.0018311,0.062256
0.021973,0.00045776,0.061035
0.022125,-0.002594,0.05249
0.021515,0.00076294,0.057373
0.020905,0.0022888,0.050049
0.020905,0.0028992,0.048828
0.021515,0.0028992,0.047607
0.02182,0.0012207,0.046387
0.021362,0,0.046387
0.019836,-0.00076294,0.047607
0.018768,0,0.046387
0.016632,0.0013733,0.045166
0.01709,0.0021362,0.050049
0.01709,0.0021362,0.042725
0.019531,0.00015259,0.047607
0.020447,-0.0018311,0.039063
0.020905,-0.002594,0.028076
0.018921,-0.0035095,0.040283
0.019531,-0.0013733,0.040283
0.018921,0.00061035,0.037842
0.019226,0.0053406,0.039063
0.020294,0.004425,0.039063
0.021362,0.0039673,0.039063
0.021973,0.0042725,0.040283
0.020905,0.0061035,0.045166
0.020447,0.005188,0.041504
0.019379,0.0056458,0.043945
0.019379,0.0059509,0.046387
0.021667,0.0045776,0.053711
0.022888,0.0021362,0.05127
0.021973,-0.0012207,0.053711
0.021973,-0.0036621,0.056152
0.019684,-0.0056458,0.057373
0.017242,-0.0048828,0.068359
0.015717,-0.0042725,0.063477
0.014954,-0.0033569,0.048828
0.015869,-0.0036621,0.058594
0.016327,-0.0050354,0.065918
0.015869,-0.0073242,0.058594
0.015411,-0.0067139,0.061035
0.015411,-0.0080872,0.058594
0.016479,-0.0056458,0.063477
0.018311,-0.0027466,0.057373
0.02121,-0.00076294,0.065918
0.024414,-0.0012207,0.064697
0.026855,-0.0018311,0.068359
0.027466,-0.0022888,0.063477
0.026398,-0.0012207,0.065918
0.026245,0.0016785,0.076904
0.025024,0.0035095,0.062256
0.024567,0.0048828,0.057373
0.025635,0.0039673,0.057373
0.026398,0.00091553,0.037842
0.026398,-0.0024414,0.05249
0.026093,-0.0042725,0.048828
0.026093,-0.0042725,0.048828
0.02594,-0.0028992,0.046387
0.026703,-0.00076294,0.046387
0.027618,-0.00045776,0.043945
0.028687,-0.00061035,0.041504
0.028534,-0.0013733,0.043945
0.026855,-0.0016785,0.036621
0.024872,-0.00091553,0.042725
0.021667,0.00091553,0.041504
0.019226,0.0027466,0.042725
0.016937,0.0028992,0.040283
0.0177,0.0012207,0.040283
0.01709,-0.0015259,0.045166
0.018311,-0.0045776,0.041504
0.018005,-0.0054932,0.047607
0.019073,-0.0042725,0.036621
0.019073,-0.0021362,0.032959
0.018768,-0.00091553,0.041504
0.018616,-0.0024414,0.041504
0.018005,-0.0050354,0.039063
0.017548,-0.0076294,0.047607
0.016174,-0.011139,0.047607
0.015717,-0.0085449,0.05249
0.014801,-0.0053406,0.05127
0.014343,-0.0038147,0.061035
0.014801,-0.0039673,0.054932
0.016479,-0.005188,0.061035
0.017395,-0.0079346,0.064697
0.018921,-0.0097656,0.063477
0.019989,-0.0086975,0.074463
0.019531,-0.0074768,0.063477
0.019379,-0.0057983,0.061035
0.018311,-0.005188,0.061035
0.018921,-0.0057983,0.062256
0.019379,-0.0068665,0.064697
0.019836,-0.0065613,0.059814
0.018005,-0.0053406,0.061035
0.019379,-0.0027466,0.068359
0.018616,0.00045776,0.063477
0.017548,0.0019836,0.065918
0.018005,0.0019836,0.061035
0.018921,0.00076294,0.063477
0.019379,-0.0016785,0.053711
0.020294,-0.0015259,0.057373
0.019989,-0.0033569,0.057373
0.019684,-0.002594,0.053711
0.019989,-0.0010681,0.043945
0.019226,-0.00030518,0.050049
0.02121,-0.00076294,0.062256
0.022125,-0.0018311,0.046387
0.023193,-0.0032043,0.056152
0.023041,-0.0038147,0.045166
0.023193,-0.0035095,0.036621
0.022583,-0.0027466,0.041504
0.02121,-0.0027466,4.5813
0.020599,-0.0024414,4.8877
0.020599,-0.0021362,4.9146
0.021667,-0.0027466,4.9048
0.021667,-0.0018311,4.9109
0.02182,-0.0019836,4.9048
0.022583,-0.00030518,4.9084
0.023193,0.00091553,4.9097
0.023651,0.00091553,4.9146
0.024109,-0.00015259,4.9097
0.024109,-0.0024414,4.9109
0.024414,-0.0053406,4.9194
0.026093,-0.0062561,4.9133
0.023499,-0.0054932,4.9109
0.022125,-0.0047302,4.9194
0.019684,-0.0018311,4.9158
0.020447,-0.0033569,4.9219
0.020294,-0.0030518,4.9194
0.021362,-0.0039673,4.9255
0.022583,-0.0035095,4.928
0.021515,-0.002594,4.9255
0.022125,-0.0021362,4.9316
0.021515,0.00091553,4.9304
0.022278,-0.0015259,4.9292
0.02243,-0.0012207,4.9292
0.02243,-0.0024414,4.9353
0.023193,-0.0035095,4.9292
0.023651,-0.0022888,4.9304
0.022888,-0.00076294,4.9316
0.021362,0.00061035,4.9377
0.019531,0.0015259,4.9426
0.019531,0.00045776,4.9377
0.019531,-0.00030518,4.9451
0.02121,-0.0016785,4.9353
0.022736,-0.00076294,4.9194
0.024719,0.00015259,4.9304
0.026093,0.00076294,4.9304
0.023956,0.00076294,4.9231
0.02594,-0.00091553,4.9255
0.024719,-0.0024414,4.9255
0.023346,-0.0041199,4.9231
0.021973,-0.0028992,4.9109
0.02182,-0.0016785,4.9194
0.020447,0.0010681,4.9158
0.019684,0.0032043,4.9207
0.0177,0.0050354,4.9194
0.020905,0.0050354,4.9194
0.022736,0.0054932,4.9146
0.025787,0.0053406,4.9146
0.027161,0.005188,4.9109
0.029755,0.0061035,4.9097
0.031891,0.0053406,4.9109
0.032196,0.0039673,4.9133
0.031281,0.0028992,4.9011
0.028992,0.0022888,4.9097
0.027161,0.0016785,4.9133
0.027466,0.0038147,4.9121
0.024719,0.0054932,4.9097
0.024414,0.0073242,4.9084
0.024109,0.0083923,4.9121
0.024414,0.0085449,4.9121
0.023956,0.0073242,4.9194
0.024109,0.0064087,4.9194
0.025177,0.0057983,4.9243
0.026703,0.0054932,4.9207
0.02655,0.0059509,4.9304
0.026245,0.0053406,4.9255
0.024261,0.0054932,4.9304
0.021973,0.0042725,4.9377
0.019836,0.0045776,4.9341
0.019073,0.0062561,4.9146
0.018463,0.007782,4.9304
0.018616,0.0097656,4.9316
0.018158,0.0099182,4.9304
0.020447,0.0082397,4.9292
0.018311,0.0067139,4.9304
0.018616,0.0061035,4.9353
0.019684,0.005188,4.939
0.02121,0.0061035,4.9365
0.021973,0.0068665,4.9292
0.02182,0.0068665,4.9377
0.020905,0.0057983,4.9341
0.020294,0.005188,4.9353
0.019379,0.0054932,4.9402
0.019531,0.0056458,4.9329
0.019226,0.0064087,4.9304
0.018768,0.0024414,4.928
0.019684,0.0062561,4.9231
0.019073,0.005188,4.9243
0.019226,0.0045776,4.9182
0.018921,0.0036621,4.9207
0.019226,0.0027466,4.917
0.019684,0.0024414,4.9158
0.020905,0.0015259,4.9158
0.018005,0.00076294,4.9121
0.017853,-0.0013733,4.9121
0.020599,-0.0013733,4.9048
0.01358,-0.0010681,4.9121
0.013733,-0.00091553,4.9121
0.013275,-0.00015259,4.9158
0.014038,-0.0032043,4.906
0.013885,-0.00061035,4.9109
0.015717,-0.0015259,4.9194
0.017548,-0.0016785,4.9097
0.019379,-0.002594,4.9182
0.02121,-0.00061035,4.9109
0.023651,0,4.9036
0.025177,0.0018311,0.047607
0.026703,0.0027466,0.042725
0.026703,0.0021362,0.043945
0.02655,0.0035095,0.048828
0.026093,0.0033569,0.043945
0.024261,0.0035095,0.057373
0.023804,0.0036621,0.05249
0.024261,0.0033569,0.058594
0.024261,0.0024414,0.056152
0.023956,0.0015259,0.063477
0.024261,0.00015259,0.062256
0.023499,-0.0012207,0.062256
0.023346,-0.0010681,0.067139
0.023346,-0.00030518,0.067139
0.024414,0.00030518,0.062256
0.022888,0.0010681,0.061035
0.022736,0.0010681,0.070801
0.020599,0.0012207,0.062256
0.019379,0.00076294,0.059814
0.017395,0.0010681,0.063477
0.01709,0.0018311,0.064697
0.017548,0.0015259,0.065918
0.019073,0.0015259,0.063477
0.019379,0.0013733,0.057373
0.019226,-0.00015259,0.063477
0.019531,0.00030518,0.056152
0.019684,-0.00030518,0.056152
0.019684,0.00015259,0.056152
0.020447,0.0010681,0.057373
0.021362,0.0018311,0.048828
0.021057,0.0032043,0.05127
0.020905,0.0032043,0.062256
0.020447,0.0028992,0.047607
0.019531,0.0024414,0.05249
0.019073,0.0016785,0.043945
0.020294,0.0022888,0.030518
0.018616,0.0032043,0.039063
0.019531,0.0032043,0.042725
0.018311,0.0030518,0.039063
0.019379,0.0022888,0.041504
0.019531,0.0010681,0.03418
0.018616,0.0010681,0.041504
0.017853,0.0021362,0.037842
0.0177,0.0035095,0.040283
0.016937,0.004425,0.0354
0.016937,0.0035095,0.040283
0.016174,0.0022888,0.041504
0.015564,0.0012207,0.042725
0.015106,-0.00076294,0.048828
0.014648,-0.0010681,0.045166
0.015564,-0.00076294,0.043945
0.016174,-0.00015259,0.048828
0.015869,0.00045776,0.050049
0.016174,0.00015259,0.050049
0.0177,0.00015259,0.050049
0.01709,-0.00045776,0.057373
0.017548,-0.00091553,0.056152
0.016937,0.0010681,0.058594
0.017853,0.0013733,0.062256
0.018616,0.0016785,0.061035
0.019379,0.00061035,0.059814
0.020142,-0.00015259,0.059814
0.020599,-0.0013733,0.063477
0.021057,-0.0015259,0.058594
0.022125,-0.0010681,0.062256
0.022888,0.00030518,0.064697
0.023651,0.0010681,0.065918
0.023956,0.0015259,0.073242
0.023651,0.0015259,0.068359
0.023651,0.0010681,0.070801
0.023041,0.00091553,0.063477
0.023346,0.00061035,0.050049
0.021515,0.0012207,0.059814
0.021515,0.0016785,0.056152
0.02121,0.0012207,0.05127
0.021515,-0.00015259,0.054932
0.018768,-0.0022888,0.045166
0.018463,-0.0039673,0.047607
0.017395,-0.0038147,0.046387
0.017242,-0.002594,0.050049
0.016937,-0.0028992,0.042725
0.016937,-0.002594,0.046387
0.016022,-0.0030518,0.047607
0.016022,-0.002594,0.045166
0.016632,-0.0027466,0.040283
0.0177,-0.0019836,0.041504
0.015717,-0.0010681,0.043945
0.019226,-0.00061035,0.039063
0.020752,0.00061035,0.039063
0.021667,0.00030518,0.041504
0.020447,-0.00030518,0.041504
0.023041,-0.00015259,0.036621
0.024261,0.00076294,0.042725
0.024414,0.0024414,0.039063
0.028381,0.0041199,0.040283
0.025177,0.0042725,0.036621
0.025024,0.0042725,0.045166
0.024414,0.0042725,0.042725
0.023956,0.0021362,0.047607
0.023193,0.00091553,0.046387
0.02243,0,0.054932
0.021515,0.00015259,0.054932
0.019531,0,0.057373
0.018921,-0.0012207,0.073242
0.016937,-0.0019836,0.062256
0.016022,-0.0035095,0.061035
0.015106,-0.004425,0.063477
0.014191,-0.0038147,0.05127
0.013733,-0.0024414,0.058594
0.014343,-0.0022888,0.056152
0.014801,-0.0018311,0.061035
0.016479,-0.0010681,0.059814
0.018768,-0.00076294,0.058594
0.019836,0.00030518,0.064697
0.021973,0.00061035,0.063477
0.023651,-0.00015259,0.068359
0.024414,0.00091553,0.063477
0.024872,0.00076294,0.067139
0.02533,0.00015259,2.2913
0.022736,-0.00030518,4.7571
0.026855,-0.0015259,4.9158
0.025635,-0.00030518,4.9231
0.027618,0.00045776,4.9292
0.027161,0.0015259,4.9219
0.027008,0.0018311,4.9292
0.027008,0.00076294,4.9219
0.025635,0.0010681,4.9109
0.025024,0.00045776,4.9182
0.023651,0.00030518,4.9158
0.022888,0.00061035,4.9133
0.021515,0.00091553,4.9194
0.019226,0,4.9109
0.020294,-0.0010681,4.9121
0.019226,0.00030518,4.9084
0.019531,0.00091553,4.9109
0.018768,0.00030518,4.9097
0.018158,0.00091553,4.9133
0.018463,0.00091553,4.9097
0.016327,0.0032043,4.9121
0.018463,0.0019836,4.9158
0.0177,0.0019836,4.9109
0.017853,-0.0010681,4.9109
0.018005,0.00091553,4.9109
0.019836,0.00061035,4.9084
0.021362,0.00015259,4.9158
0.02182,0.0027466,4.9072
0.02243,0.00030518,4.9146
0.022278,-0.00030518,4.9207
0.020599,-0.00045776,4.9207
0.018768,-0.0012207,4.9231
0.019226,-0.0024414,4.928
0.018616,-0.0012207,4.928
0.018005,-0.0030518,4.9292
0.014801,-0.0022888,4.9292
0.016022,-0.0021362,4.9304
0.015717,-0.0021362,4.9341
0.015717,-0.0024414,4.9304
0.014801,-0.0022888,4.9341
0.016174,-0.0013733,4.9377
0.016327,-0.00030518,4.9353
0.015106,0.0012207,4.939
0.014343,0.00045776,4.9353
0.013123,-0.00061035,4.9219
0.013275,-0.0013733,4.9304
0.013123,-0.00091553,4.9292
0.013885,-0.00015259,4.9304
0.015259,0.0012207,4.9329
0.016174,0.0022888,4.9292
0.017548,0.0018311,4.9316
0.019073,0.00045776,4.9255
0.020905,-0.00061035,4.9255
0.02121,0.00015259,4.9182
0.024567,-0.0013733,4.9182
0.025482,-0.00030518,4.9097
0.025482,0.00076294,4.9231
0.026245,0.0022888,4.9207
0.025177,0.0010681,4.9194
0.024567,0.00045776,4.9109
0.025482,0.0010681,4.9158
0.027161,0.0015259,4.8962
0.028381,0.0019836,4.9097
0.028534,0.0019836,4.9109
0.028076,0.0015259,4.9121
0.027008,0,4.9109
0.025635,-0.0010681,4.9072
0.025482,-0.0013733,4.9109
0.025482,-0.0016785,4.906
0.025177,-0.00091553,4.9084
0.025482,-0.00015259,4.9097
0.023956,-0.00030518,4.9133
0.023651,-0.00061035,4.9133
0.021362,-0.0013733,4.9146
0.020294,-0.0015259,4.9121
0.02121,-0.00076294,4.917
0.021362,-0.0015259,4.9194
0.02243,-0.0018311,4.9207
0.022278,-0.002594,4.9377
0.021667,-0.0039673,4.9243
0.021515,-0.0036621,4.917
0.020905,-0.004425,4.9292
0.022278,-0.0036621,4.928
0.023193,-0.0036621,4.9316
0.024261,-0.0032043,4.9304
0.025635,-0.0027466,4.9304
0.025635,-0.0022888,4.9329
0.026093,-0.0024414,4.9304
0.026093,-0.0012207,4.9353
0.026855,-0.0010681,4.928
0.028687,-0.0010681,4.9365
0.027924,-0.00061035,4.9329
0.028687,-0.00061035,4.9377
0.027618,-0.00076294,4.9475
0.027161,-0.0021362,4.9377
0.025787,-0.0028992,4.9341
0.023956,-0.0030518,4.9329
0.022736,-0.0024414,4.9231
0.02182,-0.0022888,4.9292
0.02121,-0.0016785,4.9255
0.021973,-0.0016785,4.9219
0.021973,-0.0027466,4.9231
0.022278,-0.0033569,4.9219
0.020752,-0.0024414,4.9207
0.020599,-0.0032043,4.9146
0.020447,-0.0019836,4.9194
0.020142,-0.0027466,4.9109
0.021362,-0.0033569,4.9158
0.02182,-0.0021362,0.043945
0.020752,-0.00091553,0.043945
0.020905,0.00045776,0.039063
0.020599,0.0019836,0.039063
0.02121,0.0027466,0.047607
0.022736,0.0035095,0.040283
0.024567,0.0038147,0.046387
0.027161,0.0038147,0.040283
0.027618,0.0027466,0.037842
0.028076,0.0016785,0.037842
0.027924,0.00061035,0.042725
0.027771,-0.00061035,0.039063
0.028076,0.00061035,0.042725
0.028229,0.0016785,0.037842
0.027618,0.0036621,0.046387
0.02655,0.0059509,0.047607
0.024261,0.0065613,0.050049
0.023499,0.0061035,0.05249
0.022583,0.005188,0.057373
0.02243,0.0039673,0.056152
0.02243,0.0042725,0.059814
0.022736,0.0059509,0.074463
0.022736,0.007019,0.061035
0.02243,0.0056458,0.064697
0.021667,0.0062561,0.062256
0.02121,0.0045776,0.050049
0.019379,0.0032043,0.062256
0.0177,0.0035095,0.061035
0.017548,0.004425,0.062256
0.016632,0.0057983,0.063477
0.016479,0.0068665,0.059814
0.016022,0.0053406,0.067139
0.015869,0.0028992,0.062256
0.016937,0.00091553,0.068359
0.017853,0.0010681,0.062256
0.018768,0.002594,0.067139
0.020752,0.0041199,0.061035
0.020905,0.0054932,0.061035
0.020294,0.005188,0.059814
0.021362,0.0035095,0.058594
0.017548,0.00061035,0.058594
0.016937,-0.00045776,0.05127
0.016632,-0.0018311,0.061035
0.017548,-0.0019836,0.046387
0.018463,-0.0016785,0.039063
0.018921,-0.0033569,0.037842
0.018311,-0.0022888,0.043945
0.018005,-0.0024414,0.041504
0.018921,-0.0015259,0.041504
0.021973,-0.00076294,0.039063
0.022125,0.00030518,0.039063
0.023499,0.0018311,0.037842
0.023346,0.0016785,0.040283
0.02121,0.0019836,0.040283
0.023041,0.0010681,0.041504
0.023956,0.00015259,0.040283
0.024719,0,0.047607
0.026093,0.0012207,0.048828
0.025482,0.0024414,0.041504
0.025024,0.0045776,0.048828
0.025024,0.0065613,0.040283
0.024261,0.0065613,0.03418
0.024414,0.0065613,0.046387
0.023956,0.0091553,0.046387
0.024719,0.0039673,0.050049
0.023804,0.0036621,0.054932
0.024261,0.0039673,0.053711
0.023346,0.0045776,0.053711
0.020752,0.0047302,0.054932
0.022125,0.0038147,0.061035
0.020599,0.0030518,0.065918
0.020905,0.0035095,0.063477
0.020752,0.002594,0.062256
0.020294,0.0035095,0.057373
0.019226,0.0039673,0.057373
0.018463,0.0033569,0.062256
0.017242,0.0045776,0.068359
0.018005,0.0027466,0.064697
0.018921,0.00030518,0.075684
0.020599,0,0.061035
0.020599,0.00030518,0.056152
0.020294,0.0015259,0.065918
0.019989,0.0033569,0.065918
0.018921,0.0021362,0.064697
0.017853,0.0024414,0.059814
0.016785,0.0013733,0.057373
0.016632,0.0016785,0.053711
0.016785,0.0021362,0.05249
0.016632,0.0032043,0.056152
0.015564,0.0042725,0.048828
0.016022,0.0028992,0.048828
0.016022,0.0030518,0.046387
0.016327,0.0022888,0.047607
0.017548,0.0027466,0.054932
0.019531,0.0045776,0.046387
0.019531,0.0057983,0.041504
0.019684,0.0068665,0.043945
0.020599,0.0080872,0.025635
0.017395,0.0074768,0.037842
0.01709,0.007019,0.031738
0.016785,0.0041199,0.037842
0.017242,0.0059509,0.039063
0.0177,0.0065613,0.039063
0.017395,0.0068665,0.039063
0.017548,0.0057983,0.036621
0.017395,0.0061035,0.03418
0.017395,0.0038147,0.036621
0.018158,0.0024414,0.042725
0.018158,0.0059509,0.042725
0.018463,0.0024414,0.045166
0.018158,0.0030518,0.045166
0.016174,0.0036621,0.050049
0.017242,0.0042725,0.057373
0.015869,0.0039673,0.057373
0.015106,0.0030518,0.065918
0.015717,0.002594,0.056152
0.016632,0.0022888,0.050049
0.018005,0.0035095,0.061035
0.018921,0.0042725,4.3896
0.018463,0.0059509,4.8889
0.015869,0.0041199,4.9255
0.018311,0.0028992,4.9268
0.018463,-0.0030518,4.9329
0.018463,0.00076294,4.9207
0.018921,0.0012207,4.9329
0.018311,0.0019836,4.9292
0.0177,0.0024414,4.9341
0.018311,0.0024414,4.939
0.018768,0.0015259,4.9365
0.019836,0.00030518,4.9365
0.019989,-0.00015259,4.939
0.022278,-0.00015259,4.9329
0.022278,0,4.9304
0.022125,0.00015259,4.9268
0.018158,0.00045776,4.9292
0.020142,-0.00015259,4.9072
0.019073,-0.0010681,4.9194
0.018005,-0.0024414,4.9231
0.015259,-0.0033569,4.917
0.016785,-0.0032043,4.9194
0.017853,-0.0019836,4.9158
0.018311,-0.00076294,4.917
0.019226,0.00061035,4.9133
0.021057,0.0022888,4.9121
0.022583,0.0035095,4.9133
0.024261,0.0047302,4.9146
0.02594,0.0035095,4.9109
0.027008,0.0035095,4.9133
0.028076,0.0041199,4.9207
0.027466,0.0038147,4.906
0.026093,0.0036621,4.9158
0.025177,0.0027466,4.9084
0.023956,0.0018311,4.8938
0.023651,0.0013733,4.9097
0.02182,0.0013733,4.9084
0.019989,0.0024414,4.9133
0.019379,0.0032043,4.9109
0.018158,0.0027466,4.9109
0.0177,0.00030518,4.917
0.018158,-0.0015259,4.917
0.018311,-0.0042725,4.9231
0.019989,-0.005188,4.917
0.018311,-0.0061035,4.9243
0.017548,-0.0061035,4.928
0.015106,-0.0056458,4.9304
0.014191,-0.0050354,4.9329
0.013123,-0.0056458,4.9316
0.013428,-0.0079346,4.9304
0.014343,-0.0035095,4.9365
0.015564,-0.0038147,4.9402
0.018311,-0.0019836,4.9304
0.02243,-0.00091553,4.9292
0.024261,0.00015259,4.9329
0.026398,0.0010681,4.9329
0.028229,0.00061035,4.9304
0.03006,0.00015259,4.9365
0.03067,0.00045776,4.9353
0.030365,0,4.9377
0.029449,0.00061035,4.9329
0.028381,0.00091553,4.9377
0.027313,0.00061035,4.9268
0.026245,-0.00030518,4.9353
0.027008,-0.0013733,4.928
0.027466,-0.00091553,4.9292
0.027618,-0.00030518,4.9304
0.028076,0.0016785,4.9219
0.027008,0.0033569,4.9207
0.02594,0.0048828,4.9207
0.024567,0.0050354,4.9084
0.022583,0.0035095,4.9158
0.02182,0.0019836,4.9158
0.020447,0.00091553,4.9133
0.019989,0.0013733,4.9133
0.018616,0.0012207,4.9109
0.017242,0.00061035,4.9121
0.016937,0.00076294,4.9084
0.016632,-0.00030518,4.9109
0.016632,-0.00076294,4.906
0.0177,-0.00045776,4.9146
0.0177,0.00045776,4.9121
0.018616,0.0021362,4.9109
0.018005,0.0027466,4.9072
0.01709,0.0024414,4.9133
0.01709,-0.00015259,4.9084
0.017548,-0.0022888,4.9109
0.017548,-0.0042725,4.9182
0.018158,-0.0050354,4.9158
0.018921,-0.0054932,4.9011
0.019073,-0.004425,4.9182
0.018768,-0.0038147,4.9194
0.018463,-0.0048828,4.9231
0.018311,-0.0053406,4.9255
0.019226,-0.0053406,4.9255
0.018768,-0.0050354,4.9255
0.019226,-0.0028992,4.9316
0.017548,-0.0012207,4.9316
0.018158,-0.0012207,4.928
0.018311,-0.0016785,4.9316
0.018463,-0.0032043,4.928
0.018768,-0.0027466,4.9329
0.020599,-0.0035095,4.9438
0.019531,-0.002594,4.939
0.019073,-0.0010681,4.9377
0.018463,-0.0016785,4.9414
0.015411,-0.0021362,4.9207
0.015869,-0.0028992,4.9353
0.016022,-0.0042725,0.063477
0.016479,-0.0076294,0.062256
0.016479,-0.0038147,0.059814
0.016632,-0.0027466,0.054932
0.017853,-0.0027466,0.058594
0.019073,-0.0035095,0.05127
0.020599,-0.0047302,0.053711
0.022736,-0.0048828,0.047607
0.024567,-0.0045776,0.05127
0.02594,-0.002594,0.047607
0.026855,-0.00076294,0.047607
0.026703,0.0038147,0.05127
0.029755,0.0010681,0.046387
0.027771,0.00091553,0.043945
0.027313,-0.00015259,0.042725
0.027466,-0.00076294,0.037842
0.027466,-0.00076294,0.037842
0.028381,-0.00030518,0.021973
0.028839,0.00045776,0.037842
0.030212,0.0038147,0.0354
0.031891,0.00091553,0.039063
0.030212,0.00076294,0.037842
0.029297,-0.00015259,0.039063
0.028076,-0.0019836,0.037842
0.026245,-0.0015259,0.037842
0.024414,-0.0015259,0.042725
0.022736,-0.00045776,0.042725
0.02121,-0.0013733,0.047607
0.018311,-0.0027466,0.046387
0.016785,-0.0032043,0.05249
0.016937,-0.0030518,0.058594
0.016632,-0.0036621,0.054932
0.019226,-0.0019836,0.067139
0.021515,-0.00015259,0.058594
0.022278,0.00061035,0.050049
0.022888,0.00076294,0.058594
0.022125,0.00030518,0.062256
0.023346,-0.0018311,0.061035
0.023499,-0.0018311,0.059814
0.023651,-0.0021362,0.059814
0.023956,-0.0015259,0.058594
0.025024,0.00061035,0.05249
0.023804,0.0010681,0.064697
0.023193,0.00076294,0.059814
0.02243,-0.00015259,0.065918
0.022278,-0.00015259,0.067139
0.023499,-0.0013733,0.068359
0.023041,0.00045776,0.068359
0.023651,0.0010681,0.063477
0.023193,0.0016785,0.065918
0.024567,0.0013733,0.059814
0.024872,0.00015259,0.065918
0.025177,-0.0015259,0.053711
0.02533,-0.0010681,0.057373
0.023651,0.00015259,0.048828
0.023041,0.0024414,0.050049
0.021515,0.0073242,0.047607
0.023346,0.0042725,0.047607
0.023041,0.0030518,0.043945
0.022736,0.00091553,0.046387
0.02121,-0.0035095,0.037842
0.024414,-0.00076294,0.043945
0.027008,0.0015259,0.037842
0.029144,0.0047302,0.042725
0.031128,0.0050354,0.039063
0.030518,0.0065613,0.041504
0.030823,0.005188,0.053711
0.029907,0.0036621,0.042725
0.028992,0.0045776,0.047607
0.028992,0.0054932,0.041504
0.028839,0.0076294,0.021973
0.027771,0.009613,0.039063
0.02655,0.0099182,0.039063
0.024872,0.0094604,0.042725
0.024567,0.0080872,0.040283
0.025024,0.0067139,0.043945
0.026245,0.0061035,0.050049
0.027008,0.0085449,0.05127
0.027771,0.0086975,0.057373
0.028229,0.0097656,0.05249
0.027313,0.0094604,0.061035
0.027008,0.0071716,0.059814
0.025635,0.007019,0.062256
0.025177,0.0053406,0.067139
0.025177,0.0067139,0.062256
0.024567,0.0083923,0.065918
0.024719,0.009613,0.063477
0.022125,0.0094604,0.074463
0.020752,0.007019,0.058594
0.020905,0.0045776,0.056152
0.021057,0.0030518,0.062256
0.020599,0.0032043,0.063477
0.020599,0.0041199,0.062256
0.020599,0.0045776,0.067139
0.019836,0.0050354,0.061035
0.020142,0.0030518,0.065918
0.017853,0.0012207,0.061035
0.017242,0.00061035,0.062256
0.01709,0.00061035,0.05249
0.016632,0.0016785,0.057373
0.016022,0.002594,0.056152
0.015411,0.0038147,0.053711
0.014343,0.002594,0.057373
0.014648,0.0010681,0.050049
0.015717,-0.00061035,0.046387
0.018158,-0.00061035,0.043945
0.020752,0,0.0354
0.021667,0.0018311,0.043945
0.021515,0.0032043,0.041504
0.024414,0.0039673,0.040283
0.025024,0.0041199,0.041504
0.025635,0.0033569,0.039063
0.024719,0.0028992,0.037842
0.027161,0.0033569,0.037842
0.027618,0.0042725,0.041504
0.027008,0.0053406,0.031738
0.026398,0.0048828,0.041504
0.026093,0.004425,0.043945
0.026398,0.002594,4.2761
0.027008,0.00045776,4.8669
0.028229,0,4.9084
0.028534,0.00091553,4.9146
0.027771,0.0032043,4.9146
0.02655,0.0053406,4.9219
0.024414,0.0059509,4.9219
0.023499,0.0045776,4.9072
0.023193,0.0024414,4.928
0.023193,0,4.9231
0.023346,-0.00030518,4.928
0.023193,0.00030518,4.9268
0.023041,0.00091553,4.9255
0.022125,0.0019836,4.9353
0.02182,0.0013733,4.9329
0.021515,0.0010681,4.9329
0.021057,0,4.928
0.021362,-0.00045776,4.9341
0.019989,0.00091553,4.9329
0.019989,0.0018311,4.9341
0.018311,0.0024414,4.9451
0.01709,0.0019836,4.9377
0.016785,0.0012207,4.9353
0.01709,-0.00030518,4.9365
0.018311,-0.0013733,4.9377
0.019531,-0.0018311,4.9304
0.019226,-0.00091553,4.9304
0.019073,-0.00015259,4.9292
0.01709,0,4.9268
0.016327,-0.00091553,4.9219
0.015106,-0.002594,4.9255
0.015106,-0.002594,4.9194
0.016327,-0.0036621,4.9194
0.017242,-0.0022888,4.9158
0.018311,-0.0019836,4.9182
0.017242,-0.00061035,4.9182
0.017242,0.00015259,4.9182
0.0177,-0.00030518,4.9109
0.018921,0.00030518,4.9158
0.021057,0.00045776,4.9231
0.02243,0.0015259,4.9011
0.021667,0.0021362,4.9243
0.019684,0.0028992,4.9084
0.01709,0.0022888,4.8987
0.016022,0.00045776,4.9109
0.015564,-0.00061035,4.9084
0.017853,-0.0018311,4.906
0.019531,-0.0019836,4.9084
0.02121,-0.00061035,4.9084
0.02182,-0.00045776,4.9109
0.019989,0.0018311,4.9109
0.018921,0.00091553,4.9097
0.018463,-0.00030518,4.917
0.019073,-0.0018311,4.9182
0.020142,-0.0028992,4.917
0.020905,-0.0022888,4.906
0.021057,-0.0018311,4.9292
0.019226,-0.00076294,4.9255
0.0177,-0.00091553,4.9255
0.017242,-0.0022888,4.9316
0.018005,-0.0032043,4.9329
0.020447,-0.0038147,4.9304
0.022278,-0.0039673,4.9316
0.023499,-0.0024414,4.9292
0.023651,-0.00045776,4.9292
0.022583,-0.00015259,4.9268
0.023193,0.00030518,4.9329
0.024109,0,4.9353
0.026703,-0.0039673,4.9377
0.026398,-0.0016785,4.9329
0.025482,-0.0018311,4.9377
0.023499,-0.00061035,4.9353
0.020599,-0.0021362,4.9365
0.016022,-0.0028992,4.9292
0.014038,-0.0030518,4.9353
0.014801,-0.0079346,4.9438
0.015717,-0.0050354,4.9304
0.018768,-0.0047302,4.9329
0.019989,-0.0032043,4.9243
0.020752,-0.0016785,4.906
0.021362,-0.00045776,4.9194
0.02182,0.00045776,4.917
0.023499,0.00076294,4.9133
0.025024,0.00030518,4.9194
0.026398,0.00061035,4.9109
0.02594,0.0010681,4.9158
0.027008,0.0022888,4.9133
0.022125,0.0022888,4.9109
0.019989,0.002594,4.9097
0.020142,0.0027466,4.917
0.020142,0.0022888,4.9109
0.021973,0.002594,4.9146
0.023956,0.0024414,4.9158
0.024109,0.0028992,4.9146
0.023956,0.002594,4.906
0.019989,0.0015259,4.9109
0.018158,0.00061035,4.9011
0.016937,-0.00091553,4.9097
0.016327,-0.002594,4.9084
0.016022,-0.0039673,4.9158
0.014801,-0.0041199,4.9146
0.01358,-0.00076294,4.917
0.010071,-0.0018311,4.9194
0.0090027,-0.0010681,4.9207
0.0099182,-0.00015259,4.9268
0.010986,0.00045776,4.9243
0.014343,0.00076294,4.9316
0.016937,0.0012207,4.928
0.018005,0.0013733,4.9316
0.018005,0.0028992,0.058594
0.019226,0.0024414,0.061035
0.020142,0.0022888,0.068359
0.021362,-0.00030518,0.062256
0.023956,0.0016785,0.075684
0.025024,0.0019836,0.057373
0.025787,0.0022888,0.042725
0.023193,0.0022888,0.064697
0.021362,0.0027466,0.063477
0.020142,0.0028992,0.064697
0.020142,0.0028992,0.059814
0.022278,-0.00091553,0.063477
0.023804,0.0016785,0.062256
0.024567,0.0027466,0.061035
0.023956,0.0035095,0.062256
0.02182,0.0041199,0.05127
0.020599,0.0042725,0.054932
0.020294,0.0056458,0.054932
0.020752,0.0057983,0.05249
0.021515,0.0050354,0.053711
0.022125,0.004425,0.05127
0.02121,0.0018311,0.047607
0.019073,0.004425,0.046387
0.015564,0.0042725,0.037842
0.014191,0.0041199,0.046387
0.015106,0.0045776,0.042725
0.01709,0.0038147,0.037842
0.017548,0.0035095,0.040283
0.0177,0.002594,0.03418
0.015411,0.0019836,0.040283
0.012665,0.0015259,0.037842
0.011139,0.00091553,0.040283
0.011292,0.0016785,0.036621
0.011902,0.0010681,0.039063
0.014038,0,0.040283
0.015259,-0.0010681,0.041504
0.01236,-0.0018311,0.039063
0.013123,-0.0010681,0.043945
0.012512,0.00091553,0.05127
0.01297,0.0024414,0.045166
0.015717,0.0065613,0.057373
0.018921,0.0050354,0.05249
0.02121,0.0050354,0.036621
0.021667,0.0048828,0.053711
0.020294,0.0039673,0.054932
0.018921,0.0054932,0.058594
0.019379,0.007019,0.058594
0.019226,0.0073242,0.058594
0.022583,0.007019,0.062256
0.024414,0.0062561,0.059814
0.024567,0.005188,0.063477
0.022278,0.0048828,0.056152
0.019073,0.0047302,0.064697
0.016632,0.0054932,0.065918
0.015106,0.0054932,0.063477
0.016022,0.004425,0.075684
0.015259,0.002594,0.065918
0.016785,0.00015259,0.064697
0.016632,-0.0030518,0.067139
0.014038,-0.0024414,0.063477
0.01297,-0.0022888,0.059814
0.014191,-0.0010681,0.061035
0.015869,0,0.059814
0.019531,0,0.054932
0.021057,-0.0013733,0.05127
0.02243,-0.0024414,0.05249
0.022125,-0.0032043,0.047607
0.019379,-0.0032043,0.05127
0.019226,-0.00045776,0.047607
0.020599,0.0015259,0.048828
0.024109,0.002594,0.047607
0.026855,0.002594,0.046387
0.027924,0.0021362,0.045166
0.028687,0.0016785,0.042725
0.027924,0.0024414,0.05127
0.027313,0.004425,0.039063
0.027313,0.0054932,0.053711
0.028381,0.0054932,0.040283
0.028381,0.0032043,0.030518
0.027618,-0.00030518,0.039063
0.026398,-0.0036621,0.03418
0.023499,-0.0062561,0.0354
0.018768,-0.0048828,0.037842
0.019836,-0.0033569,0.036621
0.018463,-0.0013733,0.040283
0.02243,0,0.037842
0.023193,-0.0018311,0.047607
0.024414,-0.0033569,0.043945
0.024872,-0.004425,0.050049
0.023804,-0.0035095,0.05127
0.023346,-0.00015259,0.053711
0.024414,-0.00015259,0.063477
0.026398,0.00045776,0.059814
0.027466,-0.00015259,0.058594
0.028687,-0.0015259,0.058594
0.028229,-0.0019836,0.064697
0.026855,-0.00091553,0.061035
0.024567,0.0013733,0.056152
0.024567,0.0035095,0.058594
0.026093,0.0038147,0.058594
0.028229,0.0024414,0.059814
0.030365,-0.00061035,0.056152
0.030212,-0.0028992,0.059814
0.029755,-0.0035095,0.064697
0.026398,-0.0027466,0.063477
0.024567,-0.00061035,0.065918
0.024261,-0.0019836,0.065918
0.025024,-0.00076294,0.068359
0.026093,-0.0030518,0.059814
0.025177,-0.005188,0.063477
0.024414,-0.0054932,0.075684
0.021515,-0.004425,0.056152
0.019836,-0.0018311,0.056152
0.019989,-0.00015259,0.05249
0.021973,0.0010681,0.029297
0.024872,-0.00061035,0.046387
0.027161,-0.0019836,0.046387
0.028381,-0.0028992,3.8525
0.027618,-0.0024414,4.8474
0.026703,-0.00030518,4.9084
0.02533,0.002594,4.9121
0.025482,0.0033569,4.9097
0.026245,0.0035095,4.9133
0.027466,0.0018311,4.9048
0.026855,-0.00045776,4.9133
0.026703,-0.00015259,4.9097
0.02533,0.0022888,4.9109
0.02533,0.0033569,4.9084
0.02655,0.0050354,4.9133
0.029144,0.0048828,4.9121
0.032806,0.0028992,4.9109
0.034332,0.00076294,4.9133
0.034332,0,4.9109
0.032654,0.0010681,4.9109
0.03006,0.0033569,4.9158
0.029144,0.0054932,4.9158
0.028839,0.0065613,4.917
0.029755,0.0061035,4.9194
0.030975,0.0041199,4.9231
0.031128,0.0032043,4.928
0.031128,0.0047302,4.9268
0.028534,0.0045776,4.9316
0.029755,0.0065613,4.9268
0.029602,0.0086975,4.9329
0.030212,0.0082397,4.9341
0.031281,0.0082397,4.9304
0.030365,0.0059509,4.9402
0.028076,0.0039673,4.9329
0.024567,0.0032043,4.9329
0.021973,0.0033569,4.9121
0.021057,0.0035095,4.9304
0.022888,0.0028992,4.9365
0.022125,0.0024414,4.9341
0.023346,0.00061035,4.9316
0.023956,-0.0010681,4.9353
0.02533,-0.00061035,4.9402
0.024261,-0.00091553,4.9353
0.024261,0.0018311,4.9292
0.024719,0.0042725,4.9292
0.03067,0.0033569,4.9231
0.027771,0.0028992,4.9255
0.028076,0.0016785,4.9243
0.027466,0.00061035,4.9255
0.026093,0.0024414,4.9207
0.025482,0.0045776,4.9194
0.027161,0.0079346,4.9268
0.029297,0.0086975,4.9121
0.029907,0.0067139,4.9255
0.030975,0.0027466,4.9133
0.03067,0.00061035,4.9146
0.030365,0.0016785,4.9097
0.02655,0.0030518,4.9097
0.025024,0.004425,4.9121
0.024719,0.0030518,4.9109
0.025177,0.0022888,4.9072
0.027161,-0.00061035,4.9109
0.027466,-0.0027466,4.9048
0.026093,-0.0021362,4.9109
0.024567,0.00045776,4.9084
0.023956,0.0028992,4.9133
0.023651,0.004425,4.9109
0.024872,0.0042725,4.9158
0.026245,0.0012207,4.9292
0.027161,-0.00091553,4.917
0.027466,-0.0027466,4.9207
0.027466,-0.0021362,4.9243
0.027008,-0.00076294,4.9109
0.027161,0.0021362,4.9194
0.028534,0.0032043,4.9255
0.030975,0.0041199,4.9292
0.032654,0.0021362,4.9292
0.031586,0.00061035,4.928
0.028534,-0.00061035,4.9292
0.025635,0.002594,4.9304
0.023804,0.0036621,4.9329
0.023346,0.0057983,4.9292
0.025635,0.005188,4.9353
0.024261,0.0028992,4.9377
0.025024,0.00061035,4.9292
0.023346,-0.0013733,4.9353
0.022888,-0.00045776,4.9353
0.019989,0.0018311,4.9414
0.019379,0.0033569,4.9377
0.016327,0.004425,4.9475
0.019836,0.0030518,4.9329
0.019836,0.0012207,4.9158
0.018616,0.00061035,4.9268
0.01709,0.00061035,4.9255
0.015106,0.0035095,4.9097
0.014191,0.0054932,4.9255
0.015106,0.0065613,4.9207
0.015869,0.0053406,4.9194
0.018463,0.0032043,4.9146
0.018616,0.00045776,4.917
0.017548,-0.00030518,4.9121
0.016479,0.00045776,4.9182
0.013428,0.0032043,4.9133
0.012512,0.0045776,4.917
0.010681,0.0032043,4.9182
0.012512,0.0032043,4.9182
0.015259,0.0012207,4.9133
0.015411,0.00061035,4.9097
0.017548,0.00061035,4.8999
0.015106,0.0021362,4.9133
0.015106,0.0038147,4.9109
0.016174,0.002594,4.9072
0.017853,0.0035095,4.9109
0.019531,0.0012207,4.9097
0.020294,-0.0012207,0.042725
0.018463,-0.0039673,0.036621
0.016022,-0.00045776,0.047607
0.013275,0.0018311,0.045166
0.012665,0.002594,0.050049
0.014648,0.0030518,0.054932
0.014496,0.0015259,0.056152
0.015869,0,0.056152
0.016022,-0.00061035,0.059814
0.015411,0.00030518,0.061035
0.016022,0.00091553,0.059814
0.016632,0.0022888,0.070801
0.017853,0.0013733,0.062256
0.019073,0.0028992,0.047607
0.020447,0.0019836,0.061035
0.019684,0.00061035,0.059814
0.017548,-0.00045776,0.061035
0.015106,0.00045776,0.064697
0.012207,0.0013733,0.059814
0.011749,0.0018311,0.065918
0.012207,0.0018311,0.062256
0.015259,0.00061035,0.065918
0.017242,-0.00061035,0.062256
0.019073,-0.00045776,0.056152
0.02121,0.00030518,0.057373
0.021362,0.0033569,0.062256
0.023346,0.0056458,0.070801
0.024414,0.0067139,0.054932
0.025024,0.0054932,0.05249
0.024567,0.0024414,0.05127
0.02243,0.00045776,0.031738
0.019684,-0.00030518,0.046387
0.016937,-0.00045776,0.047607
0.015869,0.00076294,0.041504
0.015259,0.0013733,0.041504
0.016327,0.0015259,0.037842
0.018158,0.00045776,0.043945
0.019226,-0.00045776,0.041504
0.019836,-0.0012207,0.031738
0.018921,-0.00030518,0.036621
0.018158,0.0012207,0.043945
0.017395,0.0021362,0.037842
0.017548,0.0018311,0.042725
0.016937,-0.00015259,0.041504
0.015106,-0.0036621,0.039063
0.016022,-0.0050354,0.040283
0.013123,-0.0054932,0.041504
0.013428,-0.0033569,0.045166
0.013885,0.00091553,0.041504
0.016022,0.0035095,0.0354
0.018921,0.0045776,0.046387
0.021362,0.0036621,0.050049
0.023956,0.0012207,0.050049
0.025024,-0.0030518,0.053711
0.02594,0.00030518,0.054932
0.025787,0.0012207,0.057373
0.026093,0.0027466,0.057373
0.026398,0.002594,0.064697
0.026245,0.0012207,0.058594
0.026245,-0.0012207,0.062256
0.02533,-0.0021362,0.062256
0.023346,-0.00091553,0.064697
0.022736,0.0013733,0.072021
0.022125,0.0042725,0.062256
0.022125,0.0045776,0.064697
0.023041,0.0038147,0.062256
0.024261,0.0012207,0.058594
0.024261,-0.0015259,0.067139
0.024414,-0.0024414,0.065918
0.024261,-0.0012207,0.062256
0.023346,-0.00030518,0.064697
0.022583,0.00030518,0.058594
0.022736,-0.00030518,0.061035
0.021973,-0.00061035,0.054932
0.022125,-0.0015259,0.054932
0.022125,-0.00015259,0.046387
0.02182,0.0010681,0.053711
0.02243,0.0038147,0.050049
0.021973,0.0056458,0.053711
0.021973,0.0059509,0.045166
0.021973,0.0048828,0.046387
0.02182,0.002594,0.057373
0.021362,-0.00076294,0.041504
0.021057,-0.0021362,0.05127
0.020142,-0.0015259,0.041504
0.019073,-0.00045776,0.031738
0.018616,0.00091553,0.036621
0.018005,0.00076294,0.0354
0.017548,0,0.037842
0.017853,-0.0013733,0.041504
0.018311,-0.0019836,0.03418
0.018921,-0.00091553,0.039063
0.019073,0.0018311,0.040283
0.019531,0.0035095,0.042725
0.019073,0.0048828,0.039063
0.019379,0.0041199,0.042725
0.019073,0.0022888,0.043945
0.018311,0.00030518,0.047607
0.019531,-0.00091553,0.057373
0.0177,-0.00061035,0.05127
0.017548,0.00015259,0.05127
0.01709,-0.00076294,0.053711
0.017395,0.00061035,0.050049
0.0177,-0.00061035,0.056152
0.017395,-0.0021362,0.050049
0.016785,-0.0028992,0.059814
0.0177,-0.0021362,0.062256
0.01709,-0.0013733,0.061035
0.016479,0.0036621,0.061035
0.016327,0.00030518,0.059814
0.017395,-0.00015259,0.061035
0.017853,-0.00030518,0.058594
0.019836,0.00030518,0.065918
0.021973,0.0015259,0.061035
0.024261,0.0024414,0.067139
0.025024,0.0030518,0.072021
0.024872,0.0018311,4.469
0.024872,0.002594,4.9097
0.024719,0.0024414,4.9304
0.025177,0.0028992,4.9365
0.025024,0.0035095,4.9304
0.026245,0.0035095,4.9158
0.026398,0.0033569,4.9243
0.027161,0.0024414,4.9194
0.027008,0.0024414,4.9194
0.028076,0.0013733,4.9207
0.028534,-0.00030518,4.9182
0.028229,-0.00045776,4.917
0.028076,-0.0019836,4.9146
0.026093,-0.0030518,4.9146
0.023804,-0.0038147,4.9182
0.021515,-0.0047302,4.9146
0.019226,-0.005188,4.9146
0.018158,-0.0059509,4.9121
0.018311,-0.005188,4.9097
0.019073,-0.0033569,4.9133
0.021515,-0.0019836,4.9097
0.023346,-0.00030518,4.9084
0.024261,0,4.906
0.025177,-0.0013733,4.9133
0.025635,-0.0035095,4.9036
0.025787,-0.0028992,4.906
0.028839,-0.0030518,4.9109
0.02594,-0.0012207,4.9121
0.026093,-0.00030518,4.9133
0.025635,0.00030518,4.9109
0.02533,0.0024414,4.9219
0.026703,0.0022888,4.9207
0.027771,0.0035095,4.9231
0.029907,0.004425,4.9231
0.028229,0.0064087,4.9304
0.032501,0.0050354,4.9268
0.033417,0.0045776,4.9304
0.031891,0.002594,4.939
0.03006,-0.00061035,4.9316
0.029449,-0.0027466,4.9353
0.027771,-0.0045776,4.9304
0.025787,-0.0032043,4.9158
0.026093,-0.0027466,4.9292
0.024872,-0.0019836,4.9329
0.020599,-0.0018311,4.9304
0.02243,-0.0022888,4.9304
0.022125,-0.0032043,4.9292
0.023041,-0.0024414,4.939
0.023651,-0.0021362,4.9341
0.024261,0.0010681,4.9341
0.025787,0.0022888,4.9292
0.027161,0.0054932,4.9353
0.027161,0.0019836,4.928
0.028534,0.0016785,4.928
0.029449,0.0015259,4.9304
0.029602,0.002594,4.9231
0.03067,0.0074768,4.9243
0.031128,0.005188,4.9207
0.030365,0.0054932,4.9207
0.029602,0.0047302,4.917
0.03067,0.0039673,4.9158
0.030518,0.0041199,4.9109
0.03067,0.0032043,4.9146
0.033264,0.0038147,4.9109
0.031586,0.0042725,4.9121
0.031281,0.0042725,4.9097
0.030518,0.0039673,4.9121
0.028381,0.0036621,4.8987
0.028076,0.0028992,4.9146
0.027008,0.0032043,4.9109
0.02594,0.0035095,4.9121
0.025635,0.004425,4.9133
0.025177,0.0039673,4.9109
0.025024,0.0042725,4.9231
0.024719,0.0071716,4.9146
0.023804,0.0047302,4.9231
0.023346,0.0054932,4.9146
0.023499,0.0064087,4.9084
0.023193,0.0068665,4.9158
0.023041,0.0068665,4.917
0.021973,0.0067139,4.9194
0.019684,0.0065613,4.9194
0.020142,0.0053406,4.9219
0.019989,0.005188,4.9304
0.019684,0.0061035,4.9304
0.020752,0.0074768,4.9353
0.022278,0.0061035,4.9304
0.023193,0.0064087,4.9341
0.023193,0.0035095,4.9329
0.022888,0.0033569,4.9329
0.021973,0.0028992,4.9341
0.020905,0.0018311,4.9353
0.019836,0.0018311,4.9329
0.019989,0.0013733,4.9353
0.019073,0.00091553,4.9451
0.018005,0,4.939
0.016785,-0.00045776,4.9292
0.015717,-0.0012207,4.9316
0.016022,-0.0013733,4.9329
0.016022,-0.00091553,4.9329
0.01709,-0.00076294,4.9304
0.018768,-0.00091553,4.9255
0.020599,-0.00045776,4.9255
0.020294,0,4.9207
0.019989,-0.00015259,4.9219
0.020294,0.00061035,4.9231
0.020905,0.00076294,4.9109
0.020142,-0.00061035,4.917
0.019684,-0.0012207,4.917
0.020294,-0.0024414,4.9292
0.019531,-0.0027466,0.047607
0.020752,-0.0030518,0.05127
0.02182,-0.0021362,0.041504
0.025177,-0.0024414,0.028076
0.026245,-0.002594,0.0354
0.028076,-0.0030518,0.041504
0.029602,-0.0036621,0.041504
0.029755,-0.0027466,0.040283
0.029907,-0.0021362,0.03418
0.029755,-0.00091553,0.041504
0.029907,0.0012207,0.039063
0.029907,0.0019836,0.040283
0.028992,0.0030518,0.039063
0.028381,0.002594,0.045166
0.027313,0.0021362,0.047607
0.026703,0.0012207,0.05249
0.026703,0.0016785,0.057373
0.026855,0.002594,0.054932
0.027313,0.0024414,0.053711
0.026398,0.0022888,0.057373
0.02533,0.0013733,0.057373
0.024567,0,0.054932
0.023041,-0.00045776,0.058594
0.021973,-0.00091553,0.061035
0.020142,-0.00061035,0.062256
0.019226,-0.00045776,0.059814
0.01709,-0.00061035,0.059814
0.015869,-0.002594,0.059814
0.015411,-0.002594,0.062256
0.014954,-0.0030518,0.061035
0.014954,-0.0030518,0.064697
0.014954,-0.0022888,0.063477
0.015259,-0.00091553,0.064697
0.016937,-0.00015259,0.065918
0.018158,0.00015259,0.06958
0.019073,0.00076294,0.074463
0.020599,-0.00030518,0.061035
0.020905,0.00061035,0.068359
0.021057,0.0022888,0.058594
0.022125,0.0038147,0.043945
0.02182,0.0054932,0.05249
0.022278,0.0068665,0.05127
0.023041,0.004425,0.047607
0.022888,0.0041199,0.048828
0.022888,0.002594,0.047607
0.023041,0.002594,0.046387
0.023499,0.0027466,0.043945
0.024109,0.0048828,0.043945
0.023956,0.0050354,0.041504
0.023499,0.005188,0.045166
0.022583,0.0033569,0.042725
0.021515,0.0018311,0.041504
0.020905,0.0010681,0.039063
0.021667,0.0022888,0.040283
0.021057,0.0021362,0.037842
0.021057,0.0021362,0.041504
0.02121,0.002594,0.037842
0.02121,0.0016785,0.039063
0.02243,0.0010681,0.050049
0.022125,0.0015259,0.037842
0.02243,0.0016785,0.040283
0.023193,0.0019836,0.040283
0.023193,0.0028992,0.043945
0.021973,0.0038147,0.047607
0.022125,0.0032043,0.05127
0.021362,0.0039673,0.05249
0.02121,0.0028992,0.056152
0.021973,0.0028992,0.054932
0.022278,0.0032043,0.059814
0.024261,0.0027466,0.056152
0.024414,0.0027466,0.064697
0.023956,0.0016785,0.079346
0.024261,-0.00030518,0.059814
0.02243,-0.0019836,0.067139
0.021515,-0.0032043,0.059814
0.020142,-0.0035095,0.043945
0.018921,-0.0013733,0.059814
0.020294,-0.00030518,0.061035
0.020142,0,0.063477
0.020294,0,0.064697
0.021515,0.00045776,0.063477
0.023041,0.00045776,0.065918
0.024109,0.0027466,0.065918
0.024567,0.0050354,0.063477
0.024414,0.0048828,0.057373
0.024261,0.0045776,0.061035
0.026855,0.0041199,0.056152
0.023041,0.0032043,0.056152
0.021515,0.0035095,0.058594
0.021667,0.0038147,0.048828
0.018768,0.0039673,0.05249
0.017242,0.004425,0.050049
0.016022,0.0038147,0.056152
0.015411,0.0010681,0.045166
0.014191,0.00091553,0.0354
0.015869,-0.00015259,0.039063
0.015869,-0.0010681,0.041504
0.015869,-0.00091553,0.039063
0.0177,-0.00091553,0.042725
0.015411,-0.0013733,0.0354
0.016479,-0.0018311,0.040283
0.016937,-0.00061035,0.039063
0.014801,-0.0027466,0.040283
0.013885,-0.0028992,0.037842
0.01358,-0.0033569,0.041504
0.014801,-0.0036621,0.041504
0.014038,-0.0015259,0.040283
0.016632,-0.00061035,0.05249
0.019379,-0.00030518,0.042725
0.022125,0.0015259,0.05249
0.02533,0.0022888,0.043945
0.027618,0.0022888,0.037842
0.029907,0.0022888,0.048828
0.030212,0.0027466,0.047607
0.03006,0.0018311,0.05127
0.028687,0.0022888,0.054932
0.026855,0.0019836,0.057373
0.02594,0.002594,4.4971
0.024261,0.0027466,4.8987
0.023804,0.0013733,4.9292
0.024109,0.00015259,4.928
0.023651,-0.0010681,4.9316
0.023804,-0.00076294,4.9316
0.025482,0.00045776,4.9329
0.02594,0.0015259,4.9304
0.026093,0.0024414,4.9341
0.025787,0.0035095,4.9365
0.024109,0.0032043,4.9353
0.021515,0.0022888,4.9451
0.019073,0.0012207,4.9365
0.017548,0.0013733,4.9207
0.016785,0.00061035,4.9316
0.016937,0.0016785,4.9304
0.017242,0.0024414,4.9292
0.017395,0.0033569,4.9292
0.018158,0.0042725,4.9231
0.018158,0.0038147,4.9243
0.018158,0.0039673,4.9207
0.015106,0.0018311,4.9219
0.017548,0.002594,4.917
0.017242,0.0022888,4.9207
0.015717,0.0013733,4.9158
0.014648,0.00030518,4.9207
0.01358,0.0013733,4.9243
0.012665,0.00091553,4.9158
0.01297,0.00030518,4.9109
0.013885,-0.00030518,4.9109
0.015411,0.00015259,4.8938
0.015717,0.00030518,4.9084
0.016174,0.0012207,4.9109
0.016327,0.00091553,4.9097
0.016785,-0.00015259,4.9084
0.016479,-0.0016785,4.9036
0.014954,-0.0038147,4.9109
0.016785,-0.0032043,4.9084
0.016327,-0.002594,4.9121
0.015106,-0.0013733,4.9084
0.015564,0,4.917
0.013123,0.00076294,4.9146
0.012817,0.00061035,4.9194
0.014191,0.0039673,4.9182
0.015869,-0.00015259,4.9243
0.018005,0.0012207,4.9255
0.018921,0.0019836,4.9292
0.018768,0.00076294,4.939
0.018616,0.0033569,4.9304
0.019379,0.0030518,4.9182
0.019836,0.0030518,4.9304
0.021667,0.0024414,4.9341
0.022736,0.0027466,4.9292
0.023499,0.0036621,4.9329
0.024109,0.0042725,4.9304
0.024567,0.0041199,4.9341
0.025177,0.0042725,4.9292
0.026093,0.0039673,4.9365
0.027161,0.0036621,4.9341
0.028381,0.0028992,4.939
0.028839,0.0024414,4.9329
0.029144,0.0016785,4.9341
0.027771,0.002594,4.9414
0.02594,0.0021362,4.9341
0.024109,0.002594,4.928
0.021667,0.0027466,4.9255
0.019531,0.0019836,4.917
0.017853,0.0010681,4.9207
0.016632,-0.00015259,4.9182
0.016022,-0.00076294,4.9182
0.016022,-0.0018311,4.9207
0.015259,-0.0022888,4.9194
0.015564,-0.0015259,4.9158
0.017548,-0.0010681,4.9109
0.017853,-0.0019836,4.9158
0.018616,-0.0015259,4.9097
0.019379,-0.0022888,4.9133
0.018768,-0.002594,4.9121
0.018005,-0.0019836,4.9133
0.017242,-0.00091553,4.906
0.016327,0.0024414,4.9121
0.018311,0.0016785,4.9243
0.02121,0.0035095,4.9133
0.023804,0.0033569,4.9158
0.026093,0.0039673,4.9121
0.027466,0.0036621,4.9048
0.027313,0.0033569,4.906
0.027618,0.0021362,4.917
0.027771,0.0019836,4.9121
0.028229,0.0021362,4.917
0.028076,0.0022888,4.9158
0.027618,0.0016785,4.9219
0.024872,0.0024414,4.9072
0.023956,0.00091553,4.9329
0.022125,0.00030518,4.9207
0.020599,-0.00030518,4.9329
0.020447,-0.00061035,4.9292
0.020599,-0.00030518,4.9329
0.021667,-0.00091553,4.9451
0.021973,-0.0024414,4.9341
0.021973,-0.0013733,4.9292
0.02182,-0.0016785,4.9316
0.022125,-0.0016785,4.9243
0.022583,-0.0010681,4.9304
0.023346,-0.00061035,4.9316
0.024261,0.00045776,4.9414
0.024414,0.0012207,4.9365
0.025482,0.0016785,4.9329
0.026245,0.0016785,4.9377
0.026703,0.0022888,4.9329
0.028534,0.0030518,0.061035
0.029755,0.0030518,0.053711
0.032806,0.0050354,0.061035
0.034943,0.0057983,0.054932
0.037079,0.0061035,0.053711
0.037384,0.0047302,0.053711
0.035858,0.004425,0.05249
0.037079,0.004425,0.054932
0.035553,0.0045776,0.048828
0.034332,0.005188,0.061035
0.032654,0.0053406,0.046387
0.031128,0.0036621,0.036621
0.029297,0.0032043,0.040283
0.027618,0.0019836,0.039063
0.026703,0.00076294,0.037842
0.02655,0,0.040283
0.026855,0.00045776,0.039063
0.027313,0.00061035,0.041504
0.028229,0.0012207,0.032959
0.028687,0.0018311,0.043945
0.027313,0.0019836,0.037842
0.026855,0.0012207,0.041504
0.029602,0.0016785,0.043945
0.026245,0.0035095,0.042725
0.026703,0.0057983,0.05249
0.02594,0.0068665,0.046387
0.025482,0.0080872,0.05249
0.025635,0.0062561,0.047607
0.026398,0.0047302,0.043945
0.026855,0.0028992,0.05127
0.028381,0.0010681,0.05249
0.029144,0.00061035,0.05249
0.028534,-0.00030518,0.059814
0.028839,-0.0015259,0.064697
0.026703,-0.0033569,0.062256
0.026398,-0.0042725,0.061035
0.025787,-0.0056458,0.063477
0.024261,-0.0053406,0.061035
0.024872,-0.0050354,0.050049
0.024109,-0.005188,0.063477
0.024567,-0.0038147,0.063477
0.025482,0.00030518,0.065918
0.024567,-0.0036621,0.064697
0.026398,-0.0053406,0.070801
0.027771,-0.0053406,0.065918
0.029755,-0.0050354,0.075684
0.03067,-0.0050354,0.064697
0.031281,-0.0047302,0.05127
0.030823,-0.0061035,0.058594
0.030975,-0.0038147,0.056152
0.029907,-0.004425,0.053711
0.03006,-0.0039673,0.05249
0.029449,-0.0038147,0.048828
0.029907,-0.0021362,0.05249
0.030518,-0.0013733,0.046387
0.030823,-0.00015259,0.05127
0.031128,0.0016785,0.046387
0.032349,0,0.048828
0.032043,-0.00091553,0.045166
0.031128,-0.0010681,0.047607
0.033264,-0.0012207,0.054932
0.032959,-0.00061035,0.046387
0.032349,-0.00076294,0.037842
0.030365,-0.0010681,0.040283
0.029449,-0.0021362,0.021973
0.027618,-0.0027466,0.036621
0.026855,-0.00091553,0.037842
0.027771,-0.0024414,0.036621
0.026093,-0.0019836,0.039063
0.025482,-0.00030518,0.036621
0.024261,0,0.041504
0.023041,-0.00061035,0.039063
0.02243,-0.0024414,0.040283
0.021515,-0.0028992,0.042725
0.021057,-0.00015259,0.047607
0.020294,-0.0032043,0.047607
0.017853,-0.0022888,0.05249
0.016937,-0.0016785,0.053711
0.014191,-0.0018311,0.054932
0.014038,-0.0021362,0.058594
0.012817,-0.0027466,0.061035
0.013123,-0.002594,0.073242
0.013885,-0.0016785,0.058594
0.015564,-0.00076294,0.05127
0.016937,0.00061035,0.061035
0.017395,-0.00076294,0.056152
0.018768,0.00030518,0.061035
0.017548,-0.00076294,0.061035
0.018311,-0.0015259,0.061035
0.018768,-0.0019836,0.063477
0.020447,0,0.061035
0.019989,0.0021362,0.068359
0.019684,0.0041199,0.058594
0.018921,0.0047302,0.067139
0.018768,0.0048828,0.065918
0.018463,0.0048828,0.064697
0.020294,0.0050354,0.065918
0.020752,0.0053406,0.058594
0.021515,0.0065613,0.053711
0.021667,0.007782,0.05249
0.020752,0.0079346,0.050049
0.019989,0.007019,0.05127
0.016937,0.0059509,0.047607
0.016022,0.0041199,0.042725
0.013275,0.0021362,0.047607
0.014038,0.0036621,0.045166
0.01297,0.0041199,0.046387
0.011902,0.004425,0.040283
0.010986,0,0.043945
0.010529,0.0021362,0.036621
0.0099182,0.00045776,0.041504
0.011292,0.00030518,0.042725
0.01358,0.00015259,0.041504
0.015106,0.00061035,0.037842
0.016174,0.00091553,0.041504
0.018311,0,0.05249
0.017548,-0.00030518,0.074463
0.0177,-0.0010681,4.6228
0.018005,-0.00076294,4.8865
0.019379,-0.00030518,4.8938
0.020294,0.0010681,4.9109
0.020905,0.0024414,4.9133
0.020752,0.0033569,4.9146
0.020599,0.0039673,4.917
0.020294,0.005188,4.9158
0.020447,0.0047302,4.9182
0.021057,0.0050354,4.9243
0.020905,0.0041199,4.9255
0.020294,0.0042725,4.9255
0.018768,0.0036621,4.9243
0.01709,0.0035095,4.9316
0.015106,0.0032043,4.9341
0.014191,0.0022888,4.9329
0.014343,0.0021362,4.9304
0.014343,0.0027466,4.9316
0.013733,0.0022888,4.9329
0.015411,-0.00030518,4.939
0.014648,0.0013733,4.9329
0.014954,0.0030518,4.9219
0.015411,0.0027466,4.9353
0.016022,0.0027466,4.9329
0.017395,0.0035095,4.9341
0.018158,0.004425,4.9365
0.018463,0.005188,4.9329
0.018005,0.0064087,4.9316
0.018616,0.007019,4.9268
0.018005,0.0068665,4.9255
0.018005,0.0053406,4.9243
0.019379,0.0041199,4.9231
0.020294,0.0038147,4.9207
0.018463,0.0036621,4.9231
0.019073,0.0045776,4.9292
0.017853,0.0053406,4.9194
0.016785,0.004425,4.9207
0.015717,0.002594,4.9146
0.015106,0.00045776,4.9048
0.015106,-0.00030518,4.9084
0.015411,0,4.9121
0.015106,0.0015259,4.9109
0.014496,0.002594,4.9109
0.014954,0.0027466,4.9097
0.015869,0.0018311,4.9097
0.016937,0.00061035,4.9084
0.018005,-0.00015259,4.9109
0.019379,0.00061035,4.9084
0.020142,0.0016785,4.9133
0.020294,0.0035095,4.9109
0.018921,0.0039673,4.9109
0.019989,0.0035095,4.9097
0.020142,0.0027466,4.9158
0.022278,0.0019836,4.9146
0.023193,0.00091553,4.9158
0.023346,0.0030518,4.9255
0.024567,0.0039673,4.928
0.023804,0.0022888,4.917
0.024109,0.0054932,4.9255
0.025177,0.0041199,4.928
0.025787,0.0022888,4.9304
0.026093,0.00076294,4.9268
0.026855,-0.00015259,4.9304
0.025482,0.00015259,4.9353
0.024414,0.0021362,4.9316
0.023346,0.0033569,4.9316
0.023041,0.0028992,4.9292
0.023346,0.0022888,4.9353
0.022125,0.0012207,4.9304
0.020142,0.0012207,4.9365
0.02182,0.0021362,4.9475
0.020752,0.0022888,4.9377
0.020447,0.0032043,4.9353
0.019684,0.0030518,4.9365
0.018616,0.0022888,4.9158
0.0177,0.00091553,4.928
0.015717,0.0010681,4.9243
0.015106,-0.00045776,4.928
0.015106,-0.00091553,4.9243
0.014191,-0.0018311,4.9207
0.01297,-0.0035095,4.9255
0.012207,-0.004425,4.917
0.013428,-0.0068665,4.9182
0.013733,-0.0079346,4.9121
0.014343,-0.0082397,4.9182
0.015564,-0.007782,4.9182
0.01709,-0.0086975,4.917
0.016022,-0.0050354,4.9146
0.020599,-0.004425,4.9133
0.021515,-0.004425,4.9109
0.02243,-0.0042725,4.9121
0.023956,-0.0030518,4.9072
0.024872,-0.0033569,4.9084
0.026398,-0.0030518,4.9109
0.027161,-0.0082397,4.9109
0.027008,-0.0022888,4.906
0.02655,-0.0028992,4.9072
0.026245,-0.0036621,4.9084
0.025787,-0.005188,4.9109
0.025482,-0.0053406,4.9121
0.026093,-0.0041199,4.9121
0.025635,-0.0027466,4.9207
0.02533,-0.00061035,4.9207
0.024567,-0.00061035,4.9158
0.021973,-0.0027466,4.9219
0.022583,-0.0010681,4.9268
0.021973,-0.0042725,4.9365
0.021057,-0.0030518,4.9304
0.020294,-0.00061035,4.9414
0.019684,0.0022888,0.061035
0.020142,0.0016785,0.054932
0.019989,-0.00030518,0.061035
0.020447,-0.0022888,0.059814
0.021515,-0.0039673,0.059814
0.025482,-0.0047302,0.061035
0.028839,-0.0036621,0.059814
0.029144,-0.0048828,0.062256
0.032654,-0.0039673,0.065918
0.032654,-0.0041199,0.068359
0.032349,-0.0064087,0.064697
0.031128,-0.0071716,0.070801
0.031128,-0.0073242,0.064697
0.029449,-0.0053406,0.064697
0.028534,-0.0033569,0.065918
0.029297,-0.0012207,0.058594
0.026093,-0.00030518,0.057373
0.024261,-0.0013733,0.05249
0.023346,-0.0024414,0.057373
0.025024,-0.004425,0.050049
0.025177,-0.0047302,0.046387
0.026398,-0.005188,0.046387
0.026703,-0.0073242,0.046387
0.02655,-0.0042725,0.046387
0.025635,-0.004425,0.043945
0.024261,-0.0057983,0.039063
0.020752,-0.0073242,0.03418
0.021667,-0.0067139,0.036621
0.021973,-0.0042725,0.042725
0.022736,-0.00076294,0.041504
0.024109,0.0016785,0.043945
0.024567,0.0019836,0.037842
0.024872,0.00076294,0.039063
0.02594,-0.00045776,0.054932
0.027008,-0.0013733,0.040283
0.030212,-0.0010681,0.047607
0.031891,-0.00030518,0.039063
0.032349,-0.00015259,0.025635
0.031128,-0.00045776,0.041504
0.028992,-0.0013733,0.043945
0.027466,-0.0041199,0.046387
0.025482,-0.0042725,0.047607
0.02533,-0.0054932,0.047607
0.025177,-0.0039673,0.053711
0.024261,0.00015259,0.054932
0.024261,-0.0016785,0.057373
0.023804,-0.0022888,0.057373
0.024414,-0.0041199,0.062256
0.022888,-0.0082397,0.064697
0.024567,-0.0048828,0.063477
0.025177,-0.002594,0.072021
0.025177,0.00015259,0.064697
0.023651,0.0018311,0.058594
0.025024,0.0021362,0.059814
0.024261,0.0016785,0.074463
0.024109,0.00076294,0.053711
0.02594,0.0013733,0.056152
0.026398,0.0035095,0.063477
0.028076,0.0057983,0.063477
0.029602,0.0056458,0.058594
0.03006,0.007782,0.064697
0.029602,0.0061035,0.061035
0.029144,0.004425,0.061035
0.029144,0.0048828,0.056152
0.029297,0.0045776,0.056152
0.028687,0.0079346,0.05249
0.027466,0.0097656,0.054932
0.025787,0.011139,0.048828
0.022736,0.010681,0.05127
0.021515,0.0080872,0.054932
0.020905,0.0057983,0.046387
0.022278,0.0045776,0.05127
0.021515,0.004425,0.043945
0.020294,0.005188,0.030518
0.02121,0.0057983,0.042725
0.019989,0.0056458,0.040283
0.018921,0.0041199,0.036621
0.019989,0.0022888,0.039063
0.016937,0.0015259,0.037842
0.020142,0.0022888,0.039063
0.019531,0.004425,0.03418
0.018616,0.0073242,0.040283
0.019073,0.0090027,0.037842
0.019073,0.0086975,0.042725
0.019379,0.007782,0.042725
0.019531,0.0071716,0.043945
0.019073,0.0064087,0.042725
0.021057,0.0067139,0.048828
0.019836,0.0071716,0.046387
0.019836,0.0065613,0.050049
0.018768,0.0054932,0.057373
0.018158,0.0032043,0.05127
0.018005,0.00076294,0.050049
0.017548,-0.00091553,0.054932
0.017853,-0.00076294,0.062256
0.017853,0.00015259,0.061035
0.018921,0.0027466,0.061035
0.018921,0.0028992,0.057373
0.019531,0.0024414,0.064697
0.020447,0.0018311,0.062256
0.022125,0.0012207,0.062256
0.023346,0,0.065918
0.024719,0.00076294,0.064697
0.024567,0.0010681,0.062256
0.024567,0.0022888,0.067139
0.022583,0.0024414,0.080566
0.022888,0.0013733,0.064697
0.02243,-0.00015259,0.053711
0.022278,-0.0010681,0.064697
0.023346,-0.00076294,0.05249
0.024261,0.00076294,0.057373
0.02594,0.0032043,0.057373
0.025177,0.005188,0.054932
0.025024,0.0048828,0.05127
0.025787,0.0036621,0.047607
0.026703,0.0015259,0.050049
0.026855,0.00045776,0.059814
0.027008,0.00015259,3.2788
0.026245,0.0035095,4.8132
0.023804,0.005188,4.9084
0.021057,0.0057983,4.9109
0.020447,0.005188,4.9158
0.020905,0.0038147,4.9133
0.020599,0.0030518,4.9121
0.021667,0.0028992,4.9207
0.021973,0.0028992,4.9109
0.021057,0.0033569,4.9194
0.020142,0.0035095,4.906
0.018158,0.0016785,4.9011
0.017853,0.00015259,4.9121
0.016937,-0.00091553,4.9109
0.016174,-0.0012207,4.9072
0.014648,0.00061035,4.9097
0.013275,0.0018311,4.9048
0.011597,0.0030518,4.9133
0.010986,0.0032043,4.9133
0.0099182,0.0024414,4.9207
0.012054,0.00045776,4.9194
0.013275,-0.00015259,4.9243
0.015717,0,4.9243
0.015717,0.00045776,4.9292
0.015717,0.0013733,4.9353
0.014648,0.0013733,4.9304
0.014343,0.00015259,4.9329
0.014191,0.00015259,4.9316
0.014038,-0.00015259,4.9329
0.016479,-0.00045776,4.9316
0.017853,0.00061035,4.9377
0.018311,0.00091553,4.928
0.019226,0.0018311,4.9341
0.020294,0.0024414,4.9329
0.021667,0.0024414,4.9365
0.023651,0.00091553,4.9353
0.024261,0.00030518,4.939
0.024872,0.0012207,4.9329
0.023804,0.0030518,4.9365
0.021667,0.0028992,4.9316
0.019379,0.0028992,4.9329
0.016937,0.0027466,4.928
0.016174,0.0016785,4.9329
0.016632,0.00030518,4.939
0.018005,-0.00061035,4.9268
0.018921,0.00045776,4.9231
0.019379,0.00091553,4.9194
0.018616,0.00091553,4.9072
0.018463,0.0010681,4.9121
0.018768,-0.00015259,4.9194
0.019684,-0.0013733,4.9158
0.02182,-0.0028992,4.9133
0.021362,-0.0030518,4.9072
0.020752,-0.0027466,4.9133
0.018921,-0.0018311,4.9109
0.018005,-0.0016785,4.9097
0.017548,-0.0024414,4.906
0.019073,-0.0032043,4.9158
0.021667,-0.004425,4.9072
0.023651,-0.0045776,4.9182
0.025024,-0.0035095,4.9146
0.02243,-0.0019836,4.9097
0.02243,-0.0019836,4.9048
0.021362,-0.0019836,4.9121
0.021362,-0.0032043,4.9048
0.022278,-0.0041199,4.9133
0.021057,-0.005188,4.9011
0.019379,-0.0042725,4.9194
0.016785,-0.0042725,4.9182
0.015411,-0.0030518,4.9146
0.013123,-0.0028992,4.928
0.015106,-0.0012207,4.9268
0.018158,-0.00076294,4.9292
0.019531,0.00030518,4.928
0.02182,0,4.9329
0.021973,-0.00045776,4.9292
0.021667,-0.00015259,4.9341
0.019684,-0.00076294,4.9292
0.019226,-0.00030518,4.9329
0.018921,-0.0036621,4.9377
0.020294,0.00030518,4.9341
0.020599,0.00076294,4.9438
0.02121,0.0022888,4.9353
0.019989,0.0024414,4.9207
0.019073,0.0038147,4.9353
0.018616,0.0042725,4.9304
0.019379,0.0045776,4.9329
0.021515,0.0065613,4.9329
0.023193,0.0033569,4.9304
0.024567,0.0018311,4.9292
0.02121,0.0013733,4.9255
0.020447,-0.00061035,4.9255
0.017242,-0.0016785,4.9207
0.014343,-0.0030518,4.9194
0.013275,-0.0027466,4.9243
0.013123,-0.0035095,4.9207
0.014801,-0.0030518,4.9207
0.013885,-0.0021362,4.9194
0.015259,-0.0010681,4.9109
0.014496,-0.00061035,4.917
0.015869,0.00030518,4.9048
0.018768,0.00076294,4.9109
0.023346,0.0019836,4.9097
0.026398,0.00045776,4.9109
0.026855,0.00061035,4.9109
0.026093,0.00045776,4.9084
0.023956,0.00030518,4.9109
0.02243,0.00091553,4.9084
0.02121,0.0022888,4.9084
0.019989,0.0032043,0.037842
0.023346,0.0036621,0.043945
0.024261,0.0035095,0.041504
0.024261,0.0041199,0.046387
0.023346,0.0027466,0.043945
0.023193,0.0016785,0.050049
0.024414,0.0021362,0.057373
0.026245,0.0030518,0.05249
0.028381,0.0032043,0.063477
0.029907,0.0033569,0.057373
0.028839,0.0033569,0.042725
0.026703,0.0059509,0.057373
0.024567,0.0047302,0.058594
0.02243,0.0057983,0.062256
0.022125,0.0061035,0.058594
0.021515,0.0053406,0.057373
0.021057,0.0028992,0.064697
0.020294,0.00091553,0.061035
0.017853,-0.0016785,0.063477
0.015106,-0.0033569,0.061035
0.013275,-0.0035095,0.067139
0.012512,-0.0028992,0.065918
0.01297,-0.0035095,0.065918
0.016479,-0.0036621,0.080566
0.015411,-0.0045776,0.065918
0.015106,-0.0038147,0.062256
0.01236,-0.0054932,0.062256
0.010986,-0.0036621,0.056152
0.0094604,-0.0016785,0.056152
0.010529,-0.00091553,0.05249
0.01236,-0.00076294,0.05127
0.015106,-0.0022888,0.050049
0.017242,-0.0033569,0.046387
0.018768,-0.0042725,0.05127
0.019989,-0.0039673,0.043945
0.020599,-0.0021362,0.042725
0.021362,-0.0030518,0.041504
0.02655,-0.0027466,0.046387
0.026093,-0.0041199,0.042725
0.028076,-0.0056458,0.042725
0.024872,-0.0071716,0.039063
0.023041,-0.007019,0.041504
0.02121,-0.0059509,0.047607
0.019531,-0.0045776,0.040283
0.020294,-0.0045776,0.05127
0.022278,-0.0030518,0.037842
0.024567,-0.0035095,0.028076
0.024719,-0.0022888,0.037842
0.023956,-0.0013733,0.039063
0.020905,-0.00045776,0.039063
0.019379,0.0022888,0.042725
0.018616,0.0030518,0.040283
0.019989,0.0038147,0.043945
0.020905,0.0028992,0.046387
0.020599,0.00045776,0.05249
0.019836,-0.0015259,0.05127
0.017853,-0.0027466,0.05249
0.01709,-0.0030518,0.057373
0.0177,-0.0010681,0.059814
0.020294,-0.00015259,0.06958
0.023499,-0.00061035,0.064697
0.026093,-0.0024414,0.063477
0.025787,-0.0035095,0.062256
0.024872,-0.0038147,0.067139
0.022888,-0.0027466,0.059814
0.019989,-0.00061035,0.05127
0.020752,-0.00030518,0.059814
0.020599,-0.00015259,0.058594
0.020905,-0.0021362,0.061035
0.020294,-0.0041199,0.065918
0.018768,-0.0053406,0.064697
0.016632,-0.0047302,0.067139
0.015869,-0.0045776,0.064697
0.015259,-0.0032043,0.062256
0.017242,-0.0048828,0.063477
0.018616,-0.0071716,0.059814
0.019379,-0.010071,0.054932
0.018005,-0.011444,0.05127
0.016785,-0.011444,0.058594
0.013733,-0.0085449,0.050049
0.014191,-0.0047302,0.054932
0.015564,-0.0015259,0.05127
0.019073,0.00045776,0.031738
0.021973,0.00030518,0.042725
0.024109,0.00030518,0.046387
0.024414,0.00045776,0.045166
0.023651,0.0012207,0.042725
0.023804,0.0024414,0.0354
0.025024,0.0019836,0.037842
0.024109,0.00045776,0.036621
0.027466,-0.0022888,0.040283
0.027618,-0.0042725,0.037842
0.026855,-0.0048828,0.041504
0.026245,-0.004425,0.037842
0.024109,-0.0019836,0.040283
0.024567,-0.00030518,0.042725
0.026855,0.00045776,0.041504
0.028076,0.00076294,0.039063
0.029907,-0.0015259,0.041504
0.028687,-0.0018311,0.042725
0.02655,-0.0032043,0.043945
0.023804,-0.0015259,0.041504
0.020752,0,0.05127
0.019989,0.00015259,0.05249
0.020752,-0.0012207,0.05249
0.020752,-0.0032043,0.057373
0.020294,-0.0057983,0.056152
0.019226,-0.0067139,0.061035
0.0177,-0.005188,0.058594
0.0177,-0.0027466,0.065918
0.019836,-0.00045776,0.056152
0.023499,0.00061035,0.063477
0.026398,0.00061035,0.061035
0.027771,0.00015259,0.062256
0.027924,-0.0012207,0.072021
0.026245,0,0.067139
0.024872,0.0016785,0.072021
0.023956,0.0038147,0.064697
0.023346,0.005188,3.1677
0.025482,0.0059509,4.8303
0.026245,0.005188,4.9207
0.026093,0.0039673,4.9268
0.026703,0.0048828,4.9304
0.028076,0.0064087,4.9255
0.027924,0.0086975,4.9243
0.03006,0.010681,4.9194
0.032043,0.0097656,4.9255
0.032806,0.0085449,4.9182
0.032501,0.0053406,4.9207
0.029907,0.0036621,4.9207
0.025787,0.0035095,4.9219
0.02243,0.0073242,4.9133
0.019531,0.0093079,4.9158
0.018616,0.0097656,4.9194
0.019684,0.0082397,4.9133
0.020447,0.0056458,4.917
0.019989,0.0035095,4.9121
0.021973,0.002594,4.9109
0.019226,0.0039673,4.9109
0.019836,0.0053406,4.9084
0.020905,0.0071716,4.9109
0.020905,0.0056458,4.9109
0.021973,0.0033569,4.8962
0.020294,0.0013733,4.9084
0.018921,0.0015259,4.9097
0.018005,0.0045776,4.9158
0.014954,0.0065613,4.9109
0.016174,0.0090027,4.9207
0.01709,0.0079346,4.9182
0.019073,0.0056458,4.9219
0.020447,0.0022888,4.9377
0.021515,-0.00030518,4.9219
0.022278,-0.0045776,4.9243
0.021667,-0.00030518,4.9304
0.022278,0.0010681,4.9207
0.023651,0.0016785,4.9316
0.025635,0,4.9304
0.026398,-0.0021362,4.9292
0.027008,-0.0035095,4.9292
0.026703,-0.0036621,4.9255
0.02594,-0.0019836,4.9353
0.024872,0.0010681,4.9329
0.024261,0.0036621,4.9329
0.025177,0.0027466,4.9316
0.02655,0.0010681,4.9353
0.027313,-0.00061035,4.9341
0.027008,-0.0013733,4.9341
0.026703,0.00015259,4.9365
0.026703,0.002594,4.9438
0.025177,0.0048828,4.939
0.023346,0.0059509,4.9329
0.027924,0.0056458,4.9414
0.028839,0.004425,4.9255
0.028381,0.0035095,4.9109
0.026398,0.004425,4.9194
0.023651,0.0048828,4.9194
0.022583,0.0073242,4.9182
0.02243,0.0088501,4.9194
0.022888,0.0085449,4.9158
0.024719,0.0061035,4.917
0.025482,0.004425,4.9133
0.024872,0.0038147,4.9146
0.023956,0.0035095,4.9097
0.02243,0.0053406,4.9146
0.021515,0.0064087,4.9097
0.020905,0.007019,4.9133
0.023499,0.0036621,4.917
0.022278,0.00091553,4.9109
0.020752,-0.00061035,4.9133
0.015717,-0.0018311,4.9072
0.015564,0.0010681,4.8999
0.014038,0.002594,4.9133
0.013885,0.0035095,4.9109
0.014801,0.002594,4.9109
0.015564,0.00076294,4.9133
0.015564,0.00015259,4.9133
0.014801,0.00045776,4.9158
0.014191,0.0019836,4.9158
0.014343,0.0041199,4.928
0.015259,0.0061035,4.9231
0.013733,0.0059509,4.9304
0.018768,0.0048828,4.9304
0.020752,0.0033569,4.9329
0.02121,0.002594,4.9268
0.018768,0.0027466,4.9329
0.020905,0.0048828,4.9341
0.021667,0.0061035,4.928
0.022736,0.007782,4.9402
0.024109,0.0059509,4.9329
0.025024,0.0048828,4.9182
0.025024,0.0036621,4.9292
0.023804,0.0038147,4.9316
0.020752,0.0033569,4.9353
0.019226,0.0047302,4.9377
0.018311,0.0048828,4.9341
0.019531,0.0041199,4.9377
0.019836,0.0024414,4.9304
0.020294,0.00091553,4.9304
0.019379,0.00015259,4.9292
0.0177,0.00030518,4.9292
0.016174,0.0019836,4.9255
0.015411,0.0035095,4.928
0.016632,0.0033569,4.9353
0.019073,0.0032043,4.9231
0.020752,0.002594,4.9182
0.021667,0.0010681,4.9219
0.020294,0.0021362,0.028076
0.019531,0.0021362,0.03418
0.018311,0.0041199,0.045166
0.018921,0.0053406,0.042725
0.020142,0.0053406,0.040283
0.021362,0.0042725,0.039063
0.021973,0.0027466,0.042725
0.021667,0.0013733,0.036621
0.020294,0.00091553,0.041504
0.018768,0.0013733,0.039063
0.019379,0.00076294,0.042725
0.020294,0.00015259,0.042725
0.021057,-0.0012207,0.037842
0.021362,-0.0024414,0.040283
0.022583,-0.0035095,0.041504
0.020599,-0.0038147,0.042725
0.019073,-0.0013733,0.042725
0.0177,0.00045776,0.053711
0.016174,0.0027466,0.047607
0.016632,0.0024414,0.040283
0.016479,0.0018311,0.054932
0.016174,0.00015259,0.056152
0.015259,0.0010681,0.056152
0.014038,-0.00045776,0.056152
0.012512,0.0013733,0.059814
0.012207,0.0024414,0.061035
0.013428,0.0039673,0.061035
0.015717,0.0032043,0.065918
0.017853,0.0019836,0.057373
0.019226,0.0015259,0.064697
0.020142,0.0032043,0.061035
0.020142,0.0057983,0.061035
0.021667,0.0091553,0.073242
0.022736,0.010834,0.065918
0.025177,0.010681,0.068359
0.026245,0.0080872,0.064697
0.026093,0.0042725,0.059814
0.024719,0.0018311,0.065918
0.02243,-0.00015259,0.062256
0.019989,-0.00030518,0.058594
0.017548,-0.00045776,0.059814
0.014801,-0.0016785,0.053711
0.012512,-0.0050354,0.054932
0.010681,-0.0079346,0.048828
0.0094604,-0.010681,0.05249
0.007782,-0.010986,0.042725
0.007782,-0.0091553,0.048828
0.0097656,-0.0065613,0.050049
0.011597,-0.004425,0.047607
0.014038,-0.0030518,0.041504
0.015869,-0.0042725,0.046387
0.0177,-0.0054932,0.05127
0.019989,-0.0061035,0.040283
0.020752,-0.0039673,0.047607
0.02121,-0.0010681,0.040283
0.021362,0.0013733,0.023193
0.020752,0.002594,0.037842
0.02121,0.0016785,0.041504
0.021973,-0.00061035,0.039063
0.023956,-0.002594,0.040283
0.025635,-0.0033569,0.0354
0.026703,-0.0022888,0.040283
0.027924,-0.00091553,0.0354
0.028839,-0.0015259,0.042725
0.029449,-0.0010681,0.041504
0.03006,-0.002594,0.047607
0.029602,-0.0038147,0.046387
0.028534,-0.0028992,0.05249
0.027313,-0.00076294,0.06958
0.025024,0.0015259,0.057373
0.023804,0.0027466,0.062256
0.019989,0.0027466,0.061035
0.018005,0.00076294,0.05249
0.016174,-0.0019836,0.058594
0.014801,-0.007782,0.059814
0.012665,-0.0045776,0.059814
0.010223,-0.004425,0.05249
0.007782,-0.004425,0.057373
0.0074768,-0.0054932,0.063477
0.007019,-0.0059509,0.061035
0.0065613,-0.0093079,0.063477
0.0079346,-0.0083923,0.062256
0.009613,-0.0073242,0.067139
0.010223,-0.0057983,0.065918
0.011902,-0.0038147,0.067139
0.013123,-0.0018311,0.065918
0.01709,-0.0012207,0.053711
0.017395,-0.002594,0.067139
0.019531,-0.0021362,0.058594
0.022125,-0.0030518,0.068359
0.022583,-0.0018311,0.05127
0.022888,-0.0010681,0.046387
0.022583,-0.0027466,0.050049
0.022888,-0.0039673,0.05127
0.022125,-0.0064087,0.045166
0.02182,-0.0086975,0.047607
0.021667,-0.009613,0.042725
0.021973,-0.0094604,0.046387
0.020905,-0.0083923,0.040283
0.019684,-0.0082397,0.043945
0.017548,-0.0086975,0.036621
0.018463,-0.0091553,0.039063
0.019073,-0.0083923,0.041504
0.020142,-0.007019,0.046387
0.021362,-0.0030518,0.041504
0.020905,0.0012207,0.040283
0.019836,0.0035095,0.037842
0.016937,0.0045776,0.037842
0.01709,0.0032043,0.03418
0.019073,0.0030518,0.040283
0.020142,0.0018311,0.037842
0.018616,0.0021362,0.042725
0.022278,0.0019836,0.045166
0.024567,0.0012207,0.045166
0.025787,0.0028992,0.050049
0.02594,-0.0016785,0.050049
0.02655,-0.0038147,0.053711
0.02594,-0.0039673,0.05127
0.02594,-0.0050354,2.8345
0.028839,-0.0039673,4.7986
0.024719,-0.0027466,4.9207
0.023804,-0.0010681,4.9255
0.02243,-0.0010681,4.9304
0.02243,-0.00015259,4.9353
0.02121,-0.00076294,4.9341
0.020447,-0.0013733,4.9377
0.020142,-0.0022888,4.9304
0.019684,-0.0030518,4.9146
0.019379,-0.0038147,4.9292
0.019226,-0.0062561,4.9402
0.019073,-0.007019,4.9304
0.01709,-0.0088501,4.9353
0.016479,-0.011139,4.9329
0.015564,-0.011597,4.9353
0.016479,-0.011597,4.9316
0.015717,-0.010681,4.9316
0.016937,-0.0094604,4.9231
0.017548,-0.0090027,4.9304
0.017395,-0.0073242,4.9231
0.018005,-0.0062561,4.9243
0.019379,-0.0059509,4.9329
0.021973,-0.0083923,4.9207
0.02243,-0.0057983,4.917
0.023346,-0.0061035,4.917
0.02533,-0.007019,4.9146
0.025024,-0.0064087,4.8962
0.025024,-0.0054932,4.9158
0.027161,-0.0045776,4.9158
0.024567,-0.0030518,4.9109
0.029755,-0.0012207,4.9084
0.031281,-0.00076294,4.9109
0.031433,0.00015259,4.9072
0.029602,0,4.9097
0.029602,0,4.9072
0.028687,0,4.9133
0.028839,-0.00045776,4.9084
0.028381,-0.0018311,4.9121
0.027466,-0.00045776,4.9097
0.02655,0,4.9133
0.026703,0.00015259,4.9219
0.024567,0.00045776,4.9146
0.023651,0.00045776,4.9243
0.02182,0.0010681,4.9194
0.021057,0.0018311,4.9097
0.020599,0.0015259,4.9219
0.019989,0.00091553,4.9231
0.021973,-0.00045776,4.9133
0.019226,-0.00091553,4.928
0.019226,-0.0013733,4.928
0.020905,-0.0015259,4.9329
0.022583,-0.0016785,4.9304
0.024109,-0.00091553,4.9329
0.02533,-0.00076294,4.9353
0.025787,-0.0010681,4.9329
0.024872,-0.0010681,4.9329
0.024872,0.0010681,4.9341
0.024872,0.0036621,4.9377
0.025024,0.0059509,4.9402
0.025482,0.0076294,4.939
0.02594,0.007782,4.9365
0.026398,0.0073242,4.9451
0.026398,0.0065613,4.9341
0.026398,0.0068665,4.9426
0.02655,0.0073242,4.9243
0.02655,0.0079346,4.9304
0.027313,0.0079346,4.9268
0.025482,0.0088501,4.9255
0.025787,0.0079346,4.9023
0.025024,0.0067139,4.9207
0.020599,0.0061035,4.9207
0.022125,0.0059509,4.9182
0.021667,0.0068665,4.9158
0.02243,0.0073242,4.9194
0.022125,0.0082397,4.9146
0.02243,0.0067139,4.9158
0.022583,0.0061035,4.9255
0.021973,0.0057983,4.9121
0.021667,0.0065613,4.917
0.020905,0.007019,4.9133
0.02121,0.0088501,4.895
0.020905,0.0086975,4.9097
0.021057,0.0091553,4.9109
0.021057,0.0086975,4.9109
0.021057,0.0082397,4.9109
0.021057,0.0073242,4.8938
0.021057,0.0071716,4.9133
0.022125,0.0059509,4.9097
0.023041,0.0048828,4.9158
0.023346,0.0035095,4.9121
0.022736,0.002594,4.9219
0.021515,0.0018311,4.9207
0.021057,0.0015259,4.9219
0.019073,0.0018311,4.9292
0.021057,0.0010681,4.9255
0.021515,0.00091553,4.9243
0.022888,0.00015259,4.9292
0.024261,-0.00015259,4.9377
0.023804,0.00030518,4.9304
0.023956,0.00076294,4.9329
0.024109,0.0010681,4.9304
0.024567,0.0032043,4.9304
0.025635,0.0048828,4.9304
0.027008,0.0054932,4.9329
0.028229,0.0061035,4.9329
0.028381,0.005188,4.9365
0.027924,0.0056458,4.9268
0.027618,0.0059509,0.070801
0.027618,0.0062561,0.065918
0.028229,0.0065613,0.067139
0.027466,0.007019,0.065918
0.027466,0.0068665,0.063477
0.026703,0.0064087,0.06958
0.025787,0.0065613,0.058594
0.024567,0.0065613,0.063477
0.025787,0.007019,0.05249
0.021973,0.007019,0.039063
0.021667,0.0061035,0.050049
0.020142,0.0062561,0.050049
0.019989,0.005188,0.041504
0.018005,0.0050354,0.050049
0.01709,0.0054932,0.043945
0.016327,0.0062561,0.043945
0.015106,0.0064087,0.041504
0.015259,0.0067139,0.043945
0.015717,0.0054932,0.036621
0.015869,0.004425,0.043945
0.016937,0.0035095,0.041504
0.016632,0.0030518,0.041504
0.017548,0.0030518,0.042725
0.01709,0.0038147,0.041504
0.016632,0.0035095,0.039063
0.016937,0.0027466,0.039063
0.016479,0.0022888,0.037842
0.015564,0.0016785,0.041504
0.014801,0.0012207,0.029297
0.014191,0.0012207,0.041504
0.014191,0.0024414,0.045166
0.014801,0.0024414,0.043945
0.016022,0.0030518,0.046387
0.017395,0.0024414,0.05127
0.018005,0.00045776,0.057373
0.018921,0.00076294,0.056152
0.018463,0,0.061035
0.018921,0.00061035,0.059814
0.019989,0.0010681,0.063477
0.019684,0.0018311,0.057373
0.019379,0.0024414,0.064697
0.019379,0.002594,0.072021
0.018921,0.0018311,0.061035
0.018005,0.0024414,0.065918
0.018158,0.0038147,0.062256
0.019836,0.0033569,0.043945
0.018158,0.0036621,0.062256
0.0177,0.0036621,0.063477
0.017395,0.0027466,0.064697
0.017395,0.0015259,0.064697
0.017395,0.00030518,0.061035
0.016937,-0.00030518,0.073242
0.017395,-0.0013733,0.061035
0.016785,-0.00045776,0.059814
0.016632,-0.00061035,0.053711
0.014343,-0.00061035,0.057373
0.016022,-0.00061035,0.05127
0.015717,-0.00091553,0.053711
0.016174,-0.0016785,0.056152
0.016632,-0.0016785,0.058594
0.017242,-0.00061035,0.048828
0.018158,-0.00030518,0.046387
0.018158,-0.00015259,0.041504
0.020294,-0.00076294,0.040283
0.019226,-0.0022888,0.043945
0.018768,-0.0032043,0.040283
0.018616,-0.0035095,0.040283
0.017853,-0.0036621,0.037842
0.018005,-0.0035095,0.041504
0.018005,-0.002594,0.037842
0.016632,-0.0033569,0.040283
0.016937,-0.0036621,0.039063
0.016174,-0.0039673,0.042725
0.015564,-0.0038147,0.037842
0.016785,-0.0032043,0.039063
0.016479,-0.002594,0.039063
0.01709,-0.0018311,0.042725
0.018463,-0.0033569,0.056152
0.017395,-0.00091553,0.046387
0.018158,-0.00015259,0.059814
0.018005,0.00076294,0.046387
0.017548,0.0041199,0.042725
0.015869,0.0010681,0.053711
0.016632,0.00061035,0.056152
0.016479,0,0.05249
0.016174,-0.00061035,0.057373
0.016479,-0.00045776,0.059814
0.016327,-0.0010681,0.061035
0.016785,-0.00076294,0.058594
0.0177,-0.00076294,0.062256
0.018616,-0.0019836,0.059814
0.019531,-0.0016785,0.063477
0.019989,-0.0024414,0.062256
0.019226,-0.0016785,0.063477
0.018921,-0.0019836,0.06958
0.018311,-0.0030518,0.068359
0.017853,-0.0036621,0.067139
0.018005,-0.0039673,0.065918
0.017853,-0.004425,0.074463
0.018005,-0.0042725,0.063477
0.016785,-0.0032043,0.046387
0.019073,-0.0019836,0.054932
0.020752,-0.00091553,0.056152
0.021362,0.00015259,0.05249
0.023651,0.0018311,0.05249
0.022278,0.0010681,0.047607
0.02243,0,0.05127
0.027313,0.002594,0.046387
0.023499,-0.0010681,0.046387
0.023499,-0.00091553,0.047607
0.023956,-0.00091553,0.046387
0.022888,-0.0027466,0.041504
0.022583,0.00045776,0.041504
0.021667,0,0.054932
0.02182,-0.00030518,0.037842
0.022125,-0.00091553,0.043945
0.02243,-0.0016785,0.040283
0.022583,-0.0016785,0.021973
0.022583,-0.0013733,3.0396
0.021057,-0.00076294,4.7961
0.020599,-0.0015259,4.8987
0.021057,-0.0012207,4.9048
0.020905,-0.00091553,4.9072
0.021362,-0.0010681,4.9084
0.021362,0.00061035,4.9084
0.020599,0.0013733,4.9146
0.019073,0.0019836,4.9146
0.019073,0.0010681,4.9219
0.018005,0.00015259,4.9231
0.018768,0.0015259,4.9194
0.018921,-0.0019836,4.9268
0.021667,-0.002594,4.9255
0.022125,-0.0024414,4.9255
0.022278,0.0019836,4.9292
0.021362,0.00061035,4.9438
0.019989,0.002594,4.9304
0.019684,0.0027466,4.9231
0.018921,0.0041199,4.9316
0.018921,0.0039673,4.9292
0.018463,0.0041199,4.9316
0.016937,0.0030518,4.928
0.015869,0.0016785,4.9329
0.015411,0.00045776,4.9353
0.015564,-0.00015259,4.9353
0.016632,0.00045776,4.9377
0.016937,-0.0019836,4.9329
0.018005,-0.0033569,4.9353
0.017853,-0.0030518,4.9304
0.016022,-0.0038147,4.9341
0.014496,-0.0036621,4.9365
0.012817,-0.0036621,4.928
0.013123,-0.0038147,4.9255
0.013275,-0.0028992,4.9243
0.014496,-0.002594,4.9109
0.015717,-0.0019836,4.9182
0.016632,-0.00091553,4.9146
0.017548,-0.00015259,4.9158
0.017548,0.00030518,4.9194
0.019073,0.00076294,4.9072
0.019073,0.0010681,4.9158
0.021057,0.0013733,4.9084
0.022583,0.00076294,4.9133
0.022125,0.0019836,4.8865
0.018921,0.0012207,4.9097
0.020599,0.0016785,4.9133
0.019836,0.0018311,4.9146
0.02121,0.00061035,4.9084
0.021515,0,4.9133
0.023499,-0.00076294,4.9158
0.023804,-0.0016785,4.8999
0.022583,-0.002594,4.917
0.02243,-0.0033569,4.9121
0.02121,-0.0033569,4.9011
0.020447,-0.0030518,4.9146
0.020294,-0.0019836,4.917
0.019836,-0.0010681,4.9146
0.019684,0.0012207,4.9207
0.018921,0.002594,4.917
0.018616,0.0022888,4.9255
0.018768,0.0021362,4.928
0.019379,0.00061035,4.9329
0.020447,-0.00061035,4.9268
0.021057,-0.0012207,4.9353
0.021362,-0.0013733,4.9304
0.020905,-0.0013733,4.9329
0.020599,-0.0032043,4.9402
0.019073,-0.0032043,4.939
0.018158,-0.004425,4.9341
0.016632,-0.0038147,4.9341
0.015869,-0.0019836,4.9268
0.015564,-0.00076294,4.9316
0.016632,-0.00030518,4.9341
0.017242,-0.00030518,4.9341
0.019073,-0.0018311,4.9341
0.020294,-0.0032043,4.9292
0.022278,-0.0035095,4.9304
0.021515,-0.004425,4.9341
0.024872,-0.0018311,4.9304
0.025024,-0.0016785,4.9231
0.025177,-0.00061035,4.9268
0.026245,0.00045776,4.9243
0.025024,-0.00030518,4.9231
0.024261,0.00030518,4.9182
0.023651,0,4.9207
0.023041,-0.00030518,4.9231
0.023651,-0.00045776,4.917
0.024567,-0.0013733,4.9255
0.025635,-0.0015259,4.9133
0.026855,-0.0027466,4.9036
0.025482,-0.0036621,4.9097
0.026093,-0.0042725,4.9182
0.026093,-0.0039673,4.9072
0.025482,-0.0030518,4.9084
0.025635,-0.0018311,4.9072
0.02594,0.00045776,4.9109
0.02533,0.0018311,4.9048
0.026703,0.002594,4.9121
0.026398,0.0032043,4.9084
0.028687,0.0035095,4.9158
0.029602,0.004425,4.9109
0.031433,0.005188,4.917
0.033112,0.0057983,4.9231
0.034027,0.005188,4.9194
0.034332,0.0047302,4.9243
0.033569,0.0021362,4.928
0.032806,0.0016785,4.9146
0.032349,0.0021362,0.057373
0.030212,0.0032043,0.059814
0.029449,0.0050354,0.057373
0.027924,0.0064087,0.061035
0.025177,0.0061035,0.057373
0.025177,0.0048828,0.062256
0.024261,0.0042725,0.061035
0.024567,0.0028992,0.061035
0.026245,0.0042725,0.058594
0.027161,0.0050354,0.063477
0.027466,0.0047302,0.064697
0.029144,0.0028992,0.065918
0.027008,0.0027466,0.063477
0.026703,0.0018311,0.068359
0.025635,0.0024414,0.073242
0.025482,0.0038147,0.067139
0.025024,0.0042725,0.074463
0.024872,0.0076294,0.061035
0.024414,0.004425,0.059814
0.023956,0.0068665,0.057373
0.026245,0.0053406,0.056152
0.027008,0.0047302,0.05127
0.028229,0.0030518,0.05127
0.028839,0.0050354,0.043945
0.028381,0.0053406,0.050049
0.026855,0.0059509,0.046387
0.025177,0.0045776,0.047607
0.023956,0.004425,0.046387
0.023193,0.0036621,0.045166
0.024261,0.0045776,0.041504
0.022125,0.0057983,0.041504
0.022125,0.0068665,0.05249
0.022278,0.0068665,0.041504
0.023041,0.0059509,0.037842
0.023041,0.004425,0.041504
0.024261,0.0038147,0.019531
0.026245,0.00030518,0.037842
0.025024,0.0013733,0.037842
0.026855,0.0012207,0.041504
0.02594,0.0018311,0.040283
0.024567,0.0019836,0.039063
0.023651,0.00091553,0.037842
0.023041,-0.00030518,0.040283
0.022736,-0.0019836,0.043945
0.022736,-0.0068665,0.043945
0.024109,-0.0030518,0.05127
0.025177,-0.0033569,0.05127
0.025177,-0.0038147,0.054932
0.025024,-0.0030518,0.057373
0.023041,-0.002594,0.058594
0.024872,-0.0019836,0.058594
0.024567,-0.0024414,0.062256
0.024414,-0.0015259,0.072021
0.025482,-0.00076294,0.05127
0.024719,-0.0016785,0.05249
0.025482,-0.0018311,0.059814
0.024261,0.0038147,0.059814
0.026703,0.0039673,0.058594
0.027161,0.0035095,0.062256
0.029297,0.0032043,0.062256
0.029907,0.0021362,0.067139
0.031281,0.0022888,0.061035
0.030212,0.002594,0.072021
0.028687,0.0030518,0.063477
0.027161,0.0038147,0.065918
0.02533,0.0042725,0.063477
0.024109,0.0039673,0.062256
0.023956,0.0045776,0.065918
0.024109,0.0047302,0.057373
0.023804,0.0045776,0.05249
0.02243,0.0022888,0.05127
0.02121,0.0016785,0.041504
0.021515,0.00076294,0.050049
0.020142,-0.00045776,0.043945
0.023499,0.0022888,0.043945
0.019989,0.0035095,0.046387
0.019226,0.0048828,0.043945
0.018158,0.0045776,0.042725
0.015869,0.0036621,0.040283
0.015259,0.002594,0.042725
0.014954,0.00061035,0.037842
0.014496,0.0010681,0.042725
0.015717,0.0030518,0.040283
0.016785,0.0041199,0.042725
0.017548,0.0054932,0.037842
0.016174,0.0050354,0.031738
0.015411,0.0039673,0.048828
0.014496,0.002594,0.037842
0.016327,0.0024414,0.050049
0.014648,0.0019836,0.042725
0.014648,0.002594,0.029297
0.015411,0.0030518,0.042725
0.014648,-0.00030518,0.046387
0.014191,0.0013733,0.046387
0.013885,-0.00045776,0.050049
0.014496,-0.0030518,0.05249
0.016479,-0.0027466,0.056152
0.017548,-0.0032043,0.057373
0.018311,-0.0013733,0.059814
0.018158,-0.00015259,0.056152
0.017853,0.00091553,0.064697
0.01709,0.00076294,0.062256
0.017395,0.00030518,0.062256
0.017853,-0.00015259,0.074463
0.018311,-0.00061035,0.061035
0.018311,0.00061035,0.057373
0.018463,0.0015259,0.061035
0.016632,0.0024414,0.06958
0.016785,0.0033569,0.063477
0.016937,0.0033569,0.067139
0.018158,0.0028992,0.067139
0.019073,0.0028992,0.065918
0.019989,0.0041199,0.059814
0.020599,0.0041199,0.061035
0.019684,0.004425,0.053711
0.018616,0.0035095,0.057373
0.018158,0.0032043,0.053711
0.016327,0.0028992,0.056152
0.016174,0.0019836,4.5569
0.014801,0.0015259,4.8877
0.015259,0.00030518,4.9158
0.014038,0.0018311,4.9207
0.013885,0.002594,4.9268
0.014343,0.0024414,4.9182
0.01358,0.0019836,4.9231
0.014343,0.00091553,4.9109
0.014648,0.00076294,4.9023
0.014954,0.00030518,4.9109
0.014496,-0.00015259,4.9097
0.013885,0.00015259,4.9084
0.012207,-0.00030518,4.9011
0.012512,-0.00091553,4.9084
0.011749,-0.0024414,4.9072
0.01236,-0.0022888,4.9084
0.011444,-0.0021362,4.9121
0.013885,-0.00091553,4.9084
0.015411,0.0015259,4.9146
0.016174,0.0021362,4.9109
0.015411,0.0015259,4.9158
0.015717,0.0012207,4.9146
0.016327,0.00015259,4.9329
0.017853,-0.0024414,4.9158
0.018616,0.00045776,4.9231
0.018616,0.0021362,4.9304
0.018005,0.0033569,4.9268
0.018005,0.0038147,4.9219
0.018311,0.0030518,4.9194
0.019379,0,4.9292
0.02121,0.00091553,4.9304
0.022583,0.0018311,4.9304
0.022888,0.0038147,4.9292
0.022583,0.0059509,4.9341
0.021515,0.0071716,4.9304
0.019684,0.0073242,4.9341
0.018768,0.0053406,4.9316
0.0177,0.0024414,4.9377
0.016479,0.0015259,4.9304
0.015717,0.00015259,4.939
0.015106,0.00045776,4.95
0.01358,0.00015259,4.9414
0.013885,-0.0013733,4.9341
0.012817,-0.0038147,4.9329
0.013428,-0.007782,4.9109
0.013885,-0.0088501,4.9268
0.014648,-0.0085449,4.9243
0.015259,-0.0074768,4.9231
0.015411,-0.0045776,4.9231
0.017242,-0.0028992,4.9182
0.018768,-0.0035095,4.9219
0.020599,-0.002594,4.9158
0.022125,-0.0022888,4.9158
0.024261,-0.00091553,4.9097
0.025024,0.00030518,4.9158
0.026245,0.0018311,4.9133
0.024261,0.00061035,4.9158
0.027618,-0.0012207,4.9121
0.026093,-0.002594,4.9133
0.028381,-0.0038147,4.9133
0.029297,-0.005188,4.9109
0.028992,-0.0024414,4.9011
0.028687,-0.00061035,4.9072
0.028534,0.0015259,4.9207
0.028076,0.0028992,4.9133
0.028534,0.0022888,4.9084
0.027313,0.0013733,4.9097
0.026703,0.00076294,4.9133
0.02533,0.00015259,4.9109
0.024567,0.0013733,4.9146
0.023041,0.0028992,4.9146
0.020905,0.0033569,4.9219
0.019226,0.0036621,4.9158
0.017853,0.0019836,4.9255
0.016785,-0.0035095,4.9255
0.016479,-0.0010681,4.928
0.016632,-0.0013733,4.9377
0.017242,-0.00091553,4.9329
0.018311,0.0010681,4.9414
0.018158,0.00076294,4.9329
0.018005,0.00030518,4.9231
0.017548,-0.00061035,4.9329
0.017242,-0.0056458,4.9365
0.017395,-0.0027466,4.9268
0.017395,-0.0018311,4.9304
0.019531,-0.0015259,4.9304
0.018616,-0.0013733,4.9341
0.018768,-0.00076294,4.9292
0.018616,-0.0030518,4.9402
0.019226,-0.0053406,4.9353
0.020905,-0.0065613,4.9353
0.023041,-0.0061035,4.9329
0.023651,-0.0053406,4.928
0.025482,-0.0035095,4.9304
0.023651,-0.0019836,4.9304
0.023804,-0.0019836,4.9268
0.023651,-0.0027466,4.9219
0.024567,-0.0035095,4.9255
0.024872,-0.0041199,4.9231
0.025482,-0.0021362,4.9084
0.026093,0,4.9158
0.023499,0.00061035,4.9158
0.021057,0.00030518,4.9182
0.019989,-0.00091553,4.9133
0.017548,-0.0032043,4.9084
0.018463,-0.0028992,4.9109
0.018921,-0.0012207,4.906
0.018463,0.0048828,4.9133
0.018921,0.0013733,0.039063
0.019073,-0.00030518,0.043945
0.018921,-0.0030518,0.037842
0.018463,-0.0064087,0.042725
0.018463,-0.0073242,0.054932
0.019684,-0.0053406,0.040283
0.019684,-0.0033569,0.047607
0.02182,-0.00061035,0.040283
0.021515,-0.00076294,0.023193
0.02182,-0.0015259,0.041504
0.022125,-0.0012207,0.046387
0.02182,-0.00091553,0.045166
0.024261,0.002594,0.05249
0.025787,0.0061035,0.05127
0.027771,0.0088501,0.058594
0.028839,0.007782,0.057373
0.028076,0.0053406,0.057373
0.027924,0.0019836,0.059814
0.026398,0.00091553,0.067139
0.025177,-0.002594,0.062256
0.025482,-0.0028992,0.064697
0.024719,-0.0022888,0.067139
0.026398,-0.0019836,0.062256
0.023193,-0.0027466,0.059814
0.022278,-0.0045776,0.061035
0.021973,-0.0062561,0.073242
0.018158,-0.0074768,0.064697
0.020599,-0.007782,0.047607
0.019836,-0.0054932,0.063477
0.019379,-0.0045776,0.065918
0.019379,-0.0021362,0.059814
0.0177,-0.0024414,0.063477
0.0177,-0.0038147,0.056152
0.0177,-0.0030518,0.059814
0.019226,-0.0015259,0.05249
0.021057,0.0013733,0.056152
0.023651,0.0038147,0.050049
0.027008,0.0053406,0.05127
0.028687,0.0061035,0.05127
0.029755,0.004425,0.05127
0.030518,0.0030518,0.056152
0.032501,0.0039673,0.050049
0.032043,0.0056458,0.058594
0.031891,0.007019,0.042725
0.033722,0.0059509,0.031738
0.029907,0.0064087,0.041504
0.028076,0.0041199,0.039063
0.026703,0.0015259,0.037842
0.026398,-0.00076294,0.036621
0.023499,-0.00076294,0.036621
0.023193,-0.0013733,0.036621
0.02243,-0.0033569,0.037842
0.021973,-0.0022888,0.041504
0.022125,-0.0036621,0.03418
0.022125,-0.0042725,0.039063
0.022736,-0.0038147,0.043945
0.023193,-0.0030518,0.046387
0.024261,-0.00076294,0.043945
0.024872,0.0015259,0.047607
0.027313,0.002594,0.046387
0.02594,0.004425,0.050049
0.026398,0.004425,0.056152
0.026093,0.0050354,0.056152
0.027466,0.0054932,0.05249
0.027161,0.0061035,0.056152
0.028229,0.0080872,0.062256
0.028687,0.009613,0.059814
0.029144,0.0097656,0.061035
0.028992,0.0097656,0.059814
0.029907,0.0090027,0.063477
0.029907,0.0088501,0.057373
0.030823,0.010223,0.063477
0.031433,0.010834,0.061035
0.03067,0.011444,0.06958
0.029602,0.012054,0.059814
0.028534,0.010529,0.068359
0.028076,0.0094604,0.080566
0.027618,0.0074768,0.06958
0.026703,0.0068665,0.065918
0.026703,0.007019,0.064697
0.026398,0.0085449,0.039063
0.025024,0.0090027,0.056152
0.023804,0.011292,0.05249
0.022736,0.011444,0.05249
0.022278,0.010834,0.048828
0.021973,0.009613,0.046387
0.022583,0.0091553,0.05127
0.022125,0.0091553,0.043945
0.021362,0.0097656,0.047607
0.020447,0.0090027,0.042725
0.017853,0.007782,0.047607
0.015869,0.0064087,0.041504
0.015259,0.0050354,0.040283
0.015564,0.0047302,0.041504
0.015564,0.0054932,0.042725
0.016937,0.0067139,0.043945
0.016937,0.007782,0.041504
0.016937,0.0073242,0.045166
0.018005,0.0056458,0.036621
0.018158,0.0030518,0.032959
0.018158,0.00015259,0.039063
0.021515,-0.00045776,0.039063
0.02182,0.00061035,0.03418
0.021973,0.0022888,0.040283
0.021362,0.0047302,0.041504
0.021057,0.0045776,0.046387
0.02182,0.0041199,0.045166
0.021973,0.0028992,0.05127
0.024109,0.0012207,0.047607
0.024567,0.0013733,0.058594
0.025024,0.0030518,0.056152
0.025177,0.0041199,0.059814
0.023956,0.0045776,0.072021
0.023651,0.004425,0.062256
0.022888,0.0030518,0.063477
0.022736,0.0012207,0.059814
0.023346,0.0010681,0.056152
0.023041,0.0022888,0.062256
0.021515,0.0041199,3.8354
0.019836,0.0054932,4.8608
0.019226,0.0050354,4.9231
0.019226,0.0036621,4.9304
0.020752,0.0016785,4.9365
0.022888,0.00030518,4.9304
0.024109,-0.0010681,4.9353
0.024261,0.0027466,4.9304
0.023193,0.0042725,4.9353
0.021515,0.0050354,4.9316
0.02121,0.0053406,4.9121
0.02182,0.0041199,4.9255
0.022888,0.0033569,4.9292
0.024567,0.0027466,4.9341
0.02533,0.0019836,4.9231
0.024261,0.0010681,4.9268
0.022125,-0.00045776,4.9097
0.020142,-0.0016785,4.9072
0.018768,-0.0016785,4.9133
0.018768,-0.0019836,4.9133
0.018158,-0.0012207,4.9133
0.017242,-0.00091553,4.9133
0.014954,0.00030518,4.9097
0.012512,0.00076294,4.9146
0.010834,0.00076294,4.9109
0.010986,0.00030518,4.9109
0.01236,-0.0021362,4.9084
0.015106,-0.0030518,4.9133
0.017242,-0.004425,4.9121
0.018616,-0.0048828,4.9109
0.019836,-0.0042725,4.9158
0.018768,-0.0027466,4.9097
0.019073,-0.00061035,4.9072
0.020294,0.0010681,4.9146
0.020294,0.0013733,4.9048
0.023804,0.0016785,4.9158
0.024109,0.0010681,4.9292
0.021667,0.00030518,4.9243
0.022888,0.00030518,4.9231
0.021667,-0.00045776,4.9231
0.022125,-0.0012207,4.9231
0.023651,-0.002594,4.9255
0.025482,-0.0061035,4.9304
0.026398,-0.0048828,4.9292
0.025787,-0.0018311,4.9353
0.024109,-0.002594,4.9329
0.022278,-0.0010681,4.9329
0.020447,0.00045776,4.9316
0.019836,0,4.9207
0.018616,-0.0013733,4.9377
0.020447,-0.0019836,4.9353
0.019684,-0.0036621,4.939
0.018616,-0.0035095,4.9341
0.016632,-0.0024414,4.9231
0.015106,-0.002594,4.9365
0.015411,-0.0022888,4.9316
0.016785,-0.0057983,4.9316
0.018616,-0.0028992,4.9329
0.019684,-0.0028992,4.9243
0.019836,-0.0032043,4.9243
0.018768,-0.0022888,4.9207
0.0177,-0.0030518,4.9268
0.01709,-0.0032043,4.9158
0.018463,-0.0027466,4.9194
0.02121,-0.0039673,4.9182
0.02243,-0.0036621,4.9207
0.022888,-0.0033569,4.9207
0.020752,-0.0021362,4.9182
0.020447,-0.0010681,4.9121
0.019989,0.00030518,4.9231
0.019836,0.0013733,4.9072
0.021057,0.00061035,4.9121
0.02243,0.0012207,4.9084
0.022278,0.00076294,4.9097
0.021362,-0.00045776,4.9036
0.019226,-0.00061035,4.9084
0.017853,-0.00045776,4.9084
0.017548,0.00045776,4.9097
0.020447,-0.0010681,4.9097
0.020905,0.00015259,4.9097
0.02121,-0.00076294,4.8999
0.018768,-0.0033569,4.9121
0.016327,-0.0022888,4.9133
0.013275,-0.0021362,4.9133
0.010986,-0.0027466,4.9243
0.010834,-0.0019836,4.9255
0.012207,-0.0021362,4.9231
0.013733,-0.0027466,4.9316
0.013428,-0.0036621,4.9268
0.01297,-0.0030518,4.9146
0.011292,-0.0045776,4.928
0.011902,-0.0041199,4.9243
0.014343,-0.0032043,4.9304
0.018768,-0.0022888,4.9292
0.022278,-0.0015259,4.9268
0.024261,-0.0010681,4.9133
0.023346,-0.00076294,4.9329
0.02243,0,4.9329
0.020294,0.00045776,4.928
0.019226,0.0010681,4.9365
0.020599,0.0028992,4.9329
0.019989,0.0019836,4.9377
0.023804,0.00061035,4.9451
0.023956,-0.0045776,4.9353
0.02243,-0.0042725,4.9316
0.02182,-0.0039673,4.9316
0.021515,-0.0033569,4.9023
0.023193,-0.0021362,4.9255
0.024872,0.0010681,4.9219
0.02655,-0.00091553,0.056152
0.027924,-0.0010681,0.05127
0.02655,-0.0016785,0.047607
0.023499,-0.00091553,0.050049
0.022125,0.00061035,0.047607
0.021057,0.0036621,0.047607
0.020447,0.0027466,0.041504
0.023041,0.0024414,0.046387
0.023499,0.0012207,0.040283
0.021515,0.00030518,0.043945
0.016479,0.00061035,0.040283
0.014343,0.00030518,0.040283
0.011597,0.00015259,0.05127
0.010986,-0.0016785,0.039063
0.012207,-0.0022888,0.050049
0.01297,-0.0080872,0.037842
0.014343,-0.010223,0.03418
0.012665,-0.0080872,0.040283
0.011597,-0.010376,0.041504
0.010681,-0.0082397,0.039063
0.012665,-0.0053406,0.043945
0.016022,-0.0030518,0.041504
0.018158,-0.0018311,0.047607
0.019836,0.00015259,0.047607
0.019073,0.0016785,0.053711
0.018463,0.0036621,0.047607
0.018005,0.0056458,0.059814
0.019073,0.0074768,0.062256
0.022583,0.0065613,0.061035
0.025024,0.0050354,0.070801
0.02655,0.0030518,0.064697
0.025482,0.00045776,0.064697
0.023804,-0.0013733,0.059814
0.021515,-0.0018311,0.061035
0.019073,-0.0013733,0.062256
0.017548,0.00045776,0.059814
0.019226,-0.00015259,0.057373
0.018005,-0.00015259,0.063477
0.0177,-0.00076294,0.062256
0.014801,-0.0024414,0.067139
0.01236,-0.00091553,0.063477
0.010376,-0.00091553,0.067139
0.0099182,0.0018311,0.061035
0.011749,0.0019836,0.064697
0.013733,0.0016785,0.061035
0.016785,-0.00015259,0.058594
0.018311,-0.00061035,0.046387
0.018463,0.00091553,0.056152
0.020294,0.0038147,0.063477
0.021667,0.0080872,0.05249
0.02533,0.011139,0.062256
0.029755,0.012512,0.048828
0.032196,0.012665,0.036621
0.032959,0.01297,0.043945
0.031433,0.012665,0.046387
0.027466,0.013428,0.042725
0.02533,0.015259,0.037842
0.023804,0.013885,0.037842
0.023651,0.012207,0.042725
0.02243,0.0080872,0.037842
0.021057,0.0024414,0.041504
0.019073,-0.0021362,0.039063
0.014648,-0.0041199,0.042725
0.012054,-0.0042725,0.039063
0.010529,-0.0054932,0.042725
0.011292,-0.0076294,0.047607
0.012207,-0.011749,0.043945
0.013275,-0.015869,0.041504
0.01358,-0.016327,0.040283
0.013733,-0.013733,0.03418
0.013275,-0.0088501,0.045166
0.014496,-0.0022888,0.028076
0.016327,0.0022888,0.05127
0.020447,0.0038147,0.053711
0.022736,0.005188,0.054932
0.024719,0.0067139,0.059814
0.025635,0.0059509,0.057373
0.025482,0.010834,0.068359
0.026093,0.012207,0.059814
0.027161,0.012665,0.064697
0.03067,0.011292,0.057373
0.034637,0.0088501,0.063477
0.037842,0.0065613,0.061035
0.040283,0.0062561,0.063477
0.039368,0.0093079,0.06958
0.037689,0.01358,0.065918
0.036774,0.017242,0.073242
0.036469,0.018616,0.061035
0.036774,0.016022,0.05249
0.036011,0.011749,0.067139
0.034637,0.0076294,0.064697
0.031281,0.004425,0.061035
0.026703,0.0027466,0.063477
0.023193,0.0015259,0.056152
0.022125,-0.00076294,0.054932
0.022888,-0.0038147,0.05127
0.022888,-0.0071716,0.053711
0.021362,-0.0099182,0.043945
0.019379,-0.0099182,0.05249
0.015717,-0.0093079,0.05249
0.01358,-0.0041199,0.047607
0.013123,-0.00076294,0.046387
0.016327,0.0018311,0.045166
0.018616,0.002594,0.045166
0.021057,0.0021362,0.041504
0.021973,0.0033569,0.041504
0.024872,0.0056458,0.037842
0.021057,0.0093079,0.032959
0.022583,0.013275,0.036621
0.025177,0.015411,0.037842
0.032501,0.014954,0.0354
0.035095,0.01297,0.041504
0.039368,0.0090027,0.036621
0.041199,0.0067139,0.041504
0.040131,0.0067139,0.036621
0.044098,0.0065613,0.041504
0.045776,0.0067139,0.042725
0.04715,0.0062561,2.7063
0.046387,0.0038147,4.7815
0.043488,0.0010681,4.9097
0.03952,-0.00045776,4.9255
0.034485,-0.00015259,4.9207
0.031128,0.0039673,4.9292
0.029449,0.0083923,4.928
0.029449,0.010071,4.9146
0.030518,0.010071,4.9304
0.030365,0.0082397,4.9304
0.029755,0.0056458,4.9341
0.027924,0.0024414,4.9304
0.025177,0.0053406,4.928
0.023804,0.0067139,4.9341
0.022278,0.0074768,4.9377
0.021973,0.0071716,4.9316
0.021057,0.0042725,4.9292
0.020447,0.0019836,4.939
0.020905,0.0013733,4.9402
0.019989,0.0032043,4.939
0.020447,0.0050354,4.939
0.020599,0.0071716,4.9377
0.02533,0.0071716,4.9365
0.027924,0.0061035,4.9304
0.030212,0.0030518,4.9402
0.032196,0.00015259,4.9243
0.032349,-0.0013733,4.9097
0.030823,0.0016785,4.9207
0.029907,0.0047302,4.917
0.030518,0.0062561,4.9158
0.033112,0.0057983,4.9194
0.032806,0.0024414,4.917
0.033569,-0.0013733,4.917
0.033417,-0.0035095,4.9121
0.032349,-0.0038147,4.9146
0.027618,-0.0032043,4.9036
0.025787,-0.002594,4.9146
0.023346,-0.0041199,4.9133
0.023804,-0.0054932,4.9133
0.023499,-0.0068665,4.9182
0.022583,-0.0074768,4.9109
0.023193,-0.0080872,4.9158
0.018463,-0.0016785,4.9097
0.017395,0.0018311,4.8987
0.017853,0.005188,4.9097
0.020294,0.0013733,4.9121
0.021973,-0.00015259,4.9109
0.023956,-0.0015259,4.9097
0.024872,-0.0033569,4.9109
0.024261,0.00015259,4.9133
0.024719,0.0039673,4.9146
0.026398,0.0067139,4.9243
0.028839,0.0080872,4.9243
0.03006,0.0085449,4.9268
0.032349,0.0088501,4.9292
0.031738,0.0093079,4.9316
0.030975,0.0099182,4.9304
0.027313,0.011139,4.9316
0.027771,0.011292,4.9341
0.027618,0.0099182,4.9329
0.027618,0.005188,4.9426
0.027924,0.00030518,4.9329
0.02655,-0.0042725,4.9158
0.024567,-0.0076294,4.9292
0.021057,-0.0053406,4.9316
0.019073,-0.0032043,4.9341
0.0177,-0.00061035,4.9353
0.015869,0,4.9304
0.015717,-0.00091553,4.9377
0.016174,-0.00091553,4.9329
0.014801,-0.0010681,4.9292
0.012817,-0.0010681,4.9255
0.012207,-0.00076294,4.928
0.013275,-0.00030518,4.9231
0.014496,-0.0038147,4.9268
0.016022,-0.0028992,4.9341
0.01709,-0.0050354,4.9231
0.017548,-0.0059509,4.9146
0.01709,-0.0053406,4.9097
0.015717,-0.002594,4.8975
0.015564,0.0010681,4.9158
0.016632,0.0039673,4.9146
0.018311,0.0053406,4.9158
0.02121,0.005188,4.9097
0.023193,0.0042725,4.9084
0.024261,0.0028992,4.9121
0.022736,0.0016785,4.9084
0.022583,0.0016785,4.9109
0.02182,0.0010681,4.9023
0.021362,-0.00061035,4.9121
0.020599,-0.0019836,4.9097
0.019531,-0.0047302,4.9097
0.018768,-0.007019,4.9072
0.016174,-0.0074768,4.9133
0.014801,-0.007782,4.9146
0.013275,-0.0056458,4.9146
0.01358,-0.0054932,4.9207
0.014496,-0.0045776,4.9158
0.016022,-0.005188,4.9048
0.016479,-0.0074768,4.9255
0.015717,-0.0068665,4.9194
0.014191,-0.0050354,4.9255
0.012665,-0.002594,4.9243
0.012512,-0.0012207,4.9255
0.012512,-0.0016785,4.9341
0.01358,-0.002594,4.9304
0.014343,-0.0057983,4.9329
0.013275,-0.0085449,4.928
0.012054,-0.009613,4.9341
0.0099182,-0.0082397,4.9292
0.0094604,-0.0073242,4.9304
0.010223,-0.0065613,0.074463
0.011902,-0.0059509,0.064697
0.013733,-0.0056458,0.067139
0.016174,-0.0056458,0.068359
0.017242,-0.0024414,0.057373
0.017853,0.00015259,0.064697
0.018921,0.0035095,0.063477
0.020752,0.0056458,0.057373
0.022888,0.0054932,0.061035
0.023804,0.0032043,0.054932
0.024261,-0.00061035,0.05249
0.023041,-0.0032043,0.048828
0.02182,-0.0039673,0.053711
0.019379,-0.0038147,0.043945
0.0177,-0.0021362,0.050049
0.01709,-0.0015259,0.048828
0.016327,-0.0012207,0.048828
0.015717,-0.0016785,0.042725
0.015411,-0.0024414,0.043945
0.014648,-0.0016785,0.050049
0.012665,-0.00091553,0.040283
0.010529,0.0012207,0.042725
0.0085449,-0.00061035,0.040283
0.0076294,-0.00015259,0.031738
0.0073242,-0.0018311,0.037842
0.0067139,-0.0045776,0.036621
0.0071716,-0.0050354,0.037842
0.007019,-0.0041199,0.039063
0.0068665,-0.0024414,0.036621
0.007019,0.00061035,0.045166
0.0064087,0.0033569,0.037842
0.007782,0.0053406,0.045166
0.007782,0.0059509,0.041504
0.0086975,0.0062561,0.047607
0.0080872,0.0064087,0.048828
0.009613,0.0073242,0.05249
0.011749,0.0085449,0.067139
0.013123,0.009613,0.054932
0.014801,0.0088501,0.059814
0.017548,0.0062561,0.056152
0.019531,0.0035095,0.045166
0.02182,-0.0033569,0.053711
0.022583,-0.0028992,0.059814
0.02243,-0.0047302,0.059814
0.021362,-0.0056458,0.062256
0.019073,-0.0067139,0.058594
0.017853,-0.0076294,0.061035
0.016327,-0.0080872,0.062256
0.016327,-0.0073242,0.063477
0.016479,-0.0056458,0.061035
0.015869,-0.0036621,0.068359
0.015106,-0.0013733,0.067139
0.013885,-0.00045776,0.064697
0.014648,0.00045776,0.070801
0.015259,-0.00015259,0.063477
0.016479,-0.00061035,0.062256
0.019379,0.00045776,0.061035
0.021057,0.0016785,0.068359
0.023346,0.0032043,0.05127
0.023651,0.0059509,0.036621
0.024567,0.0050354,0.050049
0.025024,0.0047302,0.046387
0.025482,0.0062561,0.047607
0.026245,0.0067139,0.041504
0.026855,0.011292,0.042725
0.027771,0.012512,0.046387
0.027618,0.013275,0.042725
0.027466,0.011749,0.042725
0.028381,0.007782,0.040283
0.029602,0.0045776,0.041504
0.031281,0.0021362,0.031738
0.032349,0.0016785,0.041504
0.034027,0.0013733,0.047607
0.034332,0.0018311,0.0354
0.037079,0.00091553,0.045166
0.032806,0.00076294,0.039063
0.030823,0.00061035,0.029297
0.029449,0.0016785,0.039063
0.027924,0.004425,0.042725
0.026093,0.007019,0.041504
0.025177,0.010071,0.045166
0.023651,0.011444,0.045166
0.022736,0.010529,0.047607
0.020905,0.0086975,0.053711
0.020294,0.0074768,0.053711
0.019684,0.0065613,0.05127
0.016632,0.0080872,0.058594
0.018921,0.0093079,0.062256
0.018768,0.010376,0.064697
0.018921,0.010529,0.059814
0.020294,0.0082397,0.063477
0.021667,0.0068665,0.064697
0.024567,0.0056458,0.061035
0.027618,0.0057983,0.072021
0.03006,0.0076294,0.062256
0.032349,0.010681,0.046387
0.033569,0.012665,0.063477
0.034332,0.014496,0.064697
0.033875,0.013275,0.064697
0.033112,0.012054,0.064697
0.031891,0.0090027,0.061035
0.030975,0.0080872,0.063477
0.031586,0.0076294,0.061035
0.032349,0.0068665,0.058594
0.032654,0.0068665,0.057373
0.032196,0.0061035,0.058594
0.032196,0.0054932,0.05249
0.030518,0.0048828,0.054932
0.029907,0.0074768,0.061035
0.029449,0.0076294,0.050049
0.029144,0.0091553,0.050049
0.026093,0.010529,0.046387
0.025787,0.0097656,0.031738
0.024719,0.0090027,0.043945
0.024109,0.0082397,0.039063
0.024261,0.0064087,0.037842
0.024261,0.0053406,3.9148
0.024872,0.0041199,4.8462
0.024261,0.0033569,4.9048
0.025482,0.0027466,4.906
0.023041,0.00030518,4.9097
0.023193,0.0018311,4.8853
0.023651,0.0015259,4.9133
0.025787,0.002594,4.9084
0.028229,0.0016785,4.9121
0.03006,0.0016785,4.906
0.03067,0.00015259,4.9146
0.032043,0.0019836,4.9219
0.033569,0.0039673,4.9133
0.034332,0.0054932,4.9255
0.034637,0.0064087,4.9207
0.034332,0.0062561,4.9219
0.033569,0.0067139,4.9243
0.028839,0.005188,4.9255
0.031738,0.0032043,4.9268
0.031738,0.0024414,4.928
0.031433,0.0010681,4.9292
0.031433,0.0013733,4.9316
0.030823,-0.00091553,4.928
0.031433,-0.0032043,4.9316
0.030823,-0.0048828,4.9268
0.029907,-0.0061035,4.9304
0.028687,-0.0062561,4.9341
0.027771,-0.005188,4.9329
0.028076,-0.0041199,4.9365
0.028076,-0.0027466,4.9377
0.028687,-0.0024414,4.9353
0.029602,-0.0024414,4.939
0.030212,-0.0027466,4.9426
0.032043,-0.002594,4.9329
0.033264,-0.00061035,4.9268
0.034027,0,4.9268
0.03418,0.00045776,4.928
0.035858,-0.0015259,4.928
0.033722,-0.0036621,4.9231
0.033264,-0.0056458,4.9182
0.03418,-0.0085449,4.9207
0.031738,-0.0088501,4.9182
0.031738,-0.009613,4.9158
0.031891,-0.010986,4.9194
0.031891,-0.012665,4.9207
0.031281,-0.011902,4.9121
0.030823,-0.012054,4.9146
0.03006,-0.012054,4.928
0.028229,-0.010071,4.9121
0.027771,-0.0079346,4.9194
0.027466,-0.0065613,4.9109
0.027466,-0.0054932,4.8975
0.027618,-0.0047302,4.9097
0.029602,-0.0054932,4.9109
0.028992,-0.0056458,4.9097
0.030975,-0.0061035,4.9084
0.031738,-0.0061035,4.906
0.033112,-0.005188,4.9109
0.033417,-0.0041199,4.9084
0.03418,-0.0036621,4.9182
0.033569,-0.0041199,4.9121
0.032501,-0.0047302,4.9194
0.031128,-0.005188,4.9194
0.030975,-0.0053406,4.9219
0.03006,-0.0053406,4.9341
0.029602,-0.0056458,4.928
0.028076,-0.0068665,4.9255
0.027771,-0.0083923,4.9341
0.026245,-0.0097656,4.9316
0.024109,-0.0094604,4.9316
0.022583,-0.0083923,4.9329
0.022736,-0.007019,4.9304
0.023041,-0.0071716,4.9316
0.022888,-0.0053406,4.928
0.021973,-0.00061035,4.9329
0.02182,0.00045776,4.9353
0.020142,0.0010681,4.9365
0.020905,0.0027466,4.9329
0.020294,0.0041199,4.9377
0.021362,0.0050354,4.9329
0.02121,0.0042725,4.9377
0.019531,0.0030518,4.9329
0.017853,0.0013733,4.9353
0.016327,-0.00045776,4.939
0.014648,-0.00091553,4.928
0.013428,-0.00030518,4.9353
0.013428,0.00045776,4.9231
0.014343,0.00076294,4.9084
0.015259,0.00091553,4.9182
0.015717,-0.00061035,4.9158
0.014801,-0.0016785,4.9158
0.013885,-0.0027466,4.9158
0.01297,-0.0032043,4.9158
0.012207,-0.0028992,4.9121
0.011902,-0.0021362,4.9109
0.011597,-0.002594,4.9133
0.011292,-0.002594,4.9084
0.011444,-0.0030518,4.9146
0.010529,-0.0024414,4.9121
0.010681,-0.0013733,4.9109
0.010223,0.00061035,4.9146
0.011749,0.002594,4.9133
0.013123,0.0028992,4.9109
0.013123,0.0022888,4.9097
0.014191,0.0010681,4.9036
0.01297,-0.00015259,4.9109
0.011749,-0.00015259,4.8999
0.0097656,-0.0015259,4.9109
0.010223,0.0013733,4.9158
0.010071,0.0015259,4.9146
0.0097656,0.0028992,4.9194
0.010223,-0.00030518,0.050049
0.010834,-0.00045776,0.061035
0.010529,-0.0012207,0.05249
0.010071,-0.00076294,0.061035
0.010223,0,0.062256
0.012054,0.0012207,0.064697
0.014038,0.0018311,0.057373
0.013275,0.0021362,0.062256
0.01297,0.0024414,0.070801
0.012054,0.0033569,0.062256
0.012665,0.0036621,0.06958
0.012512,0.0050354,0.064697
0.014496,0.0053406,0.050049
0.015717,0.0059509,0.064697
0.015564,0.005188,0.061035
0.015717,0.0042725,0.067139
0.016022,0.0039673,0.067139
0.016632,0.002594,0.053711
0.016479,0.004425,0.063477
0.016632,0.0013733,0.046387
0.015411,0.00091553,0.059814
0.015411,-0.00030518,0.05127
0.012512,-0.00045776,0.054932
0.011139,-0.00076294,0.048828
0.0097656,-0.00045776,0.056152
0.0099182,0.0013733,0.059814
0.0091553,0.002594,0.05127
0.0094604,0.0036621,0.046387
0.009613,0.0024414,0.048828
0.012817,0.0042725,0.032959
0.010986,0.0024414,0.041504
0.011597,0.0032043,0.039063
0.012207,0.002594,0.040283
0.01236,0.0030518,0.040283
0.012512,0.0035095,0.0354
0.012817,0.0041199,0.037842
0.013428,0.0016785,0.039063
0.013885,0.004425,0.039063
0.014648,0.0041199,0.036621
0.014648,0.0042725,0.043945
0.016174,0.0042725,0.039063
0.015259,0.0048828,0.042725
0.015869,0.005188,0.0354
0.016022,0.0061035,0.042725
0.016632,0.0080872,0.05127
0.017548,0.0083923,0.047607
0.018463,0.0074768,0.061035
0.018921,0.002594,0.047607
0.018311,0.0057983,0.039063
0.020142,0.0054932,0.05249
0.020294,0.0056458,0.054932
0.020752,0.0065613,0.058594
0.02182,0.0056458,0.058594
0.022125,0.0048828,0.05127
0.021515,0.0028992,0.062256
0.022583,0.0036621,0.061035
0.021362,0.002594,0.064697
0.02121,0.0030518,0.058594
0.02182,0.0032043,0.061035
0.02243,0.0038147,0.064697
0.022736,0.0041199,0.064697
0.022583,0.005188,0.073242
0.022278,0.0057983,0.072021
0.022278,0.0062561,0.065918
0.021667,0.0061035,0.065918
0.021667,0.0056458,0.068359
0.023193,0.0057983,0.063477
0.020905,0.0054932,0.05127
0.021057,0.0048828,0.053711
0.020599,0.0061035,0.058594
0.019073,0.0064087,0.054932
0.020905,0.0068665,0.05127
0.021515,0.0065613,0.05127
0.023804,0.0033569,0.05127
0.023804,0.0056458,0.047607
0.025177,0.0059509,0.047607
0.026093,0.007019,0.050049
0.028534,0.0073242,0.046387
0.027771,0.0073242,0.039063
0.027924,0.0073242,0.037842
0.028534,0.0071716,0.054932
0.03006,0.0074768,0.041504
0.030823,0.0088501,0.050049
0.031281,0.010681,0.040283
0.031281,0.01297,0.026855
0.029907,0.013428,0.037842
0.03006,0.013275,0.041504
0.029449,0.012665,0.040283
0.028534,0.010223,0.040283
0.029449,0.010223,0.037842
0.029297,0.0093079,0.037842
0.029297,0.0091553,0.040283
0.029907,0.0086975,0.041504
0.027618,0.0062561,0.043945
0.026703,0.0050354,0.05249
0.024872,0.0059509,0.05249
0.024414,0.0035095,0.056152
0.024261,0.0035095,0.063477
0.023499,0.0028992,0.058594
0.023041,-0.00091553,0.058594
0.021973,-0.00015259,0.061035
0.02121,-0.002594,0.067139
0.020599,-0.0041199,0.057373
0.021057,-0.0056458,0.053711
0.020752,-0.0059509,0.061035
0.021515,-0.0064087,0.061035
0.022583,-0.0061035,0.057373
0.023041,-0.0048828,0.063477
0.024261,-0.0042725,0.058594
0.025635,-0.0028992,0.064697
0.027924,-0.0059509,0.064697
0.03067,-0.00030518,0.067139
0.033569,0.00091553,0.064697
0.03479,0.0018311,0.063477
0.034637,0.0013733,0.061035
0.034027,0.0027466,0.062256
0.032501,0.0027466,3.5791
0.033112,0.0022888,4.8413
0.033417,0.0010681,4.9194
0.034637,-0.00015259,4.917
0.035248,-0.00030518,4.9048
0.035248,-0.00076294,4.9182
0.033722,-0.00091553,4.917
0.032501,-0.0018311,4.9146
0.031586,-0.0027466,4.9097
0.030518,-0.0041199,4.9133
0.030975,-0.005188,4.9109
0.029144,-0.0059509,4.9084
0.027924,-0.007019,4.9133
0.024567,-0.0071716,4.9072
0.022583,-0.0079346,4.9121
0.019684,-0.0080872,4.9109
0.017853,-0.0074768,4.9146
0.016174,-0.0073242,4.906
0.015564,-0.0073242,4.9109
0.016632,-0.0076294,4.9048
0.017395,-0.0073242,4.9097
0.017395,-0.0064087,4.9158
0.017242,-0.0050354,4.9097
0.016937,-0.0038147,4.9084
0.018158,-0.0038147,4.9146
0.019684,-0.0038147,4.9146
0.02121,-0.0038147,4.9158
0.022888,-0.0032043,4.9219
0.024719,-0.0021362,4.9207
0.023193,-0.00061035,4.9292
0.023041,-0.0010681,4.9243
0.022736,-0.002594,4.9304
0.023956,-0.0038147,4.9255
0.024567,-0.0050354,4.9341
0.024719,-0.0057983,4.9304
0.024567,-0.0056458,4.9341
0.023956,-0.0073242,4.9438
0.022583,-0.0080872,4.9341
0.02182,-0.0093079,4.9329
0.022125,-0.010986,4.9329
0.020447,-0.012512,4.928
0.021973,-0.011597,4.9353
0.020294,-0.010681,4.9341
0.018616,-0.010071,4.9353
0.016327,-0.0097656,4.9341
0.014343,-0.010529,4.9341
0.01358,-0.0094604,4.9341
0.014191,-0.0067139,4.9292
0.015411,-0.0032043,4.9304
0.016022,0.0012207,4.9194
0.016632,0.0039673,4.9255
0.018005,0.0047302,4.9182
0.020142,0.0053406,4.9243
0.021667,0.0074768,4.9182
0.023804,0.0093079,4.9207
0.024872,0.010986,4.9219
0.026398,0.010986,4.9194
0.027161,0.0086975,4.928
0.028229,0.0056458,4.9121
0.027924,0.0032043,4.8987
0.026703,0.0010681,4.9133
0.024872,0,4.9121
0.024261,-0.00091553,4.9109
0.024261,-0.0019836,4.9097
0.023956,-0.0035095,4.9048
0.020905,-0.0047302,4.9084
0.021515,-0.0053406,4.906
0.019684,-0.0053406,4.9121
0.018616,-0.0047302,4.9109
0.018463,-0.0032043,4.9158
0.017853,-0.0010681,4.9121
0.017242,-0.00030518,4.9158
0.016785,0.00030518,4.9133
0.014648,0.00091553,4.9207
0.014343,0.0012207,4.9255
0.01297,0.0019836,4.9231
0.012054,0.0035095,4.9182
0.01358,0.0042725,4.928
0.015411,0.0059509,4.917
0.016479,0.0082397,4.9255
0.017853,0.010223,4.9329
0.020142,0.012665,4.9304
0.022583,0.012512,4.9255
0.02243,0.01236,4.9329
0.02594,0.012207,4.9353
0.026703,0.012207,4.9292
0.027313,0.012054,4.9316
0.024414,0.014954,4.9365
0.027008,0.0090027,4.9377
0.027008,0.0064087,4.9353
0.027313,0.0039673,4.939
0.028229,0.005188,4.9402
0.027771,0.0056458,4.939
0.028229,0.0065613,4.939
0.027618,0.0099182,4.9353
0.026398,0.0082397,4.9182
0.023804,0.0088501,4.9255
0.021973,0.0085449,4.9243
0.019531,0.0086975,4.9255
0.017548,0.0083923,4.9243
0.015106,0.0088501,4.9182
0.013428,0.0083923,4.9182
0.012665,0.0090027,4.9182
0.011902,0.0057983,4.9158
0.010986,0.004425,4.9133
0.011902,0.0038147,4.917
0.013123,0.0033569,4.9146
0.014801,0.0042725,4.9158
0.016022,0.005188,4.9231
0.017395,0.0067139,4.9158
0.019379,0.0059509,0.043945
0.020599,0.0080872,0.040283
0.022278,0.0088501,0.021973
0.02243,0.009613,0.036621
0.02594,0.010986,0.037842
0.028076,0.012054,0.037842
0.028992,0.012512,0.040283
0.030212,0.012207,0.036621
0.030823,0.010834,0.041504
0.032196,0.0083923,0.046387
0.033417,0.005188,0.046387
0.034637,0.0064087,0.043945
0.03479,0.0068665,0.048828
0.034027,0.0076294,0.050049
0.032959,0.0083923,0.056152
0.030823,0.0080872,0.058594
0.028687,0.0065613,0.057373
0.028229,0.0074768,0.059814
0.026398,0.005188,0.063477
0.024872,0.0054932,0.073242
0.023346,0.0057983,0.064697
0.020752,0.0090027,0.05249
0.017395,0.0039673,0.062256
0.018921,0.0019836,0.061035
0.018768,0.00015259,0.059814
0.019379,0.00091553,0.065918
0.020142,0.00015259,0.059814
0.020447,0.0013733,0.065918
0.020905,0.002594,0.064697
0.022278,0.004425,0.067139
0.02243,0.00045776,0.062256
0.023346,-0.0015259,0.065918
0.024414,-0.0033569,0.061035
0.025482,-0.0035095,0.061035
0.026398,-0.0035095,0.064697
0.026398,-0.0038147,0.054932
0.02594,-0.0054932,0.05127
0.02655,-0.0076294,0.047607
0.026398,-0.0097656,0.036621
0.026093,-0.0074768,0.047607
0.027008,-0.011139,0.045166
0.027313,-0.011139,0.042725
0.027771,-0.010071,0.045166
0.028839,-0.0097656,0.039063
0.029297,-0.0080872,0.041504
0.030518,-0.0094604,0.039063
0.030975,-0.010986,0.040283
0.033417,-0.01236,0.036621
0.03418,-0.012054,0.037842
0.034485,-0.010986,0.041504
0.0354,-0.010376,0.042725
0.036621,-0.0090027,0.036621
0.034637,-0.0093079,0.043945
0.033417,-0.0094604,0.040283
0.031891,-0.010223,0.039063
0.032806,-0.0093079,0.047607
0.032043,-0.0082397,0.042725
0.032349,-0.0068665,0.03418
0.032806,-0.007019,0.045166
0.032654,-0.0059509,0.05127
0.032654,-0.0059509,0.05127
0.031891,-0.0071716,0.053711
0.031586,-0.0059509,0.05249
0.031891,-0.0090027,0.058594
0.032043,-0.0082397,0.057373
0.031433,-0.0076294,0.063477
0.030365,-0.0068665,0.059814
0.028687,-0.0064087,0.063477
0.027618,-0.0061035,0.056152
0.027466,-0.0071716,0.072021
0.027771,-0.0054932,0.075684
0.027008,-0.004425,0.062256
0.027008,-0.0038147,0.061035
0.026398,-0.0041199,0.064697
0.029297,-0.0038147,0.056152
0.024719,-0.0045776,0.063477
0.023651,-0.0056458,0.065918
0.023041,-0.007019,0.065918
0.023041,-0.0073242,0.064697
0.022583,-0.007782,0.059814
0.021667,-0.0073242,0.061035
0.020447,-0.0062561,0.057373
0.020294,-0.0074768,0.056152
0.019531,-0.0056458,0.050049
0.019989,-0.0061035,0.05249
0.020752,-0.0059509,0.05249
0.020447,-0.005188,0.053711
0.021057,-0.0041199,0.046387
0.020905,-0.0027466,0.048828
0.022125,-0.0018311,0.054932
0.021667,-0.0019836,0.046387
0.021667,-0.0015259,0.054932
0.023651,-0.0013733,0.041504
0.023499,-0.0013733,0.0354
0.023499,-0.0012207,0.037842
0.023651,-0.00030518,0.037842
0.02182,0.00045776,0.037842
0.02182,0.00091553,0.037842
0.021057,0.00076294,0.039063
0.021057,0.00045776,0.037842
0.020905,0.0012207,0.03418
0.019836,0.00091553,0.041504
0.019531,0.0012207,0.036621
0.017548,0.00091553,0.043945
0.017548,0.0013733,0.043945
0.017395,0.00076294,0.043945
0.018005,0.00030518,0.056152
0.017853,0.0010681,0.050049
0.017242,0.0015259,0.053711
0.016785,0.0022888,0.054932
0.015717,0.0028992,0.05249
0.015106,0.0032043,0.056152
0.015106,0.0030518,0.062256
0.015869,0.0028992,0.059814
0.0177,0.0024414,0.061035
0.019226,0.0015259,0.058594
0.019836,0.0015259,0.062256
0.019989,0.0016785,4.574
0.020142,0.0024414,4.9084
0.019531,0.0015259,4.9255
0.019073,0.00030518,4.9316
0.017853,-0.0012207,4.9304
0.017853,-0.00061035,4.939
0.01709,-0.00091553,4.9316
0.015411,0.00030518,4.9377
0.015259,0.0027466,4.9451
0.015106,0.0022888,4.9353
0.015411,0.0021362,4.9377
0.015564,0.00061035,4.9329
0.015717,0.00030518,4.9133
0.015717,0.00061035,4.9243
0.015411,0.0027466,4.9231
0.014343,0.0048828,4.9255
0.013885,0.0065613,4.9097
0.013123,0.0076294,4.917
0.013428,0.0073242,4.9158
0.013733,0.0065613,4.9182
0.015411,0.0068665,4.9194
0.016174,0.007782,4.9133
0.016785,0.010223,4.9158
0.019531,0.010986,4.9133
0.0177,0.011292,4.9133
0.017242,0.010529,4.9133
0.015717,0.0088501,4.9097
0.016785,0.0067139,4.9084
0.014801,0.0071716,4.9121
0.014496,0.0080872,4.8901
0.013123,0.0091553,4.9072
0.01297,0.0090027,4.9243
0.01236,0.0074768,4.9109
0.01236,0.0056458,4.9097
0.012817,0.0048828,4.9121
0.012207,0.0038147,4.9133
0.011597,0.0041199,4.9109
0.011139,0.002594,4.9231
0.011139,0.0030518,4.9158
0.0090027,0.0018311,4.9255
0.0079346,0.00015259,4.9207
0.0074768,-0.0033569,4.928
0.0074768,-0.00045776,4.9255
0.007782,0.00045776,4.9304
0.0097656,0.0035095,4.9377
0.011749,0.0074768,4.9329
0.015717,0.0059509,4.9402
0.018005,0.0064087,4.9316
0.021515,0.007019,4.9194
0.022125,0.0073242,4.9329
0.023956,0.0086975,4.9316
0.024261,0.010529,4.9292
0.024414,0.011139,4.9341
0.024719,0.011749,4.9353
0.024414,0.012207,4.9377
0.023499,0.011597,4.9353
0.022583,0.011444,4.9402
0.022125,0.011444,4.9316
0.021057,0.012054,4.9365
0.022125,0.013275,4.9316
0.02182,0.014038,4.9316
0.022278,0.013123,4.9329
0.020752,0.010529,4.9255
0.019989,0.0074768,4.928
0.018463,0.0036621,4.9207
0.017242,0.0019836,4.9268
0.015564,0.0028992,4.9207
0.015411,0.0038147,4.9146
0.013885,0.0048828,4.9133
0.011139,0.0050354,4.9207
0.009613,0.0033569,4.9158
0.0065613,0.0022888,4.9109
0.0086975,0.0013733,4.9084
0.009613,0.0032043,4.9133
0.011139,0.0022888,4.9072
0.013123,0.0064087,4.9121
0.013885,0.0062561,4.9121
0.014191,0.0041199,4.9109
0.014496,0.0010681,4.9109
0.017242,-0.00045776,4.9109
0.016632,-0.00045776,4.9207
0.01709,0.0010681,4.9133
0.018158,0.0015259,4.9158
0.018768,0.0030518,4.9146
0.018311,0.0027466,4.8999
0.018311,0.0015259,4.9158
0.017853,-0.0018311,4.917
0.021515,0.0010681,4.9207
0.023804,0.0022888,4.9231
0.025635,0.0028992,4.9194
0.026855,0.004425,4.9231
0.027618,0.0028992,4.9292
0.027008,0.0012207,4.9329
0.02533,-0.0030518,4.928
0.024872,-0.0033569,4.9329
0.024261,-0.0042725,4.9304
0.023041,-0.0035095,4.9329
0.021973,-0.0027466,4.9377
0.019684,-0.0032043,4.9329
0.017548,-0.0047302,4.9329
0.015411,-0.0067139,4.9353
0.014191,-0.007782,4.939
0.014954,-0.0065613,4.9377
0.015717,-0.004425,4.9146
0.016785,-0.0024414,4.9353
0.01709,-0.0019836,4.9329
0.01709,-0.0039673,4.9329
0.018005,-0.0062561,4.9329
0.019989,-0.0080872,4.928
0.023651,-0.0074768,4.928
0.026855,-0.0047302,0.05127
0.029449,-0.0016785,0.053711
0.031738,0.00076294,0.05249
0.032043,0.0012207,0.050049
0.032196,0,0.046387
0.032654,-0.0013733,0.048828
0.034332,-0.0010681,0.054932
0.035248,-0.00091553,0.046387
0.035706,-0.0012207,0.054932
0.034943,0.00076294,0.042725
0.035248,-0.0016785,0.031738
0.03418,-0.0038147,0.040283
0.033264,-0.0062561,0.037842
0.031738,-0.010376,0.037842
0.032654,-0.007782,0.040283
0.031738,-0.007019,0.037842
0.029755,-0.0071716,0.037842
0.026855,-0.0074768,0.036621
0.023651,-0.0083923,0.043945
0.020294,-0.010223,0.040283
0.018921,-0.011139,0.039063
0.018005,-0.011139,0.043945
0.018463,-0.010223,0.046387
0.018463,-0.007782,0.042725
0.014343,-0.0062561,0.05249
0.020142,-0.0054932,0.05249
0.02121,-0.0057983,0.056152
0.023041,-0.0064087,0.059814
0.024261,-0.0059509,0.058594
0.028534,-0.0042725,0.045166
0.029755,-0.0022888,0.058594
0.031586,0.00030518,0.062256
0.032654,0.00030518,0.061035
0.032806,0,0.061035
0.034027,-0.00091553,0.057373
0.035095,-0.00030518,0.062256
0.036163,-0.00045776,0.057373
0.036469,0.00076294,0.064697
0.036163,0.0010681,0.063477
0.0354,0.0013733,0.067139
0.033569,0,0.063477
0.031586,-0.0024414,0.067139
0.030365,-0.0056458,0.075684
0.028229,-0.0076294,0.063477
0.028534,-0.0086975,0.070801
0.027466,-0.0088501,0.061035
0.026093,-0.0099182,0.041504
0.024567,-0.010376,0.053711
0.022583,-0.010834,0.046387
0.021667,-0.010834,0.050049
0.021515,-0.010071,0.050049
0.021973,-0.007019,0.043945
0.023041,-0.0047302,0.048828
0.022888,-0.0021362,0.043945
0.022736,-0.00061035,0.045166
0.023041,0.0012207,0.042725
0.024872,0.0018311,0.045166
0.02655,0.0015259,0.042725
0.029144,0.0013733,0.042725
0.031128,0.0016785,0.041504
0.032806,0.0019836,0.041504
0.033264,0.0032043,0.040283
0.033417,0.0042725,0.041504
0.032959,0.0053406,0.032959
0.033722,0.0053406,0.037842
0.032806,0.005188,0.041504
0.032806,0.0057983,0.0354
0.031128,0.007782,0.040283
0.030823,0.0079346,0.039063
0.029449,0.010376,0.045166
0.028534,0.010529,0.045166
0.028229,0.010071,0.047607
0.027618,0.007782,0.050049
0.026703,0.0067139,0.053711
0.025482,0.0050354,0.054932
0.024261,0.0050354,0.046387
0.022583,0.005188,0.057373
0.02121,0.0048828,0.062256
0.019379,0.0042725,0.070801
0.018311,0.0028992,0.063477
0.018158,0.0016785,0.073242
0.018311,0.00091553,0.062256
0.017548,0.0010681,0.053711
0.016937,0.0016785,0.061035
0.016327,0.0024414,0.062256
0.016327,0.0028992,0.061035
0.016785,0.0035095,0.064697
0.018005,0.0022888,0.061035
0.019989,0.0018311,0.064697
0.02182,0.0028992,0.065918
0.022278,0.004425,0.067139
0.022736,0.007019,0.059814
0.022125,0.0079346,0.061035
0.02243,0.0071716,0.061035
0.022278,0.0048828,0.05127
0.022888,0.002594,0.054932
0.024567,-0.00030518,0.05249
0.02594,-0.00061035,0.061035
0.02655,0.0018311,0.048828
0.026398,0.0039673,0.054932
0.025787,0.0059509,0.043945
0.025482,0.0073242,0.029297
0.026093,0.0054932,0.041504
0.02594,0.0045776,0.043945
0.02594,0.0056458,0.041504
0.024567,0.0061035,0.040283
0.02243,0.0071716,0.037842
0.020905,0.0068665,0.041504
0.019836,0.0047302,0.032959
0.019836,0.0024414,0.040283
0.019989,0.0012207,0.039063
0.021667,0.00045776,0.037842
0.022736,0.0012207,0.036621
0.022888,0.0022888,0.042725
0.022278,0.0021362,0.056152
0.021515,0.0024414,0.040283
0.022125,0.0028992,0.047607
0.022278,0.0041199,4.325
0.02243,0.0056458,4.8608
0.022278,0.0065613,4.9109
0.025177,0.0080872,4.917
0.021667,0.0079346,4.9231
0.020905,0.0090027,4.9255
0.020905,0.010223,4.9231
0.022278,0.010529,4.9304
0.022736,0.009613,4.9329
0.024719,0.007019,4.9329
0.024872,0.005188,4.928
0.023041,0.0038147,4.9341
0.02121,0.0032043,4.9243
0.018158,0.0035095,4.9353
0.018005,0.004425,4.9329
0.018921,0.0038147,4.9341
0.015717,0.0027466,4.9365
0.015717,0.002594,4.9402
0.015106,0.0027466,4.9475
0.015106,0.0039673,4.9365
0.014343,0.0045776,4.9268
0.01358,0.0042725,4.9341
0.016174,0.0068665,4.9316
0.017395,0.0032043,4.9219
0.019531,0.0032043,4.9304
0.018921,0.0016785,4.9255
0.018768,0.00061035,4.9243
0.017853,0.00030518,4.9194
0.017548,-0.00015259,4.9219
0.016937,0.00015259,4.9182
0.018311,0.00015259,4.9207
0.020142,0.00091553,4.9207
0.02121,0.0019836,4.9207
0.021362,0.0027466,4.9219
0.020294,0.0042725,4.9133
0.019684,0.0045776,4.9109
0.019226,0.0042725,4.9097
0.019531,0.004425,4.9023
0.020752,0.0010681,4.9097
0.02243,-0.00091553,4.9097
0.020905,-0.0022888,4.9109
0.020905,-0.0028992,4.9084
0.019073,-0.0030518,4.9084
0.017853,-0.0028992,4.9121
0.015259,-0.0036621,4.9072
0.019226,-0.0027466,4.9109
0.019531,-0.002594,4.9121
0.020294,0.00015259,4.9158
0.018921,-0.00076294,4.9133
0.018005,-0.0012207,4.9158
0.016937,-0.0013733,4.9182
0.018311,-0.0018311,4.9243
0.020142,-0.0027466,4.9243
0.023804,-0.004425,4.9255
0.024109,-0.0035095,4.9365
0.024414,-0.0010681,4.9329
0.022125,-0.002594,4.9133
0.02121,-0.002594,4.928
0.021057,-0.0019836,4.928
0.022888,-0.0028992,4.9341
0.023041,-0.0033569,4.9292
0.023041,-0.0041199,4.928
0.024261,-0.0061035,4.9365
0.020905,-0.0076294,4.9329
0.019989,-0.0088501,4.9329
0.019531,-0.0086975,4.9304
0.021667,-0.0076294,4.9377
0.023193,-0.0059509,4.9304
0.023651,-0.0050354,4.9365
0.023346,-0.0036621,4.9451
0.02243,-0.002594,4.9353
0.019989,-0.0010681,4.9304
0.018311,0.00030518,4.9329
0.018005,0.0018311,4.917
0.018768,0.0038147,4.9231
0.020142,0.0015259,4.9207
0.021362,0.00030518,4.9133
0.019073,-0.0018311,4.9207
0.017853,-0.00061035,4.9158
0.016022,0,4.9182
0.016174,0.00015259,4.9121
0.0177,0.0019836,4.9158
0.019989,-0.0013733,4.9109
0.019836,-0.0028992,4.9158
0.019073,-0.0041199,4.9121
0.017395,-0.0065613,4.9133
0.016327,-0.0073242,4.9109
0.013885,-0.0068665,4.9036
0.013123,-0.007782,4.9207
0.015106,-0.0068665,4.9109
0.016327,-0.0071716,4.9194
0.016785,-0.007019,4.9072
0.016479,-0.010681,4.9011
0.015564,-0.0064087,4.9146
0.014343,-0.0053406,4.9109
0.014343,-0.0050354,4.9084
0.016479,-0.0033569,4.9158
0.018311,-0.0045776,4.9158
0.020599,-0.005188,4.9255
0.023193,-0.005188,4.9194
0.02121,-0.0045776,4.9268
0.019073,-0.0028992,4.9219
0.018311,-0.0013733,4.9304
0.019073,0,4.928
0.021667,0,4.9353
0.024261,0,4.9414
0.024109,0.0010681,4.9341
0.023193,-0.0022888,4.9341
0.02121,-0.00091553,4.9341
0.018005,0.00091553,0.059814
0.017395,0.00076294,0.062256
0.018616,0.00091553,0.062256
0.021362,-0.0012207,0.061035
0.023499,-0.0035095,0.068359
0.023499,-0.0045776,0.067139
0.021667,-0.0042725,0.067139
0.019073,-0.0018311,0.063477
0.01709,0.00045776,0.065918
0.01709,0.002594,0.059814
0.017242,0.0013733,0.059814
0.019531,-0.00030518,0.059814
0.016632,-0.0018311,0.058594
0.014496,-0.0027466,0.050049
0.013123,-0.0013733,0.05249
0.011749,0.00061035,0.062256
0.012817,0.0016785,0.039063
0.014801,0.0015259,0.061035
0.015106,-0.00091553,0.046387
0.015564,-0.0041199,0.047607
0.01358,-0.0056458,0.039063
0.012207,-0.0061035,0.041504
0.010681,-0.004425,0.041504
0.011139,-0.0021362,0.039063
0.012817,-0.00061035,0.0354
0.01358,-0.0012207,0.041504
0.014496,-0.0024414,0.0354
0.013275,-0.0036621,0.040283
0.012512,-0.0036621,0.040283
0.011597,-0.0021362,0.041504
0.011749,0.00015259,0.037842
0.013885,0.0013733,0.037842
0.016174,0.0015259,0.054932
0.0177,0.00091553,0.042725
0.018158,0,0.048828
0.018005,-0.0012207,0.046387
0.015717,-0.00076294,0.032959
0.014038,-0.00045776,0.048828
0.011597,-0.00076294,0.05127
0.016022,-0.0012207,0.053711
0.016632,-0.0036621,0.058594
0.016479,-0.0062561,0.056152
0.015717,-0.0076294,0.062256
0.013275,-0.0056458,0.059814
0.010986,-0.0027466,0.063477
0.0097656,0.0012207,0.061035
0.010223,0.0038147,0.065918
0.012207,0.0048828,0.061035
0.013428,0.0041199,0.064697
0.014038,0.0036621,0.063477
0.012207,0.0036621,0.063477
0.01297,0.0050354,0.06958
0.013123,0.0067139,0.065918
0.013428,0.0074768,0.080566
0.018463,0.0062561,0.064697
0.02182,0.0038147,0.057373
0.023346,0.0012207,0.064697
0.023193,-0.00045776,0.059814
0.022583,-0.00045776,0.053711
0.019379,0.0016785,0.058594
0.017853,0.0016785,0.05127
0.017853,0.0028992,0.05249
0.018158,0.0018311,0.047607
0.019836,-0.00091553,0.048828
0.019684,-0.0039673,0.041504
0.018463,-0.0056458,0.047607
0.017853,-0.0048828,0.047607
0.017395,-0.0036621,0.045166
0.019684,-0.0027466,0.043945
0.020905,-0.002594,0.041504
0.02182,-0.0035095,0.041504
0.021667,-0.0042725,0.041504
0.019836,-0.0030518,0.029297
0.018005,-0.0013733,0.039063
0.01709,0.00076294,0.036621
0.018463,0.0012207,0.036621
0.019989,0.0019836,0.041504
0.02182,0.00076294,0.040283
0.022736,-0.0016785,0.041504
0.023651,-0.0022888,0.037842
0.024261,-0.0022888,0.043945
0.024719,0.00091553,0.039063
0.02594,0.0024414,0.045166
0.027008,0.0050354,0.045166
0.027924,0.0028992,0.05249
0.027618,0.0015259,0.047607
0.028229,0,0.053711
0.028076,-0.00061035,0.062256
0.025635,0.00091553,0.058594
0.025635,0.0021362,0.068359
0.027313,0.0027466,0.061035
0.028534,0.00045776,0.045166
0.029449,-0.0016785,0.058594
0.03006,-0.0039673,0.062256
0.028687,-0.0047302,0.061035
0.027008,-0.0032043,0.061035
0.024567,-0.00076294,0.057373
0.023193,0.0012207,0.064697
0.022736,0.0032043,0.063477
0.022736,0.0010681,0.065918
0.02243,-0.0018311,0.063477
0.02243,-0.004425,0.070801
0.022278,-0.0057983,0.061035
0.021515,-0.0027466,0.065918
0.022888,-0.00061035,0.074463
0.022278,0.0012207,0.062256
0.026245,0.0018311,0.048828
0.027008,-0.00030518,0.056152
0.027008,-0.00061035,0.053711
0.025787,-0.00091553,0.047607
0.024719,-0.00045776,0.048828
0.024567,0.00061035,0.045166
0.025482,0.0018311,0.047607
0.028992,0.0019836,0.045166
0.028687,-0.00030518,0.046387
0.029449,-0.0019836,0.043945
0.029907,-0.0039673,0.041504
0.027161,-0.0019836,0.040283
0.03067,0.0010681,4.574
0.03006,0.0047302,4.8865
0.030518,0.0027466,4.9084
0.031738,0.0067139,4.9084
0.032196,0.0048828,4.9109
0.032196,0.0024414,4.9194
0.027466,0.0022888,4.9133
0.029449,0.0035095,4.9219
0.027771,0.0062561,4.9084
0.028534,0.0064087,4.9011
0.029297,0.0076294,4.9158
0.029297,0.0048828,4.9133
0.028534,0.0030518,4.9121
0.026398,0.0018311,4.9158
0.025024,0.002594,4.917
0.022125,0.0048828,4.9194
0.02121,0.0067139,4.9207
0.020447,0.0071716,4.9304
0.020905,0.0047302,4.9255
0.021515,0.0012207,4.9316
0.020447,-0.0015259,4.928
0.019226,-0.0030518,4.9341
0.019379,0,4.9353
0.019226,0.0032043,4.9329
0.020752,0.0041199,4.9292
0.021667,0.0050354,4.9316
0.022736,0.0030518,4.9426
0.022278,0.0012207,4.9341
0.021057,-0.00091553,4.917
0.019684,0.00076294,4.9329
0.018921,0.0032043,4.9329
0.019684,0.0045776,4.9255
0.020752,0.0039673,4.9353
0.023041,0.0019836,4.9304
0.024414,-0.0010681,4.9329
0.02533,-0.0021362,4.9292
0.023651,-0.0012207,4.928
0.024261,0.00030518,4.9268
0.024109,0.0019836,4.9255
0.026703,0.0042725,4.9219
0.024872,-0.00045776,4.9219
0.026245,-0.0033569,4.9316
0.027008,-0.0047302,4.9097
0.026245,-0.0027466,4.917
0.025482,-0.0021362,4.9182
0.025177,0.00076294,4.8962
0.025787,0.0028992,4.8901
0.027313,0.0041199,4.9121
0.028076,0.0039673,4.9133
0.028687,0.0039673,4.9121
0.028839,0.0047302,4.9072
0.027161,0.0059509,4.9109
0.026245,0.007782,4.906
0.025635,0.0086975,4.9109
0.02594,0.0082397,4.9084
0.027161,0.0076294,4.9158
0.028229,0.0059509,4.9109
0.028534,0.0047302,4.9182
0.028381,0.0048828,4.9146
0.024719,0.0057983,4.9158
0.026398,0.0074768,4.9133
0.02533,0.0042725,4.9194
0.02533,0.0065613,4.9255
0.025635,0.0039673,4.9097
0.024719,0.0019836,4.9207
0.024719,0.0010681,4.9255
0.023041,0.0012207,4.928
0.02243,0.002594,4.928
0.022278,0.0038147,4.9292
0.022278,0.0039673,4.9304
0.024109,0.0032043,4.9341
0.024567,0.0013733,4.9292
0.024872,0.0012207,4.9353
0.023193,0.0016785,4.928
0.022888,0.0028992,4.9353
0.022736,0.0057983,4.9329
0.022278,0.0068665,4.9353
0.023193,0.0083923,4.9451
0.023041,0.0071716,4.9426
0.023346,0.005188,4.9414
0.023041,0.0038147,4.9353
0.02243,0.004425,4.9231
0.022736,0.0053406,4.9341
0.022278,0.0067139,4.928
0.022125,0.007019,4.9255
0.022125,0.0056458,4.9268
0.02121,0.0041199,4.9255
0.020447,0.0022888,4.9231
0.019989,0.0028992,4.917
0.018768,0.0042725,4.928
0.018158,0.0073242,4.9158
0.019379,0.0085449,4.9207
0.019379,0.0088501,4.9194
0.020142,0.007019,4.9207
0.02121,0.0053406,4.9158
0.022736,0.0047302,4.9146
0.021667,0.0053406,4.9146
0.022278,0.0064087,4.9133
0.02182,0.0079346,4.9133
0.021973,0.0079346,4.9109
0.022125,0.0073242,4.9133
0.020142,0.004425,4.9109
0.018768,0.0022888,4.9097
0.017242,0.0010681,4.9097
0.016327,0.00091553,4.9109
0.015411,0.0010681,4.9048
0.015259,0.00015259,4.9097
0.016174,-0.00030518,4.9121
0.016479,-0.0019836,0.042725
0.016785,-0.0022888,0.046387
0.016174,-0.0016785,0.05127
0.016632,-0.00091553,0.05127
0.016327,0.00045776,0.054932
0.016327,0.0013733,0.068359
0.015869,0.0024414,0.058594
0.016174,0.0019836,0.065918
0.016479,0.00061035,0.061035
0.016022,0.0019836,0.045166
0.015869,-0.00076294,0.061035
0.016327,0.00015259,0.062256
0.016632,0.00076294,0.061035
0.0177,0.0010681,0.062256
0.017853,0.00045776,0.058594
0.018158,-0.00076294,0.065918
0.018005,-0.0013733,0.062256
0.018158,-0.00030518,0.065918
0.017395,0.0012207,0.063477
0.017395,0.0032043,0.065918
0.015106,0.0036621,0.065918
0.016174,0.0036621,0.067139
0.016022,0.0035095,0.070801
0.017395,0.0016785,0.062256
0.019226,0.0016785,0.059814
0.020294,0.0013733,0.057373
0.020905,0.0021362,0.061035
0.021057,0.0048828,0.050049
0.020599,0.0030518,0.047607
0.020447,0.0022888,0.047607
0.020142,0.0012207,0.043945
0.020752,0.00030518,0.042725
0.020752,-0.00091553,0.045166
0.019684,-0.00091553,0.041504
0.017853,-0.00076294,0.046387
0.016174,-0.0015259,0.036621
0.014801,-0.0030518,0.042725
0.015259,-0.0054932,0.040283
0.015869,-0.0076294,0.041504
0.01709,-0.0091553,0.040283
0.016632,-0.0090027,0.026855
0.015869,-0.0091553,0.053711
0.015869,-0.0086975,0.041504
0.015259,-0.0085449,0.05127
0.014954,-0.0097656,0.036621
0.015717,-0.010223,0.031738
0.015869,-0.0099182,0.041504
0.015717,-0.0079346,0.041504
0.016632,-0.0061035,0.041504
0.017548,-0.0047302,0.048828
0.018616,-0.0042725,0.047607
0.019531,-0.0042725,0.054932
0.020752,-0.0045776,0.050049
0.022736,-0.0039673,0.059814
0.025787,-0.0024414,0.053711
0.026245,-0.00045776,0.061035
0.028381,0.00030518,0.064697
0.028076,0.0016785,0.064697
0.027618,-0.0012207,0.062256
0.025787,-0.0035095,0.062256
0.025787,-0.0061035,0.061035
0.02655,-0.0061035,0.063477
0.025635,-0.004425,0.070801
0.024719,-0.0032043,0.062256
0.023804,-0.00015259,0.065918
0.022278,-0.0018311,0.062256
0.020752,-0.0024414,0.064697
0.019989,-0.0024414,0.067139
0.019684,-0.0022888,0.065918
0.020142,0.00015259,0.061035
0.018005,0.0032043,0.062256
0.016479,0.005188,0.057373
0.015106,0.004425,0.057373
0.013428,0.0018311,0.054932
0.012817,-0.0015259,0.054932
0.014038,-0.0050354,0.050049
0.015106,-0.0056458,0.05127
0.016937,-0.0073242,0.062256
0.018158,-0.007019,0.047607
0.022278,-0.0076294,0.047607
0.020294,-0.0074768,0.043945
0.020447,-0.0071716,0.026855
0.02121,-0.0061035,0.040283
0.021362,-0.0039673,0.041504
0.020599,-0.00061035,0.039063
0.019836,0.0022888,0.039063
0.019531,0.0019836,0.037842
0.021515,0.0024414,0.041504
0.019073,0.00076294,0.040283
0.019379,-0.0010681,0.039063
0.020294,-0.0028992,0.037842
0.021515,-0.0041199,0.041504
0.02182,-0.0054932,0.037842
0.021973,-0.0054932,0.042725
0.021667,-0.0074768,0.043945
0.017548,-0.0056458,0.043945
0.0177,-0.0053406,0.042725
0.016632,-0.0059509,0.046387
0.014801,-0.0054932,0.057373
0.015411,-0.0053406,0.050049
0.014648,-0.0032043,0.043945
0.013428,-0.002594,0.053711
0.011749,-0.00045776,0.053711
0.011444,0.0016785,0.057373
0.011902,0.0022888,0.061035
0.01236,0.0048828,0.058594
0.0177,0.0036621,0.063477
0.014343,0.0039673,0.058594
0.014343,0.0038147,0.063477
0.014496,0.0039673,0.059814
0.015717,0.0015259,0.062256
0.016785,0.00061035,0.064697
0.018005,-0.00076294,0.062256
0.02121,-0.0015259,0.074463
0.022736,-0.002594,0.064697
0.023651,-0.0039673,0.068359
0.023346,-0.0041199,0.065918
0.02243,-0.0036621,0.056152
0.022736,-0.0035095,3.7195
0.023041,-0.0032043,4.8523
0.02243,-0.0028992,4.9158
0.022736,-0.0039673,4.9243
0.020599,-0.0035095,4.9219
0.018768,-0.0061035,4.9231
0.020752,-0.0042725,4.917
0.017395,-0.0030518,4.9231
0.018463,-0.0038147,4.9133
0.020599,-0.005188,4.917
0.021667,-0.010376,4.917
0.023499,-0.0079346,4.9207
0.023499,-0.0093079,4.9109
0.023041,-0.009613,4.9133
0.02243,-0.0086975,4.9182
0.02182,-0.0071716,4.9097
0.020752,-0.004425,4.9194
0.020447,-0.0028992,4.9097
0.018768,-0.00061035,4.9072
0.018158,-0.00030518,4.9109
0.020294,0.00045776,4.9084
0.01709,0.0016785,4.9084
0.019989,0.0027466,4.9097
0.021667,0.0042725,4.9084
0.024414,0.0022888,4.9097
0.025787,0.0048828,4.9121
0.027771,0.0028992,4.9182
0.027771,0.0018311,4.917
0.026398,0.0013733,4.9207
0.025177,0.00045776,4.9219
0.023041,0.00091553,4.9243
0.021667,0.0013733,4.9402
0.021667,0.0015259,4.928
0.020752,0.00076294,4.9292
0.021057,0.00015259,4.9304
0.019989,-0.00076294,4.9268
0.019836,-0.00076294,4.9304
0.021057,0.00030518,4.9304
0.022583,0.0033569,4.928
0.024261,0.0045776,4.9255
0.025177,0.0021362,4.928
0.024872,0.0032043,4.9377
0.023193,0.0018311,4.9329
0.021667,0.0016785,4.9365
0.021362,-0.00015259,4.9304
0.021515,-0.00030518,4.939
0.02243,0.0015259,4.9353
0.023041,0.0027466,4.9353
0.023041,0.0038147,4.9341
0.02243,0.0041199,4.9341
0.024109,0.0039673,4.9353
0.025177,0.0036621,4.9255
0.027008,0.0042725,4.9353
0.027771,0.0050354,4.9219
0.028687,0.0061035,4.9207
0.028839,0.0059509,4.9194
0.028687,0.0057983,4.9219
0.027924,0.0056458,4.9084
0.027313,0.0065613,4.9182
0.027313,0.0076294,4.9121
0.026703,0.0080872,4.8889
0.02533,0.0091553,4.9109
0.02594,0.0079346,4.9158
0.025787,0.0094604,4.906
0.025787,0.0097656,4.9158
0.025024,0.010834,4.9109
0.023804,0.011902,4.9133
0.024261,0.013275,4.9121
0.024109,0.013428,4.9158
0.022278,0.011902,4.9133
0.023193,0.0097656,4.9097
0.022888,0.0076294,4.9048
0.021973,0.0062561,4.9158
0.021667,0.0039673,4.9158
0.020752,0.0064087,4.9146
0.019989,0.0062561,4.9182
0.019531,0.0053406,4.9194
0.019989,0.0035095,4.9194
0.019836,0.002594,4.9219
0.019226,0.002594,4.9158
0.018768,0.0022888,4.9329
0.020447,0.0035095,4.9341
0.02182,0.0042725,4.9316
0.022888,0.0042725,4.9341
0.023499,0.0036621,4.9304
0.025024,0.0027466,4.9329
0.024414,0.0030518,4.9341
0.024109,0.0035095,4.9341
0.023041,0.004425,4.9414
0.023346,0.004425,4.9341
0.023041,0.0036621,4.9121
0.022278,0.0012207,4.928
0.020142,-0.00076294,4.9353
0.020447,-0.0010681,4.9353
0.020447,-0.00091553,4.9365
0.021515,-0.0010681,4.9292
0.022278,-0.00091553,4.9353
0.023041,-0.00015259,4.928
0.023499,0.00076294,4.928
0.022583,0.0012207,4.9219
0.022583,0.0016785,4.9219
0.02182,0.0018311,4.917
0.02121,0.0022888,4.9231
0.020905,0.002594,4.9268
0.021057,0.0018311,4.9219
0.020905,-0.002594,4.9121
0.024109,-0.00091553,4.9182
0.020142,-0.00045776,4.8962
0.020142,-0.00030518,0.041504
0.02121,0.00091553,0.040283
0.02182,0.0015259,0.039063
0.021667,0.0039673,0.040283
0.02182,0.0045776,0.037842
0.02121,0.0038147,0.042725
0.021515,0.0027466,0.039063
0.02182,0.0024414,0.042725
0.02121,0.0019836,0.039063
0.024261,0.0013733,0.043945
0.022278,0.0015259,0.040283
0.021057,0.00061035,0.043945
0.020599,-0.00061035,0.042725
0.018005,-0.0021362,0.046387
0.017853,-0.0028992,0.050049
0.017853,-0.0038147,0.048828
0.01709,-0.0045776,0.061035
0.018005,-0.0018311,0.054932
0.016937,-0.0015259,0.045166
0.016327,-0.0010681,0.056152
0.017395,-0.0016785,0.054932
0.018158,-0.0024414,0.056152
0.019684,-0.0018311,0.062256
0.020752,-0.0015259,0.057373
0.02121,-0.0033569,0.062256
0.022278,0.00030518,0.059814
0.02182,0.0013733,0.061035
0.021973,0.00091553,0.062256
0.022736,0.0012207,0.064697
0.022125,0.0016785,0.064697
0.021667,0.0019836,0.067139
0.02121,0.0039673,0.075684
0.020447,0.0027466,0.065918
0.019684,0.0016785,0.056152
0.019684,0.0010681,0.065918
0.018616,-0.00061035,0.056152
0.020599,-0.0010681,0.061035
0.02121,-0.0019836,0.057373
0.02121,-0.0028992,0.056152
0.021057,-0.0032043,0.054932
0.018921,-0.0030518,0.05249
0.018463,-0.002594,0.05127
0.016785,-0.0016785,0.047607
0.018921,0.00045776,0.048828
0.019836,0.00091553,0.041504
0.020905,0.00045776,0.047607
0.019836,0.0010681,0.050049
0.019379,0,0.047607
0.019684,-0.00061035,0.040283
0.020447,-0.00015259,0.042725
0.018921,-0.00061035,0.050049
0.02182,-0.00030518,0.041504
0.022278,-0.0013733,0.05127
0.021515,-0.0018311,0.037842
0.02182,-0.0024414,0.028076
0.021057,-0.0030518,0.036621
0.021515,-0.0024414,0.041504
0.02243,-0.0012207,0.039063
0.02182,-0.00091553,0.040283
0.02182,-0.00091553,0.03418
0.022278,-0.0018311,0.036621
0.020447,-0.0016785,0.041504
0.021973,-0.0016785,0.047607
0.021515,-0.00091553,0.045166
0.02182,0.00091553,0.053711
0.02121,0,0.053711
0.02182,0.00030518,0.058594
0.022125,0.00030518,0.068359
0.02182,0.00061035,0.058594
0.02121,-0.00015259,0.059814
0.02121,-0.00045776,0.057373
0.020599,-0.0012207,0.059814
0.022736,-0.00030518,0.061035
0.02121,0.00015259,0.056152
0.020447,0.0010681,0.061035
0.019836,0.002594,0.061035
0.016022,0.0027466,0.057373
0.018463,0.0022888,0.065918
0.018463,0.0019836,0.063477
0.018463,0.0048828,0.067139
0.018921,0.0019836,0.063477
0.019379,0.0027466,0.068359
0.019531,0.0041199,0.061035
0.018311,0.0047302,0.065918
0.018005,0.0045776,0.063477
0.018158,0.0039673,0.058594
0.018463,0.0030518,0.062256
0.019073,0.0021362,0.054932
0.019531,0.0015259,0.064697
0.020142,0.00091553,0.050049
0.020142,0.00091553,0.039063
0.020142,-0.00030518,0.032959
0.019531,-0.002594,0.048828
0.020142,-0.002594,0.043945
0.021667,-0.002594,0.043945
0.020142,-0.0035095,0.039063
0.019379,-0.0041199,0.040283
0.017548,-0.0042725,0.037842
0.0177,-0.0045776,0.042725
0.013733,-0.0059509,0.037842
0.012512,-0.0059509,0.041504
0.012665,-0.005188,0.042725
0.01358,-0.0041199,0.032959
0.013275,-0.0032043,0.041504
0.015869,-0.00091553,0.041504
0.01709,0.00061035,0.040283
0.01709,0.00091553,0.040283
0.018158,0.0012207,0.0354
0.019073,0.0013733,0.043945
0.019379,0.0015259,0.042725
0.022583,0.00091553,0.043945
0.023346,0.00091553,0.050049
0.024109,0,0.048828
0.024261,-0.0010681,0.05127
0.022736,-0.0015259,0.050049
0.02121,-0.0032043,0.059814
0.022125,-0.0027466,0.057373
0.022736,-0.0015259,0.079346
0.023651,-0.00030518,4.6301
0.023499,0.0010681,4.9109
0.023041,0.0024414,4.9231
0.02121,0.0021362,4.9329
0.021667,0.0021362,4.939
0.019836,0.0012207,4.9268
0.019379,-0.0012207,4.9365
0.019531,-0.00030518,4.9341
0.018616,-0.00015259,4.9146
0.019073,-0.00091553,4.9329
0.0177,-0.0019836,4.9353
0.016174,-0.0035095,4.9353
0.013733,-0.004425,4.9194
0.012665,-0.0054932,4.928
0.013428,-0.0050354,4.9316
0.014801,-0.0035095,4.9268
0.015564,-0.0022888,4.9146
0.014343,-0.0024414,4.9194
0.016937,-0.0018311,4.9243
0.016785,-0.0019836,4.9207
0.017395,-0.0024414,4.9219
0.018616,-0.0018311,4.9207
0.022125,-0.00091553,4.9207
0.021667,0.00061035,4.917
0.02182,0.0010681,4.9146
0.022583,0.00030518,4.9146
0.022278,-0.0016785,4.9084
0.022125,-0.0019836,4.8999
0.023041,-0.0021362,4.9097
0.023346,0.00015259,4.9084
0.024414,0.0027466,4.9084
0.024567,0.0036621,4.9084
0.022125,0.0028992,4.9097
0.020905,0.0012207,4.9097
0.018768,-0.0019836,4.9048
0.016785,-0.0032043,4.9133
0.015869,-0.0033569,4.9084
0.015106,-0.0018311,4.9121
0.015106,0.00015259,4.9097
0.014191,0.00045776,4.9182
0.014191,0.0012207,4.9268
0.014343,0.0019836,4.9219
0.014038,0.0024414,4.9304
0.014801,0.0042725,4.9243
0.015106,0.0059509,4.917
0.016174,0.0074768,4.9292
0.017395,0.0076294,4.9255
0.017853,0.0053406,4.9292
0.019379,0.0027466,4.9243
0.019531,0.00061035,4.9304
0.019684,-0.0015259,4.9329
0.020599,0.00045776,4.9304
0.021057,0.0016785,4.9353
0.022278,0.0028992,4.9304
0.024261,0.0038147,4.9353
0.023346,0.0022888,4.9365
0.023193,0.0016785,4.9365
0.023346,0.0012207,4.9377
0.024109,0.0016785,4.9426
0.024567,0.0019836,4.9377
0.025177,0.0021362,4.9353
0.026245,0.0019836,4.9426
0.026398,0.0013733,4.9304
0.026245,0.00061035,4.9316
0.02594,-0.00030518,4.9219
0.02533,-0.0013733,4.928
0.023956,-0.00045776,4.9231
0.023499,0.00061035,4.9194
0.022736,0.0015259,4.9146
0.021362,0.0022888,4.9243
0.02121,0.0036621,4.9146
0.019989,0.0018311,4.9194
0.019989,0.0018311,4.9146
0.02121,0.00030518,4.9194
0.021362,0.00091553,4.9109
0.022583,0.0018311,4.9146
0.02243,0.00076294,4.9231
0.021973,0.0016785,4.9109
0.021667,0,4.917
0.021667,-0.0015259,4.9109
0.023346,-0.0015259,4.8987
0.024414,-0.00061035,4.9084
0.025787,0.0015259,4.9097
0.026398,0.0024414,4.9084
0.026703,0.0018311,4.9084
0.027618,0.00091553,4.9109
0.027618,-0.0010681,4.9146
0.029602,-0.0010681,4.9146
0.028076,-0.0013733,4.9194
0.027008,-0.0012207,4.917
0.026398,0.00015259,4.9243
0.020905,0.00015259,4.9231
0.023041,-0.00045776,4.9304
0.022583,-0.00091553,4.9329
0.023041,-0.0028992,4.928
0.024261,-0.0013733,4.9268
0.024109,0.00015259,4.9353
0.024872,0.00061035,4.9414
0.024719,0.00091553,4.9304
0.024872,0.0010681,4.9182
0.024872,0.0010681,4.9316
0.024872,0.00015259,4.9243
0.023499,0.0012207,4.9316
0.023804,0.0010681,4.9353
0.02243,0.0012207,4.9329
0.02121,0.0012207,4.9365
0.021667,-0.0035095,4.9329
0.020294,-0.00045776,4.9377
0.020599,-0.0012207,0.061035
0.024261,-0.0016785,0.065918
0.02243,0,0.059814
0.023193,0.0013733,0.057373
0.023651,0.0036621,0.064697
0.023193,0.0045776,0.054932
0.022125,0.0062561,0.056152
0.023041,0.0062561,0.050049
0.023651,0.0054932,0.040283
0.024719,0.0053406,0.043945
0.024261,0.0053406,0.046387
0.024261,0.0057983,0.041504
0.024567,0.0064087,0.041504
0.024414,0.0057983,0.039063
0.023346,0.0065613,0.039063
0.023193,0.0062561,0.037842
0.022278,0.0061035,0.042725
0.023041,0.0061035,0.036621
0.023499,0.0057983,0.042725
0.023499,0.0053406,0.042725
0.024414,0.0036621,0.041504
0.02182,0.0024414,0.042725
0.019989,0.0010681,0.040283
0.019989,0.00015259,0.039063
0.020142,0.00076294,0.042725
0.019226,0.0022888,0.042725
0.019226,0.0035095,0.045166
0.018158,0.0047302,0.040283
0.017395,0.0054932,0.046387
0.016022,0.0062561,0.050049
0.01709,0.0062561,0.05249
0.018005,0.0028992,0.05249
0.019379,0.0053406,0.056152
0.021057,0.0050354,0.061035
0.022125,0.0035095,0.058594
0.02243,0.0022888,0.061035
0.021973,0.0012207,0.059814
0.020752,0.00045776,0.064697
0.019379,0,0.057373
0.020599,-0.00030518,0.061035
0.021362,-0.00061035,0.074463
0.021667,-0.0010681,0.063477
0.021515,-0.00030518,0.067139
0.019226,-0.0018311,0.065918
0.02121,-0.002594,0.046387
0.02182,-0.0045776,0.062256
0.023041,-0.0016785,0.062256
0.024414,-0.0018311,0.065918
0.025787,-0.0012207,0.062256
0.025787,0.00015259,0.057373
0.02594,0.00045776,0.061035
0.024567,0.00030518,0.053711
0.024414,0.00030518,0.056152
0.023651,0.00030518,0.050049
0.023651,0.0018311,0.05249
0.023804,0.0039673,0.048828
0.024109,0.005188,0.050049
0.02121,0.0071716,0.050049
0.022888,0.0065613,0.047607
0.024719,0.005188,0.048828
0.026703,0.0048828,0.045166
0.027466,0.0061035,0.043945
0.028381,0.0065613,0.037842
0.027771,0.007019,0.041504
0.027008,0.0057983,0.039063
0.025482,0.0035095,0.036621
0.023193,0.0016785,0.037842
0.021667,0.00015259,0.040283
0.020905,0.0012207,0.03418
0.020599,-0.00045776,0.036621
0.018921,0.00091553,0.037842
0.018158,0.0010681,0.042725
0.018158,0.00061035,0.040283
0.018158,0.00015259,0.041504
0.019379,0,0.046387
0.020142,0.00076294,0.047607
0.021362,0.0016785,0.061035
0.021667,0.0010681,0.043945
0.021515,0.0050354,0.061035
0.021057,0.0061035,0.056152
0.020599,0.0080872,0.048828
0.019684,0.0086975,0.054932
0.019073,0.0076294,0.059814
0.018921,0.0059509,0.059814
0.019989,0.0045776,0.061035
0.019684,0.0032043,0.061035
0.020142,0.0035095,0.058594
0.020142,0.0048828,0.061035
0.020752,0.0047302,0.065918
0.020294,0.0042725,0.058594
0.019684,0.0019836,0.062256
0.019073,0,0.067139
0.018005,-0.0012207,0.068359
0.016937,0.00030518,0.067139
0.015259,-0.00091553,0.072021
0.014496,0.00061035,0.070801
0.013733,0,0.063477
0.014343,-0.0010681,0.068359
0.014648,-0.0015259,0.058594
0.015106,-0.0015259,0.053711
0.015411,0,0.05249
0.015411,0.0016785,0.050049
0.015411,0.002594,0.048828
0.015869,0.0033569,0.047607
0.016022,0.0019836,0.046387
0.01709,0.00091553,0.045166
0.016937,0.0010681,0.046387
0.018311,0.0022888,0.045166
0.018158,0.0028992,0.043945
0.018311,0.0030518,0.041504
0.017853,0.0039673,0.039063
0.017548,0.0035095,0.041504
0.018768,0.0030518,0.048828
0.019226,0.0028992,0.040283
0.019531,0.0019836,0.040283
0.020599,0.00091553,0.039063
0.020294,-0.00030518,0.021973
0.020294,-0.0012207,1.6919
0.021362,-0.0024414,4.718
0.020905,-0.0033569,4.8962
0.020294,-0.0035095,4.9048
0.02121,-0.0035095,4.906
0.02182,-0.0030518,4.9182
0.021362,-0.0030518,4.9146
0.020905,-0.0018311,4.9194
0.021362,-0.0010681,4.9146
0.020905,-0.0010681,4.9268
0.021362,-0.0018311,4.9268
0.021057,-0.0028992,4.9292
0.019836,-0.0033569,4.9255
0.019531,-0.0035095,4.9329
0.018768,-0.0016785,4.9341
0.018158,-0.0024414,4.9316
0.017395,-0.0024414,4.9426
0.016479,-0.002594,4.9304
0.016479,-0.0032043,4.917
0.017853,-0.0039673,4.928
0.018158,-0.0038147,4.9304
0.016327,-0.0027466,4.9329
0.019379,-0.0010681,4.9365
0.019684,-0.00015259,4.9341
0.020905,-0.00061035,4.9377
0.02121,0.00061035,4.9329
0.02182,0,4.9243
0.020752,0.00015259,4.9304
0.023193,0.0010681,4.9316
0.023041,0.0024414,4.9268
0.023346,0.0030518,4.928
0.023651,0.0028992,4.9292
0.025177,0.0021362,4.9255
0.02655,-0.00015259,4.9194
0.027466,0.00061035,4.9207
0.027924,0.0016785,4.9158
0.027618,0.0028992,4.9097
0.025482,0.0018311,4.9158
0.023041,0.0018311,4.9146
0.020447,-0.00076294,4.9146
0.018921,-0.0035095,4.9109
0.017853,-0.0045776,4.9146
0.017548,-0.0041199,4.9084
0.018616,-0.0021362,4.9097
0.019531,-0.0030518,4.9084
0.017853,-0.0033569,4.9109
0.01709,-0.0054932,4.9121
0.0177,-0.007782,4.9133
0.016174,-0.0076294,4.906
0.020294,-0.0061035,4.9097
0.02182,-0.0030518,4.9182
0.023346,-0.0042725,4.9109
0.021973,-0.00091553,4.9207
0.021973,-0.0021362,4.9146
0.022278,-0.0038147,4.9048
0.023956,-0.0027466,4.917
0.024872,-0.0010681,4.9231
0.026855,0.0018311,4.9219
0.027924,0.004425,4.928
0.031738,0.005188,4.9268
0.032349,0.0032043,4.9292
0.031281,0.0012207,4.9304
0.030365,0.00091553,4.9329
0.029297,-0.0018311,4.9304
0.027161,-0.00030518,4.9353
0.026245,0.0015259,4.9304
0.025177,0.0038147,4.9329
0.023193,0.0041199,4.9426
0.021515,0.0036621,4.9329
0.020447,0.0016785,4.9329
0.020905,0.0015259,4.9353
0.021515,0.0019836,4.939
0.022736,0.0032043,4.9329
0.023193,0.005188,4.9268
0.022888,0.0045776,4.9353
0.020905,0.0041199,4.9329
0.019226,0.0018311,4.928
0.017853,-0.00015259,4.9304
0.01709,-0.00076294,4.9243
0.016785,0.00015259,4.9231
0.018768,0.0018311,4.9194
0.020447,0.0032043,4.9243
0.020905,0.0041199,4.9182
0.022278,0.0027466,4.9219
0.021973,0,4.9146
0.021973,-0.0010681,4.9207
0.02182,-0.00091553,4.9243
0.02243,0.00061035,4.9182
0.020905,0.0042725,4.9255
0.02243,0.0027466,4.9109
0.021057,0.0015259,4.9084
0.020752,-0.0012207,4.9109
0.01709,-0.0022888,4.9109
0.019836,-0.0038147,4.9048
0.020752,-0.0024414,4.9084
0.022888,-0.0016785,4.9109
0.023193,0.00091553,4.9109
0.022125,0.0012207,4.906
0.020599,-0.00030518,4.9146
0.018768,-0.0024414,4.9097
0.019379,-0.002594,4.9109
0.019379,-0.0018311,4.9109
0.019379,0.00030518,4.9207
0.018921,0.0021362,4.928
0.018768,0.0027466,4.9231
0.0177,0.0012207,4.9292
0.017853,-0.0013733,4.928
0.018463,-0.0033569,4.928
0.018005,-0.0039673,4.9304
0.017548,-0.0041199,0.050049
0.01709,-0.0027466,0.059814
0.015717,-0.0032043,0.062256
0.014496,-0.0038147,0.061035
0.014038,-0.0048828,0.062256
0.014343,-0.0048828,0.058594
0.015259,-0.0056458,0.063477
0.016479,-0.0032043,0.061035
0.017395,-0.00030518,0.06958
0.019531,0.0019836,0.067139
0.019379,0.0027466,0.068359
0.019836,0.0024414,0.064697
0.022278,0.0013733,0.065918
0.023041,0.0012207,0.074463
0.023346,0.0019836,0.062256
0.024261,0.0030518,0.068359
0.025024,0.0032043,0.057373
0.024872,0.002594,0.045166
0.023499,0.0010681,0.048828
0.022583,-0.00091553,0.053711
0.022888,-0.002594,0.047607
0.022736,-0.0016785,0.046387
0.023651,-0.0013733,0.046387
0.021973,-0.00015259,0.045166
0.021057,0,0.041504
0.019836,-0.00045776,0.045166
0.018616,-0.0018311,0.041504
0.018463,-0.0036621,0.043945
0.018768,-0.0048828,0.032959
0.019684,-0.004425,0.042725
0.020905,-0.0022888,0.048828
0.021515,-0.0012207,0.041504
0.019379,-0.00045776,0.039063
0.0177,-0.0018311,0.040283
0.017242,-0.0032043,0.020752
0.018311,-0.0047302,0.0354
0.019836,-0.0028992,0.037842
0.02182,-0.0013733,0.039063
0.022583,0.0013733,0.041504
0.023193,0.0022888,0.041504
0.023193,0.0016785,0.046387
0.024414,0.00091553,0.046387
0.02533,0.00030518,0.05249
0.026398,-0.00076294,0.050049
0.02655,0,0.056152
0.025787,0.00091553,0.054932
0.025482,0.0018311,0.061035
0.023193,0.0015259,0.059814
0.023651,-0.00076294,0.061035
0.021362,-0.0022888,0.064697
0.022278,-0.0036621,0.063477
0.02182,-0.0032043,0.074463
0.021973,-0.0028992,0.061035
0.021362,-0.0019836,0.05127
0.020447,-0.0015259,0.062256
0.019073,-0.0027466,0.057373
0.019226,-0.0032043,0.058594
0.019379,-0.0024414,0.067139
0.02182,-0.0033569,0.064697
0.024414,-0.0021362,0.063477
0.02533,-0.00030518,0.062256
0.026093,0.00076294,0.067139
0.025024,0.0010681,0.059814
0.024872,0.00091553,0.059814
0.024872,0.00076294,0.054932
0.025024,0.0010681,0.056152
0.026398,0.0016785,0.05127
0.02533,0.0028992,0.053711
0.025482,0.0048828,0.046387
0.024261,0.0050354,0.050049
0.023193,0.0041199,0.041504
0.023804,0.0032043,0.047607
0.024414,0.0022888,0.043945
0.025482,0.0028992,0.040283
0.026093,0.0048828,0.041504
0.025635,0.0068665,0.040283
0.024414,0.0088501,0.040283
0.022125,0.0099182,0.040283
0.021362,0.010071,0.041504
0.021667,0.0091553,0.037842
0.023193,0.0082397,0.041504
0.025177,0.0080872,0.041504
0.026398,0.0088501,0.042725
0.026398,0.0091553,0.036621
0.02533,0.0091553,0.045166
0.024109,0.0079346,0.054932
0.024719,0.0062561,0.042725
0.024109,0.0039673,0.05249
0.024872,0.0033569,0.043945
0.024567,0.0035095,0.030518
0.022583,0.0032043,0.048828
0.020447,0.0056458,0.054932
0.018463,0.0053406,0.053711
0.018311,0.0045776,0.054932
0.019379,0.0024414,0.057373
0.020599,0.0013733,0.063477
0.021667,0.0013733,0.058594
0.022278,0.0021362,0.063477
0.021362,0.0030518,0.057373
0.019989,0.0033569,0.063477
0.018768,0.002594,0.062256
0.019073,0.0016785,0.064697
0.019226,0,0.072021
0.021973,-0.00045776,0.061035
0.02121,0.00030518,0.062256
0.020142,0.0012207,0.067139
0.020599,0.0022888,0.076904
0.019836,0.0039673,0.063477
0.020752,0.0042725,0.065918
0.023193,0.0032043,0.065918
0.024719,0.004425,0.059814
0.025635,0.005188,0.053711
0.02533,0.0071716,0.057373
0.024261,0.0062561,0.05249
0.023041,0.0053406,0.05249
0.023193,0.0056458,0.043945
0.024414,0.0039673,0.048828
0.026855,0.0042725,0.050049
0.028381,0.0036621,4.4568
0.027771,0.0048828,4.8828
0.02594,0.0064087,4.9121
0.024261,0.007019,4.9243
0.022278,0.0082397,4.9133
0.021515,0.0080872,4.9158
0.021667,0.0064087,4.8865
0.023041,0.0064087,4.8999
0.023651,0.005188,4.9097
0.026703,0.005188,4.9109
0.022278,0.0059509,4.9097
0.021667,0.0064087,4.9097
0.022125,0.007019,4.9011
0.023804,0.0079346,4.9133
0.026398,0.0065613,4.9072
0.027313,0.0057983,4.9146
0.026093,0.0013733,4.9109
0.023346,0.0050354,4.9011
0.021362,0.0048828,4.9194
0.021057,0.004425,4.9231
0.02182,0.0038147,4.9207
0.025482,0.0024414,4.928
0.025177,0.0030518,4.9243
0.024872,0.0018311,4.9316
0.022888,0.0057983,4.939
0.020294,0.0032043,4.9316
0.018311,0.0033569,4.917
0.017853,0.0028992,4.9304
0.019073,0.0028992,4.9316
0.020294,0.0027466,4.9316
0.020294,0.002594,4.9292
0.020752,0.0015259,4.928
0.018921,0.0018311,4.9341
0.018768,0.0021362,4.9316
0.019684,0.0024414,4.939
0.021362,0.0019836,4.9329
0.023956,0.0033569,4.939
0.023956,0.0036621,4.9316
0.023193,0.004425,4.9353
0.022125,0.0018311,4.9475
0.020142,0.0013733,4.9341
0.019531,0.00015259,4.928
0.019226,0.00061035,4.928
0.021362,-0.0022888,4.906
0.023804,0.00091553,4.9182
0.024109,-0.00030518,4.9146
0.021973,-0.0016785,4.9207
0.019531,0.00076294,4.9158
0.018158,0.0042725,4.917
0.01709,0.0048828,4.917
0.018005,0.0061035,4.9133
0.018921,0.0041199,4.9133
0.020599,0.0035095,4.9097
0.021057,0.0013733,4.9158
0.02182,0.0027466,4.9133
0.019379,0.002594,4.9133
0.019531,0.0028992,4.9109
0.020905,0.0035095,4.9084
0.023651,0.0013733,4.9121
0.023956,-0.00061035,4.9109
0.023041,0.0010681,4.9121
0.021515,0.0013733,4.9084
0.019684,-0.00061035,4.9048
0.017395,-0.0010681,4.9121
0.016785,-0.0021362,4.9121
0.016937,-0.0042725,4.9158
0.020752,-0.0033569,4.917
0.024261,-0.0016785,4.9182
0.02121,-0.0022888,4.917
0.022736,-0.002594,4.9219
0.019073,-0.0018311,4.9304
0.019989,-0.0028992,4.9268
0.021667,-0.0027466,4.9304
0.023041,-0.00076294,4.9292
0.021973,-0.0027466,4.9329
0.02121,-0.005188,4.9426
0.019989,-0.0021362,4.9316
0.018005,-0.0035095,4.9341
0.017548,-0.0027466,4.9304
0.017548,-0.00061035,4.9243
0.019531,-0.00076294,4.9329
0.020905,-0.00030518,4.9316
0.022125,0.00091553,4.9341
0.019836,0.00061035,4.9365
0.018768,0.0019836,4.9365
0.018463,0.0035095,4.9353
0.019531,0.0048828,4.9341
0.019989,0.0033569,4.9231
0.023499,0.0019836,4.9268
0.02182,0.00045776,4.9304
0.022125,-0.00015259,4.9243
0.021973,0.00061035,4.9255
0.018616,0.00076294,4.9207
0.018158,0.0015259,4.9219
0.018463,0.0027466,4.9292
0.019531,0.00030518,4.917
0.019989,-0.0019836,4.9255
0.019684,-0.0032043,4.9133
0.018311,-0.005188,4.9182
0.015564,-0.0047302,4.9109
0.014038,-0.0057983,4.9158
0.014038,-0.0042725,4.9097
0.014954,-0.0064087,4.9023
0.016022,-0.0073242,4.9072
0.016174,-0.009613,4.9109
0.015411,-0.0091553,4.906
0.014648,-0.0080872,4.9109
0.014954,-0.0056458,4.9097
0.016327,-0.0019836,4.9133
0.019989,-0.00015259,0.0354
0.024261,-0.0016785,0.042725
0.028229,-0.0030518,0.057373
0.029449,-0.0022888,0.043945
0.027161,-0.00076294,0.05249
0.027466,0.0027466,0.048828
0.02594,0.0053406,0.03418
0.025787,0.0062561,0.05249
0.025635,0.0059509,0.053711
0.026245,0.0045776,0.057373
0.023804,0.0022888,0.058594
0.024567,0.0032043,0.058594
0.021973,0.0062561,0.059814
0.02121,0.0064087,0.059814
0.020294,0.0074768,0.061035
0.020752,0.0061035,0.058594
0.021973,0.0024414,0.064697
0.022125,-0.0015259,0.061035
0.019989,-0.0041199,0.063477
0.016022,-0.0064087,0.073242
0.011292,-0.0064087,0.064697
0.0090027,-0.004425,0.067139
0.007782,-0.0045776,0.067139
0.0086975,-0.0050354,0.080566
0.010071,-0.0079346,0.063477
0.012054,-0.0099182,0.050049
0.01236,-0.010681,0.061035
0.012665,-0.0088501,0.057373
0.014343,-0.0071716,0.05249
0.0177,-0.007019,0.054932
0.021362,-0.0076294,0.050049
0.024261,-0.010376,0.050049
0.026855,-0.011292,0.045166
0.027008,-0.010681,0.050049
0.025787,-0.0090027,0.046387
0.024261,-0.0054932,0.046387
0.023346,-0.0012207,0.045166
0.02182,0.0013733,0.045166
0.022583,0.0018311,0.048828
0.02182,0.0015259,0.043945
0.022125,0.00015259,0.048828
0.021057,0.00015259,0.036621
0.019684,0.0015259,0.030518
0.019379,0.0039673,0.039063
0.019379,0.0062561,0.039063
0.021057,0.0064087,0.0354
0.022125,0.0053406,0.040283
0.021667,0.0042725,0.039063
0.020905,0.0038147,0.039063
0.018463,0.005188,0.041504
0.016327,0.0076294,0.045166
0.014496,0.0082397,0.039063
0.01297,0.0071716,0.047607
0.012665,0.0068665,0.050049
0.012512,0.0038147,0.054932
0.012207,0.0022888,0.050049
0.01297,0.0027466,0.056152
0.011597,0.0053406,0.057373
0.012054,0.0080872,0.057373
0.013885,0.009613,0.068359
0.015564,0.010223,0.062256
0.018921,0.009613,0.05249
0.020294,0.010986,0.058594
0.022278,0.015259,0.061035
0.020447,0.019073,0.059814
0.025482,0.024719,0.062256
0.028839,0.028229,0.061035
0.033264,0.027313,0.065918
0.037842,0.02594,0.063477
0.041199,0.021667,0.068359
0.041656,0.017853,0.064697
0.042419,0.018463,0.068359
0.040741,0.015869,0.062256
0.03952,0.012817,0.064697
0.038757,0.0086975,0.076904
0.035095,0.0045776,0.057373
0.030365,-0.00076294,0.05249
0.023651,-0.0042725,0.056152
0.014648,-0.0057983,0.036621
0.007782,-0.0093079,0.048828
0.0015259,-0.0097656,0.048828
-0.0021362,-0.013733,0.046387
-0.0065613,-0.018616,0.046387
-0.0053406,-0.024719,0.039063
-0.0053406,-0.030975,0.040283
-0.0048828,-0.032959,0.037842
-0.0019836,-0.030518,0.041504
0.0022888,-0.023499,0.037842
0.0086975,-0.015717,0.043945
0.017395,-0.0068665,0.040283
0.024261,0.0015259,0.041504
0.033112,0.0088501,0.037842
0.039825,0.015869,0.040283
0.046082,0.02182,0.047607
0.050812,0.024414,0.040283
0.055389,0.023193,0.050049
0.058899,0.02243,0.036621
0.059967,0.011902,0.0354
0.05722,0.0038147,0.042725
0.05127,-0.0045776,0.043945
0.043335,-0.010376,0.042725
0.036621,-0.010986,0.048828
0.029907,-0.007019,0.048828
0.028076,-0.0019836,0.05127
0.028381,0.0033569,0.053711
0.030365,0.004425,0.057373
0.032654,0.0057983,0.058594
0.033417,0.0061035,0.061035
0.032959,0.0068665,0.064697
0.031128,0.010223,0.063477
0.03006,0.011444,0.06958
0.027313,0.0093079,0.062256
0.023956,0.0030518,0.062256
0.020447,-0.0032043,0.061035
0.016479,-0.0090027,0.065918
0.014648,-0.013275,0.065918
0.013885,-0.014038,0.062256
0.015106,-0.016937,3.2349
0.018921,-0.019684,4.8291
0.024872,-0.023041,4.9231
0.027924,-0.02594,4.9304
0.030975,-0.027008,4.928
0.031738,-0.026398,4.9304
0.029297,-0.02182,4.9231
0.030518,-0.015869,4.928
0.03067,-0.0082397,4.9231
0.031433,-0.005188,4.9231
0.034332,0.0021362,4.9231
0.038605,0.0047302,4.9194
0.040588,0.0053406,4.9316
0.041351,0.007782,4.9158
0.040741,0.0057983,4.9243
0.039063,0.005188,4.928
0.037384,0.0027466,4.9011
0.033875,-0.0016785,4.906
0.032196,-0.0065613,4.9133
0.028534,-0.0097656,4.9084
0.024567,-0.010986,4.9097
0.021362,-0.010071,4.9097
0.019684,-0.0048828,4.9109
0.020142,-0.0021362,4.906
0.022125,0.0013733,4.9097
0.021973,0.005188,4.9072
0.020599,0.0057983,4.9158
0.016937,0.0061035,4.9121
0.013733,0.0064087,4.9133
0.0074768,0.0067139,4.9194
0.004425,0.0076294,4.9194
0.0035095,0.0071716,4.9109
0.0038147,0.0068665,4.9243
0.0082397,0.0065613,4.9231
0.0097656,0.0068665,4.9243
0.012054,0.0048828,4.9121
0.013885,0.010529,4.9329
0.014801,0.013885,4.9304
0.016479,0.016022,4.9292
0.017853,0.014648,4.9316
0.018005,0.012054,4.9329
0.01709,0.0080872,4.9316
0.016632,0.0065613,4.928
0.016785,0.0059509,4.9329
0.017548,0.0054932,4.9304
0.019989,0.0053406,4.9341
0.022125,0.0053406,4.9329
0.025177,0.005188,4.9414
0.026093,0.0053406,4.9475
0.023956,0.0042725,4.939
0.02182,0.0024414,4.9402
0.018005,0.002594,4.9353
0.013428,0.0032043,4.9194
0.0099182,0.0018311,4.9292
0.0068665,-0.00061035,4.9255
0.0068665,-0.0036621,4.9219
0.0085449,-0.0076294,4.9243
0.010986,-0.0085449,4.9219
0.014343,-0.0071716,4.9207
0.016785,-0.0038147,4.9158
0.019684,0.0010681,4.9207
0.023193,0.0050354,4.9158
0.024872,0.0062561,4.9146
0.024567,0.0067139,4.9207
0.022888,0.007782,4.9194
0.020142,0.0085449,4.9133
0.019073,0.012207,4.9121
0.015869,0.015717,4.9109
0.015717,0.017548,4.9109
0.017242,0.019073,4.9109
0.020142,0.017853,4.9109
0.024567,0.015717,4.9011
0.027771,0.014648,4.9097
0.030365,0.013123,4.9084
0.031281,0.011749,4.9109
0.030823,0.0086975,4.9097
0.029907,0.0019836,4.9097
0.028839,-0.0054932,4.9146
0.025635,-0.013123,4.9133
0.023346,-0.018616,4.9207
0.018768,-0.021667,4.9182
0.016632,-0.02182,4.9243
0.014191,-0.019684,4.9207
0.013885,-0.018311,4.9268
0.015717,-0.01709,4.9365
0.017548,-0.016327,4.9304
0.021362,-0.015869,4.9365
0.025024,-0.014648,4.9341
0.027466,-0.011902,4.917
0.029755,-0.0088501,4.9292
0.031738,-0.0057983,4.9292
0.033569,-0.0041199,4.9304
0.036011,-0.0033569,4.9316
0.037079,-0.002594,4.9304
0.037994,-0.00076294,4.9353
0.038147,0.0021362,4.9353
0.037994,0.0061035,4.9377
0.037079,0.0088501,4.9329
0.035706,0.0097656,4.9377
0.036316,0.0099182,4.9329
0.036469,0.0073242,4.9341
0.036316,0.0054932,4.9402
0.036316,0.0062561,4.9316
0.035858,0.007782,4.9255
0.03418,0.012665,4.9255
0.031891,0.017548,4.9231
0.029449,0.020294,4.9207
0.026703,0.02121,4.9133
0.024719,0.020905,4.9182
0.022888,0.021057,4.9182
0.021667,0.022583,4.9158
0.020752,0.024261,0.046387
0.019989,0.025024,0.039063
0.020599,0.023346,0.040283
0.019836,0.020447,0.037842
0.018616,0.016632,0.043945
0.017395,0.013428,0.037842
0.015564,0.01236,0.043945
0.014191,0.011597,0.037842
0.01236,0.011444,0.042725
0.0091553,0.011139,0.048828
0.0076294,0.0090027,0.041504
0.005188,0.0071716,0.053711
0.0048828,0.0039673,0.040283
0.0047302,0.00061035,0.030518
0.0053406,0.00061035,0.045166
0.0059509,0.0018311,0.046387
0.0065613,0.002594,0.046387
0.0071716,0.0033569,0.05127
0.0082397,0.0022888,0.05249
0.0097656,0.0015259,0.058594
0.011139,0.00045776,0.053711
0.011597,0.00061035,0.059814
0.014801,0.0016785,0.058594
0.016174,0.0033569,0.063477
0.017548,0.0028992,0.063477
0.016937,0.0045776,0.064697
0.017853,0.0038147,0.070801
0.01709,0.0032043,0.063477
0.015259,0.007782,0.062256
0.016327,0.0030518,0.063477
0.015106,0.0045776,0.065918
0.014954,0.0035095,0.064697
0.014954,0.0061035,0.064697
0.014496,0.0048828,0.065918
0.014954,0.0032043,0.067139
0.016327,0.0050354,0.062256
0.017853,0.002594,0.065918
0.020447,0.0038147,0.057373
0.021057,0.0038147,0.063477
0.020599,0.0036621,0.053711
0.019989,0.0016785,0.056152
0.019226,0.00015259,0.056152
0.018005,-0.0019836,0.054932
0.016785,-0.002594,0.047607
0.016174,-0.0035095,0.047607
0.016022,-0.0038147,0.061035
0.016327,-0.0056458,0.047607
0.016785,-0.0073242,0.057373
0.016937,-0.0088501,0.046387
0.017548,-0.0099182,0.031738
0.018921,-0.010223,0.021973
0.021057,-0.0083923,0.036621
0.022736,-0.0065613,0.041504
0.024567,-0.004425,0.039063
0.02594,-0.0039673,0.0354
0.025177,-0.0045776,0.039063
0.025787,-0.005188,0.036621
0.026093,-0.0053406,0.041504
0.02655,-0.0050354,0.039063
0.026855,-0.0045776,0.041504
0.027161,-0.0028992,0.040283
0.026703,-0.0033569,0.043945
0.027618,-0.0041199,0.054932
0.027313,-0.005188,0.045166
0.027618,-0.0057983,0.047607
0.025787,-0.0047302,0.050049
0.027313,-0.0024414,0.047607
0.027618,-0.00091553,0.053711
0.027008,0.0013733,0.06958
0.02594,0.00061035,0.056152
0.024872,0.00030518,0.059814
0.022736,0.00076294,0.059814
0.021515,0.0041199,0.061035
0.016174,0.004425,0.061035
0.019226,0.0050354,0.058594
0.018616,0.0083923,0.058594
0.017395,0.0086975,0.063477
0.017548,0.0091553,0.059814
0.016632,0.0093079,0.065918
0.016785,0.009613,0.064697
0.0177,0.010071,0.067139
0.017395,0.0094604,0.073242
0.017395,0.0085449,0.068359
0.014801,0.0062561,0.075684
0.017242,0.0035095,0.062256
0.017395,0.0015259,0.050049
0.018158,0.00015259,0.057373
0.019684,-0.0015259,0.05249
0.019836,-0.00045776,0.050049
0.021973,-0.0013733,0.053711
0.023651,-0.0013733,0.045166
0.025482,-0.0047302,0.050049
0.027313,-0.0056458,0.045166
0.028992,-0.0057983,0.05127
0.030823,-0.0059509,0.043945
0.032196,-0.0027466,0.046387
0.032349,-0.0073242,0.047607
0.032654,-0.0083923,0.037842
0.032654,-0.010376,0.037842
0.033569,-0.011902,0.042725
0.032501,-0.012665,0.039063
0.032196,-0.012054,0.040283
0.034027,-0.011292,0.036621
0.030975,-0.010529,0.036621
0.03067,-0.009613,0.028076
0.023804,-0.0088501,0.037842
0.029297,-0.0094604,0.039063
0.027008,-0.0090027,0.040283
0.02594,-0.0067139,0.039063
0.025177,-0.0016785,0.03418
0.02533,-0.0032043,0.047607
0.024261,-0.00061035,0.045166
0.023346,0.00015259,0.047607
0.022125,0.0022888,0.050049
0.020752,0.0022888,0.054932
0.020447,0.0033569,0.05127
0.019226,0.0053406,4.0735
0.019226,0.0068665,4.8828
0.018616,0.0076294,4.9231
0.019836,0.007019,4.9341
0.020294,0.0062561,4.9341
0.022125,0.0054932,4.917
0.02243,0.0045776,4.9304
0.022583,0.0038147,4.9316
0.022278,0.0033569,4.9316
0.023041,0.00061035,4.9304
0.02243,-0.00015259,4.9316
0.021362,-0.0010681,4.9316
0.020905,-0.0024414,4.9341
0.019531,-0.0019836,4.9365
0.018158,-0.0022888,4.9207
0.017242,-0.0022888,4.9353
0.015717,-0.0018311,4.9377
0.016022,-0.0015259,4.9329
0.015259,-0.00061035,4.9341
0.01297,-0.0010681,4.9292
0.014343,-0.0018311,4.9133
0.013885,-0.0030518,4.9194
0.01358,-0.002594,4.9329
0.01297,-0.0012207,4.9182
0.01297,-0.0018311,4.9048
0.01236,-0.0013733,4.9158
0.012817,-0.0013733,4.9133
0.013123,0.00076294,4.9109
0.014191,0.0035095,4.917
0.015411,0.0059509,4.9146
0.016785,0.0067139,4.9121
0.018768,0.0076294,4.9072
0.020294,0.0076294,4.9146
0.021973,0.0085449,4.9097
0.023651,0.0093079,4.9146
0.024414,0.010376,4.9109
0.025482,0.011292,4.9109
0.026703,0.010986,4.9182
0.027618,0.0097656,4.9109
0.028076,0.0086975,4.917
0.027771,0.0076294,4.9109
0.028534,0.0050354,4.9048
0.027924,0.0033569,4.917
0.029449,0.0024414,4.9158
0.030365,0.00045776,4.9158
0.031281,-0.0015259,4.9194
0.031738,-0.0024414,4.9219
0.030975,-0.004425,4.9146
0.030212,-0.0062561,4.9268
0.029755,-0.0054932,4.9329
0.028992,-0.0048828,4.9268
0.029449,-0.0053406,4.9316
0.028839,-0.0048828,4.9316
0.029602,-0.0054932,4.917
0.029602,-0.0065613,4.9316
0.029907,-0.0048828,4.9316
0.030975,-0.0050354,4.9329
0.030975,-0.0027466,4.9341
0.031738,-0.0010681,4.9402
0.033264,0.00061035,4.9268
0.033264,0.0021362,4.9268
0.034027,0.0041199,4.9329
0.033264,0.004425,4.9341
0.032196,0.0053406,4.9316
0.031586,0.0050354,4.9341
0.029297,0.0041199,4.9231
0.027161,0.0032043,4.9316
0.02655,0.0028992,4.9255
0.025482,0.0027466,4.9268
0.024414,0.0024414,4.9231
0.023956,0.0030518,4.9207
0.023804,0.002594,4.9158
0.023804,0.0030518,4.9243
0.023499,0.0042725,4.9268
0.023193,0.0054932,4.9194
0.022583,0.0054932,4.9146
0.021667,0.004425,4.9182
0.021057,0.0032043,4.8999
0.020447,0.0022888,4.9109
0.020447,0.0012207,4.9109
0.019989,0.0010681,4.9121
0.019684,0.0013733,4.9097
0.018921,0.0013733,4.9072
0.018768,0.00061035,4.9121
0.018463,0.0013733,4.9097
0.019073,0.0021362,4.9084
0.020752,0.002594,4.9072
0.019073,0.0042725,4.9158
0.020447,0.005188,4.9133
0.020599,0.0061035,4.9158
0.019836,0.0057983,4.9158
0.020142,0.0048828,4.9182
0.020599,0.0042725,4.9207
0.021362,0.0036621,4.9158
0.018616,0.0033569,4.9377
0.022125,0.0041199,4.9268
0.023193,0.0054932,4.9182
0.024261,0.0053406,4.928
0.025024,0.0059509,4.9243
0.02533,0.0053406,4.9304
0.02594,0.0048828,4.9329
0.026093,0.0038147,4.9329
0.027008,0.0038147,4.9329
0.026245,0.0042725,4.9304
0.02533,0.0042725,4.9341
0.023956,0.004425,4.9304
0.024109,0.0041199,4.9353
0.022736,0.0042725,4.9365
0.022125,0.0030518,4.9353
0.02243,0.0047302,4.9426
0.023651,0.0050354,4.939
0.025482,0.0057983,0.067139
0.02594,0.0064087,0.064697
0.027618,0.0062561,0.050049
0.028534,0.0054932,0.061035
0.028992,0.0047302,0.056152
0.029449,0.0050354,0.05127
0.028381,0.0036621,0.054932
0.026855,0.0035095,0.05127
0.027466,0.0030518,0.046387
0.02243,0.0024414,0.047607
0.022583,0.0038147,0.048828
0.022125,0.0045776,0.042725
0.022278,0.0045776,0.048828
0.022278,0.0039673,0.046387
0.022888,0.0019836,0.041504
0.023346,0.00045776,0.0354
0.025177,-0.00045776,0.042725
0.024719,-0.0019836,0.046387
0.024261,-0.0021362,0.041504
0.023804,-0.0027466,0.041504
0.023499,-0.0028992,0.040283
0.020599,-0.0041199,0.031738
0.019836,-0.0042725,0.036621
0.019836,-0.0028992,0.036621
0.018921,-0.0036621,0.042725
0.019836,-0.0033569,0.041504
0.019684,-0.0030518,0.040283
0.021515,-0.004425,0.046387
0.020294,-0.0048828,0.043945
0.019989,-0.0054932,0.050049
0.019531,-0.0030518,0.05249
0.019989,-0.0059509,0.056152
0.019989,-0.0050354,0.053711
0.019836,-0.0042725,0.059814
0.021515,-0.005188,0.070801
0.02182,-0.0050354,0.061035
0.023499,-0.0041199,0.063477
0.023499,-0.0035095,0.061035
0.025787,-0.0021362,0.05127
0.02533,-0.00045776,0.058594
0.026093,0.0012207,0.061035
0.027008,0.0021362,0.059814
0.029144,0.0038147,0.063477
0.027008,0.0033569,0.062256
0.027008,0.0036621,0.065918
0.026245,0.0035095,0.064697
0.027008,0.0054932,0.067139
0.026093,0.0039673,0.063477
0.02594,0.0030518,0.065918
0.025024,0.0024414,0.059814
0.024261,0.0019836,0.058594
0.023041,0.0012207,0.059814
0.023499,0.00045776,0.054932
0.02121,0.0027466,0.058594
0.02121,0.0030518,0.05249
0.02121,0.0038147,0.063477
0.020905,0.0067139,0.045166
0.020142,0.0067139,0.042725
0.021057,0.0047302,0.046387
0.020905,0.0053406,0.043945
0.023956,0.0032043,0.041504
0.021667,0.0035095,0.042725
0.022583,0.0036621,0.039063
0.022736,0.0036621,0.041504
0.026093,0.0019836,0.037842
0.023346,0.0013733,0.042725
0.022583,0.00030518,0.036621
0.022736,-0.00015259,0.036621
0.02243,0.00076294,0.041504
0.023499,0.00061035,0.042725
0.023346,-0.0015259,0.046387
0.021362,-0.0019836,0.032959
0.019073,-0.0036621,0.045166
0.017395,-0.0048828,0.040283
0.017242,-0.002594,0.0354
0.017853,-0.0010681,0.046387
0.018616,-0.00061035,0.045166
0.018158,0.00061035,0.046387
0.018005,0.0016785,0.050049
0.018311,0.002594,0.053711
0.017548,0.0032043,0.054932
0.016632,0.0035095,0.056152
0.017395,0.0021362,0.062256
0.017395,0.0016785,0.059814
0.017853,0.0018311,0.063477
0.017395,0.0013733,0.062256
0.01709,0.00045776,0.063477
0.015717,0.0012207,0.061035
0.015717,0.0012207,0.062256
0.015106,0.0013733,0.067139
0.016327,0.00076294,0.062256
0.016785,-0.00015259,0.073242
0.018158,-0.00076294,0.065918
0.018921,-0.0012207,0.048828
0.019073,-0.002594,0.064697
0.018311,-0.0041199,0.063477
0.018158,-0.0054932,0.059814
0.018005,-0.0061035,0.062256
0.018311,-0.0065613,0.056152
0.019073,-0.0047302,0.058594
0.019989,-0.0050354,0.05249
0.019684,-0.0053406,0.053711
0.019379,-0.0048828,0.047607
0.019226,-0.0054932,0.054932
0.019226,-0.0054932,0.045166
0.020142,-0.0045776,0.050049
0.022278,-0.004425,0.05127
0.023956,-0.0030518,0.046387
0.025635,-0.0028992,0.042725
0.02594,-0.0035095,0.043945
0.026093,-0.0030518,0.020752
0.02655,-0.0016785,0.037842
0.027008,0,0.039063
0.027924,0.0013733,0.039063
0.028992,0.0019836,0.041504
0.029449,0.0022888,0.0354
0.026398,0.0027466,4.2444
0.026398,0.002594,4.8645
0.025177,0.0042725,4.9048
0.024261,0.0021362,4.9048
0.023651,0.0027466,4.9109
0.023193,0.0024414,4.9109
0.023041,0.0024414,4.9158
0.02182,0.0024414,4.9158
0.020142,0.0024414,4.9194
0.018616,0.0032043,4.928
0.017548,0.0038147,4.9231
0.016785,0.0047302,4.9316
0.016785,0.0059509,4.9292
0.0177,0.0076294,4.917
0.019379,0.0086975,4.9292
0.020294,0.0086975,4.9255
0.020142,0.0086975,4.9304
0.019073,0.007782,4.9292
0.018311,0.007019,4.9292
0.016632,0.0053406,4.9329
0.016174,0.0047302,4.9316
0.016174,0.002594,4.9329
0.014954,0.0015259,4.9316
0.01297,-0.0012207,4.9341
0.011444,-0.0033569,4.9377
0.0099182,-0.0047302,4.9304
0.0093079,-0.0059509,4.9414
0.011902,-0.0056458,4.9402
0.014191,-0.0048828,4.9353
0.016785,-0.0045776,4.9316
0.01709,-0.0045776,4.9353
0.018005,-0.0048828,4.9316
0.018768,-0.0045776,4.9268
0.018921,-0.0039673,4.9207
0.019684,-0.0033569,4.9243
0.021057,-0.0012207,4.9207
0.022125,-0.00076294,4.9146
0.021973,0.00061035,4.9146
0.021667,-0.00015259,4.9158
0.020599,0.00015259,4.9121
0.02121,0.00061035,4.9121
0.02243,0.002594,4.9146
0.023804,0.0039673,4.9158
0.025482,0.0053406,4.9109
0.025787,0.0062561,4.9158
0.026245,0.0036621,4.9243
0.02594,0.0027466,4.9133
0.025635,0.0018311,4.9109
0.023956,0.0022888,4.9133
0.024567,0.004425,4.8926
0.023956,0.0062561,4.9084
0.021515,0.0071716,4.9048
0.021515,0.0071716,4.9121
0.018921,0.007782,4.9109
0.018768,0.0086975,4.9121
0.023041,0.0099182,4.9158
0.020752,0.012054,4.9182
0.023651,0.015106,4.9194
0.026245,0.018005,4.9194
0.030365,0.019379,4.928
0.033264,0.021057,4.9255
0.034332,0.020599,4.9304
0.035095,0.016022,4.9402
0.033569,0.016327,4.9304
0.033264,0.013275,4.9316
0.030518,0.010223,4.9353
0.027771,0.0076294,4.9426
0.023193,0.0042725,4.9304
0.019684,0.0015259,4.9353
0.016479,-0.0018311,4.9292
0.014343,-0.0048828,4.9292
0.014191,-0.0065613,4.9304
0.014191,-0.007782,4.9353
0.013885,-0.0097656,4.9353
0.012054,-0.009613,4.9377
0.011139,-0.014191,4.9316
0.0094604,-0.01709,4.9353
0.0091553,-0.018005,4.9292
0.009613,-0.018921,4.9304
0.011139,-0.018005,4.9231
0.010834,-0.015869,4.9255
0.010986,-0.014648,4.9304
0.012207,-0.010223,4.9207
0.013733,-0.0068665,4.9243
0.017548,-0.0032043,4.9182
0.023956,0.0010681,4.9084
0.030823,0.0067139,4.9158
0.038452,0.010986,4.917
0.043945,0.013733,4.9146
0.047607,0.015106,4.9158
0.049438,0.011444,4.9109
0.048981,0.0074768,4.9133
0.048676,0.004425,4.9072
0.045319,0.0030518,4.9133
0.040436,0.0019836,4.9109
0.03479,0.0016785,4.9158
0.027771,0.00091553,4.9121
0.022583,0.00015259,4.9121
0.018158,0.00015259,4.9084
0.015869,0.002594,4.9133
0.016785,0.0036621,4.9109
0.017395,0.0073242,4.9146
0.019684,0.010223,4.9158
0.022125,0.011292,4.9182
0.022888,0.010223,4.9194
0.023956,0.0067139,4.9207
0.024261,0.0019836,4.9231
0.024414,-0.0054932,4.9243
0.025024,-0.0056458,4.9268
0.024719,-0.0082397,4.9243
0.024414,-0.009613,0.065918
0.023193,-0.010376,0.064697
0.024719,-0.009613,0.062256
0.024109,-0.0091553,0.061035
0.027618,-0.0082397,0.063477
0.029144,-0.0048828,0.058594
0.032806,-0.0028992,0.062256
0.036011,0.00061035,0.075684
0.037231,0.0010681,0.064697
0.036774,0.0024414,0.067139
0.03479,0.0021362,0.067139
0.031738,0.004425,0.047607
0.029144,0.0019836,0.065918
0.025482,0.0010681,0.064697
0.021973,0.0021362,0.062256
0.018616,0.0030518,0.064697
0.015717,0.00091553,0.053711
0.013733,0.00045776,0.057373
0.013733,-0.0015259,0.05249
0.014496,-0.0028992,0.05249
0.016937,-0.0036621,0.047607
0.018616,-0.0033569,0.05127
0.020447,-0.0033569,0.048828
0.021057,-0.0035095,0.050049
0.019226,-0.0042725,0.05127
0.015717,-0.0053406,0.046387
0.013428,-0.0059509,0.041504
0.013733,-0.0041199,0.042725
0.009613,-0.0024414,0.036621
0.007782,0.00015259,0.040283
0.0071716,0.0019836,0.0354
0.0090027,0.00091553,0.039063
0.011749,0.0030518,0.041504
0.015869,0.0019836,0.036621
0.02121,-0.0010681,0.039063
0.025635,0.0021362,0.037842
0.029144,0.0038147,0.040283
0.031281,0.0032043,0.037842
0.030518,0.0035095,0.043945
0.029297,0.004425,0.039063
0.027161,0.0048828,0.046387
0.025635,0.0038147,0.046387
0.023193,0.0033569,0.048828
0.023041,0.0032043,0.058594
0.021667,0.0036621,0.048828
0.021515,0.0042725,0.068359
0.02182,0.0047302,0.056152
0.023651,0.0056458,0.048828
0.025177,0.0047302,0.058594
0.027161,0.0030518,0.063477
0.028381,0.0015259,0.058594
0.027924,0.00015259,0.061035
0.02533,-0.0013733,0.057373
0.024872,-0.002594,0.061035
0.021362,-0.0033569,0.062256
0.019226,-0.0030518,0.062256
0.018311,-0.0016785,0.062256
0.016937,-0.0039673,0.067139
0.016479,0.0016785,0.06958
0.016327,0.0024414,0.06958
0.0177,0.007019,0.06958
0.020447,0.0083923,0.067139
0.023651,0.0091553,0.065918
0.027008,0.0086975,0.062256
0.030212,0.0086975,0.065918
0.031586,0.0085449,0.056152
0.033264,0.010529,0.041504
0.031738,0.011902,0.047607
0.030823,0.01297,0.05127
0.029755,0.013428,0.047607
0.028381,0.013275,0.050049
0.026855,0.013123,0.040283
0.025787,0.012512,0.047607
0.023956,0.013123,0.043945
0.022125,0.01297,0.042725
0.02121,0.011749,0.042725
0.019989,0.009613,0.043945
0.018463,0.0059509,0.039063
0.016632,0.0013733,0.037842
0.014801,-0.0032043,0.056152
0.012817,-0.0076294,0.042725
0.011139,-0.011597,0.037842
0.0090027,-0.013885,0.041504
0.007782,-0.016022,0.023193
0.0073242,-0.018005,0.036621
0.007782,-0.019379,0.037842
0.010071,-0.019836,0.039063
0.01236,-0.018768,0.042725
0.014343,-0.016022,0.041504
0.017853,-0.013428,0.047607
0.020447,-0.010223,0.05127
0.024872,-0.007782,0.053711
0.027466,-0.0068665,0.05249
0.030518,-0.0062561,0.061035
0.031586,-0.005188,0.058594
0.033417,-0.0041199,0.062256
0.033112,-0.0028992,0.065918
0.033569,-0.0033569,0.059814
0.032654,0.00015259,0.061035
0.032349,0.0018311,0.063477
0.032501,0.0038147,0.074463
0.033875,0.0059509,0.058594
0.034332,0.0088501,0.050049
0.0354,0.010376,0.062256
0.034943,0.012817,0.062256
0.035858,0.014801,0.063477
0.036011,0.015259,0.065918
0.0354,0.014801,0.057373
0.033569,0.014496,0.067139
0.033112,0.014496,0.064697
0.029755,0.014496,0.063477
0.026398,0.015259,0.056152
0.022736,0.015259,0.059814
0.018921,0.014954,0.056152
0.01709,0.01297,0.054932
0.016022,0.010681,0.057373
0.015106,0.01236,0.05127
0.015106,0.0071716,3.5938
0.015106,0.0059509,4.8328
0.015717,0.0053406,4.895
0.014801,0.0032043,4.9097
0.014954,0.0016785,4.9109
0.015259,0.00030518,4.9097
0.015564,-0.0013733,4.9133
0.015411,-0.00076294,4.9109
0.014496,0.00091553,4.9097
0.013885,-0.00091553,4.9109
0.01297,0.0028992,4.9109
0.01297,0.0027466,4.9084
0.012512,0.0013733,4.9158
0.015259,0.00015259,4.9133
0.017395,-0.0010681,4.9121
0.018005,-0.00061035,4.906
0.018463,0,4.9109
0.018768,-0.0022888,4.9194
0.019073,0.0012207,4.9109
0.018158,0.00030518,4.9255
0.017242,-0.0016785,4.9231
0.017395,-0.0032043,4.9048
0.016022,-0.0032043,4.9243
0.016327,-0.0012207,4.9231
0.015564,-0.00061035,4.9255
0.014343,0.0032043,4.928
0.013885,0.0028992,4.9243
0.014191,0.0012207,4.9329
0.014191,-0.00076294,4.9329
0.015717,-0.0022888,4.9316
0.016479,-0.0019836,4.9268
0.017853,-0.00076294,4.9329
0.018005,0.00061035,4.9304
0.017242,-0.0010681,4.9243
0.015564,-0.0041199,4.9463
0.016632,-0.0067139,4.939
0.015717,-0.010986,4.9329
0.016022,-0.0094604,4.9353
0.01709,-0.0073242,4.9365
0.018463,-0.0045776,4.9329
0.019379,-0.0024414,4.9304
0.019684,-0.0035095,4.9329
0.02121,-0.0054932,4.928
0.023193,-0.0080872,4.9243
0.024567,-0.0093079,4.928
0.029907,-0.0067139,4.9231
0.032959,-0.0045776,4.9207
0.036316,-0.0021362,4.9133
0.035706,-0.00091553,4.9182
0.0354,-0.0018311,4.9146
0.035248,-0.0033569,4.9207
0.032349,-0.0036621,4.9133
0.033569,-0.002594,4.9158
0.033875,0.00015259,4.9231
0.034332,-0.00091553,4.9158
0.032349,0.0024414,4.9158
0.030823,0.00076294,4.9109
0.029449,-0.0015259,4.9011
0.028839,0.00015259,4.9121
0.028992,-0.0036621,4.9084
0.028229,-0.0016785,4.9072
0.027771,0.0032043,4.9084
0.02655,0.0016785,4.9097
0.024872,0.00061035,4.9109
0.023651,-0.00045776,4.906
0.022125,-0.0027466,4.9207
0.021515,-0.002594,4.9109
0.020752,-0.0021362,4.9207
0.020294,-0.00015259,4.9194
0.019073,0.0015259,4.9207
0.016937,0.0013733,4.928
0.015411,0.0013733,4.9268
0.014954,0.0012207,4.9304
0.014343,-0.00061035,4.9292
0.013428,0.00045776,4.9304
0.012665,0.00076294,4.9329
0.01236,0.0018311,4.9304
0.012207,0.0013733,4.9304
0.011749,0.00091553,4.9316
0.011597,-0.00015259,4.9304
0.012512,-0.0032043,4.9304
0.012665,-0.0028992,4.9316
0.01236,-0.0019836,4.9341
0.013428,-0.00061035,4.9341
0.013733,0.00061035,4.9377
0.016632,0.00015259,4.9377
0.018158,-0.0013733,4.9341
0.020905,-0.0042725,4.9194
0.020599,-0.0073242,4.9341
0.023041,-0.0076294,4.9402
0.024109,-0.0074768,4.928
0.024261,-0.0054932,4.9353
0.023804,-0.0064087,4.9255
0.022583,-0.0079346,4.9121
0.021362,-0.0094604,4.917
0.019989,-0.0085449,4.9231
0.020905,-0.010986,4.9158
0.021057,-0.0097656,4.9121
0.020905,-0.0079346,4.9109
0.02182,-0.0071716,4.9158
0.022125,-0.0068665,4.9109
0.023651,-0.007782,4.9109
0.024261,-0.0088501,4.9097
0.025482,-0.0083923,4.9158
0.02594,-0.0067139,4.9097
0.024719,-0.0035095,4.9133
0.025024,0.00061035,4.9194
0.022278,0.0033569,4.9146
0.022736,0.0041199,4.9109
0.023804,0.004425,4.9121
0.024567,0.0054932,0.026855
0.027618,0.0057983,0.037842
0.029907,0.007019,0.036621
0.031586,0.0083923,0.042725
0.032349,0.0082397,0.045166
0.032654,0.007019,0.045166
0.033112,0.0047302,0.050049
0.032654,0.0018311,0.05249
0.030823,0.00030518,0.054932
0.028992,0,0.054932
0.025177,-0.00015259,0.061035
0.02182,0.00076294,0.059814
0.018311,0.00015259,0.062256
0.015564,-0.0018311,0.063477
0.010834,-0.0032043,0.062256
0.011902,-0.0048828,0.063477
0.010834,-0.0057983,0.062256
0.009613,-0.0059509,0.074463
0.0080872,-0.005188,0.062256
0.0054932,-0.0059509,0.05249
0.0050354,-0.0056458,0.061035
0.0047302,-0.0067139,0.064697
0.0053406,-0.0079346,0.062256
0.0064087,-0.0076294,0.067139
0.0076294,-0.007019,0.063477
0.009613,-0.0057983,0.064697
0.010834,-0.0033569,0.059814
0.01297,-0.0027466,0.063477
0.014954,-0.0028992,0.053711
0.0177,-0.0035095,0.057373
0.019531,-0.0030518,0.054932
0.021973,-0.0012207,0.05249
0.023193,0.0016785,0.057373
0.022736,0.0039673,0.050049
0.023041,0.0056458,0.05127
0.023193,0.0056458,0.045166
0.023499,0.0061035,0.0354
0.024109,0.0064087,0.043945
0.024872,0.0065613,0.041504
0.025024,0.0079346,0.037842
0.02594,0.0079346,0.042725
0.024872,0.0073242,0.030518
0.024414,0.0054932,0.041504
0.023499,0.0028992,0.037842
0.023346,0.00076294,0.042725
0.024261,-0.00076294,0.037842
0.025787,-0.0018311,0.043945
0.027618,-0.0013733,0.040283
0.027008,-0.0012207,0.040283
0.026245,-0.0015259,0.037842
0.024567,-0.0021362,0.042725
0.025482,-0.0024414,0.043945
0.026245,-0.0030518,0.042725
0.029144,-0.0012207,0.057373
0.030823,0.00045776,0.05249
0.031586,0.0035095,0.040283
0.032349,0.0035095,0.054932
0.033417,0.0030518,0.05249
0.033875,0.0021362,0.057373
0.035553,0.0018311,0.058594
0.0383,0.0021362,0.059814
0.039368,0.0036621,0.063477
0.03952,0.0062561,0.05249
0.036926,0.0073242,0.062256
0.036011,0.0083923,0.061035
0.033417,0.0088501,0.062256
0.032349,0.0088501,0.062256
0.031128,0.009613,0.064697
0.031281,0.010223,0.076904
0.029602,0.011139,0.068359
0.027466,0.010986,0.063477
0.025177,0.010834,0.067139
0.024109,0.010071,0.056152
0.022736,0.0085449,0.056152
0.020294,0.0062561,0.061035
0.020752,0.0053406,0.057373
0.019531,0.0038147,0.057373
0.018158,0.0019836,0.050049
0.014801,0.0016785,0.05249
0.012054,0.0016785,0.050049
0.010223,-0.00015259,0.047607
0.010223,0.0039673,0.042725
0.010529,-0.00045776,0.048828
0.012665,-0.0015259,0.042725
0.014038,-0.0021362,0.047607
0.013733,-0.0013733,0.043945
0.012512,-0.0012207,0.042725
0.012817,0.00015259,0.05249
0.014496,0.0010681,0.041504
0.016174,0.0016785,0.05249
0.018616,0.0021362,0.039063
0.021362,0.0028992,0.029297
0.017242,0.0042725,0.037842
0.021973,0.0061035,0.040283
0.022125,0.0074768,0.036621
0.02243,0.0083923,0.037842
0.024567,0.0074768,0.039063
0.027008,0.007019,0.042725
0.028839,0.0059509,0.041504
0.029297,0.0053406,0.046387
0.026398,0.0048828,0.045166
0.025635,0.0053406,0.050049
0.023956,0.0047302,0.053711
0.02243,0.0035095,0.056152
0.023346,0.002594,0.056152
0.023041,0.00076294,0.057373
0.022278,0.0010681,0.058594
0.020752,-0.0016785,0.058594
0.020142,0.0010681,0.064697
0.018616,0.00091553,0.063477
0.018616,0,0.067139
0.020142,-0.00061035,0.059814
0.023346,-0.0015259,0.059814
0.024414,-0.00091553,0.059814
0.025482,0.0016785,0.061035
0.024872,0.0019836,0.061035
0.024414,0.0022888,0.068359
0.024261,0.0032043,3.6462
0.025787,-0.00030518,4.856
0.028687,0.0033569,4.9255
0.030975,0.0038147,4.9316
0.031586,0.0047302,4.9292
0.031281,0.0067139,4.9329
0.03067,0.0073242,4.9426
0.029755,0.0073242,4.928
0.028839,0.0074768,4.9292
0.029449,0.010376,4.9219
0.029297,0.0059509,4.9036
0.027313,0.0054932,4.917
0.024414,0.0054932,4.9158
0.020294,0.004425,4.917
0.01709,0.0045776,4.9158
0.014954,0.0032043,4.9109
0.014038,0.0013733,4.9158
0.013885,-0.00091553,4.9109
0.014954,-0.0024414,4.9097
0.01358,-0.0018311,4.9023
0.010681,-0.0038147,4.906
0.0090027,-0.0030518,4.9109
0.0082397,-0.0021362,4.9121
0.0085449,-0.0021362,4.9072
0.010986,-0.00076294,4.9109
0.010986,-0.0024414,4.9072
0.013275,-0.0035095,4.9146
0.013428,-0.0041199,4.9072
0.013275,-0.0036621,4.9109
0.013428,-0.0035095,4.8999
0.016327,-0.0016785,4.9133
0.018463,-0.0012207,4.917
0.024719,-0.00030518,4.9158
0.027313,-0.00030518,4.9182
0.029297,0.00061035,4.917
0.027008,0.0018311,4.9243
0.02533,0.0027466,4.928
0.024719,0.0042725,4.9329
0.025482,0.0019836,4.9292
0.027313,0.0045776,4.9316
0.027313,0.0038147,4.9329
0.02655,0.0030518,4.9304
0.024719,0.0038147,4.9402
0.022583,0.0032043,4.9353
0.020905,0.0042725,4.9377
0.021515,0.0047302,4.9316
0.021667,0.005188,4.9231
0.023346,0.0041199,4.9341
0.023346,0.0030518,4.9341
0.022888,0.0021362,4.9341
0.020905,0.0019836,4.9365
0.019379,0.002594,4.9316
0.018311,0.0033569,4.9353
0.019836,0.0038147,4.9292
0.022583,0.0021362,4.9292
0.023041,0.0012207,4.9231
0.023346,-0.00015259,4.9243
0.02243,-0.0013733,4.9219
0.021973,-0.00045776,4.9243
0.021667,0.00015259,4.9219
0.023651,0.00091553,4.9194
0.023651,0.00015259,4.9243
0.025024,-0.0013733,4.9182
0.026703,-0.0032043,4.9194
0.024414,-0.0039673,4.9158
0.022125,-0.0030518,4.9109
0.020294,-0.00076294,4.9084
0.019073,0.00076294,4.9097
0.021515,0.0016785,4.9133
0.020447,0.00061035,4.9121
0.021973,-0.00091553,4.9048
0.021667,-0.0019836,4.9097
0.020142,-0.0012207,4.9084
0.019226,0.00076294,4.9109
0.018616,0.0021362,4.9084
0.019226,0.00061035,4.9146
0.020294,0.00061035,4.9109
0.020599,-0.0019836,4.9158
0.020905,-0.0012207,4.9292
0.019226,-0.00091553,4.917
0.01709,0.00030518,4.9255
0.014801,0.0019836,4.9255
0.014648,0.0024414,4.906
0.013123,0.0010681,4.9231
0.016937,-0.00030518,4.9255
0.017853,-0.0019836,4.9292
0.017853,-0.0027466,4.9304
0.015869,-0.0030518,4.9268
0.015259,-0.0036621,4.9341
0.014191,-0.0022888,4.9304
0.016022,-0.0022888,4.9329
0.017548,-0.0027466,4.9268
0.019073,-0.0041199,4.9329
0.018768,-0.0047302,4.9341
0.01709,-0.0050354,4.9329
0.016479,-0.0041199,4.9377
0.016632,-0.0024414,4.9365
0.018463,-0.0012207,4.9353
0.020599,-0.0013733,4.9377
0.023041,-0.0021362,4.9451
0.024261,-0.0030518,4.9304
0.023346,-0.0028992,4.9158
0.020599,-0.0021362,4.928
0.019989,-0.00015259,4.9255
0.019684,-0.00045776,4.9231
0.020599,0.00091553,4.9207
0.02121,0.00091553,4.9219
0.022888,0.00015259,4.9182
0.023346,0.00045776,4.9158
0.02121,0.0010681,0.050049
0.021973,0.0024414,0.045166
0.022888,0.0033569,0.043945
0.024414,0.0021362,0.042725
0.025635,0.00076294,0.043945
0.026398,-0.0013733,0.05127
0.026245,-0.0028992,0.036621
0.023193,-0.0027466,0.05249
0.020599,-0.00061035,0.040283
0.019226,0.0022888,0.030518
0.019073,0.0028992,0.040283
0.016785,0.0024414,0.041504
0.022125,-0.00015259,0.036621
0.022278,-0.0024414,0.040283
0.021515,-0.0035095,0.040283
0.020294,-0.0032043,0.041504
0.018921,-0.0010681,0.041504
0.019379,-0.00030518,0.046387
0.019226,0.00045776,0.043945
0.019379,-0.00045776,0.05249
0.018158,-0.0024414,0.056152
0.016785,-0.0033569,0.058594
0.014343,-0.0030518,0.059814
0.013275,-0.0021362,0.061035
0.013275,-0.00015259,0.058594
0.01358,0,0.059814
0.014954,-0.0016785,0.067139
0.015564,-0.0039673,0.062256
0.016174,-0.0064087,0.059814
0.015106,-0.0090027,0.056152
0.016022,-0.0061035,0.062256
0.012817,-0.0028992,0.062256
0.013275,-0.00045776,0.061035
0.015259,-0.00045776,0.064697
0.017548,-0.00091553,0.068359
0.020294,-0.0030518,0.063477
0.021667,-0.0047302,0.063477
0.021973,-0.005188,0.064697
0.021515,-0.0053406,0.063477
0.021667,-0.0039673,0.057373
0.019531,-0.0036621,0.059814
0.021973,-0.0047302,0.06958
0.022583,-0.0064087,0.054932
0.02182,-0.0071716,0.057373
0.019531,-0.0068665,0.050049
0.017548,-0.0042725,0.03418
0.016937,-0.0016785,0.046387
0.017853,0.00076294,0.045166
0.014648,0.0010681,0.045166
0.019836,-0.00045776,0.043945
0.020447,-0.0021362,0.037842
0.020294,-0.002594,0.043945
0.018921,-0.0032043,0.039063
0.018158,0,0.040283
0.017548,0.0016785,0.041504
0.018311,0.0016785,0.042725
0.019989,0.0018311,0.040283
0.021362,0.00091553,0.039063
0.021515,0.00061035,0.041504
0.018768,0.0012207,0.041504
0.022278,0.002594,0.036621
0.022278,0.0033569,0.041504
0.024414,0.0027466,0.040283
0.027771,0.0010681,0.040283
0.028687,-0.0018311,0.048828
0.028992,-0.004425,0.046387
0.027466,-0.0056458,0.047607
0.024872,-0.004425,0.047607
0.023499,-0.0035095,0.053711
0.02243,-0.0032043,0.041504
0.021667,-0.0061035,0.054932
0.022125,-0.0057983,0.053711
0.02121,-0.0074768,0.062256
0.020294,-0.0076294,0.059814
0.018463,-0.0056458,0.063477
0.018921,-0.0041199,0.059814
0.018158,-0.0021362,0.062256
0.018768,-0.0018311,0.06958
0.018768,-0.0030518,0.064697
0.019073,-0.0042725,0.067139
0.018005,-0.0053406,0.063477
0.016174,-0.0035095,0.057373
0.014648,-0.0027466,0.065918
0.012665,-0.0012207,0.064697
0.013428,-0.00030518,0.063477
0.014343,0.00045776,0.064697
0.017853,-0.00091553,0.058594
0.021057,-0.0018311,0.061035
0.023041,-0.0013733,0.057373
0.026093,-0.00091553,0.056152
0.025635,0.00061035,0.05127
0.025635,0.0013733,0.053711
0.029755,0.00030518,0.053711
0.027161,-0.0013733,0.047607
0.026855,-0.0028992,0.047607
0.025024,-0.0038147,0.046387
0.02243,-0.0027466,0.053711
0.020447,-0.0010681,0.041504
0.019836,0.00091553,0.05249
0.020294,0.0019836,0.042725
0.023346,0.0010681,0.040283
0.025635,-0.0013733,0.03418
0.027161,-0.0042725,0.026855
0.02655,-0.0056458,0.0354
0.025024,-0.004425,0.040283
0.023651,-0.0019836,0.03418
0.023193,0.00030518,0.039063
0.025177,0.0013733,0.0354
0.025177,-0.00030518,0.041504
0.025024,-0.00045776,0.039063
0.024567,-0.00061035,0.042725
0.021973,0.00045776,0.041504
0.022736,0.0030518,0.045166
0.023346,0.0048828,0.061035
0.025482,0.0054932,0.047607
0.027771,0.0045776,0.057373
0.028992,0.002594,0.053711
0.030365,0.0016785,0.042725
0.029449,0.0035095,4.5447
0.029144,0.0041199,4.8987
0.028534,0.0057983,4.9255
0.028229,0.0068665,4.9292
0.029755,0.0064087,4.9268
0.029297,0.0050354,4.9329
0.028992,0.0036621,4.9292
0.027771,0.0022888,4.9329
0.027008,0.0041199,4.928
0.023499,0.0057983,4.9353
0.02243,0.0071716,4.9341
0.021973,0.013885,4.9377
0.02182,0.0079346,4.9377
0.02121,0.0065613,4.939
0.023956,0.0061035,4.9414
0.023956,0.0068665,4.9353
0.023346,0.0064087,4.9426
0.022278,0.007019,4.9292
0.022278,0.0065613,4.9207
0.022736,0.0048828,4.9268
0.02243,0.0032043,4.9243
0.022583,0.0019836,4.9207
0.02182,0.0018311,4.9207
0.020294,0.0030518,4.9158
0.018311,0.0050354,4.9207
0.017242,0.0073242,4.9146
0.019836,0.0090027,4.917
0.019379,0.0088501,4.9121
0.020599,0.0071716,4.9158
0.022125,0.0057983,4.9146
0.02182,0.0048828,4.9133
0.021362,0.0047302,4.9158
0.020142,0.005188,4.9109
0.019989,0.0050354,4.9121
0.021667,0.0035095,4.9097
0.022278,0.0021362,4.9011
0.02243,0.00091553,4.9109
0.021362,0.00091553,4.9084
0.020905,0.0022888,4.9084
0.019379,0.0042725,4.9097
0.019379,0.0054932,4.9097
0.020752,0.005188,4.9121
0.021667,0.0036621,4.9097
0.023193,0.0012207,4.9194
0.023651,-0.00076294,4.9146
0.02533,-0.00076294,4.9231
0.024109,0.00045776,4.9255
0.024109,0.0024414,4.9268
0.024567,0.0038147,4.9243
0.024872,0.004425,4.928
0.026703,0.0042725,4.9316
0.02655,0.0032043,4.9316
0.02655,0.005188,4.9414
0.025482,0.0042725,4.9329
0.024567,0.0064087,4.9121
0.024261,0.0073242,4.9243
0.023804,0.0071716,4.9316
0.024567,0.0059509,4.928
0.024872,0.0047302,4.9316
0.025177,0.0033569,4.9304
0.024567,0.0042725,4.939
0.022736,0.0057983,4.9365
0.020599,0.0076294,4.9377
0.020294,0.0079346,4.9304
0.020142,0.0074768,4.9377
0.020752,0.0048828,4.9292
0.020447,0.0024414,4.9304
0.020447,0.00030518,4.9438
0.019379,0.00015259,4.928
0.017395,-0.00015259,4.9207
0.016785,0.00076294,4.9194
0.015259,0.00091553,4.9036
0.015717,0.00045776,4.9158
0.016327,-0.00030518,4.9207
0.016174,-0.00061035,4.9109
0.015411,0,4.917
0.014801,0.0019836,4.9133
0.014496,0.0032043,4.9121
0.014801,0.0027466,4.9109
0.014038,0.0013733,4.9109
0.014954,-0.00076294,4.9036
0.015411,-0.0021362,4.9121
0.016022,-0.0028992,4.9109
0.016174,-0.0012207,4.9133
0.016174,0.00030518,4.9048
0.016174,0.0027466,4.9097
0.016785,0.0035095,4.9146
0.016174,0.0041199,4.9133
0.017242,0.0036621,4.9194
0.017853,0.0033569,4.9133
0.018463,0.0030518,4.8962
0.0177,0.0035095,4.9231
0.018311,0.0032043,4.9194
0.017395,0.0022888,4.9207
0.017395,0.0010681,4.9219
0.016785,-0.00030518,4.9219
0.016785,-0.0015259,4.9292
0.016327,-0.00076294,4.9341
0.015869,-0.00030518,4.9341
0.015106,0.00091553,4.9292
0.017853,0.0024414,4.9341
0.012665,0.0016785,4.9365
0.012665,0.0012207,4.9329
0.01297,0,4.9414
0.015717,0,4.9353
0.014954,0,4.9341
0.015869,0.00061035,4.9377
0.016174,-0.0041199,4.9207
0.016022,0.00076294,0.067139
0.0177,0.0010681,0.064697
0.018463,0,0.064697
0.020142,0,0.067139
0.021057,0.00076294,0.061035
0.020752,0.00091553,0.058594
0.021057,0.0018311,0.056152
0.019379,0.0021362,0.056152
0.019379,-0.00030518,0.050049
0.019226,-0.00091553,0.05249
0.020752,-0.0019836,0.05127
0.023041,-0.0010681,0.047607
0.023346,-0.0028992,0.041504
0.023041,-0.0016785,0.048828
0.023651,-0.00045776,0.054932
0.022888,-0.0013733,0.046387
0.02182,-0.00045776,0.053711
0.020447,-0.00076294,0.042725
0.019684,-0.0013733,0.023193
0.019379,0.0010681,0.037842
0.018005,0.0010681,0.041504
0.016785,0.0018311,0.040283
0.014496,0.0016785,0.040283
0.015717,0,0.036621
0.016174,-0.00061035,0.041504
0.01709,-0.00076294,0.036621
0.018921,0,0.041504
0.020447,0.00076294,0.036621
0.020752,0.0016785,0.042725
0.021362,0.0019836,0.042725
0.019836,0.0022888,0.046387
0.019226,0.0015259,0.061035
0.019379,0.0022888,0.048828
0.016632,0.0030518,0.056152
0.021057,0.0035095,0.05127
0.022278,0.0041199,0.047607
0.023499,0.0041199,0.057373
0.023346,0.00061035,0.058594
0.023346,-0.00091553,0.059814
0.022736,-0.0035095,0.063477
0.021667,-0.0042725,0.061035
0.023499,-0.0039673,0.063477
0.020447,-0.0030518,0.059814
0.018921,-0.0047302,0.06958
0.01709,-0.0030518,0.059814
0.014801,-0.0028992,0.063477
0.014801,-0.0030518,0.062256
0.015717,-0.0030518,0.068359
0.018311,-0.0024414,0.070801
0.022278,-0.0016785,0.062256
0.020447,-0.0019836,0.070801
0.025482,-0.002594,0.067139
0.020752,-0.0027466,0.076904
0.020142,-0.0030518,0.056152
0.020142,-0.0028992,0.05127
0.020599,-0.0021362,0.053711
0.022278,-0.0018311,0.05249
0.02182,-0.0010681,0.048828
0.022736,-0.0036621,0.05127
0.024414,-0.0010681,0.045166
0.026398,-0.0022888,0.047607
0.028229,-0.0019836,0.046387
0.03006,-0.0019836,0.047607
0.031891,-0.0027466,0.042725
0.032501,-0.0013733,0.043945
0.032043,-0.0016785,0.042725
0.030518,-0.0024414,0.041504
0.028687,-0.0022888,0.045166
0.027313,-0.0013733,0.040283
0.026093,0,0.042725
0.023804,0.0012207,0.041504
0.023956,0.002594,0.031738
0.022583,0.0027466,0.041504
0.020905,0.0013733,0.037842
0.021057,0.0016785,0.036621
0.019531,0.00061035,0.039063
0.019226,-0.00015259,0.039063
0.019531,-0.0013733,0.042725
0.019684,-0.004425,0.041504
0.019379,-0.005188,0.048828
0.018616,-0.0061035,0.046387
0.017242,-0.0074768,0.05127
0.016022,-0.0076294,0.054932
0.015106,-0.0065613,0.057373
0.014648,-0.0056458,0.057373
0.014191,-0.0039673,0.061035
0.015106,-0.0027466,0.063477
0.016479,-0.0015259,0.061035
0.017548,-0.0013733,0.070801
0.017395,-0.0012207,0.061035
0.019989,-0.00091553,0.040283
0.019531,-0.0012207,0.058594
0.023041,-0.002594,0.059814
0.024109,-0.0028992,0.063477
0.023041,-0.0042725,0.063477
0.019989,-0.0093079,0.061035
0.016937,-0.0068665,0.067139
0.014648,-0.0057983,0.063477
0.014496,-0.0042725,0.065918
0.015106,-0.0032043,0.062256
0.01709,-0.002594,0.062256
0.018005,-0.0021362,0.056152
0.018463,-0.0018311,0.058594
0.019073,-0.0013733,0.062256
0.019684,-0.00076294,0.05127
0.02121,-0.00045776,0.050049
0.022278,0.00045776,0.050049
0.025482,0.00076294,0.043945
0.020447,0.00061035,0.045166
0.019989,0,0.045166
0.020752,-0.00045776,0.042725
0.018311,-0.00045776,0.040283
0.019836,0.00045776,0.040283
0.02182,0.00091553,0.041504
0.022278,0.0013733,0.037842
0.023956,0.0013733,0.039063
0.024414,-0.00061035,0.036621
0.023956,-0.0016785,0.041504
0.024109,-0.0015259,3.7451
0.023651,-0.0018311,4.8376
0.023651,-0.0012207,4.9011
0.023651,-0.00061035,4.9097
0.023804,-0.0010681,4.9146
0.022583,-0.0024414,4.9097
0.023499,-0.0022888,4.9207
0.023956,-0.002594,4.9109
0.023499,-0.00030518,4.906
0.024567,0.00015259,4.9194
0.025177,0.0012207,4.9182
0.026093,-0.00061035,4.9194
0.026093,-0.0028992,4.9243
0.025787,-0.0059509,4.9243
0.025482,-0.0073242,4.9207
0.023499,-0.0080872,4.9316
0.023193,-0.0053406,4.9316
0.022278,-0.0036621,4.9304
0.022583,-0.0024414,4.9329
0.021973,-0.0022888,4.9329
0.021057,-0.0019836,4.9341
0.021057,-0.0021362,4.9341
0.02121,-0.0038147,4.9341
0.022736,0.00015259,4.9353
0.024719,0.00091553,4.9365
0.026093,0.00091553,4.9451
0.027008,-0.00030518,4.9365
0.027313,-0.0013733,4.9292
0.02655,-0.0022888,4.9304
0.025482,-0.0027466,4.9304
0.023346,-0.0018311,4.9207
0.02182,-0.00030518,4.9304
0.020905,0.00061035,4.9231
0.019836,0.00076294,4.9231
0.018463,0.00030518,4.9207
0.019684,-0.0010681,4.9194
0.02121,-0.0016785,4.9255
0.024719,-0.0024414,4.9219
0.024719,-0.0018311,4.9182
0.027466,-0.0015259,4.9158
0.027924,-0.0054932,4.9268
0.027924,-0.0018311,4.9146
0.026703,-0.0024414,4.9146
0.024719,-0.0022888,4.9109
0.023041,-0.00076294,4.895
0.021515,0.00045776,4.9072
0.021057,0.0041199,4.9048
0.02121,0.0050354,4.9133
0.02121,0.0042725,4.9121
0.022125,0.0018311,4.906
0.023041,-0.0012207,4.9097
0.024414,-0.0030518,4.906
0.02533,-0.0033569,4.9097
0.024567,-0.0015259,4.9109
0.024109,0,4.917
0.023041,0.00076294,4.9133
0.021515,0.0010681,4.9194
0.020905,0.0012207,4.9146
0.020447,0.0019836,4.9219
0.020905,0.0038147,4.9194
0.023041,0.0071716,4.9268
0.027313,0.010529,4.9353
0.031586,0.01297,4.9243
0.03479,0.011444,4.9194
0.035858,0.0065613,4.9304
0.033875,0.0012207,4.9304
0.029755,-0.0032043,4.9304
0.023346,-0.0054932,4.9304
0.019226,-0.0050354,4.9365
0.014343,-0.0039673,4.9329
0.009613,-0.0030518,4.9255
0.0059509,-0.0033569,4.9365
0.0035095,-0.0030518,4.9304
0.0033569,-0.0028992,4.939
0.0036621,-0.0013733,4.9341
0.007782,0.0015259,4.9377
0.012207,0.0035095,4.9438
0.016327,0.0061035,4.9365
0.020142,0.0076294,4.9316
0.02182,0.0086975,4.9316
0.022888,0.010681,4.9146
0.022888,0.012512,4.9255
0.022583,0.012665,4.9219
0.02243,0.016327,4.9194
0.02182,0.017242,4.9207
0.019989,0.016479,4.9194
0.02182,0.015869,4.9194
0.021515,0.013428,4.9121
0.020294,0.0091553,4.9182
0.018921,0.0053406,4.9146
0.017853,0.00061035,4.9146
0.015259,-0.0028992,4.9158
0.01297,-0.0027466,4.9133
0.01236,-0.0076294,4.9084
0.0082397,-0.010529,4.9133
0.0082397,-0.011902,4.9109
0.0068665,-0.012665,4.9109
0.0039673,-0.01236,4.9109
0.0054932,-0.0093079,4.9109
0.0056458,-0.0057983,4.895
0.0057983,-0.0045776,4.9048
0.0074768,0.0024414,4.9097
0.0093079,0.005188,4.9133
0.011292,0.0080872,4.9158
0.012054,0.013733,4.9146
0.016022,0.010223,4.9219
0.018616,0.012817,4.9207
0.021515,0.013123,4.9097
0.024261,0.015106,0.053711
0.027924,0.016022,0.059814
0.030518,0.015411,0.056152
0.031586,0.017242,0.05127
0.032959,0.011444,0.072021
0.035248,0.0076294,0.062256
0.035095,0.0045776,0.059814
0.035248,0.0015259,0.062256
0.033722,-0.0013733,0.043945
0.032501,-0.0024414,0.061035
0.030975,-0.0030518,0.063477
0.028534,-0.0035095,0.065918
0.027008,-0.002594,0.064697
0.024567,-0.0022888,0.059814
0.02121,-0.0019836,0.067139
0.02182,0.0021362,0.065918
0.020752,0.0047302,0.064697
0.019531,0.0071716,0.058594
0.018921,0.0097656,0.062256
0.018158,0.010529,0.058594
0.0177,0.010986,0.056152
0.017395,0.011749,0.058594
0.017395,0.01297,0.05249
0.018158,0.015106,0.054932
0.017242,0.017242,0.047607
0.019684,0.018921,0.050049
0.020142,0.018158,0.045166
0.022736,0.016479,0.048828
0.023651,0.014038,0.042725
0.028076,0.014343,0.039063
0.025635,0.01236,0.040283
0.026093,0.012665,0.041504
0.026703,0.012207,0.036621
0.022888,0.011749,0.042725
0.026093,0.0082397,0.03418
0.026703,0.0054932,0.039063
0.02655,0.0033569,0.037842
0.02655,0.0019836,0.041504
0.025482,0.0015259,0.041504
0.023956,0.0021362,0.042725
0.023499,0.002594,0.05249
0.023193,0.0028992,0.042725
0.02182,0.0038147,0.056152
0.021057,0.0057983,0.043945
0.022583,0.0082397,0.036621
0.021057,0.0091553,0.05127
0.019684,0.010986,0.050049
0.018921,0.011597,0.05127
0.016632,0.011597,0.058594
0.015411,0.010681,0.057373
0.014343,0.0093079,0.059814
0.01297,0.0059509,0.061035
0.012512,0.0085449,0.064697
0.01297,0.007782,0.057373
0.01236,0.0074768,0.064697
0.01236,0.0083923,0.065918
0.012207,0.0062561,0.059814
0.012817,0.005188,0.063477
0.014496,0.0047302,0.059814
0.0177,0.0036621,0.064697
0.020294,0.0030518,0.067139
0.022888,0.0027466,0.078125
0.024719,0.0030518,0.064697
0.02594,0.0027466,0.057373
0.027313,0.0032043,0.062256
0.027618,0.0032043,0.061035
0.026703,0.0036621,0.053711
0.027313,0.0036621,0.056152
0.027161,0.0035095,0.05127
0.026245,0.0028992,0.05249
0.024414,0.002594,0.050049
0.021973,0.0012207,0.05127
0.019379,0.0010681,0.047607
0.0177,0.00015259,0.050049
0.016327,-0.0012207,0.041504
0.015564,-0.0027466,0.046387
0.015869,-0.0041199,0.056152
0.014954,-0.0057983,0.041504
0.014496,-0.0065613,0.041504
0.013733,-0.0068665,0.042725
0.014801,-0.0062561,0.021973
0.017242,-0.0057983,0.036621
0.02121,-0.0053406,0.040283
0.024567,-0.0047302,0.037842
0.027618,-0.005188,0.039063
0.029144,-0.0062561,0.036621
0.029755,-0.0071716,0.040283
0.029755,-0.0093079,0.041504
0.029449,-0.009613,0.036621
0.028687,-0.010529,0.039063
0.028381,-0.010071,0.046387
0.028534,-0.010681,0.043945
0.027008,-0.011292,0.047607
0.02533,-0.012817,0.05249
0.02182,-0.01358,0.05127
0.022125,-0.012665,0.054932
0.022278,-0.011139,0.058594
0.02243,-0.007782,0.06958
0.023346,-0.0067139,0.058594
0.023041,-0.0064087,0.05127
0.021515,-0.0080872,0.062256
0.0177,-0.0094604,0.062256
0.016022,-0.0097656,0.058594
0.015717,-0.0088501,0.062256
0.016174,-0.0064087,0.057373
0.019226,-0.004425,0.062256
0.02182,-0.0035095,0.061035
0.024109,-0.0042725,0.065918
0.023193,-0.0080872,0.061035
0.022278,-0.011749,0.061035
0.019836,-0.014954,0.063477
0.020447,-0.015564,0.067139
0.021515,-0.016785,0.06958
0.021515,-0.017548,0.062256
0.022736,-0.019073,0.056152
0.023041,-0.021057,0.054932
0.023651,-0.021973,0.046387
0.024719,-0.021973,0.05127
0.02655,-0.020599,4.1602
0.028687,-0.017548,4.8706
0.031128,-0.014954,4.9097
0.033569,-0.012665,4.917
0.033875,-0.010986,4.9133
0.033264,-0.0091553,4.9097
0.031128,-0.0056458,4.9158
0.028534,-0.0057983,4.9048
0.02594,-0.002594,4.9121
0.024719,-0.00076294,4.9133
0.023804,0.00091553,4.9133
0.024414,0.0012207,4.9072
0.024109,0.00061035,4.9133
0.024872,-0.0018311,4.9121
0.025787,-0.0036621,4.9097
0.026855,-0.0048828,4.917
0.027771,-0.0062561,4.9084
0.028839,-0.0068665,4.8816
0.029755,-0.007782,4.9084
0.028381,-0.0093079,4.9146
0.03006,-0.0097656,4.9133
0.028534,-0.0097656,4.9158
0.023346,-0.010376,4.9158
0.026398,-0.0093079,4.9207
0.025177,-0.0074768,4.9231
0.025482,-0.0048828,4.9255
0.026093,-0.0035095,4.9243
0.024414,-0.0012207,4.9316
0.024109,-0.00015259,4.9329
0.022125,0.00030518,4.9365
0.019836,0.0010681,4.9426
0.01709,0.002594,4.9304
0.014801,0.0041199,4.9304
0.013428,0.0057983,4.9341
0.01236,0.0068665,4.9353
0.011902,0.0059509,4.9304
0.012054,0.0045776,4.9341
0.013428,0.0053406,4.9329
0.013885,0.004425,4.9292
0.015564,0.0041199,4.9341
0.015869,0.0047302,4.9377
0.014191,0.00091553,4.9329
0.014038,0.002594,4.9329
0.01236,0.00091553,4.9255
0.011597,-0.0018311,4.928
0.011292,-0.0027466,4.9255
0.011902,-0.0027466,4.9255
0.011292,-0.0032043,4.9219
0.011597,-0.004425,4.9231
0.012054,-0.0048828,4.928
0.014191,-0.0057983,4.9231
0.016327,-0.0057983,4.9268
0.018463,-0.005188,4.9146
0.020599,-0.0047302,4.906
0.02121,-0.0030518,4.9158
0.020905,-0.0019836,4.9182
0.020905,-0.00015259,4.906
0.018768,0.0027466,4.9109
0.017395,0.0042725,4.9072
0.019836,0.0050354,4.9097
0.018616,0.0068665,4.9084
0.019836,0.0086975,4.9109
0.019379,0.009613,4.9097
0.017853,0.0091553,4.9121
0.016632,0.0085449,4.9121
0.015869,0.0065613,4.9158
0.016327,0.0027466,4.9146
0.017548,0.0047302,4.9158
0.017395,0.0038147,4.9158
0.017242,0.004425,4.9158
0.016632,0.004425,4.917
0.015259,0.0033569,4.9243
0.014191,0.0030518,4.9097
0.013885,0.0024414,4.9182
0.014191,-0.00091553,4.9268
0.015869,0.0038147,4.928
0.01709,0.0054932,4.9268
0.0177,0.0059509,4.9255
0.016022,0.0067139,4.9341
0.016022,0.005188,4.9316
0.015411,0.0036621,4.9304
0.014343,0.0021362,4.9109
0.016022,0.0012207,4.9341
0.013885,0.0021362,4.9304
0.011749,0.0032043,4.9353
0.011292,0.0050354,4.9426
0.0074768,0.0035095,4.9365
0.007019,0.0032043,4.9451
0.007019,0.0032043,4.9377
0.0090027,0.0042725,4.9182
0.01297,0.0061035,4.9304
0.015869,0.0082397,4.9353
0.018921,0.010223,4.9268
0.020905,0.010376,4.9292
0.02182,0.0085449,4.9207
0.022125,0.0071716,4.9243
0.021667,0.0054932,4.9194
0.022278,0.004425,4.9182
0.020599,0.0033569,4.9146
0.018616,0.002594,4.917
0.015869,0.0018311,4.917
0.011902,0.00015259,4.9194
0.011292,-0.0010681,4.9194
0.010223,-0.0012207,4.9133
0.01236,-0.00076294,4.9097
0.011597,0.00015259,4.9121
0.012054,0.0015259,4.8962
0.013275,0.0035095,4.9109
0.014648,0.0057983,0.036621
0.016632,0.0065613,0.039063
0.017853,0.0082397,0.039063
0.019073,0.0086975,0.037842
0.020599,0.0091553,0.043945
0.020294,0.0086975,0.040283
0.020294,0.0082397,0.041504
0.018463,0.0071716,0.039063
0.020142,0.0062561,0.047607
0.021362,0.0050354,0.043945
0.021362,0.0047302,0.05127
0.02533,0.0036621,0.05249
0.026855,0.0027466,0.05249
0.030518,0.0027466,0.061035
0.032501,0.0027466,0.059814
0.03479,0.0048828,0.072021
0.037079,0.004425,0.058594
0.037842,0.0027466,0.048828
0.037994,0.00091553,0.058594
0.037079,-0.00061035,0.062256
0.035095,-0.0021362,0.059814
0.032501,-0.0018311,0.057373
0.03067,-0.0012207,0.059814
0.029144,-0.00015259,0.059814
0.027924,0.0015259,0.061035
0.028687,0.0027466,0.067139
0.029144,0.0041199,0.063477
0.029907,0.0045776,0.068359
0.031128,0.005188,0.065918
0.030823,0.0054932,0.062256
0.034485,0.0057983,0.068359
0.033264,0.0047302,0.061035
0.033569,0.0032043,0.059814
0.034332,0.002594,0.057373
0.034332,0.0010681,0.05127
0.033264,0.00061035,0.05249
0.031586,0.00015259,0.050049
0.029755,0,0.043945
0.028992,0,0.048828
0.028687,-0.0010681,0.045166
0.029144,-0.0016785,0.046387
0.031128,-0.0027466,0.041504
0.033569,-0.0076294,0.046387
0.033112,-0.0050354,0.037842
0.033112,-0.0056458,0.041504
0.032349,-0.0057983,0.041504
0.031891,-0.0064087,0.041504
0.03067,-0.0064087,0.036621
0.029144,-0.0059509,0.040283
0.029297,-0.0056458,0.053711
0.028534,-0.0041199,0.039063
0.026703,-0.002594,0.047607
0.026398,-0.0013733,0.039063
0.026703,-0.00076294,0.026855
0.027161,-0.00061035,0.039063
0.028839,-0.0015259,0.041504
0.028229,-0.00061035,0.043945
0.029144,0.00030518,0.046387
0.028687,0.0015259,0.046387
0.028076,0.0021362,0.05249
0.027008,0.002594,0.053711
0.026093,0.0018311,0.056152
0.02533,-0.00045776,0.054932
0.024567,0.00015259,0.061035
0.024567,-0.0016785,0.059814
0.024872,-0.0016785,0.065918
0.024109,0.0010681,0.076904
0.023346,-0.0022888,0.059814
0.023193,-0.0033569,0.059814
0.023041,-0.0050354,0.061035
0.021515,-0.0059509,0.065918
0.02182,-0.0065613,0.061035
0.021667,-0.0059509,0.053711
0.020447,-0.0047302,0.065918
0.02121,-0.0042725,0.067139
0.020447,-0.0038147,0.054932
0.019684,-0.0050354,0.065918
0.02182,-0.0054932,0.061035
0.020599,-0.005188,0.062256
0.020447,-0.005188,0.056152
0.019531,-0.0036621,0.056152
0.0177,-0.0022888,0.053711
0.015869,-0.0021362,0.053711
0.014496,-0.0030518,0.05127
0.013275,-0.0047302,0.050049
0.011597,-0.0057983,0.057373
0.011902,-0.0056458,0.050049
0.010986,-0.0059509,0.056152
0.010376,-0.0056458,0.043945
0.010834,-0.0064087,0.032959
0.010071,-0.0065613,0.039063
0.010834,-0.0074768,0.039063
0.010071,-0.0074768,0.037842
0.0097656,-0.0071716,0.039063
0.0097656,-0.0064087,0.036621
0.0097656,-0.0032043,0.039063
0.010223,-0.0027466,0.0354
0.0097656,-0.0018311,0.0354
0.0088501,-0.00091553,0.037842
0.0083923,-0.00045776,0.041504
0.0079346,-0.00045776,0.041504
0.0073242,0.0013733,0.042725
0.0074768,0.0019836,0.045166
0.0079346,0.0027466,0.043945
0.0088501,0.0038147,0.045166
0.0090027,0.0038147,0.048828
0.010223,0.0030518,0.053711
0.010834,0.0027466,0.046387
0.0090027,0.0022888,0.054932
0.010529,0.0032043,0.056152
0.010529,0.0048828,0.056152
0.011139,0.0056458,0.059814
0.0093079,0.0068665,0.064697
0.0086975,0.0056458,0.058594
0.0086975,0.0021362,0.064697
0.0076294,0.0036621,0.061035
0.010223,0.002594,0.061035
0.011139,0.0038147,0.068359
0.011902,0.0059509,4.6216
0.01297,0.0067139,4.906
0.012054,0.0076294,4.9316
0.012054,0.0076294,4.9451
0.01297,0.0073242,4.9365
0.013428,0.0067139,4.9353
0.012512,0.007782,4.939
0.01236,0.0091553,4.917
0.011444,0.009613,4.9292
0.011597,0.010986,4.9304
0.011444,0.009613,4.9255
0.012207,0.007782,4.9255
0.012817,0.0079346,4.9219
0.014648,0.0083923,4.9231
0.015411,0.010681,4.9194
0.016327,0.01236,4.9243
0.015717,0.014191,4.9158
0.01358,0.014191,4.9207
0.013275,0.013123,4.9158
0.015259,0.012054,4.9182
0.015564,0.012665,4.9121
0.016479,0.014954,4.9048
0.017548,0.019073,4.9182
0.021362,0.018005,4.9133
0.021667,0.017395,4.9158
0.023193,0.015564,4.9084
0.023956,0.014954,4.9084
0.026703,0.015869,4.9133
0.028839,0.018921,4.9097
0.030365,0.02655,4.9084
0.031586,0.025635,4.9109
0.030823,0.026093,4.9097
0.029755,0.022888,4.917
0.028992,0.020447,4.9109
0.027466,0.018768,4.9207
0.027924,0.018616,4.917
0.027313,0.020447,4.9219
0.025787,0.021973,4.9243
0.023804,0.02243,4.9292
0.020905,0.020599,4.9365
0.017853,0.017853,4.9304
0.015259,0.015106,4.9353
0.01358,0.015259,4.9304
0.013428,0.016327,4.9329
0.01297,0.017242,4.9341
0.013275,0.016022,4.9292
0.01297,0.014496,4.9304
0.01358,0.011292,4.9133
0.014801,0.010376,4.9329
0.015869,0.0083923,4.9341
0.019073,0.0099182,4.9329
0.021362,0.010376,4.9365
0.025177,0.014191,4.9329
0.024567,0.014343,4.9377
0.024261,0.015411,4.9304
0.024872,0.014343,4.9341
0.023651,0.013123,4.9304
0.026855,0.01236,4.9316
0.029144,0.012512,4.9353
0.030365,0.0093079,4.9268
0.031281,0.011749,4.9304
0.031128,0.010223,4.9231
0.031586,0.0079346,4.9084
0.031586,0.0047302,4.9146
0.031586,0.0057983,4.9255
0.031128,0.0082397,4.9158
0.028839,0.010071,4.9158
0.027008,0.011749,4.9109
0.024567,0.011749,4.9146
0.023193,0.011292,4.9109
0.021973,0.0090027,4.9133
0.022888,0.0080872,4.9097
0.023804,0.0076294,4.9146
0.024719,0.0071716,4.9109
0.027161,0.0057983,4.9158
0.025635,0.0053406,4.9194
0.025177,0.0024414,4.9133
0.024567,-0.00030518,4.9133
0.025177,-0.0021362,4.9121
0.021973,-0.0027466,4.8938
0.021973,-0.0022888,4.9133
0.021667,-0.00076294,4.9146
0.02121,-0.00045776,4.9158
0.021057,-0.002594,4.9182
0.02182,-0.0054932,4.9182
0.023041,-0.0094604,4.9158
0.024872,-0.011902,4.9255
0.026245,-0.011902,4.928
0.026855,-0.012207,4.9255
0.028076,-0.011444,4.9329
0.026093,-0.011444,4.928
0.02533,-0.01358,4.9341
0.024567,-0.016174,4.9341
0.022888,-0.017395,4.9329
0.025024,-0.016785,4.9329
0.025024,-0.015717,4.9365
0.024872,-0.014343,4.9451
0.023346,-0.014191,4.9329
0.022888,-0.016327,4.9219
0.022736,-0.019379,4.9353
0.023499,-0.022278,4.9341
0.023804,-0.02182,4.9304
0.023804,-0.020752,4.9377
0.022736,-0.019531,4.9316
0.021057,-0.018616,4.9304
0.018616,-0.020294,4.9255
0.017242,-0.022278,4.928
0.016785,-0.023346,4.9146
0.01709,-0.023193,0.054932
0.018158,-0.021057,0.050049
0.016937,-0.019379,0.05127
0.016632,-0.019226,0.056152
0.016174,-0.020294,0.047607
0.016479,-0.021667,0.048828
0.017548,-0.023193,0.043945
0.019226,-0.023193,0.032959
0.02121,-0.022278,0.042725
0.022888,-0.020599,0.039063
0.023804,-0.020142,0.037842
0.025177,-0.019684,0.042725
0.02533,-0.020294,0.039063
0.025635,-0.020905,0.039063
0.026093,-0.019989,0.036621
0.027313,-0.019684,0.042725
0.028076,-0.018005,0.037842
0.029755,-0.016937,0.041504
0.029907,-0.016022,0.040283
0.030365,-0.016327,0.043945
0.03067,-0.017242,0.041504
0.029297,-0.016632,0.043945
0.029449,-0.016785,0.045166
0.029449,-0.016479,0.047607
0.029144,-0.016174,0.056152
0.026855,-0.016174,0.05249
0.024414,-0.016327,0.045166
0.022278,-0.017548,0.054932
0.020905,-0.0177,0.059814
0.02121,-0.017548,0.059814
0.022278,-0.015564,0.061035
0.023041,-0.013733,0.061035
0.024567,-0.012207,0.065918
0.024109,-0.0099182,0.058594
0.023346,-0.0094604,0.063477
0.024414,-0.0097656,0.05249
0.024719,-0.0099182,0.064697
0.026398,-0.0099182,0.061035
0.027161,-0.009613,0.067139
0.027466,-0.007782,0.080566
0.027618,-0.0067139,0.065918
0.02655,-0.0056458,0.053711
0.024414,-0.0057983,0.065918
0.024261,-0.004425,0.045166
0.024261,-0.0039673,0.058594
0.025635,-0.0012207,0.057373
0.026093,0.00030518,0.056152
0.02594,0.00076294,0.056152
0.024719,0.0027466,0.048828
0.023346,0.0032043,0.05249
0.023193,0.0032043,0.047607
0.024567,0.0027466,0.046387
0.026398,0.002594,0.046387
0.027008,0.002594,0.048828
0.027008,0.0038147,0.045166
0.025482,0.0050354,0.046387
0.023193,0.0064087,0.042725
0.019836,0.0073242,0.042725
0.019989,0.0082397,0.046387
0.020752,0.0073242,0.041504
0.02182,0.0071716,0.043945
0.022888,0.0071716,0.037842
0.024109,0.0086975,0.039063
0.02533,0.0091553,0.0354
0.024719,0.0097656,0.037842
0.026398,0.010529,0.036621
0.027924,0.010071,0.041504
0.029907,0.0094604,0.0354
0.030823,0.011292,0.043945
0.029907,0.01236,0.042725
0.028839,0.014648,0.05127
0.025024,0.0177,0.048828
0.023193,0.018921,0.05249
0.022125,0.019989,0.05249
0.024567,0.019531,0.056152
0.024567,0.018463,0.070801
0.025177,0.018005,0.059814
0.02594,0.020447,0.067139
0.024109,0.018463,0.061035
0.023651,0.018158,0.059814
0.024261,0.0177,0.059814
0.023346,0.016327,0.059814
0.02655,0.015564,0.058594
0.027618,0.015717,0.058594
0.027008,0.016327,0.059814
0.026398,0.01709,0.063477
0.023346,0.018005,0.064697
0.022125,0.018463,0.068359
0.02182,0.019073,0.064697
0.023193,0.013275,0.065918
0.023041,0.012665,0.063477
0.02243,0.011902,0.065918
0.020905,0.01358,0.058594
0.017853,0.013123,0.058594
0.017548,0.012512,0.062256
0.016327,0.01236,0.054932
0.017242,0.0085449,0.064697
0.018158,0.0093079,0.050049
0.018768,0.0093079,0.046387
0.016632,0.0086975,0.043945
0.015259,0.0093079,0.048828
0.01358,0.0086975,0.043945
0.012817,0.0079346,0.045166
0.014343,0.0057983,0.040283
0.017395,0.0059509,0.043945
0.019836,0.0048828,0.036621
0.02121,0.005188,0.037842
0.019989,0.0062561,0.039063
0.020599,0.0067139,0.042725
0.019989,0.0068665,0.040283
0.021973,0.0071716,0.042725
0.024261,0.0056458,0.047607
0.025635,0.0057983,0.040283
0.026398,0.0057983,0.036621
0.025024,0.0054932,0.041504
0.023346,0.0053406,0.031738
0.022888,0.0050354,0.040283
0.022888,0.0041199,0.070801
0.024872,0.0036621,4.6252
0.02594,0.0028992,4.8938
0.026703,0.0028992,4.9158
0.026398,0.0018311,4.9231
0.024261,0.0028992,4.9243
0.02243,0.0016785,4.9268
0.021362,0.0010681,4.9255
0.022278,0.0013733,4.9341
0.023346,-0.0015259,4.9304
0.024872,-0.0019836,4.9329
0.024109,-0.0024414,4.928
0.023041,-0.0024414,4.9304
0.021515,-0.0036621,4.9353
0.020294,-0.0032043,4.9341
0.020447,-0.0028992,4.9402
0.021973,-0.0030518,4.9329
0.023956,-0.004425,4.9255
0.024872,-0.0054932,4.9353
0.02243,-0.0062561,4.9304
0.022278,-0.0064087,4.9353
0.02121,-0.0047302,4.9316
0.02121,-0.0047302,4.9292
0.022125,-0.0041199,4.9316
0.02243,-0.0061035,4.9243
0.025482,-0.0071716,4.9255
0.025635,-0.0073242,4.9182
0.024414,-0.0079346,4.9219
0.021362,-0.0065613,4.9219
0.019531,-0.0056458,4.9243
0.019989,-0.0065613,4.9158
0.021057,-0.0082397,4.9194
0.022125,-0.0093079,4.9146
0.022583,-0.010529,4.9133
0.021667,-0.010376,4.9084
0.020599,-0.0090027,4.9133
0.019073,-0.0074768,4.9109
0.019684,-0.0067139,4.9109
0.019073,-0.0064087,4.9109
0.023193,-0.0071716,4.9097
0.026093,-0.0073242,4.9084
0.025024,-0.0073242,4.9097
0.024719,-0.0065613,4.9072
0.022888,-0.005188,4.9097
0.02121,-0.004425,4.9121
0.021515,-0.0045776,4.9097
0.022278,-0.0033569,4.9146
0.023499,-0.0054932,4.9133
0.022583,-0.0068665,4.917
0.021973,-0.0062561,4.928
0.020294,-0.0074768,4.9207
0.018616,-0.0059509,4.9316
0.018768,-0.0048828,4.9231
0.020294,-0.0047302,4.9023
0.022125,-0.0061035,4.9255
0.023956,-0.0076294,4.928
0.023193,-0.0090027,4.9268
0.02243,-0.0083923,4.9072
0.020752,-0.0076294,4.9255
0.019684,-0.0064087,4.9329
0.020447,-0.0064087,4.9329
0.02243,-0.0074768,4.9316
0.023193,-0.0080872,4.9292
0.023346,-0.0082397,4.9207
0.020142,-0.0073242,4.9341
0.019379,-0.0045776,4.9353
0.019989,-0.0022888,4.9426
0.020905,-0.0012207,4.9365
0.023499,-0.0021362,4.9341
0.024414,-0.0038147,4.9353
0.024872,-0.005188,4.9365
0.023499,-0.0056458,4.9255
0.021667,-0.0054932,4.9158
0.018921,-0.0028992,4.9207
0.01709,-0.0024414,4.9231
0.016785,-0.0015259,4.9219
0.017242,-0.0024414,4.9194
0.017853,-0.0035095,4.9158
0.016632,-0.0032043,4.9158
0.014801,-0.0015259,4.9146
0.013733,0.0010681,4.9158
0.014191,0.0038147,4.9133
0.015717,0.0039673,4.9158
0.018921,0.0045776,4.9133
0.020752,0.0035095,4.9036
0.020599,0.0021362,4.9219
0.021057,0.002594,4.9133
0.018158,0.004425,4.9207
0.0177,0.0062561,4.9097
0.017548,0.0076294,4.9036
0.021057,0.0080872,4.9109
0.018616,0.0059509,4.9109
0.018311,0.004425,4.9072
0.016937,0.0035095,4.9109
0.015106,0.0039673,4.9109
0.013885,0.0048828,4.9194
0.013275,0.0059509,4.9158
0.01358,0.0057983,4.9231
0.014496,0.0048828,4.9207
0.014954,0.0022888,4.9255
0.014496,0.0013733,4.928
0.011597,0.0016785,4.9316
0.0091553,0.0033569,4.9329
0.0071716,0.0061035,4.9329
0.0071716,0.0076294,4.9304
0.0079346,0.0071716,4.9341
0.0085449,0.0042725,4.9341
0.009613,0.0024414,4.9341
0.0088501,0.00030518,4.9377
0.0080872,0.0042725,4.9304
0.0082397,0.0068665,0.064697
0.010223,0.0091553,0.063477
0.013275,0.0090027,0.064697
0.016174,0.0080872,0.063477
0.019379,0.0059509,0.067139
0.020142,0.0056458,0.063477
0.019073,0.0067139,0.063477
0.017548,0.0085449,0.064697
0.016022,0.010681,0.063477
0.015869,0.011444,0.05127
0.015869,0.011292,0.057373
0.015869,0.010071,0.067139
0.014343,0.0094604,0.053711
0.012817,0.010986,0.056152
0.010986,0.011902,0.050049
0.010071,0.013885,0.0354
0.012207,0.015869,0.046387
0.014801,0.014496,0.042725
0.017548,0.012207,0.043945
0.018768,0.0097656,0.043945
0.018616,0.0073242,0.036621
0.015869,0.0090027,0.042725
0.012817,0.0097656,0.040283
0.011749,0.011749,0.039063
0.012512,0.012817,0.039063
0.012207,0.012665,0.043945
0.01236,0.011597,0.040283
0.011749,0.0097656,0.040283
0.0061035,0.009613,0.045166
0.0088501,0.010376,0.040283
0.0083923,0.010986,0.039063
0.0090027,0.011749,0.041504
0.012207,0.0097656,0.036621
0.012817,0.0067139,0.043945
0.012817,0.0042725,0.0354
0.012512,0.0030518,0.05249
0.0080872,0.0041199,0.05127
0.010376,0.0071716,0.05127
0.011444,0.010681,0.054932
0.013428,0.01358,0.054932
0.016785,0.014038,0.063477
0.018616,0.014191,0.061035
0.019836,0.013885,0.063477
0.019989,0.018463,0.061035
0.020752,0.016479,0.061035
0.022583,0.017853,0.059814
0.023651,0.018005,0.059814
0.025177,0.016937,0.068359
0.026093,0.013428,0.062256
0.024872,0.010223,0.074463
0.022888,0.0064087,0.065918
0.020599,0.0080872,0.054932
0.018005,0.010223,0.065918
0.01709,0.010681,0.064697
0.015564,0.0090027,0.061035
0.016022,0.0062561,0.062256
0.014648,0.002594,0.056152
0.013733,-0.00015259,0.061035
0.011749,-0.00045776,0.05127
0.010834,0.0015259,0.056152
0.012054,0.0041199,0.047607
0.015106,0.0042725,0.050049
0.018158,0.0039673,0.05127
0.021057,0.0028992,0.048828
0.021515,0.0015259,0.046387
0.021973,0.0012207,0.045166
0.022278,0.0050354,0.045166
0.021973,0.0083923,0.039063
0.024567,0.010223,0.037842
0.027771,0.010376,0.041504
0.029602,0.0074768,0.0354
0.030975,0.0054932,0.037842
0.031281,0.004425,0.040283
0.031281,0.0048828,0.0354
0.032654,0.0073242,0.039063
0.03418,0.007782,0.037842
0.035248,0.0038147,0.042725
0.037384,0.0016785,0.037842
0.035858,-0.0024414,0.042725
0.033875,-0.0056458,0.043945
0.033722,-0.0056458,0.046387
0.029907,-0.005188,0.046387
0.027466,-0.0033569,0.048828
0.028381,-0.0054932,0.063477
0.029449,-0.0027466,0.053711
0.030975,-0.004425,0.062256
0.031281,-0.005188,0.059814
0.03067,-0.0028992,0.042725
0.030975,-0.0019836,0.057373
0.029907,0.0010681,0.062256
0.031586,0.0022888,0.059814
0.033417,0.0024414,0.061035
0.033875,0.00091553,0.059814
0.033875,0,0.063477
0.032654,0,0.058594
0.031738,0.00015259,0.061035
0.030518,0.0018311,0.059814
0.030212,0.0019836,0.065918
0.031281,0.00045776,0.065918
0.032501,-0.0010681,0.065918
0.033569,-0.0041199,0.073242
0.034027,-0.0065613,0.065918
0.033112,-0.0094604,0.064697
0.032349,-0.007782,0.058594
0.031281,-0.0059509,0.065918
0.031128,-0.0053406,0.054932
0.03006,-0.0056458,0.064697
0.030823,-0.0071716,0.047607
0.030212,-0.0090027,0.048828
0.028534,-0.0091553,0.046387
0.027008,-0.0079346,0.050049
0.026093,-0.0056458,0.042725
0.025482,-0.0036621,0.045166
0.025635,-0.0042725,0.041504
0.026855,-0.004425,0.043945
0.027924,-0.0056458,0.039063
0.028839,-0.007019,0.041504
0.028839,-0.0071716,2.4939
0.028839,-0.0054932,4.7693
0.028381,-0.0041199,4.9084
0.028839,-0.0027466,4.906
0.029907,-0.0038147,4.917
0.030975,-0.0047302,4.9048
0.030365,-0.0061035,4.8975
0.029907,-0.007019,4.9084
0.029449,-0.0067139,4.9084
0.028534,-0.0028992,4.9036
0.028687,-0.0028992,4.9158
0.027924,-0.0027466,4.9121
0.031433,-0.0033569,4.9158
0.033722,-0.005188,4.917
0.033875,-0.0067139,4.9231
0.035095,-0.0059509,4.9207
0.033417,-0.0039673,4.928
0.033569,-0.0016785,4.928
0.03418,-0.002594,4.9316
0.035095,0.00030518,4.9292
0.034943,-0.00030518,4.9304
0.034943,-0.0013733,4.9255
0.032959,-0.0027466,4.9316
0.032043,-0.0016785,4.9414
0.029907,0.00015259,4.9329
0.028839,0.0015259,4.9219
0.028229,0.0012207,4.9365
0.027008,-0.00045776,4.9316
0.027008,-0.0022888,4.9292
0.024872,-0.0048828,4.9341
0.024261,-0.0056458,4.9304
0.022888,-0.004425,4.9353
0.022125,-0.0027466,4.9304
0.022736,-0.0018311,4.9316
0.022125,-0.0022888,4.9255
0.022125,-0.0039673,4.9268
0.02182,-0.0056458,4.9219
0.021667,-0.0061035,4.9255
0.022736,-0.0048828,4.9304
0.022736,-0.0030518,4.9207
0.023499,-0.00091553,4.9158
0.023346,0.00030518,4.9182
0.024414,0,4.8987
0.025482,-0.00076294,4.9133
0.02655,-0.00045776,4.9158
0.026855,0.00091553,4.9036
0.02533,0.0028992,4.9133
0.025635,0.0036621,4.9072
0.024567,0.0030518,4.9109
0.024872,0.0015259,4.9109
0.025177,-0.0013733,4.9121
0.025482,-0.0024414,4.9048
0.023346,-0.0021362,4.9133
0.02243,-0.0013733,4.9084
0.021667,0.00076294,4.9121
0.020905,0.00091553,4.8975
0.020447,0,4.9133
0.021362,-0.00061035,4.9121
0.020752,-0.0019836,4.9158
0.021362,-0.0022888,4.9219
0.02121,-0.0015259,4.917
0.021667,-0.00045776,4.9158
0.021362,-0.00091553,4.9255
0.023346,0.00076294,4.9231
0.023193,0.00030518,4.9243
0.022278,0.00015259,4.9255
0.022736,-0.00015259,4.9268
0.022736,0.00076294,4.9316
0.024414,0.002594,4.9292
0.025482,0.0036621,4.9329
0.02533,0.0035095,4.9207
0.027008,0.0035095,4.9207
0.025635,0.0024414,4.9316
0.027313,0.0016785,4.9341
0.028076,0.0033569,4.9426
0.027771,0.0035095,4.939
0.027618,0.0047302,4.9353
0.027618,0.0061035,4.9402
0.026093,0.0065613,4.9304
0.024109,0.0047302,4.9341
0.023041,0.0033569,4.9304
0.02243,0.0022888,4.9292
0.023956,0.0018311,4.9292
0.023193,0.0021362,4.917
0.022888,0.002594,4.9243
0.022736,0.0024414,4.9207
0.02121,0.0010681,4.9219
0.019989,0.0024414,4.9182
0.019531,0.0022888,4.9255
0.019531,0.0048828,4.9194
0.019989,0.0045776,4.9207
0.019379,0.0064087,4.9133
0.018463,0.0076294,4.9158
0.018158,0.0065613,4.917
0.018158,0.005188,4.9146
0.018005,0.0035095,4.9207
0.018616,0.0039673,4.9109
0.018616,0.0042725,4.9011
0.018005,0.0039673,4.9097
0.016632,0.0035095,4.8926
0.017548,0.0024414,4.9097
0.01297,0.0010681,4.9097
0.012054,-0.00015259,4.906
0.011597,-0.00061035,4.9109
0.012512,0.00091553,4.9084
0.013123,0.00015259,4.9158
0.014038,0.00091553,4.9194
0.017548,0.00030518,4.9194
0.015411,-0.00045776,4.9182
0.016174,-0.00061035,4.9243
0.0177,-0.00045776,4.9377
0.019836,0.00030518,0.05249
0.019836,0.0018311,0.061035
0.021362,0.0030518,0.062256
0.020447,0.00045776,0.05249
0.019531,0.002594,0.061035
0.018005,0.0012207,0.061035
0.017395,-0.00045776,0.062256
0.018158,-0.0012207,0.059814
0.014801,-0.0012207,0.058594
0.018921,-0.00076294,0.063477
0.019531,-0.00091553,0.064697
0.018768,-0.0022888,0.063477
0.019989,-0.0030518,0.064697
0.019531,-0.0039673,0.06958
0.019684,-0.0048828,0.067139
0.019836,-0.0035095,0.067139
0.019989,-0.0032043,0.068359
0.021362,-0.0024414,0.063477
0.019684,-0.002594,0.064697
0.018463,-0.0041199,0.056152
0.017548,-0.0041199,0.06958
0.01709,-0.0041199,0.05127
0.017548,-0.0019836,0.045166
0.018311,-0.0013733,0.046387
0.022278,0.00015259,0.047607
0.024261,0.0019836,0.046387
0.024414,0.0021362,0.048828
0.024261,0.00091553,0.042725
0.024109,-0.00061035,0.041504
0.024261,-0.0013733,0.041504
0.023346,-0.00045776,0.042725
0.023499,-0.00030518,0.039063
0.022736,-0.00030518,0.041504
0.019684,-0.00030518,0.040283
0.018463,-0.0019836,0.037842
0.014801,-0.0033569,0.047607
0.015717,-0.0027466,0.041504
0.015259,-0.0024414,0.048828
0.015869,-0.0019836,0.037842
0.016785,-0.0016785,0.031738
0.017395,-0.0015259,0.041504
0.019226,-0.0047302,0.039063
0.016632,-0.0067139,0.041504
0.015411,-0.0076294,0.045166
0.015411,-0.0082397,0.046387
0.015564,-0.0057983,0.05127
0.015411,-0.0048828,0.047607
0.013733,-0.0035095,0.054932
0.012665,-0.0048828,0.05249
0.011749,-0.0016785,0.058594
0.011292,-0.00091553,0.062256
0.013275,0.00015259,0.063477
0.015869,0.00061035,0.059814
0.0177,0.0010681,0.063477
0.019989,0.00061035,0.062256
0.018768,-0.00076294,0.059814
0.023041,-0.0021362,0.062256
0.023346,-0.002594,0.062256
0.024109,-0.0024414,0.05127
0.023804,-0.0024414,0.061035
0.023804,-0.00091553,0.067139
0.02182,-0.00030518,0.065918
0.019531,0.00030518,0.067139
0.017548,0.0015259,0.062256
0.016479,0,0.067139
0.016327,-0.00015259,0.061035
0.016632,-0.00061035,0.058594
0.018616,-0.0015259,0.053711
0.02121,-0.0021362,0.056152
0.022888,-0.0030518,0.05249
0.023346,-0.0041199,0.05249
0.023499,-0.0035095,0.063477
0.022736,-0.0019836,0.047607
0.02182,0.00015259,0.045166
0.020905,0.0021362,0.046387
0.02182,0.0035095,0.028076
0.019531,0.0039673,0.041504
0.018768,0.004425,0.036621
0.020905,0.0033569,0.039063
0.017853,0.0042725,0.040283
0.018768,0.0041199,0.0354
0.019379,0.0038147,0.042725
0.019836,0.0019836,0.039063
0.019531,0.0016785,0.040283
0.018921,0.00045776,0.032959
0.017853,0.00015259,0.041504
0.016937,0.00076294,0.039063
0.016174,0.0018311,0.046387
0.015869,0.0027466,0.037842
0.014954,0.0028992,0.045166
0.016174,0.0030518,0.046387
0.016327,0.0033569,0.047607
0.017395,0.0039673,0.05127
0.018005,0.004425,0.050049
0.019531,0.0048828,0.026855
0.020447,0.0064087,0.054932
0.020599,0.0064087,0.054932
0.019989,0.0056458,0.058594
0.019226,0.0048828,0.059814
0.018158,0.0035095,0.056152
0.016632,0.0018311,0.063477
0.014648,0.0024414,0.059814
0.015411,0.0027466,0.064697
0.015106,0.0027466,0.061035
0.014496,0.0028992,0.063477
0.015411,0.0024414,0.062256
0.015411,0.0022888,0.065918
0.015564,0.0028992,0.072021
0.015411,0.0021362,0.070801
0.016174,0.0056458,0.062256
0.016327,0.0073242,0.064697
0.0177,0.0076294,0.06958
0.018921,0.009613,0.063477
0.020294,0.0094604,0.059814
0.02121,0.0093079,0.054932
0.022888,0.0091553,0.057373
0.024109,0.0099182,4.0527
0.024872,0.010071,4.8633
0.025177,0.0097656,4.9109
0.025024,0.0076294,4.9231
0.025482,0.007782,4.9133
0.025482,0.0062561,4.9158
0.025482,0.0062561,4.9158
0.024261,0.0074768,4.9194
0.02655,0.0085449,4.9133
0.026855,0.0083923,4.9158
0.027161,0.0086975,4.9255
0.026245,0.0073242,4.9133
0.025482,0.0062561,4.9194
0.023956,0.0047302,4.9109
0.022736,0.0047302,4.8865
0.020905,0.0053406,4.9097
0.021667,0.0059509,4.9121
0.021057,0.0057983,4.9084
0.021057,0.0054932,4.9097
0.02182,0.0047302,4.9072
0.022278,0.005188,4.9109
0.022278,0.0050354,4.9109
0.024719,0.0059509,4.9158
0.025787,0.0061035,4.9146
0.027618,0.0059509,4.9194
0.029297,0.004425,4.9231
0.030365,0.004425,4.9231
0.030823,0.0036621,4.9219
0.03067,0.0036621,4.9231
0.03067,0.0045776,4.9255
0.031586,0.0056458,4.9316
0.031128,0.0067139,4.939
0.031281,0.0091553,4.9316
0.031281,0.0071716,4.9219
0.030823,0.0073242,4.9316
0.029755,0.007019,4.9316
0.029602,0.0067139,4.9243
0.028992,0.0062561,4.9353
0.028687,0.0047302,4.9329
0.028229,0.0036621,4.9353
0.027466,0.0019836,4.9341
0.027618,0.00045776,4.939
0.027313,0,4.9353
0.026703,0.00076294,4.9243
0.024261,0.0016785,4.9304
0.02533,0.0019836,4.9353
0.024719,0.0016785,4.939
0.023956,0.0013733,4.9268
0.023499,0.00015259,4.9292
0.023804,-0.00030518,4.9231
0.024567,-0.00076294,4.9097
0.026093,0.0012207,4.9194
0.028229,0.00030518,4.917
0.029755,0.00091553,4.9146
0.032806,0.0016785,4.9182
0.031433,0.0019836,4.9146
0.032654,0.0016785,4.9146
0.032196,0.0015259,4.9133
0.033264,0.0030518,4.9121
0.032654,0.0036621,4.9072
0.032501,0.0041199,4.9146
0.032043,0.0019836,4.9121
0.033112,0.0038147,4.9121
0.031891,0.0032043,4.9109
0.032806,0.0030518,4.9121
0.033112,0.0024414,4.9084
0.0354,0.002594,4.9084
0.032806,0.0022888,4.9072
0.032196,0.0024414,4.9109
0.030975,0.0035095,4.9133
0.028839,0.0021362,4.9109
0.027924,0.0010681,4.9109
0.027008,0.00076294,4.9146
0.025787,0.0012207,4.9194
0.024414,0.00076294,4.917
0.023956,0.00015259,4.9255
0.023499,0.00091553,4.9255
0.023041,0.0022888,4.9316
0.023193,0.0019836,4.9255
0.023041,0.0024414,4.9353
0.02243,-0.00015259,4.9304
0.021973,0.0021362,4.9329
0.020752,0.0016785,4.9414
0.019836,0.0019836,4.9329
0.02121,0.0019836,4.9365
0.021515,0.0030518,4.9365
0.022125,0.0028992,4.917
0.023346,0.0035095,4.9329
0.023804,0.0036621,4.9341
0.023804,0.0036621,4.9402
0.023651,0.0041199,4.9353
0.023651,0.0035095,4.9329
0.023041,0.0032043,4.9365
0.02182,0.0027466,4.9304
0.021057,0.0015259,4.9292
0.019684,0.00076294,4.9231
0.018921,-0.00076294,4.928
0.018158,-0.0015259,4.9219
0.019226,-0.0022888,4.9243
0.02121,-0.0032043,4.9219
0.018311,-0.0039673,4.917
0.021667,-0.0042725,4.917
0.021973,-0.0033569,4.9182
0.019989,-0.0035095,4.9158
0.021515,-0.0030518,4.9121
0.02121,-0.0024414,4.9109
0.019226,-0.0042725,4.9146
0.019073,-0.00091553,4.9097
0.019226,0.00015259,4.9084
0.020905,-0.00015259,4.9097
0.022736,0.0018311,4.9097
0.023193,-0.00015259,0.045166
0.025177,-0.0010681,0.037842
0.026703,-0.00091553,0.032959
0.028687,-0.0010681,0.036621
0.03006,0.00045776,0.041504
0.031738,0.0010681,0.045166
0.031738,0.002594,0.042725
0.032196,0.0036621,0.054932
0.031586,0.0033569,0.046387
0.030823,0.0039673,0.062256
0.030365,0.0038147,0.048828
0.031738,0.0039673,0.042725
0.032501,0.0047302,0.054932
0.032654,0.005188,0.056152
0.033417,0.004425,0.058594
0.031281,0.0039673,0.059814
0.030518,0.0015259,0.058594
0.029755,-0.0027466,0.061035
0.028839,-0.00015259,0.061035
0.027618,0.00030518,0.064697
0.025482,0.00076294,0.047607
0.023041,-0.0013733,0.059814
0.020752,0.00061035,0.067139
0.018768,-0.0010681,0.064697
0.018158,-0.0010681,0.070801
0.017853,-0.0010681,0.070801
0.018768,-0.00061035,0.065918
0.018005,0.00061035,0.065918
0.017395,0.00091553,0.074463
0.017395,0.0010681,0.063477
0.016479,0.00076294,0.056152
0.016632,0.00015259,0.059814
0.01709,-0.0010681,0.054932
0.016632,0.0010681,0.05249
0.016785,0.0019836,0.05127
0.017242,0.0019836,0.043945
0.016632,0.00061035,0.054932
0.015717,0.0022888,0.046387
0.015564,0.0024414,0.047607
0.01709,0.0024414,0.043945
0.019379,0.0027466,0.047607
0.020599,0.0027466,0.042725
0.021973,0.0028992,0.039063
0.021973,0.0027466,0.057373
0.022125,0.0022888,0.041504
0.021057,0.002594,0.048828
0.021057,0.0024414,0.039063
0.020142,0.0024414,0.025635
0.020752,0.0021362,0.036621
0.020599,0.0015259,0.041504
0.020752,0.00091553,0.037842
0.020905,0.00091553,0.041504
0.020142,0.0010681,0.036621
0.019226,0.0010681,0.042725
0.020294,0.0010681,0.043945
0.020447,0.00076294,0.046387
0.020905,-0.00030518,0.042725
0.02121,-0.00061035,0.050049
0.02121,-0.0012207,0.05249
0.020294,-0.0021362,0.056152
0.018921,-0.0021362,0.062256
0.017853,-0.0019836,0.058594
0.017853,-0.0024414,0.059814
0.019226,-0.0016785,0.058594
0.019836,-0.0016785,0.06958
0.02121,-0.0010681,0.059814
0.021973,-0.00091553,0.053711
0.020294,-0.0010681,0.058594
0.02121,-0.0012207,0.057373
0.020599,-0.0013733,0.059814
0.021667,-0.0018311,0.063477
0.022583,-0.0030518,0.061035
0.02182,-0.0035095,0.064697
0.02182,-0.0032043,0.064697
0.019836,-0.005188,0.064697
0.019836,-0.0042725,0.062256
0.019531,-0.0041199,0.064697
0.019989,-0.0041199,0.061035
0.019836,-0.0030518,0.061035
0.02182,-0.002594,0.065918
0.022736,-0.0018311,0.054932
0.022888,-0.0016785,0.057373
0.022736,-0.0018311,0.05127
0.022278,-0.0010681,0.037842
0.022125,-0.0013733,0.047607
0.021973,-0.0016785,0.042725
0.021973,-0.0012207,0.043945
0.02182,-0.0013733,0.045166
0.021362,-0.0021362,0.041504
0.020142,-0.0021362,0.042725
0.019379,-0.0019836,0.037842
0.018158,-0.0012207,0.041504
0.017548,-0.0015259,0.03418
0.017242,-0.00076294,0.039063
0.01709,-0.00076294,0.043945
0.016937,-0.00076294,0.040283
0.017395,-0.0013733,0.037842
0.015564,-0.0022888,0.041504
0.017395,-0.0028992,0.041504
0.018005,-0.0027466,0.041504
0.018463,-0.0030518,0.046387
0.018311,-0.0041199,0.041504
0.018921,-0.0054932,0.039063
0.020905,-0.0068665,0.041504
0.019226,-0.0074768,0.048828
0.019379,-0.0071716,0.050049
0.019379,-0.0054932,0.047607
0.017853,-0.0038147,0.05127
0.021362,-0.0010681,0.058594
0.023804,-0.00015259,0.056152
0.025177,0.00030518,0.065918
0.026245,0.00030518,0.057373
0.026703,-0.00030518,0.064697
0.025787,-0.00015259,0.059814
0.025482,0,0.063477
0.026398,0.00045776,0.074463
0.026093,0.00061035,4.2725
0.026398,-0.00030518,4.8877
0.027618,0.0010681,4.928
0.02533,0.0010681,4.9268
0.024719,0.0010681,4.9329
0.026245,0.0021362,4.9316
0.026093,0.0024414,4.9353
0.027008,0.0042725,4.9341
0.026855,0.0059509,4.928
0.024109,0.0093079,4.9316
0.024567,0.0064087,4.928
0.023499,0.0054932,4.9255
0.022736,0.0024414,4.9207
0.023499,0.0036621,4.9243
0.022736,0.0039673,4.9194
0.02243,0.0039673,4.9207
0.020905,0.0073242,4.9194
0.018768,0.0038147,4.9243
0.018311,0.0032043,4.9268
0.01709,0.002594,4.917
0.017242,0.0024414,4.9231
0.017395,0.0027466,4.9097
0.016937,0.0036621,4.8877
0.015869,0.0039673,4.9133
0.016174,0.005188,4.9109
0.016327,0.0035095,4.9084
0.016174,0.0030518,4.9097
0.013885,0.0038147,4.9097
0.01709,0.0041199,4.9084
0.017242,0.0059509,4.906
0.01709,0.0079346,4.9109
0.016327,0.0076294,4.9097
0.016174,0.0071716,4.9109
0.015717,0.0047302,4.9133
0.015106,0.0028992,4.917
0.015869,0.0021362,4.9207
0.014343,0.0019836,4.9207
0.014496,0.0021362,4.9207
0.014038,0.0012207,4.9243
0.013275,0.00030518,4.928
0.013123,-0.0012207,4.928
0.012817,-0.0022888,4.9353
0.013275,-0.0053406,4.9268
0.014343,-0.0028992,4.9292
0.015259,0.00061035,4.9268
0.016174,0.0019836,4.9304
0.015717,0.002594,4.9304
0.015869,0.0030518,4.9341
0.016632,0.0027466,4.9292
0.017853,0.0036621,4.9329
0.020294,0.0061035,4.9329
0.022125,0.0085449,4.9365
0.023499,0.0099182,4.9329
0.024261,0.013428,4.9377
0.02243,0.0076294,4.9475
0.024872,0.007782,4.9353
0.025635,0.0056458,4.9377
0.027313,0.0056458,4.9329
0.029144,0.0048828,4.9158
0.029755,0.0053406,4.9255
0.030212,0.0050354,4.9231
0.029144,0.0038147,4.9231
0.028534,0.0022888,4.9219
0.026703,0.00030518,4.9194
0.027008,-0.0018311,4.9158
0.024567,-0.0015259,4.9146
0.023193,-0.0013733,4.9182
0.02182,-0.0012207,4.9109
0.019379,-0.0013733,4.9182
0.019073,-0.002594,4.9121
0.017242,-0.0030518,4.9146
0.017395,-0.0013733,4.9146
0.017548,-0.0018311,4.9109
0.019531,-0.00076294,4.9084
0.020142,0.00076294,4.9097
0.020447,0.0018311,4.9048
0.020905,0.0028992,4.9109
0.019989,0.0016785,4.9182
0.018768,0.0016785,4.9109
0.018463,0.0019836,4.9084
0.018768,0.002594,4.9084
0.020447,0.0036621,4.9121
0.022125,0.0039673,4.9133
0.024567,0.0047302,4.9158
0.024261,0.0035095,4.9158
0.024872,0.0018311,4.9255
0.02533,-0.00061035,4.9158
0.026703,-0.00061035,4.928
0.026245,-0.0016785,4.9255
0.02533,-0.0015259,4.9292
0.024719,0.0016785,4.9329
0.023499,-0.0038147,4.9353
0.021973,-0.0033569,4.9451
0.02182,-0.004425,4.9341
0.022583,-0.0064087,4.9194
0.023499,-0.0036621,4.9304
0.02533,-0.0013733,4.9304
0.025482,0.00015259,4.9353
0.024719,0.0010681,4.9329
0.023956,0.00091553,4.9353
0.022736,0.00015259,4.9353
0.022583,-0.0013733,4.9329
0.02182,-0.0021362,4.9402
0.02121,-0.0018311,4.9329
0.021667,-0.0013733,4.9353
0.021667,-0.00076294,4.9316
0.02182,-0.00015259,4.9304
0.023193,0.00045776,4.9231
0.023499,-0.00076294,4.9292
0.026093,0.00061035,4.9207
0.028229,0.00091553,0.05127
0.030823,0.0016785,0.042725
0.032349,0.0027466,0.048828
0.033112,0.0035095,0.046387
0.034027,0.0041199,0.042725
0.034027,0.0038147,0.045166
0.034637,0.0035095,0.042725
0.034637,0.0036621,0.041504
0.033875,0.0048828,0.040283
0.033569,0.0035095,0.041504
0.032501,0.0033569,0.036621
0.030975,0.0038147,0.041504
0.03006,0.0033569,0.041504
0.029602,0.0024414,0.042725
0.028381,0.0019836,0.039063
0.027924,0.0012207,0.041504
0.027771,0.00076294,0.048828
0.027466,0.0012207,0.041504
0.027161,0.0021362,0.048828
0.026855,0.0028992,0.03418
0.026398,0.0039673,0.031738
0.026093,0.0042725,0.043945
0.027161,0.0053406,0.050049
0.025024,0.0056458,0.05249
0.024414,0.0067139,0.053711
0.022125,0.0071716,0.05249
0.023041,0.0082397,0.061035
0.02243,0.0080872,0.058594
0.023346,0.0068665,0.061035
0.023651,0.0053406,0.059814
0.024872,0.0050354,0.061035
0.025177,0.0041199,0.063477
0.02533,0.0032043,0.062256
0.026855,0.0021362,0.075684
0.026703,0.0013733,0.062256
0.027313,-0.00030518,0.059814
0.027466,-0.0016785,0.064697
0.026398,-0.0022888,0.059814
0.026093,-0.002594,0.064697
0.024261,-0.0019836,0.064697
0.023804,-0.0016785,0.063477
0.023651,-0.00076294,0.057373
0.023651,-0.00076294,0.057373
0.024719,-0.00076294,0.061035
0.026093,-0.0018311,0.054932
0.027313,-0.0019836,0.056152
0.029297,0.00045776,0.050049
0.029907,-0.00076294,0.056152
0.031128,-0.0013733,0.048828
0.030975,-0.0018311,0.05127
0.030365,-0.0027466,0.037842
0.030365,-0.0024414,0.050049
0.028839,-0.0018311,0.056152
0.027771,0,0.045166
0.027618,0.0016785,0.057373
0.028076,0.0010681,0.041504
0.028076,0.002594,0.037842
0.029144,0.0022888,0.039063
0.030823,0.0019836,0.037842
0.032501,0.0018311,0.036621
0.032959,0.0022888,0.040283
0.033264,0.0016785,0.036621
0.035248,0.0016785,0.039063
0.031891,0.0010681,0.036621
0.03067,0.00015259,0.042725
0.028381,-0.00015259,0.036621
0.026703,0.00015259,0.041504
0.025024,0.00061035,0.046387
0.023193,0.0015259,0.048828
0.02243,0.0021362,0.053711
0.02243,0.0022888,0.05249
0.022125,0.0016785,0.053711
0.022736,0.00076294,0.054932
0.022583,-0.00030518,0.057373
0.022583,-0.00091553,0.057373
0.02243,-0.00091553,0.058594
0.021362,-0.0010681,0.058594
0.019836,-0.00091553,0.062256
0.018005,-0.00076294,0.061035
0.016479,-0.0016785,0.061035
0.016327,-0.0061035,0.057373
0.018005,-0.0033569,0.065918
0.014801,-0.0018311,0.05249
0.014191,-0.00045776,0.065918
0.015106,0.00015259,0.067139
0.016022,0.0015259,0.068359
0.016632,0.0010681,0.064697
0.015869,0.00015259,0.065918
0.017853,-0.0024414,0.075684
0.018311,-0.0010681,0.065918
0.018921,0.00076294,0.064697
0.02243,0.0027466,0.058594
0.019684,0.0035095,0.037842
0.019836,0.0036621,0.05127
0.019531,0.0033569,0.05127
0.019226,0.002594,0.05127
0.019531,0.0030518,0.050049
0.018616,0.0038147,0.043945
0.018921,0.0054932,0.048828
0.014954,0.0067139,0.042725
0.018311,0.0062561,0.045166
0.016327,0.0050354,0.042725
0.015717,0.002594,0.043945
0.015411,0.00076294,0.041504
0.015259,0.00061035,0.042725
0.015869,0.0012207,0.039063
0.018158,0.0024414,0.041504
0.015717,0.0035095,0.039063
0.014191,0.002594,0.040283
0.012665,0.00015259,0.037842
0.0091553,-0.0024414,0.037842
0.011597,-0.0038147,0.025635
0.011902,-0.0022888,0.040283
0.013123,-0.00015259,0.039063
0.014343,0.00061035,0.03418
0.013885,-0.00045776,0.042725
0.015259,-0.0015259,0.21729
0.015717,-0.0030518,4.6472
0.016022,-0.0036621,4.895
0.019379,-0.0021362,4.9268
0.021057,0.00030518,4.9231
0.022736,0.0015259,4.928
0.020752,0.0032043,4.9292
0.018768,0.002594,4.9316
0.018463,0.00076294,4.939
0.017242,0.00045776,4.9341
0.017548,0.00045776,4.9365
0.016785,0.0018311,4.9329
0.016479,0.0035095,4.9231
0.015717,0.0028992,4.9304
0.015564,0.0019836,4.9353
0.014801,0.00015259,4.9329
0.014038,-0.0028992,4.9341
0.014801,-0.0022888,4.9341
0.015564,-0.0018311,4.9402
0.015717,0.00015259,4.9353
0.0177,0.002594,4.9341
0.015717,0.0024414,4.9304
0.015411,0.0022888,4.9304
0.014496,0.0013733,4.9109
0.013885,0.00076294,4.9292
0.015106,0.0019836,4.9255
0.015106,0.0032043,4.9243
0.017395,0.005188,4.9268
0.018921,0.0065613,4.9207
0.019226,0.0057983,4.9268
0.019226,0.0042725,4.9207
0.019531,0.0028992,4.9207
0.020905,0.0019836,4.9146
0.021362,0.0024414,4.9158
0.019989,0.0032043,4.9146
0.018463,0.0038147,4.9109
0.017242,0.0030518,4.9084
0.015717,0.0015259,4.9121
0.014343,-0.00015259,4.906
0.013428,-0.0012207,4.9097
0.015259,-0.0012207,4.9109
0.015411,0,4.9109
0.014496,0.0012207,4.9072
0.015106,0.0015259,4.9133
0.015106,0.00045776,4.9231
0.016174,-0.0019836,4.9121
0.015106,-0.0022888,4.9133
0.018005,-0.0039673,4.9194
0.019531,-0.0027466,4.9023
0.019836,-0.0028992,4.9207
0.019684,0.00091553,4.9219
0.019531,0.0019836,4.9255
0.020599,0.00030518,4.9219
0.022583,-0.00030518,4.9292
0.023346,-0.00015259,4.9304
0.024109,0.0016785,4.9316
0.024414,0.0036621,4.9341
0.023804,0.0059509,4.9329
0.024261,0.0056458,4.9341
0.024567,0.0036621,4.9304
0.025024,0.0012207,4.9329
0.024719,0.00015259,4.9365
0.026245,0.00015259,4.9365
0.026703,0.0018311,4.9353
0.025177,0.0028992,4.939
0.024567,0.0038147,4.9463
0.024261,0.0028992,4.9353
0.024414,0.0019836,4.9231
0.024872,0.0010681,4.9341
0.024872,0.0013733,4.9316
0.024109,0.0022888,4.9268
0.023499,0.0035095,4.9316
0.022278,0.0042725,4.9219
0.021515,0.0036621,4.9231
0.021515,0.0032043,4.9194
0.020752,0.0027466,4.9219
0.019379,0.0019836,4.9182
0.018921,0.0022888,4.9158
0.018005,0.0021362,4.917
0.016174,0.0019836,4.9182
0.013733,0.00030518,4.9207
0.012665,-0.002594,4.9146
0.01236,-0.0050354,4.9133
0.01297,-0.0074768,4.9109
0.013123,-0.0079346,4.8987
0.01297,-0.0080872,4.9109
0.014343,-0.0068665,4.906
0.015411,-0.0054932,4.9048
0.016632,-0.0047302,4.9072
0.019073,-0.0047302,4.9109
0.021515,-0.0050354,4.9097
0.023499,-0.0045776,4.906
0.024719,-0.0036621,4.9133
0.02594,-0.0022888,4.9121
0.02594,-0.00091553,4.9146
0.02594,-0.00015259,4.9243
0.024414,-0.00091553,4.9207
0.024261,-0.0018311,4.9158
0.023651,-0.0027466,4.9255
0.02533,-0.0021362,4.9231
0.026093,-0.0016785,4.9304
0.026093,0.00015259,4.9402
0.02655,0.0013733,4.9316
0.026093,0.0012207,4.9194
0.025787,0.0012207,4.9292
0.025635,0.00045776,4.9194
0.024719,-0.00045776,4.9316
0.02655,0.00015259,4.9304
0.024719,0,4.9329
0.022888,-0.00015259,4.9341
0.019989,-0.0021362,0.065918
0.019226,-0.0024414,0.065918
0.017853,-0.0033569,0.064697
0.019226,-0.0041199,0.070801
0.020599,-0.0033569,0.062256
0.022888,-0.0018311,0.068359
0.024414,-0.0018311,0.076904
0.025787,-0.0019836,0.061035
0.027161,-0.002594,0.056152
0.029907,-0.0027466,0.054932
0.031586,-0.0028992,0.036621
0.033417,-0.0027466,0.05127
0.034332,-0.0021362,0.05127
0.033264,-0.0021362,0.05127
0.030823,-0.0019836,0.045166
0.027924,-0.0016785,0.043945
0.026245,-0.0021362,0.045166
0.024872,-0.0030518,0.047607
0.024261,-0.0042725,0.043945
0.025177,-0.0048828,0.037842
0.02533,-0.0048828,0.041504
0.025177,-0.0041199,0.040283
0.023956,-0.0047302,0.040283
0.023499,-0.0053406,0.040283
0.022125,-0.0053406,0.041504
0.023651,-0.0056458,0.041504
0.024261,-0.004425,0.041504
0.025024,-0.0030518,0.043945
0.025024,-0.0016785,0.037842
0.023956,-0.00030518,0.031738
0.023804,-0.00030518,0.041504
0.024872,-0.00045776,0.043945
0.027313,-0.00076294,0.037842
0.029907,-0.00076294,0.047607
0.033417,-0.00015259,0.048828
0.03479,0.0010681,0.054932
0.033722,0.0013733,0.05249
0.033722,0.00076294,0.058594
0.032806,0.00061035,0.053711
0.031586,-0.00015259,0.061035
0.033875,-0.00061035,0.061035
0.030365,-0.0018311,0.062256
0.029755,-0.0024414,0.073242
0.029449,-0.0016785,0.062256
0.025787,-0.0036621,0.068359
0.024872,-0.0047302,0.061035
0.025482,-0.0065613,0.054932
0.024719,-0.0068665,0.062256
0.027924,-0.0076294,0.068359
0.028229,-0.007019,0.064697
0.028229,-0.0064087,0.067139
0.026398,-0.0030518,0.062256
0.025177,-0.0013733,0.064697
0.02533,0.0015259,0.061035
0.025635,0.0036621,0.064697
0.027161,0.0061035,0.053711
0.029144,0.0073242,0.059814
0.03067,0.0083923,0.056152
0.031128,0.007782,0.056152
0.032043,0.0076294,0.05249
0.034485,0.007019,0.048828
0.033722,0.0059509,0.058594
0.035248,0.007019,0.047607
0.03479,0.0035095,0.056152
0.032501,0.002594,0.041504
0.030212,0.002594,0.050049
0.026855,0.0028992,0.037842
0.024109,0.0028992,0.039063
0.020752,0.0041199,0.041504
0.020447,0.0038147,0.039063
0.021667,0.0042725,0.031738
0.024414,0.0035095,0.039063
0.025482,0.0042725,0.039063
0.02655,0.0033569,0.041504
0.024414,0.0042725,0.039063
0.023651,0.0042725,0.042725
0.022888,0.0041199,0.039063
0.023346,0.004425,0.041504
0.023346,0.0035095,0.057373
0.022278,0.0047302,0.042725
0.020294,0.0061035,0.05127
0.01709,0.0080872,0.045166
0.015411,0.009613,0.03418
0.014496,0.010681,0.05127
0.019226,0.010986,0.05249
0.019073,0.0090027,0.056152
0.02182,0.0067139,0.059814
0.022583,0.0062561,0.058594
0.02121,0.0041199,0.063477
0.020142,0.0036621,0.059814
0.020294,0.0030518,0.062256
0.019379,0.0019836,0.050049
0.021057,0.00015259,0.064697
0.018768,-0.00076294,0.062256
0.018768,-0.0016785,0.063477
0.016479,-0.0035095,0.067139
0.013885,-0.0013733,0.063477
0.015717,0.00015259,0.070801
0.017548,0.0016785,0.065918
0.019684,0.0024414,0.080566
0.022736,0.0027466,0.065918
0.024567,0.0021362,0.056152
0.028534,0.0016785,0.058594
0.02533,0.00061035,0.056152
0.024261,0.0010681,0.05249
0.022278,0.0019836,0.054932
0.022278,0.0019836,0.05127
0.023041,0.0022888,0.048828
0.02182,0.00091553,0.046387
0.021515,0.0010681,0.050049
0.020599,0.00061035,0.046387
0.019379,0.00015259,0.047607
0.018921,0.0012207,0.045166
0.019684,0.0016785,0.042725
0.022736,-0.00030518,0.043945
0.024414,0.0013733,0.042725
0.025482,0.00045776,0.040283
0.026093,-0.00091553,1.7261
0.023499,0.00030518,4.7144
0.019684,0.0016785,4.8962
0.018158,0.002594,4.9048
0.018616,0.0032043,4.9072
0.020905,0.0038147,4.9097
0.020905,0.0033569,4.9072
0.020752,0.0035095,4.9109
0.02182,0.0022888,4.9084
0.018768,0.0019836,4.9121
0.018005,0.0032043,4.9146
0.017853,0.0033569,4.8987
0.019531,0.00091553,4.9182
0.018921,0.0015259,4.9243
0.016479,0.00061035,4.9207
0.013275,-0.0028992,4.9255
0.011139,0.00076294,4.9304
0.0086975,0.0021362,4.9329
0.009613,0.0038147,4.9377
0.010529,0.0047302,4.9304
0.013275,0.0039673,4.9146
0.015259,0.0024414,4.9304
0.015869,0.0010681,4.9316
0.014648,0.00061035,4.9316
0.013733,0.00091553,4.9292
0.01297,0.0012207,4.928
0.013733,0.0012207,4.9353
0.014496,-0.00015259,4.9353
0.015717,0,4.9353
0.015411,-0.0012207,4.9329
0.014954,-0.00030518,4.9377
0.015106,0.0012207,4.9329
0.015259,0.0033569,4.9341
0.018005,0.0047302,4.9426
0.020142,0.0057983,4.9316
0.022736,0.0057983,4.9255
0.023193,0.0045776,4.928
0.023499,-0.00015259,4.9255
0.021057,0.0032043,4.9255
0.019226,0.004425,4.9146
0.0177,0.0050354,4.9182
0.016785,0.0057983,4.9207
0.017395,0.0041199,4.9146
0.017853,0.0030518,4.9158
0.0177,0.0018311,4.9121
0.017395,0.0021362,4.9097
0.016327,0.0033569,4.906
0.016174,0.0033569,4.9158
0.016937,0.0030518,4.9084
0.018768,0.0016785,4.9146
0.019989,-0.00091553,4.9072
0.020447,-0.0024414,4.9109
0.019531,-0.0032043,4.9219
0.018158,-0.0024414,4.9109
0.015564,-0.0010681,4.9207
0.015106,0.00091553,4.9121
0.016174,0.0021362,4.9011
0.0177,0.00091553,4.9158
0.019226,0.0012207,4.9146
0.019073,0.00015259,4.9146
0.019836,0.00015259,4.9182
0.019684,0.00091553,4.9182
0.019226,0.00030518,4.9207
0.019989,-0.00030518,4.9231
0.019989,-0.0013733,4.9292
0.020142,-0.0039673,4.9255
0.018768,-0.0048828,4.9304
0.015717,-0.0042725,4.9329
0.01297,-0.0027466,4.9341
0.010834,-0.00061035,4.9353
0.010223,0.00061035,4.9316
0.012512,0.00076294,4.9329
0.013885,0,4.9329
0.017395,-0.00030518,4.939
0.019531,-0.00076294,4.9353
0.019531,0.00015259,4.9426
0.020447,0.0012207,4.9353
0.021515,0.0015259,4.9353
0.023041,0.0018311,4.9353
0.024109,0.0013733,4.9341
0.024414,0.00076294,4.9292
0.023804,0.0016785,4.9329
0.021362,0.0033569,4.9268
0.019226,0.0047302,4.9268
0.017395,0.0067139,4.9231
0.018311,0.0074768,4.928
0.019531,0.0065613,4.9194
0.020599,0.0038147,4.9255
0.020599,0.0015259,4.9304
0.019379,-0.00076294,4.9207
0.016327,-0.0016785,4.9231
0.015869,-0.0016785,4.9146
0.014648,-0.0047302,4.9036
0.014496,-0.0033569,4.9109
0.014648,-0.005188,4.9109
0.014648,-0.0076294,4.9097
0.01358,-0.0083923,4.9109
0.011597,-0.0082397,4.9048
0.011292,-0.005188,4.9109
0.013123,-0.0027466,4.9084
0.016174,-0.00076294,4.9109
0.019836,-0.00061035,4.9084
0.022125,-0.0018311,4.9146
0.023346,-0.0028992,4.9109
0.021973,-0.0024414,4.9158
0.02243,-0.0013733,4.9243
0.021515,0.0015259,4.9158
0.022888,0.0028992,4.9146
0.02533,0.0039673,4.9243
0.024719,0.0028992,0.043945
0.025787,0.0012207,0.05127
0.025635,-0.00015259,0.063477
0.02655,-0.0015259,0.058594
0.02533,-0.00015259,0.058594
0.026398,0,0.047607
0.027924,0.00061035,0.063477
0.028534,-0.0013733,0.059814
0.027466,-0.004425,0.062256
0.027161,-0.0042725,0.058594
0.02533,-0.0039673,0.063477
0.023193,-0.0010681,0.062256
0.022736,0.0022888,0.064697
0.023956,0.0062561,0.062256
0.026398,0.0065613,0.068359
0.024719,0.005188,0.070801
0.023193,0.0027466,0.068359
0.021515,0.0018311,0.078125
0.018158,-0.0021362,0.061035
0.01709,-0.0030518,0.054932
0.016174,-0.0042725,0.058594
0.014954,-0.0062561,0.057373
0.013885,-0.0067139,0.05127
0.013428,-0.0080872,0.054932
0.011749,-0.0079346,0.043945
0.010071,-0.0073242,0.050049
0.0090027,-0.0036621,0.047607
0.009613,-0.0010681,0.050049
0.0082397,0.0010681,0.043945
0.012817,0.0022888,0.047607
0.014191,0.00076294,0.042725
0.015106,-0.0018311,0.045166
0.016174,-0.002594,0.046387
0.01709,-0.0039673,0.041504
0.019379,-0.0030518,0.042725
0.021057,-0.0024414,0.040283
0.021362,-0.0028992,0.030518
0.024109,-0.0057983,0.039063
0.023651,-0.0079346,0.039063
0.022583,-0.0093079,0.036621
0.019073,-0.0094604,0.037842
0.020294,-0.007782,0.039063
0.021667,-0.0057983,0.041504
0.021057,-0.0059509,0.039063
0.023041,-0.0039673,0.045166
0.024261,-0.0039673,0.041504
0.024261,-0.0033569,0.047607
0.022125,0.00015259,0.050049
0.023041,0.002594,0.054932
0.021515,0.0059509,0.050049
0.020447,0.0050354,0.058594
0.020142,0.0065613,0.059814
0.020752,0.0038147,0.058594
0.021057,0.0015259,0.070801
0.020905,-0.00015259,0.057373
0.021515,-0.00015259,0.050049
0.021362,0.0016785,0.062256
0.021515,0.0022888,0.063477
0.022583,0.0022888,0.062256
0.025024,0.00061035,0.063477
0.026245,-0.0012207,0.059814
0.027466,-0.0032043,0.067139
0.025482,-0.00091553,0.061035
0.024872,0.00091553,0.067139
0.023193,0.0028992,0.064697
0.023651,0.0024414,0.06958
0.023651,0.0015259,0.059814
0.023651,-0.00076294,0.063477
0.023499,-0.0033569,0.070801
0.020905,-0.0032043,0.056152
0.019073,-0.0021362,0.05249
0.017853,-0.00030518,0.056152
0.019836,0.00061035,0.039063
0.018616,-0.0015259,0.050049
0.019531,-0.0027466,0.047607
0.019684,-0.0057983,0.046387
0.019379,-0.0071716,0.041504
0.019379,-0.0071716,0.041504
0.019226,-0.0062561,0.043945
0.019531,-0.004425,0.037842
0.020599,-0.0028992,0.043945
0.023193,-0.0018311,0.036621
0.024109,-0.00045776,0.041504
0.024719,0.00045776,0.041504
0.024261,0.0022888,0.026855
0.023346,0.0016785,0.037842
0.023346,0.0045776,0.041504
0.024414,0.0050354,0.05127
0.026093,0.0041199,0.043945
0.028076,0.0024414,0.053711
0.030212,-0.00045776,0.039063
0.031281,-0.0015259,0.029297
0.031281,-0.0016785,0.041504
0.030975,-0.00015259,0.042725
0.030365,0.0013733,0.045166
0.028229,0.0015259,0.047607
0.031586,0.0015259,0.05127
0.032196,-0.00015259,0.054932
0.030518,-0.0013733,0.053711
0.025482,-0.00091553,0.058594
0.025024,-0.0010681,0.058594
0.022736,-0.00030518,0.057373
0.021973,-0.00030518,0.061035
0.022736,-0.00015259,0.061035
0.023651,-0.0016785,0.067139
0.024261,-0.0033569,0.062256
0.023041,-0.0047302,0.062256
0.021362,-0.0028992,0.061035
0.02121,-0.0015259,0.070801
0.022125,0.00061035,0.064697
0.023804,0.0010681,0.057373
0.026855,0.00030518,0.062256
0.028687,-0.0010681,0.064697
0.028992,-0.0027466,0.061035
0.028229,-0.0018311,0.063477
0.027924,-0.00015259,0.056152
0.027618,0.0019836,0.063477
0.028076,0.0035095,0.053711
0.029297,0.0045776,3.8513
0.029449,0.0035095,4.8523
0.029907,0.0018311,4.9158
0.028381,0.0016785,4.9133
0.028687,0.0033569,4.9133
0.028839,0.0048828,4.9341
0.03006,0.0068665,4.9194
0.031128,0.0064087,4.9207
0.031738,0.0045776,4.9146
0.031433,0.0016785,4.8975
0.029907,-0.00015259,4.9023
0.027466,0,4.9084
0.025024,0.0021362,4.9109
0.022736,0.005188,4.9097
0.020142,0.007019,4.9072
0.020752,0.0074768,4.9109
0.021515,0.0071716,4.9097
0.022278,0.0053406,4.9121
0.022278,0.005188,4.906
0.022583,0.0047302,4.9146
0.023193,0.0050354,4.9109
0.023041,0.0039673,4.917
0.022583,0.0032043,4.917
0.019989,0.0016785,4.917
0.020599,-0.00091553,4.9146
0.019684,-0.0021362,4.9182
0.018463,0.0016785,4.9158
0.016937,0.00061035,4.928
0.016174,0.002594,4.9121
0.01709,0.0022888,4.9292
0.018158,0.0013733,4.928
0.018921,-0.00091553,4.928
0.020905,-0.0033569,4.9329
0.023041,-0.0042725,4.9292
0.023499,-0.0041199,4.9304
0.023499,-0.0022888,4.9292
0.023041,-0.0019836,4.9341
0.023346,-0.0019836,4.9292
0.024261,-0.0027466,4.9365
0.022125,-0.0038147,4.9377
0.024261,-0.00076294,4.9377
0.024261,-0.0018311,4.9451
0.024872,-0.00045776,4.9377
0.024872,0.00030518,4.9463
0.024719,0.00015259,4.9316
0.025635,-0.00045776,4.9182
0.02594,-0.0015259,4.928
0.02655,-0.002594,4.9207
0.027466,-0.0027466,4.9182
0.027924,-0.0018311,4.9255
0.028076,-0.00091553,4.9194
0.027008,0.00030518,4.9207
0.026703,0.00091553,4.9158
0.026855,0.0013733,4.9207
0.026855,0.0016785,4.9121
0.027008,0.0015259,4.917
0.026093,0.0030518,4.9097
0.024872,0.0041199,4.917
0.025635,0.0047302,4.9097
0.025177,0.005188,4.9121
0.026703,0.005188,4.9109
0.027466,0.0047302,4.9097
0.027771,0.007019,4.9084
0.029144,0.0061035,4.9109
0.027466,0.0068665,4.9109
0.025787,0.0068665,4.9097
0.023651,0.0062561,4.9109
0.020752,0.0041199,4.9097
0.019073,0.0030518,4.9121
0.0177,0.00091553,4.9109
0.016937,0,4.917
0.014954,-0.00091553,4.9182
0.015411,-0.00045776,4.9207
0.011749,-0.0013733,4.9194
0.015411,-0.0012207,4.9231
0.016022,-0.0012207,4.9255
0.016479,-0.00076294,4.9316
0.015869,0.00030518,4.9402
0.015106,0.0027466,4.9353
0.014954,0.0045776,4.9341
0.015106,0.0059509,4.9341
0.014343,0.0059509,4.9231
0.015564,0.0061035,4.9316
0.016937,0.005188,4.9292
0.0177,0.0042725,4.9329
0.02121,0.0050354,4.9304
0.020752,0.005188,4.9304
0.02182,0.0061035,4.9414
0.02243,0.0068665,4.9365
0.023041,0.0041199,4.9365
0.021973,0.0038147,4.9329
0.02121,0.0027466,4.9377
0.019684,0.0027466,4.9304
0.019684,0.0038147,4.9329
0.019226,0.0047302,4.9341
0.018005,0.0053406,4.9255
0.01709,0.004425,4.928
0.016479,0.0039673,4.9255
0.016632,0.0027466,4.9304
0.015869,0.0030518,4.9182
0.016174,0.0033569,4.9036
0.014801,0.0036621,4.9146
0.014343,0.0042725,4.917
0.014038,0.0039673,4.9121
0.013275,0.0036621,4.9133
0.013428,0.0021362,4.9133
0.013733,0.0010681,4.9109
0.014496,0.0036621,4.9072
0.014496,0.0027466,0.041504
0.015717,0.0041199,0.039063
0.0177,0.0038147,0.042725
0.016632,0.0028992,0.041504
0.016327,0.0024414,0.042725
0.017242,0.0021362,0.050049
0.0177,0.0019836,0.041504
0.017853,0.0045776,0.05249
0.016632,0.0042725,0.040283
0.015411,0.0016785,0.03418
0.016327,0.0013733,0.043945
0.014496,-0.00030518,0.047607
0.014191,-0.0021362,0.047607
0.014801,-0.0012207,0.057373
0.014648,-0.00015259,0.05249
0.014496,0.0015259,0.057373
0.014038,0.0027466,0.054932
0.01297,0.0054932,0.062256
0.012665,0.0018311,0.059814
0.01236,0.0018311,0.064697
0.012665,0.0018311,0.063477
0.012054,0.0027466,0.064697
0.01236,0.0038147,0.067139
0.012054,0.0041199,0.063477
0.012817,0.0039673,0.061035
0.012817,0.0041199,0.064697
0.013885,0.004425,0.076904
0.015106,0.0050354,0.065918
0.016479,0.0039673,0.064697
0.018311,0.0076294,0.065918
0.019379,0.009613,0.065918
0.020447,0.009613,0.061035
0.021667,0.0085449,0.062256
0.021362,0.0074768,0.053711
0.021515,0.0059509,0.050049
0.02121,0.0045776,0.048828
0.019531,0.0039673,0.053711
0.017853,0.0019836,0.05249
0.016479,0.00015259,0.05249
0.012817,-0.0022888,0.043945
0.010834,-0.004425,0.05127
0.0086975,-0.0062561,0.058594
0.0074768,-0.0073242,0.046387
0.0076294,-0.0079346,0.046387
0.0073242,-0.0068665,0.040283
0.0090027,-0.0047302,0.021973
0.0097656,-0.0047302,0.036621
0.0094604,-0.0027466,0.040283
0.01236,-0.0022888,0.036621
0.014343,-0.0019836,0.042725
0.016174,-0.0028992,0.03418
0.017548,-0.0071716,0.041504
0.018921,-0.0045776,0.039063
0.018463,-0.0054932,0.040283
0.017548,-0.0053406,0.036621
0.017242,-0.0053406,0.043945
0.017548,-0.0035095,0.040283
0.018463,-0.0022888,0.046387
0.020905,-0.0016785,0.047607
0.019989,-0.0018311,0.048828
0.023956,-0.0027466,0.05127
0.026703,-0.0035095,0.05249
0.025787,-0.0041199,0.063477
0.027161,-0.0033569,0.056152
0.027924,-0.002594,0.047607
0.028229,-0.0028992,0.062256
0.027008,0.0013733,0.058594
0.024719,0.0015259,0.059814
0.023346,0.0036621,0.063477
0.021057,0.0045776,0.059814
0.018921,0.0056458,0.062256
0.018616,0.0057983,0.062256
0.016937,0.0053406,0.064697
0.016479,0.0033569,0.061035
0.014801,0.00030518,0.067139
0.012817,-0.0032043,0.065918
0.010376,-0.0073242,0.064697
0.0086975,-0.0099182,0.072021
0.0076294,-0.011749,0.065918
0.0067139,-0.01358,0.061035
0.0053406,-0.0094604,0.058594
0.0036621,-0.01236,0.048828
0.002594,-0.010681,0.057373
0.0021362,-0.0086975,0.05127
0.0028992,-0.0064087,0.047607
0.0042725,-0.0028992,0.05127
0.007019,-0.00015259,0.048828
0.010223,0.002594,0.042725
0.013275,0.0041199,0.043945
0.016632,0.0045776,0.048828
0.019531,0.0039673,0.041504
0.02121,0.0027466,0.042725
0.022278,0.0013733,0.045166
0.023346,0,0.043945
0.023956,-0.0013733,0.039063
0.023193,-0.0019836,0.041504
0.022888,-0.0028992,0.047607
0.020905,-0.0041199,0.040283
0.019684,-0.0059509,0.045166
0.019226,-0.0073242,0.037842
0.019531,-0.0080872,0.03418
0.02121,-0.0082397,0.0354
0.02243,-0.0071716,0.040283
0.023651,-0.0064087,0.039063
0.024109,-0.004425,0.041504
0.023956,-0.002594,0.039063
0.023956,-0.00076294,0.048828
0.023193,0.0016785,0.046387
0.024719,0.0038147,0.05127
0.025482,0.0042725,0.041504
0.026093,0.0041199,0.057373
0.025635,0.0028992,0.058594
0.024567,0.0018311,0.061035
0.024261,0,0.075684
0.023956,-0.0013733,0.062256
0.024261,0,0.061035
0.024261,0.00076294,0.063477
0.023956,-0.00061035,0.056152
0.025024,0.002594,3.1934
0.02594,0.0030518,4.823
0.026398,0.0038147,4.9231
0.027618,0.0047302,4.9292
0.029449,0.0056458,4.9304
0.030518,0.0053406,4.9353
0.031128,0.0042725,4.9365
0.030212,0.0016785,4.9365
0.028381,0.00076294,4.9292
0.027313,-0.0024414,4.9353
0.026093,-0.0041199,4.928
0.027466,-0.0061035,4.9304
0.025024,-0.0074768,4.9182
0.021973,-0.0094604,4.928
0.023499,-0.0097656,4.9316
0.023346,-0.011902,4.9207
0.023956,-0.012665,4.928
0.024719,-0.012512,4.906
0.026398,-0.012817,4.9084
0.027618,-0.0086975,4.917
0.028381,-0.0057983,4.9133
0.027924,-0.0035095,4.9109
0.027008,-0.0024414,4.9048
0.02533,-0.0036621,4.9109
0.025787,-0.0038147,4.9109
0.023956,-0.0038147,4.9072
0.024109,-0.0036621,4.9084
0.023346,-0.0039673,4.9109
0.02243,-0.00061035,4.9121
0.019684,-0.0022888,4.9109
0.023651,-0.0012207,4.9146
0.025787,0.00045776,4.9097
0.028839,0.0033569,4.9133
0.031586,0.0054932,4.9048
0.034637,0.0083923,4.9133
0.036774,0.0082397,4.9109
0.037384,0.0085449,4.9194
0.039215,0.0041199,4.9255
0.039978,0.0019836,4.9207
0.040131,0.00091553,4.9231
0.041199,0.0015259,4.9268
0.038147,0.0027466,4.9243
0.0354,0.0030518,4.928
0.032196,0.0021362,4.9329
0.029755,-0.00015259,4.9353
0.027161,-0.0033569,4.9329
0.025177,-0.0053406,4.9304
0.023651,-0.0041199,4.9329
0.022888,-0.0068665,4.9268
0.022125,-0.0067139,4.9304
0.02121,-0.0065613,4.9402
0.020905,-0.007019,4.9377
0.02182,-0.0064087,4.939
0.02243,-0.0062561,4.9353
0.022888,-0.004425,4.917
0.022278,-0.0038147,4.9316
0.021515,0,4.9329
0.021362,0.0033569,4.9316
0.021667,0.0059509,4.9304
0.024109,0.0079346,4.9268
0.02655,0.0099182,4.9292
0.029297,0.0099182,4.9243
0.032196,0.010681,4.9219
0.033112,0.0088501,4.9182
0.036011,0.0067139,4.9207
0.037079,0.0059509,4.9182
0.037079,0.0053406,4.9194
0.038757,0.0047302,4.9231
0.037537,0.0036621,4.917
0.035706,0.0022888,4.9109
0.032654,0.00045776,4.9121
0.029907,-0.0019836,4.9023
0.026855,-0.0036621,4.9097
0.028687,-0.0018311,4.9072
0.025635,-0.004425,4.9133
0.02594,-0.0041199,4.9084
0.026398,-0.0032043,4.9109
0.027466,-0.0021362,4.9084
0.027313,-0.0013733,4.9084
0.026245,-0.0012207,4.9097
0.025177,0.0015259,4.906
0.025024,0.0032043,4.917
0.024872,0.0042725,4.9109
0.024414,0.0059509,4.9194
0.023804,0.0076294,4.917
0.023651,0.0079346,4.9194
0.022888,0.0076294,4.9255
0.023193,0.0059509,4.9268
0.024261,0.0053406,4.9365
0.023956,0.0024414,4.9292
0.024261,-0.00030518,4.9182
0.024109,-0.0018311,4.9084
0.021515,-0.0042725,4.9304
0.02182,-0.0054932,4.9304
0.020752,-0.0068665,4.928
0.021667,-0.0079346,4.9304
0.022278,-0.0099182,4.9341
0.024109,-0.0097656,4.9268
0.024261,-0.0097656,4.9365
0.024872,-0.0064087,4.9292
0.024261,-0.0062561,4.9365
0.023956,-0.005188,4.9329
0.024261,-0.0032043,4.9377
0.02594,-0.0016785,4.9438
0.026703,0.00045776,4.939
0.028229,0.0022888,4.9329
0.028839,0.0041199,4.9304
0.029907,0.0050354,4.9304
0.027618,0.0050354,0.054932
0.027771,0.0059509,0.05127
0.029144,0.0088501,0.050049
0.028839,0.0064087,0.050049
0.029297,0.0064087,0.046387
0.029144,0.0057983,0.047607
0.027313,0.0050354,0.046387
0.026093,0.0030518,0.046387
0.023499,0.0032043,0.041504
0.02243,0.0032043,0.047607
0.020905,0.002594,0.043945
0.019684,0.0019836,0.039063
0.018158,0.0016785,0.037842
0.015411,0.00061035,0.041504
0.01297,-0.00015259,0.053711
0.011597,-0.0010681,0.040283
0.011139,-0.0016785,0.05127
0.013275,-0.0018311,0.041504
0.014648,-0.0016785,0.026855
0.016327,-0.00045776,0.0354
0.018311,0.00091553,0.042725
0.016785,0.0024414,0.041504
0.016479,0.0038147,0.043945
0.015717,0.0059509,0.041504
0.013885,0.0071716,0.050049
0.013275,0.0074768,0.045166
0.011902,0.007782,0.050049
0.011597,0.0071716,0.048828
0.0093079,0.0056458,0.057373
0.0073242,0.0038147,0.058594
0.0067139,0.0027466,0.062256
0.0065613,0.0027466,0.074463
0.0071716,0.0018311,0.058594
0.0088501,0.0015259,0.061035
0.0099182,0.0018311,0.065918
0.010986,0.0012207,0.062256
0.010071,0.00015259,0.061035
0.010223,-0.00061035,0.056152
0.0099182,-0.00061035,0.062256
0.0099182,-0.00030518,0.064697
0.010529,0.0022888,0.062256
0.012512,0.0042725,0.068359
0.014038,0.0054932,0.057373
0.016174,0.007019,0.067139
0.016022,0.0062561,0.063477
0.016022,0.007019,0.064697
0.015564,0.0076294,0.058594
0.015564,0.0083923,0.061035
0.015411,0.0088501,0.056152
0.014648,0.0090027,0.057373
0.01358,0.0086975,0.063477
0.011292,0.007782,0.05127
0.0091553,0.0067139,0.062256
0.0080872,0.004425,0.043945
0.007019,0.0047302,0.037842
0.0082397,0.0038147,0.046387
0.0088501,0.0030518,0.045166
0.010223,0.0022888,0.041504
0.011139,0.0016785,0.042725
0.012207,0.00061035,0.039063
0.011749,0.00015259,0.042725
0.011292,0.00091553,0.037842
0.011902,0.00091553,0.039063
0.012665,0.0021362,0.037842
0.013275,0.002594,0.037842
0.012512,0.0024414,0.041504
0.012817,0.0027466,0.042725
0.012665,0.0035095,0.042725
0.012512,0.0045776,0.042725
0.014038,0.0062561,0.037842
0.014191,0.0076294,0.042725
0.014954,0.0068665,0.042725
0.014496,0.0053406,0.047607
0.015411,0.0035095,0.045166
0.012054,0.0013733,0.047607
0.010223,0.00091553,0.050049
0.0093079,0.0022888,0.053711
0.0094604,0.0035095,0.056152
0.0094604,0.005188,0.056152
0.010071,0.0061035,0.079346
0.0099182,0.007019,0.059814
0.010986,0.0059509,0.061035
0.011139,0.0061035,0.062256
0.012512,0.0054932,0.065918
0.014648,0.0050354,0.057373
0.015564,0.0042725,0.061035
0.016174,0.0030518,0.072021
0.016632,0.0013733,0.063477
0.015106,-0.0013733,0.068359
0.013733,-0.0032043,0.064697
0.01297,-0.0039673,0.048828
0.013275,-0.004425,0.063477
0.013733,-0.0024414,0.064697
0.014648,-0.00061035,0.062256
0.015259,-0.00015259,0.061035
0.018158,0.0018311,0.053711
0.017395,-0.00045776,0.056152
0.0177,-0.0013733,0.05127
0.018311,-0.00015259,0.05249
0.019989,0.00030518,0.047607
0.020294,0.0019836,0.050049
0.020447,0.0033569,0.050049
0.019684,0.0016785,0.047607
0.018463,0.0047302,0.050049
0.020752,0.0041199,0.045166
0.019379,0.0033569,0.046387
0.02121,0.002594,0.040283
0.023041,0.0027466,0.0354
0.023193,0.0027466,0.039063
0.024567,0.0027466,0.041504
0.025024,0.0030518,0.040283
0.026398,0.0016785,0.039063
0.027161,0.00076294,0.036621
0.027618,-0.00030518,0.040283
0.027618,-0.00061035,0.036621
0.026093,-0.00045776,0.037842
0.024261,-0.0018311,0.040283
0.021973,-0.0016785,0.042725
0.019836,-0.0038147,4.2224
0.018463,-0.0038147,4.8706
0.018005,-0.0038147,4.9084
0.018921,-0.0032043,4.9194
0.019379,-0.0010681,4.9243
0.020447,0.0010681,4.9255
0.021973,0.0032043,4.9304
0.023651,0.0047302,4.928
0.022583,0.0048828,4.9219
0.023193,0.004425,4.9329
0.022583,0.0036621,4.9292
0.022125,0.0013733,4.9304
0.021973,0.00045776,4.9304
0.021515,-0.00076294,4.928
0.021667,-0.0018311,4.9304
0.02121,-0.0013733,4.9292
0.019989,-0.0022888,4.9316
0.019989,-0.0042725,4.9292
0.020752,-0.0027466,4.9377
0.02182,-0.0010681,4.9377
0.023041,-0.00015259,4.9377
0.023499,0.0057983,4.9341
0.023499,0.00061035,4.9377
0.023804,-0.0013733,4.939
0.024567,-0.0032043,4.9304
0.024261,-0.0054932,4.939
0.023651,-0.0048828,4.9268
0.02182,-0.0050354,4.9207
0.019379,-0.0056458,4.9207
0.015869,-0.0085449,4.9219
0.014343,-0.007019,4.9207
0.012817,-0.0071716,4.9133
0.01297,-0.0061035,4.9158
0.014191,-0.0053406,4.917
0.014954,-0.0035095,4.9146
0.016327,-0.0021362,4.9109
0.017548,-0.00015259,4.9121
0.018921,0,4.917
0.021973,0.00015259,4.9121
0.022583,-0.0039673,4.9121
0.024109,0,4.9207
0.026093,0.0012207,4.9109
0.027008,0.0018311,4.9182
0.027008,0.0018311,4.9109
0.02533,-0.00030518,4.8938
0.024109,-0.0015259,4.9084
0.022583,-0.0038147,4.9084
0.022125,-0.005188,4.9121
0.022736,-0.0054932,4.9109
0.023193,-0.0054932,4.9097
0.023651,-0.0045776,4.9158
0.025787,-0.0047302,4.9133
0.023193,-0.0047302,4.9219
0.023041,-0.0047302,4.9194
0.023499,-0.0039673,4.9304
0.023193,-0.0030518,4.9255
0.023651,-0.0024414,4.928
0.02243,-0.00061035,4.9304
0.020599,0.0030518,4.9353
0.019379,0.0013733,4.9329
0.017548,-0.00045776,4.9341
0.016174,-0.0030518,4.9438
0.015717,-0.007019,4.9329
0.015411,-0.005188,4.9316
0.016022,-0.0048828,4.9353
0.016937,-0.005188,4.9341
0.017853,-0.0061035,4.9316
0.018158,-0.0073242,4.9353
0.018921,-0.0090027,4.9329
0.018005,-0.010071,4.9353
0.020752,-0.0091553,4.9304
0.020447,-0.0073242,4.9341
0.020294,-0.0064087,4.928
0.020599,-0.0042725,4.928
0.017395,-0.0033569,4.9243
0.019379,-0.0022888,4.9243
0.019379,-0.0019836,4.9292
0.020447,-0.00091553,4.9219
0.023041,-0.00030518,4.9182
0.025177,0.00091553,4.9182
0.026398,0.0024414,4.906
0.027008,0.0038147,4.9158
0.027008,0.004425,4.9146
0.027313,0.0033569,4.9121
0.027618,0.0012207,4.9133
0.027161,-0.00015259,4.9146
0.026703,-0.0021362,4.8987
0.024872,-0.0038147,4.9097
0.023956,-0.0038147,4.9109
0.021667,-0.0039673,4.9072
0.02121,-0.004425,4.9109
0.020905,-0.0064087,4.9109
0.020752,-0.0079346,4.9133
0.022583,-0.0093079,4.9072
0.022888,-0.0071716,4.9121
0.024872,-0.0042725,4.917
0.027313,-0.0012207,4.9146
0.028381,0.004425,4.9207
0.03067,0.0053406,4.9194
0.032959,0.0064087,4.9109
0.033875,0.007019,4.9255
0.034637,0.0071716,4.9207
0.034332,0.0083923,4.928
0.0354,0.0091553,4.9268
0.034637,0.0090027,4.9255
0.034332,0.0085449,4.9341
0.033417,0.0074768,4.9316
0.032959,0.0080872,4.9341
0.030365,0.0086975,0.062256
0.029602,0.0094604,0.064697
0.029144,0.0091553,0.059814
0.028229,0.0086975,0.063477
0.028839,0.0073242,0.076904
0.028839,0.0050354,0.065918
0.028992,0.0039673,0.065918
0.028839,0.0035095,0.067139
0.029297,0.0033569,0.046387
0.028229,0.0039673,0.063477
0.028381,0.0042725,0.062256
0.028229,0.0035095,0.058594
0.027466,0.0041199,0.061035
0.027008,0.0050354,0.053711
0.026245,0.0067139,0.054932
0.02655,0.0088501,0.05127
0.026245,0.0091553,0.05249
0.02594,0.01236,0.047607
0.027466,0.011902,0.050049
0.028534,0.011139,0.047607
0.029907,0.010223,0.047607
0.03067,0.0091553,0.046387
0.03067,0.0083923,0.047607
0.031128,0.0088501,0.047607
0.03067,0.0085449,0.043945
0.030365,0.0091553,0.047607
0.027771,0.0090027,0.039063
0.026855,0.0080872,0.046387
0.025482,0.0071716,0.037842
0.023651,0.0065613,0.043945
0.023651,0.0050354,0.036621
0.023956,0.0054932,0.039063
0.024719,0.0048828,0.03418
0.026855,0.0047302,0.042725
0.028076,0.0047302,0.037842
0.030212,0.0041199,0.045166
0.03067,0.0045776,0.041504
0.029144,0.0042725,0.048828
0.028687,0.0038147,0.040283
0.027313,0.0035095,0.053711
0.026245,0.0038147,0.063477
0.025024,0.0033569,0.05127
0.023499,0.0032043,0.064697
0.02243,0.0013733,0.054932
0.022583,0.00076294,0.053711
0.02243,0.00045776,0.064697
0.023041,0,0.062256
0.024261,-0.00045776,0.059814
0.025177,-0.00091553,0.062256
0.025635,-0.0024414,0.059814
0.025635,-0.0018311,0.062256
0.025635,-0.0039673,0.058594
0.025482,-0.0039673,0.063477
0.025177,-0.0019836,0.062256
0.026093,-0.0024414,0.065918
0.026245,0.00030518,0.072021
0.025177,0.0019836,0.072021
0.026245,0.0015259,0.064697
0.027466,0.0012207,0.065918
0.027771,0.0015259,0.070801
0.029297,0.0018311,0.058594
0.028534,0.0036621,0.068359
0.031128,0.0047302,0.05127
0.03067,0.0047302,0.041504
0.030365,0.0032043,0.047607
0.029297,0.00061035,0.050049
0.027313,0.00061035,0.046387
0.026093,0.00030518,0.047607
0.023956,0.0015259,0.042725
0.022583,0.0024414,0.046387
0.020447,0.002594,0.041504
0.018768,0.0016785,0.042725
0.017395,0,0.040283
0.017395,-0.0022888,0.0354
0.017548,-0.002594,0.039063
0.0177,-0.0019836,0.041504
0.019073,-0.0010681,0.050049
0.018463,-0.0012207,0.037842
0.017242,-0.0013733,0.041504
0.016327,-0.0035095,0.040283
0.018158,-0.0061035,0.024414
0.016327,-0.0062561,0.036621
0.016479,-0.005188,0.040283
0.016937,0.00076294,0.036621
0.015106,-0.0021362,0.043945
0.01709,-0.00015259,0.042725
0.01709,-0.0010681,0.048828
0.018158,-0.002594,0.048828
0.015717,-0.0022888,0.053711
0.018311,-0.0019836,0.05249
0.018311,-0.0012207,0.061035
0.019531,-0.0021362,0.056152
0.018311,-0.0012207,0.061035
0.017548,-0.0032043,0.059814
0.015259,-0.0067139,0.062256
0.015411,-0.004425,0.064697
0.014648,-0.007019,0.063477
0.015106,-0.0048828,0.073242
0.015717,-0.0015259,0.061035
0.016174,-0.0013733,0.05249
0.016022,-0.0012207,0.062256
0.015869,-0.0033569,0.062256
0.015106,-0.002594,0.064697
0.016327,-0.0047302,0.065918
0.016327,-0.0041199,0.061035
0.017548,-0.0022888,0.061035
0.018768,0.00061035,0.061035
0.019226,0.00015259,0.062256
0.019073,-0.00030518,0.054932
0.019073,-0.00061035,0.056152
0.018463,-0.0010681,0.053711
0.019684,0.00091553,0.053711
0.020294,0.0028992,0.05249
0.020599,0.0050354,0.050049
0.021057,0.0062561,0.048828
0.019226,0.0056458,0.042725
0.01709,0.0035095,0.041504
0.015564,0.0022888,3.6523
0.014801,0.00076294,4.8352
0.014496,0.00030518,4.8999
0.01358,0.0010681,4.906
0.013275,0.0012207,4.9109
0.011902,0.0010681,4.9097
0.010681,-0.00030518,4.906
0.0099182,-0.002594,4.9097
0.0090027,-0.0035095,4.906
0.010376,-0.0041199,4.906
0.010529,-0.0021362,4.9084
0.011597,-0.0015259,4.9109
0.0099182,0.00061035,4.9072
0.0088501,0.0010681,4.9121
0.0085449,-0.00076294,4.9243
0.0067139,-0.00076294,4.9146
0.010376,-0.002594,4.9219
0.010986,-0.00030518,4.9194
0.011597,-0.0018311,4.9036
0.011902,0.0047302,4.9219
0.012512,0.0050354,4.9158
0.012207,0.0038147,4.928
0.012512,0.0019836,4.9268
0.01297,0.00091553,4.9243
0.013733,0.0016785,4.9146
0.013733,0.0033569,4.9304
0.018158,0.004425,4.9329
0.014191,0.0053406,4.9268
0.015869,0.0041199,4.9341
0.016022,0.0033569,4.9316
0.019684,0.0024414,4.9353
0.019684,0.0027466,4.9377
0.021667,0.0038147,4.9377
0.023041,0.005188,4.9353
0.022888,0.0057983,4.9377
0.020447,0.0057983,4.9475
0.018311,0.0048828,4.9329
0.017242,0.002594,4.9463
0.01709,0.0016785,4.9292
0.016479,0.0018311,4.928
0.016174,0.0027466,4.9255
0.015106,0.0027466,4.928
0.013275,0.00076294,4.9207
0.01236,-0.0022888,4.9207
0.012512,-0.0042725,4.9133
0.013733,-0.0061035,4.917
0.013885,-0.0041199,4.9146
0.014496,-0.0024414,4.917
0.014496,-0.00045776,4.9146
0.013885,0.00076294,4.9182
0.014191,0,4.9243
0.016327,-0.0015259,4.9158
0.019684,-0.002594,4.9182
0.02182,-0.0033569,4.9097
0.023651,-0.0019836,4.8987
0.024567,-0.00015259,4.9109
0.024414,-0.00030518,4.9084
0.023956,-0.0036621,4.906
0.024261,-0.0062561,4.9109
0.025024,-0.0086975,4.9084
0.02655,-0.0080872,4.9133
0.027771,-0.0054932,4.9072
0.027924,-0.0036621,4.9194
0.027313,-0.00015259,4.9109
0.025787,0.00061035,4.9194
0.024872,0.00030518,4.9182
0.024567,-0.00015259,4.9219
0.02533,0.0012207,4.9243
0.024719,0.0028992,4.9304
0.024109,0.005188,4.9255
0.021362,0.0085449,4.9316
0.017548,0.010071,4.9377
0.015259,0.0097656,4.9353
0.014496,0.007782,4.9231
0.014801,0.0048828,4.9268
0.016479,0.00076294,4.9304
0.017395,-0.0024414,4.9304
0.017242,-0.0045776,4.9304
0.015411,-0.0048828,4.9292
0.014496,-0.0065613,4.939
0.013885,-0.0067139,4.9341
0.014648,-0.0074768,4.9353
0.016327,-0.0073242,4.9353
0.018311,-0.005188,4.9402
0.019379,-0.0024414,4.9255
0.019073,0.00076294,4.9341
0.018616,0.0030518,4.9426
0.019379,0.0035095,4.928
0.020447,0.0038147,4.9292
0.023651,0.0028992,4.9255
0.025635,0.0022888,4.9072
0.027161,0.0028992,4.917
0.026245,0.0039673,4.917
0.024109,0.004425,4.9182
0.022583,0.0038147,4.917
0.02243,0.0015259,4.9109
0.023651,0.00030518,4.9097
0.024719,-0.0012207,4.9121
0.02533,-0.002594,4.9109
0.023804,-0.0035095,4.906
0.023041,-0.004425,4.9158
0.020294,-0.0045776,4.9109
0.019684,-0.0042725,4.9146
0.020142,-0.0027466,4.9109
0.020905,-0.0012207,4.9109
0.022583,0,4.895
0.021973,0.00030518,4.9109
0.021515,0.00076294,4.9072
0.019226,0.0013733,-0.013428
0.019226,0.00091553,0.037842
0.018616,0.0012207,0.042725
0.019989,0.0015259,0.043945
0.02243,0.0016785,0.045166
0.023651,0.0021362,0.05127
0.023346,0.002594,0.050049
0.022278,0.0021362,0.054932
0.021973,0.004425,0.05249
0.021667,0.0054932,0.062256
0.023346,0.0053406,0.057373
0.025482,0.0036621,0.062256
0.027618,0.0027466,0.062256
0.028076,0.002594,0.063477
0.02655,0.0030518,0.067139
0.026703,0.0027466,0.063477
0.023804,0.0019836,0.072021
0.022736,-0.00076294,0.059814
0.022583,-0.0035095,0.05249
0.023651,-0.0050354,0.063477
0.024261,-0.0054932,0.062256
0.024261,-0.0038147,0.065918
0.022125,0,0.067139
0.020447,0.0013733,0.063477
0.019379,0.0022888,0.062256
0.019531,0.0015259,0.059814
0.019226,-0.00015259,0.061035
0.020752,-0.00091553,0.05127
0.020294,-0.0012207,0.054932
0.018616,-0.00015259,0.054932
0.017242,0.00091553,0.05127
0.017242,0.0021362,0.05249
0.017242,0.002594,0.048828
0.019836,0.00061035,0.047607
0.02182,0.0028992,0.043945
0.023651,0.0019836,0.041504
0.024261,0.0021362,0.043945
0.024261,0.0016785,0.041504
0.024109,0.0015259,0.039063
0.024719,0.0016785,0.040283
0.026855,0.0012207,0.031738
0.027618,0.0016785,0.042725
0.027618,0.002594,0.036621
0.02594,0.0035095,0.045166
0.027618,0.0033569,0.040283
0.024414,0.0035095,0.041504
0.024414,0.005188,0.040283
0.024567,0.0056458,0.040283
0.025482,0.0053406,0.040283
0.026855,0.0045776,0.043945
0.027313,0.0033569,0.053711
0.026398,0.0018311,0.046387
0.024261,0.00076294,0.058594
0.02243,0.00015259,0.05249
0.02121,0.00045776,0.0354
0.024109,0.00061035,0.054932
0.022583,0.0018311,0.058594
0.024719,0.0016785,0.058594
0.025024,-0.0016785,0.058594
0.025024,0.0018311,0.057373
0.024567,0.0019836,0.064697
0.023956,0.0030518,0.059814
0.025787,0.0021362,0.062256
0.027313,0.0018311,0.058594
0.029602,0.0018311,0.063477
0.031586,0.0021362,0.068359
0.03067,0.0012207,0.064697
0.029602,0.0042725,0.073242
0.027771,0.0059509,0.06958
0.028229,0.0071716,0.065918
0.029755,0.007019,0.065918
0.032043,0.0080872,0.075684
0.033569,0.0090027,0.057373
0.031738,0.0088501,0.037842
0.029449,0.010071,0.059814
0.027313,0.010376,0.054932
0.026245,0.010071,0.050049
0.027161,0.010529,0.05249
0.028687,0.0082397,0.046387
0.029602,0.0068665,0.048828
0.028381,0.0071716,0.043945
0.025482,0.0076294,0.050049
0.023041,0.007782,0.042725
0.021362,0.0082397,0.047607
0.02182,0.0083923,0.046387
0.023346,0.0042725,0.042725
0.025024,0.0050354,0.05249
0.025787,0.0028992,0.040283
0.023193,0.0024414,0.05249
0.021362,0.0032043,0.041504
0.019684,0.0047302,0.026855
0.019226,0.0067139,0.039063
0.018463,0.0079346,0.039063
0.02121,0.007019,0.036621
0.022125,0.0062561,0.039063
0.02121,0.005188,0.039063
0.019836,0.005188,0.041504
0.018921,0.0054932,0.042725
0.019379,0.0064087,0.048828
0.021973,0.007019,0.043945
0.02533,0.0054932,0.050049
0.028839,0.0038147,0.05249
0.030212,0.002594,0.056152
0.029144,-0.0018311,0.057373
0.026855,0.0013733,0.059814
0.024719,0.0021362,0.061035
0.024414,0.0027466,0.058594
0.025177,0.0028992,0.06958
0.026703,0.0030518,0.062256
0.027313,0.0016785,0.048828
0.026093,0.0016785,0.057373
0.025635,0.0027466,0.061035
0.024109,0.004425,0.061035
0.024567,0.0064087,0.061035
0.025177,0.0076294,0.061035
0.027161,0.0085449,0.067139
0.028534,0.0068665,0.062256
0.028381,0.0056458,0.067139
0.026398,0.0057983,0.96436
0.024719,0.0053406,4.7034
0.023651,0.0065613,4.9072
0.023499,0.0071716,4.9292
0.024719,0.007019,4.9402
0.026245,0.005188,4.9255
0.027161,0.0030518,4.9219
0.026855,0.0021362,4.9219
0.024414,0.002594,4.9011
0.021973,0.0038147,4.9158
0.020905,0.0056458,4.917
0.021667,0.0064087,4.917
0.021057,0.004425,4.9146
0.024872,0.0021362,4.9097
0.024872,-0.00030518,4.9146
0.02533,-0.0013733,4.9097
0.02182,-0.00045776,4.9097
0.021057,0.00076294,4.9084
0.021057,0.0022888,4.917
0.021973,0.0030518,4.9109
0.021667,0.00091553,4.9133
0.020752,-0.0012207,4.9084
0.017853,-0.0021362,4.9109
0.014648,-0.0015259,4.9121
0.010986,-0.00030518,4.9109
0.012817,0.00045776,4.9182
0.014191,-0.00015259,4.9097
0.01709,-0.002594,4.9023
0.019073,-0.0050354,4.9158
0.020142,-0.0067139,4.917
0.019836,-0.0062561,4.9158
0.018768,-0.0038147,4.9231
0.019073,-0.00091553,4.9231
0.019989,0.00061035,4.9292
0.021515,0.00076294,4.928
0.02243,-0.00045776,4.9255
0.023041,-0.0019836,4.9268
0.021667,-0.0030518,4.9329
0.020752,-0.0028992,4.9316
0.019684,-0.0024414,4.9316
0.017548,-0.0035095,4.939
0.021973,-0.0033569,4.9353
0.023804,-0.0048828,4.9329
0.025635,-0.0059509,4.9329
0.025177,-0.0061035,4.9329
0.022736,-0.0048828,4.9365
0.021515,-0.0036621,4.9341
0.020447,-0.0024414,4.9292
0.020447,-0.0027466,4.9329
0.020752,-0.0019836,4.9304
0.021057,-0.0036621,4.9304
0.020905,-0.0054932,4.9255
0.019226,-0.0048828,4.9304
0.017395,-0.0050354,4.9207
0.016022,-0.0041199,4.9231
0.01709,-0.0027466,4.9194
0.018768,-0.0021362,4.9243
0.020447,-0.0036621,4.9158
0.020142,-0.0048828,4.9194
0.019684,-0.0054932,4.9243
0.017853,-0.0061035,4.917
0.017242,-0.0056458,4.9219
0.017242,-0.0028992,4.9146
0.018768,-0.0048828,4.9084
0.020447,-0.0048828,4.9182
0.021667,-0.0062561,4.9097
0.021515,-0.0062561,4.9109
0.020447,-0.0053406,4.9084
0.019073,-0.0035095,4.906
0.018616,-0.0018311,4.9023
0.0177,-0.0012207,4.9097
0.020294,-0.00045776,4.9097
0.020294,-0.00091553,4.9084
0.020294,-0.0022888,4.9133
0.016937,-0.00045776,4.9109
0.016479,-0.0013733,4.917
0.016937,0.00015259,4.9292
0.017242,0.0012207,4.9207
0.018768,0.0018311,4.9231
0.019684,-0.00030518,4.9243
0.019836,-0.0032043,4.9158
0.017395,-0.0061035,4.9255
0.015411,-0.0062561,4.928
0.011749,-0.0038147,4.9292
0.010071,-0.0018311,4.9304
0.0094604,-0.0024414,4.928
0.009613,-0.00045776,4.9304
0.011139,-0.0035095,4.928
0.011444,-0.0074768,4.9341
0.01358,-0.0071716,4.928
0.011597,-0.0057983,4.9316
0.01297,-0.0032043,4.9316
0.015106,-0.0016785,4.9365
0.018921,-0.00076294,4.939
0.019836,-0.0024414,4.9402
0.02121,-0.0039673,4.9402
0.019073,-0.0036621,4.9353
0.016022,-0.0015259,4.9438
0.014038,0.0018311,4.9304
0.013275,0.0036621,4.9207
0.014191,0.002594,4.9329
0.016937,0.0013733,4.9146
0.018463,-0.0015259,4.9231
0.020599,-0.0038147,4.9097
0.020142,-0.0019836,4.9194
0.019836,-0.0036621,4.9146
0.020294,-0.0018311,4.9182
0.02243,-0.00061035,4.9109
0.022583,-0.0015259,4.9146
0.023956,-0.0010681,4.9133
0.023651,-0.00091553,0.042725
0.02243,-0.0010681,0.043945
0.020599,0.00091553,0.047607
0.018768,0.0016785,0.028076
0.017548,0.0015259,0.046387
0.016632,0.0033569,0.040283
0.019379,0.0015259,0.028076
0.019379,0.00015259,0.041504
0.019226,-0.00076294,0.036621
0.015717,-0.0022888,0.037842
0.013733,-0.00061035,0.039063
0.011444,-0.00076294,0.040283
0.01236,0.0028992,0.043945
0.011597,-0.0028992,0.041504
0.011902,-0.0064087,0.047607
0.010681,-0.0090027,0.032959
0.010681,-0.0097656,0.05249
0.007019,-0.0080872,0.054932
0.007782,-0.0062561,0.058594
0.0094604,-0.0021362,0.057373
0.011902,-0.002594,0.061035
0.015106,-0.0016785,0.062256
0.018463,-0.00091553,0.063477
0.020447,-0.0018311,0.072021
0.020599,0.0036621,0.062256
0.021515,0.0073242,0.040283
0.021973,0.0091553,0.059814
0.024414,0.0090027,0.062256
0.024872,0.0076294,0.061035
0.024872,0.0028992,0.065918
0.022888,-0.0015259,0.063477
0.021515,-0.0033569,0.067139
0.018768,-0.0030518,0.065918
0.016785,-0.00030518,0.067139
0.015564,0.0028992,0.062256
0.016785,0.002594,0.062256
0.015259,0.00061035,0.056152
0.014648,-0.0018311,0.059814
0.01358,-0.0050354,0.067139
0.012054,-0.0022888,0.05249
0.011749,0.0012207,0.050049
0.011292,0.0030518,0.050049
0.01236,0.0041199,0.032959
0.014496,0.0028992,0.043945
0.015564,0.0013733,0.046387
0.01709,0.0015259,0.050049
0.018616,0.0038147,0.041504
0.020142,0.0071716,0.039063
0.020905,0.011292,0.043945
0.02243,0.010529,0.037842
0.027008,0.01297,0.040283
0.029144,0.010071,0.036621
0.030365,0.0085449,0.043945
0.029907,0.0097656,0.036621
0.028839,0.0099182,0.042725
0.027008,0.012207,0.037842
0.025482,0.011597,0.045166
0.024872,0.0088501,0.040283
0.024414,0.0062561,0.040283
0.022583,0.0032043,0.048828
0.019379,0.00015259,0.040283
0.014954,-0.0010681,0.039063
0.011902,-0.0012207,0.046387
0.009613,-0.0018311,0.048828
0.0091553,-0.0042725,0.048828
0.009613,-0.0086975,0.054932
0.010834,-0.01236,0.056152
0.013123,-0.014496,0.057373
0.014496,-0.013123,0.054932
0.014954,-0.010376,0.062256
0.016174,-0.004425,0.059814
0.017853,0.0028992,0.064697
0.020142,0.005188,0.061035
0.02243,0.007782,0.064697
0.024719,0.0090027,0.070801
0.026398,0.0057983,0.062256
0.026855,0.010681,0.065918
0.028076,0.012512,0.064697
0.03006,0.011597,0.065918
0.032654,0.011292,0.064697
0.036469,0.0097656,0.067139
0.03891,0.0074768,0.064697
0.039825,0.0065613,0.063477
0.038757,0.0071716,0.061035
0.036316,0.009613,0.058594
0.035553,0.01297,0.05127
0.034485,0.015259,0.054932
0.035248,0.015564,0.047607
0.036163,0.01297,0.05127
0.035706,0.0088501,0.047607
0.034027,0.0041199,0.05249
0.032043,0.0022888,0.045166
0.029144,0.00076294,0.046387
0.027618,-0.00030518,0.056152
0.024719,-0.0012207,0.045166
0.023346,-0.0038147,0.05127
0.020905,-0.0062561,0.041504
0.018005,-0.0080872,0.032959
0.014191,-0.0082397,0.036621
0.010681,-0.0056458,0.036621
0.010834,-0.0022888,0.031738
0.010223,0.0012207,0.041504
0.016479,0.0030518,0.036621
0.020599,0.0035095,0.040283
0.024414,0.0035095,0.037842
0.027313,0.0050354,0.042725
0.027771,0.0079346,0.039063
0.029297,0.011902,0.043945
0.030518,0.014496,0.041504
0.033112,0.015411,0.046387
0.036163,0.013733,0.058594
0.038757,0.009613,0.048828
0.040436,0.0054932,0.05249
0.040894,0.0035095,0.057373
0.041199,0.0030518,0.058594
0.041351,0.0036621,0.057373
0.040741,0.0035095,2.0398
0.041351,0.002594,4.7595
0.039978,0.00045776,4.9158
0.039063,-0.00045776,4.9255
0.037994,0.00030518,4.9316
0.034485,0.0028992,4.9231
0.033569,0.0059509,4.9304
0.033112,0.0091553,4.9304
0.033722,0.010071,4.9353
0.03479,0.0083923,4.9341
0.03418,0.0061035,4.9365
0.033264,0.0065613,4.9341
0.029297,0.0056458,4.9377
0.026855,0.007019,4.9438
0.024261,0.0082397,4.9365
0.022125,0.0073242,4.939
0.021057,0.0059509,4.9292
0.019379,0.0030518,4.9158
0.020599,0.0012207,4.9243
0.022278,0.0012207,4.9219
0.024109,0.0024414,4.9219
0.026398,0.0038147,4.9243
0.028534,0.0042725,4.9158
0.031433,0.0047302,4.9194
0.031586,0.0042725,4.9133
0.032349,0.0027466,4.917
0.031433,0.0028992,4.9109
0.030975,0.0035095,4.9158
0.03006,0.0042725,4.9146
0.029144,0.0048828,4.9146
0.028992,0.0047302,4.9109
0.027161,0.0027466,4.9146
0.028381,-0.00015259,4.9121
0.028992,-0.0045776,4.9097
0.028381,-0.0033569,4.9109
0.027771,-0.0033569,4.9133
0.026093,-0.002594,4.9133
0.02533,-0.002594,4.9133
0.024414,-0.0032043,4.906
0.022736,-0.0033569,4.9121
0.022583,-0.0035095,4.9097
0.021362,-0.0022888,4.9097
0.021362,-0.00030518,4.9194
0.020599,0.0016785,4.9219
0.020294,0.0033569,4.928
0.02121,0.0030518,4.9243
0.022278,0.0016785,4.9304
0.023499,0.00015259,4.9268
0.02533,-0.00061035,4.9329
0.02594,-0.00015259,4.9414
0.028229,0.0015259,4.9329
0.028381,0.0024414,4.9353
0.029297,0.0028992,4.9353
0.030518,0.0033569,4.9194
0.031586,0.0036621,4.9292
0.031586,0.0053406,4.9304
0.032043,0.0071716,4.9341
0.032043,0.0094604,4.9341
0.032196,0.0099182,4.9329
0.031586,0.0085449,4.939
0.029907,0.0068665,4.9353
0.028076,0.0038147,4.9353
0.02594,0.00045776,4.9304
0.023499,-0.0015259,4.9341
0.022278,-0.0016785,4.928
0.020599,-0.00091553,4.928
0.018158,-0.002594,4.9329
0.01709,0.00015259,4.9243
0.013885,-0.00045776,4.9243
0.013885,-0.0010681,4.9255
0.015106,0.0022888,4.9255
0.014801,-0.00045776,4.9158
0.015717,0,4.9292
0.015869,0.00061035,4.9182
0.015564,-0.00061035,4.9158
0.016174,-0.0028992,4.9109
0.015411,-0.0045776,4.9133
0.016022,-0.0061035,4.906
0.015564,-0.0062561,4.9133
0.016022,-0.0038147,4.9048
0.016479,-0.0018311,4.9097
0.016022,0.00061035,4.9084
0.020142,0.0021362,4.9109
0.022125,0.0028992,4.9097
0.023041,0.0041199,4.9146
0.023499,0.0036621,4.9243
0.022888,0.004425,4.9146
0.022888,0.0039673,4.9219
0.022583,0.0036621,4.9146
0.018921,0.00076294,4.9072
0.019989,-0.0018311,4.9231
0.017395,-0.0022888,4.9182
0.016327,-0.0039673,4.9231
0.014954,-0.0032043,4.9255
0.015717,-0.0035095,4.9243
0.017242,-0.0036621,4.9292
0.01709,-0.0021362,4.928
0.017395,-0.0035095,4.9329
0.016632,-0.0038147,4.9316
0.014496,-0.0028992,4.9341
0.013733,-0.0018311,4.9341
0.014343,-0.00061035,4.9329
0.014191,0.00015259,4.9316
0.014343,0.00061035,4.9341
0.01297,-0.00015259,4.9329
0.01236,-0.00061035,4.9353
0.012054,-0.0013733,4.9451
0.011597,-0.0042725,4.9353
0.0083923,-0.0010681,4.9377
0.012207,-0.0010681,4.9329
0.012207,-0.0012207,4.9329
0.012817,-0.0019836,0.057373
0.01236,-0.00061035,0.059814
0.013123,-0.00091553,0.05249
0.014191,-0.00061035,0.053711
0.015259,0.00061035,0.050049
0.016327,0.00045776,0.05127
0.017395,0.0010681,0.05127
0.017242,0.00076294,0.050049
0.018005,-0.00015259,0.043945
0.017395,0,0.048828
0.017853,0.00030518,0.058594
0.018311,0.00030518,0.036621
0.017548,0.00091553,0.048828
0.018158,0.00061035,0.041504
0.01709,0.0015259,0.028076
0.013275,-0.0012207,0.036621
0.015717,-0.0015259,0.037842
0.016022,-0.00076294,0.039063
0.016174,0.0010681,0.040283
0.015869,0.0054932,0.037842
0.015259,0.0027466,0.040283
0.014191,0.0039673,0.036621
0.013275,0.0039673,0.039063
0.01297,0.0030518,0.039063
0.012512,0.0039673,0.045166
0.011597,0.0039673,0.045166
0.011749,0.0038147,0.048828
0.013885,0.0035095,0.059814
0.01297,0.0028992,0.053711
0.010376,0.0013733,0.05249
0.01358,0.00076294,0.056152
0.013275,0.00015259,0.059814
0.012817,0.00030518,0.053711
0.012817,0.004425,0.059814
0.013275,0.0018311,0.063477
0.013123,0.0019836,0.062256
0.012817,-0.00045776,0.057373
0.01358,-0.00045776,0.065918
0.013885,-0.00061035,0.061035
0.015106,-0.0012207,0.063477
0.016479,-0.0015259,0.061035
0.018158,-0.0015259,0.061035
0.019379,-0.0012207,0.062256
0.020294,-0.0015259,0.067139
0.020905,-0.00091553,0.067139
0.020905,-0.0010681,0.067139
0.021057,0.00015259,0.074463
0.021362,0.0015259,0.061035
0.022125,0.0028992,0.064697
0.022583,0.0038147,0.057373
0.019836,0.0038147,0.043945
0.021057,0.0027466,0.05249
0.020905,0.0015259,0.047607
0.021057,0.00061035,0.046387
0.021973,0.00091553,0.045166
0.023193,0.0012207,0.046387
0.02594,0.0016785,0.046387
0.026245,0.0013733,0.042725
0.026245,0.00030518,0.046387
0.02533,-0.00045776,0.041504
0.024567,0.00015259,0.042725
0.024261,0,0.043945
0.023651,0.0013733,0.042725
0.022888,0.0028992,0.037842
0.019989,0.0033569,0.039063
0.020447,0.0022888,0.037842
0.019989,0.0021362,0.043945
0.020294,0.0028992,0.041504
0.021057,0.0041199,0.037842
0.022888,0.0053406,0.036621
0.024261,0.0059509,0.0354
0.025482,0.0054932,0.046387
0.026093,0.0050354,0.042725
0.025787,0.004425,0.043945
0.024261,0.0050354,0.045166
0.024109,0.0059509,0.05249
0.023193,0.007019,0.05127
0.022888,0.0065613,0.058594
0.023499,0.0054932,0.053711
0.023651,0.0039673,0.061035
0.023346,0.0027466,0.057373
0.022583,0.0022888,0.064697
0.021973,0.0032043,0.074463
0.02182,0.0016785,0.062256
0.021973,-0.00030518,0.063477
0.02182,-0.0024414,0.058594
0.021667,-0.0038147,0.048828
0.021667,-0.0050354,0.059814
0.020294,-0.0039673,0.062256
0.021057,-0.002594,0.065918
0.021515,0.00076294,0.068359
0.023041,0.0028992,0.061035
0.02243,0.005188,0.068359
0.023804,0.0067139,0.065918
0.024872,0.0082397,0.064697
0.025177,0.007782,0.057373
0.025024,0.0083923,0.058594
0.025482,0.007019,0.058594
0.026093,0.0074768,0.057373
0.027008,0.0068665,0.056152
0.025482,0.0059509,0.05249
0.027008,0.0059509,0.056152
0.027313,0.005188,0.050049
0.026093,0.0039673,0.061035
0.025635,0.0033569,0.045166
0.025787,0.0036621,0.039063
0.025787,0.0032043,0.041504
0.024567,0.0028992,0.040283
0.025177,0.0024414,0.037842
0.024719,0.0013733,0.041504
0.025024,0.00061035,0.036621
0.02533,-0.00015259,0.041504
0.026245,-0.00030518,0.036621
0.027924,-0.00061035,0.041504
0.028992,0.00030518,0.037842
0.027313,-0.00076294,0.040283
0.029755,-0.00076294,4.2773
0.028992,-0.00061035,4.8694
0.028381,-0.0010681,4.9121
0.027466,-0.00030518,4.9109
0.026703,-0.00030518,4.9133
0.026855,0.00015259,4.9121
0.026398,-0.00015259,4.9084
0.026703,-0.00091553,4.9219
0.026855,-0.0013733,4.9133
0.027161,-0.0021362,4.9219
0.025635,-0.0024414,4.9243
0.026855,-0.0016785,4.9268
0.027466,-0.0019836,4.9243
0.026398,-0.0015259,4.9255
0.027313,-0.00061035,4.9353
0.027313,-0.0016785,4.9304
0.028229,-0.0016785,4.9304
0.029602,0.0012207,4.9268
0.028687,0.00030518,4.9353
0.031891,0.0015259,4.9292
0.033264,0.002594,4.9353
0.033722,0.0012207,4.9414
0.033417,0.0019836,4.9365
0.032196,0.00015259,4.9304
0.031128,-0.0010681,4.9365
0.030518,0.0021362,4.9182
0.028534,-0.0021362,4.9304
0.027313,-0.0027466,4.9255
0.025482,-0.0028992,4.928
0.025787,-0.0028992,4.9304
0.026703,-0.0022888,4.9219
0.027161,-0.0019836,4.9255
0.027618,-0.0021362,4.9219
0.027008,0.00076294,4.9219
0.027618,0.00076294,4.9219
0.027924,0.00030518,4.9207
0.023346,-0.00061035,4.9146
0.026703,-0.0013733,4.9182
0.027008,-0.0019836,4.9194
0.026855,-0.0021362,4.917
0.02655,-0.0016785,4.9121
0.02594,-0.0024414,4.9109
0.026245,-0.0032043,4.8987
0.028076,-0.0035095,4.9084
0.025177,-0.0033569,4.9109
0.02533,-0.0032043,4.9011
0.024719,-0.0030518,4.906
0.024719,-0.0024414,4.9048
0.024414,-0.0024414,4.9084
0.024719,-0.002594,4.9084
0.025635,-0.0047302,4.9072
0.027618,-0.0012207,4.9109
0.028229,0.00015259,4.9194
0.028381,0.0015259,4.9133
0.028839,0.0021362,4.9194
0.027313,0.0024414,4.9121
0.028076,0.0015259,4.9255
0.027466,0.0015259,4.9292
0.025482,0.0016785,4.928
0.025024,0.0027466,4.9402
0.024719,0.0021362,4.9304
0.024719,0.0022888,4.9219
0.025787,0.0024414,4.9304
0.025787,0.0016785,4.928
0.027008,0.0022888,4.9304
0.027618,0.0050354,4.9316
0.028687,0.0015259,4.9329
0.029602,0.0019836,4.9329
0.029297,0.0013733,4.9304
0.028381,0.0013733,4.9365
0.026703,0.00015259,4.9329
0.025482,-0.00061035,4.939
0.023346,-0.00015259,4.9304
0.019379,-0.00045776,4.9377
0.019989,0.00045776,4.9426
0.019226,0.0013733,4.9353
0.018921,0.0024414,4.9268
0.022125,0.0030518,4.9304
0.018616,0.0027466,4.9255
0.019073,0.0035095,4.9255
0.019836,0.0028992,4.9194
0.020294,0.0030518,4.9182
0.021057,0.0036621,4.9194
0.022125,0.0035095,4.9207
0.02243,0.0033569,4.9146
0.021973,0.0033569,4.9133
0.021057,0.0019836,4.917
0.020905,0.00076294,4.9097
0.020752,0.0015259,4.9072
0.020905,0.0010681,4.9146
0.021362,0.0012207,4.9146
0.020599,0.00091553,4.9084
0.018768,0.00015259,4.9109
0.018616,-0.00076294,4.9219
0.018616,-0.00091553,4.9109
0.021515,-0.0018311,4.9158
0.021667,-0.00045776,4.9133
0.021515,0.00015259,4.8962
0.02182,0.00061035,4.9158
0.018921,-0.00030518,4.9109
0.019836,-0.00045776,4.9146
0.019531,-0.0010681,4.9133
0.019989,-0.0010681,4.9109
0.02121,-0.0013733,4.9243
0.02121,-0.00015259,4.9231
0.020752,0.00091553,4.9255
0.019836,0.0012207,4.9231
0.018158,0.0012207,4.9316
0.018005,0.0015259,4.928
0.01709,0.00045776,4.9329
0.019531,0.0021362,4.9438
0.021057,0.0027466,0.064697
0.020752,0.0036621,0.062256
0.021362,0.0036621,0.063477
0.021057,0.0033569,0.063477
0.021515,0.0030518,0.062256
0.022278,0.0035095,0.063477
0.022736,0.0010681,0.064697
0.022278,0.0036621,0.064697
0.022125,0.0042725,0.062256
0.02243,0.004425,0.067139
0.021515,0.0045776,0.063477
0.020752,0.0042725,0.064697
0.020752,0.0050354,0.058594
0.02121,0.0039673,0.058594
0.021515,0.0036621,0.057373
0.022736,0.0039673,0.057373
0.023499,0.0038147,0.053711
0.024567,0.0039673,0.05249
0.023041,0.0032043,0.058594
0.021515,0.0012207,0.047607
0.019989,0.0010681,0.062256
0.017548,0.00061035,0.046387
0.016174,0.00015259,0.037842
0.014801,0.00061035,0.042725
0.013733,0.00076294,0.040283
0.013123,0.0010681,0.037842
0.012817,0.0013733,0.041504
0.01297,0.0013733,0.037842
0.014191,0.0019836,0.040283
0.015259,0.0027466,0.031738
0.01709,0.0033569,0.039063
0.019379,0.0033569,0.037842
0.020294,0.0027466,0.041504
0.019836,0.0015259,0.042725
0.019073,0.00045776,0.041504
0.019073,0.00015259,0.047607
0.018158,0.00061035,0.046387
0.018005,0.0018311,0.05249
0.018311,0.0019836,0.046387
0.018463,0.0018311,0.042725
0.018768,0.0018311,0.047607
0.018616,0.0012207,0.046387
0.018921,0.002594,0.053711
0.019379,0.0035095,0.056152
0.019989,0.0047302,0.057373
0.020447,0.005188,0.061035
0.02121,0.0039673,0.059814
0.020752,0.0012207,0.063477
0.020599,0.0013733,0.057373
0.019531,0.00061035,0.063477
0.018463,0.00061035,0.065918
0.017548,0.00091553,0.063477
0.01709,0.0019836,0.057373
0.017548,0.0016785,0.064697
0.01709,0.002594,0.073242
0.017395,0.0021362,0.067139
0.018311,0.0013733,0.070801
0.018463,0.0021362,0.065918
0.020447,0.0022888,0.05249
0.020447,0.0019836,0.058594
0.021667,0.0022888,0.057373
0.022583,0.002594,0.053711
0.022583,0,0.05127
0.022125,0.0018311,0.05127
0.021667,0.00091553,0.05249
0.019836,-0.00015259,0.047607
0.018921,0,0.050049
0.018311,0.00045776,0.045166
0.018463,0.00076294,0.047607
0.018311,0.0013733,0.046387
0.018158,0.0012207,0.046387
0.018463,0.0010681,0.048828
0.018463,0,0.039063
0.019684,0,0.037842
0.020599,0.00061035,0.041504
0.022278,0.0022888,0.026855
0.023346,0.0033569,0.037842
0.024414,0.0039673,0.041504
0.023804,0.0032043,0.039063
0.023956,0.0016785,0.037842
0.023346,0.00045776,0.037842
0.023193,0.0024414,0.041504
0.023651,0.0041199,0.039063
0.023804,0.0067139,0.042725
0.023651,0.0094604,0.040283
0.023041,0.0080872,0.050049
0.022736,0.0071716,0.047607
0.023346,0.0065613,0.053711
0.022736,0.0067139,0.05249
0.024261,0.0068665,0.057373
0.025177,0.0079346,0.064697
0.025024,0.0076294,0.058594
0.024567,0.0059509,0.073242
0.023956,0.0035095,0.061035
0.022278,0.00091553,0.05127
0.019073,-0.0027466,0.061035
0.019531,-0.0027466,0.061035
0.017395,-0.002594,0.059814
0.015869,-0.0019836,0.059814
0.016174,-0.0028992,0.058594
0.012817,-0.0028992,0.062256
0.011597,-0.0035095,0.063477
0.011902,-0.004425,0.067139
0.012512,-0.0039673,0.062256
0.014496,-0.0042725,0.067139
0.016327,-0.0028992,0.063477
0.017548,-0.0019836,0.064697
0.018005,-0.0012207,0.064697
0.020294,-0.00030518,0.058594
0.021362,-0.00030518,0.057373
0.023499,-0.00061035,0.056152
0.025177,0.0012207,0.058594
0.027466,0.0022888,0.05127
0.028534,0.0038147,0.046387
0.028687,0.0074768,0.046387
0.030975,0.0057983,0.047607
0.030212,0.0050354,4.1296
0.031281,0.0050354,4.8645
0.032043,0.0041199,4.9036
0.032654,0.0036621,4.9121
0.032196,0.0036621,4.9072
0.031891,0.0033569,4.9109
0.030212,0.0010681,4.9109
0.028687,-0.00030518,4.9146
0.02594,-0.0027466,4.9084
0.023651,-0.0033569,4.9084
0.022278,-0.0027466,4.9194
0.020905,-0.0018311,4.9109
0.018616,-0.00076294,4.9133
0.017242,0.00061035,4.9097
0.015869,-0.0012207,4.895
0.015564,-0.0010681,4.9121
0.016937,-0.00061035,4.9133
0.017395,0.00030518,4.9158
0.018311,0.0019836,4.9182
0.018768,0.0033569,4.9158
0.018768,0.0030518,4.9255
0.018005,0.00091553,4.9243
0.016937,-0.00030518,4.9304
0.015869,-0.0015259,4.9243
0.015411,-0.00030518,4.9304
0.016937,0.0015259,4.9292
0.017242,0.0032043,4.9365
0.0177,0.0032043,4.9365
0.018768,0.0021362,4.9316
0.020447,0.00015259,4.9316
0.021667,-0.0013733,4.9329
0.022888,-0.002594,4.9304
0.024414,-0.00045776,4.9292
0.026093,0.00091553,4.9292
0.026093,0.0015259,4.9365
0.024261,0.00045776,4.9341
0.022125,-0.0015259,4.9353
0.020752,-0.0030518,4.9377
0.021057,-0.0042725,4.9329
0.019073,-0.0035095,4.9304
0.017242,-0.002594,4.9255
0.016022,-0.0015259,4.928
0.014496,-0.0022888,4.9133
0.015106,-0.0016785,4.9231
0.013885,-0.0021362,4.9207
0.014801,-0.00091553,4.9219
0.016479,-0.0016785,4.9268
0.017548,-0.00030518,4.9194
0.019684,0.0015259,4.9158
0.020752,0.0028992,4.9146
0.021973,0.0036621,4.9036
0.023956,0.0035095,4.9146
0.02533,0.0035095,4.9097
0.026855,0.0032043,4.9084
0.027771,0.0033569,4.9109
0.027618,0.0035095,4.9084
0.028229,0.0032043,4.9109
0.028839,0.0030518,4.9072
0.027313,0.0022888,4.9109
0.026703,0.00045776,4.9097
0.027618,-0.0019836,4.9146
0.028534,-0.002594,4.9109
0.027618,-0.004425,4.9158
0.027466,-0.0038147,4.9097
0.02655,-0.0030518,4.9158
0.024872,-0.0027466,4.917
0.024414,-0.0027466,4.917
0.023193,-0.0035095,4.9304
0.022278,-0.0073242,4.9292
0.021515,-0.0059509,4.906
0.020447,-0.0062561,4.9255
0.018768,-0.0061035,4.9255
0.017395,-0.005188,4.9341
0.016937,-0.004425,4.9316
0.016937,-0.0048828,4.9207
0.018158,-0.0053406,4.9353
0.018616,-0.004425,4.9304
0.019989,-0.0041199,4.9255
0.020447,-0.0016785,4.9158
0.021515,0,4.9353
0.023499,0.0013733,4.9316
0.025635,0.0024414,4.9365
0.028992,0.002594,4.9487
0.032043,0.0027466,4.9377
0.033417,0.0030518,4.9353
0.035248,0.0041199,4.9353
0.034943,0.0045776,4.917
0.034485,0.0047302,4.9292
0.033569,0.004425,4.928
0.032196,0.0028992,4.928
0.032043,0.0016785,4.9268
0.031281,0,4.917
0.030365,0.0010681,4.9219
0.029907,-0.0013733,4.9194
0.029144,0.0027466,4.917
0.027924,0.0015259,4.9121
0.027161,0.0013733,4.9158
0.026093,-0.00061035,4.9146
0.024414,-0.0019836,4.9158
0.023804,-0.0028992,4.9109
0.021515,-0.0030518,4.9133
0.019684,-0.002594,4.9146
0.018311,-0.0015259,4.9121
0.017242,-0.0013733,4.9121
0.016937,-0.0018311,4.9072
0.017853,-0.0027466,4.8999
0.019836,-0.0015259,4.9109
0.022125,-0.0010681,4.9133
0.023651,0.0010681,4.906
0.025482,0.0032043,4.9133
0.027008,0.0035095,0.043945
0.028992,0.002594,0.046387
0.030823,0.0024414,0.043945
0.032196,0.0028992,0.05127
0.033264,0.0035095,0.048828
0.033569,0.005188,0.056152
0.032196,0.0067139,0.057373
0.032043,0.0074768,0.057373
0.031433,0.0073242,0.06958
0.032349,0.0050354,0.062256
0.031281,0.0039673,0.070801
0.032043,0.0038147,0.061035
0.030975,0.0036621,0.054932
0.029907,0.0050354,0.063477
0.028229,0.0053406,0.061035
0.028534,0.0054932,0.057373
0.027466,0.0048828,0.061035
0.027771,0.0045776,0.064697
0.025787,0.0047302,0.065918
0.024414,0.0059509,0.064697
0.023346,0.0076294,0.068359
0.022125,0.0076294,0.062256
0.021667,0.007782,0.067139
0.021515,0.0065613,0.067139
0.021057,0.0048828,0.062256
0.021515,0.0035095,0.059814
0.021362,0.0033569,0.057373
0.021515,0.0041199,0.058594
0.023956,0.0039673,0.046387
0.022278,0.0042725,0.061035
0.023346,0.0036621,0.048828
0.024109,0.0027466,0.05249
0.025024,0.00015259,0.042725
0.027313,-0.00015259,0.045166
0.025482,-0.00061035,0.042725
0.025024,-0.0012207,0.043945
0.024414,-0.0015259,0.037842
0.024872,-0.0032043,0.041504
0.025024,-0.0041199,0.036621
0.024872,-0.0048828,0.040283
0.025177,-0.0038147,0.040283
0.026398,-0.0038147,0.042725
0.026398,-0.0024414,0.039063
0.028839,-0.00076294,0.041504
0.028534,0,0.05127
0.030518,0.00045776,0.043945
0.031586,-0.00061035,0.043945
0.033569,-0.0027466,0.042725
0.033569,-0.0033569,0.023193
0.033722,-0.0032043,0.041504
0.032196,-0.0042725,0.042725
0.03006,-0.0019836,0.046387
0.027771,-0.0010681,0.05127
0.026093,-0.0010681,0.05127
0.024567,-0.0027466,0.056152
0.024109,-0.0030518,0.056152
0.024414,-0.0024414,0.061035
0.024414,-0.00030518,0.057373
0.025482,0.0041199,0.063477
0.025787,0.0035095,0.058594
0.025787,0.0030518,0.064697
0.026855,0.0016785,0.065918
0.026245,-0.00015259,0.061035
0.027466,-0.00076294,0.059814
0.027313,0,0.063477
0.026398,0.0010681,0.068359
0.02533,0.0027466,0.061035
0.023346,0.0021362,0.056152
0.02182,0.00015259,0.065918
0.021362,0.00015259,0.064697
0.020752,-0.0030518,0.062256
0.02121,-0.0016785,0.061035
0.022278,0.00076294,0.062256
0.022888,0.0022888,0.059814
0.023499,0.0033569,0.05249
0.023041,0.0021362,0.056152
0.02243,-0.00076294,0.050049
0.022125,-0.002594,0.05249
0.02243,-0.0019836,0.050049
0.022125,0,0.05127
0.023041,0.0016785,0.054932
0.019531,0.0033569,0.041504
0.016327,0.0028992,0.048828
0.016479,0.00076294,0.042725
0.016022,0.00030518,0.031738
0.016022,0,0.045166
0.016937,0.0010681,0.040283
0.017548,0.0035095,0.036621
0.018158,0.004425,0.041504
0.018768,0.004425,0.039063
0.019989,0.0036621,0.039063
0.019989,0.0021362,0.031738
0.019836,0.0012207,0.039063
0.020294,0.0024414,0.036621
0.019379,0.0042725,0.042725
0.019836,0.0035095,0.041504
0.016785,0.0071716,0.046387
0.015717,0.0059509,0.041504
0.013885,0.004425,0.047607
0.012054,0.0059509,0.05249
0.014343,0.0024414,0.05127
0.013885,0.0036621,0.061035
0.01358,0.0076294,0.048828
0.013885,0.0057983,0.041504
0.014648,0.0056458,0.054932
0.014191,0.004425,0.059814
0.013428,0.0022888,0.057373
0.013123,0.0015259,0.063477
0.014038,0.0019836,0.058594
0.014801,0.002594,0.063477
0.014496,0.0039673,0.061035
0.014801,0.0032043,0.062256
0.014496,0.0016785,0.057373
0.013733,-0.00015259,0.065918
0.014191,-0.0016785,0.062256
0.016479,-0.00076294,0.065918
0.017548,0.0010681,0.079346
0.016937,0.0016785,4.5166
0.016937,0.0041199,4.9023
0.016022,0.0027466,4.9292
0.015717,0.00076294,4.9243
0.015564,-0.0013733,4.9268
0.016479,-0.0019836,4.9231
0.016937,-0.00091553,4.9194
0.01709,0.0018311,4.9194
0.015259,0.0035095,4.9207
0.016174,0.0038147,4.9182
0.016022,0.0030518,4.917
0.016327,0.0016785,4.9182
0.016937,-0.00076294,4.9109
0.016479,-0.00076294,4.9146
0.016479,0.00015259,4.9109
0.016174,0.00091553,4.9158
0.015717,0.0018311,4.9109
0.014343,0.0012207,4.9182
0.015411,-0.00030518,4.9207
0.016022,0,4.9121
0.017548,0.0010681,4.9207
0.019226,0.0035095,4.9072
0.019989,0.0059509,4.8865
0.021057,0.0080872,4.9133
0.02182,0.0086975,4.9097
0.020599,0.0079346,4.9084
0.020142,0.0071716,4.9109
0.019684,0.0059509,4.9109
0.018768,0.0050354,4.9121
0.017242,0.0045776,4.9133
0.014954,0.0038147,4.9231
0.015411,0.0032043,4.9182
0.013733,0.0016785,4.9243
0.012817,-0.00061035,4.9243
0.011292,-0.0024414,4.9292
0.014648,-0.0035095,4.9329
0.015106,-0.0039673,4.9316
0.014954,-0.0062561,4.9304
0.013885,-0.0030518,4.9341
0.014191,-0.0030518,4.9353
0.012512,-0.0054932,4.9329
0.010986,-0.0071716,4.9207
0.011139,-0.007019,4.9268
0.012207,-0.0059509,4.9292
0.01297,-0.004425,4.9341
0.015106,-0.0027466,4.9353
0.016632,-0.0021362,4.9353
0.018463,-0.002594,4.9377
0.02121,-0.0018311,4.9316
0.022888,-0.0022888,4.939
0.026245,0.00076294,4.9304
0.028534,0.0027466,4.9329
0.029297,0.0050354,4.9268
0.028229,0.0067139,4.9304
0.027924,0.0062561,4.939
0.026398,0.0059509,4.9243
0.02594,0.0038147,4.9243
0.025177,0.0036621,4.9194
0.024261,0.0033569,4.9048
0.023499,0.0039673,4.9146
0.022888,0.0041199,4.917
0.02121,0.0032043,4.9133
0.019684,0.0013733,4.9121
0.018616,-0.0013733,4.9048
0.018921,-0.0035095,4.9109
0.019989,-0.0033569,4.9109
0.020294,-0.0022888,4.9109
0.019989,-0.00015259,4.9072
0.018616,0.00061035,4.9146
0.016937,-0.00045776,4.9121
0.014954,-0.0013733,4.9036
0.012512,-0.0042725,4.9146
0.013123,-0.0032043,4.9109
0.013123,-0.0018311,4.9084
0.01358,-0.0013733,4.9109
0.013428,-0.00061035,4.9097
0.01358,-0.0015259,4.9158
0.014496,-0.0018311,4.9194
0.015869,-0.0024414,4.917
0.0177,-0.0019836,4.9207
0.020294,-0.0010681,4.9194
0.022583,0,4.9207
0.022278,0.00015259,4.9255
0.020447,0.0012207,4.9316
0.019836,-0.00030518,4.9268
0.020752,-0.0015259,4.9304
0.022888,-0.0016785,4.9268
0.023346,-0.0022888,4.9329
0.02533,-0.002594,4.9304
0.026703,-0.0013733,4.9316
0.025177,-0.0015259,4.9377
0.024261,-0.0019836,4.9402
0.023651,-0.0019836,4.95
0.024567,-0.0028992,4.9365
0.024872,-0.0028992,4.9231
0.025635,-0.0027466,4.9341
0.02533,-0.0028992,4.9341
0.023499,-0.0019836,4.9304
0.019531,-0.0021362,4.9353
0.017242,-0.0018311,4.9292
0.016022,-0.0022888,4.9292
0.016022,-0.002594,4.9255
0.017242,-0.0024414,4.9255
0.016785,-0.0027466,4.9194
0.015717,-0.0022888,4.9207
0.014038,-0.0021362,4.9207
0.014038,-0.00076294,4.9207
0.016479,-0.00030518,4.9207
0.019531,-0.00076294,4.9182
0.02533,-0.0022888,0.042725
0.028839,-0.0024414,0.042725
0.030212,-0.0036621,0.032959
0.029602,-0.0015259,0.040283
0.029602,0,0.040283
0.03006,0.00015259,0.037842
0.031433,0.0030518,0.047607
0.033264,-0.00045776,0.039063
0.034485,-0.0015259,0.039063
0.033875,-0.0018311,0.0354
0.030975,-0.0018311,0.041504
0.028839,-0.0019836,0.039063
0.028229,-0.0015259,0.041504
0.028839,-0.0010681,0.047607
0.030823,-0.0010681,0.046387
0.032501,-0.0018311,0.043945
0.031586,-0.0015259,0.050049
0.025024,-0.0018311,0.05127
0.024261,-0.0016785,0.054932
0.019836,-0.0021362,0.065918
0.018158,-0.0028992,0.057373
0.018311,-0.0033569,0.045166
0.019379,-0.005188,0.058594
0.020142,-0.0062561,0.062256
0.019684,-0.0028992,0.061035
0.019073,-0.007019,0.063477
0.018311,-0.0068665,0.057373
0.019684,-0.0061035,0.062256
0.023193,-0.0050354,0.059814
0.026855,-0.0030518,0.062256
0.029449,-0.0018311,0.062256
0.031586,-0.0013733,0.067139
0.030823,-0.0022888,0.063477
0.030212,0.00091553,0.067139
0.030518,0.0019836,0.080566
0.032806,0.0039673,0.063477
0.034485,0.0059509,0.063477
0.037231,0.0068665,0.064697
0.038452,0.0065613,0.046387
0.037231,0.0067139,0.057373
0.03418,0.0054932,0.054932
0.031586,0.0042725,0.05249
0.029449,0.004425,0.05249
0.027618,0.0042725,0.048828
0.027161,-0.00015259,0.046387
0.02594,-0.0038147,0.043945
0.024414,-0.007019,0.047607
0.02121,-0.009613,0.041504
0.018616,-0.010376,0.047607
0.017242,-0.0093079,0.042725
0.018463,-0.0067139,0.046387
0.020599,-0.0018311,0.040283
0.022278,-0.0039673,0.041504
0.023956,-0.0035095,0.046387
0.024719,-0.0032043,0.042725
0.023651,-0.0013733,0.050049
0.023346,0.00076294,0.036621
0.024872,0.002594,0.026855
0.028534,0.0035095,0.040283
0.031586,0.0039673,0.039063
0.034332,0.0028992,0.037842
0.034637,0.0041199,0.041504
0.031281,0.0042725,0.041504
0.031891,0.005188,0.042725
0.030518,0.007782,0.046387
0.032043,0.0094604,0.05249
0.033417,0.010071,0.050049
0.035095,0.009613,0.054932
0.033264,0.0094604,0.059814
0.031586,0.0090027,0.061035
0.029297,0.0086975,0.06958
0.028534,0.0079346,0.062256
0.027618,0.0079346,0.067139
0.028076,0.0080872,0.064697
0.027771,0.0071716,0.061035
0.02655,0.0061035,0.062256
0.027466,0.0038147,0.061035
0.020752,0.0027466,0.058594
0.017242,0.00061035,0.062256
0.015411,-0.0010681,0.063477
0.015259,-0.0042725,0.064697
0.015564,-0.0039673,0.063477
0.017548,-0.0041199,0.068359
0.017242,-0.00061035,0.062256
0.017395,-0.0035095,0.064697
0.01709,-0.00076294,0.061035
0.017395,0.0012207,0.058594
0.019836,0.0028992,0.061035
0.021667,0.0061035,0.058594
0.022888,0.0076294,0.065918
0.023956,0.0064087,0.05249
0.023804,0.0059509,0.057373
0.02243,0.0041199,0.047607
0.021362,0.0042725,0.043945
0.02121,0.0065613,0.045166
0.022888,0.0062561,0.046387
0.02533,0.0038147,0.042725
0.027161,0.00030518,0.045166
0.027924,-0.0022888,0.041504
0.025482,-0.0056458,0.041504
0.02594,-0.0042725,0.036621
0.024719,-0.00061035,0.040283
0.025635,0.0015259,0.042725
0.025635,0.0024414,0.040283
0.026855,0.0010681,0.036621
0.026093,-0.00015259,0.042725
0.026703,-0.00076294,0.047607
0.024261,0.00061035,0.040283
0.021515,0.0015259,0.039063
0.019836,0.0022888,0.041504
0.019684,0.004425,0.030518
0.019989,0.002594,0.041504
0.020599,0.0019836,0.047607
0.019989,0.00076294,0.047607
0.018463,0.0010681,0.05127
0.01709,0.002594,0.047607
0.014954,0.0036621,0.053711
0.016937,0.0054932,1.3013
0.018463,0.0062561,4.718
0.021515,0.0062561,4.9097
0.022888,0.004425,4.9316
0.024719,0.0036621,4.9304
0.02182,0.0033569,4.9329
0.022125,0.0039673,4.9304
0.022583,0.0047302,4.9304
0.023956,0.0041199,4.9377
0.024414,0.0013733,4.9304
0.024567,-0.0019836,4.9438
0.022736,-0.0038147,4.9341
0.020599,-0.0057983,4.9219
0.01709,-0.0010681,4.9353
0.015717,0.0021362,4.928
0.016327,0.0054932,4.9243
0.018005,0.004425,4.9353
0.020599,0.0042725,4.9304
0.021362,0.0024414,4.928
0.019073,0.0033569,4.9243
0.018005,0.0053406,4.9316
0.015869,0.0061035,4.9194
0.016479,0.0062561,4.9243
0.016174,0.0048828,4.9219
0.016785,0.0013733,4.9207
0.01709,-0.00076294,4.9146
0.014496,-0.0022888,4.9194
0.014343,-0.0012207,4.9072
0.013428,0,4.9158
0.014343,0.0016785,4.9146
0.016479,0.0033569,4.9133
0.018158,0.0033569,4.9194
0.019989,0.0022888,4.9097
0.021515,0.0012207,4.9121
0.02121,0.0010681,4.9072
0.020905,0.0018311,4.9109
0.019989,0.0030518,4.9048
0.020905,0.0030518,4.9121
0.02182,0.0027466,4.9072
0.022888,0.0015259,4.9133
0.023346,0.00015259,4.9011
0.02182,-0.00030518,4.9158
0.020905,0.00061035,4.9109
0.017548,0.0021362,4.9194
0.01709,0.0032043,4.9304
0.016937,0.0036621,4.9231
0.018616,0.0022888,4.9304
0.019531,-0.00015259,4.9219
0.018005,-0.0015259,4.9109
0.017395,-0.00045776,4.928
0.016174,0,4.9292
0.016327,0.00076294,4.9329
0.017548,-0.00030518,4.9316
0.018616,-0.0015259,4.9255
0.020447,-0.0039673,4.9316
0.020447,-0.0054932,4.9304
0.019379,-0.0065613,4.9329
0.018311,-0.0047302,4.9329
0.018463,-0.0024414,4.9438
0.019226,-0.00061035,4.9329
0.02121,-0.00076294,4.9365
0.022888,-0.0024414,4.9402
0.023346,-0.0039673,4.939
0.023193,-0.0068665,4.9231
0.024261,-0.0019836,4.9402
0.021515,0.0010681,4.939
0.020599,0.002594,4.9231
0.020599,0.0022888,4.9341
0.021515,0.0021362,4.9231
0.021973,0,4.9231
0.020752,-0.00061035,4.917
0.018768,-0.0010681,4.917
0.017242,0.0016785,4.9182
0.016479,0.0036621,4.9158
0.015411,0.005188,4.9146
0.018921,0.0048828,4.9158
0.019684,0.0022888,4.9084
0.019226,0.00061035,4.9146
0.018311,0,4.9109
0.016937,0.0030518,4.9133
0.016785,0.0053406,4.9194
0.017853,0.0073242,4.9133
0.015259,0.007019,4.9219
0.020142,0.0041199,4.9097
0.020447,0.00015259,4.8999
0.019531,-0.0028992,4.9133
0.018158,-0.004425,4.9121
0.016632,-0.0039673,4.9109
0.015411,-0.0030518,4.9109
0.014801,0.00091553,4.9146
0.016174,-0.0028992,4.9146
0.016785,-0.0041199,4.9121
0.015717,-0.0061035,4.9219
0.014648,-0.0061035,4.9182
0.013733,-0.0054932,4.9243
0.013733,-0.0038147,4.9268
0.014954,-0.0019836,4.9304
0.017548,-0.00061035,4.9329
0.018921,-0.00091553,4.9316
0.020905,-0.002594,4.9304
0.020752,-0.0038147,4.9304
0.020905,-0.0038147,4.9377
0.020599,-0.00061035,4.9341
0.020905,0.0024414,4.9304
0.02121,0.0045776,4.9316
0.023804,0.0053406,4.9316
0.025177,0.0030518,4.9353
0.02533,0.00061035,4.9365
0.023499,0.0012207,4.9353
0.021362,0.0015259,0.095215
0.020905,0.004425,0.063477
0.021515,0.0047302,0.058594
0.023041,0.0028992,0.061035
0.024414,-0.0016785,0.059814
0.024872,-0.0056458,0.054932
0.022278,-0.0054932,0.057373
0.019836,-0.0047302,0.065918
0.017242,-0.00076294,0.053711
0.016937,0.0030518,0.053711
0.015259,0.0047302,0.05127
0.019684,0.0035095,0.028076
0.019684,0.00076294,0.043945
0.018616,-0.0021362,0.046387
0.018768,-0.0033569,0.042725
0.015106,-0.0013733,0.042725
0.015717,0.00045776,0.037842
0.019531,-0.0013733,0.041504
0.019684,0.00091553,0.039063
0.019684,-0.0015259,0.040283
0.018616,-0.0039673,0.040283
0.016632,-0.0054932,0.043945
0.016022,-0.004425,0.037842
0.014954,-0.0015259,0.036621
0.015564,0.00076294,0.043945
0.01709,0.0010681,0.041504
0.018158,-0.00045776,0.040283
0.019226,-0.0038147,0.042725
0.019073,-0.0067139,0.037842
0.018311,-0.0076294,0.045166
0.017548,-0.0053406,0.053711
0.0177,-0.0027466,0.05127
0.019531,-0.00045776,0.05127
0.018768,0.00076294,0.053711
0.018921,-0.00061035,0.057373
0.018005,-0.0013733,0.056152
0.015411,-0.0018311,0.062256
0.016174,-0.0012207,0.058594
0.016022,-0.00061035,0.065918
0.017242,0.00015259,0.061035
0.019379,-0.00061035,0.064697
0.020294,-0.0028992,0.059814
0.021057,-0.0050354,0.062256
0.021057,-0.0024414,0.06958
0.020447,-0.0054932,0.065918
0.018158,-0.0027466,0.070801
0.016632,-0.00015259,0.063477
0.016479,0.0024414,0.057373
0.015411,0.002594,0.063477
0.014801,0.0018311,0.067139
0.014191,0.00076294,0.061035
0.013733,0,0.062256
0.014496,0.00015259,0.057373
0.016327,0.0010681,0.057373
0.018768,0.0036621,0.053711
0.02182,0.0012207,0.054932
0.023956,-0.00091553,0.046387
0.024109,-0.0028992,0.05249
0.022125,-0.0038147,0.048828
0.019836,-0.0027466,0.048828
0.018005,0.00030518,0.045166
0.017548,0.0027466,0.046387
0.0177,0.0035095,0.046387
0.019226,0.0018311,0.042725
0.019684,-0.0012207,0.042725
0.020599,-0.0036621,0.042725
0.020905,-0.0038147,0.037842
0.02121,-0.0015259,0.036621
0.02182,0.0015259,0.039063
0.021667,0.0028992,0.036621
0.022583,0.002594,0.040283
0.021362,0.00015259,0.037842
0.020142,-0.002594,0.042725
0.018921,-0.0038147,0.0354
0.0177,-0.0033569,0.041504
0.017242,-0.002594,0.040283
0.018311,-0.0013733,0.047607
0.019379,-0.0016785,0.042725
0.021515,-0.0032043,0.05249
0.02243,-0.0045776,0.065918
0.023651,-0.0050354,0.05249
0.023346,-0.0032043,0.063477
0.022736,-0.00030518,0.056152
0.023041,0.0033569,0.045166
0.022888,0.0050354,0.058594
0.024567,0.0048828,0.058594
0.024567,0.0030518,0.061035
0.023651,0.0010681,0.058594
0.023499,0.00061035,0.058594
0.024414,0.0016785,0.063477
0.024719,0.0038147,0.059814
0.026398,0.0039673,0.063477
0.027466,0.002594,0.053711
0.027771,0,0.06958
0.027313,-0.0019836,0.067139
0.026398,-0.0054932,0.065918
0.025024,-0.0032043,0.073242
0.022125,-0.0018311,0.063477
0.020294,-0.00030518,0.061035
0.018921,-0.0010681,0.058594
0.018921,-0.0016785,0.070801
0.019073,-0.0036621,0.05249
0.019379,-0.0067139,0.063477
0.019684,-0.0062561,0.047607
0.019684,-0.0053406,0.047607
0.019989,-0.0036621,0.046387
0.019836,-0.0012207,0.045166
0.02182,-0.0010681,0.045166
0.023651,-0.0021362,0.043945
0.023804,-0.0027466,0.037842
0.023956,-0.0018311,0.043945
0.024414,-0.00045776,0.039063
0.024719,0.0024414,0.042725
0.025482,0.0047302,0.040283
0.02594,0.0045776,0.040283
0.027161,0.0030518,0.047607
0.028534,0.00091553,0.041504
0.029755,0.00015259,0.043945
0.030975,0.00091553,2.9749
0.030365,0.0032043,4.7803
0.029449,0.0050354,4.9011
0.029144,0.0061035,4.9072
0.028229,0.005188,4.9084
0.027771,0.0032043,4.9121
0.027771,0.0010681,4.9121
0.027924,0.00091553,4.917
0.027618,0.0016785,4.9158
0.027313,0.0024414,4.9255
0.026703,0.0032043,4.9255
0.026093,0.0033569,4.928
0.026398,0.002594,4.9255
0.026093,0.0019836,4.9292
0.024872,0.0018311,4.928
0.023956,0.002594,4.9316
0.023346,0.0039673,4.9329
0.022736,0.004425,4.9121
0.021973,0.0042725,4.9414
0.020905,0.0032043,4.9316
0.020447,0.0013733,4.9133
0.020905,0.00015259,4.9304
0.023041,-0.00045776,4.9341
0.02121,0.00015259,4.9292
0.021515,0.0010681,4.9377
0.019836,0.0027466,4.9329
0.019531,0.0010681,4.9365
0.018768,0,4.9329
0.019531,-0.0010681,4.9316
0.022736,-0.0065613,4.9268
0.020294,-0.00030518,4.9304
0.020447,0,4.9255
0.021667,-0.0021362,4.9268
0.02243,-0.00015259,4.9304
0.023804,-0.0013733,4.9194
0.024567,-0.0027466,4.917
0.026245,-0.0074768,4.917
0.028229,-0.0027466,4.8999
0.027161,-0.0013733,4.9121
0.027161,-0.00015259,4.917
0.026855,-0.00030518,4.9146
0.026703,-0.0012207,4.9109
0.026093,-0.0027466,4.9109
0.025635,-0.0036621,4.9109
0.024719,-0.0042725,4.9158
0.024719,0.00045776,4.9084
0.023956,0.00045776,4.906
0.023804,0.0024414,4.9133
0.023346,0.0022888,4.9109
0.023804,0.0021362,4.9109
0.023346,0.0016785,4.9109
0.023499,0.0024414,4.9133
0.024719,0.0033569,4.9182
0.025024,0.004425,4.9146
0.025024,0.0050354,4.9255
0.024414,0.0050354,4.9158
0.023956,0.0036621,4.906
0.023346,0.0018311,4.9207
0.023041,0.0010681,4.9231
0.023041,0.0012207,4.9231
0.022736,0.0027466,4.9268
0.023346,0.0033569,4.9304
0.023804,0.0038147,4.9304
0.022583,0.0035095,4.9304
0.022125,0.0021362,4.9353
0.02243,0.0010681,4.9255
0.025177,-0.00030518,4.9353
0.024567,0.0010681,4.9329
0.024567,0.0028992,4.9329
0.023956,0.0018311,4.939
0.024261,0.0010681,4.9365
0.021515,0.00091553,4.9341
0.020142,-0.00015259,4.9353
0.019684,-0.0032043,4.9365
0.021973,0.0016785,4.9207
0.019684,0.0030518,4.9329
0.019531,0.0036621,4.9304
0.019073,0.0027466,4.9304
0.018768,0.0021362,4.9292
0.018616,0.0013733,4.928
0.018921,0.0016785,4.9231
0.020599,0.002594,4.9268
0.021515,0.0030518,4.917
0.021973,0.0028992,4.9182
0.023651,0.0028992,4.9158
0.02121,0.002594,4.9243
0.020142,0.0035095,4.9158
0.019379,0.0047302,4.9158
0.018768,0.0062561,4.9243
0.020447,0.0057983,4.9146
0.018921,0.0054932,4.9231
0.018311,0.00045776,4.9133
0.016937,0.0042725,4.9084
0.017548,0.0041199,4.9109
0.018463,0.0042725,4.9109
0.019379,0.004425,4.9133
0.020142,0.00061035,4.9097
0.02121,0.0047302,4.8938
0.020447,0.0030518,4.917
0.021515,0.0038147,4.9097
0.020599,0.0041199,4.9133
0.019531,0.0042725,4.9121
0.019226,0.0033569,4.9109
0.016174,0.0032043,4.9182
0.017548,0.0028992,4.9182
0.0177,0.002594,4.9329
0.017395,0.0016785,4.9243
0.018158,0.0022888,4.9268
0.01709,0.0021362,0.059814
0.018005,0.002594,0.05249
0.018616,-0.0015259,0.058594
0.018921,0.0027466,0.057373
0.019073,0.0018311,0.061035
0.018921,0.00076294,0.065918
0.018616,-0.0021362,0.059814
0.018921,-0.00076294,0.063477
0.018463,-0.00015259,0.062256
0.019073,-0.00061035,0.062256
0.018768,0.0013733,0.061035
0.019073,0.0010681,0.067139
0.019226,0.0013733,0.065918
0.019989,0.0015259,0.063477
0.019226,0.0019836,0.070801
0.019989,0.0021362,0.062256
0.020294,0.0028992,0.068359
0.019684,0.002594,0.062256
0.019989,0.004425,0.073242
0.020142,0.0035095,0.053711
0.019989,0.0028992,0.053711
0.020447,0.0015259,0.047607
0.020599,0.0010681,0.047607
0.021057,0.0018311,0.048828
0.02121,0.0028992,0.048828
0.021515,0.0035095,0.043945
0.022583,0.0041199,0.047607
0.023193,0.0053406,0.042725
0.023499,0.0056458,0.043945
0.023346,0.0067139,0.041504
0.023804,0.0080872,0.042725
0.023804,0.0080872,0.041504
0.022583,0.0091553,0.046387
0.021362,0.0088501,0.046387
0.019989,0.0068665,0.041504
0.018158,0.0042725,0.045166
0.016632,0.0016785,0.040283
0.016174,-0.00061035,0.028076
0.015411,-0.0021362,0.041504
0.014954,-0.0033569,0.040283
0.013275,-0.0053406,0.039063
0.012665,-0.007019,0.040283
0.012207,-0.0071716,0.042725
0.012207,-0.0086975,0.041504
0.01297,-0.0059509,0.045166
0.011902,-0.0042725,0.05249
0.014191,-0.0032043,0.047607
0.012512,-0.0018311,0.056152
0.01709,-0.0021362,0.059814
0.016174,-0.002594,0.061035
0.015869,-0.0021362,0.058594
0.016937,-0.0012207,0.061035
0.017853,0.0010681,0.065918
0.019226,0.0024414,0.058594
0.020905,0.0033569,0.064697
0.021973,0.0035095,0.062256
0.023346,0.0027466,0.045166
0.024261,0.0024414,0.058594
0.025024,0.0021362,0.065918
0.025787,0.0027466,0.063477
0.026093,0.0028992,0.065918
0.026855,0.0015259,0.063477
0.025787,-0.0010681,0.068359
0.025177,-0.0019836,0.064697
0.022888,-0.0024414,0.064697
0.020599,-0.0028992,0.057373
0.018921,0.00030518,0.061035
0.018921,0.00076294,0.053711
0.018768,0.0013733,0.057373
0.019226,0.00076294,0.064697
0.018311,0.00061035,0.05249
0.016937,0.00015259,0.048828
0.015869,-0.00061035,0.045166
0.014191,-0.0012207,0.032959
0.013885,-0.0019836,0.043945
0.011749,-0.002594,0.045166
0.01358,-0.0042725,0.040283
0.014191,-0.0054932,0.042725
0.014801,-0.0067139,0.039063
0.015106,-0.0073242,0.041504
0.014801,-0.0062561,0.0354
0.015106,-0.0028992,0.039063
0.017242,-0.0032043,0.036621
0.017853,-0.0013733,0.042725
0.018158,-0.0018311,0.040283
0.017853,-0.0013733,0.040283
0.017853,-0.0019836,0.029297
0.018158,-0.0015259,0.040283
0.019531,-0.0028992,0.047607
0.021057,-0.0012207,0.043945
0.022736,-0.0016785,0.056152
0.023346,-0.0032043,0.043945
0.023346,-0.0048828,0.037842
0.023804,-0.0071716,0.05127
0.023193,-0.007782,0.05127
0.020599,-0.0085449,0.05249
0.020294,-0.0085449,0.056152
0.017853,-0.009613,0.054932
0.015869,-0.0099182,0.059814
0.014038,-0.0097656,0.059814
0.013275,-0.0090027,0.063477
0.013428,-0.0071716,0.057373
0.014648,-0.0045776,0.062256
0.015411,-0.0016785,0.062256
0.016479,0.0012207,0.062256
0.018005,0.0030518,0.067139
0.018311,0.0032043,0.064697
0.018921,0.0030518,0.054932
0.018616,0.0021362,0.065918
0.018158,0.0021362,0.074463
0.018463,0.0012207,0.065918
0.018463,-0.00015259,0.061035
0.018616,-0.0018311,0.061035
0.018921,-0.0033569,0.059814
0.019073,-0.0041199,0.056152
0.019684,-0.0045776,0.056152
0.020294,-0.0053406,0.047607
0.02121,-0.0057983,0.05249
0.021667,-0.0035095,0.045166
0.02243,-0.0027466,4.4861
0.022125,-0.002594,4.8828
0.023651,-0.0021362,4.9109
0.02121,-0.002594,4.9109
0.021057,-0.0028992,4.9182
0.020905,-0.0027466,4.9304
0.021057,-0.0033569,4.9121
0.019836,-0.0032043,4.917
0.018463,-0.0036621,4.9109
0.017395,-0.0056458,4.9036
0.018005,-0.0067139,4.906
0.018158,-0.0088501,4.9097
0.0177,-0.010071,4.9097
0.018005,-0.0090027,4.9072
0.018616,-0.0085449,4.9048
0.019379,-0.0073242,4.9109
0.019989,-0.0054932,4.9072
0.021667,-0.0036621,4.9109
0.022125,-0.0027466,4.9109
0.022583,-0.0013733,4.9158
0.023041,-0.00030518,4.9231
0.023651,-0.00015259,4.9182
0.023346,-0.00030518,4.9219
0.023499,-0.00030518,4.9207
0.023956,-0.0022888,4.9194
0.024567,-0.00015259,4.9255
0.025024,0.00045776,4.9341
0.024719,0.00091553,4.9292
0.025787,0.0047302,4.9182
0.026398,0.00030518,4.9316
0.02594,0.00061035,4.9316
0.026245,-0.00030518,4.9304
0.025024,0.0012207,4.9341
0.023346,0.0019836,4.9304
0.022583,0.0010681,4.9341
0.022125,0.0042725,4.9329
0.02243,-0.00045776,4.9365
0.02121,-0.0021362,4.9353
0.02121,-0.0024414,4.9353
0.016785,-0.0016785,4.9329
0.020447,-0.00091553,4.9353
0.02121,-0.00061035,4.9438
0.021057,-0.00061035,4.9353
0.021515,-0.0010681,4.9304
0.02182,-0.00091553,4.9255
0.021973,-0.00045776,4.9109
0.022583,0.0015259,4.9243
0.023499,0.0024414,4.9207
0.024414,0.0027466,4.9182
0.025635,0.0028992,4.9219
0.02655,0.0032043,4.9182
0.027161,0.0018311,4.917
0.027618,0.0019836,4.9011
0.028076,0.0021362,4.9158
0.029449,0.0032043,4.9084
0.030365,0.0036621,4.9146
0.030975,0.0048828,4.9133
0.03067,0.0059509,4.9146
0.029144,0.0067139,4.9084
0.027924,0.007019,4.9121
0.028534,0.0071716,4.9109
0.024567,0.0090027,4.9109
0.027313,0.0093079,4.9097
0.026703,0.0099182,4.9133
0.026093,0.010223,4.9097
0.025482,0.010223,4.9097
0.023346,0.0093079,4.9146
0.021973,0.0090027,4.9121
0.022125,0.0080872,4.917
0.02182,0.0071716,4.9121
0.022736,0.0064087,4.9219
0.02182,0.0062561,4.9243
0.020905,0.0067139,4.9268
0.019684,0.0054932,4.928
0.018768,0.0045776,4.928
0.019226,0.0039673,4.9292
0.018921,0.002594,4.9329
0.020294,0.0032043,4.9426
0.020905,0.0042725,4.9329
0.02121,0.0047302,4.9353
0.02121,0.0062561,4.9353
0.020905,0.007019,4.9158
0.021667,0.0071716,4.9304
0.023041,0.0054932,4.9329
0.025024,0.0054932,4.9377
0.026703,0.0042725,4.9341
0.026245,0.0045776,4.9316
0.025482,0.004425,4.9365
0.024109,0.0035095,4.9341
0.023804,0.0032043,4.9316
0.022888,0.0030518,4.9292
0.022583,0.0027466,4.9329
0.022736,0.0018311,4.9268
0.022125,0.0015259,4.928
0.02243,0.0015259,4.9255
0.021362,0.0016785,4.9243
0.021057,0.0021362,4.9231
0.022125,0.0024414,4.9207
0.022736,0.0030518,4.9194
0.023499,0.002594,4.895
0.024109,0.0027466,4.9243
0.024261,0.0028992,4.9158
0.023499,0.0027466,4.9146
0.022583,0.002594,4.9097
0.021515,0.0030518,4.9109
0.020599,0.0027466,4.9084
0.020142,0.0021362,4.9121
0.020599,0.0015259,0.036621
0.021057,0.0019836,0.043945
0.022125,0.002594,0.037842
0.022583,0.002594,0.041504
0.022278,0.0033569,0.041504
0.022278,0.0042725,0.042725
0.023499,0.0045776,0.050049
0.024109,0.0042725,0.041504
0.024261,0.0050354,0.054932
0.025024,0.0036621,0.041504
0.025635,0.0024414,0.037842
0.022736,0.0012207,0.053711
0.021667,0.00091553,0.053711
0.021057,0.00030518,0.053711
0.020752,0.00030518,0.054932
0.021057,0.00015259,0.059814
0.020752,-0.00045776,0.061035
0.02182,-0.0010681,0.059814
0.02182,-0.0019836,0.062256
0.021362,-0.0018311,0.057373
0.021667,-0.00091553,0.067139
0.022583,0,0.063477
0.023193,0.00091553,0.063477
0.024414,0.0019836,0.068359
0.023499,0.0018311,0.065918
0.023499,0.0010681,0.064697
0.022583,0.00045776,0.065918
0.02121,0.00015259,0.075684
0.020905,0.00015259,0.065918
0.020752,0.0019836,0.068359
0.020752,0.0024414,0.057373
0.020447,0.0030518,0.062256
0.021362,0.00091553,0.058594
0.021667,0.0016785,0.057373
0.021362,0.00015259,0.050049
0.021362,-0.00091553,0.053711
0.020599,-0.00045776,0.050049
0.021057,-0.00045776,0.05127
0.02121,-0.00030518,0.048828
0.019684,0.00061035,0.05127
0.018921,0.00015259,0.042725
0.018463,0,0.046387
0.018005,-0.00061035,0.057373
0.017242,-0.00076294,0.043945
0.017242,0.00030518,0.046387
0.018311,0.00091553,0.042725
0.019836,0.00061035,0.024414
0.019836,-0.00015259,0.036621
0.019836,-0.0010681,0.039063
0.019836,-0.0030518,0.040283
0.019073,-0.0035095,0.036621
0.018158,-0.0039673,0.032959
0.0177,-0.0036621,0.040283
0.0177,-0.0030518,0.039063
0.017395,-0.0035095,0.040283
0.017395,-0.002594,0.039063
0.018158,-0.0036621,0.046387
0.018616,-0.0047302,0.043945
0.020447,-0.0048828,0.048828
0.020142,-0.0035095,0.053711
0.021362,-0.0015259,0.053711
0.02182,-0.00045776,0.048828
0.018158,0.00030518,0.057373
0.020447,-0.00091553,0.065918
0.018768,-0.0010681,0.059814
0.014954,-0.0012207,0.05127
0.019379,-0.0016785,0.058594
0.019379,-0.0013733,0.063477
0.019379,-0.00061035,0.059814
0.019379,-0.00061035,0.063477
0.018158,-0.0015259,0.058594
0.018311,-0.0024414,0.061035
0.018921,0.0010681,0.062256
0.019989,-0.0035095,0.064697
0.019836,-0.0027466,0.063477
0.019531,-0.00076294,0.067139
0.018463,0.00030518,0.064697
0.015411,0.0013733,0.065918
0.015869,0.00030518,0.073242
0.015411,-0.00091553,0.061035
0.016937,-0.00015259,0.062256
0.017853,-0.00061035,0.054932
0.018921,0.0016785,0.045166
0.019684,0.0033569,0.054932
0.018921,0.0016785,0.05127
0.018463,0.0027466,0.047607
0.018616,0.00015259,0.050049
0.019531,-0.0024414,0.042725
0.020142,-0.0030518,0.047607
0.020752,-0.0033569,0.041504
0.019531,-0.0028992,0.046387
0.019379,-0.0024414,0.041504
0.018311,-0.0036621,0.041504
0.018463,-0.0048828,0.042725
0.018311,-0.0062561,0.037842
0.016937,-0.007782,0.037842
0.018158,-0.007019,0.043945
0.017853,-0.0062561,0.045166
0.016785,-0.0062561,0.042725
0.014343,-0.0064087,0.043945
0.013733,-0.0061035,0.039063
0.012665,-0.0065613,0.030518
0.012207,-0.0062561,0.037842
0.013733,-0.0041199,0.042725
0.014954,-0.0016785,0.043945
0.015717,0.0019836,0.042725
0.01297,0.0038147,0.043945
0.016632,0.0042725,0.05249
0.017548,0.0041199,0.05249
0.019531,0.0016785,0.057373
0.02182,0.002594,0.053711
0.023041,0.0013733,0.061035
0.023346,0.0010681,0.059814
0.022278,0.00061035,0.062256
0.02182,0,0.074463
0.02121,-0.00076294,0.061035
0.020905,-0.0019836,0.059814
0.022125,0.0013733,0.062256
0.022583,-0.00030518,2.124
0.02243,0.0010681,4.7644
0.021515,0.0027466,4.9194
0.020752,0.0033569,4.9316
0.019073,0.0035095,4.9329
0.018158,0.0022888,4.9341
0.016785,0.0010681,4.9377
0.018616,0.00076294,4.9329
0.018158,0.00015259,4.9292
0.018311,0.0018311,4.9243
0.016022,0.0016785,4.9304
0.013275,0.0028992,4.9255
0.013123,0.0013733,4.9268
0.01297,-0.0048828,4.9207
0.014496,-0.0016785,4.9231
0.016022,-0.0010681,4.928
0.016785,-0.00076294,4.9207
0.016327,0.00061035,4.9292
0.014954,0.0015259,4.9158
0.013885,0.0018311,4.9048
0.013733,0.00076294,4.9146
0.014191,-0.00061035,4.9121
0.015717,-0.00076294,4.9097
0.016937,-0.00030518,4.906
0.018005,0.0013733,4.9109
0.018921,0.0021362,4.9121
0.019836,0.002594,4.906
0.020447,0.0019836,4.9121
0.021973,0.00091553,4.9097
0.020905,0.00061035,4.9121
0.024109,0.0016785,4.9109
0.023804,0.0024414,4.9146
0.022278,0.0024414,4.9158
0.019989,0.0053406,4.9146
0.0177,0.0018311,4.9158
0.015259,0.00061035,4.917
0.014648,0.00076294,4.9158
0.015106,0.00030518,4.9219
0.014954,0.0015259,4.906
0.014954,0.002594,4.9231
0.014343,0.0016785,4.9304
0.015717,0.0036621,4.9255
0.016327,0.0036621,4.9316
0.0177,0.005188,4.9304
0.018616,0.0053406,4.9365
0.019073,0.0062561,4.9304
0.019989,0.0067139,4.9341
0.019684,0.0054932,4.9304
0.020905,0.0041199,4.9353
0.02121,0.0032043,4.928
0.021667,0.0019836,4.9377
0.022125,0.0018311,4.9438
0.023346,0.00091553,4.9353
0.023346,0.00076294,4.9414
0.023651,0.0010681,4.9353
0.024261,0.00076294,4.9133
0.025482,0.00076294,4.9316
0.02655,0.0012207,4.9365
0.027924,0.0022888,4.9292
0.028839,0.0050354,4.9268
0.029907,0.0027466,4.9207
0.030518,0.0042725,4.9255
0.029907,0.0038147,4.9109
0.029602,0.0035095,4.9231
0.027466,0.0030518,4.9121
0.025635,0.0010681,4.9207
0.023499,-0.00030518,4.9158
0.022278,-0.0012207,4.9194
0.021667,-0.0018311,4.9182
0.021515,-0.0015259,4.9158
0.021057,-0.00061035,4.9097
0.02121,-0.00076294,4.9133
0.021362,-0.0010681,4.8938
0.02243,-0.0021362,4.9084
0.023651,-0.00091553,4.9072
0.026093,0.00030518,4.9097
0.027618,0.002594,4.9097
0.027161,0.0041199,4.906
0.027313,0.0042725,4.9109
0.025787,0.002594,4.9097
0.025482,0.00061035,4.9121
0.025482,-0.00061035,4.9097
0.025635,0.00015259,4.9182
0.026855,0.0013733,4.9121
0.026703,0.0021362,4.9219
0.026855,0.0019836,4.9207
0.027008,-0.00045776,4.9255
0.027161,-0.0035095,4.9268
0.027313,-0.0053406,4.9292
0.027618,-0.0054932,4.9414
0.028076,-0.0033569,4.9304
0.027313,-0.0013733,4.9207
0.027313,-0.00061035,4.9304
0.025635,-0.00045776,4.9304
0.024872,-0.0019836,4.9353
0.024719,-0.002594,4.9292
0.025177,-0.0022888,4.9268
0.02533,-0.00045776,4.9329
0.024872,0.0018311,4.9304
0.024261,0.0039673,4.9377
0.024261,0.0035095,4.9341
0.024109,0.0027466,4.9377
0.024414,0.0012207,4.9341
0.023956,0.00045776,4.939
0.024109,-0.00045776,4.9292
0.025177,0.00091553,4.9304
0.025024,0.0010681,4.928
0.025787,0.00091553,4.9268
0.025635,0.00091553,0.05249
0.025024,-0.00015259,0.053711
0.024261,-0.00061035,0.050049
0.02121,-0.00076294,0.046387
0.023041,0.00045776,0.047607
0.02243,0.0019836,0.043945
0.02182,0.0024414,0.043945
0.020142,0.0033569,0.042725
0.02182,0.0050354,0.046387
0.023193,0.0027466,0.039063
0.023499,0.002594,0.043945
0.024567,0.0032043,0.042725
0.024719,0.0035095,0.041504
0.023651,0.0048828,0.039063
0.023346,0.005188,0.040283
0.022888,0.0056458,0.047607
0.022736,0.0057983,0.040283
0.022125,0.0054932,0.047607
0.022583,0.0057983,0.041504
0.022736,0.0056458,0.031738
0.02243,0.0062561,0.040283
0.023651,0.0054932,0.042725
0.023193,0.0057983,0.045166
0.021667,0.004425,0.046387
0.021667,0.0024414,0.043945
0.020294,0.0016785,0.053711
0.020142,0.00076294,0.05127
0.018768,0.0012207,0.057373
0.019226,0.0039673,0.053711
0.019226,0.0019836,0.059814
0.019073,0.0022888,0.062256
0.018768,0.0019836,0.064697
0.018463,0.0016785,0.075684
0.020447,0.0019836,0.061035
0.021515,0.0022888,0.061035
0.021362,0.0041199,0.058594
0.022736,0.0035095,0.061035
0.021515,0.0024414,0.061035
0.02121,0.00076294,0.063477
0.020599,-0.0021362,0.063477
0.021515,-0.0030518,0.062256
0.021362,-0.0028992,0.063477
0.021362,-0.0027466,0.065918
0.022125,-0.0021362,0.062256
0.02243,-0.0019836,0.063477
0.021667,-0.0024414,0.054932
0.021667,-0.0022888,0.059814
0.02243,-0.0022888,0.053711
0.023651,-0.0030518,0.05249
0.024261,-0.0012207,0.050049
0.020599,0.00015259,0.05127
0.024567,0.0012207,0.059814
0.023804,0.0019836,0.048828
0.023499,0.0013733,0.058594
0.022736,0.0010681,0.047607
0.023041,0.00015259,0.037842
0.023499,0.00061035,0.041504
0.023346,0.0018311,0.041504
0.021973,0.0039673,0.037842
0.023041,0.0048828,0.040283
0.022888,0.0035095,0.0354
0.02243,0.002594,0.037842
0.025482,0.0018311,0.037842
0.02243,0.0032043,0.041504
0.022736,0.0045776,0.037842
0.021362,0.0091553,0.042725
0.02182,0.0059509,0.043945
0.020294,0.0048828,0.037842
0.018768,0.0030518,0.046387
0.015259,-0.0010681,0.043945
0.016632,0.0010681,0.047607
0.015717,0.0022888,0.046387
0.017853,-0.00030518,0.047607
0.019531,0.0036621,0.054932
0.019531,0.0030518,0.039063
0.019073,0.0016785,0.053711
0.018768,0.00015259,0.056152
0.018158,0.00015259,0.058594
0.018616,0.0013733,0.061035
0.019531,0.0030518,0.057373
0.018768,0.0028992,0.063477
0.019073,0.0047302,0.057373
0.018005,0.0033569,0.063477
0.018005,0.0021362,0.062256
0.0177,0.0010681,0.064697
0.018921,0.00076294,0.061035
0.019379,0.0024414,0.062256
0.020905,0.0035095,0.078125
0.020905,0.0062561,0.065918
0.019989,0.0057983,0.06958
0.018005,0.0045776,0.068359
0.016174,0.0035095,0.046387
0.015564,0.00045776,0.063477
0.015106,0.0010681,0.056152
0.014648,0.0018311,0.058594
0.014191,0.0028992,0.054932
0.012054,0.0028992,0.047607
0.011749,0.0018311,0.05127
0.011902,0.00061035,0.050049
0.012207,-0.00045776,0.048828
0.014648,0.00061035,0.042725
0.014648,0.0022888,0.048828
0.015411,0.0027466,0.043945
0.013885,0.0024414,0.045166
0.014648,0.0015259,0.046387
0.012665,-0.00030518,0.042725
0.013428,-0.002594,0.039063
0.015717,-0.0013733,0.042725
0.016937,-0.00015259,0.032959
0.018158,0.0019836,0.045166
0.019226,0.0039673,0.020752
0.018311,0.0038147,0.039063
0.019379,0.0035095,0.039063
0.020294,0.0024414,0.037842
0.02182,0.0022888,0.036621
0.02243,0.0022888,0.037842
0.021973,0.004425,0.042725
0.020905,0.0039673,0.042725
0.019226,0.0038147,2.2095
0.018158,0.00076294,4.7571
0.017395,-0.0016785,4.9048
0.018158,-0.0030518,4.9182
0.01709,-0.0033569,4.9255
0.018158,-0.0015259,4.9341
0.019379,-0.0035095,4.9255
0.018768,0.00091553,4.9353
0.019684,0.00030518,4.9329
0.020142,-0.0013733,4.9231
0.020447,-0.0030518,4.9304
0.021362,-0.0039673,4.9304
0.021057,-0.0030518,4.928
0.020905,-0.0015259,4.9316
0.019531,-0.00045776,4.9316
0.016327,-0.00030518,4.9316
0.014801,-0.0012207,4.9316
0.013885,-0.0028992,4.939
0.013885,-0.0035095,4.9316
0.014954,-0.0024414,4.9365
0.016632,-0.00076294,4.9365
0.017395,0.0022888,4.9341
0.018311,0.0038147,4.9329
0.019989,0.0030518,4.9316
0.020752,0.0018311,4.9329
0.022125,-0.00076294,4.9219
0.024719,-0.00061035,4.9304
0.02533,0.00030518,4.9255
0.026093,0.0015259,4.9231
0.025787,0.0028992,4.9158
0.025177,0.0027466,4.917
0.025177,0.0012207,4.917
0.02533,-0.00030518,4.9158
0.025482,-0.0015259,4.9097
0.027313,-0.0010681,4.9133
0.027618,0.0010681,4.9121
0.026703,0.0027466,4.9109
0.02594,0.0022888,4.9109
0.025177,0.00015259,4.9146
0.023346,-0.0028992,4.9097
0.022736,-0.0050354,4.9109
0.022888,-0.0057983,4.9219
0.022278,-0.0048828,4.9121
0.021973,-0.0033569,4.9133
0.019836,-0.0018311,4.9097
0.018005,-0.0027466,4.8938
0.016937,-0.0045776,4.9109
0.01709,-0.0067139,4.9158
0.019073,-0.0074768,4.9158
0.021057,-0.0064087,4.9158
0.021667,-0.004425,4.9158
0.022125,-0.0024414,4.9231
0.021973,-0.0015259,4.9268
0.022736,-0.0015259,4.9292
0.023346,-0.0019836,4.9255
0.02655,-0.0022888,4.9341
0.028229,-0.0013733,4.9304
0.029449,0.00015259,4.9329
0.030975,0.0018311,4.9353
0.030975,0.0024414,4.9304
0.031586,0.0010681,4.9329
0.031433,0.00030518,4.9316
0.031891,-0.00045776,4.9426
0.033417,-0.0010681,4.9365
0.033264,0.00061035,4.9353
0.032196,0.002594,4.9353
0.030212,0.0042725,4.9353
0.027466,0.0053406,4.9329
0.026093,0.0047302,4.9341
0.025482,0.0024414,4.9329
0.025635,0.0012207,4.9329
0.02655,0.00061035,4.9255
0.02655,0.0010681,4.9304
0.024719,0.002594,4.9231
0.022583,0.0019836,4.9231
0.019989,0.0019836,4.9219
0.018463,0.0022888,4.9243
0.018616,0.0016785,4.9255
0.019226,0.0024414,4.9219
0.019989,0.002594,4.9231
0.020294,0.00091553,4.9158
0.019836,0.0022888,4.9048
0.019684,0.0018311,4.9133
0.019684,0.00061035,4.9109
0.021515,-0.0013733,4.9109
0.023041,-0.0022888,4.9097
0.024719,-0.0024414,4.9084
0.025024,-0.0022888,4.9084
0.022888,0.00015259,4.906
0.021057,0.00045776,4.9109
0.019989,0.0013733,4.9084
0.020294,0.00076294,4.9133
0.02121,-0.0018311,4.9097
0.023499,-0.0035095,4.9133
0.024872,-0.0048828,4.9146
0.024567,-0.0035095,4.9158
0.023651,-0.0030518,4.9121
0.022125,-0.0012207,4.9182
0.021362,-0.00030518,4.928
0.021667,0.00045776,4.928
0.022278,0.00015259,4.9133
0.02243,-0.00015259,4.9243
0.021057,0,4.928
0.019531,0,4.9304
0.016479,0.00015259,4.9304
0.015869,0,4.9255
0.015869,-0.0012207,4.9353
0.017853,-0.0024414,4.9304
0.018463,-0.0038147,4.9304
0.018463,-0.0038147,0.062256
0.017853,-0.0027466,0.064697
0.015259,-0.0038147,0.061035
0.013733,-0.0027466,0.065918
0.014496,-0.0013733,0.078125
0.015869,-0.0010681,0.068359
0.017548,-0.0018311,0.06958
0.019379,-0.0022888,0.065918
0.019379,-0.0036621,0.045166
0.018921,-0.0021362,0.059814
0.017548,-0.0015259,0.054932
0.018921,-0.00030518,0.056152
0.020294,0.0024414,0.054932
0.023804,0.0015259,0.047607
0.025024,0.0013733,0.05249
0.025177,0.0012207,0.048828
0.024261,0.00076294,0.048828
0.022583,-0.00061035,0.042725
0.021057,-0.00076294,0.048828
0.022125,-0.00061035,0.046387
0.023346,-0.0045776,0.042725
0.02533,-0.0022888,0.047607
0.024719,-0.0010681,0.043945
0.022736,-0.0012207,0.037842
0.021667,-0.00091553,0.042725
0.018311,-0.00091553,0.029297
0.018005,-0.00061035,0.036621
0.018616,-0.00091553,0.043945
0.020905,-0.0012207,0.041504
0.020905,-0.0019836,0.042725
0.019989,-0.0041199,0.036621
0.018311,-0.0033569,0.040283
0.015717,-0.0036621,0.041504
0.013275,-0.0021362,0.042725
0.014343,-0.0033569,0.041504
0.016937,-0.0033569,0.05127
0.020752,-0.0015259,0.047607
0.022583,-0.00076294,0.05127
0.022583,0.00076294,0.053711
0.021973,-0.00076294,0.058594
0.022583,0.0018311,0.063477
0.023651,0.0036621,0.061035
0.026245,0.0033569,0.073242
0.027008,0.0018311,0.059814
0.026245,0.0010681,0.05249
0.024567,-0.0019836,0.063477
0.022583,-0.0013733,0.061035
0.019989,0.00015259,0.061035
0.019379,0.00091553,0.062256
0.020447,0.0041199,0.061035
0.019989,0.00045776,0.064697
0.021362,-0.0012207,0.063477
0.022278,-0.0022888,0.068359
0.019989,-0.0035095,0.063477
0.0177,-0.0018311,0.067139
0.015717,0.00015259,0.068359
0.016937,0.0018311,0.064697
0.019989,0.002594,0.061035
0.023346,0.0019836,0.059814
0.02533,0.00076294,0.058594
0.024567,-0.00030518,0.05249
0.023956,-0.00015259,0.056152
0.02243,0.0019836,0.05249
0.02243,0.0028992,0.045166
0.023499,0.0041199,0.047607
0.023193,0.0041199,0.046387
0.026398,0.0027466,0.043945
0.025024,0.0016785,0.042725
0.02243,0.002594,0.037842
0.02121,0.0050354,0.043945
0.021057,0.0079346,0.036621
0.023499,0.010223,0.041504
0.02594,0.011444,0.039063
0.028229,0.0094604,0.041504
0.027924,0.0086975,0.037842
0.025482,0.0065613,0.040283
0.022125,0.0067139,0.057373
0.019073,0.0082397,0.042725
0.018768,0.0091553,0.047607
0.016937,0.0099182,0.039063
0.020905,0.0088501,0.024414
0.02182,0.0064087,0.041504
0.020447,0.0053406,0.042725
0.021057,0.0056458,0.045166
0.019989,0.0080872,0.047607
0.019836,0.010681,0.046387
0.02182,0.012207,0.054932
0.023651,0.010223,0.057373
0.024872,0.0076294,0.059814
0.024872,0.0036621,0.053711
0.02243,0.0022888,0.062256
0.018921,0.0038147,0.062256
0.01709,0.0047302,0.063477
0.016022,0.0061035,0.072021
0.019531,0.0059509,0.057373
0.019989,0.0027466,0.062256
0.020905,0.002594,0.062256
0.020142,0.0016785,0.074463
0.018158,0.0021362,0.064697
0.016327,0.0045776,0.061035
0.015564,0.0041199,0.067139
0.018005,0.0039673,0.062256
0.019684,0.002594,0.063477
0.02243,-0.00015259,0.065918
0.022278,-0.0012207,0.058594
0.02182,-0.0021362,0.057373
0.019989,0,0.054932
0.019836,0.0022888,0.056152
0.020447,0.0036621,0.047607
0.022888,0.0035095,0.053711
0.024261,0.0030518,0.050049
0.024567,0.0018311,0.047607
0.023651,0.0013733,0.054932
0.02243,0.0028992,0.046387
0.02121,0.0057983,0.047607
0.021973,0.0056458,0.042725
0.023804,0.0093079,0.031738
0.02533,0.0076294,0.46875
0.02594,0.0061035,4.6509
0.025177,0.0045776,4.8877
0.02243,0.0041199,4.906
0.020447,0.0054932,4.9084
0.019379,0.007019,4.9084
0.019684,0.0079346,4.9036
0.021057,0.0059509,4.9097
0.02121,0.0038147,4.9072
0.02121,0.0013733,4.9133
0.020294,0.0012207,4.9133
0.020599,0.0030518,4.9133
0.019684,0.0039673,4.9084
0.020905,0.0057983,4.917
0.024414,0.0054932,4.9182
0.024109,0.002594,4.9194
0.024567,0.00045776,4.9316
0.023804,-0.00091553,4.9255
0.02243,0.0013733,4.9084
0.021515,0.0021362,4.9255
0.02121,0.0030518,4.928
0.022125,0.0027466,4.9304
0.023651,0.00091553,4.9329
0.024567,-0.0015259,4.928
0.024414,-0.0018311,4.9329
0.021515,-0.00045776,4.9292
0.018158,0.0018311,4.9329
0.015869,0.0045776,4.9268
0.016632,0.0061035,4.9353
0.0177,0.004425,4.9268
0.018311,0.00091553,4.9353
0.020294,-0.00015259,4.9487
0.02121,-0.00076294,4.9365
0.019836,0.00076294,4.9341
0.019531,0.0033569,4.9353
0.019379,0.0047302,4.9255
0.021057,0.0045776,4.9304
0.02243,0.0016785,4.9255
0.023041,-0.0015259,4.9292
0.02243,-0.0027466,4.9207
0.020599,-0.0035095,4.9207
0.018768,-0.0018311,4.9207
0.018311,0,4.9158
0.019836,-0.00061035,4.9219
0.023346,0.00061035,4.9182
0.025635,-0.0015259,4.9194
0.025635,-0.0018311,4.9109
0.025024,-0.0016785,4.9182
0.023499,0.0012207,4.9121
0.021362,0.0042725,4.9158
0.020752,0.0054932,4.9194
0.022888,0.0047302,4.9146
0.02182,0.0022888,4.9194
0.022278,-0.00030518,4.9072
0.021057,-0.0018311,4.9011
0.020752,-0.0027466,4.9109
0.020294,-0.00045776,4.9097
0.02121,0.00030518,4.906
0.02243,-0.00015259,4.9158
0.02533,0.00076294,4.9121
0.025787,-0.0013733,4.9121
0.02594,-0.0015259,4.9109
0.021057,-0.0016785,4.9243
0.022125,0,4.9182
0.020752,0.0015259,4.9207
0.021667,0.0039673,4.9219
0.021973,0.0012207,4.928
0.024567,-0.0013733,4.9353
0.025177,-0.0039673,4.928
0.023956,-0.0050354,4.9292
0.024109,-0.0036621,4.9304
0.020599,-0.00091553,4.9341
0.020294,0.0012207,4.9341
0.021515,0.0015259,4.9353
0.023041,-0.0010681,4.9304
0.023193,-0.0038147,4.9316
0.022125,-0.0057983,4.9329
0.019836,-0.0054932,4.9329
0.019836,-0.0019836,4.9353
0.020142,0.00015259,4.9365
0.021362,0.0035095,4.9353
0.023193,0.0027466,4.9365
0.024109,0.00091553,4.9341
0.024414,-0.00045776,4.9341
0.022888,-0.0013733,4.9255
0.02121,0.0024414,4.9304
0.02121,0.0067139,4.9365
0.02243,0.0090027,4.9255
0.024567,0.0086975,4.9304
0.026398,0.0068665,4.917
0.027313,0.0030518,4.9084
0.027008,0.0010681,4.9146
0.024872,0.0010681,4.9182
0.023499,0.002594,4.9158
0.022125,0.0038147,4.9146
0.019989,0.0035095,4.9109
0.022736,0.00015259,4.9133
0.023193,-0.0036621,4.9097
0.021515,-0.0062561,4.9097
0.019073,-0.0082397,4.9121
0.016479,-0.0062561,4.9182
0.014648,-0.0032043,4.9084
0.014191,-0.0019836,4.9121
0.014801,-0.0027466,4.9182
0.014801,-0.0053406,4.9109
0.014496,-0.0074768,4.9023
0.013428,-0.0074768,4.9146
0.013275,-0.004425,4.8987
0.014648,-0.00045776,4.9097
0.017548,0.0030518,4.9084
0.02121,0.0036621,0.048828
0.025787,0.0022888,0.046387
0.028229,-0.00030518,0.05127
0.028992,-0.0010681,0.056152
0.029755,-0.0016785,0.057373
0.026398,0.0024414,0.061035
0.026245,0.004425,0.057373
0.026245,0.0028992,0.063477
0.027618,0.0059509,0.061035
0.027771,0.0048828,0.063477
0.027008,0.0035095,0.063477
0.027313,0.0012207,0.063477
0.024109,0.0050354,0.065918
0.023041,0.0059509,0.063477
0.02243,0.0061035,0.074463
0.023956,0.0039673,0.065918
0.021515,0.00015259,0.058594
0.020142,-0.0038147,0.064697
0.017395,-0.0071716,0.064697
0.011139,-0.0083923,0.061035
0.010529,-0.0076294,0.065918
0.0088501,-0.0050354,0.058594
0.0082397,-0.011139,0.053711
0.0080872,-0.0050354,0.054932
0.011292,-0.0065613,0.054932
0.012817,-0.0083923,0.048828
0.014038,-0.010071,0.053711
0.014648,-0.0099182,0.046387
0.016174,-0.0085449,0.05249
0.018921,-0.0091553,0.053711
0.02121,-0.010834,0.046387
0.024261,-0.01297,0.045166
0.025635,-0.015259,0.046387
0.024109,-0.016022,0.031738
0.023041,-0.012817,0.040283
0.022583,-0.0085449,0.041504
0.022583,-0.0042725,0.036621
0.022125,-0.0016785,0.040283
0.026398,-0.0015259,0.037842
0.026703,-0.0027466,0.041504
0.027161,-0.0035095,0.0354
0.023804,-0.0032043,0.040283
0.024414,-0.00045776,0.037842
0.02243,0.0016785,0.039063
0.020752,0.0036621,0.042725
0.020142,0.0036621,0.046387
0.019226,0.0033569,0.043945
0.018005,0.0018311,0.047607
0.016937,0.0021362,0.053711
0.014954,0.0038147,0.050049
0.014191,0.0059509,0.062256
0.012512,0.0074768,0.057373
0.010986,0.0079346,0.042725
0.01297,0.0073242,0.057373
0.013733,0.0053406,0.059814
0.014038,0.0041199,0.057373
0.013123,0.0059509,0.062256
0.011902,0.0085449,0.058594
0.010376,0.011292,0.064697
0.0090027,0.010834,0.062256
0.010986,0.011597,0.059814
0.014648,0.0099182,0.058594
0.017395,0.0090027,0.067139
0.020905,0.0086975,0.064697
0.023956,0.015411,0.064697
0.027924,0.022125,0.074463
0.031738,0.027313,0.065918
0.036469,0.028992,0.064697
0.040131,0.028076,0.064697
0.04364,0.023956,0.056152
0.044403,0.019684,0.057373
0.043945,0.017395,0.056152
0.042114,0.014801,0.05249
0.039215,0.011139,0.050049
0.035553,0.0062561,0.048828
0.030518,0.0012207,0.047607
0.02594,-0.0036621,0.047607
0.019073,-0.0079346,0.046387
0.011597,-0.007782,0.041504
0.0042725,-0.007019,0.045166
-0.0012207,-0.0085449,0.042725
-0.0050354,-0.012512,0.042725
-0.0079346,-0.018921,0.041504
-0.0093079,-0.02533,0.040283
-0.0086975,-0.030975,0.050049
-0.0067139,-0.03418,0.040283
-0.0022888,-0.033264,0.05249
0.0027466,-0.027924,0.036621
0.0085449,-0.019531,0.031738
0.015411,-0.0097656,0.039063
0.022888,-0.00015259,0.037842
0.031281,0.0085449,0.036621
0.039825,0.016632,0.042725
0.04837,0.021057,0.041504
0.055695,0.024261,0.045166
0.060883,0.023193,0.043945
0.063324,0.018158,0.05249
0.06012,0.010376,0.045166
0.056305,0.0028992,0.054932
0.049438,-0.0053406,0.057373
0.041809,-0.0083923,0.061035
0.034943,-0.0093079,0.065918
0.028992,-0.0053406,0.059814
0.025177,0.00030518,0.062256
0.023651,0.005188,0.061035
0.024414,0.0083923,0.067139
0.02655,0.009613,0.061035
0.030365,0.0090027,0.070801
0.032654,0.0085449,0.057373
0.033722,0.007782,0.063477
0.032196,0.0067139,0.059814
0.02594,0.0036621,0.065918
0.022278,-0.00045776,0.063477
0.016937,-0.0057983,0.065918
0.011292,-0.010834,0.061035
0.0076294,-0.012817,0.065918
0.0090027,-0.017548,0.063477
0.011139,-0.020294,2.5867
0.014496,-0.018921,4.7827
0.017548,-0.024872,4.9146
0.02243,-0.025635,4.9316
0.027313,-0.023956,4.9207
0.032043,-0.020905,4.9207
0.035095,-0.015564,4.9182
0.036774,-0.0099182,4.8975
0.037537,-0.0035095,4.9146
0.037994,0.00091553,4.9158
0.037689,0.0048828,4.8962
0.038605,0.0061035,4.9146
0.040131,0.0048828,4.9072
0.041046,0.0047302,4.9109
0.041046,0.00076294,4.9097
0.040436,-0.002594,4.9097
0.036621,-0.0059509,4.9048
0.032043,-0.0080872,4.9121
0.027313,-0.0090027,4.9109
0.023193,-0.0090027,4.9109
0.020752,-0.0059509,4.9146
0.020294,-0.0030518,4.9097
0.017853,0.0021362,4.9109
0.017395,0.0068665,4.9133
0.018005,0.0097656,4.9158
0.015411,0.012665,4.9146
0.01358,0.014038,4.9194
0.012207,0.014954,4.9194
0.011139,0.017548,4.9207
0.0080872,0.018311,4.9219
0.0059509,0.019226,4.9268
0.0024414,0.020294,4.9255
0.0027466,0.017853,4.9316
0.0033569,0.016632,4.9207
0.0027466,0.014191,4.9353
0.0080872,0.01297,4.9292
0.0085449,0.013123,4.9329
0.010223,0.01358,4.9304
0.011902,0.012817,4.9316
0.015106,0.0099182,4.9426
0.016632,0.007019,4.9365
0.018616,0.0039673,4.9402
0.020599,0.0022888,4.9365
0.020752,0.0021362,4.9231
0.023346,0.0010681,4.9402
0.025024,0.0015259,4.9329
0.024109,0,4.9329
0.024109,-0.00061035,4.9304
0.022125,-0.00076294,4.9304
0.018768,-0.00061035,4.928
0.014954,-0.00015259,4.9231
0.011139,0.0013733,4.9268
0.0076294,0.0027466,4.9194
-0.00076294,0.0028992,4.9207
0.0039673,0.0013733,4.9243
0.0053406,0,4.928
0.0085449,-0.0019836,4.9194
0.011749,-0.00091553,4.9158
0.015717,-0.00076294,4.9207
0.020294,0.0010681,4.9146
0.02243,0.0047302,4.9182
0.023651,0.0045776,4.9109
0.023346,0.005188,4.9036
0.02182,0.0071716,4.9109
0.019073,0.0091553,4.9084
0.017242,0.012207,4.8987
0.014954,0.014954,4.9121
0.015564,0.016022,4.9072
0.01709,0.015564,4.9109
0.018616,0.015411,4.9097
0.020905,0.014496,4.9146
0.024261,0.013733,4.9109
0.027008,0.012207,4.906
0.03006,0.010834,4.9158
0.031586,0.0071716,4.917
0.031433,0.0035095,4.9304
0.029602,-0.002594,4.9072
0.027466,-0.0079346,4.9268
0.024261,-0.012207,4.928
0.02243,-0.016022,4.9109
0.019379,-0.0177,4.9268
0.01709,-0.020599,4.9255
0.014191,-0.02121,4.9316
0.013123,-0.022278,4.9304
0.012817,-0.019836,4.928
0.014343,-0.017395,4.9353
0.017242,-0.013733,4.9255
0.02243,-0.011292,4.9377
0.027161,-0.0074768,4.9304
0.029907,-0.0050354,4.9341
0.032196,-0.0035095,4.9341
0.035858,-0.0027466,4.9414
0.0383,-0.00076294,4.9402
0.039063,0.00091553,4.9402
0.040588,0.0041199,4.9377
0.040436,0.0050354,4.9329
0.039825,0.0064087,4.9402
0.037994,0.009613,4.9268
0.036926,0.0091553,4.9353
0.035858,0.010834,4.9243
0.035858,0.012665,4.9207
0.036011,0.014954,4.9194
0.036774,0.016479,4.9243
0.036316,0.017242,4.917
0.035095,0.0177,4.9182
0.032806,0.019226,4.9133
0.03067,0.020599,4.9146
0.027924,0.022278,4.9158
0.026093,0.023651,4.9158
0.023804,0.023804,4.9121
0.023956,0.023041,0.048828
0.021667,0.021362,0.05249
0.014496,0.017853,0.041504
0.019836,0.014496,0.05127
0.016632,0.011597,0.037842
0.015869,0.0090027,0.028076
0.015106,0.0080872,0.040283
0.014191,0.007019,0.039063
0.01358,0.0059509,0.037842
0.01236,0.0059509,0.046387
0.010071,0.0062561,0.042725
0.0091553,0.0068665,0.047607
0.009613,0.0082397,0.050049
0.0093079,0.0083923,0.048828
0.0093079,0.0073242,0.05127
0.0097656,0.0054932,0.057373
0.0094604,0.0033569,0.059814
0.0079346,0.00061035,0.059814
0.007782,-0.00076294,0.065918
0.007782,0.00015259,0.058594
0.010376,-0.0027466,0.063477
0.012207,-0.0019836,0.062256
0.014496,-0.0019836,0.068359
0.016327,-0.0019836,0.062256
0.017242,-0.00076294,0.047607
0.018921,-0.00076294,0.061035
0.019989,0.00045776,0.063477
0.021057,0.00045776,0.062256
0.020752,-0.0012207,0.065918
0.021362,-0.00061035,0.064697
0.020752,-0.0030518,0.064697
0.018616,-0.004425,0.061035
0.017548,-0.0041199,0.064697
0.018005,-0.0010681,0.062256
0.020599,0.0012207,0.059814
0.023041,0.0024414,0.053711
0.025024,0.0018311,0.056152
0.026398,0.0021362,0.065918
0.027618,0.0012207,0.05127
0.027161,0.0012207,0.054932
0.026855,0.0018311,0.047607
0.02594,0.0018311,0.032959
0.025024,0.00076294,0.046387
0.022736,-0.0013733,0.043945
0.020905,-0.004425,0.042725
0.018158,-0.0064087,0.042725
0.015717,-0.0061035,0.039063
0.01358,-0.005188,0.042725
0.014801,-0.0033569,0.037842
0.014496,-0.0035095,0.039063
0.016479,-0.0035095,0.039063
0.019531,-0.0042725,0.037842
0.021515,-0.0059509,0.037842
0.024261,-0.0057983,0.042725
0.027313,-0.0041199,0.043945
0.029449,-0.00045776,0.040283
0.03067,0,0.039063
0.030823,0.0015259,0.045166
0.03006,0.0012207,0.042725
0.029449,0.00045776,0.045166
0.029297,-0.0015259,0.045166
0.028992,-0.0028992,0.047607
0.028381,-0.004425,0.05127
0.029297,-0.0067139,0.05127
0.031128,-0.0073242,0.056152
0.032959,-0.0079346,0.058594
0.033875,-0.0076294,0.061035
0.034637,-0.007019,0.056152
0.032501,-0.005188,0.064697
0.030975,-0.0021362,0.059814
0.028381,0.0010681,0.062256
0.026093,0.0035095,0.059814
0.023804,0.0047302,0.053711
0.02121,0.005188,0.06958
0.020294,0.005188,0.065918
0.019684,0.0047302,0.072021
0.019226,0.0047302,0.065918
0.020599,0.0053406,0.057373
0.02182,0.0057983,0.067139
0.023346,0.0068665,0.063477
0.023041,0.007019,0.054932
0.023346,0.0061035,0.062256
0.022278,0.0056458,0.054932
0.021362,0.005188,0.056152
0.020142,0.0061035,0.047607
0.018768,0.0036621,0.054932
0.018005,0.0013733,0.047607
0.018311,-0.00045776,0.05127
0.018616,-0.0027466,0.05249
0.019836,-0.0045776,0.05249
0.021667,-0.0065613,0.043945
0.023041,-0.0076294,0.047607
0.025635,-0.0067139,0.048828
0.027618,-0.0082397,0.041504
0.028229,-0.007782,0.042725
0.029755,-0.0080872,0.041504
0.029602,-0.0090027,0.03418
0.030823,-0.010529,0.036621
0.032196,-0.011597,0.0354
0.032806,-0.011902,0.042725
0.033569,-0.012054,0.042725
0.033875,-0.011292,0.036621
0.033722,-0.0083923,0.040283
0.032043,-0.0097656,0.039063
0.032501,-0.0093079,0.041504
0.031738,-0.010223,0.041504
0.030823,-0.009613,0.043945
0.033569,-0.0071716,0.046387
0.029449,-0.0054932,0.05127
0.028687,-0.0064087,0.068359
0.027161,-0.0053406,0.05249
0.025635,-0.0033569,0.058594
0.024261,-0.00045776,0.058594
0.023804,0.0036621,0.046387
0.023956,0.0038147,0.058594
0.021515,0.0064087,0.056152
0.020294,0.0067139,0.062256
0.018616,0.007782,3.1238
0.016479,0.0050354,4.8181
0.015717,0.0054932,4.9231
0.015411,0.0061035,4.9304
0.0177,0,4.9341
0.018311,0.0027466,4.9304
0.018311,0.0010681,4.9353
0.018158,0.0010681,4.9377
0.018005,0.0021362,4.9365
0.018005,0.0018311,4.9426
0.016327,0.00045776,4.9365
0.016022,0.0019836,4.9377
0.014954,0.0010681,4.9316
0.01236,-0.00015259,4.939
0.012054,-0.0019836,4.9255
0.011597,-0.0062561,4.9231
0.011597,-0.0039673,4.9194
0.011597,-0.00076294,4.9219
0.011749,0.0010681,4.9194
0.012512,0.0010681,4.9146
0.012512,-0.0013733,4.9133
0.012512,-0.0036621,4.9133
0.011749,-0.00091553,4.9109
0.011292,0.0033569,4.9133
0.011139,0.0048828,4.9097
0.01236,0.0027466,4.9121
0.014343,-0.00076294,4.9109
0.016022,-0.0042725,4.9121
0.013885,-0.0041199,4.9158
0.011749,0.00091553,4.9133
0.010986,0.0035095,4.9048
0.01358,0.010071,4.9109
0.017548,0.011139,4.9023
0.020142,0.010376,4.9121
0.024414,0.0079346,4.9109
0.02243,0.010834,4.9011
0.024261,0.011902,4.9109
0.026093,0.010834,4.9146
0.026855,0.011292,4.9133
0.026855,0.011139,4.9158
0.025024,0.0080872,4.9219
0.024872,0.007782,4.9219
0.025482,0.0035095,4.928
0.025635,0.00061035,4.9268
0.025024,-0.0018311,4.9304
0.023041,-0.0042725,4.9255
0.025177,-0.0036621,4.9329
0.027466,-0.005188,4.9341
0.029602,-0.0050354,4.9316
0.031128,-0.0056458,4.939
0.028839,-0.007019,4.9353
0.027313,-0.0074768,4.9146
0.027618,-0.0080872,4.9219
0.027924,-0.0061035,4.928
0.029602,-0.0032043,4.9329
0.029144,0.00091553,4.9341
0.028534,0.0019836,4.9316
0.028381,0.0047302,4.9402
0.029755,0.0036621,4.9341
0.031891,0.0024414,4.9341
0.033569,0.0010681,4.9292
0.035248,0.0015259,4.9292
0.035248,0.0015259,4.9207
0.034485,0.0024414,4.9268
0.032349,0.0027466,4.9353
0.028687,0.0015259,4.9207
0.02594,0.00061035,4.917
0.024261,-0.00061035,4.9072
0.024872,0.0019836,4.9048
0.025635,0.0042725,4.9121
0.026245,0.0054932,4.9146
0.02594,0.0054932,4.9146
0.024567,0.0045776,4.9109
0.023499,0.0050354,4.9146
0.023346,0.0042725,4.9109
0.02243,0.004425,4.9109
0.020905,0.0045776,4.9109
0.020294,0.0050354,4.9048
0.018768,0.0053406,4.9158
0.017853,0.0045776,4.9109
0.017548,0.0036621,4.9109
0.017242,0.0027466,4.9109
0.018311,0.0032043,4.9133
0.018768,0.0041199,4.9146
0.019684,0.0048828,4.9158
0.021362,0.0067139,4.9243
0.021973,0.0067139,4.9194
0.02121,0.0071716,4.9109
0.019989,0.0073242,4.9231
0.019836,0.0068665,4.9231
0.019379,0.0079346,4.9243
0.020294,0.0083923,4.928
0.020752,0.0076294,4.9268
0.022278,0.0067139,4.9329
0.023499,0.0059509,4.9316
0.024414,0.0054932,4.9304
0.02533,0.0057983,4.9304
0.025177,0.0065613,4.9329
0.02594,0.0074768,4.9316
0.026245,0.0067139,4.928
0.027161,0.0059509,4.9414
0.026703,0.0047302,4.9377
0.026703,0.0033569,4.9353
0.025482,0.002594,4.9377
0.024567,0.002594,4.9353
0.024261,0.0041199,4.9353
0.024872,0.0050354,4.9316
0.024719,0.005188,4.9304
0.024567,0.0032043,4.9304
0.023804,0.0022888,4.9255
0.022583,0.0019836,4.928
0.022736,0.0035095,0.05249
0.022888,0.0028992,0.054932
0.023499,0.0057983,0.046387
0.024567,0.0053406,0.046387
0.025787,0.0042725,0.050049
0.02655,0.0028992,0.045166
0.025635,0.0022888,0.045166
0.025024,0.0024414,0.046387
0.024261,0.0039673,0.057373
0.024109,0.0048828,0.042725
0.024872,0.0054932,0.05127
0.025024,0.004425,0.040283
0.024719,0.0027466,0.031738
0.024109,0.00091553,0.036621
0.023499,-0.00030518,0.037842
0.023499,-0.0016785,0.040283
0.023804,-0.00076294,0.040283
0.023804,-0.0013733,0.0354
0.023651,-0.002594,0.039063
0.022888,-0.0033569,0.037842
0.022125,-0.0054932,0.043945
0.021057,-0.0062561,0.040283
0.020599,-0.0067139,0.046387
0.018005,-0.0062561,0.047607
0.018768,-0.0048828,0.05127
0.018616,-0.0038147,0.067139
0.018768,-0.0032043,0.054932
0.021362,-0.0039673,0.057373
0.018768,-0.0045776,0.059814
0.018311,-0.0059509,0.05127
0.018463,-0.007019,0.058594
0.018921,-0.0048828,0.062256
0.019379,-0.0033569,0.062256
0.019836,-0.0013733,0.062256
0.020142,-0.00076294,0.058594
0.019989,-0.0012207,0.062256
0.020905,-0.0013733,0.061035
0.022125,0.00030518,0.057373
0.023193,0.00015259,0.063477
0.02533,0.0021362,0.068359
0.026855,0.0038147,0.064697
0.027771,0.0048828,0.068359
0.029144,0.0047302,0.06958
0.02594,0.0028992,0.067139
0.027771,0.0016785,0.068359
0.027313,-0.00015259,0.059814
0.028381,0.00015259,0.072021
0.027771,0.00076294,0.048828
0.026093,0.00091553,0.045166
0.027313,0.0042725,0.05249
0.024719,0.0013733,0.050049
0.024261,0.0010681,0.046387
0.023651,0.00045776,0.048828
0.022736,-0.00061035,0.041504
0.021667,0.00091553,0.046387
0.019989,0.0038147,0.040283
0.019073,0.0045776,0.045166
0.018158,0.0057983,0.041504
0.018005,0.0050354,0.037842
0.017395,0.0028992,0.039063
0.018616,0.0016785,0.042725
0.019226,0.0016785,0.045166
0.020294,0.0016785,0.041504
0.021667,0.0015259,0.045166
0.021515,0.0019836,0.041504
0.021973,-0.00061035,0.028076
0.021515,-0.0030518,0.040283
0.021362,-0.005188,0.040283
0.021515,-0.0054932,0.037842
0.021973,-0.0053406,0.042725
0.021362,-0.0036621,0.042725
0.019379,-0.0019836,0.047607
0.018311,-0.0024414,0.050049
0.017242,-0.0024414,0.056152
0.016632,0.0019836,0.054932
0.018921,-0.0012207,0.057373
0.018463,0.0010681,0.059814
0.019226,0.0028992,0.062256
0.019531,0.0041199,0.058594
0.018158,0.0041199,0.062256
0.019989,0.004425,0.063477
0.020447,0.0036621,0.067139
0.022278,0.0056458,0.070801
0.022583,0.0035095,0.063477
0.022888,0.0033569,0.045166
0.022125,0.0042725,0.062256
0.022888,0.0032043,0.067139
0.021057,0.0015259,0.064697
0.020294,0,0.064697
0.019836,-0.0022888,0.062256
0.020142,-0.0015259,0.062256
0.019531,-0.00076294,0.059814
0.019836,-0.00030518,0.063477
0.019379,-0.0010681,0.056152
0.018005,-0.0016785,0.061035
0.019836,-0.002594,0.05127
0.020142,-0.0033569,0.053711
0.020905,-0.0030518,0.061035
0.021057,-0.0015259,0.05249
0.021667,-0.00061035,0.046387
0.021057,0,0.047607
0.02121,0.0013733,0.039063
0.019989,-0.0015259,0.042725
0.019073,-0.0013733,0.042725
0.020599,-0.0015259,0.041504
0.020752,-0.0018311,0.040283
0.022278,-0.00030518,0.036621
0.023651,0.00015259,0.040283
0.024261,0.00091553,0.037842
0.026245,-0.00045776,0.040283
0.024872,0.00061035,0.037842
0.02594,-0.00076294,0.042725
0.024872,0.00030518,0.037842
0.028534,0.0012207,0.041504
0.029297,0.0018311,0.040283
0.028839,0.0028992,0.042725
0.028076,0.0028992,3.2019
0.026855,0.0024414,4.8108
0.025635,0.0016785,4.9158
0.025635,0.0015259,4.9146
0.025787,0.0024414,4.9084
0.025482,0.0035095,4.9219
0.024872,0.005188,4.9207
0.024109,0.0056458,4.9207
0.020294,0.0056458,4.9292
0.018921,0.0056458,4.9268
0.019989,0.0050354,4.928
0.018311,0.0065613,4.9304
0.018158,0.0085449,4.9353
0.018005,0.010376,4.9304
0.0177,0.010986,4.9329
0.0177,0.010681,4.9341
0.018005,0.0094604,4.9268
0.017395,0.0074768,4.9365
0.017853,0.0027466,4.9377
0.016632,0.0022888,4.9365
0.016479,0.0015259,4.9353
0.015869,-0.00015259,4.9451
0.013885,-0.0013733,4.9353
0.012054,-0.0033569,4.939
0.010681,-0.0056458,4.9341
0.0088501,-0.0071716,4.928
0.0086975,-0.0068665,4.9255
0.0093079,-0.0057983,4.9255
0.010529,-0.0050354,4.9158
0.011292,-0.0047302,4.9194
0.010986,-0.004425,4.917
0.014648,-0.004425,4.9158
0.016632,-0.0047302,4.9048
0.019684,-0.0048828,4.9182
0.020752,-0.0041199,4.9158
0.02243,-0.0030518,4.917
0.02243,-0.0015259,4.9255
0.022888,-0.00061035,4.9133
0.022583,-0.00076294,4.9011
0.020905,-0.0018311,4.9097
0.022888,-0.0010681,4.8901
0.023956,-0.0010681,4.9084
0.023346,-0.0030518,4.9109
0.025482,0.0024414,4.9121
0.02594,0.0032043,4.9109
0.026398,0.0027466,4.9084
0.026855,0.0016785,4.9121
0.027618,0.00091553,4.9097
0.027161,-0.00030518,4.9097
0.027008,0.00061035,4.9109
0.025482,0.0021362,4.9194
0.023346,0.0030518,4.917
0.02182,0.0050354,4.9243
0.020752,0.0059509,4.9255
0.019226,0.0056458,4.928
0.019531,0.0064087,4.9255
0.018158,0.0080872,4.9292
0.021362,0.010681,4.939
0.023499,0.014496,4.9329
0.02594,0.018616,4.9231
0.029297,0.019989,4.9316
0.031281,0.018921,4.9304
0.032501,0.016785,4.9304
0.032196,0.010529,4.9329
0.031586,0.010834,4.9255
0.029144,0.0088501,4.9365
0.026093,0.0036621,4.9329
0.023651,0.002594,4.939
0.020294,-0.00091553,4.9341
0.017853,-0.0047302,4.9377
0.015564,-0.0064087,4.9255
0.015106,-0.0067139,4.9353
0.015259,-0.0053406,4.939
0.015411,-0.0056458,4.9292
0.015106,-0.007019,4.9304
0.015106,-0.010071,4.9255
0.013885,-0.013275,4.9109
0.01358,-0.014954,4.9219
0.013733,-0.016174,4.9182
0.013123,-0.01709,4.9182
0.011139,-0.016632,4.9158
0.0097656,-0.016174,4.9146
0.0093079,-0.014801,4.9133
0.010834,-0.012665,4.9097
0.014954,-0.0093079,4.9158
0.020905,-0.0050354,4.906
0.027924,0,4.9109
0.034943,0.0047302,4.9133
0.040741,0.0083923,4.9133
0.046082,0.0097656,4.9097
0.047455,0.0097656,4.9146
0.049438,0.0068665,4.9133
0.047607,0.0054932,4.906
0.044098,0.0033569,4.9084
0.038757,0.0013733,4.9109
0.032349,0.00061035,4.9133
0.024567,-0.0010681,4.8914
0.021667,-0.0018311,4.9121
0.018616,-0.0010681,4.9158
0.017242,0.00030518,4.9194
0.018158,0.0022888,4.9182
0.020294,0.0065613,4.9304
0.023346,0.0086975,4.9231
0.025635,0.010986,4.9292
0.027161,0.0088501,4.9255
0.027008,0.0059509,4.9341
0.027161,0.0013733,4.9292
0.025177,-0.0030518,4.9341
0.024872,-0.0074768,4.9426
0.023499,-0.010071,4.9304
0.021973,-0.011292,4.6509
0.020752,-0.010681,0.059814
0.021362,-0.0094604,0.041504
0.021362,-0.0097656,0.062256
0.02594,-0.0062561,0.065918
0.031128,-0.007019,0.065918
0.033875,-0.0050354,0.065918
0.037842,-0.0032043,0.061035
0.0383,-0.0019836,0.065918
0.036621,-0.00015259,0.059814
0.03418,-0.00061035,0.062256
0.031433,-0.0019836,0.057373
0.028839,-0.0057983,0.057373
0.026398,-0.0022888,0.05127
0.023956,0.00045776,0.053711
0.023804,0.0032043,0.056152
0.019531,0.0053406,0.048828
0.018616,0.0050354,0.05127
0.019531,0.0021362,0.050049
0.020599,-0.00015259,0.041504
0.023346,-0.0030518,0.041504
0.024109,-0.002594,0.041504
0.024261,-0.0013733,0.041504
0.020905,-0.00076294,0.041504
0.019836,-0.0010681,0.036621
0.01709,-0.0021362,0.039063
0.014191,-0.0033569,0.037842
0.012207,-0.0045776,0.042725
0.010681,-0.0024414,0.0354
0.010071,0.0016785,0.043945
0.011749,0.0027466,0.0354
0.013428,0.007019,0.042725
0.015411,0.0071716,0.040283
0.018768,0.005188,0.041504
0.021667,0.0038147,0.050049
0.026703,0.0033569,0.045166
0.028992,0.004425,0.058594
0.03006,0.0079346,0.047607
0.029449,0.0067139,0.040283
0.026398,0.0061035,0.054932
0.023499,0.004425,0.054932
0.021515,0.0022888,0.053711
0.019684,0.0021362,0.059814
0.019989,0.0038147,0.059814
0.020905,0.0065613,0.062256
0.022125,0.0082397,0.059814
0.021973,0.0086975,0.063477
0.023193,0.0073242,0.058594
0.024567,0.0038147,0.063477
0.025482,0.0013733,0.063477
0.026703,-0.00015259,0.065918
0.026245,0.00015259,0.06958
0.025787,0.0015259,0.065918
0.023193,0.00091553,0.065918
0.021057,0.00076294,0.067139
0.019379,-0.00045776,0.072021
0.018158,-0.0016785,0.064697
0.017395,0.00061035,0.061035
0.017548,0.0042725,0.058594
0.018768,0.0076294,0.053711
0.018921,0.010986,0.053711
0.023193,0.011444,0.05249
0.025787,0.010376,0.050049
0.028839,0.0079346,0.045166
0.030365,0.0067139,0.046387
0.034332,0.0071716,0.048828
0.035706,0.0088501,0.046387
0.035553,0.010834,0.048828
0.03418,0.012665,0.040283
0.031433,0.01297,0.045166
0.029144,0.012054,0.056152
0.026398,0.011292,0.039063
0.024719,0.011139,0.050049
0.022736,0.011902,0.039063
0.02121,0.011597,0.029297
0.019226,0.011139,0.037842
0.0177,0.0093079,0.040283
0.016327,0.005188,0.040283
0.014496,0.00061035,0.037842
0.013275,-0.0028992,0.036621
0.011444,-0.0065613,0.039063
0.0091553,-0.0088501,0.039063
0.0080872,-0.010834,0.043945
0.0057983,-0.01358,0.043945
0.0041199,-0.014954,0.048828
0.0045776,-0.016632,0.048828
0.0033569,-0.016479,0.056152
0.0079346,-0.016022,0.061035
0.010223,-0.013428,0.056152
0.015106,-0.0097656,0.057373
0.018311,-0.0086975,0.059814
0.021973,-0.007019,0.067139
0.025635,-0.0074768,0.059814
0.028076,-0.0074768,0.048828
0.029907,-0.0071716,0.059814
0.032349,-0.0053406,0.059814
0.032349,-0.0030518,0.059814
0.031586,0.00045776,0.063477
0.031891,0.002594,0.058594
0.032196,0.0042725,0.063477
0.032043,0.0056458,0.062256
0.033264,0.0065613,0.068359
0.03479,0.009613,0.062256
0.035553,0.011749,0.067139
0.035706,0.010986,0.063477
0.034485,0.015717,0.061035
0.033722,0.015869,0.070801
0.031738,0.014801,0.057373
0.031128,0.014191,0.058594
0.029449,0.013275,0.05249
0.028076,0.013733,0.037842
0.024567,0.014954,0.046387
0.020905,0.016937,0.050049
0.018158,0.01709,0.040283
0.01709,0.014648,0.047607
0.016174,0.012817,0.042725
0.017242,0.0099182,0.043945
0.017242,0.0090027,2.9358
0.016937,0.0085449,4.7913
0.01709,0.0080872,4.8938
0.013885,0.0068665,4.9109
0.013123,0.0050354,4.9146
0.012665,0.0027466,4.9121
0.012665,0.0013733,4.9084
0.01236,0.00030518,4.9121
0.013428,0.00076294,4.906
0.011902,0.0010681,4.9097
0.011597,0.002594,4.9146
0.010376,0.0027466,4.9133
0.011444,0.0018311,4.9084
0.01358,0.00015259,4.9121
0.015717,-0.00091553,4.9109
0.017395,-0.0013733,4.917
0.01709,0,4.9207
0.016937,0.00030518,4.9182
0.016937,-0.00015259,4.928
0.015564,-0.00015259,4.9084
0.016022,-0.00091553,4.9268
0.017548,-0.0012207,4.9255
0.017853,-0.00030518,4.9329
0.0177,0.0010681,4.9304
0.015869,0.0028992,4.9341
0.015717,0.0030518,4.9414
0.015259,0.0027466,4.928
0.015259,0.0021362,4.9329
0.016479,0.0012207,4.9341
0.018768,-0.0013733,4.9268
0.02121,-0.0010681,4.9316
0.02121,-0.00045776,4.9316
0.020752,-0.00076294,4.9341
0.020905,-0.0012207,4.9341
0.018921,-0.002594,4.9292
0.018463,-0.0050354,4.9316
0.017395,-0.0074768,4.9292
0.018768,-0.0064087,4.9304
0.018005,-0.007782,4.9231
0.016479,-0.0064087,4.9255
0.016022,-0.0045776,4.9207
0.016022,-0.0045776,4.9231
0.016937,-0.0056458,4.9231
0.019226,-0.0073242,4.9207
0.021973,-0.0061035,4.9255
0.026245,-0.0048828,4.9158
0.028687,-0.0032043,4.9255
0.029144,-0.00061035,4.9121
0.028839,-0.00015259,4.8999
0.028687,-0.00045776,4.9158
0.030823,-0.00091553,4.9182
0.031891,-0.0036621,4.906
0.033875,-0.004425,4.9097
0.03418,-0.0035095,4.9072
0.032959,-0.0027466,4.9036
0.030365,-0.0021362,4.9072
0.027924,-0.0016785,4.9109
0.026855,-0.0027466,4.9084
0.027618,-0.0036621,4.9097
0.028687,-0.0032043,4.9121
0.028839,-0.0021362,4.9133
0.028687,-0.00045776,4.9219
0.026093,0.00061035,4.9182
0.024719,0.00061035,4.9243
0.023346,-0.00045776,4.9219
0.024719,-0.00045776,4.9182
0.026093,-0.0019836,4.9268
0.026703,-0.0024414,4.9207
0.025482,-0.0016785,4.9268
0.021057,-0.0012207,4.9268
0.017242,-0.0016785,4.9194
0.014496,-0.0019836,4.9304
0.013885,-0.0013733,4.928
0.016632,-0.0019836,4.9341
0.014954,-0.00076294,4.9292
0.015259,-0.00045776,4.9316
0.01297,-0.0035095,4.9341
0.01236,-0.00045776,4.9365
0.011597,-0.00045776,4.9316
0.01358,-0.0013733,4.9377
0.016174,-0.0022888,4.9402
0.015564,-0.0035095,4.9377
0.016937,-0.0045776,4.9255
0.017853,-0.0042725,4.9341
0.016785,-0.0045776,4.9194
0.014954,-0.005188,4.9243
0.015869,-0.0048828,4.9243
0.018311,-0.0061035,4.9255
0.02121,-0.0064087,4.9268
0.024109,-0.0064087,4.9146
0.02655,-0.0064087,4.9219
0.027466,-0.0068665,4.9133
0.026093,-0.0067139,4.9158
0.024414,-0.0071716,4.895
0.024567,-0.0080872,4.917
0.024872,-0.007019,4.9146
0.026398,-0.010223,4.9146
0.026703,-0.010223,4.9207
0.028381,-0.010529,4.9133
0.023651,-0.011139,4.906
0.02243,-0.010986,4.9133
0.021973,-0.010681,4.8914
0.023804,-0.010529,4.9084
0.025787,-0.0097656,4.9048
0.027771,-0.007782,4.9109
0.027466,-0.0056458,4.906
0.024719,-0.002594,4.9097
0.024414,0,4.9097
0.023651,0.0021362,4.9121
0.025024,0.0032043,4.9158
0.028229,0.0059509,0.041504
0.031586,0.0053406,0.056152
0.032501,0.0057983,0.053711
0.032349,0.0061035,0.056152
0.030975,0.0061035,0.058594
0.029907,0.0048828,0.061035
0.032196,0.0047302,0.059814
0.036011,0.0038147,0.062256
0.032959,0.0032043,0.075684
0.031738,0.002594,0.062256
0.028076,0.0021362,0.048828
0.023956,0.0015259,0.061035
0.019531,0.0012207,0.059814
0.016937,0.00045776,0.059814
0.015411,0.0019836,0.065918
0.014496,-0.0010681,0.062256
0.014496,-0.0033569,0.067139
0.012512,-0.0045776,0.068359
0.0093079,-0.0067139,0.068359
0.0068665,-0.005188,0.059814
0.005188,-0.0047302,0.063477
0.0050354,-0.0039673,0.053711
0.0047302,-0.0048828,0.058594
0.0079346,-0.0048828,0.064697
0.009613,-0.0054932,0.056152
0.011292,-0.0056458,0.054932
0.010223,-0.0048828,0.047607
0.010834,-0.0024414,0.036621
0.012817,-0.00061035,0.050049
0.016174,0.00015259,0.045166
0.021973,0.0016785,0.042725
0.022583,0.0015259,0.041504
0.023804,0.0010681,0.039063
0.022888,0.0038147,0.042725
0.023193,0.0053406,0.039063
0.023041,0.007782,0.040283
0.024109,0.009613,0.039063
0.026398,0.0082397,0.042725
0.027313,0.0093079,0.043945
0.027924,0.0080872,0.045166
0.027466,0.0073242,0.039063
0.026398,0.0068665,0.041504
0.024567,0.0064087,0.040283
0.023956,0.0061035,0.039063
0.026855,0.0056458,0.047607
0.025482,0.0030518,0.042725
0.02594,0.00030518,0.0354
0.027161,-0.0015259,0.041504
0.024872,-0.0036621,0.05127
0.021667,-0.0036621,0.05127
0.021362,-0.0016785,0.05249
0.022736,-0.0018311,0.05249
0.025482,-0.0019836,0.059814
0.027618,-0.00015259,0.056152
0.030212,-0.00030518,0.061035
0.030823,-0.0027466,0.059814
0.03067,0.0012207,0.064697
0.030975,0.002594,0.058594
0.032196,0.0036621,0.059814
0.035248,0.0047302,0.062256
0.036469,0.0041199,0.061035
0.037689,0.0032043,0.061035
0.036469,0.0032043,0.063477
0.034332,0.0036621,0.05127
0.032043,0.005188,0.059814
0.030823,0.0074768,0.065918
0.032349,0.0086975,0.063477
0.033417,0.0093079,0.064697
0.033875,0.0086975,0.059814
0.032959,0.007782,0.062256
0.030975,0.0076294,0.053711
0.029449,0.0067139,0.057373
0.024261,0.0093079,0.050049
0.024261,0.009613,0.05249
0.022278,0.0079346,0.045166
0.020905,0.005188,0.05127
0.019226,0.0024414,0.050049
0.016327,0.00015259,0.047607
0.013733,0,0.05249
0.011139,0.00015259,0.046387
0.010223,0.00091553,0.054932
0.010376,0.0021362,0.040283
0.011597,0.00076294,0.030518
0.012817,-0.0013733,0.036621
0.012817,-0.0022888,0.028076
0.010681,-0.0019836,0.039063
0.0091553,-0.00061035,0.039063
0.0091553,0.0016785,0.037842
0.010986,0.0021362,0.037842
0.01358,0.0021362,0.040283
0.016327,0.0010681,0.041504
0.018005,0.00061035,0.039063
0.019226,0.0010681,0.042725
0.019989,0.002594,0.046387
0.019684,0.0048828,0.05127
0.02121,0.0064087,0.054932
0.022736,0.0067139,0.053711
0.024872,0.0054932,0.057373
0.025787,0.004425,0.054932
0.024719,0.0036621,0.053711
0.023041,0.0013733,0.058594
0.020447,0.0045776,0.058594
0.020447,0.0056458,0.057373
0.020599,0.0056458,0.062256
0.02182,0.0038147,0.061035
0.02243,0.0019836,0.061035
0.02243,0.0010681,0.054932
0.020599,-0.00015259,0.062256
0.018921,0.0016785,0.059814
0.018158,0.0022888,0.064697
0.017395,0.0024414,0.067139
0.020294,0.0010681,0.065918
0.02182,-0.00076294,0.063477
0.02243,-0.002594,0.065918
0.023651,-0.0027466,0.075684
0.022888,-0.0015259,0.064697
0.021057,-0.00045776,0.067139
0.022583,0.0010681,2.4902
0.022736,0.002594,4.7681
0.026398,0.0021362,4.9109
0.028687,0.0016785,4.9158
0.030365,0.0018311,4.9194
0.029907,0.0027466,4.9182
0.027924,0.0042725,4.917
0.027313,0.0057983,4.9158
0.028687,0.0065613,4.9109
0.029449,0.0061035,4.917
0.029449,0.0039673,4.9048
0.026855,0.0013733,4.917
0.02594,0.0013733,4.9146
0.02121,0.0018311,4.9146
0.016632,0.002594,4.9158
0.015411,0.00015259,4.9158
0.015411,0.0016785,4.9097
0.015259,-0.0012207,4.9109
0.015411,-0.0041199,4.8999
0.012665,-0.0061035,4.9072
0.011749,-0.0079346,4.9231
0.0091553,-0.0042725,4.9109
0.0086975,-0.0032043,4.9084
0.0083923,-0.002594,4.9084
0.011292,-0.0033569,4.9121
0.012817,-0.005188,4.9133
0.01358,-0.0053406,4.9219
0.016785,-0.0062561,4.9182
0.012665,-0.0039673,4.9243
0.014496,-0.0010681,4.9255
0.017548,-0.00045776,4.928
0.020142,0.0022888,4.9268
0.023956,0.0012207,4.9304
0.02655,0,4.9377
0.027008,-0.00030518,4.9341
0.026398,0.0016785,4.9402
0.02594,0.0033569,4.9316
0.027008,0.0038147,4.9194
0.027161,0.0039673,4.9341
0.028076,0.0015259,4.9329
0.028229,-0.00061035,4.9304
0.026855,-0.0012207,4.9329
0.026245,-0.0010681,4.9353
0.023499,0.0018311,4.9438
0.022125,0.0039673,4.9329
0.022888,0.0048828,4.9402
0.023651,0.0042725,4.9304
0.024109,0.0021362,4.9329
0.024261,0.00076294,4.9304
0.02243,0.0012207,4.9304
0.021057,0.00091553,4.928
0.019836,0.0022888,4.9268
0.019684,0.0030518,4.9207
0.020294,0.0010681,4.9097
0.020905,0.00076294,4.9231
0.021973,0.00015259,4.917
0.023041,-0.00076294,4.9109
0.022736,0.00076294,4.9121
0.023499,0.0018311,4.906
0.023193,0.0027466,4.9133
0.027008,0.0021362,4.9097
0.02594,0.00045776,4.9084
0.026703,-0.0030518,4.9121
0.026245,-0.0042725,4.906
0.024567,-0.0042725,4.9097
0.02243,-0.0032043,4.9109
0.020294,-0.00061035,4.9121
0.019073,0.0015259,4.9072
0.018311,0.0013733,4.9109
0.020599,-0.00015259,4.9219
0.020294,-0.0019836,4.9121
0.019379,-0.0024414,4.9207
0.018463,-0.00091553,4.9194
0.016785,0.0024414,4.9011
0.017395,0.0047302,4.9182
0.019226,0.0062561,4.9194
0.020599,0.0027466,4.928
0.021057,0.00015259,4.9243
0.019836,-0.00091553,4.9231
0.016174,-0.0013733,4.9292
0.016174,0.0028992,4.9329
0.015564,0.0048828,4.9353
0.015411,0.0038147,4.928
0.016174,0.0027466,4.9341
0.016632,-0.0010681,4.9329
0.016479,-0.0035095,4.9243
0.015106,-0.0035095,4.939
0.015106,-0.0019836,4.9341
0.014038,0.00076294,4.9329
0.014648,0.0018311,4.9377
0.01297,0.00030518,4.9414
0.016479,-0.0015259,4.9377
0.017548,-0.0042725,4.9451
0.017395,-0.0045776,4.9377
0.016785,-0.0033569,4.9316
0.015411,-0.0015259,4.9268
0.015259,0.00030518,4.928
0.016327,0.00091553,4.9255
0.018616,0,4.9243
0.021973,-0.00045776,4.9194
0.02243,-0.00091553,4.9207
0.023041,-0.00015259,4.9158
0.021667,-0.00015259,4.9207
0.020905,0.0010681,4.9146
0.020905,0.0024414,4.9194
0.023193,0.0027466,4.928
0.023804,0.0021362,4.9109
0.023956,0.0010681,4.9231
0.023193,0.00045776,4.9097
0.021515,0.00061035,0.032959
0.021362,0.0019836,0.039063
0.021515,0.0033569,0.037842
0.019531,0.0048828,0.039063
0.023804,0.0030518,0.041504
0.02533,0.00091553,0.037842
0.024872,-0.0013733,0.040283
0.024109,-0.0016785,0.039063
0.021515,-0.0019836,0.041504
0.020294,-0.00030518,0.037842
0.019379,0.0015259,0.045166
0.020599,0.002594,0.048828
0.02182,0.0021362,0.05249
0.022278,0.0015259,0.054932
0.021362,0.00076294,0.053711
0.020142,0.0010681,0.058594
0.018768,0.0016785,0.056152
0.019226,0.0022888,0.058594
0.018616,0.0015259,0.061035
0.019684,-0.00061035,0.056152
0.019531,-0.0036621,0.058594
0.017548,-0.0064087,0.064697
0.016479,-0.007019,0.062256
0.013733,-0.0054932,0.067139
0.012665,-0.0028992,0.058594
0.013733,-0.0024414,0.065918
0.014343,-0.0015259,0.061035
0.015259,-0.0028992,0.064697
0.015411,-0.004425,0.068359
0.014496,-0.0059509,0.068359
0.014191,-0.0039673,0.067139
0.01358,-0.0024414,0.064697
0.014191,-0.00076294,0.075684
0.015717,-0.00061035,0.061035
0.017395,-0.0013733,0.064697
0.019073,-0.0033569,0.053711
0.019379,-0.0041199,0.041504
0.020294,-0.0038147,0.048828
0.019684,-0.002594,0.045166
0.019073,-0.0012207,0.048828
0.019989,-0.00045776,0.05249
0.020905,-0.00091553,0.047607
0.021973,-0.0028992,0.046387
0.02243,-0.0045776,0.043945
0.021362,-0.0042725,0.043945
0.020294,-0.0036621,0.039063
0.019379,-0.0015259,0.043945
0.019379,0.00015259,0.040283
0.019684,0,0.040283
0.020142,-0.0015259,0.045166
0.019684,-0.0039673,0.037842
0.018158,-0.0059509,0.0354
0.01709,-0.0056458,0.042725
0.015869,-0.0033569,0.028076
0.016022,-0.0015259,0.0354
0.015717,-0.00045776,0.031738
0.018005,-0.0012207,0.040283
0.019684,-0.0019836,0.042725
0.021362,-0.0019836,0.041504
0.023346,-0.00045776,0.046387
0.023193,0.0018311,0.045166
0.023804,0.0039673,0.05127
0.024567,0.0047302,0.05249
0.024872,0.0035095,0.056152
0.024872,0.0010681,0.054932
0.024719,-0.0016785,0.059814
0.024261,-0.0032043,0.059814
0.023041,-0.0038147,0.062256
0.02243,-0.0028992,0.06958
0.02243,-0.0027466,0.067139
0.020905,-0.0022888,0.072021
0.020599,-0.0030518,0.059814
0.019531,-0.0050354,0.050049
0.018463,-0.0059509,0.059814
0.017395,-0.0057983,0.063477
0.018158,-0.0057983,0.061035
0.018311,-0.0045776,0.067139
0.017395,-0.0030518,0.063477
0.017395,-0.005188,0.065918
0.017242,-0.0057983,0.063477
0.018768,-0.0068665,0.065918
0.019836,-0.0088501,0.056152
0.020294,-0.004425,0.059814
0.019989,-0.0024414,0.056152
0.019073,-0.0013733,0.053711
0.0177,-0.00076294,0.053711
0.018005,-0.0013733,0.05249
0.018921,-0.0024414,0.048828
0.020905,-0.0028992,0.047607
0.022125,-0.0015259,0.047607
0.023499,0,0.046387
0.024414,0.0013733,0.043945
0.026398,0.0012207,0.039063
0.026093,-0.00076294,0.040283
0.02655,-0.0019836,0.040283
0.026093,-0.0030518,0.040283
0.026093,-0.0048828,0.03418
0.023651,-0.0015259,0.041504
0.022583,-0.00030518,0.0354
0.02182,-0.0010681,0.041504
0.021362,-0.00076294,0.040283
0.021515,-0.002594,0.040283
0.021667,-0.0042725,0.039063
0.023041,-0.0068665,0.043945
0.023499,-0.0045776,0.054932
0.024872,-0.0021362,0.040283
0.024719,-0.00030518,0.05127
0.022736,0.00091553,0.047607
0.024872,0.00061035,0.03418
0.025024,0.00045776,0.048828
0.02533,0.00061035,0.054932
0.025635,0.0010681,0.053711
0.02594,0.0016785,0.056152
0.026855,0.0021362,0.056152
0.025635,0.002594,0.061035
0.026703,0.0016785,0.061035
0.027161,0.00076294,0.062256
0.027466,0.00061035,0.058594
0.028534,0.0013733,0.62744
0.029297,0.0038147,4.6802
0.029755,0.0056458,4.9146
0.029297,0.013275,4.9341
0.028534,0.0076294,4.9353
0.029297,0.0065613,4.9353
0.028381,0.005188,4.9377
0.028076,0.005188,4.9475
0.027924,0.0057983,4.9292
0.027313,0.007019,4.9194
0.02594,0.0086975,4.9316
0.024719,0.007019,4.9268
0.023499,0.0083923,4.9084
0.022583,0.0071716,4.9255
0.02243,0.007019,4.9231
0.022583,0.0079346,4.9219
0.024109,0.0093079,4.9182
0.024567,0.0099182,4.9207
0.024414,0.0073242,4.9133
0.023193,0.0057983,4.9194
0.022736,0.0033569,4.9158
0.02121,0.0021362,4.917
0.021515,0.0010681,4.9194
0.021973,0.004425,4.9182
0.020752,0.0061035,4.917
0.019836,0.0076294,4.9084
0.019531,0.0064087,4.8999
0.019531,0.0054932,4.9109
0.019684,0.0047302,4.9097
0.020752,0.0038147,4.9084
0.021362,0.0050354,4.9084
0.02121,0.0048828,4.9097
0.021515,0.0047302,4.9097
0.02182,0.0041199,4.906
0.02121,0.0035095,4.9146
0.021057,0.0032043,4.9109
0.021362,0.0036621,4.9182
0.019989,0.0045776,4.9182
0.02243,0.0054932,4.9207
0.023041,0.0056458,4.9158
0.023499,0.0036621,4.9231
0.021973,0.0039673,4.9268
0.022888,0.0019836,4.928
0.02243,0.00076294,4.9402
0.022888,0,4.9316
0.023651,0.00045776,4.9182
0.023956,0.0016785,4.9304
0.023956,0.0024414,4.9353
0.024261,0.0041199,4.9316
0.024567,0.0028992,4.9304
0.024109,0.0038147,4.9292
0.024872,0.004425,4.9353
0.024109,0.005188,4.9341
0.02533,0.0056458,4.9365
0.025482,0.0053406,4.9329
0.02655,0.0038147,4.9268
0.025177,0.0033569,4.9341
0.023956,0.0032043,4.9353
0.023499,0.0033569,4.9451
0.023193,0.0045776,4.9304
0.024872,0.005188,4.9292
0.022278,0.0064087,4.9329
0.02182,0.0068665,4.9109
0.019989,0.0065613,4.9194
0.019379,0.0065613,4.9194
0.019836,0.0054932,4.9194
0.02121,0.0047302,4.9207
0.021667,0.0035095,4.9146
0.022278,0.0024414,4.9194
0.022278,0.00076294,4.9146
0.021362,-0.0018311,4.9121
0.020294,-0.0010681,4.9084
0.019989,-0.0012207,4.9158
0.018463,-0.00076294,4.9109
0.017548,-0.00030518,4.9097
0.016479,0.00030518,4.9084
0.016174,0.00061035,4.9158
0.015869,-0.00045776,4.917
0.015106,0.00015259,4.9109
0.015717,-0.00015259,4.9158
0.015869,0.00015259,4.9109
0.017395,0.00045776,4.8999
0.018005,0.0033569,4.9084
0.018921,0.0012207,4.9158
0.018463,0.00015259,4.9133
0.017853,-0.00015259,4.917
0.017548,0.00030518,4.9158
0.017242,0.00091553,4.9207
0.017242,0.0021362,4.9268
0.017242,0.0032043,4.928
0.01709,0.0038147,4.928
0.017853,0.0035095,4.9304
0.018005,0.0028992,4.9329
0.017242,0.0024414,4.9402
0.018005,0.0022888,4.9377
0.017548,0.0024414,4.9329
0.018005,0.0019836,4.9329
0.018158,0.00076294,4.9329
0.0177,-0.00015259,4.9255
0.016785,-0.00061035,4.9329
0.015564,-0.00091553,4.9329
0.014954,-0.00030518,4.9329
0.015106,0.00045776,4.9353
0.015106,0.0010681,4.9316
0.015411,0.00091553,4.9341
0.015869,0.00045776,4.9329
0.015869,-0.0019836,4.9316
0.016022,-0.00091553,4.9255
0.015717,0.0015259,4.9292
0.016937,0.00015259,0.058594
0.017242,0.00045776,0.054932
0.018311,0.0012207,0.048828
0.018463,-0.00030518,0.047607
0.019989,-0.0012207,0.057373
0.018463,-0.0016785,0.032959
0.018005,-0.0022888,0.053711
0.018463,-0.00091553,0.043945
0.019379,-0.00015259,0.047607
0.019684,0.00030518,0.037842
0.020599,0,0.039063
0.02243,-0.00076294,0.039063
0.02182,-0.00061035,0.041504
0.021667,-0.00076294,0.036621
0.021362,-0.00030518,0.041504
0.021973,0.00091553,0.037842
0.020752,0.00030518,0.039063
0.020905,0.0016785,0.041504
0.020447,0.0016785,0.041504
0.019073,0.0013733,0.041504
0.01709,0.00061035,0.043945
0.016785,0.00015259,0.057373
0.016327,0.00045776,0.047607
0.016632,-0.00045776,0.053711
0.016785,-0.00076294,0.048828
0.016479,-0.0019836,0.03418
0.01709,-0.0028992,0.048828
0.017395,-0.0028992,0.05249
0.015411,-0.0028992,0.057373
0.0177,-0.00045776,0.058594
0.018463,0.0021362,0.057373
0.019531,0.0041199,0.064697
0.021057,0.0056458,0.061035
0.02121,0.0048828,0.065918
0.02182,0.004425,0.058594
0.022125,0.0032043,0.062256
0.023956,0.002594,0.061035
0.02533,0.0013733,0.059814
0.025024,0.00061035,0.072021
0.023956,-0.00061035,0.067139
0.02182,-0.0018311,0.068359
0.018921,-0.0041199,0.067139
0.016479,-0.0045776,0.079346
0.015564,-0.0054932,0.063477
0.014496,-0.0045776,0.058594
0.014648,-0.0042725,0.061035
0.014648,-0.0042725,0.057373
0.015106,-0.0047302,0.05127
0.016632,-0.005188,0.054932
0.018005,-0.0057983,0.046387
0.019226,-0.0056458,0.05127
0.019836,-0.0039673,0.046387
0.020905,-0.0022888,0.047607
0.021057,-0.0010681,0.045166
0.021057,-0.00061035,0.047607
0.020905,-0.00045776,0.045166
0.021362,-0.0013733,0.043945
0.023041,-0.0015259,0.050049
0.02243,-0.0048828,0.039063
0.024414,-0.00076294,0.037842
0.025482,-0.00076294,0.041504
0.02655,-0.0019836,0.028076
0.028381,-0.0027466,0.039063
0.030212,-0.0022888,0.0354
0.030823,-0.0021362,0.037842
0.031433,-0.0012207,0.032959
0.031128,-0.00015259,0.040283
0.029907,0.00030518,0.041504
0.028381,-0.0021362,0.039063
0.024872,-0.00030518,0.047607
0.025177,-0.00061035,0.040283
0.022583,-0.00076294,0.047607
0.020752,-0.0010681,0.05127
0.019226,-0.0019836,0.056152
0.018005,-0.0015259,0.050049
0.019226,-0.0021362,0.057373
0.017853,-0.0038147,0.058594
0.019073,-0.002594,0.057373
0.020447,-0.0032043,0.070801
0.021515,-0.0032043,0.064697
0.022125,-0.0028992,0.042725
0.020142,-0.0032043,0.058594
0.019379,-0.0039673,0.062256
0.017242,-0.0054932,0.062256
0.016327,-0.0048828,0.059814
0.014648,-0.004425,0.058594
0.014496,-0.0028992,0.065918
0.016022,0.0010681,0.063477
0.015411,-0.00030518,0.06958
0.01709,-0.00091553,0.064697
0.018768,-0.0018311,0.06958
0.020294,-0.002594,0.05249
0.021057,-0.002594,0.064697
0.022888,-0.0032043,0.073242
0.02182,-0.0038147,0.057373
0.019531,-0.0027466,0.054932
0.017548,-0.0053406,0.05249
0.016174,-0.0059509,0.036621
0.016327,-0.0062561,0.048828
0.015869,-0.0038147,0.050049
0.016785,-0.0018311,0.045166
0.017853,-0.00015259,0.047607
0.018921,0.0015259,0.039063
0.019531,0.00076294,0.045166
0.020294,-0.00030518,0.041504
0.022125,-0.00091553,0.041504
0.02243,-0.00045776,0.036621
0.022736,0,0.045166
0.021667,0.0016785,0.040283
0.02121,0.0016785,0.037842
0.021973,0.0012207,0.041504
0.019989,0.0012207,0.041504
0.020905,0.00061035,0.048828
0.023651,0.0036621,0.039063
0.021362,0.00045776,0.050049
0.022278,0.00030518,0.037842
0.022736,-0.0010681,0.032959
0.018768,-0.0032043,0.042725
0.022736,-0.0033569,4.1394
0.02243,-0.004425,4.8633
0.022888,-0.0032043,4.9158
0.023651,-0.002594,4.917
0.023804,-0.0019836,4.9158
0.023804,-0.00076294,4.9243
0.023651,0.00045776,4.9304
0.022888,0.00030518,4.928
0.022583,-0.00030518,4.9316
0.023346,-0.0010681,4.9377
0.024109,-0.0019836,4.9329
0.024261,-0.0035095,4.939
0.024872,-0.0045776,4.9329
0.02533,-0.0045776,4.9304
0.024719,-0.004425,4.9329
0.02533,-0.0045776,4.9365
0.025177,-0.0047302,4.9353
0.024567,-0.0036621,4.9255
0.024719,-0.0033569,4.9329
0.023956,-0.0030518,4.9316
0.023346,-0.0019836,4.9292
0.023193,0.00061035,4.9377
0.02243,-0.0018311,4.9304
0.02243,-0.0022888,4.9329
0.023499,-0.002594,4.9243
0.024567,-0.002594,4.9255
0.02594,-0.0027466,4.9231
0.027313,-0.0022888,4.9207
0.026245,-0.0016785,4.9219
0.025635,-0.00091553,4.9207
0.024109,-0.0015259,4.9304
0.023041,-0.0021362,4.917
0.023041,0.00030518,4.9255
0.022736,-0.0012207,4.9194
0.022736,-0.00091553,4.8975
0.022736,-0.00045776,4.9097
0.02243,0.00015259,4.9146
0.022583,-0.0013733,4.9036
0.02182,-0.002594,4.9109
0.02243,-0.0033569,4.906
0.023041,-0.0036621,4.9084
0.023499,-0.002594,4.9011
0.023804,-0.00076294,4.9109
0.023041,0.0013733,4.9084
0.022278,0.0022888,4.9133
0.021362,0.0038147,4.9109
0.021973,0.0039673,4.9121
0.018616,0.0032043,4.9231
0.023346,0.0054932,4.9158
0.023956,0.0048828,4.9158
0.024719,0.0042725,4.9207
0.025024,0.0032043,4.9207
0.024567,0.0015259,4.9219
0.024719,0.0012207,4.9158
0.024567,0.00076294,4.928
0.024261,0.00091553,4.9292
0.024567,0.0022888,4.928
0.025024,0.0033569,4.9316
0.025482,0.0041199,4.9304
0.025635,0.0036621,4.9329
0.024872,0.005188,4.9292
0.023956,0.0065613,4.9341
0.023956,0.0076294,4.9292
0.024567,0.0073242,4.9365
0.024261,0.0076294,4.9353
0.024414,0.0065613,4.9365
0.024109,0.0061035,4.9451
0.022736,0.005188,4.939
0.02121,0.0057983,4.9451
0.020142,0.0056458,4.9243
0.019379,0.0067139,4.9207
0.019684,0.0062561,4.9316
0.019684,0.0062561,4.928
0.019226,0.004425,4.9231
0.018463,0.0048828,4.928
0.017548,0.0047302,4.9207
0.017548,0.005188,4.9207
0.017548,0.0064087,4.9194
0.018921,0.007019,4.9182
0.019989,0.0071716,4.9109
0.021057,0.0067139,4.9182
0.020752,0.0056458,4.9182
0.019989,0.0050354,4.9158
0.019836,0.004425,4.9146
0.017242,0.0056458,4.9146
0.020142,0.0065613,4.9109
0.020599,0.0073242,4.9109
0.020905,0.007019,4.906
0.02121,0.0059509,4.9109
0.019226,0.005188,4.917
0.018921,0.004425,4.906
0.018158,-0.00076294,4.9097
0.018768,0.0036621,4.9109
0.018616,0.0035095,4.9109
0.018768,0.0022888,4.9084
0.018005,-0.0021362,4.9146
0.016327,-0.00061035,4.9146
0.014954,-0.0018311,4.9207
0.013885,-0.0016785,4.917
0.014038,-0.0010681,4.9255
0.012512,0.00015259,4.9158
0.011292,0.00061035,4.9316
0.014343,0.0030518,4.9329
0.016785,0.0035095,4.9304
0.017395,0.0032043,4.9377
0.020447,0.002594,4.9243
0.023193,0.0022888,4.9158
0.024719,0.002594,4.9304
0.024872,0.0030518,0.062256
0.025787,0.0028992,0.059814
0.025787,0.0024414,0.062256
0.024567,0.0018311,0.056152
0.023499,0.0010681,0.064697
0.022888,0.0021362,0.063477
0.023041,0.0027466,0.067139
0.022736,0.0032043,0.064697
0.022888,0.0032043,0.067139
0.023804,0.002594,0.064697
0.023956,0.0015259,0.063477
0.023041,0.00091553,0.072021
0.023193,0.0010681,0.059814
0.023193,0.0019836,0.053711
0.022583,0.0021362,0.053711
0.022278,0.0027466,0.042725
0.020294,0.0028992,0.050049
0.017548,0.00091553,0.048828
0.016479,0.0018311,0.046387
0.015411,0.0013733,0.046387
0.016327,0.0030518,0.045166
0.016785,0.0016785,0.045166
0.018158,0.0018311,0.040283
0.018768,0.0038147,0.043945
0.018158,-0.0028992,0.0354
0.018463,0.00030518,0.037842
0.017853,0.00076294,0.040283
0.019531,0.00061035,0.043945
0.019379,0.0015259,0.040283
0.018921,0.0021362,0.041504
0.019226,0.0024414,0.047607
0.018005,0.0036621,0.042725
0.017395,0.0030518,0.053711
0.016937,0.0032043,0.036621
0.016937,0.0015259,0.0354
0.019989,0.00045776,0.041504
0.017242,0,0.046387
0.018158,0.00091553,0.047607
0.018463,0.0022888,0.05249
0.018158,0.0036621,0.05127
0.017548,0.0033569,0.056152
0.017395,0.0035095,0.054932
0.017548,0.0027466,0.062256
0.016022,0.0021362,0.057373
0.018005,0.0015259,0.063477
0.0177,0.0010681,0.062256
0.016632,0.00076294,0.062256
0.016174,-0.00015259,0.068359
0.015411,-0.0010681,0.063477
0.016022,-0.0022888,0.062256
0.016785,-0.0038147,0.061035
0.018616,-0.0033569,0.067139
0.019531,-0.002594,0.064697
0.018921,-0.0016785,0.063477
0.019989,-0.0012207,0.064697
0.018158,-0.0010681,0.067139
0.018463,-0.0012207,0.058594
0.018616,-0.0018311,0.062256
0.020142,-0.0010681,0.057373
0.020905,0.00030518,0.062256
0.021515,0.0010681,0.053711
0.020905,-0.00061035,0.054932
0.021515,0.00091553,0.05249
0.022125,-0.00015259,0.05127
0.02243,-0.0010681,0.046387
0.023346,-0.0019836,0.050049
0.024261,0,0.062256
0.024872,0.00091553,0.043945
0.025787,0.0021362,0.050049
0.025482,-0.0024414,0.041504
0.024872,0.0010681,0.029297
0.023956,0.00015259,0.036621
0.022736,-0.00030518,0.037842
0.024567,-0.00045776,0.041504
0.023804,-0.00030518,0.037842
0.02243,-0.0015259,0.037842
0.020752,-0.004425,0.042725
0.018311,-0.005188,0.036621
0.018768,-0.0065613,0.037842
0.01709,-0.0071716,0.036621
0.015259,-0.0065613,0.041504
0.017853,-0.0042725,0.042725
0.018005,-0.0035095,0.046387
0.018311,-0.0018311,0.048828
0.018768,-0.0022888,0.047607
0.019531,-0.0012207,0.047607
0.020599,-0.0022888,0.05127
0.021667,-0.0018311,0.05249
0.022736,-0.0012207,0.05249
0.023804,-0.00076294,0.05249
0.023804,0.00015259,0.059814
0.025024,0.00030518,0.050049
0.024261,0.00091553,0.058594
0.024261,0.0013733,0.076904
0.025177,0.0019836,0.058594
0.026703,0.0024414,0.063477
0.027618,0.0032043,0.061035
0.027618,0.0036621,0.064697
0.027161,0.0068665,0.063477
0.025635,0.002594,0.065918
0.023804,0.00061035,0.064697
0.021667,-0.0015259,0.065918
0.020599,-0.0016785,0.075684
0.018463,-0.002594,0.065918
0.016327,-0.002594,0.067139
0.014496,-0.0022888,0.062256
0.013275,-0.0027466,0.048828
0.012054,-0.0019836,0.057373
0.011444,-0.0021362,0.053711
0.01236,-0.0022888,0.043945
0.014496,-0.0018311,0.047607
0.015564,-0.0013733,0.046387
0.0177,-0.00076294,0.047607
0.018768,0.00076294,0.047607
0.018463,0.00030518,0.048828
0.020752,0.0010681,0.037842
0.02182,0.00076294,0.045166
0.023346,0.00076294,0.045166
0.024719,0.00030518,3.8
0.025635,0.00030518,4.8413
0.026093,0.00030518,4.9023
0.027618,0.00076294,4.906
0.028534,0.0012207,4.9097
0.028839,0.0010681,4.9097
0.029755,0.0010681,4.9109
0.028992,0.00076294,4.9146
0.027618,0.0010681,4.9097
0.02594,0.00091553,4.906
0.023041,0.0015259,4.9097
0.021362,0.0015259,4.9121
0.020294,0.00076294,4.9084
0.018616,-0.0015259,4.9109
0.018616,-0.00061035,4.9133
0.018311,0.00030518,4.9207
0.019073,0.00030518,4.9207
0.019073,0.0015259,4.9243
0.019073,0.0022888,4.9255
0.018616,0.002594,4.9304
0.018616,0.0024414,4.9414
0.017548,0.0028992,4.9316
0.017853,0.0027466,4.9341
0.018158,0.0028992,4.9353
0.016937,0.002594,4.9194
0.020142,0.0027466,4.9316
0.019226,0.0028992,4.9292
0.019684,0.0022888,4.9304
0.020905,0.0019836,4.9463
0.021667,0.0035095,4.9316
0.021515,0.00091553,4.9353
0.021515,0.00030518,4.9353
0.019989,-0.0013733,4.939
0.018921,-0.00091553,4.9304
0.018311,-0.0021362,4.9353
0.0177,-0.0033569,4.9316
0.017548,-0.0041199,4.9304
0.017395,-0.0033569,4.9292
0.018768,-0.0028992,4.9243
0.016174,-0.00076294,4.928
0.016479,0.00045776,4.9231
0.015564,0.0015259,4.9316
0.015106,0.0016785,4.9182
0.014496,0.00061035,4.9121
0.013733,0.00030518,4.9158
0.013733,-0.00030518,4.9194
0.013733,-0.0013733,4.9109
0.012512,0.0018311,4.9109
0.013885,0.0021362,4.9097
0.014648,0.0016785,4.9109
0.01709,-0.00030518,4.8962
0.018463,-0.0015259,4.9109
0.020905,-0.0024414,4.9084
0.022583,-0.0019836,4.9121
0.023346,-0.0015259,4.9097
0.023651,-0.00030518,4.9109
0.023193,-0.00030518,4.9219
0.025177,-0.00091553,4.9133
0.025024,-0.0016785,4.9182
0.024719,-0.0019836,4.9121
0.024872,-0.0018311,4.9048
0.024872,0.00030518,4.917
0.02243,0.00015259,4.9158
0.024567,0.00015259,4.9182
0.023804,-0.00076294,4.9219
0.024261,-0.0016785,4.9231
0.024261,-0.002594,4.9268
0.023651,-0.0018311,4.9268
0.023956,-0.0013733,4.9304
0.022888,-0.00030518,4.9304
0.021973,0.00076294,4.9329
0.019989,0.00091553,4.9329
0.019073,-0.00015259,4.9329
0.018311,-0.00061035,4.9292
0.017395,-0.0013733,4.9353
0.018768,-0.0015259,4.9353
0.018768,-0.00061035,4.9353
0.019531,-0.0019836,4.9438
0.018768,-0.0022888,4.9353
0.018921,-0.0035095,4.9304
0.019684,-0.0016785,4.9341
0.016632,-0.0047302,4.9329
0.02121,-0.0042725,4.9341
0.021973,-0.0024414,4.9316
0.022278,-0.0030518,4.9231
0.022278,-0.00091553,4.9268
0.02243,-0.0012207,4.9207
0.023804,-0.0022888,4.9231
0.024872,0,4.9207
0.027313,-0.0013733,4.9207
0.029602,-0.00015259,4.9158
0.025635,0.0013733,4.9207
0.029755,0.0013733,4.928
0.027924,0.0012207,4.917
0.026703,-0.00091553,4.9109
0.024872,-0.0027466,4.9133
0.023499,-0.0032043,4.8926
0.021973,-0.0027466,4.9097
0.02121,-0.0018311,4.9121
0.019073,-0.00045776,4.9109
0.019989,-0.00091553,4.9109
0.019379,-0.0030518,4.906
0.019836,-0.0045776,4.9121
0.020752,-0.005188,4.906
0.02182,-0.0047302,4.9097
0.023193,-0.002594,4.9097
0.021973,-0.00091553,4.9146
0.022583,-0.00061035,4.9133
0.02182,-0.00061035,0.045166
0.021362,-0.0016785,0.05127
0.023651,-0.0021362,0.050049
0.02243,-0.00015259,0.048828
0.023804,0.0024414,0.054932
0.024719,0.0067139,0.063477
0.026398,0.0059509,0.056152
0.028229,0.0057983,0.057373
0.028839,0.0039673,0.059814
0.029755,0.0015259,0.059814
0.030212,0.00061035,0.061035
0.030823,0.00076294,0.064697
0.031738,0.0022888,0.057373
0.031433,0.0050354,0.063477
0.030518,0.005188,0.059814
0.029297,0.0053406,0.065918
0.026703,0.0041199,0.063477
0.026093,0.0016785,0.065918
0.024719,0.0032043,0.067139
0.024109,0.0038147,0.067139
0.024719,0.0056458,0.075684
0.025024,0.0061035,0.064697
0.024261,0.0061035,0.068359
0.023499,0.0041199,0.057373
0.022583,0.0038147,0.042725
0.021362,0.0015259,0.057373
0.02121,0.0032043,0.054932
0.02121,0.0057983,0.046387
0.023651,0.0088501,0.048828
0.020599,0.0094604,0.043945
0.019989,0.0082397,0.046387
0.019226,0.0056458,0.045166
0.019531,0.0041199,0.046387
0.019836,0.0042725,0.039063
0.021362,0.0054932,0.042725
0.019531,0.007019,0.045166
0.022736,0.0076294,0.043945
0.022125,0.0071716,0.039063
0.021515,0.004425,0.039063
0.019836,0.0028992,0.040283
0.019684,0.0012207,0.037842
0.019684,0.0010681,0.040283
0.019531,0.0015259,0.039063
0.019836,0.0010681,0.047607
0.019226,-0.00015259,0.037842
0.019226,-0.0012207,0.040283
0.019531,-0.0038147,0.041504
0.020905,-0.0035095,0.043945
0.02182,-0.002594,0.042725
0.02243,-0.00061035,0.046387
0.024261,0.00015259,0.050049
0.022583,0.0019836,0.054932
0.022125,0.0012207,0.054932
0.023041,0.00061035,0.059814
0.024567,-0.00015259,0.056152
0.023041,0.00091553,0.061035
0.024414,0.0028992,0.074463
0.02533,0.0094604,0.063477
0.025482,0.0057983,0.067139
0.02594,0.0062561,0.064697
0.026245,0.005188,0.045166
0.027466,0.0045776,0.046387
0.027161,0.0042725,0.062256
0.027618,0.005188,0.062256
0.027313,0.0061035,0.065918
0.029907,0.0067139,0.061035
0.026093,0.007019,0.067139
0.024719,0.0059509,0.057373
0.023499,0.0042725,0.067139
0.024719,0.0032043,0.059814
0.023041,0.0035095,0.064697
0.022888,0.0048828,0.059814
0.022888,0.0039673,0.053711
0.02182,0.0056458,0.059814
0.022888,0.0045776,0.053711
0.020752,0.0018311,0.054932
0.019684,-0.0021362,0.05127
0.020447,-0.00030518,0.057373
0.019989,0.00015259,0.043945
0.019226,0.0012207,0.042725
0.018768,0.0024414,0.045166
0.016632,0.0032043,0.043945
0.016632,0.0027466,0.037842
0.017242,0.0022888,0.036621
0.017548,0.0019836,0.041504
0.018768,0.0028992,0.039063
0.019073,0.0048828,0.037842
0.019226,0.0057983,0.042725
0.018463,0.0059509,0.037842
0.017853,0.0047302,0.039063
0.016632,0.0024414,0.041504
0.017242,0.00045776,0.042725
0.017548,0,0.05127
0.01709,0.00091553,0.043945
0.017395,0.0036621,0.054932
0.016632,0.0042725,0.03418
0.016479,0.0035095,0.036621
0.017242,0.0038147,0.050049
0.018616,0.0030518,0.05127
0.019836,0.0035095,0.053711
0.020599,0.005188,0.054932
0.020752,0.0065613,0.058594
0.019684,0.0073242,0.056152
0.018311,0.0074768,0.059814
0.0177,0.0053406,0.063477
0.016785,0.0036621,0.059814
0.016785,0.002594,0.059814
0.018158,0.0022888,0.058594
0.017548,0.0036621,0.061035
0.019226,0.0039673,0.061035
0.019531,0.0064087,0.065918
0.018311,0.005188,0.06958
0.019379,0.0041199,0.065918
0.020905,0.0022888,0.075684
0.02182,0.0018311,0.067139
0.02243,0.0033569,0.053711
0.021515,0.004425,0.054932
0.018921,0.005188,0.073242
0.017548,0.0041199,4.6204
0.016022,0.0019836,4.906
0.016479,-0.00076294,4.917
0.017395,-0.0021362,4.9231
0.018921,-0.0013733,4.917
0.020294,0.00015259,4.9207
0.019989,0.0012207,4.9133
0.018921,0.00076294,4.9219
0.0177,-0.00076294,4.906
0.017548,-0.0022888,4.9182
0.018616,-0.0045776,4.9231
0.020142,-0.0033569,4.9146
0.020294,-0.0013733,4.906
0.021057,0.00076294,4.9133
0.019226,0.0019836,4.8975
0.016632,0.0010681,4.9084
0.015106,0,4.9109
0.015106,-0.0021362,4.9084
0.016174,-0.0027466,4.9084
0.017548,-0.0019836,4.906
0.019379,-0.00015259,4.906
0.020905,0.0013733,4.906
0.019989,0.0022888,4.9109
0.019989,0.0028992,4.9084
0.020294,0.002594,4.9194
0.02182,0.0019836,4.9158
0.023956,0.00076294,4.9207
0.024414,0.00045776,4.9243
0.024719,0.0010681,4.9255
0.023499,0.0016785,4.9304
0.022736,0.0013733,4.928
0.022583,0.00076294,4.9329
0.023499,0.00015259,4.9316
0.024719,-0.00061035,4.9207
0.025787,0.00045776,4.9316
0.025024,0.0022888,4.9292
0.023193,0.0041199,4.9292
0.020142,0.0039673,4.9292
0.018921,0.0035095,4.9365
0.017242,0.00061035,4.9341
0.016327,-0.0021362,4.9316
0.016785,-0.004425,4.9365
0.016479,-0.0059509,4.9304
0.014801,-0.0068665,4.9426
0.013275,-0.0067139,4.9329
0.010834,-0.007019,4.9365
0.011444,-0.0071716,4.939
0.012665,-0.0080872,4.9353
0.014496,-0.007019,4.9316
0.017395,-0.0053406,4.9268
0.017853,-0.0013733,4.9268
0.017853,-0.0030518,4.9243
0.017395,-0.0024414,4.9182
0.019073,-0.0021362,4.9182
0.02121,-0.0018311,4.9219
0.026245,-0.0013733,4.9194
0.027618,-0.00076294,4.9133
0.029144,-0.00061035,4.9097
0.029297,0.00045776,4.9158
0.027771,0.00015259,4.9097
0.027161,-0.00030518,4.9109
0.027771,0,4.9133
0.028229,-0.0019836,4.9146
0.028992,-0.0012207,4.9084
0.029144,-0.00061035,4.9158
0.028076,-0.00076294,4.9207
0.026093,0.0013733,4.9133
0.024109,0.0028992,4.9194
0.022583,0.0039673,4.9121
0.022888,0.0048828,4.8999
0.023651,0.0033569,4.9121
0.023193,0.0021362,4.9109
0.022736,-0.00015259,4.9146
0.018768,-0.00076294,4.9146
0.017548,-0.0022888,4.9133
0.016632,-0.0033569,4.9268
0.016174,-0.0015259,4.9219
0.017242,-0.0018311,4.928
0.019073,-0.0016785,4.9231
0.019226,-0.0019836,4.9329
0.017853,-0.0010681,4.9304
0.016022,0.00076294,4.9353
0.015869,0.0024414,4.9426
0.015259,0.0028992,4.9316
0.016174,0.0021362,4.9316
0.019226,-0.00015259,4.9329
0.02121,-0.0013733,4.9329
0.020752,-0.0036621,4.9316
0.018616,-0.0035095,4.9341
0.01709,-0.0033569,4.9353
0.016632,-0.0022888,4.9329
0.0177,-0.002594,4.9329
0.020905,-0.0024414,4.9365
0.019989,-0.002594,4.9353
0.019531,-0.002594,4.9316
0.017853,-0.0027466,4.9268
0.015869,-0.00076294,4.9219
0.014038,-0.002594,4.9304
0.016022,-0.0028992,4.9255
0.018616,-0.0042725,4.9243
0.020599,-0.0057983,4.9207
0.020752,-0.0050354,4.9255
0.016479,-0.0039673,4.9219
0.016937,-0.002594,4.928
0.014496,-0.0015259,4.9182
0.014801,-0.0016785,4.9121
0.015411,-0.0010681,4.9133
0.017548,-0.00091553,4.9121
0.019073,0,0.05127
0.018158,-0.00015259,0.040283
0.016479,0,0.036621
0.014496,-0.00091553,0.041504
0.014801,-0.0024414,0.040283
0.01709,-0.0035095,0.040283
0.019531,-0.0067139,0.036621
0.022736,-0.0038147,0.042725
0.024109,-0.0024414,0.041504
0.022278,-0.0018311,0.045166
0.020905,-0.0013733,0.047607
0.019836,0.00015259,0.043945
0.021667,0.0022888,0.048828
0.023651,0.0038147,0.045166
0.027924,0.0036621,0.045166
0.030975,0.002594,0.05127
0.031128,0.0012207,0.058594
0.028992,-0.00045776,0.053711
0.027618,-0.00061035,0.057373
0.02594,0,0.058594
0.027008,0.00076294,0.061035
0.027771,0.0021362,0.063477
0.028076,0.0028992,0.067139
0.026398,0.0021362,0.059814
0.023041,0.005188,0.063477
0.020752,0.0019836,0.058594
0.018158,0.0013733,0.065918
0.018158,0.0012207,0.062256
0.019684,0.00061035,0.064697
0.020447,-0.00091553,0.073242
0.022278,-0.0019836,0.067139
0.019989,-0.002594,0.075684
0.018158,-0.0015259,0.065918
0.017395,0.00045776,0.053711
0.016785,0.0021362,0.061035
0.019379,0.0030518,0.061035
0.022583,0.0048828,0.054932
0.025482,0.0036621,0.054932
0.025787,0.00091553,0.048828
0.025024,0.0010681,0.05249
0.024719,0.00045776,0.05127
0.024567,0.0018311,0.05127
0.026398,0.0027466,0.042725
0.027924,0.0035095,0.046387
0.029907,0.0024414,0.045166
0.029449,0.0022888,0.043945
0.027618,0.0021362,0.05249
0.024261,0.0027466,0.041504
0.022278,0.0038147,0.040283
0.021667,0.0033569,0.040283
0.023651,0.0027466,0.025635
0.023804,0.0012207,0.037842
0.026398,-0.0013733,0.039063
0.026093,-0.0024414,0.040283
0.023956,-0.0013733,0.039063
0.02182,0.0012207,0.037842
0.020142,0.0027466,0.043945
0.021973,0.0035095,0.045166
0.023651,0.0024414,0.042725
0.025635,0.0013733,0.040283
0.025177,0.00061035,0.047607
0.024872,0.00091553,0.046387
0.024414,0.0018311,0.05127
0.025482,0.0039673,0.05249
0.026855,0.005188,0.054932
0.029144,0.0054932,0.059814
0.031281,0.0047302,0.061035
0.032349,0.0035095,0.073242
0.031433,0.0035095,0.058594
0.030365,0.0042725,0.050049
0.028229,0.0065613,0.062256
0.028534,0.0080872,0.058594
0.029449,0.0085449,0.059814
0.03006,0.0079346,0.061035
0.030975,0.0062561,0.061035
0.030212,0.0047302,0.062256
0.028839,0.0053406,0.063477
0.02594,0.0074768,0.067139
0.025024,0.0091553,0.063477
0.025787,0.0099182,0.067139
0.026093,0.010071,0.068359
0.026855,0.0079346,0.063477
0.027618,0.0064087,0.06958
0.025024,0.005188,0.061035
0.023346,0.0062561,0.05249
0.021667,0.0079346,0.056152
0.02182,0.0088501,0.053711
0.023651,0.0064087,0.05249
0.024414,0.0050354,0.048828
0.025635,0.0022888,0.047607
0.024872,0.00091553,0.048828
0.02182,0.0022888,0.047607
0.019226,0.0048828,0.045166
0.017548,0.0059509,0.042725
0.017548,0.0056458,0.041504
0.018921,0.0039673,0.037842
0.019989,0.00076294,0.041504
0.019836,-0.0013733,0.041504
0.018616,-0.0019836,0.042725
0.018005,-0.00091553,0.037842
0.015411,0.00076294,0.039063
0.015411,0.0022888,0.056152
0.016479,0.00076294,0.039063
0.018921,-0.0013733,0.048828
0.02121,-0.0033569,0.040283
0.021362,-0.0039673,0.026855
0.021057,-0.00015259,0.039063
0.021362,-0.00045776,0.041504
0.022125,0.0010681,0.043945
0.023804,0.0015259,0.047607
0.026093,0.00015259,0.047607
0.028229,-0.0021362,0.053711
0.027924,-0.002594,0.05249
0.027313,-0.0012207,0.057373
0.025482,0.0012207,0.054932
0.023956,0.0035095,0.063477
0.024414,0.0053406,0.058594
0.026093,0.0033569,0.061035
0.027466,0.00076294,3.8342
0.028687,-0.0013733,4.8608
0.027924,-0.0012207,4.9207
0.026398,-0.00015259,4.9316
0.025635,0.0024414,4.9414
0.025177,0.0035095,4.9304
0.025787,0.0030518,4.9377
0.026703,0.00076294,4.9341
0.026855,-0.0022888,4.9329
0.026093,-0.0042725,4.9304
0.023956,-0.0033569,4.9329
0.02243,-0.0010681,4.9316
0.02182,0.00030518,4.9329
0.02243,0.0015259,4.9292
0.023041,0.00076294,4.9329
0.024872,-0.0010681,4.9219
0.025024,-0.0024414,4.9231
0.024109,-0.0012207,4.9231
0.022278,-0.0010681,4.9231
0.02121,0.0010681,4.9255
0.018768,0.0018311,4.9231
0.020599,0.0019836,4.9182
0.020142,0.00030518,4.9146
0.020142,-0.0010681,4.9023
0.018158,-0.0016785,4.9146
0.015869,-0.0015259,4.9109
0.014343,0.0013733,4.9084
0.013733,0.0028992,4.9109
0.015564,0.0027466,4.9109
0.016785,0.0012207,4.9097
0.017548,-0.0016785,4.9048
0.016937,-0.0047302,4.9109
0.016327,-0.0056458,4.9084
0.015259,-0.0038147,4.9109
0.015564,-0.0010681,4.9109
0.016479,0.00061035,4.9158
0.019531,0.00091553,4.9109
0.019226,-0.00076294,4.9158
0.019989,-0.002594,4.9133
0.019073,-0.0030518,4.9194
0.0177,-0.0015259,4.9255
0.016022,0.00045776,4.928
0.016174,0.0030518,4.9133
0.018311,0.0028992,4.9243
0.019226,0.00091553,4.9268
0.019836,-0.0019836,4.9292
0.019989,-0.0030518,4.9292
0.020447,-0.0038147,4.928
0.017242,-0.00076294,4.9353
0.016632,0.002594,4.9316
0.01709,0.0033569,4.9304
0.0177,0.0022888,4.9292
0.018463,-0.00045776,4.9402
0.018616,-0.0033569,4.9316
0.016327,-0.0028992,4.9353
0.015717,-0.0041199,4.9475
0.015411,-0.0019836,4.939
0.016479,-0.00045776,4.9377
0.017853,0,4.9353
0.020752,-0.00045776,4.9158
0.022278,-0.0022888,4.9292
0.023041,-0.0030518,4.9243
0.02243,-0.0015259,4.9231
0.021362,0.0010681,4.9255
0.021515,0.0041199,4.9207
0.023041,0.004425,4.9231
0.024567,0.0036621,4.917
0.025787,-0.00015259,4.9194
0.025482,-0.0024414,4.9109
0.024567,-0.0038147,4.9182
0.023041,-0.0022888,4.9133
0.021362,0.00015259,4.9182
0.019989,0.00091553,4.9133
0.019379,-0.00061035,4.9097
0.020142,-0.002594,4.9158
0.019989,-0.0047302,4.9109
0.018921,-0.0050354,4.9121
0.018158,-0.0033569,4.9097
0.016327,-0.00061035,4.9133
0.016479,0.0016785,4.9121
0.020294,0.00091553,4.9097
0.019531,0.0027466,4.9072
0.020294,0.0019836,4.9121
0.020294,0.0012207,4.9109
0.019836,0.0018311,4.9109
0.018921,0.0028992,4.9109
0.0177,0.0045776,4.9194
0.018463,0.0057983,4.917
0.019684,0.0053406,4.9219
0.020905,0.0036621,4.9231
0.020447,0.002594,4.9304
0.019836,0.0022888,4.9377
0.019226,0.0033569,4.9304
0.018311,0.004425,4.9402
0.0177,0.0053406,4.9292
0.017853,0.0038147,4.928
0.019226,0.0024414,4.9341
0.018616,0.00061035,4.9292
0.01709,-0.0015259,4.9292
0.015717,-0.0019836,4.9304
0.012665,-0.0013733,4.9292
0.012512,-0.00061035,4.9353
0.01297,0.0010681,4.9353
0.014343,-0.00030518,4.9377
0.015106,-0.0013733,4.9353
0.015411,-0.0033569,4.9402
0.015717,-0.0027466,4.9316
0.015106,0,4.9341
0.015411,0.0028992,4.9329
0.016479,0.0045776,0.068359
0.019073,0.005188,0.061035
0.02182,0.0039673,0.057373
0.022736,0.0019836,0.062256
0.023346,0.00030518,0.05127
0.023041,0.00045776,0.057373
0.022278,0.0019836,0.046387
0.022736,0.0039673,0.043945
0.021973,0.0047302,0.046387
0.023651,0.0059509,0.045166
0.022583,0.004425,0.037842
0.022278,0.0022888,0.036621
0.021667,0.0019836,0.039063
0.019989,0.0035095,0.037842
0.020142,0.0068665,0.040283
0.020294,0.0085449,0.042725
0.021667,0.0094604,0.040283
0.023041,0.0076294,0.032959
0.023651,0.0053406,0.054932
0.024109,0.0036621,0.041504
0.022736,0.0038147,0.046387
0.021362,0.005188,0.042725
0.019226,0.0074768,0.025635
0.018463,0.0073242,0.037842
0.017853,0.0056458,0.045166
0.016785,0.0024414,0.047607
0.016479,-0.00045776,0.046387
0.017242,-0.0010681,0.046387
0.014191,-0.00030518,0.05249
0.012512,0.0027466,0.053711
0.012665,-0.00015259,0.061035
0.013123,0.0039673,0.056152
0.013885,0.0012207,0.064697
0.014801,-0.0015259,0.063477
0.014496,-0.0028992,0.064697
0.014038,-0.0022888,0.06958
0.014954,-0.00061035,0.063477
0.013885,0.00076294,0.062256
0.014801,0.0012207,0.063477
0.016022,0.0012207,0.072021
0.016479,0.00045776,0.062256
0.018616,0.0015259,0.053711
0.019531,0.0039673,0.065918
0.020599,0.0053406,0.065918
0.021362,0.0080872,0.062256
0.020294,0.0085449,0.065918
0.021057,0.007019,0.062256
0.021057,0.0053406,0.061035
0.02182,0.0033569,0.053711
0.022125,-0.0016785,0.059814
0.020447,0.0032043,0.050049
0.019989,0.0039673,0.05249
0.017242,0.0045776,0.05127
0.016022,0.0038147,0.05127
0.015106,0.0016785,0.056152
0.014343,-0.00030518,0.047607
0.01297,-0.00091553,0.05127
0.012512,-0.00076294,0.042725
0.01236,0.00045776,0.032959
0.01297,0.0013733,0.041504
0.013428,0.00015259,0.0354
0.01297,-0.00030518,0.039063
0.016327,-0.0010681,0.040283
0.018463,-0.00076294,0.036621
0.019989,0,0.040283
0.020599,0.0013733,0.0354
0.02121,0.0024414,0.041504
0.02182,0.0024414,0.037842
0.022888,0.0013733,0.042725
0.024872,0.00076294,0.041504
0.025482,-0.00045776,0.043945
0.027008,-0.0018311,0.040283
0.027924,0.0012207,0.045166
0.028534,0.0018311,0.046387
0.028839,0.0039673,0.05249
0.030365,0.0041199,0.059814
0.028839,0.0035095,0.054932
0.028839,0.0022888,0.048828
0.028534,0.0013733,0.047607
0.027466,0.00061035,0.061035
0.026093,-0.00061035,0.061035
0.02533,-0.00045776,0.053711
0.026093,-0.0030518,0.059814
0.024261,-0.0033569,0.065918
0.024872,-0.0038147,0.059814
0.024261,-0.0045776,0.062256
0.025787,-0.0027466,0.059814
0.02533,-0.0010681,0.064697
0.025787,0.00030518,0.062256
0.026398,0.0019836,0.068359
0.027008,0.0019836,0.079346
0.027161,0.00091553,0.067139
0.027008,-0.00076294,0.061035
0.027008,-0.0015259,0.063477
0.027008,0,0.050049
0.028229,0.00076294,0.058594
0.028076,0.0018311,0.057373
0.027466,0.00061035,0.053711
0.027313,0.00076294,0.053711
0.027161,-0.00030518,0.047607
0.026855,-0.0015259,0.05127
0.027313,-0.0057983,0.046387
0.027161,-0.0024414,0.047607
0.027161,-0.00015259,0.045166
0.026855,0.00061035,0.048828
0.026093,0,0.045166
0.026245,-0.0016785,0.043945
0.02533,-0.0024414,0.041504
0.02533,-0.0032043,0.041504
0.024414,-0.00076294,0.048828
0.024567,0.0012207,0.040283
0.023346,0.0027466,0.047607
0.021973,0.0024414,0.037842
0.021667,0.00030518,0.031738
0.021362,-0.00076294,0.040283
0.022278,-0.0013733,0.046387
0.023346,-0.0013733,0.036621
0.025024,0.00091553,0.90454
0.027161,0.0016785,4.6753
0.026703,0.0015259,4.8926
0.028534,0.00061035,4.9072
0.028534,-0.00030518,4.9182
0.027771,-0.00061035,4.917
0.028229,0.00061035,4.906
0.027313,0.0012207,4.9219
0.027313,0.0016785,4.9255
0.027618,0.0065613,4.9365
0.025787,0.0033569,4.9304
0.028229,0.0028992,4.9304
0.028381,0.0032043,4.9341
0.029755,0.0033569,4.9353
0.030975,0.0038147,4.9316
0.031891,0.0048828,4.928
0.032806,0.0050354,4.9292
0.032806,0.0036621,4.9304
0.033722,0.005188,4.9316
0.033264,0.005188,4.9316
0.032196,0.005188,4.9316
0.031586,0.0056458,4.9353
0.030518,0.0057983,4.9341
0.031891,0.0061035,4.9353
0.029297,0.007019,4.9353
0.029297,0.0056458,4.9341
0.028992,0.005188,4.928
0.027924,0.005188,4.9341
0.027466,0.0028992,4.9304
0.022278,0.0048828,4.928
0.026245,0.0045776,4.9304
0.02594,0.0039673,4.9219
0.025024,0.0030518,4.906
0.025787,0.0016785,4.9133
0.025482,0.0012207,4.9219
0.024719,0.0012207,4.9182
0.024872,0.0019836,4.9158
0.024567,0.0022888,4.9109
0.025024,0.0018311,4.9146
0.025787,0.0018311,4.9072
0.02594,0.0015259,4.9109
0.026398,0.0012207,4.9084
0.026855,0.0022888,4.9146
0.027313,0.0027466,4.9097
0.026703,0.0036621,4.9133
0.027924,0.0039673,4.9158
0.027618,0.0041199,4.9109
0.029297,0.0030518,4.9084
0.028076,0.0035095,4.9121
0.028076,0.0039673,4.9048
0.028839,0.0045776,4.9048
0.027924,0.0079346,4.9268
0.028839,0.0035095,4.9182
0.028381,0.0019836,4.917
0.028687,0.00076294,4.9207
0.027618,-0.00030518,4.9207
0.027313,-0.00045776,4.9255
0.028229,0.00015259,4.9304
0.028229,-0.00091553,4.928
0.028839,-0.00076294,4.9329
0.027771,-0.0013733,4.9304
0.024719,-0.00076294,4.9255
0.025177,-0.0015259,4.9292
0.024109,-0.0015259,4.9304
0.024567,-0.0013733,4.9353
0.025024,0.0013733,4.9377
0.025177,-0.0021362,4.9426
0.025635,-0.00030518,4.9341
0.026093,0.0015259,4.9231
0.027313,-0.0021362,4.9353
0.028076,-0.00091553,4.9329
0.029297,-0.00015259,4.9329
0.030823,0.00076294,4.9353
0.03067,0.0018311,4.9292
0.030365,0.0024414,4.9292
0.029144,0.002594,4.9255
0.027313,0.0028992,4.928
0.025787,0.0032043,4.9207
0.025482,0.0030518,4.9243
0.025787,0.0057983,4.9207
0.025177,0.00030518,4.9255
0.024567,0.0028992,4.9219
0.023956,0.0019836,4.9072
0.022888,0.00015259,4.9146
0.023499,-0.00076294,4.917
0.022583,-0.00045776,4.906
0.022125,0.00045776,4.9109
0.020599,0.00091553,4.9097
0.019989,0.0024414,4.9133
0.018158,0.0028992,4.9121
0.0177,0.0024414,4.9109
0.016785,0.0028992,4.9097
0.016174,0.0032043,4.9048
0.016632,0.0035095,4.9084
0.016937,0.0042725,4.9072
0.01709,0.0036621,4.9109
0.017548,0.002594,4.9109
0.016937,0.0013733,4.9182
0.015564,0.00015259,4.9158
0.013885,-0.00091553,4.9158
0.01236,-0.0012207,4.9268
0.011444,-0.0015259,4.917
0.010376,-0.0021362,4.9304
0.010223,-0.0038147,4.928
0.010223,-0.0010681,4.9084
0.010834,0,4.928
0.011444,0.00091553,4.9304
0.011444,0.0015259,4.9316
0.013275,0.0021362,4.9329
0.014801,0.0021362,4.9292
0.015717,0.0024414,4.9377
0.01709,0.0027466,0.062256
0.018158,0.0019836,0.062256
0.018616,0.00076294,0.058594
0.018005,-0.0019836,0.065918
0.017242,-0.0021362,0.063477
0.016327,-0.0028992,0.067139
0.016174,-0.0057983,0.078125
0.015106,-0.004425,0.06958
0.013885,-0.0053406,0.062256
0.01236,-0.0054932,0.064697
0.012054,-0.0053406,0.057373
0.011444,-0.0047302,0.058594
0.012054,-0.004425,0.056152
0.0099182,-0.005188,0.050049
0.010529,-0.0061035,0.054932
0.011902,-0.0061035,0.047607
0.0099182,-0.0054932,0.05127
0.0090027,-0.0050354,0.045166
0.0079346,-0.0032043,0.048828
0.0071716,-0.0018311,0.041504
0.0065613,-0.00045776,0.047607
0.0068665,0.00061035,0.042725
0.007782,0.0019836,0.043945
0.010223,0.002594,0.040283
0.011749,0.0045776,0.032959
0.015411,0.0079346,0.048828
0.018463,0.0090027,0.040283
0.022125,0.010223,0.05249
0.023499,0.0099182,0.039063
0.025482,0.0090027,0.028076
0.025787,0.0071716,0.039063
0.025024,0.0048828,0.037842
0.023956,0.0016785,0.037842
0.020294,-0.0012207,0.041504
0.018311,-0.0045776,0.042725
0.015106,-0.0050354,0.041504
0.0094604,-0.0090027,0.042725
0.010223,-0.010376,0.05127
0.0085449,-0.010681,0.046387
0.0080872,-0.0097656,0.054932
0.0079346,-0.0079346,0.056152
0.007782,-0.0067139,0.061035
0.0083923,-0.0036621,0.065918
0.0085449,-0.0030518,0.062256
0.0090027,0.00030518,0.064697
0.0082397,0.0018311,0.05249
0.0080872,0.0010681,0.063477
0.0076294,0.0028992,0.064697
0.0093079,0.0045776,0.059814
0.010986,0.0061035,0.059814
0.011902,0.0076294,0.062256
0.014954,0.0076294,0.061035
0.016022,0.0073242,0.064697
0.018616,0.0068665,0.064697
0.022125,0.0033569,0.068359
0.025787,0.0073242,0.064697
0.027161,0.007019,0.065918
0.028839,0.0067139,0.068359
0.029449,0.0053406,0.063477
0.029755,0.0038147,0.058594
0.029144,0.0021362,0.058594
0.029297,0.00045776,0.067139
0.028229,0.00015259,0.054932
0.027313,-0.0013733,0.058594
0.026855,-0.0018311,0.050049
0.026703,-0.0024414,0.036621
0.026703,-0.002594,0.043945
0.027466,-0.0016785,0.050049
0.028839,0.00045776,0.043945
0.028534,0.0038147,0.045166
0.027618,0.0057983,0.039063
0.026093,0.0079346,0.046387
0.025177,0.010529,0.039063
0.027161,0.011749,0.041504
0.023956,0.013733,0.039063
0.023651,0.014801,0.041504
0.022125,0.015869,0.043945
0.021515,0.015106,0.037842
0.021362,0.01358,0.041504
0.022125,0.011597,0.041504
0.024261,0.0071716,0.037842
0.02243,0.0086975,0.041504
0.022278,0.0080872,0.036621
0.021667,0.0073242,0.040283
0.022736,0.0059509,0.046387
0.02121,0.004425,0.048828
0.020752,0.0032043,0.048828
0.02182,0.0030518,0.05127
0.023193,0.0038147,0.061035
0.024567,0.0050354,0.053711
0.026398,0.0068665,0.061035
0.027313,0.0076294,0.061035
0.028076,0.0076294,0.065918
0.028534,0.0065613,0.058594
0.028229,0.0068665,0.064697
0.026245,0.0062561,0.059814
0.026245,0.0067139,0.061035
0.024109,0.0067139,0.06958
0.02243,0.0057983,0.065918
0.022125,0.005188,0.068359
0.020294,0.0045776,0.064697
0.019989,0.0047302,0.056152
0.019684,0.0041199,0.067139
0.019531,0.0056458,0.064697
0.019379,0.0053406,0.063477
0.018616,0.0050354,0.062256
0.018158,0.0048828,0.061035
0.018005,0.0041199,0.056152
0.0177,0.0042725,0.054932
0.017548,0.0039673,0.054932
0.016632,0.0039673,0.047607
0.019379,0.0038147,0.05127
0.020905,0.0045776,0.048828
0.023804,0.0047302,0.047607
0.025024,0.0053406,0.047607
0.028076,0.005188,0.047607
0.028992,0.0047302,3.374
0.03006,0.002594,4.8181
0.030365,0.005188,4.906
0.031281,0.005188,4.9097
0.030365,0.0057983,4.895
0.029755,0.0085449,4.9084
0.029144,0.0059509,4.9121
0.028229,0.0056458,4.9109
0.028534,0.0053406,4.9097
0.028992,0.0042725,4.9084
0.030823,0.0032043,4.9121
0.031128,0.0015259,4.9097
0.03067,0.00091553,4.9109
0.029144,0.00015259,4.9109
0.027771,-0.00061035,4.9158
0.026093,-0.0013733,4.9207
0.023956,-0.0019836,4.9194
0.02655,-0.0019836,4.9316
0.027313,-0.0018311,4.9194
0.028534,-0.0018311,4.928
0.028229,-0.0022888,4.9304
0.029755,-0.0024414,4.9182
0.030365,-0.0032043,4.9292
0.031586,-0.0036621,4.9292
0.033264,-0.005188,4.9329
0.034332,-0.0059509,4.9268
0.034637,-0.0071716,4.9268
0.033569,-0.007782,4.9341
0.032654,-0.0082397,4.9304
0.031128,-0.0088501,4.9316
0.030365,-0.0068665,4.9304
0.029907,-0.0057983,4.939
0.03067,-0.0038147,4.9353
0.031128,-0.0024414,4.9353
0.031738,-0.0012207,4.9402
0.031281,-0.00015259,4.9377
0.030212,0,4.9255
0.028687,-0.0010681,4.9329
0.031433,-0.00091553,4.9414
0.032654,-0.0036621,4.9243
0.034637,-0.0059509,4.9084
0.035553,-0.0080872,4.9243
0.035858,-0.011139,4.9207
0.034943,-0.013733,4.9194
0.032806,-0.015106,4.917
0.030365,-0.01709,4.9182
0.028229,-0.018463,4.9133
0.027161,-0.018311,4.9109
0.02594,-0.0177,4.9121
0.025635,-0.016022,4.8975
0.026245,-0.014648,4.9109
0.02533,-0.013275,4.9121
0.025635,-0.01236,4.9109
0.027313,-0.010376,4.917
0.029144,-0.0086975,4.9109
0.031433,-0.0064087,4.9146
0.033264,-0.004425,4.906
0.033569,-0.0024414,4.8987
0.03418,-0.0019836,4.9133
0.033112,-0.0012207,4.9109
0.032349,-0.00076294,4.9097
0.031586,-0.00030518,4.9109
0.032043,0.00015259,4.9121
0.032349,-0.00061035,4.9158
0.033264,-0.00076294,4.9158
0.033417,-0.0013733,4.9231
0.033112,-0.0019836,4.9207
0.032806,-0.0028992,4.9268
0.032806,-0.0036621,4.9231
0.032654,-0.0038147,4.9329
0.032196,-0.0038147,4.9304
0.030212,-0.0039673,4.9304
0.029755,-0.0045776,4.9304
0.029144,-0.0045776,4.9365
0.027161,-0.0035095,4.9426
0.026855,-0.002594,4.9329
0.026703,0.00061035,4.9194
0.027008,0.0028992,4.928
0.028229,0.0053406,4.9329
0.029144,0.0067139,4.9353
0.028992,0.0079346,4.9353
0.029144,0.0090027,4.9329
0.027161,0.0094604,4.9365
0.025024,0.0094604,4.9329
0.022736,0.0097656,4.9329
0.020752,0.0085449,4.9292
0.019684,0.0065613,4.9316
0.016632,0.005188,4.9255
0.016327,0.0039673,4.9292
0.014954,0.0024414,4.9304
0.013275,0.0015259,4.9255
0.013123,0.0021362,4.9219
0.01236,0.0028992,4.917
0.012207,0.0024414,4.8999
0.010376,0.0012207,4.9146
0.012207,0.0016785,4.9158
0.012512,0.00091553,4.9121
0.01236,0.0028992,4.9097
0.012207,0.0010681,4.9097
0.01297,0.0018311,4.9097
0.013885,0.002594,4.9109
0.015411,0.004425,4.9109
0.016327,0.00030518,4.9072
0.016479,-0.00091553,4.9121
0.016479,-0.0022888,4.9084
0.016327,-0.0027466,4.9097
0.015869,-0.0015259,4.9109
0.016479,-0.0010681,4.9109
0.014343,-0.00076294,4.9121
0.014191,-0.0012207,4.9121
0.013275,-0.0030518,4.9207
0.012665,-0.0042725,0.046387
0.013428,-0.0056458,0.041504
0.014496,-0.0056458,0.05127
0.016327,-0.0050354,0.054932
0.017548,-0.0048828,0.056152
0.017853,-0.0048828,0.058594
0.018311,-0.0041199,0.057373
0.018158,-0.0045776,0.059814
0.018463,-0.002594,0.059814
0.018158,-0.00061035,0.063477
0.019684,0.0016785,0.054932
0.020447,0.0033569,0.059814
0.021057,0.005188,0.062256
0.016785,0.0061035,0.064697
0.022125,0.0061035,0.073242
0.022583,0.0054932,0.065918
0.023193,0.0013733,0.06958
0.022125,0.0053406,0.067139
0.020599,0.0050354,0.057373
0.018463,0.0047302,0.064697
0.01709,0.004425,0.063477
0.014038,0.0030518,0.059814
0.01236,0.0021362,0.058594
0.010834,0.0021362,0.056152
0.0090027,0.00030518,0.057373
0.0085449,0.00076294,0.05127
0.0074768,0.00030518,0.05249
0.0061035,-0.0050354,0.047607
0.004425,0.00091553,0.050049
0.0045776,0.00045776,0.048828
0.004425,0.00015259,0.05127
0.0057983,0,0.046387
0.0050354,0.0013733,0.042725
0.0068665,0.0024414,0.047607
0.0074768,0.0032043,0.042725
0.0080872,0.0047302,0.043945
0.0083923,0.0036621,0.040283
0.0094604,0.004425,0.030518
0.014191,0.0039673,0.036621
0.014191,0.0059509,0.040283
0.015717,0.0076294,0.040283
0.016479,0.0086975,0.041504
0.016174,0.0097656,0.03418
0.016479,0.0094604,0.041504
0.015411,0.0093079,0.039063
0.015869,0.007782,0.042725
0.015106,0.0068665,0.043945
0.016937,0.0073242,0.046387
0.017242,0.0076294,0.046387
0.017242,0.0079346,0.05249
0.017548,0.0080872,0.065918
0.017242,0.0048828,0.056152
0.016937,0.0033569,0.061035
0.018463,0.0021362,0.059814
0.019531,0.0028992,0.046387
0.020599,0.0045776,0.059814
0.02182,0.0059509,0.059814
0.020905,0.0071716,0.061035
0.02243,0.0080872,0.057373
0.022736,0.0076294,0.061035
0.023804,0.0065613,0.063477
0.023499,0.0086975,0.058594
0.026093,0.009613,0.064697
0.02533,0.0099182,0.062256
0.024872,0.0082397,0.057373
0.023804,0.0074768,0.065918
0.023041,0.0053406,0.068359
0.022125,0.004425,0.06958
0.021667,0.0059509,0.062256
0.023651,0.0035095,0.063477
0.023956,0.0048828,0.059814
0.024719,0.0050354,0.06958
0.024109,0.0053406,0.05127
0.024109,0.0056458,0.05127
0.023651,0.0054932,0.05127
0.024872,0.0045776,0.045166
0.025177,0.005188,0.046387
0.02533,0.0054932,0.047607
0.026245,0.0059509,0.042725
0.026398,0.0057983,0.047607
0.029602,0.0057983,0.041504
0.027008,0.0056458,0.043945
0.028992,0.0042725,0.039063
0.028839,0.0047302,0.045166
0.029297,0.0053406,0.039063
0.028381,0.0050354,0.042725
0.028229,0.0057983,0.047607
0.027161,0.0048828,0.041504
0.02594,0.0053406,0.045166
0.02533,0.0048828,0.041504
0.024872,0.0048828,0.030518
0.024719,0.0056458,0.040283
0.024261,0.0056458,0.039063
0.024109,0.0062561,0.039063
0.023041,0.0062561,0.043945
0.022888,0.0057983,0.042725
0.021515,0.0042725,0.047607
0.020447,0.0028992,0.05127
0.02121,0.0010681,0.054932
0.020294,-0.00030518,0.05249
0.019989,-0.0010681,0.057373
0.018158,-0.0022888,0.059814
0.016022,-0.0015259,0.061035
0.015564,-0.0030518,0.059814
0.0177,-0.0047302,0.064697
0.018158,-0.0050354,0.067139
0.020447,-0.004425,0.059814
0.023041,-0.0028992,0.070801
0.02594,-0.00091553,0.062256
0.025024,0,0.050049
0.027161,0.00045776,0.061035
0.028229,0.00015259,0.063477
0.029144,-0.00045776,0.062256
0.028992,0.0010681,0.065918
0.028992,0.0035095,0.061035
0.029449,0.0041199,0.064697
0.028381,0.0059509,3.3081
0.028229,0.0056458,4.8303
0.027771,0.004425,4.9146
0.028839,0.0024414,4.9243
0.030365,0.00091553,4.9231
0.032501,-0.0010681,4.928
0.032654,-0.0019836,4.9304
0.031891,-0.0028992,4.9207
0.029755,-0.0027466,4.9146
0.027771,-0.0019836,4.9182
0.026093,-0.0027466,4.9023
0.023346,-0.0039673,4.9121
0.02182,-0.0041199,4.9097
0.019836,-0.005188,4.9133
0.018768,-0.0053406,4.9109
0.016785,-0.002594,4.9084
0.016632,-0.0010681,4.9109
0.016785,-0.00076294,4.9109
0.017242,0.00045776,4.9109
0.018311,-0.0019836,4.906
0.019836,-0.0028992,4.9133
0.019684,-0.0033569,4.9084
0.017548,-0.0028992,4.9133
0.016327,-0.0030518,4.9097
0.014496,-0.0033569,4.9133
0.013275,-0.0054932,4.917
0.012665,-0.0064087,4.9158
0.013123,-0.0071716,4.9304
0.012512,-0.007019,4.9182
0.012512,-0.0067139,4.9109
0.011444,-0.0061035,4.9255
0.010681,-0.0059509,4.928
0.010986,-0.0068665,4.9255
0.012054,-0.0079346,4.9292
0.013733,-0.0090027,4.928
0.014954,-0.0086975,4.9329
0.015106,-0.0080872,4.9182
0.014496,-0.0085449,4.9329
0.014343,-0.0086975,4.9304
0.014191,-0.0090027,4.9329
0.014801,-0.0086975,4.9316
0.015259,-0.007019,4.9329
0.015106,-0.0057983,4.9414
0.014954,-0.0036621,4.939
0.015411,-0.0013733,4.9377
0.016327,0.00030518,4.9365
0.016785,0.0021362,4.9353
0.017548,0.0033569,4.9353
0.018463,0.0047302,4.9316
0.019226,0.0038147,4.9268
0.020294,0.0041199,4.9268
0.021667,0.0041199,4.9268
0.023041,0.0032043,4.9243
0.024719,0.0030518,4.9158
0.025787,0.0012207,4.9207
0.026245,0.0010681,4.9182
0.026703,0.0012207,4.917
0.027466,0.0024414,4.9207
0.028076,0.0033569,4.9194
0.03067,0.0045776,4.9158
0.027924,0.0056458,4.9158
0.027466,0.0057983,4.9243
0.026703,0.0059509,4.9109
0.026398,0.0042725,4.9207
0.026245,0.0054932,4.9121
0.023956,0.0064087,4.9036
0.023193,0.0073242,4.9084
0.020752,0.0082397,4.9146
0.019989,0.0074768,4.9109
0.018768,0.0057983,4.9084
0.018768,0.0036621,4.906
0.019684,0.0019836,4.9121
0.019531,0.0036621,4.9097
0.020599,0.0057983,4.9158
0.021515,0.007782,4.9146
0.02121,0.0076294,4.9207
0.020294,0.0068665,4.9194
0.019379,0.005188,4.9231
0.020294,0.0039673,4.9377
0.018311,0.0042725,4.9255
0.018768,0.0062561,4.9304
0.019531,0.0062561,4.9316
0.021515,0.0086975,4.9255
0.02182,0.0083923,4.9304
0.023041,0.0074768,4.9353
0.025177,0.0048828,4.9304
0.027924,0.0050354,4.9304
0.027618,0.0073242,4.9255
0.028381,0.0093079,4.9353
0.027466,0.01358,4.9329
0.027771,0.012512,4.9353
0.026093,0.013123,4.9341
0.025177,0.011444,4.9365
0.024719,0.0090027,4.9341
0.025024,0.010834,4.9377
0.025024,0.012207,4.9353
0.024872,0.01236,4.9377
0.026245,0.011444,4.9365
0.026703,0.009613,4.9304
0.025024,0.0047302,4.939
0.023956,-0.00030518,4.9255
0.023193,0,4.9109
0.023651,0.0012207,4.9219
0.024261,0.0032043,4.9158
0.024872,0.0047302,4.9182
0.026245,0.0059509,4.9182
0.026703,0.004425,4.9146
0.027618,0.002594,4.9072
0.027618,0.0028992,4.9121
0.029907,0.004425,4.9182
0.032501,0.007782,0.0354
0.034943,0.010529,0.042725
0.036469,0.011444,0.042725
0.036926,0.010071,0.042725
0.036621,0.0080872,0.043945
0.035706,0.0057983,0.043945
0.035095,0.0054932,0.042725
0.035553,0.0064087,0.037842
0.0354,0.0080872,0.031738
0.03418,0.0083923,0.042725
0.033417,0.0082397,0.037842
0.033112,0.0065613,0.043945
0.032043,0.0035095,0.045166
0.031891,0.0019836,0.047607
0.030518,0.0013733,0.050049
0.030975,0.0021362,0.047607
0.028687,0.0041199,0.056152
0.029449,0.0036621,0.05249
0.028992,0.0032043,0.062256
0.028534,0.0021362,0.061035
0.029144,0,0.064697
0.028687,0.00076294,0.061035
0.030365,0.0016785,0.061035
0.03006,0.0050354,0.063477
0.029449,0.0038147,0.063477
0.028839,0.004425,0.06958
0.027466,0.0033569,0.063477
0.026093,0.0012207,0.047607
0.02533,-0.00030518,0.059814
0.025024,-0.0021362,0.065918
0.024567,-0.0010681,0.065918
0.020294,-0.00076294,0.065918
0.023193,-0.0028992,0.062256
0.023346,-0.0059509,0.065918
0.023193,-0.0080872,0.061035
0.023804,-0.0099182,0.058594
0.024567,-0.009613,0.056152
0.025177,-0.0083923,0.054932
0.024567,-0.0082397,0.050049
0.024109,-0.0071716,0.05249
0.023956,-0.0076294,0.064697
0.023651,-0.0090027,0.047607
0.023499,-0.010681,0.046387
0.025482,-0.010529,0.045166
0.02655,-0.0097656,0.028076
0.028534,-0.010071,0.042725
0.03006,-0.010529,0.041504
0.031891,-0.013885,0.040283
0.033417,-0.017548,0.037842
0.033875,-0.019989,0.0354
0.033264,-0.021515,0.039063
0.034637,-0.020294,0.037842
0.033875,-0.018158,0.040283
0.033112,-0.014801,0.036621
0.031891,-0.014648,0.041504
0.031738,-0.013733,0.042725
0.031586,-0.013885,0.040283
0.032501,-0.012512,0.040283
0.033722,-0.011902,0.042725
0.036011,-0.010376,0.047607
0.036316,-0.0082397,0.046387
0.035553,-0.0074768,0.056152
0.035248,-0.0080872,0.050049
0.035248,-0.0094604,0.041504
0.034637,-0.011292,0.05249
0.033569,-0.013275,0.054932
0.031891,-0.013885,0.058594
0.029755,-0.012817,0.057373
0.027618,-0.012512,0.059814
0.02594,-0.01236,0.062256
0.025482,-0.01297,0.061035
0.025177,-0.013885,0.059814
0.024872,-0.014954,0.056152
0.026398,-0.014496,0.062256
0.026398,-0.013885,0.063477
0.025482,-0.01297,0.064697
0.024872,-0.011139,0.072021
0.023804,-0.011139,0.067139
0.023041,-0.011902,0.062256
0.021057,-0.012207,0.067139
0.020599,-0.012054,0.064697
0.019531,-0.010681,0.064697
0.019073,-0.0090027,0.061035
0.018158,-0.0073242,0.057373
0.017242,-0.0056458,0.053711
0.017242,-0.0062561,0.050049
0.017242,-0.0065613,0.053711
0.017242,-0.0074768,0.047607
0.018616,-0.007019,0.05127
0.018616,-0.007019,0.047607
0.020294,-0.0050354,0.046387
0.019226,-0.0033569,0.048828
0.018616,-0.0024414,0.047607
0.017853,-0.0018311,0.041504
0.017242,-0.002594,0.041504
0.019073,-0.0019836,0.056152
0.019073,-0.00091553,0.041504
0.018616,0.0013733,0.050049
0.017242,0.0032043,0.039063
0.016632,0.0047302,0.028076
0.016174,0.0050354,0.037842
0.017548,0.0047302,0.037842
0.017853,0.0035095,0.037842
0.018768,0.0032043,0.040283
0.017548,0.0038147,0.0354
0.016479,0.004425,0.041504
0.013885,0.005188,0.037842
0.010681,0.0039673,0.047607
0.0099182,0.0033569,0.042725
0.0093079,0.0022888,0.048828
0.0099182,0.0013733,0.047607
0.010376,0.0016785,0.053711
0.010071,0.002594,0.064697
0.0093079,0.0033569,0.057373
0.0091553,0.0036621,0.05127
0.0088501,0.0027466,0.058594
0.010834,0.0021362,0.056152
0.012817,0.0013733,4.3933
0.015106,0.0013733,4.8914
0.016632,0.0032043,4.9255
0.016785,0.0050354,4.9304
0.015106,0.0065613,4.928
0.015106,0.0085449,4.9292
0.015411,0.0093079,4.9329
0.016022,0.0091553,4.9365
0.018311,0.0093079,4.9316
0.018463,0.0088501,4.928
0.019836,0.0091553,4.9377
0.015564,0.010529,4.9377
0.012665,0.010223,4.9329
0.011139,0.010681,4.9341
0.010834,0.0080872,4.939
0.011597,0.007782,4.9304
0.012512,0.0071716,4.9304
0.012665,0.0071716,4.9255
0.010986,0.0079346,4.9097
0.0086975,0.0082397,4.9219
0.0083923,0.0079346,4.9146
0.0090027,0.0074768,4.9158
0.010986,0.0073242,4.917
0.011749,0.0073242,4.9158
0.011444,0.0080872,4.9146
0.011444,0.010223,4.9109
0.010529,0.012054,4.9133
0.010529,0.013275,4.906
0.010834,0.014954,4.9109
0.012665,0.016785,4.9146
0.014801,0.015564,4.9084
0.016479,0.015717,4.9097
0.01709,0.015106,4.9109
0.016327,0.014343,4.9109
0.014648,0.01297,4.9109
0.01297,0.011444,4.9121
0.011444,0.010223,4.9121
0.010986,0.0086975,4.9072
0.012207,0.0079346,4.9121
0.011902,0.007019,4.9158
0.0090027,0.0065613,4.9194
0.010223,0.007782,4.9158
0.010681,0.0071716,4.9207
0.010529,0.0067139,4.928
0.012665,0.0086975,4.9292
0.014954,0.0086975,4.9329
0.017242,0.0094604,4.928
0.018005,0.010071,4.9329
0.0177,0.010376,4.9304
0.015869,0.010529,4.9341
0.016174,0.010834,4.9426
0.015106,0.010071,4.9304
0.019989,0.010376,4.9329
0.022583,0.010529,4.9341
0.022888,0.014496,4.9207
0.023041,0.012054,4.9341
0.021515,0.012207,4.9365
0.021515,0.011749,4.9377
0.022583,0.010986,4.9353
0.023346,0.0094604,4.9329
0.02594,0.0097656,4.9365
0.026093,0.010223,4.9304
0.024719,0.012665,4.9365
0.02243,0.011749,4.9231
0.019989,0.010223,4.9268
0.019989,0.0097656,4.9231
0.02243,0.0088501,4.9243
0.023956,0.007782,4.9243
0.024872,0.0085449,4.9207
0.024414,0.0091553,4.928
0.022583,0.0091553,4.9182
0.02121,0.0088501,4.9207
0.020447,0.0085449,4.9121
0.018921,0.0094604,4.9036
0.019989,0.0093079,4.9133
0.019989,0.0086975,4.9097
0.019379,0.0080872,4.9084
0.016327,0.0067139,4.9097
0.014496,0.0053406,4.9097
0.012665,0.0039673,4.9109
0.012665,0.0024414,4.906
0.01236,0.0028992,4.9121
0.013275,-0.0028992,4.9084
0.014496,-0.0045776,4.9084
0.014038,-0.0061035,4.9121
0.011444,-0.0067139,4.9133
0.011444,-0.0062561,4.9243
0.014038,-0.0050354,4.9158
0.017242,-0.0036621,4.9255
0.021057,-0.0030518,4.9231
0.024567,-0.0019836,4.9158
0.027161,-0.0021362,4.9268
0.027313,-0.0012207,4.928
0.027618,-0.00061035,4.9255
0.027924,-0.0015259,4.9341
0.028687,-0.00015259,4.9268
0.029297,-0.00045776,4.9292
0.029907,-0.002594,4.9304
0.029449,-0.0039673,4.9341
0.028229,-0.0018311,4.9292
0.026093,-0.0050354,4.9329
0.025024,-0.0039673,4.9341
0.025482,-0.0033569,4.9353
0.026398,-0.0035095,4.939
0.028229,-0.0045776,4.9377
0.028076,-0.0053406,4.9243
0.026398,-0.0068665,4.9377
0.023346,-0.007019,4.9426
0.020905,-0.0064087,4.9329
0.019684,-0.0054932,4.9329
0.020447,-0.0041199,0.058594
0.02243,-0.0053406,0.057373
0.025024,-0.0062561,0.05249
0.026398,-0.0090027,0.05249
0.026703,-0.0086975,0.046387
0.027313,-0.0079346,0.045166
0.027771,-0.0067139,0.045166
0.030823,-0.0054932,0.050049
0.034027,-0.0061035,0.047607
0.036774,-0.0076294,0.046387
0.036163,-0.0094604,0.040283
0.03418,-0.010834,0.043945
0.030365,-0.011139,0.054932
0.027771,-0.010071,0.041504
0.02594,-0.0091553,0.047607
0.025787,-0.0082397,0.041504
0.022888,-0.0090027,0.021973
0.02594,-0.0097656,0.037842
0.024567,-0.010681,0.037842
0.02182,-0.011139,0.039063
0.021057,-0.010223,0.040283
0.021362,-0.0086975,0.03418
0.022583,-0.0076294,0.041504
0.024261,-0.0071716,0.040283
0.025482,-0.0045776,0.045166
0.025482,-0.010071,0.045166
0.023651,-0.012054,0.050049
0.022583,-0.012665,0.047607
0.023499,-0.010376,0.053711
0.023499,-0.0076294,0.063477
0.025787,-0.0053406,0.057373
0.028229,-0.005188,0.058594
0.029907,-0.0065613,0.061035
0.03067,-0.0079346,0.06958
0.029907,-0.0085449,0.062256
0.029602,-0.0064087,0.062256
0.03067,-0.0047302,0.059814
0.031433,-0.0036621,0.062256
0.032959,-0.0035095,0.061035
0.033264,-0.0065613,0.064697
0.033112,-0.0090027,0.061035
0.030823,-0.011444,0.063477
0.029297,-0.010071,0.062256
0.027313,-0.0079346,0.070801
0.025635,-0.0062561,0.063477
0.029907,-0.0053406,0.065918
0.030365,-0.0076294,0.064697
0.031738,-0.010223,0.062256
0.030365,-0.010681,0.063477
0.028076,-0.0094604,0.054932
0.027161,-0.0050354,0.057373
0.026703,-0.00076294,0.05249
0.028687,0.0027466,0.040283
0.030212,0.0018311,0.05127
0.031738,-0.00061035,0.047607
0.031891,-0.0013733,0.045166
0.030823,-0.0010681,0.046387
0.030365,0,0.043945
0.029907,0.002594,0.042725
0.03006,0.0022888,0.041504
0.033722,0.0021362,0.042725
0.034637,0.00030518,0.036621
0.034485,-0.00076294,0.042725
0.032196,-0.00045776,0.042725
0.030823,0.00076294,0.042725
0.028381,0.0038147,0.037842
0.027466,0.0064087,0.042725
0.02655,0.0080872,0.039063
0.026245,0.0079346,0.039063
0.026245,0.0073242,0.041504
0.025024,0.0062561,0.032959
0.023956,0.0059509,0.040283
0.023499,0.0067139,0.041504
0.023041,0.0076294,0.047607
0.023346,0.0073242,0.050049
0.024414,0.0067139,0.05249
0.024719,0.0039673,0.05249
0.025177,0.0021362,0.061035
0.023651,0.0030518,0.056152
0.02121,0.0056458,0.059814
0.019531,0.0086975,0.054932
0.018768,0.010834,0.065918
0.017242,0.011292,0.058594
0.018311,0.0094604,0.062256
0.019073,0.0073242,0.078125
0.019379,0.0062561,0.062256
0.019379,0.0067139,0.062256
0.018005,0.0085449,0.063477
0.018005,0.0097656,0.048828
0.019073,0.0091553,0.062256
0.019684,0.007019,0.065918
0.020294,0.0036621,0.065918
0.019073,0.0019836,0.062256
0.016785,0.0021362,0.062256
0.015411,0.0045776,0.064697
0.014191,0.0074768,0.059814
0.015717,0.010071,0.059814
0.017395,0.0082397,0.05249
0.019684,0.0067139,0.057373
0.020752,0.004425,0.05249
0.022125,0.0038147,0.05249
0.021973,0.005188,0.053711
0.023346,0.0074768,0.043945
0.022125,0.0093079,0.054932
0.023651,0.010223,0.046387
0.024109,0.0071716,0.056152
0.023499,0.0039673,0.042725
0.022278,0.002594,0.037842
0.02121,0.00061035,0.040283
0.021057,0.0054932,0.040283
0.020142,0.0074768,0.037842
0.020294,0.0090027,0.040283
0.023804,0.007782,0.0354
0.024872,0.005188,0.039063
0.025787,0.0027466,0.036621
0.025024,0.002594,0.041504
0.025635,0.0041199,1.3599
0.023956,0.0071716,4.7083
0.022583,0.0090027,4.8962
0.024567,0.010071,4.9133
0.02243,0.0079346,4.9207
0.023346,0.005188,4.9158
0.022888,0.0039673,4.9255
0.022278,0.004425,4.9109
0.021973,0.0067139,4.9194
0.022125,0.0088501,4.9255
0.021973,0.0093079,4.9194
0.022583,0.0074768,4.9231
0.022583,0.0032043,4.9304
0.019836,0.00076294,4.9316
0.015106,-0.00030518,4.9304
0.014038,0.0010681,4.928
0.011902,0.0038147,4.9341
0.011444,0.0015259,4.9255
0.012054,0.0027466,4.9304
0.013123,0.00061035,4.9329
0.015106,-0.0018311,4.9353
0.014801,-0.0032043,4.9316
0.013275,-0.00091553,4.9377
0.014191,0.0015259,4.9438
0.013428,0.0041199,4.9353
0.014954,0.005188,4.939
0.015717,0.0028992,4.9353
0.016479,0.00076294,4.9182
0.016327,-0.00045776,4.9353
0.015717,-0.00061035,4.9255
0.015411,0.0021362,4.9243
0.016479,0.004425,4.9231
0.018463,0.004425,4.9194
0.021973,0.0042725,4.9182
0.023956,0.0021362,4.9194
0.024719,0.00015259,4.917
0.025482,-0.00061035,4.9121
0.024414,0.0012207,4.9182
0.022583,0.0028992,4.917
0.02243,0.0033569,4.9072
0.02121,0.0010681,4.9207
0.021667,-0.00045776,4.9121
0.02182,-0.0039673,4.906
0.020599,-0.0057983,4.9097
0.018921,-0.005188,4.8975
0.019989,-0.0035095,4.9084
0.020142,-0.0018311,4.9036
0.020447,0.00091553,4.9109
0.021515,-0.002594,4.9097
0.022125,-0.0041199,4.9084
0.022278,-0.0056458,4.9109
0.021515,-0.0053406,4.9121
0.020752,-0.0053406,4.9146
0.018463,-0.0010681,4.9146
0.018921,0.00015259,4.9255
0.018616,0.00045776,4.9243
0.020599,-0.00076294,4.9243
0.020599,-0.002594,4.9243
0.020447,-0.0036621,4.9292
0.020294,-0.0042725,4.9341
0.020294,-0.0028992,4.9329
0.020905,-0.0024414,4.9402
0.020294,-0.0035095,4.9304
0.022888,-0.0050354,4.917
0.022583,-0.0073242,4.9292
0.02243,-0.0093079,4.9304
0.019073,-0.010681,4.9304
0.017853,-0.0080872,4.9329
0.016479,-0.0054932,4.9316
0.016327,-0.0028992,4.9353
0.015869,-0.0036621,4.9365
0.016785,-0.0041199,4.9329
0.018005,-0.0057983,4.9316
0.018768,-0.002594,4.9353
0.019379,-0.005188,4.9304
0.018921,-0.0038147,4.9304
0.020294,-0.0021362,4.9316
0.02182,-0.0013733,4.9255
0.021515,-0.0018311,4.9243
0.021515,-0.0027466,4.9219
0.020905,-0.0028992,4.917
0.019989,-0.0018311,4.917
0.018463,0.00045776,4.9133
0.017853,0.002594,4.9182
0.016632,0.002594,4.9158
0.0177,0.0022888,4.9146
0.019073,-0.00015259,4.9133
0.019684,-0.0033569,4.9084
0.019836,-0.0061035,4.9109
0.019073,-0.0054932,4.9084
0.017853,-0.0053406,4.9097
0.016327,-0.0042725,4.9109
0.014801,-0.0048828,4.9207
0.014038,-0.0057983,4.9084
0.011749,-0.0088501,4.9109
0.010376,-0.010376,4.917
0.0088501,-0.0097656,4.9109
0.0093079,-0.0079346,4.9207
0.0099182,-0.0048828,4.9158
0.010376,-0.002594,4.8999
0.014648,-0.00061035,4.9133
0.018158,-0.0012207,4.9158
0.019989,-0.0019836,4.9207
0.019989,-0.0024414,4.9194
0.020142,-0.00076294,4.9194
0.019531,0.0016785,4.9268
0.019226,0.0039673,4.9292
0.018616,0.0045776,4.9316
0.019073,0.0039673,4.9304
0.019836,0.0021362,4.9353
0.020599,0.0010681,0.063477
0.020294,0.0013733,0.064697
0.020905,0.0030518,0.073242
0.02182,0.0036621,0.057373
0.021515,0.002594,0.058594
0.023956,0.0019836,0.063477
0.025177,-0.0010681,0.064697
0.024414,-0.0024414,0.063477
0.023193,-0.0012207,0.065918
0.022736,0.0015259,0.067139
0.021667,0.0057983,0.067139
0.02121,0.0090027,0.059814
0.021515,0.010223,0.062256
0.020752,0.009613,0.057373
0.020752,0.0059509,0.054932
0.019684,0.0032043,0.05127
0.018311,0.0041199,0.053711
0.016479,0.0039673,0.05249
0.013885,0.0035095,0.05127
0.011444,0.0022888,0.047607
0.0091553,-0.00045776,0.048828
0.0082397,-0.0033569,0.05249
0.0079346,-0.0050354,0.046387
0.0080872,-0.0048828,0.057373
0.0083923,-0.0028992,0.043945
0.0080872,-0.00045776,0.030518
0.007019,0.00076294,0.039063
0.0083923,0.00061035,0.041504
0.0088501,-0.00030518,0.037842
0.010834,-0.0018311,0.037842
0.012207,-0.0015259,0.03418
0.014191,-0.0016785,0.039063
0.015869,0.00091553,0.037842
0.017853,0.002594,0.041504
0.019073,0.0032043,0.039063
0.020752,0.0024414,0.041504
0.023651,0.0013733,0.048828
0.024719,-0.00091553,0.047607
0.02533,-0.0013733,0.053711
0.026093,-0.0012207,0.050049
0.026245,-0.0013733,0.058594
0.02594,-0.0015259,0.053711
0.023651,-0.0018311,0.05127
0.022278,-0.0030518,0.057373
0.02182,-0.0036621,0.062256
0.02121,-0.0024414,0.057373
0.020599,-0.00076294,0.058594
0.019531,0.0019836,0.061035
0.019226,0.0036621,0.063477
0.0177,0.0056458,0.059814
0.016937,0.0059509,0.065918
0.017242,0.0045776,0.059814
0.018158,0.0036621,0.065918
0.018616,0.0038147,0.064697
0.019531,0.0042725,0.065918
0.019989,0.0045776,0.063477
0.018768,0.0047302,0.065918
0.018463,0.0038147,0.076904
0.021515,0.0018311,0.064697
0.023193,0.00045776,0.070801
0.025635,0.00015259,0.062256
0.024719,0.00076294,0.047607
0.024109,0.0010681,0.053711
0.021667,0.0027466,0.054932
0.022125,0.00015259,0.048828
0.021515,-0.0016785,0.048828
0.020447,-0.0033569,0.046387
0.02121,-0.0030518,0.050049
0.020142,-0.0022888,0.047607
0.018921,-0.0016785,0.046387
0.018005,0.00030518,0.042725
0.016937,-0.0033569,0.045166
0.015717,-0.0053406,0.041504
0.015717,-0.0080872,0.042725
0.016022,-0.012207,0.047607
0.017853,-0.009613,0.040283
0.017242,-0.0099182,0.036621
0.016327,-0.0093079,0.045166
0.016022,-0.0091553,0.029297
0.015411,-0.0086975,0.036621
0.016022,-0.0071716,0.032959
0.016937,-0.005188,0.041504
0.019073,-0.00030518,0.039063
0.020447,0.00045776,0.037842
0.02182,0.0035095,0.043945
0.027008,0.0036621,0.042725
0.024109,0.0030518,0.048828
0.024567,0.0015259,0.047607
0.025024,-0.00045776,0.053711
0.02655,-0.0018311,0.047607
0.028381,-0.0021362,0.057373
0.029602,-0.0019836,0.056152
0.029144,-0.0027466,0.062256
0.027618,-0.0039673,0.065918
0.028839,-0.0054932,0.063477
0.028076,-0.0064087,0.073242
0.026855,-0.0065613,0.061035
0.02655,-0.0053406,0.048828
0.02533,-0.004425,0.061035
0.024109,-0.0033569,0.058594
0.023804,-0.0039673,0.064697
0.022278,-0.0032043,0.064697
0.022278,-0.0041199,0.063477
0.022278,-0.0054932,0.064697
0.023499,-0.0056458,0.067139
0.023041,-0.0061035,0.067139
0.023193,-0.0056458,0.059814
0.023499,-0.0068665,0.061035
0.023499,-0.0054932,0.061035
0.024261,-0.0054932,0.057373
0.025787,-0.0053406,0.053711
0.026398,-0.0038147,0.05249
0.030823,-0.0032043,0.053711
0.028534,-0.0024414,0.047607
0.028076,-0.0012207,0.05249
0.028229,0,0.048828
0.028229,-0.0010681,0.045166
0.028534,-0.0010681,2.9895
0.028229,-0.0010681,4.7974
0.028534,-0.00091553,4.8999
0.029755,0,4.9072
0.030975,0,4.906
0.030518,0.00076294,4.9097
0.031128,0.0010681,4.906
0.032043,0.0013733,4.9109
0.033264,0.0018311,4.9097
0.033569,0.0022888,4.9121
0.034027,0.0027466,4.9084
0.031586,0.0033569,4.9158
0.029449,0.0019836,4.9255
0.030518,0.0042725,4.9109
0.025177,0.0062561,4.9146
0.023956,0.0068665,4.9146
0.023651,0.0079346,4.8987
0.023346,0.0061035,4.917
0.023041,0.0064087,4.917
0.02243,0.0047302,4.9158
0.021973,0.0024414,4.9243
0.022278,0.00091553,4.9255
0.021515,0.00030518,4.9292
0.020905,-0.00076294,4.9292
0.02121,-0.00091553,4.9304
0.019073,-0.00091553,4.9304
0.017548,-0.00015259,4.9353
0.016937,0.00030518,4.9304
0.015259,0.0019836,4.9341
0.017242,0.0041199,4.9329
0.017853,0.0059509,4.9158
0.019379,0.0030518,4.9353
0.02182,0.0053406,4.9377
0.022888,0.0048828,4.9475
0.024109,0.0032043,4.9341
0.024872,0.0024414,4.9243
0.025787,0.0021362,4.9341
0.025635,0.0027466,4.9316
0.026093,0.0035095,4.9292
0.027008,0.0038147,4.9304
0.027466,0.0035095,4.9243
0.027924,0.0035095,4.928
0.027313,0.0036621,4.9219
0.027008,0.0028992,4.9231
0.027008,0.0024414,4.917
0.027313,0.0019836,4.9194
0.026855,0.0010681,4.9207
0.026093,0.0030518,4.9207
0.025482,0.0021362,4.9255
0.024261,0.0013733,4.9158
0.025024,0.0035095,4.9182
0.025177,0.0042725,4.9121
0.02594,0.0054932,4.9023
0.027618,0.0071716,4.9109
0.028229,0.0073242,4.9109
0.027771,0.0082397,4.9109
0.027008,0.0086975,4.9121
0.026245,0.0088501,4.8975
0.025635,0.009613,4.9097
0.025177,0.011292,4.9084
0.025177,0.012207,4.9121
0.025177,0.013428,4.9097
0.025177,0.013733,4.9146
0.025177,0.014038,4.9158
0.024567,0.013428,4.9194
0.024414,0.013123,4.9158
0.02243,0.012512,4.9243
0.023651,0.011139,4.9182
0.022888,0.0085449,4.9268
0.021667,0.0079346,4.9341
0.019836,0.0056458,4.9292
0.017548,0.0042725,4.9146
0.015564,0.0027466,4.9292
0.013428,0.0027466,4.9316
0.014648,0.0032043,4.9304
0.015564,0.0028992,4.9304
0.016327,0.0035095,4.9304
0.016327,0.0036621,4.9341
0.015869,0.004425,4.9353
0.015106,0.0056458,4.9255
0.014648,0.007019,4.9329
0.016327,0.0090027,4.9402
0.018311,0.0097656,4.9341
0.019531,0.010529,4.9402
0.020599,0.010223,4.95
0.020905,0.010223,4.9365
0.020447,0.010223,4.9316
0.020142,0.010529,4.9316
0.019989,0.011139,4.9084
0.021515,0.010071,4.928
0.020447,0.0099182,4.9207
0.02121,0.0085449,4.9243
0.020599,0.007782,4.9207
0.019989,0.007019,4.917
0.019684,0.0067139,4.9109
0.019226,0.0061035,4.9158
0.020142,0.0059509,4.9158
0.02121,0.0053406,4.9109
0.02182,0.0032043,4.917
0.021057,0.002594,4.9146
0.019379,0.0018311,4.9084
0.018005,0.0012207,4.9121
0.016937,0.0013733,4.9133
0.017242,0.0019836,4.9109
0.017853,0.0018311,4.9133
0.018768,0.0018311,4.9109
0.018921,0.0010681,4.9084
0.019531,0.00030518,4.8975
0.019073,0.0012207,4.9121
0.019684,0.0016785,0.041504
0.019684,0.0027466,0.041504
0.020142,0.0033569,0.048828
0.019226,0.0012207,0.043945
0.020599,0.0013733,0.047607
0.017548,0.00091553,0.048828
0.016479,0.00045776,0.05249
0.015717,0,0.05249
0.015564,0.00076294,0.061035
0.015869,0.00015259,0.058594
0.016022,-0.00045776,0.058594
0.017242,-0.0012207,0.070801
0.01709,-0.0022888,0.063477
0.017853,-0.0027466,0.065918
0.016937,-0.002594,0.062256
0.015106,-0.0021362,0.053711
0.016785,-0.0010681,0.061035
0.017548,-0.0013733,0.063477
0.017242,-0.0030518,0.061035
0.016174,-0.0028992,0.067139
0.016632,-0.0038147,0.063477
0.016479,-0.0041199,0.064697
0.016327,-0.0057983,0.065918
0.015869,-0.0036621,0.064697
0.015717,-0.002594,0.059814
0.016022,-0.0016785,0.061035
0.016022,-0.00015259,0.059814
0.016022,-0.00076294,0.056152
0.017548,0.00045776,0.053711
0.018616,0.0019836,0.05127
0.020599,0.0041199,0.056152
0.021973,0.0064087,0.050049
0.023651,0.0071716,0.053711
0.02594,0.0057983,0.050049
0.027008,0.004425,0.037842
0.026398,0.0015259,0.042725
0.025635,-0.00091553,0.043945
0.024719,-0.0012207,0.042725
0.022736,-0.0041199,0.043945
0.02121,-0.0057983,0.037842
0.018921,-0.0082397,0.041504
0.019989,-0.009613,0.037842
0.014496,-0.011292,0.042725
0.012054,-0.011749,0.039063
0.010681,-0.011597,0.039063
0.010071,-0.010834,0.0354
0.010681,-0.0091553,0.041504
0.01236,-0.0086975,0.054932
0.014343,-0.0079346,0.041504
0.015869,-0.0076294,0.05249
0.018311,-0.007782,0.046387
0.019379,-0.0065613,0.031738
0.019531,-0.0054932,0.047607
0.020599,-0.0039673,0.05249
0.021667,-0.0027466,0.053711
0.022583,-0.0042725,0.048828
0.022278,-0.0013733,0.05249
0.023193,-0.0010681,0.059814
0.023041,-0.0018311,0.058594
0.023499,-0.0024414,0.061035
0.022888,-0.0036621,0.056152
0.023499,-0.0054932,0.064697
0.024567,-0.0065613,0.061035
0.027008,-0.0053406,0.064697
0.026703,-0.0050354,0.068359
0.027008,-0.0033569,0.061035
0.026703,-0.0019836,0.061035
0.024567,-0.0024414,0.064697
0.025024,-0.00091553,0.078125
0.023346,-0.00091553,0.064697
0.021362,-0.0019836,0.067139
0.019379,-0.0015259,0.061035
0.017242,-0.0012207,0.059814
0.015106,-0.0013733,0.056152
0.012665,-0.0018311,0.056152
0.010529,-0.004425,0.05249
0.0080872,-0.0068665,0.053711
0.0079346,-0.007782,0.054932
0.0086975,-0.0083923,0.05127
0.0082397,-0.007782,0.046387
0.0085449,-0.0067139,0.047607
0.0090027,-0.0054932,0.048828
0.0053406,-0.0048828,0.045166
0.010376,-0.0057983,0.050049
0.011902,-0.0056458,0.043945
0.013123,-0.0038147,0.043945
0.014496,-0.0024414,0.037842
0.016479,-0.00030518,0.030518
0.017548,0.00015259,0.039063
0.018768,-0.00015259,0.039063
0.019836,-0.0032043,0.036621
0.020142,-0.0056458,0.036621
0.020905,-0.0062561,0.03418
0.021362,-0.0065613,0.040283
0.022278,-0.0064087,0.036621
0.022736,-0.0065613,0.042725
0.022278,-0.0076294,0.039063
0.021667,-0.0086975,0.040283
0.020599,-0.010529,0.046387
0.020447,-0.010834,0.050049
0.016937,-0.0099182,0.047607
0.021362,-0.0093079,0.05127
0.020599,-0.007019,0.057373
0.02121,-0.0042725,0.056152
0.020447,-0.0021362,0.067139
0.020447,0.00076294,0.061035
0.019836,0.0022888,0.048828
0.019531,0.0028992,0.057373
0.019684,0.0032043,0.056152
0.020752,0.0021362,0.061035
0.020752,0.0024414,0.062256
0.021057,0.0013733,0.059814
0.02121,-0.00061035,0.062256
0.021057,-0.0021362,0.061035
0.020447,-0.0041199,0.063477
0.022278,-0.005188,0.064697
0.019989,-0.0061035,0.068359
0.021057,-0.0062561,2.5317
0.020752,-0.0053406,4.7913
0.020599,-0.0041199,4.9304
0.019226,-0.0033569,4.9304
0.018768,-0.0021362,4.9255
0.019684,-0.0082397,4.9268
0.019989,-0.00045776,4.9121
0.020905,-0.00076294,4.9219
0.020447,0,4.9182
0.018616,0.00061035,4.9194
0.017242,-0.0012207,4.9207
0.015869,-0.0022888,4.9133
0.015869,-0.0047302,4.9158
0.015259,-0.0076294,4.9109
0.015564,-0.007782,4.9158
0.015869,-0.010223,4.906
0.016174,-0.0099182,4.9121
0.014801,-0.009613,4.9121
0.015411,-0.0082397,4.9146
0.014648,-0.0076294,4.9084
0.014648,-0.0071716,4.9109
0.016022,-0.0074768,4.9207
0.017853,-0.0073242,4.9109
0.019379,-0.0068665,4.9231
0.02121,-0.0045776,4.9048
0.02243,-0.0035095,4.9011
0.023956,-0.002594,4.9133
0.025635,-0.0012207,4.9109
0.026855,-0.00061035,4.9121
0.028534,0.0016785,4.9182
0.030365,0.0030518,4.9158
0.03067,0.0039673,4.917
0.030518,0.005188,4.9207
0.029755,0.0050354,4.9255
0.027924,0.0041199,4.9231
0.028381,0.0036621,4.9292
0.028992,0.0032043,4.9316
0.028992,0.0032043,4.9329
0.029297,0.0027466,4.9365
0.029297,0.0022888,4.9341
0.027924,0.0016785,4.9316
0.027161,0.0013733,4.9316
0.025482,0.0015259,4.9365
0.024719,0.002594,4.9329
0.024261,0.0027466,4.9304
0.022125,0.0018311,4.9377
0.021667,0.00091553,4.9353
0.020142,-0.00030518,4.9365
0.019531,-0.00061035,4.9353
0.019684,-0.00045776,4.9329
0.020447,0.0016785,4.9341
0.021667,0.0038147,4.928
0.023346,0.005188,4.9316
0.024719,0.0054932,4.9268
0.025024,0.0053406,4.9268
0.02594,0.0057983,4.9207
0.02594,0.0067139,4.9231
0.025482,0.0083923,4.9304
0.027008,0.0091553,4.9219
0.028381,0.0086975,4.9255
0.03006,0.007782,4.9182
0.030365,0.0048828,4.9084
0.030823,0.0048828,4.9109
0.030212,0.0048828,4.9121
0.029755,0.0057983,4.9121
0.029297,0.0068665,4.9109
0.029907,0.0080872,4.9146
0.029602,0.007782,4.9133
0.028229,0.0073242,4.9097
0.027771,0.007019,4.9109
0.026093,0.007019,4.9084
0.026093,0.0067139,4.917
0.025635,0.007019,4.9121
0.026245,0.007019,4.9109
0.027466,0.0062561,4.9207
0.028534,0.005188,4.9158
0.029602,0.0050354,4.9194
0.030365,0.0054932,4.9194
0.028839,0.0057983,4.9133
0.026855,0.0068665,4.9219
0.025177,0.0082397,4.9011
0.024414,0.0088501,4.9255
0.024261,0.009613,4.9268
0.024261,0.0085449,4.9243
0.024414,0.009613,4.9304
0.023651,0.0083923,4.9304
0.022888,0.0079346,4.9341
0.024719,0.005188,4.9292
0.024567,0.0041199,4.9341
0.02533,0.0033569,4.9316
0.025787,0.0027466,4.9353
0.024109,0.0024414,4.9329
0.022736,0.00091553,4.9268
0.022888,-0.0010681,4.9426
0.023041,-0.0019836,4.9402
0.02243,-0.0032043,4.9451
0.023193,-0.0021362,4.9341
0.024261,0.00015259,4.9207
0.02182,0.0016785,4.9207
0.023804,0.0016785,4.9341
0.025482,0.002594,4.9255
0.026703,0.0013733,4.9292
0.028381,0.0038147,4.9219
0.028381,0.005188,4.9243
0.029907,0.007019,4.9182
0.029907,0.0082397,4.9219
0.029297,0.0086975,4.9158
0.028534,0.0073242,4.9158
0.027466,0.0054932,0.050049
0.027008,0.0059509,0.043945
0.027313,0.0054932,0.047607
0.026703,0.0062561,0.042725
0.025635,0.0074768,0.042725
0.025787,0.0056458,0.040283
0.023499,0.0068665,0.031738
0.022278,0.0061035,0.040283
0.021057,0.0062561,0.037842
0.020905,0.0065613,0.037842
0.020294,0.0073242,0.041504
0.019684,0.0074768,0.039063
0.019073,0.0067139,0.040283
0.016937,0.005188,0.039063
0.016174,0.0032043,0.045166
0.015564,0.0027466,0.039063
0.014801,0.0032043,0.047607
0.014496,0.004425,0.048828
0.015106,0.0053406,0.048828
0.015106,0.0057983,0.050049
0.014648,0.0042725,0.057373
0.015564,0.004425,0.059814
0.015717,0.0030518,0.057373
0.015564,0.0032043,0.070801
0.016022,0.0038147,0.062256
0.016632,0.005188,0.047607
0.016327,0.0056458,0.058594
0.013123,0.0062561,0.058594
0.013275,0.0054932,0.061035
0.012207,0.0048828,0.062256
0.012817,0.0041199,0.057373
0.014038,0.0024414,0.064697
0.014648,0.0022888,0.064697
0.016632,0.0016785,0.063477
0.016785,0.0018311,0.065918
0.017548,0.0019836,0.06958
0.01709,0.0015259,0.064697
0.018311,0.00015259,0.064697
0.019989,0.0016785,0.076904
0.020294,0.00061035,0.062256
0.020294,0.0018311,0.057373
0.019531,0.0035095,0.054932
0.018921,0.0045776,0.042725
0.017548,0.005188,0.05127
0.017395,0.005188,0.05127
0.016022,0.0036621,0.046387
0.018311,0.002594,0.045166
0.019226,0.002594,0.045166
0.018311,0.002594,0.043945
0.01709,0.0042725,0.042725
0.014954,0.0030518,0.043945
0.014954,0.00061035,0.037842
0.015106,-0.00091553,0.042725
0.015869,-0.0012207,0.039063
0.017242,-0.0019836,0.041504
0.017548,-0.0010681,0.037842
0.017853,-0.0013733,0.042725
0.018005,-0.0015259,0.046387
0.017548,-0.0013733,0.040283
0.017853,-0.0012207,0.047607
0.019226,-0.0010681,0.037842
0.019226,0.00045776,0.030518
0.019684,0.00091553,0.041504
0.019379,0.0015259,0.043945
0.014954,0.0013733,0.045166
0.016937,0.00045776,0.047607
0.016327,-0.00076294,0.050049
0.016174,-0.0013733,0.05249
0.015106,-0.0027466,0.05249
0.016479,-0.0028992,0.057373
0.016632,-0.002594,0.056152
0.015259,-0.0016785,0.058594
0.014496,-0.00015259,0.062256
0.014038,-0.0016785,0.062256
0.014496,-0.0022888,0.06958
0.015411,0.0013733,0.064697
0.015259,-0.0016785,0.062256
0.015411,-0.0010681,0.061035
0.014954,-0.00030518,0.062256
0.014496,0.00015259,0.058594
0.014191,0.00061035,0.064697
0.014496,0.00076294,0.062256
0.015564,0.00015259,0.065918
0.016479,-0.00015259,0.063477
0.016937,-0.00076294,0.062256
0.016632,-0.00030518,0.061035
0.016785,-0.00045776,0.062256
0.016785,0.00030518,0.054932
0.016937,-0.00045776,0.057373
0.017548,-0.00091553,0.056152
0.018463,-0.0010681,0.054932
0.018921,-0.0016785,0.047607
0.019073,-0.0021362,0.050049
0.018921,-0.0027466,0.063477
0.017853,-0.0038147,0.047607
0.017242,-0.0050354,0.058594
0.017242,-0.0061035,0.045166
0.016937,-0.0076294,0.03418
0.01709,-0.0056458,0.037842
0.018005,-0.0053406,0.041504
0.017853,-0.0033569,0.037842
0.018311,-0.0028992,0.0354
0.018311,-0.00091553,0.0354
0.019531,0,0.041504
0.020447,0.00015259,0.041504
0.021667,-0.00045776,0.040283
0.022125,-0.0012207,0.039063
0.023499,-0.0018311,0.041504
0.022125,-0.0018311,0.036621
0.021667,-0.0013733,0.042725
0.021362,-0.0021362,0.048828
0.019989,-0.0039673,0.042725
0.020142,-0.0053406,0.043945
0.021057,-0.0065613,0.047607
0.021667,-0.0054932,0.045166
0.02121,-0.004425,0.05127
0.020142,-0.0028992,0.046387
0.020142,-0.0021362,0.056152
0.020142,-0.0028992,4.4067
0.020294,-0.005188,4.8914
0.02243,-0.004425,4.9243
0.023041,-0.0039673,4.928
0.023651,-0.0036621,4.9341
0.02182,-0.00076294,4.928
0.021973,0.00076294,4.9316
0.021057,-0.00091553,4.9304
0.021362,-0.0028992,4.9341
0.021515,-0.0053406,4.9304
0.019073,-0.0071716,4.9353
0.019989,-0.0079346,4.9414
0.019379,-0.0071716,4.9219
0.018005,-0.0071716,4.9402
0.020599,-0.0062561,4.9353
0.020905,-0.0057983,4.9194
0.021515,-0.0062561,4.9304
0.021667,-0.0048828,4.928
0.022736,-0.0028992,4.9231
0.022888,-0.00015259,4.9255
0.02182,0.00030518,4.9207
0.020905,0.00076294,4.9194
0.020294,-0.00061035,4.9158
0.020294,-0.0028992,4.917
0.019379,-0.0041199,4.9121
0.018768,-0.0048828,4.9146
0.018158,-0.0039673,4.917
0.016937,-0.0033569,4.9219
0.016785,-0.0021362,4.906
0.016022,-0.0022888,4.9146
0.016479,-0.0038147,4.9133
0.016785,-0.0054932,4.9109
0.017242,-0.0068665,4.9084
0.018005,-0.0062561,4.9133
0.018616,-0.0059509,4.9036
0.018158,-0.0047302,4.9084
0.018921,-0.0047302,4.9109
0.018921,-0.0054932,4.9097
0.019836,-0.0067139,4.9109
0.019684,-0.0076294,4.9109
0.019531,-0.0053406,4.9146
0.020752,-0.0024414,4.9133
0.021667,-0.00015259,4.9158
0.022736,0.0022888,4.9194
0.023193,0.0038147,4.9231
0.021667,0.002594,4.9268
0.023804,0.0019836,4.9243
0.023499,0.0024414,4.9377
0.025635,0.0022888,4.928
0.02594,0.0050354,4.9341
0.027924,0.0021362,4.9341
0.02533,0.0013733,4.9207
0.023956,-0.00091553,4.9304
0.023041,-0.0041199,4.9292
0.02121,-0.0062561,4.9304
0.020447,-0.0061035,4.9292
0.019989,-0.0045776,4.9304
0.019226,-0.00015259,4.9353
0.018768,0.00076294,4.9353
0.017242,0.0012207,4.9365
0.016022,0.00061035,4.9304
0.017395,-0.00015259,4.9402
0.0177,-0.00015259,4.9329
0.018768,0.0015259,4.9316
0.019684,0.0036621,4.9329
0.020905,0.004425,4.9329
0.019379,0.0045776,4.9304
0.018005,0.0016785,4.9255
0.016937,-0.0015259,4.9304
0.016174,-0.0028992,4.9231
0.016785,-0.0015259,4.8975
0.016174,0.0010681,4.9207
0.016327,0.0035095,4.9146
0.015717,0.0042725,4.9146
0.014954,0.0032043,4.9097
0.014496,-0.00061035,4.9158
0.017853,-0.0010681,4.9133
0.020599,-0.00076294,4.9072
0.02243,0.0015259,4.9109
0.023041,0.0036621,4.9109
0.023804,0.0030518,4.9158
0.022583,0.0018311,4.9084
0.022125,-0.00030518,4.9133
0.02121,-0.0019836,4.9194
0.020905,-0.0028992,4.9109
0.020905,-0.0013733,4.9194
0.020142,-0.00076294,4.9072
0.020905,-0.00045776,4.8999
0.020599,-0.00030518,4.9133
0.020447,-0.0012207,4.9109
0.021667,-0.0022888,4.9158
0.021515,-0.0013733,4.9182
0.024109,0.00061035,4.9194
0.025482,0.0024414,4.9231
0.025177,0.004425,4.9255
0.026245,0.0045776,4.9329
0.026245,0.005188,4.928
0.025482,0.0045776,4.9341
0.023956,0.0024414,4.9304
0.025787,0.0054932,4.9353
0.027466,0.0064087,4.9365
0.027924,0.0047302,4.9341
0.029144,0.0068665,4.9304
0.028381,0.0061035,4.9329
0.028076,0.004425,4.9414
0.027771,0.0032043,4.9353
0.028534,0.0030518,4.9255
0.029297,0.0030518,4.9353
0.029449,0.0064087,0.067139
0.028839,0.0076294,0.065918
0.027466,0.0073242,0.064697
0.024567,0.0062561,0.059814
0.022888,0.0039673,0.063477
0.02182,0.0027466,0.057373
0.021667,0.0024414,0.057373
0.022736,0.0030518,0.056152
0.023956,0.0036621,0.05249
0.024414,0.0045776,0.047607
0.024414,0.0045776,0.048828
0.025482,0.0032043,0.063477
0.026245,0.0042725,0.047607
0.027313,0.005188,0.05127
0.027313,0.0086975,0.043945
0.02655,0.012054,0.030518
0.026245,0.013123,0.039063
0.024261,0.012207,0.040283
0.024261,0.0090027,0.041504
0.024567,0.0061035,0.037842
0.026093,0.004425,0.037842
0.027924,0.0053406,0.040283
0.028839,0.0057983,0.039063
0.030975,0.0045776,0.041504
0.031128,0.0061035,0.039063
0.031891,0.0048828,0.041504
0.031281,0.0030518,0.042725
0.029755,0.002594,0.043945
0.029144,0.0032043,0.048828
0.02655,0.0047302,0.047607
0.026093,0.0064087,0.042725
0.025024,0.0074768,0.046387
0.024109,0.0067139,0.05249
0.024567,0.0047302,0.053711
0.025024,0.0032043,0.050049
0.02655,0.0024414,0.058594
0.028534,0.0033569,0.061035
0.027771,0.0047302,0.056152
0.028076,0.0053406,0.062256
0.02594,0.004425,0.058594
0.024109,0.0022888,0.062256
0.02243,0.00015259,0.063477
0.019989,-0.0015259,0.063477
0.021667,-0.0018311,0.061035
0.021973,-0.0013733,0.064697
0.023193,0.00061035,0.062256
0.023956,0.00076294,0.065918
0.02533,0.00076294,0.075684
0.027313,0.00045776,0.067139
0.028687,-0.0033569,0.070801
0.031433,-0.00076294,0.063477
0.031738,-0.00015259,0.047607
0.031738,0.00061035,0.053711
0.031586,0.0015259,0.058594
0.030365,0.0024414,0.05127
0.030365,0.0018311,0.053711
0.029602,0.0012207,0.050049
0.030365,0.00030518,0.050049
0.030518,0.00045776,0.046387
0.030518,0.0015259,0.048828
0.030365,0.0032043,0.039063
0.029755,0.0039673,0.046387
0.028992,0.004425,0.045166
0.028839,0.0033569,0.043945
0.028839,0.0016785,0.040283
0.027161,0.00091553,0.041504
0.028839,0.0016785,0.042725
0.027924,0.0028992,0.039063
0.026245,0.0048828,0.040283
0.024109,0.0057983,0.041504
0.02182,0.0056458,0.029297
0.020905,0.0042725,0.031738
0.02121,0.0028992,0.040283
0.021057,0.0022888,0.036621
0.020905,0.0041199,0.039063
0.020447,0.0050354,0.040283
0.019226,0.0059509,0.046387
0.018768,0.0047302,0.043945
0.018311,0.0022888,0.047607
0.018311,0,0.05127
0.019684,-0.00076294,0.054932
0.019684,-0.00015259,0.054932
0.019684,0.00015259,0.058594
0.018768,0.0036621,0.072021
0.01709,0.004425,0.062256
0.016327,0.0028992,0.063477
0.016174,0.0013733,0.063477
0.0177,-0.00045776,0.048828
0.018921,-0.00061035,0.059814
0.018768,0.00030518,0.059814
0.017548,0.00076294,0.058594
0.016327,0.00045776,0.061035
0.014954,-0.0012207,0.059814
0.014954,-0.0035095,0.064697
0.014496,-0.0056458,0.059814
0.015106,-0.0079346,0.067139
0.016022,-0.0054932,0.062256
0.015106,-0.0033569,0.067139
0.014343,-0.0012207,0.062256
0.013885,-0.00061035,0.063477
0.014038,-0.00030518,0.062256
0.016937,-0.0015259,0.058594
0.0177,-0.0021362,0.062256
0.019226,-0.0018311,0.053711
0.019989,-0.00076294,0.063477
0.018616,0.00061035,0.046387
0.018768,0.0022888,0.050049
0.018311,0.0024414,0.043945
0.019684,0.0022888,0.045166
0.020599,0.0018311,0.041504
0.021973,0.00030518,0.042725
0.02243,0.0016785,0.039063
0.021973,0.0022888,0.040283
0.020447,0.0032043,0.037842
0.019226,0.0027466,0.041504
0.018005,0.0032043,0.036621
0.018768,0.00091553,0.041504
0.018768,0.0012207,3.009
0.018768,0.00015259,4.7949
0.017242,0.00061035,4.906
0.014801,-0.00045776,4.9084
0.013428,-0.00045776,4.9121
0.012054,-0.00061035,4.9109
0.01297,-0.0027466,4.9036
0.014038,-0.0012207,4.9133
0.015564,-0.0016785,4.9121
0.015106,-0.0018311,4.9146
0.016022,-0.0012207,4.9194
0.012054,-0.00076294,4.9207
0.010834,0,4.9231
0.010223,0.00045776,4.9207
0.011292,-0.0010681,4.9158
0.012665,-0.0021362,4.9292
0.014038,-0.0027466,4.9304
0.015259,-0.0035095,4.9304
0.011597,-0.0027466,4.9353
0.010681,-0.0018311,4.928
0.010529,-0.0019836,4.928
0.012665,-0.0016785,4.9365
0.015564,-0.0013733,4.9329
0.016785,-0.0016785,4.9377
0.017853,-0.0015259,4.9353
0.017242,-0.00030518,4.9207
0.016479,0.00061035,4.9341
0.016785,0.0022888,4.9329
0.018616,0.0032043,4.9341
0.023651,0.0030518,4.9353
0.023804,0.0030518,4.9292
0.022888,0.0024414,4.9353
0.023804,0.0057983,4.9255
0.022125,0.0045776,4.9255
0.020447,0.0053406,4.9194
0.019379,0.0059509,4.9231
0.019226,0.0054932,4.9207
0.018463,0.0035095,4.9243
0.01709,0.0018311,4.9243
0.014648,-0.00091553,4.9207
0.012665,-0.0015259,4.9109
0.0097656,-0.002594,4.9146
0.0088501,-0.0028992,4.906
0.0088501,-0.0057983,4.9097
0.010986,-0.0050354,4.9097
0.011749,-0.0059509,4.9109
0.012512,-0.0061035,4.9011
0.01236,-0.0064087,4.9084
0.011749,-0.0048828,4.9084
0.011902,-0.0036621,4.9097
0.012665,-0.0030518,4.906
0.015717,-0.0039673,4.906
0.019379,-0.0019836,4.9207
0.02121,0,4.9072
0.020294,0.00061035,4.9146
0.020752,0.0019836,4.9133
0.019684,0.0019836,4.917
0.020447,0.0019836,4.9231
0.022278,0.0018311,4.9243
0.025024,0.00015259,4.9341
0.027161,-0.00030518,4.9255
0.027466,0.00030518,4.917
0.027924,0.00030518,4.9304
0.024719,0.00015259,4.9292
0.023041,0.00045776,4.9316
0.023193,0.00091553,4.9304
0.023956,-0.00030518,4.9304
0.024414,0.00045776,4.9316
0.023651,0.00091553,4.9268
0.021362,-0.00015259,4.9329
0.018005,0.0018311,4.9292
0.014648,0.0024414,4.9353
0.013733,0.0024414,4.9377
0.013885,0.0022888,4.939
0.016937,0.00091553,4.9463
0.017853,-0.00076294,4.9402
0.014343,-0.0012207,4.9341
0.015564,-0.0027466,4.9329
0.014038,-0.0022888,4.9304
0.013885,-0.0019836,4.9316
0.014801,0.0015259,4.9243
0.016632,0,4.9231
0.018158,0.00030518,4.9243
0.018005,-0.00015259,4.9182
0.015869,-0.00091553,4.9182
0.013428,-0.00045776,4.9133
0.012665,-0.00091553,4.9182
0.015106,0.00076294,4.9121
0.0177,0.00030518,4.9158
0.02243,-0.0013733,4.9133
0.025024,-0.0035095,4.9158
0.024872,-0.0045776,4.9109
0.023956,-0.0053406,4.9121
0.023346,-0.0041199,4.9219
0.023346,-0.002594,4.9109
0.024414,-0.0013733,4.9072
0.023193,-0.0018311,4.9097
0.027008,-0.0027466,4.8999
0.026245,-0.0027466,4.906
0.023346,-0.0028992,4.9121
0.020752,-0.0019836,4.9109
0.019531,0.00015259,4.9133
0.019226,0.0019836,4.9097
0.021057,0.0016785,4.9133
0.023041,0.00045776,4.9146
0.023499,-0.0010681,4.917
0.022736,-0.0018311,4.917
0.020752,-0.00045776,4.9255
0.019684,0.0010681,4.9255
0.019226,0.0032043,0.061035
0.019226,0.0035095,0.074463
0.022278,0.0010681,0.061035
0.022736,-0.0018311,0.061035
0.02182,-0.0047302,0.063477
0.020447,-0.0054932,0.058594
0.018921,-0.0042725,0.061035
0.019684,-0.0018311,0.059814
0.021362,0,0.059814
0.024109,0.00015259,0.062256
0.02655,0.00015259,0.061035
0.027771,0.00091553,0.068359
0.027313,0.0021362,0.065918
0.028229,0.0035095,0.068359
0.02594,0.0082397,0.063477
0.026093,0.0086975,0.065918
0.026398,0.0074768,0.062256
0.028687,0.0041199,0.063477
0.028229,0.00061035,0.057373
0.025482,-0.0016785,0.056152
0.024109,-0.0012207,0.061035
0.020905,-0.00030518,0.05127
0.019684,0.00045776,0.064697
0.019379,-0.0032043,0.048828
0.020905,-0.004425,0.042725
0.021057,-0.0080872,0.047607
0.020142,-0.010223,0.045166
0.018158,-0.0091553,0.041504
0.015717,-0.0076294,0.037842
0.014191,-0.0047302,0.036621
0.015869,-0.002594,0.041504
0.018158,-0.0027466,0.039063
0.021667,-0.0030518,0.042725
0.022888,-0.0030518,0.036621
0.024261,-0.0018311,0.042725
0.024719,0.0018311,0.042725
0.025024,0.0047302,0.042725
0.027313,0.0065613,0.046387
0.029755,0.007782,0.041504
0.032806,0.0065613,0.046387
0.03418,0.0059509,0.037842
0.034027,0.0053406,0.037842
0.030975,0.0068665,0.045166
0.029755,0.0082397,0.045166
0.028687,0.010071,0.047607
0.030212,0.010223,0.05127
0.031891,0.0083923,0.05249
0.032654,0.0050354,0.056152
0.031281,0.0013733,0.057373
0.028229,-0.0027466,0.062256
0.024719,-0.0039673,0.059814
0.022736,-0.0059509,0.063477
0.022125,-0.0076294,0.062256
0.023041,-0.0079346,0.064697
0.023346,-0.0085449,0.058594
0.021973,-0.007782,0.061035
0.023956,-0.0064087,0.067139
0.022736,-0.0035095,0.064697
0.022736,0.0013733,0.072021
0.024109,0.0042725,0.063477
0.026703,0.0064087,0.05127
0.029907,0.0062561,0.062256
0.031891,0.0048828,0.06958
0.032501,0.0033569,0.063477
0.03067,0.0035095,0.064697
0.028839,0.0048828,0.054932
0.028687,0.0071716,0.058594
0.029297,0.0088501,0.05249
0.03067,0.0099182,0.054932
0.032196,0.0086975,0.045166
0.032043,0.0073242,0.054932
0.03067,0.0076294,0.047607
0.026855,0.007782,0.046387
0.026703,0.009613,0.056152
0.027161,0.010834,0.047607
0.028076,0.009613,0.041504
0.028534,0.0067139,0.043945
0.028534,0.0039673,0.030518
0.027924,0.0015259,0.0354
0.025787,0.0016785,0.037842
0.023499,0.0042725,0.039063
0.022278,0.007019,0.037842
0.022125,0.0097656,0.037842
0.023956,0.010834,0.039063
0.025177,0.0090027,0.036621
0.025024,0.0085449,0.042725
0.024261,0.0083923,0.039063
0.022583,0.007782,0.042725
0.020752,0.010071,0.041504
0.021667,0.011139,0.042725
0.026093,0.009613,0.045166
0.023193,0.0065613,0.048828
0.023346,0.0035095,0.057373
0.021515,0.0016785,0.053711
0.020447,0.0016785,0.064697
0.019379,0.0039673,0.054932
0.018921,0.0056458,0.048828
0.02121,0.0047302,0.057373
0.022125,0.0028992,0.059814
0.023804,-0.00061035,0.059814
0.023804,-0.0028992,0.062256
0.023499,-0.0021362,0.059814
0.022278,-0.00015259,0.061035
0.022736,0.0028992,0.054932
0.024261,0.0048828,0.064697
0.025482,0.0039673,0.062256
0.027924,0.0024414,0.068359
0.028229,0.0010681,0.068359
0.027008,-0.00015259,0.065918
0.027466,0.0024414,0.070801
0.025635,0.0059509,0.065918
0.026398,0.0074768,0.064697
0.027313,0.0079346,0.062256
0.027618,0.007019,0.063477
0.027161,0.0032043,0.05249
0.025177,0.002594,0.05127
0.023804,0.0021362,0.048828
0.021515,0.0064087,1.4258
0.021362,0.0086975,4.7107
0.02182,0.0088501,4.906
0.022736,0.0061035,4.9097
0.023499,0.0018311,4.9194
0.023956,0.00015259,4.9109
0.022583,-0.0010681,4.9133
0.022278,0.0030518,4.9084
0.021667,0.0061035,4.9158
0.023041,0.0076294,4.9084
0.025787,0.0064087,4.9133
0.02594,0.0039673,4.9231
0.026398,0.0010681,4.9121
0.02594,0.00076294,4.917
0.021362,0.0019836,4.9097
0.024109,0.0041199,4.8938
0.023041,0.0062561,4.9097
0.019684,0.00015259,4.9109
0.023041,0.0036621,4.9109
0.022583,0.00091553,4.9109
0.020752,-0.00015259,4.9084
0.018158,-0.00091553,4.9146
0.015259,0.0010681,4.9158
0.014191,0.0024414,4.9243
0.014038,0.0028992,4.9231
0.013885,0.0013733,4.928
0.016022,-0.0015259,4.9255
0.016785,-0.0042725,4.9292
0.01709,-0.0053406,4.9353
0.016785,-0.0036621,4.9207
0.016479,-0.00091553,4.9292
0.018311,0.0019836,4.9353
0.019379,0.002594,4.9414
0.022125,0.0016785,4.9304
0.022736,-0.0010681,4.9182
0.02243,-0.0021362,4.9329
0.02243,-0.0028992,4.9329
0.021057,-0.00030518,4.9292
0.02121,0.0019836,4.9377
0.021973,0.0035095,4.9329
0.023041,0,4.9341
0.023041,-0.0015259,4.9341
0.023193,-0.0035095,4.9329
0.022583,-0.0064087,4.9255
0.021515,-0.0016785,4.928
0.020447,0.00045776,4.928
0.019073,0.0016785,4.9268
0.018311,0.0018311,4.9316
0.019989,-0.0013733,4.9207
0.019989,-0.0038147,4.9207
0.019226,-0.0047302,4.9231
0.016937,-0.005188,4.906
0.016937,-0.004425,4.9158
0.015411,-0.0032043,4.9133
0.015259,-0.0050354,4.9109
0.016632,-0.0036621,4.8901
0.018005,-0.0048828,4.9097
0.018768,-0.0067139,4.9097
0.017853,-0.0088501,4.9097
0.01709,-0.0057983,4.9097
0.016785,-0.0041199,4.9084
0.017548,-0.0019836,4.9097
0.019073,-0.0016785,4.9109
0.02121,-0.0028992,4.9109
0.021973,-0.0042725,4.906
0.021057,-0.0053406,4.9097
0.021515,-0.0050354,4.9109
0.019531,-0.0027466,4.9146
0.018158,-0.0010681,4.9194
0.019531,-0.00061035,4.9219
0.019379,-0.0018311,4.9121
0.019836,-0.0035095,4.9207
0.019684,-0.0042725,4.9219
0.01709,-0.0038147,4.9268
0.016022,-0.0012207,4.9255
0.014954,0.00076294,4.9255
0.014954,0.0016785,4.9365
0.015869,0.0015259,4.9341
0.01709,-0.00030518,4.9329
0.017853,-0.0035095,4.9292
0.017548,-0.0053406,4.9341
0.016327,-0.0054932,4.9316
0.014343,-0.0045776,4.9341
0.011902,-0.0035095,4.9451
0.012665,-0.0032043,4.9365
0.010223,-0.0041199,4.9341
0.0099182,-0.0059509,4.9353
0.0094604,-0.007782,4.9182
0.0074768,-0.0083923,4.9329
0.0085449,-0.007019,4.9329
0.0076294,-0.005188,4.9316
0.0091553,-0.0033569,4.9292
0.011902,-0.0035095,4.9255
0.014648,-0.0045776,4.928
0.016785,-0.0054932,4.9243
0.018768,-0.007019,4.9219
0.019379,-0.0021362,4.9158
0.019989,0.0016785,4.9207
0.020447,0.0050354,4.906
0.020294,0.0056458,4.9207
0.020447,0.0042725,4.9194
0.02182,0.0015259,4.917
0.022125,-0.0013733,4.9158
0.021973,-0.0021362,4.9036
0.021057,-0.0019836,4.9158
0.02121,-0.00091553,4.9109
0.019226,-0.00030518,4.9036
0.02182,-0.0015259,4.9097
0.021973,-0.0035095,4.9084
0.02243,-0.004425,4.9084
0.022736,-0.0039673,0.041504
0.023346,-0.0018311,0.0354
0.022583,0.0015259,0.043945
0.02243,0.0028992,0.037842
0.021667,0.0016785,0.041504
0.02121,0.00045776,0.042725
0.019989,-0.0019836,0.046387
0.017548,-0.0021362,0.047607
0.016022,-0.0012207,0.05127
0.013885,0.00076294,0.065918
0.013275,0.0028992,0.057373
0.011292,0.0035095,0.067139
0.011444,0.0021362,0.057373
0.011139,-0.00015259,0.05127
0.010681,-0.0022888,0.061035
0.013275,-0.0038147,0.057373
0.013428,-0.0033569,0.058594
0.014801,-0.0019836,0.062256
0.016174,-0.0013733,0.061035
0.016632,-0.0016785,0.063477
0.016632,-0.002594,0.058594
0.016479,-0.0032043,0.065918
0.016937,-0.0028992,0.062256
0.018768,-0.00061035,0.067139
0.019684,0.0022888,0.068359
0.020447,0.0054932,0.064697
0.02121,0.0067139,0.063477
0.020752,0.0062561,0.067139
0.021362,0.0038147,0.065918
0.022125,0.0016785,0.061035
0.023193,0.00076294,0.065918
0.022583,0.00061035,0.057373
0.02182,0.0015259,0.05127
0.022278,0.0010681,0.050049
0.018311,0.0021362,0.05249
0.017853,0.0012207,0.046387
0.015717,0.00091553,0.050049
0.012665,0.0039673,0.042725
0.014496,0.0027466,0.047607
0.013123,0.0048828,0.042725
0.012054,0.0067139,0.043945
0.011597,0.0059509,0.043945
0.011597,0.0039673,0.043945
0.012665,0.0022888,0.040283
0.013428,0.0013733,0.039063
0.01709,0.0021362,0.056152
0.019226,0.0045776,0.040283
0.022583,0.0064087,0.048828
0.024109,0.007019,0.037842
0.02533,0.0083923,0.026855
0.027313,0.0082397,0.039063
0.028076,0.0090027,0.040283
0.029449,0.0093079,0.041504
0.029297,0.012054,0.043945
0.028839,0.013428,0.041504
0.028229,0.014496,0.048828
0.026703,0.013428,0.048828
0.02533,0.011444,0.05249
0.023956,0.0085449,0.05249
0.021362,0.0071716,0.057373
0.019836,0.0045776,0.058594
0.018311,0.0024414,0.062256
0.016937,-0.00015259,0.064697
0.016479,-0.0035095,0.062256
0.012665,-0.0079346,0.059814
0.010376,-0.010681,0.064697
0.0094604,-0.013733,0.072021
0.0097656,-0.014191,0.059814
0.011597,-0.013123,0.053711
0.013123,-0.010071,0.058594
0.01358,-0.0064087,0.063477
0.016327,-0.0024414,0.062256
0.017548,0.00061035,0.068359
0.019379,0.0041199,0.064697
0.023804,0.0082397,0.065918
0.024414,0.011597,0.059814
0.026398,0.013733,0.061035
0.028534,0.015259,0.053711
0.029144,0.012207,0.059814
0.03006,0.0097656,0.053711
0.031128,0.0085449,0.053711
0.033722,0.010376,0.059814
0.033722,0.0097656,0.050049
0.037537,0.011902,0.050049
0.036926,0.013275,0.045166
0.037537,0.014038,0.03418
0.035095,0.01358,0.045166
0.033264,0.011902,0.042725
0.032043,0.010681,0.041504
0.030518,0.0093079,0.037842
0.029144,0.0074768,0.03418
0.027924,0.0056458,0.040283
0.025482,0.0033569,0.037842
0.025482,-0.00091553,0.040283
0.023499,-0.0035095,0.03418
0.022583,-0.0054932,0.040283
0.021973,-0.0074768,0.040283
0.019531,-0.0061035,0.041504
0.019989,-0.0053406,0.0354
0.018311,0.00045776,0.043945
0.018616,-0.0033569,0.042725
0.017395,-0.0015259,0.041504
0.018463,0.00015259,0.05249
0.019989,0.0021362,0.048828
0.021973,0.0065613,0.036621
0.024567,0.0080872,0.05127
0.02594,0.010071,0.058594
0.028076,0.010681,0.053711
0.029449,0.011444,0.057373
0.031891,0.010834,0.056152
0.034485,0.011292,0.063477
0.038452,0.011444,0.05249
0.03891,0.010834,0.058594
0.039978,0.0094604,0.061035
0.040894,0.0076294,0.063477
0.040588,0.0050354,0.059814
0.040283,0.0030518,0.062256
0.039825,0.0016785,4.5886
0.037537,0,4.9109
0.036621,0.0019836,4.9292
0.035248,0.0015259,4.9365
0.032959,0.0022888,4.9292
0.032654,0.0039673,4.9341
0.031586,0.004425,4.9292
0.030975,0.0061035,4.9316
0.031433,0.007782,4.928
0.031891,0.0080872,4.9243
0.030975,0.0076294,4.9268
0.028534,0.0071716,4.9207
0.026245,0.0048828,4.9231
0.024567,0.0039673,4.917
0.02243,0.0041199,4.9194
0.021515,0.0038147,4.9207
0.020752,0.0042725,4.9158
0.02243,0.0032043,4.9182
0.02182,0.0018311,4.9182
0.022888,0.0018311,4.9219
0.023956,0.00030518,4.9146
0.025024,0.0012207,4.9219
0.027618,0.0019836,4.9109
0.028839,0.0033569,4.9011
0.031281,0.0030518,4.9109
0.031738,0.002594,4.9121
0.031586,0.0024414,4.9133
0.031586,0.0019836,4.9109
0.032043,0.0021362,4.9084
0.032349,0.0024414,4.9084
0.032654,0.0021362,4.9072
0.031891,0.0013733,4.9133
0.032959,-0.0013733,4.9121
0.032196,-0.0039673,4.9182
0.028992,-0.0064087,4.9097
0.02594,-0.007782,4.9133
0.023956,-0.0088501,4.9304
0.023193,-0.0073242,4.9243
0.021667,-0.0067139,4.9255
0.022125,-0.0050354,4.928
0.022125,-0.0033569,4.9316
0.021667,-0.0016785,4.9329
0.020599,-0.00076294,4.9194
0.020142,0.00030518,4.9292
0.02121,0.00045776,4.9329
0.02182,0.00015259,4.9304
0.024261,-0.00076294,4.9304
0.024567,-0.0024414,4.9353
0.024719,-0.0018311,4.9329
0.025024,-0.0013733,4.9341
0.024109,0.00015259,4.9365
0.025635,0.0010681,4.9353
0.027618,0.0022888,4.9194
0.028992,0.0041199,4.9316
0.030365,0.0047302,4.9353
0.030975,0.005188,4.9438
0.030823,0.0048828,4.9329
0.030365,0.0041199,4.9316
0.029449,0.0030518,4.9219
0.029907,0.0019836,4.9097
0.028687,0.00061035,4.9182
0.028076,-0.0013733,4.9243
0.026093,-0.0028992,4.9182
0.023651,-0.0038147,4.9182
0.020752,-0.005188,4.9109
0.018158,-0.0042725,4.9158
0.017395,-0.0041199,4.9146
0.016937,-0.0030518,4.9133
0.016937,-0.0027466,4.9084
0.017242,-0.0021362,4.9219
0.016785,-0.0028992,4.9109
0.016785,-0.0032043,4.9133
0.017242,-0.0039673,4.9109
0.017395,-0.0042725,4.9036
0.018463,-0.0047302,4.9072
0.018158,-0.0061035,4.9097
0.018311,-0.0059509,4.9023
0.017548,-0.0062561,4.9084
0.018463,-0.0056458,4.8999
0.018311,-0.0042725,4.9207
0.018005,-0.00030518,4.9109
0.019226,0.0032043,4.9158
0.020599,0.0048828,4.9194
0.02121,0.0057983,4.9207
0.021362,0.0036621,4.928
0.021667,0.0047302,4.9255
0.02121,0.0032043,4.9316
0.02121,-0.0013733,4.9255
0.021057,0.00076294,4.9329
0.02121,-0.00045776,4.9292
0.019531,-0.0018311,4.9304
0.018616,-0.0041199,4.9353
0.016479,-0.0056458,4.9341
0.015717,-0.0065613,4.9414
0.014954,-0.0056458,4.9292
0.015411,-0.004425,4.9182
0.015717,-0.0027466,4.9329
0.015259,-0.0021362,4.9377
0.014954,-0.0016785,4.9329
0.013885,-0.0012207,4.9377
0.014801,-0.0013733,4.9377
0.015717,-0.00076294,4.9292
0.016479,0.00045776,4.9329
0.017242,0.0012207,4.9329
0.017242,0.0012207,4.9255
0.016632,0.00061035,4.928
0.015869,-0.00076294,4.9255
0.015411,-0.0015259,4.9255
0.016174,-0.0021362,4.9243
0.015564,-0.0010681,4.9231
0.016785,0,0.048828
0.016632,-0.00030518,0.042725
0.016785,0.00015259,0.039063
0.01709,-0.00015259,0.043945
0.016937,0.00061035,0.042725
0.0177,0.0013733,0.040283
0.019073,0.0030518,0.041504
0.019836,0.0045776,0.040283
0.021057,0.0039673,0.037842
0.02121,0.0032043,0.037842
0.020905,0.00045776,0.042725
0.020752,-0.00076294,0.039063
0.020752,-0.0013733,0.037842
0.019531,-0.00091553,0.039063
0.019836,0.0016785,0.042725
0.019226,0.0027466,0.037842
0.018311,0.0035095,0.047607
0.020142,0.004425,0.05127
0.0177,0.005188,0.046387
0.017395,0.0056458,0.057373
0.017548,0.0059509,0.05127
0.017853,0.0061035,0.040283
0.017853,0.007019,0.048828
0.0177,0.0064087,0.054932
0.0177,0.0061035,0.056152
0.015564,0.0061035,0.062256
0.016022,0.0047302,0.058594
0.014954,0.0038147,0.064697
0.013428,0.0033569,0.059814
0.014038,0.0028992,0.062256
0.012054,0.0032043,0.057373
0.012054,0.0035095,0.065918
0.012665,0.0035095,0.062256
0.012054,0.0027466,0.064697
0.01297,0.0018311,0.076904
0.012512,0.00015259,0.065918
0.014343,-0.0041199,0.063477
0.01297,0,0.067139
0.012817,0.00015259,0.065918
0.013428,0.0022888,0.062256
0.014496,0.0015259,0.062256
0.014954,0.0013733,0.057373
0.016327,0.0010681,0.056152
0.016479,0.0030518,0.047607
0.017853,0.0021362,0.050049
0.018616,0.0033569,0.046387
0.019531,0.0042725,0.047607
0.018311,0.0057983,0.045166
0.02182,0.0061035,0.05127
0.023041,0.005188,0.045166
0.022125,0.0045776,0.047607
0.022278,0.004425,0.041504
0.02182,0.0024414,0.045166
0.02121,0.0013733,0.05249
0.02243,0.00091553,0.037842
0.02182,0.00030518,0.054932
0.024567,0.00015259,0.039063
0.024567,0.00030518,0.029297
0.024719,0,0.037842
0.023499,-0.0013733,0.040283
0.023193,-0.00045776,0.036621
0.021973,0.0013733,0.039063
0.02121,0.0036621,0.03418
0.021362,0.0047302,0.041504
0.020905,0.0065613,0.040283
0.021362,0.0059509,0.047607
0.02121,0.0054932,0.041504
0.020599,0.0038147,0.05127
0.020447,0.0035095,0.054932
0.019226,0.0030518,0.054932
0.02182,0.0050354,0.064697
0.022736,0.0047302,0.059814
0.022583,0.0048828,0.059814
0.025177,0.0045776,0.058594
0.021973,0.0028992,0.061035
0.021057,0.0022888,0.063477
0.020905,0.002594,0.043945
0.020752,0.0028992,0.059814
0.022125,0.0042725,0.062256
0.022125,0.0041199,0.061035
0.021667,0.0028992,0.061035
0.021515,0.00030518,0.057373
0.019989,-0.0015259,0.064697
0.018921,-0.0032043,0.064697
0.016022,-0.0033569,0.067139
0.020599,-0.0038147,0.06958
0.021362,-0.0030518,0.067139
0.021973,-0.0024414,0.056152
0.022278,-0.0019836,0.062256
0.021057,-0.0013733,0.072021
0.021362,-0.00015259,0.057373
0.022888,0.0039673,0.058594
0.024414,0.0036621,0.053711
0.025787,0.0053406,0.0354
0.02594,0.0065613,0.046387
0.02594,0.0041199,0.043945
0.02533,0.0057983,0.047607
0.024872,0.0045776,0.045166
0.025024,0.004425,0.036621
0.02533,0.0033569,0.047607
0.02655,0.0028992,0.040283
0.027618,0.0021362,0.041504
0.027466,0.0019836,0.037842
0.026245,0.00091553,0.043945
0.02533,0.00015259,0.039063
0.024261,-0.00030518,0.040283
0.024261,-0.00091553,0.042725
0.02182,-0.00045776,0.040283
0.024109,-0.00061035,0.041504
0.024261,-0.00076294,0.040283
0.024261,-0.00045776,0.036621
0.024414,-0.00061035,0.039063
0.024567,-0.00015259,0.028076
0.025635,0.00015259,0.042725
0.026245,0.00076294,0.047607
0.028229,0.0024414,0.046387
0.029755,0.0024414,2.9041
0.030212,0.0033569,4.801
0.028534,0.0027466,4.9109
0.026093,0.002594,4.9255
0.02533,0.0018311,4.9304
0.025177,0.00076294,4.9292
0.025177,-0.00030518,4.9316
0.02594,-0.0010681,4.9316
0.026093,-0.0021362,4.9329
0.025482,-0.0027466,4.9377
0.026245,-0.0039673,4.9329
0.025482,-0.0041199,4.9353
0.026398,-0.011292,4.9304
0.027161,-0.0042725,4.9194
0.027771,-0.0036621,4.9353
0.028839,-0.0019836,4.9353
0.028992,-0.00091553,4.9329
0.029144,0.00015259,4.9341
0.028381,0.00030518,4.9304
0.028381,0.00045776,4.9341
0.027924,0.00061035,4.9292
0.027466,0.00015259,4.9329
0.027466,0.0012207,4.9243
0.027313,0.0010681,4.9255
0.027008,0.0013733,4.9231
0.026093,0.0010681,4.9243
0.025635,0.0015259,4.9194
0.023956,0.0018311,4.9219
0.025635,0.0028992,4.9231
0.02594,0.0038147,4.9158
0.027161,0.0045776,4.9194
0.026855,0.0041199,4.9158
0.027008,0.002594,4.9158
0.026093,0.0016785,4.9097
0.025482,0.0021362,4.9084
0.025024,0.002594,4.9121
0.025177,0.0027466,4.9097
0.025635,0.0016785,4.906
0.026245,-0.0010681,4.9036
0.026703,-0.0024414,4.9023
0.026398,-0.0036621,4.9121
0.02594,-0.004425,4.9097
0.026855,-0.0036621,4.9109
0.026855,-0.0024414,4.9121
0.027313,-0.0013733,4.9146
0.027466,-0.0013733,4.928
0.026703,-0.0018311,4.9158
0.025635,-0.0019836,4.9231
0.023956,-0.0012207,4.9219
0.023041,0.00076294,4.9097
0.023346,0.0022888,4.9255
0.023956,0.0050354,4.9268
0.025482,0.0057983,4.928
0.025787,0.0061035,4.9292
0.02594,0.0061035,4.928
0.025482,0.0050354,4.9329
0.025635,0.0045776,4.9329
0.026093,0.0047302,4.9316
0.024719,0.005188,4.9292
0.024719,0.0059509,4.9341
0.024872,0.0054932,4.9329
0.023499,0.004425,4.9353
0.025787,0.0027466,4.939
0.026398,0.00091553,4.939
0.029755,-0.0010681,4.939
0.027313,0.00015259,4.9377
0.027618,0.0015259,4.9463
0.027771,0.002594,4.9329
0.027466,0.0021362,4.9377
0.025635,0.0021362,4.9304
0.024109,0.0012207,4.9255
0.022736,0.0010681,4.9231
0.021515,0.0019836,4.9231
0.020447,0.0028992,4.9194
0.020447,0.0039673,4.9194
0.020294,0.0053406,4.9158
0.018616,0.0056458,4.9194
0.019989,0.005188,4.9133
0.019684,0.0038147,4.917
0.020294,0.0035095,4.9146
0.019073,0.0036621,4.917
0.018921,0.0041199,4.9207
0.018616,0.0050354,4.9133
0.019073,0.0068665,4.9182
0.017548,0.0057983,4.9109
0.016937,0.0056458,4.8999
0.017853,0.005188,4.9109
0.018768,0.0036621,4.9109
0.019989,0.0038147,4.9097
0.020752,0.0038147,4.9109
0.021667,0.0013733,4.9097
0.021515,0.0018311,4.9121
0.021515,0.0010681,4.9084
0.021057,-0.0012207,4.9158
0.020905,-0.0015259,4.9158
0.020142,-0.0015259,4.9219
0.019989,-0.00015259,4.9207
0.019684,0.00045776,4.9255
0.019073,0.0021362,4.9304
0.018921,0.0015259,4.928
0.019531,0.0016785,4.928
0.021667,0.0019836,4.9329
0.02243,0.0028992,4.939
0.023499,0.0038147,4.9329
0.023651,0.0038147,4.9243
0.022278,0.002594,4.9292
0.02182,0.0018311,4.9316
0.020599,0.00091553,4.9316
0.019836,0.00061035,4.9329
0.02121,-0.00030518,4.9316
0.020905,0.00030518,4.939
0.02121,0.00061035,0.064697
0.020752,0.00030518,0.067139
0.021362,-0.00015259,0.064697
0.021362,-0.00091553,0.067139
0.022736,-0.0013733,0.059814
0.024261,0.0018311,0.063477
0.025635,0.00076294,0.070801
0.026245,0.0027466,0.056152
0.026093,0.0036621,0.053711
0.023956,0.0039673,0.05249
0.024414,0.0035095,0.032959
0.023193,0.0033569,0.048828
0.025482,0.0033569,0.046387
0.023651,0.0050354,0.046387
0.023499,0.0057983,0.042725
0.023956,0.0057983,0.041504
0.023346,0.0039673,0.045166
0.02243,0.002594,0.039063
0.021667,0.00045776,0.0354
0.020752,-0.0028992,0.039063
0.020752,-0.0015259,0.042725
0.019226,-0.0018311,0.040283
0.018921,-0.0015259,0.041504
0.018005,-0.0010681,0.043945
0.018311,-0.0013733,0.039063
0.016327,-0.0018311,0.0354
0.016937,-0.0015259,0.042725
0.0177,-0.0022888,0.036621
0.019073,-0.0015259,0.036621
0.020599,-0.0010681,0.028076
0.02243,0.00045776,0.046387
0.023346,0.00076294,0.047607
0.023651,0.00091553,0.047607
0.022125,0.00061035,0.054932
0.022125,-0.0010681,0.053711
0.02243,-0.0018311,0.056152
0.021973,-0.00076294,0.053711
0.022736,0.00045776,0.063477
0.022278,0.00076294,0.059814
0.02121,0.00091553,0.064697
0.020447,0.00091553,0.063477
0.019226,0.00015259,0.061035
0.019531,-0.0038147,0.074463
0.019989,-0.00091553,0.062256
0.020599,-0.00030518,0.070801
0.020447,0.00015259,0.062256
0.021362,0.00061035,0.050049
0.019684,-0.00045776,0.064697
0.019684,0.00030518,0.064697
0.02182,-0.00030518,0.067139
0.019836,-0.00061035,0.064697
0.020447,-0.00030518,0.059814
0.02121,-0.00045776,0.061035
0.020142,0.00061035,0.057373
0.020447,0,0.058594
0.019989,0.00015259,0.05249
0.020905,-0.00091553,0.05249
0.021515,-0.0012207,0.053711
0.021667,-0.00076294,0.042725
0.022888,-0.00076294,0.047607
0.022278,0.00045776,0.05249
0.022736,0.00091553,0.050049
0.022583,0.00076294,0.043945
0.022736,-0.00076294,0.043945
0.022736,-0.0021362,0.041504
0.023193,-0.0027466,0.047607
0.021667,-0.0030518,0.036621
0.02182,-0.0050354,0.040283
0.020905,-0.0024414,0.037842
0.019989,-0.0035095,0.042725
0.019684,-0.0030518,0.037842
0.020447,-0.0041199,0.041504
0.020142,-0.0022888,0.037842
0.020447,-0.0024414,0.041504
0.020599,-0.0016785,0.040283
0.020905,-0.00061035,0.039063
0.021667,-0.00045776,0.041504
0.021362,0.00045776,0.045166
0.02121,0.00091553,0.061035
0.02182,0.0012207,0.046387
0.022125,0.0024414,0.054932
0.024414,0.0041199,0.053711
0.023346,0.0059509,0.042725
0.022888,0.0076294,0.057373
0.023651,0.0076294,0.058594
0.022888,0.007019,0.059814
0.024414,0.007782,0.061035
0.024414,0.0061035,0.057373
0.024261,0.0045776,0.064697
0.024109,0.0038147,0.059814
0.022583,0.0030518,0.056152
0.021667,0.0019836,0.059814
0.021057,0.0013733,0.067139
0.019989,-0.00015259,0.064697
0.018616,-0.0016785,0.065918
0.0177,-0.0028992,0.070801
0.016937,-0.0032043,0.06958
0.016022,-0.002594,0.065918
0.015106,-0.0022888,0.064697
0.015259,-0.0010681,0.076904
0.014954,-0.0021362,0.061035
0.015106,-0.0028992,0.047607
0.015106,-0.0041199,0.05249
0.015259,-0.0057983,0.054932
0.016174,-0.0045776,0.047607
0.016174,-0.0053406,0.048828
0.017242,-0.0027466,0.043945
0.018158,-0.0019836,0.047607
0.018616,0.00030518,0.042725
0.020599,0.0010681,0.048828
0.022125,0.0016785,0.040283
0.024261,0.0035095,0.045166
0.025787,0.0053406,0.042725
0.027618,0.0059509,0.041504
0.028992,0.0071716,0.047607
0.029449,0.005188,0.042725
0.028992,0.0035095,4.3225
0.030823,0.0032043,4.8694
0.029297,0.0022888,4.8938
0.028534,0.002594,4.9146
0.028381,0.0021362,4.9036
0.027618,0.0019836,4.9084
0.026703,0,4.9084
0.02533,-0.0018311,4.9084
0.023804,-0.0030518,4.9109
0.023041,-0.002594,4.9146
0.02182,-0.00045776,4.9194
0.019836,0.0015259,4.9158
0.017853,0.0021362,4.9255
0.01709,0.0028992,4.9243
0.015869,0.0022888,4.9292
0.015411,0.0013733,4.9255
0.014954,0.002594,4.9329
0.015717,0.0036621,4.9341
0.015717,0.0038147,4.9353
0.016022,0.0042725,4.9414
0.016174,0.0033569,4.9329
0.014496,0.0021362,4.917
0.016632,0.00076294,4.928
0.017395,0.00015259,4.9341
0.018463,0.0021362,4.9304
0.019684,0.0042725,4.9316
0.020752,0.0018311,4.9316
0.02182,0.0057983,4.9377
0.022888,0.0059509,4.9353
0.023651,0.004425,4.9377
0.025482,0.0041199,4.9316
0.025482,0.004425,4.9341
0.026245,0.004425,4.9231
0.025482,0.0042725,4.9304
0.024261,0.0038147,4.9353
0.023499,0.0016785,4.928
0.021667,-0.0010681,4.9219
0.020294,-0.0015259,4.9219
0.020447,-0.005188,4.9097
0.018463,-0.0054932,4.9146
0.017395,-0.0039673,4.9158
0.016022,-0.002594,4.9158
0.014954,-0.0027466,4.9146
0.013885,-0.0028992,4.9109
0.013733,-0.0033569,4.9133
0.013885,-0.0056458,4.9084
0.014801,-0.0032043,4.9097
0.016327,0.00045776,4.9048
0.020447,0.0038147,4.9146
0.019226,0.0065613,4.9121
0.019989,0.0080872,4.9133
0.021515,0.007782,4.9072
0.023041,0.0076294,4.9121
0.025635,0.0067139,4.917
0.028076,0.0080872,4.9121
0.03067,0.0094604,4.9219
0.032959,0.011292,4.9133
0.033112,0.010834,4.906
0.032501,0.0079346,4.9207
0.031891,0.0039673,4.9194
0.028534,0.00091553,4.9194
0.030518,-0.00061035,4.9219
0.029907,-0.0013733,4.9231
0.029602,-0.0053406,4.9304
0.027313,-0.0019836,4.928
0.024567,-0.0053406,4.9341
0.022278,-0.0088501,4.928
0.019836,-0.010986,4.9316
0.020447,-0.011292,4.9329
0.019989,-0.0085449,4.9341
0.019989,-0.0024414,4.9426
0.019379,-0.0039673,4.9341
0.018616,-0.0045776,4.9329
0.017853,-0.0064087,4.9365
0.01709,-0.0071716,4.9463
0.018616,-0.0065613,4.9377
0.018616,-0.0032043,4.9329
0.020599,0.00061035,4.9329
0.022583,0.0035095,4.9341
0.023346,0.0045776,4.9341
0.023804,0.0030518,4.9329
0.025177,0.0018311,4.928
0.02655,0.00091553,4.9292
0.029297,0.002594,4.9231
0.030518,0.0048828,4.9243
0.032654,0.0071716,4.9268
0.032806,0.0062561,4.9207
0.031891,0.0042725,4.9158
0.030365,0.0013733,4.9194
0.029755,-0.0027466,4.928
0.029907,-0.0021362,4.9146
0.029297,-0.002594,4.9219
0.028534,-0.0018311,4.9121
0.027313,-0.0015259,4.9011
0.027008,-0.0019836,4.9084
0.025482,-0.0027466,4.9097
0.023193,-0.0041199,4.9109
0.020752,-0.0041199,4.9146
0.019836,-0.0032043,4.9084
0.018158,-0.0015259,4.9109
0.01709,0.0010681,4.9072
0.014801,0.00045776,4.9133
0.01358,0.00061035,4.9109
0.012817,-0.0019836,4.9146
0.012817,-0.00091553,4.9133
0.014801,-0.0041199,4.9158
0.01709,-0.0030518,4.9255
0.019836,-0.0012207,4.9146
0.02243,0.00061035,4.9207
0.023499,0.00045776,4.9243
0.024719,-0.00015259,0.050049
0.02655,-0.00076294,0.05249
0.028534,0,0.065918
0.03006,0.00091553,0.057373
0.031128,0.0030518,0.062256
0.032043,0.0067139,0.061035
0.031128,0.0071716,0.064697
0.031586,0.0068665,0.057373
0.031738,0.0073242,0.061035
0.031586,0.005188,0.059814
0.034485,0.004425,0.064697
0.035095,0.0050354,0.065918
0.035095,0.0076294,0.067139
0.034027,0.0053406,0.06958
0.032654,0.0042725,0.068359
0.028992,0.0027466,0.070801
0.026245,0.0041199,0.064697
0.024414,0.0024414,0.072021
0.022888,0.0028992,0.061035
0.020905,0.0048828,0.053711
0.018005,0.0056458,0.057373
0.017242,0.0045776,0.053711
0.016327,0.0035095,0.050049
0.016937,0.0022888,0.05127
0.018158,0.0010681,0.046387
0.019073,0.0016785,0.050049
0.019836,0.0024414,0.043945
0.019531,0.0024414,0.046387
0.018311,0.0028992,0.045166
0.017853,0.0024414,0.042725
0.018616,0.00091553,0.043945
0.019379,0.00091553,0.042725
0.021362,0.00045776,0.045166
0.023346,0.00076294,0.040283
0.024414,0.0015259,0.043945
0.023651,0.0019836,0.039063
0.024567,0.0013733,0.029297
0.024872,-0.00015259,0.039063
0.026245,-0.0016785,0.036621
0.027161,-0.0030518,0.037842
0.028839,-0.0027466,0.039063
0.028992,-0.0015259,0.039063
0.028381,-0.00045776,0.042725
0.028076,0.00030518,0.045166
0.027924,-0.00061035,0.048828
0.027313,-0.0015259,0.047607
0.027618,-0.0021362,0.053711
0.028534,-0.0024414,0.054932
0.028992,-0.0013733,0.058594
0.027618,-0.00076294,0.054932
0.026398,-0.0013733,0.062256
0.02594,-0.002594,0.065918
0.02533,-0.0030518,0.061035
0.02655,-0.0028992,0.06958
0.026245,-0.0016785,0.059814
0.026855,0.0010681,0.045166
0.027008,0.0036621,0.059814
0.026398,0.0050354,0.065918
0.025482,0.0057983,0.064697
0.025787,0.0057983,0.064697
0.025177,0.0048828,0.056152
0.024414,0.004425,0.068359
0.026245,0.004425,0.064697
0.026398,0.0041199,0.065918
0.02594,0.0048828,0.062256
0.024872,0.0054932,0.062256
0.024109,0.0053406,0.058594
0.023346,0.005188,0.057373
0.023499,0.0039673,0.065918
0.024109,0.002594,0.05249
0.024567,0.0024414,0.048828
0.024567,0.0030518,0.048828
0.024719,0.0030518,0.037842
0.023346,0.0036621,0.046387
0.022888,0.0036621,0.047607
0.022736,0.0021362,0.042725
0.022278,0.00091553,0.042725
0.023651,-0.00045776,0.040283
0.024109,-0.00076294,0.041504
0.022736,-0.00076294,0.037842
0.020447,0.00045776,0.041504
0.017853,0,0.03418
0.016937,-0.00091553,0.042725
0.018005,-0.0015259,0.040283
0.018921,-0.0013733,0.040283
0.019684,-0.00015259,0.039063
0.018616,0.0021362,0.041504
0.01709,0.0048828,0.050049
0.015717,0.0054932,0.043945
0.016022,0.0057983,0.056152
0.018005,0.0053406,0.041504
0.019379,0.004425,0.037842
0.021057,0.0047302,0.047607
0.02121,0.0050354,0.050049
0.020447,0.0059509,0.053711
0.019226,0.0065613,0.057373
0.018158,0.0056458,0.056152
0.018005,0.0045776,0.059814
0.018616,0.0042725,0.059814
0.019226,0.0036621,0.064697
0.019836,0.0036621,0.058594
0.019073,0.0036621,0.061035
0.018005,0.0047302,0.064697
0.01709,0.0038147,0.062256
0.01709,0.0045776,0.064697
0.018311,0.0041199,0.064697
0.019531,0.0028992,0.063477
0.02121,0.0019836,0.064697
0.021362,0.0022888,0.073242
0.019531,0.0024414,0.065918
0.018921,0.0019836,0.063477
0.017853,0.002594,0.064697
0.017548,0.002594,0.059814
0.016632,0.0021362,0.053711
0.019531,0.0012207,0.053711
0.021057,0.0010681,0.05249
0.019684,0,0.056152
0.018311,0.0018311,4.3506
0.017242,0.0015259,4.8816
0.016479,0.0010681,4.9121
0.020142,-0.00015259,4.9182
0.018768,-0.0013733,4.9133
0.020294,-0.0019836,4.9194
0.019379,-0.00045776,4.9255
0.018158,-0.0015259,4.9109
0.015717,-0.0022888,4.9158
0.014801,-0.0019836,4.9109
0.014343,-0.004425,4.8926
0.015411,-0.0022888,4.906
0.018005,-0.0016785,4.8999
0.019836,-0.0010681,4.9121
0.018768,-0.00045776,4.9084
0.018311,0.00091553,4.906
0.017395,0.0018311,4.9109
0.01709,0.0027466,4.9109
0.018005,0.0047302,4.9072
0.02121,0.0039673,4.9109
0.021667,0.004425,4.9158
0.023804,0.004425,4.9158
0.021057,0.004425,4.9207
0.020447,0.0041199,4.9231
0.021057,0.004425,4.9231
0.019989,0.005188,4.9182
0.02182,0.0050354,4.928
0.023804,0.0048828,4.9353
0.023041,0.0041199,4.928
0.02182,0.0048828,4.9207
0.018768,0.0042725,4.9316
0.018616,0.0036621,4.9292
0.018158,0.0032043,4.9304
0.018921,0.0028992,4.9304
0.019684,0.00091553,4.9304
0.018768,-0.00061035,4.9353
0.016174,-0.0027466,4.9304
0.012665,-0.0042725,4.9353
0.010529,-0.0056458,4.9353
0.010529,-0.0062561,4.939
0.0097656,-0.0054932,4.9292
0.011749,-0.0053406,4.9353
0.013275,-0.0048828,4.9426
0.014191,-0.0048828,4.9341
0.014038,-0.0035095,4.928
0.015106,-0.002594,4.9268
0.017853,-0.00015259,4.9121
0.021362,0.002594,4.9219
0.027618,0.0027466,4.9207
0.028229,0.0024414,4.9194
0.029755,0.0016785,4.9207
0.030518,0.0016785,4.9194
0.029755,0.0010681,4.9146
0.028687,0.002594,4.9146
0.028381,0.0045776,4.9158
0.028076,0.0057983,4.9133
0.028534,0.0050354,4.9146
0.027924,0.0035095,4.9146
0.027313,0.0024414,4.9158
0.024567,0.0022888,4.9084
0.02243,0.0032043,4.9146
0.023651,0.0045776,4.9133
0.022888,0.0032043,4.9109
0.024719,0.0024414,4.9133
0.023346,-0.00015259,4.9109
0.022125,-0.0022888,4.906
0.019531,-0.0039673,4.9072
0.016327,-0.002594,4.9133
0.013885,-0.0015259,4.9133
0.013733,0.00045776,4.9158
0.013428,-0.00030518,4.9146
0.014496,0.0010681,4.9158
0.014648,0.00091553,4.9231
0.014801,0.00030518,4.9268
0.013885,0.00045776,4.9255
0.013885,0.00076294,4.928
0.016174,0.0012207,4.9304
0.020905,0.0015259,4.9353
0.021362,0.00045776,4.9438
0.02182,-0.0013733,4.9316
0.024109,-0.0032043,4.9341
0.020599,-0.0048828,4.9341
0.018768,-0.0048828,4.9231
0.019073,-0.0042725,4.9316
0.019836,-0.0036621,4.9329
0.022125,-0.0035095,4.9329
0.023651,-0.0028992,4.9329
0.024872,-0.0022888,4.9341
0.025787,-0.0022888,4.9377
0.026093,-0.0018311,4.9341
0.025482,0.0012207,4.9353
0.025482,0.0019836,4.928
0.026398,0.0022888,4.939
0.027008,0.0016785,4.9231
0.026398,-0.0012207,4.9268
0.023651,-0.0032043,4.9255
0.020905,-0.004425,4.9231
0.018158,-0.0054932,4.9231
0.014801,-0.004425,4.9207
0.013733,-0.0050354,4.9231
0.013275,-0.0065613,4.9182
0.012817,-0.0083923,4.917
0.011902,-0.009613,4.9133
0.010223,-0.0093079,4.9121
0.0088501,-0.007782,4.9121
0.009613,-0.0045776,4.9097
0.012054,-0.0024414,4.9072
0.015717,-0.0021362,4.9097
0.020905,-0.0032043,4.906
0.024261,-0.004425,0.045166
0.026245,-0.0038147,0.039063
0.026093,-0.0028992,0.041504
0.02594,0.00015259,0.040283
0.026855,0.0022888,0.040283
0.028687,0.002594,0.041504
0.030365,0.0010681,0.041504
0.032654,-0.00076294,0.057373
0.032501,-0.0033569,0.037842
0.030823,-0.0036621,0.037842
0.029449,-0.0030518,0.05127
0.028992,-0.0019836,0.032959
0.030365,-0.0018311,0.054932
0.032196,-0.0027466,0.058594
0.032501,-0.0056458,0.057373
0.031128,-0.007782,0.059814
0.027008,-0.0090027,0.058594
0.021973,-0.0088501,0.062256
0.017548,-0.0076294,0.058594
0.015106,-0.0068665,0.062256
0.011597,-0.007019,0.065918
0.014343,-0.0080872,0.064697
0.014954,-0.0083923,0.065918
0.014801,-0.0086975,0.065918
0.013885,-0.0086975,0.065918
0.013428,-0.0041199,0.063477
0.016327,-0.0021362,0.074463
0.020905,-0.00076294,0.065918
0.025024,-0.00030518,0.054932
0.029449,-0.0013733,0.062256
0.031128,-0.00091553,0.062256
0.03006,-0.00076294,0.056152
0.029907,0.00045776,0.056152
0.029144,0.0022888,0.048828
0.03006,0.0027466,0.053711
0.031433,0.0027466,0.046387
0.033112,0.0016785,0.048828
0.035553,0.0016785,0.05127
0.034637,0.00030518,0.046387
0.032196,0.0015259,0.043945
0.03006,0.0024414,0.046387
0.029755,0.0022888,0.057373
0.029755,0.00091553,0.041504
0.029144,-0.0018311,0.046387
0.027618,-0.0061035,0.040283
0.025787,-0.0093079,0.023193
0.022125,-0.010529,0.0354
0.018768,-0.010071,0.036621
0.016632,-0.0080872,0.0354
0.015717,-0.0054932,0.039063
0.017548,-0.0048828,0.03418
0.019226,-0.0048828,0.041504
0.020142,-0.0039673,0.040283
0.020905,-0.002594,0.043945
0.020142,0.0012207,0.041504
0.020752,0.004425,0.047607
0.023041,0.0024414,0.046387
0.030975,0.0065613,0.054932
0.029602,0.0042725,0.062256
0.032196,0.0018311,0.054932
0.032501,-0.00030518,0.054932
0.032196,-0.00045776,0.058594
0.031738,0.0038147,0.06958
0.031586,0.007019,0.061035
0.031128,0.0093079,0.05127
0.033417,0.009613,0.061035
0.033875,0.0085449,0.061035
0.033112,0.0079346,0.057373
0.03418,0.0080872,0.061035
0.030518,0.010223,0.063477
0.03006,0.012207,0.063477
0.030823,0.01297,0.064697
0.030823,0.010529,0.068359
0.03067,0.0074768,0.062256
0.029449,0.0030518,0.067139
0.02594,0.0012207,0.065918
0.02121,0.002594,0.064697
0.019836,0.0050354,0.070801
0.018158,0.0064087,0.05127
0.017548,0.0047302,0.057373
0.0177,0.0035095,0.05127
0.016785,0.00045776,0.039063
0.015717,-0.0010681,0.047607
0.014801,-0.0027466,0.048828
0.014191,0.0018311,0.045166
0.015106,0.0039673,0.048828
0.018158,0.005188,0.045166
0.020142,0.0042725,0.045166
0.02182,0.002594,0.041504
0.022583,0.0012207,0.043945
0.023193,0.0015259,0.019531
0.023193,0.0022888,0.040283
0.023804,0.0057983,0.040283
0.023804,0.0067139,0.041504
0.02182,0.0065613,0.036621
0.026245,0.0036621,0.039063
0.026703,0.0013733,0.045166
0.025787,0.00061035,0.0354
0.025635,0.0012207,0.046387
0.026245,0.0038147,0.040283
0.027008,0.0061035,0.0354
0.027313,0.0067139,0.039063
0.03006,0.0048828,0.045166
0.029602,0.0022888,0.047607
0.028381,0.00061035,0.047607
0.025787,-0.00030518,0.046387
0.022888,0.00045776,0.053711
0.020599,0.0027466,0.056152
0.018921,0.0036621,0.058594
0.020752,0.0030518,0.056152
0.020905,0.0013733,0.063477
0.020294,-0.00030518,0.058594
0.019531,-0.00045776,0.059814
0.019226,0.0010681,0.076904
0.019073,0.0039673,0.062256
0.020447,0.0065613,0.059814
0.02121,0.0080872,0.061035
0.023956,0.0061035,0.059814
0.023651,0.0038147,4.3359
0.022888,0.002594,4.8938
0.019989,0.0039673,4.9292
0.021362,0.0065613,4.9341
0.021515,0.0091553,4.9304
0.02182,0.01236,4.9304
0.023193,0.0094604,4.9304
0.024567,0.0071716,4.9304
0.024414,0.0035095,4.9255
0.023193,0.00015259,4.928
0.021667,0.0024414,4.9219
0.020599,0.0032043,4.9255
0.018921,0.0038147,4.9243
0.019684,0.0018311,4.9207
0.017853,-0.00045776,4.9304
0.017853,-0.0024414,4.9182
0.016479,-0.0030518,4.9304
0.018005,-0.0010681,4.9121
0.014191,0.0018311,4.9011
0.014954,0.0042725,4.9121
0.015411,0.011597,4.9133
0.016785,0.0048828,4.9072
0.016937,0.0036621,4.9109
0.016937,0.0018311,4.9097
0.016479,0.0027466,4.9121
0.015411,0.0019836,4.906
0.014648,0.0030518,4.9109
0.014801,0.0033569,4.9084
0.0177,0.0022888,4.9133
0.018463,0.0016785,4.9121
0.019989,0.0012207,4.9146
0.020599,0.00091553,4.917
0.020752,0.0019836,4.9182
0.019989,0.0030518,4.9194
0.019531,0.0039673,4.9194
0.022583,0.0028992,4.9194
0.020294,0.0027466,4.9304
0.019836,0.00091553,4.9243
0.019836,0.00015259,4.9268
0.018005,0.00045776,4.928
0.017853,0.0012207,4.928
0.017395,0.0016785,4.9304
0.016479,0.002594,4.9329
0.0177,0.0022888,4.9365
0.019379,0.0010681,4.9304
0.019379,-0.00030518,4.9341
0.018921,-0.00091553,4.9316
0.018005,-0.0016785,4.9365
0.016785,0.00045776,4.9316
0.016785,0.00091553,4.9365
0.018158,0.00061035,4.9463
0.018311,0.00030518,4.9377
0.019684,-0.0015259,4.9414
0.020599,-0.002594,4.9353
0.021515,-0.0019836,4.9146
0.020905,-0.0010681,4.9292
0.020447,0.00015259,4.9304
0.020599,0.00091553,4.9255
0.020905,-0.0015259,4.9219
0.02243,-0.0038147,4.9182
0.023041,-0.0047302,4.9194
0.023041,-0.0038147,4.9182
0.022583,-0.0035095,4.9146
0.021057,-0.0010681,4.9146
0.02121,-0.00015259,4.9158
0.021057,-0.00030518,4.9158
0.020905,-0.0012207,4.9158
0.022125,-0.002594,4.917
0.022125,-0.002594,4.9084
0.02121,-0.00091553,4.9084
0.021515,0.0016785,4.9133
0.020142,0.0032043,4.8975
0.019989,0.0041199,4.9084
0.020599,0.0030518,4.9011
0.020599,0.00061035,4.9133
0.021057,-0.00045776,4.9084
0.020599,0,4.9084
0.019836,0.00076294,4.9109
0.018311,0.0027466,4.9097
0.017395,0.0013733,4.9036
0.016785,0.0021362,4.9133
0.017395,0.00015259,4.9231
0.018463,-0.0016785,4.9194
0.018463,-0.0033569,4.9231
0.018158,-0.0033569,4.9243
0.017242,-0.0024414,4.9316
0.017548,-0.0012207,4.9341
0.0177,-0.0018311,4.9316
0.017548,-0.0027466,4.9438
0.017242,-0.0047302,4.9329
0.016632,-0.0062561,4.9207
0.016937,-0.0056458,4.9329
0.016327,-0.0038147,4.9304
0.017395,-0.0022888,4.9292
0.016479,-0.0015259,4.9341
0.016632,-0.0016785,4.9329
0.017395,-0.0027466,4.9353
0.019226,-0.0033569,4.9329
0.021057,-0.0030518,4.9402
0.022278,-0.0016785,4.9341
0.022888,-0.00030518,4.9426
0.023193,0.0016785,4.928
0.022125,0.00076294,4.9329
0.021515,0.0012207,4.9341
0.021667,0.00076294,4.928
0.022736,0.00045776,4.9231
0.023041,0.0012207,4.9231
0.023499,0.002594,4.9146
0.02243,0.0039673,4.8779
0.024414,0.004425,0.048828
0.021057,0.0035095,0.043945
0.02121,0.0010681,0.045166
0.022125,-0.0012207,0.043945
0.022888,-0.005188,0.043945
0.022888,-0.0027466,0.039063
0.021973,-0.002594,0.041504
0.019684,-0.0012207,0.036621
0.018768,-0.00030518,0.042725
0.017242,0.00061035,0.042725
0.017853,0.00061035,0.042725
0.017853,-0.00030518,0.0354
0.018463,-0.00030518,0.041504
0.017242,-0.00030518,0.048828
0.017242,-0.00030518,0.040283
0.015564,-0.00061035,0.048828
0.0177,-0.0018311,0.041504
0.017548,-0.0042725,0.031738
0.018005,-0.0056458,0.041504
0.018616,-0.0059509,0.046387
0.017548,-0.0039673,0.05127
0.017853,-0.0015259,0.05127
0.017242,0.00076294,0.05249
0.016937,-0.00045776,0.054932
0.016022,-0.0015259,0.054932
0.014954,-0.0024414,0.061035
0.014954,-0.0045776,0.058594
0.015869,-0.0032043,0.065918
0.016632,-0.0028992,0.05249
0.016937,-0.0019836,0.065918
0.015717,-0.0013733,0.076904
0.016327,-0.0013733,0.062256
0.016174,-0.0016785,0.061035
0.016632,-0.0015259,0.063477
0.017395,-0.00045776,0.061035
0.018311,0.00015259,0.062256
0.018311,0.00030518,0.065918
0.018768,-0.00015259,0.065918
0.015564,-0.0024414,0.064697
0.015259,-0.005188,0.058594
0.015106,-0.0083923,0.063477
0.012512,-0.009613,0.058594
0.015411,-0.0076294,0.057373
0.015411,-0.0047302,0.05249
0.014801,-0.0012207,0.05127
0.013275,0.0018311,0.048828
0.012817,0.0035095,0.053711
0.011749,0.0032043,0.050049
0.012207,0.0022888,0.047607
0.01358,0.0024414,0.057373
0.014191,0.0033569,0.047607
0.016022,0.004425,0.06958
0.018005,0.0048828,0.042725
0.020447,0.0041199,0.039063
0.022278,0.0024414,0.039063
0.023499,0.00091553,0.039063
0.024109,0.00076294,0.036621
0.022278,0.0013733,0.040283
0.020599,0.0021362,0.037842
0.019379,0.00076294,0.039063
0.016174,0.00015259,0.037842
0.014801,-0.0021362,0.041504
0.014496,-0.0041199,0.037842
0.016022,-0.0068665,0.040283
0.018311,-0.0064087,0.042725
0.019379,-0.0059509,0.046387
0.02121,-0.0054932,0.048828
0.021973,-0.0048828,0.048828
0.023041,-0.0030518,0.047607
0.022125,-0.0015259,0.05249
0.02121,-0.00030518,0.05249
0.019073,0.0015259,0.056152
0.01709,0.0012207,0.047607
0.015259,0.0013733,0.058594
0.014496,0.00015259,0.057373
0.015411,-0.00091553,0.059814
0.016632,-0.00091553,0.061035
0.018921,-0.00045776,0.065918
0.018463,-0.00076294,0.062256
0.024109,0.0015259,0.059814
0.025787,0.0013733,0.062256
0.025482,0.00030518,0.062256
0.026398,0.0018311,0.065918
0.025787,0.0013733,0.063477
0.024567,0.0012207,0.068359
0.025024,0.0015259,0.078125
0.023804,0,0.064697
0.024567,-0.00091553,0.065918
0.024109,-0.0027466,0.061035
0.024109,-0.0036621,0.043945
0.024261,-0.0030518,0.057373
0.024414,-0.0019836,0.050049
0.025177,-0.00030518,0.05127
0.024719,0.00061035,0.05249
0.025482,0.00015259,0.047607
0.025177,0.00015259,0.048828
0.022888,0.00061035,0.047607
0.023346,0.0012207,0.045166
0.022736,0.0016785,0.036621
0.022888,0.0010681,0.042725
0.023041,-0.0012207,0.042725
0.023041,-0.0018311,0.042725
0.023041,-0.002594,0.043945
0.021362,-0.0064087,0.039063
0.020905,-0.0030518,0.037842
0.020294,-0.0024414,0.043945
0.019073,-0.0012207,0.03418
0.019684,-0.00061035,0.036621
0.020599,-0.00015259,0.047607
0.023346,-0.00015259,0.03418
0.024872,-0.00045776,0.032959
0.025482,-0.0012207,0.036621
0.027161,-0.0013733,0.042725
0.028229,0,0.042725
0.029449,0.0013733,0.045166
0.034027,0.00091553,0.043945
0.029602,0.0015259,0.05249
0.032196,0.0018311,0.05127
0.035553,0.0010681,4.5923
0.029144,0.0022888,4.8999
0.029602,0.0047302,4.9207
0.028839,0.0056458,4.9329
0.028381,0.0059509,4.9292
0.027771,0.0091553,4.9377
0.027771,0.004425,4.9341
0.028229,0.0032043,4.9243
0.027161,0.0061035,4.9329
0.027008,0.0032043,4.9316
0.02655,0.004425,4.928
0.025787,0.0038147,4.9304
0.025635,0.0035095,4.9316
0.025024,0.0039673,4.9341
0.024414,0.0042725,4.9353
0.023956,0.0032043,4.9377
0.023193,0.0033569,4.9316
0.022125,0.0015259,4.9353
0.02121,0.0018311,4.9329
0.020905,0.0013733,4.9316
0.020599,0.00045776,4.9292
0.019379,-0.00076294,4.9268
0.02182,-0.0010681,4.9194
0.021667,-0.0019836,4.9255
0.023956,-0.00061035,4.9304
0.023346,0.0015259,4.9182
0.023346,0.0030518,4.9194
0.023499,0.0030518,4.9121
0.024109,0.0030518,4.9194
0.023651,0.0018311,4.9146
0.023346,-0.0022888,4.9109
0.023193,0.0012207,4.906
0.022888,0,4.9109
0.023804,0.00045776,4.9036
0.024567,-0.0019836,4.9121
0.025482,-0.002594,4.9097
0.026398,-0.0032043,4.9121
0.026703,-0.0035095,4.9097
0.027618,-0.0024414,4.9048
0.028534,-0.0015259,4.9243
0.03006,-0.00091553,4.9109
0.03067,-0.0013733,4.9158
0.03067,-0.0016785,4.9109
0.030365,-0.0016785,4.8999
0.029297,-0.00076294,4.9146
0.028839,0,4.9133
0.027618,0.00091553,4.9182
0.027618,0.0015259,4.9231
0.027008,0.0021362,4.9207
0.026398,0.0021362,4.928
0.025635,0.0036621,4.9304
0.025024,0.0041199,4.9329
0.024872,0.0045776,4.928
0.024567,0.0045776,4.9353
0.023651,0.0050354,4.9255
0.023956,0.0045776,4.9316
0.023193,0.0045776,4.9353
0.022736,0.0036621,4.9329
0.023346,0.0035095,4.9329
0.022888,0.0035095,4.9341
0.023041,0.0041199,4.9451
0.022278,0.0039673,4.9353
0.021973,0.0042725,4.9219
0.022125,0.0033569,4.9353
0.022125,0.0016785,4.9341
0.022888,0.0012207,4.9304
0.023499,0.00091553,4.9341
0.024109,0.0016785,4.9292
0.024414,0.0028992,4.928
0.025177,0.0047302,4.9243
0.02533,0.0045776,4.9243
0.02533,0.0024414,4.9207
0.025635,0.0019836,4.9219
0.025482,0.00061035,4.9207
0.024567,0.00045776,4.9207
0.024414,0.0015259,4.9268
0.023346,0.0035095,4.9182
0.021973,0.0045776,4.9182
0.020905,0.0047302,4.9109
0.021057,0.0042725,4.9011
0.020599,0.0028992,4.9121
0.020447,0.0022888,4.9121
0.020294,0.0028992,4.9097
0.020905,0.0036621,4.9109
0.020447,0.0045776,4.9097
0.020905,0.0047302,4.9084
0.020905,0.0035095,4.9072
0.020599,0.0021362,4.9121
0.019531,0.0019836,4.9084
0.018768,0.0024414,4.9121
0.019226,0.0021362,4.9146
0.019226,0.0054932,4.9158
0.019073,0.0056458,4.9158
0.016022,0.005188,4.9194
0.018158,0.004425,4.9207
0.018768,0.0039673,4.9219
0.019531,0.0047302,4.9316
0.020752,0.005188,4.9255
0.021667,0.0056458,4.9146
0.022736,0.0073242,4.928
0.022583,0.0074768,4.928
0.023041,0.0067139,4.9329
0.020599,0.0056458,4.9304
0.020142,0.0036621,4.9304
0.019989,0.0024414,4.9365
0.015564,0.0013733,4.9316
0.018463,0.00045776,4.9316
0.018158,-0.00091553,4.9316
0.016785,-0.0038147,0.065918
0.016785,-0.0024414,0.062256
0.016479,-0.0027466,0.068359
0.017395,-0.0019836,0.079346
0.018463,-0.00061035,0.065918
0.018311,0.00015259,0.062256
0.019073,0,0.059814
0.019073,-0.0015259,0.037842
0.019073,0.00015259,0.056152
0.019226,0.00045776,0.05249
0.018311,0.00091553,0.047607
0.017853,0.0019836,0.047607
0.016479,0.00091553,0.047607
0.017395,0.00091553,0.048828
0.018005,0.0022888,0.043945
0.018005,0.0036621,0.05127
0.018005,0.0050354,0.042725
0.018158,0.005188,0.043945
0.017395,0.0057983,0.043945
0.017242,0.0059509,0.042725
0.018311,0.0038147,0.042725
0.019379,0.0036621,0.039063
0.018158,0.0030518,0.042725
0.018463,0.0033569,0.041504
0.018158,0.002594,0.041504
0.018463,0.0016785,0.036621
0.018768,0.00061035,0.028076
0.018768,0.0010681,0.039063
0.019379,0.00076294,0.040283
0.019989,0.0016785,0.037842
0.018768,0.0035095,0.043945
0.0177,0.0050354,0.039063
0.016785,0.0062561,0.050049
0.016937,0.005188,0.046387
0.016937,0.0038147,0.054932
0.015564,0.0016785,0.05127
0.014801,-0.00030518,0.056152
0.015564,0.00061035,0.058594
0.01358,-0.0021362,0.059814
0.013275,-0.002594,0.070801
0.012817,-0.0038147,0.062256
0.0080872,-0.0028992,0.06958
0.010529,-0.0062561,0.058594
0.010223,-0.0067139,0.050049
0.0097656,-0.0064087,0.058594
0.010681,-0.0057983,0.058594
0.011139,-0.0059509,0.061035
0.011597,-0.0054932,0.062256
0.012512,-0.0048828,0.065918
0.01358,-0.005188,0.064697
0.015564,-0.0038147,0.063477
0.017853,-0.0038147,0.067139
0.02182,-0.0013733,0.061035
0.022736,-0.00091553,0.063477
0.024261,0,0.062256
0.025787,0,0.059814
0.025635,-0.00030518,0.056152
0.026093,-0.0010681,0.054932
0.026245,-0.0018311,0.059814
0.02594,-0.0016785,0.053711
0.026093,-0.0027466,0.059814
0.025787,-0.0028992,0.047607
0.024261,-0.0032043,0.043945
0.02182,-0.00076294,0.041504
0.018768,-0.0028992,0.043945
0.0177,-0.0028992,0.041504
0.017242,-0.002594,0.036621
0.018005,-0.0024414,0.036621
0.0177,-0.0022888,0.041504
0.016937,-0.0018311,0.037842
0.016327,-0.0015259,0.039063
0.014496,-0.0010681,0.039063
0.013733,-0.0015259,0.042725
0.012817,-0.0021362,0.039063
0.012512,-0.0024414,0.041504
0.014038,-0.0042725,0.05249
0.014648,-0.0062561,0.041504
0.014343,-0.0065613,0.045166
0.014191,-0.0057983,0.041504
0.014191,-0.007019,0.028076
0.014954,-0.0064087,0.045166
0.016174,-0.005188,0.047607
0.017548,-0.0038147,0.05127
0.019073,-0.0024414,0.053711
0.019989,-0.0010681,0.05127
0.020752,0.00015259,0.058594
0.021515,0.0012207,0.058594
0.02182,0.0019836,0.062256
0.021667,0.0016785,0.056152
0.024261,0.00015259,0.062256
0.022736,-0.0022888,0.059814
0.02243,-0.0050354,0.064697
0.022583,-0.0079346,0.063477
0.02182,-0.0091553,0.061035
0.02121,-0.0093079,0.064697
0.019073,-0.0090027,0.062256
0.0177,-0.0073242,0.078125
0.017242,-0.0085449,0.063477
0.0177,-0.0085449,0.05249
0.017548,-0.0076294,0.067139
0.017242,-0.0054932,0.064697
0.016785,-0.0027466,0.056152
0.015717,0.00061035,0.059814
0.015106,0.0033569,0.053711
0.015717,0.0047302,0.053711
0.016632,0.0059509,0.050049
0.018311,0.0065613,0.05249
0.019379,0.0065613,0.048828
0.019836,0.0068665,0.05127
0.019836,0.0067139,0.047607
0.019989,0.0057983,0.048828
0.020294,0.004425,0.05127
0.021057,0.0030518,0.043945
0.022888,0.0016785,0.042725
0.023499,0.00076294,0.041504
0.023956,-0.0018311,0.029297
0.023041,-0.0012207,0.039063
0.021515,-0.0024414,0.037842
0.020752,-0.0032043,3.9685
0.020294,-0.0035095,4.8474
0.020752,-0.002594,4.9011
0.022736,-0.0018311,4.9097
0.023346,-0.0010681,4.9011
0.022888,-0.00076294,4.9097
0.022583,-0.0024414,4.906
0.022278,-0.0032043,4.9146
0.022583,-0.004425,4.9121
0.023499,-0.005188,4.917
0.023193,-0.0062561,4.917
0.02243,-0.0068665,4.9207
0.021515,-0.0073242,4.9231
0.021057,-0.0074768,4.9243
0.019989,-0.0065613,4.9353
0.019073,-0.0054932,4.9292
0.018768,-0.0027466,4.9133
0.019836,-0.00015259,4.928
0.021362,0.0018311,4.9329
0.022888,0.00091553,4.9329
0.024261,0.0021362,4.9304
0.026093,0.00015259,4.9268
0.027161,-0.00061035,4.9341
0.028534,-0.00030518,4.9329
0.029602,0.0010681,4.9329
0.028839,0.002594,4.9292
0.028229,0.0035095,4.9353
0.025177,0.0021362,4.9341
0.02594,0.0015259,4.9377
0.024567,0.00091553,4.9475
0.023651,0.0013733,4.9365
0.023804,0.0016785,4.9304
0.023956,0.0028992,4.9316
0.024872,0.0033569,4.9231
0.02594,0.0022888,4.9255
0.026245,0.0016785,4.9219
0.026093,0.00076294,4.9231
0.025482,-0.00015259,4.9182
0.024719,-0.00015259,4.917
0.023651,0.00061035,4.9194
0.022736,0.00091553,4.917
0.020599,0.0018311,4.9158
0.018311,0.00015259,4.9097
0.018463,-0.00030518,4.9146
0.017395,-0.00030518,4.9133
0.019684,-0.00015259,4.9121
0.02121,0.0018311,4.9084
0.02243,0.0021362,4.9133
0.024261,0.00045776,4.9182
0.023651,-0.0030518,4.9109
0.023499,-0.004425,4.9207
0.022888,-0.0057983,4.9072
0.02121,-0.0062561,4.8999
0.02121,-0.002594,4.9084
0.021515,0.0010681,4.9097
0.021515,0.0032043,4.9097
0.020905,0.0047302,4.9121
0.02243,0.0065613,4.9146
0.024567,0.0083923,4.9158
0.028839,0.011902,4.9158
0.033875,0.014496,4.9255
0.038147,0.016174,4.9011
0.040283,0.013123,4.9304
0.037994,0.0080872,4.9194
0.032654,0,4.9316
0.02594,-0.0042725,4.9402
0.019379,-0.0068665,4.9329
0.014648,-0.005188,4.9316
0.011139,-0.0022888,4.9377
0.0079346,0.00076294,4.9353
0.0062561,0.0032043,4.9329
0.0045776,0.0039673,4.9292
0.0053406,0.0057983,4.9316
0.0085449,0.0079346,4.9341
0.014496,0.0053406,4.9365
0.021515,0.012817,4.939
0.027771,0.013733,4.9329
0.03067,0.011749,4.9377
0.029907,0.0080872,4.9304
0.028076,0.0022888,4.9292
0.019226,-0.0030518,4.9329
0.014801,-0.0057983,4.9292
0.010529,-0.0083923,4.9194
0.007019,-0.0024414,4.9231
0.0062561,0.0012207,4.9329
0.005188,0.0050354,4.9158
0.0054932,0.007019,4.928
0.0093079,0.007782,4.9194
0.012817,0.0073242,4.9036
0.018616,0.0067139,4.9133
0.024567,0.0056458,4.9146
0.030212,0.0062561,4.8975
0.033264,0.0048828,4.9109
0.033569,0.0013733,4.9084
0.030518,-0.00061035,4.9121
0.025177,-0.0050354,4.9084
0.019531,-0.0083923,4.9097
0.016174,-0.0080872,4.8962
0.012512,-0.0053406,4.9146
0.012054,0.00015259,4.9097
0.012512,0.0047302,4.9097
0.013275,0.0064087,4.9207
0.015106,0.0085449,4.9133
0.018616,0.0073242,4.906
0.022583,0.0068665,4.917
0.027771,0.0071716,4.906
0.032196,0.007782,4.9182
0.034485,0.0071716,4.9255
0.035248,0.0047302,0.05249
0.033722,0.0033569,0.053711
0.031891,0.0012207,0.053711
0.028381,-0.0010681,0.056152
0.026855,-0.0012207,0.058594
0.02243,0.0012207,0.062256
0.020142,0.00091553,0.062256
0.018921,0.0035095,0.065918
0.017395,0.0027466,0.061035
0.017242,0.0059509,0.063477
0.016327,0.0082397,0.061035
0.015717,0.0094604,0.062256
0.019531,0.011749,0.068359
0.020905,0.012817,0.064697
0.023041,0.011902,0.076904
0.025635,0.013428,0.065918
0.026398,0.014496,0.053711
0.026855,0.013428,0.064697
0.024261,0.010986,0.061035
0.026093,0.0090027,0.054932
0.025787,0.0064087,0.054932
0.02533,0.0039673,0.048828
0.023651,0.002594,0.05127
0.02243,0.0042725,0.05127
0.021515,0.0050354,0.053711
0.022278,0.0059509,0.047607
0.023346,0.0057983,0.048828
0.02594,0.0048828,0.053711
0.027008,0.0054932,0.048828
0.028076,0.0073242,0.036621
0.029144,0.0088501,0.043945
0.029449,0.0093079,0.045166
0.028839,0.0073242,0.037842
0.028076,0.0057983,0.031738
0.026245,0.0035095,0.041504
0.024261,0.0039673,0.039063
0.022583,0.0039673,0.036621
0.020905,0.0062561,0.039063
0.021057,0.0071716,0.042725
0.019379,0.0083923,0.041504
0.019989,0.0083923,0.0354
0.023041,0.0065613,0.042725
0.024261,0.0064087,0.037842
0.025024,0.0080872,0.043945
0.024719,0.009613,0.043945
0.026093,0.012512,0.046387
0.026245,0.011444,0.046387
0.025787,0.0083923,0.05249
0.023499,0.0054932,0.058594
0.021362,0.0028992,0.048828
0.019531,0.00091553,0.068359
0.016632,-0.0010681,0.061035
0.015411,-0.0016785,0.045166
0.016022,-0.0022888,0.058594
0.016479,-0.0028992,0.062256
0.018311,-0.0030518,0.063477
0.020599,-0.002594,0.059814
0.022583,-0.0013733,0.058594
0.024261,0.00030518,0.063477
0.025024,0.0021362,0.057373
0.024872,0.0033569,0.063477
0.024414,0.0047302,0.064697
0.023346,0.0050354,0.067139
0.02121,0.0057983,0.064697
0.021515,0.0056458,0.06958
0.018921,0.0054932,0.076904
0.018158,0.0045776,0.058594
0.017395,0.0048828,0.05249
0.017548,0.0041199,0.056152
0.018158,0.0033569,0.053711
0.019073,0.0016785,0.05249
0.020752,0.00015259,0.05249
0.021362,-0.0022888,0.048828
0.021362,-0.0036621,0.042725
0.019836,-0.004425,0.042725
0.019226,-0.0041199,0.046387
0.018005,-0.0045776,0.042725
0.017242,-0.0053406,0.045166
0.017242,-0.007019,0.042725
0.01709,-0.0061035,0.040283
0.0177,-0.0038147,0.039063
0.020294,-0.00015259,0.042725
0.023346,0.0024414,0.041504
0.02594,0.0035095,0.042725
0.028534,0.0030518,0.05127
0.030365,0.0010681,0.042725
0.031128,-0.00030518,0.053711
0.031433,-0.0027466,0.024414
0.029449,-0.007019,0.029297
0.027161,-0.0062561,0.040283
0.02533,-0.0093079,0.041504
0.022888,-0.012817,0.040283
0.020142,-0.015717,0.047607
0.017853,-0.018005,0.042725
0.015106,-0.019836,0.047607
0.01297,-0.019379,0.046387
0.011139,-0.018158,0.057373
0.011444,-0.01709,0.05249
0.011444,-0.015106,0.058594
0.013733,-0.014954,0.061035
0.014038,-0.013428,0.063477
0.014496,-0.01297,0.067139
0.015259,-0.012054,0.064697
0.014954,-0.0086975,0.061035
0.016174,-0.005188,0.05127
0.018158,-0.0027466,0.068359
0.019989,0.00030518,0.064697
0.023041,0.00045776,0.050049
0.023956,-0.0012207,0.063477
0.024567,-0.0030518,0.063477
0.025635,-0.0045776,0.056152
0.025787,-0.0061035,0.065918
0.026703,-0.0065613,0.063477
0.026398,-0.0074768,0.065918
0.027924,-0.0093079,0.057373
0.027771,-0.011292,0.058594
0.028839,-0.01358,0.054932
0.029297,-0.015106,0.058594
0.029144,-0.014648,4.5728
0.027618,-0.013733,4.8987
0.027771,-0.013123,4.9158
0.027161,-0.012665,4.9182
0.028229,-0.016632,4.9182
0.02533,-0.014343,4.9158
0.026245,-0.01358,4.8962
0.024261,-0.010834,4.9109
0.020447,-0.0080872,4.9207
0.019836,-0.0047302,4.9146
0.017548,-0.0030518,4.9121
0.018311,-0.0035095,4.9072
0.019836,-0.0030518,4.9072
0.022736,-0.0030518,4.9109
0.026093,-0.0018311,4.9097
0.027466,-0.00045776,4.9048
0.028992,0,4.9158
0.028839,-0.0012207,4.9097
0.028687,-0.0039673,4.9121
0.028381,-0.0065613,4.9072
0.028992,-0.0082397,4.9121
0.027618,-0.0086975,4.9109
0.026855,-0.0082397,4.9133
0.024109,-0.007782,4.9219
0.021667,-0.0079346,4.9182
0.020752,-0.009613,4.9109
0.020905,-0.010223,4.9231
0.021973,-0.009613,4.9255
0.023193,-0.007782,4.9255
0.023499,-0.0035095,4.9292
0.023651,-0.00030518,4.9377
0.022888,0.0015259,4.9329
0.019073,0.0012207,4.9304
0.016632,-0.00015259,4.9341
0.012665,-0.00091553,4.9268
0.01358,0,4.9329
0.012054,0.002594,4.9329
0.011139,0.0068665,4.9329
0.010529,0.0061035,4.9438
0.0074768,0.0054932,4.939
0.0074768,0.0033569,4.939
0.0074768,0.0022888,4.9353
0.0097656,0.002594,4.9292
0.010223,0.0050354,4.9353
0.011139,0.0071716,4.9292
0.012512,0.0076294,4.9255
0.013275,0.0053406,4.9304
0.01358,0.0019836,4.9255
0.016479,-0.0021362,4.9231
0.016785,-0.0039673,4.9182
0.018921,-0.004425,4.9243
0.021057,-0.0021362,4.9109
0.02182,-0.0022888,4.9194
0.022278,-0.0013733,4.917
0.022125,-0.0021362,4.9182
0.02243,-0.0033569,4.9158
0.02243,-0.0015259,4.9146
0.021362,-0.0015259,4.9182
0.02121,0.0019836,4.9109
0.020905,0.0039673,4.9182
0.023499,0.0057983,4.9121
0.019684,0.0071716,4.9084
0.018311,0.0064087,4.9084
0.015717,0.0048828,4.9072
0.013123,0.0038147,4.9109
0.011902,0.0042725,4.9097
0.010223,0.004425,4.906
0.0090027,0.0013733,4.9133
0.0080872,0.0048828,4.9109
0.0067139,0.0028992,4.9182
0.0064087,0.00091553,4.9158
0.0062561,0.00015259,4.9231
0.007019,-0.0012207,4.9219
0.0086975,0.00015259,4.9268
0.011139,0.0022888,4.939
0.013123,0.0042725,4.928
0.014191,0.0041199,4.9304
0.015106,0.0027466,4.9316
0.014801,0.0019836,4.9219
0.015259,0.0024414,4.9304
0.015564,0.0050354,4.9316
0.015259,0.0073242,4.9329
0.016937,0.0090027,4.9329
0.015869,0.010071,4.928
0.015259,0.0082397,4.9341
0.015106,0.0062561,4.9353
0.015564,0.0064087,4.9377
0.016479,0.0045776,4.9463
0.0177,0.0067139,4.939
0.019073,0.010834,4.9377
0.019226,0.0086975,4.9353
0.018005,0.0067139,4.9377
0.015411,0.0041199,4.9353
0.014954,0.0024414,4.9316
0.015259,0.0013733,4.9268
0.016174,0.0032043,4.9377
0.017242,0.005188,4.9219
0.018005,0.0062561,4.9011
0.017853,0.0057983,4.9011
0.018463,0.0035095,4.917
0.019684,0.0015259,4.9146
0.02182,0.00061035,4.9182
0.021362,0.0021362,4.9133
0.021515,0.0036621,4.9158
0.021515,0.0019836,4.9072
0.021362,0.0047302,4.9121
0.021057,0.0027466,4.9097
0.02121,0.00061035,4.9133
0.020905,-0.00045776,0.041504
0.02121,0.0013733,0.041504
0.022583,0.0036621,0.05127
0.023041,0.0062561,0.042725
0.023804,0.0073242,0.050049
0.023651,0.0073242,0.040283
0.023193,0.0065613,0.028076
0.024719,0.0061035,0.045166
0.02533,0.0061035,0.043945
0.027161,0.0068665,0.042725
0.028992,0.0067139,0.047607
0.03006,0.0061035,0.047607
0.030518,0.0054932,0.05127
0.031128,0.005188,0.053711
0.031738,0.0048828,0.058594
0.032806,0.0041199,0.053711
0.033722,0.0039673,0.062256
0.034637,0.0018311,0.061035
0.034637,0.0022888,0.063477
0.033875,0.0016785,0.067139
0.032654,0.00030518,0.064697
0.032349,-0.0015259,0.062256
0.030975,-0.0028992,0.061035
0.03067,-0.0028992,0.072021
0.029602,-0.0016785,0.063477
0.028992,0.00061035,0.057373
0.026703,0.002594,0.063477
0.025482,0.0036621,0.065918
0.023499,0.0041199,0.067139
0.022278,0.002594,0.064697
0.02121,0.0021362,0.062256
0.023041,0.0019836,0.065918
0.024261,0.0032043,0.056152
0.024261,0.004425,0.057373
0.022888,0.0048828,0.054932
0.02243,0.004425,0.056152
0.02182,0.0028992,0.050049
0.023346,0.00030518,0.05127
0.026703,0.0015259,0.062256
0.029449,0.0015259,0.037842
0.030823,0.0019836,0.05127
0.031281,0.0010681,0.043945
0.030518,-0.00030518,0.028076
0.030975,-0.0022888,0.040283
0.032654,-0.0050354,0.043945
0.03479,-0.0065613,0.036621
0.037231,-0.0057983,0.039063
0.037689,-0.005188,0.0354
0.035858,-0.004425,0.041504
0.0354,-0.0036621,0.03418
0.033722,-0.0038147,0.039063
0.031738,-0.0028992,0.036621
0.031281,-0.0018311,0.041504
0.030518,-0.00076294,0.041504
0.029297,0.00045776,0.042725
0.026855,0.0012207,0.043945
0.02182,0.0021362,0.046387
0.022125,0.0022888,0.043945
0.020905,0.0013733,0.046387
0.020294,0.0018311,0.059814
0.021362,0.0018311,0.047607
0.02182,0.0022888,0.048828
0.021362,0.0022888,0.054932
0.020294,0.0015259,0.059814
0.017548,0.00045776,0.057373
0.016632,-0.00045776,0.058594
0.015717,-0.00045776,0.059814
0.016174,-0.0019836,0.061035
0.017395,-0.0024414,0.058594
0.017548,-0.0032043,0.064697
0.01709,-0.0045776,0.058594
0.016022,-0.005188,0.063477
0.016327,-0.0054932,0.063477
0.016174,-0.0056458,0.064697
0.017548,-0.0050354,0.075684
0.019684,-0.0056458,0.067139
0.021362,-0.0067139,0.068359
0.021515,-0.0074768,0.064697
0.020294,-0.0076294,0.057373
0.018311,-0.0079346,0.061035
0.0177,-0.0073242,0.058594
0.0177,-0.0064087,0.05127
0.017242,-0.0065613,0.056152
0.019531,-0.0047302,0.050049
0.020447,-0.0039673,0.05127
0.019836,-0.0027466,0.046387
0.0177,-0.0032043,0.050049
0.0177,-0.0018311,0.043945
0.015869,-0.00061035,0.047607
0.013885,-0.00091553,0.047607
0.016327,-0.0013733,0.047607
0.014648,-0.0015259,0.037842
0.012512,-0.0042725,0.042725
0.009613,-0.0030518,0.05127
0.007019,-0.0028992,0.040283
0.0059509,-0.0030518,0.048828
0.0056458,-0.00030518,0.037842
0.007782,-0.0015259,0.029297
0.0086975,-0.0012207,0.036621
0.0094604,-0.00091553,0.043945
0.0088501,-0.00076294,0.039063
0.0082397,-0.00030518,0.039063
0.0085449,0,0.031738
0.0094604,-0.00015259,0.041504
0.011597,-0.0012207,0.041504
0.013123,0.0010681,0.047607
0.014496,0.0021362,0.046387
0.011749,0.0032043,0.05127
0.012207,0.0048828,0.05249
0.010681,0.0056458,0.058594
0.0094604,0.0061035,0.072021
0.010834,0.0065613,0.053711
0.013275,0.0054932,0.059814
0.015411,0.0050354,0.061035
0.017242,0.0050354,0.057373
0.01709,0.0053406,0.061035
0.016327,0.0048828,0.058594
0.016632,0.0042725,0.061035
0.017395,0.0041199,4.6033
0.019531,0.0039673,4.9023
0.020905,0.004425,4.9304
0.021057,0.0056458,4.9329
0.019684,0.0067139,4.9353
0.018768,0.0065613,4.9329
0.017395,0.007019,4.9353
0.017395,0.0065613,4.9341
0.016937,0.0062561,4.9365
0.020142,0.0068665,4.9304
0.020752,0.0068665,4.9329
0.019684,0.0080872,4.9353
0.017242,0.0088501,4.9268
0.015564,0.010071,4.9329
0.013428,0.011139,4.9231
0.013885,0.013733,4.9097
0.014648,0.012817,4.9121
0.015717,0.013428,4.9182
0.016937,0.015411,4.9146
0.016479,0.016174,4.917
0.016327,0.016022,4.9158
0.016632,0.016785,4.9121
0.018311,0.018005,4.9109
0.02121,0.019226,4.9133
0.023346,0.018921,4.9084
0.025787,0.019073,4.9146
0.023193,0.019073,4.9146
0.024719,0.019531,4.9158
0.024261,0.019836,4.9121
0.024719,0.020294,4.9109
0.027618,0.021057,4.9097
0.03006,0.019836,4.9084
0.032654,0.018463,4.8889
0.033264,0.019684,4.9146
0.030823,0.016937,4.8999
0.028839,0.018463,4.9133
0.02594,0.018921,4.9146
0.024414,0.018921,4.9219
0.023193,0.015564,4.9194
0.02182,0.015259,4.9194
0.019836,0.014648,4.9329
0.016327,0.012512,4.9292
0.013885,0.012512,4.9304
0.012054,0.013123,4.9304
0.011902,0.013275,4.9353
0.011292,0.012665,4.9304
0.015259,0.010681,4.9329
0.018158,0.0090027,4.9414
0.017853,0.0083923,4.9353
0.016937,0.0083923,4.9377
0.016632,0.0085449,4.9353
0.016632,0.010071,4.9158
0.019379,0.012665,4.9341
0.022278,0.011597,4.9365
0.02533,0.010376,4.9353
0.027771,0.0097656,4.9353
0.027466,0.011597,4.9329
0.027466,0.0086975,4.9353
0.027466,0.0091553,4.9304
0.030365,0.0083923,4.9182
0.032654,0.007782,4.9219
0.034637,0.0076294,4.9255
0.034943,0.0073242,4.9231
0.032196,0.0071716,4.9231
0.029907,0.0074768,4.9109
0.027924,0.0090027,4.9207
0.026093,0.010071,4.9182
0.026855,0.010071,4.917
0.028076,0.0094604,4.9109
0.029144,0.0076294,4.9109
0.027771,0.0053406,4.9097
0.025177,0.0033569,4.9133
0.022125,0.0022888,4.9109
0.018921,0.0019836,4.9084
0.019073,0.0018311,4.9109
0.019989,0.0010681,4.9109
0.019073,0.0010681,4.9097
0.019531,-0.0015259,4.906
0.017853,-0.0021362,4.9133
0.01709,-0.0035095,4.9097
0.017853,-0.0022888,4.9133
0.019684,-0.0021362,4.917
0.022125,-0.0033569,4.9158
0.02533,-0.007019,4.9243
0.027466,-0.010529,4.9182
0.02655,-0.012512,4.9341
0.024109,-0.013275,4.9231
0.022278,-0.012054,4.9146
0.02121,-0.011292,4.9304
0.022583,-0.010529,4.9255
0.024261,-0.011597,4.928
0.025177,-0.014343,4.928
0.025177,-0.016327,4.9304
0.024719,-0.016022,4.9329
0.024719,-0.014801,4.9292
0.024261,-0.01297,4.9329
0.025024,-0.012054,4.9292
0.026855,-0.01297,4.9353
0.027771,-0.015259,4.9341
0.027924,-0.01709,4.9341
0.027161,-0.018005,4.9402
0.023499,-0.017395,4.939
0.020294,-0.016022,4.9304
0.019379,-0.014496,4.9341
0.019836,-0.014954,4.9377
0.020294,-0.016937,4.9316
0.020905,-0.019836,4.9255
0.020599,-0.020752,4.9255
0.019836,-0.020905,0.054932
0.018158,-0.018921,0.050049
0.017548,-0.017242,0.047607
0.018921,-0.016785,0.045166
0.022736,-0.018158,0.05127
0.024567,-0.018921,0.047607
0.02533,-0.020447,0.048828
0.024719,-0.019226,0.047607
0.023499,-0.018005,0.043945
0.022278,-0.014801,0.040283
0.022278,-0.012665,0.042725
0.024567,-0.011749,0.056152
0.027008,-0.011444,0.037842
0.030212,-0.012054,0.05249
0.03067,-0.012665,0.040283
0.030212,-0.01236,0.026855
0.029755,-0.01236,0.036621
0.030518,-0.010986,0.039063
0.031433,-0.012512,0.036621
0.032959,-0.013885,0.040283
0.033112,-0.016785,0.039063
0.031891,-0.019226,0.043945
0.028229,-0.018768,0.041504
0.025177,-0.016785,0.048828
0.022583,-0.014343,0.043945
0.021362,-0.010529,0.05127
0.022736,-0.011292,0.05127
0.023499,-0.012207,0.054932
0.025177,-0.013275,0.070801
0.024567,-0.013123,0.058594
0.023651,-0.012054,0.058594
0.023041,-0.010376,0.061035
0.022278,-0.0076294,0.063477
0.022125,-0.0059509,0.062256
0.023193,-0.0061035,0.078125
0.023956,-0.007782,0.061035
0.023804,-0.0073242,0.058594
0.025482,-0.0062561,0.056152
0.022125,-0.0036621,0.063477
0.022888,-0.00091553,0.062256
0.02533,0.0016785,0.064697
0.028534,0.00015259,0.062256
0.029602,-0.0019836,0.06958
0.030518,-0.0045776,0.064697
0.030365,-0.004425,0.065918
0.027466,-0.0035095,0.065918
0.027924,-0.00045776,0.058594
0.026855,0.0021362,0.064697
0.02594,-0.00015259,0.054932
0.026855,0.00076294,0.063477
0.025482,-0.0010681,0.050049
0.023651,-0.0018311,0.041504
0.020905,-0.0018311,0.048828
0.018463,0.0016785,0.047607
0.0177,0.004425,0.043945
0.017242,0.0067139,0.042725
0.018616,0.0064087,0.042725
0.019379,0.0042725,0.042725
0.020294,0.0024414,0.040283
0.020752,0.0016785,0.042725
0.020905,0.0050354,0.037842
0.021057,0.0076294,0.042725
0.022278,0.0090027,0.043945
0.023651,0.0091553,0.041504
0.024261,0.0073242,0.040283
0.024567,0.0065613,0.042725
0.023041,0.0059509,0.037842
0.020447,0.0067139,0.040283
0.019226,0.011444,0.0354
0.018463,0.014648,0.036621
0.018005,0.016632,0.039063
0.021362,0.016632,0.040283
0.023193,0.013428,0.047607
0.023041,0.010529,0.040283
0.022888,0.0093079,0.05249
0.02121,0.010834,0.050049
0.020599,0.013275,0.062256
0.019836,0.016174,0.057373
0.022125,0.016327,0.061035
0.021667,0.012665,0.059814
0.021973,0.010071,0.062256
0.020294,0.0086975,0.061035
0.017853,0.0099182,0.064697
0.016479,0.012817,0.06958
0.016785,0.014954,0.062256
0.0177,0.013123,0.063477
0.019836,0.013275,0.065918
0.020447,0.010223,0.043945
0.019226,0.0076294,0.063477
0.019989,0.0093079,0.065918
0.016937,0.010529,0.062256
0.014648,0.01297,0.065918
0.016174,0.015259,0.064697
0.01709,0.013428,0.063477
0.018921,0.009613,0.057373
0.019226,0.0068665,0.057373
0.017395,0.0071716,0.05249
0.016174,0.0056458,0.053711
0.014496,0.0079346,0.05249
0.013123,0.0080872,0.053711
0.014801,0.0059509,0.05249
0.013428,0.0019836,0.05249
0.015564,-0.0010681,0.047607
0.015869,-0.002594,0.047607
0.015564,-0.00045776,0.047607
0.015869,0.002594,0.039063
0.016479,0.0056458,0.024414
0.018311,0.007019,0.039063
0.020294,0.0053406,0.037842
0.021362,0.0032043,0.037842
0.021973,0.0016785,0.040283
0.02121,0.00030518,0.032959
0.019379,0.0036621,0.039063
0.018921,0.0071716,0.036621
0.019073,0.0085449,0.042725
0.018768,0.0079346,0.039063
0.02182,0.0053406,0.042725
0.02243,0.0024414,0.042725
0.021667,0.00076294,4.5508
0.020752,0.0019836,4.9011
0.021667,0.0028992,4.9133
0.020905,0.004425,4.9268
0.024261,0.0027466,4.9207
0.021973,0.0032043,4.9158
0.02121,0.00076294,4.9255
0.020447,-0.00076294,4.9268
0.02243,-0.00030518,4.9255
0.019684,-0.00015259,4.9292
0.019989,0.002594,4.9316
0.021057,0.002594,4.9304
0.023193,0.0027466,4.9292
0.023804,0.0010681,4.9341
0.023956,-0.0012207,4.9231
0.023346,-0.002594,4.9316
0.022278,-0.0021362,4.9353
0.021973,-0.0013733,4.9329
0.021362,-0.00076294,4.9316
0.020447,-0.0012207,4.9365
0.023499,-0.0036621,4.9402
0.024567,-0.0068665,4.9365
0.024872,-0.0079346,4.9402
0.023804,-0.0083923,4.9329
0.022583,-0.0064087,4.9243
0.021057,-0.0038147,4.906
0.019836,-0.005188,4.9255
0.021057,-0.0010681,4.9231
0.021057,-0.0024414,4.9231
0.020599,-0.0041199,4.917
0.019684,-0.004425,4.9219
0.019379,-0.002594,4.9158
0.020294,0,4.917
0.021362,0.0016785,4.9121
0.024109,0.0013733,4.9158
0.025635,-0.00061035,4.9133
0.025787,-0.0039673,4.9194
0.024872,-0.0056458,4.9194
0.022583,-0.0050354,4.9084
0.021667,-0.0032043,4.9097
0.020294,-0.0010681,4.9072
0.020294,-0.00061035,4.8914
0.020905,-0.0015259,4.9084
0.020752,-0.0033569,4.906
0.02182,-0.0053406,4.9109
0.02182,-0.0053406,4.9097
0.022583,-0.004425,4.9097
0.022888,-0.0018311,4.9133
0.02243,-0.0013733,4.9133
0.021667,-0.0010681,4.9194
0.021362,-0.0024414,4.9158
0.019989,-0.004425,4.9292
0.018921,-0.004425,4.9243
0.018311,-0.0033569,4.928
0.018005,-0.0012207,4.9292
0.017853,0.0010681,4.9292
0.019226,0.0013733,4.9329
0.02121,0.00076294,4.9316
0.023193,-0.0010681,4.9402
0.024261,-0.0033569,4.9304
0.024872,-0.0042725,4.9231
0.02594,-0.0021362,4.9304
0.024872,-0.00045776,4.9353
0.024109,0,4.9304
0.023651,0.00015259,4.9329
0.023193,-0.0022888,4.9341
0.02243,-0.0035095,4.9353
0.022736,-0.0038147,4.9353
0.022583,-0.002594,4.9377
0.022736,-0.00091553,4.9329
0.022583,0.00076294,4.9316
0.022278,0.00045776,4.9292
0.021515,-0.0016785,4.9316
0.021057,-0.0032043,4.9194
0.020752,-0.0038147,4.9268
0.019226,-0.0024414,4.9207
0.019379,-0.00015259,4.9207
0.018463,0.0024414,4.9097
0.017395,0.0048828,4.9207
0.016785,0.004425,4.9109
0.01709,0.0048828,4.9158
0.016937,0.0047302,4.9158
0.018158,0.0047302,4.9133
0.019379,0.0082397,4.9109
0.020752,0.0097656,4.9109
0.021667,0.010223,4.9133
0.023041,0.0099182,4.9048
0.023499,0.0082397,4.9121
0.023651,0.0059509,4.9109
0.023804,0.0053406,4.9182
0.023499,0.0050354,4.9084
0.022736,0.0053406,4.9109
0.02182,0.0061035,4.9133
0.020294,0.005188,4.9109
0.018921,0.0038147,4.9194
0.018311,0.002594,4.9158
0.017853,0.0010681,4.906
0.017395,0.0019836,4.9158
0.018158,0.0018311,4.9207
0.017395,0.0032043,4.9207
0.016937,0.004425,4.9292
0.016022,0.0033569,4.9207
0.013885,0.0021362,4.9292
0.012512,0.0016785,4.928
0.011902,0.0018311,4.9207
0.011749,0.0027466,4.9292
0.012054,0.0054932,4.9329
0.012512,0.007782,4.9316
0.014496,0.0080872,4.9329
0.016022,0.0080872,0.075684
0.018158,0.007019,0.067139
0.021362,0.0076294,0.064697
0.022583,0.0094604,0.065918
0.023956,0.011139,0.056152
0.024567,0.012817,0.065918
0.023804,0.012665,0.065918
0.024109,0.012054,0.067139
0.022888,0.011139,0.063477
0.022736,0.010071,0.056152
0.021973,0.011292,0.062256
0.02121,0.011749,0.054932
0.021362,0.014343,0.05127
0.019836,0.0093079,0.05249
0.020447,0.010834,0.053711
0.019684,0.0082397,0.048828
0.019379,0.0050354,0.050049
0.017548,0.0032043,0.048828
0.013885,0.0032043,0.048828
0.013123,0.0035095,0.050049
0.010529,0.0033569,0.043945
0.0071716,0.0035095,0.05127
0.0047302,0.0016785,0.037842
0.0021362,0.00015259,0.030518
0.0016785,-0.0013733,0.039063
0.0030518,-0.0015259,0.037842
0.0054932,-0.0016785,0.037842
0.0091553,-0.0013733,0.039063
0.01297,-0.0016785,0.0354
0.016479,-0.004425,0.040283
0.019073,-0.0050354,0.037842
0.020599,-0.0062561,0.042725
0.022888,-0.0068665,0.039063
0.024109,-0.004425,0.041504
0.024261,-0.0030518,0.043945
0.024261,-0.00045776,0.046387
0.024261,0.00076294,0.059814
0.023346,0.0015259,0.053711
0.022888,0.0021362,0.062256
0.022583,0.0028992,0.05127
0.022278,0.0035095,0.048828
0.023193,0.0054932,0.057373
0.021667,0.0065613,0.061035
0.020599,0.0068665,0.057373
0.019531,0.0067139,0.062256
0.018463,0.007019,0.061035
0.017242,0.007019,0.061035
0.015411,0.0093079,0.063477
0.016174,0.010223,0.063477
0.016022,0.010681,0.058594
0.016632,0.012054,0.063477
0.017242,0.0097656,0.068359
0.014496,0.0086975,0.065918
0.01358,0.0083923,0.068359
0.012207,0.0079346,0.067139
0.011749,0.0079346,0.073242
0.01236,0.007782,0.065918
0.01236,0.0074768,0.073242
0.01297,0.0042725,0.059814
0.013123,0.0061035,0.054932
0.015106,0.0059509,0.053711
0.017853,0.0061035,0.053711
0.020142,0.0088501,0.046387
0.023956,0.012817,0.048828
0.028076,0.016937,0.043945
0.031281,0.02182,0.047607
0.034027,0.024567,0.045166
0.037537,0.026855,0.047607
0.039825,0.027161,0.043945
0.041962,0.026398,0.045166
0.039825,0.024261,0.040283
0.043793,0.021362,0.042725
0.04364,0.016937,0.05127
0.042114,0.010986,0.040283
0.039673,0.0047302,0.040283
0.035248,-0.00045776,0.041504
0.029602,-0.0032043,0.021973
0.023651,-0.0045776,0.037842
0.014954,-0.0048828,0.037842
0.0083923,-0.0071716,0.037842
0.0028992,-0.010071,0.041504
-0.0012207,-0.016174,0.036621
-0.004425,-0.021515,0.043945
-0.0062561,-0.02594,0.043945
-0.0048828,-0.029907,0.047607
-0.00091553,-0.032349,0.047607
0.0028992,-0.031738,0.053711
0.0080872,-0.027618,0.045166
0.015717,-0.022888,0.058594
0.019989,-0.013428,0.057373
0.028534,-0.0032043,0.061035
0.035248,0.0090027,0.065918
0.042877,0.020752,0.061035
0.050049,0.024414,0.074463
0.056305,0.02533,0.061035
0.061951,0.022583,0.05127
0.065002,0.016479,0.059814
0.065613,0.0094604,0.061035
0.06485,0.0035095,0.062256
0.061035,-0.0016785,0.065918
0.056,-0.0062561,0.064697
0.049744,-0.0094604,0.065918
0.042114,-0.0097656,0.063477
0.03891,-0.0091553,0.065918
0.035858,-0.0062561,0.061035
0.035248,-0.0018311,0.063477
0.036621,0.0035095,0.061035
0.037384,0.0028992,0.061035
0.039368,0.004425,0.064697
0.038452,0.0028992,0.05249
0.036011,0.00091553,0.05127
0.028839,-0.00061035,0.050049
0.025177,-0.0032043,0.042725
0.018616,-0.0057983,0.047607
0.013733,-0.0099182,0.046387
0.012054,-0.014343,0.040283
0.011444,-0.018921,0.045166
0.012665,-0.022583,1.8225
0.015106,-0.027161,4.7278
0.018768,-0.026245,4.8865
0.024872,-0.026855,4.9084
0.030518,-0.027771,4.9048
0.033722,-0.024261,4.9097
0.036774,-0.021667,4.9084
0.036316,-0.018005,4.9158
0.035095,-0.012665,4.9097
0.034943,-0.0062561,4.9109
0.035706,-0.0018311,4.9207
0.039215,0.0013733,4.9109
0.041351,0.0028992,4.9194
0.044861,0.0010681,4.9207
0.045776,-0.0022888,4.8987
0.044708,-0.0057983,4.9158
0.041656,-0.0097656,4.9182
0.036469,-0.01236,4.9182
0.032196,-0.014038,4.9243
0.026093,-0.014038,4.9231
0.02182,-0.012665,4.928
0.018463,-0.010376,4.9304
0.015869,-0.0054932,4.9329
0.016022,0.00045776,4.928
0.016022,0.0056458,4.9304
0.01709,0.010529,4.9194
0.016022,0.013885,4.9304
0.014343,0.014954,4.9402
0.010681,0.014648,4.9365
0.0059509,0.014648,4.9353
0.0027466,0.013275,4.9377
-0.00030518,0.01297,4.9426
-0.0013733,0.013123,4.9353
-0.00030518,0.013275,4.95
-0.00061035,0.013123,4.9365
0.0035095,0.013885,4.9329
0.0061035,0.013275,4.9268
0.0086975,0.012817,4.9316
0.013428,0.011597,4.9268
0.016327,0.0097656,4.9243
0.019073,0.0079346,4.9207
0.020447,0.0045776,4.9231
0.022125,0.0036621,4.9194
0.02243,0.0013733,4.9231
0.022278,-0.00030518,4.9231
0.022888,-0.00045776,4.9207
0.023346,-0.00015259,4.9243
0.023041,0.00030518,4.917
0.02182,0.00091553,4.917
0.020599,0.00030518,4.9097
0.017853,-0.00076294,4.9011
0.013885,-0.0013733,4.9121
0.009613,-0.0021362,4.9097
0.0065613,-0.0027466,4.9097
0.0042725,-0.0022888,4.9097
0.0036621,-0.0024414,4.8975
0.0039673,-0.0039673,4.9109
0.0090027,-0.0024414,4.906
0.012817,-0.0021362,4.9109
0.016479,-0.00061035,4.906
0.018158,0.0033569,4.8975
0.020294,0.0038147,4.917
0.020905,0.0061035,4.9194
0.02121,0.0086975,4.917
0.019531,0.011139,4.9243
0.017853,0.012512,4.9231
0.015869,0.014191,4.9268
0.014038,0.014648,4.9353
0.01358,0.015564,4.9329
0.015106,0.016785,4.9268
0.017853,0.017242,4.928
0.023193,0.016022,4.9304
0.024567,0.015106,4.9329
0.027313,0.012054,4.9304
0.029144,0.0080872,4.9304
0.029297,0.0047302,4.9353
0.027618,-0.0010681,4.9255
0.025635,-0.0059509,4.9316
0.022736,-0.014648,4.9329
0.020294,-0.015411,4.9353
0.0177,-0.019684,4.9316
0.015106,-0.02121,4.9365
0.014191,-0.022278,4.9487
0.013123,-0.020599,4.9353
0.014038,-0.018768,4.9316
0.015564,-0.015717,4.9304
0.018005,-0.014343,4.9121
0.021362,-0.011749,4.9207
0.025177,-0.010071,4.9219
0.027618,-0.010834,4.9207
0.031128,-0.0053406,4.9207
0.032196,-0.004425,4.9146
0.034485,-0.0027466,4.9207
0.036621,-0.0013733,4.9121
0.038757,-0.00030518,4.9194
0.040741,0.00076294,4.9097
0.042419,0.0035095,4.9158
0.043488,0.004425,4.9158
0.042572,0.0076294,4.9133
0.041504,0.0091553,4.9146
0.042419,0.010834,4.9133
0.040894,0.011444,4.9084
0.041046,0.012817,4.9121
0.039978,0.014343,4.9023
0.038452,0.016479,4.9084
0.036316,0.018616,4.8999
0.034027,0.019836,4.9133
0.031586,0.020752,4.9109
0.031891,0.021667,4.9109
0.028687,0.021973,4.9158
0.027313,0.02121,4.9146
0.026093,0.020294,0.05127
0.022736,0.018463,0.048828
0.024261,0.014954,0.054932
0.023041,0.01236,0.054932
0.019073,0.0065613,0.059814
0.019379,0.0083923,0.057373
0.017548,0.0073242,0.062256
0.015259,0.0065613,0.068359
0.016174,0.0073242,0.062256
0.0097656,0.0054932,0.073242
0.007782,0.0048828,0.061035
0.0057983,0.0093079,0.05127
0.0061035,0.0036621,0.061035
0.0071716,0.0027466,0.064697
0.0076294,0.0012207,0.062256
0.0091553,0,0.065918
0.0099182,-0.0018311,0.061035
0.010834,-0.0047302,0.067139
0.01236,-0.0054932,0.064697
0.013275,-0.0065613,0.06958
0.015717,-0.0050354,0.062256
0.016174,-0.0073242,0.062256
0.016785,-0.0073242,0.059814
0.016785,-0.0082397,0.059814
0.016937,-0.010529,0.058594
0.017548,-0.010529,0.053711
0.019073,-0.01297,0.05249
0.019989,-0.011902,0.048828
0.020447,-0.010834,0.041504
0.021057,-0.0091553,0.050049
0.02121,-0.0086975,0.045166
0.02243,-0.0048828,0.041504
0.023804,-0.0036621,0.043945
0.024414,-0.0013733,0.05127
0.025024,0.00061035,0.040283
0.027313,0.0033569,0.037842
0.028381,0.005188,0.042725
0.029144,0.0033569,0.031738
0.026703,0.0032043,0.039063
0.02533,0,0.042725
0.023804,0,0.042725
0.023041,-0.0016785,0.039063
0.021362,-0.0013733,0.041504
0.019989,-0.0016785,0.048828
0.019379,-0.0038147,0.040283
0.018005,-0.0048828,0.05249
0.017242,-0.004425,0.043945
0.016327,-0.0054932,0.03418
0.016327,-0.0068665,0.045166
0.017548,-0.009613,0.048828
0.018768,-0.010986,0.053711
0.020447,-0.011292,0.053711
0.020294,-0.011444,0.05249
0.019379,-0.010986,0.05127
0.018158,-0.011292,0.057373
0.019379,-0.0085449,0.063477
0.019684,-0.0076294,0.058594
0.021667,-0.0071716,0.065918
0.022583,-0.0065613,0.062256
0.022888,-0.0061035,0.056152
0.020752,-0.005188,0.075684
0.022278,-0.0042725,0.062256
0.022888,-0.0032043,0.059814
0.024261,-0.0024414,0.065918
0.025787,-0.00061035,0.070801
0.027161,-0.0016785,0.056152
0.027161,-0.0027466,0.063477
0.026398,-0.0016785,0.064697
0.025024,-0.0018311,0.062256
0.02243,-0.0030518,0.057373
0.020294,-0.0032043,0.058594
0.017853,-0.0030518,0.05249
0.016174,-0.0016785,0.054932
0.014496,0.0016785,0.050049
0.014191,0.0035095,0.05127
0.014801,0.0062561,0.050049
0.014496,0.0064087,0.05127
0.015564,0.0080872,0.045166
0.016022,0.010376,0.047607
0.016327,0.010376,0.056152
0.016174,0.010834,0.046387
0.015411,0.010071,0.054932
0.014343,0.0093079,0.042725
0.012512,0.0067139,0.03418
0.010681,0.004425,0.041504
0.010223,0.0030518,0.039063
0.010681,0.0012207,0.036621
0.012665,0,0.042725
0.015411,-0.0024414,0.037842
0.018463,-0.0042725,0.036621
0.020599,-0.004425,0.0354
0.02243,-0.0045776,0.041504
0.024261,-0.0045776,0.037842
0.023651,-0.0054932,0.041504
0.028076,-0.005188,0.043945
0.030365,-0.0061035,0.047607
0.031281,-0.0057983,0.050049
0.031433,-0.005188,0.048828
0.031433,-0.004425,0.05249
0.031586,-0.0038147,0.054932
0.032196,-0.0038147,0.061035
0.033112,-0.004425,0.057373
0.034332,-0.004425,0.053711
0.034485,-0.0045776,0.059814
0.034332,-0.0042725,0.061035
0.032806,-0.002594,0.058594
0.031433,-0.00061035,0.061035
0.028992,0.00045776,0.057373
0.027313,0.0012207,0.059814
0.025024,0.0038147,0.058594
0.024109,0.0064087,0.064697
0.022583,0.0083923,0.064697
0.019836,0.0090027,0.068359
0.019531,0.009613,0.062256
0.017853,0.0085449,0.067139
0.015564,0.0083923,0.078125
0.013275,0.0093079,3.4204
0.011902,0.009613,4.8376
0.011444,0.0094604,4.9194
0.012665,0.0093079,4.9048
0.01297,0.0086975,4.9243
0.014801,0.0076294,4.9243
0.014191,0.0071716,4.9207
0.014801,0.0071716,4.9182
0.016479,0.0071716,4.917
0.018158,0.0071716,4.9133
0.019379,0.0053406,4.917
0.020294,0.005188,4.9158
0.019073,0.0039673,4.9097
0.0177,0.0028992,4.9146
0.018005,0.0016785,4.9133
0.017548,0.002594,4.9146
0.017548,0.0035095,4.9109
0.016785,0.0045776,4.9121
0.016327,0.0067139,4.9121
0.016327,0.0041199,4.9121
0.015564,0.0027466,4.9109
0.014496,-0.00076294,4.906
0.014343,0.0028992,4.9048
0.01358,0.0030518,4.9121
0.013428,0.0036621,4.9109
0.012817,0.0083923,4.8926
0.01236,0.0039673,4.9146
0.011749,0.0042725,4.9121
0.01236,0.004425,4.9194
0.013885,0.0053406,4.9158
0.016174,0.0071716,4.9255
0.018768,0.010529,4.9268
0.02182,0.012665,4.9292
0.024261,0.015106,4.9268
0.026093,0.014191,4.9268
0.028381,0.013428,4.9402
0.029755,0.01358,4.9341
0.032501,0.014038,4.9377
0.033875,0.015259,4.9329
0.0354,0.015106,4.9292
0.036774,0.012054,4.9316
0.037384,0.010376,4.9304
0.036926,0.0061035,4.9316
0.037079,0.0033569,4.9341
0.034485,0.0022888,4.9341
0.034332,0.0019836,4.9365
0.033875,0.0018311,4.9121
0.034027,-0.0015259,4.9353
0.03479,-0.0024414,4.9304
0.035858,-0.0054932,4.9341
0.036316,-0.0067139,4.9292
0.03891,-0.0093079,4.9292
0.0383,-0.0039673,4.9255
0.03891,-0.00061035,4.9255
0.036316,0.0024414,4.9304
0.03418,0.0035095,4.9207
0.032501,0.0027466,4.9304
0.031128,0.0021362,4.917
0.030975,0.0019836,4.8962
0.031128,0.0019836,4.9146
0.032196,0.0035095,4.9133
0.032501,0.0041199,4.9146
0.032959,0.0080872,4.9133
0.031128,0.0035095,4.906
0.031738,0.0022888,4.9133
0.030365,0.0018311,4.9084
0.028687,0.0021362,4.9109
0.027008,0.0035095,4.9109
0.025482,0.0045776,4.9158
0.023499,0.0050354,4.9133
0.02182,0.0061035,4.9121
0.020294,0.0042725,4.9231
0.019989,0.0039673,4.9133
0.023956,0.0027466,4.9158
0.023651,0.0032043,4.9133
0.025177,0.0022888,4.9011
0.026703,0.0027466,4.9182
0.027466,0.0028992,4.9158
0.027618,0.002594,4.9255
0.02655,0.0021362,4.9255
0.024567,0.0016785,4.9231
0.022583,0.0015259,4.9292
0.02182,0.0021362,4.9304
0.021057,0.0024414,4.9341
0.019989,0.0030518,4.9268
0.019226,0.0050354,4.9353
0.019684,0.0032043,4.9329
0.019684,0.0036621,4.9316
0.020752,0.0036621,4.9329
0.021515,0.0048828,4.9304
0.022125,0.0062561,4.9377
0.021973,0.0074768,4.9365
0.022278,0.0082397,4.9463
0.020599,0.0073242,4.9341
0.020599,0.005188,4.928
0.020905,0.002594,4.9353
0.02243,0.0022888,4.9292
0.02121,0.0032043,4.9292
0.021362,0.0041199,4.9329
0.02121,0.0019836,4.9292
0.02243,0.0032043,4.928
0.023499,0.0028992,4.9255
0.024567,0.0021362,4.9255
0.025482,0.0024414,4.9182
0.025787,0.0015259,4.9207
0.026855,0.002594,4.9207
0.026703,0.0035095,4.9194
0.02655,0.0036621,4.9231
0.02594,0.0027466,4.917
0.025024,0.0015259,4.9158
0.024414,0.0016785,4.9146
0.024261,0.0035095,0.031738
0.024261,0.0056458,0.041504
0.024261,0.0076294,0.039063
0.025482,0.0076294,0.036621
0.027924,0.0076294,0.040283
0.026093,0.007019,0.041504
0.025787,0.0045776,0.037842
0.024719,0.0056458,0.041504
0.023193,0.0061035,0.042725
0.022125,0.0065613,0.036621
0.021515,0.0059509,0.042725
0.020905,0.005188,0.046387
0.02121,0.002594,0.046387
0.02121,0.00076294,0.047607
0.020447,-0.00015259,0.050049
0.020752,-0.0018311,0.05249
0.021057,-0.0024414,0.05127
0.019836,-0.00045776,0.062256
0.017853,-0.0013733,0.059814
0.016785,-0.0015259,0.047607
0.015869,-0.0015259,0.058594
0.015564,-0.0032043,0.061035
0.016479,-0.0028992,0.061035
0.016327,-0.0018311,0.061035
0.017242,-0.0028992,0.058594
0.017395,-0.0056458,0.062256
0.0177,-0.0050354,0.058594
0.018311,-0.0067139,0.062256
0.018158,-0.007782,0.062256
0.018158,-0.0086975,0.068359
0.016785,-0.0093079,0.063477
0.015411,-0.0083923,0.068359
0.015564,-0.0054932,0.079346
0.014038,-0.0033569,0.063477
0.016785,-0.0027466,0.061035
0.018463,-0.0024414,0.061035
0.020599,-0.0048828,0.040283
0.022125,-0.0062561,0.048828
0.023956,-0.0099182,0.05127
0.02594,-0.00076294,0.050049
0.026855,0.0015259,0.050049
0.027008,0.0038147,0.043945
0.027008,0.0039673,0.046387
0.027008,0.002594,0.045166
0.027161,0.0030518,0.047607
0.026855,0.0015259,0.041504
0.026398,0.0018311,0.045166
0.025635,0.0018311,0.043945
0.02533,0.0010681,0.040283
0.027008,0.0027466,0.039063
0.026093,0.0016785,0.039063
0.025482,0.00076294,0.042725
0.025177,-0.00015259,0.040283
0.025024,0.00045776,0.046387
0.024261,0.0021362,0.037842
0.023651,0.00030518,0.031738
0.02182,0,0.039063
0.020599,-0.0018311,0.037842
0.020447,-0.0039673,0.036621
0.020752,-0.0048828,0.041504
0.020447,-0.0057983,0.042725
0.020294,-0.0053406,0.048828
0.019684,-0.0041199,0.047607
0.019226,-0.0028992,0.05249
0.019531,-0.0024414,0.05249
0.020752,-0.0027466,0.056152
0.022125,-0.0028992,0.061035
0.022278,-0.0032043,0.061035
0.024261,-0.0024414,0.070801
0.024414,-0.0030518,0.063477
0.024719,-0.0032043,0.067139
0.02243,-0.0032043,0.061035
0.021515,-0.0050354,0.057373
0.020294,-0.0059509,0.062256
0.019989,-0.0061035,0.058594
0.018158,-0.0042725,0.061035
0.01709,-0.0019836,0.068359
0.015869,0.00030518,0.061035
0.016632,0.00045776,0.065918
0.016937,0.00061035,0.064697
0.018311,-0.00015259,0.068359
0.020294,-0.00076294,0.061035
0.02121,-0.00030518,0.062256
0.021362,0.00030518,0.062256
0.02121,0.0016785,0.061035
0.021515,0.00091553,0.05249
0.021515,0.0012207,0.056152
0.019989,0.00045776,0.061035
0.019379,-0.0016785,0.05127
0.022583,-0.00015259,0.061035
0.019073,-0.00061035,0.045166
0.019836,-0.00076294,0.0354
0.019226,-0.00061035,0.043945
0.019531,-0.0032043,0.042725
0.020142,-0.0045776,0.041504
0.021057,-0.0054932,0.042725
0.021515,-0.0061035,0.0354
0.02243,-0.0054932,0.041504
0.022278,-0.0047302,0.039063
0.026093,-0.0039673,0.039063
0.022888,-0.0038147,0.039063
0.024109,-0.0038147,0.037842
0.023651,-0.0047302,0.037842
0.023804,-0.0048828,0.041504
0.024567,-0.0062561,0.048828
0.023499,-0.0057983,0.041504
0.024109,-0.0050354,0.041504
0.023041,-0.0032043,0.042725
0.025787,-0.002594,0.036621
0.02594,-0.0027466,0.045166
0.02655,-0.0033569,0.043945
0.028534,-0.0039673,0.050049
0.029907,-0.0024414,0.048828
0.030212,0.00030518,0.05249
0.032196,0.0028992,0.061035
0.030975,0.004425,0.057373
0.028839,0.002594,3.2666
0.026703,0.0039673,4.8254
0.021362,0.0028992,4.9231
0.023804,0.0024414,4.9292
0.023804,0.0039673,4.9316
0.023041,0.0041199,4.9292
0.023193,0.0079346,4.9316
0.022125,0.0079346,4.9304
0.02182,0.0065613,4.9377
0.021362,0.0039673,4.9463
0.02182,0.0024414,4.9365
0.022736,0.0030518,4.9255
0.023499,0.0045776,4.9365
0.023499,0.0054932,4.9341
0.022125,0.0073242,4.9292
0.020752,0.0064087,4.9304
0.020599,0.0038147,4.9255
0.019226,0.0018311,4.9182
0.018616,0.0010681,4.9231
0.019531,0.0021362,4.9219
0.019226,0.0027466,4.9158
0.018463,0.0030518,4.9207
0.017548,0.0016785,4.917
0.015869,-0.0016785,4.9219
0.014343,-0.0057983,4.9158
0.014343,-0.0064087,4.9158
0.014191,-0.0053406,4.9158
0.014954,-0.004425,4.9109
0.011902,-0.0024414,4.9109
0.016022,-0.0028992,4.9133
0.014648,-0.0042725,4.9036
0.015259,-0.0054932,4.9121
0.015869,-0.0065613,4.9219
0.017853,-0.005188,4.9097
0.019836,-0.0030518,4.9109
0.023499,-0.0019836,4.9048
0.02121,-0.00091553,4.9109
0.020599,-0.0027466,4.9072
0.019531,-0.0042725,4.9109
0.020142,-0.0057983,4.9084
0.02243,-0.004425,4.9158
0.023651,-0.0015259,4.9146
0.02533,0.0013733,4.9207
0.026245,0.0036621,4.9292
0.02655,0.0041199,4.9268
0.027008,0.0032043,4.9353
0.027008,0.0019836,4.9304
0.026093,0.0022888,4.9133
0.025787,0.0033569,4.9292
0.024872,0.0054932,4.9292
0.022888,0.0076294,4.9292
0.020752,0.0073242,4.9304
0.020447,0.0080872,4.928
0.019684,0.0071716,4.9341
0.019684,0.0068665,4.9304
0.020905,0.0088501,4.9353
0.022125,0.011292,4.9304
0.023956,0.0090027,4.939
0.025177,0.016479,4.9377
0.026703,0.017853,4.939
0.028534,0.018463,4.9402
0.029907,0.017242,4.9353
0.030212,0.015564,4.9341
0.029297,0.015106,4.9329
0.027771,0.014038,4.9341
0.023804,0.011902,4.9219
0.023499,0.0090027,4.9219
0.021362,0.0048828,4.9243
0.017548,0.00061035,4.9207
0.016174,-0.0033569,4.9158
0.01358,-0.0041199,4.9182
0.012665,-0.0036621,4.9121
0.011749,0.00045776,4.9182
0.011292,-0.0035095,4.9084
0.010834,-0.0065613,4.9146
0.0099182,-0.010986,4.9109
0.0091553,-0.013885,4.9158
0.0086975,-0.015411,4.9109
0.0088501,-0.015411,4.9146
0.0090027,-0.013885,4.9207
0.0088501,-0.01297,4.9109
0.0082397,-0.013733,4.9207
0.0085449,-0.014496,4.9109
0.010529,-0.013123,4.8987
0.014038,-0.0091553,4.9097
0.018463,-0.002594,4.9072
0.024567,0.0041199,4.9097
0.030823,0.010986,4.9146
0.036926,0.013885,4.9158
0.042725,0.014496,4.917
0.046844,0.013123,4.917
0.049744,0.0097656,4.9255
0.050659,0.0071716,4.9194
0.049896,0.0056458,4.9304
0.045929,0.004425,4.9304
0.039978,0.0024414,4.9304
0.032806,0.0010681,4.9377
0.026398,-0.00030518,4.9316
0.021515,-0.00045776,4.9304
0.018311,0.00045776,4.9341
0.016937,0.0038147,4.9377
0.016479,0.0071716,4.9304
0.01709,0.010223,4.9255
0.018005,0.011444,4.9377
0.019226,0.0097656,4.9353
0.020599,0.0068665,4.9341
0.022583,0.002594,4.9365
0.022583,-0.0016785,4.9329
0.022583,-0.0053406,4.9353
0.021667,-0.007019,4.9316
0.020142,-0.0085449,4.9329
0.018768,-0.0090027,0.061035
0.019226,-0.0083923,0.057373
0.020752,-0.0085449,0.056152
0.023193,-0.0062561,0.053711
0.027008,-0.0038147,0.064697
0.03067,-0.0010681,0.053711
0.034943,0.0012207,0.054932
0.036926,0.002594,0.048828
0.037384,0.0019836,0.032959
0.036011,0.0016785,0.043945
0.034485,0.0010681,0.041504
0.031891,0.0013733,0.040283
0.028534,0.0024414,0.041504
0.023804,0.0022888,0.0354
0.019684,0.0041199,0.040283
0.015106,0.0036621,0.036621
0.012207,0.002594,0.041504
0.012665,0.0012207,0.036621
0.015106,-0.0012207,0.039063
0.018005,-0.0016785,0.039063
0.020599,-0.0015259,0.041504
0.021362,-0.00076294,0.047607
0.020599,-0.0010681,0.042725
0.018921,-0.0010681,0.042725
0.01709,-0.0013733,0.042725
0.014801,-0.00045776,0.036621
0.014038,0.00030518,0.047607
0.011139,0.0030518,0.05127
0.0091553,0.0056458,0.053711
0.0071716,0.0080872,0.053711
0.0071716,0.0090027,0.053711
0.010223,0.0091553,0.057373
0.015411,0.0094604,0.058594
0.02243,0.0083923,0.062256
0.027771,0.0086975,0.058594
0.031433,0.0086975,0.063477
0.031891,0.0067139,0.057373
0.030212,0.0047302,0.064697
0.028534,0.0028992,0.062256
0.026093,0.0010681,0.061035
0.02594,0.00091553,0.070801
0.024567,0.0013733,0.063477
0.023041,0.00091553,0.073242
0.019836,0.00061035,0.068359
0.018463,0.0010681,0.05249
0.018616,0.0024414,0.068359
0.021515,0.0027466,0.063477
0.025024,0.0036621,0.058594
0.028839,0.0035095,0.061035
0.030823,0.0030518,0.053711
0.029144,0.0022888,0.056152
0.026703,0.00061035,0.05127
0.023041,0.00030518,0.053711
0.020447,0.00076294,0.045166
0.019836,0.0013733,0.05249
0.019226,0.002594,0.047607
0.018768,0.0039673,0.046387
0.0177,0.00091553,0.046387
0.016479,0.0067139,0.045166
0.018005,0.007019,0.043945
0.019989,0.0082397,0.041504
0.023956,0.0097656,0.0354
0.028839,0.010529,0.040283
0.033722,0.010376,0.0354
0.036163,0.010681,0.037842
0.036316,0.009613,0.040283
0.034332,0.0097656,0.036621
0.031433,0.010986,0.039063
0.028992,0.012054,0.037842
0.029449,0.012817,0.041504
0.027924,0.011292,0.040283
0.026703,0.010376,0.041504
0.024872,0.009613,0.042725
0.02182,0.0094604,0.046387
0.018921,0.0086975,0.046387
0.017853,0.007019,0.05127
0.018158,0.0041199,0.061035
0.018005,0.00076294,0.054932
0.018463,-0.0027466,0.061035
0.015869,-0.005188,0.057373
0.014801,-0.0082397,0.043945
0.0073242,-0.01236,0.058594
0.0035095,-0.015411,0.059814
0.0016785,-0.018311,0.059814
0.0028992,-0.019989,0.061035
0.0050354,-0.020447,0.058594
0.0076294,-0.019073,0.064697
0.010529,-0.016785,0.061035
0.012054,-0.014038,0.064697
0.014496,-0.012817,0.061035
0.018768,-0.011749,0.067139
0.020599,-0.010834,0.064697
0.028992,-0.011139,0.068359
0.032043,-0.010986,0.074463
0.031891,-0.011139,0.065918
0.029144,-0.0091553,0.063477
0.027313,-0.0079346,0.061035
0.02655,-0.0050354,0.065918
0.027161,-0.00091553,0.05249
0.026398,0.002594,0.036621
0.032959,0.0062561,0.050049
0.03479,0.0085449,0.050049
0.03479,0.011444,0.046387
0.03418,0.011292,0.048828
0.034027,0.011902,0.045166
0.034027,0.012665,0.046387
0.035553,0.013885,0.039063
0.034637,0.014496,0.045166
0.033417,0.013123,0.039063
0.033264,0.011902,0.041504
0.025024,0.010223,0.037842
0.020905,0.0086975,0.042725
0.018463,0.0085449,0.05127
0.018311,0.0086975,0.042725
0.018311,0.0073242,0.050049
0.020599,0.0062561,0.037842
0.019989,0.0053406,1.1938
0.018158,0.0033569,4.696
0.016327,0.002594,4.8926
0.014954,0.0022888,4.906
0.015106,0.0021362,4.9097
0.015564,0.0053406,4.9158
0.015717,0.0022888,4.917
0.015259,0.0018311,4.9133
0.014038,0.0010681,4.9158
0.010681,0.00045776,4.9194
0.0086975,0.00045776,4.9268
0.0076294,0.0015259,4.9292
0.0097656,0.0019836,4.9329
0.01236,0.0013733,4.928
0.014954,-0.00015259,4.9365
0.017242,-0.0012207,4.9292
0.016937,-0.0013733,4.9316
0.016327,-0.0015259,4.939
0.016479,-0.0013733,4.9304
0.017395,-0.0012207,4.9194
0.019989,-0.00091553,4.9304
0.02121,-0.0022888,4.9329
0.020752,-0.0027466,4.9353
0.017853,-0.0057983,4.9353
0.013733,-0.0018311,4.9316
0.011902,0.00030518,4.9365
0.011749,0.0016785,4.9341
0.014648,0.0032043,4.9316
0.0177,0.0027466,4.9255
0.021057,0.0015259,4.9292
0.022736,0.00015259,4.9255
0.022278,-0.00015259,4.9255
0.022583,0.00030518,4.9329
0.023499,0.00045776,4.9207
0.024872,-0.00030518,4.9158
0.02533,-0.0018311,4.9158
0.024261,-0.0035095,4.8999
0.022278,-0.005188,4.9121
0.018463,-0.0068665,4.9121
0.014954,-0.0059509,4.9109
0.01358,-0.0039673,4.9121
0.014801,-0.0024414,4.9097
0.018005,-0.0018311,4.9109
0.020905,-0.0030518,4.9072
0.024109,-0.0045776,4.9109
0.027161,-0.0059509,4.9072
0.028229,-0.0059509,4.9182
0.029297,-0.0041199,4.9072
0.030518,-0.0021362,4.9109
0.033417,-0.0015259,4.9109
0.034027,-0.0018311,4.9109
0.032196,-0.0033569,4.9133
0.032349,-0.004425,4.917
0.03067,-0.0030518,4.9255
0.028839,-0.00045776,4.9182
0.028076,0.0028992,4.9146
0.028687,0.0053406,4.9182
0.032349,0.0064087,4.9243
0.035095,0.004425,4.9243
0.035858,0.0027466,4.928
0.034027,0.0018311,4.9304
0.031433,0.0013733,4.9329
0.028076,0.0027466,4.9316
0.02594,0.0033569,4.9341
0.024261,0.0028992,4.9292
0.024109,0.0010681,4.9341
0.023346,-0.00076294,4.9304
0.022125,-0.0024414,4.9377
0.021057,-0.0015259,4.9414
0.018158,0.00015259,4.9402
0.016937,0.0022888,4.9365
0.018158,0.0035095,4.9365
0.019836,0.0030518,4.9329
0.020447,0.00061035,4.9377
0.019836,0,4.9316
0.016937,-0.00030518,4.9268
0.014343,0.0010681,4.9304
0.010834,0.0035095,4.9268
0.009613,0.0035095,4.9255
0.011902,0.0032043,4.9194
0.011749,0.00015259,4.9219
0.011749,-0.0010681,4.9146
0.010834,-0.0028992,4.917
0.010834,-0.0021362,4.9194
0.0099182,-0.00015259,4.9243
0.011139,0.00061035,4.9133
0.014954,0.00076294,4.917
0.018616,-0.0027466,4.9207
0.020752,-0.0054932,4.9109
0.020752,-0.0065613,4.9255
0.021362,-0.0062561,4.9109
0.020142,-0.0041199,4.8999
0.019836,-0.0028992,4.9072
0.02121,-0.0030518,4.9048
0.023346,-0.0048828,4.9109
0.024414,-0.007782,4.9097
0.025635,-0.0099182,4.906
0.024414,-0.0099182,4.9097
0.022583,-0.0085449,4.9097
0.021973,-0.0057983,4.9146
0.023041,-0.004425,4.9133
0.024414,-0.0059509,4.9194
0.025787,-0.0080872,4.917
0.026245,-0.010071,4.9207
0.02594,-0.010529,4.9255
0.024109,-0.0094604,4.9243
0.023499,-0.002594,4.9255
0.024261,0.0021362,4.9304
0.026855,0.0047302,4.9219
0.029755,0.0054932,4.9304
0.032349,0.0048828,0.064697
0.035248,0.0057983,0.059814
0.033112,0.0061035,0.061035
0.033112,0.0071716,0.058594
0.032806,0.0079346,0.064697
0.033722,0.0083923,0.063477
0.034332,0.0054932,0.064697
0.034485,0.0041199,0.062256
0.032806,0.0012207,0.065918
0.03006,-0.00015259,0.065918
0.026093,0.00076294,0.065918
0.02243,0.0019836,0.06958
0.023346,0.0038147,0.065918
0.021973,0.0035095,0.064697
0.021973,0.0024414,0.061035
0.020905,-0.00045776,0.070801
0.018311,-0.0030518,0.05127
0.015869,-0.004425,0.039063
0.010681,-0.0035095,0.047607
0.0083923,-0.0028992,0.05127
0.0073242,-0.0018311,0.040283
0.0073242,-0.0036621,0.045166
0.0062561,-0.0068665,0.042725
0.0074768,-0.0088501,0.046387
0.0064087,-0.0088501,0.041504
0.0056458,-0.0059509,0.043945
0.007782,-0.0033569,0.039063
0.010681,-0.0012207,0.037842
0.014496,0,0.040283
0.018158,-0.00061035,0.042725
0.022125,-0.0018311,0.050049
0.023651,-0.0024414,0.037842
0.024261,0.00061035,0.047607
0.024567,0.0035095,0.037842
0.025635,0.0071716,0.029297
0.028076,0.0097656,0.039063
0.029907,0.0094604,0.041504
0.030975,0.0079346,0.041504
0.03006,0.0061035,0.042725
0.028229,0.0064087,0.046387
0.027618,0.0062561,0.050049
0.027008,0.0079346,0.05249
0.028076,0.007782,0.057373
0.030212,0.0061035,0.053711
0.030823,0.0022888,0.057373
0.030823,-0.0015259,0.061035
0.028839,-0.0038147,0.062256
0.027161,-0.0045776,0.059814
0.02533,-0.0028992,0.063477
0.024567,-0.0016785,0.063477
0.024109,-0.0013733,0.061035
0.024719,-0.0021362,0.070801
0.024872,-0.0032043,0.063477
0.024567,-0.0038147,0.050049
0.023193,-0.0032043,0.061035
0.027008,-0.00076294,0.065918
0.029297,0.0021362,0.065918
0.032501,0.0024414,0.056152
0.036469,0.0035095,0.062256
0.038605,0.0013733,0.065918
0.040588,-0.00015259,0.059814
0.039673,-0.004425,0.059814
0.038452,0.0022888,0.056152
0.036469,0.0054932,0.058594
0.034027,0.0073242,0.05249
0.033112,0.0080872,0.053711
0.033569,0.0068665,0.062256
0.034027,0.0057983,0.048828
0.032349,0.0050354,0.047607
0.030823,0.0045776,0.046387
0.029755,0.0074768,0.028076
0.030365,0.0082397,0.040283
0.029602,0.007782,0.045166
0.029602,0.0073242,0.037842
0.028381,0.0038147,0.040283
0.02594,0.0022888,0.037842
0.021515,0.00061035,0.039063
0.01709,0.0012207,0.039063
0.01358,0.0036621,0.039063
0.012207,0.0045776,0.037842
0.01236,0.0036621,0.040283
0.010681,0.0016785,0.039063
0.010986,-0.00091553,0.040283
0.0099182,-0.002594,0.037842
0.0093079,-0.0024414,0.041504
0.0093079,-0.00045776,0.046387
0.010529,0.0010681,0.043945
0.012207,0.0024414,0.059814
0.013885,-0.00030518,0.046387
0.015411,-0.0018311,0.043945
0.016174,-0.0027466,0.053711
0.016327,-0.0027466,0.054932
0.016785,0,0.056152
0.016479,0.0030518,0.058594
0.017853,0.004425,0.064697
0.019684,0.0038147,0.062256
0.021667,0.0032043,0.058594
0.023499,0.0013733,0.062256
0.023346,0.00030518,0.058594
0.022583,0.0010681,0.063477
0.021973,0.002594,0.064697
0.021515,0.0038147,0.067139
0.02121,0.0027466,0.073242
0.02182,0.0021362,0.067139
0.02121,0.00015259,0.065918
0.019531,-0.00076294,0.062256
0.018616,-0.00015259,0.065918
0.016327,0.0015259,0.063477
0.015106,0.0041199,0.062256
0.015869,0.004425,0.058594
0.016937,0.0038147,0.058594
0.017853,0.0016785,0.05249
0.019073,-0.00045776,0.05249
0.019684,0.0016785,0.048828
0.020905,-0.00076294,0.05249
0.021973,0.00061035,0.045166
0.022583,0.0018311,0.047607
0.024872,0.0022888,3.4265
0.02655,0.0016785,4.8279
0.027924,0.0019836,4.9048
0.028076,0.0021362,4.9121
0.029602,0.0027466,4.9231
0.029602,0.0041199,4.9048
0.028381,0.0057983,4.9207
0.028381,0.0062561,4.9121
0.029907,0.0064087,4.8962
0.029755,0.005188,4.9097
0.029297,0.0035095,4.9109
0.027313,0.0028992,4.9072
0.025024,0.002594,4.9072
0.021057,0.0045776,4.906
0.017548,0.0050354,4.9097
0.015717,0.0045776,4.9109
0.015717,0.0021362,4.8914
0.014038,-0.0015259,4.9121
0.012207,-0.0035095,4.9219
0.0094604,-0.0036621,4.9207
0.0082397,-0.0019836,4.928
0.0067139,0.00015259,4.9304
0.005188,0.00091553,4.9146
0.0064087,-0.00091553,4.9268
0.0076294,-0.002594,4.9316
0.0093079,-0.0041199,4.9365
0.0064087,-0.0039673,4.9316
0.0090027,-0.0022888,4.9158
0.0093079,-0.00015259,4.9304
0.010834,0.00076294,4.9329
0.01236,0.0010681,4.928
0.015411,0.00030518,4.9353
0.018463,-0.00091553,4.9316
0.020905,-0.00076294,4.9353
0.02182,0.0013733,4.9353
0.021973,0.0036621,4.939
0.02243,0.0061035,4.9329
0.02243,0.0064087,4.9255
0.023193,0.0056458,4.9316
0.023041,0.0035095,4.9341
0.023804,0.0022888,4.9377
0.023651,0.0022888,4.9292
0.022583,0.0032043,4.9292
0.021515,0.0035095,4.9231
0.020599,0.0050354,4.906
0.020599,0.0045776,4.9194
0.020142,0.0035095,4.9194
0.019989,0.0021362,4.9158
0.020142,0.0036621,4.917
0.019226,0.0022888,4.9158
0.018158,0.0035095,4.9158
0.0177,0.0039673,4.9109
0.0177,0.0035095,4.9109
0.018158,0.0019836,4.9097
0.018463,0.00076294,4.9133
0.019531,-0.00030518,4.9109
0.020599,-0.00030518,4.9109
0.021057,0.00061035,4.9072
0.021973,0.0016785,4.9109
0.02243,0.0016785,4.9084
0.023346,0.0016785,4.9109
0.023346,0.0012207,4.9121
0.023041,0.00015259,4.9133
0.022736,-0.0010681,4.9133
0.022736,0,4.9158
0.022125,0.00076294,4.9097
0.020905,0.0018311,4.9194
0.020142,0.0018311,4.9194
0.019989,0.00030518,4.9194
0.019684,-0.0022888,4.9292
0.019531,-0.0033569,4.928
0.019836,-0.0027466,4.9304
0.019684,-0.0015259,4.928
0.019836,0.00015259,4.9402
0.019073,0.00091553,4.9316
0.018616,0.00061035,4.9329
0.018311,-0.00076294,4.9426
0.018005,-0.0010681,4.9304
0.019073,-0.0012207,4.9341
0.017853,0.00030518,4.9353
0.017548,0.0015259,4.9182
0.015106,0.0021362,4.9341
0.015411,0.0024414,4.9329
0.015106,0.0015259,4.9353
0.014954,-0.00015259,4.9329
0.015869,-0.0019836,4.9304
0.016327,-0.0012207,4.9219
0.016327,-0.00091553,4.928
0.016632,0,4.9304
0.01709,-0.00015259,4.9207
0.018158,-0.0016785,4.9231
0.019073,-0.0033569,4.9243
0.019073,-0.0047302,4.9243
0.020142,-0.0045776,4.9255
0.019226,-0.0036621,4.9231
0.019684,-0.002594,4.9194
0.019531,-0.0019836,4.9207
0.019684,-0.0032043,4.9158
0.019379,-0.0045776,4.9097
0.020905,-0.0057983,4.9036
0.020142,-0.0028992,4.9109
0.021973,-0.0048828,4.9097
0.023041,-0.0039673,4.9109
0.023041,-0.0024414,4.9109
0.023041,-0.0033569,4.9097
0.022888,-0.004425,4.9109
0.023041,-0.0035095,4.9048
0.023346,-0.00030518,4.9133
0.023346,-0.00076294,4.9084
0.022888,0.0010681,0.040283
0.023804,0.002594,0.042725
0.023041,0.0019836,0.045166
0.023193,0.00076294,0.053711
0.023499,-0.0016785,0.048828
0.024567,-0.0030518,0.058594
0.024719,-0.002594,0.05127
0.024567,-0.0024414,0.042725
0.024719,-0.0018311,0.057373
0.02655,-0.0013733,0.057373
0.023041,-0.0012207,0.056152
0.022125,-0.0013733,0.061035
0.021973,-0.0027466,0.058594
0.02182,-0.0033569,0.065918
0.021973,-0.002594,0.059814
0.022125,-0.0021362,0.062256
0.021362,-0.0054932,0.057373
0.023193,-0.0022888,0.064697
0.02121,-0.0032043,0.063477
0.020905,-0.0041199,0.063477
0.020447,-0.0047302,0.067139
0.019531,-0.0035095,0.067139
0.019226,-0.0027466,0.067139
0.018463,-0.0018311,0.065918
0.016479,-0.0015259,0.070801
0.016327,-0.002594,0.062256
0.014954,-0.0038147,0.059814
0.014648,-0.0053406,0.056152
0.014801,-0.0053406,0.057373
0.014343,-0.0048828,0.05127
0.015564,-0.0039673,0.057373
0.015869,-0.0035095,0.047607
0.015869,-0.0041199,0.05127
0.016937,-0.0033569,0.043945
0.018158,-0.0027466,0.047607
0.018921,-0.00045776,0.048828
0.021057,-0.0010681,0.047607
0.02121,-0.00091553,0.042725
0.02121,-0.0016785,0.042725
0.021057,-0.0032043,0.056152
0.020142,-0.0041199,0.039063
0.020447,-0.004425,0.048828
0.020294,-0.0038147,0.036621
0.019836,-0.0019836,0.028076
0.020599,-0.00015259,0.037842
0.020599,0.0013733,0.037842
0.019836,0.0021362,0.040283
0.020142,0.0019836,0.039063
0.019836,0.0015259,0.036621
0.019836,0.00091553,0.042725
0.019684,0.0010681,0.041504
0.020142,0.00015259,0.039063
0.019531,-0.0012207,0.045166
0.019989,-0.0022888,0.05127
0.023041,-0.0018311,0.05127
0.020905,-0.0012207,0.054932
0.021515,0.00061035,0.064697
0.023956,0.0022888,0.057373
0.024719,-0.00015259,0.057373
0.025635,0.0045776,0.061035
0.025024,0.0041199,0.067139
0.024261,0.0035095,0.061035
0.023499,0.002594,0.042725
0.023193,0.0022888,0.059814
0.023651,0.0021362,0.058594
0.023651,0.0013733,0.059814
0.024109,-0.00015259,0.062256
0.023804,-0.0015259,0.061035
0.02243,-0.0030518,0.068359
0.022125,-0.0033569,0.063477
0.022125,-0.0022888,0.068359
0.02243,-0.0013733,0.062256
0.02182,-0.0027466,0.063477
0.021515,-0.00030518,0.062256
0.020447,-0.0013733,0.062256
0.019836,-0.0071716,0.067139
0.019379,-0.0032043,0.057373
0.019226,-0.0045776,0.058594
0.019379,-0.0041199,0.050049
0.019226,-0.0033569,0.03418
0.019226,-0.002594,0.048828
0.019226,-0.0016785,0.045166
0.019073,-0.0012207,0.043945
0.018311,-0.00076294,0.043945
0.019073,-0.00030518,0.048828
0.019226,0.00015259,0.041504
0.020447,-0.002594,0.041504
0.02243,0.0041199,0.043945
0.024109,0.0024414,0.036621
0.026245,0.0016785,0.041504
0.027008,0.00061035,0.043945
0.028229,0,0.042725
0.028229,-0.00030518,0.037842
0.030365,-0.00076294,0.041504
0.027618,-0.0010681,0.039063
0.027161,-0.00045776,0.040283
0.026093,-0.00091553,0.041504
0.024567,-0.0010681,0.039063
0.023651,-0.00045776,0.0354
0.023346,-0.00030518,0.042725
0.026245,0.00015259,0.046387
0.02533,0.00045776,0.047607
0.02594,-0.00015259,0.048828
0.027313,-0.0016785,0.050049
0.027313,-0.0028992,0.057373
0.024414,-0.0027466,0.056152
0.025177,-0.0012207,0.061035
0.024261,-0.00015259,0.059814
0.024567,0.00061035,0.061035
0.024261,0.00030518,0.059814
0.024872,-0.00045776,0.061035
0.024719,-0.00061035,0.074463
0.024261,-0.00076294,0.061035
0.024261,-0.00015259,0.062256
0.025787,0.0015259,0.059814
0.028076,0.002594,0.048828
0.03006,0.0032043,0.062256
0.032654,0.0028992,0.064697
0.032501,0.0028992,3.2751
0.032196,0.0032043,4.8291
0.031433,0.0033569,4.9219
0.03067,0.0042725,4.9316
0.030518,0.0039673,4.9292
0.029602,0.0024414,4.928
0.027771,0.005188,4.9243
0.026245,0.0035095,4.9255
0.02533,0.0042725,4.9231
0.024567,0.0053406,4.9255
0.024567,0.0067139,4.9182
0.023193,0.007782,4.9182
0.02594,0.0085449,4.9255
0.027161,0.0080872,4.9194
0.027008,0.0073242,4.9243
0.027161,0.0064087,4.9133
0.02655,0.0053406,4.9011
0.025635,0.0038147,4.9121
0.022583,0.0039673,4.9146
0.022888,0.002594,4.9109
0.021973,0.0018311,4.9109
0.020905,0.00091553,4.9097
0.019531,0.00045776,4.9097
0.018311,0.0012207,4.9048
0.019073,0.0028992,4.9109
0.019226,0.0045776,4.9097
0.019989,0.0056458,4.9121
0.02121,0.0054932,4.9109
0.020905,0.0045776,4.9158
0.021515,0.0024414,4.9231
0.020599,0.00091553,4.9194
0.020294,-0.00045776,4.9207
0.019836,-0.0010681,4.9194
0.019531,-0.00076294,4.9158
0.019073,-0.00030518,4.9243
0.018921,-0.00091553,4.9243
0.020905,0.00030518,4.9268
0.019684,0.00015259,4.928
0.019684,0.00015259,4.9316
0.019989,0.00061035,4.9329
0.020752,0.00076294,4.9304
0.021362,0.0016785,4.9353
0.021362,0.0010681,4.9292
0.02121,0.0022888,4.9329
0.021362,-0.0010681,4.9329
0.022278,-0.0018311,4.9329
0.02243,-0.0015259,4.9341
0.024872,-0.00061035,4.9365
0.023804,0.00015259,4.9402
0.024261,0.0010681,4.9365
0.023804,0.00061035,4.9451
0.023193,0.0024414,4.9341
0.023193,0.0030518,4.9194
0.023193,0.0036621,4.928
0.023346,0.00045776,4.9268
0.020294,0.005188,4.9255
0.02243,0.0048828,4.9243
0.022125,0.0041199,4.9182
0.022278,0.002594,4.9219
0.02182,0.0035095,4.9182
0.02182,0.0035095,4.9182
0.022125,0.0032043,4.9146
0.021667,0.005188,4.9182
0.021515,0.0035095,4.9133
0.020752,0.0032043,4.9158
0.020599,0.0027466,4.9219
0.020599,0.0030518,4.9133
0.019684,0.0021362,4.9133
0.018921,0.0015259,4.9133
0.018463,0.0016785,4.8962
0.018005,0.00076294,4.9097
0.018158,0.00030518,4.9109
0.018311,0.00091553,4.9109
0.015564,0.0010681,4.9097
0.017853,0.0015259,4.9072
0.018005,0.0012207,4.9109
0.0177,0.00091553,4.9109
0.017242,0.0016785,4.9158
0.016937,0.00045776,4.9133
0.016632,0.00015259,4.9207
0.017242,0.0028992,4.9194
0.015717,0.00015259,4.9255
0.015106,0.00015259,4.9255
0.016479,0.00045776,4.928
0.011139,0.00076294,4.9292
0.01297,-0.00061035,4.9329
0.014191,0.0015259,4.9402
0.014496,0.0024414,4.9316
0.014954,0.0035095,4.9243
0.015411,0.004425,4.9316
0.016174,0.0041199,4.9316
0.016632,0.0039673,4.9268
0.016785,0.0033569,4.9329
0.015259,0.0022888,4.9329
0.014801,0.0015259,4.9353
0.015564,0.0016785,4.939
0.014496,0.00091553,4.9329
0.014191,0.0015259,4.9353
0.014191,0.0019836,4.9365
0.012665,0.0013733,4.9329
0.01297,0.0021362,4.9329
0.013275,0.0010681,4.939
0.013428,0.0036621,4.9329
0.013428,0.0012207,4.9243
0.013123,0.0019836,4.9243
0.01358,0.0024414,4.9109
0.013123,0.0019836,4.9182
0.012665,0.0018311,4.9182
0.01236,0.00030518,4.9158
0.013733,0,0.047607
0.01709,0.00061035,0.042725
0.015411,0.0021362,0.045166
0.016327,0.0038147,0.040283
0.016937,0.004425,0.029297
0.016174,0.0054932,0.029297
0.016479,0.0045776,0.041504
0.016785,0.0036621,0.042725
0.018158,0.0024414,0.043945
0.017853,0.0028992,0.040283
0.017853,0.0030518,0.040283
0.018921,0.0027466,0.042725
0.018921,-0.00030518,0.041504
0.018311,0.0024414,0.045166
0.017548,0.0024414,0.041504
0.017853,0.0027466,0.030518
0.017853,0.0042725,0.045166
0.0177,0.0053406,0.043945
0.017242,0.0053406,0.048828
0.01709,0.0048828,0.050049
0.016632,0.0039673,0.05249
0.016785,0.0028992,0.058594
0.015869,0.002594,0.053711
0.019684,0.0022888,0.058594
0.016785,0.0030518,0.061035
0.017242,0.0039673,0.063477
0.016937,0.0039673,0.061035
0.018463,0.0042725,0.062256
0.015106,0.0033569,0.076904
0.016327,0.0050354,0.062256
0.016174,0.0067139,0.064697
0.017853,0.007782,0.063477
0.019226,0.0074768,0.047607
0.019989,0.0067139,0.064697
0.020599,0.0057983,0.067139
0.020447,0.004425,0.067139
0.020905,0.0039673,0.065918
0.02121,0.0030518,0.061035
0.02121,0.0022888,0.063477
0.019684,0.00076294,0.058594
0.018463,-0.00076294,0.059814
0.01709,-0.0018311,0.053711
0.016022,-0.0024414,0.056152
0.015411,-0.002594,0.05127
0.013733,-0.0024414,0.05249
0.014648,-0.0042725,0.05249
0.016479,-0.0041199,0.047607
0.016479,-0.0057983,0.05127
0.017853,-0.0059509,0.042725
0.019226,-0.0062561,0.053711
0.019379,-0.0061035,0.041504
0.019531,-0.0054932,0.041504
0.019379,-0.0047302,0.041504
0.020142,-0.0045776,0.037842
0.022125,-0.0041199,0.039063
0.022583,-0.0036621,0.037842
0.023346,-0.0027466,0.032959
0.023804,-0.0033569,0.039063
0.024261,-0.0027466,0.037842
0.024872,-0.0028992,0.042725
0.026398,-0.0028992,0.03418
0.027924,-0.0028992,0.037842
0.028992,-0.0024414,0.042725
0.029297,-0.0027466,0.045166
0.029602,-0.0024414,0.05249
0.029144,-0.0027466,0.047607
0.028381,-0.0032043,0.056152
0.028229,-0.0016785,0.048828
0.028076,-0.00030518,0.042725
0.027313,0.00076294,0.054932
0.026855,0.0018311,0.057373
0.026703,0.0010681,0.056152
0.024261,0.00076294,0.057373
0.02182,-0.00076294,0.058594
0.019531,-0.0021362,0.062256
0.018005,-0.0028992,0.058594
0.017548,-0.0041199,0.065918
0.0177,-0.0050354,0.058594
0.017853,-0.0064087,0.062256
0.015869,-0.0076294,0.063477
0.016174,-0.0076294,0.065918
0.015106,-0.0068665,0.063477
0.016022,-0.0050354,0.068359
0.016022,-0.0032043,0.072021
0.017548,-0.0013733,0.065918
0.018158,0.00045776,0.074463
0.019379,0.0013733,0.061035
0.019226,0.0021362,0.054932
0.018463,0.0015259,0.054932
0.017548,0.00061035,0.057373
0.0177,-0.00030518,0.05249
0.0177,-0.0018311,0.050049
0.017853,-0.0022888,0.045166
0.0177,-0.002594,0.053711
0.01709,-0.0030518,0.043945
0.016327,-0.0033569,0.046387
0.015869,-0.004425,0.042725
0.016327,-0.0059509,0.046387
0.018616,-0.0057983,0.043945
0.019684,-0.0047302,0.041504
0.021057,-0.0032043,0.047607
0.02121,-0.0024414,0.041504
0.02121,-0.0024414,0.03418
0.020294,-0.002594,0.037842
0.019684,-0.0047302,0.021973
0.019989,-0.00091553,0.036621
0.019531,0.00076294,0.039063
0.019379,0.0019836,0.037842
0.019379,0.0028992,0.029297
0.019379,0.0027466,0.036621
0.020447,0.0030518,0.042725
0.02182,0.0028992,0.041504
0.024261,0.0035095,0.0354
0.02655,0.0016785,0.042725
0.028229,0.002594,0.05249
0.030212,0.0010681,0.05127
0.030518,-0.0013733,0.053711
0.031128,-0.0018311,0.2832
0.030365,-0.0030518,4.6606
0.030823,-0.0041199,4.9133
0.030518,-0.0035095,4.9268
0.030518,-0.0024414,4.9402
0.030365,-0.0016785,4.9316
0.029449,-0.0010681,4.9219
0.030212,-0.00015259,4.9304
0.029755,-0.0010681,4.928
0.029907,-0.002594,4.9268
0.031738,-0.0036621,4.9304
0.032043,-0.0039673,4.9329
0.032959,-0.0042725,4.9353
0.033875,-0.0038147,4.9316
0.036469,-0.0036621,4.9365
0.032196,-0.0039673,4.9341
0.030975,-0.0038147,4.9353
0.030365,-0.0012207,4.9304
0.028229,-0.0036621,4.9341
0.026855,-0.0021362,4.9329
0.024872,-0.0010681,4.9304
0.020752,-0.00015259,4.9243
0.025024,-0.00076294,4.9219
0.023041,-0.0013733,4.9243
0.024261,-0.0030518,4.9207
0.026398,-0.0032043,4.9146
0.027008,-0.0028992,4.9158
0.027924,-0.0028992,4.9146
0.027313,-0.00091553,4.9084
0.027771,-0.0027466,4.9121
0.025482,-0.0033569,4.906
0.023651,-0.0038147,4.9097
0.023346,-0.0030518,4.8865
0.022583,-0.0028992,4.9084
0.022583,-0.0019836,4.9097
0.023651,-0.0013733,4.9133
0.025024,-0.0022888,4.9072
0.026855,-0.00045776,4.9109
0.028687,-0.00030518,4.9231
0.029297,0.00045776,4.9072
0.032501,0,4.9182
0.033417,0.00045776,4.9146
0.031891,0.00076294,4.8962
0.029144,0.0015259,4.8926
0.025635,0.00091553,4.9158
0.022583,0.0010681,4.917
0.019379,0.0012207,4.9207
0.021515,0.0016785,4.9194
0.017548,0.0016785,4.9255
0.016937,0.0019836,4.9304
0.019531,0.0018311,4.9292
0.021362,0.00030518,4.9255
0.023041,0.00015259,4.9341
0.023956,-0.0010681,4.9304
0.026245,-0.0010681,4.9353
0.026093,-0.00091553,4.9377
0.025787,0.00030518,4.9304
0.024719,0.0024414,4.9304
0.026093,0.0038147,4.9329
0.02243,0.0048828,4.9341
0.021362,0.0050354,4.9353
0.02243,0.0071716,4.928
0.023346,0.0073242,4.9377
0.024414,0.0080872,4.9329
0.02655,0.0082397,4.9097
0.028229,0.0050354,4.9353
0.028839,0.0057983,4.9316
0.028992,0.0036621,4.9292
0.027924,0.0016785,4.9255
0.027161,-0.0010681,4.928
0.025635,0.00045776,4.9194
0.024872,0.0012207,4.9207
0.022888,0.0012207,4.9182
0.021667,0.0015259,4.9219
0.020294,0.0015259,4.9255
0.019226,0.00030518,4.9231
0.019531,-0.00061035,4.9231
0.021362,-0.00061035,4.9133
0.023651,0.00015259,4.906
0.025482,0.0021362,4.9133
0.025177,0.0028992,4.9121
0.024567,0.0039673,4.9072
0.024872,0.0027466,4.9121
0.024567,0.0021362,4.9097
0.024261,0.0012207,4.9097
0.024414,0.0010681,4.906
0.024719,0.0024414,4.9121
0.023499,0.0035095,4.9072
0.022888,0.0039673,4.9133
0.020905,0.0028992,4.9133
0.020599,0.00045776,4.9146
0.021362,-0.0015259,4.9158
0.02121,-0.0028992,4.9207
0.02121,-0.0038147,4.917
0.019684,-0.0038147,4.9194
0.015564,-0.0038147,4.9231
0.017395,-0.0050354,4.928
0.016174,-0.0064087,4.9146
0.013428,-0.0080872,4.928
0.015564,-0.0085449,4.9292
0.016327,-0.0074768,4.9304
0.015869,-0.0057983,4.9316
0.015717,-0.0041199,4.9182
0.014496,-0.004425,4.9353
0.017548,-0.0019836,4.9304
0.019379,-0.0018311,4.9316
0.021667,-0.0019836,4.9304
0.024567,-0.0015259,4.9353
0.02533,0.00076294,0.085449
0.025024,0.0015259,0.067139
0.025635,0.0022888,0.079346
0.025635,0.0022888,0.067139
0.02655,0.002594,0.070801
0.027008,0.00045776,0.063477
0.027924,0.0022888,0.043945
0.027313,0.0016785,0.058594
0.026093,0.0013733,0.05127
0.023956,0,0.053711
0.023346,-0.0013733,0.05127
0.02243,-0.0022888,0.046387
0.021667,-0.0022888,0.050049
0.02121,-0.0018311,0.047607
0.019989,-0.0010681,0.048828
0.017853,0.00091553,0.042725
0.016479,0.0015259,0.043945
0.016022,0.0022888,0.042725
0.015869,0.0028992,0.043945
0.016327,0.0033569,0.046387
0.016327,0.0028992,0.041504
0.017395,0.0035095,0.037842
0.017853,0.0032043,0.041504
0.01709,0.0033569,0.030518
0.015564,0.0030518,0.037842
0.015106,0.0033569,0.032959
0.014496,0.0030518,0.039063
0.013733,0.0036621,0.037842
0.014191,0.004425,0.040283
0.014648,0.0053406,0.041504
0.015259,0.0067139,0.041504
0.015411,0.0056458,0.046387
0.015411,0.0080872,0.047607
0.016174,0.0071716,0.050049
0.016785,0.0054932,0.05127
0.017548,0.0036621,0.057373
0.018921,0.0022888,0.053711
0.017242,0.002594,0.061035
0.016479,0.0036621,0.064697
0.014343,0.0047302,0.062256
0.013123,0.0056458,0.073242
0.011597,0.0050354,0.062256
0.010986,0.0039673,0.050049
0.010986,0.0050354,0.062256
0.010529,0.004425,0.059814
0.010986,0.0062561,0.059814
0.010986,0.0067139,0.061035
0.010986,0.0067139,0.062256
0.011597,0.0061035,0.063477
0.011749,0.0035095,0.064697
0.011749,0.0024414,0.06958
0.011749,0.0018311,0.061035
0.011444,0.0018311,0.065918
0.010071,0.0027466,0.062256
0.0086975,0.0027466,0.063477
0.0086975,0.0028992,0.062256
0.0088501,0.0021362,0.057373
0.009613,-0.00045776,0.056152
0.010681,-0.00015259,0.048828
0.011749,0.00076294,0.05127
0.01358,0.0022888,0.048828
0.015564,0.0036621,0.048828
0.017853,0.005188,0.045166
0.019379,0.0050354,0.045166
0.020905,0.0035095,0.043945
0.02182,0.0032043,0.042725
0.02243,0.0022888,0.037842
0.023804,0.0022888,0.042725
0.021973,0.0035095,0.0354
0.023499,0.0035095,0.03418
0.021973,0.0038147,0.041504
0.021515,0.0042725,0.043945
0.021057,0.004425,0.037842
0.019073,0.0033569,0.059814
0.019379,0.0041199,0.053711
0.018616,0.0041199,0.039063
0.018768,0.0033569,0.047607
0.017853,0.0028992,0.043945
0.016785,0.0015259,0.025635
0.016022,0,0.040283
0.015564,0.00076294,0.042725
0.014343,-0.0016785,0.047607
0.013885,-0.00076294,0.050049
0.012207,0.00045776,0.05127
0.01236,0.0010681,0.056152
0.011597,0.00076294,0.057373
0.012817,0,0.059814
0.011749,-0.00091553,0.056152
0.016632,-0.0013733,0.062256
0.019226,0.00076294,0.062256
0.02243,0.0028992,0.057373
0.025482,0.0038147,0.06958
0.025787,0.0057983,0.063477
0.02594,0.0062561,0.059814
0.025635,0.0056458,0.063477
0.026855,0.0050354,0.075684
0.024567,0.0059509,0.064697
0.023956,0.0067139,0.05127
0.022125,0.005188,0.065918
0.020294,0.0056458,0.065918
0.019226,0.0035095,0.059814
0.017548,0.0010681,0.053711
0.018616,0,0.057373
0.018311,0.00015259,0.058594
0.018005,0.0022888,0.054932
0.018005,0.0047302,0.054932
0.017395,0.0041199,0.046387
0.016785,0.0022888,0.05249
0.015411,-0.00091553,0.046387
0.01358,-0.0024414,0.05127
0.013275,-0.005188,0.053711
0.012665,-0.0028992,0.045166
0.013885,-0.00015259,0.042725
0.014496,0.0032043,0.042725
0.016327,0.0033569,0.031738
0.017395,0.0022888,0.040283
0.018311,0.00061035,0.041504
0.020447,-0.0013733,0.039063
0.022736,0.00030518,1.1572
0.025177,0.0018311,4.6875
0.025177,0.0045776,4.8938
0.028534,0.0050354,4.9036
0.029297,0.0028992,4.9109
0.028992,0.00061035,4.9048
0.027008,-0.0015259,4.9121
0.026855,-0.0033569,4.9109
0.025635,-0.0016785,4.9146
0.026093,0.00015259,4.9109
0.026855,0.0021362,4.9194
0.023346,0.0033569,4.917
0.021973,0.0033569,4.9194
0.019836,0.0015259,4.9316
0.018463,-0.00015259,4.928
0.019379,-0.00045776,4.9146
0.019989,0.00045776,4.9255
0.020294,0.0021362,4.928
0.020294,0.0021362,4.9316
0.020294,0.0018311,4.9292
0.019226,0.00015259,4.9255
0.017242,-0.00030518,4.9353
0.0177,0.00015259,4.9292
0.018311,0.00091553,4.9316
0.018616,0.0012207,4.9292
0.019531,0.0030518,4.9438
0.020599,0.0021362,4.9329
0.020599,0.00045776,4.9365
0.020447,-0.00045776,4.9475
0.021362,-0.0024414,4.9353
0.022125,-0.0013733,4.9304
0.023041,-0.00076294,4.9329
0.026093,-0.00061035,4.9243
0.023193,-0.00091553,4.928
0.023499,-0.0032043,4.9255
0.021515,-0.005188,4.9243
0.019531,-0.0068665,4.9158
0.020447,-0.0062561,4.9194
0.019379,-0.0042725,4.9207
0.018921,-0.00091553,4.9146
0.017853,-0.0030518,4.9158
0.016632,-0.0019836,4.9048
0.016479,-0.0036621,4.9158
0.016022,-0.0039673,4.9158
0.016327,-0.0036621,4.9146
0.016174,-0.0022888,4.9097
0.016632,-0.00030518,4.9158
0.017853,0.00091553,4.917
0.018463,-0.00045776,4.9109
0.019989,-0.0024414,4.9207
0.019989,-0.0053406,4.9084
0.021057,-0.007019,4.9023
0.02121,-0.0064087,4.9097
0.020905,-0.0048828,4.9109
0.022125,-0.0050354,4.9109
0.021973,-0.0039673,4.9084
0.02243,-0.0042725,4.9109
0.022736,-0.0064087,4.9158
0.023346,-0.0068665,4.9146
0.024261,-0.0050354,4.9255
0.025024,-0.0030518,4.917
0.027161,-0.0018311,4.9243
0.02655,-0.00045776,4.9255
0.027466,-0.00045776,4.9292
0.024872,-0.0016785,4.9402
0.023651,-0.0033569,4.9316
0.022888,-0.0048828,4.9353
0.023193,-0.004425,4.9329
0.022583,-0.0038147,4.9304
0.024414,-0.0027466,4.9304
0.019073,-0.0019836,4.928
0.017548,-0.0027466,4.9292
0.016174,-0.0042725,4.9304
0.016327,-0.0057983,4.9377
0.01709,-0.0054932,4.9353
0.0177,-0.0041199,4.9341
0.019379,-0.0032043,4.9377
0.018768,-0.0022888,4.9353
0.018616,-0.0038147,4.9353
0.018311,-0.0056458,4.9304
0.019073,-0.0074768,4.9316
0.020599,-0.0085449,4.9255
0.022583,-0.0079346,4.9268
0.02243,-0.0057983,4.9341
0.02243,-0.0042725,4.9231
0.021057,-0.0033569,4.9304
0.020294,-0.0035095,4.9182
0.019379,-0.0048828,4.9158
0.021515,-0.0045776,4.9146
0.023346,-0.0030518,4.917
0.025482,-0.0013733,4.9109
0.027008,0.0015259,4.9146
0.026855,0.0022888,4.9097
0.02655,0.00076294,4.9133
0.025787,-0.00076294,4.906
0.025482,-0.0019836,4.9109
0.02594,-0.0038147,4.9097
0.02594,-0.0022888,4.9158
0.024109,-0.00045776,4.9097
0.021667,0.00076294,4.9158
0.019989,0.00076294,4.9268
0.018921,-0.00076294,4.9133
0.018463,-0.0028992,4.9133
0.019836,-0.0033569,4.9109
0.022736,-0.002594,4.895
0.024109,-0.00061035,4.9158
0.024109,0.0012207,4.917
0.023956,0.00045776,4.9194
0.023346,-0.00045776,-0.076904
0.023804,-0.00076294,0.05249
0.024719,-0.0013733,0.057373
0.026093,0.00045776,0.059814
0.027924,0.002594,0.059814
0.02655,0.005188,0.059814
0.025787,0.0064087,0.064697
0.02655,0.0064087,0.062256
0.026703,0.0062561,0.064697
0.028992,0.0053406,0.065918
0.030975,0.0053406,0.063477
0.032806,0.0053406,0.061035
0.032959,0.0056458,0.059814
0.033264,0.0064087,0.068359
0.031281,0.0062561,0.063477
0.029907,0.007782,0.062256
0.028687,0.0082397,0.067139
0.028534,0.007782,0.064697
0.028839,0.0079346,0.061035
0.028229,0.007782,0.059814
0.026703,0.0065613,0.057373
0.02594,0.0074768,0.059814
0.025024,0.0074768,0.053711
0.025482,0.0076294,0.053711
0.02655,0.0076294,0.046387
0.027771,0.0064087,0.050049
0.028992,0.0067139,0.05249
0.027008,0.0071716,0.05127
0.026245,0.0086975,0.054932
0.023651,0.010223,0.048828
0.022583,0.011292,0.05127
0.022888,0.011292,0.042725
0.023956,0.0099182,0.028076
0.025635,0.0088501,0.041504
0.026703,0.0083923,0.040283
0.026245,0.0076294,0.039063
0.026093,0.0080872,0.039063
0.025024,0.0086975,0.039063
0.024261,0.0080872,0.041504
0.024109,0.005188,0.037842
0.024414,0.0047302,0.041504
0.024567,0.0033569,0.0354
0.023346,0.0024414,0.042725
0.02243,0.0016785,0.042725
0.021667,-0.00015259,0.043945
0.02121,-0.00061035,0.042725
0.020752,-0.0013733,0.046387
0.024261,-0.0019836,0.047607
0.026093,-0.0015259,0.050049
0.026398,-0.00045776,0.062256
0.028229,0.00061035,0.056152
0.025787,0.0015259,0.045166
0.024719,0.002594,0.057373
0.025024,0.0030518,0.062256
0.026093,0.002594,0.061035
0.028076,0.0032043,0.061035
0.029297,0.0028992,0.05127
0.030365,0.0027466,0.064697
0.028534,0.0047302,0.061035
0.028229,0.0048828,0.061035
0.028076,0.0054932,0.061035
0.030823,0.0056458,0.067139
0.03006,0.0041199,0.063477
0.030365,0.0021362,0.065918
0.029297,0.00045776,0.081787
0.026703,0.0012207,0.065918
0.024567,0.0015259,0.062256
0.022125,0.0022888,0.064697
0.021362,0.0016785,0.047607
0.024719,0.00045776,0.056152
0.022736,-0.00061035,0.054932
0.021973,-0.00015259,0.05127
0.020905,0.0016785,0.050049
0.020599,0.00091553,0.047607
0.019684,0.0012207,0.05127
0.020142,0.00076294,0.046387
0.021515,-0.0018311,0.047607
0.024872,-0.0012207,0.037842
0.025024,-0.0019836,0.042725
0.024109,-0.00061035,0.040283
0.021515,-0.00030518,0.043945
0.018311,0.00045776,0.040283
0.016174,0.00015259,0.040283
0.016327,-0.0012207,0.046387
0.018768,-0.0013733,0.042725
0.020447,-0.0021362,0.050049
0.020905,-0.002594,0.036621
0.020447,-0.0033569,0.030518
0.020294,-0.0030518,0.037842
0.019379,-0.0038147,0.040283
0.020905,-0.0038147,0.041504
0.022278,-0.0064087,0.042725
0.024261,-0.0041199,0.039063
0.023651,-0.0036621,0.046387
0.021362,-0.002594,0.046387
0.018463,-0.0015259,0.05127
0.016327,-0.00076294,0.05127
0.016632,0.00045776,0.054932
0.018616,0.0021362,0.059814
0.020905,0.0030518,0.058594
0.023804,0.0030518,0.06958
0.023804,0.0039673,0.059814
0.023346,0.00091553,0.063477
0.020294,-0.00030518,0.058594
0.019379,-0.0016785,0.062256
0.018921,-0.0010681,0.061035
0.019684,-0.002594,0.057373
0.020447,-0.0015259,0.058594
0.019531,-0.0018311,0.062256
0.0177,-0.0059509,0.062256
0.015106,-0.002594,0.057373
0.01297,-0.0018311,0.064697
0.013733,-0.0012207,0.067139
0.015411,0.00015259,0.062256
0.018158,-0.00030518,0.067139
0.020599,-0.0010681,0.062256
0.020599,-0.0010681,0.062256
0.019684,-0.002594,0.054932
0.018463,-0.0021362,2.9553
0.018158,-0.0013733,4.8157
0.018768,-0.0012207,4.9109
0.018158,-0.00076294,4.9268
0.020142,0,4.917
0.019684,0.002594,4.9036
0.01709,-0.00091553,4.9109
0.014343,-0.0010681,4.9194
0.012207,-0.00076294,4.9182
0.012665,0.00015259,4.9146
0.014343,0.00045776,4.9084
0.017853,-0.00045776,4.9121
0.019073,-0.0016785,4.9072
0.019379,-0.0024414,4.9158
0.018768,-0.0032043,4.9072
0.015717,-0.0018311,4.9133
0.015869,-0.00076294,4.9084
0.015564,0.00030518,4.9109
0.016327,0.00030518,4.9133
0.016632,-0.00091553,4.9097
0.014648,-0.0018311,4.9084
0.015411,-0.0021362,4.9121
0.012207,-0.00045776,4.9084
0.012512,0.0015259,4.9109
0.015717,0.0041199,4.9072
0.018005,0.0048828,4.9207
0.02121,0.0038147,4.9182
0.023193,0.0022888,4.917
0.023193,0.0013733,4.928
0.021667,0.0012207,4.9255
0.019989,0.0038147,4.9329
0.019989,0.0053406,4.928
0.021057,0.0041199,4.9316
0.022125,0.0032043,4.9304
0.022125,0.00091553,4.9304
0.020905,-0.0010681,4.9292
0.018921,-0.00030518,4.9316
0.01709,0.0016785,4.939
0.016022,0.004425,4.9329
0.016327,0.0048828,4.9414
0.016785,0.0028992,4.9365
0.0177,-0.00061035,4.9243
0.016937,-0.0041199,4.9353
0.015717,-0.0067139,4.9341
0.013885,-0.0061035,4.9304
0.012512,-0.0045776,4.9341
0.01236,-0.0028992,4.9292
0.013123,-0.0028992,4.928
0.015106,-0.0041199,4.9231
0.014496,-0.0054932,4.9255
0.014038,-0.0059509,4.9182
0.01236,-0.005188,4.9231
0.011139,-0.00076294,4.9207
0.01236,0.0016785,4.9255
0.015259,0.0013733,4.9194
0.018311,0.0018311,4.917
0.022125,-0.0010681,4.9158
0.02243,-0.0032043,4.9109
0.021973,-0.0033569,4.9109
0.021362,-0.0018311,4.9133
0.020599,0.0016785,4.9158
0.021515,0.0042725,4.9109
0.023346,0.0048828,4.9133
0.02533,0.0027466,4.9109
0.024719,0.0010681,4.9109
0.023651,0.00045776,4.906
0.021057,0.0022888,4.9109
0.018616,0.0050354,4.9072
0.018768,0.0079346,4.9109
0.019531,0.0074768,4.9097
0.020294,0.0065613,4.9158
0.019531,0.0033569,4.9121
0.017395,0.0015259,4.9182
0.014801,0.0015259,4.9316
0.012207,0.0033569,4.9207
0.011139,0.0050354,4.9292
0.012054,0.0059509,4.9292
0.013123,0.004425,4.9109
0.014648,0.0019836,4.9268
0.014496,-0.00015259,4.9316
0.011597,-0.00091553,4.9304
0.011597,0.00091553,4.9304
0.0097656,0.0038147,4.9304
0.010223,0.0062561,4.9329
0.011292,0.0062561,4.9304
0.01297,0.0041199,4.9341
0.012665,0.00045776,4.9292
0.011749,-0.0013733,4.9329
0.010071,-0.0021362,4.9341
0.0099182,0.00061035,4.9353
0.010986,0.002594,4.9426
0.013123,0.0024414,4.939
0.015411,0.0021362,4.9329
0.015869,-0.00091553,4.9341
0.016632,-0.0024414,4.9365
0.016022,-0.0016785,4.928
0.013885,0.0015259,4.9292
0.012512,0.0048828,4.9243
0.01358,0.0057983,4.9255
0.015259,0.0056458,4.917
0.018005,0.0021362,4.9207
0.018921,-0.00091553,4.917
0.018005,-0.002594,4.9182
0.018005,-0.00091553,4.9121
0.016174,0.0019836,4.9182
0.016632,0.0039673,4.9146
0.017853,0.0035095,4.9158
0.018768,0.0024414,4.9121
0.019073,-0.00076294,4.9146
0.017853,-0.0015259,0.037842
0.016785,-0.00015259,0.040283
0.014496,-0.00015259,0.054932
0.014496,0.0018311,0.041504
0.016327,0.0018311,0.030518
0.019684,0.00045776,0.037842
0.02182,-0.00076294,0.040283
0.023346,-0.0019836,0.037842
0.023041,-0.00045776,0.041504
0.023651,0.00015259,0.039063
0.023651,0.0022888,0.042725
0.024872,0.0038147,0.03418
0.026093,0.0036621,0.05249
0.029907,0.0016785,0.046387
0.030975,0,0.057373
0.029907,-0.00045776,0.061035
0.028381,0.00015259,0.061035
0.027924,0.0028992,0.065918
0.028381,0.004425,0.062256
0.030518,0.0074768,0.063477
0.032043,0.0038147,0.062256
0.032959,0.0013733,0.062256
0.032196,-0.00076294,0.062256
0.030365,-0.00091553,0.050049
0.027161,0.00045776,0.059814
0.025787,0.0018311,0.062256
0.025787,0.0039673,0.063477
0.02594,0.002594,0.065918
0.025787,0.0010681,0.062256
0.025787,-0.00091553,0.067139
0.024719,-0.0021362,0.062256
0.022278,0,0.068359
0.022583,0.002594,0.061035
0.022888,0.0039673,0.061035
0.025177,0.0035095,0.058594
0.027771,0.0027466,0.057373
0.029144,-0.00030518,0.067139
0.029449,-0.0018311,0.053711
0.027313,-0.0013733,0.056152
0.027008,0.00076294,0.05127
0.026855,0.0028992,0.03418
0.028687,0.005188,0.046387
0.030518,0.0047302,0.041504
0.030975,0.0030518,0.040283
0.030212,0.0013733,0.043945
0.027924,0.00061035,0.036621
0.02655,0.0016785,0.042725
0.025024,0.0030518,0.037842
0.026245,0.0035095,0.040283
0.027466,0.0030518,0.037842
0.029449,0.00045776,0.042725
0.029449,-0.0010681,0.040283
0.028534,-0.0019836,0.042725
0.024719,-0.0010681,0.042725
0.025024,0.0015259,0.041504
0.024872,0.004425,0.040283
0.028229,0.0036621,0.040283
0.027313,0.0041199,0.036621
0.027313,0.0012207,0.041504
0.027008,0,0.041504
0.025177,-0.0027466,0.047607
0.024719,0.00061035,0.05127
0.02594,0.0027466,0.050049
0.028229,0.0035095,0.058594
0.03006,0.002594,0.05249
0.032349,0.00076294,0.058594
0.032501,-0.00076294,0.059814
0.030975,-0.00076294,0.062256
0.028992,0.0012207,0.062256
0.028534,0.0042725,0.062256
0.028687,0.0071716,0.061035
0.030365,0.0091553,0.063477
0.030212,0.0085449,0.068359
0.029297,0.0076294,0.061035
0.028534,0.0067139,0.072021
0.027771,0.0071716,0.064697
0.02533,0.0082397,0.056152
0.024719,0.009613,0.068359
0.02533,0.009613,0.063477
0.026703,0.0064087,0.062256
0.027161,0.0039673,0.062256
0.027313,0.0019836,0.058594
0.025482,0.00030518,0.057373
0.023651,0.0027466,0.05249
0.022278,0.0041199,0.057373
0.021667,0.0047302,0.046387
0.02121,0.0059509,0.050049
0.023346,0.0047302,0.05127
0.022125,0.0036621,0.050049
0.021973,0.0024414,0.046387
0.019531,0.0028992,0.045166
0.019379,0.0027466,0.047607
0.018768,0.0032043,0.042725
0.019073,0.0024414,0.043945
0.020294,0.0016785,0.040283
0.019989,0.00091553,0.046387
0.019684,-0.00045776,0.036621
0.018311,0.00030518,0.039063
0.017853,0.0013733,0.040283
0.016479,0.0030518,0.040283
0.016785,0.0030518,0.03418
0.018768,0.00091553,0.039063
0.020599,-0.00030518,0.037842
0.022125,-0.0027466,0.039063
0.022278,-0.0035095,0.041504
0.023193,-0.0033569,0.045166
0.023499,-0.0021362,0.042725
0.023804,-0.00045776,0.040283
0.027313,-0.00045776,0.062256
0.027771,0.00015259,0.05127
0.029907,0.00015259,0.057373
0.030975,-0.00015259,0.056152
0.028229,0.00061035,0.043945
0.030365,0.0028992,0.058594
0.029907,0.0042725,0.057373
0.030518,0.0042725,0.062256
0.032654,0.0035095,0.061035
0.033264,0.00076294,0.058594
0.034027,-0.0015259,4.1895
0.032654,-0.002594,4.8816
0.031281,-0.0022888,4.9255
0.028992,0.00045776,4.9268
0.029297,0.0035095,4.9353
0.027008,0.0050354,4.9365
0.026703,0.0045776,4.9377
0.027313,0.0036621,4.9377
0.027313,0.0010681,4.9377
0.027008,0.00076294,4.9377
0.02655,0.0013733,4.9219
0.026245,0.0018311,4.9414
0.027161,0.0019836,4.9268
0.027008,0.0019836,4.9182
0.027466,0,4.9231
0.02655,-0.0019836,4.9207
0.023804,-0.0033569,4.9194
0.02243,-0.00030518,4.9194
0.019989,0.0012207,4.917
0.018463,0.0019836,4.917
0.018158,0.00030518,4.9109
0.018768,-0.0015259,4.9158
0.019531,-0.0035095,4.9109
0.020752,-0.0057983,4.9158
0.020447,-0.004425,4.9133
0.021057,-0.0016785,4.9133
0.020447,0.00091553,4.9158
0.020142,0.0024414,4.9109
0.019226,0.0021362,4.9133
0.0177,0.00015259,4.9084
0.016785,-0.002594,4.8999
0.015869,-0.0035095,4.9182
0.016327,-0.0021362,4.906
0.015717,-0.00076294,4.9072
0.016174,-0.0032043,4.9109
0.016022,-0.00015259,4.9097
0.017242,-0.0012207,4.9133
0.017395,-0.002594,4.9121
0.018463,-0.0033569,4.9207
0.018616,-0.002594,4.9207
0.018311,-0.00030518,4.9255
0.018768,0.0016785,4.9255
0.018463,0.0012207,4.9292
0.018005,0.0013733,4.9268
0.018616,0.00061035,4.9304
0.0177,-0.0016785,4.9341
0.018311,-0.0013733,4.9316
0.0177,-0.0010681,4.9414
0.0177,0.00015259,4.9329
0.017548,0.00061035,4.917
0.016937,0.00015259,4.9304
0.016327,-0.00076294,4.9353
0.016327,-0.0019836,4.9341
0.016937,-0.0022888,4.9316
0.016937,-0.0024414,4.9316
0.0177,-0.0015259,4.9377
0.018463,-0.0012207,4.9341
0.019226,-0.0019836,4.9353
0.019379,-0.0024414,4.928
0.018921,-0.004425,4.9329
0.019226,-0.005188,4.9255
0.01709,-0.0047302,4.9304
0.019379,-0.0030518,4.9365
0.018768,-0.0012207,4.9097
0.018311,-0.002594,4.9207
0.018158,-0.0012207,4.9207
0.018158,-0.0024414,4.9011
0.019531,-0.0033569,4.9133
0.019226,-0.0022888,4.9158
0.023041,-0.0028992,4.9182
0.022888,-0.0013733,4.9146
0.023041,-0.0036621,4.9084
0.021973,-0.002594,4.9109
0.019989,-0.0036621,4.9121
0.017853,-0.0050354,4.9121
0.0177,-0.00015259,4.906
0.016022,-0.0018311,4.9146
0.016022,-0.00015259,4.9109
0.015869,0.0013733,4.9084
0.015106,0.00045776,4.9084
0.016022,0.00015259,4.9121
0.016632,-0.0010681,4.9121
0.018921,-0.0013733,4.9133
0.020599,-0.00076294,4.9194
0.021057,0.00030518,4.9109
0.020905,0.0019836,4.9133
0.016174,0.0030518,4.9219
0.019531,0.0024414,4.9231
0.018311,0.0018311,4.9219
0.018616,0.0012207,4.9255
0.017853,-0.00015259,4.9219
0.016937,0.0010681,4.9304
0.016785,0.0016785,4.9292
0.017242,0.0015259,4.9353
0.0177,0.00091553,4.9316
0.016327,0.00015259,4.9329
0.016632,-0.0010681,4.9304
0.014954,-0.0021362,4.9329
0.015259,-0.0021362,4.939
0.015259,-0.0013733,4.9341
0.016022,-0.00076294,4.9353
0.016479,0.00045776,4.9377
0.014954,-0.00015259,4.9316
0.014343,-0.00061035,4.9353
0.01358,-0.0013733,4.9329
0.01236,-0.0015259,4.9316
0.01358,-0.0010681,4.9377
0.016022,0,4.9304
0.016022,0.0018311,4.928
0.016785,0.00091553,0.054932
0.017853,0.00061035,0.054932
0.019531,-0.0012207,0.046387
0.021057,0.0016785,0.048828
0.022125,-0.00061035,0.05249
0.024872,0.0010681,0.05127
0.026245,0.0027466,0.043945
0.02533,0.0032043,0.042725
0.025177,0.0036621,0.05249
0.023956,0.0033569,0.043945
0.023499,0.0038147,0.047607
0.023041,0.004425,0.042725
0.022125,0.0059509,0.030518
0.021973,0.0064087,0.0354
0.022278,0.0057983,0.041504
0.020752,0.0041199,0.040283
0.021515,0.002594,0.037842
0.022125,0.0016785,0.037842
0.022125,0.0013733,0.040283
0.022278,0.0021362,0.039063
0.021973,0.0024414,0.041504
0.020447,0.0038147,0.041504
0.015259,0.0018311,0.045166
0.016937,0.00045776,0.047607
0.015564,0.00015259,0.05249
0.015564,0.00015259,0.067139
0.015259,0.0012207,0.05249
0.015564,-0.00015259,0.059814
0.015259,-0.00030518,0.057373
0.014496,-0.0012207,0.043945
0.013428,-0.0018311,0.057373
0.012512,-0.0010681,0.062256
0.013123,-0.00030518,0.062256
0.015564,0.00091553,0.057373
0.013733,0.0021362,0.058594
0.014954,0.0019836,0.062256
0.016479,0.0013733,0.061035
0.016479,0.00076294,0.064697
0.016479,0.0015259,0.061035
0.016632,0.002594,0.067139
0.017853,0.0071716,0.064697
0.018463,0.0059509,0.070801
0.017853,0.0054932,0.072021
0.01709,0.0054932,0.068359
0.015869,0.0059509,0.067139
0.015106,0.0053406,0.059814
0.015411,0.0053406,0.070801
0.015106,0.0054932,0.056152
0.017548,0.005188,0.063477
0.018005,0.0045776,0.05127
0.018768,0.0038147,0.05127
0.017853,0.0028992,0.046387
0.016632,0.0027466,0.047607
0.015564,0.0036621,0.046387
0.013275,0.004425,0.047607
0.012817,0.0053406,0.041504
0.010681,0.0047302,0.045166
0.010223,0.0041199,0.036621
0.010681,0.0036621,0.042725
0.0097656,0.0012207,0.042725
0.011139,0.0019836,0.042725
0.014343,0.0021362,0.046387
0.016174,0.0032043,0.042725
0.018616,0.0035095,0.047607
0.019684,0.0022888,0.039063
0.020447,0.00091553,0.030518
0.020599,0,0.037842
0.020294,0,0.037842
0.020752,0.00091553,0.039063
0.021667,0.0022888,0.042725
0.023041,0.0030518,0.041504
0.024109,0.0030518,0.048828
0.023956,0.002594,0.047607
0.025177,0.0022888,0.05249
0.025787,0.0032043,0.050049
0.027466,0.0036621,0.057373
0.029297,0.0036621,0.058594
0.03006,0.0041199,0.061035
0.029602,0.0036621,0.058594
0.028839,0.0022888,0.063477
0.026245,0.0015259,0.063477
0.02533,0.0010681,0.059814
0.024109,0.0010681,0.072021
0.024261,0.0015259,0.063477
0.024567,0.0015259,0.048828
0.024109,0.0015259,0.058594
0.024719,0.0013733,0.064697
0.024261,0.00091553,0.064697
0.024719,0.00061035,0.065918
0.024872,0.00045776,0.064697
0.02594,0.00091553,0.067139
0.028229,0.0015259,0.061035
0.028534,0.0016785,0.065918
0.028381,0.0022888,0.059814
0.028229,0.0027466,0.061035
0.027161,0.0036621,0.056152
0.026398,0.0045776,0.056152
0.026703,0.0053406,0.063477
0.027618,0.0050354,0.05127
0.029297,0.0036621,0.047607
0.029602,0.0018311,0.047607
0.029907,0.00045776,0.030518
0.03067,0.00015259,0.043945
0.031891,0,0.041504
0.031586,0.00030518,0.042725
0.031891,0.0015259,0.041504
0.031738,0.0024414,0.039063
0.030518,0.0028992,0.040283
0.029602,0.0024414,0.036621
0.027466,0.0021362,0.040283
0.025635,0.0018311,0.039063
0.024567,0.0021362,0.041504
0.024109,0.002594,0.039063
0.024261,0.002594,0.040283
0.024872,0.0016785,0.039063
0.026093,0.00030518,0.041504
0.027008,-0.00076294,0.046387
0.028076,-0.0015259,2.7905
0.028534,-0.00030518,4.7949
0.028229,0.00076294,4.9036
0.029602,0.002594,4.9084
0.029602,0.0030518,4.917
0.031738,0.0024414,4.9194
0.029297,0.0022888,4.9207
0.028992,0.0024414,4.928
0.029602,0.0035095,4.928
0.03006,0.0053406,4.9304
0.031128,0.007019,4.9304
0.033417,0.0076294,4.9341
0.033569,0.0061035,4.9292
0.034637,0.004425,4.9329
0.034027,0.0041199,4.9329
0.03418,0.004425,4.9316
0.034637,0.0061035,4.9414
0.032501,0.0076294,4.9365
0.032196,0.0076294,4.9353
0.031586,0.0080872,4.9377
0.03067,0.0056458,4.939
0.030518,0.0047302,4.9377
0.029907,0.004425,4.9353
0.03067,0.0057983,4.9304
0.031586,0.0045776,4.9316
0.029907,0.0047302,4.928
0.030365,0.0050354,4.928
0.027771,0.0035095,4.9243
0.02655,0.0039673,4.9255
0.025024,0.0039673,4.9194
0.023651,0.0036621,4.9219
0.023041,0.0041199,4.9207
0.022125,0.004425,4.9207
0.022583,0.0041199,4.9109
0.023499,0.0027466,4.9194
0.020294,0.0010681,4.9255
0.019836,-0.00030518,4.9146
0.019531,-0.0016785,4.9207
0.019989,-0.0027466,4.9133
0.02121,-0.0010681,4.8999
0.02121,0,4.9084
0.022125,0.00076294,4.9072
0.019684,0.00091553,4.9109
0.02182,0.0010681,4.9084
0.02182,0.00045776,4.9048
0.022736,0.00045776,4.9097
0.024261,0.00091553,4.9084
0.025635,0.0010681,4.9133
0.027008,0.0010681,4.9084
0.028229,0.00076294,4.9158
0.026703,0,4.9146
0.027618,-0.00015259,4.9219
0.027618,0.00015259,4.9304
0.029144,0.00061035,4.9231
0.027771,0.00030518,4.9231
0.026093,0.00030518,4.9292
0.024872,0.0053406,4.9268
0.024567,-0.00076294,4.9304
0.023499,-0.0013733,4.9377
0.023346,-0.0036621,4.9304
0.023041,-0.0042725,4.9304
0.023041,-0.0035095,4.928
0.022888,-0.0027466,4.9304
0.022888,-0.0012207,4.9304
0.023193,-0.0012207,4.9316
0.023651,-0.00030518,4.9304
0.024109,-0.00061035,4.9377
0.025177,-0.00061035,4.9365
0.026093,0,4.9353
0.025482,-0.0016785,4.9341
0.025482,-0.0015259,4.9353
0.026398,0,4.9426
0.026703,-0.0015259,4.9377
0.027161,-0.0013733,4.9353
0.027008,-0.0010681,4.9268
0.027466,0.00030518,4.9133
0.026398,0.0013733,4.9231
0.026703,0.0024414,4.906
0.026093,0.0035095,4.9146
0.02533,0.0039673,4.9194
0.02655,0.0027466,4.917
0.026245,0.0013733,4.9158
0.025787,0.00015259,4.9121
0.027008,-0.00045776,4.9133
0.023041,-0.00030518,4.9084
0.02182,-0.00061035,4.9146
0.019989,-0.00030518,4.906
0.019226,0.00091553,4.9133
0.018616,0.0015259,4.9072
0.017548,0.0021362,4.9121
0.016785,0.0032043,4.9084
0.016327,0.0018311,4.9097
0.016327,0.0015259,4.9097
0.017242,0.00061035,4.9182
0.017548,0.00076294,4.9121
0.019073,0.0021362,4.9084
0.019379,0.0024414,4.9121
0.018463,0.0033569,4.9146
0.017548,0.0032043,4.9158
0.015869,0.0021362,4.9158
0.014343,0.0032043,4.9207
0.016479,0.002594,4.9219
0.012665,0.0036621,4.9268
0.012665,0.0041199,4.9255
0.01236,0.0039673,4.9304
0.015259,0.0041199,4.9304
0.013428,0.00091553,4.9329
0.01358,0.00030518,4.9377
0.014801,-0.0032043,4.9329
0.016937,-0.00030518,4.9377
0.0177,0.00045776,0.10498
0.018616,0.00076294,0.040283
0.018158,0.00076294,0.058594
0.016785,0.00030518,0.062256
0.015869,0,0.064697
0.015869,0.00045776,0.065918
0.013733,0.00076294,0.061035
0.016785,0.0016785,0.064697
0.017548,0.0028992,0.063477
0.018158,0.0027466,0.062256
0.016937,0.0022888,0.059814
0.017242,0.0010681,0.059814
0.017548,0.00030518,0.056152
0.018768,0.0016785,0.053711
0.019379,0.00091553,0.063477
0.019226,0.0019836,0.05127
0.019531,0.0022888,0.048828
0.018158,0.0022888,0.05249
0.016479,0.00091553,0.042725
0.015106,0.00045776,0.041504
0.014343,-0.00015259,0.045166
0.01358,-0.00076294,0.041504
0.014496,-0.00091553,0.041504
0.014954,-0.0013733,0.0354
0.016785,-0.0012207,0.039063
0.017395,-0.00045776,0.036621
0.017548,0.0022888,0.039063
0.018768,0.0024414,0.036621
0.020142,0.0033569,0.045166
0.020752,0.005188,0.037842
0.022125,0.0053406,0.041504
0.02243,0.0056458,0.039063
0.02182,0.0048828,0.043945
0.020752,0.0041199,0.05127
0.018158,0.0024414,0.042725
0.016632,0.0012207,0.063477
0.015106,0.00045776,0.046387
0.014801,-0.00076294,0.040283
0.014954,-0.0012207,0.050049
0.014954,-0.0012207,0.05249
0.014648,-0.0010681,0.05127
0.014191,-0.0012207,0.054932
0.014343,-0.00076294,0.056152
0.015106,-0.0012207,0.058594
0.017395,-0.0010681,0.056152
0.018921,-0.0019836,0.062256
0.019684,-0.0015259,0.058594
0.018158,-0.0010681,0.063477
0.017548,-0.0010681,0.062256
0.016174,-0.00061035,0.059814
0.015259,-0.0012207,0.065918
0.014038,0.00030518,0.063477
0.015411,0.0021362,0.064697
0.016632,0.0030518,0.067139
0.019226,0.0027466,0.074463
0.020905,0.0024414,0.067139
0.023041,0.0018311,0.064697
0.025482,0.00091553,0.065918
0.02533,0,0.062256
0.028687,0.00076294,0.054932
0.029602,0.00091553,0.056152
0.028839,0.0013733,0.05249
0.027618,0.0013733,0.05127
0.024719,0.00091553,0.050049
0.022583,0.00030518,0.048828
0.019073,0,0.048828
0.019379,-0.00030518,0.048828
0.018921,-0.00015259,0.045166
0.019531,-0.00030518,0.043945
0.02121,-0.00015259,0.053711
0.02182,-0.0012207,0.042725
0.022888,-0.0016785,0.047607
0.023651,-0.00091553,0.040283
0.025177,-0.00015259,0.025635
0.026398,0.00061035,0.036621
0.027466,0.0021362,0.040283
0.027618,0.0030518,0.040283
0.027618,0.0030518,0.039063
0.026855,0.0030518,0.03418
0.025024,0.0027466,0.037842
0.023499,0.0027466,0.039063
0.022583,0.0038147,0.042725
0.021667,0.0039673,0.042725
0.021362,0.0036621,0.047607
0.021515,0.0016785,0.045166
0.020294,0.00045776,0.05127
0.019836,-0.0013733,0.053711
0.019989,-0.0015259,0.054932
0.020752,-0.00045776,0.05249
0.02121,0.0010681,0.056152
0.02182,0.0021362,0.062256
0.021362,0.0032043,0.058594
0.020752,0.0032043,0.05249
0.020142,0.002594,0.061035
0.019531,0.0018311,0.062256
0.018463,0.0019836,0.059814
0.018768,0.0030518,0.063477
0.018463,0.0041199,0.059814
0.018158,0.0039673,0.059814
0.016022,0.0038147,0.062256
0.019226,0.0030518,0.063477
0.019684,0.0013733,0.059814
0.019836,0,0.067139
0.021667,0.0015259,0.064697
0.021362,0.0013733,0.064697
0.021057,0.0019836,0.072021
0.020905,0.0010681,0.061035
0.017853,0.00076294,0.059814
0.016022,-0.00076294,0.053711
0.015259,0,0.042725
0.015106,-0.0019836,0.05249
0.015717,-0.0012207,0.048828
0.017853,-0.00045776,0.045166
0.019073,0.00045776,0.047607
0.021362,0.00030518,0.046387
0.023956,0.00015259,0.045166
0.025635,0.00061035,0.047607
0.028229,0.0015259,4.2603
0.028687,0.0038147,4.8657
0.028381,0.0054932,4.9072
0.028534,0.0061035,4.9109
0.026398,0.0041199,4.9121
0.025635,0.0045776,4.906
0.024414,0.0033569,4.9121
0.025177,0.0021362,4.9146
0.026093,0.0021362,4.9097
0.027008,0.0028992,4.9158
0.028534,0.0033569,4.9133
0.028687,0.0027466,4.9011
0.028687,0.00030518,4.9109
0.027618,-0.0015259,4.9121
0.026703,-0.0038147,4.9133
0.028534,-0.0038147,4.9048
0.02243,-0.0030518,4.9182
0.022583,-0.0019836,4.9207
0.020752,-0.00030518,4.9207
0.019989,-0.00030518,4.9255
0.020142,-0.0027466,4.9231
0.020905,-0.0050354,4.9304
0.023041,-0.0056458,4.9329
0.024261,-0.0047302,4.9329
0.026245,-0.0027466,4.9402
0.027313,-0.00091553,4.9353
0.027161,-0.00076294,4.9268
0.026703,0.00045776,4.9329
0.026398,0.00061035,4.9292
0.027008,-0.00076294,4.9304
0.028534,0.0018311,4.9341
0.027771,0.0030518,4.9353
0.028534,0.0039673,4.9341
0.028992,0.0042725,4.9329
0.029144,0.0036621,4.9377
0.029602,0.0015259,4.9341
0.029602,-0.0022888,4.9329
0.029297,-0.0053406,4.9255
0.029144,-0.0027466,4.9304
0.028534,-0.0018311,4.9255
0.027618,-0.0012207,4.9255
0.024567,-0.00045776,4.9207
0.02243,-0.0013733,4.9255
0.020905,-0.0016785,4.9268
0.024109,-0.0022888,4.9207
0.02182,-0.002594,4.9292
0.022583,-0.0021362,4.9146
0.023956,-0.0018311,4.9036
0.024567,-0.0030518,4.9133
0.023499,-0.0032043,4.9133
0.02594,-0.0038147,4.9084
0.027008,-0.007019,4.9097
0.028534,-0.0036621,4.906
0.029144,-0.0024414,4.9121
0.029449,-0.00030518,4.906
0.029755,0.0018311,4.9109
0.029449,0.0048828,4.9084
0.029755,0.0038147,4.9109
0.03067,0.0033569,4.8999
0.029144,0.0027466,4.9146
0.032501,0.0018311,4.917
0.033417,0.0021362,4.9158
0.03418,0.0022888,4.917
0.035706,0.0015259,4.9158
0.034637,0.0016785,4.9158
0.033112,0.0015259,4.9231
0.032806,-0.00015259,4.9231
0.032501,0.0012207,4.9219
0.030365,0.0015259,4.9231
0.029144,0.0024414,4.9146
0.026703,0.0028992,4.928
0.027008,0.0039673,4.9268
0.026245,0.0045776,4.9353
0.025482,0.0038147,4.9316
0.025635,-0.00030518,4.9329
0.026703,0.0038147,4.9329
0.026855,0.0042725,4.9341
0.027008,0.004425,4.9304
0.027313,0.0048828,4.9377
0.024719,0.0041199,4.9414
0.023651,0.0032043,4.9377
0.022583,0.0028992,4.9451
0.02121,0.0028992,4.9377
0.020599,0.0035095,4.9194
0.020294,0.0039673,4.9316
0.019836,0.0054932,4.9353
0.020142,0.0047302,4.9292
0.020294,0.0047302,4.928
0.020905,0.0038147,4.9207
0.02243,0.0028992,4.9231
0.023193,0.0027466,4.9207
0.023956,0.0041199,4.9158
0.022583,0.0033569,4.9158
0.023346,0.0027466,4.917
0.022583,0.0022888,4.917
0.021515,0.00091553,4.9194
0.021362,0.00045776,4.9231
0.020294,0.00045776,4.9158
0.019073,0.00015259,4.9097
0.018158,0.00015259,4.9133
0.0177,0.0010681,4.895
0.018311,-0.00030518,4.9158
0.019073,-0.00091553,4.9097
0.018463,-0.0015259,4.9097
0.018921,-0.0016785,4.9097
0.019531,-0.0016785,4.906
0.019836,-0.00076294,4.9084
0.019073,-0.00076294,4.9084
0.019073,-0.00091553,4.9109
0.018921,-0.00061035,4.9097
0.018921,-0.0012207,4.9182
0.019379,-0.00061035,0.045166
0.020905,0.00015259,0.056152
0.02182,0.00030518,0.053711
0.023499,0.0013733,0.056152
0.024872,0.0019836,0.059814
0.027466,0.0018311,0.061035
0.028839,0.0010681,0.073242
0.029755,0.0010681,0.058594
0.03067,0.00061035,0.047607
0.030212,0.00091553,0.061035
0.03006,0.0022888,0.061035
0.028992,0.0022888,0.056152
0.028076,0.0036621,0.063477
0.027924,0.0041199,0.061035
0.027008,0.0032043,0.063477
0.027008,0.0033569,0.063477
0.027008,0.0033569,0.067139
0.027161,0.0028992,0.063477
0.025787,0.0030518,0.063477
0.024719,0.002594,0.065918
0.022888,0.0021362,0.067139
0.020752,0.0021362,0.070801
0.019684,0.0015259,0.061035
0.018311,0.0013733,0.057373
0.016632,0.00061035,0.056152
0.015106,0.0010681,0.046387
0.014191,0.00061035,0.05249
0.013885,0.0012207,0.046387
0.01358,0.0012207,0.048828
0.013733,0.00061035,0.046387
0.014954,0.00045776,0.046387
0.016479,0.00030518,0.045166
0.017548,0.0010681,0.041504
0.018616,0.0018311,0.040283
0.019989,0.0022888,0.039063
0.020599,0.0013733,0.040283
0.020294,0.00091553,0.045166
0.020142,0.00091553,0.042725
0.019531,0.0021362,0.036621
0.019989,0.0036621,0.043945
0.020142,0.0057983,0.048828
0.019989,0.0064087,0.040283
0.019531,0.0067139,0.048828
0.019073,0.0056458,0.036621
0.019684,0.0035095,0.031738
0.021667,0.0015259,0.037842
0.022278,0.0030518,0.041504
0.022888,0.0042725,0.045166
0.023956,0.0059509,0.043945
0.022736,0.0061035,0.046387
0.021515,0.0050354,0.05249
0.020599,0.0028992,0.053711
0.019684,0.0016785,0.057373
0.019226,0.0013733,0.056152
0.018921,0.0015259,0.062256
0.019073,0.0027466,0.059814
0.017548,0.0035095,0.065918
0.018768,0.0038147,0.078125
0.019531,0.0033569,0.063477
0.02121,0.0016785,0.058594
0.02243,0.0015259,0.059814
0.023651,0.0032043,0.061035
0.023804,0.0047302,0.057373
0.023956,0.0036621,0.062256
0.023041,0.0056458,0.062256
0.021515,0.0041199,0.062256
0.020905,0.0015259,0.062256
0.021973,-0.00030518,0.065918
0.021667,-0.0012207,0.062256
0.023346,-0.00061035,0.061035
0.024261,0.0010681,0.063477
0.02533,0.0027466,0.059814
0.024567,0.0024414,0.05249
0.023651,0.00061035,0.054932
0.023041,-0.0019836,0.053711
0.022583,-0.0021362,0.046387
0.021667,-0.0010681,0.056152
0.022125,0.0010681,0.050049
0.021667,0.0030518,0.058594
0.020599,0.0038147,0.045166
0.020294,0.0028992,0.037842
0.020447,0.00091553,0.030518
0.021362,-0.00061035,0.040283
0.022125,0,0.037842
0.023193,0.0019836,0.040283
0.025787,0.0036621,0.037842
0.023193,0.0038147,0.041504
0.022583,0.004425,0.037842
0.02121,0.0032043,0.042725
0.020447,0.0012207,0.039063
0.020599,0.0021362,0.042725
0.019379,0.0032043,0.042725
0.018616,0.0045776,0.043945
0.017548,0.0050354,0.046387
0.016479,0.004425,0.045166
0.015564,0.0016785,0.045166
0.015411,-0.00061035,0.046387
0.01358,-0.0016785,0.046387
0.016632,-0.0021362,0.047607
0.018463,-0.0010681,0.047607
0.020142,-0.00076294,0.05249
0.019989,-0.0010681,0.059814
0.019073,-0.0027466,0.058594
0.018768,-0.0053406,0.058594
0.019379,-0.0048828,0.058594
0.019226,-0.0068665,0.063477
0.020905,-0.0041199,0.058594
0.021667,0.00091553,0.053711
0.02182,0.00015259,0.059814
0.022888,0,0.064697
0.022736,-0.0018311,0.059814
0.023041,-0.004425,0.062256
0.024261,-0.0042725,0.076904
0.024414,-0.0024414,0.065918
0.026093,0.00030518,0.068359
0.025787,0.0024414,0.064697
0.025482,0.0019836,3.573
0.024109,0.00076294,4.8474
0.023346,-0.00061035,4.9109
0.023041,-0.0019836,4.9231
0.023804,-0.0010681,4.9255
0.02533,0.0012207,4.9207
0.02594,0.0041199,4.9231
0.027008,0.0048828,4.9194
0.027008,0.0050354,4.9182
0.026398,0.0041199,4.9109
0.026703,0.0010681,4.9158
0.025482,0.00091553,4.9158
0.024109,0.00076294,4.9182
0.022125,0.0013733,4.9158
0.019989,0.00015259,4.9133
0.01709,-0.00015259,4.9109
0.016632,-0.0015259,4.9109
0.016632,-0.0039673,4.906
0.016937,-0.0048828,4.9097
0.017395,-0.0035095,4.9048
0.018463,-0.00045776,4.9121
0.018921,0.0036621,4.9097
0.018005,0.0028992,4.9084
0.01709,0.0019836,4.906
0.016174,-0.0010681,4.9084
0.014496,-0.0030518,4.9109
0.013885,-0.0021362,4.9097
0.013885,0.00045776,4.917
0.01297,0.0033569,4.9158
0.013123,0.005188,4.9219
0.011902,0.004425,4.9207
0.01236,0.0019836,4.9255
0.013123,0.00061035,4.9377
0.014038,0.00015259,4.9304
0.014496,0.00061035,4.9426
0.014954,0.0016785,4.9316
0.010681,0.0015259,4.9255
0.011292,-0.0012207,4.9316
0.0093079,-0.0045776,4.9304
0.0082397,-0.0076294,4.928
0.0067139,-0.0082397,4.9304
0.0088501,-0.0076294,4.9304
0.0090027,-0.0059509,4.9353
0.010071,-0.0071716,4.9341
0.011902,-0.0019836,4.9365
0.013275,0,4.9243
0.015564,0.00015259,4.9402
0.018463,0.0036621,4.9377
0.019684,0.0013733,4.9353
0.021362,0.0030518,4.9304
0.022583,0.0041199,4.9341
0.021667,0.005188,4.9341
0.022125,0.0053406,4.9255
0.022583,0.0050354,4.9341
0.023193,0.004425,4.9219
0.023651,0.0038147,4.9158
0.026093,0.0038147,4.917
0.028076,0.0041199,4.9182
0.029755,0.0042725,4.9158
0.03067,0.0047302,4.9158
0.032043,0.0041199,4.9084
0.031586,0.0028992,4.917
0.031433,0.00076294,4.9097
0.030518,0,4.9097
0.028992,0.00045776,4.9097
0.026398,0.00030518,4.9182
0.023041,0.00045776,4.9072
0.019226,0,4.9121
0.017548,-0.0015259,4.9219
0.016479,-0.002594,4.9097
0.016174,-0.0036621,4.9121
0.018311,-0.0032043,4.9121
0.018921,-0.00076294,4.895
0.019836,0.00045776,4.9133
0.020294,0.0021362,4.9146
0.021057,0.0018311,4.9158
0.020294,0.0015259,4.9146
0.019989,0.00076294,4.9182
0.022125,0.002594,4.9243
0.02182,0.0039673,4.9243
0.02121,0.0019836,4.9268
0.020142,0.0041199,4.9255
0.020294,0.0028992,4.9341
0.022125,0.0012207,4.9329
0.023651,0.0012207,4.9365
0.027313,0.0012207,4.9353
0.030518,0.0022888,4.9316
0.031586,0.0038147,4.9353
0.031891,0.0035095,4.9316
0.029449,0.0027466,4.9426
0.028229,0.0018311,4.9316
0.026245,0.00015259,4.9219
0.025024,-0.00076294,4.9158
0.027008,-0.0013733,4.9353
0.026245,0,4.9329
0.02533,0.0016785,4.9365
0.023193,0.0019836,4.9316
0.022736,0.0018311,4.9304
0.023193,0.0016785,4.9133
0.022888,0.00030518,4.9292
0.024719,0.00091553,4.9219
0.026093,0.0013733,4.9243
0.02533,0.0022888,4.9207
0.023499,0.0021362,4.9255
0.022583,0.0019836,4.928
0.022736,0.0013733,4.9194
0.024109,0.00076294,4.9207
0.02655,0.0010681,4.9146
0.028534,0.0019836,4.8999
0.030823,0.0038147,4.9109
0.031281,0.0039673,0.045166
0.030975,0.0035095,0.0354
0.031738,0.0028992,0.041504
0.032654,0.0027466,0.040283
0.034637,0.0021362,0.037842
0.036316,0.0024414,0.037842
0.036926,0.0028992,0.043945
0.036774,0.0041199,0.039063
0.03479,0.0047302,0.039063
0.032501,0.0056458,0.040283
0.032501,0.0054932,0.042725
0.031891,0.007782,0.036621
0.031433,0.0062561,0.045166
0.031281,0.0061035,0.045166
0.030365,0.0054932,0.046387
0.025635,0.0056458,0.057373
0.024719,0.004425,0.053711
0.023193,0.0030518,0.047607
0.022583,0.0022888,0.054932
0.022736,0.0012207,0.059814
0.024109,0.00091553,0.062256
0.024567,0.0013733,0.061035
0.022125,0.0022888,0.057373
0.023346,0.0041199,0.065918
0.022736,0.0050354,0.058594
0.023041,0.005188,0.063477
0.023651,0.0053406,0.059814
0.025024,0.0047302,0.063477
0.025635,0.0033569,0.061035
0.024719,0.0024414,0.065918
0.023041,0.0015259,0.078125
0.022888,0.00015259,0.062256
0.02243,-0.00045776,0.065918
0.023651,-0.0024414,0.067139
0.024414,-0.0036621,0.045166
0.02655,-0.0048828,0.063477
0.026855,-0.0050354,0.056152
0.025635,-0.0056458,0.053711
0.023193,-0.0038147,0.054932
0.022278,-0.0036621,0.048828
0.021973,-0.0035095,0.050049
0.021667,-0.0039673,0.045166
0.023804,-0.0053406,0.047607
0.02533,-0.0054932,0.046387
0.025787,-0.0042725,0.045166
0.026093,-0.0039673,0.043945
0.02533,-0.002594,0.043945
0.026703,-0.0018311,0.043945
0.027618,-0.0019836,0.041504
0.030365,-0.0033569,0.043945
0.033264,-0.0047302,0.040283
0.033722,-0.005188,0.043945
0.032959,-0.0041199,0.0354
0.031281,-0.0038147,0.0354
0.030823,-0.0030518,0.039063
0.031586,-0.002594,0.042725
0.033569,-0.00076294,0.037842
0.035553,-0.0028992,0.039063
0.037079,-0.0027466,0.039063
0.03891,-0.0033569,0.042725
0.035858,-0.0030518,0.041504
0.033875,-0.0019836,0.050049
0.032806,-0.0012207,0.043945
0.033264,0.00030518,0.05249
0.03418,-0.00015259,0.054932
0.034485,-0.00045776,0.058594
0.033569,-0.0022888,0.068359
0.030823,-0.0010681,0.058594
0.027466,-0.00045776,0.063477
0.025482,0.00045776,0.062256
0.02533,0.0010681,0.054932
0.025787,0.0013733,0.061035
0.027008,-0.00061035,0.059814
0.025787,-0.0024414,0.058594
0.023956,-0.0064087,0.059814
0.021362,-0.0042725,0.059814
0.018768,-0.004425,0.061035
0.018158,-0.0027466,0.061035
0.018158,-0.0010681,0.068359
0.020752,-0.002594,0.062256
0.021667,-0.002594,0.068359
0.021667,-0.0035095,0.067139
0.019073,-0.0036621,0.064697
0.016479,-0.0022888,0.061035
0.014038,-0.00015259,0.061035
0.016174,-0.00091553,0.065918
0.018463,0.002594,0.054932
0.020905,0.0015259,0.061035
0.021515,0.00015259,0.05249
0.02182,-0.00045776,0.043945
0.019531,-0.00030518,0.043945
0.018768,0.0013733,0.048828
0.019379,0.0042725,0.039063
0.021057,0.0059509,0.042725
0.022736,0.0061035,0.036621
0.024414,0.0053406,0.041504
0.024261,0.0065613,0.039063
0.02243,0.007782,0.041504
0.020142,0.009613,0.037842
0.020294,0.0099182,0.043945
0.020752,0.0090027,0.039063
0.023041,0.0073242,0.041504
0.021057,0.0047302,0.05249
0.018921,0.0024414,0.040283
0.016327,0.0027466,0.040283
0.012817,0.0042725,0.040283
0.010681,0.0056458,0.024414
0.010376,0.0068665,0.040283
0.011292,0.0035095,0.042725
0.013733,0.0041199,0.042725
0.014496,0.0028992,0.047607
0.01358,0.0013733,0.048828
0.012054,0.0010681,0.05127
0.010986,0.0018311,0.05249
0.011902,0.0010681,0.059814
0.014343,0.0018311,0.057373
0.014801,-0.00015259,0.063477
0.016937,-0.0021362,2.6245
0.018921,-0.0028992,4.7925
0.016022,-0.0024414,4.9158
0.017548,0.00015259,4.9292
0.016937,0.0036621,4.9353
0.018921,0.0045776,4.9341
0.021057,0.0061035,4.9438
0.023346,0.0056458,4.9329
0.022888,0.0057983,4.9219
0.02121,0.0054932,4.9353
0.016022,0.0065613,4.9365
0.014496,0.0083923,4.9341
0.013123,0.0090027,4.9341
0.015259,0.007019,4.9329
0.015869,0.004425,4.9304
0.018005,0.0018311,4.9255
0.016937,0.00030518,4.9292
0.015564,0.00045776,4.9219
0.015259,0.00091553,4.9243
0.014191,0.00076294,4.9231
0.014954,0.0035095,4.9268
0.016632,0.0012207,4.9219
0.016785,0.00091553,4.9182
0.015717,0.0010681,4.9158
0.012054,0.0016785,4.9146
0.0090027,0.0039673,4.9109
0.0082397,0.0067139,4.9146
0.009613,0.0082397,4.9097
0.012207,0.0082397,4.9097
0.016327,0.0067139,4.9121
0.018768,0.0041199,4.9097
0.018463,0.0027466,4.9084
0.0177,0.0010681,4.906
0.016022,0.0012207,4.9109
0.014801,0.0033569,4.9072
0.014343,0.0041199,4.9121
0.013733,0.0022888,4.9109
0.014343,-0.00091553,4.9158
0.013123,-0.0028992,4.9097
0.010223,-0.0033569,4.9158
0.0090027,-0.00061035,4.9304
0.0088501,0.0028992,4.9207
0.011444,0.004425,4.9231
0.014648,0.0032043,4.928
0.018158,0.00061035,4.906
0.020447,-0.0018311,4.9268
0.020752,-0.0022888,4.9268
0.020599,-0.00076294,4.9329
0.019073,0.0018311,4.9304
0.018768,0.0038147,4.9292
0.018005,0.0033569,4.9353
0.019226,0.00091553,4.9316
0.019531,-0.0013733,4.9292
0.019226,-0.0030518,4.9292
0.018158,-0.0016785,4.9353
0.018616,0.0010681,4.9329
0.018311,0.0035095,4.9353
0.021057,0.0045776,4.9463
0.022888,0.0039673,4.9414
0.02533,0.0013733,4.9341
0.026703,-0.00061035,4.9353
0.026703,-0.0010681,4.9377
0.024719,0.00015259,4.9292
0.022888,0.0024414,4.9158
0.021515,0.002594,4.9219
0.021362,0.002594,4.9231
0.022278,0.00061035,4.9194
0.022888,-0.0016785,4.9207
0.023041,-0.0018311,4.917
0.019989,-0.0013733,4.9158
0.019836,0.002594,4.9109
0.019989,0.0053406,4.9182
0.021362,0.0062561,4.9158
0.023041,0.0047302,4.9182
0.024109,0.0021362,4.9109
0.023651,-0.00015259,4.9158
0.02121,-0.00030518,4.9207
0.017395,0.00030518,4.9133
0.014038,0.00076294,4.9231
0.012512,-0.00015259,4.9097
0.012817,-0.0021362,4.8987
0.01297,-0.0062561,4.9109
0.011902,-0.0088501,4.9084
0.011444,-0.010681,4.9084
0.0099182,-0.010071,4.9121
0.0099182,-0.0067139,4.9084
0.011749,-0.0053406,4.9109
0.011749,-0.0030518,4.9109
0.018921,-0.0035095,4.9194
0.020599,-0.0057983,4.8962
0.020294,-0.0064087,4.9219
0.020294,-0.0053406,4.9231
0.021057,-0.0028992,4.9304
0.022125,0,4.9329
0.023651,0.0018311,4.9292
0.025635,0.00045776,4.9292
0.026245,-0.0018311,4.9341
0.025024,-0.0042725,4.9365
0.020294,-0.0054932,4.9316
0.02243,-0.0045776,4.9194
0.021515,-0.0019836,4.9292
0.023346,-0.00091553,4.928
0.023804,0.00061035,4.9329
0.024719,-0.00030518,4.9353
0.024719,-0.0028992,4.9329
0.022278,-0.0019836,4.9304
0.018158,-0.0047302,4.9353
0.018616,-0.0010681,4.9365
0.018158,0.0019836,4.9316
0.019226,0.0024414,4.9341
0.020599,0.0028992,0.059814
0.021667,-0.00015259,0.056152
0.022736,-0.0024414,0.067139
0.02182,-0.0016785,0.056152
0.022583,-0.0010681,0.057373
0.024109,0.00045776,0.05249
0.026245,0.0012207,0.03418
0.029144,-0.00015259,0.046387
0.030975,-0.0028992,0.042725
0.032654,-0.0054932,0.043945
0.031891,-0.0061035,0.043945
0.029144,-0.0056458,0.039063
0.026855,-0.0024414,0.042725
0.026703,-0.00030518,0.039063
0.023804,-0.00061035,0.040283
0.028076,-0.0022888,0.039063
0.027466,-0.004425,0.042725
0.025635,-0.0061035,0.03418
0.025024,-0.0057983,0.041504
0.020294,-0.0032043,0.047607
0.019989,-0.0018311,0.041504
0.023956,0.0032043,0.039063
0.021973,-0.0041199,0.041504
0.022888,-0.0073242,0.032959
0.021515,-0.0083923,0.041504
0.020599,-0.0076294,0.036621
0.018768,-0.0053406,0.047607
0.018311,-0.0013733,0.046387
0.019989,0.00076294,0.046387
0.023346,0.0013733,0.054932
0.025482,0.00061035,0.056152
0.027161,0,0.059814
0.027618,-0.00030518,0.057373
0.027618,0.00061035,0.062256
0.028381,0.0036621,0.061035
0.03006,0.0054932,0.062256
0.032654,0.0038147,0.063477
0.034027,0.0022888,0.061035
0.034027,-0.0027466,0.065918
0.031891,-0.0054932,0.062256
0.027771,-0.0061035,0.073242
0.026398,-0.0056458,0.061035
0.025482,-0.0028992,0.05127
0.026093,-0.00030518,0.065918
0.027008,-0.0022888,0.065918
0.026703,-0.005188,0.063477
0.026703,-0.0074768,0.065918
0.026093,-0.0099182,0.061035
0.026093,-0.0064087,0.058594
0.025635,-0.0021362,0.056152
0.027008,-0.00061035,0.057373
0.03006,0.00015259,0.05127
0.03006,-0.0013733,0.05127
0.029144,-0.0021362,0.05249
0.028534,-0.0018311,0.05249
0.028229,-0.00030518,0.048828
0.027618,0.0021362,0.047607
0.029144,0.0050354,0.046387
0.031128,0.0073242,0.041504
0.03418,0.0054932,0.036621
0.035706,0.002594,0.040283
0.035858,0.0024414,0.040283
0.035248,0.0042725,0.037842
0.032654,0.0022888,0.041504
0.031738,0.0047302,0.037842
0.031891,0.0062561,0.039063
0.031738,0.0061035,0.036621
0.030975,0.0038147,0.041504
0.028839,0.0024414,0.037842
0.026398,0.0015259,0.041504
0.024414,0.0021362,0.039063
0.023651,0.002594,0.042725
0.023804,0.0045776,0.042725
0.024109,0.0047302,0.047607
0.024414,0.0033569,0.059814
0.025177,0.00045776,0.05127
0.024261,-0.0015259,0.063477
0.024719,-0.0015259,0.054932
0.021362,0.0012207,0.040283
0.02121,0.0047302,0.056152
0.021515,0.007782,0.058594
0.02121,0.0090027,0.058594
0.021667,0.0079346,0.061035
0.021362,0.0050354,0.058594
0.021057,0.0028992,0.062256
0.019989,0.0028992,0.059814
0.019226,0.0041199,0.061035
0.018768,0.0054932,0.058594
0.018768,0.005188,0.064697
0.020905,0.0033569,0.063477
0.021515,-0.00061035,0.067139
0.022736,-0.0036621,0.076904
0.022736,-0.0038147,0.065918
0.02121,-0.0018311,0.063477
0.019836,0.00061035,0.063477
0.019684,0.0033569,0.072021
0.021667,0.0018311,0.054932
0.022736,0,0.037842
0.023651,-0.0021362,0.054932
0.024109,-0.0015259,0.05127
0.024109,-0.0016785,0.047607
0.024261,0.00076294,0.050049
0.023804,0.0022888,0.032959
0.023956,0.0015259,0.050049
0.025482,0.0016785,0.043945
0.025635,-0.00076294,0.043945
0.02533,-0.0015259,0.040283
0.024567,-0.0012207,0.042725
0.023193,0.00091553,0.041504
0.02121,0.0038147,0.041504
0.024109,0.0047302,0.048828
0.022125,0.0047302,0.037842
0.023193,0.0022888,0.050049
0.023041,0.0010681,0.041504
0.023804,-0.00015259,0.028076
0.022888,0.0013733,0.039063
0.022278,0.0032043,0.037842
0.021362,0.0042725,4.0356
0.021515,0.005188,4.8547
0.021362,0.0035095,4.906
0.020447,0.0016785,4.9133
0.019684,0.00076294,4.9121
0.020142,0.0012207,4.9207
0.019684,0.0033569,4.9158
0.019531,0.0053406,4.9231
0.020752,0.0057983,4.9255
0.021515,0.0050354,4.928
0.022278,0.0028992,4.9268
0.020599,0.00045776,4.9304
0.0177,-0.00030518,4.9304
0.018463,-0.00045776,4.9329
0.015717,0.00061035,4.9402
0.013733,0.0012207,4.9353
0.011292,0.00076294,4.9219
0.010223,-0.00030518,4.9219
0.010834,-0.00091553,4.9292
0.010834,-0.00061035,4.9304
0.01236,0.00045776,4.9341
0.012207,0.0019836,4.9329
0.014343,0.0027466,4.9414
0.014648,0.0027466,4.9353
0.016327,0.0019836,4.9353
0.016022,0,4.9304
0.016479,-0.0013733,4.9341
0.016479,-0.00076294,4.9255
0.016022,0.00045776,4.9255
0.015717,0.0018311,4.9353
0.017548,0.0033569,4.9243
0.018005,0.0032043,4.9194
0.019531,0.002594,4.9182
0.02121,0.0021362,4.9048
0.024567,0.0050354,4.9146
0.023956,0.0047302,4.9182
0.023346,0.0059509,4.9146
0.023193,0.0086975,4.9158
0.022736,0.0047302,4.9109
0.022736,0.0033569,4.9133
0.021362,0.0012207,4.9109
0.020294,0.00045776,4.9121
0.020447,0.00091553,4.906
0.018616,0.0019836,4.9146
0.017853,0.0019836,4.9109
0.018158,0.0015259,4.9133
0.018158,0.00061035,4.9084
0.019073,-0.00061035,4.9109
0.019531,-0.00030518,4.9133
0.020905,0.00045776,4.9133
0.020599,0.00015259,4.9207
0.02121,0.00076294,4.9158
0.019684,0.0015259,4.9084
0.020447,0.0012207,4.9207
0.018921,0.0010681,4.9219
0.019379,0.00030518,4.9219
0.018005,-0.00061035,4.9255
0.019073,0.00045776,4.9243
0.019379,0.0015259,4.9292
0.019531,0.0016785,4.928
0.019226,0.0013733,4.9341
0.019684,0.00015259,4.9304
0.020294,-0.0016785,4.9329
0.020905,-0.0024414,4.9304
0.020294,-0.00076294,4.9329
0.019836,-0.00030518,4.939
0.019226,0.00030518,4.9365
0.017395,0.00045776,4.9365
0.015411,0.00045776,4.9341
0.014496,0.00015259,4.9329
0.014191,0.00030518,4.9377
0.012817,0.0015259,4.9353
0.015564,0.0024414,4.9329
0.016937,0.0036621,4.9353
0.018463,0.0012207,4.9304
0.018921,0.0022888,4.9304
0.019684,0.0012207,4.9243
0.019531,0.0013733,4.9268
0.020447,-0.0015259,4.9158
0.019226,0.00061035,4.9207
0.020905,0.0019836,4.9231
0.020447,0.0041199,4.9207
0.020142,0.004425,4.917
0.019226,0.0048828,4.9194
0.019379,0.0047302,4.9231
0.019379,0.004425,4.917
0.019989,0.0053406,4.9194
0.019836,0.0057983,4.9146
0.018768,0.0054932,4.9109
0.015259,0.0041199,4.9084
0.016632,0.0024414,4.9146
0.015869,0.00045776,4.9133
0.014954,-0.0012207,4.9084
0.014191,-0.0010681,4.9072
0.014191,-0.0018311,4.9084
0.012817,-0.0019836,4.9097
0.011749,-0.0050354,4.9109
0.010223,-0.0015259,4.9121
0.011749,-0.0018311,4.9158
0.013733,-0.00091553,4.9146
0.016327,-0.00076294,4.9207
0.019073,0.0012207,4.9341
0.020294,0.0013733,4.9243
0.022736,0.0019836,4.9304
0.02243,0.0019836,4.9304
0.023804,0.0018311,4.9158
0.024414,0.0021362,4.928
0.024109,0.0024414,4.928
0.023041,0.0030518,4.9304
0.023956,0.004425,0.063477
0.023193,0.0047302,0.061035
0.023804,0.0048828,0.062256
0.024261,0.0042725,0.061035
0.024872,0.0032043,0.054932
0.025024,0.0024414,0.061035
0.026245,0.0012207,0.068359
0.026703,0.0012207,0.064697
0.026093,0.0010681,0.065918
0.02533,0.0018311,0.067139
0.023804,0.00045776,0.061035
0.023346,0.0022888,0.065918
0.022583,0.0041199,0.062256
0.021362,0.004425,0.073242
0.02182,0.0039673,0.056152
0.020294,0.0033569,0.05127
0.019531,0.0028992,0.054932
0.01709,0.00061035,0.048828
0.015869,-0.00061035,0.047607
0.015411,-0.002594,0.048828
0.013885,-0.0036621,0.046387
0.012817,-0.0061035,0.043945
0.01358,-0.0057983,0.043945
0.010376,-0.0056458,0.043945
0.010071,-0.0059509,0.041504
0.009613,-0.0045776,0.042725
0.010071,-0.0033569,0.040283
0.010529,-0.0019836,0.045166
0.012512,-0.0013733,0.047607
0.012665,-0.00015259,0.041504
0.013733,-0.00045776,0.050049
0.015259,-0.0015259,0.040283
0.017395,-0.0028992,0.026855
0.019073,-0.0045776,0.039063
0.021515,-0.0045776,0.036621
0.022736,-0.0054932,0.037842
0.025482,-0.0065613,0.042725
0.023041,-0.007782,0.041504
0.024109,-0.0090027,0.043945
0.024261,-0.0094604,0.043945
0.022736,-0.0091553,0.050049
0.023346,-0.0086975,0.050049
0.023346,-0.0071716,0.053711
0.022736,-0.0054932,0.057373
0.023499,-0.0041199,0.061035
0.023346,-0.0024414,0.057373
0.023499,-0.0010681,0.059814
0.024567,0.00061035,0.062256
0.024872,0.0024414,0.063477
0.023651,0.0036621,0.070801
0.024414,0.0045776,0.061035
0.023041,0.0036621,0.05127
0.023956,0.0022888,0.061035
0.023193,0.00091553,0.062256
0.02243,-0.00030518,0.065918
0.022125,-0.00076294,0.064697
0.021973,-0.0027466,0.056152
0.020599,-0.0024414,0.067139
0.022583,-0.0016785,0.063477
0.022736,-0.0015259,0.064697
0.023041,-0.0016785,0.062256
0.023804,-0.0018311,0.063477
0.023499,-0.0010681,0.058594
0.025024,-0.00045776,0.054932
0.025787,-0.00045776,0.067139
0.026245,-0.0015259,0.05127
0.026398,-0.0030518,0.043945
0.024719,-0.0036621,0.047607
0.023346,-0.0039673,0.031738
0.02121,-0.0047302,0.045166
0.019989,-0.0030518,0.041504
0.019989,-0.002594,0.045166
0.019531,-0.0038147,0.040283
0.019073,-0.0057983,0.037842
0.018616,-0.0067139,0.041504
0.017853,-0.0082397,0.037842
0.017853,-0.0086975,0.037842
0.015869,-0.0085449,0.037842
0.017242,-0.0064087,0.043945
0.017395,-0.0045776,0.039063
0.018005,-0.0035095,0.041504
0.018311,-0.0028992,0.039063
0.019531,-0.0018311,0.039063
0.019989,-0.0016785,0.042725
0.021515,-0.00030518,0.042725
0.021515,0.0013733,0.054932
0.024872,0.0018311,0.042725
0.026093,0.0013733,0.042725
0.027008,0.00076294,0.048828
0.028229,0.00015259,0.047607
0.028534,-0.0012207,0.05127
0.028992,-0.00030518,0.056152
0.029297,-0.0018311,0.056152
0.029297,-0.00061035,0.061035
0.028534,0.00015259,0.056152
0.028229,0,0.063477
0.027771,-0.00030518,0.059814
0.027771,-0.00030518,0.063477
0.026703,-0.0010681,0.062256
0.024719,-0.0021362,0.064697
0.023499,-0.0018311,0.067139
0.02243,-0.0022888,0.061035
0.021057,-0.0019836,0.063477
0.020142,-0.0032043,0.063477
0.020142,-0.0038147,0.067139
0.020447,-0.0045776,0.062256
0.020599,-0.0039673,0.065918
0.020447,-0.0028992,0.062256
0.021057,-0.0018311,0.062256
0.02182,-0.00061035,0.059814
0.023804,0,0.057373
0.025024,-0.00061035,0.050049
0.027466,-0.00015259,0.053711
0.027313,0.00015259,0.048828
0.026855,0.00061035,0.05127
0.026855,0.00091553,0.05127
0.026703,0.0012207,0.046387
0.02655,0.00091553,0.045166
0.025787,0.0018311,4.4153
0.025177,0.0030518,4.8914
0.024261,0.0041199,4.9097
0.024414,0.004425,4.9182
0.024719,0.0065613,4.9109
0.026855,0.0068665,4.8975
0.027618,0.007019,4.9084
0.027924,0.0068665,4.9121
0.027924,0.0061035,4.9121
0.027771,0.0057983,4.9109
0.026703,0.0059509,4.9036
0.026245,0.0056458,4.9109
0.024261,0.0065613,4.9097
0.022736,0.0068665,4.9109
0.021362,0.0062561,4.9109
0.019684,0.0074768,4.9109
0.019073,0.0073242,4.9158
0.018921,0.0073242,4.9194
0.018921,0.0074768,4.9255
0.019073,0.0062561,4.9231
0.018921,0.0050354,4.9231
0.019226,-0.00091553,4.9268
0.019379,0.0015259,4.9292
0.0177,0.00030518,4.9292
0.017242,0,4.9158
0.016785,0.00030518,4.9365
0.013885,0.0010681,4.9304
0.014801,0.0016785,4.9292
0.014801,0.0021362,4.9304
0.016785,0.0019836,4.9316
0.017242,0.00076294,4.9304
0.019379,0.00076294,4.9304
0.020599,0.00045776,4.9365
0.021362,0.0015259,4.9341
0.023651,-0.00091553,4.9365
0.024109,-0.0018311,4.928
0.024261,-0.0036621,4.9341
0.024567,-0.0021362,4.9438
0.025482,-0.00076294,4.9329
0.025177,0.00061035,4.9329
0.024719,0.0036621,4.9194
0.025482,0.0016785,4.9158
0.02533,0.0012207,4.9231
0.024872,0.00091553,4.9231
0.026398,0.00091553,4.9194
0.025482,0.00030518,4.9194
0.026245,-0.00061035,4.9255
0.026703,-0.00091553,4.9133
0.027161,-0.0018311,4.9158
0.028076,-0.0019836,4.9158
0.027924,-0.00091553,4.9097
0.028534,0.00015259,4.9133
0.028992,0.0015259,4.9133
0.028076,0.002594,4.9133
0.027313,0.0033569,4.9109
0.02533,0.004425,4.9121
0.025482,0.0038147,4.9097
0.024567,0.0038147,4.9158
0.024567,0.0045776,4.9084
0.024414,0.0047302,4.9121
0.024261,0.005188,4.9158
0.023956,0.0054932,4.9072
0.023651,0.0062561,4.9097
0.022888,0.0057983,4.9133
0.02243,0.0045776,4.9146
0.02182,0.0035095,4.9133
0.02121,0.0021362,4.9207
0.020294,0.0024414,4.9207
0.019684,0.0012207,4.9207
0.018616,0.0013733,4.9255
0.014801,0.0033569,4.9304
0.016327,0.00061035,4.9292
0.015564,-0.00030518,4.928
0.015259,-0.00030518,4.9438
0.015564,0,4.9329
0.016022,0.0010681,4.9377
0.016327,0.0024414,4.9341
0.016174,0.0038147,4.917
0.015869,0.0039673,4.9304
0.015259,0.0024414,4.9292
0.016022,0.0016785,4.9353
0.020447,0.0012207,4.9329
0.018616,0.0012207,4.9329
0.020294,0.00091553,4.939
0.02121,0.0015259,4.9353
0.020142,0.00076294,4.9255
0.020599,0.0010681,4.928
0.020142,0.0016785,4.9329
0.021057,0.0022888,4.9292
0.021057,0.0035095,4.928
0.021973,0.0038147,4.9329
0.020599,0.0048828,4.9231
0.020294,0.0067139,4.9243
0.018768,0.0050354,4.9231
0.018463,0.0047302,4.9219
0.019073,0.005188,4.917
0.020142,0.0054932,4.9158
0.019836,0.0054932,4.917
0.019836,0.0057983,4.9121
0.019226,0.0053406,4.9072
0.018311,0.0030518,4.9121
0.017242,0.0024414,4.9097
0.016479,0.00045776,4.9109
0.015869,0.00076294,4.9036
0.016632,0.00015259,4.9121
0.017853,-0.00061035,4.9097
0.019379,-0.00045776,4.9109
0.019989,-0.0018311,4.9097
0.019073,-0.0016785,0.041504
0.019531,-0.0012207,0.048828
0.019379,0.00015259,0.037842
0.019379,0.00091553,0.054932
0.019684,0.0021362,0.043945
0.019836,0.0028992,0.0354
0.019684,0.0028992,0.048828
0.018768,0.0035095,0.048828
0.0177,0.002594,0.053711
0.0177,0.0028992,0.054932
0.018768,0.0027466,0.056152
0.018768,0.0022888,0.059814
0.019226,0.0021362,0.059814
0.019226,0.0015259,0.063477
0.019226,0.00091553,0.058594
0.018768,-0.00015259,0.063477
0.018616,-0.00015259,0.063477
0.0177,0.0022888,0.063477
0.017242,-0.00061035,0.065918
0.018005,-0.00061035,0.064697
0.017548,-0.0016785,0.063477
0.017853,-0.0021362,0.065918
0.016785,-0.0027466,0.073242
0.015106,-0.0024414,0.064697
0.013428,-0.00091553,0.05249
0.012207,0.00030518,0.063477
0.012665,0.0012207,0.061035
0.013885,0.0022888,0.058594
0.015564,0.0038147,0.061035
0.018005,0.0047302,0.053711
0.020447,0.0057983,0.054932
0.022736,0.0082397,0.050049
0.024567,0.010071,0.050049
0.026245,0.010986,0.050049
0.028534,0.011749,0.045166
0.029907,0.010071,0.046387
0.03006,0.0091553,0.048828
0.028839,0.0061035,0.058594
0.026093,0.0035095,0.042725
0.022125,0.0012207,0.050049
0.018463,-0.00030518,0.042725
0.015564,-0.0019836,0.028076
0.013885,-0.0042725,0.0354
0.011749,-0.0061035,0.040283
0.0093079,-0.0079346,0.040283
0.0076294,-0.0085449,0.036621
0.0071716,-0.0090027,0.03418
0.0088501,-0.0083923,0.040283
0.010986,-0.0062561,0.039063
0.013885,-0.0039673,0.040283
0.016174,-0.0021362,0.0354
0.0177,-0.00061035,0.046387
0.020294,0.00030518,0.046387
0.021057,0.00091553,0.05127
0.022583,0.0021362,0.056152
0.023041,0.0036621,0.05127
0.023804,0.0053406,0.054932
0.024261,0.0061035,0.058594
0.024567,0.0064087,0.063477
0.024719,0.0041199,0.058594
0.025482,0.0016785,0.048828
0.025024,-0.00045776,0.062256
0.024872,-0.0013733,0.058594
0.026703,-0.00045776,0.059814
0.027618,0.00030518,0.063477
0.027313,0.0015259,0.063477
0.024872,0.00030518,0.059814
0.025024,0.0012207,0.058594
0.023499,0.00091553,0.067139
0.022278,0.0018311,0.064697
0.021515,0.0019836,0.068359
0.020294,0.0021362,0.062256
0.018463,0.0024414,0.06958
0.016785,0.0015259,0.073242
0.015106,-0.00030518,0.061035
0.013123,-0.0019836,0.062256
0.011444,-0.0035095,0.057373
0.011139,-0.0042725,0.042725
0.010223,-0.0038147,0.054932
0.0094604,-0.0033569,0.047607
0.0090027,-0.0019836,0.045166
0.0079346,-0.0010681,0.047607
0.0093079,-0.0012207,0.043945
0.010071,-0.0016785,0.047607
0.011749,-0.00076294,0.042725
0.013275,-0.00076294,0.046387
0.015106,0.00076294,0.040283
0.016937,0.0019836,0.042725
0.016632,-0.00045776,0.031738
0.018311,0.00091553,0.042725
0.020142,-0.0010681,0.036621
0.02243,-0.0039673,0.041504
0.02243,-0.0050354,0.039063
0.023804,-0.007019,0.039063
0.023041,-0.0079346,0.042725
0.02243,-0.0076294,0.041504
0.020905,-0.0090027,0.037842
0.019989,-0.009613,0.037842
0.020599,-0.011139,0.043945
0.020599,-0.010376,0.042725
0.021057,-0.0094604,0.046387
0.021973,-0.0085449,0.043945
0.022583,-0.0068665,0.054932
0.022888,-0.0056458,0.048828
0.022736,-0.0022888,0.056152
0.023499,-0.00076294,0.054932
0.02243,0.00045776,0.061035
0.024109,0.0022888,0.058594
0.023804,0.0039673,0.062256
0.023804,0.0048828,0.078125
0.022888,0.004425,0.062256
0.02243,0.0033569,0.062256
0.022125,0.0010681,0.063477
0.023041,-0.0010681,0.05249
0.024414,-0.0038147,0.057373
0.026093,-0.0047302,0.061035
0.02655,-0.0047302,0.062256
0.025787,-0.0047302,0.067139
0.024567,-0.0054932,2.6111
0.023041,-0.0057983,4.7949
0.021973,-0.0057983,4.917
0.022278,-0.0086975,4.9304
0.022125,-0.0030518,4.9243
0.02182,-0.00076294,4.9292
0.021362,0,4.9255
0.019989,-0.00076294,4.9268
0.019226,-0.0019836,4.9255
0.019226,-0.0041199,4.9243
0.015564,-0.0053406,4.9268
0.020752,-0.0059509,4.9207
0.020752,-0.0068665,4.939
0.020599,-0.0073242,4.917
0.018005,-0.010681,4.9097
0.016937,-0.011444,4.9121
0.014648,-0.014038,4.9146
0.012817,-0.014496,4.8926
0.013885,-0.012817,4.9109
0.013733,-0.010681,4.906
0.015106,-0.0086975,4.9109
0.016022,-0.0067139,4.906
0.016937,-0.0099182,4.9121
0.018311,-0.0073242,4.906
0.020599,-0.007782,4.9109
0.022278,-0.0068665,4.9109
0.023804,-0.0064087,4.9109
0.02533,-0.005188,4.917
0.026245,-0.0041199,4.9146
0.026855,-0.0035095,4.917
0.026398,-0.0030518,4.9182
0.027161,-0.0021362,4.9146
0.028076,-0.00030518,4.9231
0.028839,0.00015259,4.9292
0.029907,0.0010681,4.9219
0.030212,0.0012207,4.9268
0.029602,0.0015259,4.9268
0.028381,0.00061035,4.928
0.026855,0.00061035,4.9292
0.025635,0.00045776,4.9353
0.024567,0.00076294,4.9304
0.023956,-0.0018311,4.9316
0.023041,-0.0021362,4.9304
0.022125,-0.002594,4.9353
0.019226,-0.0024414,4.9194
0.020142,-0.0015259,4.9341
0.018768,-0.0010681,4.9402
0.018005,-0.0010681,4.9365
0.020752,-0.00015259,4.9402
0.021515,0.00030518,4.9243
0.023193,0.0012207,4.9207
0.024414,0.0019836,4.9329
0.02533,0.0015259,4.9255
0.026093,0.00061035,4.9316
0.027161,0,4.928
0.027618,0.00061035,4.9292
0.027924,0.00061035,4.9255
0.027466,0.0021362,4.9207
0.026855,0.0035095,4.9207
0.02655,0.0042725,4.9158
0.026398,0.0053406,4.9219
0.02594,0.005188,4.9194
0.027008,0.0047302,4.9182
0.027618,0.005188,4.9207
0.028534,0.0054932,4.9158
0.028839,0.0068665,4.9109
0.028229,0.0074768,4.9109
0.028839,0.0073242,4.8987
0.025024,0.0068665,4.9072
0.025635,0.0065613,4.9109
0.025635,0.0064087,4.9072
0.02533,0.0071716,4.9121
0.024109,0.0082397,4.9072
0.023804,0.0088501,4.9109
0.023193,0.0088501,4.9084
0.023346,0.0083923,4.9109
0.023651,0.0076294,4.9084
0.024567,0.0068665,4.917
0.024719,0.0061035,4.917
0.022583,0.0057983,4.9207
0.022278,0.007019,4.9207
0.020599,0.0080872,4.9268
0.019989,0.0091553,4.9255
0.019073,0.0090027,4.9304
0.019226,0.0082397,4.9414
0.020294,0.0074768,4.9292
0.020447,0.0074768,4.9231
0.021057,0.0073242,4.9304
0.020752,0.0074768,4.9304
0.021667,0.0071716,4.9292
0.02182,0.0067139,4.9316
0.022125,0.0050354,4.9304
0.020599,0.0039673,4.9365
0.020447,0.0032043,4.9329
0.020142,0.002594,4.9377
0.018768,0.0021362,4.9329
0.020752,0.0019836,4.939
0.022583,0.0015259,4.9353
0.023193,0.0021362,4.9353
0.023651,0.0010681,4.9414
0.024414,0.00091553,4.9341
0.025177,0.0018311,4.928
0.026703,0.0027466,4.9268
0.027008,0.0045776,4.9207
0.027771,0.0048828,4.9255
0.027924,0.0057983,4.9194
0.028381,0.0053406,4.9158
0.027618,0.0053406,4.9194
0.026703,0.0062561,0.045166
0.027466,0.0067139,0.050049
0.027313,0.0074768,0.042725
0.026245,0.0062561,0.047607
0.025635,0.0083923,0.040283
0.024719,0.0073242,0.040283
0.024261,0.0071716,0.043945
0.022583,0.007019,0.041504
0.023346,0.007782,0.036621
0.023193,0.0090027,0.041504
0.022736,0.0090027,0.047607
0.020752,0.0082397,0.040283
0.020752,0.0080872,0.048828
0.018768,0.0064087,0.039063
0.018005,0.005188,0.026855
0.017395,0.0048828,0.040283
0.015564,0.0041199,0.043945
0.015106,0.0038147,0.042725
0.014191,0.0035095,0.045166
0.014343,0.0028992,0.046387
0.015106,0.0013733,0.054932
0.015259,0.0010681,0.047607
0.016022,0.00091553,0.054932
0.016937,0.0010681,0.057373
0.016785,0.0028992,0.062256
0.01709,0.0033569,0.059814
0.016937,0.0032043,0.065918
0.017548,0.002594,0.076904
0.016937,0.0010681,0.061035
0.016785,0.0015259,0.062256
0.016479,0.0012207,0.061035
0.016479,0.0021362,0.059814
0.017242,-0.00045776,0.058594
0.018616,0.0027466,0.062256
0.018311,0.0015259,0.064697
0.018921,0.00015259,0.067139
0.018768,-0.0019836,0.061035
0.019684,-0.0021362,0.067139
0.020294,-0.0012207,0.061035
0.020294,0.0012207,0.064697
0.020294,0.0030518,0.056152
0.018768,0.0033569,0.062256
0.018005,0.0018311,0.053711
0.0177,-0.0022888,0.045166
0.018158,-0.0013733,0.053711
0.019989,-0.00030518,0.05249
0.020294,0.0019836,0.057373
0.02121,0.0038147,0.05127
0.021057,0.0041199,0.056152
0.020294,0.0030518,0.045166
0.019531,0.00045776,0.03418
0.018921,-0.0010681,0.041504
0.018311,-0.0030518,0.043945
0.018463,-0.0018311,0.036621
0.014954,0.00015259,0.036621
0.01709,0.00076294,0.036621
0.016785,0,0.040283
0.016174,-0.0021362,0.036621
0.016785,-0.004425,0.040283
0.018311,-0.0053406,0.03418
0.019226,-0.0042725,0.042725
0.019989,-0.002594,0.040283
0.0177,0,0.042725
0.020142,-0.00045776,0.047607
0.019531,-0.0024414,0.042725
0.019379,-0.0050354,0.047607
0.022736,-0.0064087,0.047607
0.019531,-0.0054932,0.045166
0.019684,-0.0035095,0.050049
0.0177,0.0016785,0.062256
0.017548,-0.00061035,0.05127
0.016327,-0.0016785,0.057373
0.015717,-0.0039673,0.057373
0.014801,-0.0064087,0.059814
0.016022,-0.0059509,0.058594
0.015259,-0.0039673,0.064697
0.018463,-0.0019836,0.057373
0.019226,-0.00045776,0.063477
0.018616,-0.00076294,0.061035
0.018311,-0.0012207,0.063477
0.018158,-0.0033569,0.059814
0.018311,-0.0041199,0.064697
0.018158,-0.0030518,0.072021
0.018768,-0.0010681,0.065918
0.018616,-0.00076294,0.072021
0.018463,0.00045776,0.073242
0.018463,-0.00091553,0.05249
0.017242,-0.0032043,0.059814
0.017395,-0.0053406,0.054932
0.018005,-0.0056458,0.058594
0.019226,-0.0041199,0.047607
0.019836,-0.0021362,0.050049
0.019836,-0.0013733,0.05249
0.018311,-0.0013733,0.047607
0.017242,-0.0035095,0.050049
0.016479,-0.0057983,0.046387
0.01709,-0.0080872,0.048828
0.018311,-0.0073242,0.042725
0.018921,-0.005188,0.048828
0.019989,-0.002594,0.047607
0.019379,-0.00061035,0.041504
0.020294,-0.0012207,0.036621
0.021362,-0.0016785,0.040283
0.024261,-0.0019836,0.030518
0.025024,-0.00045776,0.037842
0.026703,0.0012207,0.031738
0.029297,-0.00061035,0.040283
0.024567,0.0030518,0.036621
0.021973,0.0012207,0.037842
0.020142,-0.0012207,0.039063
0.019379,-0.0036621,0.039063
0.019684,-0.00061035,0.041504
0.020447,-0.0013733,0.037842
0.020294,-0.00045776,0.05127
0.019379,0.00030518,0.045166
0.018463,-0.0010681,0.048828
0.018005,-0.0036621,0.05127
0.0177,-0.0056458,0.05249
0.019531,-0.005188,4.4592
0.020599,-0.0038147,4.8987
0.021515,-0.0013733,4.9329
0.022278,0.00045776,4.928
0.021057,0.0012207,4.9219
0.019684,0.00030518,4.9329
0.018768,-0.00030518,4.9304
0.019684,-0.0018311,4.928
0.018463,-0.0015259,4.9292
0.019226,-0.00061035,4.9292
0.018311,-0.0028992,4.9316
0.0177,0.00076294,4.9316
0.01709,-0.00030518,4.9377
0.016937,-0.0024414,4.9316
0.019226,-0.005188,4.9353
0.020294,-0.0036621,4.9353
0.02121,-0.0012207,4.9365
0.02121,0.0018311,4.9341
0.019836,0.0035095,4.9329
0.019226,0.005188,4.9316
0.018005,0.0050354,4.9255
0.017395,0.0035095,4.9402
0.017548,0.00076294,4.9243
0.017242,0,4.9292
0.01709,0,4.9158
0.016479,-0.0012207,4.9194
0.016174,0.00015259,4.9182
0.014648,-0.00091553,4.9158
0.014343,-0.0030518,4.9084
0.013733,-0.004425,4.9133
0.014038,-0.0042725,4.9084
0.012817,-0.0036621,4.9109
0.01236,-0.002594,4.8999
0.011444,-0.0021362,4.9109
0.0099182,-0.0021362,4.9072
0.010529,-0.0030518,4.9084
0.011902,-0.0039673,4.9219
0.013885,-0.0039673,4.9133
0.018005,-0.0021362,4.9146
0.019226,0.00061035,4.9109
0.022125,0.0024414,4.8938
0.021515,0.0039673,4.9133
0.02243,0.0032043,4.9072
0.022888,0.002594,4.9158
0.023346,0.0018311,4.917
0.024261,0.0022888,4.917
0.024261,0.0035095,4.9243
0.023956,0.0047302,4.9231
0.023346,0.0038147,4.9292
0.021515,0.0018311,4.9255
0.021667,-0.0015259,4.9316
0.021057,-0.0039673,4.9304
0.02121,-0.0048828,4.9329
0.022125,-0.0045776,4.9304
0.021057,-0.0027466,4.9329
0.020599,-0.00076294,4.9304
0.018768,0.0015259,4.9329
0.01709,0.0022888,4.9426
0.016937,0.0027466,4.9341
0.017242,0.0028992,4.9292
0.018921,0.0033569,4.9365
0.019531,0.0036621,4.9341
0.019531,0.0036621,4.9329
0.018768,0.0036621,4.928
0.016327,0.00091553,4.9329
0.017853,-0.00076294,4.9329
0.017395,-0.0018311,4.9243
0.018158,-0.0035095,4.9292
0.018768,-0.0033569,4.9207
0.018311,-0.0012207,4.9231
0.016937,0.0013733,4.9207
0.015411,0.0018311,4.9255
0.015106,0.0016785,4.9268
0.016327,-0.00015259,4.9182
0.018921,-0.0019836,4.9182
0.021515,-0.0018311,4.9146
0.023041,-0.00076294,4.9011
0.023956,0,4.9109
0.022888,0.0010681,4.9133
0.023041,0.00030518,4.9011
0.024261,-0.00061035,4.9121
0.025177,-0.0015259,4.9084
0.027771,-0.00061035,4.9084
0.027924,0.00061035,4.9097
0.026703,0.0030518,4.9133
0.02533,0.0036621,4.9084
0.023804,0.0022888,4.9121
0.023499,0.0012207,4.9109
0.024261,-0.0019836,4.917
0.026093,-0.00091553,4.9097
0.029755,-0.0018311,4.917
0.028381,-0.0010681,4.9146
0.030212,-0.0018311,4.917
0.02655,-0.00091553,4.9292
0.026245,-0.00045776,4.9243
0.027161,0.00030518,4.917
0.028839,0.0015259,4.917
0.030212,0.0021362,4.9292
0.031433,0.0027466,4.9304
0.030365,0.0041199,4.9292
0.029907,0.004425,4.9292
0.029144,0.0039673,4.9377
0.03006,0.005188,4.9329
0.032043,0.0042725,4.9329
0.035095,0.0038147,4.9292
0.037079,0.0035095,4.9353
0.035858,0.0028992,4.9219
0.034027,0.0033569,0.05127
0.030975,0.005188,0.080566
0.028381,0.0061035,0.06958
0.027771,0.007019,0.065918
0.030365,0.0064087,0.067139
0.028992,0.0065613,0.046387
0.028381,0.0059509,0.061035
0.027924,0.0064087,0.059814
0.025787,0.0050354,0.057373
0.02533,0.0048828,0.05249
0.02533,0.0041199,0.039063
0.025635,0.002594,0.05127
0.029907,0.0022888,0.048828
0.031128,0.0027466,0.046387
0.030365,0.0018311,0.043945
0.027313,0.0053406,0.048828
0.024872,0.0065613,0.045166
0.022736,0.0073242,0.046387
0.023193,0.0085449,0.045166
0.026093,0.0061035,0.043945
0.028076,0.0056458,0.040283
0.029297,0.0047302,0.037842
0.028381,0.0059509,0.037842
0.027618,0.0048828,0.037842
0.027161,0.0042725,0.047607
0.028076,0.0038147,0.037842
0.030212,0.0030518,0.039063
0.030212,0.0041199,0.036621
0.03006,0.0053406,0.041504
0.023193,0.0074768,0.037842
0.022583,0.0080872,0.045166
0.019989,0.007782,0.041504
0.018768,0.0067139,0.047607
0.020447,0.0041199,0.047607
0.024261,0.0027466,0.056152
0.026398,0.0010681,0.056152
0.027313,0.0039673,0.057373
0.026398,0.00030518,0.068359
0.024872,0.00091553,0.061035
0.023651,0.00076294,0.072021
0.023804,0.00061035,0.059814
0.025024,0.00015259,0.053711
0.025024,-0.0018311,0.058594
0.024567,-0.00091553,0.059814
0.021667,-0.0013733,0.058594
0.019379,-0.0019836,0.059814
0.018463,-0.0022888,0.061035
0.019989,-0.0030518,0.063477
0.024567,-0.0027466,0.063477
0.026245,-0.0035095,0.06958
0.028229,-0.0039673,0.063477
0.028381,-0.0032043,0.067139
0.02655,-0.0030518,0.062256
0.023804,-0.0019836,0.063477
0.023041,0.00030518,0.061035
0.023193,-0.00061035,0.059814
0.026398,0.0022888,0.061035
0.026093,0.0024414,0.054932
0.026703,0.0021362,0.062256
0.025787,0.0024414,0.047607
0.024719,0.0018311,0.057373
0.024719,0.0022888,0.045166
0.025787,0.002594,0.046387
0.026703,0.0024414,0.037842
0.027924,0.0015259,0.043945
0.028381,0.00091553,0.039063
0.026703,0,0.042725
0.023956,0.00015259,0.040283
0.020447,0.00091553,0.041504
0.018616,0.0022888,0.041504
0.019226,0.0041199,0.041504
0.020294,0.0036621,0.037842
0.021667,0.0030518,0.042725
0.02182,0.0045776,0.054932
0.01709,0.0015259,0.040283
0.016327,0.002594,0.045166
0.014191,0.0041199,0.042725
0.014648,0.0048828,0.024414
0.016022,0.0057983,0.040283
0.016785,0.0022888,0.043945
0.01709,0.00030518,0.043945
0.015717,-0.00030518,0.047607
0.012665,0.00015259,0.048828
0.011444,0.0013733,0.05249
0.011444,0.0028992,0.050049
0.011139,0.0035095,0.058594
0.014343,0.0024414,0.057373
0.016327,0.00045776,0.061035
0.016632,-0.00061035,0.059814
0.014954,-0.00091553,0.062256
0.012817,-0.00061035,0.065918
0.011444,0.00015259,0.063477
0.012665,-0.0010681,0.061035
0.013733,0.00076294,0.063477
0.016022,-0.0019836,0.073242
0.016174,-0.00076294,0.061035
0.014343,-0.0015259,0.053711
0.014038,-0.0012207,0.065918
0.013275,0.0013733,0.065918
0.014343,0.0027466,0.063477
0.015869,0.0036621,0.064697
0.018311,0.0015259,0.061035
0.019073,0,0.061035
0.018158,-0.00076294,0.056152
0.016022,-0.00091553,0.056152
0.013885,0,0.047607
0.014038,0.0012207,0.054932
0.015411,0.0021362,0.05249
0.016022,0.0027466,0.05249
0.018768,0.0022888,0.05249
0.018768,0.0016785,0.048828
0.018005,0.0016785,0.042725
0.016632,0.0030518,0.043945
0.015869,0.0050354,0.032959
0.016937,0.0056458,0.041504
0.019684,0.0048828,0.037842
0.020447,0.0035095,0.0354
0.020142,0.0012207,0.036621
0.018005,0.00061035,1.7249
0.015717,0.0016785,4.7217
0.012512,0.0022888,4.8889
0.012207,0.0027466,4.906
0.01297,0.0045776,4.906
0.014496,0.0024414,4.9109
0.015564,0.00076294,4.9109
0.015411,-0.00030518,4.9146
0.013733,-0.00045776,4.9109
0.012207,0.00030518,4.9121
0.011444,0.0015259,4.9255
0.012512,0.0018311,4.9231
0.013885,0.0012207,4.9316
0.015106,-0.00076294,4.9255
0.014648,-0.002594,4.9109
0.012207,-0.0039673,4.9255
0.012665,-0.002594,4.9268
0.0093079,-0.00091553,4.9329
0.0097656,0.00045776,4.9292
0.013428,0.0016785,4.928
0.014496,-0.0010681,4.9255
0.014801,-0.0024414,4.9316
0.016937,-0.0030518,4.9304
0.015869,-0.00091553,4.928
0.015717,0.00015259,4.9365
0.016022,0.002594,4.9353
0.0177,0.0047302,4.9377
0.019989,0.0050354,4.9438
0.022583,0.0036621,4.939
0.023499,0.0032043,4.9365
0.022888,0.0035095,4.9353
0.02243,0.0042725,4.9365
0.022125,0.0062561,4.9304
0.023651,0.0071716,4.928
0.02533,0.007019,4.9255
0.02594,0.0041199,4.9219
0.02533,0.0018311,4.9207
0.023041,-0.0012207,4.9219
0.018768,0.00030518,4.9182
0.015411,0.00076294,4.917
0.014191,0.0013733,4.9133
0.014496,0.0015259,4.9097
0.015106,-0.00091553,4.9121
0.015717,-0.0045776,4.9146
0.015259,-0.0073242,4.9109
0.013275,-0.0093079,4.9121
0.01236,-0.0074768,4.906
0.012665,-0.0057983,4.9109
0.015411,-0.0039673,4.9243
0.017853,-0.0018311,4.9097
0.020599,-0.0024414,4.8999
0.022125,-0.0035095,4.9109
0.022125,-0.0039673,4.9133
0.02182,-0.0019836,4.9084
0.021667,0.0010681,4.9097
0.023041,0.0045776,4.9121
0.022278,0.0042725,4.9133
0.027008,0.0019836,4.9109
0.030365,-0.00045776,4.9231
0.029755,-0.0021362,4.9182
0.028229,-0.0016785,4.9219
0.027466,0.00045776,4.9243
0.027313,0.0022888,4.9268
0.029602,0.0030518,4.9304
0.029144,0.0015259,4.9316
0.029144,-0.0013733,4.928
0.027313,-0.0036621,4.9316
0.021057,-0.0036621,4.9353
0.02243,-0.0018311,4.9329
0.020905,0.0019836,4.9353
0.021057,0.0056458,4.9268
0.021667,0.0053406,4.9304
0.022583,0.0039673,4.9316
0.022125,0.0015259,4.9329
0.020294,-0.00030518,4.9341
0.020142,-0.00045776,4.9365
0.016785,0.0021362,4.9341
0.015564,0.0041199,4.9365
0.017242,0.0047302,4.9353
0.018616,0.0010681,4.9377
0.018463,-0.002594,4.928
0.01709,-0.0048828,4.9316
0.015717,-0.0050354,4.9377
0.014648,-0.0012207,4.9243
0.014496,0.0015259,4.928
0.016632,0.0038147,4.9231
0.019531,0.0028992,4.9036
0.020752,-0.0012207,4.9121
0.021362,-0.004425,4.9146
0.021057,-0.0083923,4.9158
0.019989,-0.0059509,4.9146
0.020599,-0.0033569,4.9084
0.021362,-0.0016785,4.9133
0.02533,-0.0018311,4.9109
0.024261,-0.0028992,4.906
0.025635,-0.0048828,4.906
0.02533,-0.0057983,4.917
0.023804,-0.0053406,4.9084
0.02243,-0.002594,4.9109
0.021973,-0.00015259,4.9133
0.021362,0.00076294,4.9121
0.025177,0.00061035,4.9072
0.026093,-0.0016785,4.9109
0.02533,-0.0021362,4.9036
0.024261,-0.0021362,4.9109
0.021973,0,4.8987
0.02182,0.0033569,4.9194
0.02182,0.0036621,4.9182
0.022736,0.0021362,4.9158
0.024109,-0.0016785,0.054932
0.023193,-0.0056458,0.053711
0.020752,-0.0097656,0.061035
0.018921,-0.0080872,0.057373
0.01709,-0.0059509,0.063477
0.0177,-0.0039673,0.059814
0.019379,-0.0050354,0.063477
0.022583,-0.0045776,0.053711
0.02182,-0.0062561,0.063477
0.024872,-0.0053406,0.067139
0.02594,-0.00076294,0.062256
0.025024,0.0022888,0.075684
0.026093,0.0071716,0.063477
0.028534,0.007019,0.05127
0.030365,0.0088501,0.064697
0.031433,0.0054932,0.065918
0.030975,0.0024414,0.063477
0.028992,0.0036621,0.063477
0.026398,-0.00015259,0.057373
0.024414,0.00091553,0.061035
0.023499,0.0013733,0.05249
0.020447,-0.00045776,0.058594
0.024261,-0.0036621,0.050049
0.024414,-0.0071716,0.05249
0.023041,-0.0085449,0.05249
0.02182,-0.0083923,0.05127
0.017853,-0.0068665,0.050049
0.017548,-0.004425,0.047607
0.018463,-0.0076294,0.042725
0.020142,-0.0054932,0.042725
0.02121,-0.0067139,0.0354
0.020599,-0.0079346,0.042725
0.020905,-0.0082397,0.039063
0.021057,-0.0042725,0.039063
0.022278,-0.0015259,0.040283
0.024872,0.00076294,0.041504
0.027008,0.0013733,0.040283
0.029907,0.00076294,0.036621
0.03067,0.0010681,0.041504
0.030823,0.0016785,0.036621
0.030212,0.0041199,0.041504
0.029449,0.0079346,0.041504
0.029144,0.010071,0.045166
0.027466,0.0097656,0.041504
0.03067,0.0071716,0.048828
0.030518,0.0039673,0.054932
0.029907,0,0.050049
0.026855,-0.00091553,0.062256
0.02594,-0.0013733,0.054932
0.023499,-0.00045776,0.039063
0.022888,-0.00061035,0.057373
0.023346,-0.0028992,0.057373
0.023651,-0.0062561,0.058594
0.023193,-0.0085449,0.062256
0.022583,-0.0094604,0.054932
0.020905,-0.0068665,0.063477
0.020752,-0.0035095,0.059814
0.02182,-0.00045776,0.063477
0.023499,0.0012207,0.059814
0.026093,0.0013733,0.067139
0.027618,0.0013733,0.064697
0.027618,0.0019836,0.064697
0.026093,0.0041199,0.078125
0.025787,0.007019,0.067139
0.024109,0.0093079,0.064697
0.025177,0.0085449,0.065918
0.026398,0.0091553,0.067139
0.028076,0.0067139,0.058594
0.029449,0.005188,0.056152
0.029755,0.0041199,0.053711
0.029449,0.0067139,0.054932
0.029297,0.0094604,0.046387
0.028687,0.011139,0.054932
0.028992,0.011444,0.045166
0.029449,0.0099182,0.050049
0.028534,0.0073242,0.043945
0.027313,0.0056458,0.048828
0.026093,0.0064087,0.042725
0.024414,0.0083923,0.045166
0.022736,0.010376,0.042725
0.022278,0.011749,0.042725
0.023193,0.0094604,0.050049
0.023346,0.0074768,0.041504
0.023804,0.0061035,0.053711
0.023956,0.0059509,0.036621
0.022736,0.0076294,0.029297
0.022125,0.010681,0.039063
0.021362,0.011139,0.037842
0.020599,0.010223,0.037842
0.020752,0.0085449,0.040283
0.019836,0.0065613,0.037842
0.018768,0.005188,0.045166
0.017242,0.0065613,0.045166
0.015869,0.0079346,0.047607
0.014954,0.0091553,0.046387
0.014954,0.0083923,0.05249
0.015259,0.0053406,0.058594
0.016479,0.0021362,0.058594
0.01709,-0.00030518,0.062256
0.014191,-0.0016785,0.061035
0.0177,-0.00091553,0.058594
0.018463,0.00015259,0.062256
0.018311,0.00091553,0.068359
0.019531,0.00076294,0.061035
0.020447,0.0010681,0.064697
0.021515,0.00030518,0.058594
0.023499,0.0016785,0.062256
0.023499,0.0036621,0.062256
0.024261,0.0050354,0.062256
0.023651,0.0071716,0.067139
0.023041,0.0074768,0.06958
0.023804,0.0062561,0.064697
0.023193,0.0056458,0.067139
0.023193,0.004425,0.063477
0.022278,0.0047302,0.063477
0.022125,0.0059509,0.054932
0.020752,0.0080872,0.058594
0.020599,0.0085449,0.94849
0.021515,0.007019,4.6899
0.021057,0.005188,4.9048
0.021515,0.0028992,4.9182
0.020142,0.0061035,4.8987
0.020905,0.0036621,4.9146
0.021057,0.005188,4.9158
0.019989,0.0062561,4.917
0.019226,0.0059509,4.9158
0.018921,0.0035095,4.9097
0.019073,0.0015259,4.9146
0.019073,0.0012207,4.9109
0.019531,0.00076294,4.9109
0.019684,0.0021362,4.9072
0.019379,0.0038147,4.9146
0.020294,0.0027466,4.9109
0.020142,0.0030518,4.9133
0.020294,0.0021362,4.9109
0.021515,0.0015259,4.9133
0.018768,0.0033569,4.9109
0.018005,0.0039673,4.9121
0.016479,0.0047302,4.9158
0.014648,0.0030518,4.9133
0.013123,0.0018311,4.9072
0.011749,-0.00076294,4.9158
0.010834,-0.0022888,4.9194
0.011139,-0.0022888,4.9207
0.012054,-0.0022888,4.9207
0.013733,-0.0021362,4.9255
0.014648,-0.002594,4.9268
0.016937,-0.0018311,4.928
0.016479,-0.0022888,4.9353
0.018463,-0.0013733,4.928
0.019836,-0.00045776,4.9341
0.022125,0.00030518,4.9304
0.022125,0.00076294,4.9329
0.022125,0.0012207,4.9402
0.02121,0.00030518,4.9353
0.02121,-0.00045776,4.9365
0.021057,-0.0010681,4.9341
0.021057,-0.0012207,4.9292
0.021057,0.00045776,4.9365
0.02182,0.0019836,4.9365
0.022125,0.0027466,4.9316
0.02182,0.0048828,4.9353
0.022125,0.0012207,4.9329
0.020752,-0.00045776,4.9304
0.020752,-0.0016785,4.9255
0.020294,-0.0035095,4.9292
0.020447,-0.0019836,4.9231
0.020294,-0.0010681,4.9243
0.020142,-0.00091553,4.9133
0.018921,-0.0015259,4.9219
0.017853,-0.0042725,4.9158
0.017548,-0.0059509,4.9146
0.018158,-0.0062561,4.9207
0.017242,-0.0097656,4.9109
0.017548,-0.0045776,4.9219
0.018768,-0.0027466,4.9121
0.021362,-0.0024414,4.9109
0.019684,-0.0038147,4.9109
0.02121,-0.0042725,4.9072
0.02182,-0.0042725,4.9182
0.022125,-0.0022888,4.9084
0.022583,-0.0016785,4.9036
0.023041,-0.00015259,4.9084
0.022278,0.00015259,4.9084
0.021362,0.00030518,4.9109
0.020447,-0.0016785,4.9084
0.019989,-0.0024414,4.9158
0.019989,-0.002594,4.9121
0.019531,-0.0016785,4.917
0.020294,0.0010681,4.9292
0.020905,0.0015259,4.917
0.021667,0.0013733,4.9268
0.020447,0.00015259,4.9243
0.020905,-0.00091553,4.9146
0.020294,-0.0015259,4.9243
0.019379,-0.0010681,4.9109
0.018463,-0.00030518,4.9329
0.018158,0.00015259,4.9316
0.016022,-0.00015259,4.9268
0.015717,-0.002594,4.9329
0.014038,-0.0033569,4.9304
0.014038,-0.0039673,4.9341
0.015106,-0.0028992,4.9292
0.015411,-0.0016785,4.9341
0.017395,-0.0013733,4.9341
0.017548,-0.0010681,4.9341
0.0177,-0.0015259,4.9377
0.016937,-0.0027466,4.939
0.016937,-0.0032043,4.939
0.018005,-0.0035095,4.939
0.019989,-0.0036621,4.9451
0.019989,-0.0036621,4.9292
0.02121,-0.0033569,4.9146
0.023041,-0.0032043,4.9329
0.02121,-0.0021362,4.9255
0.020752,-0.0010681,4.9207
0.021515,0,4.9207
0.021515,0.00030518,4.9182
0.018311,0.0016785,4.9158
0.022736,0.0010681,4.9194
0.022736,0.002594,4.9207
0.02182,-0.00091553,4.9146
0.02121,-0.0015259,4.9146
0.021667,-0.0012207,4.9133
0.02182,-0.00061035,4.9133
0.023499,-0.00045776,4.917
0.023193,0.00045776,4.9121
0.024414,0.0012207,0.059814
0.024719,0.0016785,0.041504
0.024872,0.0022888,0.030518
0.025177,0.0035095,0.037842
0.024872,0.004425,0.040283
0.024567,0.0053406,0.037842
0.026093,0.0050354,0.040283
0.024261,0.0041199,0.039063
0.02121,0.0027466,0.043945
0.020905,0.00045776,0.042725
0.016785,-0.00076294,0.05127
0.014954,-0.0013733,0.048828
0.013123,-0.0024414,0.05127
0.011749,-0.0068665,0.059814
0.011139,-0.0073242,0.058594
0.010071,-0.0097656,0.059814
0.010376,-0.014496,0.061035
0.010529,-0.010834,0.057373
0.012054,-0.0083923,0.062256
0.014191,-0.005188,0.068359
0.015869,-0.0018311,0.062256
0.018311,0.00061035,0.05249
0.018463,0.0027466,0.059814
0.020294,0.0054932,0.061035
0.021515,0.0061035,0.063477
0.022583,0.010834,0.064697
0.023346,0.010376,0.062256
0.023499,0.0093079,0.067139
0.023956,0.0076294,0.065918
0.024109,0.0048828,0.065918
0.023041,0.0019836,0.059814
0.022278,-0.00076294,0.062256
0.021362,-0.0018311,0.054932
0.021057,-0.002594,0.061035
0.020294,-0.0019836,0.068359
0.020447,-0.0013733,0.053711
0.019379,-0.00076294,0.047607
0.018768,-0.00045776,0.050049
0.018158,0.00045776,0.030518
0.016632,0.0019836,0.043945
0.016937,0.0021362,0.045166
0.016785,0.0013733,0.045166
0.018005,0.0021362,0.043945
0.017548,0.0022888,0.040283
0.0177,0.0022888,0.041504
0.018463,0.0027466,0.039063
0.020142,0.004425,0.040283
0.023346,0.0064087,0.037842
0.026398,0.0093079,0.040283
0.029144,0.011139,0.037842
0.031128,0.013123,0.042725
0.032501,0.01358,0.039063
0.032959,0.014038,0.039063
0.034027,0.014038,0.042725
0.033875,0.013885,0.043945
0.031738,0.013275,0.046387
0.028839,0.011597,0.040283
0.027466,0.0083923,0.037842
0.025177,0.0048828,0.048828
0.022125,0.0013733,0.048828
0.020294,-0.0021362,0.05127
0.018158,-0.0041199,0.053711
0.016785,-0.005188,0.053711
0.015106,-0.007019,0.064697
0.013275,-0.0094604,0.057373
0.012512,-0.011749,0.062256
0.011292,-0.013428,0.059814
0.011139,-0.013885,0.063477
0.010376,-0.01236,0.061035
0.012512,-0.0086975,0.061035
0.015869,-0.0050354,0.073242
0.018921,-0.00091553,0.063477
0.021973,0.0012207,0.065918
0.025177,0.0039673,0.062256
0.027008,0.0064087,0.062256
0.028839,0.0079346,0.067139
0.030518,0.0094604,0.064697
0.031738,0.009613,0.062256
0.032959,0.0086975,0.064697
0.033112,0.0059509,0.056152
0.033722,0.0059509,0.059814
0.03418,0.0056458,0.053711
0.035095,0.0068665,0.056152
0.0354,0.0074768,0.05127
0.035095,0.0090027,0.05127
0.036316,0.0099182,0.05249
0.034332,0.011444,0.05127
0.035095,0.011749,0.043945
0.033722,0.010986,0.046387
0.032654,0.009613,0.057373
0.030823,0.007019,0.042725
0.027924,0.0036621,0.05127
0.026245,0.0010681,0.042725
0.023651,-0.0019836,0.031738
0.021515,-0.0050354,0.036621
0.0177,-0.0061035,0.040283
0.016479,-0.0073242,0.039063
0.015106,-0.007782,0.036621
0.012817,-0.0050354,0.0354
0.011444,-0.0057983,0.041504
0.011749,-0.0050354,0.0354
0.01297,-0.0028992,0.042725
0.013733,-0.002594,0.040283
0.015564,-0.0015259,0.045166
0.018311,-0.00076294,0.043945
0.020905,0.0012207,0.047607
0.022583,0.0038147,0.062256
0.025482,0.0059509,0.05127
0.028229,0.0097656,0.05127
0.031738,0.0076294,0.056152
0.034027,0.007019,0.05127
0.036316,0.0054932,0.054932
0.03891,0.0048828,0.040283
0.04364,0.0047302,0.061035
0.041199,0.0045776,0.062256
0.041351,0.0038147,0.058594
0.041199,0.0054932,0.062256
0.040283,0.00061035,4.3591
0.037842,-0.0018311,4.895
0.0354,-0.0013733,4.9243
0.033569,-0.00061035,4.9329
0.030212,0.00061035,4.9255
0.028534,0.0015259,4.9377
0.027313,0.0033569,4.939
0.02655,0.0024414,4.9377
0.026093,0.0024414,4.9426
0.025635,0.002594,4.9353
0.025482,0.0030518,4.9377
0.023499,0.0042725,4.9292
0.021973,0.0045776,4.9146
0.02121,0.0042725,4.9255
0.019836,0.0033569,4.9207
0.019836,0.0024414,4.9231
0.020142,0.0018311,4.9231
0.020752,0.0019836,4.9146
0.021515,0.0013733,4.9158
0.021515,0.0012207,4.9109
0.023651,0.00045776,4.917
0.025177,0.00030518,4.9097
0.027771,-0.00030518,4.906
0.029449,0.00015259,4.9158
0.030975,0.0010681,4.9133
0.032349,0.002594,4.9109
0.031281,0.002594,4.9121
0.031128,0.002594,4.9072
0.031586,0.002594,4.9097
0.031433,0.0027466,4.9097
0.031738,0.0024414,4.9084
0.030365,0.0015259,4.8999
0.029449,0.00045776,4.9109
0.026703,-0.0013733,4.9084
0.024414,-0.004425,4.9121
0.023041,-0.0056458,4.9146
0.019684,-0.0088501,4.9133
0.020142,-0.0061035,4.9194
0.019684,-0.0045776,4.9207
0.019531,-0.0021362,4.9243
0.022278,-0.0036621,4.9255
0.020294,-0.00076294,4.9304
0.020294,0.00076294,4.9292
0.020294,0.0015259,4.9329
0.020905,0.0022888,4.9414
0.02121,0.0019836,4.9329
0.021362,0.0018311,4.9377
0.02243,0.0013733,4.9365
0.023651,0.0013733,4.9146
0.023651,0.0010681,4.9292
0.023804,0.0027466,4.9316
0.024261,0.0045776,4.9353
0.026398,0.007782,4.9329
0.028076,0.0099182,4.9341
0.028687,0.011444,4.9377
0.029907,0.012054,4.9353
0.028839,0.010986,4.9353
0.027313,0.0099182,4.928
0.02655,0.0091553,4.9304
0.025787,0.007782,4.9292
0.02533,0.0059509,4.9268
0.023651,0.0036621,4.9292
0.022888,0.0015259,4.9243
0.020447,0.00076294,4.9255
0.017548,-0.00061035,4.9231
0.015411,-0.00015259,4.9158
0.014191,0.00061035,4.9182
0.014801,0.0012207,4.9121
0.014648,0.0016785,4.9219
0.014496,0.0019836,4.9158
0.013428,0.00015259,4.9109
0.012054,-0.0013733,4.9133
0.012207,-0.0022888,4.9084
0.01297,-0.0030518,4.9109
0.014648,-0.0033569,4.9084
0.014648,-0.0032043,4.9133
0.015106,-0.0032043,4.9097
0.014801,-0.0033569,4.9146
0.014191,-0.0021362,4.9072
0.014343,-0.00076294,4.9133
0.016327,0.0019836,4.9207
0.017853,0.004425,4.9146
0.020905,0.0065613,4.9207
0.022583,0.0074768,4.9146
0.023499,0.0076294,4.906
0.023193,0.0065613,4.9194
0.021667,0.0056458,4.9207
0.020905,0.0042725,4.9207
0.018921,0.0035095,4.9255
0.019684,0.0021362,4.9268
0.018616,0.00091553,4.9304
0.016479,0,4.9292
0.014801,-0.0010681,4.9353
0.012817,-0.0021362,4.9292
0.011597,-0.0028992,4.9316
0.011444,-0.0032043,4.9341
0.012817,-0.0027466,4.9304
0.014191,-0.0018311,4.9341
0.014954,-0.00030518,4.9377
0.015106,0.00091553,4.9353
0.014954,0.00030518,4.9304
0.014343,0.00076294,4.9475
0.013275,0.00045776,4.9365
0.013275,0.00061035,4.9194
0.014038,0.0012207,4.9316
0.014343,0.0016785,4.9329
0.014648,0.0012207,4.9316
0.014496,0.00045776,4.928
0.014648,-0.00045776,4.9231
0.014954,-0.00061035,4.9243
0.016022,0.00030518,0.046387
0.017395,0.0013733,0.05249
0.019379,0.0022888,0.05249
0.019836,0.0030518,0.048828
0.020142,0.0022888,0.045166
0.020294,0.0015259,0.046387
0.02121,0.00015259,0.058594
0.021973,-0.00045776,0.042725
0.021973,-0.00076294,0.048828
0.022125,-0.00061035,0.041504
0.021057,-0.00015259,0.026855
0.021057,-0.00030518,0.03418
0.020294,-0.00061035,0.03418
0.019684,0.00030518,0.037842
0.018463,0.0012207,0.041504
0.018921,0.0030518,0.032959
0.017853,0.0045776,0.041504
0.018921,0.0054932,0.039063
0.020599,0.0061035,0.039063
0.022125,0.0062561,0.039063
0.022583,0.0059509,0.047607
0.021515,0.0065613,0.047607
0.019989,0.0068665,0.050049
0.018921,0.0065613,0.056152
0.0177,0.0057983,0.053711
0.016785,0.0047302,0.05249
0.016022,0.004425,0.057373
0.015106,0.0027466,0.061035
0.014343,0.0024414,0.058594
0.013428,0.0015259,0.046387
0.014343,0.0015259,0.061035
0.015259,0.0012207,0.062256
0.016174,0.0013733,0.061035
0.016785,0.0019836,0.063477
0.019836,0.002594,0.058594
0.017548,0.0016785,0.061035
0.016937,0.0015259,0.063477
0.015869,-0.00045776,0.064697
0.015259,-0.00015259,0.063477
0.016022,-0.00030518,0.065918
0.01709,-0.00030518,0.067139
0.018616,0.00030518,0.064697
0.019989,0.00061035,0.070801
0.021057,0.00061035,0.062256
0.023651,0.00030518,0.065918
0.024261,0.00015259,0.054932
0.026855,0.0012207,0.043945
0.028381,0.002594,0.053711
0.028992,0.0032043,0.050049
0.027618,0.0035095,0.045166
0.026245,0.0027466,0.047607
0.025024,0.00061035,0.045166
0.023651,-0.00030518,0.043945
0.023651,-0.00076294,0.041504
0.024567,-0.0015259,0.045166
0.025024,-0.00076294,0.039063
0.02594,0.00091553,0.043945
0.026093,-0.0019836,0.039063
0.026398,-0.0027466,0.041504
0.027466,-0.0038147,0.037842
0.027161,-0.0022888,0.041504
0.027924,-0.00045776,0.040283
0.027008,0.0012207,0.039063
0.025177,0.0036621,0.039063
0.023041,0.0021362,0.040283
0.022278,0.0024414,0.037842
0.020752,0.00076294,0.037842
0.020905,0.0018311,0.043945
0.021362,0.002594,0.045166
0.02243,0.0038147,0.047607
0.023651,0.0048828,0.057373
0.023651,0.0048828,0.058594
0.024872,0.0024414,0.053711
0.024719,0.00030518,0.058594
0.021515,0.00030518,0.057373
0.02533,0.00030518,0.061035
0.024567,0.0016785,0.056152
0.023651,0.0030518,0.063477
0.023651,0.0038147,0.073242
0.022583,0.0030518,0.062256
0.022736,0.0015259,0.064697
0.02243,0.0036621,0.063477
0.023804,-0.00015259,0.046387
0.022888,-0.00061035,0.061035
0.022736,-0.00076294,0.062256
0.022888,-0.0012207,0.064697
0.018921,-0.0024414,0.065918
0.022583,-0.0032043,0.061035
0.022125,-0.0033569,0.065918
0.023193,-0.0045776,0.058594
0.023499,-0.00091553,0.061035
0.024109,0.00091553,0.053711
0.025177,0.0028992,0.058594
0.025177,0.0035095,0.054932
0.024109,0.0036621,0.05249
0.023956,0.0035095,0.054932
0.02655,0.0018311,0.047607
0.026703,0.0036621,0.048828
0.02655,0.0042725,0.047607
0.027313,0.0054932,0.058594
0.026245,0.0074768,0.043945
0.024109,0.0041199,0.029297
0.024109,0.002594,0.041504
0.023651,0.00061035,0.043945
0.023956,-0.00061035,0.036621
0.023499,0.00030518,0.040283
0.023346,0.00045776,0.036621
0.02243,0.00061035,0.040283
0.02182,0.0019836,0.037842
0.022125,-0.00091553,0.042725
0.022888,-0.0021362,0.036621
0.024719,-0.002594,0.037842
0.02533,-0.0016785,0.040283
0.02594,-0.00045776,0.042725
0.027313,0.00091553,0.05249
0.027008,0.002594,0.045166
0.027008,0.00045776,2.937
0.026398,-0.00015259,4.7974
0.025177,-0.0032043,4.8999
0.02533,-0.00076294,4.9194
0.024414,-0.00045776,4.9207
0.024567,0.00015259,4.9207
0.024261,0.00091553,4.9268
0.024261,0.0018311,4.9133
0.025024,-0.0018311,4.9304
0.024872,-0.0032043,4.9292
0.025787,-0.0042725,4.9341
0.026093,-0.0035095,4.9304
0.02655,-0.0021362,4.9316
0.02533,-0.00061035,4.9353
0.027924,0.00015259,4.9341
0.027618,-0.00045776,4.9316
0.028992,-0.00076294,4.9341
0.031128,-0.00091553,4.9402
0.030975,-0.00061035,4.939
0.03067,0.0015259,4.9426
0.030975,0.0033569,4.9353
0.029755,0.0048828,4.9194
0.028687,0.0018311,4.9292
0.026703,0,4.9255
0.025787,-0.0045776,4.928
0.024719,-0.0042725,4.9255
0.024109,-0.0021362,4.9194
0.023956,-0.0013733,4.9194
0.023193,0,4.9219
0.022736,0.00045776,4.9219
0.023041,-0.00030518,4.9146
0.023499,-0.00076294,4.9182
0.024109,-0.00076294,4.9158
0.024567,0.00045776,4.917
0.025482,0.0013733,4.9231
0.025635,0.0033569,4.9097
0.024567,0.002594,4.9109
0.02533,0.002594,4.9146
0.023651,0.0015259,4.8938
0.024109,-0.00061035,4.9084
0.023499,-0.0016785,4.9109
0.025177,-0.0018311,4.9109
0.025635,-0.0018311,4.9109
0.025024,-0.00045776,4.9048
0.024719,0.0010681,4.9109
0.024261,-0.00030518,4.9121
0.024567,-0.00015259,4.9109
0.024414,-0.00045776,4.9097
0.024872,-0.00015259,4.9158
0.024719,0.0012207,4.9182
0.025787,0.0022888,4.9219
0.026093,0.0027466,4.9207
0.026245,0.0027466,4.9268
0.026093,0.0021362,4.9304
0.02655,0.0013733,4.9304
0.026855,0.00061035,4.9426
0.026398,0.00030518,4.9316
0.025635,0.0012207,4.9194
0.024261,0.0016785,4.9329
0.023193,0.0018311,4.9304
0.021973,0.0024414,4.9292
0.021515,0.0022888,4.9304
0.02243,0.002594,4.9304
0.020752,0.002594,4.9377
0.024414,0.0038147,4.9341
0.025482,0.004425,4.9377
0.02594,0.0028992,4.9329
0.026855,0.0032043,4.9341
0.026703,0.0022888,4.9329
0.025635,0.00076294,4.9341
0.025787,-0.0018311,4.939
0.024872,0.0016785,4.9329
0.024414,0.0027466,4.928
0.02243,0.0036621,4.9255
0.022278,0.005188,4.9194
0.02182,0.0045776,4.9219
0.021667,0.0036621,4.917
0.021362,0.0027466,4.9158
0.020905,0.0027466,4.9207
0.020599,0.0032043,4.9158
0.019684,0.0036621,4.9146
0.018921,0.0033569,4.9109
0.019226,0.0042725,4.917
0.018463,0.0019836,4.9084
0.018311,0.00076294,4.9109
0.018158,0.00091553,4.9133
0.018463,0.0019836,4.9146
0.018768,0.0024414,4.9097
0.019226,0.0041199,4.9097
0.020905,0.005188,4.9158
0.021515,0.004425,4.9109
0.021973,0.0033569,4.9194
0.02182,0.0019836,4.9121
0.021515,0.0015259,4.9023
0.02182,0.0012207,4.9109
0.021362,0.00061035,4.9146
0.02182,-0.00061035,4.9146
0.021057,-0.0015259,4.9182
0.021057,-0.0036621,4.9109
0.020599,-0.005188,4.9243
0.020905,-0.0039673,4.9268
0.021057,-0.0028992,4.928
0.022583,-0.0021362,4.9268
0.021515,-0.0012207,4.9353
0.024261,-0.00061035,4.9304
0.024109,-0.0013733,4.9329
0.024261,-0.0013733,4.9414
0.024261,0,4.9329
0.023346,0,4.9329
0.022583,0.0016785,4.9194
0.021362,0.0030518,4.9304
0.021515,0.0027466,0.063477
0.021515,0.0016785,0.062256
0.021362,0.00045776,0.065918
0.021667,0.00076294,0.063477
0.021667,0.0010681,0.062256
0.022583,0.0021362,0.065918
0.022736,0.0024414,0.061035
0.024261,0.0032043,0.058594
0.024567,0.0032043,0.053711
0.024567,0.0024414,0.050049
0.025024,0,0.054932
0.026703,0.0032043,0.053711
0.023499,0.0039673,0.05249
0.023193,0.0050354,0.05249
0.023193,0.0038147,0.053711
0.022888,0.0033569,0.050049
0.023041,0.0027466,0.058594
0.023651,0.00091553,0.043945
0.023804,-0.0032043,0.039063
0.023346,-0.00076294,0.040283
0.022736,-0.00091553,0.036621
0.024567,0,0.037842
0.019989,0.00091553,0.037842
0.018768,0.0016785,0.039063
0.017395,0.0010681,0.042725
0.016785,0.00091553,0.037842
0.016632,0.00061035,0.041504
0.017242,0.0018311,0.039063
0.018311,0.0030518,0.040283
0.019989,0.0041199,0.042725
0.016785,0.0042725,0.043945
0.018768,0.0032043,0.050049
0.018768,0.00076294,0.047607
0.019531,-0.00091553,0.053711
0.019836,-0.00045776,0.048828
0.020142,0.0019836,0.043945
0.020752,0.004425,0.054932
0.019684,0.0056458,0.056152
0.018463,0.0047302,0.054932
0.018463,0.0024414,0.059814
0.015564,0.00045776,0.058594
0.019989,-0.00076294,0.062256
0.021057,0.0012207,0.059814
0.022125,0.0059509,0.064697
0.022278,0.0047302,0.058594
0.022125,0.0038147,0.061035
0.021515,0.0021362,0.063477
0.022278,0.00015259,0.063477
0.021362,-0.00045776,0.063477
0.023651,0.0012207,0.065918
0.02243,0.0042725,0.074463
0.022278,0.0047302,0.065918
0.020905,0.0059509,0.070801
0.019226,0.0050354,0.062256
0.018311,0.0024414,0.05127
0.017548,0.0036621,0.058594
0.018921,0.0018311,0.053711
0.019684,0.0042725,0.053711
0.020294,0.0068665,0.048828
0.019836,0.005188,0.047607
0.019989,0.0038147,0.05127
0.019226,0.0016785,0.048828
0.019226,-0.002594,0.047607
0.019531,-0.0022888,0.041504
0.019684,-0.0016785,0.046387
0.020142,-0.00061035,0.043945
0.018158,-0.00015259,0.045166
0.020142,-0.0013733,0.047607
0.019531,-0.0022888,0.041504
0.019226,-0.0030518,0.0354
0.022278,-0.0028992,0.040283
0.020752,-0.00091553,0.026855
0.02121,0.0019836,0.032959
0.021667,0.0093079,0.032959
0.02182,0.0059509,0.039063
0.02182,0.0050354,0.039063
0.021362,0.0038147,0.037842
0.021057,0.0016785,0.041504
0.02182,0.0027466,0.041504
0.023193,0.0047302,0.045166
0.023499,0.0059509,0.042725
0.024567,0.0065613,0.050049
0.023804,0.0064087,0.048828
0.023499,0.005188,0.05127
0.022888,0.0039673,0.05249
0.022125,0.0042725,0.058594
0.024109,0.0054932,0.064697
0.023651,0.0062561,0.062256
0.024261,0.007019,0.073242
0.02182,0.0064087,0.061035
0.020905,0.005188,0.05127
0.020294,0.002594,0.062256
0.019379,0.00015259,0.058594
0.019989,-0.00045776,0.057373
0.018921,0.00045776,0.063477
0.018463,-0.002594,0.061035
0.016632,0.0012207,0.065918
0.014648,0.0015259,0.065918
0.014038,0.00045776,0.067139
0.013733,-0.0042725,0.061035
0.013123,-0.0019836,0.065918
0.013123,-0.0016785,0.063477
0.012207,-0.0015259,0.061035
0.011444,-0.0012207,0.062256
0.011444,-0.0032043,0.05127
0.011444,-0.0054932,0.056152
0.013428,-0.0073242,0.05127
0.014038,-0.0073242,0.05249
0.018463,-0.0062561,0.048828
0.020294,-0.0038147,0.043945
0.02243,0.0027466,0.041504
0.024414,0.00076294,0.045166
0.026398,0.0010681,0.041504
0.028076,0.0016785,0.043945
0.029602,0.0048828,0.036621
0.031586,0.0030518,0.041504
0.032349,0.0041199,3.8416
0.031891,0.005188,4.8389
0.031738,0.0056458,4.9036
0.031128,0.0045776,4.9109
0.03006,0.0024414,4.9048
0.029144,-0.00061035,4.9121
0.028229,-0.0018311,4.9207
0.027618,-0.0022888,4.906
0.026398,-0.0019836,4.9194
0.023651,-0.0012207,4.9097
0.021667,-0.00030518,4.8999
0.018921,-0.0018311,4.9158
0.017242,-0.0024414,4.9133
0.016785,-0.0035095,4.917
0.016479,-0.0033569,4.9158
0.016022,-0.0015259,4.9182
0.015564,0.00030518,4.9231
0.014343,0.0015259,4.9255
0.012512,0.0015259,4.9304
0.011902,0.00076294,4.9255
0.012817,-0.0013733,4.9316
0.014343,-0.0012207,4.9316
0.014801,-0.00045776,4.9316
0.015564,0.0010681,4.9341
0.016632,0.0024414,4.9329
0.016327,0.0033569,4.9316
0.018768,0.0028992,4.9365
0.020294,0.0022888,4.9438
0.024567,0.0021362,4.9341
0.025635,0.002594,4.9219
0.026093,0.0033569,4.9353
0.02655,0.004425,4.939
0.026398,0.0042725,4.9329
0.024719,0.0032043,4.9353
0.023804,0.0012207,4.9316
0.023499,0.0012207,4.9304
0.023041,-0.0033569,4.9243
0.02243,-0.0042725,4.928
0.021362,-0.0047302,4.9194
0.019989,-0.0048828,4.9207
0.018616,-0.0054932,4.9182
0.01709,-0.0062561,4.9207
0.016479,-0.0062561,4.9231
0.01709,-0.0067139,4.917
0.017395,-0.0054932,4.9194
0.017395,-0.0035095,4.9109
0.016785,-0.00091553,4.8999
0.01709,0.00030518,4.9109
0.016479,0.0021362,4.9133
0.016327,0.0030518,4.9097
0.018311,0.0028992,4.9109
0.021057,0.0033569,4.9084
0.023956,0.0038147,4.9048
0.025177,0.0041199,4.9084
0.026398,0.0064087,4.9121
0.025635,0.0062561,4.9084
0.026245,0.0054932,4.9097
0.027924,0.0041199,4.9121
0.029907,0.0033569,4.9158
0.031586,0.0021362,4.9133
0.03067,0.0027466,4.9194
0.031128,0.0027466,4.9182
0.028992,0.0013733,4.9207
0.027161,0.00045776,4.9194
0.026398,-0.0018311,4.9268
0.027313,-0.004425,4.9121
0.027618,-0.0056458,4.9255
0.027618,-0.0062561,4.9329
0.025787,-0.0057983,4.9292
0.022888,-0.0050354,4.9292
0.020294,-0.0053406,4.9292
0.018768,-0.0057983,4.9341
0.018768,-0.0065613,4.9304
0.019226,-0.0067139,4.9341
0.019073,-0.0064087,4.928
0.020294,-0.0056458,4.9341
0.018005,-0.0036621,4.9304
0.017395,-0.0021362,4.9353
0.017853,-0.00045776,4.9487
0.019531,-0.00030518,4.939
0.022583,0.00076294,4.9353
0.025024,0.00076294,4.9353
0.026855,0.0019836,4.9133
0.026093,0.0036621,4.928
0.026703,0.0053406,4.928
0.027466,0.0059509,4.9194
0.027771,0.0064087,4.9231
0.031128,0.0068665,4.9158
0.031433,0.0033569,4.9219
0.032806,0.0032043,4.9182
0.033417,0.0048828,4.9207
0.031586,0.0041199,4.9133
0.029907,0.0045776,4.9182
0.028839,0.0045776,4.9158
0.028076,0.0010681,4.9194
0.027008,0.0022888,4.9109
0.027466,0.00091553,4.9121
0.02533,0.00030518,4.9084
0.022583,-0.00091553,4.9109
0.019531,-0.00076294,4.9072
0.017242,-0.0016785,4.9072
0.015869,-0.0019836,4.917
0.017395,-0.0010681,4.9109
0.018311,-0.0028992,4.9109
0.019226,-0.0024414,4.9072
0.021667,-0.0018311,4.9133
0.019073,-0.0012207,4.9048
0.019836,-0.00061035,4.9146
0.021057,0.0019836,4.9146
0.023346,0.002594,4.9194
0.025635,0.0033569,0.048828
0.028839,0.0036621,0.053711
0.030518,0.0038147,0.057373
0.031738,0.0041199,0.061035
0.029907,0.0054932,0.068359
0.029907,0.0059509,0.059814
0.030975,0.0065613,0.06958
0.034027,0.0068665,0.062256
0.036163,0.0057983,0.054932
0.037994,0.0054932,0.061035
0.037994,0.0050354,0.062256
0.035248,0.005188,0.062256
0.033569,0.0047302,0.062256
0.031738,0.0045776,0.062256
0.033722,0.0042725,0.065918
0.031128,0.0041199,0.064697
0.030365,0.0033569,0.067139
0.027924,0.0030518,0.061035
0.024567,0.0039673,0.067139
0.021515,0.0048828,0.065918
0.019684,0.0059509,0.062256
0.019379,0.0042725,0.061035
0.019379,0.0059509,0.057373
0.022888,0.0053406,0.061035
0.023651,0.004425,0.054932
0.022736,0.0024414,0.059814
0.021362,0.0041199,0.047607
0.020447,0.0041199,0.048828
0.020752,0.0041199,0.042725
0.022125,0.0030518,0.046387
0.023956,0.0018311,0.046387
0.024719,0.00076294,0.043945
0.024872,-0.00061035,0.037842
0.021973,-0.0019836,0.042725
0.02121,-0.0016785,0.037842
0.021362,-0.0015259,0.041504
0.023193,-0.00045776,0.042725
0.026093,-0.0024414,0.040283
0.028534,-0.0038147,0.036621
0.028839,-0.0074768,0.039063
0.028687,-0.0030518,0.054932
0.027618,-0.0021362,0.039063
0.026703,-0.00061035,0.048828
0.027771,-0.00015259,0.043945
0.028992,0.0035095,0.025635
0.030365,-0.00076294,0.040283
0.031281,-0.0022888,0.041504
0.03067,-0.0032043,0.050049
0.028534,-0.0030518,0.050049
0.027466,-0.0041199,0.048828
0.027008,-0.002594,0.053711
0.026855,-0.0019836,0.054932
0.029144,-0.002594,0.059814
0.029602,-0.0021362,0.056152
0.028229,-0.0019836,0.063477
0.027466,-0.0012207,0.062256
0.024567,0.00015259,0.065918
0.022888,0.0015259,0.06958
0.023041,0.00015259,0.061035
0.024719,0.0018311,0.063477
0.026245,0.00076294,0.056152
0.026245,-0.00076294,0.075684
0.025635,-0.0033569,0.063477
0.024261,-0.00030518,0.061035
0.022583,0.00091553,0.065918
0.02243,0.0016785,0.065918
0.023804,0.0013733,0.063477
0.024719,0.00030518,0.062256
0.024872,-0.00030518,0.058594
0.024719,-0.0012207,0.059814
0.022125,-0.00030518,0.05249
0.020142,0.0013733,0.05127
0.018921,0.0033569,0.050049
0.020294,0.0039673,0.05249
0.02182,0.0032043,0.05127
0.022583,0.0016785,0.050049
0.021973,-0.00076294,0.054932
0.020752,-0.0022888,0.046387
0.018463,-0.0021362,0.050049
0.016937,-0.00030518,0.043945
0.017242,0.0010681,0.031738
0.018463,0.0010681,0.042725
0.021362,0.00030518,0.040283
0.021057,-0.0018311,0.037842
0.019836,-0.0018311,0.040283
0.017853,-0.00091553,0.036621
0.016479,0.00091553,0.039063
0.015564,0.0035095,0.040283
0.016785,0.0035095,0.042725
0.018616,0.0024414,0.039063
0.020142,0.00030518,0.041504
0.020447,-0.00091553,0.039063
0.018921,-0.0010681,0.042725
0.017548,0.0010681,0.041504
0.013885,0.0035095,0.046387
0.016479,0.0045776,0.046387
0.0177,0.0045776,0.05249
0.018768,0.0032043,0.064697
0.019531,0.0018311,0.053711
0.018158,0.0022888,0.047607
0.014648,0.0038147,0.057373
0.014801,0.0053406,0.063477
0.014648,0.0064087,0.058594
0.015717,0.0048828,0.061035
0.01709,0.0021362,0.056152
0.017853,-0.00015259,0.064697
0.01709,-0.00076294,0.058594
0.015717,-0.00061035,0.061035
0.013733,0.0024414,0.059814
0.013275,0.0038147,0.067139
0.014648,0.0041199,0.062256
0.016479,0.0028992,0.067139
0.018311,0.00076294,0.079346
0.019073,-0.00076294,0.064697
0.018616,-0.0012207,0.062256
0.016785,0.00061035,0.065918
0.015869,0.0018311,0.053711
0.015411,0.0019836,4.1882
0.018005,0.0012207,4.8694
0.019073,-0.00045776,4.917
0.020599,-0.0021362,4.9194
0.018768,-0.0033569,4.9158
0.016937,-0.002594,4.9207
0.014954,-0.00045776,4.9158
0.014954,0.0012207,4.9231
0.016327,0.0016785,4.9109
0.017548,-0.00030518,4.9158
0.018768,-0.0021362,4.9109
0.018616,-0.0033569,4.9146
0.017242,-0.0028992,4.9097
0.015717,-0.00076294,4.9109
0.014801,0.0018311,4.9207
0.015869,0.0036621,4.9133
0.0177,0.0041199,4.9207
0.018768,0.0030518,4.9097
0.019989,0.0018311,4.9011
0.020142,0.0021362,4.9097
0.019073,0.0038147,4.9097
0.018005,0.0065613,4.9084
0.018616,0.0090027,4.9109
0.02121,0.0097656,4.9121
0.022888,0.0086975,4.9146
0.022888,0.007019,4.9146
0.022736,0.0053406,4.9207
0.020905,0.0057983,4.9207
0.018616,0.0073242,4.9207
0.017242,0.0093079,4.9292
0.016937,0.0094604,4.9316
0.018311,0.007782,4.9365
0.018311,0.0032043,4.9304
0.017242,-0.00076294,4.9304
0.013428,-0.0038147,4.9329
0.013275,-0.0036621,4.9341
0.010834,-0.0022888,4.9329
0.010223,-0.0021362,4.9255
0.011597,-0.0018311,4.9304
0.013275,-0.0039673,4.9316
0.013733,-0.0059509,4.9304
0.013123,-0.0059509,4.9341
0.012207,-0.004425,4.9316
0.012665,-0.0027466,4.9353
0.01358,0.00015259,4.9341
0.015869,0.0035095,4.9365
0.020142,0.0015259,4.9304
0.023651,0.0013733,4.9316
0.025482,0.0012207,4.9255
0.025177,0.0024414,4.9329
0.025635,0.0057983,4.9255
0.02655,0.0080872,4.9243
0.029297,0.0099182,4.9268
0.032654,0.0094604,4.9207
0.034332,0.0068665,4.9011
0.034332,0.0041199,4.9158
0.032806,0.0041199,4.9194
0.029449,0.0024414,4.9158
0.027161,0.0045776,4.9133
0.026703,0.0061035,4.9072
0.027313,0.0053406,4.9048
0.026855,0.0030518,4.9109
0.026398,-0.00030518,4.9084
0.023956,-0.0035095,4.906
0.021515,-0.0028992,4.9158
0.018921,-0.0013733,4.9097
0.018158,0.0016785,4.9121
0.017242,0.0036621,4.9158
0.019836,0.0028992,4.9109
0.019073,-0.00015259,4.9084
0.016174,-0.0019836,4.9133
0.012512,-0.002594,4.9072
0.010376,0.00030518,4.9158
0.009613,0.0039673,4.9109
0.010986,0.0053406,4.9207
0.012512,0.0048828,4.9207
0.017548,0.0019836,4.9219
0.019226,-0.0013733,4.9255
0.019073,-0.0033569,4.9255
0.019989,-0.0038147,4.9329
0.018921,-0.00045776,4.928
0.020447,0.0010681,4.9329
0.020447,0.0021362,4.9255
0.022888,-0.00091553,4.9353
0.024109,-0.0036621,4.9292
0.023346,-0.0048828,4.928
0.019836,-0.0059509,4.9353
0.019836,-0.0019836,4.9365
0.020447,0.0019836,4.9438
0.022736,0.0018311,4.9341
0.025177,0.0024414,4.9255
0.026703,0,4.9365
0.027771,-0.0022888,4.9304
0.026245,-0.0059509,4.9292
0.023651,-0.0015259,4.9329
0.022125,0.00030518,4.9304
0.021057,0.00076294,4.9292
0.020447,-0.00076294,4.9219
0.019379,-0.0041199,4.9268
0.018005,-0.0073242,4.9207
0.014801,-0.0091553,4.9219
0.010986,-0.0082397,4.9194
0.010223,-0.0064087,4.9243
0.010376,-0.0038147,4.9207
0.011902,-0.0022888,4.9182
0.014496,-0.0032043,4.9133
0.017548,-0.0054932,4.9133
0.018616,-0.0064087,4.9023
0.019836,-0.0065613,4.9072
0.021362,-0.0039673,0.040283
0.024872,-0.00045776,0.037842
0.027313,0.0018311,0.041504
0.030823,0.0028992,0.036621
0.031891,0.00091553,0.040283
0.032654,-0.0015259,0.037842
0.033112,-0.0036621,0.040283
0.033569,-0.0030518,0.037842
0.034027,-0.00061035,0.042725
0.034027,0.0016785,0.042725
0.031433,0.0016785,0.045166
0.034027,0.00030518,0.045166
0.032806,-0.0028992,0.05127
0.031586,-0.0061035,0.053711
0.02533,-0.0082397,0.053711
0.026703,-0.0061035,0.063477
0.024109,-0.0045776,0.057373
0.02121,-0.0039673,0.046387
0.019226,-0.004425,0.057373
0.018311,-0.0074768,0.063477
0.016937,-0.009613,0.061035
0.016632,-0.010681,0.063477
0.015564,-0.010681,0.057373
0.014954,-0.0086975,0.063477
0.015259,-0.0059509,0.058594
0.019226,-0.0053406,0.062256
0.018616,-0.0054932,0.061035
0.020752,-0.0064087,0.067139
0.022125,-0.0065613,0.063477
0.023956,-0.0048828,0.068359
0.025024,-0.0013733,0.080566
0.026398,0.0012207,0.067139
0.028381,0.0033569,0.063477
0.031128,0.0033569,0.062256
0.034332,0.0018311,0.045166
0.036469,0.0010681,0.056152
0.036469,-0.0012207,0.053711
0.036316,0.0016785,0.05249
0.034027,0.0033569,0.050049
0.032196,0.0038147,0.043945
0.030975,0.0024414,0.05249
0.03006,0.00045776,0.042725
0.028839,-0.0027466,0.046387
0.02655,-0.004425,0.041504
0.023956,-0.005188,0.047607
0.021973,-0.0053406,0.042725
0.019684,-0.0041199,0.042725
0.019073,-0.004425,0.039063
0.020294,-0.0054932,0.040283
0.020294,-0.0071716,0.042725
0.020599,-0.0088501,0.041504
0.019989,-0.0074768,0.047607
0.018768,-0.0053406,0.036621
0.018616,-0.0016785,0.031738
0.018616,0.0018311,0.040283
0.019836,0.0036621,0.037842
0.021515,0.0035095,0.040283
0.023651,0.002594,0.042725
0.025482,0.0015259,0.041504
0.026703,0.002594,0.045166
0.027618,0.005188,0.047607
0.028992,0.0074768,0.05127
0.029144,0.0090027,0.05249
0.032043,0.0090027,0.056152
0.032043,0.0074768,0.058594
0.033112,0.0056458,0.058594
0.033875,0.0064087,0.070801
0.031128,0.0086975,0.061035
0.028839,0.011139,0.063477
0.028076,0.013885,0.062256
0.028076,0.012512,0.059814
0.028839,0.010986,0.058594
0.028534,0.0080872,0.061035
0.028839,0.0062561,0.062256
0.027618,0.0061035,0.062256
0.025787,0.0067139,0.064697
0.022888,0.0073242,0.067139
0.02121,0.0064087,0.063477
0.019379,0.0056458,0.068359
0.018005,0.0021362,0.062256
0.016479,0.00030518,0.065918
0.015564,-0.00015259,0.062256
0.015106,0.0013733,0.061035
0.013733,0.0030518,0.053711
0.013275,0.0038147,0.054932
0.015259,0.0041199,0.062256
0.016632,0.0039673,0.05127
0.018311,0.0035095,0.061035
0.019531,0.0050354,0.048828
0.020905,0.0054932,0.040283
0.021973,0.0067139,0.041504
0.022125,0.007782,0.039063
0.022278,0.0076294,0.042725
0.02182,0.0061035,0.041504
0.023499,0.0033569,0.036621
0.024109,0.0021362,0.042725
0.024261,0.0021362,0.039063
0.024261,0.002594,0.040283
0.025024,0.0038147,0.040283
0.026245,0.0033569,0.042725
0.026398,0.0028992,0.040283
0.027161,0.00076294,0.042725
0.027924,0.00015259,0.05127
0.027313,0.00015259,0.040283
0.02655,0.0012207,0.040283
0.024872,0.0028992,0.043945
0.024567,0.0028992,0.032959
0.023041,0.0032043,0.042725
0.021515,0.0021362,0.032959
0.020752,0.00091553,0.047607
0.019684,-0.00061035,0.05249
0.019226,0.00015259,0.05249
0.019531,0.00076294,0.054932
0.019531,0.0015259,0.047607
0.019989,0.0021362,0.061035
0.019989,0.0010681,0.058594
0.019531,0.00076294,0.065918
0.021515,0.00061035,0.057373
0.023956,0.0015259,4.4983
0.022125,0.0035095,4.8914
0.021362,0.0056458,4.9268
0.018921,0.0068665,4.9377
0.022736,0.0065613,4.9365
0.021973,0.0065613,4.9463
0.021973,0.0054932,4.9438
0.023193,0.005188,4.9255
0.022736,0.004425,4.9353
0.022583,0.0036621,4.9341
0.02182,0.0042725,4.9304
0.021362,0.0012207,4.9316
0.019684,-0.00061035,4.9255
0.017548,-0.0018311,4.9243
0.0177,-0.0022888,4.9231
0.018768,-0.0012207,4.9243
0.0177,0.0010681,4.917
0.0177,0.0027466,4.9182
0.01709,0.0041199,4.9182
0.016785,0.0027466,4.9243
0.016479,0.0016785,4.9158
0.017853,0.00030518,4.917
0.015717,0.00091553,4.9121
0.01709,0.00091553,4.9146
0.01709,0.0015259,4.9084
0.017242,0.00030518,4.9109
0.016632,0.00030518,4.8987
0.016479,-0.00061035,4.9097
0.016479,-0.00076294,4.9133
0.016937,0.00076294,4.9084
0.018311,0.00076294,4.9072
0.018768,0.0015259,4.906
0.019836,0.0015259,4.9084
0.020599,0.0024414,4.9084
0.020752,0.0013733,4.9133
0.019989,-0.00015259,4.9097
0.021057,-0.00091553,4.9182
0.020599,0.0012207,4.9158
0.020599,-0.00015259,4.9219
0.020447,0.00045776,4.9316
0.018616,0,4.9243
0.019073,-0.0012207,4.9255
0.017548,-0.0016785,4.9255
0.01709,-0.0019836,4.9133
0.018463,-0.0018311,4.9292
0.018158,0.00015259,4.928
0.018921,0.00030518,4.9292
0.018921,-0.0021362,4.9304
0.020294,-0.00045776,4.928
0.019226,-0.0015259,4.9353
0.019531,-0.0032043,4.9304
0.020294,-0.0041199,4.9304
0.020447,-0.0042725,4.9304
0.020142,-0.0048828,4.9377
0.020752,-0.0047302,4.9402
0.020294,-0.0039673,4.9353
0.021057,-0.0057983,4.939
0.021057,-0.0053406,4.9377
0.020599,-0.005188,4.9341
0.022888,-0.0039673,4.9316
0.023346,-0.0028992,4.9231
0.024414,-0.0035095,4.9231
0.021973,-0.0030518,4.9182
0.023346,-0.0045776,4.9219
0.023041,-0.0042725,4.9194
0.023193,-0.0035095,4.917
0.023346,-0.0038147,4.9219
0.027313,-0.0013733,4.9146
0.023499,-0.0013733,4.9146
0.021515,-0.00076294,4.9097
0.021057,-0.0015259,4.9133
0.019989,-0.00076294,4.9109
0.020447,0.00045776,4.9194
0.021057,0.0019836,4.9121
0.020142,0.002594,4.9158
0.021057,0.0033569,4.9219
0.020447,0.0032043,4.9133
0.019226,0.002594,4.9207
0.019836,0.002594,4.9072
0.019531,0.0018311,4.8987
0.020752,0.0022888,4.9133
0.019989,0.0019836,4.9097
0.019836,0.00076294,4.9072
0.017548,-0.00076294,4.9146
0.016327,-0.0022888,4.9231
0.014038,-0.0041199,4.9158
0.015869,-0.0045776,4.9182
0.015564,-0.0048828,4.9255
0.016479,-0.0048828,4.9182
0.016937,-0.0076294,4.917
0.016937,-0.0047302,4.9353
0.016785,-0.0048828,4.9304
0.01709,-0.0042725,4.9329
0.016937,-0.0045776,4.9304
0.016785,-0.0032043,4.928
0.016937,-0.0019836,4.9329
0.018311,-0.00061035,4.9426
0.017548,0,4.9341
0.018768,0.00061035,4.9207
0.018768,0.00030518,4.9304
0.019379,-0.00030518,4.9341
0.019989,0,4.9365
0.020905,0.00015259,4.9377
0.022125,-0.00061035,4.9341
0.023041,0.0024414,4.9377
0.023651,0.0035095,4.9329
0.024567,0.0016785,4.9329
0.024719,0.0057983,4.9268
0.024567,0.0050354,0.062256
0.024261,0.0041199,0.056152
0.023499,0.0030518,0.056152
0.022278,0.0013733,0.068359
0.02243,-0.00045776,0.05249
0.022125,-0.0019836,0.053711
0.020142,-0.002594,0.047607
0.018158,0.0015259,0.028076
0.01709,-0.00076294,0.05249
0.017853,-0.00091553,0.047607
0.017242,0.0010681,0.043945
0.0177,0.0018311,0.041504
0.017853,0.0016785,0.039063
0.016632,0.0013733,0.045166
0.015869,0.0010681,0.0354
0.014954,0.00045776,0.037842
0.015564,0.00091553,0.039063
0.016937,0.00045776,0.040283
0.016785,-0.00091553,0.041504
0.016479,-0.0013733,0.040283
0.015106,-0.0019836,0.042725
0.012207,-0.0018311,0.041504
0.013275,-0.0010681,0.037842
0.013733,-0.00076294,0.041504
0.014496,0.00015259,0.039063
0.015259,-0.0010681,0.043945
0.014801,-0.0018311,0.05127
0.014038,-0.0028992,0.050049
0.01358,-0.0035095,0.05249
0.014038,-0.0036621,0.053711
0.014801,-0.0022888,0.057373
0.016479,-0.0018311,0.059814
0.016937,0,0.062256
0.016937,-0.00015259,0.058594
0.017242,-0.00045776,0.059814
0.016937,-0.00045776,0.057373
0.015259,-0.00076294,0.062256
0.017395,-0.00091553,0.059814
0.017242,-0.0018311,0.062256
0.017395,-0.0024414,0.06958
0.018158,-0.0038147,0.065918
0.016632,-0.0050354,0.070801
0.016632,-0.0056458,0.063477
0.016327,-0.0050354,0.05249
0.015717,-0.0019836,0.065918
0.015411,-0.00030518,0.067139
0.015869,0.0030518,0.057373
0.015717,0.0057983,0.062256
0.014801,0.0054932,0.057373
0.015259,0.0047302,0.056152
0.014648,0.0047302,0.05249
0.015259,0.0042725,0.053711
0.016479,0.0038147,0.046387
0.018311,0.0027466,0.048828
0.018616,0.0012207,0.048828
0.019684,-0.00030518,0.048828
0.020294,-0.00061035,0.045166
0.021667,-0.00076294,0.040283
0.019989,-0.00030518,0.043945
0.018463,0.00076294,0.042725
0.019226,0.0018311,0.043945
0.018616,0.0022888,0.040283
0.019684,0.0015259,0.024414
0.019684,0.00076294,0.037842
0.020752,-0.00091553,0.040283
0.021515,-0.0016785,0.040283
0.022278,-0.0038147,0.031738
0.02121,-0.0028992,0.036621
0.021362,-0.0039673,0.042725
0.019836,-0.0027466,0.037842
0.017853,-0.0038147,0.042725
0.015869,-0.0039673,0.042725
0.014648,-0.004425,0.047607
0.014343,-0.0041199,0.046387
0.014343,-0.0039673,0.050049
0.016632,-0.0033569,0.065918
0.018158,-0.0073242,0.056152
0.018616,-0.002594,0.057373
0.022583,-0.0015259,0.059814
0.023956,0.00015259,0.046387
0.025482,0.0013733,0.059814
0.026703,0.0019836,0.058594
0.02655,0.0024414,0.062256
0.026093,0.0027466,0.063477
0.024261,0.0064087,0.058594
0.022583,0.0015259,0.062256
0.02182,0.00076294,0.061035
0.021973,0.00091553,0.062256
0.024567,0.00045776,0.062256
0.024414,0.00076294,0.067139
0.02533,0.00076294,0.067139
0.02655,-0.00091553,0.067139
0.027008,0.00045776,0.072021
0.027618,0.00076294,0.064697
0.026703,0.00045776,0.064697
0.026245,0.0038147,0.059814
0.023651,0.00076294,0.070801
0.02243,0,0.054932
0.020752,-0.00076294,0.05127
0.018921,-0.002594,0.041504
0.018616,-0.0030518,0.048828
0.018463,-0.0042725,0.046387
0.019379,-0.0045776,0.046387
0.021057,-0.002594,0.042725
0.02182,-0.0035095,0.045166
0.023193,-0.0019836,0.042725
0.023346,-0.00061035,0.042725
0.023651,0.00091553,0.039063
0.025482,0.00076294,0.040283
0.025635,0.0010681,0.0354
0.02533,0.0024414,0.040283
0.026855,0.002594,0.047607
0.026245,0.002594,0.041504
0.026398,0.0027466,0.043945
0.024414,0.0015259,0.041504
0.027313,0.00076294,0.030518
0.028534,-0.00015259,0.039063
0.029449,-0.00061035,0.036621
0.033569,0.00076294,3.5193
0.029907,0.00045776,4.8279
0.029907,0.0024414,4.9011
0.031891,0.0071716,4.9133
0.03067,0.0048828,4.9109
0.030975,0.0059509,4.9231
0.030518,0.0064087,4.9268
0.025177,0.005188,4.9268
0.027924,0.0047302,4.9255
0.026093,0.0035095,4.9316
0.025024,-0.0039673,4.928
0.023346,0.00091553,4.9304
0.024567,0.0010681,4.9329
0.024567,0.0019836,4.9377
0.023651,0.0028992,4.9402
0.023651,0.0039673,4.9329
0.024261,0.0035095,4.9121
0.024109,0.0033569,4.9304
0.023346,0.0039673,4.9365
0.023346,0.0036621,4.9341
0.023193,0.004425,4.9353
0.022278,0.0042725,4.9316
0.020752,0.0039673,4.9365
0.020905,0.0013733,4.9304
0.020905,-0.00061035,4.9316
0.020447,-0.00061035,4.9255
0.02121,-0.002594,4.9304
0.021515,-0.0015259,4.9231
0.021973,-0.00061035,4.928
0.023346,-0.00030518,4.9316
0.022888,-0.00030518,4.9219
0.023499,-0.00091553,4.9158
0.023956,-0.00076294,4.9207
0.025635,0.00061035,4.906
0.025787,0.0013733,4.9207
0.026703,0.0013733,4.9121
0.026855,0.00091553,4.9146
0.027466,-0.00076294,4.9097
0.027008,-0.0021362,4.9072
0.027313,-0.0030518,4.9072
0.027466,-0.0039673,4.9097
0.028381,-0.00061035,4.9097
0.028839,-0.0021362,4.9036
0.028687,-0.0021362,4.9158
0.027618,-0.0041199,4.9084
0.027008,-0.0016785,4.9109
0.026245,-0.00045776,4.9084
0.02594,0.00061035,4.9109
0.026855,0.0016785,4.9207
0.027618,0.0019836,4.906
0.027008,0.0028992,4.9255
0.025482,0.0035095,4.9194
0.024414,0.0038147,4.9072
0.024109,0.0032043,4.9243
0.023499,0.0038147,4.9219
0.025787,0.0041199,4.9231
0.023346,0.0041199,4.9255
0.023804,0.0041199,4.9255
0.023804,0.0039673,4.9316
0.024109,0.0042725,4.9304
0.02243,0.0033569,4.9341
0.02243,0.0041199,4.9304
0.022736,0.004425,4.9353
0.023651,0.0042725,4.9329
0.023804,0.0035095,4.9341
0.024261,0.0032043,4.9414
0.023804,0.0021362,4.9402
0.023499,0.0022888,4.9341
0.022888,0.0018311,4.9365
0.021973,0.0019836,4.9414
0.021973,0.0013733,4.9353
0.021057,0.00030518,4.9329
0.020905,-0.00045776,4.9316
0.020905,-0.00030518,4.9304
0.020447,0.00076294,4.928
0.021057,0.0016785,4.928
0.02121,0.0030518,4.9231
0.021667,0.002594,4.917
0.02121,0.0047302,4.917
0.021515,0.0047302,4.9207
0.022125,0.0045776,4.9207
0.022736,0.0039673,4.906
0.02243,0.0042725,4.9158
0.021515,0.0045776,4.9194
0.020294,0.0045776,4.9255
0.019073,0.0028992,4.9158
0.018463,0.0027466,4.9207
0.018158,0.002594,4.9133
0.018158,0.00045776,4.9011
0.018463,0.00030518,4.9097
0.017853,0.00030518,4.9109
0.018311,0.0018311,4.9109
0.017853,0.0053406,4.9097
0.018616,0.0062561,4.906
0.019531,0.0053406,4.9097
0.019684,0.0061035,4.9097
0.019684,0.0042725,4.9133
0.019684,0.0038147,4.9109
0.020447,0.0042725,4.917
0.019531,0.0041199,4.9194
0.019226,0.0047302,4.9207
0.018768,0.0061035,4.9316
0.018158,0.0053406,4.9255
0.0177,0.0053406,4.9255
0.017242,0.0050354,4.9329
0.016785,0.0035095,4.928
0.016632,0.0027466,4.9304
0.016479,0.0028992,4.9438
0.017242,0.0024414,0.065918
0.018616,0.0039673,0.062256
0.019684,0.0032043,0.062256
0.021057,0.0018311,0.063477
0.019531,0.00061035,0.059814
0.020294,0.0015259,0.063477
0.020752,0.0013733,0.062256
0.021057,0.0019836,0.068359
0.019531,0.0027466,0.065918
0.019836,0.0016785,0.068359
0.019531,-0.00045776,0.067139
0.020142,-0.0019836,0.065918
0.019531,-0.0024414,0.068359
0.019073,-0.0013733,0.063477
0.019379,0.0010681,0.070801
0.018768,0.002594,0.054932
0.019836,0.0035095,0.047607
0.018921,0.0045776,0.05249
0.018921,0.004425,0.048828
0.019836,0.0042725,0.045166
0.019379,0.0039673,0.05127
0.019531,0.0038147,0.042725
0.019379,0.0033569,0.042725
0.018921,0.004425,0.041504
0.019226,0.0048828,0.045166
0.018768,0.0054932,0.040283
0.019226,0.0045776,0.042725
0.019073,0.0035095,0.041504
0.018463,0.0035095,0.043945
0.018616,0.0039673,0.043945
0.018768,0.0050354,0.039063
0.019226,0.0068665,0.042725
0.018921,0.005188,0.045166
0.017853,0.0071716,0.032959
0.017395,0.0047302,0.039063
0.016174,0.0019836,0.040283
0.016632,-0.0013733,0.037842
0.016174,-0.0022888,0.041504
0.015411,-0.0028992,0.042725
0.014954,-0.0047302,0.048828
0.01236,-0.0059509,0.050049
0.012054,-0.0079346,0.053711
0.011292,-0.0090027,0.05127
0.013123,-0.0097656,0.053711
0.01236,-0.0091553,0.058594
0.01358,-0.0068665,0.061035
0.014191,-0.004425,0.058594
0.014038,-0.0018311,0.063477
0.015717,-0.0018311,0.06958
0.016632,-0.0027466,0.062256
0.018005,-0.0028992,0.068359
0.021515,-0.0033569,0.062256
0.022278,-0.0018311,0.045166
0.024261,-0.00045776,0.061035
0.024567,0.0010681,0.06958
0.027618,0.00030518,0.067139
0.02594,-0.00091553,0.065918
0.026703,-0.0028992,0.062256
0.027161,-0.0041199,0.068359
0.028534,-0.0042725,0.061035
0.029602,-0.0028992,0.062256
0.028992,-0.0019836,0.057373
0.029449,-0.0018311,0.058594
0.02594,-0.0024414,0.05249
0.023804,-0.0038147,0.050049
0.022125,-0.0045776,0.061035
0.021515,-0.0035095,0.05127
0.020294,-0.0013733,0.048828
0.019531,0.00015259,0.046387
0.01709,0.0024414,0.037842
0.015411,0.00030518,0.043945
0.013885,-0.00091553,0.042725
0.012207,-0.0013733,0.041504
0.011749,-0.0027466,0.040283
0.011902,-0.0018311,0.037842
0.013123,-0.0027466,0.036621
0.01358,-0.0036621,0.036621
0.01358,-0.0039673,0.040283
0.014648,-0.0067139,0.037842
0.015411,-0.0079346,0.040283
0.014038,-0.0074768,0.037842
0.017395,-0.0061035,0.041504
0.018768,-0.004425,0.037842
0.018921,-0.002594,0.041504
0.018311,-0.0016785,0.05249
0.017548,-0.0022888,0.043945
0.018311,-0.0027466,0.057373
0.019531,-0.0013733,0.046387
0.019684,-0.0018311,0.039063
0.022736,-0.0019836,0.05127
0.024261,-0.0022888,0.053711
0.023499,-0.0024414,0.053711
0.022278,-0.0053406,0.058594
0.021362,-0.0053406,0.054932
0.019836,-0.0067139,0.061035
0.020142,-0.0074768,0.058594
0.018311,-0.0071716,0.062256
0.017395,-0.007019,0.058594
0.016327,-0.0071716,0.062256
0.016327,-0.0068665,0.064697
0.01358,-0.0062561,0.063477
0.01358,-0.005188,0.065918
0.013885,-0.0028992,0.067139
0.014496,-0.00061035,0.065918
0.015869,0.00076294,0.065918
0.016022,0.002594,0.073242
0.016327,0.0068665,0.065918
0.016479,0.0038147,0.056152
0.017242,0.0038147,0.057373
0.0177,0.0021362,0.059814
0.018616,-0.00030518,0.054932
0.020142,0.00015259,0.05249
0.02121,0.00030518,0.047607
0.022583,0.00030518,0.05249
0.023041,0.00030518,0.047607
0.023193,0.00045776,0.046387
0.023499,-0.0012207,0.047607
0.024261,-0.002594,0.05127
0.024414,-0.0022888,1.7651
0.023651,-0.0013733,4.7278
0.022888,0.00045776,4.9097
0.02182,0.0022888,4.9084
0.018768,0.00076294,4.9146
0.020447,-0.00015259,4.9109
0.020447,-0.00061035,4.8938
0.020599,-0.0033569,4.9072
0.02121,-0.0042725,4.9097
0.02182,-0.0061035,4.9109
0.021973,-0.0073242,4.9097
0.021973,-0.0082397,4.906
0.022125,-0.0099182,4.9121
0.021667,-0.0097656,4.9084
0.022125,-0.0093079,4.9121
0.02121,-0.0074768,4.9097
0.021057,-0.0056458,4.9207
0.020142,-0.0033569,4.917
0.020905,-0.0021362,4.9219
0.020752,-0.0013733,4.9243
0.020142,-0.00091553,4.9243
0.023651,-0.0018311,4.9243
0.024719,-0.0021362,4.9304
0.026703,-0.0013733,4.9377
0.028839,-0.00061035,4.928
0.029449,0,4.9207
0.029449,0.00030518,4.9329
0.029449,0.0039673,4.9304
0.028229,0.0024414,4.9304
0.027924,0.0027466,4.9353
0.027466,0.0022888,4.9329
0.02594,0.0012207,4.9341
0.023956,0.0015259,4.9329
0.026245,0.00061035,4.9365
0.024109,0.00030518,4.9329
0.024719,0.00015259,4.9365
0.024719,-0.00015259,4.9304
0.025177,-0.00015259,4.9377
0.024567,0.0016785,4.9414
0.023041,0.00061035,4.9304
0.02182,0.00091553,4.9268
0.020447,0.00061035,4.9255
0.018158,0.00045776,4.9097
0.018005,-0.00045776,4.9255
0.017853,-0.0016785,4.9182
0.019379,-0.0012207,4.9194
0.020142,-0.00076294,4.9158
0.021362,0.0010681,4.8926
0.023346,0.0022888,4.9133
0.024261,0.0028992,4.9109
0.025482,0.002594,4.9146
0.027313,0.0015259,4.9084
0.028687,0.0013733,4.9109
0.029449,0.0012207,4.9036
0.028534,0.0013733,4.9146
0.028839,0.0041199,4.9084
0.028076,0.0042725,4.9146
0.028534,0.0041199,4.9121
0.028381,0.0036621,4.9048
0.028992,0.0045776,4.9158
0.029297,0.0059509,4.9121
0.029449,0.0082397,4.906
0.029297,0.0094604,4.9109
0.028381,0.010223,4.9146
0.027008,0.0088501,4.9194
0.025482,0.007782,4.9158
0.024414,0.0061035,4.9158
0.023956,0.0056458,4.9243
0.02243,0.0067139,4.9243
0.021057,0.0080872,4.9304
0.021667,0.0091553,4.9292
0.019531,0.0090027,4.9341
0.018463,0.0082397,4.9316
0.018768,0.0068665,4.9316
0.018921,0.0061035,4.939
0.017395,0.0054932,4.9316
0.018616,0.0057983,4.9329
0.018005,0.0056458,4.9341
0.018463,0.0048828,4.9231
0.018616,0.0042725,4.9329
0.018616,0.0028992,4.9353
0.018921,0.0024414,4.9341
0.019379,0.0033569,4.9365
0.020905,0.0036621,4.9304
0.022125,0.004425,4.9377
0.023041,0.004425,4.9304
0.022888,0.0013733,4.9316
0.02243,0.0030518,4.9255
0.022125,0.0035095,4.9292
0.019531,0.0013733,4.9243
0.02182,0.00061035,4.9231
0.02243,0.0027466,4.9231
0.023651,0.0038147,4.9231
0.022888,0.0042725,4.9231
0.02243,0.0036621,4.9182
0.023193,0.0021362,4.9268
0.023346,0.0010681,4.9133
0.024719,0.0012207,4.8999
0.024872,0.0016785,4.9146
0.022583,0.0033569,4.9121
0.023346,0.0042725,4.9097
0.022583,0.0045776,4.9121
0.020905,0.0033569,4.9084
0.019684,0.00061035,4.9109
0.020294,0.00045776,4.906
0.020599,0.00015259,4.9133
0.022125,0.0010681,4.9036
0.023804,0.0012207,4.9133
0.023499,0.0033569,0.042725
0.024261,0.0036621,0.045166
0.025024,0.0032043,0.054932
0.024261,0.0045776,0.047607
0.023956,0.0036621,0.05249
0.023956,0.0042725,0.048828
0.022583,0.0056458,0.043945
0.022278,0.0062561,0.05127
0.020752,0.0053406,0.053711
0.019836,0.0039673,0.05127
0.020599,0.0016785,0.061035
0.018921,0.00045776,0.059814
0.020294,0.00061035,0.062256
0.020752,0.0038147,0.061035
0.020599,0.0033569,0.063477
0.020752,0.004425,0.061035
0.019073,0.0030518,0.062256
0.019379,0.00091553,0.063477
0.019531,-0.0015259,0.063477
0.018921,-0.0016785,0.067139
0.019684,-0.00091553,0.06958
0.020599,0.00061035,0.068359
0.020599,0.0018311,0.067139
0.020294,0.0018311,0.078125
0.019836,0.00030518,0.067139
0.020294,-0.0032043,0.048828
0.02121,-0.0015259,0.059814
0.022583,-0.00030518,0.058594
0.023193,0.0024414,0.053711
0.023651,0.0041199,0.053711
0.022888,0.005188,0.047607
0.021667,0.0035095,0.050049
0.020447,0.0035095,0.046387
0.021057,0.00061035,0.050049
0.020905,0.00076294,0.048828
0.021362,0.0024414,0.048828
0.020905,0.0036621,0.042725
0.019836,0.0041199,0.047607
0.018005,0.0021362,0.056152
0.016174,0,0.039063
0.015411,-0.0013733,0.040283
0.015564,-0.0013733,0.041504
0.016174,0.00091553,0.023193
0.01358,0.0030518,0.036621
0.016479,0.0047302,0.040283
0.016479,0.0042725,0.039063
0.01709,0.0021362,0.039063
0.017853,0.00061035,0.036621
0.018158,-0.00030518,0.041504
0.019684,0.00030518,0.041504
0.019836,0.0013733,0.043945
0.019836,0.0016785,0.042725
0.017548,-0.00030518,0.047607
0.017395,-0.0018311,0.045166
0.017548,-0.0041199,0.05249
0.019226,-0.0048828,0.056152
0.020905,-0.0038147,0.053711
0.019531,-0.0021362,0.056152
0.020905,-0.00091553,0.059814
0.019379,0.00091553,0.073242
0.018768,0.00015259,0.059814
0.019531,-0.0015259,0.048828
0.018158,-0.0022888,0.059814
0.020142,-0.0024414,0.059814
0.020599,-0.0010681,0.059814
0.020447,-0.0013733,0.062256
0.020599,0.00030518,0.061035
0.019836,-0.00076294,0.068359
0.019684,-0.0028992,0.061035
0.019836,-0.004425,0.068359
0.019684,-0.0057983,0.061035
0.020752,-0.004425,0.068359
0.020447,-0.002594,0.063477
0.020447,-0.00076294,0.064697
0.019684,-0.00061035,0.067139
0.017853,-0.0015259,0.059814
0.018005,-0.0035095,0.056152
0.016022,-0.0039673,0.053711
0.018311,-0.0024414,0.042725
0.018463,-0.00076294,0.05127
0.018311,0.0021362,0.047607
0.018768,0.0030518,0.047607
0.017395,0.002594,0.046387
0.017548,0.0013733,0.042725
0.018921,-0.0018311,0.043945
0.020142,-0.0013733,0.039063
0.020447,-0.00076294,0.042725
0.020447,0.00045776,0.036621
0.019836,0.0015259,0.040283
0.019073,-0.00015259,0.040283
0.018921,-0.0024414,0.042725
0.019531,-0.0047302,0.041504
0.019531,-0.0059509,0.041504
0.020294,-0.005188,0.047607
0.019379,-0.0039673,0.041504
0.016937,-0.0036621,0.050049
0.018616,-0.0033569,0.041504
0.017548,-0.0047302,0.028076
0.016937,-0.007019,0.040283
0.016479,-0.0094604,0.045166
0.015717,-0.009613,0.046387
0.014191,-0.007782,0.048828
0.013428,-0.0059509,0.048828
0.012665,-0.0041199,0.057373
0.012817,-0.0027466,0.053711
0.013275,-0.0015259,0.053711
0.014496,-0.0018311,0.054932
0.017395,-0.00030518,0.062256
0.019379,0.00015259,0.061035
0.020447,0.0016785,0.063477
0.020142,0.002594,0.067139
0.021057,0.0019836,0.063477
0.021973,-0.00015259,0.056152
0.02182,-0.0018311,0.059814
0.023346,-0.0035095,0.063477
0.023193,-0.0033569,0.067139
0.022888,-0.0024414,0.061035
0.022888,-0.0021362,0.063477
0.022888,0.00091553,3.3606
0.02243,0.0012207,4.8352
0.022583,0.0012207,4.9255
0.023041,0.0024414,4.9329
0.024261,-0.00015259,4.9292
0.023346,0.00015259,4.9243
0.022583,0.00030518,4.9304
0.019989,0.00045776,4.9231
0.01709,-0.00015259,4.9219
0.015259,-0.0016785,4.9243
0.011444,-0.0035095,4.9207
0.011444,-0.005188,4.928
0.011139,-0.0048828,4.9182
0.011139,-0.0048828,4.9255
0.011597,-0.0035095,4.9182
0.011292,-0.0016785,4.9036
0.011292,-0.0012207,4.9121
0.011749,-0.0010681,4.9133
0.013123,-0.00061035,4.9097
0.014343,0.00091553,4.8962
0.014191,0.00076294,4.9097
0.016327,0.0022888,4.9109
0.016327,0.002594,4.9072
0.016479,0.0016785,4.9109
0.01709,0.00061035,4.9084
0.018616,-0.0010681,4.9133
0.021362,-0.0027466,4.9109
0.023041,-0.0019836,4.9133
0.024261,-0.0016785,4.9121
0.024109,0.00045776,4.917
0.022888,0.0018311,4.9023
0.020142,0.0016785,4.9194
0.02121,0.0010681,4.9207
0.021057,-0.00030518,4.9207
0.021362,-0.0012207,4.9121
0.020905,-0.0010681,4.9231
0.020294,-0.00015259,4.928
0.018158,0.0018311,4.9292
0.016632,0.0018311,4.9329
0.014801,0.0015259,4.9292
0.015411,0.0021362,4.9316
0.016937,0.0024414,4.9316
0.018463,0.0045776,4.9353
0.018616,0.0074768,4.928
0.0177,0.0090027,4.9353
0.016479,0.0091553,4.9316
0.015717,0.007782,4.9365
0.017395,0.0057983,4.9475
0.021057,0.0041199,4.9377
0.023499,0.0033569,4.939
0.025177,0.0035095,4.9377
0.023804,0.0035095,4.9109
0.023956,0.0021362,4.9304
0.023041,0.0015259,4.9255
0.022125,0,4.9255
0.02243,-0.0015259,4.9268
0.026855,-0.0018311,4.9207
0.028687,-0.0010681,4.9219
0.030365,0.00061035,4.9182
0.029144,0.0019836,4.9194
0.027924,0.0027466,4.9158
0.027161,0.0033569,4.9219
0.027618,0.0033569,4.9158
0.029602,0.0028992,4.9182
0.03067,0.0022888,4.9146
0.031433,0.0018311,4.9146
0.027618,0.0021362,4.9109
0.025177,0.0021362,4.9133
0.023041,0.0021362,4.9048
0.021973,0.0022888,4.9097
0.022888,0.00015259,4.8926
0.024567,0.00061035,4.9109
0.024872,0.00076294,4.9109
0.024567,0.00015259,4.8987
0.022888,0.0019836,4.9109
0.022583,0.0018311,4.9072
0.022278,0.00061035,4.9097
0.024261,0.00061035,4.9133
0.026245,-0.00091553,4.9207
0.028076,-0.0015259,4.9158
0.028839,-0.0022888,4.9194
0.03006,-0.0016785,4.9231
0.02594,-0.0012207,4.928
0.025177,-0.00030518,4.9292
0.02533,-0.00045776,4.928
0.027313,0.00015259,4.9414
0.028381,0,4.9304
0.028687,-0.00030518,4.9231
0.02655,0.00015259,4.9316
0.02533,0.0015259,4.9316
0.024109,0.0019836,4.9304
0.023346,0.002594,4.9304
0.028534,0.0028992,4.9316
0.02655,0.002594,4.9353
0.028076,0.0030518,4.9194
0.026855,0.002594,4.9377
0.024872,0.0032043,4.9329
0.022583,0.0021362,4.9377
0.021973,0.0015259,4.9341
0.02243,0.00030518,4.9341
0.028229,0,4.9341
0.026245,-0.00045776,4.9304
0.027008,-0.00061035,4.9268
0.024414,-0.0013733,4.9255
0.023346,-0.00015259,4.9231
0.021973,-0.00045776,4.928
0.022583,-0.00061035,4.9158
0.023041,-0.0013733,4.9194
0.02533,-0.00091553,0.046387
0.025177,0,0.046387
0.023499,0.0010681,0.043945
0.020447,0.0013733,0.039063
0.018768,0.0018311,0.045166
0.018463,0.0032043,0.037842
0.019989,0.0039673,0.042725
0.023804,0.0048828,0.042725
0.026245,0.0054932,0.042725
0.026093,0.0057983,0.039063
0.024414,0.0062561,0.040283
0.023956,0.0053406,0.054932
0.023041,0.0059509,0.041504
0.023041,0.0064087,0.05127
0.023651,0.0038147,0.040283
0.025024,0.0068665,0.026855
0.024567,0.0067139,0.040283
0.023804,0.0053406,0.042725
0.022125,0.0048828,0.046387
0.022278,0.0048828,0.048828
0.023193,0.004425,0.047607
0.023651,0.004425,0.057373
0.026855,0.0033569,0.056152
0.027618,0.0019836,0.061035
0.025635,0.0018311,0.057373
0.022125,0.0012207,0.064697
0.019073,0.002594,0.062256
0.016632,0.0042725,0.064697
0.016937,0.0053406,0.070801
0.01709,0.0048828,0.063477
0.019684,0.0048828,0.058594
0.020294,0.0039673,0.065918
0.019226,0.0010681,0.06958
0.018005,0.0027466,0.057373
0.017242,0.0035095,0.062256
0.018616,0.0035095,0.067139
0.021057,0.0024414,0.063477
0.023193,0.00091553,0.063477
0.024414,-0.0013733,0.065918
0.022736,-0.0035095,0.059814
0.020447,-0.0036621,0.057373
0.018921,-0.0035095,0.057373
0.018616,-0.0038147,0.058594
0.019989,-0.0039673,0.05127
0.02243,-0.0047302,0.05249
0.025024,-0.0056458,0.048828
0.02655,-0.0024414,0.050049
0.025787,-0.0036621,0.057373
0.024109,-0.0016785,0.047607
0.023041,0.00045776,0.058594
0.025024,0.0021362,0.042725
0.02655,0.0019836,0.032959
0.028229,0.0012207,0.042725
0.028534,0.0010681,0.037842
0.026245,0.0015259,0.037842
0.023651,0.0028992,0.042725
0.021057,0.0061035,0.039063
0.02121,0.007019,0.040283
0.018768,0.0068665,0.036621
0.025024,0.0048828,0.042725
0.025635,0.002594,0.0354
0.025787,0.0019836,0.029297
0.023804,0.0022888,0.042725
0.022736,0.0038147,0.042725
0.021057,0.004425,0.045166
0.020447,0.0047302,0.036621
0.021515,0.0038147,0.046387
0.02182,0.0021362,0.047607
0.020599,0.00076294,0.05249
0.018768,0.00045776,0.054932
0.015869,0.00091553,0.045166
0.013885,0.0024414,0.05127
0.015869,0.0041199,0.059814
0.018463,0.0045776,0.059814
0.02121,0.0038147,0.059814
0.022888,0.002594,0.061035
0.022278,0.0010681,0.064697
0.020447,0.0021362,0.061035
0.018463,0.0027466,0.063477
0.018005,0.0059509,0.062256
0.019379,0.0065613,0.062256
0.019531,0.0062561,0.061035
0.019684,0.0050354,0.059814
0.020142,0.0030518,0.078125
0.019073,0.0033569,0.068359
0.017242,0.0041199,0.065918
0.017548,0.0059509,0.064697
0.018005,0.0065613,0.043945
0.018921,0.0067139,0.061035
0.019836,0.0056458,0.057373
0.019684,0.0030518,0.053711
0.018768,0.0021362,0.05249
0.016479,-0.00045776,0.048828
0.014801,0.0010681,0.047607
0.013733,0.0021362,0.048828
0.014343,0.0016785,0.047607
0.015869,0.0010681,0.043945
0.016632,0.00015259,0.05127
0.016022,-0.0015259,0.043945
0.013885,-0.00061035,0.043945
0.011444,0.00076294,0.042725
0.0094604,0.0021362,0.041504
0.011749,0.0030518,0.050049
0.013885,0.0016785,0.039063
0.016174,0.00091553,0.040283
0.017242,-0.00076294,0.036621
0.017548,-0.00015259,0.031738
0.017853,0.0013733,0.037842
0.016022,0.0030518,0.039063
0.016785,0.0030518,0.037842
0.018311,0.0032043,0.040283
0.019989,0.0013733,0.037842
0.021362,-0.00061035,0.042725
0.020905,-0.00061035,0.042725
0.019379,0.0010681,0.043945
0.016479,0.00015259,0.043945
0.016174,0.00030518,0.053711
0.016785,0.00076294,2.5659
0.018921,0,4.7839
0.020905,-0.0013733,4.9231
0.021362,-0.0012207,4.9255
0.019379,-0.00076294,4.9353
0.019073,-0.00030518,4.9329
0.017395,0.00091553,4.9268
0.018463,0.0012207,4.9341
0.019684,0.0015259,4.9268
0.020599,-0.00076294,4.9304
0.021515,-0.002594,4.9304
0.019836,-0.0036621,4.928
0.018005,-0.0035095,4.9329
0.015564,-0.0013733,4.9341
0.015564,0.0019836,4.9377
0.016174,0.002594,4.9353
0.018158,0.00091553,4.9353
0.019379,-0.0013733,4.9341
0.019073,-0.0035095,4.9329
0.018616,-0.0038147,4.9316
0.015869,-0.0024414,4.9329
0.016632,-0.0010681,4.9329
0.018005,0.00015259,4.9292
0.019531,-0.00015259,4.9316
0.021515,-0.0021362,4.9207
0.021362,-0.0032043,4.9084
0.020905,-0.0024414,4.917
0.02121,-0.0019836,4.9194
0.019989,0.0018311,4.9158
0.021667,0.0048828,4.9146
0.023804,0.0050354,4.9097
0.025787,0.0047302,4.9146
0.027618,0.0024414,4.9109
0.027466,-0.00030518,4.9109
0.02655,0.00076294,4.9097
0.02533,0.0013733,4.9109
0.024261,0.0027466,4.9109
0.023956,0.0030518,4.9133
0.024567,0.0016785,4.9207
0.024414,-0.002594,4.9109
0.02243,-0.0062561,4.9109
0.019531,-0.0083923,4.9109
0.0177,-0.0080872,4.895
0.017548,-0.0056458,4.9146
0.018463,-0.0032043,4.9109
0.019531,-0.004425,4.9158
0.021515,-0.0068665,4.9182
0.02243,-0.009613,4.917
0.021973,-0.010223,4.9231
0.023804,-0.009613,4.9255
0.019073,-0.0056458,4.9292
0.020142,-0.0032043,4.9255
0.022278,-0.0019836,4.9341
0.024872,-0.0035095,4.9304
0.027008,-0.0048828,4.9365
0.026855,-0.0047302,4.9329
0.030365,-0.0036621,4.9316
0.02655,0,4.9353
0.028229,0.0033569,4.9365
0.031586,0.0062561,4.95
0.034637,0.0024414,4.9341
0.035706,0.00030518,4.9268
0.035248,-0.0019836,4.9329
0.032806,-0.0041199,4.9329
0.029144,-0.0024414,4.9365
0.027313,0.00030518,4.9377
0.02655,0.0019836,4.9353
0.027008,0.0024414,4.9329
0.028229,0.0028992,4.928
0.028534,0.0010681,4.9304
0.027313,0.00030518,4.9231
0.026398,0.00076294,4.9231
0.023956,0.0010681,4.9231
0.023041,0.0028992,4.9243
0.023651,0.0041199,4.9268
0.023499,0.002594,4.9194
0.023804,0.00045776,4.9194
0.021362,-0.00076294,4.9158
0.019226,-0.0010681,4.9023
0.016785,0.0021362,4.917
0.016785,0.0039673,4.9109
0.0177,0.0041199,4.9121
0.019379,0.0047302,4.9097
0.023651,0.0028992,4.9109
0.024567,0.00045776,4.9097
0.024261,-0.0015259,4.9084
0.023346,-0.00091553,4.9084
0.022125,0.00061035,4.9084
0.020599,0.0024414,4.9146
0.022278,0.0032043,4.9121
0.02182,0.0016785,4.9146
0.021973,-0.00030518,4.9109
0.021515,-0.0024414,4.9158
0.022583,-0.0068665,4.9146
0.019379,-0.0036621,4.917
0.019379,-0.0015259,4.9243
0.020447,0.00015259,4.9231
0.021973,-0.00076294,4.9121
0.023346,-0.0021362,4.9231
0.023346,-0.0045776,4.9207
0.022125,-0.0054932,4.928
0.020599,-0.0035095,4.9292
0.018921,-0.0012207,4.9292
0.018311,0.00015259,4.939
0.019073,0.00091553,4.928
0.018921,-0.00076294,4.9353
0.017853,-0.0032043,4.928
0.016327,-0.0048828,4.9316
0.015717,-0.0053406,4.9292
0.013885,-0.0041199,0.062256
0.013885,-0.0028992,0.076904
0.013733,-0.0033569,0.067139
0.015564,-0.0027466,0.065918
0.016785,-0.0042725,0.067139
0.017853,-0.0048828,0.050049
0.016632,-0.0085449,0.058594
0.016785,-0.002594,0.050049
0.015411,-0.00015259,0.054932
0.016479,0.0016785,0.054932
0.016785,0.0016785,0.048828
0.020447,0.00045776,0.05127
0.02182,0.00015259,0.041504
0.022278,-0.00045776,0.05249
0.02243,0.0013733,0.042725
0.02182,0.0036621,0.050049
0.021973,0.0057983,0.046387
0.023499,0.0059509,0.048828
0.023804,0.0047302,0.040283
0.023041,0.0019836,0.042725
0.024109,-0.00045776,0.045166
0.021973,-0.00030518,0.040283
0.020447,0.0010681,0.045166
0.018616,0.002594,0.041504
0.018921,0.0033569,0.024414
0.019073,0.0018311,0.036621
0.020599,-0.00030518,0.041504
0.020294,-0.0024414,0.037842
0.019073,-0.0045776,0.037842
0.017853,-0.0035095,0.040283
0.017548,-0.002594,0.042725
0.01709,-0.0015259,0.041504
0.016632,-0.00045776,0.047607
0.018005,-0.00045776,0.046387
0.019226,-0.0022888,0.05127
0.019073,-0.0036621,0.056152
0.020599,-0.002594,0.056152
0.018921,-0.00015259,0.063477
0.019379,0.0038147,0.062256
0.020905,0.0059509,0.065918
0.021515,0.0050354,0.061035
0.023041,0.0030518,0.057373
0.022736,0.00076294,0.062256
0.023193,-0.0015259,0.057373
0.021515,0.00061035,0.063477
0.021362,0.0028992,0.061035
0.019989,0.004425,0.062256
0.019379,0.0039673,0.064697
0.020294,0.0016785,0.062256
0.019989,-0.00015259,0.067139
0.020447,-0.0024414,0.058594
0.020142,-0.0018311,0.065918
0.020294,0.0010681,0.067139
0.019531,0.0036621,0.063477
0.019379,0.004425,0.062256
0.017395,0.0032043,0.061035
0.018463,0.0010681,0.062256
0.018005,-0.00091553,0.056152
0.018311,-0.00015259,0.062256
0.019836,0.00015259,0.053711
0.019836,0.0013733,0.041504
0.020905,0.0019836,0.047607
0.021973,0.0022888,0.047607
0.023346,0.0019836,0.045166
0.023346,0.0018311,0.043945
0.023346,0.0027466,0.041504
0.023041,0.0038147,0.045166
0.023193,0.0054932,0.036621
0.023193,0.0082397,0.040283
0.023041,0.0083923,0.032959
0.024109,0.0074768,0.040283
0.024414,0.0071716,0.040283
0.024872,0.0054932,0.040283
0.025024,0.0059509,0.05249
0.025787,0.0079346,0.039063
0.024567,0.0093079,0.041504
0.023956,0.010986,0.041504
0.02243,0.01236,0.028076
0.021973,0.010986,0.040283
0.021973,0.010223,0.042725
0.021362,0.0088501,0.040283
0.02243,0.0091553,0.046387
0.022278,0.010071,0.050049
0.022583,0.010071,0.045166
0.021973,0.0099182,0.05249
0.022125,0.0083923,0.058594
0.022736,0.0059509,0.056152
0.022125,0.0041199,0.062256
0.021057,0.0033569,0.059814
0.02182,0.0041199,0.063477
0.020599,0.005188,0.059814
0.019379,0.0053406,0.061035
0.0177,0.005188,0.063477
0.016479,0.0039673,0.062256
0.01709,0.0027466,0.075684
0.017242,0.0027466,0.063477
0.016632,0.0038147,0.053711
0.0177,0.0047302,0.064697
0.0177,0.0045776,0.068359
0.016632,0.0038147,0.063477
0.016327,0.0013733,0.064697
0.016632,-0.0013733,0.057373
0.017395,-0.0019836,0.058594
0.017242,-0.00091553,0.056152
0.018463,0.00030518,0.057373
0.019531,0.0010681,0.048828
0.020142,-0.00061035,0.056152
0.020905,0,0.05127
0.021362,-0.00076294,0.050049
0.021973,0.00045776,0.05127
0.023041,-0.0012207,0.047607
0.023956,0.0042725,0.042725
0.023346,0.0054932,0.040283
0.023193,0.0057983,0.039063
0.022736,0.0047302,0.040283
0.022888,0.0030518,0.041504
0.023651,0.0019836,0.037842
0.025177,0.0039673,0.047607
0.02533,0.0024414,4.6033
0.025635,0.0035095,4.8853
0.025024,0.0041199,4.9023
0.023956,0.0061035,4.9097
0.022583,0.0045776,4.9048
0.021057,0.004425,4.9097
0.020447,0.0048828,4.9133
0.020447,0.005188,4.9133
0.021057,0.0065613,4.9084
0.022278,0.0076294,4.9023
0.020905,0.0067139,4.9231
0.024414,0.0036621,4.9194
0.02533,0.0012207,4.928
0.024872,-0.00061035,4.9243
0.025024,-0.0016785,4.9097
0.023956,0.00045776,4.9268
0.023193,0.0013733,4.9255
0.022583,0.0057983,4.9316
0.019989,0.0018311,4.9304
0.02121,0.0012207,4.9268
0.02121,-0.00015259,4.9365
0.021057,0.00091553,4.9304
0.02182,0.0013733,4.9329
0.022583,0.0024414,4.9292
0.021667,0.0036621,4.9365
0.021515,0.0041199,4.9329
0.019836,0.0016785,4.9365
0.019989,0.0016785,4.9426
0.019073,0.00091553,4.9377
0.017853,0.0027466,4.9365
0.018005,0.0027466,4.9353
0.018768,0.0033569,4.9414
0.018768,0.0032043,4.9292
0.019989,0.0016785,4.9414
0.020447,0.0012207,4.9255
0.020294,0.00091553,4.9255
0.02121,-0.00061035,4.9158
0.018768,0.0021362,4.9207
0.022125,0.0013733,4.9182
0.022278,-0.00076294,4.9194
0.022278,-0.0022888,4.9109
0.023193,-0.0035095,4.9219
0.023041,-0.0035095,4.9121
0.024109,-0.0028992,4.906
0.023956,-0.0016785,4.9109
0.023804,-0.00076294,4.9133
0.024261,0.0013733,4.9194
0.023346,0.0021362,4.9133
0.021973,0.0016785,4.9194
0.020905,0.0027466,4.9072
0.020447,0.0028992,4.9011
0.019989,0.0035095,4.9097
0.019531,0.0047302,4.9109
0.02182,0.0039673,4.9109
0.022278,0.0033569,4.9109
0.020142,0.0021362,4.9121
0.023651,0.00061035,4.9121
0.023956,-0.00045776,4.9109
0.024261,-0.00045776,4.9194
0.023346,0.00045776,4.9146
0.023041,-0.00061035,4.9207
0.02182,0.00015259,4.9243
0.020599,-0.00015259,4.928
0.019531,-0.00091553,4.9304
0.020599,-0.00091553,4.9304
0.021057,-0.0018311,4.928
0.023193,-0.0024414,4.9353
0.024414,-0.0015259,4.9402
0.025177,-0.0016785,4.9207
0.027771,-0.002594,4.9329
0.026245,-0.0010681,4.9292
0.025177,-0.00061035,4.9304
0.024719,0.00045776,4.9316
0.023651,0.0028992,4.9329
0.022583,0.0015259,4.9341
0.021667,0.00045776,4.939
0.021057,0.004425,4.9353
0.02121,-0.0016785,4.9329
0.021973,-0.00091553,4.9341
0.023193,-0.0015259,4.939
0.023651,0.00015259,4.928
0.023651,0.0015259,4.9329
0.024261,0.0024414,4.9414
0.023346,0.0024414,4.9268
0.023346,0.0022888,4.9255
0.022888,0.002594,4.9243
0.023041,0.0035095,4.9023
0.022888,0.0039673,4.917
0.022125,0.0047302,4.9133
0.025177,0.0035095,4.9207
0.018463,0.0036621,4.9146
0.021362,0.0021362,4.9097
0.021515,0.0010681,4.9146
0.020905,0.0010681,4.9109
0.022278,0.0010681,4.9097
0.022125,0.00030518,4.906
0.022583,0.00030518,4.9158
0.021973,-0.00061035,4.9109
0.02121,-0.0015259,4.9121
0.019836,-0.0021362,4.9121
0.018158,-0.0045776,4.9048
0.015106,-0.0064087,4.9121
0.01709,-0.0054932,4.9133
0.015411,-0.0057983,4.9084
0.014038,-0.0062561,4.9084
0.013428,-0.0061035,4.906
0.013275,-0.0056458,4.917
0.015411,-0.0048828,4.9146
0.018158,-0.0035095,4.9207
0.02182,-0.002594,0.048828
0.025177,-0.0010681,0.053711
0.027924,-0.0018311,0.059814
0.028839,0.00030518,0.057373
0.028839,0.00091553,0.063477
0.028534,0.0019836,0.059814
0.026855,0.0028992,0.062256
0.027924,0.0042725,0.061035
0.027924,0.0056458,0.063477
0.02655,0.0074768,0.06958
0.028076,0.0074768,0.061035
0.027618,0.0073242,0.073242
0.027008,0.0068665,0.061035
0.026703,0.0047302,0.050049
0.02655,0.0041199,0.065918
0.02533,0.0024414,0.065918
0.024872,-0.0019836,0.062256
0.022888,-0.0033569,0.064697
0.020599,-0.0061035,0.057373
0.016785,-0.0082397,0.059814
0.013123,-0.0090027,0.061035
0.010986,-0.0090027,0.057373
0.0085449,-0.0082397,0.05127
0.0090027,-0.0085449,0.057373
0.0088501,-0.0083923,0.053711
0.010223,-0.0093079,0.05127
0.012665,-0.010071,0.05127
0.015259,-0.010834,0.047607
0.019226,-0.011749,0.046387
0.020294,-0.012054,0.043945
0.02182,-0.011597,0.041504
0.023193,-0.011749,0.042725
0.024109,-0.011597,0.039063
0.023499,-0.010376,0.037842
0.022125,-0.0090027,0.040283
0.02243,-0.0061035,0.037842
0.021973,-0.0033569,0.041504
0.022888,-0.0012207,0.039063
0.024109,-0.00015259,0.040283
0.023956,-0.00030518,0.0354
0.024719,-0.0012207,0.043945
0.024109,-0.0016785,0.041504
0.023804,-0.0015259,0.041504
0.022583,-0.00030518,0.041504
0.020752,0.0013733,0.045166
0.019531,0.0019836,0.057373
0.017395,0.002594,0.048828
0.01709,0.0032043,0.059814
0.016327,0.0035095,0.053711
0.016022,0.0045776,0.037842
0.016022,0.0048828,0.056152
0.015869,0.0062561,0.058594
0.015106,0.0062561,0.061035
0.014191,0.0056458,0.059814
0.013123,0.0056458,0.058594
0.01236,0.0050354,0.061035
0.011292,0.0050354,0.058594
0.0097656,0.0068665,0.059814
0.010681,0.0082397,0.058594
0.011292,0.0093079,0.064697
0.012054,0.010223,0.067139
0.015106,0.010223,0.067139
0.017548,0.013885,0.074463
0.021973,0.017853,0.064697
0.025787,0.024109,0.065918
0.031128,0.025482,0.065918
0.032196,0.026855,0.06958
0.034332,0.02594,0.059814
0.036163,0.025024,0.039063
0.038452,0.024414,0.053711
0.039063,0.022888,0.054932
0.039825,0.02121,0.046387
0.039673,0.016022,0.053711
0.038452,0.011597,0.046387
0.036621,0.0064087,0.048828
0.032501,0.0036621,0.042725
0.027771,0.0015259,0.050049
0.022583,0,0.043945
0.01297,-0.0019836,0.040283
0.0050354,-0.0056458,0.037842
-0.0012207,-0.009613,0.042725
-0.0056458,-0.015869,0.05127
-0.0083923,-0.021667,0.040283
-0.0099182,-0.025024,0.048828
-0.0086975,-0.028229,0.039063
-0.0065613,-0.028839,0.029297
-0.0012207,-0.027466,0.037842
0.0042725,-0.023956,0.037842
0.011139,-0.018005,0.028076
0.0177,-0.0094604,0.040283
0.023651,-0.0022888,0.037842
0.031586,0.0093079,0.041504
0.037842,0.017853,0.039063
0.04425,0.022125,0.050049
0.053558,0.022278,0.045166
0.054321,0.019531,0.05249
0.05661,0.014801,0.05249
0.055847,0.01358,0.059814
0.054321,0.0054932,0.061035
0.049133,0.0024414,0.058594
0.044861,-0.00015259,0.062256
0.039825,-0.0016785,0.059814
0.03479,-0.0018311,0.072021
0.032349,-0.0016785,0.059814
0.030518,0.0022888,0.048828
0.03067,0.0061035,0.058594
0.032349,0.010529,0.061035
0.033112,0.013885,0.062256
0.033569,0.013275,0.062256
0.031891,0.011597,0.058594
0.027466,0.0061035,0.067139
0.022125,0.0018311,0.065918
0.016327,-0.00030518,0.065918
0.012054,-0.0045776,0.062256
0.0085449,-0.0083923,0.062256
0.0076294,-0.012512,0.058594
0.0079346,-0.015259,0.062256
0.010834,-0.020752,3.75
0.014954,-0.02243,4.8511
0.019226,-0.021973,4.9158
0.02243,-0.020447,4.9121
0.027924,-0.017548,4.9011
0.031281,-0.014801,4.9133
0.033264,-0.011292,4.9084
0.033569,-0.0076294,4.9146
0.031586,-0.0032043,4.917
0.030212,0.00045776,4.9097
0.031433,0.0061035,4.9146
0.033722,0.0067139,4.9097
0.037079,0.0074768,4.9121
0.041046,0.007019,4.9048
0.041504,0.0085449,4.9133
0.041046,0.00045776,4.9097
0.037842,-0.0041199,4.9109
0.034027,-0.0068665,4.9084
0.031586,-0.0093079,4.9109
0.028992,-0.0097656,4.9146
0.026398,-0.0082397,4.9084
0.023193,-0.0057983,4.9194
0.020599,-0.0033569,4.9109
0.018616,-0.00061035,4.9084
0.016022,0.0019836,4.917
0.017548,0.0057983,4.9182
0.01297,0.0093079,4.9194
0.010681,0.012665,4.9243
0.0074768,0.014191,4.9231
0.0032043,0.013885,4.928
0.00091553,0.014038,4.928
0.00015259,0.013123,4.9329
0.0010681,0.012512,4.9268
0.0039673,0.013275,4.9329
0.0064087,0.014038,4.9341
0.0091553,0.014648,4.9243
0.010681,0.013275,4.9402
0.010986,0.010681,4.9329
0.012207,0.0079346,4.9329
0.013275,0.0056458,4.9353
0.013275,0.0035095,4.939
0.016327,0.0030518,4.9365
0.018005,0.002594,4.9329
0.019226,0.0019836,4.9329
0.019989,0.0013733,4.9329
0.02121,0.00091553,4.9316
0.022278,0.00015259,4.9316
0.024109,0.0012207,4.9268
0.023956,-0.00091553,4.9292
0.021667,-0.00091553,4.9219
0.018005,-0.0016785,4.9072
0.014191,-0.0024414,4.9194
0.0094604,-0.0028992,4.9243
0.0054932,-0.0024414,4.9182
0.004425,-0.0022888,4.9146
0.0050354,-0.0018311,4.9316
0.0079346,-0.00045776,4.9158
0.01358,0.00030518,4.9231
0.0177,0.0016785,4.9048
0.02121,0.0039673,4.8987
0.022888,0.0057983,4.9097
0.024567,0.0073242,4.9097
0.024567,0.0085449,4.9133
0.024567,0.0097656,4.9097
0.023193,0.010681,4.906
0.021973,0.010986,4.9109
0.020142,0.011902,4.9048
0.018158,0.011292,4.9072
0.018158,0.011902,4.9109
0.019836,0.012207,4.9158
0.02182,0.012512,4.9146
0.026855,0.01236,4.9207
0.030212,0.01236,4.9268
0.033569,0.010834,4.9194
0.033875,0.0067139,4.9194
0.032501,0.0021362,4.9243
0.029449,-0.0036621,4.917
0.02594,-0.0099182,4.9268
0.022583,-0.014343,4.9414
0.019073,-0.018311,4.9292
0.015717,-0.021667,4.928
0.013428,-0.022583,4.928
0.010071,-0.02243,4.9353
0.0090027,-0.019379,4.9329
0.009613,-0.014801,4.9304
0.01236,-0.01297,4.9292
0.016327,-0.0097656,4.9341
0.02243,-0.0080872,4.9353
0.026703,-0.007782,4.9353
0.029602,-0.0071716,4.9353
0.032806,-0.0062561,4.939
0.034637,-0.005188,4.9414
0.036926,-0.0030518,4.9353
0.038605,-0.00076294,4.9451
0.040588,0.00091553,4.9304
0.041809,0.0021362,4.9182
0.041962,0.0033569,4.9255
0.041351,0.0050354,4.9255
0.041046,0.0067139,4.9194
0.040283,0.0076294,4.9231
0.041046,0.0099182,4.9194
0.041504,0.011444,4.9158
0.042114,0.013123,4.917
0.041046,0.012512,4.9158
0.041046,0.015717,4.9121
0.036469,0.017395,4.9146
0.032349,0.021057,4.9158
0.029144,0.021057,4.9158
0.02533,0.022278,4.917
0.022125,0.021667,4.9036
0.019226,0.019531,0.037842
0.018768,0.017395,0.041504
0.018158,0.01358,0.031738
0.017395,0.011139,0.042725
0.01709,0.0094604,0.037842
0.017395,0.0085449,0.039063
0.017395,0.0094604,0.042725
0.017242,0.010071,0.039063
0.015717,0.010071,0.040283
0.014038,0.0097656,0.043945
0.011139,0.0097656,0.050049
0.0097656,0.0079346,0.046387
0.0079346,0.0064087,0.053711
0.0076294,0.0048828,0.057373
0.0071716,0.0030518,0.058594
0.0068665,0.0010681,0.053711
0.0079346,-0.0018311,0.062256
0.0074768,-0.0042725,0.063477
0.0083923,-0.0053406,0.061035
0.009613,-0.0050354,0.073242
0.01236,-0.0030518,0.057373
0.01358,-0.0021362,0.046387
0.014496,-0.0010681,0.062256
0.010071,-0.0010681,0.063477
0.01358,-0.0036621,0.062256
0.013428,-0.007019,0.064697
0.011749,-0.011749,0.059814
0.011292,-0.009613,0.067139
0.010529,-0.0074768,0.065918
0.009613,-0.0039673,0.067139
0.011444,-0.0016785,0.062256
0.0094604,0.0016785,0.068359
0.010834,0.0039673,0.057373
0.012207,0.0086975,0.062256
0.015106,0.0097656,0.070801
0.018311,0.012665,0.053711
0.020599,0.014801,0.05249
0.022278,0.0097656,0.050049
0.02243,0.011902,0.032959
0.023804,0.007782,0.048828
0.023041,0.0036621,0.050049
0.022125,-0.00030518,0.046387
0.021515,-0.00061035,0.036621
0.020599,-0.0010681,0.039063
0.020142,-0.00091553,0.041504
0.018921,-0.0021362,0.040283
0.019379,-0.0035095,0.039063
0.018768,-0.004425,0.037842
0.018768,-0.0061035,0.042725
0.018921,-0.0059509,0.040283
0.018463,-0.0053406,0.040283
0.018005,-0.0041199,0.040283
0.016327,-0.0042725,0.036621
0.015259,-0.0048828,0.047607
0.016174,-0.0064087,0.042725
0.015869,-0.0074768,0.05127
0.015564,-0.0074768,0.040283
0.0177,-0.0064087,0.032959
0.019226,-0.004425,0.046387
0.020752,-0.0030518,0.047607
0.021515,-0.0019836,0.048828
0.022736,-0.002594,0.05127
0.023193,-0.0032043,0.05249
0.023499,-0.0032043,0.054932
0.024719,-0.0015259,0.056152
0.024872,0.0010681,0.062256
0.025787,0.0032043,0.056152
0.023651,0.004425,0.063477
0.026093,0.005188,0.061035
0.02594,0.0048828,0.063477
0.027313,0.0033569,0.070801
0.027008,0.0045776,0.061035
0.028534,0.0045776,0.063477
0.029297,0.005188,0.064697
0.029449,0.0062561,0.065918
0.029755,0.0057983,0.063477
0.029144,0.0062561,0.067139
0.028992,0.0061035,0.065918
0.029755,0.0054932,0.068359
0.029449,0.0080872,0.062256
0.028534,0.0094604,0.061035
0.027161,0.0093079,0.057373
0.024261,0.0091553,0.061035
0.022278,0.0073242,0.05249
0.019836,0.005188,0.053711
0.018921,0.0039673,0.046387
0.018616,0.0024414,0.05127
0.017853,0.00076294,0.046387
0.016937,-0.00030518,0.048828
0.016479,-0.0018311,0.059814
0.016174,-0.0019836,0.045166
0.015717,-0.0022888,0.053711
0.016785,-0.0050354,0.042725
0.018463,-0.0015259,0.029297
0.021057,0.00045776,0.037842
0.023956,0.0018311,0.037842
0.02655,0.0018311,0.040283
0.028534,0.0015259,0.040283
0.029907,-0.00015259,0.037842
0.032349,-0.0024414,0.043945
0.034027,-0.0045776,0.039063
0.036011,-0.0053406,0.040283
0.036469,-0.0054932,0.0354
0.036011,-0.0061035,0.042725
0.037689,-0.0053406,0.041504
0.034027,-0.0059509,0.045166
0.033112,-0.007019,0.053711
0.033722,-0.0057983,0.047607
0.034637,-0.0041199,0.05127
0.034027,-0.0015259,0.054932
0.033569,0.0012207,0.056152
0.033417,0.0030518,0.057373
0.032349,0.0018311,0.043945
0.032043,0.0054932,0.059814
0.03067,0.0054932,0.059814
0.030365,0.005188,0.058594
0.028229,0.007019,0.061035
0.026093,0.0079346,4.4678
0.024109,0.0085449,4.8999
0.022583,0.0091553,4.9146
0.02182,0.0094604,4.9316
0.02182,0.0094604,4.9146
0.022736,0.0086975,4.9377
0.023346,0.0091553,4.9353
0.023041,0.0088501,4.939
0.023041,0.0083923,4.9463
0.022736,0.0071716,4.9377
0.02182,0.0048828,4.939
0.021057,0.0028992,4.9316
0.019989,0.00091553,4.9146
0.018616,-0.00045776,4.9268
0.018158,-0.0010681,4.9243
0.014343,-0.0013733,4.9207
0.016479,-0.0016785,4.9243
0.015106,-0.00061035,4.917
0.015106,0.00030518,4.9194
0.014954,0.00061035,4.9158
0.016327,-0.00030518,4.9207
0.016479,0.0012207,4.9121
0.017548,-0.00061035,4.9158
0.018616,-0.00091553,4.9158
0.020142,-0.00045776,4.9158
0.021515,-0.00061035,4.9084
0.025177,-0.0016785,4.9121
0.02655,-0.0015259,4.9121
0.028381,-0.00076294,4.9097
0.030365,0.0010681,4.9133
0.030975,0.004425,4.9109
0.031586,0.0073242,4.9097
0.032806,0.0086975,4.906
0.032501,0.0068665,4.9146
0.034027,0.0035095,4.9097
0.035095,0.0016785,4.9121
0.035706,0.00030518,4.9109
0.037384,0.00091553,4.9182
0.037537,0.0015259,4.917
0.037994,0.0027466,4.9194
0.037994,0.0013733,4.9207
0.037689,-0.00045776,4.9255
0.037231,-0.002594,4.9231
0.036469,-0.0041199,4.928
0.035553,-0.0028992,4.9414
0.034637,-0.0033569,4.9292
0.032806,-0.0042725,4.9341
0.032043,-0.0059509,4.9353
0.030975,-0.0074768,4.9194
0.030365,-0.0088501,4.9292
0.029907,-0.009613,4.9304
0.029602,-0.009613,4.9341
0.030212,-0.0086975,4.9304
0.03006,-0.0090027,4.928
0.030975,-0.0085449,4.939
0.03067,-0.0082397,4.9365
0.031281,-0.0094604,4.9353
0.032196,-0.0091553,4.9292
0.032349,-0.010529,4.9329
0.032806,-0.0093079,4.9304
0.033569,-0.0076294,4.9292
0.033875,-0.0068665,4.9316
0.033722,-0.0071716,4.928
0.032501,-0.0076294,4.9292
0.031738,-0.007782,4.9121
0.030212,-0.0068665,4.928
0.029449,-0.0041199,4.9146
0.028839,-0.0010681,4.8962
0.028229,0.0013733,4.917
0.027161,0.0024414,4.9182
0.02655,0.0022888,4.9146
0.026093,0.00076294,4.9133
0.02594,-0.00045776,4.9072
0.02533,0,4.9109
0.025177,0.00091553,4.906
0.024719,0.00091553,4.9133
0.024261,0.0012207,4.9084
0.023651,-0.00015259,4.9121
0.022736,-0.0013733,4.9097
0.02243,-0.002594,4.9109
0.022736,-0.0047302,4.9194
0.02243,-0.002594,4.9133
0.022125,-0.00015259,4.9182
0.023193,0.0021362,4.9133
0.022125,0.0036621,4.9036
0.02243,0.0050354,4.9182
0.023041,0.0039673,4.9182
0.026398,0.0021362,4.9158
0.024261,0.00076294,4.9231
0.023956,-0.00015259,4.9219
0.023804,0.00015259,4.9255
0.021973,0.00045776,4.928
0.020599,0.0010681,4.9316
0.019531,0.00061035,4.9292
0.019226,-0.00061035,4.9341
0.0177,-0.0013733,4.9255
0.018463,-0.0013733,4.9353
0.018921,0.0019836,4.9341
0.018921,0.0062561,4.9353
0.018158,0.0061035,4.9353
0.018158,0.0059509,4.939
0.018311,0.004425,4.9451
0.017548,0.0024414,4.9377
0.018311,0.0012207,4.928
0.016937,0.0012207,4.9341
0.015717,0.0021362,4.9341
0.014191,0.0042725,4.9341
0.011597,0.0042725,4.9316
0.010071,0.0033569,4.9268
0.0094604,0.0035095,4.928
0.0094604,0.0021362,0.059814
0.012207,0.0028992,0.05127
0.013885,0.0047302,0.05127
0.016327,0.0059509,0.05127
0.017242,0.0062561,0.043945
0.0177,0.0042725,0.050049
0.017853,0.0022888,0.053711
0.016479,0.0010681,0.042725
0.016632,-0.00030518,0.047607
0.015564,-0.00045776,0.042725
0.017853,-0.00030518,0.024414
0.013428,-0.00045776,0.0354
0.012512,-0.0016785,0.037842
0.012207,-0.0036621,0.041504
0.011902,-0.0047302,0.040283
0.012054,-0.0041199,0.037842
0.012817,-0.0035095,0.041504
0.013275,-0.0027466,0.036621
0.013428,-0.0015259,0.043945
0.012512,-0.0015259,0.036621
0.011749,-0.0022888,0.045166
0.011292,-0.0042725,0.041504
0.012207,-0.007019,0.046387
0.011749,-0.0071716,0.053711
0.012054,-0.0053406,0.050049
0.013275,-0.0030518,0.05127
0.012054,-0.0021362,0.056152
0.012512,-0.0024414,0.058594
0.01236,-0.0053406,0.053711
0.012512,-0.0061035,0.061035
0.011902,-0.0056458,0.058594
0.01236,-0.0041199,0.061035
0.012665,-0.0015259,0.057373
0.013123,0.00015259,0.067139
0.012054,-0.0010681,0.056152
0.012512,-0.0035095,0.062256
0.011597,-0.0039673,0.059814
0.011139,0.00076294,0.064697
0.011902,0.0048828,0.061035
0.01297,0.0086975,0.063477
0.013428,0.0099182,0.064697
0.014801,0.0082397,0.068359
0.016785,0.0061035,0.074463
0.018921,0.0022888,0.065918
0.021515,0.0018311,0.068359
0.023651,0.0039673,0.061035
0.023804,0.007019,0.046387
0.022736,0.0091553,0.057373
0.020752,0.011749,0.053711
0.018768,0.009613,0.041504
0.018616,0.0053406,0.048828
0.018921,0.00061035,0.045166
0.019836,-0.00076294,0.048828
0.020447,-0.0010681,0.042725
0.020142,0.00045776,0.048828
0.021057,0.0018311,0.037842
0.021057,0.0028992,0.045166
0.02121,0.0033569,0.042725
0.021362,0.0028992,0.041504
0.020752,0.002594,0.039063
0.019989,0.0042725,0.045166
0.018768,0.0067139,0.039063
0.018005,0.010529,0.040283
0.016479,0.0099182,0.041504
0.015564,0.0083923,0.039063
0.015717,0.0054932,0.032959
0.016327,0.0045776,0.037842
0.0177,0.0024414,0.041504
0.019379,0.0028992,0.041504
0.021057,0.0048828,0.041504
0.02182,0.0045776,0.043945
0.021667,0.0047302,0.045166
0.019836,0.0035095,0.047607
0.019379,0.0030518,0.053711
0.018311,0.0033569,0.054932
0.018158,0.0038147,0.056152
0.017395,0.0048828,0.058594
0.012665,0.0061035,0.061035
0.015869,0.0061035,0.075684
0.017242,0.0061035,0.061035
0.018768,0.0057983,0.064697
0.022278,0.0062561,0.057373
0.023804,0.007019,0.046387
0.024414,0.0090027,0.059814
0.024261,0.012054,0.059814
0.023346,0.011597,0.062256
0.023193,0.010986,0.063477
0.023956,0.0088501,0.061035
0.024567,0.0061035,0.068359
0.025024,0.0062561,0.063477
0.024872,0.0074768,0.063477
0.025177,0.0074768,0.061035
0.024872,0.0083923,0.062256
0.025482,0.0083923,0.058594
0.02655,0.0073242,0.058594
0.026398,0.0053406,0.059814
0.025635,0.0035095,0.053711
0.026703,0.0019836,0.057373
0.025787,0.0013733,0.05249
0.024261,0.00076294,0.059814
0.021973,0,0.046387
0.019989,-0.0013733,0.031738
0.019684,-0.0028992,0.041504
0.020905,-0.0041199,0.047607
0.022583,-0.0022888,0.041504
0.024261,-0.00030518,0.040283
0.024872,0.0019836,0.036621
0.02594,0.0056458,0.040283
0.026245,0.007019,0.03418
0.02655,0.0061035,0.042725
0.02655,0.0045776,0.039063
0.02655,0.0041199,0.040283
0.027008,0.0041199,0.041504
0.026855,0.0064087,0.042725
0.027313,0.0086975,0.050049
0.026703,0.0085449,0.042725
0.026398,0.0094604,0.047607
0.02594,0.0094604,4.5593
0.026245,0.0064087,4.873
0.027466,0.0065613,4.9133
0.028687,0.0071716,4.9133
0.028992,0.0064087,4.9158
0.027924,0.0074768,4.9207
0.026398,0.0079346,4.9243
0.02533,0.005188,4.9255
0.025482,0.0059509,4.9231
0.026093,0.0054932,4.9329
0.027924,0.0054932,4.9304
0.027161,0.0071716,4.9329
0.025482,0.010529,4.9353
0.024567,0.010223,4.9365
0.024414,0.0085449,4.928
0.023651,0.0064087,4.9341
0.025482,0.0019836,4.9377
0.024872,-0.0010681,4.9329
0.023041,-0.0022888,4.9402
0.02182,-0.0032043,4.9377
0.019073,-0.0048828,4.9182
0.01709,-0.0067139,4.9329
0.015259,-0.0083923,4.9304
0.01358,-0.011749,4.9329
0.013428,-0.010529,4.9292
0.013428,-0.011444,4.9243
0.01297,-0.010529,4.9255
0.013275,-0.0088501,4.9231
0.013428,-0.0079346,4.9207
0.014954,-0.0073242,4.9097
0.016327,-0.0074768,4.917
0.018921,-0.0094604,4.9182
0.02243,-0.010986,4.9158
0.024109,-0.011749,4.8987
0.024261,-0.012817,4.9158
0.023041,-0.013123,4.9109
0.02182,-0.01297,4.9133
0.021667,-0.013275,4.8975
0.022125,-0.01236,4.9072
0.023956,-0.011902,4.9072
0.025482,-0.011444,4.9097
0.026245,-0.011597,4.9097
0.025482,-0.0091553,4.9072
0.025177,-0.0080872,4.9084
0.02594,-0.0059509,4.9109
0.027466,-0.0030518,4.9109
0.028992,-0.0041199,4.906
0.030365,-0.0035095,4.9158
0.029907,-0.0035095,4.9146
0.024567,-0.0024414,4.9207
0.023346,-0.0010681,4.9158
0.020142,0.00015259,4.9219
0.019684,0.0022888,4.9255
0.020599,0.0041199,4.9243
0.021362,0.0056458,4.939
0.021973,0.0073242,4.9304
0.019989,0.0085449,4.9219
0.022583,0.0097656,4.9316
0.023804,0.011597,4.9304
0.02655,0.013275,4.9304
0.029907,0.013885,4.9292
0.032654,0.014038,4.9304
0.03418,0.012817,4.9341
0.033417,0.012054,4.9316
0.032349,0.007782,4.9329
0.028839,0.0050354,4.9292
0.027161,0.0016785,4.9365
0.024567,0,4.9353
0.019684,-0.00091553,4.9377
0.02121,-0.0015259,4.9402
0.018463,-0.00061035,4.9377
0.014954,-0.0015259,4.9255
0.010681,-0.0015259,4.9292
0.007782,-0.0021362,4.9268
0.0050354,-0.0041199,4.9255
0.0036621,-0.0064087,4.9219
0.0041199,-0.0086975,4.9207
0.0050354,-0.0093079,4.9219
0.0061035,-0.010223,4.9243
0.0062561,-0.010071,4.9207
0.0061035,-0.010834,4.9133
0.0079346,-0.010681,4.9194
0.011444,-0.007782,4.9011
0.014801,-0.0053406,4.9146
0.02182,-0.00076294,4.9158
0.028381,0.0045776,4.9158
0.033875,0.010223,4.9084
0.037537,0.014343,4.9146
0.042267,0.0177,4.9219
0.045166,0.018921,4.9133
0.049133,0.020142,4.9207
0.051422,0.015259,4.9097
0.050812,0.012207,4.8999
0.048828,0.0093079,4.906
0.043335,0.0074768,4.9109
0.037537,0.0068665,4.9133
0.033417,0.0074768,4.9072
0.031433,0.0076294,4.9097
0.030823,0.0067139,4.9158
0.03067,0.0083923,4.9194
0.029297,0.0083923,4.9243
0.026703,0.012665,4.9194
0.026398,0.015411,4.9268
0.026245,0.017853,4.9329
0.027618,0.018311,4.9316
0.028992,0.016937,4.9426
0.03067,0.013123,4.9329
0.03067,0.0088501,4.9304
0.028229,0.0076294,4.9341
0.024567,0.0015259,4.9329
0.021973,0.00015259,0.062256
0.020599,0.00076294,0.061035
0.021667,0.0010681,0.062256
0.023193,0.0015259,0.063477
0.026093,0.0019836,0.063477
0.027313,0.0019836,0.065918
0.028381,0.0033569,0.065918
0.029144,0.0054932,0.067139
0.029755,0.0076294,0.061035
0.031891,0.0073242,0.065918
0.034485,0.010681,0.059814
0.032501,0.009613,0.058594
0.029449,0.0054932,0.059814
0.025177,0.0067139,0.053711
0.022736,0.0064087,0.05127
0.018158,0.0053406,0.050049
0.016937,0.0061035,0.062256
0.017548,0.0045776,0.048828
0.018921,0.0019836,0.036621
0.020905,-0.00091553,0.046387
0.021973,-0.0028992,0.045166
0.021057,-0.0047302,0.043945
0.020599,-0.0045776,0.041504
0.020294,-0.0045776,0.037842
0.019379,-0.0059509,0.041504
0.018768,-0.0064087,0.03418
0.016174,-0.0076294,0.042725
0.012665,-0.007782,0.036621
0.0071716,-0.0067139,0.042725
0.0071716,-0.0036621,0.041504
0.0071716,-0.00045776,0.041504
0.010223,0.0041199,0.047607
0.015259,0.0056458,0.040283
0.021515,0.0056458,0.046387
0.027008,0.0050354,0.041504
0.031128,0.0038147,0.036621
0.032349,0.0021362,0.045166
0.033722,0.004425,0.045166
0.033569,0.0035095,0.048828
0.032349,0.0022888,0.053711
0.03006,-0.00076294,0.05127
0.028687,-0.0048828,0.056152
0.024567,-0.0074768,0.057373
0.020599,-0.0074768,0.063477
0.016937,-0.007019,0.058594
0.015717,-0.0053406,0.064697
0.016785,-0.0036621,0.064697
0.019989,-0.0050354,0.063477
0.023193,-0.007782,0.058594
0.025482,-0.010071,0.061035
0.026245,-0.01297,0.06958
0.025635,-0.012054,0.065918
0.025635,-0.010223,0.074463
0.024872,-0.0085449,0.067139
0.025482,-0.0082397,0.05127
0.02533,-0.0080872,0.063477
0.025482,-0.0085449,0.061035
0.024109,-0.0074768,0.059814
0.021973,-0.0028992,0.061035
0.021973,-0.00076294,0.056152
0.024261,0.0013733,0.056152
0.028839,0.0041199,0.053711
0.03418,0.00030518,0.05249
0.03891,-0.0030518,0.048828
0.042572,-0.005188,0.050049
0.042572,-0.0065613,0.048828
0.040741,-0.0061035,0.046387
0.037994,-0.0050354,0.054932
0.034943,-0.0042725,0.046387
0.033417,-0.0042725,0.039063
0.031433,-0.0050354,0.042725
0.029755,-0.0061035,0.025635
0.027313,-0.0064087,0.039063
0.024261,-0.0047302,0.037842
0.02243,-0.0027466,0.039063
0.02121,-0.0033569,0.039063
0.02121,-0.0013733,0.037842
0.021515,-0.0039673,0.037842
0.021515,-0.0076294,0.036621
0.019073,-0.011444,0.040283
0.015411,-0.015717,0.039063
0.010376,-0.018921,0.043945
0.0064087,-0.021362,0.042725
0.0047302,-0.024567,0.046387
0.0050354,-0.027466,0.046387
0.0067139,-0.030975,0.05127
0.0097656,-0.032349,0.056152
0.010834,-0.031586,0.053711
0.012054,-0.028992,0.067139
0.014343,-0.025177,0.057373
0.016937,-0.021057,0.047607
0.020752,-0.0177,0.061035
0.02533,-0.016785,0.059814
0.028534,-0.016174,0.058594
0.028992,-0.014648,0.062256
0.028839,-0.01358,0.058594
0.027313,-0.0093079,0.058594
0.027161,-0.0053406,0.059814
0.028229,-0.0047302,0.064697
0.030212,-0.0013733,0.061035
0.031891,-0.00015259,0.067139
0.032959,0.0015259,0.067139
0.032043,0.0041199,0.067139
0.032349,0.0083923,0.070801
0.030975,0.013123,0.065918
0.031433,0.016937,0.059814
0.031586,0.018768,0.061035
0.031586,0.018463,0.054932
0.030365,0.016022,0.05249
0.027466,0.014496,0.05127
0.023346,0.014801,0.048828
0.020447,0.015717,0.047607
0.0177,0.015564,0.046387
0.016937,0.014343,0.046387
0.018311,0.010986,0.042725
0.018921,0.0061035,0.047607
0.018463,0.0038147,0.042725
0.016174,0.00076294,4.1943
0.014038,0.0035095,4.8633
0.012817,0.0053406,4.9084
0.011597,0.0059509,4.9084
0.013885,0.0053406,4.9121
0.014648,0.0035095,4.9231
0.014038,0.0027466,4.9084
0.011597,0.0033569,4.9182
0.0091553,0.0059509,4.9097
0.0080872,0.0094604,4.8962
0.0090027,0.0073242,4.9097
0.009613,0.011292,4.9133
0.013885,0.0090027,4.9121
0.015411,0.0053406,4.9121
0.015717,0.0032043,4.9121
0.014954,0.0033569,4.9182
0.013428,0.0039673,4.9194
0.01297,0.0050354,4.9255
0.01297,0.0016785,4.9158
0.014648,0.0048828,4.9377
0.014954,0.0030518,4.9304
0.013733,0.0015259,4.9353
0.0099182,0.0012207,4.939
0.0094604,0.0033569,4.9329
0.0088501,0.0065613,4.9304
0.009613,0.0086975,4.9353
0.011597,0.0094604,4.9402
0.014801,0.0086975,4.9316
0.015106,0.0067139,4.9207
0.016022,0.0038147,4.9316
0.017395,0.0057983,4.9329
0.0177,0.0082397,4.9341
0.018768,0.0091553,4.9438
0.019836,0.0099182,4.9353
0.020905,0.0059509,4.9353
0.020599,0.0021362,4.9316
0.018616,-0.0021362,4.9316
0.016174,-0.0038147,4.9268
0.014496,-0.0027466,4.9255
0.01358,0.00030518,4.9255
0.013123,0.0021362,4.9268
0.014496,0.0038147,4.9243
0.015717,0.0030518,4.9158
0.016327,-0.00091553,4.9255
0.016785,-0.0013733,4.917
0.017548,0.00061035,4.9036
0.019379,0.0028992,4.9158
0.021515,0.0059509,4.9133
0.024567,0.0083923,4.9048
0.024872,0.0068665,4.9109
0.026855,0.0059509,4.9097
0.027161,0.0059509,4.9109
0.028992,0.0061035,4.9084
0.028076,0.0082397,4.9146
0.028534,0.011597,4.906
0.029144,0.016174,4.9121
0.026855,0.012665,4.9097
0.026703,0.014038,4.9133
0.027924,0.011444,4.9097
0.027618,0.012665,4.917
0.024109,0.010529,4.9097
0.02121,0.0090027,4.9146
0.020142,0.0099182,4.9207
0.020447,0.010681,4.9219
0.019531,0.009613,4.9207
0.018463,0.0064087,4.9207
0.01709,0.0057983,4.9243
0.016785,0.0071716,4.9292
0.015564,0.007782,4.9268
0.01297,0.0090027,4.9268
0.010834,0.0067139,4.9353
0.0093079,0.0056458,4.928
0.0094604,0.0032043,4.9329
0.0094604,0.0027466,4.928
0.007019,0.0022888,4.9316
0.0050354,0.0048828,4.928
0.0032043,0.0079346,4.9329
0.0041199,0.0091553,4.9463
0.0045776,0.0088501,4.9365
0.0067139,0.0057983,4.939
0.0085449,0.0027466,4.9377
0.0083923,0.004425,4.9158
0.0062561,0.0035095,4.9341
0.0053406,0.0059509,4.9292
0.0059509,0.0074768,4.9231
0.0094604,0.0074768,4.9292
0.010376,0.0047302,4.9243
0.01358,0.0015259,4.9255
0.015411,-0.0012207,4.9207
0.017242,-0.0016785,4.9207
0.016937,-0.0016785,4.9133
0.019989,-0.0016785,4.9207
0.022278,-0.0012207,4.9146
0.024719,-0.004425,4.9194
0.025482,-0.0062561,4.917
0.023346,-0.0083923,4.9146
0.024261,-0.0083923,4.9097
0.023804,-0.011139,4.9133
0.022125,-0.010223,4.9011
0.023041,-0.0093079,4.9072
0.024872,-0.0094604,4.8914
0.027161,-0.010071,4.9121
0.028381,-0.011292,4.8914
0.027466,-0.011749,4.9133
0.027313,-0.010376,4.906
0.02533,-0.0083923,4.9084
0.024567,-0.0039673,4.9084
0.024109,-0.002594,4.9097
0.027313,-0.00030518,4.9207
0.028992,0.0013733,0.043945
0.03067,0.0018311,0.048828
0.031586,0.0028992,0.05127
0.032043,0.004425,0.054932
0.032959,0.0059509,0.063477
0.034485,0.0068665,0.058594
0.036621,0.0068665,0.072021
0.038147,0.0048828,0.058594
0.037842,0.0018311,0.053711
0.034637,-0.00015259,0.061035
0.032196,-0.00061035,0.062256
0.029144,-0.0010681,0.059814
0.02655,0.00015259,0.062256
0.024719,-0.00015259,0.057373
0.022583,-0.0013733,0.062256
0.021362,-0.0033569,0.062256
0.019531,-0.0064087,0.065918
0.016327,-0.007019,0.062256
0.014343,-0.0062561,0.068359
0.012054,-0.0054932,0.068359
0.010071,-0.0056458,0.067139
0.010834,-0.0062561,0.070801
0.011292,-0.0085449,0.063477
0.011749,-0.011292,0.056152
0.010681,-0.014343,0.057373
0.010223,-0.010986,0.059814
0.010834,-0.0088501,0.05249
0.012054,-0.0056458,0.046387
0.014191,-0.0045776,0.047607
0.016632,-0.0053406,0.047607
0.019379,-0.0062561,0.047607
0.021057,-0.0068665,0.045166
0.023041,-0.005188,0.041504
0.023804,-0.0022888,0.046387
0.024414,0.0013733,0.039063
0.025787,0.0032043,0.042725
0.027924,0.0041199,0.040283
0.029755,0.0036621,0.042725
0.030212,0.0030518,0.037842
0.03067,0.0028992,0.042725
0.029755,0.0030518,0.056152
0.029907,0.004425,0.039063
0.03006,0.0032043,0.047607
0.030212,0.0041199,0.040283
0.030212,0.0012207,0.023193
0.03006,-0.0022888,0.029297
0.029907,-0.0057983,0.040283
0.029449,-0.007019,0.043945
0.028992,-0.0057983,0.046387
0.028534,-0.004425,0.045166
0.028992,-0.0039673,0.050049
0.027924,-0.0041199,0.05249
0.027771,-0.007019,0.057373
0.028076,-0.0088501,0.05249
0.028229,-0.0091553,0.061035
0.029755,-0.0080872,0.057373
0.031128,-0.0061035,0.061035
0.032196,-0.005188,0.072021
0.033875,-0.0050354,0.063477
0.035706,-0.005188,0.058594
0.036926,-0.005188,0.062256
0.03891,-0.0045776,0.070801
0.039063,-0.0032043,0.061035
0.03891,-0.00091553,0.067139
0.036621,0.00061035,0.063477
0.036774,0.0027466,0.064697
0.036011,0.0041199,0.056152
0.035095,0.0038147,0.067139
0.033875,0.0048828,0.063477
0.03479,0.005188,0.064697
0.032501,0.0067139,0.057373
0.030823,0.0080872,0.061035
0.027771,0.010223,0.056152
0.027924,0.0088501,0.057373
0.026093,0.007782,0.05249
0.023804,0.0059509,0.05249
0.023804,0.0024414,0.061035
0.02121,0.0047302,0.05127
0.021057,0.0042725,0.053711
0.019379,0.004425,0.042725
0.018158,0.0021362,0.03418
0.01709,0.00045776,0.042725
0.016785,-0.00030518,0.039063
0.015259,-0.0041199,0.037842
0.016785,-0.0010681,0.042725
0.015411,-0.00061035,0.037842
0.015564,-0.00076294,0.045166
0.015411,-0.0016785,0.039063
0.015411,-0.0018311,0.040283
0.015717,-0.0015259,0.037842
0.017242,-0.00030518,0.042725
0.018158,0.0021362,0.041504
0.019836,0.0047302,0.041504
0.020294,0.0065613,0.039063
0.023041,0.007782,0.040283
0.023041,0.0074768,0.043945
0.023193,0.0065613,0.045166
0.023499,0.0054932,0.054932
0.022888,0.0056458,0.047607
0.024567,0.0071716,0.041504
0.024872,0.0085449,0.05249
0.024261,0.0094604,0.061035
0.023651,0.0091553,0.057373
0.021515,0.0090027,0.061035
0.020294,0.0074768,0.057373
0.019836,0.0068665,0.063477
0.019836,0.007019,0.059814
0.020752,0.0068665,0.059814
0.021057,0.007019,0.057373
0.021667,0.0024414,0.062256
0.021515,0.0045776,0.058594
0.020142,0.0027466,0.064697
0.021362,0.0016785,0.076904
0.023041,0.0015259,0.065918
0.023651,0.0022888,0.064697
0.024872,0.004425,0.068359
0.026245,0.0048828,0.053711
0.028839,0.0067139,0.063477
0.028992,0.0071716,4.408
0.029907,0.0071716,4.8901
0.032654,0.0039673,4.9207
0.0354,0.0091553,4.9194
0.0354,0.010529,4.9268
0.035858,0.011902,4.9182
0.035706,0.0091553,4.9133
0.03479,0.010223,4.9158
0.032196,0.0090027,4.9182
0.030518,0.0082397,4.9158
0.029755,0.0085449,4.917
0.027008,0.0088501,4.9121
0.024109,0.0091553,4.9207
0.020294,0.0076294,4.9207
0.018768,0.005188,4.9121
0.016327,0.0033569,4.9219
0.01358,0.0012207,4.906
0.01358,-0.00061035,4.9023
0.01358,-0.00091553,4.9097
0.01236,-0.0012207,4.9097
0.010834,-0.0024414,4.9084
0.0064087,-0.0015259,4.9084
0.009613,-0.0019836,4.8999
0.010071,-0.0042725,4.9133
0.01236,-0.0028992,4.9097
0.01236,-0.0032043,4.9158
0.013885,-0.0013733,4.9109
0.015106,-0.00061035,4.9182
0.015717,-0.00061035,4.9207
0.015717,-0.00076294,4.9231
0.018158,-0.00015259,4.9304
0.019684,-0.00015259,4.9268
0.019836,0.00061035,4.9194
0.023041,0.0010681,4.9304
0.023193,0.0010681,4.9329
0.024872,0.0013733,4.9329
0.02533,0.0012207,4.9158
0.024109,0.00091553,4.9292
0.024109,-0.00030518,4.9329
0.024261,-0.0038147,4.9292
0.024261,-0.0012207,4.9329
0.024414,-0.00045776,4.9329
0.023804,-0.00030518,4.9353
0.02243,-0.0010681,4.9304
0.020905,-0.00015259,4.9231
0.018921,0.00091553,4.9365
0.020142,0.0015259,4.9377
0.020599,0.0013733,4.9304
0.02121,0.00091553,4.9329
0.021057,0.00015259,4.939
0.018921,-0.00045776,4.9292
0.019836,-0.0010681,4.9304
0.018921,0.0010681,4.9121
0.021057,-0.0013733,4.9097
0.021362,-0.0019836,4.917
0.023041,-0.00076294,4.9194
0.022736,-0.0024414,4.917
0.02243,-0.0035095,4.9158
0.02243,-0.0028992,4.9109
0.022125,-0.0033569,4.9158
0.022583,-0.0036621,4.9133
0.022888,-0.0033569,4.9109
0.023346,-0.0047302,4.906
0.023499,-0.0057983,4.9158
0.02243,-0.0068665,4.9097
0.021667,-0.0068665,4.9133
0.02182,-0.0068665,4.9146
0.02243,-0.0061035,4.9109
0.022888,-0.0068665,4.906
0.022888,-0.0047302,4.9097
0.023041,-0.0042725,4.8962
0.022278,-0.004425,4.9109
0.02121,-0.0039673,4.9207
0.020447,-0.0036621,4.9158
0.020142,-0.0036621,4.9158
0.019073,-0.0033569,4.9158
0.016937,-0.0042725,4.9231
0.017548,-0.0050354,4.9207
0.017242,-0.0036621,4.9255
0.015717,-0.005188,4.9231
0.015411,-0.005188,4.9304
0.015411,-0.0038147,4.9292
0.015717,-0.0032043,4.9329
0.016327,-0.0036621,4.9304
0.016632,-0.004425,4.9353
0.016937,-0.0053406,4.9341
0.016479,-0.0065613,4.928
0.015717,-0.0071716,4.9426
0.015259,-0.0076294,4.9341
0.015259,-0.007782,4.9182
0.016479,-0.0082397,4.9329
0.017242,-0.007782,4.939
0.017548,-0.0071716,4.9353
0.017548,-0.0061035,4.9377
0.01709,-0.005188,4.9341
0.016785,-0.0042725,4.9329
0.0177,-0.0038147,4.928
0.018616,-0.0047302,4.9304
0.019989,-0.0056458,4.9231
0.020752,-0.0064087,4.9243
0.021057,-0.007019,4.9243
0.019989,-0.0071716,4.9243
0.019836,-0.0074768,4.9292
0.020142,-0.0056458,4.9194
0.019989,-0.0035095,4.917
0.020447,-0.0021362,4.9158
0.019684,-0.0015259,4.9048
0.019989,-0.00091553,4.9133
0.020294,-0.0010681,4.9207
0.020294,-0.0012207,0.037842
0.019989,-0.00061035,0.040283
0.02182,0.00030518,0.039063
0.022888,0.0010681,0.040283
0.023956,0.00076294,0.037842
0.025024,-0.00030518,0.041504
0.02533,0,0.039063
0.024719,0.00030518,0.042725
0.023651,0.00030518,0.039063
0.023651,0.0016785,0.041504
0.022736,0.0022888,0.036621
0.02121,0.0015259,0.045166
0.018616,0.0013733,0.050049
0.019989,0.00076294,0.046387
0.018768,0.00030518,0.054932
0.018005,-0.00015259,0.054932
0.017242,0.00091553,0.039063
0.017395,0.00015259,0.054932
0.016632,0.00045776,0.059814
0.015869,0.00091553,0.058594
0.014343,0.00061035,0.061035
0.01358,-0.00015259,0.057373
0.012512,-0.0012207,0.064697
0.012665,-0.0015259,0.058594
0.012665,-0.0022888,0.062256
0.012665,-0.0030518,0.059814
0.012054,-0.0032043,0.062256
0.011749,-0.0035095,0.063477
0.010986,-0.0028992,0.065918
0.011597,-0.0021362,0.080566
0.012512,0.0018311,0.067139
0.011139,0.0018311,0.063477
0.013885,0.0028992,0.065918
0.014191,0.0036621,0.057373
0.015106,0.002594,0.062256
0.016327,0.0016785,0.059814
0.016937,0.00061035,0.057373
0.018768,0.00015259,0.054932
0.020294,-0.00030518,0.048828
0.021362,-0.00061035,0.05249
0.02121,-0.0010681,0.046387
0.021515,-0.0032043,0.042725
0.019379,-0.0038147,0.042725
0.018463,-0.0019836,0.048828
0.017242,-0.00045776,0.045166
0.016937,0.00061035,0.046387
0.016022,0.0030518,0.042725
0.016632,0.0039673,0.043945
0.015411,0.0032043,0.050049
0.019073,0.0016785,0.040283
0.015106,0.0010681,0.05249
0.015564,0.0013733,0.039063
0.016327,0.0028992,0.031738
0.016632,0.0042725,0.037842
0.017395,0.0041199,0.041504
0.018005,0.0038147,0.037842
0.018311,0.0033569,0.042725
0.0177,0.0036621,0.037842
0.018005,0.0042725,0.042725
0.018616,0.0067139,0.041504
0.02182,0.007782,0.048828
0.019989,0.0079346,0.043945
0.020599,0.0068665,0.054932
0.021362,-0.00015259,0.053711
0.020599,0.0038147,0.054932
0.022736,0.0030518,0.067139
0.023041,0.002594,0.061035
0.02243,0.0022888,0.062256
0.023651,0.0015259,0.058594
0.021362,-0.00030518,0.063477
0.020905,-0.0012207,0.059814
0.020905,-0.0016785,0.058594
0.019379,-0.0018311,0.059814
0.018921,-0.0012207,0.057373
0.018616,-0.00091553,0.063477
0.018921,-0.0032043,0.062256
0.020447,-0.0021362,0.062256
0.020447,-0.0018311,0.068359
0.020599,-0.002594,0.061035
0.019379,-0.0027466,0.067139
0.017853,-0.0016785,0.067139
0.016327,-0.0018311,0.065918
0.014496,0.00015259,0.058594
0.01236,-0.0019836,0.061035
0.011749,-0.0016785,0.064697
0.01236,-0.00045776,0.056152
0.010986,0.0022888,0.059814
0.014801,0.0038147,0.050049
0.018616,0.0045776,0.042725
0.022125,0.0041199,0.048828
0.024414,0.0021362,0.043945
0.026093,0.00015259,0.043945
0.027008,-0.0012207,0.043945
0.026703,-0.0010681,0.039063
0.02655,-0.0022888,0.042725
0.025482,-0.0021362,0.040283
0.023956,-0.0028992,0.037842
0.021362,-0.0032043,0.037842
0.020142,-0.0038147,0.043945
0.019379,-0.0032043,0.039063
0.020294,-0.0024414,0.040283
0.02243,-0.0027466,0.046387
0.023651,-0.0036621,0.037842
0.024872,-0.0047302,0.039063
0.025635,-0.0045776,0.039063
0.02533,-0.0048828,0.029297
0.023346,-0.0056458,0.039063
0.023956,-0.0050354,0.037842
0.020447,-0.0035095,0.043945
0.023804,-0.0036621,0.046387
0.023804,-0.0019836,0.043945
0.023956,-0.0013733,0.05127
0.023499,-0.00091553,0.054932
0.024261,0.00076294,0.057373
0.025024,-0.00091553,0.057373
0.025787,0.0015259,0.062256
0.027771,-0.0015259,0.057373
0.028992,-0.00076294,0.061035
0.029449,0.0010681,4.4006
0.029144,0.002594,4.8938
0.029144,0.0028992,4.9316
0.028992,0.0024414,4.9316
0.029449,0.0015259,4.939
0.031433,0.00076294,4.9341
0.030212,0.00030518,4.9231
0.030365,0.00030518,4.9353
0.029907,0.00061035,4.9365
0.030212,0.0012207,4.9316
0.02655,0.0013733,4.9353
0.025787,0.0021362,4.9329
0.025482,0.0042725,4.9316
0.026093,0.0038147,4.9255
0.026703,0.0047302,4.9292
0.027924,0.0057983,4.9219
0.027924,0.0057983,4.9231
0.027313,0.0045776,4.9231
0.026093,0.0033569,4.9231
0.025635,0.0024414,4.9182
0.023193,0.00045776,4.9182
0.024719,0.00045776,4.9207
0.024719,0,4.9158
0.023651,-0.00015259,4.9182
0.022278,0.00030518,4.9133
0.021362,0.00061035,4.884
0.021667,0.0018311,4.9109
0.021515,0.0019836,4.9097
0.021973,0.0027466,4.9109
0.023041,0.0027466,4.9109
0.023193,0.002594,4.8962
0.022888,0.0019836,4.9109
0.022278,0.0028992,4.9097
0.02243,0.0035095,4.9109
0.023346,0.0036621,4.9084
0.024109,0.0038147,4.917
0.024414,0.0045776,4.9146
0.024567,0.0048828,4.9158
0.024872,0.0053406,4.9304
0.023956,0.0056458,4.9182
0.023956,0.0054932,4.9255
0.024109,0.0048828,4.9243
0.023804,0.0039673,4.9109
0.024414,0.002594,4.928
0.024719,0.0021362,4.9304
0.02655,0.0015259,4.9329
0.029907,0.00091553,4.9304
0.028992,0.00015259,4.928
0.028992,-0.00015259,4.9341
0.028839,0.00045776,4.9316
0.028076,0.0010681,4.9329
0.028076,0.0019836,4.928
0.028076,0.0033569,4.9243
0.027466,0.0042725,4.9341
0.02655,0.0045776,4.9341
0.026093,0.0062561,4.9402
0.025482,0.0073242,4.9182
0.025177,0.0093079,4.939
0.025635,0.011292,4.9377
0.025177,0.011902,4.9475
0.02533,0.011292,4.9292
0.023499,0.010681,4.9109
0.022278,0.0094604,4.9255
0.020905,0.0090027,4.9231
0.017395,0.0082397,4.9243
0.018768,0.0088501,4.9231
0.018463,0.0082397,4.9207
0.018311,0.0068665,4.8987
0.018158,0.004425,4.917
0.017395,0.0039673,4.9158
0.018005,0.0032043,4.9158
0.0177,0.0032043,4.917
0.017395,0.0036621,4.9133
0.016174,0.0047302,4.9036
0.015411,0.0050354,4.9207
0.015564,0.0047302,4.9109
0.016022,0.0033569,4.9194
0.015717,0.0021362,4.9084
0.016174,0.0010681,4.9011
0.015411,0.0012207,4.9146
0.015717,0.002594,4.9097
0.015717,0.005188,4.9097
0.016785,0.0071716,4.9109
0.01709,0.0079346,4.906
0.017242,0.007019,4.9121
0.01709,0.0071716,4.9121
0.01709,0.0071716,4.9194
0.01709,0.0086975,4.917
0.01709,0.010986,4.9219
0.017853,0.011749,4.9231
0.018616,0.010986,4.9243
0.018921,0.0088501,4.928
0.018768,0.0054932,4.9304
0.017853,0.0027466,4.9292
0.017242,0.0021362,4.9219
0.016174,0.0028992,4.9402
0.017395,0.0041199,4.9341
0.017548,0.0036621,4.9268
0.016174,0.0021362,4.9304
0.016479,-0.00015259,4.9304
0.015106,-0.00091553,4.9329
0.014648,0.0021362,4.9341
0.015411,-0.00015259,4.9316
0.014954,0.0012207,4.9377
0.014496,0.0028992,4.9365
0.011139,0.0032043,4.9414
0.013733,0.0036621,4.9353
0.014038,0.0030518,4.9341
0.014191,0.0010681,0.062256
0.015869,0.0028992,0.059814
0.016327,0.002594,0.06958
0.016937,0.0030518,0.056152
0.016785,0.0032043,0.053711
0.017242,0.0022888,0.048828
0.0177,0.00076294,0.030518
0.018311,-0.0012207,0.047607
0.018463,-0.0016785,0.039063
0.019226,-0.0027466,0.042725
0.018921,-0.0015259,0.045166
0.019379,-0.00030518,0.040283
0.019379,-0.0027466,0.043945
0.019531,-0.00015259,0.039063
0.019226,-0.0015259,0.041504
0.019073,-0.002594,0.0354
0.018768,-0.0024414,0.042725
0.01709,-0.0021362,0.042725
0.016632,-0.00045776,0.045166
0.015411,-0.0010681,0.039063
0.016022,-0.00015259,0.041504
0.014801,-0.00091553,0.037842
0.015259,-0.0018311,0.041504
0.01358,-0.0022888,0.042725
0.016479,-0.0022888,0.039063
0.016785,-0.0012207,0.043945
0.017395,-0.00030518,0.047607
0.017395,-0.00015259,0.050049
0.017242,0.00045776,0.05127
0.016785,0.00076294,0.053711
0.016785,0.00091553,0.053711
0.018768,0.0021362,0.061035
0.019684,0.0039673,0.057373
0.020142,0.0050354,0.064697
0.016937,0.0057983,0.058594
0.02243,0.004425,0.063477
0.024109,0.0012207,0.059814
0.025787,-0.00076294,0.064697
0.026855,-0.002594,0.06958
0.028381,-0.0039673,0.057373
0.02655,-0.0047302,0.06958
0.025787,-0.0053406,0.064697
0.025177,-0.0067139,0.053711
0.02182,-0.0085449,0.065918
0.021362,-0.0099182,0.064697
0.021057,-0.0073242,0.062256
0.021362,-0.0074768,0.064697
0.020752,-0.0057983,0.059814
0.020294,-0.0056458,0.057373
0.019073,-0.0057983,0.05249
0.018921,-0.0064087,0.058594
0.019836,-0.0074768,0.047607
0.017395,-0.0083923,0.046387
0.023651,-0.0061035,0.05249
0.023651,-0.004425,0.05127
0.025482,-0.0032043,0.047607
0.025177,-0.0045776,0.048828
0.025177,-0.0027466,0.048828
0.025024,-0.0033569,0.043945
0.025635,-0.0038147,0.043945
0.026398,-0.0039673,0.040283
0.028076,-0.0035095,0.041504
0.029602,-0.0041199,0.036621
0.029907,-0.0038147,0.040283
0.030823,-0.0042725,0.040283
0.030365,-0.0047302,0.039063
0.029755,-0.005188,0.036621
0.029755,-0.0039673,0.041504
0.029602,-0.0030518,0.037842
0.03006,-0.0021362,0.042725
0.028839,-0.00045776,0.039063
0.027618,-0.00045776,0.039063
0.024109,-0.0016785,0.040283
0.022278,-0.0018311,0.047607
0.020447,-0.0019836,0.063477
0.017242,-0.0028992,0.05127
0.018463,-0.0028992,0.058594
0.018921,-0.0035095,0.057373
0.019073,-0.0048828,0.041504
0.019379,-0.0048828,0.054932
0.019684,-0.0076294,0.059814
0.019226,-0.0086975,0.061035
0.019073,-0.007782,0.058594
0.018616,-0.0080872,0.058594
0.018768,-0.0073242,0.064697
0.018616,-0.0068665,0.059814
0.018311,-0.0062561,0.062256
0.01709,-0.005188,0.057373
0.016174,-0.0042725,0.065918
0.015411,-0.0042725,0.063477
0.018005,-0.0036621,0.068359
0.018768,-0.0035095,0.072021
0.019989,-0.0021362,0.065918
0.020905,-0.00015259,0.058594
0.020599,-0.0010681,0.062256
0.020294,-0.0010681,0.074463
0.019989,-0.0024414,0.056152
0.019226,-0.0033569,0.061035
0.019073,-0.005188,0.05249
0.018921,-0.0048828,0.05249
0.018463,-0.0047302,0.048828
0.018158,-0.0030518,0.048828
0.017395,-0.0024414,0.046387
0.016479,-0.0024414,0.046387
0.015411,-0.0036621,0.041504
0.016174,-0.0027466,0.047607
0.0177,-0.0015259,0.041504
0.019531,0.00045776,0.045166
0.020294,0.0010681,0.041504
0.019684,0.0032043,0.041504
0.020142,0.002594,0.046387
0.021057,0.0010681,0.041504
0.022125,-0.00015259,0.045166
0.023956,-0.00091553,0.037842
0.024719,-0.00061035,0.01709
0.023804,-0.00076294,0.037842
0.023041,-0.0012207,0.040283
0.02243,-0.0030518,0.036621
0.021362,-0.0053406,3.6121
0.020447,-0.0057983,4.8303
0.020294,-0.0056458,4.9048
0.019684,-0.0038147,4.9097
0.019531,-0.0027466,4.9207
0.019379,-0.0022888,4.9158
0.019836,-0.0015259,4.9219
0.020599,-0.0015259,4.9231
0.02121,-0.0024414,4.9255
0.02182,-0.0032043,4.9255
0.023499,-0.0038147,4.9292
0.023499,-0.0035095,4.9329
0.023041,-0.0035095,4.9353
0.022125,-0.0033569,4.9402
0.022125,-0.0039673,4.9304
0.02182,-0.0050354,4.9109
0.020905,-0.0059509,4.928
0.020599,-0.0061035,4.9243
0.019989,-0.0053406,4.9304
0.019226,-0.0036621,4.9353
0.018768,-0.0018311,4.9304
0.019379,-0.00061035,4.9377
0.020447,-0.0010681,4.9353
0.02182,-0.0027466,4.9353
0.023041,-0.0033569,4.9304
0.023499,-0.0039673,4.9304
0.023804,-0.0028992,4.9268
0.023804,-0.0018311,4.9304
0.023346,-0.0013733,4.939
0.023499,0.00061035,4.9219
0.023041,-0.00045776,4.9207
0.022278,-0.00015259,4.9207
0.022583,-0.00015259,4.906
0.022278,0.0016785,4.9158
0.022583,0.0032043,4.9158
0.023804,0.0045776,4.917
0.024414,0.0047302,4.9133
0.025482,0.0028992,4.9109
0.02533,0.00030518,4.9121
0.026093,-0.0013733,4.9097
0.023804,-0.0042725,4.9109
0.022583,-0.0021362,4.9036
0.020447,0.00045776,4.9133
0.020142,0.0018311,4.9097
0.019836,0.0027466,4.9158
0.020447,0.0033569,4.9084
0.019531,0.0038147,4.9121
0.02121,0.0047302,4.9182
0.022583,0.0050354,4.9121
0.024109,0.0053406,4.9158
0.023499,0.0036621,4.9182
0.026245,0.0036621,4.906
0.026245,0.0024414,4.9219
0.026855,0.0022888,4.9194
0.026245,0.0027466,4.9219
0.02533,0.0035095,4.9231
0.024261,0.0062561,4.9231
0.023346,0.0067139,4.9304
0.023804,0.0080872,4.9292
0.023651,0.0090027,4.9341
0.023346,0.0086975,4.928
0.023956,0.0080872,4.9329
0.024719,0.0079346,4.9329
0.024872,0.0080872,4.9243
0.025177,0.010681,4.9377
0.025482,0.0068665,4.9341
0.024872,0.0059509,4.9353
0.023499,0.0050354,4.9365
0.02121,0.0050354,4.939
0.020905,0.005188,4.9353
0.019379,0.0059509,4.9353
0.019226,0.0080872,4.9304
0.018158,0.0085449,4.9304
0.017853,0.0086975,4.9292
0.01709,0.0071716,4.9304
0.016327,0.0050354,4.9231
0.018616,0.0036621,4.9255
0.018463,0.0035095,4.9207
0.019836,0.0048828,4.9207
0.020905,0.0071716,4.9194
0.020905,0.0076294,4.9231
0.020142,0.0071716,4.917
0.019379,0.005188,4.9109
0.019379,0.0027466,4.928
0.019836,0.0030518,4.9158
0.021973,0.0041199,4.9207
0.019989,0.0061035,4.9109
0.022736,0.0074768,4.8987
0.021973,0.0076294,4.9109
0.02121,0.0053406,4.9121
0.021515,0.0022888,4.9097
0.021362,0.00045776,4.9097
0.021973,0.0013733,4.9072
0.023041,0.0024414,4.9084
0.02121,0.0041199,4.9084
0.020752,0.0039673,4.9133
0.018463,0.0012207,4.9097
0.016632,-0.0021362,4.8999
0.016174,-0.0045776,4.9133
0.015717,-0.004425,4.917
0.01709,-0.0018311,4.9304
0.017242,0.0041199,4.9219
0.018005,0.0027466,4.9243
0.018616,0.0028992,4.9292
0.020294,0.00091553,4.9207
0.020905,-0.00076294,4.9268
0.022888,0,4.9341
0.024719,0.0018311,4.9304
0.026245,0.0010681,0.057373
0.026855,0.0061035,0.058594
0.026093,0.0059509,0.061035
0.025177,0.0048828,0.059814
0.024567,0.002594,0.063477
0.024261,0.0022888,0.056152
0.023499,0.0022888,0.067139
0.024414,0.0030518,0.065918
0.023956,0.0032043,0.06958
0.024261,0.0032043,0.068359
0.022583,0.0015259,0.068359
0.024261,-0.00076294,0.06958
0.024261,-0.0019836,0.064697
0.023499,-0.0016785,0.074463
0.023346,-0.00061035,0.056152
0.02243,0.00045776,0.050049
0.019989,0.0028992,0.05249
0.019531,0.0024414,0.048828
0.018311,0.0016785,0.050049
0.017242,0.0016785,0.05249
0.017853,-0.00045776,0.041504
0.017242,0.00015259,0.047607
0.018158,0.0016785,0.043945
0.019073,0.002594,0.045166
0.018311,0.0028992,0.041504
0.018616,0.0021362,0.045166
0.018921,0.00076294,0.042725
0.018768,0.00030518,0.040283
0.019073,0.00091553,0.042725
0.019989,0.0032043,0.042725
0.019379,0.0035095,0.043945
0.018616,0.0062561,0.039063
0.018616,0.0056458,0.031738
0.018768,0.0039673,0.039063
0.019226,0.0013733,0.036621
0.020447,0.00091553,0.040283
0.020294,0.0012207,0.041504
0.020905,0.0024414,0.037842
0.020447,0.0036621,0.041504
0.019073,0.0036621,0.046387
0.018768,0.0019836,0.050049
0.018158,0.0012207,0.050049
0.018158,0.00076294,0.054932
0.019226,0.0015259,0.056152
0.019073,0.0032043,0.061035
0.021667,0.0047302,0.057373
0.017853,0.0047302,0.063477
0.017395,0.0032043,0.065918
0.017242,0.0010681,0.063477
0.018616,-0.0010681,0.06958
0.017242,-0.0016785,0.061035
0.01709,-0.00091553,0.042725
0.016174,-0.0019836,0.057373
0.015564,0.0016785,0.057373
0.014648,0.0015259,0.064697
0.014648,0.0010681,0.064697
0.015411,-0.0022888,0.061035
0.015717,-0.00091553,0.067139
0.01709,-0.00015259,0.063477
0.01709,0.0019836,0.064697
0.018616,0.0030518,0.058594
0.0177,0.0033569,0.061035
0.018616,0.0024414,0.057373
0.018768,0.00030518,0.057373
0.020599,-0.0010681,0.063477
0.021515,0,0.05249
0.022125,0.0015259,0.047607
0.02243,0.0038147,0.050049
0.021667,0.004425,0.036621
0.02243,0.0041199,0.045166
0.02243,0.0028992,0.041504
0.021973,0.0013733,0.043945
0.022583,0.0010681,0.043945
0.02243,0.0019836,0.037842
0.022125,0.0021362,0.045166
0.020294,0.0021362,0.037842
0.018921,-0.0010681,0.040283
0.017242,-0.0021362,0.0354
0.015869,-0.0042725,0.042725
0.015259,-0.0057983,0.040283
0.015411,-0.0048828,0.039063
0.015411,-0.0038147,0.036621
0.016937,-0.0016785,0.041504
0.016174,-0.0010681,0.047607
0.016632,-0.0024414,0.043945
0.01709,-0.0030518,0.057373
0.018921,-0.0030518,0.043945
0.02121,-0.002594,0.039063
0.02243,0.00030518,0.050049
0.023651,0.00061035,0.048828
0.023651,0.0041199,0.05249
0.023804,0.004425,0.057373
0.024567,0.0032043,0.05249
0.024872,0.0012207,0.059814
0.025787,0.0019836,0.059814
0.026855,0.0024414,0.061035
0.026703,0.0035095,0.059814
0.02533,0.0039673,0.063477
0.023346,0.0039673,0.064697
0.02121,0.0016785,0.064697
0.019989,-0.0013733,0.067139
0.019836,-0.0035095,0.061035
0.018768,-0.0054932,0.064697
0.019073,-0.0048828,0.065918
0.018005,-0.005188,0.073242
0.016174,-0.0041199,0.067139
0.014954,-0.0048828,0.063477
0.015106,-0.0056458,0.058594
0.015106,-0.0048828,0.062256
0.016632,-0.0061035,0.056152
0.017853,-0.0038147,0.057373
0.018005,-0.0022888,0.050049
0.0177,-0.0015259,0.054932
0.016785,-0.0015259,0.048828
0.017242,-0.0010681,0.050049
0.019073,-0.0013733,0.05127
0.020752,-0.0019836,0.046387
0.023499,-0.0022888,0.043945
0.024567,-0.0022888,3.623
0.025787,-0.0019836,4.8438
0.025787,-0.0018311,4.9011
0.026245,-0.0022888,4.917
0.026398,-0.0024414,4.9084
0.027466,-0.0027466,4.895
0.028381,-0.0024414,4.9072
0.029144,-0.0018311,4.9084
0.027771,-0.0021362,4.906
0.025787,-0.002594,4.9084
0.022888,-0.0027466,4.9048
0.020599,-0.0032043,4.9097
0.019379,-0.005188,4.9097
0.019379,-0.0053406,4.9109
0.020599,-0.0057983,4.9072
0.019684,-0.0038147,4.9219
0.021057,-0.00076294,4.9048
0.018463,0.0012207,4.9207
0.018158,0.0010681,4.9219
0.017853,0.00091553,4.9243
0.020294,-0.0012207,4.9243
0.02243,-0.0015259,4.9304
0.022888,-0.00030518,4.9365
0.022583,0.0010681,4.9304
0.021667,0.0021362,4.9243
0.020752,0.0018311,4.9316
0.022278,-0.00030518,4.9255
0.024261,-0.0021362,4.9292
0.026855,-0.0027466,4.9292
0.027771,-0.0022888,4.9292
0.025635,-0.0030518,4.9304
0.023956,-0.0036621,4.9292
0.020599,-0.0057983,4.939
0.019989,-0.007782,4.9316
0.021362,-0.0094604,4.9377
0.022125,-0.0091553,4.9341
0.02182,-0.0083923,4.9377
0.020905,-0.0065613,4.9426
0.019531,-0.0038147,4.9329
0.018005,-0.0021362,4.9304
0.017853,-0.00015259,4.928
0.018158,0.0015259,4.9146
0.019684,0.0024414,4.9243
0.019379,0.0024414,4.9207
0.018311,0.0012207,4.9194
0.016937,-0.00061035,4.9207
0.014343,-0.00076294,4.9207
0.01297,-0.0013733,4.9158
0.014038,-0.00061035,4.9146
0.014954,-0.00091553,4.917
0.018005,-0.00045776,4.9072
0.020142,-0.0012207,4.9121
0.02121,-0.0013733,4.9109
0.021515,-0.0018311,4.9109
0.020905,-0.0028992,4.9097
0.021362,-0.0024414,4.9121
0.02182,-0.0019836,4.9109
0.023651,-0.002594,4.906
0.02594,-0.0016785,4.9194
0.02655,-0.0018311,4.9133
0.023804,-0.0013733,4.8999
0.024261,-0.00015259,4.9084
0.02243,0.00015259,4.9084
0.022125,0.0015259,4.9158
0.022736,0.0022888,4.9109
0.024567,0.0022888,4.9133
0.024872,0.0018311,4.9207
0.023804,0.005188,4.9243
0.020294,0.0018311,4.9268
0.019226,0.0019836,4.9255
0.018311,0.0028992,4.9316
0.018768,0.0030518,4.9292
0.020294,0.0010681,4.9329
0.021667,0.00030518,4.9414
0.019836,-0.0019836,4.9292
0.018005,-0.0024414,4.9341
0.015869,-0.0039673,4.9341
0.013428,-0.0030518,4.917
0.012817,-0.0018311,4.9329
0.015411,-0.00045776,4.9341
0.015411,-0.0013733,4.9329
0.016785,-0.0022888,4.9341
0.016632,-0.0018311,4.9353
0.015411,-0.0012207,4.9377
0.015411,0.00076294,4.9341
0.016785,0.0021362,4.9329
0.019379,0.005188,4.9255
0.022125,0.0021362,4.9304
0.025177,0.0015259,4.9268
0.025635,0.00045776,4.928
0.02533,-0.00030518,4.928
0.024872,0.0022888,4.9231
0.022125,0.004425,4.9231
0.02182,0.005188,4.9194
0.022736,0.0045776,4.9219
0.024109,0.0024414,4.9146
0.022736,0.0015259,4.8987
0.020142,0.00030518,4.9146
0.016022,-0.00030518,4.9109
0.01297,0.00045776,4.9109
0.012817,0.0015259,4.9121
0.013885,0.00076294,4.906
0.016022,-0.00030518,4.9097
0.019226,-0.0018311,4.9048
0.020294,-0.0027466,4.9133
0.018768,-0.0033569,4.9109
0.017395,-0.0021362,4.9121
0.018158,-0.00091553,4.9097
0.019531,0.00091553,0.042725
0.02243,0.0022888,0.05127
0.024567,0.0016785,0.043945
0.024719,0.0022888,0.057373
0.023651,0.0030518,0.045166
0.022278,0.0039673,0.037842
0.021973,0.0056458,0.053711
0.024414,0.007782,0.054932
0.026398,0.0082397,0.05127
0.03067,0.0073242,0.058594
0.033417,0.0047302,0.056152
0.031586,0.0022888,0.063477
0.031586,0.0013733,0.058594
0.028839,0.0024414,0.064697
0.027161,0.0042725,0.058594
0.02655,0.0061035,0.061035
0.026398,0.0076294,0.064697
0.026855,0.0053406,0.063477
0.025787,0.0068665,0.06958
0.023956,0.0035095,0.064697
0.022278,0.0038147,0.064697
0.022125,0.0050354,0.064697
0.023956,0.0068665,0.075684
0.023956,0.0068665,0.065918
0.028076,0.0057983,0.061035
0.028992,0.0048828,0.062256
0.027618,0.0045776,0.062256
0.024261,0.0059509,0.057373
0.022583,0.0083923,0.054932
0.019989,0.011139,0.050049
0.019989,0.0088501,0.05127
0.020294,0.0079346,0.047607
0.020599,0.0053406,0.05249
0.020752,0.0032043,0.048828
0.020294,0.0030518,0.048828
0.019379,0.004425,0.045166
0.019379,0.0057983,0.043945
0.019836,0.0065613,0.059814
0.021515,0.0054932,0.041504
0.022888,0.0019836,0.047607
0.022125,0.00015259,0.042725
0.019836,-0.0013733,0.025635
0.018005,-0.0016785,0.0354
0.016632,-0.0015259,0.039063
0.016937,-0.0012207,0.036621
0.018463,-0.0015259,0.039063
0.020142,-0.002594,0.036621
0.02243,-0.0038147,0.039063
0.023651,-0.0036621,0.036621
0.023346,-0.0022888,0.045166
0.023041,-0.00030518,0.041504
0.023041,0.002594,0.047607
0.024567,0.0030518,0.047607
0.027008,0.0032043,0.05249
0.027924,0.0022888,0.061035
0.028992,0.0016785,0.05127
0.027618,0.002594,0.057373
0.026093,0.0056458,0.059814
0.024567,0.0085449,0.062256
0.025024,0.009613,0.061035
0.02655,0.0085449,0.064697
0.028687,0.0064087,0.061035
0.029907,0.0030518,0.062256
0.030212,0.0018311,0.059814
0.028992,0.0016785,0.063477
0.027313,0.0030518,0.061035
0.02594,0.005188,0.067139
0.02655,0.0057983,0.064697
0.026703,0.0047302,0.068359
0.026093,0.0041199,0.064697
0.024109,0.004425,0.068359
0.02182,0.0053406,0.067139
0.019379,0.0065613,0.061035
0.018463,0.0068665,0.073242
0.018616,0.0061035,0.062256
0.022583,0.0041199,0.063477
0.024261,0.0010681,0.053711
0.025482,-0.00045776,0.041504
0.025024,-0.00045776,0.05249
0.023499,-0.00045776,0.048828
0.02121,0.0021362,0.045166
0.019989,0.0038147,0.046387
0.020905,0.004425,0.045166
0.02121,0.0032043,0.042725
0.019836,0.0010681,0.040283
0.019989,0.0010681,0.042725
0.018005,0.0012207,0.040283
0.017242,0.0022888,0.041504
0.017395,0.0028992,0.042725
0.019226,0.0030518,0.036621
0.019379,0.00061035,0.037842
0.021362,-0.00015259,0.042725
0.02243,-0.0012207,0.039063
0.02121,-0.0010681,0.039063
0.020142,0.00076294,0.041504
0.019226,0.0035095,0.040283
0.020142,0.007019,0.036621
0.024567,0.0064087,0.037842
0.022583,0.0053406,0.045166
0.024109,0.0032043,0.043945
0.023956,0.0036621,0.045166
0.022278,0.0030518,0.043945
0.021057,0.0042725,0.054932
0.019989,0.0068665,0.053711
0.021057,0.0068665,0.054932
0.021057,0.0041199,0.057373
0.021667,0.0015259,0.061035
0.020905,-0.00076294,0.059814
0.017242,-0.00061035,0.061035
0.018005,0.0018311,0.076904
0.016785,0.0038147,0.062256
0.017242,0.0057983,0.063477
0.018463,0.0050354,0.059814
0.019684,0.0027466,0.050049
0.020294,0.00091553,0.059814
0.018921,-0.00015259,0.062256
0.017395,0.0015259,0.063477
0.017395,0.0030518,0.064697
0.0177,0.0036621,4.3164
0.020294,0.0041199,4.8962
0.021515,0.00045776,4.9292
0.02182,-0.00030518,4.9329
0.020905,-0.0028992,4.9255
0.018921,-0.0045776,4.9207
0.018005,-0.00015259,4.9231
0.017853,0.0018311,4.9219
0.018768,0.0024414,4.9255
0.021362,0.00015259,4.9231
0.021057,-0.002594,4.9243
0.02182,-0.0041199,4.9194
0.020142,-0.0061035,4.9268
0.019379,-0.0036621,4.9133
0.018005,-0.0019836,4.8987
0.0177,-0.0012207,4.9133
0.020294,-0.0019836,4.9097
0.019836,-0.0024414,4.9121
0.019684,-0.0028992,4.9109
0.018311,-0.0027466,4.9072
0.016174,-0.0018311,4.9097
0.016022,0.00045776,4.906
0.016327,0.0022888,4.9109
0.01709,-0.0018311,4.9084
0.018768,0.0033569,4.9109
0.020447,0.0019836,4.9109
0.021667,-0.00030518,4.9109
0.020599,-0.0010681,4.9158
0.02121,0.00045776,4.9146
0.021057,0.0027466,4.917
0.021515,0.0045776,4.9158
0.022125,0.0050354,4.9158
0.023956,0.0042725,4.9219
0.023956,0.0021362,4.9304
0.022278,0.00015259,4.9219
0.020294,-0.00015259,4.9255
0.018158,0.00091553,4.9268
0.017395,0.0019836,4.9304
0.018158,0.0022888,4.9292
0.017853,0.0013733,4.9341
0.018005,-0.0021362,4.9316
0.016937,-0.0042725,4.9316
0.016937,-0.0061035,4.9292
0.016174,-0.004425,4.9329
0.01358,-0.0030518,4.928
0.014496,-0.0047302,4.9341
0.014191,-0.0033569,4.9402
0.015259,-0.0054932,4.9353
0.015259,-0.0067139,4.9426
0.014648,-0.0073242,4.9292
0.014191,-0.0054932,4.9194
0.014038,-0.0042725,4.9329
0.016327,-0.0028992,4.9304
0.018311,-0.002594,4.928
0.021667,-0.0033569,4.9255
0.022888,-0.0030518,4.9182
0.022125,-0.0038147,4.9255
0.022888,-0.0019836,4.9207
0.022125,-0.00061035,4.9194
0.02182,0.00030518,4.9133
0.023346,-0.0042725,4.9243
0.024414,-0.00015259,4.9158
0.024872,-0.00045776,4.9182
0.024567,-0.0013733,4.9207
0.023956,-0.00045776,4.9121
0.023346,0.00015259,4.9084
0.023041,0.0016785,4.9146
0.022888,0.0030518,4.8938
0.021667,0.0032043,4.9109
0.02121,0.0028992,4.9097
0.018921,0.0013733,4.9109
0.016937,-0.0010681,4.9097
0.015106,-0.0027466,4.9084
0.015869,-0.0016785,4.9121
0.015106,-0.0012207,4.906
0.014038,0.00061035,4.9121
0.017242,0.00030518,4.9072
0.017548,-0.00091553,4.9158
0.018311,-0.0016785,4.9146
0.018005,-0.0022888,4.9182
0.016937,-0.0010681,4.9146
0.016022,0.0012207,4.9255
0.016479,0.0032043,4.9353
0.016937,0.0027466,4.9292
0.016022,0.00015259,4.939
0.015411,-0.0035095,4.9292
0.014801,-0.0064087,4.9182
0.014801,-0.0056458,4.9329
0.015411,-0.0032043,4.9304
0.016479,-0.00061035,4.9255
0.018616,0.0012207,4.9304
0.019379,0.00030518,4.9304
0.019684,-0.0018311,4.9341
0.019226,-0.0038147,4.9329
0.019073,-0.004425,4.9365
0.017548,-0.0022888,4.9329
0.016937,-0.00061035,4.939
0.015717,-0.00030518,4.9353
0.016022,-0.00015259,4.9353
0.017548,-0.0032043,4.9377
0.017395,-0.0047302,4.9353
0.018311,-0.0056458,4.9268
0.018463,-0.0021362,4.9255
0.017853,0.0012207,4.9207
0.017853,0.0028992,4.9036
0.018768,0.0018311,4.9182
0.019379,-0.0019836,4.9194
0.018768,-0.0047302,4.9182
0.018158,-0.0059509,0.043945
0.016632,-0.0038147,0.042725
0.015259,-0.00076294,0.037842
0.014954,0.0035095,0.043945
0.01358,0.0021362,0.040283
0.0177,0.00015259,0.042725
0.019684,-0.002594,0.042725
0.021973,-0.0041199,0.041504
0.024414,-0.0036621,0.036621
0.024261,-0.0013733,0.041504
0.024719,0.0013733,0.05127
0.024261,0.0027466,0.040283
0.025177,0.0018311,0.048828
0.02533,0.00091553,0.037842
0.025635,0.00015259,0.031738
0.025482,-0.00015259,0.036621
0.02594,0.0013733,0.043945
0.025024,0.0019836,0.042725
0.025177,0.0030518,0.047607
0.024414,0.0022888,0.046387
0.026245,0,0.05249
0.026245,-0.0010681,0.056152
0.026703,-0.0019836,0.056152
0.028076,-0.0021362,0.05249
0.024872,-0.00091553,0.061035
0.023956,0.00061035,0.059814
0.02182,0.0010681,0.063477
0.021667,0.00045776,0.076904
0.020294,-0.00030518,0.061035
0.019684,-0.0013733,0.061035
0.019073,-0.00045776,0.063477
0.019379,0.00061035,0.056152
0.019226,0.0018311,0.063477
0.020905,0.0028992,0.062256
0.020905,0.0021362,0.065918
0.022125,0.0015259,0.064697
0.022736,0.00076294,0.062256
0.023499,0.00015259,0.067139
0.024567,0,0.063477
0.024567,-0.00030518,0.063477
0.025482,0.0012207,0.057373
0.024567,0.0024414,0.062256
0.024261,0.0024414,0.056152
0.024109,0.0018311,0.054932
0.024567,0.0012207,0.050049
0.020752,0.0039673,0.050049
0.024414,0.0024414,0.057373
0.023193,0.0032043,0.048828
0.022583,-0.00045776,0.058594
0.021973,0.0035095,0.045166
0.022736,0.0033569,0.03418
0.022888,0.0028992,0.041504
0.024414,0.0021362,0.040283
0.024719,0.0027466,0.039063
0.023956,0.0035095,0.041504
0.023804,0.0028992,0.036621
0.022888,0.002594,0.039063
0.023193,0.0033569,0.039063
0.023346,0.0030518,0.040283
0.024261,0.0024414,0.036621
0.025177,0.0024414,0.040283
0.026093,0.0030518,0.042725
0.026398,0.0041199,0.043945
0.026855,0.0039673,0.046387
0.027771,0.0024414,0.045166
0.028381,0.0015259,0.046387
0.029907,0.00015259,0.047607
0.030823,0.0013733,0.047607
0.030823,0.0027466,0.05249
0.031586,0.0048828,0.042725
0.030975,0.0054932,0.054932
0.031738,0.0054932,0.057373
0.029297,0.0054932,0.059814
0.027313,0.0050354,0.061035
0.027161,0.0067139,0.061035
0.023956,0.009613,0.064697
0.027618,0.0099182,0.058594
0.028229,0.011292,0.059814
0.028229,0.010986,0.061035
0.028839,0.0079346,0.062256
0.028534,0.0053406,0.061035
0.028534,0.004425,0.064697
0.030518,0.005188,0.074463
0.029144,0.0071716,0.064697
0.028687,0.0082397,0.072021
0.028229,0.009613,0.064697
0.026855,0.0061035,0.045166
0.024872,0.0038147,0.057373
0.022736,0.0016785,0.056152
0.022888,0.00030518,0.056152
0.02243,0.0019836,0.056152
0.022125,0.0033569,0.05127
0.022125,0.0036621,0.054932
0.022278,0.0035095,0.050049
0.022278,0.0012207,0.048828
0.021057,-0.00015259,0.046387
0.020905,-0.00091553,0.046387
0.020752,-0.00091553,0.046387
0.019989,0.0015259,0.046387
0.020142,0.0022888,0.046387
0.022888,0.0019836,0.040283
0.018005,0.00091553,0.039063
0.018158,-0.00045776,0.041504
0.018463,-0.0018311,0.031738
0.020142,-0.00061035,0.036621
0.02121,-0.00015259,0.050049
0.023804,0.0010681,0.037842
0.025635,0.0032043,0.040283
0.027924,0.0010681,0.032959
0.025635,0.0010681,0.039063
0.027313,0.0019836,0.039063
0.028229,0.00015259,0.040283
0.028992,0.00015259,0.039063
0.029144,0.0019836,0.048828
0.029907,0.0022888,0.047607
0.03067,0.0019836,0.05249
0.029907,0.002594,0.05249
0.03006,0.0028992,0.056152
0.030823,0.0036621,3.2959
0.030518,0.0050354,4.8279
0.033264,0.005188,4.928
0.033112,0.0048828,4.928
0.032043,0.0036621,4.9207
0.029755,0.0030518,4.9304
0.028687,0.0024414,4.9316
0.027466,0.002594,4.9304
0.027618,0.0018311,4.9316
0.027008,0.0036621,4.9304
0.027161,0.0030518,4.9353
0.026245,0.002594,4.9329
0.02594,0.0015259,4.9402
0.024872,-0.0010681,4.9353
0.023651,-0.00076294,4.939
0.023804,-0.00045776,4.9329
0.024261,0.00091553,4.9341
0.023346,0.0012207,4.9304
0.024261,0.00061035,4.9341
0.023651,-0.00045776,4.9353
0.02182,-0.0024414,4.9255
0.020905,-0.0021362,4.9316
0.020294,-0.00076294,4.9292
0.020142,0.0018311,4.9109
0.017242,0.0033569,4.9158
0.019989,0.0032043,4.917
0.019073,0.0024414,4.9207
0.019073,0.0015259,4.9133
0.018768,-0.00015259,4.9109
0.018311,-0.00030518,4.9133
0.018311,-0.00030518,4.9084
0.017395,-0.00076294,4.9121
0.018768,-0.00091553,4.9084
0.019073,-0.0016785,4.9182
0.019836,-0.0035095,4.9097
0.018768,-0.0035095,4.9109
0.018616,-0.0030518,4.9207
0.019684,-0.0024414,4.9097
0.018158,-0.0015259,4.9133
0.020905,-0.0012207,4.9109
0.019073,-0.0019836,4.8962
0.020599,-0.0018311,4.9121
0.019073,-0.0027466,4.9109
0.0177,-0.0019836,4.9194
0.017548,-0.00015259,4.9182
0.016632,-0.00076294,4.9182
0.016479,-0.00076294,4.9207
0.017548,-0.00076294,4.9255
0.017548,-0.0010681,4.9292
0.018311,-0.00076294,4.928
0.017853,-0.00030518,4.9316
0.018005,-0.00045776,4.9316
0.018005,-0.00015259,4.9329
0.018158,0.00015259,4.9353
0.017242,-0.00076294,4.9329
0.01709,-0.0019836,4.9353
0.01709,-0.0013733,4.9341
0.017548,-0.0015259,4.9426
0.018311,0.00045776,4.9316
0.019684,0.00030518,4.9194
0.020142,-0.0013733,4.9353
0.021057,-0.0027466,4.9341
0.020752,-0.0041199,4.9329
0.020752,-0.0053406,4.9377
0.020599,-0.004425,4.9304
0.02121,-0.0033569,4.928
0.02243,-0.0010681,4.9268
0.022888,0,4.9292
0.023041,-0.00045776,4.9207
0.02243,-0.0013733,4.9207
0.021057,-0.0022888,4.9231
0.019531,-0.0021362,4.9255
0.019684,-0.0012207,4.9268
0.019073,-0.0013733,4.9182
0.019226,-0.0042725,4.9207
0.018311,-0.00076294,4.9097
0.0177,-0.0022888,4.9036
0.016479,-0.0028992,4.9146
0.015717,-0.0027466,4.9097
0.014954,-0.0019836,4.9084
0.016022,-0.00015259,4.9121
0.016785,0.00091553,4.9109
0.016632,0.0016785,4.9109
0.017242,0.0030518,4.9097
0.017242,0.0024414,4.9109
0.016937,0.0027466,4.9084
0.016632,0.0028992,4.9133
0.0177,0.0028992,4.9084
0.018005,0.0027466,4.9146
0.018311,0.002594,4.9109
0.01709,0.0019836,4.9146
0.017548,0.0021362,4.917
0.017242,0.0019836,4.9182
0.016022,0.0024414,4.9268
0.014648,0.0021362,4.9243
0.014343,0.0030518,4.9121
0.01358,0.0019836,4.9182
0.013428,0.00076294,4.9219
0.012817,0,4.9304
0.013123,-0.00076294,4.9304
0.012817,-0.00045776,4.928
0.013885,-0.00045776,4.9341
0.014648,0.00015259,4.9329
0.016022,0.00076294,4.9353
0.015717,0.0010681,4.9304
0.014496,0.00091553,4.9353
0.014496,0.00076294,4.9304
0.013733,0.0018311,4.9329
0.013885,0.0032043,4.9475
0.013275,0.0053406,0.073242
0.014648,0.0061035,0.064697
0.015869,0.0059509,0.067139
0.01709,0.0048828,0.043945
0.018921,0.0036621,0.059814
0.020905,0.0018311,0.059814
0.022583,0.00091553,0.054932
0.024414,0.0016785,0.053711
0.024414,0.0028992,0.046387
0.024261,0.0054932,0.054932
0.021515,0.0071716,0.042725
0.02121,0.0067139,0.05127
0.019836,0.0062561,0.043945
0.018311,0.0048828,0.048828
0.018005,0.0036621,0.045166
0.018463,0.0036621,0.045166
0.018311,0.0039673,0.043945
0.018158,0.0045776,0.041504
0.018768,0.0047302,0.042725
0.019379,0.0056458,0.042725
0.019226,0.004425,0.036621
0.018921,0.004425,0.037842
0.017853,0.004425,0.047607
0.016022,0.0054932,0.041504
0.015564,0.0056458,0.041504
0.013428,0.0050354,0.036621
0.01236,0.0042725,0.040283
0.012665,0.0030518,0.037842
0.01297,0.0010681,0.042725
0.013123,-0.00030518,0.043945
0.01236,-0.00091553,0.047607
0.012054,-0.00076294,0.043945
0.012207,0.0033569,0.053711
0.010986,0.00015259,0.054932
0.012817,0.00045776,0.057373
0.01297,0.00091553,0.06958
0.014648,0.00091553,0.061035
0.014496,0.0010681,0.072021
0.01358,0.00091553,0.059814
0.014191,0.0010681,0.05127
0.014191,0.0045776,0.062256
0.015411,0.0035095,0.058594
0.016785,0.0048828,0.058594
0.018463,0.0059509,0.063477
0.020905,0.0057983,0.062256
0.019531,0.0053406,0.064697
0.020447,0.004425,0.061035
0.020599,0.0050354,0.068359
0.021973,0.0035095,0.059814
0.022125,0.0032043,0.068359
0.020905,0.0032043,0.065918
0.019226,0.0022888,0.065918
0.016785,0.0019836,0.059814
0.015411,0.0010681,0.057373
0.014648,0.00091553,0.062256
0.013123,0.00030518,0.053711
0.013123,0.00076294,0.062256
0.012665,0.0013733,0.050049
0.013123,0.0016785,0.039063
0.013885,0.0016785,0.043945
0.014038,-0.00045776,0.046387
0.015106,-0.0022888,0.045166
0.014954,-0.0021362,0.043945
0.016174,-0.0016785,0.041504
0.018005,-0.00061035,0.042725
0.018158,0.0012207,0.040283
0.019379,0.002594,0.039063
0.020142,0.0015259,0.037842
0.021057,0.00061035,0.042725
0.021973,0.00030518,0.039063
0.02243,-0.00091553,0.039063
0.025635,-0.00045776,0.053711
0.027161,0.00030518,0.039063
0.028076,0.00045776,0.046387
0.029602,0.0012207,0.040283
0.028839,0.00045776,0.025635
0.028992,-0.00015259,0.041504
0.027924,-0.00091553,0.043945
0.028076,-0.0010681,0.046387
0.026855,-0.0012207,0.047607
0.02533,-0.0010681,0.050049
0.027161,-0.0022888,0.053711
0.024261,-0.00045776,0.053711
0.023804,-0.00076294,0.059814
0.024109,-0.0035095,0.053711
0.023041,-0.00076294,0.061035
0.024872,0,0.062256
0.024872,0.00061035,0.063477
0.025482,0.0010681,0.065918
0.025482,0.0016785,0.062256
0.026703,0.00076294,0.064697
0.027313,0.00045776,0.062256
0.023346,0.00061035,0.076904
0.027924,0.00061035,0.063477
0.028076,0.00045776,0.053711
0.028992,0.00045776,0.065918
0.028992,0.0021362,0.064697
0.028076,0.002594,0.063477
0.028839,0.0030518,0.062256
0.029297,0.0016785,0.059814
0.029907,0.00030518,0.061035
0.030518,-0.00015259,0.054932
0.03067,-0.00030518,0.056152
0.030823,-0.0015259,0.048828
0.03006,0.0012207,0.05249
0.029297,0.0013733,0.046387
0.028687,0.00091553,0.045166
0.028229,0.0010681,0.053711
0.029449,0.00091553,0.047607
0.029602,0.0015259,0.045166
0.028687,0.0024414,0.045166
0.028076,0.0032043,0.032959
0.026245,0.0028992,0.039063
0.026855,0.0021362,0.039063
0.026703,0.0019836,0.037842
0.027313,-0.00045776,0.039063
0.029297,-0.0024414,0.0354
0.029602,-0.00076294,0.0354
0.029449,-0.00015259,4.0076
0.028839,0.00091553,4.8523
0.028076,0.0015259,4.9011
0.027924,0.00091553,4.9121
0.027924,0.00030518,4.9084
0.028992,-0.00015259,4.9121
0.028839,0.00076294,4.9097
0.028534,0.0013733,4.9182
0.028229,0.0027466,4.9243
0.027771,0.0039673,4.9255
0.027924,0.0047302,4.9329
0.027161,0.0050354,4.9255
0.03006,0.0050354,4.9097
0.031891,0.005188,4.9268
0.033112,0.005188,4.9304
0.033112,0.0053406,4.9329
0.031738,0.0056458,4.9304
0.031738,0.005188,4.928
0.030823,0.0012207,4.9353
0.030365,0.0042725,4.9329
0.031433,0.0039673,4.9304
0.031433,0.0033569,4.928
0.032349,0.0032043,4.9353
0.031128,0.0036621,4.9353
0.030518,0.0036621,4.9365
0.029755,0.0047302,4.9463
0.028534,0.005188,4.9377
0.028381,0.0057983,4.9341
0.027924,0.0053406,4.9341
0.027008,0.0045776,4.9365
0.02533,0.0036621,4.917
0.023651,0.002594,4.9243
0.023499,0.0024414,4.9255
0.023193,0.0022888,4.9231
0.022888,0.0021362,4.9194
0.023346,0.00091553,4.9207
0.023651,-0.00045776,4.917
0.024109,-0.0021362,4.9182
0.023804,-0.0024414,4.9109
0.023651,-0.0016785,4.9182
0.023956,-0.00091553,4.9097
0.023651,0.00076294,4.9146
0.023956,0.0018311,4.9109
0.024719,0.0021362,4.9158
0.026855,0.0019836,4.906
0.027466,0.0015259,4.9121
0.027008,0.0015259,4.9243
0.027161,0.0016785,4.9109
0.027008,0.0015259,4.9023
0.027313,0.0013733,4.9109
0.027313,0.00030518,4.9097
0.028076,-0.0013733,4.8999
0.028381,-0.002594,4.9097
0.027771,-0.0035095,4.9097
0.026398,-0.0039673,4.9109
0.025787,-0.0030518,4.9133
0.025482,-0.0016785,4.9194
0.02533,-0.00045776,4.9207
0.026398,-0.00045776,4.9268
0.026855,-0.00076294,4.9255
0.02655,-0.0021362,4.9292
0.025635,-0.002594,4.9341
0.025787,-0.0027466,4.9329
0.027161,-0.0022888,4.9304
0.025635,-0.0013733,4.9341
0.026093,-0.00045776,4.9353
0.027313,-0.0012207,4.9329
0.027313,-0.0028992,4.9292
0.027313,-0.0033569,4.9292
0.027466,-0.0045776,4.9316
0.027161,-0.0033569,4.9316
0.027924,-0.0022888,4.9353
0.027618,-0.00045776,4.9341
0.028687,0.0015259,4.9377
0.028534,0.0021362,4.9353
0.027008,0.0012207,4.9341
0.026093,0.0013733,4.9304
0.02533,-0.00015259,4.9329
0.025787,0.0010681,4.9268
0.025482,0.0016785,4.9292
0.02594,0.0021362,4.9365
0.026093,0.0018311,4.9243
0.025482,0.00091553,4.9255
0.024872,0.00045776,4.9231
0.023804,-0.00061035,4.9036
0.022125,-0.00061035,4.9133
0.02182,0.00030518,4.917
0.021515,0.0021362,4.9158
0.02121,0.0041199,4.9121
0.021362,0.0033569,4.9072
0.019531,0.0038147,4.9133
0.018463,0.0024414,4.9109
0.018921,0.0016785,4.9109
0.019226,0.0010681,4.9084
0.019226,0.0018311,4.9146
0.019073,0.002594,4.9097
0.018768,0.0010681,4.9121
0.018005,0.0010681,4.9133
0.017548,0,4.9109
0.016632,-0.0013733,4.9109
0.016327,-0.0012207,4.9146
0.016327,0,4.906
0.01709,0.0022888,4.9146
0.017548,0.004425,4.9231
0.0177,0.0054932,4.9207
0.019073,0.0059509,4.9207
0.018616,0.0047302,4.9219
0.021515,0.0045776,4.9243
0.020294,0.0047302,4.9243
0.021057,0.0056458,4.9304
0.020905,0.0035095,0.059814
0.019684,0.0028992,0.062256
0.018921,0.00076294,0.059814
0.017395,-0.00076294,0.064697
0.016022,-0.00015259,0.061035
0.015259,-0.00061035,0.059814
0.015411,0.0019836,0.065918
0.015564,0.0033569,0.064697
0.015411,0.0032043,0.074463
0.015411,0.0032043,0.064697
0.016632,0.0015259,0.05249
0.017853,-0.00045776,0.073242
0.019379,0.0021362,0.067139
0.020142,0.00015259,0.061035
0.020142,0.0024414,0.063477
0.019989,0.0045776,0.057373
0.018768,0.0056458,0.059814
0.016022,0.0059509,0.05249
0.014801,0.0045776,0.056152
0.014038,0.0038147,0.050049
0.014648,0.0038147,0.05249
0.015411,0.0042725,0.05127
0.016937,0.0059509,0.05127
0.018768,0.0067139,0.048828
0.018311,0.0041199,0.046387
0.020294,0.0018311,0.045166
0.020142,0,0.042725
0.021515,-0.00045776,0.029297
0.020599,0.0012207,0.037842
0.020905,0.0033569,0.041504
0.019073,0.0047302,0.0354
0.016937,0.0048828,0.042725
0.016022,0.0042725,0.040283
0.014648,0.0028992,0.040283
0.014343,0.0018311,0.039063
0.015869,0.0022888,0.040283
0.016632,0.0027466,0.036621
0.016632,0.0035095,0.039063
0.016022,0.0030518,0.041504
0.015717,0.0028992,0.046387
0.014191,0.0016785,0.042725
0.013123,-0.00076294,0.048828
0.014191,-0.0013733,0.057373
0.014191,-0.00076294,0.05127
0.015106,0.0010681,0.063477
0.014648,0.0022888,0.056152
0.014954,0.0045776,0.042725
0.014343,0.0022888,0.057373
0.013733,0.0010681,0.05249
0.014343,0.004425,0.059814
0.014801,0.00076294,0.061035
0.015869,0.0027466,0.057373
0.016937,0.0038147,0.062256
0.018311,0.0050354,0.058594
0.019989,0.0048828,0.063477
0.020752,0.0030518,0.059814
0.023193,0.00091553,0.067139
0.023956,-0.00061035,0.065918
0.025024,-0.0015259,0.064697
0.026093,-0.00076294,0.076904
0.024567,-0.00015259,0.067139
0.023804,0.0027466,0.062256
0.021362,0.0036621,0.062256
0.019989,-0.0013733,0.064697
0.018463,0.00030518,0.053711
0.018005,0.00076294,0.053711
0.018158,0.00091553,0.050049
0.019226,0.0018311,0.050049
0.020752,0.0019836,0.046387
0.021515,0.0019836,0.048828
0.022583,0.00045776,0.043945
0.023651,-0.0010681,0.043945
0.023956,-0.0013733,0.041504
0.024414,-0.0010681,0.043945
0.024109,-0.00015259,0.039063
0.022736,0.0016785,0.043945
0.020142,0.0027466,0.037842
0.020447,0.0035095,0.042725
0.020599,0.0032043,0.05249
0.018311,0.0027466,0.041504
0.021515,0.0027466,0.053711
0.02182,0.0021362,0.037842
0.021515,0.0018311,0.026855
0.021667,0.0010681,0.041504
0.020905,0.0010681,0.037842
0.020142,-0.0010681,0.037842
0.019684,-0.0012207,0.042725
0.019684,-0.0030518,0.041504
0.019226,-0.0039673,0.045166
0.016785,-0.0019836,0.046387
0.015564,-0.00045776,0.042725
0.015564,-0.00045776,0.048828
0.015717,0.0010681,0.057373
0.01709,0.0012207,0.058594
0.018311,0.0018311,0.062256
0.019073,0.0024414,0.059814
0.019684,0.0030518,0.062256
0.019226,0.0038147,0.061035
0.018921,0.0036621,0.061035
0.018311,0.002594,0.072021
0.017395,0.00076294,0.061035
0.017548,-0.00076294,0.05249
0.018768,-0.0018311,0.061035
0.01709,-0.0019836,0.063477
0.015106,-0.0018311,0.062256
0.016785,-0.0016785,0.065918
0.016785,-0.0022888,0.064697
0.016632,-0.0041199,0.06958
0.017548,-0.005188,0.061035
0.017395,-0.0042725,0.064697
0.018158,-0.0030518,0.057373
0.019379,-0.00030518,0.061035
0.019989,0.00045776,0.053711
0.02182,0.0024414,0.054932
0.023041,0.0028992,0.067139
0.024414,0.0030518,0.05127
0.025177,0.0030518,0.047607
0.025787,0.0039673,4.4055
0.024872,0.0056458,4.8633
0.025635,0.0059509,4.9109
0.025635,0.0071716,4.9121
0.026855,0.0068665,4.9158
0.027466,0.0050354,4.9109
0.029144,0.0024414,4.9036
0.029755,0.00061035,4.9109
0.029602,-0.0010681,4.9097
0.030212,0,4.9084
0.029755,-0.0018311,4.9072
0.029297,-0.0013733,4.9146
0.028076,-0.0024414,4.9097
0.026398,-0.0038147,4.9158
0.023499,-0.0050354,4.9084
0.020294,-0.0045776,4.9109
0.019531,-0.0038147,4.9097
0.018921,-0.002594,4.9109
0.019684,-0.0013733,4.9194
0.02121,-0.0015259,4.9133
0.022125,-0.0022888,4.9097
0.023804,-0.0028992,4.9231
0.024872,-0.0019836,4.9207
0.026855,-0.00061035,4.9231
0.028381,0.0013733,4.9243
0.028534,0.0027466,4.9255
0.028534,0.0032043,4.9304
0.026398,0.0022888,4.9341
0.028381,0.002594,4.9353
0.028381,0.0019836,4.9292
0.028687,0.0028992,4.9353
0.029449,0.0033569,4.9329
0.029449,0.0054932,4.9341
0.029449,0.0010681,4.9414
0.029907,0,4.9353
0.030212,-0.0010681,4.9316
0.03006,-0.00061035,4.9353
0.029907,-0.0012207,4.9292
0.028839,-0.0018311,4.9316
0.028534,-0.0015259,4.9304
0.026703,-0.0016785,4.9292
0.025482,-0.0022888,4.9304
0.024414,-0.0022888,4.9268
0.023346,0,4.9304
0.022278,-0.0022888,4.9231
0.022278,-0.0021362,4.9255
0.023041,0.00030518,4.9194
0.023346,0.0016785,4.9194
0.023193,0.0015259,4.9072
0.023651,0.0018311,4.9243
0.024261,0.0012207,4.9158
0.025787,-0.0016785,4.9194
0.028076,0.0024414,4.9243
0.029907,0.004425,4.9146
0.033417,0.0057983,4.9194
0.03067,0.0057983,4.9109
0.029907,0.005188,4.9048
0.029755,0.0035095,4.9084
0.029602,0.0019836,4.9072
0.029602,0.0022888,4.9158
0.030975,0.0032043,4.9109
0.031738,0.0041199,4.9048
0.03418,0.0041199,4.9097
0.032501,0.0041199,4.9072
0.031738,0.0030518,4.9121
0.031586,0.00091553,4.9097
0.031586,0.0013733,4.917
0.030975,0.0022888,4.9158
0.03006,0.0047302,4.9207
0.029907,0.0035095,4.9304
0.027161,0.007782,4.9194
0.025482,0.0076294,4.928
0.024261,0.0064087,4.928
0.023041,0.0056458,4.9207
0.023499,0.0068665,4.9304
0.024719,0.0091553,4.9292
0.025024,0.011444,4.9292
0.024414,0.0099182,4.9304
0.023651,0.007782,4.9292
0.022125,0.0047302,4.9353
0.020294,0.0033569,4.9316
0.019531,0.0024414,4.9353
0.018463,0.0047302,4.9304
0.018921,0.0068665,4.9365
0.019226,0.0090027,4.9353
0.019379,0.007019,4.9377
0.019379,0.0054932,4.939
0.018463,0.002594,4.9377
0.019684,0.0015259,4.939
0.021057,0.0030518,4.9341
0.02182,0.0056458,4.9426
0.023346,0.0083923,4.9268
0.02243,0.0074768,4.9255
0.021667,0.0065613,4.9243
0.019684,0.0036621,4.9207
0.018768,0,4.9194
0.018463,0,4.9158
0.019226,-0.00045776,4.9158
0.019989,-0.00015259,4.917
0.021057,0.00091553,4.9121
0.02182,0.0015259,4.9146
0.022278,0.00045776,4.9036
0.021515,-0.0015259,4.9158
0.020905,-0.0013733,4.9133
0.021667,-0.00015259,4.9109
0.021362,0.0013733,4.9158
0.016174,0.0053406,4.9133
0.018616,0.0016785,4.917
0.018158,-0.00030518,4.9084
0.018005,-0.0030518,4.9011
0.018768,-0.0056458,0.040283
0.021362,-0.0047302,0.037842
0.023804,-0.004425,0.0354
0.027008,-0.0016785,0.039063
0.029144,0.00015259,0.042725
0.030365,0.00076294,0.042725
0.031586,0,0.047607
0.032043,-0.0010681,0.053711
0.032654,-0.00045776,0.05127
0.031891,0.0016785,0.056152
0.031433,0.0032043,0.057373
0.03006,0.005188,0.062256
0.028534,0.0054932,0.058594
0.027008,0.0039673,0.064697
0.027313,0.0016785,0.062256
0.026703,-0.00015259,0.063477
0.028076,0.00030518,0.070801
0.027924,0.0013733,0.062256
0.027618,0.0050354,0.047607
0.026093,0.00061035,0.062256
0.024109,-0.0012207,0.064697
0.02243,-0.0036621,0.064697
0.021362,-0.0064087,0.064697
0.020142,-0.0062561,0.062256
0.019989,-0.0065613,0.068359
0.019226,-0.0045776,0.062256
0.018768,-0.0036621,0.064697
0.016479,-0.0032043,0.059814
0.015869,-0.0030518,0.063477
0.015411,-0.0032043,0.054932
0.015259,-0.002594,0.056152
0.01709,-0.00091553,0.063477
0.0177,0.00015259,0.05127
0.018311,0.00091553,0.05127
0.017242,0.00076294,0.043945
0.018005,-0.00030518,0.029297
0.018463,-0.0016785,0.042725
0.019379,-0.0018311,0.043945
0.021057,-0.0019836,0.042725
0.021667,-0.0012207,0.040283
0.022278,0,0.041504
0.021973,0.0012207,0.041504
0.021362,0.0016785,0.039063
0.022125,0.00045776,0.039063
0.02243,-0.00030518,0.037842
0.024109,-0.0010681,0.042725
0.024414,-0.00061035,0.039063
0.023804,0.0010681,0.041504
0.020752,0.0019836,0.037842
0.022125,0.0022888,0.042725
0.020905,0.0018311,0.041504
0.019989,0.00061035,0.042725
0.020142,-0.00061035,0.05249
0.02121,-0.0010681,0.042725
0.02182,-0.00061035,0.039063
0.022736,0.00061035,0.043945
0.022583,0.00061035,0.05249
0.02243,0.0012207,0.05249
0.02243,0.00061035,0.058594
0.02243,-0.0010681,0.056152
0.023041,-0.0016785,0.061035
0.023651,-0.0012207,0.057373
0.022888,0,0.064697
0.021057,0.0013733,0.058594
0.019684,0.0019836,0.063477
0.018768,0.0013733,0.063477
0.018768,-0.00076294,0.062256
0.020752,-0.0021362,0.070801
0.022125,-0.002594,0.064697
0.023499,-0.0033569,0.067139
0.024261,-0.0027466,0.064697
0.022888,-0.0018311,0.062256
0.02243,-0.0021362,0.065918
0.021515,-0.0024414,0.063477
0.021362,-0.0028992,0.059814
0.021667,-0.0039673,0.061035
0.02182,-0.0032043,0.053711
0.02182,-0.0019836,0.057373
0.020752,-0.00091553,0.05249
0.019684,0.0012207,0.053711
0.019836,0.00045776,0.046387
0.020905,0,0.05127
0.022278,-0.00076294,0.048828
0.023804,-0.00015259,0.048828
0.024567,0.00045776,0.043945
0.022888,0.0013733,0.045166
0.022125,0.0021362,0.053711
0.019836,0.0016785,0.040283
0.018768,0.0015259,0.048828
0.019379,0.00045776,0.042725
0.020294,0.00030518,0.031738
0.020599,0.00061035,0.037842
0.019531,-0.0019836,0.041504
0.017395,0.0012207,0.040283
0.015411,0.0013733,0.037842
0.014801,0.00091553,0.037842
0.016022,-0.00030518,0.041504
0.017548,-0.0013733,0.037842
0.018463,-0.0030518,0.040283
0.019226,-0.0027466,0.039063
0.017548,-0.0028992,0.047607
0.016174,-0.002594,0.046387
0.014954,-0.0035095,0.050049
0.015564,-0.0042725,0.064697
0.016937,-0.0050354,0.054932
0.018616,-0.0041199,0.054932
0.019989,-0.002594,0.057373
0.020752,-0.00030518,0.053711
0.020752,0.00076294,0.057373
0.02121,0.0018311,0.045166
0.02243,0.0024414,0.058594
0.024567,0.0022888,0.061035
0.026855,0.0022888,0.059814
0.028992,0.0021362,0.062256
0.028534,0.0027466,0.059814
0.026398,0.004425,0.062256
0.024719,0.0039673,2.6062
0.022888,0.0039673,4.7974
0.02243,0.0036621,4.9207
0.023499,0.002594,4.9341
0.02594,0.00061035,4.9341
0.026093,0.00091553,4.9365
0.024872,-0.00061035,4.9402
0.024109,0.0013733,4.9316
0.023041,0.0021362,4.939
0.022583,0.002594,4.9268
0.024414,0.002594,4.9133
0.022583,0.0018311,4.9219
0.02182,0.0016785,4.9207
0.019989,0.0039673,4.917
0.016937,0.0030518,4.9194
0.013885,0.0035095,4.9194
0.012054,0.0038147,4.9133
0.012512,-0.00015259,4.9133
0.013733,0.0039673,4.9146
0.016479,0.0042725,4.9109
0.017242,0.004425,4.9146
0.015564,0.0045776,4.9109
0.013123,0.005188,4.9146
0.012054,0.0050354,4.9109
0.011597,0.0045776,4.9146
0.01236,0.0041199,4.9097
0.013733,0.004425,4.9109
0.013733,0.0045776,4.9048
0.016327,0.0048828,4.9133
0.011749,0.0053406,4.9207
0.010376,0.0045776,4.9084
0.011292,0.0039673,4.9121
0.01297,0.0035095,4.9133
0.014954,0.0022888,4.9133
0.017548,0.0021362,4.9146
0.018463,-0.0036621,4.9194
0.017853,0.0028992,4.9243
0.015564,0.0028992,4.9255
0.014496,0.0012207,4.9231
0.014038,-0.00030518,4.9329
0.014038,-0.0019836,4.9231
0.014038,-0.0024414,4.9316
0.014343,-0.0016785,4.9402
0.01358,0.00015259,4.9304
0.013733,0.0018311,4.9353
0.014038,0.0035095,4.9316
0.016479,0.0045776,4.9133
0.019989,0.0045776,4.9255
0.020599,0.0045776,4.9292
0.02182,0.0045776,4.9316
0.022736,0.0053406,4.9353
0.021973,0.0071716,4.9329
0.02182,0.0076294,4.9377
0.022125,0.0082397,4.9402
0.023956,0.010681,4.9341
0.022736,0.0071716,4.928
0.027618,0.0062561,4.9316
0.028687,0.0056458,4.9255
0.028839,0.004425,4.9268
0.028229,0.0057983,4.9219
0.028229,0.0053406,4.9146
0.028687,0.0045776,4.9231
0.030212,0.005188,4.9231
0.031128,0.004425,4.9158
0.030823,0.0035095,4.9158
0.028229,0.0016785,4.9158
0.024261,0.0016785,4.9133
0.020905,0.00061035,4.9121
0.018616,0.00030518,4.9109
0.017853,-0.0012207,4.9109
0.018768,-0.0016785,4.9109
0.02243,-0.0016785,4.9084
0.019836,-0.0047302,4.895
0.020752,-0.0028992,4.9109
0.019989,-0.0022888,4.9109
0.020294,-0.0012207,4.9133
0.021057,0,4.9084
0.02182,0.0032043,4.9194
0.023651,0.0010681,4.9182
0.022583,-0.00015259,4.9097
0.020905,-0.00045776,4.9243
0.019226,0.00045776,4.9146
0.018463,0.0016785,4.906
0.020294,0.0033569,4.9231
0.024567,0.0041199,4.9194
0.027313,0.0045776,4.9219
0.030365,0.0036621,4.928
0.028839,0.0022888,4.9268
0.031128,0.0012207,4.9304
0.029755,0,4.9304
0.028687,0.0015259,4.9304
0.027924,-0.0028992,4.928
0.028076,0.0010681,4.9316
0.027924,0.00015259,4.9316
0.02655,-0.0050354,4.9353
0.024872,-0.0027466,4.9438
0.022736,-0.0012207,4.9341
0.020752,0.00015259,4.9353
0.020447,0.0013733,4.939
0.022125,0.0010681,4.9426
0.024109,-0.00045776,4.9365
0.025177,-0.0024414,4.939
0.025177,-0.0045776,4.9304
0.023193,-0.0045776,4.9304
0.022583,-0.0033569,4.928
0.023041,-0.0013733,4.9255
0.025177,-0.00030518,4.9207
0.027161,-0.00061035,4.9231
0.028839,-0.0012207,4.9207
0.030518,-0.0012207,4.9207
0.029907,-0.00091553,4.9231
0.03006,0.0013733,0.048828
0.030518,0.0041199,0.042725
0.032806,0.0053406,0.046387
0.034485,0.0048828,0.061035
0.036469,0.0033569,0.037842
0.037384,0.00061035,0.05249
0.037079,-0.00015259,0.041504
0.034943,0.00030518,0.029297
0.032654,0.0027466,0.036621
0.031738,0.0039673,0.040283
0.030975,0.0024414,0.036621
0.03006,0.00091553,0.039063
0.029144,-0.0018311,0.036621
0.027618,-0.0041199,0.042725
0.02533,-0.0036621,0.039063
0.023041,-0.0012207,0.041504
0.022583,0.0024414,0.039063
0.023346,0.0042725,0.047607
0.025177,0.0045776,0.047607
0.026703,0.002594,0.05127
0.027313,0.0012207,0.067139
0.02594,0.0015259,0.056152
0.022278,0.0028992,0.056152
0.022583,0.0054932,0.058594
0.022736,0.0068665,0.056152
0.022278,0.0053406,0.061035
0.024872,0.0030518,0.058594
0.025177,0.00015259,0.062256
0.02533,-0.0021362,0.061035
0.023041,-0.0036621,0.058594
0.022125,-0.0010681,0.064697
0.02182,0.00045776,0.057373
0.022736,-0.00030518,0.061035
0.024872,-0.0019836,0.062256
0.026093,-0.0048828,0.067139
0.026093,-0.0065613,0.065918
0.024872,-0.0054932,0.068359
0.023804,-0.0039673,0.065918
0.022888,-0.0015259,0.065918
0.023499,0.00030518,0.070801
0.025177,0,0.062256
0.02655,-0.0021362,0.065918
0.02655,-0.0042725,0.05249
0.02655,-0.0041199,0.041504
0.026093,-0.004425,0.05127
0.025635,-0.0027466,0.05249
0.026855,-0.0019836,0.046387
0.028687,-0.0015259,0.047607
0.03067,-0.0033569,0.045166
0.031433,-0.0062561,0.045166
0.030518,-0.0074768,0.041504
0.028687,-0.0059509,0.043945
0.02655,-0.0032043,0.0354
0.026855,-0.00045776,0.0354
0.027161,0.0012207,0.046387
0.029449,0.0013733,0.040283
0.030975,-0.00061035,0.042725
0.031128,-0.0022888,0.042725
0.031738,-0.0028992,0.040283
0.029907,-0.0015259,0.037842
0.029755,0.0010681,0.036621
0.029449,0.0033569,0.041504
0.033417,0.0035095,0.039063
0.030823,0.0032043,0.037842
0.030975,0.0010681,0.041504
0.029297,0.00045776,0.043945
0.027008,0.0015259,0.046387
0.024719,0.0027466,0.047607
0.023651,0.0027466,0.05249
0.023804,0.0038147,0.05127
0.024414,0.0019836,0.054932
0.02533,-0.00061035,0.056152
0.025024,-0.0028992,0.061035
0.024872,-0.0039673,0.056152
0.020905,-0.0021362,0.061035
0.019684,0.00045776,0.070801
0.017853,0.0010681,0.063477
0.018616,0.0022888,0.068359
0.017548,0.00076294,0.061035
0.01709,-0.0010681,0.041504
0.015411,-0.0019836,0.061035
0.010376,-0.00015259,0.064697
0.012512,0.002594,0.064697
0.012512,0.0042725,0.067139
0.015411,0.0062561,0.057373
0.017395,0.0027466,0.068359
0.020599,0.00061035,0.064697
0.020142,0.00015259,0.064697
0.019531,0.0032043,0.056152
0.018463,0.0036621,0.063477
0.018158,0.0065613,0.056152
0.018616,0.007782,0.056152
0.019684,0.0074768,0.057373
0.020447,0.0065613,0.05127
0.020294,0.0053406,0.050049
0.019226,0.0073242,0.048828
0.019531,0.0076294,0.050049
0.018311,0.010223,0.042725
0.019073,0.011139,0.0354
0.023499,0.010834,0.041504
0.022125,0.0082397,0.041504
0.021973,0.0057983,0.039063
0.019989,0.004425,0.036621
0.018158,0.0036621,0.036621
0.016174,0.0059509,0.042725
0.014191,0.0071716,0.03418
0.015259,0.0073242,0.0354
0.013733,0.0056458,0.037842
0.014038,0.0039673,0.042725
0.013275,0.0019836,0.041504
0.011444,0.0016785,0.041504
0.012054,0.0022888,0.05127
0.011597,0.0042725,0.043945
0.013275,0.0028992,0.053711
0.014954,0.0045776,0.042725
0.018158,0.0019836,0.037842
0.019684,-0.00030518,2.1375
0.019531,-0.0013733,4.7522
0.018158,-0.00061035,4.9109
0.017242,0.0022888,4.9219
0.018158,0.004425,4.9243
0.019989,0.005188,4.928
0.02121,0.0039673,4.9316
0.022278,0.0016785,4.9353
0.02243,0.00061035,4.928
0.019836,-0.0012207,4.9316
0.018768,0.0028992,4.9304
0.0177,0.0048828,4.9219
0.018005,0.0038147,4.9341
0.019531,0.0039673,4.9365
0.019989,0.0013733,4.939
0.019379,-0.0010681,4.9353
0.018005,-0.0057983,4.9426
0.01709,-0.00076294,4.9353
0.015869,0.00030518,4.9207
0.015411,0.00091553,4.9341
0.019531,0.0013733,4.9292
0.017395,0.0012207,4.9292
0.018005,0.0015259,4.9133
0.0177,0.0016785,4.9194
0.015259,0.0028992,4.9255
0.01709,0.0053406,4.9207
0.016327,0.0065613,4.9219
0.016632,0.0073242,4.9133
0.018616,0.0071716,4.9231
0.020294,0.0062561,4.9158
0.020905,0.0042725,4.9194
0.020447,0.0036621,4.9243
0.020142,0.0018311,4.9146
0.019226,0.0012207,4.9097
0.019226,0.0018311,4.9121
0.018921,0.0018311,4.8938
0.018768,0.00045776,4.9097
0.018921,-0.00061035,4.9097
0.016632,-0.0018311,4.9097
0.014496,-0.0019836,4.9084
0.014191,-0.0013733,4.9048
0.014038,-0.00061035,4.9109
0.012054,-0.0022888,4.9084
0.015717,-0.0015259,4.9097
0.017853,-0.0024414,4.9084
0.018616,-0.0036621,4.9194
0.014343,-0.0024414,4.9146
0.019684,-0.0015259,4.9207
0.019226,0,4.9219
0.019836,0.00091553,4.9255
0.02121,0.0012207,4.9255
0.02182,0.00015259,4.9304
0.023346,-0.00091553,4.9402
0.024261,-0.0010681,4.9304
0.02533,0.00030518,4.9182
0.025635,0.0018311,4.9316
0.025635,0.0033569,4.9304
0.026398,0.0035095,4.9304
0.027466,0.0019836,4.9304
0.027313,-0.0015259,4.9304
0.027008,-0.0036621,4.9329
0.026703,-0.0038147,4.9316
0.026245,-0.0019836,4.9353
0.025635,0.00015259,4.9353
0.025024,0.0021362,4.9365
0.025482,0.00030518,4.9316
0.02533,-0.0015259,4.939
0.025482,-0.0027466,4.9402
0.02594,-0.0021362,4.9329
0.024414,0.00015259,4.9255
0.024109,0.0032043,4.928
0.022278,0.0054932,4.917
0.02182,0.0053406,4.9219
0.020752,0.0039673,4.9182
0.020752,0.0010681,4.9182
0.019226,-0.0010681,4.9292
0.017853,-0.0016785,4.917
0.015564,-0.00045776,4.9158
0.014496,0.0010681,4.9097
0.014343,-0.00091553,4.9109
0.01358,-0.0019836,4.9072
0.013275,-0.0059509,4.9072
0.01297,-0.0094604,4.9158
0.012665,-0.010071,4.9133
0.010834,-0.0097656,4.9084
0.010681,-0.0080872,4.9133
0.012817,-0.0061035,4.9048
0.013885,-0.0059509,4.9109
0.017853,-0.007019,4.9158
0.019836,-0.0083923,4.9109
0.021667,-0.0080872,4.9036
0.022736,-0.0071716,4.9109
0.022583,-0.0035095,4.9133
0.023499,-0.0015259,4.9133
0.023651,-0.00015259,4.9158
0.024109,-0.00061035,4.9158
0.024109,-0.0022888,4.9207
0.023956,-0.0042725,4.9194
0.02655,-0.0047302,4.9255
0.023193,-0.0032043,4.9255
0.022888,-0.0015259,4.928
0.022736,-0.00045776,4.9304
0.023651,-0.00076294,4.9329
0.024261,-0.0019836,4.9438
0.024872,-0.0028992,4.9329
0.024872,-0.0033569,4.9329
0.023804,-0.0021362,4.9329
0.021973,-0.00045776,4.9194
0.019989,0.00030518,4.9316
0.0177,-0.00015259,4.9329
0.016937,-0.0016785,0.064697
0.016479,-0.0036621,0.065918
0.016022,-0.004425,0.062256
0.015564,-0.0039673,0.068359
0.017548,-0.0015259,0.062256
0.02121,-0.0010681,0.063477
0.024567,-0.00061035,0.058594
0.027313,-0.0015259,0.057373
0.028839,-0.0039673,0.05249
0.030212,-0.005188,0.056152
0.030212,-0.007019,0.053711
0.028992,-0.0035095,0.05127
0.029907,-0.0015259,0.057373
0.028076,-0.00030518,0.048828
0.025482,-0.00061035,0.059814
0.023193,-0.0010681,0.047607
0.02121,-0.0019836,0.046387
0.020142,-0.0024414,0.039063
0.019836,-0.0024414,0.036621
0.020752,-0.0015259,0.037842
0.021973,-0.0013733,0.041504
0.022888,-0.0016785,0.0354
0.023041,-0.0027466,0.040283
0.023804,-0.0050354,0.0354
0.023956,-0.0068665,0.040283
0.024872,-0.0067139,0.037842
0.024567,-0.0074768,0.041504
0.024261,-0.0050354,0.039063
0.023346,-0.0015259,0.042725
0.022583,-0.0012207,0.048828
0.02182,-0.0013733,0.041504
0.022278,-0.0012207,0.054932
0.023804,-0.0027466,0.050049
0.025024,-0.00061035,0.040283
0.02655,0.0016785,0.05249
0.027771,0.0038147,0.053711
0.028534,0.0038147,0.05127
0.028839,0.0022888,0.059814
0.028534,0.00061035,0.057373
0.027771,-0.0021362,0.061035
0.027008,-0.0015259,0.053711
0.02533,-0.0027466,0.062256
0.025177,-0.0021362,0.059814
0.026398,-0.0028992,0.063477
0.023193,-0.0042725,0.063477
0.023041,-0.0047302,0.061035
0.023651,-0.0054932,0.063477
0.023804,-0.005188,0.065918
0.025177,-0.0030518,0.068359
0.025482,-0.0010681,0.067139
0.026398,-0.0015259,0.076904
0.025482,0.0012207,0.063477
0.026093,0.0016785,0.061035
0.02655,0.0021362,0.059814
0.026855,0.0032043,0.061035
0.026093,0.0047302,0.057373
0.029449,0.0053406,0.054932
0.030975,0.0062561,0.047607
0.031891,0.0050354,0.05249
0.032806,0.0045776,0.047607
0.032654,0.0045776,0.050049
0.032349,0.0041199,0.039063
0.032196,0.0071716,0.050049
0.031281,0.0061035,0.045166
0.028992,0.007019,0.046387
0.027924,0.0073242,0.054932
0.02655,0.0076294,0.041504
0.025635,0.0082397,0.040283
0.024414,0.0083923,0.040283
0.024719,0.0076294,0.023193
0.024261,0.0091553,0.039063
0.025787,0.0094604,0.040283
0.02533,0.0082397,0.040283
0.025482,0.0064087,0.037842
0.024567,0.0053406,0.037842
0.024109,0.0039673,0.042725
0.023346,0.0024414,0.040283
0.022888,0.0047302,0.042725
0.022736,0.0042725,0.041504
0.023346,0.0061035,0.047607
0.02121,0.0071716,0.047607
0.021973,0.0073242,0.05127
0.020752,0.0071716,0.050049
0.018158,0.0079346,0.057373
0.020294,0.0083923,0.057373
0.02182,0.0091553,0.059814
0.021973,0.0086975,0.072021
0.02121,0.0076294,0.062256
0.019226,0.0047302,0.050049
0.018768,0.0022888,0.059814
0.018768,0.0012207,0.061035
0.018311,0.0012207,0.061035
0.019073,0.0027466,0.061035
0.018463,0.0024414,0.057373
0.018921,0.0027466,0.062256
0.018005,0.0036621,0.062256
0.017853,0.0015259,0.068359
0.01709,0.0012207,0.062256
0.019073,0.00091553,0.067139
0.020447,0.00091553,0.067139
0.022278,0.00091553,0.065918
0.023193,0.00030518,0.068359
0.02121,0,0.059814
0.023499,-0.0016785,0.058594
0.022888,-0.0024414,0.05249
0.021515,-0.00091553,0.050049
0.021973,-0.00030518,0.05127
0.023804,0.00076294,0.048828
0.02121,0.0015259,0.046387
0.020905,0.0050354,0.047607
0.020752,0,0.046387
0.021362,0.0012207,0.043945
0.022736,0.0021362,0.041504
0.024261,0.0032043,0.043945
0.026398,0.0039673,0.037842
0.027466,0.0038147,0.039063
0.027161,0.0028992,0.040283
0.026855,0.0024414,1.1011
0.025482,0.0028992,4.6863
0.023346,0.0036621,4.8816
0.022125,0.0047302,4.9194
0.021362,0.0056458,4.9109
0.02243,0.0054932,4.9182
0.020599,0.0048828,4.9109
0.020447,0.0045776,4.8962
0.019684,0.0035095,4.9109
0.021667,0.0033569,4.9146
0.021667,0.0022888,4.9146
0.020599,0.0012207,4.9158
0.020447,-0.0027466,4.917
0.018311,-0.00045776,4.9231
0.016022,-0.0013733,4.9255
0.013733,0.0015259,4.928
0.012054,-0.0015259,4.9231
0.011139,-0.00030518,4.9304
0.010834,0.00061035,4.9341
0.010223,0.0016785,4.9377
0.012207,0.0021362,4.9402
0.012054,0.0016785,4.9341
0.012512,0.0012207,4.928
0.014191,0,4.9329
0.014343,-0.00045776,4.9365
0.014954,-0.00015259,4.9329
0.014496,-0.00030518,4.9194
0.013885,-0.00030518,4.9353
0.013428,0,4.9353
0.01358,0.00076294,4.9329
0.014648,0.0016785,4.9377
0.016022,0.0015259,4.9341
0.01709,0.0019836,4.9341
0.019379,0.0021362,4.9255
0.020752,0.0021362,4.9304
0.022888,0.0021362,4.9255
0.023346,0.0024414,4.9255
0.023651,-0.00061035,4.9231
0.021667,0.0032043,4.9243
0.02121,0.0027466,4.9292
0.020142,0.0021362,4.9207
0.019379,0.00091553,4.9219
0.018921,0.00091553,4.9158
0.0177,0.00091553,4.9023
0.016632,0.00045776,4.9146
0.016785,0.00015259,4.9133
0.017395,0.00030518,4.9109
0.018158,0.00015259,4.9121
0.019073,-0.00076294,4.9109
0.020447,-0.0010681,4.9097
0.020599,-0.0019836,4.9084
0.019684,-0.0022888,4.9084
0.018158,-0.0010681,4.9072
0.016937,0.00015259,4.9133
0.016937,0.00091553,4.9121
0.01709,0.00091553,4.9146
0.018311,0.0010681,4.9121
0.019226,-0.00030518,4.9133
0.018616,-0.00045776,4.9133
0.018921,-0.0015259,4.917
0.020599,-0.0016785,4.9243
0.021667,-0.0015259,4.9207
0.022583,-0.0019836,4.9243
0.022888,-0.0027466,4.9255
0.02243,-0.0032043,4.928
0.022125,-0.0035095,4.928
0.020142,-0.0035095,4.9316
0.016937,-0.0028992,4.9292
0.016632,-0.002594,4.939
0.016327,-0.00061035,4.9304
0.015717,-0.00091553,4.9341
0.016785,-0.00091553,4.9292
0.0177,-0.0010681,4.9329
0.018921,-0.0012207,4.9316
0.019531,-0.0010681,4.9353
0.020294,-0.0012207,4.9463
0.02121,0.00045776,4.9377
0.021973,0.00061035,4.939
0.020752,0.0015259,4.9377
0.019684,0.0012207,4.9158
0.018768,0.0013733,4.9316
0.018311,0.0032043,4.9268
0.0177,0.0045776,4.928
0.017548,0.0057983,4.9255
0.018311,0.0067139,4.9207
0.019989,0.0064087,4.9219
0.021362,0.0054932,4.9194
0.022888,0.0041199,4.9207
0.022736,0.0033569,4.9146
0.02243,0.0018311,4.9219
0.021667,0.00091553,4.9158
0.019989,-0.00076294,4.9194
0.018158,-0.0036621,4.9182
0.014801,-0.0053406,4.9158
0.01297,-0.0064087,4.9194
0.010071,-0.0068665,4.9109
0.0088501,-0.0057983,4.9036
0.0088501,-0.0032043,4.906
0.0097656,-0.0027466,4.8962
0.012207,-0.0015259,4.9121
0.015717,-0.00076294,4.9084
0.018158,-0.00015259,4.906
0.02182,0.0012207,4.9097
0.024261,0.0021362,4.9109
0.025787,0.0013733,4.9109
0.026093,0.0035095,4.9121
0.02655,0.0039673,4.9182
0.026093,0.0010681,4.917
0.024109,0.0045776,4.9219
0.023041,0.0048828,3.8464
0.023346,0.0045776,0.057373
0.023651,0.005188,0.06958
0.023804,0.0050354,0.059814
0.025024,0.0033569,0.072021
0.02655,0.0019836,0.062256
0.028076,-0.0021362,0.040283
0.027924,-0.00091553,0.059814
0.028076,-0.00091553,0.061035
0.028229,-0.00076294,0.057373
0.026855,0.0013733,0.062256
0.026245,0.0021362,0.061035
0.025635,0.0033569,0.062256
0.024414,0.0036621,0.059814
0.022736,0.0047302,0.068359
0.020905,0.004425,0.062256
0.018158,0.0038147,0.065918
0.017242,0.0054932,0.064697
0.015564,0.0021362,0.064697
0.014648,0.00076294,0.064697
0.013733,-0.00076294,0.062256
0.012817,-0.0015259,0.059814
0.011597,-0.0022888,0.05249
0.010681,-0.0035095,0.056152
0.0094604,-0.0035095,0.05127
0.0088501,-0.0041199,0.047607
0.0086975,-0.0036621,0.043945
0.0099182,-0.0030518,0.048828
0.011139,-0.002594,0.042725
0.011444,-0.0015259,0.045166
0.01358,-0.0013733,0.039063
0.015106,-0.0022888,0.045166
0.017548,-0.00091553,0.043945
0.020294,-0.0016785,0.041504
0.023041,-0.0021362,0.042725
0.025024,-0.0027466,0.042725
0.02533,-0.0033569,0.037842
0.02533,-0.0042725,0.045166
0.02533,-0.0056458,0.05249
0.025787,-0.007019,0.041504
0.024567,-0.0076294,0.048828
0.024261,-0.0085449,0.039063
0.023956,-0.0080872,0.025635
0.025024,-0.0045776,0.040283
0.023346,-0.0041199,0.042725
0.024414,-0.0019836,0.043945
0.025482,-0.00091553,0.048828
0.023346,-0.0019836,0.047607
0.025177,0.0010681,0.048828
0.023499,0.0016785,0.053711
0.021973,0.0024414,0.058594
0.020142,0.0021362,0.056152
0.018921,0.0019836,0.063477
0.017853,0.0021362,0.063477
0.0177,0.0013733,0.065918
0.017242,0.00030518,0.073242
0.017242,-0.0016785,0.059814
0.018768,-0.0028992,0.059814
0.020599,-0.0042725,0.063477
0.022278,-0.0041199,0.06958
0.025177,-0.0022888,0.061035
0.02655,-0.0010681,0.061035
0.026398,0.00091553,0.065918
0.026855,0.00045776,0.064697
0.026398,0,0.064697
0.02594,-0.00076294,0.065918
0.025482,0.00030518,0.061035
0.024567,0.00030518,0.061035
0.023804,0.0013733,0.054932
0.022888,0.0016785,0.057373
0.02121,-0.0018311,0.050049
0.020599,-0.0039673,0.05249
0.019531,-0.0062561,0.050049
0.019379,-0.007782,0.05127
0.018463,-0.0080872,0.054932
0.017853,-0.0090027,0.048828
0.0177,-0.0097656,0.046387
0.015106,-0.010529,0.042725
0.015106,-0.011749,0.03418
0.014801,-0.011597,0.041504
0.014343,-0.0097656,0.042725
0.015717,-0.0076294,0.037842
0.016937,-0.0042725,0.040283
0.019073,-0.0010681,0.037842
0.02121,0.0010681,0.040283
0.022278,0.0022888,0.039063
0.023499,0.002594,0.040283
0.024109,0.0033569,0.040283
0.026703,0.0041199,0.040283
0.027924,0.0050354,0.042725
0.029449,0.005188,0.043945
0.030975,0.004425,0.041504
0.03006,0.002594,0.046387
0.029755,0.0012207,0.046387
0.028534,-0.00061035,0.046387
0.02655,-0.0013733,0.056152
0.028229,-0.0027466,0.053711
0.027924,-0.0035095,0.046387
0.027618,-0.0039673,0.054932
0.026245,-0.0042725,0.058594
0.023041,-0.0045776,0.058594
0.020447,-0.0050354,0.058594
0.018463,-0.0042725,0.053711
0.017853,-0.007019,0.062256
0.019073,-0.0065613,0.059814
0.019836,-0.0057983,0.062256
0.020752,-0.005188,0.058594
0.019684,-0.0032043,0.062256
0.020905,-0.0018311,0.059814
0.021515,-0.0013733,0.065918
0.024261,-0.00091553,0.080566
0.025635,0,0.065918
0.027771,0.0012207,0.064697
0.029297,0.0021362,0.06958
0.028839,0.0019836,0.046387
0.028534,0.0016785,0.058594
0.027924,0.0015259,0.058594
0.027313,0.0015259,0.056152
0.027466,0.0015259,3.5388
0.026398,0.002594,4.8364
0.026245,0.0035095,4.9121
0.025635,0.0039673,4.917
0.025482,0.0039673,4.917
0.026703,0.0036621,4.9158
0.027924,0.0038147,4.9133
0.029907,0.002594,4.9158
0.031128,0.0027466,4.917
0.030975,0.0028992,4.9121
0.030823,0.0035095,4.9011
0.027618,0.0027466,4.9158
0.026093,0.0035095,4.9133
0.023651,0.0048828,4.9158
0.02121,0.0071716,4.9084
0.021057,0.0091553,4.9011
0.02121,0.010071,4.9097
0.021667,0.010071,4.9109
0.022125,0.0088501,4.9072
0.020905,0.007019,4.9097
0.021515,0.0048828,4.9084
0.021362,0.0032043,4.9146
0.020905,0.002594,4.9121
0.020142,0.0021362,4.9207
0.019684,0.0015259,4.917
0.018158,0,4.9207
0.016022,0.00061035,4.9255
0.014954,0.00076294,4.9219
0.014343,0.0015259,4.9353
0.015411,0.0016785,4.9292
0.016174,0.002594,4.9329
0.018005,0.0016785,4.9316
0.019989,0.00045776,4.9316
0.022125,-0.00091553,4.9329
0.022278,-0.0027466,4.9304
0.023499,-0.0030518,4.928
0.025482,-0.0015259,4.9316
0.025635,-0.00091553,4.9243
0.02594,-0.00045776,4.9329
0.026855,0.00076294,4.9329
0.027161,0.00030518,4.9377
0.026703,0.0013733,4.9341
0.026245,0.0012207,4.9353
0.02594,0.0016785,4.9353
0.026093,0.0021362,4.9341
0.02594,0.002594,4.9292
0.025482,0.0022888,4.9316
0.027008,0.00091553,4.9353
0.026245,0.00045776,4.9243
0.026398,-0.00045776,4.9304
0.02594,0.00030518,4.9207
0.025482,0.00091553,4.9084
0.02594,0.0021362,4.9146
0.026093,0.002594,4.9158
0.026245,0.0028992,4.9194
0.024567,0.0016785,4.917
0.024567,0.002594,4.9084
0.024567,0.0021362,4.9133
0.024414,0.0030518,4.9146
0.025482,0.0036621,4.9109
0.025635,0.0054932,4.9109
0.027008,0.0076294,4.9158
0.026245,0.0050354,4.9158
0.024719,0.0090027,4.9121
0.024261,0.0083923,4.9207
0.023346,0.007019,4.9097
0.022583,0.0061035,4.9109
0.021973,0.0057983,4.9109
0.02121,0.0056458,4.9011
0.019989,0.0057983,4.9023
0.019073,0.0033569,4.9121
0.017395,0.0033569,4.9158
0.017242,0.0015259,4.9158
0.018616,0,4.9194
0.016479,-0.0015259,4.9219
0.015259,-0.00015259,4.9255
0.014954,0.00091553,4.9304
0.01358,0.0010681,4.928
0.01236,0.00030518,4.9341
0.011749,0.00030518,4.9316
0.011444,-0.00015259,4.9365
0.012665,0.0012207,4.9304
0.016327,0.0028992,4.9329
0.017853,0.0050354,4.9353
0.019531,0.0057983,4.9475
0.022888,0.0059509,4.9438
0.021362,0.0062561,4.9329
0.021362,0.0057983,4.9219
0.022278,0.0073242,4.9353
0.022888,0.0064087,4.9353
0.023193,0.0067139,4.9329
0.02243,0.0067139,4.9341
0.022736,0.0054932,4.9304
0.019684,0.0041199,4.9292
0.018616,0.0032043,4.9243
0.018311,0.0028992,4.9268
0.018463,0.002594,4.9231
0.019073,0.0035095,4.9231
0.018311,0.0042725,4.9219
0.016937,0.0024414,4.9255
0.016937,0.0032043,4.9243
0.015106,0.0021362,4.9146
0.014954,0.0015259,4.917
0.015259,0.00091553,4.9146
0.016632,0.0012207,4.9036
0.017853,0.0021362,4.9146
0.018005,0.0024414,4.9048
0.018005,0.0022888,4.9109
0.018768,0.0016785,4.9109
0.019684,0.0010681,0.037842
0.021057,0.0012207,0.041504
0.02121,0.002594,0.039063
0.022583,0.0036621,0.039063
0.022888,0.0053406,0.036621
0.02182,0.0056458,0.042725
0.02121,0.0064087,0.041504
0.020447,0.0059509,0.045166
0.019379,0.0071716,0.042725
0.018158,0.0035095,0.047607
0.018005,0.0022888,0.05127
0.018768,0.0013733,0.048828
0.018158,-0.00076294,0.061035
0.017853,-0.0028992,0.053711
0.017395,-0.0027466,0.042725
0.015869,-0.0045776,0.056152
0.015106,-0.0047302,0.061035
0.015869,-0.0047302,0.059814
0.016327,-0.0041199,0.059814
0.016937,-0.0024414,0.059814
0.016632,-0.00091553,0.063477
0.015869,0.00091553,0.059814
0.014648,0.0015259,0.063477
0.014343,0.00076294,0.061035
0.015106,0.00061035,0.064697
0.016632,0.0010681,0.061035
0.017853,0.0032043,0.068359
0.018005,0.007782,0.081787
0.019073,0.0061035,0.068359
0.019684,0.0073242,0.062256
0.020294,0.0090027,0.067139
0.022278,0.010071,0.048828
0.023956,0.0097656,0.056152
0.024872,0.010223,0.054932
0.024414,0.0094604,0.050049
0.023041,0.0071716,0.050049
0.02243,0.0042725,0.046387
0.021057,0.00015259,0.05127
0.021057,-0.0030518,0.042725
0.019531,-0.0054932,0.050049
0.016937,-0.0073242,0.041504
0.013885,-0.007019,0.047607
0.011597,-0.0071716,0.043945
0.0082397,-0.0083923,0.042725
0.0090027,-0.0082397,0.041504
0.0086975,-0.0076294,0.040283
0.010376,-0.0076294,0.043945
0.011139,-0.0053406,0.041504
0.012665,-0.0024414,0.048828
0.013885,-0.00076294,0.037842
0.015106,-0.00015259,0.0354
0.016785,0.00015259,0.039063
0.019684,0.00015259,0.037842
0.022125,0.0010681,0.039063
0.023346,0.0027466,0.040283
0.023651,0.0018311,0.037842
0.023651,0.0012207,0.042725
0.024414,0.00061035,0.041504
0.024567,-0.0015259,0.05249
0.024109,-0.0033569,0.047607
0.025024,-0.0053406,0.056152
0.025177,-0.0064087,0.056152
0.024872,-0.0059509,0.057373
0.02594,-0.004425,0.06958
0.026398,-0.0030518,0.059814
0.026398,-0.00076294,0.065918
0.02533,0.00061035,0.062256
0.024414,0.00030518,0.059814
0.023041,0.0018311,0.061035
0.025177,0.0022888,0.058594
0.02121,0.0030518,0.059814
0.019379,0.0028992,0.063477
0.017548,0.0019836,0.061035
0.014496,0.00045776,0.065918
0.011597,-0.0012207,0.064697
0.0097656,-0.0021362,0.067139
0.0076294,-0.0022888,0.061035
0.0067139,-0.0041199,0.062256
0.0059509,-0.0048828,0.063477
0.0057983,-0.0047302,0.064697
0.0059509,-0.0050354,0.056152
0.0048828,-0.0057983,0.057373
0.0071716,-0.0065613,0.065918
0.0090027,-0.007019,0.05249
0.011749,-0.0065613,0.061035
0.01358,-0.0053406,0.05127
0.015564,-0.0038147,0.040283
0.016327,-0.0021362,0.043945
0.018005,-0.00091553,0.042725
0.019836,-0.0013733,0.042725
0.02182,-0.0019836,0.042725
0.023956,-0.0035095,0.037842
0.025482,-0.0050354,0.042725
0.025787,-0.0056458,0.037842
0.02594,-0.0050354,0.040283
0.02533,-0.0047302,0.040283
0.024261,-0.0062561,0.041504
0.022278,-0.007782,0.042725
0.021667,-0.0093079,0.041504
0.021667,-0.0088501,0.047607
0.021667,-0.007782,0.040283
0.020599,-0.0056458,0.039063
0.020447,-0.0030518,0.041504
0.019836,-0.0015259,0.03418
0.019684,-0.00030518,0.041504
0.019836,0.00076294,0.028076
0.019836,0.0021362,0.047607
0.020752,0.0035095,0.05249
0.021667,0.0059509,0.05127
0.023193,0.0068665,0.054932
0.022736,0.0057983,0.05127
0.02243,0.0045776,0.061035
0.023346,0.00091553,0.057373
0.025024,-0.0024414,0.063477
0.026398,-0.002594,0.058594
0.028229,-0.002594,0.062256
0.027924,-0.0015259,0.059814
0.02655,-0.0012207,0.061035
0.02594,-0.00061035,4.2737
0.025024,-0.0012207,4.8914
0.024414,-0.00061035,4.9365
0.024414,0.00030518,4.9329
0.024109,0.0018311,4.9231
0.023651,0.0028992,4.9365
0.02243,0.0022888,4.9353
0.020752,0.0012207,4.9255
0.018921,-0.00076294,4.9353
0.019531,-0.0015259,4.9292
0.018311,-0.0042725,4.9304
0.019989,-0.0053406,4.9243
0.020142,-0.0065613,4.9255
0.019684,-0.0079346,4.9207
0.018616,-0.009613,4.9194
0.01709,-0.010986,4.9207
0.016327,-0.012665,4.9194
0.015717,-0.0088501,4.9194
0.016022,-0.010834,4.9182
0.016937,-0.0086975,4.917
0.015411,-0.0062561,4.9146
0.019073,-0.005188,4.9109
0.019531,-0.0045776,4.9109
0.020599,-0.0050354,4.9097
0.022583,-0.0053406,4.9011
0.024414,-0.0039673,4.9109
0.026398,-0.0027466,4.9084
0.028076,-0.00030518,4.9072
0.032959,0.00061035,4.9048
0.029297,0.00076294,4.9084
0.028839,0.0012207,4.9084
0.028534,0.00061035,4.9146
0.03006,0.00015259,4.9097
0.030212,0.00091553,4.917
0.030518,0.0028992,4.9182
0.029449,0.0028992,4.9182
0.029755,0.0028992,4.9292
0.028229,0.0019836,4.9207
0.026703,-0.00091553,4.9268
0.027924,-0.002594,4.928
0.026093,-0.0027466,4.9109
0.026245,-0.0013733,4.9268
0.026703,0.0024414,4.9292
0.026855,0.0027466,4.9329
0.02533,0.0035095,4.9304
0.023651,0.0018311,4.9255
0.023651,-0.00015259,4.9353
0.02243,-0.0018311,4.9329
0.023346,-0.0028992,4.9316
0.02243,-0.0035095,4.9268
0.021515,-0.0039673,4.9365
0.019684,-0.0053406,4.9353
0.016785,-0.0064087,4.9353
0.015869,-0.007019,4.9438
0.015717,-0.0076294,4.9377
0.016632,-0.0030518,4.928
0.01709,-0.00076294,4.9402
0.019836,0.0041199,4.9414
0.021362,0.0073242,4.9268
0.024872,0.0097656,4.9426
0.029144,0.010834,4.928
0.033722,0.012665,4.9231
0.037994,0.012207,4.9207
0.041046,0.011292,4.9207
0.041199,0.0083923,4.9207
0.041351,0.0038147,4.917
0.035248,-0.00045776,4.9109
0.029755,-0.0056458,4.9158
0.023804,-0.0093079,4.9133
0.015717,-0.0097656,4.9158
0.014496,-0.0085449,4.9109
0.010071,-0.0057983,4.917
0.0047302,-0.0042725,4.9194
0.0032043,-0.00045776,4.9121
0.0030518,0.00030518,4.9219
0.0053406,0.0013733,4.9109
0.0099182,0.0041199,4.9023
0.016022,0.007782,4.9109
0.022278,0.012665,4.9097
0.025482,0.01709,4.9097
0.027466,0.019836,4.9109
0.028229,0.02121,4.9121
0.028076,0.020142,4.9133
0.027618,0.019379,4.9133
0.027008,0.018311,4.9219
0.025635,0.018616,4.9207
0.023956,0.018005,4.9243
0.022125,0.015717,4.9194
0.018158,0.011444,4.9304
0.018158,0.0073242,4.9329
0.017242,0.0010681,4.9316
0.01709,-0.0033569,4.9304
0.017548,-0.0076294,4.928
0.018005,-0.0099182,4.9377
0.019073,-0.0085449,4.9292
0.019684,-0.014648,4.9353
0.019531,-0.016937,4.9304
0.019684,-0.018158,4.9292
0.018616,-0.014343,4.9316
0.017548,-0.01297,4.9329
0.018311,-0.0065613,4.9316
0.019684,0.0010681,4.9377
0.020905,0.0086975,4.9329
0.023346,0.013123,4.939
0.025635,0.016022,4.9341
0.027618,0.017853,4.9341
0.030518,0.019226,4.9268
0.030975,0.021057,4.9304
0.032806,0.022736,0.06958
0.035095,0.019379,0.045166
0.035248,0.02182,0.054932
0.036011,0.017853,0.046387
0.035706,0.011749,0.03418
0.034637,0.0048828,0.043945
0.034637,0.0027466,0.043945
0.034027,0.0012207,0.046387
0.032501,0.0013733,0.043945
0.031433,0.0021362,0.036621
0.028992,0.0016785,0.041504
0.026398,0.00076294,0.039063
0.024872,-0.00091553,0.037842
0.023041,-0.0016785,0.039063
0.02121,-0.00061035,0.041504
0.018921,0.0022888,0.041504
0.016937,0.0050354,0.041504
0.014954,0.0082397,0.047607
0.013428,0.0094604,0.041504
0.012512,0.010071,0.037842
0.012817,0.010376,0.043945
0.012054,0.012817,0.036621
0.012054,0.015106,0.046387
0.012207,0.018921,0.030518
0.01297,0.020752,0.047607
0.014038,0.020752,0.05127
0.015564,0.019226,0.05249
0.019226,0.016327,0.056152
0.02182,0.013885,0.056152
0.023651,0.012054,0.059814
0.024567,0.012207,0.058594
0.025024,0.011902,0.064697
0.026245,0.010071,0.059814
0.027618,0.0068665,0.059814
0.028229,0.0035095,0.061035
0.028381,0.00015259,0.062256
0.030365,-0.0024414,0.065918
0.029755,-0.0024414,0.064697
0.03006,-0.0022888,0.074463
0.029297,-0.00030518,0.064697
0.028076,0.0010681,0.05249
0.027466,0.0016785,0.064697
0.027313,-0.00061035,0.063477
0.027771,0.0035095,0.062256
0.027313,0.0053406,0.062256
0.025787,0.0079346,0.058594
0.022888,0.010071,0.057373
0.019379,0.011139,0.05249
0.015717,0.0099182,0.053711
0.011902,0.0091553,0.047607
0.0090027,0.0073242,0.050049
0.0073242,0.0076294,0.05127
0.0053406,0.0082397,0.05127
0.0041199,0.0091553,0.048828
0.0027466,0.0090027,0.047607
0.0032043,0.007782,0.043945
0.004425,0.0064087,0.043945
0.0080872,0.0041199,0.0354
0.012054,0.0038147,0.042725
0.017548,0.0038147,0.039063
0.020905,0.0039673,0.0354
0.023041,0.0039673,0.040283
0.024414,0.002594,0.037842
0.025635,0.00091553,0.040283
0.02655,-0.00061035,0.036621
0.027466,-0.00061035,0.042725
0.028534,-0.0016785,0.037842
0.027008,-0.0016785,0.041504
0.024872,-0.0013733,0.040283
0.019989,-0.0030518,0.043945
0.016479,-0.0054932,0.043945
0.013123,-0.007782,0.048828
0.011749,-0.009613,0.058594
0.011139,-0.0099182,0.05249
0.011139,-0.0093079,0.062256
0.0094604,-0.0076294,0.059814
0.007782,-0.0064087,0.041504
0.0053406,-0.0054932,0.056152
0.005188,-0.0042725,0.057373
0.0076294,-0.0024414,0.062256
0.011902,0.00076294,0.062256
0.0177,0.0039673,0.058594
0.022125,0.0067139,0.063477
0.025177,0.0074768,0.059814
0.027618,0.0065613,0.063477
0.029449,0.0041199,0.057373
0.032196,0.00030518,0.065918
0.035706,-0.0038147,0.064697
0.036621,-0.0073242,0.067139
0.036163,-0.010834,0.076904
0.033569,-0.014038,0.067139
0.028839,-0.016937,0.063477
0.023499,-0.019531,0.062256
0.019379,-0.021973,0.065918
0.015106,-0.027771,0.050049
0.014343,-0.021973,0.05127
0.014191,-0.019989,0.05127
0.013733,-0.019836,0.05127
0.012207,-0.014343,0.045166
0.011597,-0.013428,0.046387
0.011597,-0.013123,0.042725
0.013885,-0.009613,0.045166
0.019226,-0.0090027,0.043945
0.022583,-0.0056458,0.043945
0.025787,-0.0010681,0.0354
0.027313,0.0015259,0.042725
0.026855,0.002594,0.040283
0.026398,0.0016785,0.042725
0.026093,-0.00030518,0.050049
0.027008,-0.0041199,0.041504
0.028992,-0.0065613,0.05127
0.03006,-0.0083923,0.031738
0.029297,-0.0099182,0.028076
0.028229,-0.010681,0.039063
0.027008,-0.014191,0.039063
0.026398,-0.018158,0.036621
0.028076,-0.022125,0.043945
0.03006,-0.024414,0.33569
0.031281,-0.026245,4.6472
0.031433,-0.025787,4.8914
0.027313,-0.023651,4.9182
0.027161,-0.021515,4.9182
0.025482,-0.018616,4.9207
0.023499,-0.014801,4.9255
0.023346,-0.011292,4.9304
0.02121,-0.0086975,4.9268
0.019836,-0.0057983,4.9304
0.017853,-0.0027466,4.928
0.016632,-0.0010681,4.9316
0.016785,0.0019836,4.9402
0.017548,0.0028992,4.9316
0.018616,0.0015259,4.9231
0.023346,-0.00030518,4.9292
0.025635,-0.0022888,4.9329
0.02533,-0.0038147,4.9353
0.023956,-0.0038147,4.9329
0.022888,-0.0039673,4.9329
0.022583,-0.0047302,4.9365
0.023651,-0.0038147,4.9329
0.027618,-0.0047302,4.9353
0.02655,-0.0059509,4.9341
0.027466,-0.0064087,4.9316
0.023956,-0.0068665,4.9231
0.02243,-0.0053406,4.9268
0.021667,-0.0053406,4.9353
0.021362,-0.0053406,4.9243
0.022125,-0.0053406,4.9158
0.020599,-0.0059509,4.9194
0.018616,-0.0064087,4.8975
0.014954,-0.0061035,4.9158
0.010071,-0.0054932,4.9158
0.0074768,-0.0041199,4.9133
0.0073242,-0.0024414,4.9133
0.009613,-0.0016785,4.9084
0.013123,0,4.9097
0.014191,0.00061035,4.9084
0.014191,0.0021362,4.9097
0.01236,0.0013733,4.906
0.011139,0.0018311,4.9146
0.010834,0.0035095,4.9109
0.011749,0.0050354,4.9182
0.014801,0.0027466,4.9109
0.016022,0.005188,4.9133
0.016632,0.004425,4.9121
0.016327,0.0039673,4.9146
0.014496,0.002594,4.8999
0.016022,0.0019836,4.9207
0.018921,0.0013733,4.9072
0.02182,0.00015259,4.9207
0.025482,-0.0012207,4.9219
0.02655,-0.002594,4.9194
0.02594,-0.0035095,4.9268
0.022583,-0.004425,4.9268
0.021362,-0.0035095,4.9304
0.021362,0.00015259,4.9316
0.021973,0.0050354,4.9329
0.023804,0.0045776,4.928
0.025177,0.0062561,4.9316
0.024567,0.0065613,4.9304
0.021057,0.0083923,4.9329
0.018311,0.0048828,4.939
0.014038,0.0048828,4.9353
0.011444,0.005188,4.9353
0.010376,0.0050354,4.9341
0.0097656,0.0047302,4.939
0.0080872,0.0030518,4.9353
0.0057983,0.0013733,4.9377
0.0021362,0.0013733,4.9329
0.0010681,0.002594,4.9329
0.0016785,0.0042725,4.9146
0.0035095,0.0045776,4.928
0.0079346,0.0056458,4.9231
0.011749,0.0053406,4.9255
0.016174,0.0047302,4.9182
0.018921,0.0030518,4.9207
0.019989,0.0039673,4.9158
0.020599,0.0056458,4.9207
0.021667,0.0079346,4.9146
0.02182,0.0085449,4.9194
0.022736,0.0079346,4.9255
0.023346,0.0068665,4.9133
0.02121,0.0056458,4.9219
0.018158,0.0057983,4.9133
0.015564,0.0057983,4.8938
0.01236,0.0039673,4.9084
0.012054,0.0047302,4.9084
0.011597,0.0015259,4.9109
0.012665,-0.0018311,4.9097
0.013275,-0.0042725,4.884
0.011292,-0.0054932,4.9097
0.010223,-0.0039673,4.9097
0.0093079,-0.0021362,4.9084
0.010834,0.00091553,4.9097
0.014496,0.0028992,4.917
0.018311,0.0047302,4.9182
0.02182,0.0064087,4.9207
0.022888,0.0080872,4.9341
0.023346,0.010986,4.9231
0.02594,0.013885,4.9255
0.028229,0.014954,4.9084
0.032196,0.014343,4.917
0.033875,0.012665,4.9292
0.034943,0.010834,4.9292
0.034332,0.009613,4.9316
0.031586,0.0091553,4.9304
0.028381,0.0086975,0.056152
0.02594,0.0090027,0.063477
0.024261,0.0090027,0.062256
0.023804,0.0053406,0.062256
0.022736,0.0059509,0.062256
0.02121,0.0047302,0.065918
0.019531,0.0039673,0.067139
0.017853,0.0053406,0.06958
0.0177,0.0068665,0.070801
0.018158,0.0061035,0.067139
0.021515,0.0062561,0.064697
0.023499,0.004425,0.062256
0.025787,0.0028992,0.074463
0.025787,0.0013733,0.058594
0.024719,0.004425,0.050049
0.024261,0.0057983,0.053711
0.024261,0.0074768,0.05127
0.027008,0.0073242,0.047607
0.029144,0.0054932,0.050049
0.031891,0.0036621,0.045166
0.032806,0.0019836,0.047607
0.032806,0.0019836,0.045166
0.032349,0.0038147,0.041504
0.032959,0.0045776,0.042725
0.034637,0.0045776,0.042725
0.036926,0.0030518,0.041504
0.038605,0.00076294,0.040283
0.038605,0,0.048828
0.036621,-0.00091553,0.040283
0.033417,0.00030518,0.047607
0.030518,0.0022888,0.036621
0.029602,0.0030518,0.030518
0.030212,0.0039673,0.037842
0.032349,0.0015259,0.039063
0.033569,-0.00045776,0.040283
0.033569,-0.00091553,0.042725
0.032043,0,0.042725
0.030975,0.00030518,0.043945
0.029297,0.002594,0.046387
0.03006,0.002594,0.05127
0.03006,0.0018311,0.050049
0.029907,-0.00015259,0.053711
0.029907,-0.0027466,0.057373
0.029755,-0.0050354,0.062256
0.026398,-0.0045776,0.061035
0.023956,-0.0036621,0.063477
0.024109,-0.0032043,0.063477
0.02533,-0.0032043,0.059814
0.02655,-0.005188,0.072021
0.027313,-0.0073242,0.062256
0.02655,-0.0079346,0.047607
0.025177,-0.0079346,0.059814
0.024261,-0.0059509,0.064697
0.024261,-0.0038147,0.063477
0.025787,-0.002594,0.063477
0.027161,-0.0012207,0.062256
0.029297,-0.0024414,0.06958
0.029144,-0.0018311,0.062256
0.027771,-0.00045776,0.068359
0.026398,0.0024414,0.059814
0.02655,0.0042725,0.059814
0.027466,0.0042725,0.054932
0.028839,0.0024414,0.057373
0.030975,-0.00015259,0.065918
0.030365,-0.0022888,0.047607
0.028839,-0.0022888,0.042725
0.02655,-0.002594,0.048828
0.024261,-0.0010681,0.026855
0.02243,0,0.043945
0.022278,-0.00045776,0.041504
0.022736,-0.0024414,0.041504
0.02182,-0.0050354,0.040283
0.018921,-0.0064087,0.036621
0.015869,-0.0065613,0.041504
0.013885,-0.0045776,0.0354
0.01236,-0.0038147,0.032959
0.010986,-0.0041199,0.0354
0.014038,-0.0054932,0.041504
0.015717,-0.0082397,0.037842
0.014954,-0.009613,0.043945
0.013275,-0.0094604,0.040283
0.011749,-0.0080872,0.041504
0.010834,-0.0056458,0.046387
0.011139,-0.0036621,0.041504
0.013123,-0.0028992,0.057373
0.012665,-0.0041199,0.047607
0.011749,-0.0056458,0.039063
0.009613,-0.0067139,0.05127
0.0061035,-0.0067139,0.05249
0.0062561,-0.0050354,0.05249
0.0053406,-0.0032043,0.056152
0.0059509,-0.0039673,0.058594
0.0074768,-0.0047302,0.061035
0.0079346,-0.007019,0.061035
0.0074768,-0.0091553,0.064697
0.0054932,-0.0093079,0.057373
0.0038147,-0.0073242,0.058594
0.0033569,-0.0039673,0.061035
0.0050354,-0.0015259,0.062256
0.0085449,-0.0012207,0.070801
0.011444,-0.0033569,0.063477
0.01236,-0.0050354,0.062256
0.012665,-0.0012207,0.068359
0.012512,-0.0013733,0.070801
0.013123,0.0032043,0.065918
0.014038,0.0059509,0.063477
0.014343,0.0071716,0.061035
0.014648,0.0059509,0.063477
0.013733,0.004425,0.056152
0.01236,0.0038147,0.054932
0.012817,0.0039673,0.048828
0.011444,0.0068665,0.05249
0.01236,0.010071,0.046387
0.012817,0.011292,0.048828
0.014648,0.011444,0.048828
0.016937,0.0091553,0.047607
0.017395,0.007019,0.042725
0.016022,0.0061035,0.043945
0.014496,0.0071716,2.7551
0.01297,0.0085449,4.7791
0.011444,0.0097656,4.9084
0.009613,0.0099182,4.9097
0.0099182,0.0079346,4.8938
0.011292,0.0057983,4.9084
0.010834,0.0050354,4.9084
0.011139,0.0053406,4.9072
0.012817,0.0082397,4.9084
0.013733,0.011902,4.9084
0.015869,0.013733,4.9121
0.015259,0.015106,4.9097
0.015411,0.012665,4.9121
0.014496,0.0097656,4.9097
0.017548,0.0091553,4.9182
0.011444,0.0079346,4.9182
0.010681,0.0091553,4.9231
0.010529,0.010834,4.9316
0.011597,0.011902,4.9243
0.01297,0.011444,4.9243
0.015106,0.010681,4.9304
0.016327,0.010986,4.9341
0.017548,0.012207,4.9341
0.017853,0.014801,4.9316
0.018463,0.017395,4.9329
0.014648,0.020142,4.9219
0.021667,0.021057,4.9304
0.022125,0.020599,4.9329
0.023804,0.019684,4.9329
0.022888,0.019379,4.9353
0.024261,0.019531,4.9316
0.025177,0.022278,4.9402
0.026398,0.023804,4.9304
0.027313,0.024109,4.9377
0.027771,0.023804,4.9329
0.027466,0.02243,4.9365
0.026703,0.019379,4.9426
0.024414,0.019989,4.9329
0.023346,0.018921,4.9304
0.02182,0.018616,4.9243
0.020905,0.018616,4.9133
0.020905,0.017853,4.9255
0.021362,0.015869,4.9182
0.020294,0.014496,4.9194
0.018921,0.013428,4.9182
0.017853,0.012665,4.9158
0.016632,0.01297,4.9158
0.016785,0.012817,4.9121
0.018463,0.012665,4.9158
0.020752,0.012665,4.9097
0.02243,0.011444,4.9133
0.023804,0.010223,4.9133
0.02533,0.010529,4.9146
0.027924,0.012207,4.9084
0.027618,0.012512,4.9133
0.030823,0.012512,4.9097
0.032501,0.011749,4.9109
0.032959,0.0094604,4.9084
0.032959,0.0080872,4.9146
0.031738,0.0076294,4.8999
0.030823,0.0074768,4.9109
0.029449,0.0090027,4.917
0.027466,0.0099182,4.9158
0.029602,0.0090027,4.9158
0.03067,0.0073242,4.917
0.031891,0.0050354,4.9231
0.032806,0.0048828,4.9231
0.03067,0.0056458,4.928
0.029449,0.0082397,4.9292
0.028381,0.0094604,4.9329
0.026703,0.010223,4.928
0.025024,0.0079346,4.9329
0.023804,0.0047302,4.9438
0.023499,0.0022888,4.9316
0.02182,0.0016785,4.9402
0.022278,0.0015259,4.9341
0.021973,0.0021362,4.9158
0.021667,0.00061035,4.9329
0.021973,-0.0018311,4.9341
0.021362,-0.0050354,4.9329
0.020142,-0.0065613,4.9341
0.019684,-0.0067139,4.9329
0.019226,-0.0056458,4.9353
0.018463,-0.0050354,4.9255
0.017853,-0.0056458,4.9292
0.019073,-0.0079346,4.9243
0.018921,-0.012512,4.9304
0.019989,-0.016327,4.9243
0.021667,-0.020447,4.9255
0.023346,-0.019531,4.9268
0.02594,-0.017853,4.9219
0.027313,-0.015411,4.9207
0.027924,-0.014954,4.9207
0.026855,-0.014496,4.9158
0.027008,-0.015564,4.9146
0.027008,-0.0177,4.9182
0.026855,-0.016785,4.9109
0.027466,-0.016022,4.9133
0.027161,-0.014648,4.906
0.027313,-0.014648,4.9097
0.027008,-0.016479,4.9084
0.026245,-0.018311,4.9133
0.02533,-0.020752,4.906
0.024719,-0.021973,4.9158
0.023499,-0.020294,4.9097
0.023499,-0.018311,4.9133
0.022278,-0.016479,4.9097
0.020294,-0.016327,4.9146
0.018768,-0.018311,4.9219
0.018616,-0.020599,0.046387
0.019836,-0.023193,0.058594
0.020599,-0.023499,0.046387
0.02243,-0.022736,0.040283
0.023346,-0.021362,0.05249
0.024261,-0.021973,0.054932
0.024414,-0.02243,0.056152
0.02533,-0.022583,0.057373
0.026245,-0.02182,0.053711
0.023499,-0.019073,0.064697
0.026245,-0.014954,0.059814
0.026855,-0.012512,0.064697
0.027924,-0.011139,0.062256
0.02655,-0.0099182,0.063477
0.027313,-0.010986,0.062256
0.028381,-0.012665,0.065918
0.029449,-0.014343,0.067139
0.030212,-0.015411,0.065918
0.029907,-0.017395,0.065918
0.029297,-0.015717,0.063477
0.027466,-0.018921,0.074463
0.02533,-0.020905,0.063477
0.023651,-0.022583,0.061035
0.02243,-0.023956,0.057373
0.021362,-0.023346,0.058594
0.020142,-0.021667,0.053711
0.018616,-0.018921,0.053711
0.016937,-0.0177,0.048828
0.016785,-0.01709,0.050049
0.016632,-0.015411,0.043945
0.018311,-0.015717,0.05127
0.019836,-0.017395,0.048828
0.02243,-0.012207,0.048828
0.023193,-0.009613,0.042725
0.023804,-0.0074768,0.045166
0.025787,-0.0064087,0.057373
0.026093,-0.0057983,0.042725
0.026398,-0.0059509,0.048828
0.027924,-0.007019,0.041504
0.028687,-0.0027466,0.030518
0.03067,0.00030518,0.037842
0.031128,0.0032043,0.041504
0.030518,0.0042725,0.039063
0.03067,0.0030518,0.039063
0.03067,0.0035095,0.037842
0.031433,0.0021362,0.040283
0.031281,0.0027466,0.037842
0.031281,0.0053406,0.042725
0.031128,0.0056458,0.037842
0.030212,0.0039673,0.048828
0.026245,0.00091553,0.050049
0.023499,-0.0013733,0.05127
0.021515,-0.0022888,0.061035
0.019989,-0.00061035,0.054932
0.020142,0.0016785,0.056152
0.021362,0.0035095,0.059814
0.022278,0.0056458,0.065918
0.021362,0.0038147,0.057373
0.022583,0.0033569,0.067139
0.022736,0.005188,0.062256
0.023956,0.007782,0.059814
0.024567,0.010834,0.059814
0.025482,0.013885,0.061035
0.024719,0.014954,0.062256
0.023956,0.013428,0.065918
0.022888,0.01358,0.065918
0.022278,0.013123,0.065918
0.022125,0.013885,0.065918
0.022278,0.015869,0.068359
0.023956,0.017853,0.062256
0.025635,0.018921,0.063477
0.027771,0.020142,0.067139
0.027313,0.019379,0.054932
0.026398,0.019379,0.059814
0.026398,0.019226,0.054932
0.02594,0.017548,0.040283
0.024109,0.018768,0.05249
0.024567,0.019073,0.048828
0.023956,0.018005,0.043945
0.022278,0.017395,0.048828
0.021057,0.015869,0.045166
0.020447,0.014801,0.042725
0.018921,0.016022,0.041504
0.019684,0.016785,0.043945
0.019073,0.017548,0.039063
0.018768,0.017548,0.041504
0.019379,0.016937,0.043945
0.017853,0.015717,0.041504
0.017395,0.014038,0.036621
0.017395,0.01358,0.042725
0.016479,0.012665,0.040283
0.015411,0.01358,0.040283
0.016022,0.015106,0.041504
0.016022,0.014954,0.037842
0.017395,0.014648,0.031738
0.016022,0.014648,0.040283
0.016479,0.013885,0.043945
0.016937,0.014191,0.047607
0.018616,0.017242,0.046387
0.019379,0.013123,0.050049
0.020142,0.009613,0.056152
0.020905,0.0080872,0.053711
0.020447,0.0062561,0.057373
0.021362,0.005188,0.056152
0.021515,0.0067139,0.059814
0.023041,0.0071716,0.063477
0.023346,0.0068665,0.061035
0.02243,0.0065613,0.076904
0.023346,0.0053406,0.061035
0.022583,0.0041199,0.062256
0.02243,0.0042725,0.062256
0.022736,0.0041199,0.05249
0.022736,0.0065613,0.061035
0.02243,0.0045776,0.064697
0.021515,0.004425,0.061035
0.020447,0.0057983,0.065918
0.020294,0.0019836,0.062256
0.020447,0.0030518,1.3806
0.021057,0.0033569,4.7229
0.02121,0.0028992,4.906
0.02182,0.0041199,4.9219
0.02121,0.0038147,4.928
0.020752,0.0033569,4.9219
0.021057,0.0021362,4.9231
0.021057,-0.0053406,4.9219
0.020905,0,4.928
0.020752,-0.00045776,4.9243
0.019989,-0.0035095,4.9182
0.019836,-0.0033569,4.9268
0.019531,-0.0048828,4.9121
0.019836,-0.0050354,4.9072
0.019379,-0.0054932,4.9133
0.021057,-0.0061035,4.9146
0.021057,-0.0064087,4.9097
0.02121,-0.007019,4.9109
0.020447,-0.0074768,4.9084
0.018311,-0.007019,4.9084
0.016327,-0.0068665,4.9072
0.014648,-0.0061035,4.9109
0.013733,-0.0050354,4.906
0.012817,-0.0050354,4.9109
0.012665,-0.0057983,4.9121
0.013123,-0.0068665,4.9133
0.014191,-0.0082397,4.9182
0.015106,-0.0093079,4.9146
0.015106,-0.0090027,4.9182
0.015869,-0.0093079,4.9084
0.014648,-0.0094604,4.9182
0.0177,-0.0083923,4.9231
0.019684,-0.0082397,4.9341
0.021057,-0.0074768,4.9231
0.02243,-0.0076294,4.9304
0.023651,-0.0068665,4.9304
0.023804,-0.0057983,4.928
0.025635,-0.005188,4.9292
0.027008,-0.0045776,4.9353
0.028381,-0.0045776,4.9292
0.028534,-0.0053406,4.9194
0.027618,-0.0065613,4.9316
0.027313,-0.0065613,4.9316
0.025177,-0.0073242,4.9255
0.022888,-0.0068665,4.9353
0.022888,-0.0068665,4.9438
0.023041,-0.0068665,4.9377
0.023193,-0.0099182,4.9402
0.022736,-0.007019,4.9341
0.022278,-0.0082397,4.917
0.02121,-0.0080872,4.9255
0.021057,-0.0076294,4.928
0.020294,-0.0071716,4.9268
0.020142,-0.0061035,4.9255
0.018158,-0.0059509,4.9194
0.018463,-0.0064087,4.9207
0.017395,-0.0064087,4.917
0.016632,-0.0062561,4.9231
0.016785,-0.0057983,4.9146
0.019226,-0.0035095,4.9194
0.018158,-0.002594,4.9133
0.019379,-0.0018311,4.9231
0.021057,-0.0013733,4.9207
0.021667,-0.0030518,4.9146
0.02243,-0.0035095,4.9084
0.024109,-0.0036621,4.9084
0.024567,-0.0039673,4.8962
0.024872,-0.0027466,4.9097
0.025024,-0.0024414,4.9072
0.024567,-0.0027466,4.9121
0.023193,-0.0028992,4.9097
0.021667,-0.0021362,4.906
0.019836,-0.0021362,4.9121
0.018463,-0.00076294,4.9084
0.018158,-0.00030518,4.9121
0.018005,0.0010681,4.9097
0.017853,0.0028992,4.9219
0.017548,0.0016785,4.9194
0.018158,0.0022888,4.9243
0.018311,0.0022888,4.9207
0.018768,0.0018311,4.9268
0.018616,0.0021362,4.9304
0.017548,0.0012207,4.9329
0.016785,0.0013733,4.9329
0.014801,-0.0028992,4.9304
0.012665,0.0012207,4.9207
0.010681,0.0022888,4.9292
0.010529,0.0022888,4.9329
0.0086975,0.0019836,4.9292
0.010834,0.0022888,4.9329
0.011444,0.0012207,4.9304
0.012817,0.0013733,4.9353
0.013428,0.00061035,4.9341
0.016174,0.00045776,4.9402
0.018158,0.00015259,4.9304
0.020447,-0.0024414,4.939
0.02182,0.0013733,4.9353
0.021667,0.0030518,4.9365
0.021515,0.0045776,4.9158
0.020294,0.0062561,4.9329
0.019226,0.0068665,4.928
0.018463,0.0076294,4.9255
0.018311,0.0086975,4.9182
0.017853,0.0064087,4.9207
0.017548,0.0085449,4.9231
0.018921,0.0079346,4.9146
0.021362,0.0076294,4.9182
0.020905,0.0074768,4.9182
0.022125,0.0080872,4.9146
0.023041,0.0085449,4.9121
0.023041,0.010834,0.043945
0.023193,0.010986,0.037842
0.023041,0.010834,0.041504
0.02182,0.011597,0.042725
0.022736,0.011444,0.042725
0.019073,0.011444,0.037842
0.016479,0.010223,0.042725
0.014648,0.0094604,0.048828
0.009613,0.0080872,0.040283
0.011139,0.0071716,0.050049
0.0099182,0.0065613,0.041504
0.0076294,0.002594,0.029297
0.0064087,0.0053406,0.041504
0.0059509,0.0033569,0.042725
0.0048828,0.0015259,0.046387
0.0061035,0.0024414,0.048828
0.0061035,0.0010681,0.048828
0.0059509,0.00076294,0.054932
0.0068665,0.0048828,0.056152
0.0082397,0.0021362,0.057373
0.010376,0.0030518,0.059814
0.011749,0.0050354,0.059814
0.013275,0.0080872,0.059814
0.014343,0.011292,0.064697
0.015869,0.014191,0.076904
0.016632,0.016174,0.063477
0.017242,0.016327,0.061035
0.019531,0.016937,0.064697
0.021515,0.016174,0.059814
0.022888,0.015106,0.062256
0.023651,0.013275,0.065918
0.023041,0.010529,0.064697
0.02182,0.007782,0.065918
0.020599,0.0048828,0.062256
0.019379,0.0054932,0.065918
0.018921,0.0054932,0.059814
0.017395,0.0056458,0.056152
0.015717,0.0074768,0.053711
0.014191,0.0079346,0.057373
0.012665,0.0080872,0.054932
0.01297,0.0074768,0.05127
0.012207,0.0073242,0.05127
0.014038,0.0064087,0.05127
0.016327,0.0061035,0.057373
0.01709,0.0068665,0.041504
0.018005,0.0079346,0.059814
0.019379,0.0082397,0.045166
0.02121,0.0093079,0.037842
0.023651,0.011444,0.040283
0.026093,0.013123,0.042725
0.028534,0.015869,0.040283
0.030518,0.016937,0.041504
0.031738,0.019379,0.0354
0.032959,0.016327,0.039063
0.032959,0.015869,0.0354
0.033417,0.014343,0.047607
0.032196,0.013885,0.036621
0.031738,0.012817,0.039063
0.029449,0.011292,0.041504
0.026703,0.0080872,0.042725
0.023346,0.004425,0.048828
0.019836,0.00091553,0.046387
0.017853,-0.0022888,0.050049
0.013885,-0.0047302,0.046387
0.014496,-0.0074768,0.047607
0.014191,-0.0094604,0.05249
0.01358,-0.011444,0.063477
0.013123,-0.012054,0.053711
0.013275,-0.011749,0.057373
0.014038,-0.0097656,0.062256
0.017242,-0.00091553,0.061035
0.018921,-0.0012207,0.061035
0.021667,0.0019836,0.063477
0.023804,0.0064087,0.059814
0.025177,0.0091553,0.062256
0.02594,0.010223,0.062256
0.027313,0.011597,0.062256
0.028534,0.012512,0.062256
0.031433,0.01236,0.065918
0.033569,0.011139,0.073242
0.037231,0.009613,0.065918
0.040436,0.0079346,0.070801
0.042267,0.0068665,0.067139
0.04364,0.0073242,0.046387
0.043793,0.0068665,0.058594
0.04425,0.0088501,0.054932
0.042572,0.0086975,0.056152
0.041809,0.0085449,0.054932
0.040894,0.0076294,0.050049
0.038605,0.0065613,0.05127
0.036163,0.0035095,0.045166
0.033569,0.0016785,0.045166
0.031738,-0.0010681,0.045166
0.029449,-0.0027466,0.047607
0.027618,-0.004425,0.042725
0.02594,-0.0062561,0.043945
0.024414,-0.0067139,0.047607
0.020142,-0.0079346,0.041504
0.0177,-0.0083923,0.037842
0.014954,-0.007782,0.042725
0.013428,-0.0073242,0.030518
0.014954,-0.0057983,0.0354
0.017395,-0.0047302,0.045166
0.02121,-0.0033569,0.039063
0.023499,-0.0015259,0.041504
0.025635,-0.00030518,0.032959
0.027008,0.0012207,0.041504
0.028839,0.0032043,0.039063
0.032196,0.0057983,0.041504
0.034485,0.0056458,0.042725
0.037231,0.0061035,0.046387
0.039215,0.0045776,0.045166
0.041504,0.0030518,0.048828
0.041351,0.00076294,0.053711
0.041656,-0.0015259,0.054932
0.043793,-0.0038147,0.068359
0.044708,-0.005188,0.057373
0.044708,-0.0050354,3.4888
0.043488,-0.0053406,4.8413
0.040741,-0.0056458,4.9133
0.037079,-0.0045776,4.9292
0.033569,-0.0036621,4.928
0.032196,-0.0024414,4.9255
0.030365,0,4.9268
0.028687,0.0019836,4.9292
0.027924,0.0030518,4.9341
0.026855,0.0030518,4.9329
0.026398,0.0028992,4.9402
0.024872,0.0021362,4.9341
0.023346,0.00061035,4.9377
0.022125,-0.0015259,4.9341
0.02121,-0.002594,4.9329
0.020447,-0.0038147,4.9292
0.019226,-0.0047302,4.9304
0.019684,-0.004425,4.9304
0.019073,-0.0048828,4.9243
0.019226,-0.0050354,4.9304
0.020447,-0.0050354,4.9219
0.022583,-0.0038147,4.9243
0.024261,-0.0021362,4.9158
0.027008,-0.0015259,4.9194
0.028992,-0.0013733,4.9182
0.03006,-0.0018311,4.9109
0.03006,-0.0030518,4.9023
0.03006,-0.0042725,4.9146
0.03006,-0.0035095,4.9072
0.028839,-0.0035095,4.9084
0.028839,-0.0033569,4.9084
0.027466,-0.0032043,4.9158
0.026093,-0.0062561,4.9109
0.024261,-0.0083923,4.9109
0.022583,-0.010376,4.9207
0.020599,-0.010681,4.9109
0.018768,-0.010681,4.9158
0.018158,-0.0094604,4.9097
0.016937,-0.0083923,4.8938
0.016937,-0.007019,4.9133
0.016937,-0.0074768,4.9133
0.016327,-0.0067139,4.9158
0.017395,-0.0057983,4.917
0.01709,-0.0048828,4.917
0.017853,-0.0033569,4.9194
0.017548,-0.0013733,4.9255
0.017395,-0.0012207,4.928
0.018616,0.00045776,4.928
0.018921,0.00076294,4.9231
0.019684,0.00076294,4.9304
0.019531,0.0022888,4.9341
0.02243,0.0036621,4.9341
0.024567,0.0056458,4.9316
0.02655,0.007782,4.9329
0.023956,0.0083923,4.9353
0.027771,0.0088501,4.9451
0.027466,0.0076294,4.9341
0.027466,0.0030518,4.9329
0.02594,0.0047302,4.9268
0.023956,0.0030518,4.9341
0.022888,0.002594,4.9341
0.018768,0.0013733,4.9353
0.018463,-0.00061035,4.9304
0.016174,-0.0032043,4.9292
0.014496,-0.0057983,4.9268
0.01236,-0.0047302,4.9292
0.01297,-0.0041199,4.9231
0.01297,-0.0022888,4.9243
0.013275,-0.0039673,4.9207
0.011292,-0.00091553,4.9255
0.013428,0.00015259,4.9268
0.01358,-0.0016785,4.9146
0.014343,-0.0032043,4.917
0.016022,-0.0022888,4.9146
0.016937,-0.0019836,4.8975
0.015717,-0.0012207,4.9133
0.015717,-0.0041199,4.9097
0.014343,-0.0016785,4.9109
0.014496,-0.0019836,4.9133
0.016479,-0.0015259,4.9121
0.016785,0.00091553,4.9109
0.018463,0.002594,4.9097
0.019836,0.0042725,4.9109
0.02121,0.0047302,4.9084
0.022125,0.0047302,4.9121
0.023651,0.0036621,4.9146
0.024261,-0.00015259,4.9146
0.025177,0.0016785,4.9097
0.023956,0.0010681,4.9158
0.024109,0.0010681,4.9146
0.022278,-0.00045776,4.9207
0.020294,0.00030518,4.9255
0.018463,-0.0021362,4.9268
0.01709,-0.0024414,4.9158
0.017242,-0.002594,4.9231
0.018005,-0.0013733,4.928
0.019073,-0.00030518,4.9292
0.018921,0.00030518,4.9292
0.016937,0,4.9304
0.018311,-0.00061035,4.9365
0.018463,-0.0013733,4.9304
0.019073,-0.0015259,4.9316
0.018005,-0.00076294,4.9292
0.018921,0.00015259,4.9353
0.018768,0,4.9304
0.01709,-0.0030518,4.9377
0.016785,-0.00030518,4.95
0.015717,-0.0013733,4.939
0.015869,-0.0018311,4.9341
0.01709,0.00015259,4.9341
0.018768,-0.00015259,0.046387
0.020905,0.00076294,0.057373
0.022278,0.0018311,0.056152
0.022125,0.0016785,0.056152
0.023499,0.0016785,0.054932
0.023956,0.00076294,0.047607
0.024109,0.00015259,0.053711
0.025787,0.00015259,0.047607
0.027008,0,0.048828
0.026703,0.00045776,0.045166
0.026245,-0.00076294,0.046387
0.025635,-0.00030518,0.045166
0.024109,-0.0016785,0.042725
0.023651,-0.002594,0.041504
0.022888,-0.0015259,0.042725
0.023041,-0.0010681,0.039063
0.023193,0,0.041504
0.022736,0.00061035,0.036621
0.022888,0.0013733,0.039063
0.022278,0.0012207,0.023193
0.022736,0.00061035,0.039063
0.02243,0.00030518,0.037842
0.022583,0.0012207,0.037842
0.02243,0.0015259,0.043945
0.021362,0.0016785,0.037842
0.021362,0.00091553,0.046387
0.017853,0.0018311,0.043945
0.01709,0.00061035,0.048828
0.019379,-0.00076294,0.047607
0.016479,-0.0012207,0.057373
0.018311,-0.0015259,0.056152
0.018005,-0.00061035,0.057373
0.018463,-0.0012207,0.068359
0.018463,-0.0010681,0.053711
0.018311,-0.0038147,0.072021
0.019226,-0.0068665,0.061035
0.018768,-0.0042725,0.053711
0.018768,-0.0048828,0.061035
0.018311,-0.0039673,0.058594
0.019836,-0.0032043,0.057373
0.013885,-0.0028992,0.062256
0.01709,-0.0030518,0.062256
0.017853,-0.0041199,0.064697
0.018311,-0.0038147,0.064697
0.019989,-0.004425,0.065918
0.020599,-0.0054932,0.061035
0.021667,-0.0039673,0.064697
0.02243,-0.0048828,0.063477
0.022278,-0.0047302,0.064697
0.023651,-0.005188,0.061035
0.023804,-0.0059509,0.057373
0.024109,-0.004425,0.059814
0.024261,-0.0036621,0.05249
0.025177,-0.0027466,0.058594
0.025635,-0.0019836,0.047607
0.02533,-0.0016785,0.040283
0.02655,-0.0033569,0.043945
0.026398,-0.0050354,0.045166
0.027008,-0.0062561,0.043945
0.026703,-0.0064087,0.043945
0.02533,-0.0048828,0.036621
0.024261,-0.0027466,0.042725
0.022736,-0.0010681,0.036621
0.020752,0.0010681,0.042725
0.019226,0.0010681,0.040283
0.019531,-0.00030518,0.039063
0.019531,-0.0015259,0.036621
0.018768,-0.0010681,0.042725
0.019226,0.00030518,0.054932
0.018463,0.00061035,0.041504
0.018768,0.0021362,0.048828
0.018921,0.0015259,0.043945
0.018463,0.00045776,0.026855
0.018768,-0.00076294,0.041504
0.0177,-0.00015259,0.043945
0.0177,0.0010681,0.047607
0.017853,0.0028992,0.046387
0.015869,0.0039673,0.046387
0.018158,0.004425,0.057373
0.017548,0.0027466,0.054932
0.018158,0.0010681,0.061035
0.019226,-0.0019836,0.056152
0.018616,0.00045776,0.063477
0.019379,0.0012207,0.065918
0.018768,0.0015259,0.062256
0.018158,0.0016785,0.067139
0.016937,0.0010681,0.063477
0.016479,0,0.059814
0.016174,-0.00030518,0.065918
0.016632,0.00061035,0.076904
0.018158,0.0019836,0.062256
0.019073,0.0030518,0.054932
0.021057,0.004425,0.065918
0.021515,0.0057983,0.067139
0.021973,0.0067139,0.064697
0.023041,0.007019,0.065918
0.024414,0.0088501,0.058594
0.025482,0.010071,0.058594
0.025482,0.01236,0.05249
0.024872,0.01297,0.057373
0.023804,0.013275,0.050049
0.023041,0.012054,0.048828
0.02182,0.010834,0.05249
0.021667,0.0083923,0.048828
0.021973,0.0076294,0.05249
0.02243,0.0073242,0.046387
0.022888,0.0071716,0.043945
0.021973,0.0065613,0.043945
0.020905,0.0056458,0.031738
0.019989,0.004425,0.039063
0.019836,0.0036621,0.039063
0.019836,0.0047302,0.039063
0.020905,0.0059509,0.036621
0.021973,0.0079346,0.036621
0.019379,0.0093079,0.037842
0.023956,0.0094604,0.039063
0.023651,0.0085449,0.041504
0.024567,0.007019,4.4031
0.024414,0.0064087,4.8779
0.024261,0.0076294,4.9036
0.024109,0.0082397,4.9109
0.02533,0.0094604,4.9097
0.025177,0.0093079,4.917
0.024567,0.0082397,4.9231
0.024414,0.0073242,4.9194
0.024261,0.0059509,4.9304
0.025177,0.005188,4.9255
0.025787,0.0068665,4.9121
0.02655,0.0085449,4.9255
0.027771,0.0083923,4.9292
0.026855,0.0090027,4.928
0.02533,0.0079346,4.9304
0.024719,0.007019,4.928
0.023499,0.0074768,4.9341
0.026093,0.0085449,4.9304
0.028076,0.010376,4.9304
0.028381,0.011139,4.9304
0.028534,0.010376,4.9353
0.027618,0.0091553,4.9341
0.027161,0.0073242,4.9353
0.026093,0.0038147,4.9475
0.026703,0.004425,4.9353
0.026855,0.0054932,4.9353
0.027161,0.0068665,4.9353
0.026855,0.0068665,4.9353
0.026703,0.0074768,4.9292
0.02655,0.0068665,4.9255
0.026855,0.0053406,4.928
0.028076,0.0076294,4.9231
0.028839,0.0093079,4.9194
0.029907,0.010529,4.9219
0.03067,0.010986,4.9182
0.030212,0.0086975,4.9146
0.028229,0.0054932,4.9121
0.026398,0.0018311,4.9146
0.024261,0.00030518,4.9158
0.023956,-0.00030518,4.9146
0.024109,0.00045776,4.9121
0.024261,0.0010681,4.9121
0.027313,0.00076294,4.9207
0.027008,0.00030518,4.9121
0.027313,-0.00045776,4.9207
0.027771,-0.0010681,4.9072
0.028381,0.00030518,4.9023
0.028992,0.0027466,4.9109
0.029755,0.0041199,4.9097
0.030365,0.0048828,4.9097
0.029297,0.0042725,4.9109
0.028229,0.0027466,4.9109
0.02655,0.0015259,4.9133
0.026703,0.0018311,4.9121
0.027313,0.0028992,4.9207
0.028076,0.0042725,4.9207
0.027771,0.0057983,4.9243
0.029144,0.0041199,4.9243
0.027924,0.0032043,4.928
0.027771,0.0019836,4.9353
0.027771,0.0010681,4.9304
0.027924,0.0016785,4.9304
0.028229,0.0027466,4.9329
0.028381,0.004425,4.9353
0.028381,0.0027466,4.9316
0.027161,0.0016785,4.9414
0.02594,-0.00015259,4.9292
0.02533,-0.0054932,4.9304
0.024872,-0.0018311,4.9341
0.025482,0,4.9353
0.025635,0.0028992,4.9341
0.024109,0.0045776,4.9377
0.023804,0.0045776,4.9329
0.02243,0.0030518,4.9353
0.02243,0.0013733,4.9341
0.024567,0.00015259,4.9329
0.024109,0.0018311,4.9268
0.024719,0.0027466,4.9292
0.024261,0.0028992,4.9377
0.023499,0.0030518,4.9255
0.022125,0.00076294,4.928
0.020905,-0.0012207,4.9207
0.019989,-0.002594,4.9109
0.020142,-0.0012207,4.9146
0.019379,0.00045776,4.9219
0.019379,0.002594,4.9182
0.020142,0.0030518,4.9158
0.019989,0.00076294,4.9084
0.020905,-0.0022888,4.9146
0.021057,-0.0041199,4.9109
0.02243,-0.0054932,4.9097
0.022583,-0.0041199,4.9084
0.02243,-0.0032043,4.9158
0.024109,-0.0016785,4.9097
0.020599,-0.0024414,4.9109
0.020447,-0.0038147,4.9182
0.019379,-0.0045776,4.9121
0.0177,-0.0042725,4.9084
0.019379,-0.0038147,4.9133
0.020294,-0.0019836,4.9011
0.02182,-0.0015259,4.9133
0.022125,-0.0012207,4.8999
0.02243,-0.0021362,4.9182
0.022583,-0.0028992,4.9182
0.023041,-0.0033569,4.9207
0.023499,-0.0018311,4.9255
0.023346,-0.00076294,4.9255
0.022736,0.0010681,4.9316
0.019684,0.00061035,4.9255
0.020599,0.00015259,4.9341
0.020142,-0.00076294,0.061035
0.020599,-0.0016785,0.061035
0.020294,-0.0022888,0.062256
0.020905,-0.0021362,0.064697
0.023193,-0.00076294,0.062256
0.024109,0.0016785,0.064697
0.024261,0.0024414,0.075684
0.025177,0.0018311,0.063477
0.024872,0.0022888,0.058594
0.024872,-0.00030518,0.064697
0.025177,0.0018311,0.063477
0.024872,0.0033569,0.061035
0.024261,0.0047302,0.067139
0.024261,0.005188,0.056152
0.02243,0.0050354,0.058594
0.022125,0.0035095,0.05249
0.023041,0.00091553,0.056152
0.022888,-0.00076294,0.048828
0.023346,-0.0013733,0.05249
0.023041,-0.00076294,0.048828
0.021515,0,0.047607
0.019836,0.0010681,0.054932
0.018005,0.00076294,0.046387
0.016174,0,0.047607
0.015564,-0.00076294,0.042725
0.016327,-0.00091553,0.032959
0.016937,-0.00030518,0.041504
0.017395,0.00045776,0.039063
0.017853,0.0012207,0.032959
0.017242,0.00061035,0.041504
0.018768,-0.00030518,0.039063
0.019379,-0.00061035,0.039063
0.020447,-0.00061035,0.037842
0.021667,-0.00015259,0.036621
0.02121,0,0.036621
0.019684,0.00030518,0.041504
0.018616,0.0015259,0.043945
0.017395,0.00091553,0.045166
0.017548,0.0013733,0.047607
0.019073,0.0010681,0.047607
0.021057,0.00045776,0.05127
0.023193,0.0015259,0.053711
0.023956,0.002594,0.064697
0.022888,0.0039673,0.056152
0.02243,0.0041199,0.046387
0.022125,0.0024414,0.057373
0.022278,0.002594,0.063477
0.022583,0.0016785,0.061035
0.022888,0.0016785,0.061035
0.021667,0.0024414,0.059814
0.020599,0.0027466,0.062256
0.018005,0.0016785,0.059814
0.019379,0.002594,0.062256
0.019684,0.00091553,0.058594
0.019684,-0.00061035,0.065918
0.02182,-0.0018311,0.064697
0.022736,-0.0021362,0.067139
0.02243,-0.00061035,0.080566
0.021057,0.00015259,0.067139
0.019836,0.00045776,0.062256
0.019836,0.00015259,0.063477
0.020599,-0.0015259,0.053711
0.02182,-0.0013733,0.050049
0.020905,-0.0018311,0.054932
0.022583,-0.00030518,0.05249
0.020599,-0.0012207,0.050049
0.019226,-0.0018311,0.046387
0.019073,-0.0027466,0.050049
0.018921,-0.0039673,0.043945
0.020447,-0.0053406,0.047607
0.022278,-0.0053406,0.041504
0.022583,-0.0048828,0.042725
0.021515,-0.0036621,0.042725
0.019684,-0.0024414,0.042725
0.019073,-0.00061035,0.040283
0.019684,-0.00076294,0.039063
0.020905,0.00061035,0.050049
0.022888,-0.0013733,0.040283
0.023804,-0.0018311,0.05249
0.023651,-0.0013733,0.036621
0.022125,-0.0013733,0.025635
0.019836,-0.00091553,0.037842
0.021667,0.00061035,0.041504
0.02243,-0.00015259,0.0354
0.023193,0.0021362,0.043945
0.024719,0.0022888,0.041504
0.024872,0.0036621,0.039063
0.02243,0.0047302,0.045166
0.022125,0.0053406,0.05249
0.021362,0.0059509,0.050049
0.021973,0.005188,0.056152
0.023193,0.004425,0.061035
0.023804,0.0024414,0.062256
0.023499,0.0010681,0.072021
0.023041,-0.00091553,0.063477
0.018463,-0.0015259,0.057373
0.016022,-0.0028992,0.061035
0.015106,-0.0035095,0.065918
0.011292,-0.0039673,0.061035
0.016022,-0.0042725,0.048828
0.016479,-0.0047302,0.058594
0.016327,-0.0065613,0.061035
0.015106,-0.0056458,0.063477
0.013123,-0.0062561,0.064697
0.013123,-0.0067139,0.063477
0.015106,-0.0076294,0.067139
0.016022,-0.0071716,0.058594
0.02182,-0.007019,0.061035
0.023499,-0.0062561,0.062256
0.023651,-0.002594,0.058594
0.022278,-0.0018311,0.05249
0.022583,-0.00015259,0.05127
0.024109,0.0016785,0.065918
0.027008,0.0039673,0.048828
0.029907,0.004425,0.054932
0.031586,0.0048828,0.046387
0.032501,0.004425,2.3682
0.032196,0.0050354,4.762
0.030975,0.0045776,4.8853
0.029907,0.0041199,4.9109
0.031281,0.0028992,4.9097
0.031281,0.0021362,4.9072
0.032806,0.0010681,4.9097
0.031586,-0.00015259,4.9097
0.028534,-0.0010681,4.8999
0.024567,-0.00091553,4.9072
0.021973,-0.00076294,4.9133
0.020142,-0.00045776,4.9097
0.020294,0.0024414,4.8962
0.019989,0.00045776,4.9158
0.020142,0.0012207,4.9146
0.01709,0.00061035,4.9097
0.015411,0.0016785,4.9158
0.014191,0.002594,4.9182
0.014191,0.0027466,4.917
0.014496,0.0027466,4.9084
0.018768,0.0027466,4.9194
0.019989,0.0021362,4.9231
0.019073,0.0012207,4.9207
0.0177,0.0024414,4.928
0.015869,0.0028992,4.928
0.014496,0.0035095,4.9377
0.017548,0.0047302,4.928
0.020447,0.005188,4.9353
0.022583,0.0045776,4.9292
0.024414,0.0045776,4.9341
0.023956,0.0065613,4.9243
0.023651,0.0048828,4.9341
0.023804,0.0056458,4.9414
0.023956,0.0061035,4.9329
0.02594,0.0056458,4.9365
0.028076,0.0041199,4.9402
0.027924,0.0019836,4.9268
0.027008,0.00076294,4.9365
0.024261,0.00030518,4.9329
0.021515,0.00015259,4.9304
0.019836,0.0013733,4.9329
0.019379,-0.00045776,4.9268
0.020447,-0.00030518,4.9255
0.020447,-0.0018311,4.9207
0.019989,-0.0076294,4.9194
0.016937,-0.0047302,4.917
0.016022,-0.0010681,4.9158
0.015259,0.0015259,4.9194
0.016174,0.0039673,4.9243
0.019073,0.0057983,4.9158
0.02182,0.005188,4.9146
0.023193,0.0041199,4.9231
0.024261,0.0035095,4.9146
0.022888,0.0050354,4.8999
0.023041,0.0073242,4.9133
0.024261,0.0097656,4.9011
0.029297,0.010681,4.9097
0.028687,0.0093079,4.9072
0.030518,0.0073242,4.9133
0.029755,0.0050354,4.9084
0.026703,0.0030518,4.906
0.027008,0.0028992,4.9109
0.027161,0.0033569,4.9097
0.027618,0.0030518,4.9158
0.028992,-0.00030518,4.9121
0.029602,-0.0013733,4.9146
0.028076,-0.0041199,4.9146
0.025482,-0.0062561,4.9207
0.022736,-0.0064087,4.9341
0.020752,-0.0062561,4.9243
0.019531,-0.0054932,4.928
0.020142,-0.005188,4.9304
0.019379,-0.0061035,4.917
0.019531,-0.0076294,4.9292
0.017853,-0.007782,4.9304
0.016022,-0.0073242,4.9243
0.014038,-0.0030518,4.9292
0.014496,-0.0012207,4.9268
0.016632,0.00076294,4.9353
0.019226,0.0012207,4.9329
0.02121,0.00061035,4.9329
0.02243,0.00045776,4.9316
0.02243,0.00091553,4.939
0.023041,0.002594,4.9377
0.024109,0.005188,4.9377
0.026093,0.007019,4.9402
0.03006,0.0062561,4.9353
0.029144,0.0039673,4.9377
0.029297,0.0015259,4.9329
0.028229,-0.0016785,4.9377
0.027008,-0.00030518,4.9084
0.025024,0.0012207,4.9304
0.024719,0.0028992,4.9231
0.024872,0.0047302,4.9207
0.026093,0.0022888,4.917
0.026703,0.00030518,4.9219
0.025024,-0.0021362,4.9121
0.023041,-0.0033569,4.9146
0.020447,-0.0016785,4.9109
0.017853,0,4.9146
0.017242,0.00015259,4.9109
0.017548,-0.00061035,4.9146
0.016785,-0.0028992,4.9109
0.015411,-0.0047302,4.9133
0.014038,-0.0057983,4.9194
0.010071,-0.0045776,4.9121
0.012207,-0.002594,4.9194
0.013733,0,4.9072
0.016632,-0.00030518,4.8999
0.019073,-0.0010681,4.9109
0.021362,-0.0019836,4.9072
0.022125,-0.0021362,0.036621
0.022736,-0.0019836,0.042725
0.023956,0.0024414,0.042725
0.024872,0.0042725,0.047607
0.026703,0.0057983,0.050049
0.028534,0.0048828,0.05249
0.031128,0.0033569,0.05249
0.031281,0.002594,0.054932
0.031128,0.0024414,0.061035
0.029755,0.004425,0.063477
0.028839,0.0065613,0.062256
0.028992,0.0071716,0.063477
0.03006,0.0067139,0.062256
0.029755,0.0050354,0.062256
0.030365,0.0028992,0.072021
0.028687,0.0027466,0.063477
0.027008,0.0039673,0.053711
0.025482,0.0057983,0.057373
0.023346,0.0064087,0.062256
0.023041,0.0062561,0.064697
0.022278,0.0056458,0.067139
0.022583,0.0030518,0.064697
0.021515,0.002594,0.067139
0.019684,0.0027466,0.061035
0.018005,0.0042725,0.063477
0.016785,0.0065613,0.059814
0.020142,0.0067139,0.058594
0.019684,0.0056458,0.05249
0.02182,0.0028992,0.057373
0.023041,0.00030518,0.065918
0.022736,-0.00045776,0.050049
0.022278,-0.00015259,0.047607
0.022278,0.0024414,0.047607
0.023193,0.0027466,0.028076
0.024109,0.0022888,0.042725
0.02533,-0.00030518,0.045166
0.02655,-0.0039673,0.041504
0.025482,-0.005188,0.041504
0.024109,-0.0036621,0.030518
0.023193,-0.0019836,0.041504
0.023041,0.0012207,0.039063
0.024414,0.0019836,0.040283
0.027466,0.0010681,0.037842
0.029449,-0.0010681,0.041504
0.030823,-0.0030518,0.041504
0.03006,-0.0019836,0.039063
0.030365,-0.00045776,0.041504
0.027161,0.0013733,0.042725
0.029297,0.0015259,0.039063
0.030518,0.0027466,0.043945
0.029907,0.00061035,0.047607
0.029907,-0.0013733,0.046387
0.027771,-0.0015259,0.046387
0.023499,-0.00045776,0.05127
0.024414,0.0018311,0.054932
0.023193,0.0042725,0.054932
0.023651,0.00061035,0.058594
0.026093,0.0039673,0.057373
0.028534,0.0012207,0.061035
0.028992,0.00091553,0.058594
0.02655,0.00045776,0.064697
0.026703,0.0024414,0.058594
0.025635,0.0038147,0.064697
0.025482,0.0035095,0.05249
0.026703,0.0039673,0.062256
0.027313,0.0022888,0.070801
0.027924,0.00061035,0.063477
0.026398,-0.00091553,0.065918
0.024567,0.0018311,0.068359
0.022583,0.0042725,0.059814
0.022583,0.0059509,0.062256
0.023956,0.0067139,0.058594
0.025482,0.0039673,0.061035
0.026703,0.0015259,0.061035
0.024719,-0.0010681,0.056152
0.021057,-0.0013733,0.053711
0.019684,0.00015259,0.050049
0.018463,0.00061035,0.053711
0.018158,0.0010681,0.046387
0.018921,0.0010681,0.050049
0.019226,-0.0013733,0.05249
0.018768,-0.0028992,0.043945
0.016785,-0.0028992,0.042725
0.016022,-0.00045776,0.046387
0.015259,0.0032043,0.05249
0.016174,0.0050354,0.040283
0.019836,0.0057983,0.05127
0.019989,0.0039673,0.037842
0.021667,0.0015259,0.03418
0.021362,0.00061035,0.036621
0.020752,0.00045776,0.037842
0.021057,0.0030518,0.039063
0.021362,0.0045776,0.041504
0.02182,0.0039673,0.036621
0.02243,0.0030518,0.041504
0.021667,0.0018311,0.037842
0.02121,-0.00015259,0.046387
0.018463,0.0036621,0.042725
0.018005,0.002594,0.047607
0.016632,0.0047302,0.05127
0.01709,0.0048828,0.05127
0.018158,0.0038147,0.068359
0.019684,0.0012207,0.053711
0.020905,-0.00045776,0.056152
0.02182,-0.00045776,0.059814
0.020447,0.00076294,0.053711
0.019531,0.0030518,0.058594
0.018616,0.0047302,0.053711
0.01709,0.0035095,0.058594
0.017548,0.0035095,0.062256
0.016479,0.0010681,0.058594
0.015259,-0.00045776,0.062256
0.013123,-0.00091553,0.059814
0.014191,0.00076294,0.065918
0.014038,0.00076294,0.062256
0.015411,0.0022888,0.06958
0.017242,0.00030518,3.5486
0.018921,-0.0016785,4.8499
0.019989,-0.0028992,4.9268
0.019073,-0.00061035,4.9341
0.017548,-0.0022888,4.9377
0.016632,-0.00091553,4.9292
0.015717,0.00030518,4.9353
0.016937,0.00030518,4.9219
0.017242,-0.00076294,4.9084
0.017395,-0.0022888,4.9207
0.016785,-0.0033569,4.917
0.016479,-0.0032043,4.9146
0.014648,-0.002594,4.9182
0.015106,-0.0015259,4.9158
0.015106,-0.0021362,4.9158
0.017395,0.00030518,4.9109
0.018311,-0.00076294,4.9133
0.018158,-0.0015259,4.8926
0.018921,-0.0024414,4.9109
0.018005,-0.00061035,4.9133
0.017242,0.0015259,4.9146
0.018158,0.0039673,4.9109
0.019379,0.0065613,4.9133
0.022125,0.0067139,4.9084
0.02243,0.0061035,4.9121
0.021515,0.0056458,4.9084
0.020599,0.0054932,4.9146
0.018463,0.0067139,4.9158
0.016632,0.0082397,4.9109
0.016785,0.0059509,4.9158
0.017853,0.0065613,4.9146
0.018005,0.0030518,4.9158
0.017548,-0.00030518,4.9158
0.014954,-0.0032043,4.9231
0.014954,-0.0028992,4.9231
0.01297,-0.0013733,4.9292
0.010834,-0.0012207,4.9243
0.010681,-0.0021362,4.9341
0.011292,-0.0041199,4.928
0.010986,-0.0064087,4.9268
0.011139,-0.007019,4.9414
0.010376,-0.0057983,4.9365
0.0097656,-0.0028992,4.9353
0.0099182,-0.00091553,4.9329
0.011444,-0.00061035,4.9146
0.015106,-0.0018311,4.9304
0.019836,-0.0039673,4.9365
0.02243,-0.0047302,4.9341
0.024414,-0.0035095,4.9365
0.025482,-0.00045776,4.9329
0.026398,0.0027466,4.9353
0.027008,0.0041199,4.9316
0.027618,0.0039673,4.9353
0.028534,0.0022888,4.9268
0.028687,0.0012207,4.9292
0.028076,0.00076294,4.9182
0.026703,0.0032043,4.9292
0.024719,0.0059509,4.9292
0.024414,0.0065613,4.9231
0.025177,0.005188,4.9219
0.024872,0.0033569,4.9207
0.025787,0.00030518,4.9146
0.024872,-0.0013733,4.9133
0.023804,-0.0016785,4.9109
0.021515,-0.0015259,4.9146
0.020447,-0.00076294,4.9133
0.018921,-0.00061035,4.9097
0.0177,-0.00076294,4.9121
0.016937,-0.0013733,4.9084
0.015869,-0.0015259,4.9109
0.014496,-0.0013733,4.906
0.013885,0.00045776,4.9084
0.013275,0.00076294,4.9133
0.014648,0.0013733,4.9121
0.015106,0.0024414,4.9084
0.016174,0.00030518,4.9133
0.018311,-0.0021362,4.9243
0.018616,-0.0045776,4.917
0.018616,-0.0048828,4.9255
0.019226,-0.004425,4.9194
0.018463,-0.0030518,4.906
0.018311,-0.0035095,4.9219
0.016937,-0.0038147,4.9219
0.019073,-0.0047302,4.9207
0.019989,-0.0056458,4.9268
0.02182,-0.0041199,4.9268
0.022888,-0.0019836,4.9316
0.025024,0.00091553,4.9109
0.027313,0.0028992,4.9341
0.028534,0.0016785,4.9268
0.029297,0.00061035,4.9316
0.03006,-0.0012207,4.9329
0.029602,-0.0021362,4.9353
0.027771,-0.0021362,4.9341
0.026093,-0.00091553,4.9365
0.024872,-0.00015259,4.9341
0.022736,-0.0015259,4.9353
0.020294,-0.0027466,4.9402
0.018311,-0.0056458,4.9353
0.016785,-0.0064087,4.9304
0.017395,-0.0064087,4.9292
0.016174,-0.004425,4.9292
0.016632,-0.0024414,4.9292
0.017242,-0.00061035,4.9243
0.018463,-0.0024414,4.9255
0.017548,-0.0053406,4.9231
0.018005,-0.0065613,4.9158
0.018616,-0.0019836,4.9194
0.020905,-0.0035095,4.9182
0.022888,-0.0013733,4.9194
0.024109,0.00030518,0.043945
0.025787,0.0010681,0.045166
0.027466,0.00015259,0.056152
0.028381,-0.00030518,0.043945
0.029449,-0.0019836,0.054932
0.032196,0.0016785,0.042725
0.032654,0.0036621,0.030518
0.033417,0.0047302,0.037842
0.033569,0.0041199,0.039063
0.03418,0.0016785,0.042725
0.033112,-0.0010681,0.039063
0.032349,-0.0033569,0.031738
0.031738,-0.0027466,0.041504
0.031738,-0.0035095,0.040283
0.03067,-0.0028992,0.041504
0.028992,-0.002594,0.036621
0.025024,-0.0041199,0.046387
0.021973,-0.0056458,0.048828
0.018768,-0.0074768,0.053711
0.016785,-0.0073242,0.062256
0.016327,-0.0064087,0.056152
0.016785,-0.0041199,0.053711
0.017395,-0.0032043,0.059814
0.016479,-0.0024414,0.059814
0.018158,-0.0035095,0.061035
0.019379,-0.0041199,0.064697
0.020599,-0.0039673,0.053711
0.023499,-0.0016785,0.061035
0.026093,0,0.059814
0.027771,0.0022888,0.064697
0.028687,0.0015259,0.062256
0.029755,0.0027466,0.063477
0.030518,0.0033569,0.062256
0.030365,0.0035095,0.067139
0.032196,0.0038147,0.063477
0.032806,0.0057983,0.068359
0.033875,0.0073242,0.062256
0.032654,0.0079346,0.063477
0.033417,0.0068665,0.070801
0.032501,0.0059509,0.058594
0.031586,0.0042725,0.065918
0.030365,0.0057983,0.053711
0.027924,0.002594,0.045166
0.027771,0.00030518,0.050049
0.025787,-0.0024414,0.047607
0.023499,-0.0050354,0.047607
0.021057,-0.0079346,0.047607
0.019989,-0.0086975,0.045166
0.017853,-0.0074768,0.046387
0.016785,-0.0047302,0.041504
0.01709,-0.0030518,0.043945
0.016937,-0.0013733,0.037842
0.017548,-0.0012207,0.041504
0.018768,-0.00045776,0.042725
0.020294,0.00061035,0.041504
0.02243,0.002594,0.041504
0.024567,0.0045776,0.041504
0.028839,0.0056458,0.03418
0.029907,0.0057983,0.037842
0.031281,0.0071716,0.03418
0.035095,0.0057983,0.040283
0.031281,0.0065613,0.0354
0.031738,0.0076294,0.039063
0.030518,0.0086975,0.042725
0.031281,0.010376,0.041504
0.030365,0.010071,0.048828
0.029907,0.0099182,0.043945
0.029449,0.010529,0.054932
0.029144,0.0080872,0.05249
0.029602,0.0086975,0.059814
0.03006,0.0085449,0.058594
0.03067,0.0082397,0.063477
0.030518,0.0079346,0.058594
0.028687,0.0073242,0.062256
0.021515,0.0057983,0.072021
0.02243,0.0041199,0.062256
0.020142,0.0042725,0.068359
0.018158,0.0042725,0.062256
0.015564,0.0019836,0.042725
0.014496,0.0032043,0.057373
0.01358,0.0032043,0.062256
0.012665,0.0021362,0.065918
0.012817,0.00076294,0.067139
0.013275,0.0012207,0.067139
0.015411,0.0015259,0.065918
0.016937,0.0035095,0.059814
0.018921,0.0048828,0.061035
0.020447,0.0050354,0.054932
0.02182,0.0048828,0.058594
0.02182,0.0036621,0.05249
0.023651,0.0027466,0.056152
0.023346,0.0036621,0.058594
0.023041,0.0042725,0.05249
0.024567,0.0045776,0.05127
0.019531,0.0050354,0.046387
0.024719,0.0039673,0.048828
0.025024,0.0024414,0.043945
0.024872,0.0016785,0.0354
0.02594,0.00061035,0.041504
0.028076,0.00045776,0.040283
0.027313,0.00091553,0.03418
0.027924,0.00015259,0.040283
0.027161,0.00076294,0.036621
0.02533,0.00030518,0.042725
0.024109,0.00045776,0.037842
0.02182,0.0012207,0.043945
0.023651,0.0039673,0.036621
0.021362,0.0021362,0.041504
0.020599,0.0024414,0.041504
0.018921,0.0012207,0.042725
0.0177,0.00015259,0.054932
0.017853,-0.0013733,0.041504
0.018005,-0.00045776,0.053711
0.018768,0.00015259,0.048828
0.02121,0.0010681,0.039063
0.02182,0.0016785,0.05249
0.02243,0.0019836,0.05127
0.022583,0.0027466,4.2297
0.022125,0.0036621,4.884
0.02121,0.0039673,4.9231
0.023499,0.0057983,4.928
0.023041,0.0064087,4.9255
0.024261,0.0050354,4.9341
0.025024,0.004425,4.9304
0.024414,0.0030518,4.9329
0.023346,0.0021362,4.9329
0.022278,0.0019836,4.9329
0.022278,0.0054932,4.9353
0.020447,0.0022888,4.9365
0.019531,0.0018311,4.939
0.018311,0.002594,4.9377
0.016632,-0.00061035,4.9426
0.016022,-0.00091553,4.9353
0.014191,-0.00030518,4.9268
0.01358,0.0012207,4.9268
0.013885,0.0032043,4.9268
0.014496,0.004425,4.9255
0.014343,0.0036621,4.9243
0.014038,0.0035095,4.9219
0.014496,0.0028992,4.9231
0.015259,0.002594,4.9194
0.015564,0.0016785,4.9194
0.014191,0.0024414,4.9158
0.015411,0.0021362,4.9243
0.016327,0.0016785,4.917
0.015869,0.00030518,4.917
0.016022,0,4.9231
0.017395,-0.00015259,4.9097
0.018921,0.00015259,4.9121
0.019684,0.0015259,4.9109
0.020294,0.002594,4.895
0.020752,0.0035095,4.9109
0.021362,0.0038147,4.9109
0.019836,0.0030518,4.9109
0.019073,0.0016785,4.9048
0.017548,0.00061035,4.906
0.0177,-0.00015259,4.9084
0.016785,0.00045776,4.9084
0.017395,0.00045776,4.9097
0.017242,0.00076294,4.9109
0.014954,-0.00015259,4.9219
0.017548,-0.00015259,4.917
0.018005,-0.00030518,4.9207
0.017548,-0.00015259,4.9207
0.017853,-0.00061035,4.9304
0.017548,0.00076294,4.928
0.01709,0,4.9255
0.016479,-0.00030518,4.9426
0.016937,-0.0015259,4.9304
0.016327,-0.0018311,4.9194
0.017242,-0.0027466,4.9304
0.016174,-0.002594,4.928
0.018463,-0.0021362,4.928
0.018768,-0.0019836,4.9304
0.019836,-0.0030518,4.9341
0.020294,-0.002594,4.928
0.019989,-0.0030518,4.9353
0.021057,-0.0028992,4.9365
0.02182,-0.0048828,4.9292
0.019989,-0.0032043,4.9353
0.022583,-0.0032043,4.9329
0.021973,-0.002594,4.9353
0.02182,-0.0015259,4.939
0.021515,-0.0027466,4.9292
0.021973,-0.0018311,4.928
0.021667,-0.00061035,4.9182
0.021667,0.0035095,4.9207
0.021515,0.0016785,4.9231
0.020905,0.0027466,4.917
0.019836,0.0030518,4.9158
0.019379,0.0038147,4.9243
0.019073,0.0038147,4.9182
0.018768,0.0038147,4.9146
0.018463,0.0039673,4.9109
0.017548,0.0013733,4.9158
0.0177,0.0022888,4.9084
0.018616,0.0019836,4.9109
0.020599,0.0010681,4.9121
0.019836,0.00045776,4.9121
0.019836,0.00030518,4.9072
0.019379,-0.00030518,4.9109
0.018463,-0.00030518,4.9182
0.017548,-0.0022888,4.9109
0.016632,-0.0028992,4.9158
0.018311,-0.0012207,4.9146
0.016479,-0.0039673,4.9048
0.016022,-0.0038147,4.9146
0.016174,-0.0036621,4.9133
0.012665,-0.0039673,4.9146
0.015717,-0.0045776,4.9194
0.016479,-0.0053406,4.917
0.01709,-0.0090027,4.9231
0.017242,-0.0042725,4.9268
0.018005,-0.0033569,4.928
0.017853,-0.0028992,4.928
0.018311,-0.0027466,4.9329
0.019989,-0.0039673,4.9304
0.020752,-0.0050354,4.9353
0.021667,-0.0047302,4.9451
0.021973,-0.0030518,4.9365
0.02182,-0.0013733,4.9304
0.022125,0.0015259,4.9329
0.023041,0.0035095,4.9268
0.02243,0.002594,4.9329
0.023804,0.004425,4.9353
0.023651,0.0030518,4.9365
0.022583,0.0022888,0.067139
0.021667,0.0013733,0.062256
0.022125,0.00030518,0.067139
0.02243,-0.00045776,0.058594
0.02243,-0.0024414,0.059814
0.02182,-0.0038147,0.053711
0.020294,-0.0045776,0.056152
0.018921,-0.0047302,0.05249
0.019836,-0.0038147,0.05249
0.017548,-0.0019836,0.05249
0.017548,-0.00015259,0.05249
0.018921,0.0010681,0.045166
0.017395,0.0013733,0.048828
0.016937,-0.0013733,0.059814
0.0177,-0.0019836,0.043945
0.017395,-0.0048828,0.047607
0.018311,-0.0028992,0.041504
0.019379,-0.0022888,0.040283
0.018311,-0.0012207,0.039063
0.017395,-0.0010681,0.039063
0.015106,-0.0018311,0.036621
0.01358,-0.0028992,0.040283
0.013123,-0.0036621,0.037842
0.013733,-0.0045776,0.036621
0.014038,-0.0039673,0.036621
0.014496,-0.0035095,0.041504
0.014191,-0.0032043,0.040283
0.014801,-0.0038147,0.042725
0.016022,-0.0042725,0.050049
0.017853,-0.0042725,0.046387
0.01709,-0.0041199,0.053711
0.021057,-0.002594,0.046387
0.021973,-0.00076294,0.042725
0.021057,0.00030518,0.05249
0.018616,0,0.056152
0.018616,-0.00045776,0.05249
0.017548,-0.0013733,0.061035
0.017853,-0.0019836,0.058594
0.018158,-0.0032043,0.059814
0.019531,-0.0030518,0.059814
0.019836,-0.0038147,0.062256
0.019379,-0.0039673,0.058594
0.018921,-0.004425,0.063477
0.019684,-0.0047302,0.062256
0.020294,-0.0035095,0.064697
0.021667,-0.0012207,0.064697
0.018921,0.00015259,0.065918
0.0177,0.0019836,0.070801
0.016785,0.0032043,0.06958
0.016022,0.0039673,0.076904
0.014496,0.0033569,0.064697
0.014648,0.0032043,0.054932
0.016174,0.0050354,0.059814
0.018616,0.0019836,0.058594
0.021057,0.0019836,0.054932
0.022736,0.0019836,0.043945
0.023499,0.00061035,0.046387
0.023804,0.0010681,0.05127
0.022583,0.0016785,0.050049
0.02243,0.0012207,0.050049
0.021515,0.0010681,0.050049
0.021667,0.00015259,0.047607
0.021057,-0.0010681,0.042725
0.02182,-0.0018311,0.042725
0.02182,-0.002594,0.056152
0.02182,-0.0022888,0.041504
0.022736,-0.0016785,0.036621
0.023956,-0.0016785,0.041504
0.02533,-0.00045776,0.024414
0.026093,0.00045776,0.039063
0.025787,0.0012207,0.039063
0.024261,0.0015259,0.036621
0.022583,0.00061035,0.037842
0.020599,0.00030518,0.037842
0.019684,-0.00076294,0.041504
0.019379,-0.0012207,0.037842
0.020599,-0.0013733,0.043945
0.02121,-0.0010681,0.041504
0.023041,-0.00076294,0.047607
0.023651,-0.00045776,0.047607
0.024719,-0.00030518,0.05249
0.025177,0.00015259,0.053711
0.025482,0.00076294,0.058594
0.026398,0.0018311,0.061035
0.027618,0.0036621,0.059814
0.028381,0.0042725,0.074463
0.027924,0.0047302,0.061035
0.027466,0.0047302,0.048828
0.027313,0.0047302,0.058594
0.027466,0.0035095,0.062256
0.028534,0.0028992,0.059814
0.028992,0.002594,0.062256
0.03006,0.0010681,0.059814
0.029755,-0.0022888,0.062256
0.028534,-0.00045776,0.063477
0.027618,-0.0012207,0.067139
0.02533,-0.0010681,0.064697
0.024567,-0.0010681,0.064697
0.023499,-0.0010681,0.059814
0.021057,-0.0015259,0.063477
0.023346,-0.0010681,0.064697
0.022736,-0.0018311,0.057373
0.022736,-0.0018311,0.057373
0.022125,-0.0018311,0.05249
0.019836,-0.0012207,0.050049
0.023041,-0.00091553,0.047607
0.023346,-0.00015259,0.048828
0.023651,0.00030518,0.040283
0.023804,-0.00091553,0.045166
0.024414,0,0.046387
0.024567,-0.00030518,0.042725
0.024261,0.00061035,0.041504
0.026093,0.0015259,0.043945
0.027313,0.0030518,0.037842
0.028687,0.0036621,0.041504
0.030212,0.0028992,0.037842
0.030365,0.0022888,0.042725
0.029755,0.0027466,1.0876
0.028229,0.0027466,4.6875
0.027924,0.0042725,4.8999
0.027771,0.0050354,4.9084
0.027924,0.0061035,4.9158
0.028229,0.0061035,4.9109
0.027771,0.0056458,4.8975
0.027008,0.0041199,4.9109
0.027008,0.0033569,4.9158
0.026703,0.002594,4.917
0.027313,0.0027466,4.9194
0.027466,0.0036621,4.9182
0.027313,0.0042725,4.9231
0.026703,0.0054932,4.9268
0.025482,0.0048828,4.9268
0.024261,0.0036621,4.9268
0.023193,0.0035095,4.9341
0.023804,0.0038147,4.9304
0.022888,0.0048828,4.928
0.022125,0.005188,4.939
0.021515,0.0050354,4.9316
0.020905,0.0035095,4.9304
0.019379,0.0010681,4.9341
0.019073,-0.00015259,4.9414
0.019379,0.0024414,4.939
0.020294,-0.00076294,4.917
0.020142,0,4.9341
0.020142,0.00045776,4.9316
0.016937,0.00015259,4.9316
0.019379,-0.00030518,4.9341
0.019684,-0.00045776,4.9304
0.020447,-0.0038147,4.9292
0.021973,-0.00061035,4.9243
0.022278,-0.00015259,4.9304
0.022736,-0.00076294,4.9194
0.024261,-0.0012207,4.9207
0.024261,-0.0027466,4.9207
0.024261,-0.0032043,4.9194
0.025024,-0.0033569,4.928
0.02655,-0.0016785,4.917
0.026703,-0.0018311,4.9207
0.027313,-0.0015259,4.9133
0.026703,-0.00076294,4.8987
0.026703,0,4.9133
0.026093,-0.00091553,4.9097
0.025635,-0.00091553,4.906
0.025482,-0.00061035,4.9109
0.02655,0.00061035,4.9109
0.026855,0.0012207,4.9097
0.026703,0.002594,4.906
0.025787,0.0015259,4.9084
0.025024,0.0019836,4.9097
0.024261,0.0015259,4.9133
0.024109,0.0012207,4.9133
0.025635,0.0018311,4.9158
0.023651,0.0022888,4.9133
0.023499,0.0028992,4.9146
0.022888,0.0032043,4.9133
0.022888,0.0021362,4.9207
0.022278,0.0024414,4.9255
0.021973,0.0016785,4.9255
0.023651,0.0016785,4.9231
0.023651,0.0019836,4.9255
0.023956,0.0032043,4.9304
0.023499,0.0038147,4.9316
0.020142,0.0035095,4.9304
0.02182,0.0024414,4.9268
0.02121,0.00015259,4.928
0.020752,-0.00015259,4.928
0.021973,-0.00045776,4.9304
0.021667,0.0010681,4.9292
0.02182,0.0024414,4.9304
0.021057,0.00076294,4.9329
0.019836,0.0038147,4.9365
0.019836,0.0038147,4.9475
0.020294,0.0030518,4.9377
0.02121,0.0041199,4.9365
0.022125,0.0048828,4.9329
0.022125,0.0062561,4.9133
0.022125,0.0061035,4.9292
0.02121,0.0053406,4.9304
0.02121,0.0041199,4.9255
0.02121,0.0021362,4.9121
0.02182,-0.00076294,4.9182
0.020599,-0.00030518,4.9194
0.019989,0.00045776,4.917
0.019379,0.0039673,4.9194
0.017548,0.0059509,4.9146
0.016632,0.0071716,4.917
0.015564,0.0067139,4.9158
0.014801,0.0067139,4.9158
0.015259,0.0036621,4.9133
0.014954,0.0047302,4.9133
0.01709,0.005188,4.9097
0.017548,0.0068665,4.9121
0.0177,0.0045776,4.9048
0.0177,0.0076294,4.9097
0.017548,0.0059509,4.9023
0.018463,0.0042725,4.9146
0.017548,0.0027466,4.9084
0.016327,0.0019836,4.9084
0.015411,0.0019836,4.9121
0.010223,0.0024414,4.9097
0.012817,0.0022888,4.9109
0.013428,0.0030518,4.9133
0.014801,0.0018311,4.9207
0.014496,0.0024414,4.9194
0.017395,0.0036621,4.9255
0.018616,0.0036621,0.067139
0.019684,0.0024414,0.058594
0.019379,0.0032043,0.064697
0.018616,0.0015259,0.061035
0.017548,-0.00091553,0.072021
0.017242,0.00015259,0.061035
0.016022,-0.0032043,0.050049
0.015259,-0.0030518,0.062256
0.013428,-0.0019836,0.058594
0.012054,-0.0010681,0.061035
0.011444,-0.00091553,0.063477
0.011139,-0.00030518,0.059814
0.012054,-0.00015259,0.064697
0.013885,0.0022888,0.065918
0.01709,0.0039673,0.068359
0.018616,0.0041199,0.063477
0.019684,0.0032043,0.065918
0.019989,0.0030518,0.063477
0.019379,0.0019836,0.064697
0.018921,0.00076294,0.062256
0.018616,-0.00030518,0.058594
0.018158,-0.00061035,0.056152
0.0177,0.00015259,0.05127
0.016632,0.0012207,0.056152
0.015564,0.0028992,0.047607
0.014954,0.0042725,0.047607
0.014954,0.0056458,0.042725
0.015564,0.0054932,0.047607
0.017548,0.004425,0.043945
0.019531,0.0057983,0.045166
0.021515,0.0050354,0.040283
0.02121,0.0050354,0.042725
0.02182,0.0054932,0.037842
0.019989,0.0042725,0.037842
0.018158,0.0015259,0.041504
0.016937,-0.0010681,0.042725
0.015411,-0.0030518,0.037842
0.013123,-0.0038147,0.041504
0.010986,-0.0039673,0.05249
0.0093079,-0.004425,0.037842
0.0073242,-0.0048828,0.050049
0.0076294,-0.0065613,0.041504
0.0083923,-0.0071716,0.026855
0.01236,-0.0073242,0.041504
0.01297,-0.0057983,0.045166
0.015106,-0.0050354,0.047607
0.016479,-0.0030518,0.05127
0.018005,-0.0032043,0.050049
0.018921,-0.0045776,0.057373
0.019684,-0.0061035,0.056152
0.02121,-0.0062561,0.058594
0.02182,-0.0079346,0.057373
0.021515,-0.0068665,0.062256
0.020447,-0.0056458,0.063477
0.020142,-0.0045776,0.053711
0.020599,-0.005188,0.070801
0.022736,-0.0059509,0.061035
0.023651,-0.0054932,0.059814
0.02533,-0.0048828,0.063477
0.026093,-0.0032043,0.073242
0.027313,-0.0016785,0.062256
0.027466,-0.0012207,0.079346
0.028687,-0.0016785,0.067139
0.028076,-0.0035095,0.067139
0.02594,-0.0057983,0.061035
0.023041,-0.0041199,0.062256
0.019989,-0.0039673,0.057373
0.017242,-0.0019836,0.057373
0.014648,-0.00076294,0.05249
0.013123,0.0013733,0.054932
0.011597,0.0018311,0.050049
0.011139,0.00045776,0.05249
0.011139,-0.00030518,0.05249
0.011139,-0.0019836,0.048828
0.011749,-0.0028992,0.056152
0.01297,-0.0039673,0.043945
0.014191,-0.0054932,0.054932
0.015411,-0.0071716,0.042725
0.016479,-0.0099182,0.032959
0.015869,-0.010834,0.040283
0.015717,-0.011597,0.039063
0.014801,-0.0097656,0.037842
0.014038,-0.0065613,0.040283
0.014343,-0.0033569,0.037842
0.014801,-0.0013733,0.039063
0.015411,0.00045776,0.037842
0.016632,0.00045776,0.041504
0.018158,0.0015259,0.037842
0.019836,0.00091553,0.041504
0.02121,0.0022888,0.042725
0.021057,0.0022888,0.043945
0.021515,0.0027466,0.043945
0.020294,0.0018311,0.048828
0.019226,-0.0015259,0.048828
0.020142,-0.005188,0.047607
0.017395,-0.0053406,0.056152
0.016174,-0.0061035,0.057373
0.015106,-0.0071716,0.048828
0.016022,-0.0090027,0.053711
0.015106,-0.010223,0.058594
0.014191,-0.009613,0.061035
0.013275,-0.0056458,0.059814
0.014648,-0.0035095,0.057373
0.014343,-0.00061035,0.063477
0.015259,0.0021362,0.059814
0.016022,0.0015259,0.062256
0.016632,0.0047302,0.061035
0.018311,0.0059509,0.065918
0.019226,0.0050354,0.063477
0.020599,0.005188,0.067139
0.021973,0.0047302,0.079346
0.023499,0.0028992,0.067139
0.024872,0.0041199,0.065918
0.025177,0.0030518,0.063477
0.024261,0.0016785,0.041504
0.022278,-0.0012207,0.056152
0.02182,-0.0033569,0.056152
0.023804,-0.0057983,0.05249
0.025482,-0.005188,0.44678
0.027924,-0.0030518,4.657
0.028687,-0.0013733,4.8987
0.028992,-0.0015259,4.9121
0.028992,-0.00061035,4.9146
0.028534,-0.0015259,4.9146
0.028839,-0.0019836,4.906
0.028229,-0.00045776,4.9133
0.029144,0.00030518,4.9146
0.026093,0.00091553,4.9097
0.027008,-0.00030518,4.9121
0.026093,-0.0018311,4.9146
0.02533,-0.0047302,4.9109
0.024719,-0.0073242,4.9133
0.024261,-0.0083923,4.9084
0.026093,-0.0061035,4.8999
0.027008,-0.0022888,4.9084
0.028534,0.00076294,4.9097
0.027008,0.0042725,4.9109
0.026855,0.0030518,4.9121
0.02594,0.0010681,4.9097
0.02533,-0.00030518,4.9121
0.02655,0.0010681,4.9146
0.026703,0.0028992,4.9194
0.025635,0.0035095,4.9158
0.027466,0.004425,4.9268
0.026703,0.0027466,4.9268
0.026093,0.00015259,4.9304
0.024414,-0.00030518,4.9402
0.025635,0,4.9341
0.027466,0.0018311,4.9341
0.027008,0.0028992,4.9304
0.027771,0.0059509,4.9292
0.026703,0.0053406,4.9316
0.026245,0.0033569,4.9207
0.026093,0.0022888,4.9255
0.026093,-0.00091553,4.9304
0.026855,0.00061035,4.9341
0.026398,0.0013733,4.9377
0.02533,0.002594,4.9341
0.025635,0.0033569,4.939
0.024567,0.0021362,4.9316
0.023346,0.0018311,4.9353
0.023651,0.0022888,4.9316
0.024567,0.0042725,4.9304
0.025024,0.0059509,4.9268
0.025635,0.0065613,4.9292
0.02533,0.0057983,4.9365
0.025024,0.0061035,4.9255
0.025177,0.0042725,4.9316
0.02533,0.0033569,4.9207
0.026703,0.00091553,4.9121
0.027466,0.0012207,4.9097
0.026245,0.0015259,4.9182
0.025024,0.0022888,4.917
0.024719,0.0021362,4.9121
0.023804,0.0010681,4.9072
0.024261,0.00061035,4.9121
0.024872,0.0015259,4.9084
0.026093,0.0042725,4.9084
0.027161,0.0065613,4.9097
0.028229,0.0079346,4.9158
0.027466,0.009613,4.9109
0.027008,0.0088501,4.9182
0.026703,0.0071716,4.9207
0.026245,0.0064087,4.9097
0.026245,0.0085449,4.9121
0.026093,0.010529,4.9121
0.02533,0.012512,4.8987
0.024414,0.012665,4.917
0.023499,0.011292,4.9097
0.023499,0.0082397,4.917
0.023193,0.0050354,4.9207
0.023804,0.0024414,4.9231
0.025177,0.0028992,4.9255
0.026093,0.0027466,4.928
0.024261,0.0030518,4.9316
0.026703,0.0015259,4.9292
0.026703,-0.00015259,4.9304
0.026855,-0.0016785,4.9329
0.026855,-0.0030518,4.9353
0.027008,-0.0028992,4.9304
0.028687,-0.0016785,4.9304
0.027161,0,4.9377
0.027008,-0.00030518,4.9377
0.025482,-0.00091553,4.9451
0.024872,-0.0018311,4.9243
0.023956,-0.0054932,4.928
0.025482,-0.0016785,4.9353
0.026245,-0.00091553,4.9316
0.026398,0.00091553,4.9316
0.024719,0.0033569,4.9207
0.023956,0.00076294,4.928
0.023041,-0.0013733,4.9292
0.022888,-0.0038147,4.9207
0.023651,-0.0047302,4.9255
0.024261,-0.0048828,4.9219
0.024109,-0.0038147,4.9133
0.023651,-0.002594,4.9158
0.022583,-0.0018311,4.9219
0.02243,-0.0016785,4.9194
0.022736,-0.0028992,4.9146
0.023499,-0.0035095,4.9182
0.024109,-0.0048828,4.9109
0.025177,-0.0048828,4.9036
0.025482,-0.004425,4.9133
0.024872,-0.0042725,4.9084
0.023804,-0.0047302,4.9048
0.023651,-0.0047302,0.042725
0.023804,-0.0050354,0.039063
0.025024,-0.0050354,0.039063
0.025482,-0.0030518,0.037842
0.025177,-0.00091553,0.039063
0.025482,0.0018311,0.037842
0.023804,0.0032043,0.042725
0.024567,0.0028992,0.042725
0.024261,0.0021362,0.047607
0.024872,0.00076294,0.043945
0.025024,0,0.05249
0.025482,0.00015259,0.05127
0.024414,0.00015259,0.05249
0.022888,0.00045776,0.063477
0.021057,-0.00061035,0.056152
0.019226,-0.0019836,0.045166
0.018768,-0.0039673,0.058594
0.019226,-0.0050354,0.059814
0.019989,-0.004425,0.057373
0.020294,-0.0030518,0.062256
0.019531,-0.002594,0.053711
0.019073,-0.0033569,0.061035
0.019073,-0.0028992,0.061035
0.019531,-0.0030518,0.062256
0.019989,-0.0027466,0.059814
0.022125,-0.0012207,0.067139
0.02243,0.00045776,0.064697
0.020447,0.0022888,0.06958
0.019073,0.0033569,0.080566
0.017548,0.0028992,0.065918
0.016174,0.0038147,0.062256
0.015564,0.0028992,0.062256
0.015717,0.004425,0.037842
0.015411,0.0048828,0.057373
0.013733,0.005188,0.056152
0.01236,0.0050354,0.05127
0.010681,0.0045776,0.05127
0.010376,0.0035095,0.045166
0.010529,0.0030518,0.05127
0.010834,0.0019836,0.047607
0.012665,0.0012207,0.046387
0.012817,0.0018311,0.046387
0.011749,0.0027466,0.041504
0.010681,0.0036621,0.042725
0.010223,0.004425,0.043945
0.010376,0.004425,0.041504
0.010834,0.0036621,0.042725
0.013275,0.0021362,0.043945
0.013885,0.0016785,0.042725
0.014038,0.0016785,0.048828
0.01297,0.0021362,0.037842
0.011292,0.0021362,0.0354
0.010529,0.0018311,0.037842
0.010834,0,0.040283
0.011444,-0.00015259,0.040283
0.012512,-0.00030518,0.042725
0.012817,-0.00045776,0.041504
0.014648,0.00015259,0.043945
0.011749,0.00061035,0.045166
0.010681,0.00091553,0.054932
0.011444,0.0018311,0.050049
0.013733,0.0016785,0.056152
0.016327,0.0016785,0.059814
0.017242,0.002594,0.059814
0.017242,0.0032043,0.072021
0.016785,0.0041199,0.063477
0.016022,0.0048828,0.067139
0.016479,0.0047302,0.063477
0.017853,0.0038147,0.059814
0.020142,0.0028992,0.062256
0.020905,0.0024414,0.059814
0.021515,0.0018311,0.059814
0.020599,0.0022888,0.062256
0.018463,0.0021362,0.063477
0.0177,0.0027466,0.067139
0.017395,0.0021362,0.063477
0.020294,0.0013733,0.06958
0.019226,0.0022888,0.062256
0.019073,0.0035095,0.063477
0.017548,0.0054932,0.062256
0.016327,0.005188,0.059814
0.014496,0.0056458,0.053711
0.015259,0.0054932,0.053711
0.017242,0.005188,0.064697
0.018311,0.0047302,0.047607
0.019531,0.0045776,0.053711
0.018616,0.0050354,0.045166
0.015869,0.0038147,0.042725
0.01297,0.0035095,0.045166
0.011292,0.0022888,0.046387
0.011597,-0.00030518,0.040283
0.015411,0.00030518,0.041504
0.016632,-0.0013733,0.036621
0.017548,-0.0021362,0.042725
0.016937,-0.0032043,0.037842
0.016479,-0.0045776,0.0354
0.016327,-0.0045776,0.037842
0.01709,-0.0042725,0.041504
0.018616,-0.0038147,0.039063
0.019073,-0.0028992,0.041504
0.019684,-0.0024414,0.048828
0.017548,-0.0015259,0.041504
0.015259,-0.00061035,0.040283
0.013885,-0.00045776,0.041504
0.013275,0.0018311,0.0354
0.015869,0.0030518,0.045166
0.017548,0.0042725,0.062256
0.02182,0.0056458,0.050049
0.023499,0.0073242,0.05127
0.024414,0.0047302,0.056152
0.022888,0.0039673,0.057373
0.022125,0.0035095,0.057373
0.022888,0.0042725,0.064697
0.023804,0.0035095,0.059814
0.024261,0.0024414,0.062256
0.023956,0.0018311,0.061035
0.022125,0.0024414,0.061035
0.020294,0.00045776,0.058594
0.018005,0.0012207,2.8809
0.019073,0.0024414,4.8132
0.020905,0.0042725,4.9255
0.023193,0.0054932,4.9414
0.024109,0.0064087,4.9365
0.025482,0.0057983,4.9219
0.020447,0.005188,4.9365
0.018616,0.0042725,4.9329
0.016785,0.0036621,4.9292
0.018005,0.0054932,4.9304
0.019379,0.0038147,4.9243
0.018768,0.0028992,4.928
0.017395,0.0013733,4.9194
0.015411,-0.0015259,4.9243
0.013428,-0.0021362,4.917
0.01236,-0.0027466,4.9194
0.013275,-0.0015259,4.9194
0.015717,0.00030518,4.9207
0.018616,0.0013733,4.9158
0.019379,0.0016785,4.9158
0.021515,0.0015259,4.9219
0.019684,0.00061035,4.9146
0.018311,0,4.9109
0.018463,-0.00015259,4.9097
0.020294,0.0015259,4.9121
0.020905,0.00045776,4.9097
0.023499,-0.00076294,4.906
0.022888,-0.0010681,4.9097
0.019836,-0.0022888,4.9097
0.018921,-0.0013733,4.906
0.016937,0.00091553,4.9072
0.018158,0.0024414,4.9084
0.019073,0.0039673,4.9158
0.020905,0.0022888,4.9133
0.022125,-0.00030518,4.9158
0.020752,-0.0015259,4.9048
0.019226,-0.0024414,4.9207
0.017548,-0.0015259,4.9329
0.016479,0.00030518,4.9219
0.016632,0.0012207,4.928
0.018311,0.00015259,4.9304
0.018158,-0.00091553,4.9182
0.017548,-0.0024414,4.9292
0.015411,-0.0027466,4.9304
0.01236,-0.0010681,4.9304
0.01297,0.0015259,4.9292
0.015564,0.0032043,4.9268
0.019836,0.0024414,4.9329
0.023804,-0.00030518,4.9304
0.025177,-0.0035095,4.9341
0.023956,-0.005188,4.928
0.021057,-0.0050354,4.9365
0.020142,-0.0027466,4.9353
0.02121,-0.00076294,4.9353
0.022888,-0.00061035,4.9414
0.025482,-0.0015259,4.9377
0.026703,-0.0035095,4.9329
0.026398,-0.0048828,4.9304
0.025024,-0.0053406,4.9402
0.024414,-0.0033569,4.9255
0.026093,-0.0019836,4.9097
0.029602,-0.0068665,4.9194
0.032196,-0.0036621,4.9182
0.033569,-0.0054932,4.9182
0.032196,-0.0073242,4.9182
0.028839,-0.0074768,4.9133
0.025635,-0.007019,4.9146
0.023804,-0.005188,4.9109
0.024261,-0.005188,4.9158
0.025024,-0.0048828,4.9109
0.026093,-0.0067139,4.917
0.024719,-0.0079346,4.9097
0.022736,-0.0082397,4.9146
0.022278,-0.0071716,4.9219
0.021515,-0.0038147,4.9133
0.023651,-0.0027466,4.9194
0.026855,0.00030518,4.9084
0.029755,-0.00076294,4.8962
0.031586,-0.0028992,4.9109
0.030365,-0.0047302,4.9109
0.028839,-0.0048828,4.9097
0.026703,-0.002594,4.9133
0.02594,0.00045776,4.9109
0.027161,0.0015259,4.9158
0.028381,0.00045776,4.917
0.03006,-0.0013733,4.9243
0.029755,-0.0035095,4.9219
0.029297,-0.0053406,4.9268
0.026093,-0.0038147,4.928
0.02594,-0.0018311,4.9329
0.027008,-0.00030518,4.9316
0.028534,-0.00091553,4.9304
0.03067,-0.0033569,4.9316
0.03067,-0.0054932,4.9329
0.028992,-0.0064087,4.9353
0.027008,-0.0047302,4.9329
0.025787,-0.00091553,4.9194
0.024567,0.002594,4.928
0.02533,0.0042725,4.9329
0.026245,0.004425,4.9341
0.027466,0.0028992,4.9377
0.026093,0.0019836,4.9353
0.024567,0.0016785,4.9365
0.022583,0.0035095,4.9329
0.022888,0.0047302,4.9304
0.024261,0.0032043,4.9341
0.026398,0.002594,4.9268
0.028229,-0.00030518,4.9231
0.028534,-0.002594,0.056152
0.026855,-0.0035095,0.067139
0.02594,-0.0021362,0.050049
0.023956,-0.00015259,0.05249
0.023651,0.0018311,0.047607
0.024261,0.0032043,0.030518
0.024261,0.0024414,0.043945
0.024719,0.00076294,0.043945
0.023041,0.00091553,0.042725
0.021515,0.0012207,0.043945
0.020752,0.0041199,0.037842
0.020905,0.0064087,0.042725
0.021667,0.0088501,0.040283
0.024567,0.0094604,0.040283
0.02655,0.0085449,0.039063
0.026855,0.007782,0.041504
0.02533,0.0080872,0.040283
0.023651,0.0088501,0.043945
0.022888,0.010986,0.043945
0.023193,0.014801,0.032959
0.024872,0.011292,0.040283
0.024109,0.009613,0.045166
0.023499,0.0074768,0.041504
0.020599,0.0057983,0.046387
0.019073,0.0067139,0.046387
0.018005,0.0086975,0.050049
0.018005,0.0097656,0.056152
0.019836,0.01358,0.05249
0.022736,0.0088501,0.058594
0.024261,0.0061035,0.058594
0.025024,0.0048828,0.061035
0.024261,0.0035095,0.058594
0.021973,0.0050354,0.064697
0.020752,0.0067139,0.061035
0.021362,0.0071716,0.061035
0.022888,0.0042725,0.062256
0.023499,0.0016785,0.063477
0.023346,0.00076294,0.072021
0.02243,-0.0030518,0.065918
0.020294,0.0036621,0.073242
0.019531,0.0056458,0.064697
0.020752,0.0053406,0.05127
0.022125,0.0013733,0.064697
0.023651,-0.0015259,0.063477
0.025024,-0.0050354,0.059814
0.024109,-0.0057983,0.059814
0.023346,-0.0030518,0.053711
0.02182,-0.00015259,0.058594
0.022125,0.0042725,0.05127
0.023193,0.0068665,0.054932
0.025024,0.0059509,0.043945
0.024872,0.0022888,0.050049
0.024719,0.00045776,0.05127
0.024109,-0.0022888,0.046387
0.023041,0.00015259,0.046387
0.022278,0.0018311,0.048828
0.023499,0.0032043,0.043945
0.024567,0.0033569,0.040283
0.026855,0.0012207,0.041504
0.027771,-0.0010681,0.039063
0.027771,-0.0019836,0.046387
0.026245,-0.0013733,0.0354
0.025635,0.00091553,0.039063
0.024414,0.0033569,0.041504
0.02182,0.00015259,0.040283
0.023499,0.0038147,0.036621
0.023804,0.0021362,0.041504
0.02243,0.00045776,0.037842
0.02182,-0.0027466,0.042725
0.019073,-0.0030518,0.042725
0.0177,-0.0027466,0.045166
0.017548,-0.002594,0.046387
0.019073,-0.0016785,0.047607
0.020752,-0.0012207,0.062256
0.022736,0,0.054932
0.022278,-0.00030518,0.061035
0.020294,0.00015259,0.057373
0.019684,0.0015259,0.042725
0.019836,0.0013733,0.058594
0.019989,0.0021362,0.062256
0.02243,0,0.061035
0.02243,-0.0012207,0.059814
0.02243,-0.0022888,0.061035
0.023499,-0.0024414,0.062256
0.021667,-0.00091553,0.062256
0.021973,0.0021362,0.065918
0.022583,0.0038147,0.062256
0.024261,0.0022888,0.067139
0.024872,0.0016785,0.064697
0.024261,0.00030518,0.068359
0.022583,-0.0010681,0.072021
0.020142,0.0013733,0.065918
0.0177,0.0035095,0.063477
0.015564,0.0036621,0.065918
0.012665,0.0033569,0.070801
0.013275,0.00076294,0.05249
0.01297,-0.0012207,0.0354
0.012512,-0.0015259,0.05127
0.01297,-0.00030518,0.047607
0.011902,0.0016785,0.046387
0.011139,0.0041199,0.045166
0.010986,0.0050354,0.043945
0.012054,0.0030518,0.046387
0.012665,0.00076294,0.041504
0.01358,-0.0015259,0.041504
0.014191,-0.0053406,0.037842
0.013733,-0.002594,0.042725
0.01236,-0.00030518,0.041504
0.01236,0.0013733,0.040283
0.013733,0.0013733,0.048828
0.015411,0.00091553,0.041504
0.015717,-0.00030518,0.047607
0.016174,-0.00061035,0.037842
0.016632,-0.00061035,0.026855
0.01709,0.00045776,0.037842
0.017242,0.0024414,0.036621
0.019379,0.0024414,0.037842
0.018768,0.0013733,1.2219
0.018616,0.0010681,4.6997
0.01709,-0.00015259,4.8975
0.015106,0.00091553,4.9121
0.014801,0.0021362,4.9231
0.014191,0.0032043,4.9158
0.014191,0.0041199,4.9292
0.015717,0.004425,4.928
0.016632,0.0022888,4.9292
0.017548,0.00015259,4.928
0.016174,-0.0018311,4.9341
0.016327,-0.0030518,4.9304
0.015106,-0.002594,4.9316
0.013885,-0.0010681,4.9402
0.014954,0,4.9341
0.015106,0.00045776,4.917
0.015411,0.00015259,4.9304
0.015106,-0.00091553,4.9341
0.01358,-0.0010681,4.9329
0.014191,0.00061035,4.9353
0.013123,0.0019836,4.9341
0.014496,0.0041199,4.9377
0.016327,0.0039673,4.9329
0.0177,0.002594,4.9316
0.019989,0.00061035,4.928
0.020447,-0.00045776,4.9304
0.020142,0.0010681,4.9255
0.018921,0.0032043,4.9268
0.018005,0.0054932,4.9329
0.018311,0.0064087,4.9182
0.019836,0.0057983,4.917
0.021362,0.0041199,4.9182
0.023041,0.0018311,4.9036
0.023499,0.0010681,4.9109
0.023804,0.0022888,4.9158
0.024109,0.0039673,4.9146
0.021515,0.0059509,4.9133
0.024109,0.0059509,4.9121
0.022583,0.0036621,4.9109
0.02182,0.00030518,4.9109
0.019379,-0.0050354,4.9133
0.017853,-0.0045776,4.906
0.016327,-0.0041199,4.9146
0.015869,-0.0059509,4.9097
0.016632,-0.0019836,4.9121
0.016022,-0.002594,4.9097
0.015717,-0.0035095,4.9121
0.016632,-0.005188,4.9158
0.016479,-0.0048828,4.9133
0.016632,-0.002594,4.9255
0.016937,0.00045776,4.917
0.018158,0.0015259,4.9109
0.018921,0.00045776,4.9194
0.019684,-0.0022888,4.9182
0.020752,-0.0048828,4.9207
0.023193,-0.005188,4.9268
0.02243,-0.0035095,4.9243
0.023193,-0.0010681,4.9304
0.025177,0.0010681,4.9304
0.026245,0.0016785,4.9329
0.027924,0.00045776,4.9292
0.028839,-0.00030518,4.9329
0.03006,-0.00061035,4.9292
0.028992,0.0013733,4.9329
0.029144,0.0035095,4.9402
0.027771,0.0057983,4.9377
0.027313,0.0057983,4.9353
0.02655,0.005188,4.9377
0.026245,0.0039673,4.939
0.026245,0.0039673,4.9365
0.026245,0.0041199,4.9353
0.025787,0.0048828,4.9341
0.024414,0.005188,4.9207
0.022736,0.0032043,4.9292
0.021667,0.0035095,4.928
0.020752,0.0015259,4.9219
0.019684,0.0010681,4.9243
0.016937,-0.00076294,4.9207
0.0177,0.0013733,4.9194
0.017395,0.0032043,4.9219
0.017548,0.0013733,4.9219
0.018158,0.0048828,4.9158
0.019226,0.0036621,4.9158
0.020294,0.0021362,4.9329
0.020752,0.0038147,4.9146
0.020447,-0.00045776,4.9207
0.020599,-0.00076294,4.9133
0.020294,-0.00015259,4.9011
0.019684,-0.00045776,4.9084
0.019226,-0.00091553,4.9109
0.018463,-0.0027466,4.9121
0.018616,-0.0036621,4.9097
0.020142,-0.0050354,4.906
0.020599,-0.0028992,4.9084
0.021973,-0.00091553,4.9072
0.023499,0.00061035,4.9121
0.024109,0.00076294,4.9097
0.024261,0.00015259,4.917
0.023956,-0.0015259,4.9158
0.023956,-0.0024414,4.9207
0.023804,-0.0022888,4.9304
0.023499,-0.00076294,4.9194
0.021515,-0.00045776,4.9243
0.021057,-0.00045776,4.928
0.018921,-0.0012207,4.9231
0.018158,-0.0033569,4.9292
0.018158,-0.0045776,4.9341
0.017853,-0.0048828,4.9304
0.018463,-0.0033569,4.928
0.018158,-0.0032043,0.063477
0.018311,0.00015259,0.062256
0.017242,-0.0028992,0.059814
0.01709,-0.0036621,0.061035
0.016479,-0.0050354,0.058594
0.018005,-0.004425,0.063477
0.018005,-0.0035095,0.062256
0.018616,-0.0013733,0.065918
0.018616,-0.00076294,0.068359
0.01709,-0.0012207,0.067139
0.018158,-0.0015259,0.070801
0.018158,-0.0024414,0.061035
0.019684,0.00091553,0.075684
0.02121,-0.0010681,0.057373
0.023041,0.00076294,0.045166
0.025024,0.0016785,0.053711
0.02655,0.0027466,0.05127
0.027771,0.0019836,0.048828
0.027618,0.0016785,0.05249
0.028534,0.00015259,0.045166
0.029907,-0.0047302,0.043945
0.030212,-0.00015259,0.046387
0.030212,0,0.043945
0.029907,-0.00030518,0.042725
0.025177,-0.0015259,0.042725
0.02243,-0.002594,0.042725
0.019836,-0.0038147,0.041504
0.018921,-0.005188,0.042725
0.0177,-0.0045776,0.040283
0.018311,-0.0038147,0.043945
0.018921,-0.004425,0.039063
0.021667,-0.0042725,0.030518
0.019836,-0.0039673,0.039063
0.02121,-0.0033569,0.039063
0.022583,-0.0024414,0.037842
0.024414,-0.0022888,0.043945
0.024719,0.00061035,0.042725
0.02655,0.00030518,0.045166
0.026398,0.0010681,0.050049
0.02594,-0.00030518,0.05249
0.024109,-0.00076294,0.050049
0.023804,-0.0010681,0.057373
0.025024,-0.00045776,0.042725
0.023346,-0.00015259,0.058594
0.023193,-0.00015259,0.057373
0.023193,-0.0012207,0.061035
0.024261,-0.0012207,0.065918
0.025787,-0.0015259,0.062256
0.027466,-0.00091553,0.065918
0.028534,-0.0021362,0.059814
0.03006,-0.00045776,0.047607
0.030212,-0.0016785,0.061035
0.029297,-0.0033569,0.058594
0.02655,-0.0036621,0.063477
0.023346,-0.0050354,0.063477
0.020142,-0.0042725,0.063477
0.018158,-0.0033569,0.067139
0.018616,-0.0013733,0.064697
0.018005,0.00045776,0.063477
0.019226,0.0010681,0.058594
0.022278,0.0010681,0.059814
0.023956,0.00061035,0.054932
0.025635,0.0016785,0.058594
0.027313,0.0024414,0.064697
0.028687,0.0033569,0.050049
0.027618,0.0042725,0.047607
0.028992,0.0042725,0.05127
0.027161,0.0053406,0.03418
0.02533,0.0041199,0.042725
0.023956,0.0050354,0.043945
0.022583,0.0059509,0.041504
0.023041,0.0068665,0.040283
0.023346,0.0067139,0.037842
0.023193,0.0065613,0.041504
0.023499,0.0061035,0.039063
0.023956,0.004425,0.041504
0.024261,0.0062561,0.037842
0.025024,0.0076294,0.042725
0.025787,0.0097656,0.039063
0.027466,0.011139,0.040283
0.028687,0.010529,0.037842
0.025024,0.0097656,0.040283
0.026398,0.007782,0.046387
0.024719,0.0076294,0.045166
0.023956,0.0083923,0.056152
0.023651,0.0085449,0.042725
0.023651,0.0088501,0.040283
0.023041,0.007782,0.050049
0.021515,0.0073242,0.054932
0.020599,0.0067139,0.054932
0.019531,0.0076294,0.057373
0.018616,0.007782,0.057373
0.018463,0.0082397,0.061035
0.01709,0.0091553,0.059814
0.019989,0.0080872,0.064697
0.019684,0.0062561,0.057373
0.018158,0.0042725,0.061035
0.016785,0.002594,0.064697
0.016174,0.0016785,0.063477
0.015411,0.0028992,0.06958
0.014191,0.0028992,0.064697
0.014496,0.0028992,0.063477
0.012817,0.002594,0.065918
0.013733,0.002594,0.074463
0.013885,0.0028992,0.065918
0.015717,0.0033569,0.063477
0.017853,0.0032043,0.058594
0.019989,0.0033569,0.062256
0.022125,0.0028992,0.057373
0.023346,0.0027466,0.056152
0.023651,0.0036621,0.048828
0.024261,0.0036621,0.05249
0.023651,0.0057983,0.046387
0.022125,0.0083923,0.050049
0.022888,0.0093079,0.047607
0.023041,0.009613,0.05127
0.022736,0.010071,0.045166
0.02243,0.0086975,0.047607
0.023041,0.0067139,4.5435
0.02243,0.0056458,4.884
0.022278,0.0045776,4.9146
0.021973,0.0047302,4.9109
0.021667,0.005188,4.8926
0.021515,0.0057983,4.9048
0.02121,0.0061035,4.9121
0.020905,0.0068665,4.9109
0.019684,0.0071716,4.9097
0.019836,0.007782,4.9072
0.019684,0.007782,4.8999
0.020294,0.0071716,4.9097
0.02121,0.0057983,4.9109
0.022888,0.0045776,4.9109
0.020905,0.0028992,4.917
0.02121,0.0022888,4.9133
0.021057,0.0022888,4.9243
0.022125,0.00091553,4.9243
0.022583,0.0033569,4.9194
0.022278,0.0039673,4.9243
0.02182,0.0032043,4.9268
0.021973,0.0024414,4.9353
0.021667,0.0015259,4.9304
0.021057,0.00030518,4.928
0.019836,0.00045776,4.9329
0.020447,0.00030518,4.9292
0.020599,0.0010681,4.9304
0.020599,0.0013733,4.9292
0.019226,0.00061035,4.9292
0.018158,0.00061035,4.9304
0.017853,0.0010681,4.9329
0.018005,0.00015259,4.9365
0.019531,0.0028992,4.9316
0.020905,0.0022888,4.9377
0.02121,0.0016785,4.9329
0.020905,0,4.9353
0.020905,-0.00091553,4.9438
0.020447,-0.0015259,4.9353
0.020752,-0.0012207,4.928
0.020905,-0.00030518,4.9255
0.020447,-0.00061035,4.9121
0.020752,-0.00061035,4.9219
0.019989,-0.00076294,4.9109
0.019684,0.00030518,4.917
0.020142,0.00045776,4.9207
0.020752,-0.00015259,4.9158
0.021515,-0.00061035,4.917
0.021973,-0.00091553,4.9109
0.021973,-0.0013733,4.9158
0.021057,-0.00045776,4.9097
0.017548,-0.0010681,4.9133
0.019836,-0.00061035,4.9109
0.019989,-0.00015259,4.9146
0.020752,-0.00015259,4.9097
0.02121,-0.00030518,4.9109
0.020905,0.00030518,4.9158
0.021057,0.00045776,4.9133
0.02182,0.00015259,4.9133
0.02121,-0.00030518,4.9072
0.020447,-0.0021362,4.9072
0.02182,-0.0013733,4.9084
0.02182,-0.0013733,4.9097
0.021515,-0.0012207,4.9109
0.02121,-0.0024414,4.9182
0.02121,0.00076294,4.9109
0.02182,-0.0027466,4.9194
0.02182,-0.0030518,4.9207
0.02243,-0.0036621,4.9255
0.022125,-0.0030518,4.9231
0.020447,-0.002594,4.9292
0.021057,-0.0024414,4.9255
0.020142,-0.0022888,4.9329
0.019684,-0.0027466,4.9426
0.020447,-0.0021362,4.9304
0.02121,-0.0024414,4.9353
0.021057,-0.0019836,4.9353
0.021973,-0.00030518,4.9182
0.021667,-0.0012207,4.9292
0.022888,-0.0016785,4.9316
0.024567,-0.00030518,4.9329
0.026398,-0.0013733,4.9329
0.026703,-0.00045776,4.9304
0.02655,-0.00015259,4.9377
0.02533,0.0027466,4.9341
0.024261,0.0012207,4.9365
0.023193,0.0016785,4.928
0.022583,0.0021362,4.9341
0.018463,0.0015259,4.9255
0.02182,0.0015259,4.9292
0.022125,0.0019836,4.9304
0.023804,0.0013733,4.9109
0.021362,0.00061035,4.9292
0.022278,0,4.9243
0.021973,-0.00030518,4.928
0.021973,-0.00091553,4.9158
0.021515,-0.0024414,4.9182
0.021515,-0.002594,4.9146
0.020599,-0.0036621,4.9133
0.018921,-0.0038147,4.9109
0.016327,-0.005188,4.9133
0.014648,-0.0064087,4.906
0.013123,-0.0067139,4.9048
0.011292,-0.0062561,4.906
0.011444,-0.0061035,4.9109
0.012054,-0.0061035,4.9097
0.013123,-0.0056458,4.9109
0.014496,-0.005188,4.9109
0.015411,-0.004425,4.9121
0.018311,-0.0032043,4.9207
0.021057,-0.0015259,0.042725
0.02533,-0.00045776,0.05249
0.028381,-0.00030518,0.041504
0.028076,0.00045776,0.036621
0.031586,0.0021362,0.047607
0.028076,0.0010681,0.05127
0.027313,0.0015259,0.05249
0.026245,-0.00091553,0.054932
0.026093,0.0024414,0.054932
0.026093,0.0028992,0.058594
0.02533,0.0042725,0.061035
0.02533,0.0050354,0.064697
0.024567,0.0047302,0.058594
0.023804,0.0042725,0.062256
0.023346,0.0028992,0.063477
0.020599,0.0019836,0.064697
0.023346,-0.00015259,0.064697
0.021667,-0.0015259,0.064697
0.020294,-0.0035095,0.064697
0.016327,-0.0050354,0.065918
0.013123,-0.0064087,0.074463
0.010834,-0.0073242,0.067139
0.0088501,-0.0028992,0.061035
0.0090027,-0.0074768,0.064697
0.0093079,-0.0083923,0.061035
0.011139,-0.0079346,0.057373
0.011749,-0.010681,0.057373
0.013428,-0.0099182,0.053711
0.015259,-0.011444,0.053711
0.017242,-0.01297,0.048828
0.018921,-0.014343,0.053711
0.021515,-0.015259,0.048828
0.023193,-0.014954,0.05127
0.024719,-0.013428,0.045166
0.023499,-0.010986,0.048828
0.024109,-0.0090027,0.047607
0.022888,-0.0065613,0.041504
0.024719,-0.0047302,0.047607
0.026093,-0.0030518,0.042725
0.025482,-0.0012207,0.023193
0.02594,-0.00015259,0.037842
0.024567,0.0010681,0.040283
0.021973,0.00076294,0.039063
0.020599,0.00030518,0.039063
0.017853,-0.00030518,0.037842
0.017548,-0.00076294,0.030518
0.016785,-0.0015259,0.037842
0.016937,0.00091553,0.043945
0.017395,0.0032043,0.039063
0.016785,0.0041199,0.043945
0.015717,0.0057983,0.046387
0.014038,0.0061035,0.048828
0.011597,0.0068665,0.05127
0.012054,0.0074768,0.05127
0.010529,0.0083923,0.05127
0.010071,0.0086975,0.054932
0.0080872,0.0085449,0.063477
0.009613,0.0086975,0.057373
0.009613,0.0086975,0.056152
0.010681,0.007782,0.061035
0.012817,0.0083923,0.061035
0.017853,0.0091553,0.059814
0.019379,0.01236,0.062256
0.022736,0.016632,0.059814
0.025482,0.020142,0.063477
0.028229,0.025482,0.061035
0.030518,0.028839,0.057373
0.032806,0.030518,0.063477
0.036163,0.03067,0.068359
0.039978,0.027466,0.065918
0.041046,0.023651,0.06958
0.042572,0.02121,0.074463
0.041046,0.016937,0.063477
0.039673,0.01236,0.062256
0.036469,0.0080872,0.057373
0.032806,0.0039673,0.043945
0.027924,0.0015259,0.054932
0.021973,-0.00061035,0.046387
0.014496,-0.0024414,0.043945
0.0067139,-0.0047302,0.05127
0.00015259,-0.0073242,0.046387
-0.0041199,-0.011444,0.045166
-0.0068665,-0.015869,0.042725
-0.007019,-0.019989,0.047607
-0.0057983,-0.023651,0.037842
-0.0035095,-0.025635,0.042725
0,-0.024872,0.042725
0.002594,-0.021667,0.042725
0.0071716,-0.016785,0.021973
0.012512,-0.0094604,0.041504
0.018768,0.00045776,0.046387
0.027161,0.0097656,0.039063
0.035553,0.018311,0.048828
0.044098,0.022888,0.039063
0.052032,0.023956,0.030518
0.057831,0.022278,0.039063
0.061798,0.018158,0.037842
0.062866,0.013275,0.041504
0.06073,0.010681,0.043945
0.056458,0.0059509,0.042725
0.051422,0.0030518,0.050049
0.044403,-0.00061035,0.047607
0.037079,-0.0032043,0.054932
0.031738,-0.0039673,0.053711
0.029755,-0.0019836,0.058594
0.027771,0.0027466,0.059814
0.028381,0.0079346,0.062256
0.030823,0.010681,0.076904
0.029602,0.011292,0.062256
0.032043,0.009613,0.059814
0.031281,0.0062561,0.061035
0.026855,0.0042725,0.058594
0.025177,0.0016785,0.057373
0.02121,0,0.062256
0.017853,-0.0024414,0.064697
0.013428,-0.0062561,0.063477
0.014343,-0.011292,0.061035
0.014801,-0.016632,3.9417
0.016174,-0.019836,4.873
0.018768,-0.022278,4.9255
0.022125,-0.020752,4.9194
0.025635,-0.019226,4.9316
0.028992,-0.015106,4.9255
0.031281,-0.012207,4.9255
0.033875,-0.0099182,4.9231
0.035706,-0.0079346,4.9255
0.0383,-0.0033569,4.9292
0.040588,0.0018311,4.9207
0.044098,0.0065613,4.9292
0.046692,0.0086975,4.917
0.048676,0.009613,4.9072
0.04837,0.0057983,4.9158
0.045624,0.00076294,4.9084
0.041962,-0.0042725,4.9109
0.036621,-0.0059509,4.9109
0.032806,-0.0074768,4.9084
0.028076,-0.0068665,4.9121
0.024109,-0.0056458,4.9072
0.020142,-0.004425,4.9109
0.017853,-0.0022888,4.9084
0.017395,0.0013733,4.9133
0.020752,0.005188,4.9011
0.018005,0.0090027,4.9133
0.018921,0.014343,4.9158
0.016174,0.017395,4.9133
0.013275,0.018158,4.9146
0.009613,0.016632,4.9133
0.0068665,0.014191,4.9133
0.007019,0.012207,4.9207
0.0057983,0.011597,4.9207
0.0068665,0.01236,4.9194
0.0071716,0.01236,4.9268
0.0076294,0.011902,4.928
0.0091553,0.010376,4.9207
0.0097656,0.007782,4.9292
0.011292,0.0032043,4.9353
0.013275,0.0057983,4.9316
0.01358,0.0062561,4.9353
0.014343,0.0059509,4.9304
0.014954,0.0048828,4.9329
0.01358,0.0036621,4.9268
0.017548,0.0022888,4.9353
0.018768,0.0010681,4.939
0.020905,0.0024414,4.9426
0.02243,0.0021362,4.9414
0.020447,0.0035095,4.9377
0.016937,0.0041199,4.917
0.011749,0.0030518,4.9329
0.0080872,0.0012207,4.9353
0.0039673,-0.00091553,4.9329
0.0018311,-0.00061035,4.9304
-0.00030518,0.00045776,4.9219
0.0015259,0.0022888,4.928
0.0053406,0.0038147,4.9231
0.010529,0.0064087,4.9243
0.014648,0.0056458,4.9182
0.019684,0.0057983,4.9207
0.022888,0.0057983,4.9182
0.025635,0.0068665,4.9219
0.027008,0.0065613,4.9219
0.026245,0.0073242,4.9158
0.024261,0.0085449,4.9109
0.021362,0.010834,4.917
0.017853,0.0099182,4.8999
0.016327,0.010071,4.9121
0.016327,0.010223,4.9097
0.018768,0.010986,4.9109
0.021667,0.011902,4.9097
0.025482,0.013123,4.9084
0.031433,0.013733,4.9121
0.032349,0.011902,4.9084
0.033112,0.009613,4.9097
0.032959,0.0032043,4.9084
0.033112,-0.0032043,4.917
0.028534,-0.0082397,4.9158
0.024872,-0.012817,4.9158
0.019684,-0.016785,4.917
0.014801,-0.018768,4.9231
0.012054,-0.022278,4.9243
0.0083923,-0.023193,4.9255
0.0082397,-0.024567,4.9377
0.0083923,-0.020599,4.928
0.010986,-0.0177,4.9219
0.01297,-0.01297,4.9316
0.0177,-0.0093079,4.9316
0.02243,-0.0067139,4.9304
0.026245,-0.004425,4.9304
0.029755,-0.0028992,4.9292
0.033569,-0.0019836,4.9341
0.036621,-0.00045776,4.9304
0.037994,0.0012207,4.9353
0.0383,0.0019836,4.9316
0.038757,0.0027466,4.9377
0.03891,0.0047302,4.9341
0.037079,0.0045776,4.9377
0.037384,0.0064087,4.9414
0.036621,0.0091553,4.9341
0.037384,0.011292,4.9304
0.0383,0.01358,4.9292
0.038452,0.015259,4.9255
0.038452,0.016022,4.9255
0.037994,0.017242,4.9207
0.036774,0.018463,4.9194
0.03479,0.020752,4.9207
0.032043,0.022888,4.9207
0.029602,0.023041,4.9182
0.026703,0.024872,4.9146
0.024567,0.022888,0.042725
0.023956,0.020599,0.041504
0.022888,0.017395,0.042725
0.022736,0.014954,0.043945
0.02243,0.012054,0.041504
0.020599,0.010834,0.03418
0.019073,0.0093079,0.042725
0.017853,0.0083923,0.05249
0.016479,0.0068665,0.040283
0.013885,0.0059509,0.05127
0.010986,0.0057983,0.041504
0.0088501,0.0067139,0.030518
0.0085449,0.007019,0.039063
0.0071716,0.0073242,0.039063
0.0057983,0.0074768,0.042725
0.0054932,0.0053406,0.042725
0.005188,0.0028992,0.045166
0.0054932,-0.00030518,0.048828
0.0061035,-0.0019836,0.050049
0.007019,-0.0024414,0.057373
0.0093079,-0.002594,0.054932
0.0099182,-0.0013733,0.059814
0.011139,-0.0012207,0.061035
0.01236,-0.0022888,0.064697
0.013123,-0.0028992,0.075684
0.014191,-0.0035095,0.063477
0.015717,-0.0039673,0.062256
0.015869,-0.0022888,0.063477
0.016327,-0.00045776,0.057373
0.015869,0.00030518,0.061035
0.016174,0.00076294,0.061035
0.016937,0.00030518,0.063477
0.018158,0.00045776,0.065918
0.019531,0.00076294,0.062256
0.021973,0.0021362,0.068359
0.024261,0.0042725,0.064697
0.026245,0.0065613,0.062256
0.027313,0.0061035,0.059814
0.027771,0.0048828,0.063477
0.027618,0.0027466,0.054932
0.026703,0.00045776,0.056152
0.025024,-0.00030518,0.054932
0.024567,-0.0010681,0.050049
0.02121,-0.00076294,0.054932
0.019531,-0.0012207,0.048828
0.018616,-0.0027466,0.061035
0.018311,-0.0041199,0.045166
0.019379,-0.0057983,0.03418
0.019531,-0.0061035,0.043945
0.022125,-0.0056458,0.043945
0.023804,-0.0054932,0.039063
0.023651,-0.0047302,0.039063
0.023956,-0.0054932,0.036621
0.023499,-0.0073242,0.041504
0.023041,-0.0082397,0.036621
0.022583,-0.009613,0.041504
0.022736,-0.0076294,0.0354
0.02243,-0.0057983,0.040283
0.022125,-0.004425,0.043945
0.02243,-0.004425,0.039063
0.023193,-0.0039673,0.048828
0.024414,-0.0045776,0.043945
0.027161,-0.0050354,0.047607
0.028381,-0.005188,0.043945
0.03006,-0.0048828,0.037842
0.030823,-0.0050354,0.05127
0.030975,-0.0050354,0.05127
0.030365,-0.0050354,0.05249
0.028534,-0.0062561,0.056152
0.026703,-0.0065613,0.056152
0.024719,-0.0059509,0.056152
0.023499,-0.0039673,0.058594
0.022278,-0.00045776,0.063477
0.021515,-0.00061035,0.058594
0.020294,0.0015259,0.063477
0.019684,0.0022888,0.059814
0.019989,0.002594,0.063477
0.021515,0.0030518,0.050049
0.023651,0.0036621,0.067139
0.023651,0.0047302,0.072021
0.024719,0.0061035,0.067139
0.024414,0.0071716,0.076904
0.023041,0.0065613,0.068359
0.02121,0.0047302,0.05127
0.018921,0.0036621,0.062256
0.017548,-0.00076294,0.059814
0.017548,-0.0021362,0.057373
0.0177,-0.0022888,0.054932
0.018158,-0.002594,0.048828
0.018158,-0.0039673,0.053711
0.018005,-0.0057983,0.048828
0.019836,-0.0088501,0.03418
0.021973,-0.010834,0.045166
0.026398,-0.011444,0.047607
0.028687,-0.010986,0.042725
0.033875,-0.010223,0.046387
0.032806,-0.0097656,0.047607
0.032349,-0.011139,0.042725
0.031586,-0.013275,0.036621
0.031738,-0.015411,0.037842
0.030975,-0.015259,0.026855
0.031433,-0.013733,0.037842
0.031128,-0.010986,0.0354
0.03006,-0.0088501,0.039063
0.030365,-0.0074768,0.041504
0.03006,-0.007782,0.039063
0.030518,-0.0083923,0.036621
0.030975,-0.0083923,0.037842
0.032959,-0.0053406,0.039063
0.033264,-0.0035095,0.039063
0.034027,-0.0033569,0.042725
0.031738,0.0024414,0.037842
0.028839,0.0019836,0.047607
0.026398,0.0016785,0.05249
0.02182,0.00076294,0.053711
0.020599,0.0018311,0.065918
0.018311,0.0039673,0.059814
0.017395,0.010071,4.408
0.016327,0.0090027,4.895
0.016174,0.0083923,4.9158
0.016632,0.0061035,4.9304
0.016937,0.0019836,4.928
0.018158,0.0018311,4.9292
0.019226,0.0018311,4.9304
0.020752,0.0022888,4.9304
0.02182,0.0019836,4.9341
0.020447,0.00061035,4.9316
0.017853,-0.0010681,4.9353
0.015411,-0.0036621,4.9316
0.013275,-0.0057983,4.9365
0.012665,-0.0042725,4.9365
0.01236,-0.0022888,4.9329
0.012665,0.00015259,4.9365
0.012512,0.00030518,4.9353
0.012054,0.00015259,4.9316
0.011902,-0.0013733,4.9255
0.011749,-0.0041199,4.9329
0.012665,-0.004425,4.9219
0.013275,-0.0039673,4.9268
0.013275,-0.0030518,4.9146
0.013733,-0.0027466,4.9207
0.01236,-0.0016785,4.9158
0.011749,-0.0018311,4.9158
0.011902,-0.002594,4.9048
0.011902,-0.0021362,4.9146
0.014191,0.0010681,4.9097
0.015717,0.0042725,4.9109
0.0177,0.0091553,4.9109
0.019531,0.010071,4.917
0.021057,0.011902,4.9097
0.02121,0.010834,4.9121
0.022583,0.010223,4.9243
0.023651,0.011292,4.9109
0.025024,0.012512,4.9146
0.026703,0.013885,4.9121
0.027161,0.01358,4.8901
0.028687,0.011902,4.9109
0.028687,0.0091553,4.9133
0.029755,0.0061035,4.9158
0.030365,0.004425,4.917
0.030975,0.0041199,4.9231
0.031433,0.0047302,4.9182
0.031891,0.0038147,4.9231
0.03006,0.0012207,4.928
0.028381,-0.0024414,4.9243
0.027161,-0.0061035,4.9219
0.025024,-0.007019,4.9292
0.026855,-0.0073242,4.9329
0.027313,-0.0053406,4.9365
0.027466,0.00030518,4.9316
0.027161,-0.0015259,4.9292
0.027466,-0.0021362,4.9316
0.027008,-0.0024414,4.9414
0.028229,-0.0013733,4.9304
0.028992,-0.0013733,4.928
0.029602,0.0010681,4.9329
0.030518,0.0036621,4.9341
0.029907,0.0059509,4.9329
0.03006,0.0057983,4.939
0.028992,0.0041199,4.9341
0.028992,0.002594,4.9353
0.028687,0.0016785,4.9353
0.028839,0.002594,4.9329
0.028229,0.0036621,4.9255
0.027008,0.005188,4.9255
0.024719,0.0053406,4.9231
0.022888,0.0045776,4.9255
0.02182,0.0033569,4.9304
0.022125,0.0016785,4.9207
0.022583,0.0015259,4.9207
0.022125,0.002594,4.9182
0.021973,0.0042725,4.8975
0.020447,0.0059509,4.9109
0.020447,0.0064087,4.9133
0.019836,0.0053406,4.9121
0.019989,0.0042725,4.9097
0.020905,0.0033569,4.9097
0.021515,0.0032043,4.9146
0.021057,0.0041199,4.9084
0.018616,0.0050354,4.9121
0.019989,0.0054932,4.9048
0.019226,0.0050354,4.9121
0.019531,0.0042725,4.9133
0.019989,0.0038147,4.9133
0.02243,0.0050354,4.9121
0.024719,0.0059509,4.9158
0.024261,0.0064087,4.9133
0.024109,0.0091553,4.9158
0.024261,0.0086975,4.9243
0.022583,0.007782,4.9255
0.023193,0.0064087,4.9207
0.023651,0.0047302,4.9207
0.02533,0.0036621,4.9255
0.025024,0.0041199,4.9194
0.024872,0.0042725,4.9292
0.024719,0.0045776,4.928
0.024414,0.0039673,4.9353
0.025024,0.0030518,4.9316
0.02594,0.0024414,4.9292
0.028534,0.0030518,4.9304
0.029602,0.0047302,4.9353
0.029297,0.0068665,4.9304
0.027313,0.0082397,4.9353
0.02594,0.0085449,4.95
0.024719,0.0073242,4.939
0.024719,0.0038147,4.939
0.026093,0.0042725,4.9377
0.027161,0.0050354,4.9158
0.028534,0.0062561,0.059814
0.027771,0.0082397,0.058594
0.02655,0.0093079,0.057373
0.027008,0.0090027,0.054932
0.027924,0.0071716,0.05127
0.029297,0.0048828,0.053711
0.031433,0.0042725,0.050049
0.031128,0.004425,0.05127
0.028229,0.0054932,0.045166
0.025787,0.0059509,0.050049
0.024261,0.0054932,0.046387
0.024261,0.0071716,0.047607
0.025482,0.0038147,0.045166
0.025635,0.0013733,0.045166
0.027466,0.0018311,0.043945
0.026703,-0.00045776,0.041504
0.024414,-0.00076294,0.039063
0.021362,0.00015259,0.03418
0.018616,-0.0016785,0.026855
0.018158,-0.0012207,0.041504
0.018005,-0.00030518,0.041504
0.018311,-0.0015259,0.036621
0.019226,-0.0028992,0.036621
0.017395,-0.0019836,0.039063
0.016327,-0.00076294,0.041504
0.015411,-0.00015259,0.039063
0.016022,0.0027466,0.046387
0.017853,0.0010681,0.043945
0.018768,-0.0022888,0.048828
0.017853,-0.0027466,0.047607
0.015106,-0.0050354,0.054932
0.013885,-0.0050354,0.064697
0.013275,-0.0027466,0.056152
0.01358,-0.0010681,0.067139
0.016479,0.00076294,0.062256
0.020142,0.0018311,0.05127
0.024414,0.0042725,0.062256
0.026398,0.0054932,0.061035
0.026703,0.0059509,0.065918
0.02533,0.0062561,0.062256
0.024261,0.0042725,0.062256
0.024261,0.0042725,0.063477
0.023651,0.0035095,0.059814
0.026245,0.0019836,0.06958
0.026093,0.0021362,0.064697
0.024719,0.0010681,0.06958
0.023651,0.0015259,0.068359
0.022888,0.0010681,0.068359
0.023804,0.00061035,0.067139
0.025787,0.0033569,0.058594
0.026855,-0.00030518,0.062256
0.027771,0.00076294,0.057373
0.026093,0.0010681,0.062256
0.023346,0.0021362,0.05127
0.019531,0.0024414,0.045166
0.0177,0.0019836,0.047607
0.018463,0.0032043,0.048828
0.018921,0.0032043,0.046387
0.021973,0.0035095,0.045166
0.022125,0.0033569,0.042725
0.02182,0.0010681,0.039063
0.020905,0.00015259,0.040283
0.019073,-0.00091553,0.042725
0.019531,-0.00076294,0.037842
0.021057,-0.0010681,0.040283
0.023499,-0.0018311,0.039063
0.024719,-0.0022888,0.041504
0.025024,-0.0041199,0.054932
0.022736,-0.005188,0.040283
0.020599,-0.004425,0.046387
0.019226,-0.0036621,0.042725
0.018768,-0.0030518,0.015869
0.018005,-0.0042725,0.040283
0.018005,-0.0039673,0.041504
0.016479,-0.0083923,0.042725
0.015106,-0.0039673,0.045166
0.012207,-0.0035095,0.045166
0.011902,-0.0024414,0.05127
0.012817,-0.00076294,0.053711
0.015869,0.00061035,0.056152
0.018463,0.0018311,0.053711
0.020447,0.0024414,0.064697
0.020752,0.00091553,0.061035
0.020599,0.0030518,0.063477
0.020294,0.0038147,0.068359
0.020599,0.0039673,0.063477
0.020294,0.0047302,0.064697
0.022736,0.0038147,0.061035
0.023346,0.0013733,0.075684
0.022278,-0.0013733,0.061035
0.020294,-0.0035095,0.05127
0.019073,-0.0061035,0.062256
0.018463,-0.0074768,0.061035
0.018158,-0.0050354,0.063477
0.020447,-0.0062561,0.065918
0.024414,-0.0065613,0.062256
0.023956,-0.0065613,0.062256
0.022583,-0.0054932,0.058594
0.020142,-0.0056458,0.059814
0.018768,-0.0042725,0.05127
0.019531,-0.0032043,0.047607
0.020447,-0.0016785,0.053711
0.02121,-0.0015259,0.05127
0.02243,-0.0021362,0.058594
0.020905,-0.0032043,0.046387
0.019684,-0.002594,0.046387
0.019531,-0.0015259,0.043945
0.019989,-0.00030518,0.036621
0.021973,0.00045776,0.043945
0.024109,0.0015259,0.039063
0.02594,0.0013733,0.037842
0.02594,0,0.040283
0.027313,-0.00030518,0.037842
0.023651,-0.00091553,0.036621
0.023346,-0.00030518,0.037842
0.023651,0.0015259,1.2903
0.025024,0.0032043,4.6936
0.025787,0.0022888,4.8938
0.026245,0.0015259,4.9084
0.024719,0,4.9146
0.021973,0.00045776,4.9084
0.020599,0.00061035,4.9158
0.019531,0.0024414,4.9182
0.021515,0.004425,4.9158
0.02243,0.0047302,4.9353
0.023499,0.0039673,4.9243
0.024261,0.0038147,4.9097
0.020447,0.005188,4.9231
0.018921,0.0073242,4.9255
0.019073,0.010071,4.9316
0.019379,0.011444,4.9316
0.021973,0.011749,4.928
0.023651,0.011444,4.9353
0.02243,0.0041199,4.9316
0.020294,0.0018311,4.9304
0.016479,-0.00045776,4.9243
0.015411,-0.0015259,4.9329
0.014801,-0.002594,4.9316
0.016327,-0.0045776,4.9316
0.016937,-0.0082397,4.9451
0.016785,-0.012054,4.939
0.015106,-0.013275,4.9341
0.013123,-0.011292,4.939
0.011597,-0.0082397,4.9329
0.012207,-0.007019,4.9304
0.014496,-0.0032043,4.9353
0.0177,-0.0048828,4.928
0.018921,-0.0065613,4.9231
0.019379,-0.0065613,4.9194
0.017853,-0.0047302,4.9231
0.016022,-0.0013733,4.9036
0.015411,0.0012207,4.917
0.017395,0.0028992,4.9158
0.020142,0.0027466,4.9158
0.022736,0.0010681,4.9158
0.024719,-0.00076294,4.9194
0.024719,-0.00061035,4.9109
0.023956,0.0024414,4.9133
0.023651,0.0057983,4.9219
0.023041,0.0090027,4.9133
0.024719,0.0090027,4.9219
0.026093,0.0071716,4.9084
0.027618,0.004425,4.9011
0.026703,0.0019836,4.9121
0.025024,0.0012207,4.9109
0.02243,0.0016785,4.9097
0.021057,0.0032043,4.9097
0.022736,0.0035095,4.9097
0.023651,0.0033569,4.9121
0.024261,0.0030518,4.9109
0.023346,0.0041199,4.9207
0.020905,0.0065613,4.9182
0.020599,0.010834,4.9243
0.02121,0.016327,4.9268
0.023499,0.020752,4.9268
0.026703,0.023651,4.9341
0.030518,0.023499,4.928
0.032196,0.020599,4.9194
0.031128,0.016479,4.9329
0.029602,0.014648,4.9353
0.028229,0.010681,4.9329
0.02594,0.0086975,4.9158
0.024261,0.0056458,4.9255
0.021515,0.00091553,4.9329
0.017548,-0.0036621,4.9304
0.01358,-0.007019,4.9329
0.009613,-0.0093079,4.9316
0.0073242,-0.0088501,4.939
0.0067139,-0.0093079,4.9377
0.0068665,-0.0099182,4.9365
0.0097656,-0.011749,4.9365
0.012817,-0.015869,4.9341
0.014038,-0.018616,4.9292
0.014496,-0.020599,4.9329
0.013428,-0.018921,4.9402
0.012207,-0.015106,4.928
0.012054,-0.012054,4.9304
0.014191,-0.0090027,4.9219
0.018158,-0.0068665,4.9048
0.023193,-0.0056458,4.9158
0.028534,-0.0033569,4.9231
0.033722,0.00030518,4.9158
0.037537,0.0065613,4.9158
0.041962,0.011444,4.9084
0.045929,0.014801,4.9146
0.050201,0.013885,4.9109
0.052185,0.010376,4.9133
0.050507,0.0059509,4.9097
0.045471,0.0027466,4.917
0.038757,-0.00030518,4.9109
0.032043,0.00045776,4.9109
0.02594,-0.0012207,4.9182
0.024872,-0.00045776,4.9109
0.020905,-0.0013733,4.9072
0.019836,-0.0024414,4.9109
0.018463,-0.00061035,4.9023
0.017548,0.0038147,4.9121
0.017548,0.0082397,4.9231
0.019073,0.012817,4.9182
0.021667,0.013733,4.9182
0.025635,0.010223,4.9182
0.028381,0.0047302,4.9219
0.028839,-0.0016785,4.9219
0.030212,-0.0071716,4.928
0.027008,-0.0073242,4.9243
0.025482,-0.005188,4.9329
0.026093,-0.0033569,0.058594
0.028687,-0.0012207,0.063477
0.03006,-0.0015259,0.062256
0.030975,-0.0030518,0.062256
0.031586,-0.00076294,0.065918
0.032043,-0.00091553,0.048828
0.032043,0.00045776,0.075684
0.033569,0.0039673,0.062256
0.033569,0.0047302,0.053711
0.03418,0.0042725,0.065918
0.032654,0.00015259,0.065918
0.030212,-0.0019836,0.064697
0.027313,-0.00091553,0.065918
0.023651,-0.0035095,0.058594
0.020752,-0.0012207,0.061035
0.019226,0.00045776,0.053711
0.018005,0,0.058594
0.018158,-0.0013733,0.05127
0.017853,-0.004425,0.05249
0.016632,-0.0048828,0.05249
0.015106,-0.0050354,0.05127
0.014191,-0.0028992,0.053711
0.014038,-0.00030518,0.048828
0.010834,0.0015259,0.047607
0.015259,0.00076294,0.046387
0.015259,-0.00015259,0.0354
0.01358,-0.00030518,0.0354
0.011292,0.00091553,0.039063
0.010529,0.0053406,0.037842
0.011292,0.0090027,0.042725
0.016327,0.010834,0.037842
0.019531,0.010376,0.040283
0.024872,0.007019,0.036621
0.027924,0.0036621,0.041504
0.029144,0.0012207,0.037842
0.029602,0.00015259,0.042725
0.028839,0.00045776,0.040283
0.028076,-0.00045776,0.030518
0.028076,-0.0021362,0.039063
0.026855,-0.0054932,0.046387
0.025635,-0.0088501,0.05127
0.022278,-0.0091553,0.047607
0.018768,-0.0074768,0.059814
0.017242,-0.002594,0.05249
0.017395,0.0012207,0.042725
0.019073,0.002594,0.054932
0.023041,0.0021362,0.056152
0.024414,-0.00061035,0.059814
0.024261,-0.0016785,0.058594
0.021057,-0.00015259,0.058594
0.019379,0.0013733,0.063477
0.018158,0.0041199,0.059814
0.016937,0.0065613,0.067139
0.0177,0.0041199,0.058594
0.017548,0.0019836,0.064697
0.0177,0.0012207,0.063477
0.017395,0,0.064697
0.017853,0.0039673,0.078125
0.019531,0.0068665,0.063477
0.023346,0.0082397,0.059814
0.030212,0.0082397,0.067139
0.032043,0.0062561,0.064697
0.036163,0.0035095,0.058594
0.0383,0.0027466,0.058594
0.03952,0.0032043,0.057373
0.036926,0.0048828,0.05249
0.0354,0.0071716,0.05127
0.034027,0.010071,0.05249
0.033112,0.0086975,0.042725
0.031433,0.0073242,0.047607
0.029449,0.007782,0.043945
0.025787,0.0067139,0.047607
0.022278,0.0094604,0.046387
0.019684,0.010376,0.062256
0.018616,0.0097656,0.041504
0.018616,0.0071716,0.041504
0.018616,0.0038147,0.05249
0.0177,-0.00045776,0.040283
0.015411,-0.0045776,0.05249
0.011444,-0.0088501,0.039063
0.0073242,-0.010529,0.029297
0.0045776,-0.012054,0.039063
0.0076294,-0.014801,0.036621
0.0048828,-0.015106,0.036621
0.0062561,-0.016937,0.037842
0.0068665,-0.018768,0.039063
0.005188,-0.018463,0.041504
0.009613,-0.015564,0.040283
0.013275,-0.012817,0.047607
0.0177,-0.0097656,0.046387
0.023041,-0.0088501,0.048828
0.028687,-0.0073242,0.053711
0.031891,-0.0074768,0.056152
0.033569,-0.0080872,0.061035
0.032501,-0.0065613,0.059814
0.031586,-0.0039673,0.059814
0.031281,0.00015259,0.061035
0.031738,0.0032043,0.067139
0.033722,0.0050354,0.062256
0.03479,0.005188,0.062256
0.035858,0.005188,0.056152
0.035553,0.0064087,0.058594
0.035553,0.0091553,0.061035
0.036316,0.012817,0.063477
0.036621,0.015259,0.062256
0.037689,0.018005,0.06958
0.036926,0.016632,0.065918
0.035248,0.014496,0.065918
0.032196,0.014801,0.064697
0.028381,0.013275,0.064697
0.023956,0.015717,0.057373
0.021057,0.016937,0.059814
0.020142,0.016327,0.068359
0.020142,0.014038,0.054932
0.020447,0.010834,0.053711
0.020905,0.0080872,0.048828
0.020599,0.0065613,0.82153
0.019989,0.0071716,4.6765
0.018616,0.007782,4.9036
0.017853,0.0074768,4.9146
0.018158,0.005188,4.9146
0.017548,0.0016785,4.9146
0.016632,-0.0012207,4.906
0.014648,-0.0013733,4.9097
0.01297,0.0013733,4.9109
0.010529,0.0035095,4.9048
0.0097656,0.004425,4.9133
0.010223,0.0032043,4.9121
0.011597,0.00045776,4.9121
0.013275,-0.0019836,4.9097
0.014801,-0.0028992,4.9097
0.015564,-0.0022888,4.9109
0.015411,-0.00045776,4.9146
0.016785,0.0018311,4.9146
0.016632,0.0010681,4.9146
0.015717,0.0012207,4.9146
0.015106,0.00061035,4.917
0.014648,0.00030518,4.9158
0.012207,0.00076294,4.9194
0.013885,0.0015259,4.9207
0.012054,0.0024414,4.9207
0.012665,0.0038147,4.9268
0.014038,0.004425,4.9268
0.015411,0.0033569,4.9341
0.016632,0.002594,4.9255
0.018158,0.0015259,4.9316
0.018158,0.0024414,4.9304
0.018463,0.0039673,4.9329
0.020752,0.0041199,4.9414
0.02182,0.0027466,4.9353
0.02121,-0.00091553,4.9341
0.019684,-0.0045776,4.9353
0.018616,-0.0067139,4.9316
0.018616,-0.0067139,4.9365
0.017242,-0.0047302,4.9316
0.016327,-0.0018311,4.9304
0.016174,0,4.9341
0.0177,0.00061035,4.9329
0.018158,-0.0010681,4.9304
0.019531,-0.004425,4.9255
0.022888,-0.010071,4.9292
0.024567,-0.007782,4.9207
0.026855,-0.0073242,4.9207
0.027466,-0.0064087,4.9231
0.027008,-0.0061035,4.9158
0.02594,-0.0080872,4.9207
0.026398,-0.007019,4.9182
0.027008,-0.0057983,4.9255
0.028534,-0.0032043,4.9109
0.03006,0.00015259,4.9231
0.030365,0.0030518,4.9121
0.030823,0.0035095,4.9036
0.029907,0.0027466,4.9084
0.029755,0.0013733,4.9084
0.028992,-0.00015259,4.9084
0.028687,0.00091553,4.906
0.02655,0.0013733,4.9072
0.025635,0.0016785,4.9109
0.022736,0.0028992,4.9084
0.02121,0.0013733,4.9109
0.019684,-0.00076294,4.9084
0.019531,-0.0024414,4.9109
0.019531,-0.0030518,4.9146
0.019836,-0.00091553,4.9158
0.020905,0.0013733,4.9329
0.019989,0.0018311,4.9182
0.018005,0.0016785,4.9243
0.0177,-0.00076294,4.9243
0.016327,-0.0019836,4.9121
0.014343,-0.0027466,4.9255
0.014801,-0.00061035,4.9268
0.011597,0.00015259,4.9316
0.0097656,0.00091553,4.9304
0.010223,0.0024414,4.9268
0.0088501,-0.0010681,4.9329
0.010223,-0.0028992,4.9304
0.010529,-0.0053406,4.9304
0.009613,-0.0022888,4.928
0.011902,-0.00091553,4.9353
0.013733,0.00061035,4.9341
0.014801,-0.00030518,4.9353
0.015259,0.0010681,4.9365
0.016022,0.00045776,4.9377
0.017242,-0.0016785,4.9377
0.017548,-0.0013733,4.9365
0.018005,-0.002594,4.9451
0.020447,-0.0027466,4.928
0.022125,-0.0027466,4.9292
0.022278,-0.0028992,4.9219
0.023041,-0.0045776,4.9219
0.023346,-0.0064087,4.9207
0.023499,-0.0071716,4.9182
0.023956,-0.0048828,4.9146
0.023499,-0.0054932,4.9207
0.023346,-0.0035095,4.9133
0.018616,-0.0032043,4.9158
0.023193,-0.0047302,4.9133
0.023804,-0.0059509,4.9158
0.024261,-0.0065613,4.9121
0.024109,-0.0073242,4.9133
0.024872,-0.0048828,4.917
0.024567,-0.002594,4.9109
0.025024,-0.00015259,4.9133
0.027924,0.00091553,4.9109
0.027161,0.0028992,4.8999
0.028839,0.0035095,4.9109
0.030975,0.0045776,0.039063
0.033417,0.0076294,0.039063
0.033722,0.0068665,0.036621
0.033875,0.0065613,0.037842
0.033264,0.0059509,0.045166
0.034027,0.004425,0.043945
0.033417,0.0030518,0.05127
0.031738,0.0022888,0.045166
0.030518,0.0013733,0.053711
0.028534,0.0022888,0.056152
0.026245,0.0027466,0.059814
0.023041,0.0028992,0.061035
0.020752,0.0018311,0.063477
0.019836,0.00030518,0.059814
0.0177,0.00030518,0.059814
0.015869,-0.00061035,0.072021
0.014038,0,0.062256
0.011749,-0.0010681,0.048828
0.0091553,-0.0027466,0.057373
0.007019,-0.0056458,0.063477
0.0059509,-0.0053406,0.063477
0.0056458,-0.0062561,0.065918
0.0047302,-0.0064087,0.062256
0.0050354,-0.0056458,0.067139
0.0062561,-0.0053406,0.053711
0.0076294,-0.0045776,0.063477
0.0071716,-0.0036621,0.065918
0.010986,-0.0045776,0.065918
0.01297,-0.0036621,0.054932
0.014801,-0.0030518,0.058594
0.0177,-0.0021362,0.068359
0.023346,0,0.053711
0.021362,0.0018311,0.048828
0.02182,0.0035095,0.050049
0.02243,0.0035095,0.025635
0.023041,0.0042725,0.046387
0.024719,0.0057983,0.046387
0.024719,0.0074768,0.045166
0.025482,0.007782,0.042725
0.025177,0.0079346,0.040283
0.02594,0.0068665,0.041504
0.025177,0.005188,0.039063
0.026093,0.0036621,0.039063
0.026093,0.0028992,0.037842
0.025787,0.0022888,0.042725
0.026398,0.0018311,0.040283
0.022736,0.00030518,0.042725
0.023193,-0.0010681,0.039063
0.019531,-0.002594,0.042725
0.020142,-0.0035095,0.040283
0.021667,-0.0032043,0.041504
0.021667,-0.0032043,0.047607
0.022888,-0.0012207,0.042725
0.024261,-0.00091553,0.042725
0.027008,0,0.047607
0.029144,-0.00015259,0.05127
0.030823,0.0016785,0.053711
0.033417,-0.0015259,0.054932
0.035095,-0.0018311,0.056152
0.035858,-0.0016785,0.058594
0.033417,0,0.058594
0.035248,0,0.064697
0.034485,0.00076294,0.057373
0.033112,0.0010681,0.063477
0.032043,0.0022888,0.059814
0.031281,0.0035095,0.064697
0.032349,0.0061035,0.070801
0.033417,0.0085449,0.065918
0.032501,0.0093079,0.065918
0.032654,0.007782,0.062256
0.030823,0.0074768,0.062256
0.030365,0.0062561,0.065918
0.028687,0.0062561,0.064697
0.027161,0.0059509,0.061035
0.024261,0.0053406,0.062256
0.02243,0.0038147,0.058594
0.018921,0.002594,0.058594
0.016632,0.0022888,0.053711
0.014343,-0.0015259,0.05249
0.013733,0.00076294,0.047607
0.01297,0.0018311,0.05249
0.013275,0.0012207,0.053711
0.014496,0.00091553,0.047607
0.015106,-0.00030518,0.045166
0.015717,-0.00091553,0.048828
0.016022,-0.0018311,0.053711
0.016174,-0.0019836,0.041504
0.0177,-0.0012207,0.05249
0.018158,-0.0016785,0.037842
0.017548,-0.0018311,0.0354
0.019531,-0.0018311,0.036621
0.019989,-0.0016785,0.042725
0.019684,-0.0010681,0.039063
0.018921,-0.00030518,0.037842
0.018768,0.00076294,0.0354
0.020447,0.0012207,0.040283
0.022125,0.0016785,0.040283
0.023041,0.0012207,0.041504
0.024109,0.0022888,0.039063
0.024719,0.0024414,0.039063
0.023804,0.0030518,0.045166
0.023346,0.0033569,0.050049
0.023346,0.0033569,0.063477
0.02182,0.0032043,0.058594
0.020905,0.002594,0.05249
0.018768,0.0013733,0.056152
0.018463,0.0015259,0.053711
0.017242,0.00091553,0.056152
0.016785,0.00030518,0.053711
0.016785,0.00015259,0.057373
0.018616,-0.0013733,0.059814
0.019989,-0.0019836,0.058594
0.021667,-0.0024414,0.062256
0.023041,-0.0024414,0.058594
0.02533,-0.0016785,0.062256
0.02594,-0.0027466,0.061035
0.026398,0.00015259,0.064697
0.027466,0.0015259,3.479
0.028534,0.0019836,4.8486
0.028076,0.002594,4.928
0.028687,0.0019836,4.9304
0.028381,0.0018311,4.9426
0.029602,0.0024414,4.9353
0.029755,0.0035095,4.939
0.030365,0.0041199,4.9255
0.031738,0.0041199,4.9146
0.032043,0.0045776,4.9243
0.03006,0.004425,4.9182
0.027161,0.0036621,4.917
0.025482,0.0033569,4.9231
0.02243,0.0036621,4.9109
0.019836,0.0035095,4.9146
0.017242,0.0033569,4.9146
0.015717,0.0018311,4.9158
0.013275,0.00045776,4.9097
0.012665,-0.0013733,4.9097
0.010529,-0.0022888,4.9146
0.011139,-0.0024414,4.9146
0.010529,-0.0013733,4.9097
0.009613,-0.0012207,4.9109
0.010071,-0.0015259,4.9109
0.010223,-0.0024414,4.9097
0.010529,-0.0030518,4.906
0.012054,-0.0035095,4.9109
0.013885,-0.0032043,4.9084
0.016632,-0.0021362,4.9072
0.016022,-0.0012207,4.9097
0.018463,-0.00061035,4.9133
0.020294,-0.0050354,4.9158
0.023041,-0.00091553,4.9146
0.024872,0.0010681,4.9207
0.026093,0.0013733,4.9243
0.024872,0.0021362,4.9316
0.026703,0.0041199,4.9255
0.028076,0.0033569,4.9292
0.027618,0.0030518,4.9268
0.027618,0,4.9329
0.027008,0.0021362,4.9426
0.026398,0.0024414,4.9341
0.025177,0.0042725,4.9377
0.023499,0.0057983,4.9329
0.022278,0.0053406,4.9133
0.02182,0.0050354,4.9268
0.020599,0.0032043,4.9316
0.020599,0.0035095,4.9341
0.020599,0.0038147,4.9353
0.020447,0.0030518,4.9316
0.020294,0.0045776,4.939
0.021057,0.0028992,4.9365
0.020447,0.0024414,4.9341
0.021362,0.0027466,4.928
0.02182,0.002594,4.9304
0.02243,0.0028992,4.9255
0.022583,0.0024414,4.9304
0.023193,0.0022888,4.9268
0.023651,0.0012207,4.9219
0.023346,0,4.9219
0.023651,-0.00091553,4.917
0.023651,-0.0012207,4.9182
0.024109,-0.0027466,4.9158
0.023651,-0.002594,4.9084
0.023346,-0.0024414,4.9146
0.023041,-0.002594,4.9133
0.023041,-0.0012207,4.9109
0.02182,-0.00091553,4.9109
0.022583,-0.00076294,4.9097
0.022278,0.00015259,4.9109
0.020599,-0.00030518,4.906
0.020599,0.00061035,4.9133
0.020905,0.0015259,4.9097
0.019684,0.002594,4.9133
0.020447,0.0027466,4.9097
0.019531,0.0024414,4.9133
0.019836,0.0022888,4.9231
0.019073,0.0018311,4.9133
0.018768,0.0018311,4.9243
0.018005,0.0030518,4.9158
0.014648,0.0050354,4.9084
0.018158,0.0016785,4.9194
0.017853,0.00030518,4.9146
0.017853,0.0028992,4.9231
0.017853,0.00061035,4.9292
0.018158,0.0013733,4.9268
0.018005,0.0022888,4.9316
0.0177,0.002594,4.928
0.016479,0.0024414,4.9353
0.015869,0.00061035,4.9268
0.016022,-0.0012207,4.9329
0.02121,-0.0012207,4.9316
0.018158,-0.0012207,4.9341
0.018005,-0.00030518,4.9207
0.018616,-0.00015259,4.9341
0.016937,-0.0010681,4.9341
0.018158,-0.0021362,4.9365
0.018921,-0.0032043,4.9438
0.020294,-0.0033569,4.9353
0.022125,-0.0024414,4.9219
0.02121,-0.0022888,4.9292
0.022125,-0.0012207,4.928
0.020905,0,4.9304
0.020142,-0.0018311,4.928
0.018616,-0.0021362,4.9207
0.019073,-0.0024414,4.9243
0.020599,-0.0012207,4.9194
0.020142,0.00030518,4.9207
0.020294,0.0018311,4.9182
0.020142,0.0024414,0.048828
0.021515,0.0022888,0.042725
0.022278,0.0016785,0.047607
0.023499,0.00091553,0.059814
0.02533,-0.00015259,0.041504
0.025787,0.00045776,0.050049
0.026093,0,0.041504
0.025024,0.00015259,0.028076
0.02243,0.00076294,0.037842
0.021057,0.00076294,0.041504
0.019684,0.0015259,0.040283
0.019531,0.0019836,0.037842
0.019684,0.0012207,0.037842
0.020752,0.00015259,0.041504
0.020752,0,0.040283
0.021667,-0.0012207,0.042725
0.02182,-0.0010681,0.040283
0.02243,-0.0016785,0.047607
0.021667,-0.0019836,0.046387
0.019836,-0.0032043,0.05127
0.019379,-0.0033569,0.062256
0.017242,-0.0036621,0.054932
0.016327,-0.0033569,0.050049
0.014648,-0.0033569,0.058594
0.013123,-0.0030518,0.057373
0.012054,-0.0035095,0.057373
0.011749,-0.002594,0.042725
0.01236,-0.0048828,0.061035
0.012665,-0.0047302,0.061035
0.014801,-0.0048828,0.061035
0.015869,-0.0045776,0.062256
0.016632,-0.0028992,0.061035
0.016785,-0.0024414,0.058594
0.016632,-0.0018311,0.054932
0.016479,-0.0010681,0.067139
0.016785,-0.0012207,0.065918
0.017242,-0.0019836,0.068359
0.017853,-0.0019836,0.067139
0.016632,-0.0032043,0.065918
0.01709,-0.0042725,0.072021
0.015869,-0.0048828,0.062256
0.015564,-0.0054932,0.064697
0.016479,-0.0050354,0.054932
0.0177,-0.0041199,0.042725
0.018921,-0.0018311,0.05127
0.020142,0,0.050049
0.02121,0.0010681,0.046387
0.02121,0.0024414,0.047607
0.020905,0.0018311,0.045166
0.020294,0.0012207,0.047607
0.020294,0.0013733,0.042725
0.019531,0.00091553,0.046387
0.019226,0.00061035,0.036621
0.018616,-0.00015259,0.043945
0.0177,-0.0018311,0.037842
0.016937,-0.0016785,0.041504
0.017242,-0.00076294,0.039063
0.018311,0.00076294,0.040283
0.020447,0.002594,0.054932
0.023041,0.0039673,0.040283
0.024872,0.0041199,0.0354
0.025482,0.0033569,0.040283
0.025635,0.0030518,0.026855
0.026398,0.0015259,0.039063
0.02655,0.0015259,0.039063
0.026398,0.0010681,0.045166
0.026245,0.00061035,0.046387
0.024872,-0.0022888,0.043945
0.024261,-0.002594,0.05127
0.022736,-0.0032043,0.047607
0.021515,-0.0041199,0.053711
0.020142,-0.0039673,0.057373
0.020142,-0.0036621,0.062256
0.019531,-0.0030518,0.058594
0.019531,-0.0024414,0.065918
0.018921,-0.0039673,0.070801
0.019836,-0.004425,0.061035
0.019836,-0.0050354,0.065918
0.020599,-0.005188,0.061035
0.020447,-0.0048828,0.043945
0.020905,-0.004425,0.058594
0.020447,-0.0032043,0.062256
0.019989,-0.0028992,0.063477
0.019531,-0.0027466,0.064697
0.018311,-0.0027466,0.062256
0.017853,-0.002594,0.065918
0.0177,-0.0015259,0.063477
0.019226,0.00015259,0.057373
0.021667,0.0015259,0.057373
0.024261,0.0019836,0.062256
0.02594,0.0012207,0.056152
0.026855,0,0.058594
0.027924,-0.0018311,0.057373
0.028687,-0.0027466,0.05127
0.029144,-0.002594,0.050049
0.028076,-0.0016785,0.048828
0.026703,-0.0019836,0.047607
0.021515,-0.0038147,0.042725
0.021667,-0.0030518,0.03418
0.019531,-0.0035095,0.041504
0.019531,-0.004425,0.041504
0.020294,-0.004425,0.039063
0.020447,-0.0035095,0.039063
0.02182,-0.0033569,0.037842
0.022583,-0.0015259,0.042725
0.021667,-0.0024414,0.036621
0.022583,-0.0018311,0.042725
0.023499,-0.0013733,0.036621
0.024414,-0.00076294,0.040283
0.025482,0.0015259,0.041504
0.025635,0.0035095,0.042725
0.025787,0.004425,0.048828
0.025482,0.0036621,0.043945
0.025024,0.0041199,0.053711
0.025482,0.0022888,0.045166
0.024719,0.00045776,0.037842
0.027008,0.00061035,0.05127
0.027618,0.0019836,0.05249
0.027771,0.0032043,4.01
0.028687,0.0038147,4.8669
0.028839,0.004425,4.9207
0.028992,0.0033569,4.9268
0.030212,0.002594,4.928
0.030212,0.0027466,4.9353
0.03067,0.0032043,4.9292
0.029602,0.0036621,4.9329
0.027771,0.0036621,4.9316
0.028992,0.0030518,4.9341
0.023651,0.0027466,4.9329
0.02121,0.0028992,4.9341
0.02121,0.0012207,4.9377
0.020447,0.0054932,4.9365
0.020447,0.007782,4.9438
0.020599,0.0083923,4.9377
0.019989,0.0076294,4.9304
0.021515,0.0061035,4.9329
0.02121,0.0036621,4.9304
0.02182,0.0035095,4.928
0.02182,0.0038147,4.9268
0.022278,0.0047302,4.9207
0.021515,0.0048828,4.9243
0.019989,0.0053406,4.9207
0.020294,0.0047302,4.9194
0.018005,0.0038147,4.9182
0.017853,0.0030518,4.9194
0.018158,0.0027466,4.9158
0.018768,0.0024414,4.9158
0.020142,0.0021362,4.9231
0.019836,0.0012207,4.9158
0.019379,-0.0013733,4.9109
0.019379,-0.00015259,4.9121
0.019226,-0.00091553,4.8914
0.020905,0,4.9109
0.020447,0.0013733,4.9121
0.021515,0.0022888,4.9097
0.02182,0.0033569,4.9097
0.021515,0.0038147,4.9084
0.020752,0.0038147,4.9109
0.020905,0.0039673,4.9097
0.022125,0.0030518,4.9146
0.022583,0.0019836,4.9109
0.022736,0.0018311,4.9182
0.023651,0.0019836,4.917
0.023651,0.0015259,4.9194
0.023956,0.00045776,4.9231
0.025635,0.0016785,4.9243
0.024872,0.00061035,4.928
0.025787,-0.0039673,4.9292
0.027008,0.0024414,4.9414
0.026855,0.0045776,4.9304
0.027008,0.0061035,4.9219
0.027771,0.0064087,4.9329
0.025635,0.0054932,4.9316
0.024872,0.0041199,4.928
0.024109,0.0033569,4.9304
0.025024,0.0042725,4.9316
0.024872,0.0056458,4.9341
0.024719,0.007019,4.9316
0.023651,0.0091553,4.9377
0.023041,0.0065613,4.9341
0.021973,0.0048828,4.9377
0.022125,0.007782,4.9353
0.021515,0.0048828,4.9377
0.02243,0.0047302,4.9426
0.02243,0.0062561,4.9329
0.021667,0.0065613,4.9292
0.021515,0.0050354,4.9255
0.019226,0.0036621,4.9158
0.018768,0.0010681,4.9219
0.018768,-0.00030518,4.9158
0.018463,-0.00015259,4.917
0.018311,0.00030518,4.9182
0.017395,0.0022888,4.9194
0.016937,0.0024414,4.9158
0.015106,0.0016785,4.9121
0.015259,0,4.917
0.015564,-0.0015259,4.906
0.015869,-0.0016785,4.9109
0.01709,-0.0016785,4.9146
0.016479,-0.00045776,4.9133
0.016937,0.00030518,4.9084
0.015717,0.0010681,4.9109
0.015106,-0.00076294,4.9158
0.014191,0.00030518,4.9109
0.014496,0,4.9158
0.014801,0.00045776,4.9109
0.014343,0.0013733,4.9011
0.016022,0.0042725,4.9109
0.016937,0.0048828,4.9109
0.017853,0.0057983,4.9146
0.018463,0.0048828,4.9158
0.019379,0.0028992,4.9146
0.019226,0.00091553,4.9243
0.018921,0.00045776,4.9219
0.018616,0.00061035,4.928
0.018311,0.0010681,4.9268
0.0177,0.0021362,4.9329
0.017548,0.0032043,4.9316
0.016785,0.0027466,4.9329
0.017242,0.0028992,4.9451
0.017242,0.0015259,4.9316
0.018158,0.00045776,4.9329
0.015564,-0.00076294,4.9329
0.015869,-0.00091553,4.9194
0.0177,-0.0019836,4.9304
0.017548,-0.0036621,4.9329
0.016022,-0.0059509,0.062256
0.017548,-0.0065613,0.064697
0.017853,-0.0048828,0.061035
0.018005,-0.0027466,0.067139
0.017242,-0.0022888,0.064697
0.018005,0.0024414,0.062256
0.018463,0.0018311,0.061035
0.018768,0.00076294,0.059814
0.019531,-0.00015259,0.054932
0.020294,0.00015259,0.056152
0.021057,0.0012207,0.053711
0.023193,0.0019836,0.042725
0.021362,0.0021362,0.056152
0.02121,0.0024414,0.048828
0.02182,0.00091553,0.053711
0.021362,-0.00061035,0.045166
0.021362,-0.0016785,0.031738
0.020294,-0.00045776,0.042725
0.020294,0.0010681,0.040283
0.019379,0.0015259,0.036621
0.018158,0.0012207,0.041504
0.01709,0.00015259,0.037842
0.017242,-0.0030518,0.041504
0.01709,-0.0036621,0.037842
0.017548,-0.0032043,0.040283
0.018768,-0.0015259,0.039063
0.019073,0.00015259,0.042725
0.019531,0.0012207,0.039063
0.019379,0.00076294,0.041504
0.019684,0,0.05127
0.021515,0.00030518,0.045166
0.020905,0.0015259,0.057373
0.020905,0.0030518,0.046387
0.020142,0.005188,0.045166
0.020294,0.0065613,0.050049
0.02121,0.0062561,0.045166
0.02182,0.0053406,0.05249
0.023499,0.0032043,0.057373
0.024261,0.0024414,0.057373
0.024261,0.0013733,0.063477
0.024109,0.0013733,0.062256
0.023193,0.00045776,0.064697
0.020905,0.00061035,0.058594
0.019379,-0.0015259,0.063477
0.0177,-0.0036621,0.062256
0.015717,-0.0054932,0.059814
0.014038,-0.0057983,0.059814
0.012512,-0.0053406,0.062256
0.01297,-0.0042725,0.067139
0.012817,-0.0042725,0.067139
0.014496,-0.0038147,0.076904
0.016174,-0.0038147,0.065918
0.018921,-0.0062561,0.065918
0.021362,-0.0039673,0.061035
0.022278,-0.0018311,0.061035
0.024719,0.00061035,0.054932
0.02594,0.0022888,0.054932
0.026093,0.0042725,0.05127
0.026703,0.0047302,0.053711
0.026398,0.0041199,0.042725
0.026245,0.0050354,0.047607
0.026093,0.00061035,0.046387
0.027008,0.00061035,0.05127
0.025024,0.0013733,0.043945
0.02655,0.0010681,0.047607
0.027466,0.00091553,0.056152
0.027161,-0.00061035,0.036621
0.027466,-0.0022888,0.03418
0.028381,-0.0024414,0.042725
0.028687,-0.0016785,0.023193
0.028076,0.00015259,0.037842
0.024719,0.0019836,0.039063
0.024567,0.0027466,0.040283
0.021667,0.002594,0.036621
0.019684,0.00061035,0.037842
0.018158,-0.0010681,0.041504
0.016937,-0.0019836,0.037842
0.017242,-0.0016785,0.043945
0.016632,-0.0010681,0.03418
0.017395,-0.00030518,0.047607
0.016785,-0.00045776,0.042725
0.016632,-0.0024414,0.05249
0.016174,-0.0036621,0.054932
0.016785,-0.0047302,0.056152
0.016785,-0.0053406,0.054932
0.016937,-0.0024414,0.058594
0.016937,0.00030518,0.073242
0.015717,0,0.062256
0.015869,-0.0016785,0.05127
0.015259,-0.0035095,0.061035
0.016022,-0.0064087,0.065918
0.017548,-0.0062561,0.061035
0.019226,-0.0053406,0.05249
0.020752,-0.0050354,0.059814
0.020599,-0.0059509,0.065918
0.019379,-0.0076294,0.063477
0.018616,-0.0097656,0.065918
0.016632,-0.0099182,0.062256
0.0177,-0.0090027,0.06958
0.018158,-0.0053406,0.065918
0.019226,-0.0021362,0.064697
0.019989,0.00061035,0.068359
0.020142,0.00091553,0.059814
0.020294,-0.00045776,0.058594
0.020142,-0.0012207,0.053711
0.020905,-0.0022888,0.048828
0.022125,-0.0012207,0.047607
0.022583,0.00045776,0.040283
0.021667,0.0015259,0.043945
0.020599,0.0015259,0.048828
0.018768,-0.00015259,0.043945
0.018768,-0.0015259,0.043945
0.020599,-0.0019836,0.043945
0.02182,0.0010681,0.046387
0.023193,0.0013733,0.037842
0.026703,-0.0016785,0.045166
0.023804,0.00091553,0.041504
0.022888,-0.0016785,0.041504
0.022583,-0.0056458,3.5242
0.021057,-0.0073242,4.8267
0.021515,-0.007782,4.9109
0.022736,-0.0067139,4.9084
0.02243,-0.0039673,4.9158
0.02182,-0.0021362,4.9084
0.022125,-0.0024414,4.8926
0.02182,-0.0033569,4.9097
0.021973,-0.0042725,4.9133
0.02243,-0.0038147,4.9133
0.024567,-0.002594,4.9207
0.025024,-0.0015259,4.9158
0.02533,-0.0018311,4.9194
0.024414,-0.0022888,4.9219
0.023346,-0.0039673,4.9109
0.021667,-0.0057983,4.9231
0.021973,-0.0057983,4.9329
0.020599,-0.0047302,4.9316
0.021515,-0.0024414,4.9329
0.021515,0.00061035,4.9341
0.021362,-0.00091553,4.9341
0.021362,-0.0018311,4.9304
0.021973,-0.0036621,4.9316
0.022888,-0.002594,4.939
0.024109,-0.004425,4.9304
0.024261,-0.0027466,4.9341
0.024414,-0.0016785,4.9341
0.023041,-0.0012207,4.9341
0.023041,-0.0016785,4.9329
0.022278,-0.0027466,4.9377
0.020905,-0.0038147,4.9341
0.021362,-0.0038147,4.9304
0.020447,-0.0018311,4.9255
0.02121,-0.00045776,4.9292
0.021973,-0.00045776,4.9219
0.023956,0.00076294,4.9243
0.024872,0,4.9243
0.02655,-0.0018311,4.9219
0.027008,-0.0035095,4.9268
0.027313,-0.0028992,4.9219
0.026703,-0.0018311,4.917
0.024872,-0.0012207,4.9121
0.023193,0.00015259,4.9011
0.020294,0.00030518,4.9158
0.018616,-0.00030518,4.9109
0.018005,0.00061035,4.9109
0.019379,0.0010681,4.9121
0.020905,0.0033569,4.9084
0.023041,0.0057983,4.9109
0.027313,0.0079346,4.9072
0.027161,0.0080872,4.9109
0.029297,0.0068665,4.9097
0.03006,0.0041199,4.9133
0.031128,0.0010681,4.9109
0.030212,0.0010681,4.9133
0.028687,0.0018311,4.9097
0.026855,0.0041199,4.9133
0.024261,0.0059509,4.9133
0.021515,0.0061035,4.9194
0.020294,0.0056458,4.9231
0.020599,0.0047302,4.9268
0.02243,0.004425,4.9194
0.024719,0.005188,4.9207
0.026093,0.007019,4.928
0.027618,0.0083923,4.9292
0.026398,0.0083923,4.9292
0.026093,0.0059509,4.9292
0.025024,0.0032043,4.9353
0.023499,0.0024414,4.9316
0.022736,0.0035095,4.9316
0.021057,0.0054932,4.9292
0.019684,0.0080872,4.9329
0.016632,0.0093079,4.9304
0.015564,0.0093079,4.9341
0.015411,0.0076294,4.9475
0.016479,0.004425,4.9377
0.019684,0.005188,4.939
0.022125,0.0064087,4.9353
0.024261,0.007782,4.9158
0.024109,0.0088501,4.9316
0.022736,0.0085449,4.9255
0.022736,0.0067139,4.928
0.022125,0.0050354,4.9268
0.022583,0.0039673,4.9194
0.022736,0.0048828,4.9243
0.022583,0.0065613,4.9207
0.020447,0.0080872,4.9207
0.019073,0.0080872,4.9146
0.018005,0.0068665,4.9207
0.018005,0.0048828,4.917
0.019684,0.0035095,4.9194
0.021057,0.0022888,4.9158
0.022278,0.0027466,4.9133
0.021667,0.0030518,4.9133
0.019379,0.004425,4.906
0.01709,0.0028992,4.9084
0.015411,0.0013733,4.9084
0.015259,-0.00076294,4.9048
0.015259,-0.0010681,4.9084
0.015259,-0.00061035,4.9121
0.013885,0.0012207,4.9072
0.013275,0.002594,4.9109
0.012665,0.0021362,4.9084
0.013885,0.0022888,4.9109
0.016632,0,4.9072
0.020142,-0.0010681,4.9182
0.023956,-0.0010681,4.9182
0.02655,0.00030518,4.9219
0.026703,0.0024414,0.05249
0.02533,0.0033569,0.054932
0.02533,0.0041199,0.067139
0.023651,0.0047302,0.059814
0.024567,0.0041199,0.06958
0.02533,0.0033569,0.062256
0.025024,0.0033569,0.053711
0.024109,0.0027466,0.053711
0.020905,0.0032043,0.063477
0.019836,0.0027466,0.061035
0.019989,0.0022888,0.061035
0.020294,0.0016785,0.058594
0.022736,0.00061035,0.061035
0.024109,0.00015259,0.061035
0.024261,0.00091553,0.068359
0.024109,0.0015259,0.062256
0.019379,0.0019836,0.067139
0.017548,0.0021362,0.064697
0.016174,0.0024414,0.068359
0.014954,0.0016785,0.065918
0.017548,0.0012207,0.061035
0.018005,0.00045776,0.059814
0.0177,-0.0012207,0.056152
0.016937,0.00030518,0.059814
0.015106,0,0.05249
0.015717,0,0.047607
0.018158,0.002594,0.042725
0.02121,-0.00030518,0.050049
0.022125,0.00030518,0.042725
0.02182,0.0016785,0.045166
0.020752,0.0028992,0.042725
0.018463,0.0032043,0.045166
0.016937,0.0042725,0.037842
0.0177,0.0033569,0.042725
0.018921,0.0036621,0.042725
0.020905,0.002594,0.043945
0.02121,0.0019836,0.036621
0.017853,0.0021362,0.041504
0.019684,0.0018311,0.053711
0.018311,0.0012207,0.037842
0.018158,0.00076294,0.048828
0.019684,0.00091553,0.039063
0.020905,0.0010681,0.023193
0.021515,0.0010681,0.041504
0.020905,0.0012207,0.040283
0.018311,0.0013733,0.046387
0.016174,0.0013733,0.046387
0.015411,0.0010681,0.047607
0.015717,0.00045776,0.056152
0.017395,-0.00015259,0.054932
0.019836,-0.0015259,0.053711
0.019989,-0.0019836,0.054932
0.018311,-0.0018311,0.062256
0.016937,-0.0016785,0.061035
0.016174,-0.0016785,0.075684
0.016632,-0.0016785,0.06958
0.016632,-0.00091553,0.063477
0.019989,-0.0012207,0.058594
0.021973,-0.00091553,0.063477
0.021057,0.00045776,0.074463
0.019379,-0.00076294,0.059814
0.018311,-0.00091553,0.067139
0.018768,-0.00061035,0.063477
0.02182,-0.002594,0.065918
0.028076,-0.0013733,0.061035
0.026398,-0.00061035,0.065918
0.026093,-0.0010681,0.059814
0.023193,-0.00061035,0.061035
0.02121,-0.00076294,0.056152
0.020447,-0.00061035,0.058594
0.020905,0.00030518,0.05249
0.022888,0.00076294,0.058594
0.024261,0.00015259,0.05249
0.023346,-0.0018311,0.05127
0.022736,-0.0027466,0.057373
0.019073,-0.0045776,0.047607
0.01709,-0.0056458,0.050049
0.017242,-0.005188,0.045166
0.018158,-0.0033569,0.032959
0.02121,-0.004425,0.040283
0.020599,-0.004425,0.037842
0.019226,-0.0039673,0.037842
0.014954,-0.0059509,0.037842
0.015564,-0.0045776,0.039063
0.015869,-0.0028992,0.039063
0.0177,-0.00076294,0.037842
0.020905,-0.0021362,0.041504
0.023499,0.00030518,0.036621
0.025177,-0.00030518,0.045166
0.025024,-0.0013733,0.041504
0.024261,-0.0022888,0.042725
0.023956,-0.0022888,0.041504
0.02243,0.00091553,0.047607
0.024261,0.0028992,0.050049
0.027161,0.0033569,0.048828
0.028687,0.0030518,0.059814
0.028687,0.0019836,0.05249
0.024109,0.00076294,0.043945
0.023041,0.00061035,0.053711
0.021973,0.0012207,0.058594
0.022736,0.0050354,0.061035
0.023193,0.00061035,0.063477
0.024109,-0.0013733,0.057373
0.021973,-0.0036621,0.063477
0.018616,-0.0022888,0.059814
0.015106,-0.0038147,0.061035
0.010986,-0.0030518,0.059814
0.010681,-0.0012207,0.065918
0.011139,-0.00091553,0.059814
0.013275,-0.0024414,0.065918
0.016327,-0.0032043,0.079346
0.015564,-0.0042725,0.072021
0.016022,-0.0035095,0.061035
0.015411,-0.0019836,0.064697
0.015717,-0.00030518,0.05127
0.019989,0.0019836,0.058594
0.022888,0.0015259,0.056152
0.025024,-0.00061035,0.056152
0.025177,-0.0010681,3.9771
0.024414,-0.0028992,4.8596
0.022736,-0.0010681,4.9133
0.020599,-0.00091553,4.9158
0.022583,-0.00030518,4.9194
0.024261,0.00091553,4.9097
0.026703,0.00030518,4.9158
0.027466,0.00015259,4.917
0.024872,-0.0015259,4.9158
0.022125,-0.00015259,4.9109
0.018158,0.00076294,4.9133
0.018005,0.0016785,4.917
0.018311,0.0033569,4.9097
0.018463,0.0018311,4.9207
0.019073,0.00045776,4.9084
0.017853,-0.00045776,4.9036
0.015564,-0.00030518,4.9109
0.013885,0.00076294,4.9121
0.01358,0.0032043,4.9048
0.014038,0.0041199,4.9097
0.016327,0.0039673,4.9072
0.017548,0.0018311,4.9109
0.017395,0.00091553,4.9121
0.016632,-0.00045776,4.9194
0.016479,-0.00015259,4.9146
0.015564,0.0012207,4.9231
0.017853,0.0024414,4.9255
0.02121,0.0035095,4.928
0.023193,0.0028992,4.9341
0.024567,0.0012207,4.9304
0.022888,0.00030518,4.9316
0.019836,-0.00061035,4.9304
0.017395,0.00061035,4.9329
0.016479,0.0010681,4.9341
0.018005,0.0016785,4.939
0.019226,0.00076294,4.9304
0.020905,-0.0013733,4.9304
0.019684,-0.002594,4.928
0.0177,-0.0030518,4.9329
0.015411,-0.0015259,4.9243
0.013733,-0.00045776,4.9365
0.013428,0.0015259,4.9329
0.015106,0.0024414,4.9329
0.016327,0.0012207,4.9353
0.016022,0.00061035,4.9329
0.014343,0.00015259,4.9243
0.011902,0.0012207,4.9316
0.011139,0.0027466,4.9365
0.013428,0.0038147,4.9243
0.016937,0.004425,4.9072
0.020142,0.0030518,4.9304
0.021973,0.00061035,4.906
0.022125,-0.00030518,4.9146
0.020599,-0.00061035,4.9146
0.019836,0.00030518,4.9182
0.020294,0.0018311,4.9146
0.022888,0.0021362,4.9146
0.024872,0.0021362,4.9133
0.027161,0.00076294,4.9097
0.027618,-0.00061035,4.9121
0.027008,-0.00045776,4.8975
0.024414,0.0018311,4.9146
0.024567,0.0036621,4.9109
0.024414,0.0048828,4.9133
0.02243,0.0039673,4.9158
0.026855,0.0015259,4.9133
0.027161,-0.00076294,4.9084
0.02594,-0.0019836,4.9109
0.023651,-0.0019836,4.9036
0.02121,0.00015259,4.9133
0.021057,0.0024414,4.9292
0.02182,0.0035095,4.9194
0.022888,0.0016785,4.9194
0.023651,-0.00045776,4.9158
0.022125,-0.0018311,4.9231
0.022125,-0.0028992,4.9133
0.018005,0.0016785,4.9329
0.016937,0.0018311,4.9292
0.017395,0.0019836,4.9353
0.019989,0.0015259,4.9316
0.02243,-0.0019836,4.9341
0.023041,-0.005188,4.9133
0.022125,-0.0068665,4.9304
0.024414,-0.0053406,4.9353
0.021667,-0.0022888,4.9329
0.023041,0.00015259,4.9402
0.024872,-0.00076294,4.9133
0.027618,0.00061035,4.9207
0.028687,-0.0015259,4.9365
0.028839,-0.0028992,4.9365
0.028381,-0.0030518,4.9353
0.02594,-0.00061035,4.9365
0.026093,0.00076294,4.9292
0.025482,0.0015259,4.9329
0.027008,0.00045776,4.928
0.027313,-0.0024414,4.928
